Iteration,Version,ROC_AUC,PR_AUC,TimeElapsed,K,TrainRatio,ExperimentID,Seed,ThresholdMode,Threshold,Precision,Recall,F1Score,TestTP,TestFP,TestFN,TestTN,TestTPR,TestTNR,TestFPR,TestFNR,TestPrecision,TestRecall,TestF1Score,TestAccuracy,TestExpectedAccuracy,TestKappa,TestMCC,TestTSS,TotalLinks,TrainLinks,TestLinks,BackboneTotal,NonBackboneTotal,BackboneTrainLinks,NonBackboneTrainLinks,BackboneTestLinks,NonBackboneTestLinks,EmpiricalNumSpecies,EmpiricalLinks,EmpiricalConnectance,EmpiricalMeanTrophicLevel,EmpiricalMeanDegree,EmpiricalMeanGenerality,EmpiricalMeanVulnerability,EmpiricalDegreeStd,EmpiricalDegreeCV,EmpiricalDegreeGini,EmpiricalGeneralityStd,EmpiricalGeneralityCV,EmpiricalGeneralityGini,EmpiricalVulnerabilityStd,EmpiricalVulnerabilityCV,EmpiricalVulnerabilityGini,EmpiricalTrophicLevelStd,EmpiricalTrophicLevelCV,EmpiricalTrophicLevelRange,EmpiricalNetworkXMeanTrophicLevel,EmpiricalNetworkXTrophicLevelStd,EmpiricalNetworkXTrophicLevelRange,EmpiricalMeanLocalClustering,EmpiricalTransitivity,EmpiricalNumTriangles,EmpiricalTriangleDensity,EmpiricalMeanDietOverlap,EmpiricalNetworkXTrophicLevelNumSpeciesFull,EmpiricalNetworkXTrophicLevelNumSpeciesLargest,EmpiricalNetworkXTrophicLevelNumSpeciesWithLevel,EmpiricalNetworkXTrophicLevelLargestFraction,EmpiricalNetworkXTrophicLevelStatusCode,EmpiricalPropBasal,EmpiricalPropIntermediate,EmpiricalPropTop,TrainNumSpecies,TrainConnectance,TrainMeanTrophicLevel,TrainMeanDegree,TrainMeanGenerality,TrainMeanVulnerability,TrainDegreeStd,TrainDegreeCV,TrainDegreeGini,TrainGeneralityStd,TrainGeneralityCV,TrainGeneralityGini,TrainVulnerabilityStd,TrainVulnerabilityCV,TrainVulnerabilityGini,TrainTrophicLevelStd,TrainTrophicLevelCV,TrainTrophicLevelRange,TrainNetworkXMeanTrophicLevel,TrainNetworkXTrophicLevelStd,TrainNetworkXTrophicLevelRange,TrainMeanLocalClustering,TrainTransitivity,TrainNumTriangles,TrainTriangleDensity,TrainMeanDietOverlap,TrainNetworkXTrophicLevelNumSpeciesFull,TrainNetworkXTrophicLevelNumSpeciesLargest,TrainNetworkXTrophicLevelNumSpeciesWithLevel,TrainNetworkXTrophicLevelLargestFraction,TrainNetworkXTrophicLevelStatusCode,TrainPropBasal,TrainPropIntermediate,TrainPropTop,PseudoNumSpecies,PseudoLinks,PseudoConnectance,PseudoMeanTrophicLevel,PseudoMeanDegree,PseudoMeanGenerality,PseudoMeanVulnerability,PseudoDegreeStd,PseudoDegreeCV,PseudoDegreeGini,PseudoGeneralityStd,PseudoGeneralityCV,PseudoGeneralityGini,PseudoVulnerabilityStd,PseudoVulnerabilityCV,PseudoVulnerabilityGini,PseudoTrophicLevelStd,PseudoTrophicLevelCV,PseudoTrophicLevelRange,PseudoNetworkXMeanTrophicLevel,PseudoNetworkXTrophicLevelStd,PseudoNetworkXTrophicLevelRange,PseudoMeanLocalClustering,PseudoTransitivity,PseudoNumTriangles,PseudoTriangleDensity,PseudoMeanDietOverlap,PseudoNetworkXTrophicLevelNumSpeciesFull,PseudoNetworkXTrophicLevelNumSpeciesLargest,PseudoNetworkXTrophicLevelNumSpeciesWithLevel,PseudoNetworkXTrophicLevelLargestFraction,PseudoNetworkXTrophicLevelStatusCode,PseudoPropBasal,PseudoPropIntermediate,PseudoPropTop,DeltaLinks,DeltaConnectance,DeltaMeanTrophicLevel,DeltaMeanDegree,DeltaMeanGenerality,DeltaMeanVulnerability,DeltaDegreeStd,DeltaDegreeCV,DeltaDegreeGini,DeltaGeneralityStd,DeltaGeneralityCV,DeltaGeneralityGini,DeltaVulnerabilityStd,DeltaVulnerabilityCV,DeltaVulnerabilityGini,DeltaTrophicLevelStd,DeltaTrophicLevelCV,DeltaTrophicLevelRange,DeltaNetworkXMeanTrophicLevel,DeltaNetworkXTrophicLevelStd,DeltaNetworkXTrophicLevelRange,DeltaMeanLocalClustering,DeltaTransitivity,DeltaNumTriangles,DeltaTriangleDensity,DeltaMeanDietOverlap,DeltaPropBasal,DeltaPropIntermediate,DeltaPropTop,PseudoTP,PseudoFP,PseudoFN,PseudoTN,PseudoTPR,PseudoTNR,PseudoFPR,PseudoFNR,PseudoPrecision,PseudoRecall,PseudoF1Score,PseudoMCC,PseudoTSS,PseudoJaccardLinks,NumPredictedNovelLinks,NumTrueNovelLinks,EvaluateOnAllUnseen,CvK,FoldID,NumFolds
1,WLNM_dir_neg,0.400385882761,0.328007377117,00:00:14,10,10,1,1233943436,threshold_sweep,0.1,0.512195121951,0.112903225806,0.185022026432,21,20,165,352,0.112903225806,0.94623655914,0.0537634408602,0.887096774194,0.512195121951,0.112903225806,0.185022026432,0.668458781362,0.642174432497,0.0734557595993,0.106849005198,0.0591397849462,342,156,186,0,342,0,156,0,186,37,342,0.256756756757,1.72528881811,18.4864864865,15.5454545455,9.77142857143,5.36771015539,0.290358590277,0.142642642643,9.50849154237,1.02869645341,0.544491860281,8.05331334643,0.871264894205,0.461830251304,0.640599570326,0.371299902718,2,1.72528881811,0.640599570326,2,0.344071394247,0.376569037657,810,0.104247104247,0.56957682835,37,37,37,1,0,0.405405405405,0.540540540541,0.0540540540541,37,0.117117117117,2.18481481481,8.43243243243,7.09090909091,4.45714285714,5.03620525429,0.597242289772,0.326923076923,6.00062559301,1.42322530091,0.680526680527,3.83793300225,0.910278981302,0.463617463617,1.318977792,0.603702328937,4.32037037037,2.18481481481,1.318977792,4.32037037037,0,0,0,0,0.160896782956,37,37,37,1,0,0.405405405405,0.540540540541,0.0540540540541,37,197,0.147897897898,11.2181004174,10.6486486486,6.35483870968,5.32432432432,4.25712615776,0.399780882836,0.21484428591,5.67672662943,1.06618723497,0.558101248457,3.49645895518,0.656695336759,0.357250651667,4.97116590639,0.443137939705,14.9375765022,11.2181004174,4.97116590639,14.9375765022,0.148011311943,0.0698311273391,51,0.00656370656371,0.185370054385,37,37,37,1,0,0.162162162162,0.837837837838,0,-145,-0.108858858859,9.49281159933,-7.83783783784,-9.19061583578,-4.4471042471,-1.11058399763,0.109422292559,0.0722016432676,-3.83176491295,0.0374907815534,0.0136093881752,-4.55685439126,-0.214569557446,-0.104579599637,4.33056633606,0.0718380369869,12.9375765022,9.49281159933,4.33056633606,12.9375765022,-0.196060082304,-0.306737910318,-759,-0.0976833976834,-0.384206773965,-0.243243243243,0.297297297297,-0.0540540540541,177,20,165,970,0.517543859649,0.979797979798,0.020202020202,0.482456140351,0.89847715736,0.517543859649,0.656771799629,0.612004482091,0.497341839447,0.488950276243,41,186,0,0,0,0
2,WLNM_dir_neg,0.400385882761,0.328007377117,00:00:14,10,10,1,1233943436,threshold_sweep,0.2,0.514285714286,0.0967741935484,0.162895927602,18,17,168,355,0.0967741935484,0.954301075269,0.0456989247312,0.903225806452,0.514285714286,0.0967741935484,0.162895927602,0.668458781362,0.645758661888,0.0640809443508,0.0993010261755,0.0510752688172,342,156,186,0,342,0,156,0,186,37,342,0.256756756757,1.72528881811,18.4864864865,15.5454545455,9.77142857143,5.36771015539,0.290358590277,0.142642642643,9.50849154237,1.02869645341,0.544491860281,8.05331334643,0.871264894205,0.461830251304,0.640599570326,0.371299902718,2,1.72528881811,0.640599570326,2,0.344071394247,0.376569037657,810,0.104247104247,0.56957682835,37,37,37,1,0,0.405405405405,0.540540540541,0.0540540540541,37,0.117117117117,2.18481481481,8.43243243243,7.09090909091,4.45714285714,5.03620525429,0.597242289772,0.326923076923,6.00062559301,1.42322530091,0.680526680527,3.83793300225,0.910278981302,0.463617463617,1.318977792,0.603702328937,4.32037037037,2.18481481481,1.318977792,4.32037037037,0,0,0,0,0.160896782956,37,37,37,1,0,0.405405405405,0.540540540541,0.0540540540541,37,191,0.143393393393,11.0763716386,10.3243243243,6.16129032258,5.30555555556,4.34008483055,0.420374708718,0.226828923164,5.65446487061,1.09536754038,0.564879015141,3.64015806673,0.705161510308,0.382906466676,4.90773664473,0.443081615971,14.989277509,11.0763716386,4.90773664473,14.989277509,0.149874620308,0.0598574821853,42,0.00540540540541,0.187111162388,37,37,37,1,0,0.162162162162,0.810810810811,0.027027027027,-151,-0.113363363363,9.3510828205,-8.16216216216,-9.38416422287,-4.46587301587,-1.02762532485,0.130016118441,0.0841862805214,-3.85402667176,0.0666710869653,0.0203871548595,-4.41315527971,-0.166103383897,-0.0789237846278,4.2671370744,0.0717817132533,12.989277509,9.3510828205,4.2671370744,12.989277509,-0.194196773939,-0.316711555472,-768,-0.0988416988417,-0.382465665962,-0.243243243243,0.27027027027,-0.027027027027,174,17,168,973,0.508771929825,0.982828282828,0.0171717171717,0.491228070175,0.910994764398,0.508771929825,0.652908067542,0.612749840071,0.491600212653,0.484679665738,35,186,0,0,0,0
3,WLNM_dir_neg,0.400385882761,0.328007377117,00:00:14,10,10,1,1233943436,threshold_sweep,0.3,0.514285714286,0.0967741935484,0.162895927602,18,17,168,355,0.0967741935484,0.954301075269,0.0456989247312,0.903225806452,0.514285714286,0.0967741935484,0.162895927602,0.668458781362,0.645758661888,0.0640809443508,0.0993010261755,0.0510752688172,342,156,186,0,342,0,156,0,186,37,342,0.256756756757,1.72528881811,18.4864864865,15.5454545455,9.77142857143,5.36771015539,0.290358590277,0.142642642643,9.50849154237,1.02869645341,0.544491860281,8.05331334643,0.871264894205,0.461830251304,0.640599570326,0.371299902718,2,1.72528881811,0.640599570326,2,0.344071394247,0.376569037657,810,0.104247104247,0.56957682835,37,37,37,1,0,0.405405405405,0.540540540541,0.0540540540541,37,0.117117117117,2.18481481481,8.43243243243,7.09090909091,4.45714285714,5.03620525429,0.597242289772,0.326923076923,6.00062559301,1.42322530091,0.680526680527,3.83793300225,0.910278981302,0.463617463617,1.318977792,0.603702328937,4.32037037037,2.18481481481,1.318977792,4.32037037037,0,0,0,0,0.160896782956,37,37,37,1,0,0.405405405405,0.540540540541,0.0540540540541,37,191,0.143393393393,11.0763716386,10.3243243243,6.16129032258,5.30555555556,4.34008483055,0.420374708718,0.226828923164,5.65446487061,1.09536754038,0.564879015141,3.64015806673,0.705161510308,0.382906466676,4.90773664473,0.443081615971,14.989277509,11.0763716386,4.90773664473,14.989277509,0.149874620308,0.0598574821853,42,0.00540540540541,0.187111162388,37,37,37,1,0,0.162162162162,0.810810810811,0.027027027027,-151,-0.113363363363,9.3510828205,-8.16216216216,-9.38416422287,-4.46587301587,-1.02762532485,0.130016118441,0.0841862805214,-3.85402667176,0.0666710869653,0.0203871548595,-4.41315527971,-0.166103383897,-0.0789237846278,4.2671370744,0.0717817132533,12.989277509,9.3510828205,4.2671370744,12.989277509,-0.194196773939,-0.316711555472,-768,-0.0988416988417,-0.382465665962,-0.243243243243,0.27027027027,-0.027027027027,174,17,168,973,0.508771929825,0.982828282828,0.0171717171717,0.491228070175,0.910994764398,0.508771929825,0.652908067542,0.612749840071,0.491600212653,0.484679665738,35,186,0,0,0,0
4,WLNM_dir_neg,0.400385882761,0.328007377117,00:00:14,10,10,1,1233943436,threshold_sweep,0.4,0.514285714286,0.0967741935484,0.162895927602,18,17,168,355,0.0967741935484,0.954301075269,0.0456989247312,0.903225806452,0.514285714286,0.0967741935484,0.162895927602,0.668458781362,0.645758661888,0.0640809443508,0.0993010261755,0.0510752688172,342,156,186,0,342,0,156,0,186,37,342,0.256756756757,1.72528881811,18.4864864865,15.5454545455,9.77142857143,5.36771015539,0.290358590277,0.142642642643,9.50849154237,1.02869645341,0.544491860281,8.05331334643,0.871264894205,0.461830251304,0.640599570326,0.371299902718,2,1.72528881811,0.640599570326,2,0.344071394247,0.376569037657,810,0.104247104247,0.56957682835,37,37,37,1,0,0.405405405405,0.540540540541,0.0540540540541,37,0.117117117117,2.18481481481,8.43243243243,7.09090909091,4.45714285714,5.03620525429,0.597242289772,0.326923076923,6.00062559301,1.42322530091,0.680526680527,3.83793300225,0.910278981302,0.463617463617,1.318977792,0.603702328937,4.32037037037,2.18481481481,1.318977792,4.32037037037,0,0,0,0,0.160896782956,37,37,37,1,0,0.405405405405,0.540540540541,0.0540540540541,37,191,0.143393393393,11.0763716386,10.3243243243,6.16129032258,5.30555555556,4.34008483055,0.420374708718,0.226828923164,5.65446487061,1.09536754038,0.564879015141,3.64015806673,0.705161510308,0.382906466676,4.90773664473,0.443081615971,14.989277509,11.0763716386,4.90773664473,14.989277509,0.149874620308,0.0598574821853,42,0.00540540540541,0.187111162388,37,37,37,1,0,0.162162162162,0.810810810811,0.027027027027,-151,-0.113363363363,9.3510828205,-8.16216216216,-9.38416422287,-4.46587301587,-1.02762532485,0.130016118441,0.0841862805214,-3.85402667176,0.0666710869653,0.0203871548595,-4.41315527971,-0.166103383897,-0.0789237846278,4.2671370744,0.0717817132533,12.989277509,9.3510828205,4.2671370744,12.989277509,-0.194196773939,-0.316711555472,-768,-0.0988416988417,-0.382465665962,-0.243243243243,0.27027027027,-0.027027027027,174,17,168,973,0.508771929825,0.982828282828,0.0171717171717,0.491228070175,0.910994764398,0.508771929825,0.652908067542,0.612749840071,0.491600212653,0.484679665738,35,186,0,0,0,0
5,WLNM_dir_neg,0.400385882761,0.328007377117,00:00:14,10,10,1,1233943436,threshold_sweep,0.5,0.666666666667,0.0860215053763,0.152380952381,16,8,170,364,0.0860215053763,0.978494623656,0.0215053763441,0.913978494624,0.666666666667,0.0860215053763,0.152380952381,0.681003584229,0.652329749104,0.0824742268041,0.149906337799,0.0645161290323,342,156,186,0,342,0,156,0,186,37,342,0.256756756757,1.72528881811,18.4864864865,15.5454545455,9.77142857143,5.36771015539,0.290358590277,0.142642642643,9.50849154237,1.02869645341,0.544491860281,8.05331334643,0.871264894205,0.461830251304,0.640599570326,0.371299902718,2,1.72528881811,0.640599570326,2,0.344071394247,0.376569037657,810,0.104247104247,0.56957682835,37,37,37,1,0,0.405405405405,0.540540540541,0.0540540540541,37,0.117117117117,2.18481481481,8.43243243243,7.09090909091,4.45714285714,5.03620525429,0.597242289772,0.326923076923,6.00062559301,1.42322530091,0.680526680527,3.83793300225,0.910278981302,0.463617463617,1.318977792,0.603702328937,4.32037037037,2.18481481481,1.318977792,4.32037037037,0,0,0,0,0.160896782956,37,37,37,1,0,0.405405405405,0.540540540541,0.0540540540541,37,180,0.135135135135,2.13494983185,9.72972972973,8.18181818182,5,4.27946419705,0.439833820252,0.232282282282,5.87916359396,1.20849473876,0.621921921922,3.46540170962,0.712332573643,0.383783783784,1.18292381268,0.554075695377,3.51900815179,2.13494983185,1.18292381268,3.51900815179,0.136415296322,0.0461293743372,29,0.0037323037323,0.184621133449,37,37,37,1,0,0.405405405405,0.567567567568,0.027027027027,-162,-0.121621621622,0.409661013738,-8.75675675676,-7.36363636364,-4.77142857143,-1.08824595835,0.149475229975,0.0896396396396,-3.62932794841,0.179798285344,0.0774300616406,-4.58791163682,-0.158932320562,-0.0780464675202,0.542324242353,0.182775792659,1.51900815179,0.409661013738,0.542324242353,1.51900815179,-0.207656097925,-0.33043966332,-781,-0.100514800515,-0.384955694901,0,0.027027027027,-0.027027027027,172,8,170,982,0.502923976608,0.991919191919,0.00808080808081,0.497076023392,0.955555555556,0.502923976608,0.659003831418,0.6323182801,0.494843168527,0.491428571429,24,186,0,0,0,0
6,WLNM_dir_neg,0.400385882761,0.328007377117,00:00:14,10,10,1,1233943436,threshold_sweep,0.6,0.652173913043,0.0806451612903,0.143540669856,15,8,171,364,0.0806451612903,0.978494623656,0.0215053763441,0.91935483871,0.652173913043,0.0806451612903,0.143540669856,0.679211469534,0.652927120669,0.0757314974182,0.140238376035,0.0591397849462,342,156,186,0,342,0,156,0,186,37,342,0.256756756757,1.72528881811,18.4864864865,15.5454545455,9.77142857143,5.36771015539,0.290358590277,0.142642642643,9.50849154237,1.02869645341,0.544491860281,8.05331334643,0.871264894205,0.461830251304,0.640599570326,0.371299902718,2,1.72528881811,0.640599570326,2,0.344071394247,0.376569037657,810,0.104247104247,0.56957682835,37,37,37,1,0,0.405405405405,0.540540540541,0.0540540540541,37,0.117117117117,2.18481481481,8.43243243243,7.09090909091,4.45714285714,5.03620525429,0.597242289772,0.326923076923,6.00062559301,1.42322530091,0.680526680527,3.83793300225,0.910278981302,0.463617463617,1.318977792,0.603702328937,4.32037037037,2.18481481481,1.318977792,4.32037037037,0,0,0,0,0.160896782956,37,37,37,1,0,0.405405405405,0.540540540541,0.0540540540541,37,179,0.134384384384,2.15058955542,9.67567567568,8.13636363636,4.97222222222,4.256067917,0.439872941142,0.233277970708,5.88554497389,1.2165651622,0.6244904122,3.47621692132,0.718547631782,0.385927827269,1.21714501533,0.565958768031,4.02534420239,2.15058955542,1.21714501533,4.02534420239,0.141831393534,0.0450643776824,28,0.0036036036036,0.182764128021,37,37,37,1,0,0.405405405405,0.567567567568,0.027027027027,-163,-0.122372372372,0.425300737309,-8.81081081081,-7.40909090909,-4.79920634921,-1.11164223839,0.149514350865,0.0906353280655,-3.62294656849,0.187868708785,0.0799985519186,-4.57709642511,-0.152717262423,-0.0759024240353,0.576545445002,0.194658865313,2.02534420239,0.425300737309,0.576545445002,2.02534420239,-0.202240000713,-0.331504659975,-782,-0.100643500644,-0.386812700329,0,0.027027027027,-0.027027027027,171,8,171,982,0.5,0.991919191919,0.00808080808081,0.5,0.95530726257,0.5,0.656429942418,0.630061942497,0.491919191919,0.488571428571,23,186,0,0,0,0
7,WLNM_dir_neg,0.400385882761,0.328007377117,00:00:14,10,10,1,1233943436,threshold_sweep,0.7,0.652173913043,0.0806451612903,0.143540669856,15,8,171,364,0.0806451612903,0.978494623656,0.0215053763441,0.91935483871,0.652173913043,0.0806451612903,0.143540669856,0.679211469534,0.652927120669,0.0757314974182,0.140238376035,0.0591397849462,342,156,186,0,342,0,156,0,186,37,342,0.256756756757,1.72528881811,18.4864864865,15.5454545455,9.77142857143,5.36771015539,0.290358590277,0.142642642643,9.50849154237,1.02869645341,0.544491860281,8.05331334643,0.871264894205,0.461830251304,0.640599570326,0.371299902718,2,1.72528881811,0.640599570326,2,0.344071394247,0.376569037657,810,0.104247104247,0.56957682835,37,37,37,1,0,0.405405405405,0.540540540541,0.0540540540541,37,0.117117117117,2.18481481481,8.43243243243,7.09090909091,4.45714285714,5.03620525429,0.597242289772,0.326923076923,6.00062559301,1.42322530091,0.680526680527,3.83793300225,0.910278981302,0.463617463617,1.318977792,0.603702328937,4.32037037037,2.18481481481,1.318977792,4.32037037037,0,0,0,0,0.160896782956,37,37,37,1,0,0.405405405405,0.540540540541,0.0540540540541,37,179,0.134384384384,2.15058955542,9.67567567568,8.13636363636,4.97222222222,4.256067917,0.439872941142,0.233277970708,5.88554497389,1.2165651622,0.6244904122,3.47621692132,0.718547631782,0.385927827269,1.21714501533,0.565958768031,4.02534420239,2.15058955542,1.21714501533,4.02534420239,0.141831393534,0.0450643776824,28,0.0036036036036,0.182764128021,37,37,37,1,0,0.405405405405,0.567567567568,0.027027027027,-163,-0.122372372372,0.425300737309,-8.81081081081,-7.40909090909,-4.79920634921,-1.11164223839,0.149514350865,0.0906353280655,-3.62294656849,0.187868708785,0.0799985519186,-4.57709642511,-0.152717262423,-0.0759024240353,0.576545445002,0.194658865313,2.02534420239,0.425300737309,0.576545445002,2.02534420239,-0.202240000713,-0.331504659975,-782,-0.100643500644,-0.386812700329,0,0.027027027027,-0.027027027027,171,8,171,982,0.5,0.991919191919,0.00808080808081,0.5,0.95530726257,0.5,0.656429942418,0.630061942497,0.491919191919,0.488571428571,23,186,0,0,0,0
8,WLNM_dir_neg,0.400385882761,0.328007377117,00:00:14,10,10,1,1233943436,threshold_sweep,0.8,0.652173913043,0.0806451612903,0.143540669856,15,8,171,364,0.0806451612903,0.978494623656,0.0215053763441,0.91935483871,0.652173913043,0.0806451612903,0.143540669856,0.679211469534,0.652927120669,0.0757314974182,0.140238376035,0.0591397849462,342,156,186,0,342,0,156,0,186,37,342,0.256756756757,1.72528881811,18.4864864865,15.5454545455,9.77142857143,5.36771015539,0.290358590277,0.142642642643,9.50849154237,1.02869645341,0.544491860281,8.05331334643,0.871264894205,0.461830251304,0.640599570326,0.371299902718,2,1.72528881811,0.640599570326,2,0.344071394247,0.376569037657,810,0.104247104247,0.56957682835,37,37,37,1,0,0.405405405405,0.540540540541,0.0540540540541,37,0.117117117117,2.18481481481,8.43243243243,7.09090909091,4.45714285714,5.03620525429,0.597242289772,0.326923076923,6.00062559301,1.42322530091,0.680526680527,3.83793300225,0.910278981302,0.463617463617,1.318977792,0.603702328937,4.32037037037,2.18481481481,1.318977792,4.32037037037,0,0,0,0,0.160896782956,37,37,37,1,0,0.405405405405,0.540540540541,0.0540540540541,37,179,0.134384384384,2.15058955542,9.67567567568,8.13636363636,4.97222222222,4.256067917,0.439872941142,0.233277970708,5.88554497389,1.2165651622,0.6244904122,3.47621692132,0.718547631782,0.385927827269,1.21714501533,0.565958768031,4.02534420239,2.15058955542,1.21714501533,4.02534420239,0.141831393534,0.0450643776824,28,0.0036036036036,0.182764128021,37,37,37,1,0,0.405405405405,0.567567567568,0.027027027027,-163,-0.122372372372,0.425300737309,-8.81081081081,-7.40909090909,-4.79920634921,-1.11164223839,0.149514350865,0.0906353280655,-3.62294656849,0.187868708785,0.0799985519186,-4.57709642511,-0.152717262423,-0.0759024240353,0.576545445002,0.194658865313,2.02534420239,0.425300737309,0.576545445002,2.02534420239,-0.202240000713,-0.331504659975,-782,-0.100643500644,-0.386812700329,0,0.027027027027,-0.027027027027,171,8,171,982,0.5,0.991919191919,0.00808080808081,0.5,0.95530726257,0.5,0.656429942418,0.630061942497,0.491919191919,0.488571428571,23,186,0,0,0,0
9,WLNM_dir_neg,0.400385882761,0.328007377117,00:00:14,10,10,1,1233943436,threshold_sweep,0.9,0.619047619048,0.0698924731183,0.125603864734,13,8,173,364,0.0698924731183,0.978494623656,0.0215053763441,0.930107526882,0.619047619048,0.0698924731183,0.125603864734,0.675627240143,0.654121863799,0.0621761658031,0.119856258683,0.0483870967742,342,156,186,0,342,0,156,0,186,37,342,0.256756756757,1.72528881811,18.4864864865,15.5454545455,9.77142857143,5.36771015539,0.290358590277,0.142642642643,9.50849154237,1.02869645341,0.544491860281,8.05331334643,0.871264894205,0.461830251304,0.640599570326,0.371299902718,2,1.72528881811,0.640599570326,2,0.344071394247,0.376569037657,810,0.104247104247,0.56957682835,37,37,37,1,0,0.405405405405,0.540540540541,0.0540540540541,37,0.117117117117,2.18481481481,8.43243243243,7.09090909091,4.45714285714,5.03620525429,0.597242289772,0.326923076923,6.00062559301,1.42322530091,0.680526680527,3.83793300225,0.910278981302,0.463617463617,1.318977792,0.603702328937,4.32037037037,2.18481481481,1.318977792,4.32037037037,0,0,0,0,0.160896782956,37,37,37,1,0,0.405405405405,0.540540540541,0.0540540540541,37,177,0.132882882883,2.16263290813,9.56756756757,8.04545454545,4.91666666667,4.26575863085,0.445856128084,0.236371965186,5.89319350859,1.23191050745,0.629409070087,3.51295329329,0.734346168654,0.393647885173,1.23897581321,0.572901581474,4.15099192791,2.16263290813,1.23897581321,4.15099192791,0.146202150846,0.0409612233752,25,0.0032175032175,0.181341740884,37,37,37,1,0,0.405405405405,0.567567567568,0.027027027027,-165,-0.123873873874,0.43734409001,-8.91891891892,-7.5,-4.85476190476,-1.10195152454,0.155497537806,0.0937293225429,-3.61529803378,0.203214054031,0.0849172098057,-4.54036005314,-0.136918725551,-0.0681823661306,0.598376242886,0.201601678756,2.15099192791,0.43734409001,0.598376242886,2.15099192791,-0.197869243401,-0.335607814282,-785,-0.10102960103,-0.388235087466,0,0.027027027027,-0.027027027027,169,8,173,982,0.494152046784,0.991919191919,0.00808080808081,0.505847953216,0.954802259887,0.494152046784,0.651252408478,0.62553692265,0.486071238703,0.482857142857,21,186,0,0,0,0
10,WLNM_dir_neg,0.529815585617,0.431272903995,00:00:14,10,10,2,1233943437,threshold_sweep,0.1,0.546666666667,0.220430107527,0.314176245211,41,34,145,338,0.220430107527,0.908602150538,0.0913978494624,0.779569892473,0.546666666667,0.220430107527,0.314176245211,0.679211469534,0.621863799283,0.151658767773,0.178329028024,0.129032258065,342,156,186,0,342,0,156,0,186,37,342,0.256756756757,1.72528881811,18.4864864865,15.5454545455,9.77142857143,5.36771015539,0.290358590277,0.142642642643,9.50849154237,1.02869645341,0.544491860281,8.05331334643,0.871264894205,0.461830251304,0.640599570326,0.371299902718,2,1.72528881811,0.640599570326,2,0.344071394247,0.376569037657,810,0.104247104247,0.56957682835,37,37,37,1,0,0.405405405405,0.540540540541,0.0540540540541,37,0.117117117117,2.21261261261,8.43243243243,7.09090909091,4.45714285714,5.04722443274,0.598549051319,0.327616077616,6.00525295579,1.42432281644,0.680873180873,3.83793300225,0.910278981302,0.463617463617,1.39215458577,0.629190386892,5.2,2.21261261261,1.39215458577,5.2,0,0,0,0,0.161113233172,37,37,37,1,0,0.405405405405,0.540540540541,0.0540540540541,37,231,0.173423423423,11.4453674535,12.4864864865,7,6.24324324324,6.20761907131,0.497146981902,0.255294255294,6.95783094157,1.11445776986,0.550602550603,3.92573705327,0.628797709831,0.337428337428,4.06748281782,0.355382457954,14.3415289522,11.4453674535,4.06748281782,14.3415289522,0.271808970596,0.213672154617,199,0.0256113256113,0.173444377712,37,37,37,1,0,0.108108108108,0.891891891892,0,-111,-0.0833333333333,9.7200786354,-6,-8.54545454545,-3.52818532819,0.83990891592,0.206788391625,0.112651612652,-2.55066060081,0.0857613164464,0.00611069032122,-4.12757629316,-0.242467184374,-0.124401913876,3.42688324749,-0.0159174447638,12.3415289522,9.7200786354,3.42688324749,12.3415289522,-0.0722624236519,-0.16289688304,-611,-0.0786357786358,-0.396132450638,-0.297297297297,0.351351351351,-0.0540540540541,197,34,145,956,0.576023391813,0.965656565657,0.0343434343434,0.423976608187,0.852813852814,0.576023391813,0.687609075044,0.624991005939,0.541679957469,0.523936170213,75,186,0,0,0,0
11,WLNM_dir_neg,0.529815585617,0.431272903995,00:00:14,10,10,2,1233943437,threshold_sweep,0.2,0.630769230769,0.220430107527,0.326693227092,41,24,145,348,0.220430107527,0.935483870968,0.0645161290323,0.779569892473,0.630769230769,0.220430107527,0.326693227092,0.697132616487,0.627837514934,0.186195826645,0.229104098136,0.155913978495,342,156,186,0,342,0,156,0,186,37,342,0.256756756757,1.72528881811,18.4864864865,15.5454545455,9.77142857143,5.36771015539,0.290358590277,0.142642642643,9.50849154237,1.02869645341,0.544491860281,8.05331334643,0.871264894205,0.461830251304,0.640599570326,0.371299902718,2,1.72528881811,0.640599570326,2,0.344071394247,0.376569037657,810,0.104247104247,0.56957682835,37,37,37,1,0,0.405405405405,0.540540540541,0.0540540540541,37,0.117117117117,2.21261261261,8.43243243243,7.09090909091,4.45714285714,5.04722443274,0.598549051319,0.327616077616,6.00525295579,1.42432281644,0.680873180873,3.83793300225,0.910278981302,0.463617463617,1.39215458577,0.629190386892,5.2,2.21261261261,1.39215458577,5.2,0,0,0,0,0.161113233172,37,37,37,1,0,0.405405405405,0.540540540541,0.0540540540541,37,221,0.165915915916,7.42382111999,11.9459459459,7.62068965517,5.97297297297,5.92051961846,0.495609108333,0.24996942644,7.13553893661,1.19463774052,0.594839183074,3.86929857616,0.647801119086,0.345848110554,3.85412506598,0.519156510333,10.3138976285,7.42382111999,3.85412506598,10.3138976285,0.264155590362,0.209654178674,194,0.0249678249678,0.193501278263,37,37,37,1,0,0.216216216216,0.783783783784,0,-121,-0.0908408408408,5.69853230187,-6.54054054054,-7.92476489028,-3.79845559846,0.552809463065,0.205250518055,0.107326783797,-2.37295260576,0.165941287104,0.0503473227931,-4.18401477027,-0.223463775119,-0.11598214075,3.21352549566,0.147856607615,8.31389762853,5.69853230187,3.21352549566,8.31389762853,-0.0799158038859,-0.166914858983,-616,-0.0792792792793,-0.376075550087,-0.189189189189,0.243243243243,-0.0540540540541,197,24,145,966,0.576023391813,0.975757575758,0.0242424242424,0.423976608187,0.891402714932,0.576023391813,0.699822380107,0.647954037576,0.55178096757,0.53825136612,65,186,0,0,0,0
12,WLNM_dir_neg,0.529815585617,0.431272903995,00:00:14,10,10,2,1233943437,threshold_sweep,0.3,0.672131147541,0.220430107527,0.331983805668,41,20,145,352,0.220430107527,0.94623655914,0.0537634408602,0.779569892473,0.672131147541,0.220430107527,0.331983805668,0.704301075269,0.630227001195,0.200323101777,0.25178716029,0.166666666667,342,156,186,0,342,0,156,0,186,37,342,0.256756756757,1.72528881811,18.4864864865,15.5454545455,9.77142857143,5.36771015539,0.290358590277,0.142642642643,9.50849154237,1.02869645341,0.544491860281,8.05331334643,0.871264894205,0.461830251304,0.640599570326,0.371299902718,2,1.72528881811,0.640599570326,2,0.344071394247,0.376569037657,810,0.104247104247,0.56957682835,37,37,37,1,0,0.405405405405,0.540540540541,0.0540540540541,37,0.117117117117,2.21261261261,8.43243243243,7.09090909091,4.45714285714,5.04722443274,0.598549051319,0.327616077616,6.00525295579,1.42432281644,0.680873180873,3.83793300225,0.910278981302,0.463617463617,1.39215458577,0.629190386892,5.2,2.21261261261,1.39215458577,5.2,0,0,0,0,0.161113233172,37,37,37,1,0,0.405405405405,0.540540540541,0.0540540540541,37,217,0.162912912913,7.78415770282,11.7297297297,7.48275862069,5.86486486486,5.78623197603,0.493296274455,0.254203512268,7.18857953115,1.2257025007,0.605305766596,3.90272100351,0.665440908432,0.356208743306,4.13480707715,0.531182336613,11.4663894295,7.78415770282,4.13480707715,11.4663894295,0.274966401172,0.210260115607,194,0.0249678249678,0.186597381647,37,37,37,1,0,0.216216216216,0.783783783784,0,-125,-0.0938438438438,6.05886888471,-6.75675675676,-8.06269592476,-3.90656370656,0.418521820641,0.202937684177,0.111560869625,-2.31991201122,0.197006047288,0.0608139063148,-4.15059234293,-0.205823985772,-0.105621507998,3.49420750682,0.159882433895,9.46638942954,6.05886888471,3.49420750682,9.46638942954,-0.0691049930751,-0.16630892205,-616,-0.0792792792793,-0.382979446703,-0.189189189189,0.243243243243,-0.0540540540541,197,20,145,970,0.576023391813,0.979797979798,0.020202020202,0.423976608187,0.907834101382,0.576023391813,0.704830053667,0.657504290778,0.555821371611,0.544198895028,61,186,0,0,0,0
13,WLNM_dir_neg,0.529815585617,0.431272903995,00:00:14,10,10,2,1233943437,threshold_sweep,0.4,0.78431372549,0.215053763441,0.337552742616,40,11,146,361,0.215053763441,0.970430107527,0.0295698924731,0.784946236559,0.78431372549,0.215053763441,0.337552742616,0.718637992832,0.636200716846,0.226600985222,0.303420573714,0.185483870968,342,156,186,0,342,0,156,0,186,37,342,0.256756756757,1.72528881811,18.4864864865,15.5454545455,9.77142857143,5.36771015539,0.290358590277,0.142642642643,9.50849154237,1.02869645341,0.544491860281,8.05331334643,0.871264894205,0.461830251304,0.640599570326,0.371299902718,2,1.72528881811,0.640599570326,2,0.344071394247,0.376569037657,810,0.104247104247,0.56957682835,37,37,37,1,0,0.405405405405,0.540540540541,0.0540540540541,37,0.117117117117,2.21261261261,8.43243243243,7.09090909091,4.45714285714,5.04722443274,0.598549051319,0.327616077616,6.00525295579,1.42432281644,0.680873180873,3.83793300225,0.910278981302,0.463617463617,1.39215458577,0.629190386892,5.2,2.21261261261,1.39215458577,5.2,0,0,0,0,0.161113233172,37,37,37,1,0,0.405405405405,0.540540540541,0.0540540540541,37,207,0.155405405405,2.28846693771,11.1891891892,9.40909090909,5.59459459459,5.6854484717,0.508119790949,0.256169212691,7.37284604877,1.3178517092,0.647865256561,3.72274883102,0.665418873177,0.357487922705,1.38326246855,0.604449400492,4.3244629774,2.28846693771,1.38326246855,4.3244629774,0.254164882833,0.189621537261,162,0.0208494208494,0.202901390569,37,37,37,1,0,0.405405405405,0.594594594595,0,-135,-0.101351351351,0.563178119594,-7.2972972973,-6.13636363636,-4.17683397683,0.317738316304,0.217761200672,0.113526570048,-2.13564549361,0.289155255786,0.10337339628,-4.33056451541,-0.205846021027,-0.104342328599,0.742662898219,0.233149497775,2.3244629774,0.563178119594,0.742662898219,2.3244629774,-0.0899065114148,-0.186947500396,-648,-0.0833976833977,-0.366675437781,0,0.0540540540541,-0.0540540540541,196,11,146,979,0.573099415205,0.988888888889,0.0111111111111,0.426900584795,0.946859903382,0.573099415205,0.714025500911,0.677636036581,0.561988304094,0.555240793201,51,186,0,0,0,0
14,WLNM_dir_neg,0.529815585617,0.431272903995,00:00:14,10,10,2,1233943437,threshold_sweep,0.5,0.767441860465,0.177419354839,0.288209606987,33,10,153,362,0.177419354839,0.97311827957,0.0268817204301,0.822580645161,0.767441860465,0.177419354839,0.288209606987,0.707885304659,0.640979689367,0.186356073211,0.266094064247,0.150537634409,342,156,186,0,342,0,156,0,186,37,342,0.256756756757,1.72528881811,18.4864864865,15.5454545455,9.77142857143,5.36771015539,0.290358590277,0.142642642643,9.50849154237,1.02869645341,0.544491860281,8.05331334643,0.871264894205,0.461830251304,0.640599570326,0.371299902718,2,1.72528881811,0.640599570326,2,0.344071394247,0.376569037657,810,0.104247104247,0.56957682835,37,37,37,1,0,0.405405405405,0.540540540541,0.0540540540541,37,0.117117117117,2.21261261261,8.43243243243,7.09090909091,4.45714285714,5.04722443274,0.598549051319,0.327616077616,6.00525295579,1.42432281644,0.680873180873,3.83793300225,0.910278981302,0.463617463617,1.39215458577,0.629190386892,5.2,2.21261261261,1.39215458577,5.2,0,0,0,0,0.161113233172,37,37,37,1,0,0.405405405405,0.540540540541,0.0540540540541,37,199,0.149399399399,2.31534589696,10.7567567568,9.04545454545,5.37837837838,5.11210657495,0.475246088626,0.247046041016,6.88940955119,1.28094549444,0.643216080402,3.89694575099,0.724557752697,0.387613744398,1.42910462227,0.61723158693,4.4408313507,2.31534589696,1.42910462227,4.4408313507,0.189556356275,0.132618025751,103,0.0132561132561,0.204620368024,37,37,37,1,0,0.405405405405,0.594594594595,0,-143,-0.107357357357,0.590057078845,-7.72972972973,-6.5,-4.39305019305,-0.255603580445,0.184887498349,0.104403398373,-2.61908199119,0.252249041027,0.0987242201207,-4.15636759544,-0.146707141508,-0.0742165069063,0.788505051947,0.245931684212,2.4408313507,0.590057078845,0.788505051947,2.4408313507,-0.154515037973,-0.243951011906,-707,-0.090990990991,-0.364956460326,0,0.0540540540541,-0.0540540540541,189,10,153,980,0.552631578947,0.989898989899,0.010101010101,0.447368421053,0.949748743719,0.552631578947,0.698706099815,0.664834228514,0.542530568846,0.536931818182,43,186,0,0,0,0
15,WLNM_dir_neg,0.529815585617,0.431272903995,00:00:14,10,10,2,1233943437,threshold_sweep,0.6,0.767441860465,0.177419354839,0.288209606987,33,10,153,362,0.177419354839,0.97311827957,0.0268817204301,0.822580645161,0.767441860465,0.177419354839,0.288209606987,0.707885304659,0.640979689367,0.186356073211,0.266094064247,0.150537634409,342,156,186,0,342,0,156,0,186,37,342,0.256756756757,1.72528881811,18.4864864865,15.5454545455,9.77142857143,5.36771015539,0.290358590277,0.142642642643,9.50849154237,1.02869645341,0.544491860281,8.05331334643,0.871264894205,0.461830251304,0.640599570326,0.371299902718,2,1.72528881811,0.640599570326,2,0.344071394247,0.376569037657,810,0.104247104247,0.56957682835,37,37,37,1,0,0.405405405405,0.540540540541,0.0540540540541,37,0.117117117117,2.21261261261,8.43243243243,7.09090909091,4.45714285714,5.04722443274,0.598549051319,0.327616077616,6.00525295579,1.42432281644,0.680873180873,3.83793300225,0.910278981302,0.463617463617,1.39215458577,0.629190386892,5.2,2.21261261261,1.39215458577,5.2,0,0,0,0,0.161113233172,37,37,37,1,0,0.405405405405,0.540540540541,0.0540540540541,37,199,0.149399399399,2.31534589696,10.7567567568,9.04545454545,5.37837837838,5.11210657495,0.475246088626,0.247046041016,6.88940955119,1.28094549444,0.643216080402,3.89694575099,0.724557752697,0.387613744398,1.42910462227,0.61723158693,4.4408313507,2.31534589696,1.42910462227,4.4408313507,0.189556356275,0.132618025751,103,0.0132561132561,0.204620368024,37,37,37,1,0,0.405405405405,0.594594594595,0,-143,-0.107357357357,0.590057078845,-7.72972972973,-6.5,-4.39305019305,-0.255603580445,0.184887498349,0.104403398373,-2.61908199119,0.252249041027,0.0987242201207,-4.15636759544,-0.146707141508,-0.0742165069063,0.788505051947,0.245931684212,2.4408313507,0.590057078845,0.788505051947,2.4408313507,-0.154515037973,-0.243951011906,-707,-0.090990990991,-0.364956460326,0,0.0540540540541,-0.0540540540541,189,10,153,980,0.552631578947,0.989898989899,0.010101010101,0.447368421053,0.949748743719,0.552631578947,0.698706099815,0.664834228514,0.542530568846,0.536931818182,43,186,0,0,0,0
16,WLNM_dir_neg,0.529815585617,0.431272903995,00:00:14,10,10,2,1233943437,threshold_sweep,0.7,0.780487804878,0.172043010753,0.281938325991,32,9,154,363,0.172043010753,0.975806451613,0.0241935483871,0.827956989247,0.780487804878,0.172043010753,0.281938325991,0.707885304659,0.642174432497,0.183639398998,0.267122512995,0.147849462366,342,156,186,0,342,0,156,0,186,37,342,0.256756756757,1.72528881811,18.4864864865,15.5454545455,9.77142857143,5.36771015539,0.290358590277,0.142642642643,9.50849154237,1.02869645341,0.544491860281,8.05331334643,0.871264894205,0.461830251304,0.640599570326,0.371299902718,2,1.72528881811,0.640599570326,2,0.344071394247,0.376569037657,810,0.104247104247,0.56957682835,37,37,37,1,0,0.405405405405,0.540540540541,0.0540540540541,37,0.117117117117,2.21261261261,8.43243243243,7.09090909091,4.45714285714,5.04722443274,0.598549051319,0.327616077616,6.00525295579,1.42432281644,0.680873180873,3.83793300225,0.910278981302,0.463617463617,1.39215458577,0.629190386892,5.2,2.21261261261,1.39215458577,5.2,0,0,0,0,0.161113233172,37,37,37,1,0,0.405405405405,0.540540540541,0.0540540540541,37,197,0.147897897898,2.28785977158,10.6486486486,8.95454545455,5.32432432432,5.08929277021,0.477928508877,0.246947455069,6.88417692189,1.29296723914,0.646453560159,3.9373853003,0.739508914269,0.394567155988,1.39130125509,0.608123483953,4.33521250739,2.28785977158,1.39130125509,4.33521250739,0.190671126507,0.132639791938,102,0.0131274131274,0.204142414031,37,37,37,1,0,0.405405405405,0.594594594595,0,-145,-0.108858858859,0.562570953469,-7.83783783784,-6.59090909091,-4.4471042471,-0.278417385184,0.1875699186,0.104304812427,-2.62431462048,0.264270785722,0.101961699878,-4.11592804614,-0.131755979936,-0.0672630953155,0.750701684766,0.236823581235,2.33521250739,0.562570953469,0.750701684766,2.33521250739,-0.15340026774,-0.243929245719,-708,-0.0911196911197,-0.365434414319,0,0.0540540540541,-0.0540540540541,188,9,154,981,0.549707602339,0.990909090909,0.00909090909091,0.450292397661,0.954314720812,0.549707602339,0.69758812616,0.665256395338,0.540616693248,0.535612535613,41,186,0,0,0,0
17,WLNM_dir_neg,0.529815585617,0.431272903995,00:00:14,10,10,2,1233943437,threshold_sweep,0.8,0.692307692308,0.0967741935484,0.169811320755,18,8,168,364,0.0967741935484,0.978494623656,0.0215053763441,0.903225806452,0.692307692308,0.0967741935484,0.169811320755,0.68458781362,0.651135005974,0.0958904109589,0.168345124585,0.0752688172043,342,156,186,0,342,0,156,0,186,37,342,0.256756756757,1.72528881811,18.4864864865,15.5454545455,9.77142857143,5.36771015539,0.290358590277,0.142642642643,9.50849154237,1.02869645341,0.544491860281,8.05331334643,0.871264894205,0.461830251304,0.640599570326,0.371299902718,2,1.72528881811,0.640599570326,2,0.344071394247,0.376569037657,810,0.104247104247,0.56957682835,37,37,37,1,0,0.405405405405,0.540540540541,0.0540540540541,37,0.117117117117,2.21261261261,8.43243243243,7.09090909091,4.45714285714,5.04722443274,0.598549051319,0.327616077616,6.00525295579,1.42432281644,0.680873180873,3.83793300225,0.910278981302,0.463617463617,1.39215458577,0.629190386892,5.2,2.21261261261,1.39215458577,5.2,0,0,0,0,0.161113233172,37,37,37,1,0,0.405405405405,0.540540540541,0.0540540540541,37,182,0.136636636637,2.14514075475,9.83783783784,8.27272727273,4.91891891892,4.35579762764,0.442759648964,0.235372735373,6.06620134836,1.23323873565,0.63171963172,3.48312103323,0.708107023239,0.378378378378,1.23766843455,0.576963740867,4.11193782911,2.14514075475,1.23766843455,4.11193782911,0.131794149983,0.0503144654088,32,0.0041184041184,0.184530375502,37,37,37,1,0,0.405405405405,0.594594594595,0,-160,-0.12012012012,0.419851936633,-8.64864864865,-7.27272727273,-4.85250965251,-1.01191252775,0.152401058687,0.0927300927301,-3.44229019402,0.20454228224,0.0872277714383,-4.5701923132,-0.163157870966,-0.0834518729256,0.59706886422,0.205663838149,2.11193782911,0.419851936633,0.59706886422,2.11193782911,-0.212277244264,-0.326254572248,-778,-0.100128700129,-0.385046452848,0,0.0540540540541,-0.0540540540541,174,8,168,982,0.508771929825,0.991919191919,0.00808080808081,0.491228070175,0.956043956044,0.508771929825,0.664122137405,0.636818874292,0.500691121744,0.497142857143,26,186,0,0,0,0
18,WLNM_dir_neg,0.529815585617,0.431272903995,00:00:14,10,10,2,1233943437,threshold_sweep,0.9,0.68,0.0913978494624,0.161137440758,17,8,169,364,0.0913978494624,0.978494623656,0.0215053763441,0.908602150538,0.68,0.0913978494624,0.161137440758,0.682795698925,0.651732377539,0.0891938250429,0.159266611876,0.0698924731183,342,156,186,0,342,0,156,0,186,37,342,0.256756756757,1.72528881811,18.4864864865,15.5454545455,9.77142857143,5.36771015539,0.290358590277,0.142642642643,9.50849154237,1.02869645341,0.544491860281,8.05331334643,0.871264894205,0.461830251304,0.640599570326,0.371299902718,2,1.72528881811,0.640599570326,2,0.344071394247,0.376569037657,810,0.104247104247,0.56957682835,37,37,37,1,0,0.405405405405,0.540540540541,0.0540540540541,37,0.117117117117,2.21261261261,8.43243243243,7.09090909091,4.45714285714,5.04722443274,0.598549051319,0.327616077616,6.00525295579,1.42432281644,0.680873180873,3.83793300225,0.910278981302,0.463617463617,1.39215458577,0.629190386892,5.2,2.21261261261,1.39215458577,5.2,0,0,0,0,0.161113233172,37,37,37,1,0,0.405405405405,0.540540540541,0.0540540540541,37,181,0.135885885886,2.15507073018,9.78378378378,8.22727272727,4.89189189189,4.39782228391,0.449501172665,0.239808869643,6.07263343838,1.24136705646,0.6340152307,3.46236739645,0.7077767606,0.379274301926,1.25400580755,0.581886148785,4.11488754509,2.15507073018,1.25400580755,4.11488754509,0.13106154925,0.0474683544304,30,0.003861003861,0.180830107516,37,37,37,1,0,0.405405405405,0.594594594595,0,-161,-0.120870870871,0.429781912068,-8.7027027027,-7.31818181818,-4.87953667954,-0.969887871485,0.159142582388,0.0971662270005,-3.435858104,0.212670603049,0.089523370419,-4.59094594999,-0.163488133605,-0.0825559493777,0.61340623722,0.210586246068,2.11488754509,0.429781912068,0.61340623722,2.11488754509,-0.213009844997,-0.329100683227,-780,-0.100386100386,-0.388746720834,0,0.0540540540541,-0.0540540540541,173,8,169,982,0.505847953216,0.991919191919,0.00808080808081,0.494152046784,0.955801104972,0.505847953216,0.661567877629,0.634570573378,0.497767145136,0.494285714286,25,186,0,0,0,0
19,WLNM_dir_neg,0.459605156666,0.316856034879,00:00:14,10,10,3,1233943438,threshold_sweep,0.1,0.464285714286,0.0698924731183,0.121495327103,13,15,173,357,0.0698924731183,0.959677419355,0.0403225806452,0.930107526882,0.464285714286,0.0698924731183,0.121495327103,0.663082437276,0.649940262843,0.037542662116,0.0638499757792,0.0295698924731,342,156,186,0,342,0,156,0,186,37,342,0.256756756757,1.72528881811,18.4864864865,15.5454545455,9.77142857143,5.36771015539,0.290358590277,0.142642642643,9.50849154237,1.02869645341,0.544491860281,8.05331334643,0.871264894205,0.461830251304,0.640599570326,0.371299902718,2,1.72528881811,0.640599570326,2,0.344071394247,0.376569037657,810,0.104247104247,0.56957682835,37,37,37,1,0,0.405405405405,0.540540540541,0.0540540540541,37,0.117117117117,2.22747747748,8.43243243243,7.09090909091,4.45714285714,5.03620525429,0.597242289772,0.326923076923,6.00525295579,1.42432281644,0.680873180873,3.83793300225,0.910278981302,0.463617463617,1.42084529335,0.637871901162,5.2,2.22747747748,1.42084529335,5.2,0,0,0,0,0.160752482811,37,37,37,1,0,0.405405405405,0.540540540541,0.0540540540541,37,184,0.138138138138,7.50778329786,9.94594594595,6.13333333333,4.97297297297,4.57618197206,0.460105252626,0.254700352526,5.75657347197,1.15757183947,0.58607520564,3.76745188339,0.757585433074,0.398942420682,3.4662676559,0.46168989146,9.66681070001,7.50778329786,3.4662676559,9.66681070001,0.114819954448,0.048730964467,32,0.0041184041184,0.170147719646,37,37,37,1,0,0.189189189189,0.810810810811,0,-158,-0.118618618619,5.78249447974,-8.54054054054,-9.41212121212,-4.79845559846,-0.79152818333,0.169746662349,0.112057709884,-3.75191807041,0.128875386057,0.0415833453591,-4.28586146304,-0.113679461131,-0.0628878306224,2.82566808557,0.0903899887427,7.66681070001,5.78249447974,2.82566808557,7.66681070001,-0.229251439799,-0.32783807319,-778,-0.100128700129,-0.399429108704,-0.216216216216,0.27027027027,-0.0540540540541,169,15,173,975,0.494152046784,0.984848484848,0.0151515151515,0.505847953216,0.91847826087,0.494152046784,0.642585551331,0.606438535405,0.479000531632,0.473389355742,28,186,0,0,0,0
20,WLNM_dir_neg,0.459605156666,0.316856034879,00:00:14,10,10,3,1233943438,threshold_sweep,0.2,0.458333333333,0.0591397849462,0.104761904762,11,13,175,359,0.0591397849462,0.965053763441,0.0349462365591,0.940860215054,0.458333333333,0.0591397849462,0.104761904762,0.663082437276,0.652329749104,0.0309278350515,0.0562148766747,0.0241935483871,342,156,186,0,342,0,156,0,186,37,342,0.256756756757,1.72528881811,18.4864864865,15.5454545455,9.77142857143,5.36771015539,0.290358590277,0.142642642643,9.50849154237,1.02869645341,0.544491860281,8.05331334643,0.871264894205,0.461830251304,0.640599570326,0.371299902718,2,1.72528881811,0.640599570326,2,0.344071394247,0.376569037657,810,0.104247104247,0.56957682835,37,37,37,1,0,0.405405405405,0.540540540541,0.0540540540541,37,0.117117117117,2.22747747748,8.43243243243,7.09090909091,4.45714285714,5.03620525429,0.597242289772,0.326923076923,6.00525295579,1.42432281644,0.680873180873,3.83793300225,0.910278981302,0.463617463617,1.42084529335,0.637871901162,5.2,2.22747747748,1.42084529335,5.2,0,0,0,0,0.160752482811,37,37,37,1,0,0.405405405405,0.540540540541,0.0540540540541,37,180,0.135135135135,7.53709114981,9.72972972973,6,4.86486486486,4.62270152285,0.475110989849,0.264414414414,5.74050986006,1.17999369346,0.592492492492,3.79445620582,0.779971553419,0.409309309309,3.48531380052,0.462421606857,9.72306527909,7.53709114981,3.48531380052,9.72306527909,0.0862965289436,0.0393907563025,25,0.0032175032175,0.169916447926,37,37,37,1,0,0.189189189189,0.810810810811,0,-162,-0.121621621622,5.81180233169,-8.75675675676,-9.54545454545,-4.90656370656,-0.745008632542,0.184752399571,0.121771771772,-3.76798168231,0.151297240042,0.0480006322112,-4.25885714061,-0.091293340786,-0.0525209419946,2.84471423019,0.0911217041391,7.72306527909,5.81180233169,2.84471423019,7.72306527909,-0.257774865304,-0.337178281354,-785,-0.10102960103,-0.399660380424,-0.216216216216,0.27027027027,-0.0540540540541,167,13,175,977,0.488304093567,0.986868686869,0.0131313131313,0.511695906433,0.927777777778,0.488304093567,0.639846743295,0.607183152936,0.475172780436,0.470422535211,24,186,0,0,0,0
21,WLNM_dir_neg,0.459605156666,0.316856034879,00:00:14,10,10,3,1233943438,threshold_sweep,0.3,0.434782608696,0.0537634408602,0.0956937799043,10,13,176,359,0.0537634408602,0.965053763441,0.0349462365591,0.94623655914,0.434782608696,0.0537634408602,0.0956937799043,0.661290322581,0.652927120669,0.0240963855422,0.0446213014657,0.0188172043011,342,156,186,0,342,0,156,0,186,37,342,0.256756756757,1.72528881811,18.4864864865,15.5454545455,9.77142857143,5.36771015539,0.290358590277,0.142642642643,9.50849154237,1.02869645341,0.544491860281,8.05331334643,0.871264894205,0.461830251304,0.640599570326,0.371299902718,2,1.72528881811,0.640599570326,2,0.344071394247,0.376569037657,810,0.104247104247,0.56957682835,37,37,37,1,0,0.405405405405,0.540540540541,0.0540540540541,37,0.117117117117,2.22747747748,8.43243243243,7.09090909091,4.45714285714,5.03620525429,0.597242289772,0.326923076923,6.00525295579,1.42432281644,0.680873180873,3.83793300225,0.910278981302,0.463617463617,1.42084529335,0.637871901162,5.2,2.22747747748,1.42084529335,5.2,0,0,0,0,0.160752482811,37,37,37,1,0,0.405405405405,0.540540540541,0.0540540540541,37,179,0.134384384384,7.54705769288,9.67567567568,5.96666666667,4.83783783784,4.63113889313,0.478637259904,0.26619356787,5.74220976393,1.18693721377,0.593688660728,3.75287677443,0.77573430533,0.406160350294,3.49181266032,0.462672050806,9.7581041616,7.54705769288,3.49181266032,9.7581041616,0.073761916409,0.0365079365079,23,0.0029601029601,0.166814584071,37,37,37,1,0,0.189189189189,0.810810810811,0,-163,-0.122372372372,5.82176887477,-8.81081081081,-9.57878787879,-4.93359073359,-0.736571262265,0.188278669627,0.123550925227,-3.76628177844,0.158240760358,0.0491968004464,-4.300436572,-0.095530588875,-0.0556699010095,2.85121308999,0.0913721480883,7.7581041616,5.82176887477,2.85121308999,7.7581041616,-0.270309477838,-0.340061101149,-787,-0.101287001287,-0.402762244279,-0.216216216216,0.27027027027,-0.0540540540541,166,13,176,977,0.485380116959,0.986868686869,0.0131313131313,0.514619883041,0.927374301676,0.485380116959,0.637236084453,0.604867635924,0.472248803828,0.467605633803,23,186,0,0,0,0
22,WLNM_dir_neg,0.459605156666,0.316856034879,00:00:14,10,10,3,1233943438,threshold_sweep,0.4,0.625,0.0537634408602,0.0990099009901,10,6,176,366,0.0537634408602,0.983870967742,0.0161290322581,0.94623655914,0.625,0.0537634408602,0.0990099009901,0.673835125448,0.657108721625,0.0487804878049,0.106304929365,0.0376344086022,342,156,186,0,342,0,156,0,186,37,342,0.256756756757,1.72528881811,18.4864864865,15.5454545455,9.77142857143,5.36771015539,0.290358590277,0.142642642643,9.50849154237,1.02869645341,0.544491860281,8.05331334643,0.871264894205,0.461830251304,0.640599570326,0.371299902718,2,1.72528881811,0.640599570326,2,0.344071394247,0.376569037657,810,0.104247104247,0.56957682835,37,37,37,1,0,0.405405405405,0.540540540541,0.0540540540541,37,0.117117117117,2.22747747748,8.43243243243,7.09090909091,4.45714285714,5.03620525429,0.597242289772,0.326923076923,6.00525295579,1.42432281644,0.680873180873,3.83793300225,0.910278981302,0.463617463617,1.42084529335,0.637871901162,5.2,2.22747747748,1.42084529335,5.2,0,0,0,0,0.160752482811,37,37,37,1,0,0.405405405405,0.540540540541,0.0540540540541,37,172,0.129129129129,2.67900653148,9.2972972973,7.47826086957,4.64864864865,4.58781517152,0.493456864379,0.268070395977,5.88414166409,1.2657746603,0.635449402891,3.76545862793,0.810011449032,0.4204902577,1.7253686726,0.644033022066,4.89005300019,2.67900653148,1.7253686726,4.89005300019,0.0591471723825,0.0153671030165,9,0.0011583011583,0.189977644549,37,37,37,1,0,0.378378378378,0.621621621622,0,-170,-0.127627627628,0.953717713362,-9.18918918919,-8.06719367589,-5.12277992278,-0.779894983871,0.203098274102,0.125427753335,-3.62434987828,0.237078206884,0.0909575426099,-4.2878547185,-0.0612534451727,-0.0413399936044,1.08476910228,0.272733119348,2.89005300019,0.953717713362,1.08476910228,2.89005300019,-0.284924221865,-0.36120193464,-801,-0.103088803089,-0.379599183801,-0.027027027027,0.0810810810811,-0.0540540540541,166,6,176,984,0.485380116959,0.993939393939,0.00606060606061,0.514619883041,0.96511627907,0.485380116959,0.645914396887,0.624399490118,0.479319510898,0.477011494253,16,186,0,0,0,0
23,WLNM_dir_neg,0.459605156666,0.316856034879,00:00:14,10,10,3,1233943438,threshold_sweep,0.5,0.625,0.0537634408602,0.0990099009901,10,6,176,366,0.0537634408602,0.983870967742,0.0161290322581,0.94623655914,0.625,0.0537634408602,0.0990099009901,0.673835125448,0.657108721625,0.0487804878049,0.106304929365,0.0376344086022,342,156,186,0,342,0,156,0,186,37,342,0.256756756757,1.72528881811,18.4864864865,15.5454545455,9.77142857143,5.36771015539,0.290358590277,0.142642642643,9.50849154237,1.02869645341,0.544491860281,8.05331334643,0.871264894205,0.461830251304,0.640599570326,0.371299902718,2,1.72528881811,0.640599570326,2,0.344071394247,0.376569037657,810,0.104247104247,0.56957682835,37,37,37,1,0,0.405405405405,0.540540540541,0.0540540540541,37,0.117117117117,2.22747747748,8.43243243243,7.09090909091,4.45714285714,5.03620525429,0.597242289772,0.326923076923,6.00525295579,1.42432281644,0.680873180873,3.83793300225,0.910278981302,0.463617463617,1.42084529335,0.637871901162,5.2,2.22747747748,1.42084529335,5.2,0,0,0,0,0.160752482811,37,37,37,1,0,0.405405405405,0.540540540541,0.0540540540541,37,172,0.129129129129,2.67900653148,9.2972972973,7.47826086957,4.64864864865,4.58781517152,0.493456864379,0.268070395977,5.88414166409,1.2657746603,0.635449402891,3.76545862793,0.810011449032,0.4204902577,1.7253686726,0.644033022066,4.89005300019,2.67900653148,1.7253686726,4.89005300019,0.0591471723825,0.0153671030165,9,0.0011583011583,0.189977644549,37,37,37,1,0,0.378378378378,0.621621621622,0,-170,-0.127627627628,0.953717713362,-9.18918918919,-8.06719367589,-5.12277992278,-0.779894983871,0.203098274102,0.125427753335,-3.62434987828,0.237078206884,0.0909575426099,-4.2878547185,-0.0612534451727,-0.0413399936044,1.08476910228,0.272733119348,2.89005300019,0.953717713362,1.08476910228,2.89005300019,-0.284924221865,-0.36120193464,-801,-0.103088803089,-0.379599183801,-0.027027027027,0.0810810810811,-0.0540540540541,166,6,176,984,0.485380116959,0.993939393939,0.00606060606061,0.514619883041,0.96511627907,0.485380116959,0.645914396887,0.624399490118,0.479319510898,0.477011494253,16,186,0,0,0,0
24,WLNM_dir_neg,0.459605156666,0.316856034879,00:00:14,10,10,3,1233943438,threshold_sweep,0.6,0.642857142857,0.0483870967742,0.09,9,5,177,367,0.0483870967742,0.986559139785,0.0134408602151,0.951612903226,0.642857142857,0.0483870967742,0.09,0.673835125448,0.658303464755,0.0454545454545,0.105333105077,0.0349462365591,342,156,186,0,342,0,156,0,186,37,342,0.256756756757,1.72528881811,18.4864864865,15.5454545455,9.77142857143,5.36771015539,0.290358590277,0.142642642643,9.50849154237,1.02869645341,0.544491860281,8.05331334643,0.871264894205,0.461830251304,0.640599570326,0.371299902718,2,1.72528881811,0.640599570326,2,0.344071394247,0.376569037657,810,0.104247104247,0.56957682835,37,37,37,1,0,0.405405405405,0.540540540541,0.0540540540541,37,0.117117117117,2.22747747748,8.43243243243,7.09090909091,4.45714285714,5.03620525429,0.597242289772,0.326923076923,6.00525295579,1.42432281644,0.680873180873,3.83793300225,0.910278981302,0.463617463617,1.42084529335,0.637871901162,5.2,2.22747747748,1.42084529335,5.2,0,0,0,0,0.160752482811,37,37,37,1,0,0.405405405405,0.540540540541,0.0540540540541,37,170,0.127627627628,2.94873569115,9.18918918919,7.39130434783,4.59459459459,4.56336765167,0.496601773858,0.269793322734,5.90413912936,1.28501851639,0.641653418124,3.74506682524,0.815102779611,0.419713831479,2.08995038476,0.70876151804,5.53569941321,2.94873569115,2.08995038476,5.53569941321,0.0564236505413,0.0104590354445,6,0.000772200772201,0.188242905858,37,37,37,1,0,0.378378378378,0.621621621622,0,-172,-0.129129129129,1.22344687304,-9.2972972973,-8.15415019763,-5.17683397683,-0.804342503722,0.206243183581,0.127150680092,-3.60435241301,0.256322062976,0.0971615578427,-4.30824652119,-0.0561621145935,-0.0421164198254,1.44935081443,0.337461615322,3.53569941321,1.22344687304,1.44935081443,3.53569941321,-0.287647743706,-0.366110002212,-804,-0.103474903475,-0.381333922492,-0.027027027027,0.0810810810811,-0.0540540540541,165,5,177,985,0.482456140351,0.994949494949,0.00505050505051,0.517543859649,0.970588235294,0.482456140351,0.64453125,0.625015325883,0.4774056353,0.475504322767,14,186,0,0,0,0
25,WLNM_dir_neg,0.459605156666,0.316856034879,00:00:14,10,10,3,1233943438,threshold_sweep,0.7,0.642857142857,0.0483870967742,0.09,9,5,177,367,0.0483870967742,0.986559139785,0.0134408602151,0.951612903226,0.642857142857,0.0483870967742,0.09,0.673835125448,0.658303464755,0.0454545454545,0.105333105077,0.0349462365591,342,156,186,0,342,0,156,0,186,37,342,0.256756756757,1.72528881811,18.4864864865,15.5454545455,9.77142857143,5.36771015539,0.290358590277,0.142642642643,9.50849154237,1.02869645341,0.544491860281,8.05331334643,0.871264894205,0.461830251304,0.640599570326,0.371299902718,2,1.72528881811,0.640599570326,2,0.344071394247,0.376569037657,810,0.104247104247,0.56957682835,37,37,37,1,0,0.405405405405,0.540540540541,0.0540540540541,37,0.117117117117,2.22747747748,8.43243243243,7.09090909091,4.45714285714,5.03620525429,0.597242289772,0.326923076923,6.00525295579,1.42432281644,0.680873180873,3.83793300225,0.910278981302,0.463617463617,1.42084529335,0.637871901162,5.2,2.22747747748,1.42084529335,5.2,0,0,0,0,0.160752482811,37,37,37,1,0,0.405405405405,0.540540540541,0.0540540540541,37,170,0.127627627628,2.94873569115,9.18918918919,7.39130434783,4.59459459459,4.56336765167,0.496601773858,0.269793322734,5.90413912936,1.28501851639,0.641653418124,3.74506682524,0.815102779611,0.419713831479,2.08995038476,0.70876151804,5.53569941321,2.94873569115,2.08995038476,5.53569941321,0.0564236505413,0.0104590354445,6,0.000772200772201,0.188242905858,37,37,37,1,0,0.378378378378,0.621621621622,0,-172,-0.129129129129,1.22344687304,-9.2972972973,-8.15415019763,-5.17683397683,-0.804342503722,0.206243183581,0.127150680092,-3.60435241301,0.256322062976,0.0971615578427,-4.30824652119,-0.0561621145935,-0.0421164198254,1.44935081443,0.337461615322,3.53569941321,1.22344687304,1.44935081443,3.53569941321,-0.287647743706,-0.366110002212,-804,-0.103474903475,-0.381333922492,-0.027027027027,0.0810810810811,-0.0540540540541,165,5,177,985,0.482456140351,0.994949494949,0.00505050505051,0.517543859649,0.970588235294,0.482456140351,0.64453125,0.625015325883,0.4774056353,0.475504322767,14,186,0,0,0,0
26,WLNM_dir_neg,0.459605156666,0.316856034879,00:00:14,10,10,3,1233943438,threshold_sweep,0.8,0.666666666667,0.0430107526882,0.0808080808081,8,4,178,368,0.0430107526882,0.989247311828,0.010752688172,0.956989247312,0.666666666667,0.0430107526882,0.0808080808081,0.673835125448,0.659498207885,0.0421052631579,0.104828483672,0.0322580645161,342,156,186,0,342,0,156,0,186,37,342,0.256756756757,1.72528881811,18.4864864865,15.5454545455,9.77142857143,5.36771015539,0.290358590277,0.142642642643,9.50849154237,1.02869645341,0.544491860281,8.05331334643,0.871264894205,0.461830251304,0.640599570326,0.371299902718,2,1.72528881811,0.640599570326,2,0.344071394247,0.376569037657,810,0.104247104247,0.56957682835,37,37,37,1,0,0.405405405405,0.540540540541,0.0540540540541,37,0.117117117117,2.22747747748,8.43243243243,7.09090909091,4.45714285714,5.03620525429,0.597242289772,0.326923076923,6.00525295579,1.42432281644,0.680873180873,3.83793300225,0.910278981302,0.463617463617,1.42084529335,0.637871901162,5.2,2.22747747748,1.42084529335,5.2,0,0,0,0,0.160752482811,37,37,37,1,0,0.405405405405,0.540540540541,0.0540540540541,37,168,0.126126126126,2.95604226806,9.08108108108,7.30434782609,4.66666666667,4.5848687027,0.504881375,0.274774774775,5.90006871238,1.29941989499,0.644144144144,3.79029898113,0.834768227987,0.43018018018,2.09977395916,0.710332860204,5.53742134535,2.95604226806,2.09977395916,5.53742134535,0.0504775784188,0.00887573964497,5,0.000643500643501,0.18730966036,37,37,37,1,0,0.378378378378,0.594594594595,0.027027027027,-174,-0.130630630631,1.23075344995,-9.40540540541,-8.24110671937,-5.10476190476,-0.782841452691,0.214522784723,0.132132132132,-3.60842282999,0.270723441574,0.0996522838628,-4.2630143653,-0.0364966662176,-0.0316500711238,1.45917438883,0.339032957486,3.53742134535,1.23075344995,1.45917438883,3.53742134535,-0.293593815829,-0.367693298012,-805,-0.103603603604,-0.38226716799,-0.027027027027,0.0540540540541,-0.027027027027,164,4,178,986,0.479532163743,0.99595959596,0.0040404040404,0.520467836257,0.97619047619,0.479532163743,0.643137254902,0.625665941151,0.475491759702,0.473988439306,12,186,0,0,0,0
27,WLNM_dir_neg,0.459605156666,0.316856034879,00:00:14,10,10,3,1233943438,threshold_sweep,0.9,0.6,0.0322580645161,0.0612244897959,6,4,180,368,0.0322580645161,0.989247311828,0.010752688172,0.967741935484,0.6,0.0322580645161,0.0612244897959,0.670250896057,0.660692951016,0.0281690140845,0.0764160719901,0.0215053763441,342,156,186,0,342,0,156,0,186,37,342,0.256756756757,1.72528881811,18.4864864865,15.5454545455,9.77142857143,5.36771015539,0.290358590277,0.142642642643,9.50849154237,1.02869645341,0.544491860281,8.05331334643,0.871264894205,0.461830251304,0.640599570326,0.371299902718,2,1.72528881811,0.640599570326,2,0.344071394247,0.376569037657,810,0.104247104247,0.56957682835,37,37,37,1,0,0.405405405405,0.540540540541,0.0540540540541,37,0.117117117117,2.22747747748,8.43243243243,7.09090909091,4.45714285714,5.03620525429,0.597242289772,0.326923076923,6.00525295579,1.42432281644,0.680873180873,3.83793300225,0.910278981302,0.463617463617,1.42084529335,0.637871901162,5.2,2.22747747748,1.42084529335,5.2,0,0,0,0,0.160752482811,37,37,37,1,0,0.405405405405,0.540540540541,0.0540540540541,37,166,0.124624624625,2.95397548086,8.97297297297,7.21739130435,4.61111111111,4.65764894487,0.519075334218,0.282969716705,5.88605518541,1.3119520594,0.646043633995,3.82696297939,0.852997772515,0.436339954412,2.09753553529,0.710072087219,5.53005063435,2.95397548086,2.09753553529,5.53005063435,0.0359344638756,0.00539568345324,3,0.0003861003861,0.185937240509,37,37,37,1,0,0.378378378378,0.594594594595,0.027027027027,-176,-0.132132132132,1.22868666274,-9.51351351351,-8.32806324111,-5.16031746032,-0.710061210518,0.228716743941,0.140327074062,-3.62243635697,0.283255605983,0.101551773714,-4.22635036704,-0.0182671216895,-0.0254902968917,1.45693596496,0.338772184501,3.53005063435,1.22868666274,1.45693596496,3.53005063435,-0.308136930372,-0.371173354204,-807,-0.103861003861,-0.383639587841,-0.027027027027,0.0540540540541,-0.027027027027,162,4,180,986,0.473684210526,0.99595959596,0.0040404040404,0.526315789474,0.975903614458,0.473684210526,0.637795275591,0.621149200361,0.469643806486,0.468208092486,10,186,0,0,0,0
28,WLNM_dir_neg,0.410177477165,0.300154271137,00:00:17,10,10,4,1233943439,threshold_sweep,0.1,0.297297297297,0.0591397849462,0.0986547085202,11,26,175,346,0.0591397849462,0.930107526882,0.0698924731183,0.940860215054,0.297297297297,0.0591397849462,0.0986547085202,0.639784946237,0.644563918757,-0.0134453781513,-0.0203716060827,-0.010752688172,342,156,186,0,342,0,156,0,186,37,342,0.256756756757,1.72528881811,18.4864864865,15.5454545455,9.77142857143,5.36771015539,0.290358590277,0.142642642643,9.50849154237,1.02869645341,0.544491860281,8.05331334643,0.871264894205,0.461830251304,0.640599570326,0.371299902718,2,1.72528881811,0.640599570326,2,0.344071394247,0.376569037657,810,0.104247104247,0.56957682835,37,37,37,1,0,0.405405405405,0.540540540541,0.0540540540541,37,0.117117117117,2.18635635636,8.43243243243,7.09090909091,4.45714285714,5.03620525429,0.597242289772,0.326923076923,6.00062559301,1.42322530091,0.680526680527,3.83793300225,0.910278981302,0.463617463617,1.32204914232,0.604681454823,4.3462962963,2.18635635636,1.32204914232,4.3462962963,0,0,0,0,0.160896782956,37,37,37,1,0,0.405405405405,0.540540540541,0.0540540540541,37,193,0.144894894895,5.54320699372,10.4324324324,6.89285714286,5.36111111111,4.6039870435,0.441314820232,0.240022405826,5.78376624285,1.10880492739,0.578350371096,3.48915092453,0.668904581387,0.358493208234,2.94309063189,0.530936448021,7.97150020689,5.54320699372,2.94309063189,7.97150020689,0.102459554782,0.0415076335878,29,0.0037323037323,0.166232932726,37,37,37,1,0,0.243243243243,0.72972972973,0.027027027027,-149,-0.111861861862,3.81791817561,-8.05405405405,-8.6525974026,-4.41031746032,-0.763723111895,0.150956229955,0.0973797631829,-3.72472529952,0.0801084739713,0.0338585108152,-4.5641624219,-0.202360312818,-0.10333704307,2.30249106157,0.159636545303,5.97150020689,3.81791817561,2.30249106157,5.97150020689,-0.241611839466,-0.335061404069,-781,-0.100514800515,-0.403343895624,-0.162162162162,0.189189189189,-0.027027027027,167,26,175,964,0.488304093567,0.973737373737,0.0262626262626,0.511695906433,0.865284974093,0.488304093567,0.624299065421,0.573417691724,0.462041467305,0.453804347826,37,186,0,0,0,0
29,WLNM_dir_neg,0.410177477165,0.300154271137,00:00:17,10,10,4,1233943439,threshold_sweep,0.2,0.333333333333,0.0537634408602,0.0925925925926,10,20,176,352,0.0537634408602,0.94623655914,0.0537634408602,0.94623655914,0.333333333333,0.0537634408602,0.0925925925926,0.648745519713,0.648745519713,0,0,0,342,156,186,0,342,0,156,0,186,37,342,0.256756756757,1.72528881811,18.4864864865,15.5454545455,9.77142857143,5.36771015539,0.290358590277,0.142642642643,9.50849154237,1.02869645341,0.544491860281,8.05331334643,0.871264894205,0.461830251304,0.640599570326,0.371299902718,2,1.72528881811,0.640599570326,2,0.344071394247,0.376569037657,810,0.104247104247,0.56957682835,37,37,37,1,0,0.405405405405,0.540540540541,0.0540540540541,37,0.117117117117,2.18635635636,8.43243243243,7.09090909091,4.45714285714,5.03620525429,0.597242289772,0.326923076923,6.00062559301,1.42322530091,0.680526680527,3.83793300225,0.910278981302,0.463617463617,1.32204914232,0.604681454823,4.3462962963,2.18635635636,1.32204914232,4.3462962963,0,0,0,0,0.160896782956,37,37,37,1,0,0.405405405405,0.540540540541,0.0540540540541,37,186,0.13963963964,2.71668974062,10.0540540541,8.08695652174,5.16666666667,4.52122123341,0.449691359237,0.241063644289,5.89955971279,1.17356832996,0.607672188317,3.35399004907,0.667191568901,0.35803545481,1.75001624533,0.644172287754,5.12753043686,2.71668974062,1.75001624533,5.12753043686,0.0974560218368,0.033350176857,22,0.0028314028314,0.175121263859,37,37,37,1,0,0.378378378378,0.594594594595,0.027027027027,-156,-0.117117117117,0.991400922501,-8.43243243243,-7.45849802372,-4.60476190476,-0.846488921983,0.15933276896,0.0984210016468,-3.60893182958,0.144871876549,0.063180328036,-4.69932329737,-0.204073325304,-0.103794796494,1.10941667501,0.272872385037,3.12753043686,0.991400922501,1.10941667501,3.12753043686,-0.246615372411,-0.3432188608,-788,-0.101415701416,-0.394455564491,-0.027027027027,0.0540540540541,-0.027027027027,166,20,176,970,0.485380116959,0.979797979798,0.020202020202,0.514619883041,0.89247311828,0.485380116959,0.628787878788,0.586274664572,0.465178096757,0.458563535912,30,186,0,0,0,0
30,WLNM_dir_neg,0.410177477165,0.300154271137,00:00:17,10,10,4,1233943439,threshold_sweep,0.3,0.321428571429,0.0483870967742,0.0841121495327,9,19,177,353,0.0483870967742,0.948924731183,0.0510752688172,0.951612903226,0.321428571429,0.0483870967742,0.0841121495327,0.648745519713,0.649940262843,-0.00341296928328,-0.00580454325266,-0.00268817204301,342,156,186,0,342,0,156,0,186,37,342,0.256756756757,1.72528881811,18.4864864865,15.5454545455,9.77142857143,5.36771015539,0.290358590277,0.142642642643,9.50849154237,1.02869645341,0.544491860281,8.05331334643,0.871264894205,0.461830251304,0.640599570326,0.371299902718,2,1.72528881811,0.640599570326,2,0.344071394247,0.376569037657,810,0.104247104247,0.56957682835,37,37,37,1,0,0.405405405405,0.540540540541,0.0540540540541,37,0.117117117117,2.18635635636,8.43243243243,7.09090909091,4.45714285714,5.03620525429,0.597242289772,0.326923076923,6.00062559301,1.42322530091,0.680526680527,3.83793300225,0.910278981302,0.463617463617,1.32204914232,0.604681454823,4.3462962963,2.18635635636,1.32204914232,4.3462962963,0,0,0,0,0.160896782956,37,37,37,1,0,0.405405405405,0.540540540541,0.0540540540541,37,184,0.138138138138,2.70861198152,9.94594594595,8,5.11111111111,4.57618197206,0.460105252626,0.247209165687,5.90426628468,1.18727093768,0.610458284371,3.39514757073,0.68271989194,0.365746180964,1.73871228312,0.641920029515,5.04656814951,2.70861198152,1.73871228312,5.04656814951,0.089752164133,0.0289634146341,19,0.0024453024453,0.174561751832,37,37,37,1,0,0.378378378378,0.594594594595,0.027027027027,-158,-0.118618618619,0.98332316341,-8.54054054054,-7.54545454545,-4.66031746032,-0.79152818333,0.169746662349,0.104566523045,-3.6042252577,0.158574484265,0.06596642409,-4.65816577571,-0.188545002265,-0.0960840703404,1.0981127128,0.270620126797,3.04656814951,0.98332316341,1.0981127128,3.04656814951,-0.254319230114,-0.347605623023,-791,-0.101801801802,-0.395015076518,-0.027027027027,0.0540540540541,-0.027027027027,165,19,177,971,0.482456140351,0.980808080808,0.0191919191919,0.517543859649,0.896739130435,0.482456140351,0.627376425856,0.586515582411,0.463264221159,0.457063711911,28,186,0,0,0,0
31,WLNM_dir_neg,0.410177477165,0.300154271137,00:00:17,10,10,4,1233943439,threshold_sweep,0.4,0.333333333333,0.0483870967742,0.0845070422535,9,18,177,354,0.0483870967742,0.951612903226,0.0483870967742,0.951612903226,0.333333333333,0.0483870967742,0.0845070422535,0.650537634409,0.650537634409,0,0,0,342,156,186,0,342,0,156,0,186,37,342,0.256756756757,1.72528881811,18.4864864865,15.5454545455,9.77142857143,5.36771015539,0.290358590277,0.142642642643,9.50849154237,1.02869645341,0.544491860281,8.05331334643,0.871264894205,0.461830251304,0.640599570326,0.371299902718,2,1.72528881811,0.640599570326,2,0.344071394247,0.376569037657,810,0.104247104247,0.56957682835,37,37,37,1,0,0.405405405405,0.540540540541,0.0540540540541,37,0.117117117117,2.18635635636,8.43243243243,7.09090909091,4.45714285714,5.03620525429,0.597242289772,0.326923076923,6.00062559301,1.42322530091,0.680526680527,3.83793300225,0.910278981302,0.463617463617,1.32204914232,0.604681454823,4.3462962963,2.18635635636,1.32204914232,4.3462962963,0,0,0,0,0.160896782956,37,37,37,1,0,0.405405405405,0.540540540541,0.0540540540541,37,183,0.137387387387,2.69348482184,9.89189189189,7.95652173913,5.08333333333,4.56912211227,0.461905787306,0.248264658101,5.91112860979,1.19514622165,0.612907989957,3.4152106324,0.690507067753,0.369221680697,1.7179460468,0.637815380607,4.89960487988,2.69348482184,1.7179460468,4.89960487988,0.0770508043728,0.0246153846154,16,0.0020592020592,0.175032664834,37,37,37,1,0,0.378378378378,0.594594594595,0.027027027027,-159,-0.119369369369,0.968196003729,-8.59459459459,-7.58893280632,-4.6880952381,-0.798588043119,0.171547197029,0.105622015458,-3.59736293259,0.166449768236,0.0684161296758,-4.63810271403,-0.180757826452,-0.0926085706068,1.07734647648,0.26651547789,2.89960487988,0.968196003729,1.07734647648,2.89960487988,-0.267020589875,-0.351953653042,-794,-0.102187902188,-0.394544163515,-0.027027027027,0.0540540540541,-0.027027027027,165,18,177,972,0.482456140351,0.981818181818,0.0181818181818,0.517543859649,0.901639344262,0.482456140351,0.628571428571,0.589141689327,0.464274322169,0.458333333333,27,186,0,0,0,0
32,WLNM_dir_neg,0.410177477165,0.300154271137,00:00:17,10,10,4,1233943439,threshold_sweep,0.5,0.32,0.0430107526882,0.0758293838863,8,17,178,355,0.0430107526882,0.954301075269,0.0456989247312,0.956989247312,0.32,0.0430107526882,0.0758293838863,0.650537634409,0.651732377539,-0.00343053173242,-0.00612563891832,-0.00268817204301,342,156,186,0,342,0,156,0,186,37,342,0.256756756757,1.72528881811,18.4864864865,15.5454545455,9.77142857143,5.36771015539,0.290358590277,0.142642642643,9.50849154237,1.02869645341,0.544491860281,8.05331334643,0.871264894205,0.461830251304,0.640599570326,0.371299902718,2,1.72528881811,0.640599570326,2,0.344071394247,0.376569037657,810,0.104247104247,0.56957682835,37,37,37,1,0,0.405405405405,0.540540540541,0.0540540540541,37,0.117117117117,2.18635635636,8.43243243243,7.09090909091,4.45714285714,5.03620525429,0.597242289772,0.326923076923,6.00062559301,1.42322530091,0.680526680527,3.83793300225,0.910278981302,0.463617463617,1.32204914232,0.604681454823,4.3462962963,2.18635635636,1.32204914232,4.3462962963,0,0,0,0,0.160896782956,37,37,37,1,0,0.405405405405,0.540540540541,0.0540540540541,37,181,0.135885885886,2.64760612618,9.78378378378,7.86956521739,5.02777777778,4.64360453345,0.474622562811,0.255188890548,5.92913607996,1.21203334231,0.618485889204,3.4301262026,0.701186019316,0.375989248917,1.66597315106,0.629237534461,4.78784636437,2.64760612618,1.66597315106,4.78784636437,0.063236990559,0.018691588785,12,0.0015444015444,0.171319093666,37,37,37,1,0,0.378378378378,0.594594594595,0.027027027027,-161,-0.120870870871,0.922317308063,-8.7027027027,-7.67588932806,-4.74365079365,-0.724105621945,0.184263972534,0.112546247905,-3.57935546242,0.183336888897,0.0739940289228,-4.62318714383,-0.170078874889,-0.0858410023865,1.02537358073,0.257937631744,2.78784636437,0.922317308063,1.02537358073,2.78784636437,-0.280834403688,-0.357877448872,-798,-0.102702702703,-0.398257734684,-0.027027027027,0.0540540540541,-0.027027027027,164,17,178,973,0.479532163743,0.982828282828,0.0171717171717,0.520467836257,0.906077348066,0.479532163743,0.627151051625,0.589432903628,0.462360446571,0.456824512535,25,186,0,0,0,0
33,WLNM_dir_neg,0.410177477165,0.300154271137,00:00:17,10,10,4,1233943439,threshold_sweep,0.6,0.304347826087,0.0376344086022,0.066985645933,7,16,179,356,0.0376344086022,0.956989247312,0.0430107526882,0.962365591398,0.304347826087,0.0376344086022,0.066985645933,0.650537634409,0.652927120669,-0.00688468158348,-0.0127489432759,-0.00537634408602,342,156,186,0,342,0,156,0,186,37,342,0.256756756757,1.72528881811,18.4864864865,15.5454545455,9.77142857143,5.36771015539,0.290358590277,0.142642642643,9.50849154237,1.02869645341,0.544491860281,8.05331334643,0.871264894205,0.461830251304,0.640599570326,0.371299902718,2,1.72528881811,0.640599570326,2,0.344071394247,0.376569037657,810,0.104247104247,0.56957682835,37,37,37,1,0,0.405405405405,0.540540540541,0.0540540540541,37,0.117117117117,2.18635635636,8.43243243243,7.09090909091,4.45714285714,5.03620525429,0.597242289772,0.326923076923,6.00062559301,1.42322530091,0.680526680527,3.83793300225,0.910278981302,0.463617463617,1.32204914232,0.604681454823,4.3462962963,2.18635635636,1.32204914232,4.3462962963,0,0,0,0,0.160896782956,37,37,37,1,0,0.405405405405,0.540540540541,0.0540540540541,37,179,0.134384384384,2.47733347994,9.67567567568,7.78260869565,4.97222222222,4.71436371372,0.487238707842,0.261512909558,5.9372342678,1.22724954139,0.623886456289,3.44410537903,0.711910050414,0.380190246112,1.47572816454,0.595692173253,4.24049632041,2.47733347994,1.47572816454,4.24049632041,0.0561799335019,0.0157728706625,10,0.001287001287,0.16810064435,37,37,37,1,0,0.378378378378,0.594594594595,0.027027027027,-163,-0.122372372372,0.752044661822,-8.81081081081,-7.7628458498,-4.79920634921,-0.653346441675,0.196880117565,0.118870266915,-3.57125727457,0.198553087974,0.0793945960074,-4.6092079674,-0.159354843791,-0.0816400051919,0.835128594211,0.224392270536,2.24049632041,0.752044661822,0.835128594211,2.24049632041,-0.287891460746,-0.360796166994,-800,-0.10296010296,-0.401476184,-0.027027027027,0.0540540540541,-0.027027027027,163,16,179,974,0.476608187135,0.983838383838,0.0161616161616,0.523391812865,0.91061452514,0.476608187135,0.625719769674,0.58975105198,0.460446570973,0.45530726257,23,186,0,0,0,0
34,WLNM_dir_neg,0.410177477165,0.300154271137,00:00:17,10,10,4,1233943439,threshold_sweep,0.7,0.304347826087,0.0376344086022,0.066985645933,7,16,179,356,0.0376344086022,0.956989247312,0.0430107526882,0.962365591398,0.304347826087,0.0376344086022,0.066985645933,0.650537634409,0.652927120669,-0.00688468158348,-0.0127489432759,-0.00537634408602,342,156,186,0,342,0,156,0,186,37,342,0.256756756757,1.72528881811,18.4864864865,15.5454545455,9.77142857143,5.36771015539,0.290358590277,0.142642642643,9.50849154237,1.02869645341,0.544491860281,8.05331334643,0.871264894205,0.461830251304,0.640599570326,0.371299902718,2,1.72528881811,0.640599570326,2,0.344071394247,0.376569037657,810,0.104247104247,0.56957682835,37,37,37,1,0,0.405405405405,0.540540540541,0.0540540540541,37,0.117117117117,2.18635635636,8.43243243243,7.09090909091,4.45714285714,5.03620525429,0.597242289772,0.326923076923,6.00062559301,1.42322530091,0.680526680527,3.83793300225,0.910278981302,0.463617463617,1.32204914232,0.604681454823,4.3462962963,2.18635635636,1.32204914232,4.3462962963,0,0,0,0,0.160896782956,37,37,37,1,0,0.405405405405,0.540540540541,0.0540540540541,37,179,0.134384384384,2.47733347994,9.67567567568,7.78260869565,4.97222222222,4.71436371372,0.487238707842,0.261512909558,5.9372342678,1.22724954139,0.623886456289,3.44410537903,0.711910050414,0.380190246112,1.47572816454,0.595692173253,4.24049632041,2.47733347994,1.47572816454,4.24049632041,0.0561799335019,0.0157728706625,10,0.001287001287,0.16810064435,37,37,37,1,0,0.378378378378,0.594594594595,0.027027027027,-163,-0.122372372372,0.752044661822,-8.81081081081,-7.7628458498,-4.79920634921,-0.653346441675,0.196880117565,0.118870266915,-3.57125727457,0.198553087974,0.0793945960074,-4.6092079674,-0.159354843791,-0.0816400051919,0.835128594211,0.224392270536,2.24049632041,0.752044661822,0.835128594211,2.24049632041,-0.287891460746,-0.360796166994,-800,-0.10296010296,-0.401476184,-0.027027027027,0.0540540540541,-0.027027027027,163,16,179,974,0.476608187135,0.983838383838,0.0161616161616,0.523391812865,0.91061452514,0.476608187135,0.625719769674,0.58975105198,0.460446570973,0.45530726257,23,186,0,0,0,0
35,WLNM_dir_neg,0.410177477165,0.300154271137,00:00:17,10,10,4,1233943439,threshold_sweep,0.8,0.318181818182,0.0376344086022,0.0673076923077,7,15,179,357,0.0376344086022,0.959677419355,0.0403225806452,0.962365591398,0.318181818182,0.0376344086022,0.0673076923077,0.652329749104,0.653524492234,-0.00344827586207,-0.00651165326338,-0.00268817204301,342,156,186,0,342,0,156,0,186,37,342,0.256756756757,1.72528881811,18.4864864865,15.5454545455,9.77142857143,5.36771015539,0.290358590277,0.142642642643,9.50849154237,1.02869645341,0.544491860281,8.05331334643,0.871264894205,0.461830251304,0.640599570326,0.371299902718,2,1.72528881811,0.640599570326,2,0.344071394247,0.376569037657,810,0.104247104247,0.56957682835,37,37,37,1,0,0.405405405405,0.540540540541,0.0540540540541,37,0.117117117117,2.18635635636,8.43243243243,7.09090909091,4.45714285714,5.03620525429,0.597242289772,0.326923076923,6.00062559301,1.42322530091,0.680526680527,3.83793300225,0.910278981302,0.463617463617,1.32204914232,0.604681454823,4.3462962963,2.18635635636,1.32204914232,4.3462962963,0,0,0,0,0.160896782956,37,37,37,1,0,0.405405405405,0.540540540541,0.0540540540541,37,178,0.133633633634,2.52009213443,9.62162162162,7.73913043478,4.94444444444,4.70432042176,0.488932178667,0.263133920437,5.95276704025,1.2373729241,0.627998785302,3.46280103254,0.719795720248,0.383237169754,1.53412450234,0.608757307473,4.247351355,2.52009213443,1.53412450234,4.247351355,0.0496748990557,0.0143388210303,9,0.0011583011583,0.168331210885,37,37,37,1,0,0.378378378378,0.594594594595,0.027027027027,-164,-0.123123123123,0.794803316319,-8.86486486486,-7.80632411067,-4.82698412698,-0.663389733629,0.198573588389,0.120491277795,-3.55572450213,0.208676470681,0.0835069250208,-4.59051231389,-0.151469173957,-0.0785930815499,0.893524932015,0.237457404755,2.247351355,0.794803316319,0.893524932015,2.247351355,-0.294396495192,-0.362230216627,-801,-0.103088803089,-0.401245617465,-0.027027027027,0.0540540540541,-0.027027027027,163,15,179,975,0.476608187135,0.984848484848,0.0151515151515,0.523391812865,0.915730337079,0.476608187135,0.626923076923,0.592445867376,0.461456671983,0.456582633053,22,186,0,0,0,0
36,WLNM_dir_neg,0.410177477165,0.300154271137,00:00:17,10,10,4,1233943439,threshold_sweep,0.9,0.35,0.0376344086022,0.0679611650485,7,13,179,359,0.0376344086022,0.965053763441,0.0349462365591,0.962365591398,0.35,0.0376344086022,0.0679611650485,0.655913978495,0.654719235364,0.00346020761246,0.00681677353937,0.00268817204301,342,156,186,0,342,0,156,0,186,37,342,0.256756756757,1.72528881811,18.4864864865,15.5454545455,9.77142857143,5.36771015539,0.290358590277,0.142642642643,9.50849154237,1.02869645341,0.544491860281,8.05331334643,0.871264894205,0.461830251304,0.640599570326,0.371299902718,2,1.72528881811,0.640599570326,2,0.344071394247,0.376569037657,810,0.104247104247,0.56957682835,37,37,37,1,0,0.405405405405,0.540540540541,0.0540540540541,37,0.117117117117,2.18635635636,8.43243243243,7.09090909091,4.45714285714,5.03620525429,0.597242289772,0.326923076923,6.00062559301,1.42322530091,0.680526680527,3.83793300225,0.910278981302,0.463617463617,1.32204914232,0.604681454823,4.3462962963,2.18635635636,1.32204914232,4.3462962963,0,0,0,0,0.160896782956,37,37,37,1,0,0.405405405405,0.540540540541,0.0540540540541,37,176,0.132132132132,2.51889006973,9.51351351351,7.65217391304,4.88888888889,4.71181506441,0.495276015293,0.267813267813,5.96939139558,1.25492887293,0.633292383292,3.47535294295,0.730613970961,0.386363636364,1.54502437687,0.613375071598,4.30375982332,2.51889006973,1.54502437687,4.30375982332,0.0509920921686,0.012972972973,8,0.0010296010296,0.163334758063,37,37,37,1,0,0.378378378378,0.594594594595,0.027027027027,-166,-0.124624624625,0.793601251614,-8.97297297297,-7.89328063241,-4.88253968254,-0.655895090983,0.204917425016,0.125170625171,-3.53910014679,0.22623241952,0.088800523011,-4.57796040348,-0.140650923244,-0.0754666149403,0.904424806541,0.24207516888,2.30375982332,0.793601251614,0.904424806541,2.30375982332,-0.293079302079,-0.363596064684,-802,-0.103217503218,-0.406242070287,-0.027027027027,0.0540540540541,-0.027027027027,163,13,179,977,0.476608187135,0.986868686869,0.0131313131313,0.523391812865,0.926136363636,0.476608187135,0.629343629344,0.597892999564,0.463476874003,0.459154929577,20,186,0,0,0,0
37,WLNM_dir_neg,0.436192045323,0.30257966518,00:00:17,10,10,5,1233943440,threshold_sweep,0.1,0.243902439024,0.0537634408602,0.0881057268722,10,31,176,341,0.0537634408602,0.916666666667,0.0833333333333,0.94623655914,0.243902439024,0.0537634408602,0.0881057268722,0.629032258065,0.642174432497,-0.0367278797997,-0.0534245025989,-0.0295698924731,342,156,186,0,342,0,156,0,186,37,342,0.256756756757,1.72528881811,18.4864864865,15.5454545455,9.77142857143,5.36771015539,0.290358590277,0.142642642643,9.50849154237,1.02869645341,0.544491860281,8.05331334643,0.871264894205,0.461830251304,0.640599570326,0.371299902718,2,1.72528881811,0.640599570326,2,0.344071394247,0.376569037657,810,0.104247104247,0.56957682835,37,37,37,1,0,0.405405405405,0.540540540541,0.0540540540541,37,0.117117117117,2.21261261261,8.43243243243,7.09090909091,4.45714285714,5.04722443274,0.598549051319,0.327616077616,6.00525295579,1.42432281644,0.680873180873,3.83793300225,0.910278981302,0.463617463617,1.39215458577,0.629190386892,5.2,2.21261261261,1.39215458577,5.2,0,0,0,0,0.161113233172,37,37,37,1,0,0.405405405405,0.540540540541,0.0540540540541,37,197,0.147897897898,21.9040433669,10.6486486486,5.62857142857,5.32432432432,5.3031239023,0.498009097424,0.270681849362,5.61275360256,1.05417199642,0.533132116888,3.60596769301,0.677262967722,0.364384689258,5.37111569117,0.245211151257,25.5091340129,21.9040433669,5.37111569117,25.5091340129,0.0934397346162,0.0351145038168,23,0.0029601029601,0.153498453406,37,37,37,1,0,0.0540540540541,0.945945945946,0,-145,-0.108858858859,20.1787545487,-7.83783783784,-9.91688311688,-4.4471042471,-0.0645862530954,0.207650507147,0.128039206719,-3.89573793982,0.0254755430043,-0.0113597433929,-4.44734565343,-0.194001926483,-0.0974455620461,4.73051612085,-0.126088751461,23.5091340129,20.1787545487,4.73051612085,23.5091340129,-0.250631659631,-0.34145453384,-787,-0.101287001287,-0.416078374944,-0.351351351351,0.405405405405,-0.0540540540541,166,31,176,959,0.485380116959,0.968686868687,0.0313131313131,0.514619883041,0.842639593909,0.485380116959,0.615955473098,0.558752568845,0.454066985646,0.445040214477,41,186,0,0,0,0
38,WLNM_dir_neg,0.436192045323,0.30257966518,00:00:17,10,10,5,1233943440,threshold_sweep,0.2,0.25,0.0537634408602,0.0884955752212,10,30,176,342,0.0537634408602,0.91935483871,0.0806451612903,0.94623655914,0.25,0.0537634408602,0.0884955752212,0.63082437276,0.642771804062,-0.0334448160535,-0.0491235932432,-0.0268817204301,342,156,186,0,342,0,156,0,186,37,342,0.256756756757,1.72528881811,18.4864864865,15.5454545455,9.77142857143,5.36771015539,0.290358590277,0.142642642643,9.50849154237,1.02869645341,0.544491860281,8.05331334643,0.871264894205,0.461830251304,0.640599570326,0.371299902718,2,1.72528881811,0.640599570326,2,0.344071394247,0.376569037657,810,0.104247104247,0.56957682835,37,37,37,1,0,0.405405405405,0.540540540541,0.0540540540541,37,0.117117117117,2.21261261261,8.43243243243,7.09090909091,4.45714285714,5.04722443274,0.598549051319,0.327616077616,6.00525295579,1.42432281644,0.680873180873,3.83793300225,0.910278981302,0.463617463617,1.39215458577,0.629190386892,5.2,2.21261261261,1.39215458577,5.2,0,0,0,0,0.161113233172,37,37,37,1,0,0.405405405405,0.540540540541,0.0540540540541,37,196,0.147147147147,21.5418251638,10.5945945946,5.6,5.2972972973,5.27288377487,0.497695662424,0.26999448428,5.61181721838,1.05937365857,0.533921676779,3.58131621416,0.676064795531,0.365416436845,5.2585744336,0.244109976458,24.8956901267,21.5418251638,5.2585744336,24.8956901267,0.0934397346162,0.0351145038168,23,0.0029601029601,0.151822673537,37,37,37,1,0,0.0540540540541,0.945945945946,0,-146,-0.10960960961,19.8165363457,-7.89189189189,-9.94545454545,-4.47413127413,-0.0948263805218,0.207337072147,0.127351841638,-3.896674324,0.0306772051567,-0.0105701835025,-4.47199713227,-0.195200098674,-0.0964138144589,4.61797486328,-0.12718992626,22.8956901267,19.8165363457,4.61797486328,22.8956901267,-0.250631659631,-0.34145453384,-787,-0.101287001287,-0.417754154813,-0.351351351351,0.405405405405,-0.0540540540541,166,30,176,960,0.485380116959,0.969696969697,0.030303030303,0.514619883041,0.84693877551,0.485380116959,0.617100371747,0.5611751329,0.455077086656,0.44623655914,40,186,0,0,0,0
39,WLNM_dir_neg,0.436192045323,0.30257966518,00:00:17,10,10,5,1233943440,threshold_sweep,0.3,0.294117647059,0.0537634408602,0.0909090909091,10,24,176,348,0.0537634408602,0.935483870968,0.0645161290323,0.94623655914,0.294117647059,0.0537634408602,0.0909090909091,0.641577060932,0.646356033453,-0.0135135135135,-0.0211904359479,-0.010752688172,342,156,186,0,342,0,156,0,186,37,342,0.256756756757,1.72528881811,18.4864864865,15.5454545455,9.77142857143,5.36771015539,0.290358590277,0.142642642643,9.50849154237,1.02869645341,0.544491860281,8.05331334643,0.871264894205,0.461830251304,0.640599570326,0.371299902718,2,1.72528881811,0.640599570326,2,0.344071394247,0.376569037657,810,0.104247104247,0.56957682835,37,37,37,1,0,0.405405405405,0.540540540541,0.0540540540541,37,0.117117117117,2.21261261261,8.43243243243,7.09090909091,4.45714285714,5.04722443274,0.598549051319,0.327616077616,6.00525295579,1.42432281644,0.680873180873,3.83793300225,0.910278981302,0.463617463617,1.39215458577,0.629190386892,5.2,2.21261261261,1.39215458577,5.2,0,0,0,0,0.161113233172,37,37,37,1,0,0.405405405405,0.540540540541,0.0540540540541,37,190,0.142642642643,10.4484317027,10.2702702703,5.58823529412,5.13513513514,5.19427381647,0.505758240025,0.267852062589,5.72597474556,1.11505823992,0.561024182077,3.59136435048,0.699370952462,0.37667140825,3.29974685026,0.315812644821,13.8022966656,10.4484317027,3.29974685026,13.8022966656,0.0906941318706,0.0276872964169,17,0.0021879021879,0.176202120756,37,37,37,1,0,0.0810810810811,0.918918918919,0,-152,-0.114114114114,8.7231428846,-8.21621621622,-9.95721925134,-4.63629343629,-0.173436338922,0.215399649748,0.125209419946,-3.78251679682,0.08636178651,0.0165323217955,-4.46194899595,-0.171893941743,-0.0851588430536,2.65914727994,-0.055487257897,11.8022966656,8.7231428846,2.65914727994,11.8022966656,-0.253377262377,-0.34888174124,-793,-0.102059202059,-0.393374707594,-0.324324324324,0.378378378378,-0.0540540540541,166,24,176,966,0.485380116959,0.975757575758,0.0242424242424,0.514619883041,0.873684210526,0.485380116959,0.624060150376,0.576038379752,0.461137692717,0.453551912568,34,186,0,0,0,0
40,WLNM_dir_neg,0.436192045323,0.30257966518,00:00:17,10,10,5,1233943440,threshold_sweep,0.4,0.30303030303,0.0537634408602,0.0913242009132,10,23,176,349,0.0537634408602,0.938172043011,0.0618279569892,0.94623655914,0.30303030303,0.0537634408602,0.0913242009132,0.643369175627,0.646953405018,-0.010152284264,-0.0161164592805,-0.00806451612903,342,156,186,0,342,0,156,0,186,37,342,0.256756756757,1.72528881811,18.4864864865,15.5454545455,9.77142857143,5.36771015539,0.290358590277,0.142642642643,9.50849154237,1.02869645341,0.544491860281,8.05331334643,0.871264894205,0.461830251304,0.640599570326,0.371299902718,2,1.72528881811,0.640599570326,2,0.344071394247,0.376569037657,810,0.104247104247,0.56957682835,37,37,37,1,0,0.405405405405,0.540540540541,0.0540540540541,37,0.117117117117,2.21261261261,8.43243243243,7.09090909091,4.45714285714,5.04722443274,0.598549051319,0.327616077616,6.00525295579,1.42432281644,0.680873180873,3.83793300225,0.910278981302,0.463617463617,1.39215458577,0.629190386892,5.2,2.21261261261,1.39215458577,5.2,0,0,0,0,0.161113233172,37,37,37,1,0,0.405405405405,0.540540540541,0.0540540540541,37,189,0.141891891892,10.9717263142,10.2162162162,5.55882352941,5.10810810811,5.21821135349,0.510777301797,0.271271271271,5.74351703993,1.12439222475,0.564278564279,3.5961691329,0.704011946653,0.378092378092,3.87419023021,0.353106714411,16.8333333333,10.9717263142,3.87419023021,16.8333333333,0.0880450542215,0.0246036085293,15,0.0019305019305,0.175700896391,37,37,37,1,0,0.0810810810811,0.918918918919,0,-153,-0.114864864865,9.24643749605,-8.27027027027,-9.98663101604,-4.66332046332,-0.1494988019,0.22041871152,0.128628628629,-3.76497450244,0.0956957713338,0.0197867039972,-4.45714421353,-0.167252947552,-0.0837378732116,3.23359065988,-0.018193188307,14.8333333333,9.24643749605,3.23359065988,14.8333333333,-0.256026340026,-0.351965429128,-795,-0.102316602317,-0.393875931959,-0.324324324324,0.378378378378,-0.0540540540541,166,23,176,967,0.485380116959,0.976767676768,0.0232323232323,0.514619883041,0.878306878307,0.485380116959,0.625235404896,0.578572139861,0.462147793727,0.454794520548,33,186,0,0,0,0
41,WLNM_dir_neg,0.436192045323,0.30257966518,00:00:17,10,10,5,1233943440,threshold_sweep,0.5,0.454545454545,0.0537634408602,0.0961538461538,10,12,176,360,0.0537634408602,0.967741935484,0.0322580645161,0.94623655914,0.454545454545,0.0537634408602,0.0961538461538,0.663082437276,0.653524492234,0.0275862068966,0.0520932261071,0.0215053763441,342,156,186,0,342,0,156,0,186,37,342,0.256756756757,1.72528881811,18.4864864865,15.5454545455,9.77142857143,5.36771015539,0.290358590277,0.142642642643,9.50849154237,1.02869645341,0.544491860281,8.05331334643,0.871264894205,0.461830251304,0.640599570326,0.371299902718,2,1.72528881811,0.640599570326,2,0.344071394247,0.376569037657,810,0.104247104247,0.56957682835,37,37,37,1,0,0.405405405405,0.540540540541,0.0540540540541,37,0.117117117117,2.21261261261,8.43243243243,7.09090909091,4.45714285714,5.04722443274,0.598549051319,0.327616077616,6.00525295579,1.42432281644,0.680873180873,3.83793300225,0.910278981302,0.463617463617,1.39215458577,0.629190386892,5.2,2.21261261261,1.39215458577,5.2,0,0,0,0,0.161113233172,37,37,37,1,0,0.405405405405,0.540540540541,0.0540540540541,37,178,0.133633633634,3.63839298083,9.62162162162,7.73913043478,4.81081081081,4.58470495447,0.476500234032,0.256453082296,5.97605331412,1.24221332934,0.632553902217,3.46280103254,0.719795720248,0.384148193137,3.05051573281,0.83842392751,9.5,3.63839298083,3.05051573281,9.5,0.0880450542215,0.0246036085293,15,0.0019305019305,0.166771552868,37,37,37,1,0,0.378378378378,0.621621621622,0,-164,-0.123123123123,1.91310416272,-8.86486486486,-7.80632411067,-4.96061776062,-0.783005200926,0.186141643755,0.113810439653,-3.53243822825,0.213516875925,0.0880620419355,-4.59051231389,-0.151469173957,-0.077682058167,2.40991616249,0.467124024792,7.5,1.91310416272,2.40991616249,7.5,-0.256026340026,-0.351965429128,-795,-0.102316602317,-0.402805275482,-0.027027027027,0.0810810810811,-0.0540540540541,166,12,176,978,0.485380116959,0.987878787879,0.0121212121212,0.514619883041,0.932584269663,0.485380116959,0.638461538462,0.607598284721,0.473258904838,0.468926553672,22,186,0,0,0,0
42,WLNM_dir_neg,0.436192045323,0.30257966518,00:00:17,10,10,5,1233943440,threshold_sweep,0.6,0.470588235294,0.0430107526882,0.0788177339901,8,9,178,363,0.0430107526882,0.975806451613,0.0241935483871,0.956989247312,0.470588235294,0.0430107526882,0.0788177339901,0.664874551971,0.65651135006,0.024347826087,0.0516131005198,0.0188172043011,342,156,186,0,342,0,156,0,186,37,342,0.256756756757,1.72528881811,18.4864864865,15.5454545455,9.77142857143,5.36771015539,0.290358590277,0.142642642643,9.50849154237,1.02869645341,0.544491860281,8.05331334643,0.871264894205,0.461830251304,0.640599570326,0.371299902718,2,1.72528881811,0.640599570326,2,0.344071394247,0.376569037657,810,0.104247104247,0.56957682835,37,37,37,1,0,0.405405405405,0.540540540541,0.0540540540541,37,0.117117117117,2.21261261261,8.43243243243,7.09090909091,4.45714285714,5.04722443274,0.598549051319,0.327616077616,6.00525295579,1.42432281644,0.680873180873,3.83793300225,0.910278981302,0.463617463617,1.39215458577,0.629190386892,5.2,2.21261261261,1.39215458577,5.2,0,0,0,0,0.161113233172,37,37,37,1,0,0.405405405405,0.540540540541,0.0540540540541,37,173,0.12987987988,3.62903632275,9.35135135135,7.52173913043,4.67567567568,4.60202984331,0.492124578619,0.264489923449,5.97240903402,1.27733603618,0.643649429777,3.54380566038,0.757923753955,0.400562412123,3.04413106252,0.838826286592,9.5,3.62903632275,3.04413106252,9.5,0.0851086730989,0.0171232876712,10,0.001287001287,0.162355678887,37,37,37,1,0,0.378378378378,0.621621621622,0,-169,-0.126876876877,1.90374750464,-9.13513513514,-8.02371541502,-5.09575289575,-0.765680312087,0.201765988342,0.121847280807,-3.53608250835,0.248639582763,0.0991575694953,-4.50950768605,-0.11334114025,-0.0612678391808,2.4035314922,0.467526383874,7.5,1.90374750464,2.4035314922,7.5,-0.258962721149,-0.359445749986,-800,-0.10296010296,-0.407221149463,-0.027027027027,0.0810810810811,-0.0540540540541,164,9,178,981,0.479532163743,0.990909090909,0.00909090909091,0.520467836257,0.947976878613,0.479532163743,0.636893203883,0.611323766642,0.470441254652,0.467236467236,17,186,0,0,0,0
43,WLNM_dir_neg,0.436192045323,0.30257966518,00:00:17,10,10,5,1233943440,threshold_sweep,0.7,0.470588235294,0.0430107526882,0.0788177339901,8,9,178,363,0.0430107526882,0.975806451613,0.0241935483871,0.956989247312,0.470588235294,0.0430107526882,0.0788177339901,0.664874551971,0.65651135006,0.024347826087,0.0516131005198,0.0188172043011,342,156,186,0,342,0,156,0,186,37,342,0.256756756757,1.72528881811,18.4864864865,15.5454545455,9.77142857143,5.36771015539,0.290358590277,0.142642642643,9.50849154237,1.02869645341,0.544491860281,8.05331334643,0.871264894205,0.461830251304,0.640599570326,0.371299902718,2,1.72528881811,0.640599570326,2,0.344071394247,0.376569037657,810,0.104247104247,0.56957682835,37,37,37,1,0,0.405405405405,0.540540540541,0.0540540540541,37,0.117117117117,2.21261261261,8.43243243243,7.09090909091,4.45714285714,5.04722443274,0.598549051319,0.327616077616,6.00525295579,1.42432281644,0.680873180873,3.83793300225,0.910278981302,0.463617463617,1.39215458577,0.629190386892,5.2,2.21261261261,1.39215458577,5.2,0,0,0,0,0.161113233172,37,37,37,1,0,0.405405405405,0.540540540541,0.0540540540541,37,173,0.12987987988,3.62903632275,9.35135135135,7.52173913043,4.67567567568,4.60202984331,0.492124578619,0.264489923449,5.97240903402,1.27733603618,0.643649429777,3.54380566038,0.757923753955,0.400562412123,3.04413106252,0.838826286592,9.5,3.62903632275,3.04413106252,9.5,0.0851086730989,0.0171232876712,10,0.001287001287,0.162355678887,37,37,37,1,0,0.378378378378,0.621621621622,0,-169,-0.126876876877,1.90374750464,-9.13513513514,-8.02371541502,-5.09575289575,-0.765680312087,0.201765988342,0.121847280807,-3.53608250835,0.248639582763,0.0991575694953,-4.50950768605,-0.11334114025,-0.0612678391808,2.4035314922,0.467526383874,7.5,1.90374750464,2.4035314922,7.5,-0.258962721149,-0.359445749986,-800,-0.10296010296,-0.407221149463,-0.027027027027,0.0810810810811,-0.0540540540541,164,9,178,981,0.479532163743,0.990909090909,0.00909090909091,0.520467836257,0.947976878613,0.479532163743,0.636893203883,0.611323766642,0.470441254652,0.467236467236,17,186,0,0,0,0
44,WLNM_dir_neg,0.436192045323,0.30257966518,00:00:17,10,10,5,1233943440,threshold_sweep,0.8,0.470588235294,0.0430107526882,0.0788177339901,8,9,178,363,0.0430107526882,0.975806451613,0.0241935483871,0.956989247312,0.470588235294,0.0430107526882,0.0788177339901,0.664874551971,0.65651135006,0.024347826087,0.0516131005198,0.0188172043011,342,156,186,0,342,0,156,0,186,37,342,0.256756756757,1.72528881811,18.4864864865,15.5454545455,9.77142857143,5.36771015539,0.290358590277,0.142642642643,9.50849154237,1.02869645341,0.544491860281,8.05331334643,0.871264894205,0.461830251304,0.640599570326,0.371299902718,2,1.72528881811,0.640599570326,2,0.344071394247,0.376569037657,810,0.104247104247,0.56957682835,37,37,37,1,0,0.405405405405,0.540540540541,0.0540540540541,37,0.117117117117,2.21261261261,8.43243243243,7.09090909091,4.45714285714,5.04722443274,0.598549051319,0.327616077616,6.00525295579,1.42432281644,0.680873180873,3.83793300225,0.910278981302,0.463617463617,1.39215458577,0.629190386892,5.2,2.21261261261,1.39215458577,5.2,0,0,0,0,0.161113233172,37,37,37,1,0,0.405405405405,0.540540540541,0.0540540540541,37,173,0.12987987988,3.62903632275,9.35135135135,7.52173913043,4.67567567568,4.60202984331,0.492124578619,0.264489923449,5.97240903402,1.27733603618,0.643649429777,3.54380566038,0.757923753955,0.400562412123,3.04413106252,0.838826286592,9.5,3.62903632275,3.04413106252,9.5,0.0851086730989,0.0171232876712,10,0.001287001287,0.162355678887,37,37,37,1,0,0.378378378378,0.621621621622,0,-169,-0.126876876877,1.90374750464,-9.13513513514,-8.02371541502,-5.09575289575,-0.765680312087,0.201765988342,0.121847280807,-3.53608250835,0.248639582763,0.0991575694953,-4.50950768605,-0.11334114025,-0.0612678391808,2.4035314922,0.467526383874,7.5,1.90374750464,2.4035314922,7.5,-0.258962721149,-0.359445749986,-800,-0.10296010296,-0.407221149463,-0.027027027027,0.0810810810811,-0.0540540540541,164,9,178,981,0.479532163743,0.990909090909,0.00909090909091,0.520467836257,0.947976878613,0.479532163743,0.636893203883,0.611323766642,0.470441254652,0.467236467236,17,186,0,0,0,0
45,WLNM_dir_neg,0.436192045323,0.30257966518,00:00:17,10,10,5,1233943440,threshold_sweep,0.9,0.461538461538,0.0322580645161,0.0603015075377,6,7,180,365,0.0322580645161,0.981182795699,0.0188172043011,0.967741935484,0.461538461538,0.0322580645161,0.0603015075377,0.664874551971,0.65890083632,0.0175131348511,0.0420034612278,0.0134408602151,342,156,186,0,342,0,156,0,186,37,342,0.256756756757,1.72528881811,18.4864864865,15.5454545455,9.77142857143,5.36771015539,0.290358590277,0.142642642643,9.50849154237,1.02869645341,0.544491860281,8.05331334643,0.871264894205,0.461830251304,0.640599570326,0.371299902718,2,1.72528881811,0.640599570326,2,0.344071394247,0.376569037657,810,0.104247104247,0.56957682835,37,37,37,1,0,0.405405405405,0.540540540541,0.0540540540541,37,0.117117117117,2.21261261261,8.43243243243,7.09090909091,4.45714285714,5.04722443274,0.598549051319,0.327616077616,6.00525295579,1.42432281644,0.680873180873,3.83793300225,0.910278981302,0.463617463617,1.39215458577,0.629190386892,5.2,2.21261261261,1.39215458577,5.2,0,0,0,0,0.161113233172,37,37,37,1,0,0.405405405405,0.540540540541,0.0540540540541,37,169,0.126876876877,1,9.13513513514,7.34782608696,4.56756756757,4.65571430349,0.509649198902,0.275707660323,5.97467126265,1.30806412259,0.652166959859,3.60200978267,0.788605692065,0.410363025748,0,0,0,NaN,NaN,NaN,0.0442577030812,0.00523864959255,3,0.0003861003861,0.16371387338,37,37,0,1,2,0.378378378378,0.621621621622,0,-173,-0.12987987988,-0.725288818115,-9.35135135135,-8.1976284585,-5.20386100386,-0.711995851908,0.219290608625,0.13306501768,-3.53382027973,0.279367669176,0.107675099578,-4.45130356376,-0.0826592021403,-0.0514672255563,-0.640599570326,-0.371299902718,-2,NaN,NaN,NaN,-0.299813691166,-0.371330388064,-807,-0.103861003861,-0.40586295497,-0.027027027027,0.0810810810811,-0.0540540540541,162,7,180,983,0.473684210526,0.992929292929,0.00707070707071,0.526315789474,0.958579881657,0.473684210526,0.634050880626,0.612427584263,0.466613503456,0.464183381089,13,186,0,0,0,0
46,WLNM_dir_neg,0.392191293791,0.294233684829,00:00:14,10,10,6,1233943441,threshold_sweep,0.1,0.277777777778,0.0806451612903,0.125,15,39,171,333,0.0806451612903,0.895161290323,0.104838709677,0.91935483871,0.277777777778,0.0806451612903,0.125,0.623655913978,0.634408602151,-0.0294117647059,-0.0385758374905,-0.0241935483871,342,156,186,0,342,0,156,0,186,37,342,0.256756756757,1.72528881811,18.4864864865,15.5454545455,9.77142857143,5.36771015539,0.290358590277,0.142642642643,9.50849154237,1.02869645341,0.544491860281,8.05331334643,0.871264894205,0.461830251304,0.640599570326,0.371299902718,2,1.72528881811,0.640599570326,2,0.344071394247,0.376569037657,810,0.104247104247,0.56957682835,37,37,37,1,0,0.405405405405,0.540540540541,0.0540540540541,37,0.117117117117,2.21261261261,8.43243243243,7.09090909091,4.45714285714,5.04722443274,0.598549051319,0.327616077616,6.00525295579,1.42432281644,0.680873180873,3.83793300225,0.910278981302,0.463617463617,1.39215458577,0.629190386892,5.2,2.21261261261,1.39215458577,5.2,0,0,0,0,0.161113233172,37,37,37,1,0,0.405405405405,0.540540540541,0.0540540540541,37,210,0.157657657658,1,11.3513513514,5.83333333333,5.67567567568,4.89453332366,0.431185078513,0.238481338481,5.44188516179,0.95880833803,0.491891891892,3.45650798458,0.609003787759,0.330244530245,0,0,0,NaN,NaN,NaN,0.115696764071,0.0640522875817,49,0.00630630630631,0.134322774435,37,37,0,1,3,0.027027027027,0.972972972973,0,-132,-0.0990990990991,-0.725288818115,-7.13513513514,-9.71212121212,-4.09575289575,-0.473176831729,0.140826488236,0.0958386958387,-4.06660638058,-0.0698881153851,-0.0525999683894,-4.59680536186,-0.262261106446,-0.131585721059,-0.640599570326,-0.371299902718,-2,NaN,NaN,NaN,-0.228374630176,-0.312516750075,-761,-0.0979407979408,-0.435254053915,-0.378378378378,0.432432432432,-0.0540540540541,171,39,171,951,0.5,0.960606060606,0.0393939393939,0.5,0.814285714286,0.5,0.619565217391,0.552146371597,0.460606060606,0.448818897638,54,186,0,0,0,0
47,WLNM_dir_neg,0.392191293791,0.294233684829,00:00:14,10,10,6,1233943441,threshold_sweep,0.2,0.40625,0.0698924731183,0.119266055046,13,19,173,353,0.0698924731183,0.948924731183,0.0510752688172,0.930107526882,0.40625,0.0698924731183,0.119266055046,0.655913978495,0.647550776583,0.0237288135593,0.0381518130172,0.0188172043011,342,156,186,0,342,0,156,0,186,37,342,0.256756756757,1.72528881811,18.4864864865,15.5454545455,9.77142857143,5.36771015539,0.290358590277,0.142642642643,9.50849154237,1.02869645341,0.544491860281,8.05331334643,0.871264894205,0.461830251304,0.640599570326,0.371299902718,2,1.72528881811,0.640599570326,2,0.344071394247,0.376569037657,810,0.104247104247,0.56957682835,37,37,37,1,0,0.405405405405,0.540540540541,0.0540540540541,37,0.117117117117,2.21261261261,8.43243243243,7.09090909091,4.45714285714,5.04722443274,0.598549051319,0.327616077616,6.00525295579,1.42432281644,0.680873180873,3.83793300225,0.910278981302,0.463617463617,1.39215458577,0.629190386892,5.2,2.21261261261,1.39215458577,5.2,0,0,0,0,0.161113233172,37,37,37,1,0,0.405405405405,0.540540540541,0.0540540540541,37,188,0.141141141141,6.64177169797,10.1621621622,6.48275862069,5.08108108108,4.5124119783,0.444040540417,0.242668200115,5.76569538245,1.13473792101,0.585106382979,3.46713441058,0.682361559529,0.365727429557,3.32928713763,0.501264916806,9.02851932888,6.64177169797,3.32928713763,9.02851932888,0.128567045595,0.0596421471173,40,0.00514800514801,0.161669847989,37,37,37,1,0,0.216216216216,0.783783783784,0,-154,-0.115615615616,4.91648287986,-8.32432432432,-9.06269592476,-4.69034749035,-0.855298177098,0.15368195014,0.100025557472,-3.74279615992,0.1060414676,0.0406145226974,-4.58617893586,-0.188903334676,-0.0961028217467,2.6886875673,0.129965014088,7.02851932888,4.91648287986,2.6886875673,7.02851932888,-0.215504348653,-0.31692689054,-770,-0.0990990990991,-0.407906980361,-0.189189189189,0.243243243243,-0.0540540540541,169,19,173,971,0.494152046784,0.980808080808,0.0191919191919,0.505847953216,0.898936170213,0.494152046784,0.637735849057,0.595930846702,0.474960127592,0.468144044321,32,186,0,0,0,0
48,WLNM_dir_neg,0.392191293791,0.294233684829,00:00:14,10,10,6,1233943441,threshold_sweep,0.3,0.590909090909,0.0698924731183,0.125,13,9,173,363,0.0698924731183,0.975806451613,0.0241935483871,0.930107526882,0.590909090909,0.0698924731183,0.125,0.673835125448,0.653524492234,0.0586206896552,0.110698105478,0.0456989247312,342,156,186,0,342,0,156,0,186,37,342,0.256756756757,1.72528881811,18.4864864865,15.5454545455,9.77142857143,5.36771015539,0.290358590277,0.142642642643,9.50849154237,1.02869645341,0.544491860281,8.05331334643,0.871264894205,0.461830251304,0.640599570326,0.371299902718,2,1.72528881811,0.640599570326,2,0.344071394247,0.376569037657,810,0.104247104247,0.56957682835,37,37,37,1,0,0.405405405405,0.540540540541,0.0540540540541,37,0.117117117117,2.21261261261,8.43243243243,7.09090909091,4.45714285714,5.04722443274,0.598549051319,0.327616077616,6.00525295579,1.42432281644,0.680873180873,3.83793300225,0.910278981302,0.463617463617,1.39215458577,0.629190386892,5.2,2.21261261261,1.39215458577,5.2,0,0,0,0,0.161113233172,37,37,37,1,0,0.405405405405,0.540540540541,0.0540540540541,37,178,0.133633633634,2.59655607841,9.62162162162,7.73913043478,4.81081081081,4.32917333237,0.449942172185,0.242028545399,5.94342698486,1.23543145191,0.631035529912,3.42245718939,0.711409640491,0.377163680534,1.63257995729,0.628748198766,4.49637560394,2.59655607841,1.63257995729,4.49637560394,0.110896610897,0.0412314458494,25,0.0032175032175,0.162974934531,37,37,37,1,0,0.378378378378,0.621621621622,0,-164,-0.123123123123,0.871267260296,-8.86486486486,-7.80632411067,-4.96061776062,-1.03853682302,0.159583581908,0.0993859027567,-3.56506455752,0.206734998494,0.0865436696306,-4.63085615704,-0.159855253714,-0.0846665707695,0.991980386969,0.257448296048,2.49637560394,0.871267260296,0.991980386969,2.49637560394,-0.233174783351,-0.335337591808,-785,-0.10102960103,-0.406601893819,-0.027027027027,0.0810810810811,-0.0540540540541,169,9,173,981,0.494152046784,0.990909090909,0.00909090909091,0.505847953216,0.949438202247,0.494152046784,0.65,0.622750702067,0.485061137693,0.481481481481,22,186,0,0,0,0
49,WLNM_dir_neg,0.392191293791,0.294233684829,00:00:14,10,10,6,1233943441,threshold_sweep,0.4,0.65,0.0698924731183,0.126213592233,13,7,173,365,0.0698924731183,0.981182795699,0.0188172043011,0.930107526882,0.65,0.0698924731183,0.126213592233,0.677419354839,0.654719235364,0.0657439446367,0.129518697248,0.0510752688172,342,156,186,0,342,0,156,0,186,37,342,0.256756756757,1.72528881811,18.4864864865,15.5454545455,9.77142857143,5.36771015539,0.290358590277,0.142642642643,9.50849154237,1.02869645341,0.544491860281,8.05331334643,0.871264894205,0.461830251304,0.640599570326,0.371299902718,2,1.72528881811,0.640599570326,2,0.344071394247,0.376569037657,810,0.104247104247,0.56957682835,37,37,37,1,0,0.405405405405,0.540540540541,0.0540540540541,37,0.117117117117,2.21261261261,8.43243243243,7.09090909091,4.45714285714,5.04722443274,0.598549051319,0.327616077616,6.00525295579,1.42432281644,0.680873180873,3.83793300225,0.910278981302,0.463617463617,1.39215458577,0.629190386892,5.2,2.21261261261,1.39215458577,5.2,0,0,0,0,0.161113233172,37,37,37,1,0,0.405405405405,0.540540540541,0.0540540540541,37,176,0.132132132132,2.49911394526,9.51351351351,7.65217391304,4.75675675676,4.37557375045,0.459932468087,0.246007371007,5.96473621194,1.25395022637,0.636670761671,3.45933042177,0.727245600031,0.3835995086,1.5234159327,0.609582422438,4.14285714286,2.49911394526,1.5234159327,4.14285714286,0.116623766624,0.0398230088496,24,0.0030888030888,0.163716540312,37,37,37,1,0,0.378378378378,0.621621621622,0,-166,-0.124624624625,0.773825127141,-8.97297297297,-7.89328063241,-5.01467181467,-0.992136404941,0.16957387781,0.103364728365,-3.54375533043,0.22525377296,0.0921789013894,-4.59398292467,-0.144019294174,-0.0782307427044,0.882816362371,0.23828251972,2.14285714286,0.773825127141,0.882816362371,2.14285714286,-0.227447627624,-0.336746028807,-786,-0.101158301158,-0.405860288038,-0.027027027027,0.0810810810811,-0.0540540540541,169,7,173,983,0.494152046784,0.992929292929,0.00707070707071,0.505847953216,0.960227272727,0.494152046784,0.65250965251,0.628343159212,0.487081339713,0.484240687679,20,186,0,0,0,0
50,WLNM_dir_neg,0.392191293791,0.294233684829,00:00:14,10,10,6,1233943441,threshold_sweep,0.5,0.65,0.0698924731183,0.126213592233,13,7,173,365,0.0698924731183,0.981182795699,0.0188172043011,0.930107526882,0.65,0.0698924731183,0.126213592233,0.677419354839,0.654719235364,0.0657439446367,0.129518697248,0.0510752688172,342,156,186,0,342,0,156,0,186,37,342,0.256756756757,1.72528881811,18.4864864865,15.5454545455,9.77142857143,5.36771015539,0.290358590277,0.142642642643,9.50849154237,1.02869645341,0.544491860281,8.05331334643,0.871264894205,0.461830251304,0.640599570326,0.371299902718,2,1.72528881811,0.640599570326,2,0.344071394247,0.376569037657,810,0.104247104247,0.56957682835,37,37,37,1,0,0.405405405405,0.540540540541,0.0540540540541,37,0.117117117117,2.21261261261,8.43243243243,7.09090909091,4.45714285714,5.04722443274,0.598549051319,0.327616077616,6.00525295579,1.42432281644,0.680873180873,3.83793300225,0.910278981302,0.463617463617,1.39215458577,0.629190386892,5.2,2.21261261261,1.39215458577,5.2,0,0,0,0,0.161113233172,37,37,37,1,0,0.405405405405,0.540540540541,0.0540540540541,37,176,0.132132132132,2.49911394526,9.51351351351,7.65217391304,4.75675675676,4.37557375045,0.459932468087,0.246007371007,5.96473621194,1.25395022637,0.636670761671,3.45933042177,0.727245600031,0.3835995086,1.5234159327,0.609582422438,4.14285714286,2.49911394526,1.5234159327,4.14285714286,0.116623766624,0.0398230088496,24,0.0030888030888,0.163716540312,37,37,37,1,0,0.378378378378,0.621621621622,0,-166,-0.124624624625,0.773825127141,-8.97297297297,-7.89328063241,-5.01467181467,-0.992136404941,0.16957387781,0.103364728365,-3.54375533043,0.22525377296,0.0921789013894,-4.59398292467,-0.144019294174,-0.0782307427044,0.882816362371,0.23828251972,2.14285714286,0.773825127141,0.882816362371,2.14285714286,-0.227447627624,-0.336746028807,-786,-0.101158301158,-0.405860288038,-0.027027027027,0.0810810810811,-0.0540540540541,169,7,173,983,0.494152046784,0.992929292929,0.00707070707071,0.505847953216,0.960227272727,0.494152046784,0.65250965251,0.628343159212,0.487081339713,0.484240687679,20,186,0,0,0,0
51,WLNM_dir_neg,0.392191293791,0.294233684829,00:00:14,10,10,6,1233943441,threshold_sweep,0.6,0.684210526316,0.0698924731183,0.126829268293,13,6,173,366,0.0698924731183,0.983870967742,0.0161290322581,0.930107526882,0.684210526316,0.0698924731183,0.126829268293,0.679211469534,0.65531660693,0.0693240901213,0.139747425156,0.0537634408602,342,156,186,0,342,0,156,0,186,37,342,0.256756756757,1.72528881811,18.4864864865,15.5454545455,9.77142857143,5.36771015539,0.290358590277,0.142642642643,9.50849154237,1.02869645341,0.544491860281,8.05331334643,0.871264894205,0.461830251304,0.640599570326,0.371299902718,2,1.72528881811,0.640599570326,2,0.344071394247,0.376569037657,810,0.104247104247,0.56957682835,37,37,37,1,0,0.405405405405,0.540540540541,0.0540540540541,37,0.117117117117,2.21261261261,8.43243243243,7.09090909091,4.45714285714,5.04722443274,0.598549051319,0.327616077616,6.00525295579,1.42432281644,0.680873180873,3.83793300225,0.910278981302,0.463617463617,1.39215458577,0.629190386892,5.2,2.21261261261,1.39215458577,5.2,0,0,0,0,0.161113233172,37,37,37,1,0,0.405405405405,0.540540540541,0.0540540540541,37,175,0.131381381381,2.49761492261,9.45945945946,7.60869565217,4.72972972973,4.40703096448,0.465886130531,0.250193050193,5.95654937699,1.25938472542,0.638146718147,3.47729659241,0.735199850967,0.386409266409,1.52106174427,0.609005708004,4.14285714286,2.49761492261,1.52106174427,4.14285714286,0.113706563707,0.0367483296214,22,0.0028314028314,0.163290253819,37,37,37,1,0,0.378378378378,0.621621621622,0,-167,-0.125375375375,0.7723261045,-9.02702702703,-7.93675889328,-5.0416988417,-0.960679190909,0.175527540254,0.10755040755,-3.55194216539,0.230688272005,0.0936548578654,-4.57601675402,-0.136065043238,-0.0754209848947,0.880462173944,0.237705805287,2.14285714286,0.7723261045,0.880462173944,2.14285714286,-0.230364830541,-0.339820708036,-788,-0.101415701416,-0.406286574531,-0.027027027027,0.0810810810811,-0.0540540540541,169,6,173,984,0.494152046784,0.993939393939,0.00606060606061,0.505847953216,0.965714285714,0.494152046784,0.653771760155,0.631169694818,0.488091440723,0.485632183908,19,186,0,0,0,0
52,WLNM_dir_neg,0.392191293791,0.294233684829,00:00:14,10,10,6,1233943441,threshold_sweep,0.7,0.684210526316,0.0698924731183,0.126829268293,13,6,173,366,0.0698924731183,0.983870967742,0.0161290322581,0.930107526882,0.684210526316,0.0698924731183,0.126829268293,0.679211469534,0.65531660693,0.0693240901213,0.139747425156,0.0537634408602,342,156,186,0,342,0,156,0,186,37,342,0.256756756757,1.72528881811,18.4864864865,15.5454545455,9.77142857143,5.36771015539,0.290358590277,0.142642642643,9.50849154237,1.02869645341,0.544491860281,8.05331334643,0.871264894205,0.461830251304,0.640599570326,0.371299902718,2,1.72528881811,0.640599570326,2,0.344071394247,0.376569037657,810,0.104247104247,0.56957682835,37,37,37,1,0,0.405405405405,0.540540540541,0.0540540540541,37,0.117117117117,2.21261261261,8.43243243243,7.09090909091,4.45714285714,5.04722443274,0.598549051319,0.327616077616,6.00525295579,1.42432281644,0.680873180873,3.83793300225,0.910278981302,0.463617463617,1.39215458577,0.629190386892,5.2,2.21261261261,1.39215458577,5.2,0,0,0,0,0.161113233172,37,37,37,1,0,0.405405405405,0.540540540541,0.0540540540541,37,175,0.131381381381,2.49761492261,9.45945945946,7.60869565217,4.72972972973,4.40703096448,0.465886130531,0.250193050193,5.95654937699,1.25938472542,0.638146718147,3.47729659241,0.735199850967,0.386409266409,1.52106174427,0.609005708004,4.14285714286,2.49761492261,1.52106174427,4.14285714286,0.113706563707,0.0367483296214,22,0.0028314028314,0.163290253819,37,37,37,1,0,0.378378378378,0.621621621622,0,-167,-0.125375375375,0.7723261045,-9.02702702703,-7.93675889328,-5.0416988417,-0.960679190909,0.175527540254,0.10755040755,-3.55194216539,0.230688272005,0.0936548578654,-4.57601675402,-0.136065043238,-0.0754209848947,0.880462173944,0.237705805287,2.14285714286,0.7723261045,0.880462173944,2.14285714286,-0.230364830541,-0.339820708036,-788,-0.101415701416,-0.406286574531,-0.027027027027,0.0810810810811,-0.0540540540541,169,6,173,984,0.494152046784,0.993939393939,0.00606060606061,0.505847953216,0.965714285714,0.494152046784,0.653771760155,0.631169694818,0.488091440723,0.485632183908,19,186,0,0,0,0
53,WLNM_dir_neg,0.392191293791,0.294233684829,00:00:14,10,10,6,1233943441,threshold_sweep,0.8,0.615384615385,0.0430107526882,0.0804020100503,8,5,178,367,0.0430107526882,0.986559139785,0.0134408602151,0.956989247312,0.615384615385,0.0430107526882,0.0804020100503,0.672043010753,0.65890083632,0.0385288966725,0.0924076147012,0.0295698924731,342,156,186,0,342,0,156,0,186,37,342,0.256756756757,1.72528881811,18.4864864865,15.5454545455,9.77142857143,5.36771015539,0.290358590277,0.142642642643,9.50849154237,1.02869645341,0.544491860281,8.05331334643,0.871264894205,0.461830251304,0.640599570326,0.371299902718,2,1.72528881811,0.640599570326,2,0.344071394247,0.376569037657,810,0.104247104247,0.56957682835,37,37,37,1,0,0.405405405405,0.540540540541,0.0540540540541,37,0.117117117117,2.21261261261,8.43243243243,7.09090909091,4.45714285714,5.04722443274,0.598549051319,0.327616077616,6.00525295579,1.42432281644,0.680873180873,3.83793300225,0.910278981302,0.463617463617,1.39215458577,0.629190386892,5.2,2.21261261261,1.39215458577,5.2,0,0,0,0,0.161113233172,37,37,37,1,0,0.405405405405,0.540540540541,0.0540540540541,37,169,0.126876876877,2.07485722668,9.13513513514,7.68181818182,4.56756756757,4.5286873384,0.495743880239,0.266592035823,5.94203734487,1.3009194187,0.649928034543,3.57879977196,0.78352421043,0.40620502159,1.11664501503,0.538179206101,3.53383866742,2.07485722668,1.11664501503,3.53383866742,0.0885406414818,0.0173010380623,10,0.001287001287,0.170238357051,37,37,37,1,0,0.405405405405,0.594594594595,0,-173,-0.12987987988,0.349568408567,-9.35135135135,-7.86363636364,-5.20386100386,-0.839022816991,0.205385289962,0.12394939318,-3.56645419751,0.272222965284,0.105436174262,-4.47451357447,-0.0877406837749,-0.0556252297143,0.476045444703,0.166879303384,1.53383866742,0.349568408567,0.476045444703,1.53383866742,-0.255530752766,-0.359267999595,-800,-0.10296010296,-0.399338471299,0,0.0540540540541,-0.0540540540541,164,5,178,985,0.479532163743,0.994949494949,0.00505050505051,0.520467836257,0.970414201183,0.479532163743,0.641878669276,0.622754493511,0.474481658692,0.472622478386,13,186,0,0,0,0
54,WLNM_dir_neg,0.392191293791,0.294233684829,00:00:14,10,10,6,1233943441,threshold_sweep,0.9,0.545454545455,0.0322580645161,0.0609137055838,6,5,180,367,0.0322580645161,0.986559139785,0.0134408602151,0.967741935484,0.545454545455,0.0322580645161,0.0609137055838,0.668458781362,0.66009557945,0.02460456942,0.0638106305906,0.0188172043011,342,156,186,0,342,0,156,0,186,37,342,0.256756756757,1.72528881811,18.4864864865,15.5454545455,9.77142857143,5.36771015539,0.290358590277,0.142642642643,9.50849154237,1.02869645341,0.544491860281,8.05331334643,0.871264894205,0.461830251304,0.640599570326,0.371299902718,2,1.72528881811,0.640599570326,2,0.344071394247,0.376569037657,810,0.104247104247,0.56957682835,37,37,37,1,0,0.405405405405,0.540540540541,0.0540540540541,37,0.117117117117,2.21261261261,8.43243243243,7.09090909091,4.45714285714,5.04722443274,0.598549051319,0.327616077616,6.00525295579,1.42432281644,0.680873180873,3.83793300225,0.910278981302,0.463617463617,1.39215458577,0.629190386892,5.2,2.21261261261,1.39215458577,5.2,0,0,0,0,0.161113233172,37,37,37,1,0,0.405405405405,0.540540540541,0.0540540540541,37,167,0.125375375375,2.09458849713,9.02702702703,7.59090909091,4.51351351351,4.66956152169,0.517286755396,0.279495063926,5.96574304593,1.32175145329,0.656740572908,3.62569243671,0.803297126697,0.416572260884,1.15872714468,0.55320037624,3.82972363226,2.09458849713,1.15872714468,3.82972363226,0.0858379387791,0.0139291932676,8,0.0010296010296,0.168795355608,37,37,37,1,0,0.405405405405,0.594594594595,0,-175,-0.131381381381,0.369299679012,-9.45945945946,-7.95454545455,-5.25791505792,-0.698148633708,0.226928165119,0.136852421284,-3.54274849644,0.293054999876,0.112248712627,-4.42762090972,-0.0679677675077,-0.0452579904203,0.518127574352,0.181900473522,1.82972363226,0.369299679012,0.518127574352,1.82972363226,-0.258233455468,-0.362639844389,-802,-0.103217503218,-0.400781472742,0,0.0540540540541,-0.0540540540541,162,5,180,985,0.473684210526,0.994949494949,0.00505050505051,0.526315789474,0.97005988024,0.473684210526,0.636542239686,0.618219889488,0.468633705476,0.466858789625,11,186,0,0,0,0
55,WLNM_dir_neg,0.382471962077,0.31438037757,00:00:14,10,10,7,1233943442,threshold_sweep,0.1,0.46875,0.0806451612903,0.137614678899,15,17,171,355,0.0806451612903,0.954301075269,0.0456989247312,0.91935483871,0.46875,0.0806451612903,0.137614678899,0.663082437276,0.647550776583,0.0440677966102,0.070853367032,0.0349462365591,342,156,186,0,342,0,156,0,186,37,342,0.256756756757,1.72528881811,18.4864864865,15.5454545455,9.77142857143,5.36771015539,0.290358590277,0.142642642643,9.50849154237,1.02869645341,0.544491860281,8.05331334643,0.871264894205,0.461830251304,0.640599570326,0.371299902718,2,1.72528881811,0.640599570326,2,0.344071394247,0.376569037657,810,0.104247104247,0.56957682835,37,37,37,1,0,0.405405405405,0.540540540541,0.0540540540541,37,0.117117117117,2.18635635636,8.43243243243,7.09090909091,4.45714285714,5.03620525429,0.597242289772,0.326923076923,6.00062559301,1.42322530091,0.680526680527,3.83793300225,0.910278981302,0.463617463617,1.32204914232,0.604681454823,4.3462962963,2.18635635636,1.32204914232,4.3462962963,0,0,0,0,0.160896782956,37,37,37,1,0,0.405405405405,0.540540540541,0.0540540540541,37,188,0.141141141141,6.73998057097,10.1621621622,6.48275862069,5.22222222222,4.74642270858,0.467068192068,0.255175388154,5.83751458898,1.14887255209,0.589131684876,3.55417108932,0.699491118642,0.377515813686,3.42573004357,0.508270017621,10.3546484267,6.73998057097,3.42573004357,10.3546484267,0.0947568522646,0.0539620807,37,0.0047619047619,0.170347762528,37,37,37,1,0,0.216216216216,0.756756756757,0.027027027027,-154,-0.115615615616,5.01469175286,-8.32432432432,-9.06269592476,-4.54920634921,-0.621287446813,0.176709601791,0.112532745511,-3.67097695339,0.120176098672,0.044639824595,-4.49914225712,-0.171773775563,-0.0843144376179,2.78513047325,0.136970114903,8.35464842667,5.01469175286,2.78513047325,8.35464842667,-0.249314541983,-0.322606956957,-773,-0.0994851994852,-0.399229065822,-0.189189189189,0.216216216216,-0.027027027027,171,17,171,973,0.5,0.982828282828,0.0171717171717,0.5,0.909574468085,0.5,0.645283018868,0.605802994151,0.482828282828,0.476323119777,32,186,0,0,0,0
56,WLNM_dir_neg,0.382471962077,0.31438037757,00:00:14,10,10,7,1233943442,threshold_sweep,0.2,0.48275862069,0.0752688172043,0.13023255814,14,15,172,357,0.0752688172043,0.959677419355,0.0403225806452,0.924731182796,0.48275862069,0.0752688172043,0.13023255814,0.664874551971,0.649342891278,0.0442930153322,0.0742166794425,0.0349462365591,342,156,186,0,342,0,156,0,186,37,342,0.256756756757,1.72528881811,18.4864864865,15.5454545455,9.77142857143,5.36771015539,0.290358590277,0.142642642643,9.50849154237,1.02869645341,0.544491860281,8.05331334643,0.871264894205,0.461830251304,0.640599570326,0.371299902718,2,1.72528881811,0.640599570326,2,0.344071394247,0.376569037657,810,0.104247104247,0.56957682835,37,37,37,1,0,0.405405405405,0.540540540541,0.0540540540541,37,0.117117117117,2.18635635636,8.43243243243,7.09090909091,4.45714285714,5.03620525429,0.597242289772,0.326923076923,6.00062559301,1.42322530091,0.680526680527,3.83793300225,0.910278981302,0.463617463617,1.32204914232,0.604681454823,4.3462962963,2.18635635636,1.32204914232,4.3462962963,0,0,0,0,0.160896782956,37,37,37,1,0,0.405405405405,0.540540540541,0.0540540540541,37,185,0.138888888889,6.51300542273,10,6.37931034483,5.13888888889,4.83620604285,0.483620604285,0.265741417093,5.84997625826,1.16999525165,0.594886778671,3.60555127546,0.721110255093,0.387436084733,3.28613479077,0.504549678295,10.0230518925,6.51300542273,3.28613479077,10.0230518925,0.0800832022968,0.0475012370114,32,0.0041184041184,0.170794008263,37,37,37,1,0,0.216216216216,0.756756756757,0.027027027027,-157,-0.117867867868,4.78771660461,-8.48648648649,-9.16614420063,-4.63253968254,-0.531504112544,0.193262014008,0.12309877445,-3.65851528411,0.141298798237,0.0503949183892,-4.44776207097,-0.150154639112,-0.0743941665706,2.64553522044,0.133249775577,8.02305189248,4.78771660461,2.64553522044,8.02305189248,-0.263988191951,-0.329067800646,-778,-0.100128700129,-0.398782820087,-0.189189189189,0.216216216216,-0.027027027027,170,15,172,975,0.497076023392,0.984848484848,0.0151515151515,0.502923976608,0.918918918919,0.497076023392,0.645161290323,0.608754367475,0.48192450824,0.47619047619,29,186,0,0,0,0
57,WLNM_dir_neg,0.382471962077,0.31438037757,00:00:14,10,10,7,1233943442,threshold_sweep,0.3,0.619047619048,0.0698924731183,0.125603864734,13,8,173,364,0.0698924731183,0.978494623656,0.0215053763441,0.930107526882,0.619047619048,0.0698924731183,0.125603864734,0.675627240143,0.654121863799,0.0621761658031,0.119856258683,0.0483870967742,342,156,186,0,342,0,156,0,186,37,342,0.256756756757,1.72528881811,18.4864864865,15.5454545455,9.77142857143,5.36771015539,0.290358590277,0.142642642643,9.50849154237,1.02869645341,0.544491860281,8.05331334643,0.871264894205,0.461830251304,0.640599570326,0.371299902718,2,1.72528881811,0.640599570326,2,0.344071394247,0.376569037657,810,0.104247104247,0.56957682835,37,37,37,1,0,0.405405405405,0.540540540541,0.0540540540541,37,0.117117117117,2.18635635636,8.43243243243,7.09090909091,4.45714285714,5.03620525429,0.597242289772,0.326923076923,6.00062559301,1.42322530091,0.680526680527,3.83793300225,0.910278981302,0.463617463617,1.32204914232,0.604681454823,4.3462962963,2.18635635636,1.32204914232,4.3462962963,0,0,0,0,0.160896782956,37,37,37,1,0,0.405405405405,0.540540540541,0.0540540540541,37,177,0.132882882883,2.25982128424,9.56756756757,8.04545454545,4.91666666667,4.6758275592,0.488716439803,0.261261261261,5.96813359591,1.24757594943,0.633989922126,3.47319205675,0.726034497738,0.388150862727,1.35683721049,0.600417926828,4.39035795001,2.25982128424,1.35683721049,4.39035795001,0.0444968409365,0.0145083288555,9,0.0011583011583,0.178395023687,37,37,37,1,0,0.405405405405,0.567567567568,0.027027027027,-165,-0.123873873874,0.534532466129,-8.91891891892,-7.5,-4.85476190476,-0.691882596194,0.198357849526,0.118618618619,-3.54035794647,0.218879496013,0.0894980618442,-4.58012128969,-0.145230396466,-0.0736793885768,0.716237640161,0.22911802411,2.39035795001,0.534532466129,0.716237640161,2.39035795001,-0.299574553311,-0.362060708801,-801,-0.103088803089,-0.391181804663,0,0.027027027027,-0.027027027027,169,8,173,982,0.494152046784,0.991919191919,0.00808080808081,0.505847953216,0.954802259887,0.494152046784,0.651252408478,0.62553692265,0.486071238703,0.482857142857,21,186,0,0,0,0
58,WLNM_dir_neg,0.382471962077,0.31438037757,00:00:14,10,10,7,1233943442,threshold_sweep,0.4,0.65,0.0698924731183,0.126213592233,13,7,173,365,0.0698924731183,0.981182795699,0.0188172043011,0.930107526882,0.65,0.0698924731183,0.126213592233,0.677419354839,0.654719235364,0.0657439446367,0.129518697248,0.0510752688172,342,156,186,0,342,0,156,0,186,37,342,0.256756756757,1.72528881811,18.4864864865,15.5454545455,9.77142857143,5.36771015539,0.290358590277,0.142642642643,9.50849154237,1.02869645341,0.544491860281,8.05331334643,0.871264894205,0.461830251304,0.640599570326,0.371299902718,2,1.72528881811,0.640599570326,2,0.344071394247,0.376569037657,810,0.104247104247,0.56957682835,37,37,37,1,0,0.405405405405,0.540540540541,0.0540540540541,37,0.117117117117,2.18635635636,8.43243243243,7.09090909091,4.45714285714,5.03620525429,0.597242289772,0.326923076923,6.00062559301,1.42322530091,0.680526680527,3.83793300225,0.910278981302,0.463617463617,1.32204914232,0.604681454823,4.3462962963,2.18635635636,1.32204914232,4.3462962963,0,0,0,0,0.160896782956,37,37,37,1,0,0.405405405405,0.540540540541,0.0540540540541,37,176,0.132132132132,2.27659349665,9.51351351351,8,4.88888888889,4.65845480832,0.489667124739,0.262438574939,5.98333521544,1.25786024415,0.638206388206,3.48333656623,0.73229234631,0.390356265356,1.37675526939,0.604743565953,4.4492010829,2.27659349665,1.37675526939,4.4492010829,0.0380510762864,0.0130434782609,8,0.0010296010296,0.178939428777,37,37,37,1,0,0.405405405405,0.567567567568,0.027027027027,-166,-0.124624624625,0.551304678536,-8.97297297297,-7.54545454545,-4.88253968254,-0.709255347069,0.199308534462,0.119795932296,-3.52515632694,0.22916379074,0.0937145279251,-4.5699767802,-0.138972547895,-0.0714739859477,0.736155699064,0.233443663235,2.4492010829,0.551304678536,0.736155699064,2.4492010829,-0.306020317961,-0.363525559396,-802,-0.103217503218,-0.390637399573,0,0.027027027027,-0.027027027027,169,7,173,983,0.494152046784,0.992929292929,0.00707070707071,0.505847953216,0.960227272727,0.494152046784,0.65250965251,0.628343159212,0.487081339713,0.484240687679,20,186,0,0,0,0
59,WLNM_dir_neg,0.382471962077,0.31438037757,00:00:14,10,10,7,1233943442,threshold_sweep,0.5,0.611111111111,0.0591397849462,0.107843137255,11,7,175,365,0.0591397849462,0.981182795699,0.0188172043011,0.940860215054,0.611111111111,0.0591397849462,0.107843137255,0.673835125448,0.655913978495,0.0520833333333,0.107582870728,0.0403225806452,342,156,186,0,342,0,156,0,186,37,342,0.256756756757,1.72528881811,18.4864864865,15.5454545455,9.77142857143,5.36771015539,0.290358590277,0.142642642643,9.50849154237,1.02869645341,0.544491860281,8.05331334643,0.871264894205,0.461830251304,0.640599570326,0.371299902718,2,1.72528881811,0.640599570326,2,0.344071394247,0.376569037657,810,0.104247104247,0.56957682835,37,37,37,1,0,0.405405405405,0.540540540541,0.0540540540541,37,0.117117117117,2.18635635636,8.43243243243,7.09090909091,4.45714285714,5.03620525429,0.597242289772,0.326923076923,6.00062559301,1.42322530091,0.680526680527,3.83793300225,0.910278981302,0.463617463617,1.32204914232,0.604681454823,4.3462962963,2.18635635636,1.32204914232,4.3462962963,0,0,0,0,0.160896782956,37,37,37,1,0,0.405405405405,0.540540540541,0.0540540540541,37,174,0.130630630631,2.27977475865,9.40540540541,7.90909090909,4.83333333333,4.62156454665,0.491373242029,0.263901832867,5.971529047,1.2698079008,0.640571606089,3.51081554996,0.746552731888,0.39577508543,1.38151049063,0.605985519135,4.45313682142,2.27977475865,1.38151049063,4.45313682142,0.0362877583466,0.011563876652,7,0.000900900900901,0.177070242168,37,37,37,1,0,0.405405405405,0.567567567568,0.027027027027,-168,-0.126126126126,0.554485940537,-9.08108108108,-7.63636363636,-4.9380952381,-0.746145608743,0.201014651752,0.121259190225,-3.53696249538,0.241111447384,0.0960797458075,-4.54249779648,-0.124712162317,-0.0660551658737,0.740910920306,0.234685616417,2.45313682142,0.554485940537,0.740910920306,2.45313682142,-0.307783635901,-0.365005161005,-803,-0.103346203346,-0.392506586182,0,0.027027027027,-0.027027027027,167,7,175,983,0.488304093567,0.992929292929,0.00707070707071,0.511695906433,0.959770114943,0.488304093567,0.647286821705,0.623817417169,0.481233386497,0.478510028653,18,186,0,0,0,0
60,WLNM_dir_neg,0.382471962077,0.31438037757,00:00:14,10,10,7,1233943442,threshold_sweep,0.6,0.611111111111,0.0591397849462,0.107843137255,11,7,175,365,0.0591397849462,0.981182795699,0.0188172043011,0.940860215054,0.611111111111,0.0591397849462,0.107843137255,0.673835125448,0.655913978495,0.0520833333333,0.107582870728,0.0403225806452,342,156,186,0,342,0,156,0,186,37,342,0.256756756757,1.72528881811,18.4864864865,15.5454545455,9.77142857143,5.36771015539,0.290358590277,0.142642642643,9.50849154237,1.02869645341,0.544491860281,8.05331334643,0.871264894205,0.461830251304,0.640599570326,0.371299902718,2,1.72528881811,0.640599570326,2,0.344071394247,0.376569037657,810,0.104247104247,0.56957682835,37,37,37,1,0,0.405405405405,0.540540540541,0.0540540540541,37,0.117117117117,2.18635635636,8.43243243243,7.09090909091,4.45714285714,5.03620525429,0.597242289772,0.326923076923,6.00062559301,1.42322530091,0.680526680527,3.83793300225,0.910278981302,0.463617463617,1.32204914232,0.604681454823,4.3462962963,2.18635635636,1.32204914232,4.3462962963,0,0,0,0,0.160896782956,37,37,37,1,0,0.405405405405,0.540540540541,0.0540540540541,37,174,0.130630630631,2.27977475865,9.40540540541,7.90909090909,4.83333333333,4.62156454665,0.491373242029,0.263901832867,5.971529047,1.2698079008,0.640571606089,3.51081554996,0.746552731888,0.39577508543,1.38151049063,0.605985519135,4.45313682142,2.27977475865,1.38151049063,4.45313682142,0.0362877583466,0.011563876652,7,0.000900900900901,0.177070242168,37,37,37,1,0,0.405405405405,0.567567567568,0.027027027027,-168,-0.126126126126,0.554485940537,-9.08108108108,-7.63636363636,-4.9380952381,-0.746145608743,0.201014651752,0.121259190225,-3.53696249538,0.241111447384,0.0960797458075,-4.54249779648,-0.124712162317,-0.0660551658737,0.740910920306,0.234685616417,2.45313682142,0.554485940537,0.740910920306,2.45313682142,-0.307783635901,-0.365005161005,-803,-0.103346203346,-0.392506586182,0,0.027027027027,-0.027027027027,167,7,175,983,0.488304093567,0.992929292929,0.00707070707071,0.511695906433,0.959770114943,0.488304093567,0.647286821705,0.623817417169,0.481233386497,0.478510028653,18,186,0,0,0,0
61,WLNM_dir_neg,0.382471962077,0.31438037757,00:00:14,10,10,7,1233943442,threshold_sweep,0.7,0.714285714286,0.0537634408602,0.1,10,4,176,368,0.0537634408602,0.989247311828,0.010752688172,0.94623655914,0.714285714286,0.0537634408602,0.1,0.677419354839,0.658303464755,0.0559440559441,0.12964074471,0.0430107526882,342,156,186,0,342,0,156,0,186,37,342,0.256756756757,1.72528881811,18.4864864865,15.5454545455,9.77142857143,5.36771015539,0.290358590277,0.142642642643,9.50849154237,1.02869645341,0.544491860281,8.05331334643,0.871264894205,0.461830251304,0.640599570326,0.371299902718,2,1.72528881811,0.640599570326,2,0.344071394247,0.376569037657,810,0.104247104247,0.56957682835,37,37,37,1,0,0.405405405405,0.540540540541,0.0540540540541,37,0.117117117117,2.18635635636,8.43243243243,7.09090909091,4.45714285714,5.03620525429,0.597242289772,0.326923076923,6.00062559301,1.42322530091,0.680526680527,3.83793300225,0.910278981302,0.463617463617,1.32204914232,0.604681454823,4.3462962963,2.18635635636,1.32204914232,4.3462962963,0,0,0,0,0.160896782956,37,37,37,1,0,0.405405405405,0.540540540541,0.0540540540541,37,170,0.127627627628,2.23771321321,9.18918918919,7.72727272727,4.72222222222,4.72486236036,0.514176198039,0.278219395866,6.0021267502,1.30634523387,0.651192368839,3.59366309139,0.782150202244,0.412718600954,1.42308090167,0.635953210298,4.97082125604,2.23771321321,1.42308090167,4.97082125604,0.011974159033,0.00339558573854,2,0.0002574002574,0.174896695981,37,37,37,1,0,0.405405405405,0.567567567568,0.027027027027,-172,-0.129129129129,0.512424395098,-9.2972972973,-7.81818181818,-5.04920634921,-0.642847795036,0.223817607762,0.135576753224,-3.50636479217,0.277648780453,0.106700508558,-4.45965025504,-0.0891146919613,-0.04911165035,0.782481331343,0.26465330758,2.97082125604,0.512424395098,0.782481331343,2.97082125604,-0.332097235214,-0.373173451918,-808,-0.10398970399,-0.394680132368,0,0.027027027027,-0.027027027027,166,4,176,986,0.485380116959,0.99595959596,0.0040404040404,0.514619883041,0.976470588235,0.485380116959,0.6484375,0.630165786252,0.481339712919,0.479768786127,14,186,0,0,0,0
62,WLNM_dir_neg,0.382471962077,0.31438037757,00:00:14,10,10,7,1233943442,threshold_sweep,0.8,0.692307692308,0.0483870967742,0.0904522613065,9,4,177,368,0.0483870967742,0.989247311828,0.010752688172,0.951612903226,0.692307692308,0.0483870967742,0.0904522613065,0.675627240143,0.65890083632,0.0490367775832,0.117609691438,0.0376344086022,342,156,186,0,342,0,156,0,186,37,342,0.256756756757,1.72528881811,18.4864864865,15.5454545455,9.77142857143,5.36771015539,0.290358590277,0.142642642643,9.50849154237,1.02869645341,0.544491860281,8.05331334643,0.871264894205,0.461830251304,0.640599570326,0.371299902718,2,1.72528881811,0.640599570326,2,0.344071394247,0.376569037657,810,0.104247104247,0.56957682835,37,37,37,1,0,0.405405405405,0.540540540541,0.0540540540541,37,0.117117117117,2.18635635636,8.43243243243,7.09090909091,4.45714285714,5.03620525429,0.597242289772,0.326923076923,6.00062559301,1.42322530091,0.680526680527,3.83793300225,0.910278981302,0.463617463617,1.32204914232,0.604681454823,4.3462962963,2.18635635636,1.32204914232,4.3462962963,0,0,0,0,0.160896782956,37,37,37,1,0,0.405405405405,0.540540540541,0.0540540540541,37,169,0.126876876877,2.26032096703,9.13513513514,7.68181818182,4.69444444444,4.68545125398,0.512904427211,0.278106508876,6.00250198084,1.31415723841,0.652806652807,3.60971328917,0.790292258576,0.415480569327,1.46032477676,0.64606965031,5.02571785268,2.26032096703,1.46032477676,5.02571785268,0.00780780780781,0.00172018348624,1,0.0001287001287,0.174199245284,37,37,37,1,0,0.405405405405,0.567567567568,0.027027027027,-173,-0.12987987988,0.53503214892,-9.35135135135,-7.86363636364,-5.07698412698,-0.68225890141,0.222545836934,0.135463866233,-3.50598956153,0.285460784995,0.108314792525,-4.44360005726,-0.0809726356286,-0.0463496819772,0.819725206435,0.274769747593,3.02571785268,0.53503214892,0.819725206435,3.02571785268,-0.33626358644,-0.374848854171,-809,-0.104118404118,-0.395377583066,0,0.027027027027,-0.027027027027,165,4,177,986,0.482456140351,0.99595959596,0.0040404040404,0.517543859649,0.976331360947,0.482456140351,0.645792563601,0.627917948135,0.47841573631,0.476878612717,13,186,0,0,0,0
63,WLNM_dir_neg,0.382471962077,0.31438037757,00:00:14,10,10,7,1233943442,threshold_sweep,0.9,0.666666666667,0.0430107526882,0.0808080808081,8,4,178,368,0.0430107526882,0.989247311828,0.010752688172,0.956989247312,0.666666666667,0.0430107526882,0.0808080808081,0.673835125448,0.659498207885,0.0421052631579,0.104828483672,0.0322580645161,342,156,186,0,342,0,156,0,186,37,342,0.256756756757,1.72528881811,18.4864864865,15.5454545455,9.77142857143,5.36771015539,0.290358590277,0.142642642643,9.50849154237,1.02869645341,0.544491860281,8.05331334643,0.871264894205,0.461830251304,0.640599570326,0.371299902718,2,1.72528881811,0.640599570326,2,0.344071394247,0.376569037657,810,0.104247104247,0.56957682835,37,37,37,1,0,0.405405405405,0.540540540541,0.0540540540541,37,0.117117117117,2.18635635636,8.43243243243,7.09090909091,4.45714285714,5.03620525429,0.597242289772,0.326923076923,6.00062559301,1.42322530091,0.680526680527,3.83793300225,0.910278981302,0.463617463617,1.32204914232,0.604681454823,4.3462962963,2.18635635636,1.32204914232,4.3462962963,0,0,0,0,0.160896782956,37,37,37,1,0,0.405405405405,0.540540540541,0.0540540540541,37,168,0.126126126126,2.27825128499,9.08108108108,7.63636363636,4.66666666667,4.66296506991,0.51348127258,0.278474903475,6.00737784633,1.32305345425,0.654761904762,3.6254853667,0.798469991475,0.417953667954,1.49456839415,0.656015604596,5.02571785268,2.27825128499,1.49456839415,5.02571785268,0.00960960960961,0.00174114915844,1,0.0001287001287,0.172639693724,37,37,37,1,0,0.405405405405,0.567567567568,0.027027027027,-174,-0.130630630631,0.552962466878,-9.40540540541,-7.90909090909,-5.10476190476,-0.704745085479,0.223122682303,0.135832260832,-3.50111369604,0.294357000837,0.110270044481,-4.42782797974,-0.0727949027296,-0.0438765833503,0.853968823821,0.284715701878,3.02571785268,0.552962466878,0.853968823821,3.02571785268,-0.334461784638,-0.374827888498,-809,-0.104118404118,-0.396937134625,0,0.027027027027,-0.027027027027,164,4,178,986,0.479532163743,0.99595959596,0.0040404040404,0.520467836257,0.97619047619,0.479532163743,0.643137254902,0.625665941151,0.475491759702,0.473988439306,12,186,0,0,0,0
64,WLNM_dir_neg,0.593955948665,0.413941989779,00:00:14,10,10,8,1233943443,threshold_sweep,0.1,0.510204081633,0.134408602151,0.212765957447,25,24,161,348,0.134408602151,0.935483870968,0.0645161290323,0.865591397849,0.510204081633,0.134408602151,0.212765957447,0.668458781362,0.637395459976,0.0856672158155,0.116412983293,0.0698924731183,342,156,186,0,342,0,156,0,186,37,342,0.256756756757,1.72528881811,18.4864864865,15.5454545455,9.77142857143,5.36771015539,0.290358590277,0.142642642643,9.50849154237,1.02869645341,0.544491860281,8.05331334643,0.871264894205,0.461830251304,0.640599570326,0.371299902718,2,1.72528881811,0.640599570326,2,0.344071394247,0.376569037657,810,0.104247104247,0.56957682835,37,37,37,1,0,0.405405405405,0.540540540541,0.0540540540541,37,0.117117117117,2.22747747748,8.43243243243,7.09090909091,4.45714285714,5.03620525429,0.597242289772,0.326923076923,6.00525295579,1.42432281644,0.680873180873,3.83793300225,0.910278981302,0.463617463617,1.42084529335,0.637871901162,5.2,2.22747747748,1.42084529335,5.2,0,0,0,0,0.160752482811,37,37,37,1,0,0.405405405405,0.540540540541,0.0540540540541,37,205,0.153903903904,13.9947880147,11.0810810811,6.21212121212,5.69444444444,5.27245661896,0.475807060735,0.259986816084,6.39702445844,1.15458490226,0.576137112722,4.15394454167,0.749736331911,0.400263678312,4.78482659601,0.34190061264,16.3283329286,13.9947880147,4.78482659601,16.3283329286,0.165378167508,0.114411882778,95,0.0122265122265,0.192146555931,37,37,37,1,0,0.108108108108,0.864864864865,0.027027027027,-137,-0.102852852853,12.2694991966,-7.40540540541,-9.33333333333,-4.07698412698,-0.0952535364348,0.185448470458,0.117344173442,-3.11146708393,0.125888448841,0.0316452524411,-3.89936880477,-0.121528562294,-0.0615665729915,4.14422702568,-0.0293992900775,14.3283329286,12.2694991966,4.14422702568,14.3283329286,-0.178693226739,-0.262157154879,-715,-0.0920205920206,-0.377430272418,-0.297297297297,0.324324324324,-0.027027027027,181,24,161,966,0.529239766082,0.975757575758,0.0242424242424,0.470760233918,0.882926829268,0.529239766082,0.661791590494,0.611337242783,0.504997341839,0.494535519126,49,186,0,0,0,0
65,WLNM_dir_neg,0.593955948665,0.413941989779,00:00:14,10,10,8,1233943443,threshold_sweep,0.2,0.531914893617,0.134408602151,0.214592274678,25,22,161,350,0.134408602151,0.940860215054,0.0591397849462,0.865591397849,0.531914893617,0.134408602151,0.214592274678,0.672043010753,0.638590203106,0.0925619834711,0.127756690933,0.0752688172043,342,156,186,0,342,0,156,0,186,37,342,0.256756756757,1.72528881811,18.4864864865,15.5454545455,9.77142857143,5.36771015539,0.290358590277,0.142642642643,9.50849154237,1.02869645341,0.544491860281,8.05331334643,0.871264894205,0.461830251304,0.640599570326,0.371299902718,2,1.72528881811,0.640599570326,2,0.344071394247,0.376569037657,810,0.104247104247,0.56957682835,37,37,37,1,0,0.405405405405,0.540540540541,0.0540540540541,37,0.117117117117,2.22747747748,8.43243243243,7.09090909091,4.45714285714,5.03620525429,0.597242289772,0.326923076923,6.00525295579,1.42432281644,0.680873180873,3.83793300225,0.910278981302,0.463617463617,1.42084529335,0.637871901162,5.2,2.22747747748,1.42084529335,5.2,0,0,0,0,0.160752482811,37,37,37,1,0,0.405405405405,0.540540540541,0.0540540540541,37,203,0.152402402402,13.7852124986,10.972972973,6.15151515152,5.63888888889,5.372183947,0.489583266106,0.268539475436,6.42746546566,1.17150848389,0.582079616562,4.18078688514,0.762015343597,0.404739715085,4.7067334719,0.341433508724,16.0523595597,13.7852124986,4.7067334719,16.0523595597,0.157316205728,0.108097165992,89,0.0114543114543,0.191290054757,37,37,37,1,0,0.108108108108,0.864864864865,0.027027027027,-139,-0.104354354354,12.0599236805,-7.51351351351,-9.39393939394,-4.13253968254,0.0044737916026,0.199224675828,0.125896832793,-3.08102607671,0.142812030475,0.037587756281,-3.87252646129,-0.109249550607,-0.0570905362194,4.06613390157,-0.0298663939935,14.0523595597,12.0599236805,4.06613390157,14.0523595597,-0.18675518852,-0.268471871665,-721,-0.0927927927928,-0.378286773593,-0.297297297297,0.324324324324,-0.027027027027,181,22,161,968,0.529239766082,0.977777777778,0.0222222222222,0.470760233918,0.891625615764,0.529239766082,0.664220183486,0.616252433828,0.50701754386,0.497252747253,47,186,0,0,0,0
66,WLNM_dir_neg,0.593955948665,0.413941989779,00:00:14,10,10,8,1233943443,threshold_sweep,0.3,0.54347826087,0.134408602151,0.215517241379,25,21,161,351,0.134408602151,0.943548387097,0.0564516129032,0.865591397849,0.54347826087,0.134408602151,0.215517241379,0.673835125448,0.639187574671,0.0960264900662,0.133619272765,0.0779569892473,342,156,186,0,342,0,156,0,186,37,342,0.256756756757,1.72528881811,18.4864864865,15.5454545455,9.77142857143,5.36771015539,0.290358590277,0.142642642643,9.50849154237,1.02869645341,0.544491860281,8.05331334643,0.871264894205,0.461830251304,0.640599570326,0.371299902718,2,1.72528881811,0.640599570326,2,0.344071394247,0.376569037657,810,0.104247104247,0.56957682835,37,37,37,1,0,0.405405405405,0.540540540541,0.0540540540541,37,0.117117117117,2.22747747748,8.43243243243,7.09090909091,4.45714285714,5.03620525429,0.597242289772,0.326923076923,6.00525295579,1.42432281644,0.680873180873,3.83793300225,0.910278981302,0.463617463617,1.42084529335,0.637871901162,5.2,2.22747747748,1.42084529335,5.2,0,0,0,0,0.160752482811,37,37,37,1,0,0.405405405405,0.540540540541,0.0540540540541,37,202,0.151651651652,13.8586300909,10.9189189189,6.12121212121,5.61111111111,5.35090012354,0.490057684582,0.269066095799,6.43598647621,1.17886881,0.583355632861,4.18724647388,0.76697088878,0.406208188386,4.73442568348,0.341622920333,16.1494559713,13.8586300909,4.73442568348,16.1494559713,0.158364401203,0.109157808667,89,0.0114543114543,0.190002052182,37,37,37,1,0,0.108108108108,0.864864864865,0.027027027027,-140,-0.105105105105,12.1333412728,-7.56756756757,-9.42424242424,-4.16031746032,-0.0168100318503,0.199699094305,0.126423453156,-3.07250506617,0.150172356584,0.0388637725792,-3.86606687255,-0.104294005425,-0.0556220629175,4.09382611315,-0.0296769823849,14.1494559713,12.1333412728,4.09382611315,14.1494559713,-0.185706993044,-0.26741122899,-721,-0.0927927927928,-0.379574776168,-0.297297297297,0.324324324324,-0.027027027027,181,21,161,969,0.529239766082,0.978787878788,0.0212121212121,0.470760233918,0.89603960396,0.529239766082,0.665441176471,0.618732728943,0.50802764487,0.498622589532,46,186,0,0,0,0
67,WLNM_dir_neg,0.593955948665,0.413941989779,00:00:14,10,10,8,1233943443,threshold_sweep,0.4,0.5,0.0591397849462,0.105769230769,11,11,175,361,0.0591397849462,0.970430107527,0.0295698924731,0.940860215054,0.5,0.0591397849462,0.105769230769,0.666666666667,0.653524492234,0.0379310344828,0.0716281858972,0.0295698924731,342,156,186,0,342,0,156,0,186,37,342,0.256756756757,1.72528881811,18.4864864865,15.5454545455,9.77142857143,5.36771015539,0.290358590277,0.142642642643,9.50849154237,1.02869645341,0.544491860281,8.05331334643,0.871264894205,0.461830251304,0.640599570326,0.371299902718,2,1.72528881811,0.640599570326,2,0.344071394247,0.376569037657,810,0.104247104247,0.56957682835,37,37,37,1,0,0.405405405405,0.540540540541,0.0540540540541,37,0.117117117117,2.22747747748,8.43243243243,7.09090909091,4.45714285714,5.03620525429,0.597242289772,0.326923076923,6.00525295579,1.42432281644,0.680873180873,3.83793300225,0.910278981302,0.463617463617,1.42084529335,0.637871901162,5.2,2.22747747748,1.42084529335,5.2,0,0,0,0,0.160752482811,37,37,37,1,0,0.405405405405,0.540540540541,0.0540540540541,37,178,0.133633633634,2.4739976273,9.62162162162,7.73913043478,4.94444444444,4.57257131256,0.475239153271,0.255390221682,5.96209246377,1.23931135483,0.629213483146,3.54211046504,0.7362813888,0.389310658974,1.49002039115,0.602272360616,4.72223188548,2.4739976273,1.49002039115,4.72223188548,0.105040640335,0.0275974025974,17,0.0021879021879,0.171631754844,37,37,37,1,0,0.378378378378,0.594594594595,0.027027027027,-164,-0.123123123123,0.748708809181,-8.86486486486,-7.80632411067,-4.82698412698,-0.795138842837,0.184880562994,0.11274757904,-3.5463990786,0.210614901414,0.0847216228647,-4.51120288139,-0.134983505404,-0.0725195923304,0.849420820824,0.230972457898,2.72223188548,0.748708809181,0.849420820824,2.72223188548,-0.239030753913,-0.34897163506,-793,-0.102059202059,-0.397945073506,-0.027027027027,0.0540540540541,-0.027027027027,167,11,175,979,0.488304093567,0.988888888889,0.0111111111111,0.511695906433,0.938202247191,0.488304093567,0.642307692308,0.612649090503,0.477192982456,0.473087818697,22,186,0,0,0,0
68,WLNM_dir_neg,0.593955948665,0.413941989779,00:00:14,10,10,8,1233943443,threshold_sweep,0.5,0.421052631579,0.0430107526882,0.0780487804878,8,11,178,361,0.0430107526882,0.970430107527,0.0295698924731,0.956989247312,0.421052631579,0.0430107526882,0.0780487804878,0.661290322581,0.65531660693,0.0173310225303,0.0349368562889,0.0134408602151,342,156,186,0,342,0,156,0,186,37,342,0.256756756757,1.72528881811,18.4864864865,15.5454545455,9.77142857143,5.36771015539,0.290358590277,0.142642642643,9.50849154237,1.02869645341,0.544491860281,8.05331334643,0.871264894205,0.461830251304,0.640599570326,0.371299902718,2,1.72528881811,0.640599570326,2,0.344071394247,0.376569037657,810,0.104247104247,0.56957682835,37,37,37,1,0,0.405405405405,0.540540540541,0.0540540540541,37,0.117117117117,2.22747747748,8.43243243243,7.09090909091,4.45714285714,5.03620525429,0.597242289772,0.326923076923,6.00525295579,1.42432281644,0.680873180873,3.83793300225,0.910278981302,0.463617463617,1.42084529335,0.637871901162,5.2,2.22747747748,1.42084529335,5.2,0,0,0,0,0.160752482811,37,37,37,1,0,0.405405405405,0.540540540541,0.0540540540541,37,175,0.131381381381,2.47185060071,9.45945945946,7.60869565217,4.86111111111,4.60431316264,0.486741677194,0.259768339768,5.91442985253,1.25047945453,0.632277992278,3.54846327184,0.750246520332,0.394749034749,1.48686347425,0.601518341691,4.71914289769,2.47185060071,1.48686347425,4.71914289769,0.0747735130088,0.0149750415973,9,0.0011583011583,0.168243001477,37,37,37,1,0,0.378378378378,0.594594594595,0.027027027027,-167,-0.125375375375,0.746561782597,-9.02702702703,-7.93675889328,-4.91031746032,-0.763396992749,0.196383086917,0.117125697126,-3.59406168985,0.22178300112,0.0877861319967,-4.5048500746,-0.121018373873,-0.0670812165549,0.846263903923,0.230218438973,2.71914289769,0.746561782597,0.846263903923,2.71914289769,-0.269297881239,-0.36159399606,-801,-0.103088803089,-0.401333826873,-0.027027027027,0.0540540540541,-0.027027027027,164,11,178,979,0.479532163743,0.988888888889,0.0111111111111,0.520467836257,0.937142857143,0.479532163743,0.634429400387,0.605733164257,0.468421052632,0.464589235127,19,186,0,0,0,0
69,WLNM_dir_neg,0.593955948665,0.413941989779,00:00:14,10,10,8,1233943443,threshold_sweep,0.6,0.388888888889,0.0376344086022,0.0686274509804,7,11,179,361,0.0376344086022,0.970430107527,0.0295698924731,0.962365591398,0.388888888889,0.0376344086022,0.0686274509804,0.659498207885,0.655913978495,0.0104166666667,0.0215165741456,0.00806451612903,342,156,186,0,342,0,156,0,186,37,342,0.256756756757,1.72528881811,18.4864864865,15.5454545455,9.77142857143,5.36771015539,0.290358590277,0.142642642643,9.50849154237,1.02869645341,0.544491860281,8.05331334643,0.871264894205,0.461830251304,0.640599570326,0.371299902718,2,1.72528881811,0.640599570326,2,0.344071394247,0.376569037657,810,0.104247104247,0.56957682835,37,37,37,1,0,0.405405405405,0.540540540541,0.0540540540541,37,0.117117117117,2.22747747748,8.43243243243,7.09090909091,4.45714285714,5.03620525429,0.597242289772,0.326923076923,6.00525295579,1.42432281644,0.680873180873,3.83793300225,0.910278981302,0.463617463617,1.42084529335,0.637871901162,5.2,2.22747747748,1.42084529335,5.2,0,0,0,0,0.160752482811,37,37,37,1,0,0.405405405405,0.540540540541,0.0540540540541,37,174,0.130630630631,2.48574544322,9.40540540541,7.5652173913,4.83333333333,4.55496956606,0.484292741219,0.257378067723,5.90604617163,1.25588338132,0.633426529978,3.56576986284,0.758238419109,0.397328362846,1.51087933146,0.607817399636,4.86870192981,2.48574544322,1.51087933146,4.86870192981,0.070436192495,0.0134983127109,8,0.0010296010296,0.167748689026,37,37,37,1,0,0.378378378378,0.594594594595,0.027027027027,-168,-0.126126126126,0.760456625108,-9.08108108108,-7.98023715415,-4.9380952381,-0.812740589332,0.193934150942,0.11473542508,-3.60244537075,0.227186927908,0.0889346696969,-4.4875434836,-0.113026475096,-0.0645018884583,0.87027976113,0.236517496918,2.86870192981,0.760456625108,0.87027976113,2.86870192981,-0.273635201752,-0.363070724946,-802,-0.103217503218,-0.401828139324,-0.027027027027,0.0540540540541,-0.027027027027,163,11,179,979,0.476608187135,0.988888888889,0.0111111111111,0.523391812865,0.936781609195,0.476608187135,0.631782945736,0.603418615193,0.465497076023,0.461756373938,18,186,0,0,0,0
70,WLNM_dir_neg,0.593955948665,0.413941989779,00:00:14,10,10,8,1233943443,threshold_sweep,0.7,0.352941176471,0.0322580645161,0.0591133004926,6,11,180,361,0.0322580645161,0.970430107527,0.0295698924731,0.967741935484,0.352941176471,0.0322580645161,0.0591133004926,0.65770609319,0.65651135006,0.00347826086957,0.00737330007425,0.00268817204301,342,156,186,0,342,0,156,0,186,37,342,0.256756756757,1.72528881811,18.4864864865,15.5454545455,9.77142857143,5.36771015539,0.290358590277,0.142642642643,9.50849154237,1.02869645341,0.544491860281,8.05331334643,0.871264894205,0.461830251304,0.640599570326,0.371299902718,2,1.72528881811,0.640599570326,2,0.344071394247,0.376569037657,810,0.104247104247,0.56957682835,37,37,37,1,0,0.405405405405,0.540540540541,0.0540540540541,37,0.117117117117,2.22747747748,8.43243243243,7.09090909091,4.45714285714,5.03620525429,0.597242289772,0.326923076923,6.00525295579,1.42432281644,0.680873180873,3.83793300225,0.910278981302,0.463617463617,1.42084529335,0.637871901162,5.2,2.22747747748,1.42084529335,5.2,0,0,0,0,0.160752482811,37,37,37,1,0,0.405405405405,0.540540540541,0.0540540540541,37,173,0.12987987988,2.48359769295,9.35135135135,7.52173913043,4.80555555556,4.60202984331,0.492124578619,0.262458990783,5.92102681623,1.26634677573,0.637712857366,3.59052807981,0.767916410132,0.403062021559,1.50640621521,0.606541961078,4.81000984373,2.48359769295,1.50640621521,4.81000984373,0.0787373507962,0.0118644067797,7,0.000900900900901,0.166909552317,37,37,37,1,0,0.378378378378,0.594594594595,0.027027027027,-169,-0.126876876877,0.758308874835,-9.13513513514,-8.02371541502,-4.96587301587,-0.765680312087,0.201765988342,0.11981634814,-3.58746472614,0.237650322311,0.0932209970847,-4.46278526663,-0.103348484072,-0.0587682297448,0.865806644884,0.23524205836,2.81000984373,0.758308874835,0.865806644884,2.81000984373,-0.265334043451,-0.364704630877,-803,-0.103346203346,-0.402667276033,-0.027027027027,0.0540540540541,-0.027027027027,162,11,180,979,0.473684210526,0.988888888889,0.0111111111111,0.526315789474,0.936416184971,0.473684210526,0.629126213592,0.60109934383,0.462573099415,0.458923512748,17,186,0,0,0,0
71,WLNM_dir_neg,0.593955948665,0.413941989779,00:00:14,10,10,8,1233943443,threshold_sweep,0.8,0.4,0.0322580645161,0.0597014925373,6,9,180,363,0.0322580645161,0.975806451613,0.0241935483871,0.967741935484,0.4,0.0322580645161,0.0597014925373,0.661290322581,0.65770609319,0.0104712041885,0.0235050247361,0.00806451612903,342,156,186,0,342,0,156,0,186,37,342,0.256756756757,1.72528881811,18.4864864865,15.5454545455,9.77142857143,5.36771015539,0.290358590277,0.142642642643,9.50849154237,1.02869645341,0.544491860281,8.05331334643,0.871264894205,0.461830251304,0.640599570326,0.371299902718,2,1.72528881811,0.640599570326,2,0.344071394247,0.376569037657,810,0.104247104247,0.56957682835,37,37,37,1,0,0.405405405405,0.540540540541,0.0540540540541,37,0.117117117117,2.22747747748,8.43243243243,7.09090909091,4.45714285714,5.03620525429,0.597242289772,0.326923076923,6.00525295579,1.42432281644,0.680873180873,3.83793300225,0.910278981302,0.463617463617,1.42084529335,0.637871901162,5.2,2.22747747748,1.42084529335,5.2,0,0,0,0,0.160752482811,37,37,37,1,0,0.405405405405,0.540540540541,0.0540540540541,37,171,0.128378378378,2.48114136882,9.24324324324,7.4347826087,4.75,4.68689310386,0.507061534628,0.272008850956,5.91772925365,1.28044434143,0.640746009167,3.63127886373,0.785715309696,0.410937253043,1.50260767884,0.605611472899,4.8059251699,2.48114136882,1.50260767884,4.8059251699,0.0559574280163,0.00684931506849,4,0.000514800514801,0.166520141552,37,37,37,1,0,0.378378378378,0.594594594595,0.027027027027,-171,-0.128378378378,0.755852550709,-9.24324324324,-8.11067193676,-5.02142857143,-0.680817051538,0.216702944351,0.129366208314,-3.59076228872,0.251747888018,0.0962541488857,-4.4220344827,-0.0855495845085,-0.0508929982614,0.862008108518,0.234311570181,2.8059251699,0.755852550709,0.862008108518,2.8059251699,-0.288113966231,-0.369719722588,-806,-0.103732303732,-0.403056686798,-0.027027027027,0.0540540540541,-0.027027027027,162,9,180,981,0.473684210526,0.990909090909,0.00909090909091,0.526315789474,0.947368421053,0.473684210526,0.631578947368,0.606721561507,0.464593301435,0.461538461538,15,186,0,0,0,0
72,WLNM_dir_neg,0.593955948665,0.413941989779,00:00:14,10,10,8,1233943443,threshold_sweep,0.9,0.384615384615,0.0268817204301,0.0502512562814,5,8,181,364,0.0268817204301,0.978494623656,0.0215053763441,0.97311827957,0.384615384615,0.0268817204301,0.0502512562814,0.661290322581,0.65890083632,0.00700525394046,0.0168013844911,0.00537634408602,342,156,186,0,342,0,156,0,186,37,342,0.256756756757,1.72528881811,18.4864864865,15.5454545455,9.77142857143,5.36771015539,0.290358590277,0.142642642643,9.50849154237,1.02869645341,0.544491860281,8.05331334643,0.871264894205,0.461830251304,0.640599570326,0.371299902718,2,1.72528881811,0.640599570326,2,0.344071394247,0.376569037657,810,0.104247104247,0.56957682835,37,37,37,1,0,0.405405405405,0.540540540541,0.0540540540541,37,0.117117117117,2.22747747748,8.43243243243,7.09090909091,4.45714285714,5.03620525429,0.597242289772,0.326923076923,6.00525295579,1.42432281644,0.680873180873,3.83793300225,0.910278981302,0.463617463617,1.42084529335,0.637871901162,5.2,2.22747747748,1.42084529335,5.2,0,0,0,0,0.160752482811,37,37,37,1,0,0.405405405405,0.540540540541,0.0540540540541,37,169,0.126876876877,2.45316475308,9.13513513514,7.34782608696,4.69444444444,4.76189832689,0.521272893772,0.281145050376,5.89981421808,1.29167530218,0.642891412122,3.67831891358,0.805312424868,0.421237805853,1.45421736775,0.59279237806,4.4059251699,2.45316475308,1.45421736775,4.4059251699,0.026678148737,0.00517538815411,3,0.0003861003861,0.166298071479,37,37,37,1,0,0.378378378378,0.594594594595,0.027027027027,-173,-0.12987987988,0.72787593497,-9.35135135135,-8.1976284585,-5.07698412698,-0.605811828499,0.230914303495,0.138502407733,-3.6086773243,0.262978848767,0.0983995518408,-4.37499443285,-0.0659524693374,-0.0405924454507,0.813617797428,0.221492475342,2.4059251699,0.72787593497,0.813617797428,2.4059251699,-0.31739324551,-0.371393649503,-807,-0.103861003861,-0.403278756871,-0.027027027027,0.0540540540541,-0.027027027027,161,8,181,982,0.470760233918,0.991919191919,0.00808080808081,0.529239766082,0.952662721893,0.470760233918,0.630136986301,0.607264129639,0.462679425837,0.46,13,186,0,0,0,0
73,WLNM_dir_neg,0.426971326165,0.326265658806,00:00:14,10,10,9,1233943444,threshold_sweep,0.1,0.516129032258,0.0860215053763,0.147465437788,16,15,170,357,0.0860215053763,0.959677419355,0.0403225806452,0.913978494624,0.516129032258,0.0860215053763,0.147465437788,0.668458781362,0.648148148148,0.0577249575552,0.0940476112072,0.0456989247312,342,156,186,0,342,0,156,0,186,37,342,0.256756756757,1.72528881811,18.4864864865,15.5454545455,9.77142857143,5.36771015539,0.290358590277,0.142642642643,9.50849154237,1.02869645341,0.544491860281,8.05331334643,0.871264894205,0.461830251304,0.640599570326,0.371299902718,2,1.72528881811,0.640599570326,2,0.344071394247,0.376569037657,810,0.104247104247,0.56957682835,37,37,37,1,0,0.405405405405,0.540540540541,0.0540540540541,37,0.117117117117,2.18635635636,8.43243243243,7.09090909091,4.45714285714,5.03620525429,0.597242289772,0.326923076923,6.00062559301,1.42322530091,0.680526680527,3.83793300225,0.910278981302,0.463617463617,1.32204914232,0.604681454823,4.3462962963,2.18635635636,1.32204914232,4.3462962963,0,0,0,0,0.160896782956,37,37,37,1,0,0.405405405405,0.540540540541,0.0540540540541,37,187,0.14039039039,4.29943987084,10.1081081081,6.92592592593,5.05405405405,4.67727237574,0.462724807226,0.255239196416,5.91112860979,1.16958159659,0.595461771932,3.34951029543,0.662737331182,0.359011417835,2.33115648633,0.542200043811,6.2688818769,4.29943987084,2.33115648633,6.2688818769,0.10324347925,0.0471050049068,32,0.0041184041184,0.146665868115,37,37,37,1,0,0.27027027027,0.72972972973,0,-155,-0.116366366366,2.57415105272,-8.37837837838,-8.61952861953,-4.71737451737,-0.690437779652,0.172366216949,0.112596553773,-3.59736293259,0.140885143174,0.050969911651,-4.703803051,-0.208527563023,-0.102818833469,1.690556916,0.170900141093,4.2688818769,2.57415105272,1.690556916,4.2688818769,-0.240827914998,-0.32946403275,-778,-0.100128700129,-0.422910960235,-0.135135135135,0.189189189189,-0.0540540540541,172,15,170,975,0.502923976608,0.984848484848,0.0151515151515,0.497076023392,0.919786096257,0.502923976608,0.650283553875,0.613372613285,0.487772461457,0.481792717087,31,186,0,0,0,0
74,WLNM_dir_neg,0.426971326165,0.326265658806,00:00:14,10,10,9,1233943444,threshold_sweep,0.2,0.619047619048,0.0698924731183,0.125603864734,13,8,173,364,0.0698924731183,0.978494623656,0.0215053763441,0.930107526882,0.619047619048,0.0698924731183,0.125603864734,0.675627240143,0.654121863799,0.0621761658031,0.119856258683,0.0483870967742,342,156,186,0,342,0,156,0,186,37,342,0.256756756757,1.72528881811,18.4864864865,15.5454545455,9.77142857143,5.36771015539,0.290358590277,0.142642642643,9.50849154237,1.02869645341,0.544491860281,8.05331334643,0.871264894205,0.461830251304,0.640599570326,0.371299902718,2,1.72528881811,0.640599570326,2,0.344071394247,0.376569037657,810,0.104247104247,0.56957682835,37,37,37,1,0,0.405405405405,0.540540540541,0.0540540540541,37,0.117117117117,2.18635635636,8.43243243243,7.09090909091,4.45714285714,5.03620525429,0.597242289772,0.326923076923,6.00062559301,1.42322530091,0.680526680527,3.83793300225,0.910278981302,0.463617463617,1.32204914232,0.604681454823,4.3462962963,2.18635635636,1.32204914232,4.3462962963,0,0,0,0,0.160896782956,37,37,37,1,0,0.405405405405,0.540540540541,0.0540540540541,37,177,0.132882882883,2.48833218927,9.56756756757,7.69565217391,4.91666666667,4.68769393993,0.489956711236,0.262330126737,5.92609640646,1.23878851434,0.622690487097,3.50503713037,0.732691377535,0.391815544358,1.49485626498,0.600746263474,4.18508715136,2.48833218927,1.49485626498,4.18508715136,0.0793268007664,0.0239744272776,15,0.0019305019305,0.170633726693,37,37,37,1,0,0.378378378378,0.594594594595,0.027027027027,-165,-0.123873873874,0.763043371151,-8.91891891892,-7.84980237154,-4.85476190476,-0.680016215461,0.199598120959,0.119687484094,-3.58239513592,0.210092060929,0.0781986268159,-4.54827621606,-0.13857351667,-0.070014706946,0.854256694657,0.229446360756,2.18508715136,0.763043371151,0.854256694657,2.18508715136,-0.264744593481,-0.352594610379,-795,-0.102316602317,-0.398943101657,-0.027027027027,0.0540540540541,-0.027027027027,169,8,173,982,0.494152046784,0.991919191919,0.00808080808081,0.505847953216,0.954802259887,0.494152046784,0.651252408478,0.62553692265,0.486071238703,0.482857142857,21,186,0,0,0,0
75,WLNM_dir_neg,0.426971326165,0.326265658806,00:00:14,10,10,9,1233943444,threshold_sweep,0.3,0.619047619048,0.0698924731183,0.125603864734,13,8,173,364,0.0698924731183,0.978494623656,0.0215053763441,0.930107526882,0.619047619048,0.0698924731183,0.125603864734,0.675627240143,0.654121863799,0.0621761658031,0.119856258683,0.0483870967742,342,156,186,0,342,0,156,0,186,37,342,0.256756756757,1.72528881811,18.4864864865,15.5454545455,9.77142857143,5.36771015539,0.290358590277,0.142642642643,9.50849154237,1.02869645341,0.544491860281,8.05331334643,0.871264894205,0.461830251304,0.640599570326,0.371299902718,2,1.72528881811,0.640599570326,2,0.344071394247,0.376569037657,810,0.104247104247,0.56957682835,37,37,37,1,0,0.405405405405,0.540540540541,0.0540540540541,37,0.117117117117,2.18635635636,8.43243243243,7.09090909091,4.45714285714,5.03620525429,0.597242289772,0.326923076923,6.00062559301,1.42322530091,0.680526680527,3.83793300225,0.910278981302,0.463617463617,1.32204914232,0.604681454823,4.3462962963,2.18635635636,1.32204914232,4.3462962963,0,0,0,0,0.160896782956,37,37,37,1,0,0.405405405405,0.540540540541,0.0540540540541,37,177,0.132882882883,2.48833218927,9.56756756757,7.69565217391,4.91666666667,4.68769393993,0.489956711236,0.262330126737,5.92609640646,1.23878851434,0.622690487097,3.50503713037,0.732691377535,0.391815544358,1.49485626498,0.600746263474,4.18508715136,2.48833218927,1.49485626498,4.18508715136,0.0793268007664,0.0239744272776,15,0.0019305019305,0.170633726693,37,37,37,1,0,0.378378378378,0.594594594595,0.027027027027,-165,-0.123873873874,0.763043371151,-8.91891891892,-7.84980237154,-4.85476190476,-0.680016215461,0.199598120959,0.119687484094,-3.58239513592,0.210092060929,0.0781986268159,-4.54827621606,-0.13857351667,-0.070014706946,0.854256694657,0.229446360756,2.18508715136,0.763043371151,0.854256694657,2.18508715136,-0.264744593481,-0.352594610379,-795,-0.102316602317,-0.398943101657,-0.027027027027,0.0540540540541,-0.027027027027,169,8,173,982,0.494152046784,0.991919191919,0.00808080808081,0.505847953216,0.954802259887,0.494152046784,0.651252408478,0.62553692265,0.486071238703,0.482857142857,21,186,0,0,0,0
76,WLNM_dir_neg,0.426971326165,0.326265658806,00:00:14,10,10,9,1233943444,threshold_sweep,0.4,0.555555555556,0.0537634408602,0.0980392156863,10,8,176,364,0.0537634408602,0.978494623656,0.0215053763441,0.94623655914,0.555555555556,0.0537634408602,0.0980392156863,0.670250896057,0.655913978495,0.0416666666667,0.0860662965824,0.0322580645161,342,156,186,0,342,0,156,0,186,37,342,0.256756756757,1.72528881811,18.4864864865,15.5454545455,9.77142857143,5.36771015539,0.290358590277,0.142642642643,9.50849154237,1.02869645341,0.544491860281,8.05331334643,0.871264894205,0.461830251304,0.640599570326,0.371299902718,2,1.72528881811,0.640599570326,2,0.344071394247,0.376569037657,810,0.104247104247,0.56957682835,37,37,37,1,0,0.405405405405,0.540540540541,0.0540540540541,37,0.117117117117,2.18635635636,8.43243243243,7.09090909091,4.45714285714,5.03620525429,0.597242289772,0.326923076923,6.00062559301,1.42322530091,0.680526680527,3.83793300225,0.910278981302,0.463617463617,1.32204914232,0.604681454823,4.3462962963,2.18635635636,1.32204914232,4.3462962963,0,0,0,0,0.160896782956,37,37,37,1,0,0.405405405405,0.540540540541,0.0540540540541,37,174,0.130630630631,2.50169120371,9.40540540541,7.5652173913,4.83333333333,4.63956091948,0.493286649484,0.262503883194,5.88248277546,1.25087277409,0.625660142902,3.55797121393,0.756580085721,0.402298850575,1.5124699581,0.604578996743,4.19396447028,2.50169120371,1.5124699581,4.19396447028,0.0640276831453,0.0181718061674,11,0.0014157014157,0.169554535792,37,37,37,1,0,0.378378378378,0.594594594595,0.027027027027,-168,-0.126126126126,0.776402385595,-9.08108108108,-7.98023715415,-4.9380952381,-0.728149235918,0.202928059207,0.119861240551,-3.62600876691,0.222176320678,0.0811682826202,-4.4953421325,-0.114684808484,-0.0595314007292,0.871870387774,0.233279094025,2.19396447028,0.776402385595,0.871870387774,2.19396447028,-0.280043711102,-0.35839723149,-799,-0.102831402831,-0.400022292558,-0.027027027027,0.0540540540541,-0.027027027027,166,8,176,982,0.485380116959,0.991919191919,0.00808080808081,0.514619883041,0.954022988506,0.485380116959,0.643410852713,0.618717716675,0.477299308878,0.474285714286,18,186,0,0,0,0
77,WLNM_dir_neg,0.426971326165,0.326265658806,00:00:14,10,10,9,1233943444,threshold_sweep,0.5,0.555555555556,0.0537634408602,0.0980392156863,10,8,176,364,0.0537634408602,0.978494623656,0.0215053763441,0.94623655914,0.555555555556,0.0537634408602,0.0980392156863,0.670250896057,0.655913978495,0.0416666666667,0.0860662965824,0.0322580645161,342,156,186,0,342,0,156,0,186,37,342,0.256756756757,1.72528881811,18.4864864865,15.5454545455,9.77142857143,5.36771015539,0.290358590277,0.142642642643,9.50849154237,1.02869645341,0.544491860281,8.05331334643,0.871264894205,0.461830251304,0.640599570326,0.371299902718,2,1.72528881811,0.640599570326,2,0.344071394247,0.376569037657,810,0.104247104247,0.56957682835,37,37,37,1,0,0.405405405405,0.540540540541,0.0540540540541,37,0.117117117117,2.18635635636,8.43243243243,7.09090909091,4.45714285714,5.03620525429,0.597242289772,0.326923076923,6.00062559301,1.42322530091,0.680526680527,3.83793300225,0.910278981302,0.463617463617,1.32204914232,0.604681454823,4.3462962963,2.18635635636,1.32204914232,4.3462962963,0,0,0,0,0.160896782956,37,37,37,1,0,0.405405405405,0.540540540541,0.0540540540541,37,174,0.130630630631,2.50169120371,9.40540540541,7.5652173913,4.83333333333,4.63956091948,0.493286649484,0.262503883194,5.88248277546,1.25087277409,0.625660142902,3.55797121393,0.756580085721,0.402298850575,1.5124699581,0.604578996743,4.19396447028,2.50169120371,1.5124699581,4.19396447028,0.0640276831453,0.0181718061674,11,0.0014157014157,0.169554535792,37,37,37,1,0,0.378378378378,0.594594594595,0.027027027027,-168,-0.126126126126,0.776402385595,-9.08108108108,-7.98023715415,-4.9380952381,-0.728149235918,0.202928059207,0.119861240551,-3.62600876691,0.222176320678,0.0811682826202,-4.4953421325,-0.114684808484,-0.0595314007292,0.871870387774,0.233279094025,2.19396447028,0.776402385595,0.871870387774,2.19396447028,-0.280043711102,-0.35839723149,-799,-0.102831402831,-0.400022292558,-0.027027027027,0.0540540540541,-0.027027027027,166,8,176,982,0.485380116959,0.991919191919,0.00808080808081,0.514619883041,0.954022988506,0.485380116959,0.643410852713,0.618717716675,0.477299308878,0.474285714286,18,186,0,0,0,0
78,WLNM_dir_neg,0.426971326165,0.326265658806,00:00:14,10,10,9,1233943444,threshold_sweep,0.6,0.533333333333,0.0430107526882,0.0796019900498,8,7,178,365,0.0430107526882,0.981182795699,0.0188172043011,0.956989247312,0.533333333333,0.0430107526882,0.0796019900498,0.668458781362,0.65770609319,0.0314136125654,0.0705150742083,0.0241935483871,342,156,186,0,342,0,156,0,186,37,342,0.256756756757,1.72528881811,18.4864864865,15.5454545455,9.77142857143,5.36771015539,0.290358590277,0.142642642643,9.50849154237,1.02869645341,0.544491860281,8.05331334643,0.871264894205,0.461830251304,0.640599570326,0.371299902718,2,1.72528881811,0.640599570326,2,0.344071394247,0.376569037657,810,0.104247104247,0.56957682835,37,37,37,1,0,0.405405405405,0.540540540541,0.0540540540541,37,0.117117117117,2.18635635636,8.43243243243,7.09090909091,4.45714285714,5.03620525429,0.597242289772,0.326923076923,6.00062559301,1.42322530091,0.680526680527,3.83793300225,0.910278981302,0.463617463617,1.32204914232,0.604681454823,4.3462962963,2.18635635636,1.32204914232,4.3462962963,0,0,0,0,0.160896782956,37,37,37,1,0,0.405405405405,0.540540540541,0.0540540540541,37,171,0.128378378378,2.49691097767,9.24324324324,7.4347826087,4.75,4.62123964493,0.499958675036,0.267741425636,5.86586808652,1.2692229193,0.632211158527,3.62362120408,0.784058389186,0.415362731152,1.50854362951,0.604163962193,4.15788195288,2.49691097767,1.50854362951,4.15788195288,0.0560161001337,0.013468013468,8,0.0010296010296,0.167645125483,37,37,37,1,0,0.378378378378,0.594594594595,0.027027027027,-171,-0.128378378378,0.771622159555,-9.24324324324,-8.11067193676,-5.02142857143,-0.746470510465,0.209600084759,0.125098782994,-3.64262345586,0.24052646589,0.0877192982456,-4.42969214236,-0.0872065050188,-0.0464675201517,0.867944059185,0.232864059475,2.15788195288,0.771622159555,0.867944059185,2.15788195288,-0.288055294114,-0.363101024189,-802,-0.103217503218,-0.401931702866,-0.027027027027,0.0540540540541,-0.027027027027,164,7,178,983,0.479532163743,0.992929292929,0.00707070707071,0.520467836257,0.959064327485,0.479532163743,0.639376218324,0.616996740716,0.472461456672,0.469914040115,15,186,0,0,0,0
79,WLNM_dir_neg,0.426971326165,0.326265658806,00:00:14,10,10,9,1233943444,threshold_sweep,0.7,0.533333333333,0.0430107526882,0.0796019900498,8,7,178,365,0.0430107526882,0.981182795699,0.0188172043011,0.956989247312,0.533333333333,0.0430107526882,0.0796019900498,0.668458781362,0.65770609319,0.0314136125654,0.0705150742083,0.0241935483871,342,156,186,0,342,0,156,0,186,37,342,0.256756756757,1.72528881811,18.4864864865,15.5454545455,9.77142857143,5.36771015539,0.290358590277,0.142642642643,9.50849154237,1.02869645341,0.544491860281,8.05331334643,0.871264894205,0.461830251304,0.640599570326,0.371299902718,2,1.72528881811,0.640599570326,2,0.344071394247,0.376569037657,810,0.104247104247,0.56957682835,37,37,37,1,0,0.405405405405,0.540540540541,0.0540540540541,37,0.117117117117,2.18635635636,8.43243243243,7.09090909091,4.45714285714,5.03620525429,0.597242289772,0.326923076923,6.00062559301,1.42322530091,0.680526680527,3.83793300225,0.910278981302,0.463617463617,1.32204914232,0.604681454823,4.3462962963,2.18635635636,1.32204914232,4.3462962963,0,0,0,0,0.160896782956,37,37,37,1,0,0.405405405405,0.540540540541,0.0540540540541,37,171,0.128378378378,2.49691097767,9.24324324324,7.4347826087,4.75,4.62123964493,0.499958675036,0.267741425636,5.86586808652,1.2692229193,0.632211158527,3.62362120408,0.784058389186,0.415362731152,1.50854362951,0.604163962193,4.15788195288,2.49691097767,1.50854362951,4.15788195288,0.0560161001337,0.013468013468,8,0.0010296010296,0.167645125483,37,37,37,1,0,0.378378378378,0.594594594595,0.027027027027,-171,-0.128378378378,0.771622159555,-9.24324324324,-8.11067193676,-5.02142857143,-0.746470510465,0.209600084759,0.125098782994,-3.64262345586,0.24052646589,0.0877192982456,-4.42969214236,-0.0872065050188,-0.0464675201517,0.867944059185,0.232864059475,2.15788195288,0.771622159555,0.867944059185,2.15788195288,-0.288055294114,-0.363101024189,-802,-0.103217503218,-0.401931702866,-0.027027027027,0.0540540540541,-0.027027027027,164,7,178,983,0.479532163743,0.992929292929,0.00707070707071,0.520467836257,0.959064327485,0.479532163743,0.639376218324,0.616996740716,0.472461456672,0.469914040115,15,186,0,0,0,0
80,WLNM_dir_neg,0.426971326165,0.326265658806,00:00:14,10,10,9,1233943444,threshold_sweep,0.8,0.5,0.0376344086022,0.07,7,7,179,365,0.0376344086022,0.981182795699,0.0188172043011,0.962365591398,0.5,0.0376344086022,0.07,0.666666666667,0.658303464755,0.0244755244755,0.0567178258108,0.0188172043011,342,156,186,0,342,0,156,0,186,37,342,0.256756756757,1.72528881811,18.4864864865,15.5454545455,9.77142857143,5.36771015539,0.290358590277,0.142642642643,9.50849154237,1.02869645341,0.544491860281,8.05331334643,0.871264894205,0.461830251304,0.640599570326,0.371299902718,2,1.72528881811,0.640599570326,2,0.344071394247,0.376569037657,810,0.104247104247,0.56957682835,37,37,37,1,0,0.405405405405,0.540540540541,0.0540540540541,37,0.117117117117,2.18635635636,8.43243243243,7.09090909091,4.45714285714,5.03620525429,0.597242289772,0.326923076923,6.00062559301,1.42322530091,0.680526680527,3.83793300225,0.910278981302,0.463617463617,1.32204914232,0.604681454823,4.3462962963,2.18635635636,1.32204914232,4.3462962963,0,0,0,0,0.160896782956,37,37,37,1,0,0.405405405405,0.540540540541,0.0540540540541,37,170,0.127627627628,2.55229568646,9.18918918919,7.39130434783,4.72222222222,4.59974539053,0.500560527792,0.268362480127,5.8758425375,1.2788598464,0.635294117647,3.63974556085,0.792179916186,0.418124006359,1.59100512914,0.623362386096,4.39566655827,2.55229568646,1.59100512914,4.39566655827,0.0513349483938,0.0119182746879,7,0.000900900900901,0.16693774108,37,37,37,1,0,0.378378378378,0.594594594595,0.027027027027,-172,-0.129129129129,0.827006868345,-9.2972972973,-8.15415019763,-5.04920634921,-0.767964764868,0.210201937515,0.125719837485,-3.63264900487,0.250163392983,0.0908022573657,-4.41356778558,-0.0790849780193,-0.0437062449446,0.950405558809,0.252062483379,2.39566655827,0.827006868345,0.950405558809,2.39566655827,-0.292736445854,-0.364650762969,-803,-0.103346203346,-0.402639087269,-0.027027027027,0.0540540540541,-0.027027027027,163,7,179,983,0.476608187135,0.992929292929,0.00707070707071,0.523391812865,0.958823529412,0.476608187135,0.63671875,0.614714405144,0.469537480064,0.467048710602,14,186,0,0,0,0
81,WLNM_dir_neg,0.426971326165,0.326265658806,00:00:14,10,10,9,1233943444,threshold_sweep,0.9,0.5,0.0376344086022,0.07,7,7,179,365,0.0376344086022,0.981182795699,0.0188172043011,0.962365591398,0.5,0.0376344086022,0.07,0.666666666667,0.658303464755,0.0244755244755,0.0567178258108,0.0188172043011,342,156,186,0,342,0,156,0,186,37,342,0.256756756757,1.72528881811,18.4864864865,15.5454545455,9.77142857143,5.36771015539,0.290358590277,0.142642642643,9.50849154237,1.02869645341,0.544491860281,8.05331334643,0.871264894205,0.461830251304,0.640599570326,0.371299902718,2,1.72528881811,0.640599570326,2,0.344071394247,0.376569037657,810,0.104247104247,0.56957682835,37,37,37,1,0,0.405405405405,0.540540540541,0.0540540540541,37,0.117117117117,2.18635635636,8.43243243243,7.09090909091,4.45714285714,5.03620525429,0.597242289772,0.326923076923,6.00062559301,1.42322530091,0.680526680527,3.83793300225,0.910278981302,0.463617463617,1.32204914232,0.604681454823,4.3462962963,2.18635635636,1.32204914232,4.3462962963,0,0,0,0,0.160896782956,37,37,37,1,0,0.405405405405,0.540540540541,0.0540540540541,37,170,0.127627627628,2.55229568646,9.18918918919,7.39130434783,4.72222222222,4.59974539053,0.500560527792,0.268362480127,5.8758425375,1.2788598464,0.635294117647,3.63974556085,0.792179916186,0.418124006359,1.59100512914,0.623362386096,4.39566655827,2.55229568646,1.59100512914,4.39566655827,0.0513349483938,0.0119182746879,7,0.000900900900901,0.16693774108,37,37,37,1,0,0.378378378378,0.594594594595,0.027027027027,-172,-0.129129129129,0.827006868345,-9.2972972973,-8.15415019763,-5.04920634921,-0.767964764868,0.210201937515,0.125719837485,-3.63264900487,0.250163392983,0.0908022573657,-4.41356778558,-0.0790849780193,-0.0437062449446,0.950405558809,0.252062483379,2.39566655827,0.827006868345,0.950405558809,2.39566655827,-0.292736445854,-0.364650762969,-803,-0.103346203346,-0.402639087269,-0.027027027027,0.0540540540541,-0.027027027027,163,7,179,983,0.476608187135,0.992929292929,0.00707070707071,0.523391812865,0.958823529412,0.476608187135,0.63671875,0.614714405144,0.469537480064,0.467048710602,14,186,0,0,0,0
82,WLNM_dir_neg,0.572696265464,0.529462131026,00:00:14,10,10,10,1233943445,threshold_sweep,0.1,0.74358974359,0.311827956989,0.439393939394,58,20,128,352,0.311827956989,0.94623655914,0.0537634408602,0.688172043011,0.74358974359,0.311827956989,0.439393939394,0.73476702509,0.620071684588,0.301886792453,0.350823207723,0.258064516129,342,156,186,0,342,0,156,0,186,37,342,0.256756756757,1.72528881811,18.4864864865,15.5454545455,9.77142857143,5.36771015539,0.290358590277,0.142642642643,9.50849154237,1.02869645341,0.544491860281,8.05331334643,0.871264894205,0.461830251304,0.640599570326,0.371299902718,2,1.72528881811,0.640599570326,2,0.344071394247,0.376569037657,810,0.104247104247,0.56957682835,37,37,37,1,0,0.405405405405,0.540540540541,0.0540540540541,37,0.117117117117,2.22747747748,8.43243243243,7.09090909091,4.45714285714,5.03620525429,0.597242289772,0.326923076923,6.00525295579,1.42432281644,0.680873180873,3.83793300225,0.910278981302,0.463617463617,1.42084529335,0.637871901162,5.2,2.22747747748,1.42084529335,5.2,0,0,0,0,0.160752482811,37,37,37,1,0,0.405405405405,0.540540540541,0.0540540540541,37,234,0.175675675676,5.1338096684,12.6486486486,8.06896551724,6.5,6.32111196361,0.499746031311,0.249249249249,7.57207609156,1.19729408285,0.605220605221,4.48487615371,0.709147084134,0.384846384846,2.49686013908,0.486356195566,7.53722956078,5.1338096684,2.49686013908,7.53722956078,0.316438363378,0.206896551724,210,0.027027027027,0.202539940959,37,37,37,1,0,0.216216216216,0.756756756757,0.027027027027,-108,-0.0810810810811,3.40852085028,-5.83783783784,-7.47648902821,-3.27142857143,0.953401808214,0.209387441034,0.106606606607,-1.93641545082,0.168597629438,0.0607287449393,-3.56843719272,-0.162117810071,-0.0769838664576,1.85626056875,0.115056292848,5.53722956078,3.40852085028,1.85626056875,5.53722956078,-0.0276330308693,-0.169672485933,-600,-0.0772200772201,-0.367036887391,-0.189189189189,0.216216216216,-0.027027027027,214,20,128,970,0.625730994152,0.979797979798,0.020202020202,0.374269005848,0.91452991453,0.625730994152,0.743055555556,0.695114711533,0.60552897395,0.591160220994,78,186,0,0,0,0
83,WLNM_dir_neg,0.572696265464,0.529462131026,00:00:14,10,10,10,1233943445,threshold_sweep,0.2,0.838235294118,0.306451612903,0.448818897638,57,11,129,361,0.306451612903,0.970430107527,0.0295698924731,0.693548387097,0.838235294118,0.306451612903,0.448818897638,0.749103942652,0.626045400239,0.329073482428,0.398997092059,0.27688172043,342,156,186,0,342,0,156,0,186,37,342,0.256756756757,1.72528881811,18.4864864865,15.5454545455,9.77142857143,5.36771015539,0.290358590277,0.142642642643,9.50849154237,1.02869645341,0.544491860281,8.05331334643,0.871264894205,0.461830251304,0.640599570326,0.371299902718,2,1.72528881811,0.640599570326,2,0.344071394247,0.376569037657,810,0.104247104247,0.56957682835,37,37,37,1,0,0.405405405405,0.540540540541,0.0540540540541,37,0.117117117117,2.22747747748,8.43243243243,7.09090909091,4.45714285714,5.03620525429,0.597242289772,0.326923076923,6.00525295579,1.42432281644,0.680873180873,3.83793300225,0.910278981302,0.463617463617,1.42084529335,0.637871901162,5.2,2.22747747748,1.42084529335,5.2,0,0,0,0,0.160752482811,37,37,37,1,0,0.405405405405,0.540540540541,0.0540540540541,37,224,0.168168168168,2.67094339685,12.1081081081,9.73913043478,6.22222222222,5.68518437004,0.469535316275,0.240709459459,7.56066555692,1.24885993574,0.633204633205,4.40924499676,0.728312789643,0.393098455598,1.75977644906,0.658859506772,5.10344827586,2.67094339685,1.75977644906,5.10344827586,0.29663664207,0.196138211382,193,0.0248391248391,0.236672941634,37,37,37,1,0,0.378378378378,0.594594594595,0.027027027027,-118,-0.0885885885886,0.945654578735,-6.37837837838,-5.80632411067,-3.54920634921,0.317474214644,0.179176725998,0.0980668168168,-1.94782598545,0.220163482327,0.0887127729233,-3.64406834968,-0.142952104562,-0.0687317957055,1.11917687874,0.287559604054,3.10344827586,0.945654578735,1.11917687874,3.10344827586,-0.0474347521773,-0.180430826275,-617,-0.079407979408,-0.332903886716,-0.027027027027,0.0540540540541,-0.027027027027,213,11,129,979,0.622807017544,0.988888888889,0.0111111111111,0.377192982456,0.950892857143,0.622807017544,0.752650176678,0.714450813552,0.611695906433,0.603399433428,68,186,0,0,0,0
84,WLNM_dir_neg,0.572696265464,0.529462131026,00:00:14,10,10,10,1233943445,threshold_sweep,0.3,0.846153846154,0.295698924731,0.438247011952,55,10,131,362,0.295698924731,0.97311827957,0.0268817204301,0.704301075269,0.846153846154,0.295698924731,0.438247011952,0.747311827957,0.627837514934,0.321027287319,0.395007065752,0.268817204301,342,156,186,0,342,0,156,0,186,37,342,0.256756756757,1.72528881811,18.4864864865,15.5454545455,9.77142857143,5.36771015539,0.290358590277,0.142642642643,9.50849154237,1.02869645341,0.544491860281,8.05331334643,0.871264894205,0.461830251304,0.640599570326,0.371299902718,2,1.72528881811,0.640599570326,2,0.344071394247,0.376569037657,810,0.104247104247,0.56957682835,37,37,37,1,0,0.405405405405,0.540540540541,0.0540540540541,37,0.117117117117,2.22747747748,8.43243243243,7.09090909091,4.45714285714,5.03620525429,0.597242289772,0.326923076923,6.00525295579,1.42432281644,0.680873180873,3.83793300225,0.910278981302,0.463617463617,1.42084529335,0.637871901162,5.2,2.22747747748,1.42084529335,5.2,0,0,0,0,0.160752482811,37,37,37,1,0,0.405405405405,0.540540540541,0.0540540540541,37,221,0.165915915916,2.65272696932,11.9459459459,9.60869565217,6.13888888889,5.79245652142,0.484888894327,0.25058089764,7.57366228191,1.26798870783,0.639109697933,4.40634949997,0.737714622167,0.39598874893,1.73365849217,0.653538231496,5.10344827586,2.65272696932,1.73365849217,5.10344827586,0.284323002388,0.187628865979,182,0.0234234234234,0.232808297729,37,37,37,1,0,0.378378378378,0.594594594595,0.027027027027,-121,-0.0908408408408,0.927438151207,-6.54054054054,-5.93675889328,-3.63253968254,0.424746366028,0.19453030405,0.107938254997,-1.93482926047,0.239292254416,0.0946178376519,-3.64696384646,-0.133550272037,-0.065841502374,1.09305892185,0.282238328778,3.10344827586,0.927438151207,1.09305892185,3.10344827586,-0.0597483918594,-0.188940171678,-628,-0.0808236808237,-0.336768530621,-0.027027027027,0.0540540540541,-0.027027027027,211,10,131,980,0.616959064327,0.989898989899,0.010101010101,0.383040935673,0.954751131222,0.616959064327,0.749555950266,0.712630825602,0.606858054226,0.599431818182,65,186,0,0,0,0
85,WLNM_dir_neg,0.572696265464,0.529462131026,00:00:14,10,10,10,1233943445,threshold_sweep,0.4,0.854838709677,0.284946236559,0.427419354839,53,9,133,363,0.284946236559,0.975806451613,0.0241935483871,0.715053763441,0.854838709677,0.284946236559,0.427419354839,0.745519713262,0.62962962963,0.312903225806,0.391129032258,0.260752688172,342,156,186,0,342,0,156,0,186,37,342,0.256756756757,1.72528881811,18.4864864865,15.5454545455,9.77142857143,5.36771015539,0.290358590277,0.142642642643,9.50849154237,1.02869645341,0.544491860281,8.05331334643,0.871264894205,0.461830251304,0.640599570326,0.371299902718,2,1.72528881811,0.640599570326,2,0.344071394247,0.376569037657,810,0.104247104247,0.56957682835,37,37,37,1,0,0.405405405405,0.540540540541,0.0540540540541,37,0.117117117117,2.22747747748,8.43243243243,7.09090909091,4.45714285714,5.03620525429,0.597242289772,0.326923076923,6.00525295579,1.42432281644,0.680873180873,3.83793300225,0.910278981302,0.463617463617,1.42084529335,0.637871901162,5.2,2.22747747748,1.42084529335,5.2,0,0,0,0,0.160752482811,37,37,37,1,0,0.405405405405,0.540540540541,0.0540540540541,37,218,0.163663663664,2.63814068744,11.7837837838,9.47826086957,6.05555555556,5.72584363088,0.485908748492,0.25514505331,7.41164168268,1.25793918467,0.637242747334,4.45834912012,0.756692281855,0.404661542276,1.72281880707,0.653042809761,5.10344827586,2.63814068744,1.72281880707,5.10344827586,0.271992950058,0.181144067797,171,0.0220077220077,0.233278676258,37,37,37,1,0,0.378378378378,0.594594594595,0.027027027027,-124,-0.0930930930931,0.912851869324,-6.7027027027,-6.06719367589,-3.71587301587,0.358133475486,0.195550158215,0.112502410668,-2.0968498597,0.22924273126,0.0927508870532,-3.59496422631,-0.11457261235,-0.0571687090277,1.08221923674,0.281742907043,3.10344827586,0.912851869324,1.08221923674,3.10344827586,-0.0720784441894,-0.19542496986,-639,-0.0822393822394,-0.336298152092,-0.027027027027,0.0540540540541,-0.027027027027,209,9,133,981,0.611111111111,0.990909090909,0.00909090909091,0.388888888889,0.95871559633,0.611111111111,0.746428571429,0.710838387859,0.60202020202,0.595441595442,62,186,0,0,0,0
86,WLNM_dir_neg,0.572696265464,0.529462131026,00:00:14,10,10,10,1233943445,threshold_sweep,0.5,0.854838709677,0.284946236559,0.427419354839,53,9,133,363,0.284946236559,0.975806451613,0.0241935483871,0.715053763441,0.854838709677,0.284946236559,0.427419354839,0.745519713262,0.62962962963,0.312903225806,0.391129032258,0.260752688172,342,156,186,0,342,0,156,0,186,37,342,0.256756756757,1.72528881811,18.4864864865,15.5454545455,9.77142857143,5.36771015539,0.290358590277,0.142642642643,9.50849154237,1.02869645341,0.544491860281,8.05331334643,0.871264894205,0.461830251304,0.640599570326,0.371299902718,2,1.72528881811,0.640599570326,2,0.344071394247,0.376569037657,810,0.104247104247,0.56957682835,37,37,37,1,0,0.405405405405,0.540540540541,0.0540540540541,37,0.117117117117,2.22747747748,8.43243243243,7.09090909091,4.45714285714,5.03620525429,0.597242289772,0.326923076923,6.00525295579,1.42432281644,0.680873180873,3.83793300225,0.910278981302,0.463617463617,1.42084529335,0.637871901162,5.2,2.22747747748,1.42084529335,5.2,0,0,0,0,0.160752482811,37,37,37,1,0,0.405405405405,0.540540540541,0.0540540540541,37,218,0.163663663664,2.63814068744,11.7837837838,9.47826086957,6.05555555556,5.72584363088,0.485908748492,0.25514505331,7.41164168268,1.25793918467,0.637242747334,4.45834912012,0.756692281855,0.404661542276,1.72281880707,0.653042809761,5.10344827586,2.63814068744,1.72281880707,5.10344827586,0.271992950058,0.181144067797,171,0.0220077220077,0.233278676258,37,37,37,1,0,0.378378378378,0.594594594595,0.027027027027,-124,-0.0930930930931,0.912851869324,-6.7027027027,-6.06719367589,-3.71587301587,0.358133475486,0.195550158215,0.112502410668,-2.0968498597,0.22924273126,0.0927508870532,-3.59496422631,-0.11457261235,-0.0571687090277,1.08221923674,0.281742907043,3.10344827586,0.912851869324,1.08221923674,3.10344827586,-0.0720784441894,-0.19542496986,-639,-0.0822393822394,-0.336298152092,-0.027027027027,0.0540540540541,-0.027027027027,209,9,133,981,0.611111111111,0.990909090909,0.00909090909091,0.388888888889,0.95871559633,0.611111111111,0.746428571429,0.710838387859,0.60202020202,0.595441595442,62,186,0,0,0,0
87,WLNM_dir_neg,0.572696265464,0.529462131026,00:00:14,10,10,10,1233943445,threshold_sweep,0.6,0.864406779661,0.274193548387,0.416326530612,51,8,135,364,0.274193548387,0.978494623656,0.0215053763441,0.725806451613,0.864406779661,0.274193548387,0.416326530612,0.743727598566,0.631421744325,0.304700162075,0.387379449041,0.252688172043,342,156,186,0,342,0,156,0,186,37,342,0.256756756757,1.72528881811,18.4864864865,15.5454545455,9.77142857143,5.36771015539,0.290358590277,0.142642642643,9.50849154237,1.02869645341,0.544491860281,8.05331334643,0.871264894205,0.461830251304,0.640599570326,0.371299902718,2,1.72528881811,0.640599570326,2,0.344071394247,0.376569037657,810,0.104247104247,0.56957682835,37,37,37,1,0,0.405405405405,0.540540540541,0.0540540540541,37,0.117117117117,2.22747747748,8.43243243243,7.09090909091,4.45714285714,5.03620525429,0.597242289772,0.326923076923,6.00525295579,1.42432281644,0.680873180873,3.83793300225,0.910278981302,0.463617463617,1.42084529335,0.637871901162,5.2,2.22747747748,1.42084529335,5.2,0,0,0,0,0.160752482811,37,37,37,1,0,0.405405405405,0.540540540541,0.0540540540541,37,215,0.161411411411,2.6277868654,11.6216216216,9.34782608696,5.97222222222,5.62904842635,0.484359980872,0.257071024513,7.27949112171,1.2527496349,0.636329352608,4.50825069448,0.775838491609,0.41282212445,1.71214472447,0.65155387867,5.10344827586,2.6277868654,1.71214472447,5.10344827586,0.268677286536,0.162604583485,149,0.0191763191763,0.233958612819,37,37,37,1,0,0.378378378378,0.594594594595,0.027027027027,-127,-0.0953453453453,0.902498047283,-6.86486486486,-6.1976284585,-3.79920634921,0.261338270956,0.194001390595,0.11442838187,-2.22900042067,0.224053181483,0.0918374923271,-3.54506265195,-0.0954264025958,-0.0490081268539,1.07154515414,0.280253975952,3.10344827586,0.902498047283,1.07154515414,3.10344827586,-0.0753941077111,-0.213964454172,-661,-0.0850707850708,-0.335618215531,-0.027027027027,0.0540540540541,-0.027027027027,207,8,135,982,0.605263157895,0.991919191919,0.00808080808081,0.394736842105,0.962790697674,0.605263157895,0.743267504488,0.7090743853,0.597182349814,0.591428571429,59,186,0,0,0,0
88,WLNM_dir_neg,0.572696265464,0.529462131026,00:00:14,10,10,10,1233943445,threshold_sweep,0.7,0.854545454545,0.252688172043,0.390041493776,47,8,139,364,0.252688172043,0.978494623656,0.0215053763441,0.747311827957,0.854545454545,0.252688172043,0.390041493776,0.736559139785,0.633811230585,0.280587275693,0.365610042333,0.231182795699,342,156,186,0,342,0,156,0,186,37,342,0.256756756757,1.72528881811,18.4864864865,15.5454545455,9.77142857143,5.36771015539,0.290358590277,0.142642642643,9.50849154237,1.02869645341,0.544491860281,8.05331334643,0.871264894205,0.461830251304,0.640599570326,0.371299902718,2,1.72528881811,0.640599570326,2,0.344071394247,0.376569037657,810,0.104247104247,0.56957682835,37,37,37,1,0,0.405405405405,0.540540540541,0.0540540540541,37,0.117117117117,2.22747747748,8.43243243243,7.09090909091,4.45714285714,5.03620525429,0.597242289772,0.326923076923,6.00525295579,1.42432281644,0.680873180873,3.83793300225,0.910278981302,0.463617463617,1.42084529335,0.637871901162,5.2,2.22747747748,1.42084529335,5.2,0,0,0,0,0.160752482811,37,37,37,1,0,0.405405405405,0.540540540541,0.0540540540541,37,211,0.158408408408,2.66063258391,11.4054054054,9.17391304348,5.86111111111,5.50484362206,0.482652165915,0.258998334828,7.17582695531,1.25832036657,0.637632893557,4.56961501457,0.801306898289,0.421929038043,1.76764351197,0.664369640009,5.10344827586,2.66063258391,1.76764351197,5.10344827586,0.256355210093,0.157126823793,140,0.018018018018,0.233871903913,37,37,37,1,0,0.378378378378,0.594594594595,0.027027027027,-131,-0.0983483483483,0.935343765792,-7.08108108108,-6.37154150198,-3.91031746032,0.137133466664,0.192293575638,0.116355692185,-2.33266458707,0.229623913155,0.0931410332757,-3.48369833186,-0.0699579959154,-0.0399012132612,1.12704394164,0.293069737292,3.10344827586,0.935343765792,1.12704394164,3.10344827586,-0.0877161841548,-0.219442213863,-670,-0.0862290862291,-0.335704924437,-0.027027027027,0.0540540540541,-0.027027027027,203,8,139,982,0.593567251462,0.991919191919,0.00808080808081,0.406432748538,0.962085308057,0.593567251462,0.73417721519,0.700492452081,0.585486443381,0.58,55,186,0,0,0,0
89,WLNM_dir_neg,0.572696265464,0.529462131026,00:00:14,10,10,10,1233943445,threshold_sweep,0.8,0.901960784314,0.247311827957,0.388185654008,46,5,140,367,0.247311827957,0.986559139785,0.0134408602151,0.752688172043,0.901960784314,0.247311827957,0.388185654008,0.740143369176,0.636200716846,0.285714285714,0.382573766856,0.233870967742,342,156,186,0,342,0,156,0,186,37,342,0.256756756757,1.72528881811,18.4864864865,15.5454545455,9.77142857143,5.36771015539,0.290358590277,0.142642642643,9.50849154237,1.02869645341,0.544491860281,8.05331334643,0.871264894205,0.461830251304,0.640599570326,0.371299902718,2,1.72528881811,0.640599570326,2,0.344071394247,0.376569037657,810,0.104247104247,0.56957682835,37,37,37,1,0,0.405405405405,0.540540540541,0.0540540540541,37,0.117117117117,2.22747747748,8.43243243243,7.09090909091,4.45714285714,5.03620525429,0.597242289772,0.326923076923,6.00525295579,1.42432281644,0.680873180873,3.83793300225,0.910278981302,0.463617463617,1.42084529335,0.637871901162,5.2,2.22747747748,1.42084529335,5.2,0,0,0,0,0.160752482811,37,37,37,1,0,0.405405405405,0.540540540541,0.0540540540541,37,207,0.155405405405,1,11.1891891892,9,5.75,5.50170598713,0.491698361168,0.265047656352,7.20130952389,1.28719059123,0.646298472385,4.62156454665,0.826076754715,0.431910171041,0,0,0,NaN,NaN,NaN,0.252865165426,0.158317399618,138,0.0177606177606,0.236200421044,37,37,0,1,2,0.378378378378,0.594594594595,0.027027027027,-135,-0.101351351351,-0.725288818115,-7.2972972973,-6.54545454545,-4.02142857143,0.133995831732,0.201339770891,0.122405013709,-2.30718201849,0.258494137812,0.101806612104,-3.43174879978,-0.0451881394895,-0.0299200802633,-0.640599570326,-0.371299902718,-2,NaN,NaN,NaN,-0.0912062288213,-0.218251638039,-672,-0.0864864864865,-0.333376407306,-0.027027027027,0.0540540540541,-0.027027027027,202,5,140,985,0.590643274854,0.994949494949,0.00505050505051,0.409356725146,0.975845410628,0.590643274854,0.735883424408,0.706097903977,0.585592769803,0.582132564841,51,186,0,0,0,0
90,WLNM_dir_neg,0.572696265464,0.529462131026,00:00:14,10,10,10,1233943445,threshold_sweep,0.9,0.897959183673,0.236559139785,0.374468085106,44,5,142,367,0.236559139785,0.986559139785,0.0134408602151,0.763440860215,0.897959183673,0.236559139785,0.374468085106,0.736559139785,0.637395459976,0.273476112026,0.37162606205,0.22311827957,342,156,186,0,342,0,156,0,186,37,342,0.256756756757,1.72528881811,18.4864864865,15.5454545455,9.77142857143,5.36771015539,0.290358590277,0.142642642643,9.50849154237,1.02869645341,0.544491860281,8.05331334643,0.871264894205,0.461830251304,0.640599570326,0.371299902718,2,1.72528881811,0.640599570326,2,0.344071394247,0.376569037657,810,0.104247104247,0.56957682835,37,37,37,1,0,0.405405405405,0.540540540541,0.0540540540541,37,0.117117117117,2.22747747748,8.43243243243,7.09090909091,4.45714285714,5.03620525429,0.597242289772,0.326923076923,6.00525295579,1.42432281644,0.680873180873,3.83793300225,0.910278981302,0.463617463617,1.42084529335,0.637871901162,5.2,2.22747747748,1.42084529335,5.2,0,0,0,0,0.160752482811,37,37,37,1,0,0.405405405405,0.540540540541,0.0540540540541,37,205,0.153903903904,1,11.0810810811,8.91304347826,5.69444444444,5.29873348797,0.478178387939,0.258932102835,7.05767743743,1.27382470822,0.643111404087,4.6523267452,0.839688241817,0.436387607119,0,0,0,NaN,NaN,NaN,0.228125895517,0.12435846822,105,0.0135135135135,0.237425503629,37,37,0,1,2,0.378378378378,0.594594594595,0.027027027027,-137,-0.102852852853,-0.725288818115,-7.40540540541,-6.63241106719,-4.07698412698,-0.0689766674193,0.187819797662,0.116289460192,-2.45081410494,0.245128254804,0.0986195438057,-3.40098660123,-0.0315766523875,-0.0254426441846,-0.640599570326,-0.371299902718,-2,NaN,NaN,NaN,-0.11594549873,-0.252210569437,-705,-0.0907335907336,-0.332151324721,-0.027027027027,0.0540540540541,-0.027027027027,200,5,142,985,0.584795321637,0.994949494949,0.00505050505051,0.415204678363,0.975609756098,0.584795321637,0.73126142596,0.701824679708,0.579744816587,0.576368876081,49,186,0,0,0,0
91,WLNM_dir_neg,0.350409006822,0.291465836681,00:00:14,10,10,11,1233943446,threshold_sweep,0.1,0.277777777778,0.0537634408602,0.0900900900901,10,26,176,346,0.0537634408602,0.930107526882,0.0698924731183,0.94623655914,0.277777777778,0.0537634408602,0.0900900900901,0.637992831541,0.645161290323,-0.020202020202,-0.0309492230295,-0.0161290322581,342,156,186,0,342,0,156,0,186,37,342,0.256756756757,1.72528881811,18.4864864865,15.5454545455,9.77142857143,5.36771015539,0.290358590277,0.142642642643,9.50849154237,1.02869645341,0.544491860281,8.05331334643,0.871264894205,0.461830251304,0.640599570326,0.371299902718,2,1.72528881811,0.640599570326,2,0.344071394247,0.376569037657,810,0.104247104247,0.56957682835,37,37,37,1,0,0.405405405405,0.540540540541,0.0540540540541,37,0.117117117117,2.21261261261,8.43243243243,7.09090909091,4.45714285714,5.04722443274,0.598549051319,0.327616077616,6.00525295579,1.42432281644,0.680873180873,3.83793300225,0.910278981302,0.463617463617,1.39215458577,0.629190386892,5.2,2.21261261261,1.39215458577,5.2,0,0,0,0,0.161113233172,37,37,37,1,0,0.405405405405,0.540540540541,0.0540540540541,37,192,0.144144144144,16.0834696423,10.3783783784,5.64705882353,5.18918918919,5.32473969813,0.51306085633,0.284628378378,5.75344263047,1.10873634025,0.556869369369,3.54211046504,0.6825942042,0.363738738739,4.80866497292,0.298981816726,19.5095029636,16.0834696423,4.80866497292,19.5095029636,0.0738125061654,0.0302267002519,20,0.002574002574,0.141281556338,37,37,37,1,0,0.0810810810811,0.918918918919,0,-150,-0.112612612613,14.3581808242,-8.10810810811,-9.89839572193,-4.58223938224,-0.0429704572622,0.222702266053,0.141985735736,-3.75504891191,0.0800398868319,0.012377509088,-4.51120288139,-0.188670690004,-0.0980915125652,4.1680654026,-0.0723180859916,17.5095029636,14.3581808242,4.1680654026,17.5095029636,-0.270258888082,-0.346342337405,-790,-0.101673101673,-0.428295272012,-0.324324324324,0.378378378378,-0.0540540540541,166,26,176,964,0.485380116959,0.973737373737,0.0262626262626,0.514619883041,0.864583333333,0.485380116959,0.621722846442,0.571020169249,0.459117490696,0.451086956522,36,186,0,0,0,0
92,WLNM_dir_neg,0.350409006822,0.291465836681,00:00:14,10,10,11,1233943446,threshold_sweep,0.2,0.277777777778,0.0537634408602,0.0900900900901,10,26,176,346,0.0537634408602,0.930107526882,0.0698924731183,0.94623655914,0.277777777778,0.0537634408602,0.0900900900901,0.637992831541,0.645161290323,-0.020202020202,-0.0309492230295,-0.0161290322581,342,156,186,0,342,0,156,0,186,37,342,0.256756756757,1.72528881811,18.4864864865,15.5454545455,9.77142857143,5.36771015539,0.290358590277,0.142642642643,9.50849154237,1.02869645341,0.544491860281,8.05331334643,0.871264894205,0.461830251304,0.640599570326,0.371299902718,2,1.72528881811,0.640599570326,2,0.344071394247,0.376569037657,810,0.104247104247,0.56957682835,37,37,37,1,0,0.405405405405,0.540540540541,0.0540540540541,37,0.117117117117,2.21261261261,8.43243243243,7.09090909091,4.45714285714,5.04722443274,0.598549051319,0.327616077616,6.00525295579,1.42432281644,0.680873180873,3.83793300225,0.910278981302,0.463617463617,1.39215458577,0.629190386892,5.2,2.21261261261,1.39215458577,5.2,0,0,0,0,0.161113233172,37,37,37,1,0,0.405405405405,0.540540540541,0.0540540540541,37,192,0.144144144144,16.0834696423,10.3783783784,5.64705882353,5.18918918919,5.32473969813,0.51306085633,0.284628378378,5.75344263047,1.10873634025,0.556869369369,3.54211046504,0.6825942042,0.363738738739,4.80866497292,0.298981816726,19.5095029636,16.0834696423,4.80866497292,19.5095029636,0.0738125061654,0.0302267002519,20,0.002574002574,0.141281556338,37,37,37,1,0,0.0810810810811,0.918918918919,0,-150,-0.112612612613,14.3581808242,-8.10810810811,-9.89839572193,-4.58223938224,-0.0429704572622,0.222702266053,0.141985735736,-3.75504891191,0.0800398868319,0.012377509088,-4.51120288139,-0.188670690004,-0.0980915125652,4.1680654026,-0.0723180859916,17.5095029636,14.3581808242,4.1680654026,17.5095029636,-0.270258888082,-0.346342337405,-790,-0.101673101673,-0.428295272012,-0.324324324324,0.378378378378,-0.0540540540541,166,26,176,964,0.485380116959,0.973737373737,0.0262626262626,0.514619883041,0.864583333333,0.485380116959,0.621722846442,0.571020169249,0.459117490696,0.451086956522,36,186,0,0,0,0
93,WLNM_dir_neg,0.350409006822,0.291465836681,00:00:14,10,10,11,1233943446,threshold_sweep,0.3,0.4375,0.0376344086022,0.0693069306931,7,9,179,363,0.0376344086022,0.975806451613,0.0241935483871,0.962365591398,0.4375,0.0376344086022,0.0693069306931,0.663082437276,0.657108721625,0.0174216027875,0.0379660462019,0.0134408602151,342,156,186,0,342,0,156,0,186,37,342,0.256756756757,1.72528881811,18.4864864865,15.5454545455,9.77142857143,5.36771015539,0.290358590277,0.142642642643,9.50849154237,1.02869645341,0.544491860281,8.05331334643,0.871264894205,0.461830251304,0.640599570326,0.371299902718,2,1.72528881811,0.640599570326,2,0.344071394247,0.376569037657,810,0.104247104247,0.56957682835,37,37,37,1,0,0.405405405405,0.540540540541,0.0540540540541,37,0.117117117117,2.21261261261,8.43243243243,7.09090909091,4.45714285714,5.04722443274,0.598549051319,0.327616077616,6.00525295579,1.42432281644,0.680873180873,3.83793300225,0.910278981302,0.463617463617,1.39215458577,0.629190386892,5.2,2.21261261261,1.39215458577,5.2,0,0,0,0,0.161113233172,37,37,37,1,0,0.405405405405,0.540540540541,0.0540540540541,37,172,0.129129129129,2.82165657951,9.2972972973,7.47826086957,4.64864864865,4.80083826514,0.516369232007,0.279698302954,6.00100091751,1.29091298807,0.647391577624,3.54507652492,0.762603671059,0.400062853551,1.98943675144,0.7050598453,6.28571428571,2.82165657951,1.98943675144,6.28571428571,0.0522204213381,0.0118443316413,7,0.000900900900901,0.161438528533,37,37,37,1,0,0.378378378378,0.621621621622,0,-170,-0.127627627628,1.0963677614,-9.18918918919,-8.06719367589,-5.12277992278,-0.566871890252,0.226010641729,0.137055660311,-3.50749062486,0.262216534655,0.102899717343,-4.50823682151,-0.108661223146,-0.0617673977527,1.34883718111,0.333759942582,4.28571428571,1.0963677614,1.34883718111,4.28571428571,-0.291850972909,-0.364724706016,-803,-0.103346203346,-0.408138299816,-0.027027027027,0.0810810810811,-0.0540540540541,163,9,179,981,0.476608187135,0.990909090909,0.00909090909091,0.523391812865,0.947674418605,0.476608187135,0.634241245136,0.609024968511,0.467517278044,0.464387464387,16,186,0,0,0,0
94,WLNM_dir_neg,0.350409006822,0.291465836681,00:00:14,10,10,11,1233943446,threshold_sweep,0.4,0.4375,0.0376344086022,0.0693069306931,7,9,179,363,0.0376344086022,0.975806451613,0.0241935483871,0.962365591398,0.4375,0.0376344086022,0.0693069306931,0.663082437276,0.657108721625,0.0174216027875,0.0379660462019,0.0134408602151,342,156,186,0,342,0,156,0,186,37,342,0.256756756757,1.72528881811,18.4864864865,15.5454545455,9.77142857143,5.36771015539,0.290358590277,0.142642642643,9.50849154237,1.02869645341,0.544491860281,8.05331334643,0.871264894205,0.461830251304,0.640599570326,0.371299902718,2,1.72528881811,0.640599570326,2,0.344071394247,0.376569037657,810,0.104247104247,0.56957682835,37,37,37,1,0,0.405405405405,0.540540540541,0.0540540540541,37,0.117117117117,2.21261261261,8.43243243243,7.09090909091,4.45714285714,5.04722443274,0.598549051319,0.327616077616,6.00525295579,1.42432281644,0.680873180873,3.83793300225,0.910278981302,0.463617463617,1.39215458577,0.629190386892,5.2,2.21261261261,1.39215458577,5.2,0,0,0,0,0.161113233172,37,37,37,1,0,0.405405405405,0.540540540541,0.0540540540541,37,172,0.129129129129,2.82165657951,9.2972972973,7.47826086957,4.64864864865,4.80083826514,0.516369232007,0.279698302954,6.00100091751,1.29091298807,0.647391577624,3.54507652492,0.762603671059,0.400062853551,1.98943675144,0.7050598453,6.28571428571,2.82165657951,1.98943675144,6.28571428571,0.0522204213381,0.0118443316413,7,0.000900900900901,0.161438528533,37,37,37,1,0,0.378378378378,0.621621621622,0,-170,-0.127627627628,1.0963677614,-9.18918918919,-8.06719367589,-5.12277992278,-0.566871890252,0.226010641729,0.137055660311,-3.50749062486,0.262216534655,0.102899717343,-4.50823682151,-0.108661223146,-0.0617673977527,1.34883718111,0.333759942582,4.28571428571,1.0963677614,1.34883718111,4.28571428571,-0.291850972909,-0.364724706016,-803,-0.103346203346,-0.408138299816,-0.027027027027,0.0810810810811,-0.0540540540541,163,9,179,981,0.476608187135,0.990909090909,0.00909090909091,0.523391812865,0.947674418605,0.476608187135,0.634241245136,0.609024968511,0.467517278044,0.464387464387,16,186,0,0,0,0
95,WLNM_dir_neg,0.350409006822,0.291465836681,00:00:14,10,10,11,1233943446,threshold_sweep,0.5,0.4375,0.0376344086022,0.0693069306931,7,9,179,363,0.0376344086022,0.975806451613,0.0241935483871,0.962365591398,0.4375,0.0376344086022,0.0693069306931,0.663082437276,0.657108721625,0.0174216027875,0.0379660462019,0.0134408602151,342,156,186,0,342,0,156,0,186,37,342,0.256756756757,1.72528881811,18.4864864865,15.5454545455,9.77142857143,5.36771015539,0.290358590277,0.142642642643,9.50849154237,1.02869645341,0.544491860281,8.05331334643,0.871264894205,0.461830251304,0.640599570326,0.371299902718,2,1.72528881811,0.640599570326,2,0.344071394247,0.376569037657,810,0.104247104247,0.56957682835,37,37,37,1,0,0.405405405405,0.540540540541,0.0540540540541,37,0.117117117117,2.21261261261,8.43243243243,7.09090909091,4.45714285714,5.04722443274,0.598549051319,0.327616077616,6.00525295579,1.42432281644,0.680873180873,3.83793300225,0.910278981302,0.463617463617,1.39215458577,0.629190386892,5.2,2.21261261261,1.39215458577,5.2,0,0,0,0,0.161113233172,37,37,37,1,0,0.405405405405,0.540540540541,0.0540540540541,37,172,0.129129129129,2.82165657951,9.2972972973,7.47826086957,4.64864864865,4.80083826514,0.516369232007,0.279698302954,6.00100091751,1.29091298807,0.647391577624,3.54507652492,0.762603671059,0.400062853551,1.98943675144,0.7050598453,6.28571428571,2.82165657951,1.98943675144,6.28571428571,0.0522204213381,0.0118443316413,7,0.000900900900901,0.161438528533,37,37,37,1,0,0.378378378378,0.621621621622,0,-170,-0.127627627628,1.0963677614,-9.18918918919,-8.06719367589,-5.12277992278,-0.566871890252,0.226010641729,0.137055660311,-3.50749062486,0.262216534655,0.102899717343,-4.50823682151,-0.108661223146,-0.0617673977527,1.34883718111,0.333759942582,4.28571428571,1.0963677614,1.34883718111,4.28571428571,-0.291850972909,-0.364724706016,-803,-0.103346203346,-0.408138299816,-0.027027027027,0.0810810810811,-0.0540540540541,163,9,179,981,0.476608187135,0.990909090909,0.00909090909091,0.523391812865,0.947674418605,0.476608187135,0.634241245136,0.609024968511,0.467517278044,0.464387464387,16,186,0,0,0,0
96,WLNM_dir_neg,0.350409006822,0.291465836681,00:00:14,10,10,11,1233943446,threshold_sweep,0.6,0.357142857143,0.0268817204301,0.05,5,9,181,363,0.0268817204301,0.975806451613,0.0241935483871,0.97311827957,0.357142857143,0.0268817204301,0.05,0.659498207885,0.658303464755,0.0034965034965,0.0081025465444,0.00268817204301,342,156,186,0,342,0,156,0,186,37,342,0.256756756757,1.72528881811,18.4864864865,15.5454545455,9.77142857143,5.36771015539,0.290358590277,0.142642642643,9.50849154237,1.02869645341,0.544491860281,8.05331334643,0.871264894205,0.461830251304,0.640599570326,0.371299902718,2,1.72528881811,0.640599570326,2,0.344071394247,0.376569037657,810,0.104247104247,0.56957682835,37,37,37,1,0,0.405405405405,0.540540540541,0.0540540540541,37,0.117117117117,2.21261261261,8.43243243243,7.09090909091,4.45714285714,5.04722443274,0.598549051319,0.327616077616,6.00525295579,1.42432281644,0.680873180873,3.83793300225,0.910278981302,0.463617463617,1.39215458577,0.629190386892,5.2,2.21261261261,1.39215458577,5.2,0,0,0,0,0.161113233172,37,37,37,1,0,0.405405405405,0.540540540541,0.0540540540541,37,170,0.127627627628,2.83986734087,9.18918918919,7.39130434783,4.59459459459,4.67759338548,0.509032221361,0.274721780604,5.96032931351,1.29724814471,0.649284578696,3.57039882195,0.777086802423,0.40413354531,2.00956704146,0.707627082624,6.28571428571,2.83986734087,2.00956704146,6.28571428571,0.0444286723698,0.00697674418605,4,0.000514800514801,0.159961843163,37,37,37,1,0,0.378378378378,0.621621621622,0,-172,-0.129129129129,1.11457852276,-9.2972972973,-8.15415019763,-5.17683397683,-0.690116769914,0.218673631084,0.132079137961,-3.54816222886,0.268551691291,0.104792718415,-4.48291452449,-0.0941780917815,-0.0576967059939,1.36896747114,0.336327179906,4.28571428571,1.11457852276,1.36896747114,4.28571428571,-0.299642721878,-0.369592293471,-806,-0.103732303732,-0.409614985186,-0.027027027027,0.0810810810811,-0.0540540540541,161,9,181,981,0.470760233918,0.990909090909,0.00909090909091,0.529239766082,0.947058823529,0.470760233918,0.62890625,0.604413484406,0.461669324827,0.458689458689,14,186,0,0,0,0
97,WLNM_dir_neg,0.350409006822,0.291465836681,00:00:14,10,10,11,1233943446,threshold_sweep,0.7,0.333333333333,0.0215053763441,0.040404040404,4,8,182,364,0.0215053763441,0.978494623656,0.0215053763441,0.978494623656,0.333333333333,0.0215053763441,0.040404040404,0.659498207885,0.659498207885,0,0,0,342,156,186,0,342,0,156,0,186,37,342,0.256756756757,1.72528881811,18.4864864865,15.5454545455,9.77142857143,5.36771015539,0.290358590277,0.142642642643,9.50849154237,1.02869645341,0.544491860281,8.05331334643,0.871264894205,0.461830251304,0.640599570326,0.371299902718,2,1.72528881811,0.640599570326,2,0.344071394247,0.376569037657,810,0.104247104247,0.56957682835,37,37,37,1,0,0.405405405405,0.540540540541,0.0540540540541,37,0.117117117117,2.21261261261,8.43243243243,7.09090909091,4.45714285714,5.04722443274,0.598549051319,0.327616077616,6.00525295579,1.42432281644,0.680873180873,3.83793300225,0.910278981302,0.463617463617,1.39215458577,0.629190386892,5.2,2.21261261261,1.39215458577,5.2,0,0,0,0,0.161113233172,37,37,37,1,0,0.405405405405,0.540540540541,0.0540540540541,37,168,0.126126126126,1,9.08108108108,7.30434782609,4.54054054054,4.66891837568,0.514136844941,0.276866151866,5.9609590699,1.31283027135,0.653474903475,3.61012922664,0.795087984438,0.41184041184,0,0,0,NaN,NaN,NaN,0.0444286723698,0.00697674418605,4,0.000514800514801,0.161255411255,37,37,0,1,2,0.378378378378,0.621621621622,0,-174,-0.130630630631,-0.725288818115,-9.40540540541,-8.24110671937,-5.23088803089,-0.698791779709,0.223778254664,0.134223509224,-3.54753247247,0.284133817932,0.108983043194,-4.4431841198,-0.0761769097665,-0.0499898394635,-0.640599570326,-0.371299902718,-2,NaN,NaN,NaN,-0.299642721878,-0.369592293471,-806,-0.103732303732,-0.408321417094,-0.027027027027,0.0810810810811,-0.0540540540541,160,8,182,982,0.46783625731,0.991919191919,0.00808080808081,0.53216374269,0.952380952381,0.46783625731,0.627450980392,0.604959644351,0.459755449229,0.457142857143,12,186,0,0,0,0
98,WLNM_dir_neg,0.350409006822,0.291465836681,00:00:14,10,10,11,1233943446,threshold_sweep,0.8,0.444444444444,0.0215053763441,0.0410256410256,4,5,182,367,0.0215053763441,0.986559139785,0.0134408602151,0.978494623656,0.444444444444,0.0215053763441,0.0410256410256,0.664874551971,0.661290322581,0.010582010582,0.0301785820142,0.00806451612903,342,156,186,0,342,0,156,0,186,37,342,0.256756756757,1.72528881811,18.4864864865,15.5454545455,9.77142857143,5.36771015539,0.290358590277,0.142642642643,9.50849154237,1.02869645341,0.544491860281,8.05331334643,0.871264894205,0.461830251304,0.640599570326,0.371299902718,2,1.72528881811,0.640599570326,2,0.344071394247,0.376569037657,810,0.104247104247,0.56957682835,37,37,37,1,0,0.405405405405,0.540540540541,0.0540540540541,37,0.117117117117,2.21261261261,8.43243243243,7.09090909091,4.45714285714,5.04722443274,0.598549051319,0.327616077616,6.00525295579,1.42432281644,0.680873180873,3.83793300225,0.910278981302,0.463617463617,1.39215458577,0.629190386892,5.2,2.21261261261,1.39215458577,5.2,0,0,0,0,0.161113233172,37,37,37,1,0,0.405405405405,0.540540540541,0.0540540540541,37,165,0.123873873874,1,8.91891891892,7.17391304348,4.45945945946,4.78642976653,0.536660307156,0.2914004914,5.97956982192,1.34087323279,0.660442260442,3.67116840767,0.823231703538,0.423914823915,0,0,0,NaN,NaN,NaN,0.0456942236354,0.00528479154433,3,0.0003861003861,0.159530452497,37,37,0,1,2,0.378378378378,0.621621621622,0,-177,-0.132882882883,-0.725288818115,-9.56756756757,-8.37154150198,-5.31196911197,-0.581280388865,0.246301716879,0.148757848758,-3.52892172045,0.31217677938,0.115950400161,-4.38214493876,-0.0480331906667,-0.0379154273891,-0.640599570326,-0.371299902718,-2,NaN,NaN,NaN,-0.298377170612,-0.371284246113,-807,-0.103861003861,-0.410046375853,-0.027027027027,0.0810810810811,-0.0540540540541,160,5,182,985,0.46783625731,0.994949494949,0.00505050505051,0.53216374269,0.969696969697,0.46783625731,0.631163708087,0.613667650575,0.462785752259,0.461095100865,9,186,0,0,0,0
99,WLNM_dir_neg,0.350409006822,0.291465836681,00:00:14,10,10,11,1233943446,threshold_sweep,0.9,0.571428571429,0.0215053763441,0.0414507772021,4,3,182,369,0.0215053763441,0.991935483871,0.00806451612903,0.978494623656,0.571428571429,0.0215053763441,0.0414507772021,0.668458781362,0.662485065711,0.0176991150442,0.0569285584977,0.0134408602151,342,156,186,0,342,0,156,0,186,37,342,0.256756756757,1.72528881811,18.4864864865,15.5454545455,9.77142857143,5.36771015539,0.290358590277,0.142642642643,9.50849154237,1.02869645341,0.544491860281,8.05331334643,0.871264894205,0.461830251304,0.640599570326,0.371299902718,2,1.72528881811,0.640599570326,2,0.344071394247,0.376569037657,810,0.104247104247,0.56957682835,37,37,37,1,0,0.405405405405,0.540540540541,0.0540540540541,37,0.117117117117,2.21261261261,8.43243243243,7.09090909091,4.45714285714,5.04722443274,0.598549051319,0.327616077616,6.00525295579,1.42432281644,0.680873180873,3.83793300225,0.910278981302,0.463617463617,1.39215458577,0.629190386892,5.2,2.21261261261,1.39215458577,5.2,0,0,0,0,0.161113233172,37,37,37,1,0,0.405405405405,0.540540540541,0.0540540540541,37,163,0.122372372372,2.13115066286,8.81081081081,7.40909090909,4.40540540541,4.90938917811,0.557200612239,0.302769026695,6.01137560269,1.36454538221,0.668877466423,3.69278169361,0.838238789346,0.429779472724,1.205924014,0.565855823813,4.20626317374,2.13115066286,1.205924014,4.20626317374,0.0637122416534,0.00529723366686,3,0.0003861003861,0.16512786933,37,37,37,1,0,0.405405405405,0.594594594595,0,-179,-0.134384384384,0.405861844743,-9.67567567568,-8.13636363636,-5.36602316602,-0.458320977288,0.266842021962,0.160126384053,-3.49711593968,0.335848928791,0.124385606142,-4.36053165283,-0.0330261048586,-0.0320507785797,0.565324443675,0.194555921095,2.20626317374,0.405861844743,0.565324443675,2.20626317374,-0.280359152594,-0.37127180399,-807,-0.103861003861,-0.40444895902,0,0.0540540540541,-0.0540540540541,160,3,182,987,0.46783625731,0.99696969697,0.0030303030303,0.53216374269,0.981595092025,0.46783625731,0.633663366337,0.619585542597,0.46480595428,0.463768115942,7,186,0,0,0,0
100,WLNM_dir_neg,0.339526245809,0.295142202617,00:00:14,10,10,12,1233943447,threshold_sweep,0.1,0.409090909091,0.0967741935484,0.15652173913,18,26,168,346,0.0967741935484,0.930107526882,0.0698924731183,0.903225806452,0.409090909091,0.0967741935484,0.15652173913,0.652329749104,0.640382317802,0.0332225913621,0.0470194023278,0.0268817204301,342,156,186,0,342,0,156,0,186,37,342,0.256756756757,1.72528881811,18.4864864865,15.5454545455,9.77142857143,5.36771015539,0.290358590277,0.142642642643,9.50849154237,1.02869645341,0.544491860281,8.05331334643,0.871264894205,0.461830251304,0.640599570326,0.371299902718,2,1.72528881811,0.640599570326,2,0.344071394247,0.376569037657,810,0.104247104247,0.56957682835,37,37,37,1,0,0.405405405405,0.540540540541,0.0540540540541,37,0.117117117117,2.18635635636,8.43243243243,7.09090909091,4.45714285714,5.03620525429,0.597242289772,0.326923076923,6.00062559301,1.42322530091,0.680526680527,3.83793300225,0.910278981302,0.463617463617,1.32204914232,0.604681454823,4.3462962963,2.18635635636,1.32204914232,4.3462962963,0,0,0,0,0.160896782956,37,37,37,1,0,0.405405405405,0.540540540541,0.0540540540541,37,200,0.15015015015,7.10278983345,10.8108108108,6.89655172414,5.40540540541,4.8923854545,0.452545654542,0.234864864865,5.77090142901,1.06761676437,0.564054054054,3.654977272,0.676170795321,0.366756756757,3.64247032811,0.512822484336,10.6932761052,7.10278983345,3.64247032811,10.6932761052,0.172984229254,0.0920577617329,68,0.00875160875161,0.183961091512,37,37,37,1,0,0.216216216216,0.783783783784,0,-142,-0.106606606607,5.37750101533,-7.67567567568,-8.64890282132,-4.36602316602,-0.47532470089,0.162187064264,0.0922222222222,-3.73759011337,0.0389203109513,0.0195621937727,-4.39833607443,-0.195094098884,-0.0950734945472,3.00187075778,0.141522581618,8.69327610516,5.37750101533,3.00187075778,8.69327610516,-0.171087164994,-0.284511275924,-742,-0.0954954954955,-0.385615736838,-0.189189189189,0.243243243243,-0.0540540540541,174,26,168,964,0.508771929825,0.973737373737,0.0262626262626,0.491228070175,0.87,0.508771929825,0.642066420664,0.590062657272,0.482509303562,0.472826086957,44,186,0,0,0,0
101,WLNM_dir_neg,0.339526245809,0.295142202617,00:00:14,10,10,12,1233943447,threshold_sweep,0.2,0.5,0.0860215053763,0.146788990826,16,16,170,356,0.0860215053763,0.956989247312,0.0430107526882,0.913978494624,0.5,0.0860215053763,0.146788990826,0.666666666667,0.647550776583,0.0542372881356,0.0872041440394,0.0430107526882,342,156,186,0,342,0,156,0,186,37,342,0.256756756757,1.72528881811,18.4864864865,15.5454545455,9.77142857143,5.36771015539,0.290358590277,0.142642642643,9.50849154237,1.02869645341,0.544491860281,8.05331334643,0.871264894205,0.461830251304,0.640599570326,0.371299902718,2,1.72528881811,0.640599570326,2,0.344071394247,0.376569037657,810,0.104247104247,0.56957682835,37,37,37,1,0,0.405405405405,0.540540540541,0.0540540540541,37,0.117117117117,2.18635635636,8.43243243243,7.09090909091,4.45714285714,5.03620525429,0.597242289772,0.326923076923,6.00062559301,1.42322530091,0.680526680527,3.83793300225,0.910278981302,0.463617463617,1.32204914232,0.604681454823,4.3462962963,2.18635635636,1.32204914232,4.3462962963,0,0,0,0,0.160896782956,37,37,37,1,0,0.405405405405,0.540540540541,0.0540540540541,37,188,0.141141141141,3.07141403307,10.1621621622,8.17391304348,5.08108108108,4.46911321998,0.439779758349,0.231742380679,5.92254814895,1.16560788038,0.60753306498,3.40243685857,0.669628530677,0.364002300173,2.21103489245,0.719875232921,6.75050625247,3.07141403307,2.21103489245,6.75050625247,0.110765098613,0.0487557135602,32,0.0041184041184,0.182161169431,37,37,37,1,0,0.378378378378,0.621621621622,0,-154,-0.115615615616,1.34612521496,-8.32432432432,-7.37154150198,-4.69034749035,-0.898596935416,0.149421168072,0.0890997380359,-3.58594339343,0.136911426963,0.0630412046985,-4.65087648786,-0.201636363528,-0.0978279511314,1.57043532213,0.348575330203,4.75050625247,1.34612521496,1.57043532213,4.75050625247,-0.233306295634,-0.327813324097,-778,-0.100128700129,-0.387415658919,-0.027027027027,0.0810810810811,-0.0540540540541,172,16,170,974,0.502923976608,0.983838383838,0.0161616161616,0.497076023392,0.914893617021,0.502923976608,0.649056603774,0.610739067876,0.486762360447,0.480446927374,32,186,0,0,0,0
102,WLNM_dir_neg,0.339526245809,0.295142202617,00:00:14,10,10,12,1233943447,threshold_sweep,0.3,0.535714285714,0.0806451612903,0.140186915888,15,13,171,359,0.0806451612903,0.965053763441,0.0349462365591,0.91935483871,0.535714285714,0.0806451612903,0.140186915888,0.670250896057,0.649940262843,0.0580204778157,0.0986772352952,0.0456989247312,342,156,186,0,342,0,156,0,186,37,342,0.256756756757,1.72528881811,18.4864864865,15.5454545455,9.77142857143,5.36771015539,0.290358590277,0.142642642643,9.50849154237,1.02869645341,0.544491860281,8.05331334643,0.871264894205,0.461830251304,0.640599570326,0.371299902718,2,1.72528881811,0.640599570326,2,0.344071394247,0.376569037657,810,0.104247104247,0.56957682835,37,37,37,1,0,0.405405405405,0.540540540541,0.0540540540541,37,0.117117117117,2.18635635636,8.43243243243,7.09090909091,4.45714285714,5.03620525429,0.597242289772,0.326923076923,6.00062559301,1.42322530091,0.680526680527,3.83793300225,0.910278981302,0.463617463617,1.32204914232,0.604681454823,4.3462962963,2.18635635636,1.32204914232,4.3462962963,0,0,0,0,0.160896782956,37,37,37,1,0,0.405405405405,0.540540540541,0.0540540540541,37,184,0.138138138138,3.64540604008,9.94594594595,8,4.97297297297,4.57618197206,0.460105252626,0.244712103408,5.96045527011,1.19856980975,0.618977673325,3.47600094686,0.698978451271,0.378084606345,3.03990929094,0.833901424837,9.39243963734,3.64540604008,3.03990929094,9.39243963734,0.102631762848,0.0391644908616,25,0.0032175032175,0.182477501919,37,37,37,1,0,0.378378378378,0.621621621622,0,-158,-0.118618618619,1.92011722197,-8.54054054054,-7.54545454545,-4.79845559846,-0.79152818333,0.169746662349,0.102069460765,-3.54803627226,0.169873356336,0.0744858130442,-4.57731239957,-0.172286442934,-0.0837456449585,2.39930972061,0.46260152212,7.39243963734,1.92011722197,2.39930972061,7.39243963734,-0.241439631399,-0.337404546795,-785,-0.10102960103,-0.38709932643,-0.027027027027,0.0810810810811,-0.0540540540541,171,13,171,977,0.5,0.986868686869,0.0131313131313,0.5,0.929347826087,0.5,0.650190114068,0.616400011902,0.486868686869,0.481690140845,28,186,0,0,0,0
103,WLNM_dir_neg,0.339526245809,0.295142202617,00:00:14,10,10,12,1233943447,threshold_sweep,0.4,0.518518518519,0.0752688172043,0.131455399061,14,13,172,359,0.0752688172043,0.965053763441,0.0349462365591,0.924731182796,0.518518518519,0.0752688172043,0.131455399061,0.668458781362,0.650537634409,0.0512820512821,0.0885823339088,0.0403225806452,342,156,186,0,342,0,156,0,186,37,342,0.256756756757,1.72528881811,18.4864864865,15.5454545455,9.77142857143,5.36771015539,0.290358590277,0.142642642643,9.50849154237,1.02869645341,0.544491860281,8.05331334643,0.871264894205,0.461830251304,0.640599570326,0.371299902718,2,1.72528881811,0.640599570326,2,0.344071394247,0.376569037657,810,0.104247104247,0.56957682835,37,37,37,1,0,0.405405405405,0.540540540541,0.0540540540541,37,0.117117117117,2.18635635636,8.43243243243,7.09090909091,4.45714285714,5.03620525429,0.597242289772,0.326923076923,6.00062559301,1.42322530091,0.680526680527,3.83793300225,0.910278981302,0.463617463617,1.32204914232,0.604681454823,4.3462962963,2.18635635636,1.32204914232,4.3462962963,0,0,0,0,0.160896782956,37,37,37,1,0,0.405405405405,0.540540540541,0.0540540540541,37,183,0.137387387387,3.67441234671,9.89189189189,7.95652173913,4.94594594595,4.55084719697,0.460058323191,0.245310884655,5.95793563216,1.20460993656,0.620292423571,3.50353746587,0.708365498564,0.382513661202,3.0700377089,0.835518014641,9.45972989994,3.67441234671,3.0700377089,9.45972989994,0.105205765422,0.0396196513471,25,0.0032175032175,0.182627714026,37,37,37,1,0,0.378378378378,0.621621621622,0,-159,-0.119369369369,1.9491235286,-8.59459459459,-7.58893280632,-4.82548262548,-0.816862958419,0.169699732914,0.102668242013,-3.55055591021,0.175913483143,0.0758005632898,-4.54977588056,-0.16289939564,-0.0793165901017,2.42943813857,0.464218111923,7.45972989994,1.9491235286,2.42943813857,7.45972989994,-0.238865628825,-0.33694938631,-785,-0.10102960103,-0.386949114324,-0.027027027027,0.0810810810811,-0.0540540540541,170,13,172,977,0.497076023392,0.986868686869,0.0131313131313,0.502923976608,0.928961748634,0.497076023392,0.647619047619,0.614102461691,0.48394471026,0.478873239437,27,186,0,0,0,0
104,WLNM_dir_neg,0.339526245809,0.295142202617,00:00:14,10,10,12,1233943447,threshold_sweep,0.5,0.5,0.0698924731183,0.122641509434,13,13,173,359,0.0698924731183,0.965053763441,0.0349462365591,0.930107526882,0.5,0.0698924731183,0.122641509434,0.666666666667,0.651135005974,0.0445205479452,0.0781602364146,0.0349462365591,342,156,186,0,342,0,156,0,186,37,342,0.256756756757,1.72528881811,18.4864864865,15.5454545455,9.77142857143,5.36771015539,0.290358590277,0.142642642643,9.50849154237,1.02869645341,0.544491860281,8.05331334643,0.871264894205,0.461830251304,0.640599570326,0.371299902718,2,1.72528881811,0.640599570326,2,0.344071394247,0.376569037657,810,0.104247104247,0.56957682835,37,37,37,1,0,0.405405405405,0.540540540541,0.0540540540541,37,0.117117117117,2.18635635636,8.43243243243,7.09090909091,4.45714285714,5.03620525429,0.597242289772,0.326923076923,6.00062559301,1.42322530091,0.680526680527,3.83793300225,0.910278981302,0.463617463617,1.32204914232,0.604681454823,4.3462962963,2.18635635636,1.32204914232,4.3462962963,0,0,0,0,0.160896782956,37,37,37,1,0,0.405405405405,0.540540540541,0.0540540540541,37,182,0.136636636637,3.48916783821,9.83783783784,7.91304347826,4.91891891892,4.58568735617,0.466127560929,0.24948024948,5.95995142774,1.21163847707,0.622215622216,3.50696432813,0.712954286489,0.384318384318,2.87062682139,0.822725347274,9.04988095637,3.48916783821,2.87062682139,9.04988095637,0.103310260895,0.03825717322,24,0.0030888030888,0.181348653651,37,37,37,1,0,0.378378378378,0.621621621622,0,-160,-0.12012012012,1.76387902009,-8.64864864865,-7.63241106719,-4.85250965251,-0.782022799224,0.175768970652,0.106837606838,-3.54854011463,0.182942023653,0.0777237619343,-4.5463490183,-0.158310607716,-0.0775118669856,2.23002725106,0.451425444556,7.04988095637,1.76387902009,2.23002725106,7.04988095637,-0.240761133352,-0.338311864437,-786,-0.101158301158,-0.388228174699,-0.027027027027,0.0810810810811,-0.0540540540541,169,13,173,977,0.494152046784,0.986868686869,0.0131313131313,0.505847953216,0.928571428571,0.494152046784,0.645038167939,0.611800506965,0.481020733652,0.476056338028,26,186,0,0,0,0
105,WLNM_dir_neg,0.339526245809,0.295142202617,00:00:14,10,10,12,1233943447,threshold_sweep,0.6,0.5,0.0698924731183,0.122641509434,13,13,173,359,0.0698924731183,0.965053763441,0.0349462365591,0.930107526882,0.5,0.0698924731183,0.122641509434,0.666666666667,0.651135005974,0.0445205479452,0.0781602364146,0.0349462365591,342,156,186,0,342,0,156,0,186,37,342,0.256756756757,1.72528881811,18.4864864865,15.5454545455,9.77142857143,5.36771015539,0.290358590277,0.142642642643,9.50849154237,1.02869645341,0.544491860281,8.05331334643,0.871264894205,0.461830251304,0.640599570326,0.371299902718,2,1.72528881811,0.640599570326,2,0.344071394247,0.376569037657,810,0.104247104247,0.56957682835,37,37,37,1,0,0.405405405405,0.540540540541,0.0540540540541,37,0.117117117117,2.18635635636,8.43243243243,7.09090909091,4.45714285714,5.03620525429,0.597242289772,0.326923076923,6.00062559301,1.42322530091,0.680526680527,3.83793300225,0.910278981302,0.463617463617,1.32204914232,0.604681454823,4.3462962963,2.18635635636,1.32204914232,4.3462962963,0,0,0,0,0.160896782956,37,37,37,1,0,0.405405405405,0.540540540541,0.0540540540541,37,182,0.136636636637,3.48916783821,9.83783783784,7.91304347826,4.91891891892,4.58568735617,0.466127560929,0.24948024948,5.95995142774,1.21163847707,0.622215622216,3.50696432813,0.712954286489,0.384318384318,2.87062682139,0.822725347274,9.04988095637,3.48916783821,2.87062682139,9.04988095637,0.103310260895,0.03825717322,24,0.0030888030888,0.181348653651,37,37,37,1,0,0.378378378378,0.621621621622,0,-160,-0.12012012012,1.76387902009,-8.64864864865,-7.63241106719,-4.85250965251,-0.782022799224,0.175768970652,0.106837606838,-3.54854011463,0.182942023653,0.0777237619343,-4.5463490183,-0.158310607716,-0.0775118669856,2.23002725106,0.451425444556,7.04988095637,1.76387902009,2.23002725106,7.04988095637,-0.240761133352,-0.338311864437,-786,-0.101158301158,-0.388228174699,-0.027027027027,0.0810810810811,-0.0540540540541,169,13,173,977,0.494152046784,0.986868686869,0.0131313131313,0.505847953216,0.928571428571,0.494152046784,0.645038167939,0.611800506965,0.481020733652,0.476056338028,26,186,0,0,0,0
106,WLNM_dir_neg,0.339526245809,0.295142202617,00:00:14,10,10,12,1233943447,threshold_sweep,0.7,0.52,0.0698924731183,0.123222748815,13,12,173,360,0.0698924731183,0.967741935484,0.0322580645161,0.930107526882,0.52,0.0698924731183,0.123222748815,0.668458781362,0.651732377539,0.0480274442539,0.0857589448564,0.0376344086022,342,156,186,0,342,0,156,0,186,37,342,0.256756756757,1.72528881811,18.4864864865,15.5454545455,9.77142857143,5.36771015539,0.290358590277,0.142642642643,9.50849154237,1.02869645341,0.544491860281,8.05331334643,0.871264894205,0.461830251304,0.640599570326,0.371299902718,2,1.72528881811,0.640599570326,2,0.344071394247,0.376569037657,810,0.104247104247,0.56957682835,37,37,37,1,0,0.405405405405,0.540540540541,0.0540540540541,37,0.117117117117,2.18635635636,8.43243243243,7.09090909091,4.45714285714,5.03620525429,0.597242289772,0.326923076923,6.00062559301,1.42322530091,0.680526680527,3.83793300225,0.910278981302,0.463617463617,1.32204914232,0.604681454823,4.3462962963,2.18635635636,1.32204914232,4.3462962963,0,0,0,0,0.160896782956,37,37,37,1,0,0.405405405405,0.540540540541,0.0540540540541,37,181,0.135885885886,3.48510916355,9.78378378378,7.86956521739,4.89189189189,4.57733022099,0.467848668996,0.250709272809,5.97115187,1.22062220547,0.624757354039,3.49431112098,0.714306693239,0.385247125579,2.86604705492,0.822369377952,9.04498987686,3.48510916355,2.86604705492,9.04498987686,0.0917977967514,0.0337620578778,21,0.0027027027027,0.178110430586,37,37,37,1,0,0.378378378378,0.621621621622,0,-161,-0.120870870871,1.75982034543,-8.7027027027,-7.67588932806,-4.87953667954,-0.790379934407,0.177490078719,0.108066630166,-3.53733967237,0.191925752056,0.0802654937578,-4.55900222545,-0.156958200966,-0.0765831257253,2.2254474846,0.451069475234,7.04498987686,1.75982034543,2.2254474846,7.04498987686,-0.252273597496,-0.342806979779,-789,-0.101544401544,-0.391466397764,-0.027027027027,0.0810810810811,-0.0540540540541,169,12,173,978,0.494152046784,0.987878787879,0.0121212121212,0.505847953216,0.933701657459,0.494152046784,0.646271510516,0.614509386823,0.482030834662,0.477401129944,25,186,0,0,0,0
107,WLNM_dir_neg,0.339526245809,0.295142202617,00:00:14,10,10,12,1233943447,threshold_sweep,0.8,0.47619047619,0.0537634408602,0.0966183574879,10,11,176,361,0.0537634408602,0.970430107527,0.0295698924731,0.94623655914,0.47619047619,0.0537634408602,0.0966183574879,0.664874551971,0.654121863799,0.0310880829016,0.0599281293413,0.0241935483871,342,156,186,0,342,0,156,0,186,37,342,0.256756756757,1.72528881811,18.4864864865,15.5454545455,9.77142857143,5.36771015539,0.290358590277,0.142642642643,9.50849154237,1.02869645341,0.544491860281,8.05331334643,0.871264894205,0.461830251304,0.640599570326,0.371299902718,2,1.72528881811,0.640599570326,2,0.344071394247,0.376569037657,810,0.104247104247,0.56957682835,37,37,37,1,0,0.405405405405,0.540540540541,0.0540540540541,37,0.117117117117,2.18635635636,8.43243243243,7.09090909091,4.45714285714,5.03620525429,0.597242289772,0.326923076923,6.00062559301,1.42322530091,0.680526680527,3.83793300225,0.910278981302,0.463617463617,1.32204914232,0.604681454823,4.3462962963,2.18635635636,1.32204914232,4.3462962963,0,0,0,0,0.160896782956,37,37,37,1,0,0.405405405405,0.540540540541,0.0540540540541,37,177,0.132882882883,3.66895883202,9.56756756757,7.69565217391,4.78378378378,4.57372046795,0.478044229701,0.258512750038,5.95415417603,1.24465369781,0.633073751718,3.55226950253,0.742564811264,0.397007176668,3.11526052639,0.849085713146,9.21319233823,3.66895883202,3.11526052639,9.21319233823,0.0856182405718,0.0294277929155,18,0.0023166023166,0.177783759014,37,37,37,1,0,0.378378378378,0.621621621622,0,-165,-0.123873873874,1.9436700139,-8.91891891892,-7.84980237154,-4.98764478764,-0.793989687446,0.187685639424,0.115870107396,-3.55433736634,0.2159572444,0.0885818914365,-4.5010438439,-0.128700082941,-0.0648230746357,2.47466095606,0.477785810428,7.21319233823,1.9436700139,2.47466095606,7.21319233823,-0.258453153676,-0.347141244741,-792,-0.101930501931,-0.391793069336,-0.027027027027,0.0810810810811,-0.0540540540541,166,11,176,979,0.485380116959,0.988888888889,0.0111111111111,0.514619883041,0.937853107345,0.485380116959,0.639691714836,0.610348341569,0.474269005848,0.470254957507,21,186,0,0,0,0
108,WLNM_dir_neg,0.339526245809,0.295142202617,00:00:14,10,10,12,1233943447,threshold_sweep,0.9,0.45,0.0483870967742,0.0873786407767,9,11,177,361,0.0483870967742,0.970430107527,0.0295698924731,0.951612903226,0.45,0.0483870967742,0.0873786407767,0.663082437276,0.654719235364,0.0242214532872,0.0477174147756,0.0188172043011,342,156,186,0,342,0,156,0,186,37,342,0.256756756757,1.72528881811,18.4864864865,15.5454545455,9.77142857143,5.36771015539,0.290358590277,0.142642642643,9.50849154237,1.02869645341,0.544491860281,8.05331334643,0.871264894205,0.461830251304,0.640599570326,0.371299902718,2,1.72528881811,0.640599570326,2,0.344071394247,0.376569037657,810,0.104247104247,0.56957682835,37,37,37,1,0,0.405405405405,0.540540540541,0.0540540540541,37,0.117117117117,2.18635635636,8.43243243243,7.09090909091,4.45714285714,5.03620525429,0.597242289772,0.326923076923,6.00062559301,1.42322530091,0.680526680527,3.83793300225,0.910278981302,0.463617463617,1.32204914232,0.604681454823,4.3462962963,2.18635635636,1.32204914232,4.3462962963,0,0,0,0,0.160896782956,37,37,37,1,0,0.405405405405,0.540540540541,0.0540540540541,37,176,0.132132132132,3.64269355794,9.51351351351,7.65217391304,4.75675675676,4.56813614813,0.480173401934,0.260135135135,5.94140558288,1.24904549186,0.634213759214,3.55438231394,0.747228100089,0.398648648649,3.07905837261,0.845269667524,9.10567678115,3.64269355794,3.07905837261,9.10567678115,0.0686746736282,0.0214403518417,13,0.0016731016731,0.176573534237,37,37,37,1,0,0.378378378378,0.621621621622,0,-166,-0.124624624625,1.91740473983,-8.97297297297,-7.89328063241,-5.01467181467,-0.799574007262,0.189814811657,0.117492492492,-3.56708595949,0.220349038441,0.0897218989324,-4.4989310325,-0.124036794116,-0.0631816026553,2.43845880229,0.473969764806,7.10567678115,1.91740473983,2.43845880229,7.10567678115,-0.275396720619,-0.355128685815,-797,-0.102574002574,-0.393003294113,-0.027027027027,0.0810810810811,-0.0540540540541,165,11,177,979,0.482456140351,0.988888888889,0.0111111111111,0.517543859649,0.9375,0.482456140351,0.637065637066,0.60804305278,0.47134502924,0.467422096317,20,186,0,0,0,0
109,WLNM_dir_neg,0.570969187189,0.417515873753,00:00:14,10,10,13,1233943448,threshold_sweep,0.1,0.473684210526,0.0967741935484,0.160714285714,18,20,168,352,0.0967741935484,0.94623655914,0.0537634408602,0.903225806452,0.473684210526,0.0967741935484,0.160714285714,0.663082437276,0.643966547192,0.0536912751678,0.0804843636586,0.0430107526882,342,156,186,0,342,0,156,0,186,37,342,0.256756756757,1.72528881811,18.4864864865,15.5454545455,9.77142857143,5.36771015539,0.290358590277,0.142642642643,9.50849154237,1.02869645341,0.544491860281,8.05331334643,0.871264894205,0.461830251304,0.640599570326,0.371299902718,2,1.72528881811,0.640599570326,2,0.344071394247,0.376569037657,810,0.104247104247,0.56957682835,37,37,37,1,0,0.405405405405,0.540540540541,0.0540540540541,37,0.117117117117,2.22747747748,8.43243243243,7.09090909091,4.45714285714,5.03620525429,0.597242289772,0.326923076923,6.00525295579,1.42432281644,0.680873180873,3.83793300225,0.910278981302,0.463617463617,1.42084529335,0.637871901162,5.2,2.22747747748,1.42084529335,5.2,0,0,0,0,0.160752482811,37,37,37,1,0,0.405405405405,0.540540540541,0.0540540540541,37,194,0.145645645646,8.71279469301,10.4864864865,6.25806451613,5.24324324324,4.88547519366,0.465882943725,0.252995263305,5.80423889836,1.1069940167,0.569239342435,3.49130193326,0.66586686356,0.361382000557,3.68224676497,0.42262521897,10.9907659899,8.71279469301,3.68224676497,10.9907659899,0.157367982755,0.0618415025195,45,0.00579150579151,0.169452182404,37,37,37,1,0,0.162162162162,0.837837837838,0,-148,-0.111111111111,6.9875058749,-8,-9.28739002933,-4.52818532819,-0.482234961733,0.175524353448,0.110352620662,-3.70425264402,0.078297563282,0.0247474821539,-4.56201141317,-0.205398030645,-0.100448250747,3.04164719465,0.0513253162522,8.99076598986,6.9875058749,3.04164719465,8.99076598986,-0.186703411492,-0.314727535137,-765,-0.0984555984556,-0.400124645946,-0.243243243243,0.297297297297,-0.0540540540541,174,20,168,970,0.508771929825,0.979797979798,0.020202020202,0.491228070175,0.896907216495,0.508771929825,0.649253731343,0.605041787115,0.488569909623,0.480662983425,38,186,0,0,0,0
110,WLNM_dir_neg,0.570969187189,0.417515873753,00:00:14,10,10,13,1233943448,threshold_sweep,0.2,0.472222222222,0.0913978494624,0.153153153153,17,19,169,353,0.0913978494624,0.948924731183,0.0510752688172,0.908602150538,0.472222222222,0.0913978494624,0.153153153153,0.663082437276,0.645161290323,0.0505050505051,0.0773730575738,0.0403225806452,342,156,186,0,342,0,156,0,186,37,342,0.256756756757,1.72528881811,18.4864864865,15.5454545455,9.77142857143,5.36771015539,0.290358590277,0.142642642643,9.50849154237,1.02869645341,0.544491860281,8.05331334643,0.871264894205,0.461830251304,0.640599570326,0.371299902718,2,1.72528881811,0.640599570326,2,0.344071394247,0.376569037657,810,0.104247104247,0.56957682835,37,37,37,1,0,0.405405405405,0.540540540541,0.0540540540541,37,0.117117117117,2.22747747748,8.43243243243,7.09090909091,4.45714285714,5.03620525429,0.597242289772,0.326923076923,6.00525295579,1.42432281644,0.680873180873,3.83793300225,0.910278981302,0.463617463617,1.42084529335,0.637871901162,5.2,2.22747747748,1.42084529335,5.2,0,0,0,0,0.160752482811,37,37,37,1,0,0.405405405405,0.540540540541,0.0540540540541,37,192,0.144144144144,8.65002596105,10.3783783784,6.1935483871,5.18918918919,4.9741071301,0.479275947432,0.26097972973,5.82064256589,1.1216863278,0.572916666667,3.49474079342,0.673465673733,0.364864864865,3.65154999223,0.422143240803,10.9012445054,8.65002596105,3.65154999223,10.9012445054,0.138714964412,0.0555298472929,40,0.00514800514801,0.168715119117,37,37,37,1,0,0.162162162162,0.837837837838,0,-150,-0.112612612613,6.92473714294,-8.10810810811,-9.35190615836,-4.58223938224,-0.39360302529,0.188917357155,0.118337087087,-3.68784897648,0.0929898743874,0.0284248063853,-4.55857255301,-0.197799220472,-0.0969653864391,3.0109504219,0.050843338085,8.9012445054,6.92473714294,3.0109504219,8.9012445054,-0.205356429836,-0.321039190364,-770,-0.0990990990991,-0.400861709233,-0.243243243243,0.297297297297,-0.0540540540541,173,19,169,971,0.505847953216,0.980808080808,0.0191919191919,0.494152046784,0.901041666667,0.505847953216,0.647940074906,0.605270800058,0.486656034024,0.479224376731,36,186,0,0,0,0
111,WLNM_dir_neg,0.570969187189,0.417515873753,00:00:14,10,10,13,1233943448,threshold_sweep,0.3,0.653846153846,0.0913978494624,0.160377358491,17,9,169,363,0.0913978494624,0.975806451613,0.0241935483871,0.908602150538,0.653846153846,0.0913978494624,0.160377358491,0.681003584229,0.651135005974,0.0856164383562,0.150308146951,0.0672043010753,342,156,186,0,342,0,156,0,186,37,342,0.256756756757,1.72528881811,18.4864864865,15.5454545455,9.77142857143,5.36771015539,0.290358590277,0.142642642643,9.50849154237,1.02869645341,0.544491860281,8.05331334643,0.871264894205,0.461830251304,0.640599570326,0.371299902718,2,1.72528881811,0.640599570326,2,0.344071394247,0.376569037657,810,0.104247104247,0.56957682835,37,37,37,1,0,0.405405405405,0.540540540541,0.0540540540541,37,0.117117117117,2.22747747748,8.43243243243,7.09090909091,4.45714285714,5.03620525429,0.597242289772,0.326923076923,6.00525295579,1.42432281644,0.680873180873,3.83793300225,0.910278981302,0.463617463617,1.42084529335,0.637871901162,5.2,2.22747747748,1.42084529335,5.2,0,0,0,0,0.160752482811,37,37,37,1,0,0.405405405405,0.540540540541,0.0540540540541,37,182,0.136636636637,2.44501987072,9.83783783784,7.91304347826,4.91891891892,4.66972229435,0.474669573876,0.254529254529,6.00637799148,1.22107684442,0.621621621622,3.46713441058,0.704856995557,0.378378378378,1.4515573145,0.593679148332,4.60358889238,2.44501987072,1.4515573145,4.60358889238,0.119148641827,0.0358255451713,23,0.0029601029601,0.174189111155,37,37,37,1,0,0.378378378378,0.621621621622,0,-160,-0.12012012012,0.719731052601,-8.64864864865,-7.63241106719,-4.85250965251,-0.697987861048,0.184310983599,0.111886611887,-3.50211355089,0.192380391008,0.0771297613403,-4.58617893586,-0.166407898648,-0.0834518729256,0.810957744175,0.222379245614,2.60358889238,0.719731052601,0.810957744175,2.60358889238,-0.224922752421,-0.340743492486,-787,-0.101287001287,-0.395387717195,-0.027027027027,0.0810810810811,-0.0540540540541,173,9,169,981,0.505847953216,0.990909090909,0.00909090909091,0.494152046784,0.950549450549,0.505847953216,0.660305343511,0.631815200827,0.496757044125,0.492877492877,26,186,0,0,0,0
112,WLNM_dir_neg,0.570969187189,0.417515873753,00:00:14,10,10,13,1233943448,threshold_sweep,0.4,0.653846153846,0.0913978494624,0.160377358491,17,9,169,363,0.0913978494624,0.975806451613,0.0241935483871,0.908602150538,0.653846153846,0.0913978494624,0.160377358491,0.681003584229,0.651135005974,0.0856164383562,0.150308146951,0.0672043010753,342,156,186,0,342,0,156,0,186,37,342,0.256756756757,1.72528881811,18.4864864865,15.5454545455,9.77142857143,5.36771015539,0.290358590277,0.142642642643,9.50849154237,1.02869645341,0.544491860281,8.05331334643,0.871264894205,0.461830251304,0.640599570326,0.371299902718,2,1.72528881811,0.640599570326,2,0.344071394247,0.376569037657,810,0.104247104247,0.56957682835,37,37,37,1,0,0.405405405405,0.540540540541,0.0540540540541,37,0.117117117117,2.22747747748,8.43243243243,7.09090909091,4.45714285714,5.03620525429,0.597242289772,0.326923076923,6.00525295579,1.42432281644,0.680873180873,3.83793300225,0.910278981302,0.463617463617,1.42084529335,0.637871901162,5.2,2.22747747748,1.42084529335,5.2,0,0,0,0,0.160752482811,37,37,37,1,0,0.405405405405,0.540540540541,0.0540540540541,37,182,0.136636636637,2.44501987072,9.83783783784,7.91304347826,4.91891891892,4.66972229435,0.474669573876,0.254529254529,6.00637799148,1.22107684442,0.621621621622,3.46713441058,0.704856995557,0.378378378378,1.4515573145,0.593679148332,4.60358889238,2.44501987072,1.4515573145,4.60358889238,0.119148641827,0.0358255451713,23,0.0029601029601,0.174189111155,37,37,37,1,0,0.378378378378,0.621621621622,0,-160,-0.12012012012,0.719731052601,-8.64864864865,-7.63241106719,-4.85250965251,-0.697987861048,0.184310983599,0.111886611887,-3.50211355089,0.192380391008,0.0771297613403,-4.58617893586,-0.166407898648,-0.0834518729256,0.810957744175,0.222379245614,2.60358889238,0.719731052601,0.810957744175,2.60358889238,-0.224922752421,-0.340743492486,-787,-0.101287001287,-0.395387717195,-0.027027027027,0.0810810810811,-0.0540540540541,173,9,169,981,0.505847953216,0.990909090909,0.00909090909091,0.494152046784,0.950549450549,0.505847953216,0.660305343511,0.631815200827,0.496757044125,0.492877492877,26,186,0,0,0,0
113,WLNM_dir_neg,0.570969187189,0.417515873753,00:00:14,10,10,13,1233943448,threshold_sweep,0.5,0.708333333333,0.0913978494624,0.161904761905,17,7,169,365,0.0913978494624,0.981182795699,0.0188172043011,0.908602150538,0.708333333333,0.0913978494624,0.161904761905,0.68458781362,0.652329749104,0.0927835051546,0.168644630024,0.0725806451613,342,156,186,0,342,0,156,0,186,37,342,0.256756756757,1.72528881811,18.4864864865,15.5454545455,9.77142857143,5.36771015539,0.290358590277,0.142642642643,9.50849154237,1.02869645341,0.544491860281,8.05331334643,0.871264894205,0.461830251304,0.640599570326,0.371299902718,2,1.72528881811,0.640599570326,2,0.344071394247,0.376569037657,810,0.104247104247,0.56957682835,37,37,37,1,0,0.405405405405,0.540540540541,0.0540540540541,37,0.117117117117,2.22747747748,8.43243243243,7.09090909091,4.45714285714,5.03620525429,0.597242289772,0.326923076923,6.00525295579,1.42432281644,0.680873180873,3.83793300225,0.910278981302,0.463617463617,1.42084529335,0.637871901162,5.2,2.22747747748,1.42084529335,5.2,0,0,0,0,0.160752482811,37,37,37,1,0,0.405405405405,0.540540540541,0.0540540540541,37,180,0.135135135135,2.43329126465,9.72972972973,7.82608695652,4.86486486486,4.77056162923,0.490307723004,0.262912912913,6.00075070379,1.23348764467,0.627027027027,3.51316699608,0.722150993639,0.386486486486,1.43184030304,0.588437695005,4.48916092877,2.43329126465,1.43184030304,4.48916092877,0.126847249525,0.034375,22,0.0028314028314,0.17549721242,37,37,37,1,0,0.378378378378,0.621621621622,0,-162,-0.121621621622,0.708002446532,-8.75675675676,-7.71936758893,-4.90656370656,-0.597148526166,0.199949132727,0.12027027027,-3.50774083859,0.204791191253,0.0825351667457,-4.54014635035,-0.149113900566,-0.0753437648174,0.791240732719,0.217137792288,2.48916092877,0.708002446532,0.791240732719,2.48916092877,-0.217224144722,-0.342194037657,-788,-0.101415701416,-0.39407961593,-0.027027027027,0.0810810810811,-0.0540540540541,173,7,169,983,0.505847953216,0.992929292929,0.00707070707071,0.494152046784,0.961111111111,0.505847953216,0.662835249042,0.637345305532,0.498777246146,0.495702005731,24,186,0,0,0,0
114,WLNM_dir_neg,0.570969187189,0.417515873753,00:00:14,10,10,13,1233943448,threshold_sweep,0.6,0.695652173913,0.0860215053763,0.153110047847,16,7,170,365,0.0860215053763,0.981182795699,0.0188172043011,0.913978494624,0.695652173913,0.0860215053763,0.153110047847,0.682795698925,0.652927120669,0.0860585197935,0.159361790949,0.0672043010753,342,156,186,0,342,0,156,0,186,37,342,0.256756756757,1.72528881811,18.4864864865,15.5454545455,9.77142857143,5.36771015539,0.290358590277,0.142642642643,9.50849154237,1.02869645341,0.544491860281,8.05331334643,0.871264894205,0.461830251304,0.640599570326,0.371299902718,2,1.72528881811,0.640599570326,2,0.344071394247,0.376569037657,810,0.104247104247,0.56957682835,37,37,37,1,0,0.405405405405,0.540540540541,0.0540540540541,37,0.117117117117,2.22747747748,8.43243243243,7.09090909091,4.45714285714,5.03620525429,0.597242289772,0.326923076923,6.00525295579,1.42432281644,0.680873180873,3.83793300225,0.910278981302,0.463617463617,1.42084529335,0.637871901162,5.2,2.22747747748,1.42084529335,5.2,0,0,0,0,0.160752482811,37,37,37,1,0,0.405405405405,0.540540540541,0.0540540540541,37,179,0.134384384384,2.43242913905,9.67567567568,7.78260869565,4.83783783784,4.77873794389,0.493891910402,0.264381700136,5.98383708888,1.23688252675,0.628114147667,3.50803453608,0.725124457178,0.387739695002,1.43042103362,0.588062776692,4.48038194229,2.43242913905,1.43042103362,4.48038194229,0.126562549241,0.0330882352941,21,0.0027027027027,0.174264241403,37,37,37,1,0,0.378378378378,0.621621621622,0,-163,-0.122372372372,0.707140320939,-8.81081081081,-7.7628458498,-4.93359073359,-0.588972211507,0.203533320125,0.121739057493,-3.52465445349,0.208186073338,0.0836222873859,-4.54527881036,-0.146140437027,-0.0740905563017,0.789821463294,0.216762873975,2.48038194229,0.707140320939,0.789821463294,2.48038194229,-0.217508845007,-0.343480802363,-789,-0.101544401544,-0.395312586947,-0.027027027027,0.0810810810811,-0.0540540540541,172,7,170,983,0.502923976608,0.992929292929,0.00707070707071,0.497076023392,0.960893854749,0.502923976608,0.660268714012,0.635100803812,0.495853269537,0.492836676218,23,186,0,0,0,0
115,WLNM_dir_neg,0.570969187189,0.417515873753,00:00:14,10,10,13,1233943448,threshold_sweep,0.7,0.722222222222,0.0698924731183,0.127450980392,13,5,173,367,0.0698924731183,0.986559139785,0.0134408602151,0.930107526882,0.722222222222,0.0698924731183,0.127450980392,0.681003584229,0.655913978495,0.0729166666667,0.150616019019,0.0564516129032,342,156,186,0,342,0,156,0,186,37,342,0.256756756757,1.72528881811,18.4864864865,15.5454545455,9.77142857143,5.36771015539,0.290358590277,0.142642642643,9.50849154237,1.02869645341,0.544491860281,8.05331334643,0.871264894205,0.461830251304,0.640599570326,0.371299902718,2,1.72528881811,0.640599570326,2,0.344071394247,0.376569037657,810,0.104247104247,0.56957682835,37,37,37,1,0,0.405405405405,0.540540540541,0.0540540540541,37,0.117117117117,2.22747747748,8.43243243243,7.09090909091,4.45714285714,5.03620525429,0.597242289772,0.326923076923,6.00525295579,1.42432281644,0.680873180873,3.83793300225,0.910278981302,0.463617463617,1.42084529335,0.637871901162,5.2,2.22747747748,1.42084529335,5.2,0,0,0,0,0.160752482811,37,37,37,1,0,0.405405405405,0.540540540541,0.0540540540541,37,174,0.130630630631,2.42338498553,9.40540540541,7.5652173913,4.7027027027,4.68128341531,0.497722661972,0.266387076732,5.93887786289,1.26286483291,0.637154395775,3.56576986284,0.758238419109,0.401056228642,1.42232383779,0.586916171507,4.45511346891,2.42338498553,1.42232383779,4.45511346891,0.103127652199,0.0197368421053,12,0.0015444015444,0.169537412522,37,37,37,1,0,0.378378378378,0.621621621622,0,-168,-0.126126126126,0.698096167412,-9.08108108108,-7.98023715415,-5.06872586873,-0.686426740088,0.207364071695,0.123744434089,-3.56961367949,0.234168379498,0.0926625354938,-4.4875434836,-0.113026475096,-0.0607740226615,0.781724267466,0.215616268789,2.45511346891,0.698096167412,0.781724267466,2.45511346891,-0.240943742049,-0.356832195552,-798,-0.102702702703,-0.400039415828,-0.027027027027,0.0810810810811,-0.0540540540541,169,5,173,985,0.494152046784,0.994949494949,0.00505050505051,0.505847953216,0.971264367816,0.494152046784,0.65503875969,0.634016818156,0.489101541733,0.487031700288,18,186,0,0,0,0
116,WLNM_dir_neg,0.570969187189,0.417515873753,00:00:14,10,10,13,1233943448,threshold_sweep,0.8,0.722222222222,0.0698924731183,0.127450980392,13,5,173,367,0.0698924731183,0.986559139785,0.0134408602151,0.930107526882,0.722222222222,0.0698924731183,0.127450980392,0.681003584229,0.655913978495,0.0729166666667,0.150616019019,0.0564516129032,342,156,186,0,342,0,156,0,186,37,342,0.256756756757,1.72528881811,18.4864864865,15.5454545455,9.77142857143,5.36771015539,0.290358590277,0.142642642643,9.50849154237,1.02869645341,0.544491860281,8.05331334643,0.871264894205,0.461830251304,0.640599570326,0.371299902718,2,1.72528881811,0.640599570326,2,0.344071394247,0.376569037657,810,0.104247104247,0.56957682835,37,37,37,1,0,0.405405405405,0.540540540541,0.0540540540541,37,0.117117117117,2.22747747748,8.43243243243,7.09090909091,4.45714285714,5.03620525429,0.597242289772,0.326923076923,6.00525295579,1.42432281644,0.680873180873,3.83793300225,0.910278981302,0.463617463617,1.42084529335,0.637871901162,5.2,2.22747747748,1.42084529335,5.2,0,0,0,0,0.160752482811,37,37,37,1,0,0.405405405405,0.540540540541,0.0540540540541,37,174,0.130630630631,2.42338498553,9.40540540541,7.5652173913,4.7027027027,4.68128341531,0.497722661972,0.266387076732,5.93887786289,1.26286483291,0.637154395775,3.56576986284,0.758238419109,0.401056228642,1.42232383779,0.586916171507,4.45511346891,2.42338498553,1.42232383779,4.45511346891,0.103127652199,0.0197368421053,12,0.0015444015444,0.169537412522,37,37,37,1,0,0.378378378378,0.621621621622,0,-168,-0.126126126126,0.698096167412,-9.08108108108,-7.98023715415,-5.06872586873,-0.686426740088,0.207364071695,0.123744434089,-3.56961367949,0.234168379498,0.0926625354938,-4.4875434836,-0.113026475096,-0.0607740226615,0.781724267466,0.215616268789,2.45511346891,0.698096167412,0.781724267466,2.45511346891,-0.240943742049,-0.356832195552,-798,-0.102702702703,-0.400039415828,-0.027027027027,0.0810810810811,-0.0540540540541,169,5,173,985,0.494152046784,0.994949494949,0.00505050505051,0.505847953216,0.971264367816,0.494152046784,0.65503875969,0.634016818156,0.489101541733,0.487031700288,18,186,0,0,0,0
117,WLNM_dir_neg,0.570969187189,0.417515873753,00:00:14,10,10,13,1233943448,threshold_sweep,0.9,0.769230769231,0.0537634408602,0.100502512563,10,3,176,369,0.0537634408602,0.991935483871,0.00806451612903,0.94623655914,0.769230769231,0.0537634408602,0.100502512563,0.679211469534,0.65890083632,0.0595446584939,0.142811768175,0.0456989247312,342,156,186,0,342,0,156,0,186,37,342,0.256756756757,1.72528881811,18.4864864865,15.5454545455,9.77142857143,5.36771015539,0.290358590277,0.142642642643,9.50849154237,1.02869645341,0.544491860281,8.05331334643,0.871264894205,0.461830251304,0.640599570326,0.371299902718,2,1.72528881811,0.640599570326,2,0.344071394247,0.376569037657,810,0.104247104247,0.56957682835,37,37,37,1,0,0.405405405405,0.540540540541,0.0540540540541,37,0.117117117117,2.22747747748,8.43243243243,7.09090909091,4.45714285714,5.03620525429,0.597242289772,0.326923076923,6.00525295579,1.42432281644,0.680873180873,3.83793300225,0.910278981302,0.463617463617,1.42084529335,0.637871901162,5.2,2.22747747748,1.42084529335,5.2,0,0,0,0,0.160752482811,37,37,37,1,0,0.405405405405,0.540540540541,0.0540540540541,37,169,0.126876876877,2.04991488782,9.13513513514,7.68181818182,4.56756756757,4.75021731761,0.519994203408,0.279385894771,5.97931871138,1.30908161137,0.653446345754,3.64036430213,0.797002835378,0.416759955221,1.09732499032,0.535302707853,3.74334767921,2.04991488782,1.09732499032,3.74334767921,0.106232858245,0.0135363790186,8,0.0010296010296,0.179529291055,37,37,37,1,0,0.405405405405,0.594594594595,0,-173,-0.12987987988,0.324626069701,-9.35135135135,-7.86363636364,-5.20386100386,-0.617492837779,0.22963561313,0.136743252128,-3.529172831,0.280385157952,0.108954485473,-4.4129490443,-0.0742620588264,-0.0450702960824,0.45672541999,0.164002805135,1.74334767921,0.324626069701,0.45672541999,1.74334767921,-0.237838536002,-0.363032658638,-802,-0.103217503218,-0.390047537295,0,0.0540540540541,-0.0540540540541,166,3,176,987,0.485380116959,0.99696969697,0.0030303030303,0.514619883041,0.98224852071,0.485380116959,0.649706457926,0.633081402759,0.482349813929,0.48115942029,13,186,0,0,0,0
118,WLNM_dir_neg,0.610655856168,0.45430817355,00:00:15,10,10,14,1233943449,threshold_sweep,0.1,0.626865671642,0.225806451613,0.332015810277,42,25,144,347,0.225806451613,0.932795698925,0.0672043010753,0.774193548387,0.626865671642,0.225806451613,0.332015810277,0.697132616487,0.626642771804,0.1888,0.230016434108,0.158602150538,342,156,186,0,342,0,156,0,186,37,342,0.256756756757,1.72528881811,18.4864864865,15.5454545455,9.77142857143,5.36771015539,0.290358590277,0.142642642643,9.50849154237,1.02869645341,0.544491860281,8.05331334643,0.871264894205,0.461830251304,0.640599570326,0.371299902718,2,1.72528881811,0.640599570326,2,0.344071394247,0.376569037657,810,0.104247104247,0.56957682835,37,37,37,1,0,0.405405405405,0.540540540541,0.0540540540541,37,0.117117117117,2.22747747748,8.43243243243,7.09090909091,4.45714285714,5.03620525429,0.597242289772,0.326923076923,6.00525295579,1.42432281644,0.680873180873,3.83793300225,0.910278981302,0.463617463617,1.42084529335,0.637871901162,5.2,2.22747747748,1.42084529335,5.2,0,0,0,0,0.160752482811,37,37,37,1,0,0.405405405405,0.540540540541,0.0540540540541,37,223,0.167417417417,3.89648048695,12.0540540541,8.57692307692,6.02702702703,5.45662668457,0.452679792218,0.234274633378,6.97410482701,1.15713846906,0.595806568901,3.76007156024,0.623868375466,0.331838565022,2.24228476729,0.575464133543,6.11354413727,3.89648048695,2.24228476729,6.11354413727,0.273171468202,0.185709232402,175,0.0225225225225,0.186158254116,37,37,37,1,0,0.297297297297,0.702702702703,0,-119,-0.0893393393393,2.17119166883,-6.43243243243,-6.96853146853,-3.7444015444,0.0889165291779,0.162321201941,0.0916319907351,-2.53438671536,0.128442015641,0.0513147086194,-4.29324178619,-0.247396518739,-0.129991686282,1.60168519696,0.204164230825,4.11354413727,2.17119166883,1.60168519696,4.11354413727,-0.0708999260455,-0.190859805255,-635,-0.0817245817246,-0.383418574234,-0.108108108108,0.162162162162,-0.0540540540541,198,25,144,965,0.578947368421,0.974747474747,0.0252525252525,0.421052631579,0.887892376682,0.578947368421,0.700884955752,0.647862622183,0.553694843169,0.539509536785,67,186,0,0,0,0
119,WLNM_dir_neg,0.610655856168,0.45430817355,00:00:15,10,10,14,1233943449,threshold_sweep,0.2,0.661016949153,0.209677419355,0.318367346939,39,20,147,352,0.209677419355,0.94623655914,0.0537634408602,0.790322580645,0.661016949153,0.209677419355,0.318367346939,0.700716845878,0.631421744325,0.188006482982,0.239021362174,0.155913978495,342,156,186,0,342,0,156,0,186,37,342,0.256756756757,1.72528881811,18.4864864865,15.5454545455,9.77142857143,5.36771015539,0.290358590277,0.142642642643,9.50849154237,1.02869645341,0.544491860281,8.05331334643,0.871264894205,0.461830251304,0.640599570326,0.371299902718,2,1.72528881811,0.640599570326,2,0.344071394247,0.376569037657,810,0.104247104247,0.56957682835,37,37,37,1,0,0.405405405405,0.540540540541,0.0540540540541,37,0.117117117117,2.22747747748,8.43243243243,7.09090909091,4.45714285714,5.03620525429,0.597242289772,0.326923076923,6.00525295579,1.42432281644,0.680873180873,3.83793300225,0.910278981302,0.463617463617,1.42084529335,0.637871901162,5.2,2.22747747748,1.42084529335,5.2,0,0,0,0,0.160752482811,37,37,37,1,0,0.405405405405,0.540540540541,0.0540540540541,37,215,0.161411411411,2.43268958143,11.6216216216,9.34782608696,5.81081081081,5.11181285168,0.439853663982,0.230295411691,6.80211502172,1.17059653862,0.607919547454,3.77740238375,0.650064596273,0.341923318668,1.43030599818,0.587952531674,4.27762977983,2.43268958143,1.43030599818,4.27762977983,0.216784983256,0.133949191686,116,0.0149292149292,0.213299366251,37,37,37,1,0,0.378378378378,0.621621621622,0,-127,-0.0953453453453,0.707400763314,-6.86486486486,-6.1976284585,-3.96061776062,-0.25589730371,0.149495073705,0.0876527690481,-2.70637652065,0.141900085208,0.0634276871731,-4.27591096268,-0.221200297931,-0.119906932636,0.789706427853,0.216652628957,2.27762977983,0.707400763314,0.789706427853,2.27762977983,-0.127286410992,-0.242619845971,-694,-0.0893178893179,-0.356277462099,-0.027027027027,0.0810810810811,-0.0540540540541,195,20,147,970,0.570175438596,0.979797979798,0.020202020202,0.429824561404,0.906976744186,0.570175438596,0.700179533214,0.653020076198,0.549973418394,0.538674033149,59,186,0,0,0,0
120,WLNM_dir_neg,0.610655856168,0.45430817355,00:00:15,10,10,14,1233943449,threshold_sweep,0.3,0.666666666667,0.204301075269,0.312757201646,38,19,148,353,0.204301075269,0.948924731183,0.0510752688172,0.795698924731,0.666666666667,0.204301075269,0.312757201646,0.700716845878,0.632616487455,0.185365853659,0.238508338523,0.153225806452,342,156,186,0,342,0,156,0,186,37,342,0.256756756757,1.72528881811,18.4864864865,15.5454545455,9.77142857143,5.36771015539,0.290358590277,0.142642642643,9.50849154237,1.02869645341,0.544491860281,8.05331334643,0.871264894205,0.461830251304,0.640599570326,0.371299902718,2,1.72528881811,0.640599570326,2,0.344071394247,0.376569037657,810,0.104247104247,0.56957682835,37,37,37,1,0,0.405405405405,0.540540540541,0.0540540540541,37,0.117117117117,2.22747747748,8.43243243243,7.09090909091,4.45714285714,5.03620525429,0.597242289772,0.326923076923,6.00525295579,1.42432281644,0.680873180873,3.83793300225,0.910278981302,0.463617463617,1.42084529335,0.637871901162,5.2,2.22747747748,1.42084529335,5.2,0,0,0,0,0.160752482811,37,37,37,1,0,0.405405405405,0.540540540541,0.0540540540541,37,213,0.15990990991,2.43108818476,11.5135135135,9.26086956522,5.75675675676,5.0751115019,0.440796069414,0.228397411496,6.77989431827,1.17772812101,0.610328638498,3.82539326523,0.664504933396,0.347925390179,1.42675625588,0.586879679982,4.23787808035,2.43108818476,1.42675625588,4.23787808035,0.215943469179,0.133022170362,114,0.0146718146718,0.213339494368,37,37,37,1,0,0.378378378378,0.621621621622,0,-129,-0.0968468468468,0.705799366645,-6.97297297297,-6.28458498024,-4.01467181467,-0.292598653489,0.150437479137,0.0857547688534,-2.7285972241,0.1490316676,0.0658367782163,-4.22792008121,-0.206759960809,-0.113904861125,0.786156685554,0.215579777265,2.23787808035,0.705799366645,0.786156685554,2.23787808035,-0.128127925069,-0.243546867295,-696,-0.0895752895753,-0.356237333982,-0.027027027027,0.0810810810811,-0.0540540540541,194,19,148,971,0.567251461988,0.980808080808,0.0191919191919,0.432748538012,0.910798122066,0.567251461988,0.699099099099,0.653211089975,0.548059542796,0.537396121884,57,186,0,0,0,0
121,WLNM_dir_neg,0.610655856168,0.45430817355,00:00:15,10,10,14,1233943449,threshold_sweep,0.4,0.648148148148,0.188172043011,0.291666666667,35,19,151,353,0.188172043011,0.948924731183,0.0510752688172,0.811827956989,0.648148148148,0.188172043011,0.291666666667,0.695340501792,0.634408602151,0.166666666667,0.218596412446,0.137096774194,342,156,186,0,342,0,156,0,186,37,342,0.256756756757,1.72528881811,18.4864864865,15.5454545455,9.77142857143,5.36771015539,0.290358590277,0.142642642643,9.50849154237,1.02869645341,0.544491860281,8.05331334643,0.871264894205,0.461830251304,0.640599570326,0.371299902718,2,1.72528881811,0.640599570326,2,0.344071394247,0.376569037657,810,0.104247104247,0.56957682835,37,37,37,1,0,0.405405405405,0.540540540541,0.0540540540541,37,0.117117117117,2.22747747748,8.43243243243,7.09090909091,4.45714285714,5.03620525429,0.597242289772,0.326923076923,6.00525295579,1.42432281644,0.680873180873,3.83793300225,0.910278981302,0.463617463617,1.42084529335,0.637871901162,5.2,2.22747747748,1.42084529335,5.2,0,0,0,0,0.160752482811,37,37,37,1,0,0.405405405405,0.540540540541,0.0540540540541,37,210,0.157657657658,2.42291595613,11.3513513514,9.13043478261,5.67567567568,4.97335241404,0.438128665046,0.231145431145,6.64184568581,1.17022995417,0.609781209781,3.90906392641,0.688739834654,0.362934362934,1.41472282583,0.583892653089,4.07361867446,2.42291595613,1.41472282583,4.07361867446,0.20081985862,0.112003211562,93,0.0119691119691,0.216121904077,37,37,37,1,0,0.378378378378,0.621621621622,0,-132,-0.0990990990991,0.697627138011,-7.13513513514,-6.41501976285,-4.09575289575,-0.394357741354,0.147770074769,0.0885027885028,-2.86664585656,0.141533500752,0.0652893494999,-4.14424942002,-0.182525059551,-0.0988958883696,0.774123255508,0.212592750371,2.07361867446,0.697627138011,0.774123255508,2.07361867446,-0.143251535627,-0.264565826095,-717,-0.092277992278,-0.353454924272,-0.027027027027,0.0810810810811,-0.0540540540541,191,19,151,971,0.558479532164,0.980808080808,0.0191919191919,0.441520467836,0.909523809524,0.558479532164,0.692028985507,0.646465003864,0.539287612972,0.529085872576,54,186,0,0,0,0
122,WLNM_dir_neg,0.610655856168,0.45430817355,00:00:15,10,10,14,1233943449,threshold_sweep,0.5,0.525,0.112903225806,0.185840707965,21,19,165,353,0.112903225806,0.948924731183,0.0510752688172,0.887096774194,0.525,0.112903225806,0.185840707965,0.670250896057,0.642771804062,0.0769230769231,0.112984264459,0.0618279569892,342,156,186,0,342,0,156,0,186,37,342,0.256756756757,1.72528881811,18.4864864865,15.5454545455,9.77142857143,5.36771015539,0.290358590277,0.142642642643,9.50849154237,1.02869645341,0.544491860281,8.05331334643,0.871264894205,0.461830251304,0.640599570326,0.371299902718,2,1.72528881811,0.640599570326,2,0.344071394247,0.376569037657,810,0.104247104247,0.56957682835,37,37,37,1,0,0.405405405405,0.540540540541,0.0540540540541,37,0.117117117117,2.22747747748,8.43243243243,7.09090909091,4.45714285714,5.03620525429,0.597242289772,0.326923076923,6.00525295579,1.42432281644,0.680873180873,3.83793300225,0.910278981302,0.463617463617,1.42084529335,0.637871901162,5.2,2.22747747748,1.42084529335,5.2,0,0,0,0,0.160752482811,37,37,37,1,0,0.405405405405,0.540540540541,0.0540540540541,37,196,0.147147147147,2.47876997837,10.5945945946,8.52173913043,5.2972972973,4.51823133697,0.426465712929,0.226144511859,5.99474244125,1.13166056289,0.597904026475,3.48699858892,0.658259937705,0.348317705461,1.47570726146,0.595338524485,4.15972695876,2.47876997837,1.47570726146,4.15972695876,0.166546454782,0.0716963448922,51,0.00656370656371,0.198533098934,37,37,37,1,0,0.378378378378,0.621621621622,0,-146,-0.10960960961,0.753481160258,-7.89189189189,-7.02371541502,-4.47413127413,-0.849478818419,0.136107122652,0.0835018692162,-3.51374910112,0.102964109474,0.0534121661941,-4.56631475751,-0.2130049565,-0.113512545843,0.835107691136,0.224038621767,2.15972695876,0.753481160258,0.835107691136,2.15972695876,-0.177524939466,-0.304872692765,-759,-0.0976833976834,-0.371043729416,-0.027027027027,0.0810810810811,-0.0540540540541,177,19,165,971,0.517543859649,0.980808080808,0.0191919191919,0.482456140351,0.90306122449,0.517543859649,0.657992565056,0.6145392168,0.498351940457,0.490304709141,40,186,0,0,0,0
123,WLNM_dir_neg,0.610655856168,0.45430817355,00:00:15,10,10,14,1233943449,threshold_sweep,0.6,0.6,0.112903225806,0.190045248869,21,14,165,358,0.112903225806,0.962365591398,0.0376344086022,0.887096774194,0.6,0.112903225806,0.190045248869,0.679211469534,0.645758661888,0.0944350758853,0.146338354364,0.0752688172043,342,156,186,0,342,0,156,0,186,37,342,0.256756756757,1.72528881811,18.4864864865,15.5454545455,9.77142857143,5.36771015539,0.290358590277,0.142642642643,9.50849154237,1.02869645341,0.544491860281,8.05331334643,0.871264894205,0.461830251304,0.640599570326,0.371299902718,2,1.72528881811,0.640599570326,2,0.344071394247,0.376569037657,810,0.104247104247,0.56957682835,37,37,37,1,0,0.405405405405,0.540540540541,0.0540540540541,37,0.117117117117,2.22747747748,8.43243243243,7.09090909091,4.45714285714,5.03620525429,0.597242289772,0.326923076923,6.00525295579,1.42432281644,0.680873180873,3.83793300225,0.910278981302,0.463617463617,1.42084529335,0.637871901162,5.2,2.22747747748,1.42084529335,5.2,0,0,0,0,0.160752482811,37,37,37,1,0,0.405405405405,0.540540540541,0.0540540540541,37,191,0.143393393393,2.48822944776,10.3243243243,8.30434782609,5.16216216216,4.57076491322,0.442718067511,0.234894580444,5.96523965018,1.15556998459,0.60563180982,3.62486408568,0.702198801938,0.374699306636,1.48938113491,0.598570656839,4.1743103074,2.48822944776,1.48938113491,4.1743103074,0.195992684228,0.0702781844802,48,0.00617760617761,0.201152606653,37,37,37,1,0,0.378378378378,0.621621621622,0,-151,-0.113363363363,0.76294062965,-8.16216216216,-7.24110671937,-4.60926640927,-0.796945242177,0.152359477233,0.0922519378017,-3.54325189219,0.126873531175,0.061139949539,-4.42844926076,-0.169066092267,-0.0871309446675,0.848781564589,0.227270754121,2.1743103074,0.76294062965,0.848781564589,2.1743103074,-0.148078710019,-0.306290853177,-762,-0.0980694980695,-0.368424221697,-0.027027027027,0.0810810810811,-0.0540540540541,177,14,165,976,0.517543859649,0.985858585859,0.0141414141414,0.482456140351,0.926701570681,0.517543859649,0.664165103189,0.627460607292,0.503402445508,0.497191011236,35,186,0,0,0,0
124,WLNM_dir_neg,0.610655856168,0.45430817355,00:00:15,10,10,14,1233943449,threshold_sweep,0.7,0.606060606061,0.10752688172,0.182648401826,20,13,166,359,0.10752688172,0.965053763441,0.0349462365591,0.89247311828,0.606060606061,0.10752688172,0.182648401826,0.679211469534,0.646953405018,0.0913705583756,0.145048133525,0.0725806451613,342,156,186,0,342,0,156,0,186,37,342,0.256756756757,1.72528881811,18.4864864865,15.5454545455,9.77142857143,5.36771015539,0.290358590277,0.142642642643,9.50849154237,1.02869645341,0.544491860281,8.05331334643,0.871264894205,0.461830251304,0.640599570326,0.371299902718,2,1.72528881811,0.640599570326,2,0.344071394247,0.376569037657,810,0.104247104247,0.56957682835,37,37,37,1,0,0.405405405405,0.540540540541,0.0540540540541,37,0.117117117117,2.22747747748,8.43243243243,7.09090909091,4.45714285714,5.03620525429,0.597242289772,0.326923076923,6.00525295579,1.42432281644,0.680873180873,3.83793300225,0.910278981302,0.463617463617,1.42084529335,0.637871901162,5.2,2.22747747748,1.42084529335,5.2,0,0,0,0,0.160752482811,37,37,37,1,0,0.405405405405,0.540540540541,0.0540540540541,37,189,0.141891891892,2.48550731863,10.2162162162,8.21739130435,5.10810810811,4.54688620642,0.445065581052,0.237523237523,5.94784640663,1.16439321188,0.608608608609,3.63458528724,0.711532569459,0.378378378378,1.48973629254,0.599369103192,4.24216930164,2.48550731863,1.48973629254,4.24216930164,0.176794146918,0.059731209557,40,0.00514800514801,0.201274848654,37,37,37,1,0,0.378378378378,0.621621621622,0,-153,-0.114864864865,0.76021850051,-8.27027027027,-7.32806324111,-4.66332046332,-0.820823948969,0.154706990775,0.0948805948806,-3.56064513574,0.135696758465,0.0641167483273,-4.4187280592,-0.159732324745,-0.0834518729256,0.849136722215,0.228069200474,2.24216930164,0.76021850051,0.849136722215,2.24216930164,-0.167277247329,-0.3168378281,-770,-0.0990990990991,-0.368301979696,-0.027027027027,0.0810810810811,-0.0540540540541,176,13,166,977,0.514619883041,0.986868686869,0.0131313131313,0.485380116959,0.931216931217,0.514619883041,0.662900188324,0.627823650674,0.50148856991,0.495774647887,33,186,0,0,0,0
125,WLNM_dir_neg,0.610655856168,0.45430817355,00:00:15,10,10,14,1233943449,threshold_sweep,0.8,0.625,0.10752688172,0.183486238532,20,12,166,360,0.10752688172,0.967741935484,0.0322580645161,0.89247311828,0.625,0.10752688172,0.183486238532,0.681003584229,0.647550776583,0.0949152542373,0.152607252069,0.0752688172043,342,156,186,0,342,0,156,0,186,37,342,0.256756756757,1.72528881811,18.4864864865,15.5454545455,9.77142857143,5.36771015539,0.290358590277,0.142642642643,9.50849154237,1.02869645341,0.544491860281,8.05331334643,0.871264894205,0.461830251304,0.640599570326,0.371299902718,2,1.72528881811,0.640599570326,2,0.344071394247,0.376569037657,810,0.104247104247,0.56957682835,37,37,37,1,0,0.405405405405,0.540540540541,0.0540540540541,37,0.117117117117,2.22747747748,8.43243243243,7.09090909091,4.45714285714,5.03620525429,0.597242289772,0.326923076923,6.00525295579,1.42432281644,0.680873180873,3.83793300225,0.910278981302,0.463617463617,1.42084529335,0.637871901162,5.2,2.22747747748,1.42084529335,5.2,0,0,0,0,0.160752482811,37,37,37,1,0,0.405405405405,0.540540540541,0.0540540540541,37,188,0.141141141141,2.49428349632,10.1621621622,8.17391304348,5.08108108108,4.52470694885,0.445250417839,0.238499137435,5.95995142774,1.17296916397,0.611558366878,3.6314856034,0.714707273009,0.379815986199,1.49903034894,0.600986355863,4.25692923684,2.49428349632,1.49903034894,4.25692923684,0.180666440264,0.0588827377957,39,0.00501930501931,0.198338654414,37,37,37,1,0,0.378378378378,0.621621621622,0,-154,-0.115615615616,0.7689946782,-8.32432432432,-7.37154150198,-4.69034749035,-0.843003206543,0.154891827562,0.0958564947927,-3.54854011463,0.144272710555,0.0670665065962,-4.42182774304,-0.156557621196,-0.082014265105,0.858430778613,0.229686453145,2.25692923684,0.7689946782,0.858430778613,2.25692923684,-0.163404953983,-0.317686299861,-771,-0.0992277992278,-0.371238173936,-0.027027027027,0.0810810810811,-0.0540540540541,176,12,166,978,0.514619883041,0.987878787879,0.0121212121212,0.485380116959,0.936170212766,0.514619883041,0.664150943396,0.630483362774,0.50249867092,0.497175141243,32,186,0,0,0,0
126,WLNM_dir_neg,0.610655856168,0.45430817355,00:00:15,10,10,14,1233943449,threshold_sweep,0.9,0.612903225806,0.102150537634,0.175115207373,19,12,167,360,0.102150537634,0.967741935484,0.0322580645161,0.897849462366,0.612903225806,0.102150537634,0.175115207373,0.679211469534,0.648148148148,0.088285229202,0.143837523023,0.0698924731183,342,156,186,0,342,0,156,0,186,37,342,0.256756756757,1.72528881811,18.4864864865,15.5454545455,9.77142857143,5.36771015539,0.290358590277,0.142642642643,9.50849154237,1.02869645341,0.544491860281,8.05331334643,0.871264894205,0.461830251304,0.640599570326,0.371299902718,2,1.72528881811,0.640599570326,2,0.344071394247,0.376569037657,810,0.104247104247,0.56957682835,37,37,37,1,0,0.405405405405,0.540540540541,0.0540540540541,37,0.117117117117,2.22747747748,8.43243243243,7.09090909091,4.45714285714,5.03620525429,0.597242289772,0.326923076923,6.00525295579,1.42432281644,0.680873180873,3.83793300225,0.910278981302,0.463617463617,1.42084529335,0.637871901162,5.2,2.22747747748,1.42084529335,5.2,0,0,0,0,0.160752482811,37,37,37,1,0,0.405405405405,0.540540540541,0.0540540540541,37,187,0.14039039039,2.49110545942,10.1081081081,8.13043478261,5.05405405405,4.5569469786,0.450820957776,0.24064171123,5.96725297839,1.18068641818,0.613672496025,3.6434564324,0.720897796784,0.381847087729,1.49432165439,0.599862863589,4.25158435662,2.49110545942,1.49432165439,4.25158435662,0.179947386913,0.0547112462006,36,0.0046332046332,0.198294049196,37,37,37,1,0,0.378378378378,0.621621621622,0,-155,-0.116366366366,0.76581664131,-8.37837837838,-7.41501976285,-4.71737451737,-0.810763176794,0.160462367499,0.0979990685873,-3.54123856398,0.151989964769,0.0691806357441,-4.40985691404,-0.15036709742,-0.0799831635745,0.853722084066,0.228562960871,2.25158435662,0.76581664131,0.853722084066,2.25158435662,-0.164124007334,-0.321857791456,-774,-0.0996138996139,-0.371282779154,-0.027027027027,0.0810810810811,-0.0540540540541,175,12,167,978,0.511695906433,0.987878787879,0.0121212121212,0.488304093567,0.935828877005,0.511695906433,0.661625708885,0.628213890686,0.499574694312,0.494350282486,31,186,0,0,0,0
127,WLNM_dir_neg,0.316857440166,0.336835400974,00:00:14,10,10,15,1233943450,threshold_sweep,0.1,0.5,0.139784946237,0.218487394958,26,26,160,346,0.139784946237,0.930107526882,0.0698924731183,0.860215053763,0.5,0.139784946237,0.218487394958,0.666666666667,0.635603345281,0.0852459016393,0.113339533272,0.0698924731183,342,156,186,0,342,0,156,0,186,37,342,0.256756756757,1.72528881811,18.4864864865,15.5454545455,9.77142857143,5.36771015539,0.290358590277,0.142642642643,9.50849154237,1.02869645341,0.544491860281,8.05331334643,0.871264894205,0.461830251304,0.640599570326,0.371299902718,2,1.72528881811,0.640599570326,2,0.344071394247,0.376569037657,810,0.104247104247,0.56957682835,37,37,37,1,0,0.405405405405,0.540540540541,0.0540540540541,37,0.117117117117,2.18481481481,8.43243243243,7.09090909091,4.45714285714,5.03620525429,0.597242289772,0.326923076923,6.00062559301,1.42322530091,0.680526680527,3.83793300225,0.910278981302,0.463617463617,1.318977792,0.603702328937,4.32037037037,2.18481481481,1.318977792,4.32037037037,0,0,0,0,0.160896782956,37,37,37,1,0,0.405405405405,0.540540540541,0.0540540540541,37,208,0.156156156156,19.8539835786,11.2432432432,6.11764705882,5.62162162162,5.17153214674,0.459968003436,0.246361746362,5.88477957367,1.04681175108,0.54261954262,3.55395985214,0.63219478139,0.3341995842,5.84483753157,0.294391173863,21.946019569,19.8539835786,5.84483753157,21.946019569,0.169605276295,0.108721624851,91,0.0117117117117,0.199670195217,37,37,37,1,0,0.0810810810811,0.918918918919,0,-134,-0.100600600601,18.1286947605,-7.24324324324,-9.42780748663,-4.14980694981,-0.196178008655,0.169609413159,0.103719103719,-3.62371196871,0.0181152976699,-0.00187231766179,-4.49935349429,-0.239070112814,-0.127630667104,5.20423796124,-0.0769087288547,19.946019569,18.1286947605,5.20423796124,19.946019569,-0.174466117952,-0.267847412806,-719,-0.0925353925354,-0.369906633133,-0.324324324324,0.378378378378,-0.0540540540541,182,26,160,964,0.53216374269,0.973737373737,0.0262626262626,0.46783625731,0.875,0.53216374269,0.661818181818,0.608809562241,0.505901116427,0.494565217391,52,186,0,0,0,0
128,WLNM_dir_neg,0.316857440166,0.336835400974,00:00:14,10,10,15,1233943450,threshold_sweep,0.2,0.520833333333,0.134408602151,0.213675213675,25,23,161,349,0.134408602151,0.938172043011,0.0618279569892,0.865591397849,0.520833333333,0.134408602151,0.213675213675,0.670250896057,0.637992831541,0.0891089108911,0.122023382523,0.0725806451613,342,156,186,0,342,0,156,0,186,37,342,0.256756756757,1.72528881811,18.4864864865,15.5454545455,9.77142857143,5.36771015539,0.290358590277,0.142642642643,9.50849154237,1.02869645341,0.544491860281,8.05331334643,0.871264894205,0.461830251304,0.640599570326,0.371299902718,2,1.72528881811,0.640599570326,2,0.344071394247,0.376569037657,810,0.104247104247,0.56957682835,37,37,37,1,0,0.405405405405,0.540540540541,0.0540540540541,37,0.117117117117,2.18481481481,8.43243243243,7.09090909091,4.45714285714,5.03620525429,0.597242289772,0.326923076923,6.00062559301,1.42322530091,0.680526680527,3.83793300225,0.910278981302,0.463617463617,1.318977792,0.603702328937,4.32037037037,2.18481481481,1.318977792,4.32037037037,0,0,0,0,0.160896782956,37,37,37,1,0,0.405405405405,0.540540540541,0.0540540540541,37,204,0.153153153153,19.8221567262,11.027027027,6,5.51351351351,5.1558299606,0.467563011133,0.25079491256,5.9096043373,1.07184000235,0.54954954955,3.65620949453,0.663136035772,0.352411234764,5.84140111024,0.294690491602,21.8986042856,19.8221567262,5.84140111024,21.8986042856,0.16992340301,0.108776266996,88,0.0113256113256,0.202693589255,37,37,37,1,0,0.0810810810811,0.918918918919,0,-138,-0.103603603604,18.0968679081,-7.45945945946,-9.54545454545,-4.25791505792,-0.211880194797,0.177204420855,0.108152269917,-3.59888720508,0.0431435489384,0.00505768926822,-4.39710385191,-0.208128858433,-0.10941901654,5.20080153991,-0.0766094111162,19.8986042856,18.0968679081,5.20080153991,19.8986042856,-0.174147991237,-0.267792770661,-722,-0.0929214929215,-0.366883239095,-0.324324324324,0.378378378378,-0.0540540540541,181,23,161,967,0.529239766082,0.976767676768,0.0232323232323,0.470760233918,0.887254901961,0.529239766082,0.663003663004,0.613787333341,0.50600744285,0.495890410959,48,186,0,0,0,0
129,WLNM_dir_neg,0.316857440166,0.336835400974,00:00:14,10,10,15,1233943450,threshold_sweep,0.3,0.5,0.123655913978,0.198275862069,23,23,163,349,0.123655913978,0.938172043011,0.0618279569892,0.876344086022,0.5,0.123655913978,0.198275862069,0.666666666667,0.639187574671,0.0761589403974,0.105973905986,0.0618279569892,342,156,186,0,342,0,156,0,186,37,342,0.256756756757,1.72528881811,18.4864864865,15.5454545455,9.77142857143,5.36771015539,0.290358590277,0.142642642643,9.50849154237,1.02869645341,0.544491860281,8.05331334643,0.871264894205,0.461830251304,0.640599570326,0.371299902718,2,1.72528881811,0.640599570326,2,0.344071394247,0.376569037657,810,0.104247104247,0.56957682835,37,37,37,1,0,0.405405405405,0.540540540541,0.0540540540541,37,0.117117117117,2.18481481481,8.43243243243,7.09090909091,4.45714285714,5.03620525429,0.597242289772,0.326923076923,6.00062559301,1.42322530091,0.680526680527,3.83793300225,0.910278981302,0.463617463617,1.318977792,0.603702328937,4.32037037037,2.18481481481,1.318977792,4.32037037037,0,0,0,0,0.160896782956,37,37,37,1,0,0.405405405405,0.540540540541,0.0540540540541,37,202,0.151651651652,19.8226556318,10.9189189189,5.94117647059,5.45945945946,5.27772245901,0.483355769761,0.260770671662,5.9141759762,1.08328965901,0.552047096602,3.70880779433,0.679336081139,0.361787530104,5.84160874697,0.294693549415,21.8987960142,19.8226556318,5.84160874697,21.8987960142,0.181154738474,0.103405315615,83,0.0106821106821,0.204528256574,37,37,37,1,0,0.0810810810811,0.918918918919,0,-140,-0.105105105105,18.0973668137,-7.56756756757,-9.60427807487,-4.31196911197,-0.0899876963818,0.192997179484,0.118128029019,-3.59431556617,0.0545932055924,0.00755523632022,-4.34450555211,-0.191928813066,-0.1000427212,5.20100917665,-0.0766063533031,19.8987960142,18.0973668137,5.20100917665,19.8987960142,-0.162916655773,-0.273163722042,-727,-0.093564993565,-0.365048571776,-0.324324324324,0.378378378378,-0.0540540540541,179,23,163,967,0.523391812865,0.976767676768,0.0232323232323,0.476608187135,0.886138613861,0.523391812865,0.658088235294,0.609150011919,0.500159489633,0.490410958904,46,186,0,0,0,0
130,WLNM_dir_neg,0.316857440166,0.336835400974,00:00:14,10,10,15,1233943450,threshold_sweep,0.4,0.5,0.118279569892,0.191304347826,22,22,164,350,0.118279569892,0.940860215054,0.0591397849462,0.881720430108,0.5,0.118279569892,0.191304347826,0.666666666667,0.640382317802,0.0730897009967,0.103442685121,0.0591397849462,342,156,186,0,342,0,156,0,186,37,342,0.256756756757,1.72528881811,18.4864864865,15.5454545455,9.77142857143,5.36771015539,0.290358590277,0.142642642643,9.50849154237,1.02869645341,0.544491860281,8.05331334643,0.871264894205,0.461830251304,0.640599570326,0.371299902718,2,1.72528881811,0.640599570326,2,0.344071394247,0.376569037657,810,0.104247104247,0.56957682835,37,37,37,1,0,0.405405405405,0.540540540541,0.0540540540541,37,0.117117117117,2.18481481481,8.43243243243,7.09090909091,4.45714285714,5.03620525429,0.597242289772,0.326923076923,6.00062559301,1.42322530091,0.680526680527,3.83793300225,0.910278981302,0.463617463617,1.318977792,0.603702328937,4.32037037037,2.18481481481,1.318977792,4.32037037037,0,0,0,0,0.160896782956,37,37,37,1,0,0.405405405405,0.540540540541,0.0540540540541,37,200,0.15015015015,20.0908241147,10.8108108108,5.88235294118,5.40540540541,5.2643340712,0.486950901586,0.263243243243,5.8805680917,1.08790509696,0.552432432432,3.74506682524,0.69283736267,0.368378378378,5.93835215752,0.29557533945,22.875442933,20.0908241147,5.93835215752,22.875442933,0.175312131161,0.102971954793,82,0.0105534105534,0.207743964004,37,37,37,1,0,0.0810810810811,0.918918918919,0,-142,-0.106606606607,18.3655352966,-7.67567567568,-9.66310160428,-4.36602316602,-0.103376084192,0.196592311309,0.120600600601,-3.62792345068,0.0592086435491,0.0079405721511,-4.30824652119,-0.178427531535,-0.0934518729256,5.2977525872,-0.075724563268,20.875442933,18.3655352966,5.2977525872,20.875442933,-0.168759263087,-0.273597082864,-728,-0.0936936936937,-0.361832864346,-0.324324324324,0.378378378378,-0.0540540540541,178,22,164,968,0.520467836257,0.977777777778,0.0222222222222,0.479532163743,0.89,0.520467836257,0.656826568266,0.609306657553,0.498245614035,0.489010989011,44,186,0,0,0,0
131,WLNM_dir_neg,0.316857440166,0.336835400974,00:00:14,10,10,15,1233943450,threshold_sweep,0.5,0.709677419355,0.118279569892,0.202764976959,22,9,164,363,0.118279569892,0.975806451613,0.0241935483871,0.881720430108,0.709677419355,0.118279569892,0.202764976959,0.689964157706,0.648148148148,0.118845500849,0.193627434838,0.0940860215054,342,156,186,0,342,0,156,0,186,37,342,0.256756756757,1.72528881811,18.4864864865,15.5454545455,9.77142857143,5.36771015539,0.290358590277,0.142642642643,9.50849154237,1.02869645341,0.544491860281,8.05331334643,0.871264894205,0.461830251304,0.640599570326,0.371299902718,2,1.72528881811,0.640599570326,2,0.344071394247,0.376569037657,810,0.104247104247,0.56957682835,37,37,37,1,0,0.405405405405,0.540540540541,0.0540540540541,37,0.117117117117,2.18481481481,8.43243243243,7.09090909091,4.45714285714,5.03620525429,0.597242289772,0.326923076923,6.00062559301,1.42322530091,0.680526680527,3.83793300225,0.910278981302,0.463617463617,1.318977792,0.603702328937,4.32037037037,2.18481481481,1.318977792,4.32037037037,0,0,0,0,0.160896782956,37,37,37,1,0,0.405405405405,0.540540540541,0.0540540540541,37,187,0.14039039039,2.57905121027,10.1081081081,8.13043478261,5.05405405405,4.82921539397,0.477756603146,0.259286023992,6.15063657928,1.21697087397,0.622633328516,3.2909467225,0.65114988627,0.351495880908,1.63387812897,0.633519071846,4.76881639797,2.57905121027,1.63387812897,4.76881639797,0.132748797609,0.061076102763,42,0.00540540540541,0.169334332128,37,37,37,1,0,0.378378378378,0.621621621622,0,-155,-0.116366366366,0.853762392153,-8.37837837838,-7.41501976285,-4.71737451737,-0.538494761427,0.187398012869,0.116643381349,-3.3578549631,0.18827442056,0.0781414682343,-4.76236662393,-0.220115007935,-0.110334370396,0.993278558645,0.262219169128,2.76881639797,0.853762392153,0.993278558645,2.76881639797,-0.211322596638,-0.315492934894,-768,-0.0988416988417,-0.400242496222,-0.027027027027,0.0810810810811,-0.0540540540541,178,9,164,981,0.520467836257,0.990909090909,0.00909090909091,0.479532163743,0.951871657754,0.520467836257,0.672967863894,0.643055168086,0.511376927166,0.507122507123,31,186,0,0,0,0
132,WLNM_dir_neg,0.316857440166,0.336835400974,00:00:14,10,10,15,1233943450,threshold_sweep,0.6,0.7,0.112903225806,0.194444444444,21,9,165,363,0.112903225806,0.975806451613,0.0241935483871,0.887096774194,0.7,0.112903225806,0.194444444444,0.688172043011,0.648745519713,0.112244897959,0.185404962177,0.0887096774194,342,156,186,0,342,0,156,0,186,37,342,0.256756756757,1.72528881811,18.4864864865,15.5454545455,9.77142857143,5.36771015539,0.290358590277,0.142642642643,9.50849154237,1.02869645341,0.544491860281,8.05331334643,0.871264894205,0.461830251304,0.640599570326,0.371299902718,2,1.72528881811,0.640599570326,2,0.344071394247,0.376569037657,810,0.104247104247,0.56957682835,37,37,37,1,0,0.405405405405,0.540540540541,0.0540540540541,37,0.117117117117,2.18481481481,8.43243243243,7.09090909091,4.45714285714,5.03620525429,0.597242289772,0.326923076923,6.00062559301,1.42322530091,0.680526680527,3.83793300225,0.910278981302,0.463617463617,1.318977792,0.603702328937,4.32037037037,2.18481481481,1.318977792,4.32037037037,0,0,0,0,0.160896782956,37,37,37,1,0,0.405405405405,0.540540540541,0.0540540540541,37,186,0.13963963964,2.57553386327,10.0540540541,8.08695652174,5.02702702703,4.87593834813,0.484972362583,0.263876780006,6.1575901062,1.22489695661,0.624818366754,3.31232116068,0.658902596479,0.355419936065,1.62817126403,0.632168455345,4.76855416741,2.57553386327,1.62817126403,4.76855416741,0.129883269744,0.0555284948855,38,0.0048906048906,0.169171994466,37,37,37,1,0,0.378378378378,0.621621621622,0,-156,-0.117117117117,0.850245045152,-8.43243243243,-7.45849802372,-4.7444015444,-0.491771807262,0.194613772306,0.121234137363,-3.35090143618,0.196200503194,0.0803265064725,-4.74099218576,-0.212362297726,-0.106410315239,0.987571693704,0.260868552627,2.76855416741,0.850245045152,0.987571693704,2.76855416741,-0.214188124503,-0.321040542771,-772,-0.0993564993565,-0.400404833884,-0.027027027027,0.0810810810811,-0.0540540540541,177,9,165,981,0.517543859649,0.990909090909,0.00909090909091,0.482456140351,0.951612903226,0.517543859649,0.670454545455,0.640814959082,0.508452950558,0.504273504274,30,186,0,0,0,0
133,WLNM_dir_neg,0.316857440166,0.336835400974,00:00:14,10,10,15,1233943450,threshold_sweep,0.7,0.7,0.112903225806,0.194444444444,21,9,165,363,0.112903225806,0.975806451613,0.0241935483871,0.887096774194,0.7,0.112903225806,0.194444444444,0.688172043011,0.648745519713,0.112244897959,0.185404962177,0.0887096774194,342,156,186,0,342,0,156,0,186,37,342,0.256756756757,1.72528881811,18.4864864865,15.5454545455,9.77142857143,5.36771015539,0.290358590277,0.142642642643,9.50849154237,1.02869645341,0.544491860281,8.05331334643,0.871264894205,0.461830251304,0.640599570326,0.371299902718,2,1.72528881811,0.640599570326,2,0.344071394247,0.376569037657,810,0.104247104247,0.56957682835,37,37,37,1,0,0.405405405405,0.540540540541,0.0540540540541,37,0.117117117117,2.18481481481,8.43243243243,7.09090909091,4.45714285714,5.03620525429,0.597242289772,0.326923076923,6.00062559301,1.42322530091,0.680526680527,3.83793300225,0.910278981302,0.463617463617,1.318977792,0.603702328937,4.32037037037,2.18481481481,1.318977792,4.32037037037,0,0,0,0,0.160896782956,37,37,37,1,0,0.405405405405,0.540540540541,0.0540540540541,37,186,0.13963963964,2.57553386327,10.0540540541,8.08695652174,5.02702702703,4.87593834813,0.484972362583,0.263876780006,6.1575901062,1.22489695661,0.624818366754,3.31232116068,0.658902596479,0.355419936065,1.62817126403,0.632168455345,4.76855416741,2.57553386327,1.62817126403,4.76855416741,0.129883269744,0.0555284948855,38,0.0048906048906,0.169171994466,37,37,37,1,0,0.378378378378,0.621621621622,0,-156,-0.117117117117,0.850245045152,-8.43243243243,-7.45849802372,-4.7444015444,-0.491771807262,0.194613772306,0.121234137363,-3.35090143618,0.196200503194,0.0803265064725,-4.74099218576,-0.212362297726,-0.106410315239,0.987571693704,0.260868552627,2.76855416741,0.850245045152,0.987571693704,2.76855416741,-0.214188124503,-0.321040542771,-772,-0.0993564993565,-0.400404833884,-0.027027027027,0.0810810810811,-0.0540540540541,177,9,165,981,0.517543859649,0.990909090909,0.00909090909091,0.482456140351,0.951612903226,0.517543859649,0.670454545455,0.640814959082,0.508452950558,0.504273504274,30,186,0,0,0,0
134,WLNM_dir_neg,0.316857440166,0.336835400974,00:00:14,10,10,15,1233943450,threshold_sweep,0.8,0.75,0.112903225806,0.196261682243,21,7,165,365,0.112903225806,0.981182795699,0.0188172043011,0.887096774194,0.75,0.112903225806,0.196261682243,0.691756272401,0.649940262843,0.119453924915,0.203159013843,0.0940860215054,342,156,186,0,342,0,156,0,186,37,342,0.256756756757,1.72528881811,18.4864864865,15.5454545455,9.77142857143,5.36771015539,0.290358590277,0.142642642643,9.50849154237,1.02869645341,0.544491860281,8.05331334643,0.871264894205,0.461830251304,0.640599570326,0.371299902718,2,1.72528881811,0.640599570326,2,0.344071394247,0.376569037657,810,0.104247104247,0.56957682835,37,37,37,1,0,0.405405405405,0.540540540541,0.0540540540541,37,0.117117117117,2.18481481481,8.43243243243,7.09090909091,4.45714285714,5.03620525429,0.597242289772,0.326923076923,6.00062559301,1.42322530091,0.680526680527,3.83793300225,0.910278981302,0.463617463617,1.318977792,0.603702328937,4.32037037037,2.18481481481,1.318977792,4.32037037037,0,0,0,0,0.160896782956,37,37,37,1,0,0.405405405405,0.540540540541,0.0540540540541,37,184,0.138138138138,2.56741902759,9.94594594595,8,4.97297297297,4.87593834813,0.490243801307,0.264982373678,6.1575901062,1.23821105396,0.627790834313,3.37051336748,0.677766274982,0.366039952996,1.61703189672,0.629827807361,4.75807320634,2.56741902759,1.61703189672,4.75807320634,0.126043715904,0.0543584720862,37,0.0047619047619,0.168793206587,37,37,37,1,0,0.378378378378,0.621621621622,0,-158,-0.118618618619,0.842130209471,-8.54054054054,-7.54545454545,-4.79845559846,-0.491771807262,0.19988521103,0.122339731035,-3.35090143618,0.209514600548,0.0832989740312,-4.68279997895,-0.193498619223,-0.0957902983075,0.976432326394,0.258527904643,2.75807320634,0.842130209471,0.976432326394,2.75807320634,-0.218027678343,-0.322210565571,-773,-0.0994851994852,-0.400783621763,-0.027027027027,0.0810810810811,-0.0540540540541,177,7,165,983,0.517543859649,0.992929292929,0.00707070707071,0.482456140351,0.961956521739,0.517543859649,0.673003802281,0.646284441394,0.510473152578,0.507163323782,28,186,0,0,0,0
135,WLNM_dir_neg,0.316857440166,0.336835400974,00:00:14,10,10,15,1233943450,threshold_sweep,0.9,0.681818181818,0.0806451612903,0.144230769231,15,7,171,365,0.0806451612903,0.981182795699,0.0188172043011,0.91935483871,0.681818181818,0.0806451612903,0.144230769231,0.681003584229,0.653524492234,0.0793103448276,0.149768025058,0.0618279569892,342,156,186,0,342,0,156,0,186,37,342,0.256756756757,1.72528881811,18.4864864865,15.5454545455,9.77142857143,5.36771015539,0.290358590277,0.142642642643,9.50849154237,1.02869645341,0.544491860281,8.05331334643,0.871264894205,0.461830251304,0.640599570326,0.371299902718,2,1.72528881811,0.640599570326,2,0.344071394247,0.376569037657,810,0.104247104247,0.56957682835,37,37,37,1,0,0.405405405405,0.540540540541,0.0540540540541,37,0.117117117117,2.18481481481,8.43243243243,7.09090909091,4.45714285714,5.03620525429,0.597242289772,0.326923076923,6.00062559301,1.42322530091,0.680526680527,3.83793300225,0.910278981302,0.463617463617,1.318977792,0.603702328937,4.32037037037,2.18481481481,1.318977792,4.32037037037,0,0,0,0,0.160896782956,37,37,37,1,0,0.405405405405,0.540540540541,0.0540540540541,37,178,0.133633633634,2.57218049663,9.62162162162,7.73913043478,4.81081081081,4.71611511116,0.490158031216,0.264196781051,5.96209246377,1.23931135483,0.631035529912,3.48678328229,0.724780794633,0.387792286669,1.62269580306,0.630863893566,4.76020942028,2.57218049663,1.62269580306,4.76020942028,0.0968814850394,0.0330882352941,21,0.0027027027027,0.167403495714,37,37,37,1,0,0.378378378378,0.621621621622,0,-164,-0.123123123123,0.846891678518,-8.86486486486,-7.80632411067,-4.96061776062,-0.65159504423,0.199799440939,0.121554138408,-3.5463990786,0.210614901414,0.0865436696306,-4.56653006414,-0.146484099572,-0.0740379646352,0.982096232733,0.259563990848,2.76020942028,0.846891678518,0.982096232733,2.76020942028,-0.247189909208,-0.343480802363,-789,-0.101544401544,-0.402173332636,-0.027027027027,0.0810810810811,-0.0540540540541,171,7,171,983,0.5,0.992929292929,0.00707070707071,0.5,0.960674157303,0.5,0.657692307692,0.63285231363,0.492929292929,0.489971346705,22,186,0,0,0,0
136,WLNM_dir_neg,0.498699271592,0.363111021674,00:00:14,10,10,16,1233943451,threshold_sweep,0.1,0.4375,0.112903225806,0.179487179487,21,27,165,345,0.112903225806,0.927419354839,0.0725806451613,0.887096774194,0.4375,0.112903225806,0.179487179487,0.655913978495,0.637992831541,0.049504950495,0.0677907680683,0.0403225806452,342,156,186,0,342,0,156,0,186,37,342,0.256756756757,1.72528881811,18.4864864865,15.5454545455,9.77142857143,5.36771015539,0.290358590277,0.142642642643,9.50849154237,1.02869645341,0.544491860281,8.05331334643,0.871264894205,0.461830251304,0.640599570326,0.371299902718,2,1.72528881811,0.640599570326,2,0.344071394247,0.376569037657,810,0.104247104247,0.56957682835,37,37,37,1,0,0.405405405405,0.540540540541,0.0540540540541,37,0.117117117117,2.21261261261,8.43243243243,7.09090909091,4.45714285714,5.04722443274,0.598549051319,0.327616077616,6.00525295579,1.42432281644,0.680873180873,3.83793300225,0.910278981302,0.463617463617,1.39215458577,0.629190386892,5.2,2.21261261261,1.39215458577,5.2,0,0,0,0,0.161113233172,37,37,37,1,0,0.405405405405,0.540540540541,0.0540540540541,37,204,0.153153153153,16.2513415317,11.027027027,6,5.51351351351,4.91305792131,0.445546919334,0.241785903551,5.6795032139,1.03010597507,0.535771065183,3.3716268874,0.611520562912,0.334128245893,4.93340634043,0.30356917494,20.1086639784,16.2513415317,4.93340634043,20.1086639784,0.155927582398,0.0890688259109,66,0.00849420849421,0.137282093516,37,37,37,1,0,0.0810810810811,0.918918918919,0,-138,-0.103603603604,14.5260527135,-7.45945945946,-9.54545454545,-4.25791505792,-0.454652234084,0.155188329057,0.099143260908,-3.82898832847,0.00140952165619,-0.0087207950985,-4.68168645903,-0.259744331293,-0.127702005411,4.2928067701,-0.0677307277782,18.1086639784,14.5260527135,4.2928067701,18.1086639784,-0.188143811849,-0.287500211746,-744,-0.0957528957529,-0.432294734834,-0.324324324324,0.378378378378,-0.0540540540541,177,27,165,963,0.517543859649,0.972727272727,0.0272727272727,0.482456140351,0.867647058824,0.517543859649,0.648351648352,0.594699179247,0.490271132376,0.479674796748,48,186,0,0,0,0
137,WLNM_dir_neg,0.498699271592,0.363111021674,00:00:14,10,10,16,1233943451,threshold_sweep,0.2,0.512195121951,0.112903225806,0.185022026432,21,20,165,352,0.112903225806,0.94623655914,0.0537634408602,0.887096774194,0.512195121951,0.112903225806,0.185022026432,0.668458781362,0.642174432497,0.0734557595993,0.106849005198,0.0591397849462,342,156,186,0,342,0,156,0,186,37,342,0.256756756757,1.72528881811,18.4864864865,15.5454545455,9.77142857143,5.36771015539,0.290358590277,0.142642642643,9.50849154237,1.02869645341,0.544491860281,8.05331334643,0.871264894205,0.461830251304,0.640599570326,0.371299902718,2,1.72528881811,0.640599570326,2,0.344071394247,0.376569037657,810,0.104247104247,0.56957682835,37,37,37,1,0,0.405405405405,0.540540540541,0.0540540540541,37,0.117117117117,2.21261261261,8.43243243243,7.09090909091,4.45714285714,5.04722443274,0.598549051319,0.327616077616,6.00525295579,1.42432281644,0.680873180873,3.83793300225,0.910278981302,0.463617463617,1.39215458577,0.629190386892,5.2,2.21261261261,1.39215458577,5.2,0,0,0,0,0.161113233172,37,37,37,1,0,0.405405405405,0.540540540541,0.0540540540541,37,197,0.147897897898,8.29285790511,10.6486486486,6.56666666667,5.32432432432,4.63810435545,0.435558023227,0.235011661408,5.83120939454,1.09520176446,0.572094937577,3.42421162098,0.643126040488,0.350665386198,3.98460400125,0.480486226442,12.1501803519,8.29285790511,3.98460400125,12.1501803519,0.155927582398,0.0890688259109,66,0.00849420849421,0.162563139913,37,37,37,1,0,0.189189189189,0.810810810811,0,-145,-0.108858858859,6.567569087,-7.83783783784,-8.97878787879,-4.4471042471,-0.729605799947,0.14519943295,0.092369018765,-3.67728214783,0.0665053110425,0.0276030772958,-4.62910172546,-0.228138853717,-0.111164865106,3.34400443092,0.109186323724,10.1501803519,6.567569087,3.34400443092,10.1501803519,-0.188143811849,-0.287500211746,-744,-0.0957528957529,-0.407013688437,-0.216216216216,0.27027027027,-0.0540540540541,177,20,165,970,0.517543859649,0.979797979798,0.020202020202,0.482456140351,0.89847715736,0.517543859649,0.656771799629,0.612004482091,0.497341839447,0.488950276243,41,186,0,0,0,0
138,WLNM_dir_neg,0.498699271592,0.363111021674,00:00:14,10,10,16,1233943451,threshold_sweep,0.3,0.551724137931,0.0860215053763,0.148837209302,16,13,170,359,0.0860215053763,0.965053763441,0.0349462365591,0.913978494624,0.551724137931,0.0860215053763,0.148837209302,0.672043010753,0.649342891278,0.0647359454855,0.108470531493,0.0510752688172,342,156,186,0,342,0,156,0,186,37,342,0.256756756757,1.72528881811,18.4864864865,15.5454545455,9.77142857143,5.36771015539,0.290358590277,0.142642642643,9.50849154237,1.02869645341,0.544491860281,8.05331334643,0.871264894205,0.461830251304,0.640599570326,0.371299902718,2,1.72528881811,0.640599570326,2,0.344071394247,0.376569037657,810,0.104247104247,0.56957682835,37,37,37,1,0,0.405405405405,0.540540540541,0.0540540540541,37,0.117117117117,2.21261261261,8.43243243243,7.09090909091,4.45714285714,5.04722443274,0.598549051319,0.327616077616,6.00525295579,1.42432281644,0.680873180873,3.83793300225,0.910278981302,0.463617463617,1.39215458577,0.629190386892,5.2,2.21261261261,1.39215458577,5.2,0,0,0,0,0.161113233172,37,37,37,1,0,0.405405405405,0.540540540541,0.0540540540541,37,185,0.138888888889,3.14765728537,10,8.04347826087,5,4.36526695124,0.436526695124,0.230533235939,5.90668171556,1.18133634311,0.613878743608,3.34995854037,0.669991708075,0.36084733382,2.36476660994,0.751278298602,7,3.14765728537,2.36476660994,7,0.123580691383,0.0459183673469,30,0.003861003861,0.170773805213,37,37,37,1,0,0.378378378378,0.621621621622,0,-157,-0.117867867868,1.42236846726,-8.48648648649,-7.50197628458,-4.77142857143,-1.00244320416,0.146168104847,0.087890593296,-3.60180982682,0.152639889696,0.0693868833271,-4.70335480606,-0.20127318613,-0.100982917484,1.72416703961,0.379978395884,5,1.42236846726,1.72416703961,5,-0.220490702865,-0.33065067031,-780,-0.100386100386,-0.398803023137,-0.027027027027,0.0810810810811,-0.0540540540541,172,13,170,977,0.502923976608,0.986868686869,0.0131313131313,0.497076023392,0.92972972973,0.502923976608,0.65275142315,0.618693214291,0.489792663477,0.484507042254,29,186,0,0,0,0
139,WLNM_dir_neg,0.498699271592,0.363111021674,00:00:14,10,10,16,1233943451,threshold_sweep,0.4,0.48,0.0645161290323,0.113744075829,12,13,174,359,0.0645161290323,0.965053763441,0.0349462365591,0.935483870968,0.48,0.0645161290323,0.113744075829,0.664874551971,0.651732377539,0.0377358490566,0.0673820281015,0.0295698924731,342,156,186,0,342,0,156,0,186,37,342,0.256756756757,1.72528881811,18.4864864865,15.5454545455,9.77142857143,5.36771015539,0.290358590277,0.142642642643,9.50849154237,1.02869645341,0.544491860281,8.05331334643,0.871264894205,0.461830251304,0.640599570326,0.371299902718,2,1.72528881811,0.640599570326,2,0.344071394247,0.376569037657,810,0.104247104247,0.56957682835,37,37,37,1,0,0.405405405405,0.540540540541,0.0540540540541,37,0.117117117117,2.21261261261,8.43243243243,7.09090909091,4.45714285714,5.04722443274,0.598549051319,0.327616077616,6.00525295579,1.42432281644,0.680873180873,3.83793300225,0.910278981302,0.463617463617,1.39215458577,0.629190386892,5.2,2.21261261261,1.39215458577,5.2,0,0,0,0,0.161113233172,37,37,37,1,0,0.405405405405,0.540540540541,0.0540540540541,37,181,0.135885885886,3.10155459687,9.78378378378,7.86956521739,4.89189189189,4.38517157358,0.448208144261,0.238614304913,5.90566481244,1.2072353484,0.62147230103,3.38118802086,0.691182081613,0.368523219352,2.30440661511,0.742984378686,7,3.10155459687,2.30440661511,7,0.117042509922,0.041313559322,26,0.0033462033462,0.164706044536,37,37,37,1,0,0.378378378378,0.621621621622,0,-161,-0.120870870871,1.37626577875,-8.7027027027,-7.67588932806,-4.87953667954,-0.982538581814,0.157849553984,0.09597166227,-3.60282672994,0.178538894984,0.076980440749,-4.67212532557,-0.180082812592,-0.093307031952,1.66380704479,0.371684475969,5,1.37626577875,1.66380704479,5,-0.227028884326,-0.335255478335,-784,-0.100900900901,-0.404870783814,-0.027027027027,0.0810810810811,-0.0540540540541,168,13,174,977,0.491228070175,0.986868686869,0.0131313131313,0.508771929825,0.92817679558,0.491228070175,0.642447418738,0.609494090184,0.478096757044,0.47323943662,25,186,0,0,0,0
140,WLNM_dir_neg,0.498699271592,0.363111021674,00:00:14,10,10,16,1233943451,threshold_sweep,0.5,0.48,0.0645161290323,0.113744075829,12,13,174,359,0.0645161290323,0.965053763441,0.0349462365591,0.935483870968,0.48,0.0645161290323,0.113744075829,0.664874551971,0.651732377539,0.0377358490566,0.0673820281015,0.0295698924731,342,156,186,0,342,0,156,0,186,37,342,0.256756756757,1.72528881811,18.4864864865,15.5454545455,9.77142857143,5.36771015539,0.290358590277,0.142642642643,9.50849154237,1.02869645341,0.544491860281,8.05331334643,0.871264894205,0.461830251304,0.640599570326,0.371299902718,2,1.72528881811,0.640599570326,2,0.344071394247,0.376569037657,810,0.104247104247,0.56957682835,37,37,37,1,0,0.405405405405,0.540540540541,0.0540540540541,37,0.117117117117,2.21261261261,8.43243243243,7.09090909091,4.45714285714,5.04722443274,0.598549051319,0.327616077616,6.00525295579,1.42432281644,0.680873180873,3.83793300225,0.910278981302,0.463617463617,1.39215458577,0.629190386892,5.2,2.21261261261,1.39215458577,5.2,0,0,0,0,0.161113233172,37,37,37,1,0,0.405405405405,0.540540540541,0.0540540540541,37,181,0.135885885886,3.10155459687,9.78378378378,7.86956521739,4.89189189189,4.38517157358,0.448208144261,0.238614304913,5.90566481244,1.2072353484,0.62147230103,3.38118802086,0.691182081613,0.368523219352,2.30440661511,0.742984378686,7,3.10155459687,2.30440661511,7,0.117042509922,0.041313559322,26,0.0033462033462,0.164706044536,37,37,37,1,0,0.378378378378,0.621621621622,0,-161,-0.120870870871,1.37626577875,-8.7027027027,-7.67588932806,-4.87953667954,-0.982538581814,0.157849553984,0.09597166227,-3.60282672994,0.178538894984,0.076980440749,-4.67212532557,-0.180082812592,-0.093307031952,1.66380704479,0.371684475969,5,1.37626577875,1.66380704479,5,-0.227028884326,-0.335255478335,-784,-0.100900900901,-0.404870783814,-0.027027027027,0.0810810810811,-0.0540540540541,168,13,174,977,0.491228070175,0.986868686869,0.0131313131313,0.508771929825,0.92817679558,0.491228070175,0.642447418738,0.609494090184,0.478096757044,0.47323943662,25,186,0,0,0,0
141,WLNM_dir_neg,0.498699271592,0.363111021674,00:00:14,10,10,16,1233943451,threshold_sweep,0.6,0.48,0.0645161290323,0.113744075829,12,13,174,359,0.0645161290323,0.965053763441,0.0349462365591,0.935483870968,0.48,0.0645161290323,0.113744075829,0.664874551971,0.651732377539,0.0377358490566,0.0673820281015,0.0295698924731,342,156,186,0,342,0,156,0,186,37,342,0.256756756757,1.72528881811,18.4864864865,15.5454545455,9.77142857143,5.36771015539,0.290358590277,0.142642642643,9.50849154237,1.02869645341,0.544491860281,8.05331334643,0.871264894205,0.461830251304,0.640599570326,0.371299902718,2,1.72528881811,0.640599570326,2,0.344071394247,0.376569037657,810,0.104247104247,0.56957682835,37,37,37,1,0,0.405405405405,0.540540540541,0.0540540540541,37,0.117117117117,2.21261261261,8.43243243243,7.09090909091,4.45714285714,5.04722443274,0.598549051319,0.327616077616,6.00525295579,1.42432281644,0.680873180873,3.83793300225,0.910278981302,0.463617463617,1.39215458577,0.629190386892,5.2,2.21261261261,1.39215458577,5.2,0,0,0,0,0.161113233172,37,37,37,1,0,0.405405405405,0.540540540541,0.0540540540541,37,181,0.135885885886,3.10155459687,9.78378378378,7.86956521739,4.89189189189,4.38517157358,0.448208144261,0.238614304913,5.90566481244,1.2072353484,0.62147230103,3.38118802086,0.691182081613,0.368523219352,2.30440661511,0.742984378686,7,3.10155459687,2.30440661511,7,0.117042509922,0.041313559322,26,0.0033462033462,0.164706044536,37,37,37,1,0,0.378378378378,0.621621621622,0,-161,-0.120870870871,1.37626577875,-8.7027027027,-7.67588932806,-4.87953667954,-0.982538581814,0.157849553984,0.09597166227,-3.60282672994,0.178538894984,0.076980440749,-4.67212532557,-0.180082812592,-0.093307031952,1.66380704479,0.371684475969,5,1.37626577875,1.66380704479,5,-0.227028884326,-0.335255478335,-784,-0.100900900901,-0.404870783814,-0.027027027027,0.0810810810811,-0.0540540540541,168,13,174,977,0.491228070175,0.986868686869,0.0131313131313,0.508771929825,0.92817679558,0.491228070175,0.642447418738,0.609494090184,0.478096757044,0.47323943662,25,186,0,0,0,0
142,WLNM_dir_neg,0.498699271592,0.363111021674,00:00:14,10,10,16,1233943451,threshold_sweep,0.7,0.48,0.0645161290323,0.113744075829,12,13,174,359,0.0645161290323,0.965053763441,0.0349462365591,0.935483870968,0.48,0.0645161290323,0.113744075829,0.664874551971,0.651732377539,0.0377358490566,0.0673820281015,0.0295698924731,342,156,186,0,342,0,156,0,186,37,342,0.256756756757,1.72528881811,18.4864864865,15.5454545455,9.77142857143,5.36771015539,0.290358590277,0.142642642643,9.50849154237,1.02869645341,0.544491860281,8.05331334643,0.871264894205,0.461830251304,0.640599570326,0.371299902718,2,1.72528881811,0.640599570326,2,0.344071394247,0.376569037657,810,0.104247104247,0.56957682835,37,37,37,1,0,0.405405405405,0.540540540541,0.0540540540541,37,0.117117117117,2.21261261261,8.43243243243,7.09090909091,4.45714285714,5.04722443274,0.598549051319,0.327616077616,6.00525295579,1.42432281644,0.680873180873,3.83793300225,0.910278981302,0.463617463617,1.39215458577,0.629190386892,5.2,2.21261261261,1.39215458577,5.2,0,0,0,0,0.161113233172,37,37,37,1,0,0.405405405405,0.540540540541,0.0540540540541,37,181,0.135885885886,3.10155459687,9.78378378378,7.86956521739,4.89189189189,4.38517157358,0.448208144261,0.238614304913,5.90566481244,1.2072353484,0.62147230103,3.38118802086,0.691182081613,0.368523219352,2.30440661511,0.742984378686,7,3.10155459687,2.30440661511,7,0.117042509922,0.041313559322,26,0.0033462033462,0.164706044536,37,37,37,1,0,0.378378378378,0.621621621622,0,-161,-0.120870870871,1.37626577875,-8.7027027027,-7.67588932806,-4.87953667954,-0.982538581814,0.157849553984,0.09597166227,-3.60282672994,0.178538894984,0.076980440749,-4.67212532557,-0.180082812592,-0.093307031952,1.66380704479,0.371684475969,5,1.37626577875,1.66380704479,5,-0.227028884326,-0.335255478335,-784,-0.100900900901,-0.404870783814,-0.027027027027,0.0810810810811,-0.0540540540541,168,13,174,977,0.491228070175,0.986868686869,0.0131313131313,0.508771929825,0.92817679558,0.491228070175,0.642447418738,0.609494090184,0.478096757044,0.47323943662,25,186,0,0,0,0
143,WLNM_dir_neg,0.498699271592,0.363111021674,00:00:14,10,10,16,1233943451,threshold_sweep,0.8,0.521739130435,0.0645161290323,0.114832535885,12,11,174,361,0.0645161290323,0.970430107527,0.0295698924731,0.935483870968,0.521739130435,0.0645161290323,0.114832535885,0.668458781362,0.652927120669,0.0447504302926,0.0828681312935,0.0349462365591,342,156,186,0,342,0,156,0,186,37,342,0.256756756757,1.72528881811,18.4864864865,15.5454545455,9.77142857143,5.36771015539,0.290358590277,0.142642642643,9.50849154237,1.02869645341,0.544491860281,8.05331334643,0.871264894205,0.461830251304,0.640599570326,0.371299902718,2,1.72528881811,0.640599570326,2,0.344071394247,0.376569037657,810,0.104247104247,0.56957682835,37,37,37,1,0,0.405405405405,0.540540540541,0.0540540540541,37,0.117117117117,2.21261261261,8.43243243243,7.09090909091,4.45714285714,5.04722443274,0.598549051319,0.327616077616,6.00525295579,1.42432281644,0.680873180873,3.83793300225,0.910278981302,0.463617463617,1.39215458577,0.629190386892,5.2,2.21261261261,1.39215458577,5.2,0,0,0,0,0.161113233172,37,37,37,1,0,0.405405405405,0.540540540541,0.0540540540541,37,179,0.134384384384,1,9.67567567568,7.78260869565,4.83783783784,4.33367981983,0.447894283055,0.239619507776,5.9184903927,1.22337510911,0.626906235845,3.4279368067,0.708567943285,0.377472444512,0,0,0,NaN,NaN,NaN,0.119461946165,0.0406724511931,25,0.0032175032175,0.163545861019,37,37,0,1,2,0.378378378378,0.621621621622,0,-163,-0.122372372372,-0.725288818115,-8.81081081081,-7.7628458498,-4.93359073359,-1.03403033557,0.157535692778,0.0969768651333,-3.59000114967,0.194678655692,0.0824143755634,-4.62537653973,-0.16269695092,-0.0843578067924,-0.640599570326,-0.371299902718,-2,NaN,NaN,NaN,-0.224609448083,-0.335896586464,-785,-0.10102960103,-0.406030967331,-0.027027027027,0.0810810810811,-0.0540540540541,168,11,174,979,0.491228070175,0.988888888889,0.0111111111111,0.508771929825,0.938547486034,0.491228070175,0.644913627639,0.614945358553,0.480116959064,0.475920679887,23,186,0,0,0,0
144,WLNM_dir_neg,0.498699271592,0.363111021674,00:00:14,10,10,16,1233943451,threshold_sweep,0.9,0.47619047619,0.0537634408602,0.0966183574879,10,11,176,361,0.0537634408602,0.970430107527,0.0295698924731,0.94623655914,0.47619047619,0.0537634408602,0.0966183574879,0.664874551971,0.654121863799,0.0310880829016,0.0599281293413,0.0241935483871,342,156,186,0,342,0,156,0,186,37,342,0.256756756757,1.72528881811,18.4864864865,15.5454545455,9.77142857143,5.36771015539,0.290358590277,0.142642642643,9.50849154237,1.02869645341,0.544491860281,8.05331334643,0.871264894205,0.461830251304,0.640599570326,0.371299902718,2,1.72528881811,0.640599570326,2,0.344071394247,0.376569037657,810,0.104247104247,0.56957682835,37,37,37,1,0,0.405405405405,0.540540540541,0.0540540540541,37,0.117117117117,2.21261261261,8.43243243243,7.09090909091,4.45714285714,5.04722443274,0.598549051319,0.327616077616,6.00525295579,1.42432281644,0.680873180873,3.83793300225,0.910278981302,0.463617463617,1.39215458577,0.629190386892,5.2,2.21261261261,1.39215458577,5.2,0,0,0,0,0.161113233172,37,37,37,1,0,0.405405405405,0.540540540541,0.0540540540541,37,177,0.132882882883,1,9.56756756757,7.69565217391,4.78378378378,4.34958836201,0.454617992639,0.244464803787,5.92609640646,1.23878851434,0.631546801038,3.46518506108,0.724360718982,0.385096961368,0,0,0,NaN,NaN,NaN,0.112980311742,0.0347682119205,21,0.0027027027027,0.161891542566,37,37,0,1,2,0.378378378378,0.621621621622,0,-165,-0.123873873874,-0.725288818115,-8.91891891892,-7.84980237154,-4.98764478764,-1.01812179338,0.164259402362,0.101822161144,-3.58239513592,0.210092060929,0.087054940757,-4.58812828536,-0.146904175223,-0.0767332899358,-0.640599570326,-0.371299902718,-2,NaN,NaN,NaN,-0.231091082505,-0.341800825736,-789,-0.101544401544,-0.407685285784,-0.027027027027,0.0810810810811,-0.0540540540541,166,11,176,979,0.485380116959,0.988888888889,0.0111111111111,0.514619883041,0.937853107345,0.485380116959,0.639691714836,0.610348341569,0.474269005848,0.470254957507,21,186,0,0,0,0
145,WLNM_dir_neg,0.489138917794,0.349461773153,00:00:14,10,10,17,1233943452,threshold_sweep,0.1,0.733333333333,0.0591397849462,0.109452736318,11,4,175,368,0.0591397849462,0.989247311828,0.010752688172,0.940860215054,0.733333333333,0.0591397849462,0.109452736318,0.679211469534,0.65770609319,0.0628272251309,0.141030148417,0.0483870967742,342,156,186,0,342,0,156,0,186,37,342,0.256756756757,1.72528881811,18.4864864865,15.5454545455,9.77142857143,5.36771015539,0.290358590277,0.142642642643,9.50849154237,1.02869645341,0.544491860281,8.05331334643,0.871264894205,0.461830251304,0.640599570326,0.371299902718,2,1.72528881811,0.640599570326,2,0.344071394247,0.376569037657,810,0.104247104247,0.56957682835,37,37,37,1,0,0.405405405405,0.540540540541,0.0540540540541,37,0.117117117117,2.22747747748,8.43243243243,7.09090909091,4.45714285714,5.03620525429,0.597242289772,0.326923076923,6.00525295579,1.42432281644,0.680873180873,3.83793300225,0.910278981302,0.463617463617,1.42084529335,0.637871901162,5.2,2.22747747748,1.42084529335,5.2,0,0,0,0,0.160752482811,37,37,37,1,0,0.405405405405,0.540540540541,0.0540540540541,37,171,0.128378378378,2.4196460359,9.24324324324,7.4347826087,4.88571428571,4.74578997876,0.513433418755,0.276118223487,5.91772925365,1.28044434143,0.641378220326,3.62362120408,0.784058389186,0.419155998103,1.42286331046,0.588046056883,4.48155446086,2.4196460359,1.42286331046,4.48155446086,0.062166578343,0.013460459899,8,0.0010296010296,0.165037385178,37,37,37,1,0,0.378378378378,0.567567567568,0.0540540540541,-171,-0.128378378378,0.694357217787,-9.24324324324,-8.11067193676,-4.88571428571,-0.621920176631,0.223074828478,0.133475580844,-3.59076228872,0.251747888018,0.0968863600443,-4.42969214236,-0.0872065050188,-0.0426742532006,0.782263740138,0.216746154165,2.48155446086,0.694357217787,0.782263740138,2.48155446086,-0.281904815904,-0.363108577758,-802,-0.103217503218,-0.404539443172,-0.027027027027,0.027027027027,0,167,4,175,986,0.488304093567,0.99595959596,0.0040404040404,0.511695906433,0.976608187135,0.488304093567,0.651072124756,0.632409509528,0.484263689527,0.482658959538,15,186,0,0,0,0
146,WLNM_dir_neg,0.489138917794,0.349461773153,00:00:14,10,10,17,1233943452,threshold_sweep,0.2,0.714285714286,0.0537634408602,0.1,10,4,176,368,0.0537634408602,0.989247311828,0.010752688172,0.94623655914,0.714285714286,0.0537634408602,0.1,0.677419354839,0.658303464755,0.0559440559441,0.12964074471,0.0430107526882,342,156,186,0,342,0,156,0,186,37,342,0.256756756757,1.72528881811,18.4864864865,15.5454545455,9.77142857143,5.36771015539,0.290358590277,0.142642642643,9.50849154237,1.02869645341,0.544491860281,8.05331334643,0.871264894205,0.461830251304,0.640599570326,0.371299902718,2,1.72528881811,0.640599570326,2,0.344071394247,0.376569037657,810,0.104247104247,0.56957682835,37,37,37,1,0,0.405405405405,0.540540540541,0.0540540540541,37,0.117117117117,2.22747747748,8.43243243243,7.09090909091,4.45714285714,5.03620525429,0.597242289772,0.326923076923,6.00525295579,1.42432281644,0.680873180873,3.83793300225,0.910278981302,0.463617463617,1.42084529335,0.637871901162,5.2,2.22747747748,1.42084529335,5.2,0,0,0,0,0.160752482811,37,37,37,1,0,0.405405405405,0.540540540541,0.0540540540541,37,170,0.127627627628,2.41463302596,9.18918918919,7.39130434783,4.85714285714,4.78329174104,0.520534689466,0.280604133545,5.92292842107,1.28910795047,0.643243243243,3.62444983917,0.788850847348,0.420349761526,1.41425752419,0.585702882792,4.42955665025,2.41463302596,1.41425752419,4.42955665025,0.0648692810458,0.0135363790186,8,0.0010296010296,0.163265002971,37,37,37,1,0,0.378378378378,0.567567567568,0.0540540540541,-172,-0.129129129129,0.689344207848,-9.2972972973,-8.15415019763,-4.91428571429,-0.584418414356,0.230176099189,0.137961490903,-3.58556312131,0.260411497053,0.0987513829619,-4.42886350727,-0.0824140468568,-0.0414804897777,0.773657953866,0.214402980074,2.42955665025,0.689344207848,0.773657953866,2.42955665025,-0.279202113202,-0.363032658638,-802,-0.103217503218,-0.406311825379,-0.027027027027,0.027027027027,0,166,4,176,986,0.485380116959,0.99595959596,0.0040404040404,0.514619883041,0.976470588235,0.485380116959,0.6484375,0.630165786252,0.481339712919,0.479768786127,14,186,0,0,0,0
147,WLNM_dir_neg,0.489138917794,0.349461773153,00:00:14,10,10,17,1233943452,threshold_sweep,0.3,0.666666666667,0.0430107526882,0.0808080808081,8,4,178,368,0.0430107526882,0.989247311828,0.010752688172,0.956989247312,0.666666666667,0.0430107526882,0.0808080808081,0.673835125448,0.659498207885,0.0421052631579,0.104828483672,0.0322580645161,342,156,186,0,342,0,156,0,186,37,342,0.256756756757,1.72528881811,18.4864864865,15.5454545455,9.77142857143,5.36771015539,0.290358590277,0.142642642643,9.50849154237,1.02869645341,0.544491860281,8.05331334643,0.871264894205,0.461830251304,0.640599570326,0.371299902718,2,1.72528881811,0.640599570326,2,0.344071394247,0.376569037657,810,0.104247104247,0.56957682835,37,37,37,1,0,0.405405405405,0.540540540541,0.0540540540541,37,0.117117117117,2.22747747748,8.43243243243,7.09090909091,4.45714285714,5.03620525429,0.597242289772,0.326923076923,6.00525295579,1.42432281644,0.680873180873,3.83793300225,0.910278981302,0.463617463617,1.42084529335,0.637871901162,5.2,2.22747747748,1.42084529335,5.2,0,0,0,0,0.160752482811,37,37,37,1,0,0.405405405405,0.540540540541,0.0540540540541,37,168,0.126126126126,2.41990956474,9.08108108108,7.30434782609,4.8,4.78062279984,0.526437629744,0.284749034749,5.91887092553,1.3035608586,0.646074646075,3.64839838982,0.803516312043,0.425675675676,1.42323182748,0.588134303951,4.50552362708,2.41990956474,1.42323182748,4.50552362708,0.0429751179751,0.00690051753882,4,0.000514800514801,0.161647900267,37,37,37,1,0,0.378378378378,0.567567567568,0.0540540540541,-174,-0.130630630631,0.694620746622,-9.40540540541,-8.24110671937,-4.97142857143,-0.587087355553,0.236079039467,0.142106392106,-3.58962061685,0.274864405183,0.101582785793,-4.40491495662,-0.0677485821621,-0.0361545756283,0.782632257154,0.216834401233,2.50552362708,0.694620746622,0.782632257154,2.50552362708,-0.301096276272,-0.369668520118,-806,-0.103732303732,-0.407928928083,-0.027027027027,0.027027027027,0,164,4,178,986,0.479532163743,0.99595959596,0.0040404040404,0.520467836257,0.97619047619,0.479532163743,0.643137254902,0.625665941151,0.475491759702,0.473988439306,12,186,0,0,0,0
148,WLNM_dir_neg,0.489138917794,0.349461773153,00:00:14,10,10,17,1233943452,threshold_sweep,0.4,0.7,0.0376344086022,0.0714285714286,7,3,179,369,0.0376344086022,0.991935483871,0.00806451612903,0.962365591398,0.7,0.0376344086022,0.0714285714286,0.673835125448,0.660692951016,0.0387323943662,0.105072098986,0.0295698924731,342,156,186,0,342,0,156,0,186,37,342,0.256756756757,1.72528881811,18.4864864865,15.5454545455,9.77142857143,5.36771015539,0.290358590277,0.142642642643,9.50849154237,1.02869645341,0.544491860281,8.05331334643,0.871264894205,0.461830251304,0.640599570326,0.371299902718,2,1.72528881811,0.640599570326,2,0.344071394247,0.376569037657,810,0.104247104247,0.56957682835,37,37,37,1,0,0.405405405405,0.540540540541,0.0540540540541,37,0.117117117117,2.22747747748,8.43243243243,7.09090909091,4.45714285714,5.03620525429,0.597242289772,0.326923076923,6.00525295579,1.42432281644,0.680873180873,3.83793300225,0.910278981302,0.463617463617,1.42084529335,0.637871901162,5.2,2.22747747748,1.42084529335,5.2,0,0,0,0,0.160752482811,37,37,37,1,0,0.405405405405,0.540540540541,0.0540540540541,37,166,0.124624624625,2.49005005005,8.97297297297,7.21739130435,4.74285714286,4.73454495342,0.52764507011,0.286551611853,5.94241636982,1.32451449207,0.65288179746,3.67137290111,0.818318056271,0.430478671443,1.52109806789,0.610870479433,4.72407407407,2.49005005005,1.52109806789,4.72407407407,0.0474796224796,0.00698080279232,4,0.000514800514801,0.159078730306,37,37,37,1,0,0.378378378378,0.567567567568,0.0540540540541,-176,-0.132132132132,0.764761231935,-9.51351351351,-8.32806324111,-5.02857142857,-0.633165201977,0.237286479832,0.14390896921,-3.56607517255,0.295818038654,0.108389937179,-4.38194044533,-0.0529468379342,-0.0313515798614,0.880498497561,0.239570576716,2.72407407407,0.764761231935,0.880498497561,2.72407407407,-0.296591771768,-0.369588234865,-806,-0.103732303732,-0.410498098044,-0.027027027027,0.027027027027,0,163,3,179,987,0.476608187135,0.99696969697,0.0030303030303,0.523391812865,0.981927710843,0.476608187135,0.641732283465,0.626352397194,0.473577884104,0.472463768116,10,186,0,0,0,0
149,WLNM_dir_neg,0.489138917794,0.349461773153,00:00:14,10,10,17,1233943452,threshold_sweep,0.5,0.7,0.0376344086022,0.0714285714286,7,3,179,369,0.0376344086022,0.991935483871,0.00806451612903,0.962365591398,0.7,0.0376344086022,0.0714285714286,0.673835125448,0.660692951016,0.0387323943662,0.105072098986,0.0295698924731,342,156,186,0,342,0,156,0,186,37,342,0.256756756757,1.72528881811,18.4864864865,15.5454545455,9.77142857143,5.36771015539,0.290358590277,0.142642642643,9.50849154237,1.02869645341,0.544491860281,8.05331334643,0.871264894205,0.461830251304,0.640599570326,0.371299902718,2,1.72528881811,0.640599570326,2,0.344071394247,0.376569037657,810,0.104247104247,0.56957682835,37,37,37,1,0,0.405405405405,0.540540540541,0.0540540540541,37,0.117117117117,2.22747747748,8.43243243243,7.09090909091,4.45714285714,5.03620525429,0.597242289772,0.326923076923,6.00525295579,1.42432281644,0.680873180873,3.83793300225,0.910278981302,0.463617463617,1.42084529335,0.637871901162,5.2,2.22747747748,1.42084529335,5.2,0,0,0,0,0.160752482811,37,37,37,1,0,0.405405405405,0.540540540541,0.0540540540541,37,166,0.124624624625,2.49005005005,8.97297297297,7.21739130435,4.74285714286,4.73454495342,0.52764507011,0.286551611853,5.94241636982,1.32451449207,0.65288179746,3.67137290111,0.818318056271,0.430478671443,1.52109806789,0.610870479433,4.72407407407,2.49005005005,1.52109806789,4.72407407407,0.0474796224796,0.00698080279232,4,0.000514800514801,0.159078730306,37,37,37,1,0,0.378378378378,0.567567567568,0.0540540540541,-176,-0.132132132132,0.764761231935,-9.51351351351,-8.32806324111,-5.02857142857,-0.633165201977,0.237286479832,0.14390896921,-3.56607517255,0.295818038654,0.108389937179,-4.38194044533,-0.0529468379342,-0.0313515798614,0.880498497561,0.239570576716,2.72407407407,0.764761231935,0.880498497561,2.72407407407,-0.296591771768,-0.369588234865,-806,-0.103732303732,-0.410498098044,-0.027027027027,0.027027027027,0,163,3,179,987,0.476608187135,0.99696969697,0.0030303030303,0.523391812865,0.981927710843,0.476608187135,0.641732283465,0.626352397194,0.473577884104,0.472463768116,10,186,0,0,0,0
150,WLNM_dir_neg,0.489138917794,0.349461773153,00:00:14,10,10,17,1233943452,threshold_sweep,0.6,0.777777777778,0.0376344086022,0.0717948717949,7,2,179,370,0.0376344086022,0.994623655914,0.00537634408602,0.962365591398,0.777777777778,0.0376344086022,0.0717948717949,0.675627240143,0.661290322581,0.042328042328,0.120714328057,0.0322580645161,342,156,186,0,342,0,156,0,186,37,342,0.256756756757,1.72528881811,18.4864864865,15.5454545455,9.77142857143,5.36771015539,0.290358590277,0.142642642643,9.50849154237,1.02869645341,0.544491860281,8.05331334643,0.871264894205,0.461830251304,0.640599570326,0.371299902718,2,1.72528881811,0.640599570326,2,0.344071394247,0.376569037657,810,0.104247104247,0.56957682835,37,37,37,1,0,0.405405405405,0.540540540541,0.0540540540541,37,0.117117117117,2.22747747748,8.43243243243,7.09090909091,4.45714285714,5.03620525429,0.597242289772,0.326923076923,6.00525295579,1.42432281644,0.680873180873,3.83793300225,0.910278981302,0.463617463617,1.42084529335,0.637871901162,5.2,2.22747747748,1.42084529335,5.2,0,0,0,0,0.160752482811,37,37,37,1,0,0.405405405405,0.540540540541,0.0540540540541,37,165,0.123873873874,2.12836836837,8.91891891892,7.5,4.71428571429,4.72216039529,0.52945434735,0.287796887797,5.9609590699,1.33669991264,0.658149058149,3.69379806488,0.828306232732,0.435380835381,1.22909655651,0.577483002836,4.37962962963,2.12836836837,1.22909655651,4.37962962963,0.0474796224796,0.00705882352941,4,0.000514800514801,0.172786084131,37,37,37,1,0,0.405405405405,0.540540540541,0.0540540540541,-177,-0.132882882883,0.403079550253,-9.56756756757,-8.04545454545,-5.05714285714,-0.645549760108,0.239095757073,0.145154245154,-3.54753247247,0.30800345923,0.113657197868,-4.35951528155,-0.0429586614732,-0.0264494159231,0.588496986181,0.206183100119,2.37962962963,0.403079550253,0.588496986181,2.37962962963,-0.296591771768,-0.369510214127,-806,-0.103732303732,-0.396790744219,0,0,0,163,2,179,988,0.476608187135,0.99797979798,0.0020202020202,0.523391812865,0.987878787879,0.476608187135,0.642998027613,0.629317761825,0.474587985114,0.473837209302,9,186,0,0,0,0
151,WLNM_dir_neg,0.489138917794,0.349461773153,00:00:14,10,10,17,1233943452,threshold_sweep,0.7,0.714285714286,0.0268817204301,0.0518134715026,5,2,181,370,0.0268817204301,0.994623655914,0.00537634408602,0.97311827957,0.714285714286,0.0268817204301,0.0518134715026,0.672043010753,0.662485065711,0.0283185840708,0.0910856935963,0.0215053763441,342,156,186,0,342,0,156,0,186,37,342,0.256756756757,1.72528881811,18.4864864865,15.5454545455,9.77142857143,5.36771015539,0.290358590277,0.142642642643,9.50849154237,1.02869645341,0.544491860281,8.05331334643,0.871264894205,0.461830251304,0.640599570326,0.371299902718,2,1.72528881811,0.640599570326,2,0.344071394247,0.376569037657,810,0.104247104247,0.56957682835,37,37,37,1,0,0.405405405405,0.540540540541,0.0540540540541,37,0.117117117117,2.22747747748,8.43243243243,7.09090909091,4.45714285714,5.03620525429,0.597242289772,0.326923076923,6.00525295579,1.42432281644,0.680873180873,3.83793300225,0.910278981302,0.463617463617,1.42084529335,0.637871901162,5.2,2.22747747748,1.42084529335,5.2,0,0,0,0,0.160752482811,37,37,37,1,0,0.405405405405,0.540540540541,0.0540540540541,37,163,0.122372372372,2.12586586587,8.81081081081,7.40909090909,4.65714285714,4.8006818835,0.544862667759,0.296468247388,5.94633154633,1.34978078045,0.660586967335,3.73020299909,0.846733196112,0.442712651302,1.22533434844,0.576393067931,4.37962962963,2.12586586587,1.22533434844,4.37962962963,0.0483805233805,0.00714285714286,4,0.000514800514801,0.171162707507,37,37,37,1,0,0.405405405405,0.540540540541,0.0540540540541,-179,-0.134384384384,0.400577047751,-9.67567567568,-8.13636363636,-5.11428571429,-0.567028271895,0.254504077482,0.153825604746,-3.56215999605,0.32108432704,0.116095107054,-4.32311034734,-0.0245316980926,-0.0191176000023,0.584734778111,0.205093165214,2.37962962963,0.400577047751,0.584734778111,2.37962962963,-0.295690870867,-0.369426180514,-806,-0.103732303732,-0.398414120843,0,0,0,161,2,181,988,0.470760233918,0.99797979798,0.0020202020202,0.529239766082,0.98773006135,0.470760233918,0.637623762376,0.624829661338,0.468740031898,0.468023255814,7,186,0,0,0,0
152,WLNM_dir_neg,0.489138917794,0.349461773153,00:00:14,10,10,17,1233943452,threshold_sweep,0.8,0.8,0.0215053763441,0.0418848167539,4,1,182,371,0.0215053763441,0.997311827957,0.00268817204301,0.978494623656,0.8,0.0215053763441,0.0418848167539,0.672043010753,0.663679808841,0.0248667850799,0.0941316073042,0.0188172043011,342,156,186,0,342,0,156,0,186,37,342,0.256756756757,1.72528881811,18.4864864865,15.5454545455,9.77142857143,5.36771015539,0.290358590277,0.142642642643,9.50849154237,1.02869645341,0.544491860281,8.05331334643,0.871264894205,0.461830251304,0.640599570326,0.371299902718,2,1.72528881811,0.640599570326,2,0.344071394247,0.376569037657,810,0.104247104247,0.56957682835,37,37,37,1,0,0.405405405405,0.540540540541,0.0540540540541,37,0.117117117117,2.22747747748,8.43243243243,7.09090909091,4.45714285714,5.03620525429,0.597242289772,0.326923076923,6.00525295579,1.42432281644,0.680873180873,3.83793300225,0.910278981302,0.463617463617,1.42084529335,0.637871901162,5.2,2.22747747748,1.42084529335,5.2,0,0,0,0,0.160752482811,37,37,37,1,0,0.405405405405,0.540540540541,0.0540540540541,37,161,0.120870870871,2.20396396396,8.7027027027,7.31818181818,4.6,4.84690545529,0.556942552316,0.303844216888,5.97316320543,1.37271452547,0.668457277153,3.77282841304,0.867047523493,0.451233842538,1.42444777379,0.646311735165,5.2,2.20396396396,1.42444777379,5.2,0.0544881015469,0.0054347826087,3,0.0003861003861,0.170183527957,37,37,37,1,0,0.405405405405,0.540540540541,0.0540540540541,-181,-0.135885885886,0.478675145849,-9.78378378378,-8.22727272727,-5.17142857143,-0.520804700106,0.266583962038,0.161201574245,-3.53532833695,0.344018072056,0.123965416872,-4.2804849334,-0.00421737071144,-0.0105964087657,0.783848203464,0.275011832447,3.2,0.478675145849,0.783848203464,3.2,-0.2895832927,-0.371134255048,-807,-0.103861003861,-0.399393300393,0,0,0,160,1,182,989,0.46783625731,0.99898989899,0.0010101010101,0.53216374269,0.993788819876,0.46783625731,0.636182902584,0.625596695978,0.4668261563,0.466472303207,5,186,0,0,0,0
153,WLNM_dir_neg,0.489138917794,0.349461773153,00:00:14,10,10,17,1233943452,threshold_sweep,0.9,1,0.0161290322581,0.031746031746,3,0,183,372,0.0161290322581,1,0,0.983870967742,1,0.0161290322581,0.031746031746,0.672043010753,0.664874551971,0.0213903743316,0.103975048982,0.0161290322581,342,156,186,0,342,0,156,0,186,37,342,0.256756756757,1.72528881811,18.4864864865,15.5454545455,9.77142857143,5.36771015539,0.290358590277,0.142642642643,9.50849154237,1.02869645341,0.544491860281,8.05331334643,0.871264894205,0.461830251304,0.640599570326,0.371299902718,2,1.72528881811,0.640599570326,2,0.344071394247,0.376569037657,810,0.104247104247,0.56957682835,37,37,37,1,0,0.405405405405,0.540540540541,0.0540540540541,37,0.117117117117,2.22747747748,8.43243243243,7.09090909091,4.45714285714,5.03620525429,0.597242289772,0.326923076923,6.00525295579,1.42432281644,0.680873180873,3.83793300225,0.910278981302,0.463617463617,1.42084529335,0.637871901162,5.2,2.22747747748,1.42084529335,5.2,0,0,0,0,0.160752482811,37,37,37,1,0,0.405405405405,0.540540540541,0.0540540540541,37,159,0.119369369369,2.20933333333,8.59459459459,7.22727272727,4.54285714286,4.86175242445,0.565675596555,0.309026007139,5.9808252165,1.39176435856,0.673125956145,3.79959694401,0.884182936657,0.455889852116,1.43260050555,0.648431128041,5.2,2.20933333333,1.43260050555,5.2,0.0333333333333,0.00184388444991,1,0.0001287001287,0.166385342016,37,37,37,1,0,0.405405405405,0.540540540541,0.0540540540541,-183,-0.137387387387,0.484044515218,-9.89189189189,-8.31818181818,-5.22857142857,-0.505957730944,0.275317006278,0.166383364497,-3.52766632588,0.363067905141,0.128634095863,-4.25371640242,0.0129180424517,-0.00594039918767,0.792000935225,0.277131225323,3.2,0.484044515218,0.792000935225,3.2,-0.310738060914,-0.374725153207,-809,-0.104118404118,-0.403191486334,0,0,0,159,0,183,990,0.464912280702,1,0,0.535087719298,1,0.464912280702,0.634730538922,0.626403391415,0.464912280702,0.464912280702,3,186,0,0,0,0
154,WLNM_dir_neg,0.733719216094,0.609103722464,00:00:14,10,10,18,1233943453,threshold_sweep,0.1,0.830508474576,0.52688172043,0.644736842105,98,20,88,352,0.52688172043,0.94623655914,0.0537634408602,0.47311827957,0.830508474576,0.52688172043,0.644736842105,0.806451612903,0.596176821983,0.520710059172,0.546173127081,0.47311827957,342,156,186,0,342,0,156,0,186,37,342,0.256756756757,1.72528881811,18.4864864865,15.5454545455,9.77142857143,5.36771015539,0.290358590277,0.142642642643,9.50849154237,1.02869645341,0.544491860281,8.05331334643,0.871264894205,0.461830251304,0.640599570326,0.371299902718,2,1.72528881811,0.640599570326,2,0.344071394247,0.376569037657,810,0.104247104247,0.56957682835,37,37,37,1,0,0.405405405405,0.540540540541,0.0540540540541,37,0.117117117117,2.22747747748,8.43243243243,7.09090909091,4.45714285714,5.03620525429,0.597242289772,0.326923076923,6.00525295579,1.42432281644,0.680873180873,3.83793300225,0.910278981302,0.463617463617,1.42084529335,0.637871901162,5.2,2.22747747748,1.42084529335,5.2,0,0,0,0,0.160752482811,37,37,37,1,0,0.405405405405,0.540540540541,0.0540540540541,37,274,0.205705705706,9.13552159281,14.8108108108,8.83870967742,7.40540540541,6.94757286891,0.469087949178,0.236733083448,8.52922902423,1.151757204,0.589070822647,5.83790040007,0.788329616067,0.413888340896,4.56834533457,0.500063985199,16.5376759511,9.13552159281,4.56834533457,16.5376759511,0.355094192123,0.300284629981,422,0.0543114543115,0.250248785152,37,37,37,1,0,0.162162162162,0.837837837838,0,-68,-0.0510510510511,7.41023277469,-3.67567567568,-6.70674486804,-2.36602316602,1.57986271351,0.178729358901,0.0940904408058,-0.979262518146,0.123060750587,0.0445789623661,-2.21541294637,-0.0829352781377,-0.0479419104083,3.92774576425,0.128764082482,14.5376759511,7.41023277469,3.92774576425,14.5376759511,0.0110227978756,-0.0762844076759,-388,-0.0499356499356,-0.319328043198,-0.243243243243,0.297297297297,-0.0540540540541,254,20,88,970,0.74269005848,0.979797979798,0.020202020202,0.25730994152,0.92700729927,0.74269005848,0.824675324675,0.780806097623,0.722488038278,0.701657458564,118,186,0,0,0,0
155,WLNM_dir_neg,0.733719216094,0.609103722464,00:00:14,10,10,18,1233943453,threshold_sweep,0.2,0.894230769231,0.5,0.641379310345,93,11,93,361,0.5,0.970430107527,0.0295698924731,0.5,0.894230769231,0.5,0.641379310345,0.813620071685,0.604540023895,0.528700906344,0.56947997169,0.470430107527,342,156,186,0,342,0,156,0,186,37,342,0.256756756757,1.72528881811,18.4864864865,15.5454545455,9.77142857143,5.36771015539,0.290358590277,0.142642642643,9.50849154237,1.02869645341,0.544491860281,8.05331334643,0.871264894205,0.461830251304,0.640599570326,0.371299902718,2,1.72528881811,0.640599570326,2,0.344071394247,0.376569037657,810,0.104247104247,0.56957682835,37,37,37,1,0,0.405405405405,0.540540540541,0.0540540540541,37,0.117117117117,2.22747747748,8.43243243243,7.09090909091,4.45714285714,5.03620525429,0.597242289772,0.326923076923,6.00525295579,1.42432281644,0.680873180873,3.83793300225,0.910278981302,0.463617463617,1.42084529335,0.637871901162,5.2,2.22747747748,1.42084529335,5.2,0,0,0,0,0.160752482811,37,37,37,1,0,0.405405405405,0.540540540541,0.0540540540541,37,260,0.195195195195,1,14.0540540541,11.3043478261,7.02702702703,6.12347915788,0.435709093926,0.226091476091,8.45079380389,1.2026129644,0.620166320166,5.93710781856,0.844896112642,0.439293139293,0,0,0,NaN,NaN,NaN,0.322965663585,0.273615635179,364,0.0468468468468,0.330321757498,37,37,0,1,2,0.378378378378,0.621621621622,0,-82,-0.0615615615616,-0.725288818115,-4.43243243243,-4.24110671937,-2.7444015444,0.755769002487,0.145350503649,0.0834488334488,-1.05769773848,0.173916510985,0.075674459885,-2.11620552787,-0.0263687815631,-0.0225371120108,-0.640599570326,-0.371299902718,-2,NaN,NaN,NaN,-0.0211057306626,-0.102953402478,-446,-0.0574002574003,-0.239255070852,-0.027027027027,0.0810810810811,-0.0540540540541,249,11,93,979,0.728070175439,0.988888888889,0.0111111111111,0.271929824561,0.957692307692,0.728070175439,0.827242524917,0.79020712904,0.716959064327,0.705382436261,104,186,0,0,0,0
156,WLNM_dir_neg,0.733719216094,0.609103722464,00:00:14,10,10,18,1233943453,threshold_sweep,0.3,0.902912621359,0.5,0.643598615917,93,10,93,362,0.5,0.97311827957,0.0268817204301,0.5,0.902912621359,0.5,0.643598615917,0.81541218638,0.60513739546,0.532526475038,0.574874916235,0.47311827957,342,156,186,0,342,0,156,0,186,37,342,0.256756756757,1.72528881811,18.4864864865,15.5454545455,9.77142857143,5.36771015539,0.290358590277,0.142642642643,9.50849154237,1.02869645341,0.544491860281,8.05331334643,0.871264894205,0.461830251304,0.640599570326,0.371299902718,2,1.72528881811,0.640599570326,2,0.344071394247,0.376569037657,810,0.104247104247,0.56957682835,37,37,37,1,0,0.405405405405,0.540540540541,0.0540540540541,37,0.117117117117,2.22747747748,8.43243243243,7.09090909091,4.45714285714,5.03620525429,0.597242289772,0.326923076923,6.00525295579,1.42432281644,0.680873180873,3.83793300225,0.910278981302,0.463617463617,1.42084529335,0.637871901162,5.2,2.22747747748,1.42084529335,5.2,0,0,0,0,0.160752482811,37,37,37,1,0,0.405405405405,0.540540540541,0.0540540540541,37,259,0.194444444444,1,14,11.2608695652,7,6.11464544261,0.436760388758,0.226860064698,8.39973544557,1.19996220651,0.619012835229,5.96284794,0.85183542,0.442867578003,0,0,0,NaN,NaN,NaN,0.322965663585,0.273615635179,364,0.0468468468468,0.331529581064,37,37,0,1,2,0.378378378378,0.621621621622,0,-83,-0.0623123123123,-0.725288818115,-4.48648648649,-4.28458498024,-2.77142857143,0.746935287221,0.146401798481,0.0842174220553,-1.10875609681,0.171265753095,0.0745209749477,-2.09046540643,-0.019429474205,-0.0189626733012,-0.640599570326,-0.371299902718,-2,NaN,NaN,NaN,-0.0211057306626,-0.102953402478,-446,-0.0574002574003,-0.238047247286,-0.027027027027,0.0810810810811,-0.0540540540541,249,10,93,980,0.728070175439,0.989898989899,0.010101010101,0.271929824561,0.96138996139,0.728070175439,0.828618968386,0.792477061493,0.717969165338,0.707386363636,103,186,0,0,0,0
157,WLNM_dir_neg,0.733719216094,0.609103722464,00:00:14,10,10,18,1233943453,threshold_sweep,0.4,0.911764705882,0.5,0.645833333333,93,9,93,363,0.5,0.975806451613,0.0241935483871,0.5,0.911764705882,0.5,0.645833333333,0.817204301075,0.605734767025,0.536363636364,0.580330988081,0.475806451613,342,156,186,0,342,0,156,0,186,37,342,0.256756756757,1.72528881811,18.4864864865,15.5454545455,9.77142857143,5.36771015539,0.290358590277,0.142642642643,9.50849154237,1.02869645341,0.544491860281,8.05331334643,0.871264894205,0.461830251304,0.640599570326,0.371299902718,2,1.72528881811,0.640599570326,2,0.344071394247,0.376569037657,810,0.104247104247,0.56957682835,37,37,37,1,0,0.405405405405,0.540540540541,0.0540540540541,37,0.117117117117,2.22747747748,8.43243243243,7.09090909091,4.45714285714,5.03620525429,0.597242289772,0.326923076923,6.00525295579,1.42432281644,0.680873180873,3.83793300225,0.910278981302,0.463617463617,1.42084529335,0.637871901162,5.2,2.22747747748,1.42084529335,5.2,0,0,0,0,0.160752482811,37,37,37,1,0,0.405405405405,0.540540540541,0.0540540540541,37,258,0.193693693694,1,13.9459459459,11.2173913043,6.97297297297,6.10530709914,0.437783648582,0.227425099518,8.41125729301,1.20626558078,0.620574062435,5.97906759029,0.857463181553,0.44479363084,0,0,0,NaN,NaN,NaN,0.32154733989,0.274034822104,362,0.0465894465894,0.33056375288,37,37,0,1,2,0.378378378378,0.621621621622,0,-84,-0.0630630630631,-0.725288818115,-4.54054054054,-4.32806324111,-2.79845559846,0.737596943744,0.147425058304,0.0847824568755,-1.09723424936,0.177569127366,0.0760822021532,-2.07424575614,-0.0138017126517,-0.0170366204638,-0.640599570326,-0.371299902718,-2,NaN,NaN,NaN,-0.0225240543571,-0.102534215552,-448,-0.0576576576577,-0.23901307547,-0.027027027027,0.0810810810811,-0.0540540540541,249,9,93,981,0.728070175439,0.990909090909,0.00909090909091,0.271929824561,0.96511627907,0.728070175439,0.83,0.794758210465,0.718979266348,0.709401709402,102,186,0,0,0,0
158,WLNM_dir_neg,0.733719216094,0.609103722464,00:00:14,10,10,18,1233943453,threshold_sweep,0.5,0.92,0.494623655914,0.643356643357,92,8,94,364,0.494623655914,0.978494623656,0.0215053763441,0.505376344086,0.92,0.494623655914,0.643356643357,0.817204301075,0.606929510155,0.534954407295,0.5815203684,0.47311827957,342,156,186,0,342,0,156,0,186,37,342,0.256756756757,1.72528881811,18.4864864865,15.5454545455,9.77142857143,5.36771015539,0.290358590277,0.142642642643,9.50849154237,1.02869645341,0.544491860281,8.05331334643,0.871264894205,0.461830251304,0.640599570326,0.371299902718,2,1.72528881811,0.640599570326,2,0.344071394247,0.376569037657,810,0.104247104247,0.56957682835,37,37,37,1,0,0.405405405405,0.540540540541,0.0540540540541,37,0.117117117117,2.22747747748,8.43243243243,7.09090909091,4.45714285714,5.03620525429,0.597242289772,0.326923076923,6.00525295579,1.42432281644,0.680873180873,3.83793300225,0.910278981302,0.463617463617,1.42084529335,0.637871901162,5.2,2.22747747748,1.42084529335,5.2,0,0,0,0,0.160752482811,37,37,37,1,0,0.405405405405,0.540540540541,0.0540540540541,37,256,0.192192192192,1,13.8378378378,11.1304347826,6.91891891892,6.06682011488,0.438422547364,0.226879222973,8.37780924154,1.21085524194,0.62183277027,6.01562030781,0.869445122613,0.449113175676,0,0,0,NaN,NaN,NaN,0.323506700784,0.264479753972,344,0.0442728442728,0.332041251212,37,37,0,1,2,0.378378378378,0.621621621622,0,-86,-0.0645645645646,-0.725288818115,-4.64864864865,-4.41501976285,-2.85250965251,0.699109959486,0.148063957087,0.0842365803303,-1.13068230083,0.182158788527,0.0773409099889,-2.03769303863,-0.00181977159229,-0.0127170756283,-0.640599570326,-0.371299902718,-2,NaN,NaN,NaN,-0.0205646934632,-0.112089283685,-466,-0.0599742599743,-0.237535577138,-0.027027027027,0.0810810810811,-0.0540540540541,248,8,94,982,0.72514619883,0.991919191919,0.00808080808081,0.27485380117,0.96875,0.72514619883,0.829431438127,0.794992979998,0.71706539075,0.708571428571,100,186,0,0,0,0
159,WLNM_dir_neg,0.733719216094,0.609103722464,00:00:14,10,10,18,1233943453,threshold_sweep,0.6,0.92,0.494623655914,0.643356643357,92,8,94,364,0.494623655914,0.978494623656,0.0215053763441,0.505376344086,0.92,0.494623655914,0.643356643357,0.817204301075,0.606929510155,0.534954407295,0.5815203684,0.47311827957,342,156,186,0,342,0,156,0,186,37,342,0.256756756757,1.72528881811,18.4864864865,15.5454545455,9.77142857143,5.36771015539,0.290358590277,0.142642642643,9.50849154237,1.02869645341,0.544491860281,8.05331334643,0.871264894205,0.461830251304,0.640599570326,0.371299902718,2,1.72528881811,0.640599570326,2,0.344071394247,0.376569037657,810,0.104247104247,0.56957682835,37,37,37,1,0,0.405405405405,0.540540540541,0.0540540540541,37,0.117117117117,2.22747747748,8.43243243243,7.09090909091,4.45714285714,5.03620525429,0.597242289772,0.326923076923,6.00525295579,1.42432281644,0.680873180873,3.83793300225,0.910278981302,0.463617463617,1.42084529335,0.637871901162,5.2,2.22747747748,1.42084529335,5.2,0,0,0,0,0.160752482811,37,37,37,1,0,0.405405405405,0.540540540541,0.0540540540541,37,256,0.192192192192,1,13.8378378378,11.1304347826,6.91891891892,6.06682011488,0.438422547364,0.226879222973,8.37780924154,1.21085524194,0.62183277027,6.01562030781,0.869445122613,0.449113175676,0,0,0,NaN,NaN,NaN,0.323506700784,0.264479753972,344,0.0442728442728,0.332041251212,37,37,0,1,2,0.378378378378,0.621621621622,0,-86,-0.0645645645646,-0.725288818115,-4.64864864865,-4.41501976285,-2.85250965251,0.699109959486,0.148063957087,0.0842365803303,-1.13068230083,0.182158788527,0.0773409099889,-2.03769303863,-0.00181977159229,-0.0127170756283,-0.640599570326,-0.371299902718,-2,NaN,NaN,NaN,-0.0205646934632,-0.112089283685,-466,-0.0599742599743,-0.237535577138,-0.027027027027,0.0810810810811,-0.0540540540541,248,8,94,982,0.72514619883,0.991919191919,0.00808080808081,0.27485380117,0.96875,0.72514619883,0.829431438127,0.794992979998,0.71706539075,0.708571428571,100,186,0,0,0,0
160,WLNM_dir_neg,0.733719216094,0.609103722464,00:00:14,10,10,18,1233943453,threshold_sweep,0.7,0.904761904762,0.408602150538,0.562962962963,76,8,110,364,0.408602150538,0.978494623656,0.0215053763441,0.591397849462,0.904761904762,0.408602150538,0.562962962963,0.78853046595,0.616487455197,0.448598130841,0.510291906675,0.387096774194,342,156,186,0,342,0,156,0,186,37,342,0.256756756757,1.72528881811,18.4864864865,15.5454545455,9.77142857143,5.36771015539,0.290358590277,0.142642642643,9.50849154237,1.02869645341,0.544491860281,8.05331334643,0.871264894205,0.461830251304,0.640599570326,0.371299902718,2,1.72528881811,0.640599570326,2,0.344071394247,0.376569037657,810,0.104247104247,0.56957682835,37,37,37,1,0,0.405405405405,0.540540540541,0.0540540540541,37,0.117117117117,2.22747747748,8.43243243243,7.09090909091,4.45714285714,5.03620525429,0.597242289772,0.326923076923,6.00525295579,1.42432281644,0.680873180873,3.83793300225,0.910278981302,0.463617463617,1.42084529335,0.637871901162,5.2,2.22747747748,1.42084529335,5.2,0,0,0,0,0.160752482811,37,37,37,1,0,0.405405405405,0.540540540541,0.0540540540541,37,240,0.18018018018,1,12.972972973,10.4347826087,6.48648648649,5.9651137946,0.459810855001,0.24222972973,8.09534029764,1.24803162922,0.634234234234,5.6056599454,0.864205908249,0.448423423423,0,0,0,NaN,NaN,NaN,0.297200078825,0.220524646872,255,0.0328185328185,0.30374883247,37,37,0,1,2,0.378378378378,0.621621621622,0,-102,-0.0765765765766,-0.725288818115,-5.51351351351,-5.11067193676,-3.28494208494,0.597403639211,0.169452264724,0.0995870870871,-1.41315124474,0.219335175804,0.0897423739529,-2.44765340104,-0.00705898595624,-0.0134068278805,-0.640599570326,-0.371299902718,-2,NaN,NaN,NaN,-0.0468713154219,-0.156044390785,-555,-0.0714285714286,-0.26582799588,-0.027027027027,0.0810810810811,-0.0540540540541,232,8,110,982,0.678362573099,0.991919191919,0.00808080808081,0.321637426901,0.966666666667,0.678362573099,0.797250859107,0.761852882192,0.670281765019,0.662857142857,84,186,0,0,0,0
161,WLNM_dir_neg,0.733719216094,0.609103722464,00:00:14,10,10,18,1233943453,threshold_sweep,0.8,0.897058823529,0.327956989247,0.48031496063,61,7,125,365,0.327956989247,0.981182795699,0.0188172043011,0.672043010753,0.897058823529,0.327956989247,0.48031496063,0.763440860215,0.626045400239,0.367412140575,0.445482190163,0.309139784946,342,156,186,0,342,0,156,0,186,37,342,0.256756756757,1.72528881811,18.4864864865,15.5454545455,9.77142857143,5.36771015539,0.290358590277,0.142642642643,9.50849154237,1.02869645341,0.544491860281,8.05331334643,0.871264894205,0.461830251304,0.640599570326,0.371299902718,2,1.72528881811,0.640599570326,2,0.344071394247,0.376569037657,810,0.104247104247,0.56957682835,37,37,37,1,0,0.405405405405,0.540540540541,0.0540540540541,37,0.117117117117,2.22747747748,8.43243243243,7.09090909091,4.45714285714,5.03620525429,0.597242289772,0.326923076923,6.00525295579,1.42432281644,0.680873180873,3.83793300225,0.910278981302,0.463617463617,1.42084529335,0.637871901162,5.2,2.22747747748,1.42084529335,5.2,0,0,0,0,0.160752482811,37,37,37,1,0,0.405405405405,0.540540540541,0.0540540540541,37,224,0.168168168168,1,12.1081081081,9.73913043478,6.05405405405,5.94317434721,0.490842524211,0.260738416988,7.82782056353,1.29298821808,0.646718146718,5.12047060525,0.845792019617,0.439913127413,0,0,0,NaN,NaN,NaN,0.265122611392,0.173320350536,178,0.0229086229086,0.269530603035,37,37,0,1,2,0.378378378378,0.621621621622,0,-118,-0.0885885885886,-0.725288818115,-6.37837837838,-5.80632411067,-3.71737451737,0.575464191816,0.200483933934,0.118095774346,-1.68067097885,0.264291764668,0.102226286437,-2.93284274119,-0.0254728745878,-0.0219171238908,-0.640599570326,-0.371299902718,-2,NaN,NaN,NaN,-0.0789487828555,-0.203248687121,-632,-0.0813384813385,-0.300046225315,-0.027027027027,0.0810810810811,-0.0540540540541,217,7,125,983,0.634502923977,0.992929292929,0.00707070707071,0.365497076023,0.96875,0.634502923977,0.766784452297,0.732830566794,0.627432216906,0.621776504298,68,186,0,0,0,0
162,WLNM_dir_neg,0.733719216094,0.609103722464,00:00:14,10,10,18,1233943453,threshold_sweep,0.9,0.893939393939,0.317204301075,0.468253968254,59,7,127,365,0.317204301075,0.981182795699,0.0188172043011,0.682795698925,0.893939393939,0.317204301075,0.468253968254,0.759856630824,0.627240143369,0.355769230769,0.435565488647,0.298387096774,342,156,186,0,342,0,156,0,186,37,342,0.256756756757,1.72528881811,18.4864864865,15.5454545455,9.77142857143,5.36771015539,0.290358590277,0.142642642643,9.50849154237,1.02869645341,0.544491860281,8.05331334643,0.871264894205,0.461830251304,0.640599570326,0.371299902718,2,1.72528881811,0.640599570326,2,0.344071394247,0.376569037657,810,0.104247104247,0.56957682835,37,37,37,1,0,0.405405405405,0.540540540541,0.0540540540541,37,0.117117117117,2.22747747748,8.43243243243,7.09090909091,4.45714285714,5.03620525429,0.597242289772,0.326923076923,6.00525295579,1.42432281644,0.680873180873,3.83793300225,0.910278981302,0.463617463617,1.42084529335,0.637871901162,5.2,2.22747747748,1.42084529335,5.2,0,0,0,0,0.160752482811,37,37,37,1,0,0.405405405405,0.540540540541,0.0540540540541,37,222,0.166666666667,1,12,9.65217391304,6,5.74456264654,0.478713553878,0.255174093012,7.6847612556,1.2807935426,0.643778914049,5.15320827791,0.858868046319,0.444119795471,0,0,0,NaN,NaN,NaN,0.241233947116,0.145339124624,145,0.0186615186615,0.270698509241,37,37,0,1,2,0.378378378378,0.621621621622,0,-120,-0.0900900900901,-0.725288818115,-6.48648648649,-5.89328063241,-3.77142857143,0.376852491145,0.188354963601,0.112531450369,-1.82373028678,0.252097089185,0.0992870537679,-2.90010506852,-0.012396847886,-0.0177104558328,-0.640599570326,-0.371299902718,-2,NaN,NaN,NaN,-0.102837447131,-0.231229913033,-665,-0.0855855855856,-0.298878319109,-0.027027027027,0.0810810810811,-0.0540540540541,215,7,127,983,0.62865497076,0.992929292929,0.00707070707071,0.37134502924,0.968468468468,0.62865497076,0.762411347518,0.728605901939,0.62158426369,0.616045845272,66,186,0,0,0,0
163,WLNM_dir_neg,0.487455197133,0.385899813022,00:00:14,10,10,19,1233943454,threshold_sweep,0.1,0.516129032258,0.172043010753,0.258064516129,32,30,154,342,0.172043010753,0.91935483871,0.0806451612903,0.827956989247,0.516129032258,0.172043010753,0.258064516129,0.670250896057,0.62962962963,0.109677419355,0.137096774194,0.0913978494624,342,156,186,0,342,0,156,0,186,37,342,0.256756756757,1.72528881811,18.4864864865,15.5454545455,9.77142857143,5.36771015539,0.290358590277,0.142642642643,9.50849154237,1.02869645341,0.544491860281,8.05331334643,0.871264894205,0.461830251304,0.640599570326,0.371299902718,2,1.72528881811,0.640599570326,2,0.344071394247,0.376569037657,810,0.104247104247,0.56957682835,37,37,37,1,0,0.405405405405,0.540540540541,0.0540540540541,37,0.117117117117,2.18481481481,8.43243243243,7.09090909091,4.45714285714,5.03620525429,0.597242289772,0.326923076923,6.00062559301,1.42322530091,0.680526680527,3.83793300225,0.910278981302,0.463617463617,1.318977792,0.603702328937,4.32037037037,2.18481481481,1.318977792,4.32037037037,0,0,0,0,0.160896782956,37,37,37,1,0,0.405405405405,0.540540540541,0.0540540540541,37,218,0.163663663664,8.64834591327,11.7837837838,7.03225806452,5.89189189189,5.64768947415,0.479276400329,0.250929828911,6.22175298531,1.05598559842,0.553930076866,3.34816520056,0.568266570736,0.307959335482,3.6354013382,0.420357993847,10.64490171,8.64834591327,3.6354013382,10.64490171,0.22342750029,0.138754196195,124,0.0159588159588,0.187652710507,37,37,37,1,0,0.162162162162,0.837837837838,0,-124,-0.0930930930931,6.92305709516,-6.7027027027,-8.51319648094,-3.87953667954,0.279979318754,0.188917810052,0.108287186269,-3.28673855707,0.0272891450093,0.00943821658452,-4.70514814588,-0.302998323468,-0.153870915822,2.99480176787,0.0490580911291,8.64490171,6.92305709516,2.99480176787,8.64490171,-0.120643893958,-0.237814841461,-686,-0.0882882882883,-0.381924117843,-0.243243243243,0.297297297297,-0.0540540540541,188,30,154,960,0.549707602339,0.969696969697,0.030303030303,0.450292397661,0.862385321101,0.549707602339,0.671428571429,0.613289566353,0.519404572036,0.505376344086,62,186,0,0,0,0
164,WLNM_dir_neg,0.487455197133,0.385899813022,00:00:14,10,10,19,1233943454,threshold_sweep,0.2,0.528301886792,0.150537634409,0.234309623431,28,25,158,347,0.150537634409,0.932795698925,0.0672043010753,0.849462365591,0.528301886792,0.150537634409,0.234309623431,0.672043010753,0.635005973716,0.10147299509,0.133987126143,0.0833333333333,342,156,186,0,342,0,156,0,186,37,342,0.256756756757,1.72528881811,18.4864864865,15.5454545455,9.77142857143,5.36771015539,0.290358590277,0.142642642643,9.50849154237,1.02869645341,0.544491860281,8.05331334643,0.871264894205,0.461830251304,0.640599570326,0.371299902718,2,1.72528881811,0.640599570326,2,0.344071394247,0.376569037657,810,0.104247104247,0.56957682835,37,37,37,1,0,0.405405405405,0.540540540541,0.0540540540541,37,0.117117117117,2.18481481481,8.43243243243,7.09090909091,4.45714285714,5.03620525429,0.597242289772,0.326923076923,6.00062559301,1.42322530091,0.680526680527,3.83793300225,0.910278981302,0.463617463617,1.318977792,0.603702328937,4.32037037037,2.18481481481,1.318977792,4.32037037037,0,0,0,0,0.160896782956,37,37,37,1,0,0.405405405405,0.540540540541,0.0540540540541,37,209,0.156906906907,9.64505344767,11.2972972973,6.74193548387,5.64864864865,5.1739994463,0.457985596921,0.247769300401,6.04711233297,1.0705414178,0.559679296521,3.50567964734,0.620622712687,0.337514548041,4.13238890315,0.428446449319,12.2555786795,9.64505344767,4.13238890315,12.2555786795,0.18228655659,0.079950799508,65,0.00836550836551,0.185656313408,37,37,37,1,0,0.162162162162,0.837837837838,0,-133,-0.0998498498498,7.91976462956,-7.18918918919,-8.80351906158,-4.12277992278,-0.193710709097,0.167627006644,0.105126657758,-3.4613792094,0.0418449643839,0.0151874362401,-4.54763369909,-0.250642181517,-0.124315703263,3.49178933282,0.0571465466015,10.2555786795,7.91976462956,3.49178933282,10.2555786795,-0.161784837657,-0.296618238149,-745,-0.0958815958816,-0.383920514942,-0.243243243243,0.297297297297,-0.0540540540541,184,25,158,965,0.538011695906,0.974747474747,0.0252525252525,0.461988304094,0.88038277512,0.538011695906,0.667876588022,0.61585867824,0.512759170654,0.50136239782,53,186,0,0,0,0
165,WLNM_dir_neg,0.487455197133,0.385899813022,00:00:14,10,10,19,1233943454,threshold_sweep,0.3,0.642857142857,0.145161290323,0.236842105263,27,15,159,357,0.145161290323,0.959677419355,0.0403225806452,0.854838709677,0.642857142857,0.145161290323,0.236842105263,0.688172043011,0.641577060932,0.13,0.187326885754,0.104838709677,342,156,186,0,342,0,156,0,186,37,342,0.256756756757,1.72528881811,18.4864864865,15.5454545455,9.77142857143,5.36771015539,0.290358590277,0.142642642643,9.50849154237,1.02869645341,0.544491860281,8.05331334643,0.871264894205,0.461830251304,0.640599570326,0.371299902718,2,1.72528881811,0.640599570326,2,0.344071394247,0.376569037657,810,0.104247104247,0.56957682835,37,37,37,1,0,0.405405405405,0.540540540541,0.0540540540541,37,0.117117117117,2.18481481481,8.43243243243,7.09090909091,4.45714285714,5.03620525429,0.597242289772,0.326923076923,6.00062559301,1.42322530091,0.680526680527,3.83793300225,0.910278981302,0.463617463617,1.318977792,0.603702328937,4.32037037037,2.18481481481,1.318977792,4.32037037037,0,0,0,0,0.160896782956,37,37,37,1,0,0.405405405405,0.540540540541,0.0540540540541,37,198,0.148648648649,2.52588542824,10.7027027027,8.60869565217,5.35135135135,4.90388091699,0.458190893759,0.245017745018,6.24595965501,1.16717427897,0.607152607153,3.343453107,0.624786691711,0.339066339066,1.52876330713,0.605238578928,4.03930988476,2.52588542824,1.52876330713,4.03930988476,0.170501034588,0.070652173913,52,0.00669240669241,0.201397195314,37,37,37,1,0,0.378378378378,0.621621621622,0,-144,-0.108108108108,0.800596610128,-7.78378378378,-6.93675889328,-4.42007722008,-0.4638292384,0.167832303482,0.102375102375,-3.26253188736,0.138477825552,0.0626607468713,-4.70986023944,-0.246478202494,-0.122763912238,0.888163736799,0.23393867621,2.03930988476,0.800596610128,0.888163736799,2.03930988476,-0.17357035966,-0.305916863744,-758,-0.0975546975547,-0.368179633036,-0.027027027027,0.0810810810811,-0.0540540540541,183,15,159,975,0.535087719298,0.984848484848,0.0151515151515,0.464912280702,0.924242424242,0.535087719298,0.677777777778,0.638471604524,0.519936204147,0.512605042017,42,186,0,0,0,0
166,WLNM_dir_neg,0.487455197133,0.385899813022,00:00:14,10,10,19,1233943454,threshold_sweep,0.4,0.675,0.145161290323,0.238938053097,27,13,159,359,0.145161290323,0.965053763441,0.0349462365591,0.854838709677,0.675,0.145161290323,0.238938053097,0.691756272401,0.642771804062,0.137123745819,0.201406732297,0.110215053763,342,156,186,0,342,0,156,0,186,37,342,0.256756756757,1.72528881811,18.4864864865,15.5454545455,9.77142857143,5.36771015539,0.290358590277,0.142642642643,9.50849154237,1.02869645341,0.544491860281,8.05331334643,0.871264894205,0.461830251304,0.640599570326,0.371299902718,2,1.72528881811,0.640599570326,2,0.344071394247,0.376569037657,810,0.104247104247,0.56957682835,37,37,37,1,0,0.405405405405,0.540540540541,0.0540540540541,37,0.117117117117,2.18481481481,8.43243243243,7.09090909091,4.45714285714,5.03620525429,0.597242289772,0.326923076923,6.00062559301,1.42322530091,0.680526680527,3.83793300225,0.910278981302,0.463617463617,1.318977792,0.603702328937,4.32037037037,2.18481481481,1.318977792,4.32037037037,0,0,0,0,0.160896782956,37,37,37,1,0,0.405405405405,0.540540540541,0.0540540540541,37,196,0.147147147147,2.50970656481,10.5945945946,8.52173913043,5.2972972973,4.91855590516,0.464251450232,0.246690568119,6.22657773342,1.17542538845,0.609211252068,3.39824190546,0.641504849501,0.348317705461,1.50392772415,0.599244447634,3.8963737799,2.50970656481,1.50392772415,3.8963737799,0.170501034588,0.070652173913,52,0.00669240669241,0.201257037757,37,37,37,1,0,0.378378378378,0.621621621622,0,-146,-0.10960960961,0.784417746697,-7.89189189189,-7.02371541502,-4.47413127413,-0.449154250232,0.173892859955,0.104047925476,-3.28191380896,0.146728935036,0.0647193917871,-4.65507144097,-0.229760044704,-0.113512545843,0.863328153828,0.227944544916,1.8963737799,0.784417746697,0.863328153828,1.8963737799,-0.17357035966,-0.305916863744,-758,-0.0975546975547,-0.368319790593,-0.027027027027,0.0810810810811,-0.0540540540541,183,13,159,977,0.535087719298,0.986868686869,0.0131313131313,0.464912280702,0.933673469388,0.535087719298,0.68029739777,0.643646898927,0.521956406167,0.515492957746,40,186,0,0,0,0
167,WLNM_dir_neg,0.487455197133,0.385899813022,00:00:14,10,10,19,1233943454,threshold_sweep,0.5,0.675,0.145161290323,0.238938053097,27,13,159,359,0.145161290323,0.965053763441,0.0349462365591,0.854838709677,0.675,0.145161290323,0.238938053097,0.691756272401,0.642771804062,0.137123745819,0.201406732297,0.110215053763,342,156,186,0,342,0,156,0,186,37,342,0.256756756757,1.72528881811,18.4864864865,15.5454545455,9.77142857143,5.36771015539,0.290358590277,0.142642642643,9.50849154237,1.02869645341,0.544491860281,8.05331334643,0.871264894205,0.461830251304,0.640599570326,0.371299902718,2,1.72528881811,0.640599570326,2,0.344071394247,0.376569037657,810,0.104247104247,0.56957682835,37,37,37,1,0,0.405405405405,0.540540540541,0.0540540540541,37,0.117117117117,2.18481481481,8.43243243243,7.09090909091,4.45714285714,5.03620525429,0.597242289772,0.326923076923,6.00062559301,1.42322530091,0.680526680527,3.83793300225,0.910278981302,0.463617463617,1.318977792,0.603702328937,4.32037037037,2.18481481481,1.318977792,4.32037037037,0,0,0,0,0.160896782956,37,37,37,1,0,0.405405405405,0.540540540541,0.0540540540541,37,196,0.147147147147,2.50970656481,10.5945945946,8.52173913043,5.2972972973,4.91855590516,0.464251450232,0.246690568119,6.22657773342,1.17542538845,0.609211252068,3.39824190546,0.641504849501,0.348317705461,1.50392772415,0.599244447634,3.8963737799,2.50970656481,1.50392772415,3.8963737799,0.170501034588,0.070652173913,52,0.00669240669241,0.201257037757,37,37,37,1,0,0.378378378378,0.621621621622,0,-146,-0.10960960961,0.784417746697,-7.89189189189,-7.02371541502,-4.47413127413,-0.449154250232,0.173892859955,0.104047925476,-3.28191380896,0.146728935036,0.0647193917871,-4.65507144097,-0.229760044704,-0.113512545843,0.863328153828,0.227944544916,1.8963737799,0.784417746697,0.863328153828,1.8963737799,-0.17357035966,-0.305916863744,-758,-0.0975546975547,-0.368319790593,-0.027027027027,0.0810810810811,-0.0540540540541,183,13,159,977,0.535087719298,0.986868686869,0.0131313131313,0.464912280702,0.933673469388,0.535087719298,0.68029739777,0.643646898927,0.521956406167,0.515492957746,40,186,0,0,0,0
168,WLNM_dir_neg,0.487455197133,0.385899813022,00:00:14,10,10,19,1233943454,threshold_sweep,0.6,0.648648648649,0.129032258065,0.215246636771,24,13,162,359,0.129032258065,0.965053763441,0.0349462365591,0.870967741935,0.648648648649,0.129032258065,0.215246636771,0.686379928315,0.644563918757,0.117647058824,0.178251553224,0.0940860215054,342,156,186,0,342,0,156,0,186,37,342,0.256756756757,1.72528881811,18.4864864865,15.5454545455,9.77142857143,5.36771015539,0.290358590277,0.142642642643,9.50849154237,1.02869645341,0.544491860281,8.05331334643,0.871264894205,0.461830251304,0.640599570326,0.371299902718,2,1.72528881811,0.640599570326,2,0.344071394247,0.376569037657,810,0.104247104247,0.56957682835,37,37,37,1,0,0.405405405405,0.540540540541,0.0540540540541,37,0.117117117117,2.18481481481,8.43243243243,7.09090909091,4.45714285714,5.03620525429,0.597242289772,0.326923076923,6.00062559301,1.42322530091,0.680526680527,3.83793300225,0.910278981302,0.463617463617,1.318977792,0.603702328937,4.32037037037,2.18481481481,1.318977792,4.32037037037,0,0,0,0,0.160896782956,37,37,37,1,0,0.405405405405,0.540540540541,0.0540540540541,37,193,0.144894894895,2.55065332507,10.4324324324,8.39130434783,5.21621621622,4.89069718127,0.468797398205,0.250805209354,6.25004504488,1.19819516404,0.61672034729,3.36761649254,0.645605234322,0.348410586753,1.57427846931,0.617205973793,4.87352530927,2.55065332507,1.57427846931,4.87352530927,0.178016052319,0.0642757335817,46,0.00592020592021,0.192496650143,37,37,37,1,0,0.378378378378,0.621621621622,0,-149,-0.111861861862,0.825364506956,-8.05405405405,-7.15415019763,-4.55521235521,-0.47701297412,0.178438807928,0.108162566712,-3.25844649749,0.16949871063,0.072228487009,-4.68569685389,-0.225659659883,-0.113419664551,0.933678898983,0.245906071076,2.87352530927,0.825364506956,0.933678898983,2.87352530927,-0.166055341928,-0.312293304075,-764,-0.0983268983269,-0.377080178207,-0.027027027027,0.0810810810811,-0.0540540540541,180,13,162,977,0.526315789474,0.986868686869,0.0131313131313,0.473684210526,0.932642487047,0.526315789474,0.672897196262,0.636888848028,0.513184476342,0.507042253521,37,186,0,0,0,0
169,WLNM_dir_neg,0.487455197133,0.385899813022,00:00:14,10,10,19,1233943454,threshold_sweep,0.7,0.676470588235,0.123655913978,0.209090909091,23,11,163,361,0.123655913978,0.970430107527,0.0295698924731,0.876344086022,0.676470588235,0.123655913978,0.209090909091,0.688172043011,0.646356033453,0.118243243243,0.185416314544,0.0940860215054,342,156,186,0,342,0,156,0,186,37,342,0.256756756757,1.72528881811,18.4864864865,15.5454545455,9.77142857143,5.36771015539,0.290358590277,0.142642642643,9.50849154237,1.02869645341,0.544491860281,8.05331334643,0.871264894205,0.461830251304,0.640599570326,0.371299902718,2,1.72528881811,0.640599570326,2,0.344071394247,0.376569037657,810,0.104247104247,0.56957682835,37,37,37,1,0,0.405405405405,0.540540540541,0.0540540540541,37,0.117117117117,2.18481481481,8.43243243243,7.09090909091,4.45714285714,5.03620525429,0.597242289772,0.326923076923,6.00062559301,1.42322530091,0.680526680527,3.83793300225,0.910278981302,0.463617463617,1.318977792,0.603702328937,4.32037037037,2.18481481481,1.318977792,4.32037037037,0,0,0,0,0.160896782956,37,37,37,1,0,0.405405405405,0.540540540541,0.0540540540541,37,190,0.142642642643,2.61355534868,10.2702702703,8.26086956522,5.13513513514,4.83418756043,0.470697209831,0.251351351351,6.21003740444,1.2093230735,0.619630156472,3.40882972882,0.663824736666,0.357325746799,1.64660692226,0.630025655701,4.8879040508,2.61355534868,1.64660692226,4.8879040508,0.174112148416,0.0582110743019,41,0.00527670527671,0.190155148053,37,37,37,1,0,0.378378378378,0.621621621622,0,-152,-0.114114114114,0.888266530568,-8.21621621622,-7.28458498024,-4.63629343629,-0.533522594968,0.180338619554,0.108708708709,-3.29845413793,0.180626620082,0.0751382961909,-4.64448361761,-0.207440157539,-0.104504504505,1.00600735194,0.258725752983,2.8879040508,0.888266530568,1.00600735194,2.8879040508,-0.169959245832,-0.318357963355,-769,-0.0989703989704,-0.379421680297,-0.027027027027,0.0810810810811,-0.0540540540541,179,11,163,979,0.523391812865,0.988888888889,0.0111111111111,0.476608187135,0.942105263158,0.523391812865,0.672932330827,0.639924582348,0.512280701754,0.507082152975,34,186,0,0,0,0
170,WLNM_dir_neg,0.487455197133,0.385899813022,00:00:14,10,10,19,1233943454,threshold_sweep,0.8,0.730769230769,0.102150537634,0.179245283019,19,7,167,365,0.102150537634,0.981182795699,0.0188172043011,0.897849462366,0.730769230769,0.102150537634,0.179245283019,0.688172043011,0.651135005974,0.106164383562,0.18638210222,0.0833333333333,342,156,186,0,342,0,156,0,186,37,342,0.256756756757,1.72528881811,18.4864864865,15.5454545455,9.77142857143,5.36771015539,0.290358590277,0.142642642643,9.50849154237,1.02869645341,0.544491860281,8.05331334643,0.871264894205,0.461830251304,0.640599570326,0.371299902718,2,1.72528881811,0.640599570326,2,0.344071394247,0.376569037657,810,0.104247104247,0.56957682835,37,37,37,1,0,0.405405405405,0.540540540541,0.0540540540541,37,0.117117117117,2.18481481481,8.43243243243,7.09090909091,4.45714285714,5.03620525429,0.597242289772,0.326923076923,6.00062559301,1.42322530091,0.680526680527,3.83793300225,0.910278981302,0.463617463617,1.318977792,0.603702328937,4.32037037037,2.18481481481,1.318977792,4.32037037037,0,0,0,0,0.160896782956,37,37,37,1,0,0.405405405405,0.540540540541,0.0540540540541,37,182,0.136636636637,2.95582855583,9.83783783784,7.91304347826,4.91891891892,4.62188942553,0.469807441606,0.250965250965,6.07535265725,1.23509916658,0.627858627859,3.50696432813,0.712954286489,0.380457380457,2.10050348884,0.710631029225,6,2.95582855583,2.10050348884,6,0.126267788729,0.0403726708075,26,0.0033462033462,0.181518524662,37,37,37,1,0,0.378378378378,0.621621621622,0,-160,-0.12012012012,1.23053973771,-8.64864864865,-7.63241106719,-4.85250965251,-0.745820729859,0.179448851329,0.108322608323,-3.43313888513,0.206402713168,0.0833667675773,-4.5463490183,-0.158310607716,-0.0813728708466,1.45990391851,0.339331126507,4,1.23053973771,1.45990391851,4,-0.217803605518,-0.336196366849,-784,-0.100900900901,-0.388058303688,-0.027027027027,0.0810810810811,-0.0540540540541,175,7,167,983,0.511695906433,0.992929292929,0.00707070707071,0.488304093567,0.961538461538,0.511695906433,0.667938931298,0.641822547758,0.504625199362,0.501432664756,26,186,0,0,0,0
171,WLNM_dir_neg,0.487455197133,0.385899813022,00:00:14,10,10,19,1233943454,threshold_sweep,0.9,0.857142857143,0.0645161290323,0.12,12,2,174,370,0.0645161290323,0.994623655914,0.00537634408602,0.935483870968,0.857142857143,0.0645161290323,0.12,0.68458781362,0.658303464755,0.0769230769231,0.178256023977,0.0591397849462,342,156,186,0,342,0,156,0,186,37,342,0.256756756757,1.72528881811,18.4864864865,15.5454545455,9.77142857143,5.36771015539,0.290358590277,0.142642642643,9.50849154237,1.02869645341,0.544491860281,8.05331334643,0.871264894205,0.461830251304,0.640599570326,0.371299902718,2,1.72528881811,0.640599570326,2,0.344071394247,0.376569037657,810,0.104247104247,0.56957682835,37,37,37,1,0,0.405405405405,0.540540540541,0.0540540540541,37,0.117117117117,2.18481481481,8.43243243243,7.09090909091,4.45714285714,5.03620525429,0.597242289772,0.326923076923,6.00062559301,1.42322530091,0.680526680527,3.83793300225,0.910278981302,0.463617463617,1.318977792,0.603702328937,4.32037037037,2.18481481481,1.318977792,4.32037037037,0,0,0,0,0.160896782956,37,37,37,1,0,0.405405405405,0.540540540541,0.0540540540541,37,170,0.127627627628,2.48296119249,9.18918918919,7.39130434783,4.85714285714,4.64780616013,0.505790670367,0.271383147854,5.97894202579,1.30129914679,0.648012718601,3.61677772072,0.787181033333,0.418441971383,1.51878498139,0.611682931649,4.61224489796,2.48296119249,1.51878498139,4.61224489796,0.092240139299,0.0237154150198,14,0.0018018018018,0.163247310957,37,37,37,1,0,0.378378378378,0.567567567568,0.0540540540541,-172,-0.129129129129,0.75767237437,-9.2972972973,-8.15415019763,-4.91428571429,-0.719903995268,0.215432080089,0.128740505211,-3.52954951659,0.272602693375,0.10352085832,-4.43653562572,-0.0840838608722,-0.0433882799208,0.878185411063,0.240383028931,2.61224489796,0.75767237437,0.878185411063,2.61224489796,-0.251831254948,-0.352853622637,-796,-0.102445302445,-0.406329517393,-0.027027027027,0.027027027027,0,168,2,174,988,0.491228070175,0.99797979798,0.0020202020202,0.508771929825,0.988235294118,0.491228070175,0.65625,0.64046670699,0.489207868155,0.488372093023,14,186,0,0,0,0
172,WLNM_dir_neg,0.515312463869,0.413088430113,00:00:14,10,10,20,1233943455,threshold_sweep,0.1,0.594594594595,0.118279569892,0.19730941704,22,15,164,357,0.118279569892,0.959677419355,0.0403225806452,0.881720430108,0.594594594595,0.118279569892,0.19730941704,0.679211469534,0.644563918757,0.0974789915966,0.147694144099,0.0779569892473,342,156,186,0,342,0,156,0,186,37,342,0.256756756757,1.72528881811,18.4864864865,15.5454545455,9.77142857143,5.36771015539,0.290358590277,0.142642642643,9.50849154237,1.02869645341,0.544491860281,8.05331334643,0.871264894205,0.461830251304,0.640599570326,0.371299902718,2,1.72528881811,0.640599570326,2,0.344071394247,0.376569037657,810,0.104247104247,0.56957682835,37,37,37,1,0,0.405405405405,0.540540540541,0.0540540540541,37,0.117117117117,2.18481481481,8.43243243243,7.09090909091,4.45714285714,5.03620525429,0.597242289772,0.326923076923,6.00062559301,1.42322530091,0.680526680527,3.83793300225,0.910278981302,0.463617463617,1.318977792,0.603702328937,4.32037037037,2.18481481481,1.318977792,4.32037037037,0,0,0,0,0.160896782956,37,37,37,1,0,0.405405405405,0.540540540541,0.0540540540541,37,193,0.144894894895,10.3797420111,10.4324324324,6.43333333333,5.36111111111,4.65200399195,0.445917481094,0.244923680157,5.72099027527,1.0967701564,0.571068477804,3.77223139928,0.723173895199,0.389861363955,5.25663009617,0.506431671477,16.4551460747,10.3797420111,5.25663009617,16.4551460747,0.133951773735,0.0726595249185,52,0.00669240669241,0.179684875302,37,37,37,1,0,0.189189189189,0.783783783784,0.027027027027,-149,-0.111861861862,8.65445319298,-8.05405405405,-9.11212121212,-4.41031746032,-0.715706163441,0.155558890817,0.102281037514,-3.78750126711,0.068073702984,0.0265766175229,-4.28108194715,-0.148090999006,-0.0719688873493,4.61603052585,0.135131768759,14.4551460747,8.65445319298,4.61603052585,14.4551460747,-0.210119620512,-0.303909512738,-758,-0.0975546975547,-0.389891953047,-0.216216216216,0.243243243243,-0.027027027027,178,15,164,975,0.520467836257,0.984848484848,0.0151515151515,0.479532163743,0.922279792746,0.520467836257,0.665420560748,0.627124054751,0.505316321106,0.498599439776,37,186,0,0,0,0
173,WLNM_dir_neg,0.515312463869,0.413088430113,00:00:14,10,10,20,1233943455,threshold_sweep,0.2,0.628571428571,0.118279569892,0.199095022624,22,13,164,359,0.118279569892,0.965053763441,0.0349462365591,0.881720430108,0.628571428571,0.118279569892,0.199095022624,0.682795698925,0.645758661888,0.10455311973,0.16201746376,0.0833333333333,342,156,186,0,342,0,156,0,186,37,342,0.256756756757,1.72528881811,18.4864864865,15.5454545455,9.77142857143,5.36771015539,0.290358590277,0.142642642643,9.50849154237,1.02869645341,0.544491860281,8.05331334643,0.871264894205,0.461830251304,0.640599570326,0.371299902718,2,1.72528881811,0.640599570326,2,0.344071394247,0.376569037657,810,0.104247104247,0.56957682835,37,37,37,1,0,0.405405405405,0.540540540541,0.0540540540541,37,0.117117117117,2.18481481481,8.43243243243,7.09090909091,4.45714285714,5.03620525429,0.597242289772,0.326923076923,6.00062559301,1.42322530091,0.680526680527,3.83793300225,0.910278981302,0.463617463617,1.318977792,0.603702328937,4.32037037037,2.18481481481,1.318977792,4.32037037037,0,0,0,0,0.160896782956,37,37,37,1,0,0.405405405405,0.540540540541,0.0540540540541,37,191,0.143393393393,10.5913821913,10.3243243243,6.36666666667,5.45714285714,4.68481028938,0.4537643474,0.250318381208,5.72282716415,1.10861049777,0.574218197255,3.81163069152,0.738378720347,0.398754775718,5.37116444578,0.50712592075,16.7780463617,10.5913821913,5.37116444578,16.7780463617,0.135523749997,0.0695364238411,49,0.00630630630631,0.179803773008,37,37,37,1,0,0.189189189189,0.756756756757,0.0540540540541,-151,-0.113363363363,8.86609337319,-8.16216216216,-9.17878787879,-4.31428571429,-0.682899866017,0.163405757123,0.107675738566,-3.78566437822,0.0799140443528,0.0297263369735,-4.24168265492,-0.132886173858,-0.0630754755858,4.73056487546,0.135826018032,14.7780463617,8.86609337319,4.73056487546,14.7780463617,-0.20854764425,-0.307032613816,-761,-0.0979407979408,-0.389773055342,-0.216216216216,0.216216216216,0,178,13,164,977,0.520467836257,0.986868686869,0.0131313131313,0.479532163743,0.931937172775,0.520467836257,0.667917448405,0.632364196366,0.507336523126,0.501408450704,35,186,0,0,0,0
174,WLNM_dir_neg,0.515312463869,0.413088430113,00:00:14,10,10,20,1233943455,threshold_sweep,0.3,0.8,0.10752688172,0.189573459716,20,5,166,367,0.10752688172,0.986559139785,0.0134408602151,0.89247311828,0.8,0.10752688172,0.189573459716,0.693548387097,0.651732377539,0.120068610635,0.214397362141,0.0940860215054,342,156,186,0,342,0,156,0,186,37,342,0.256756756757,1.72528881811,18.4864864865,15.5454545455,9.77142857143,5.36771015539,0.290358590277,0.142642642643,9.50849154237,1.02869645341,0.544491860281,8.05331334643,0.871264894205,0.461830251304,0.640599570326,0.371299902718,2,1.72528881811,0.640599570326,2,0.344071394247,0.376569037657,810,0.104247104247,0.56957682835,37,37,37,1,0,0.405405405405,0.540540540541,0.0540540540541,37,0.117117117117,2.18481481481,8.43243243243,7.09090909091,4.45714285714,5.03620525429,0.597242289772,0.326923076923,6.00062559301,1.42322530091,0.680526680527,3.83793300225,0.910278981302,0.463617463617,1.318977792,0.603702328937,4.32037037037,2.18481481481,1.318977792,4.32037037037,0,0,0,0,0.160896782956,37,37,37,1,0,0.405405405405,0.540540540541,0.0540540540541,37,181,0.135885885886,3.92015240584,9.78378378378,7.86956521739,5.17142857143,4.4729752411,0.457182552267,0.246229655069,5.85844017818,1.19758169388,0.616395400926,3.6498385336,0.746099589741,0.401075108257,3.44864692743,0.879722666468,10.4135285914,3.92015240584,3.44864692743,10.4135285914,0.116098008668,0.0426315789474,27,0.0034749034749,0.193243276009,37,37,37,1,0,0.378378378378,0.567567567568,0.0540540540541,-161,-0.120870870871,2.19486358773,-8.7027027027,-7.67588932806,-4.6,-0.894734914292,0.16682396199,0.103587012427,-3.65005136419,0.168885240467,0.0719035406445,-4.40347481284,-0.125165304464,-0.0607551430465,2.8080473571,0.508422763751,8.41352859135,2.19486358773,2.8080473571,8.41352859135,-0.22797338558,-0.33393745871,-783,-0.100772200772,-0.376333552341,-0.027027027027,0.027027027027,0,176,5,166,985,0.514619883041,0.994949494949,0.00505050505051,0.485380116959,0.972375690608,0.514619883041,0.673040152964,0.649616463295,0.50956937799,0.507204610951,25,186,0,0,0,0
175,WLNM_dir_neg,0.515312463869,0.413088430113,00:00:14,10,10,20,1233943455,threshold_sweep,0.4,0.833333333333,0.10752688172,0.190476190476,20,4,166,368,0.10752688172,0.989247311828,0.010752688172,0.89247311828,0.833333333333,0.10752688172,0.190476190476,0.695340501792,0.652329749104,0.123711340206,0.224859506699,0.0967741935484,342,156,186,0,342,0,156,0,186,37,342,0.256756756757,1.72528881811,18.4864864865,15.5454545455,9.77142857143,5.36771015539,0.290358590277,0.142642642643,9.50849154237,1.02869645341,0.544491860281,8.05331334643,0.871264894205,0.461830251304,0.640599570326,0.371299902718,2,1.72528881811,0.640599570326,2,0.344071394247,0.376569037657,810,0.104247104247,0.56957682835,37,37,37,1,0,0.405405405405,0.540540540541,0.0540540540541,37,0.117117117117,2.18481481481,8.43243243243,7.09090909091,4.45714285714,5.03620525429,0.597242289772,0.326923076923,6.00062559301,1.42322530091,0.680526680527,3.83793300225,0.910278981302,0.463617463617,1.318977792,0.603702328937,4.32037037037,2.18481481481,1.318977792,4.32037037037,0,0,0,0,0.160896782956,37,37,37,1,0,0.405405405405,0.540540540541,0.0540540540541,37,180,0.135135135135,1,9.72972972973,7.82608695652,5.14285714286,4.46995307363,0.459411843679,0.245345345345,5.87443690995,1.2075231426,0.62042042042,3.66031390702,0.752397858664,0.403303303303,0,0,0,NaN,NaN,NaN,0.109941852512,0.0398300584174,25,0.0032175032175,0.193353853837,37,37,0,1,2,0.378378378378,0.567567567568,0.0540540540541,-162,-0.121621621622,-0.725288818115,-8.75675675676,-7.71936758893,-4.62857142857,-0.89775708176,0.169053253402,0.102702702703,-3.63405463242,0.178826689186,0.0759285601391,-4.39299943942,-0.11886703554,-0.0585269480006,-0.640599570326,-0.371299902718,-2,NaN,NaN,NaN,-0.234129541736,-0.336738979239,-785,-0.10102960103,-0.376222974513,-0.027027027027,0.027027027027,0,176,4,166,986,0.514619883041,0.99595959596,0.0040404040404,0.485380116959,0.977777777778,0.514619883041,0.674329501916,0.65242638183,0.510579479001,0.508670520231,24,186,0,0,0,0
176,WLNM_dir_neg,0.515312463869,0.413088430113,00:00:14,10,10,20,1233943455,threshold_sweep,0.5,0.826086956522,0.102150537634,0.181818181818,19,4,167,368,0.102150537634,0.989247311828,0.010752688172,0.897849462366,0.826086956522,0.102150537634,0.181818181818,0.693548387097,0.652927120669,0.117039586919,0.216732035691,0.0913978494624,342,156,186,0,342,0,156,0,186,37,342,0.256756756757,1.72528881811,18.4864864865,15.5454545455,9.77142857143,5.36771015539,0.290358590277,0.142642642643,9.50849154237,1.02869645341,0.544491860281,8.05331334643,0.871264894205,0.461830251304,0.640599570326,0.371299902718,2,1.72528881811,0.640599570326,2,0.344071394247,0.376569037657,810,0.104247104247,0.56957682835,37,37,37,1,0,0.405405405405,0.540540540541,0.0540540540541,37,0.117117117117,2.18481481481,8.43243243243,7.09090909091,4.45714285714,5.03620525429,0.597242289772,0.326923076923,6.00062559301,1.42322530091,0.680526680527,3.83793300225,0.910278981302,0.463617463617,1.318977792,0.603702328937,4.32037037037,2.18481481481,1.318977792,4.32037037037,0,0,0,0,0.160896782956,37,37,37,1,0,0.405405405405,0.540540540541,0.0540540540541,37,179,0.134384384384,1,9.67567567568,7.78260869565,5.11428571429,4.53415466857,0.468613750663,0.251094670089,5.89026274416,1.21754034376,0.624188434244,3.655388059,0.755583006608,0.404650460516,0,0,0,NaN,NaN,NaN,0.101082993653,0.0383795309168,24,0.0030888030888,0.191784589768,37,37,0,1,2,0.378378378378,0.567567567568,0.0540540540541,-163,-0.122372372372,-0.725288818115,-8.81081081081,-7.7628458498,-4.65714285714,-0.833555486819,0.178255160386,0.108452027446,-3.61822879822,0.188843890349,0.079696573963,-4.39792528744,-0.115681887596,-0.0571797907876,-0.640599570326,-0.371299902718,-2,NaN,NaN,NaN,-0.242988400595,-0.33818950674,-786,-0.101158301158,-0.377792238582,-0.027027027027,0.027027027027,0,175,4,167,986,0.511695906433,0.99595959596,0.0040404040404,0.488304093567,0.977653631285,0.511695906433,0.671785028791,0.650217387756,0.507655502392,0.505780346821,23,186,0,0,0,0
177,WLNM_dir_neg,0.515312463869,0.413088430113,00:00:14,10,10,20,1233943455,threshold_sweep,0.6,0.8,0.0860215053763,0.155339805825,16,4,170,368,0.0860215053763,0.989247311828,0.010752688172,0.913978494624,0.8,0.0860215053763,0.155339805825,0.688172043011,0.654719235364,0.0968858131488,0.190869659102,0.0752688172043,342,156,186,0,342,0,156,0,186,37,342,0.256756756757,1.72528881811,18.4864864865,15.5454545455,9.77142857143,5.36771015539,0.290358590277,0.142642642643,9.50849154237,1.02869645341,0.544491860281,8.05331334643,0.871264894205,0.461830251304,0.640599570326,0.371299902718,2,1.72528881811,0.640599570326,2,0.344071394247,0.376569037657,810,0.104247104247,0.56957682835,37,37,37,1,0,0.405405405405,0.540540540541,0.0540540540541,37,0.117117117117,2.18481481481,8.43243243243,7.09090909091,4.45714285714,5.03620525429,0.597242289772,0.326923076923,6.00062559301,1.42322530091,0.680526680527,3.83793300225,0.910278981302,0.463617463617,1.318977792,0.603702328937,4.32037037037,2.18481481481,1.318977792,4.32037037037,0,0,0,0,0.160896782956,37,37,37,1,0,0.405405405405,0.540540540541,0.0540540540541,37,176,0.132132132132,1,9.51351351351,7.65217391304,5.02857142857,4.51307742764,0.47438597961,0.253992628993,5.88503471813,1.2371947987,0.628992628993,3.61636254793,0.760258035645,0.408783783784,0,0,0,NaN,NaN,NaN,0.0910641734171,0.0279912184413,17,0.0021879021879,0.183370792322,37,37,0,1,2,0.378378378378,0.567567567568,0.0540540540541,-166,-0.124624624625,-0.725288818115,-8.97297297297,-7.89328063241,-4.74285714286,-0.854632727754,0.184027389333,0.11134998635,-3.62345682424,0.208498345284,0.0845007687113,-4.4369507985,-0.11100685856,-0.0530464675202,-0.640599570326,-0.371299902718,-2,NaN,NaN,NaN,-0.25300722083,-0.348577819216,-793,-0.102059202059,-0.386206036028,-0.027027027027,0.027027027027,0,172,4,170,986,0.502923976608,0.99595959596,0.0040404040404,0.497076023392,0.977272727273,0.502923976608,0.664092664093,0.643568239035,0.498883572568,0.49710982659,20,186,0,0,0,0
178,WLNM_dir_neg,0.515312463869,0.413088430113,00:00:14,10,10,20,1233943455,threshold_sweep,0.7,0.8,0.0860215053763,0.155339805825,16,4,170,368,0.0860215053763,0.989247311828,0.010752688172,0.913978494624,0.8,0.0860215053763,0.155339805825,0.688172043011,0.654719235364,0.0968858131488,0.190869659102,0.0752688172043,342,156,186,0,342,0,156,0,186,37,342,0.256756756757,1.72528881811,18.4864864865,15.5454545455,9.77142857143,5.36771015539,0.290358590277,0.142642642643,9.50849154237,1.02869645341,0.544491860281,8.05331334643,0.871264894205,0.461830251304,0.640599570326,0.371299902718,2,1.72528881811,0.640599570326,2,0.344071394247,0.376569037657,810,0.104247104247,0.56957682835,37,37,37,1,0,0.405405405405,0.540540540541,0.0540540540541,37,0.117117117117,2.18481481481,8.43243243243,7.09090909091,4.45714285714,5.03620525429,0.597242289772,0.326923076923,6.00062559301,1.42322530091,0.680526680527,3.83793300225,0.910278981302,0.463617463617,1.318977792,0.603702328937,4.32037037037,2.18481481481,1.318977792,4.32037037037,0,0,0,0,0.160896782956,37,37,37,1,0,0.405405405405,0.540540540541,0.0540540540541,37,176,0.132132132132,1,9.51351351351,7.65217391304,5.02857142857,4.51307742764,0.47438597961,0.253992628993,5.88503471813,1.2371947987,0.628992628993,3.61636254793,0.760258035645,0.408783783784,0,0,0,NaN,NaN,NaN,0.0910641734171,0.0279912184413,17,0.0021879021879,0.183370792322,37,37,0,1,2,0.378378378378,0.567567567568,0.0540540540541,-166,-0.124624624625,-0.725288818115,-8.97297297297,-7.89328063241,-4.74285714286,-0.854632727754,0.184027389333,0.11134998635,-3.62345682424,0.208498345284,0.0845007687113,-4.4369507985,-0.11100685856,-0.0530464675202,-0.640599570326,-0.371299902718,-2,NaN,NaN,NaN,-0.25300722083,-0.348577819216,-793,-0.102059202059,-0.386206036028,-0.027027027027,0.027027027027,0,172,4,170,986,0.502923976608,0.99595959596,0.0040404040404,0.497076023392,0.977272727273,0.502923976608,0.664092664093,0.643568239035,0.498883572568,0.49710982659,20,186,0,0,0,0
179,WLNM_dir_neg,0.515312463869,0.413088430113,00:00:14,10,10,20,1233943455,threshold_sweep,0.8,0.833333333333,0.0806451612903,0.147058823529,15,3,171,369,0.0806451612903,0.991935483871,0.00806451612903,0.91935483871,0.833333333333,0.0806451612903,0.147058823529,0.688172043011,0.655913978495,0.09375,0.19364916731,0.0725806451613,342,156,186,0,342,0,156,0,186,37,342,0.256756756757,1.72528881811,18.4864864865,15.5454545455,9.77142857143,5.36771015539,0.290358590277,0.142642642643,9.50849154237,1.02869645341,0.544491860281,8.05331334643,0.871264894205,0.461830251304,0.640599570326,0.371299902718,2,1.72528881811,0.640599570326,2,0.344071394247,0.376569037657,810,0.104247104247,0.56957682835,37,37,37,1,0,0.405405405405,0.540540540541,0.0540540540541,37,0.117117117117,2.18481481481,8.43243243243,7.09090909091,4.45714285714,5.03620525429,0.597242289772,0.326923076923,6.00062559301,1.42322530091,0.680526680527,3.83793300225,0.910278981302,0.463617463617,1.318977792,0.603702328937,4.32037037037,2.18481481481,1.318977792,4.32037037037,0,0,0,0,0.160896782956,37,37,37,1,0,0.405405405405,0.540540540541,0.0540540540541,37,174,0.130630630631,1,9.40540540541,7.5652173913,4.97142857143,4.51823133697,0.480386665138,0.257222739981,5.89663211251,1.25388154117,0.634358496427,3.63520490684,0.773003342259,0.414103758931,0,0,0,NaN,NaN,NaN,0.0929259091024,0.0251537171604,15,0.0019305019305,0.181543928507,37,37,0,1,2,0.378378378378,0.567567567568,0.0540540540541,-168,-0.126126126126,-0.725288818115,-9.08108108108,-7.98023715415,-4.8,-0.849478818419,0.190028074861,0.114580097339,-3.61185942987,0.225185087751,0.0898666361461,-4.41810843959,-0.0982615519458,-0.0477264923726,-0.640599570326,-0.371299902718,-2,NaN,NaN,NaN,-0.251145485145,-0.351415320496,-795,-0.102316602317,-0.388032899843,-0.027027027027,0.027027027027,0,171,3,171,987,0.5,0.99696969697,0.0030303030303,0.5,0.98275862069,0.5,0.662790697674,0.644216219144,0.49696969697,0.495652173913,18,186,0,0,0,0
180,WLNM_dir_neg,0.515312463869,0.413088430113,00:00:14,10,10,20,1233943455,threshold_sweep,0.9,0.785714285714,0.0591397849462,0.11,11,3,175,369,0.0591397849462,0.991935483871,0.00806451612903,0.940860215054,0.785714285714,0.0591397849462,0.11,0.681003584229,0.658303464755,0.0664335664336,0.153948384344,0.0510752688172,342,156,186,0,342,0,156,0,186,37,342,0.256756756757,1.72528881811,18.4864864865,15.5454545455,9.77142857143,5.36771015539,0.290358590277,0.142642642643,9.50849154237,1.02869645341,0.544491860281,8.05331334643,0.871264894205,0.461830251304,0.640599570326,0.371299902718,2,1.72528881811,0.640599570326,2,0.344071394247,0.376569037657,810,0.104247104247,0.56957682835,37,37,37,1,0,0.405405405405,0.540540540541,0.0540540540541,37,0.117117117117,2.18481481481,8.43243243243,7.09090909091,4.45714285714,5.03620525429,0.597242289772,0.326923076923,6.00062559301,1.42322530091,0.680526680527,3.83793300225,0.910278981302,0.463617463617,1.318977792,0.603702328937,4.32037037037,2.18481481481,1.318977792,4.32037037037,0,0,0,0,0.160896782956,37,37,37,1,0,0.405405405405,0.540540540541,0.0540540540541,37,170,0.127627627628,1,9.18918918919,7.39130434783,4.85714285714,4.68352809701,0.509678057615,0.275675675676,5.90413912936,1.28501851639,0.643243243243,3.654977272,0.795495053318,0.424483306836,0,0,0,NaN,NaN,NaN,0.0608152269917,0.0171428571429,10,0.001287001287,0.17393772397,37,37,0,1,2,0.378378378378,0.567567567568,0.0540540540541,-172,-0.129129129129,-0.725288818115,-9.2972972973,-8.15415019763,-4.91428571429,-0.684182058388,0.219319467338,0.133033033033,-3.60435241301,0.256322062976,0.0987513829619,-4.39833607443,-0.0757698408866,-0.0373469444677,-0.640599570326,-0.371299902718,-2,NaN,NaN,NaN,-0.283256167256,-0.359426180514,-800,-0.10296010296,-0.39563910438,-0.027027027027,0.027027027027,0,167,3,175,987,0.488304093567,0.99696969697,0.0030303030303,0.511695906433,0.982352941176,0.488304093567,0.65234375,0.635316246621,0.485273790537,0.484057971014,14,186,0,0,0,0
181,WLNM_dir_neg,0.424543299803,0.387474079161,00:00:13,10,10,21,1233943456,threshold_sweep,0.1,0.581818181818,0.172043010753,0.265560165975,32,23,154,349,0.172043010753,0.938172043011,0.0618279569892,0.827956989247,0.581818181818,0.172043010753,0.265560165975,0.682795698925,0.633811230585,0.133768352365,0.174302462042,0.110215053763,342,156,186,0,342,0,156,0,186,37,342,0.256756756757,1.72528881811,18.4864864865,15.5454545455,9.77142857143,5.36771015539,0.290358590277,0.142642642643,9.50849154237,1.02869645341,0.544491860281,8.05331334643,0.871264894205,0.461830251304,0.640599570326,0.371299902718,2,1.72528881811,0.640599570326,2,0.344071394247,0.376569037657,810,0.104247104247,0.56957682835,37,37,37,1,0,0.405405405405,0.540540540541,0.0540540540541,37,0.117117117117,2.18481481481,8.43243243243,7.09090909091,4.45714285714,5.03620525429,0.597242289772,0.326923076923,6.00062559301,1.42322530091,0.680526680527,3.83793300225,0.910278981302,0.463617463617,1.318977792,0.603702328937,4.32037037037,2.18481481481,1.318977792,4.32037037037,0,0,0,0,0.160896782956,37,37,37,1,0,0.405405405405,0.540540540541,0.0540540540541,37,211,0.158408408408,7.42975199383,11.4054054054,7.03333333333,5.7027027027,5.10696397883,0.447766983926,0.24247470219,6.0409016291,1.05930502501,0.561034968618,3.41455109189,0.598760144076,0.328679390291,3.46100458173,0.465830432107,10.3767414824,7.42975199383,3.46100458173,10.3767414824,0.182251236199,0.125865580448,103,0.0132561132561,0.177959314122,37,37,37,1,0,0.189189189189,0.810810810811,0,-131,-0.0983483483483,5.70446317571,-7.08108108108,-8.51212121212,-4.06872586873,-0.260746176562,0.157408393649,0.0998320595477,-3.46758991327,0.0306085715937,0.0165431083366,-4.63876225454,-0.272504750129,-0.133150861013,2.82040501141,0.0945305293892,8.37674148239,5.70446317571,2.82040501141,8.37674148239,-0.161820158049,-0.250703457209,-707,-0.090990990991,-0.391617514228,-0.216216216216,0.27027027027,-0.0540540540541,188,23,154,967,0.549707602339,0.976767676768,0.0232323232323,0.450292397661,0.890995260664,0.549707602339,0.679927667269,0.629889835009,0.526475279107,0.515068493151,55,186,0,0,0,0
182,WLNM_dir_neg,0.424543299803,0.387474079161,00:00:13,10,10,21,1233943456,threshold_sweep,0.2,0.584905660377,0.166666666667,0.259414225941,31,22,155,350,0.166666666667,0.940860215054,0.0591397849462,0.833333333333,0.584905660377,0.166666666667,0.259414225941,0.682795698925,0.635005973716,0.13093289689,0.172886614378,0.10752688172,342,156,186,0,342,0,156,0,186,37,342,0.256756756757,1.72528881811,18.4864864865,15.5454545455,9.77142857143,5.36771015539,0.290358590277,0.142642642643,9.50849154237,1.02869645341,0.544491860281,8.05331334643,0.871264894205,0.461830251304,0.640599570326,0.371299902718,2,1.72528881811,0.640599570326,2,0.344071394247,0.376569037657,810,0.104247104247,0.56957682835,37,37,37,1,0,0.405405405405,0.540540540541,0.0540540540541,37,0.117117117117,2.18481481481,8.43243243243,7.09090909091,4.45714285714,5.03620525429,0.597242289772,0.326923076923,6.00062559301,1.42322530091,0.680526680527,3.83793300225,0.910278981302,0.463617463617,1.318977792,0.603702328937,4.32037037037,2.18481481481,1.318977792,4.32037037037,0,0,0,0,0.160896782956,37,37,37,1,0,0.405405405405,0.540540540541,0.0540540540541,37,209,0.156906906907,7.54256410749,11.2972972973,6.96666666667,5.64864864865,4.99924919288,0.442517273054,0.241044872624,6.04251702621,1.06972789459,0.564593301435,3.40927017456,0.603555006979,0.331307383939,3.50931124036,0.465267671624,10.2513227248,7.54256410749,3.50931124036,10.2513227248,0.168675066043,0.11,88,0.0113256113256,0.175966752743,37,37,37,1,0,0.189189189189,0.810810810811,0,-133,-0.0998498498498,5.81727528937,-7.18918918919,-8.57878787879,-4.12277992278,-0.368460962515,0.152158682777,0.0984022299812,-3.46597451617,0.041031441177,0.0201014411541,-4.64404317188,-0.267709887226,-0.130522867365,2.86871167004,0.0939677689058,8.25132272484,5.81727528937,2.86871167004,8.25132272484,-0.175396328204,-0.266569037657,-722,-0.0929214929215,-0.393610075607,-0.216216216216,0.27027027027,-0.0540540540541,187,22,155,968,0.546783625731,0.977777777778,0.0222222222222,0.453216374269,0.894736842105,0.546783625731,0.678765880218,0.630033963524,0.524561403509,0.513736263736,53,186,0,0,0,0
183,WLNM_dir_neg,0.424543299803,0.387474079161,00:00:13,10,10,21,1233943456,threshold_sweep,0.3,0.692307692308,0.145161290323,0.24,27,12,159,360,0.145161290323,0.967741935484,0.0322580645161,0.854838709677,0.692307692308,0.145161290323,0.24,0.693548387097,0.643369175627,0.140703517588,0.208746071071,0.112903225806,342,156,186,0,342,0,156,0,186,37,342,0.256756756757,1.72528881811,18.4864864865,15.5454545455,9.77142857143,5.36771015539,0.290358590277,0.142642642643,9.50849154237,1.02869645341,0.544491860281,8.05331334643,0.871264894205,0.461830251304,0.640599570326,0.371299902718,2,1.72528881811,0.640599570326,2,0.344071394247,0.376569037657,810,0.104247104247,0.56957682835,37,37,37,1,0,0.405405405405,0.540540540541,0.0540540540541,37,0.117117117117,2.18481481481,8.43243243243,7.09090909091,4.45714285714,5.03620525429,0.597242289772,0.326923076923,6.00062559301,1.42322530091,0.680526680527,3.83793300225,0.910278981302,0.463617463617,1.318977792,0.603702328937,4.32037037037,2.18481481481,1.318977792,4.32037037037,0,0,0,0,0.160896782956,37,37,37,1,0,0.405405405405,0.540540540541,0.0540540540541,37,195,0.146396396396,2.13005934126,10.5405405405,8.86363636364,5.27027027027,4.56188675997,0.43279438492,0.232155232155,6.12666598045,1.16249559629,0.607623007623,3.23735702086,0.614267742419,0.336243936244,1.18753668203,0.557513426515,3.42635498867,2.13005934126,1.18753668203,3.42635498867,0.13933065512,0.0688336520076,48,0.00617760617761,0.195943689336,37,37,37,1,0,0.405405405405,0.594594594595,0,-147,-0.11036036036,0.404770523144,-7.94594594595,-6.68181818182,-4.50115830116,-0.805823395421,0.142435794643,0.0895125895126,-3.38182556192,0.133799142876,0.0631311473417,-4.81595632558,-0.256997151786,-0.12558631506,0.546937111701,0.186213523798,1.42635498867,0.404770523144,0.546937111701,1.42635498867,-0.204740739127,-0.307735385649,-762,-0.0980694980695,-0.373633139014,0,0.0540540540541,-0.0540540540541,183,12,159,978,0.535087719298,0.987878787879,0.0121212121212,0.464912280702,0.938461538462,0.535087719298,0.68156424581,0.646259571237,0.522966507177,0.516949152542,39,186,0,0,0,0
184,WLNM_dir_neg,0.424543299803,0.387474079161,00:00:13,10,10,21,1233943456,threshold_sweep,0.4,0.735294117647,0.134408602151,0.227272727273,25,9,161,363,0.134408602151,0.975806451613,0.0241935483871,0.865591397849,0.735294117647,0.134408602151,0.227272727273,0.695340501792,0.646356033453,0.138513513514,0.217201968466,0.110215053763,342,156,186,0,342,0,156,0,186,37,342,0.256756756757,1.72528881811,18.4864864865,15.5454545455,9.77142857143,5.36771015539,0.290358590277,0.142642642643,9.50849154237,1.02869645341,0.544491860281,8.05331334643,0.871264894205,0.461830251304,0.640599570326,0.371299902718,2,1.72528881811,0.640599570326,2,0.344071394247,0.376569037657,810,0.104247104247,0.56957682835,37,37,37,1,0,0.405405405405,0.540540540541,0.0540540540541,37,0.117117117117,2.18481481481,8.43243243243,7.09090909091,4.45714285714,5.03620525429,0.597242289772,0.326923076923,6.00062559301,1.42322530091,0.680526680527,3.83793300225,0.910278981302,0.463617463617,1.318977792,0.603702328937,4.32037037037,2.18481481481,1.318977792,4.32037037037,0,0,0,0,0.160896782956,37,37,37,1,0,0.405405405405,0.540540540541,0.0540540540541,37,190,0.142642642643,2.13229264367,10.2702702703,8.63636363636,5.13513513514,4.71197439538,0.458797506918,0.246941678521,6.13805145593,1.19530475721,0.618492176387,3.29277122533,0.641223870195,0.348506401138,1.19726230656,0.561490614392,3.42800858262,2.13229264367,1.19726230656,3.42800858262,0.126817834403,0.0607707509881,41,0.00527670527671,0.188823615812,37,37,37,1,0,0.405405405405,0.594594594595,0,-152,-0.114114114114,0.407003825553,-8.21621621622,-6.90909090909,-4.63629343629,-0.655735760015,0.168438916641,0.104299035878,-3.37044008644,0.166608303793,0.0740003161056,-4.76054212111,-0.23004102401,-0.113323850166,0.556662736231,0.190190711675,1.42800858262,0.407003825553,0.556662736231,1.42800858262,-0.217253559844,-0.315798286669,-769,-0.0989703989704,-0.380753212538,0,0.0540540540541,-0.0540540540541,181,9,161,981,0.529239766082,0.990909090909,0.00909090909091,0.470760233918,0.952631578947,0.529239766082,0.68045112782,0.649753228902,0.520148856991,0.51566951567,34,186,0,0,0,0
185,WLNM_dir_neg,0.424543299803,0.387474079161,00:00:13,10,10,21,1233943456,threshold_sweep,0.5,0.806451612903,0.134408602151,0.230414746544,25,6,161,366,0.134408602151,0.983870967742,0.0161290322581,0.865591397849,0.806451612903,0.134408602151,0.230414746544,0.700716845878,0.648148148148,0.149405772496,0.243417346654,0.118279569892,342,156,186,0,342,0,156,0,186,37,342,0.256756756757,1.72528881811,18.4864864865,15.5454545455,9.77142857143,5.36771015539,0.290358590277,0.142642642643,9.50849154237,1.02869645341,0.544491860281,8.05331334643,0.871264894205,0.461830251304,0.640599570326,0.371299902718,2,1.72528881811,0.640599570326,2,0.344071394247,0.376569037657,810,0.104247104247,0.56957682835,37,37,37,1,0,0.405405405405,0.540540540541,0.0540540540541,37,0.117117117117,2.18481481481,8.43243243243,7.09090909091,4.45714285714,5.03620525429,0.597242289772,0.326923076923,6.00062559301,1.42322530091,0.680526680527,3.83793300225,0.910278981302,0.463617463617,1.318977792,0.603702328937,4.32037037037,2.18481481481,1.318977792,4.32037037037,0,0,0,0,0.160896782956,37,37,37,1,0,0.405405405405,0.540540540541,0.0540540540541,37,187,0.14039039039,2.12049136564,10.1081081081,8.5,5.19444444444,4.69505522263,0.464484072827,0.250180661945,6.12347915788,1.21159748044,0.623500505853,3.36605560416,0.666011001894,0.362191068073,1.17745304195,0.555273679028,3.41397624933,2.12049136564,1.17745304195,3.41397624933,0.139687847273,0.0611028315946,41,0.00527670527671,0.188217219854,37,37,37,1,0,0.405405405405,0.567567567568,0.027027027027,-155,-0.116366366366,0.395202547525,-8.37837837838,-7.04545454545,-4.57698412698,-0.672654932763,0.17412548255,0.107538019303,-3.38501238449,0.182901027021,0.0790086455721,-4.68725774227,-0.205253892311,-0.0996391832305,0.536853471621,0.183973776311,1.41397624933,0.395202547525,0.536853471621,1.41397624933,-0.204383546974,-0.315466206062,-769,-0.0989703989704,-0.381359608496,0,0.027027027027,-0.027027027027,181,6,161,984,0.529239766082,0.993939393939,0.00606060606061,0.470760233918,0.967914438503,0.529239766082,0.684310018904,0.657896445487,0.523179160021,0.520114942529,31,186,0,0,0,0
186,WLNM_dir_neg,0.424543299803,0.387474079161,00:00:13,10,10,21,1233943456,threshold_sweep,0.6,0.814814814815,0.118279569892,0.206572769953,22,5,164,367,0.118279569892,0.986559139785,0.0134408602151,0.881720430108,0.814814814815,0.118279569892,0.206572769953,0.697132616487,0.650537634409,0.133333333333,0.230314068163,0.104838709677,342,156,186,0,342,0,156,0,186,37,342,0.256756756757,1.72528881811,18.4864864865,15.5454545455,9.77142857143,5.36771015539,0.290358590277,0.142642642643,9.50849154237,1.02869645341,0.544491860281,8.05331334643,0.871264894205,0.461830251304,0.640599570326,0.371299902718,2,1.72528881811,0.640599570326,2,0.344071394247,0.376569037657,810,0.104247104247,0.56957682835,37,37,37,1,0,0.405405405405,0.540540540541,0.0540540540541,37,0.117117117117,2.18481481481,8.43243243243,7.09090909091,4.45714285714,5.03620525429,0.597242289772,0.326923076923,6.00062559301,1.42322530091,0.680526680527,3.83793300225,0.910278981302,0.463617463617,1.318977792,0.603702328937,4.32037037037,2.18481481481,1.318977792,4.32037037037,0,0,0,0,0.160896782956,37,37,37,1,0,0.405405405405,0.540540540541,0.0540540540541,37,183,0.137387387387,2.11427707364,9.89189189189,8.31818181818,5.08333333333,4.49557673833,0.454470872454,0.244720129966,6.04127445139,1.22145986176,0.628267611874,3.39072219402,0.685555853435,0.370403190075,1.16963160362,0.553206397685,3.41001927919,2.11427707364,1.16963160362,3.41001927919,0.127264073007,0.0498701298701,32,0.0041184041184,0.183289799991,37,37,37,1,0,0.405405405405,0.567567567568,0.027027027027,-159,-0.119369369369,0.388988255524,-8.59459459459,-7.22727272727,-4.6880952381,-0.872133417064,0.164112282177,0.102077487323,-3.46721709099,0.192763408341,0.0837757515928,-4.66259115242,-0.18570904077,-0.0914270612286,0.529032033289,0.181906494967,1.41001927919,0.388988255524,0.529032033289,1.41001927919,-0.21680732124,-0.326698907787,-778,-0.100128700129,-0.386287028358,0,0.027027027027,-0.027027027027,178,5,164,985,0.520467836257,0.994949494949,0.00505050505051,0.479532163743,0.972677595628,0.520467836257,0.678095238095,0.654039697473,0.515417331207,0.512968299712,27,186,0,0,0,0
187,WLNM_dir_neg,0.424543299803,0.387474079161,00:00:13,10,10,21,1233943456,threshold_sweep,0.7,0.782608695652,0.0967741935484,0.172248803828,18,5,168,367,0.0967741935484,0.986559139785,0.0134408602151,0.903225806452,0.782608695652,0.0967741935484,0.172248803828,0.689964157706,0.652927120669,0.106712564544,0.197608620777,0.0833333333333,342,156,186,0,342,0,156,0,186,37,342,0.256756756757,1.72528881811,18.4864864865,15.5454545455,9.77142857143,5.36771015539,0.290358590277,0.142642642643,9.50849154237,1.02869645341,0.544491860281,8.05331334643,0.871264894205,0.461830251304,0.640599570326,0.371299902718,2,1.72528881811,0.640599570326,2,0.344071394247,0.376569037657,810,0.104247104247,0.56957682835,37,37,37,1,0,0.405405405405,0.540540540541,0.0540540540541,37,0.117117117117,2.18481481481,8.43243243243,7.09090909091,4.45714285714,5.03620525429,0.597242289772,0.326923076923,6.00062559301,1.42322530091,0.680526680527,3.83793300225,0.910278981302,0.463617463617,1.318977792,0.603702328937,4.32037037037,2.18481481481,1.318977792,4.32037037037,0,0,0,0,0.160896782956,37,37,37,1,0,0.405405405405,0.540540540541,0.0540540540541,37,179,0.134384384384,2.13190546053,9.67567567568,8.13636363636,4.97222222222,4.46003272319,0.460953102676,0.247319945644,5.97919315215,1.23592260687,0.632945794957,3.46821690909,0.716893997969,0.386229805224,1.20202833597,0.563828161344,3.5872960373,2.13190546053,1.20202833597,3.5872960373,0.112761567406,0.0373174689021,23,0.0029601029601,0.180935144065,37,37,37,1,0,0.405405405405,0.567567567568,0.027027027027,-163,-0.122372372372,0.406616642416,-8.81081081081,-7.40909090909,-4.79920634921,-0.907677432207,0.170594512399,0.104677303001,-3.52929839022,0.207226153455,0.0884539346756,-4.58509643734,-0.154370896236,-0.0756004460797,0.561428765643,0.192528258626,1.5872960373,0.406616642416,0.561428765643,1.5872960373,-0.231309826842,-0.339251568755,-787,-0.101287001287,-0.388641684284,0,0.027027027027,-0.027027027027,174,5,168,985,0.508771929825,0.994949494949,0.00505050505051,0.491228070175,0.972067039106,0.508771929825,0.667946257198,0.645178526441,0.503721424774,0.50144092219,23,186,0,0,0,0
188,WLNM_dir_neg,0.424543299803,0.387474079161,00:00:13,10,10,21,1233943456,threshold_sweep,0.8,0.736842105263,0.0752688172043,0.136585365854,14,5,172,367,0.0752688172043,0.986559139785,0.0134408602151,0.924731182796,0.736842105263,0.0752688172043,0.136585365854,0.682795698925,0.65531660693,0.0797227036395,0.160709538929,0.0618279569892,342,156,186,0,342,0,156,0,186,37,342,0.256756756757,1.72528881811,18.4864864865,15.5454545455,9.77142857143,5.36771015539,0.290358590277,0.142642642643,9.50849154237,1.02869645341,0.544491860281,8.05331334643,0.871264894205,0.461830251304,0.640599570326,0.371299902718,2,1.72528881811,0.640599570326,2,0.344071394247,0.376569037657,810,0.104247104247,0.56957682835,37,37,37,1,0,0.405405405405,0.540540540541,0.0540540540541,37,0.117117117117,2.18481481481,8.43243243243,7.09090909091,4.45714285714,5.03620525429,0.597242289772,0.326923076923,6.00062559301,1.42322530091,0.680526680527,3.83793300225,0.910278981302,0.463617463617,1.318977792,0.603702328937,4.32037037037,2.18481481481,1.318977792,4.32037037037,0,0,0,0,0.160896782956,37,37,37,1,0,0.405405405405,0.540540540541,0.0540540540541,37,175,0.131381381381,2.14072150009,9.45945945946,7.95454545455,4.86111111111,4.64036992416,0.490553391982,0.262393822394,5.96586888823,1.26135513637,0.640308880309,3.54846327184,0.750246520332,0.402162162162,1.21982288514,0.569818579898,3.68498346747,2.14072150009,1.21982288514,3.68498346747,0.0969235489359,0.0265193370166,16,0.0020592020592,0.180360502257,37,37,37,1,0,0.405405405405,0.567567567568,0.027027027027,-167,-0.125375375375,0.415432681974,-9.02702702703,-7.59090909091,-4.91031746032,-0.727340231235,0.200194801705,0.119751179751,-3.54262265414,0.232658682955,0.0958170200275,-4.5048500746,-0.121018373873,-0.0596680891418,0.579223314813,0.198518677181,1.68498346747,0.415432681974,0.579223314813,1.68498346747,-0.247147845311,-0.35004970064,-794,-0.102187902188,-0.389216326093,0,0.027027027027,-0.027027027027,170,5,172,985,0.497076023392,0.994949494949,0.00505050505051,0.502923976608,0.971428571429,0.497076023392,0.657640232108,0.636257000931,0.492025518341,0.489913544669,19,186,0,0,0,0
189,WLNM_dir_neg,0.424543299803,0.387474079161,00:00:13,10,10,21,1233943456,threshold_sweep,0.9,0.777777777778,0.0752688172043,0.137254901961,14,4,172,368,0.0752688172043,0.989247311828,0.010752688172,0.924731182796,0.777777777778,0.0752688172043,0.137254901961,0.68458781362,0.655913978495,0.0833333333333,0.172132593165,0.0645161290323,342,156,186,0,342,0,156,0,186,37,342,0.256756756757,1.72528881811,18.4864864865,15.5454545455,9.77142857143,5.36771015539,0.290358590277,0.142642642643,9.50849154237,1.02869645341,0.544491860281,8.05331334643,0.871264894205,0.461830251304,0.640599570326,0.371299902718,2,1.72528881811,0.640599570326,2,0.344071394247,0.376569037657,810,0.104247104247,0.56957682835,37,37,37,1,0,0.405405405405,0.540540540541,0.0540540540541,37,0.117117117117,2.18481481481,8.43243243243,7.09090909091,4.45714285714,5.03620525429,0.597242289772,0.326923076923,6.00062559301,1.42322530091,0.680526680527,3.83793300225,0.910278981302,0.463617463617,1.318977792,0.603702328937,4.32037037037,2.18481481481,1.318977792,4.32037037037,0,0,0,0,0.160896782956,37,37,37,1,0,0.405405405405,0.540540540541,0.0540540540541,37,174,0.130630630631,2.15169398147,9.40540540541,7.90909090909,4.83333333333,4.60952793112,0.490093486929,0.262969866418,5.9668755311,1.26881836006,0.641814228021,3.56576986284,0.758238419109,0.405716060888,1.23882193976,0.575742624382,3.72209487424,2.15169398147,1.23882193976,3.72209487424,0.101450134345,0.0268456375839,16,0.0020592020592,0.17996055348,37,37,37,1,0,0.405405405405,0.567567567568,0.027027027027,-168,-0.126126126126,0.426405163355,-9.08108108108,-7.63636363636,-4.9380952381,-0.758182224276,0.199734896652,0.120327223775,-3.54161601128,0.240121906646,0.0973223677398,-4.4875434836,-0.113026475096,-0.0561141904155,0.598222369433,0.204442721665,1.72209487424,0.426405163355,0.598222369433,1.72209487424,-0.242621259903,-0.349723400073,-794,-0.102187902188,-0.389616274869,0,0.027027027027,-0.027027027027,170,4,172,986,0.497076023392,0.99595959596,0.0040404040404,0.502923976608,0.977011494253,0.497076023392,0.658914728682,0.63911651865,0.493035619351,0.491329479769,18,186,0,0,0,0
190,WLNM_dir_neg,0.371618106139,0.290586530593,00:00:14,10,10,22,1233943457,threshold_sweep,0.1,0.387096774194,0.0645161290323,0.110599078341,12,19,174,353,0.0645161290323,0.948924731183,0.0510752688172,0.935483870968,0.387096774194,0.0645161290323,0.110599078341,0.654121863799,0.648148148148,0.0169779286927,0.0276610621198,0.0134408602151,342,156,186,0,342,0,156,0,186,37,342,0.256756756757,1.72528881811,18.4864864865,15.5454545455,9.77142857143,5.36771015539,0.290358590277,0.142642642643,9.50849154237,1.02869645341,0.544491860281,8.05331334643,0.871264894205,0.461830251304,0.640599570326,0.371299902718,2,1.72528881811,0.640599570326,2,0.344071394247,0.376569037657,810,0.104247104247,0.56957682835,37,37,37,1,0,0.405405405405,0.540540540541,0.0540540540541,37,0.117117117117,2.22747747748,8.43243243243,7.09090909091,4.45714285714,5.03620525429,0.597242289772,0.326923076923,6.00525295579,1.42432281644,0.680873180873,3.83793300225,0.910278981302,0.463617463617,1.42084529335,0.637871901162,5.2,2.22747747748,1.42084529335,5.2,0,0,0,0,0.160752482811,37,37,37,1,0,0.405405405405,0.540540540541,0.0540540540541,37,187,0.14039039039,13.9636251461,10.1081081081,5.84375,5.19444444444,4.97652145236,0.492329662399,0.267235149588,5.78765902563,1.14515178582,0.579274461627,3.82931634416,0.757672217829,0.403526521174,5.58812486052,0.400191554991,17.8059167105,13.9636251461,5.58812486052,17.8059167105,0.112414648173,0.0502463054187,34,0.0043758043758,0.185717202145,37,37,37,1,0,0.135135135135,0.837837837838,0.027027027027,-155,-0.116366366366,12.238336328,-8.37837837838,-9.70170454545,-4.57698412698,-0.391188703037,0.201971072122,0.124592506945,-3.72083251674,0.116455332406,0.0347826013461,-4.22399700227,-0.113592676376,-0.0583037301304,4.94752529019,0.0288916522729,15.8059167105,12.238336328,4.94752529019,15.8059167105,-0.231656746074,-0.326322732238,-776,-0.0998712998713,-0.383859626205,-0.27027027027,0.297297297297,-0.027027027027,168,19,174,971,0.491228070175,0.980808080808,0.0191919191919,0.508771929825,0.898395721925,0.491228070175,0.635160680529,0.593584243418,0.472036150984,0.465373961219,31,186,0,0,0,0
191,WLNM_dir_neg,0.371618106139,0.290586530593,00:00:14,10,10,22,1233943457,threshold_sweep,0.2,0.545454545455,0.0645161290323,0.115384615385,12,10,174,362,0.0645161290323,0.97311827957,0.0268817204301,0.935483870968,0.545454545455,0.0645161290323,0.115384615385,0.670250896057,0.653524492234,0.048275862069,0.0911631456874,0.0376344086022,342,156,186,0,342,0,156,0,186,37,342,0.256756756757,1.72528881811,18.4864864865,15.5454545455,9.77142857143,5.36771015539,0.290358590277,0.142642642643,9.50849154237,1.02869645341,0.544491860281,8.05331334643,0.871264894205,0.461830251304,0.640599570326,0.371299902718,2,1.72528881811,0.640599570326,2,0.344071394247,0.376569037657,810,0.104247104247,0.56957682835,37,37,37,1,0,0.405405405405,0.540540540541,0.0540540540541,37,0.117117117117,2.22747747748,8.43243243243,7.09090909091,4.45714285714,5.03620525429,0.597242289772,0.326923076923,6.00525295579,1.42432281644,0.680873180873,3.83793300225,0.910278981302,0.463617463617,1.42084529335,0.637871901162,5.2,2.22747747748,1.42084529335,5.2,0,0,0,0,0.160752482811,37,37,37,1,0,0.405405405405,0.540540540541,0.0540540540541,37,178,0.133633633634,3.08388097226,9.62162162162,7.73913043478,4.94444444444,4.54209540087,0.472071713012,0.254934709991,5.97605331412,1.24221332934,0.633161251139,3.51850534743,0.73137470705,0.392043729122,2.37773549666,0.771020515398,6.92617253665,3.08388097226,2.37773549666,6.92617253665,0.0993267905033,0.0264608599779,16,0.0020592020592,0.172196570213,37,37,37,1,0,0.378378378378,0.594594594595,0.027027027027,-164,-0.123123123123,1.35859215415,-8.86486486486,-7.80632411067,-4.82698412698,-0.82561475452,0.181713122735,0.112292067348,-3.53243822825,0.213516875925,0.0886693908574,-4.53480799901,-0.139890187155,-0.0697865221816,1.73713592634,0.39972061268,4.92617253665,1.35859215415,1.73713592634,4.92617253665,-0.244744603744,-0.350108177679,-794,-0.102187902188,-0.397380258137,-0.027027027027,0.0540540540541,-0.027027027027,168,10,174,980,0.491228070175,0.989898989899,0.010101010101,0.508771929825,0.943820224719,0.491228070175,0.646153846154,0.617699896285,0.481127060074,0.477272727273,22,186,0,0,0,0
192,WLNM_dir_neg,0.371618106139,0.290586530593,00:00:14,10,10,22,1233943457,threshold_sweep,0.3,0.52380952381,0.0591397849462,0.106280193237,11,10,175,362,0.0591397849462,0.97311827957,0.0268817204301,0.940860215054,0.52380952381,0.0591397849462,0.106280193237,0.668458781362,0.654121863799,0.0414507772021,0.0799041724551,0.0322580645161,342,156,186,0,342,0,156,0,186,37,342,0.256756756757,1.72528881811,18.4864864865,15.5454545455,9.77142857143,5.36771015539,0.290358590277,0.142642642643,9.50849154237,1.02869645341,0.544491860281,8.05331334643,0.871264894205,0.461830251304,0.640599570326,0.371299902718,2,1.72528881811,0.640599570326,2,0.344071394247,0.376569037657,810,0.104247104247,0.56957682835,37,37,37,1,0,0.405405405405,0.540540540541,0.0540540540541,37,0.117117117117,2.22747747748,8.43243243243,7.09090909091,4.45714285714,5.03620525429,0.597242289772,0.326923076923,6.00525295579,1.42432281644,0.680873180873,3.83793300225,0.910278981302,0.463617463617,1.42084529335,0.637871901162,5.2,2.22747747748,1.42084529335,5.2,0,0,0,0,0.160752482811,37,37,37,1,0,0.405405405405,0.540540540541,0.0540540540541,37,177,0.132882882883,3.08885161477,9.56756756757,7.69565217391,4.91666666667,4.57978978497,0.478678593344,0.259428920446,5.97743504605,1.24952032036,0.634906092533,3.52085165782,0.735997239206,0.393647885173,2.38444130904,0.77195074624,6.94906136861,3.08885161477,2.38444130904,6.94906136861,0.0981205422382,0.0249584026622,15,0.0019305019305,0.170461082208,37,37,37,1,0,0.378378378378,0.594594594595,0.027027027027,-165,-0.123873873874,1.36356279665,-8.91891891892,-7.84980237154,-4.85476190476,-0.787920370428,0.188320003067,0.116786277803,-3.53105649633,0.220823866946,0.0904142322519,-4.53246168861,-0.135267654999,-0.0681823661306,1.74384173872,0.400650843522,4.94906136861,1.36356279665,1.74384173872,4.94906136861,-0.245950852009,-0.351610634995,-795,-0.102316602317,-0.399115746142,-0.027027027027,0.0540540540541,-0.027027027027,167,10,175,980,0.488304093567,0.989898989899,0.010101010101,0.511695906433,0.943502824859,0.488304093567,0.643545279383,0.615411201929,0.478203083466,0.474431818182,21,186,0,0,0,0
193,WLNM_dir_neg,0.371618106139,0.290586530593,00:00:14,10,10,22,1233943457,threshold_sweep,0.4,0.52380952381,0.0591397849462,0.106280193237,11,10,175,362,0.0591397849462,0.97311827957,0.0268817204301,0.940860215054,0.52380952381,0.0591397849462,0.106280193237,0.668458781362,0.654121863799,0.0414507772021,0.0799041724551,0.0322580645161,342,156,186,0,342,0,156,0,186,37,342,0.256756756757,1.72528881811,18.4864864865,15.5454545455,9.77142857143,5.36771015539,0.290358590277,0.142642642643,9.50849154237,1.02869645341,0.544491860281,8.05331334643,0.871264894205,0.461830251304,0.640599570326,0.371299902718,2,1.72528881811,0.640599570326,2,0.344071394247,0.376569037657,810,0.104247104247,0.56957682835,37,37,37,1,0,0.405405405405,0.540540540541,0.0540540540541,37,0.117117117117,2.22747747748,8.43243243243,7.09090909091,4.45714285714,5.03620525429,0.597242289772,0.326923076923,6.00525295579,1.42432281644,0.680873180873,3.83793300225,0.910278981302,0.463617463617,1.42084529335,0.637871901162,5.2,2.22747747748,1.42084529335,5.2,0,0,0,0,0.160752482811,37,37,37,1,0,0.405405405405,0.540540540541,0.0540540540541,37,177,0.132882882883,3.08885161477,9.56756756757,7.69565217391,4.91666666667,4.57978978497,0.478678593344,0.259428920446,5.97743504605,1.24952032036,0.634906092533,3.52085165782,0.735997239206,0.393647885173,2.38444130904,0.77195074624,6.94906136861,3.08885161477,2.38444130904,6.94906136861,0.0981205422382,0.0249584026622,15,0.0019305019305,0.170461082208,37,37,37,1,0,0.378378378378,0.594594594595,0.027027027027,-165,-0.123873873874,1.36356279665,-8.91891891892,-7.84980237154,-4.85476190476,-0.787920370428,0.188320003067,0.116786277803,-3.53105649633,0.220823866946,0.0904142322519,-4.53246168861,-0.135267654999,-0.0681823661306,1.74384173872,0.400650843522,4.94906136861,1.36356279665,1.74384173872,4.94906136861,-0.245950852009,-0.351610634995,-795,-0.102316602317,-0.399115746142,-0.027027027027,0.0540540540541,-0.027027027027,167,10,175,980,0.488304093567,0.989898989899,0.010101010101,0.511695906433,0.943502824859,0.488304093567,0.643545279383,0.615411201929,0.478203083466,0.474431818182,21,186,0,0,0,0
194,WLNM_dir_neg,0.371618106139,0.290586530593,00:00:14,10,10,22,1233943457,threshold_sweep,0.5,0.470588235294,0.0430107526882,0.0788177339901,8,9,178,363,0.0430107526882,0.975806451613,0.0241935483871,0.956989247312,0.470588235294,0.0430107526882,0.0788177339901,0.664874551971,0.65651135006,0.024347826087,0.0516131005198,0.0188172043011,342,156,186,0,342,0,156,0,186,37,342,0.256756756757,1.72528881811,18.4864864865,15.5454545455,9.77142857143,5.36771015539,0.290358590277,0.142642642643,9.50849154237,1.02869645341,0.544491860281,8.05331334643,0.871264894205,0.461830251304,0.640599570326,0.371299902718,2,1.72528881811,0.640599570326,2,0.344071394247,0.376569037657,810,0.104247104247,0.56957682835,37,37,37,1,0,0.405405405405,0.540540540541,0.0540540540541,37,0.117117117117,2.22747747748,8.43243243243,7.09090909091,4.45714285714,5.03620525429,0.597242289772,0.326923076923,6.00525295579,1.42432281644,0.680873180873,3.83793300225,0.910278981302,0.463617463617,1.42084529335,0.637871901162,5.2,2.22747747748,1.42084529335,5.2,0,0,0,0,0.160752482811,37,37,37,1,0,0.405405405405,0.540540540541,0.0540540540541,37,173,0.12987987988,3.00129953816,9.35135135135,7.52173913043,4.80555555556,4.74468249855,0.50737934233,0.274957037963,5.97240903402,1.27733603618,0.643961880956,3.56724336501,0.762936442228,0.404936728636,2.28042292611,0.759811840544,6.78468880908,3.00129953816,2.28042292611,6.78468880908,0.0829689283121,0.0185601799775,11,0.0014157014157,0.166307561157,37,37,37,1,0,0.378378378378,0.594594594595,0.027027027027,-169,-0.126876876877,1.27601072004,-9.13513513514,-8.02371541502,-4.96587301587,-0.623027656847,0.217020752053,0.13231439532,-3.53608250835,0.248639582763,0.0994700206748,-4.48606998142,-0.108328451977,-0.0568935226678,1.63982335578,0.388511937826,4.78468880908,1.27601072004,1.63982335578,4.78468880908,-0.261102465935,-0.358008857679,-799,-0.102831402831,-0.403269267193,-0.027027027027,0.0540540540541,-0.027027027027,164,9,178,981,0.479532163743,0.990909090909,0.00909090909091,0.520467836257,0.947976878613,0.479532163743,0.636893203883,0.611323766642,0.470441254652,0.467236467236,17,186,0,0,0,0
195,WLNM_dir_neg,0.371618106139,0.290586530593,00:00:14,10,10,22,1233943457,threshold_sweep,0.6,0.4,0.0322580645161,0.0597014925373,6,9,180,363,0.0322580645161,0.975806451613,0.0241935483871,0.967741935484,0.4,0.0322580645161,0.0597014925373,0.661290322581,0.65770609319,0.0104712041885,0.0235050247361,0.00806451612903,342,156,186,0,342,0,156,0,186,37,342,0.256756756757,1.72528881811,18.4864864865,15.5454545455,9.77142857143,5.36771015539,0.290358590277,0.142642642643,9.50849154237,1.02869645341,0.544491860281,8.05331334643,0.871264894205,0.461830251304,0.640599570326,0.371299902718,2,1.72528881811,0.640599570326,2,0.344071394247,0.376569037657,810,0.104247104247,0.56957682835,37,37,37,1,0,0.405405405405,0.540540540541,0.0540540540541,37,0.117117117117,2.22747747748,8.43243243243,7.09090909091,4.45714285714,5.03620525429,0.597242289772,0.326923076923,6.00525295579,1.42432281644,0.680873180873,3.83793300225,0.910278981302,0.463617463617,1.42084529335,0.637871901162,5.2,2.22747747748,1.42084529335,5.2,0,0,0,0,0.160752482811,37,37,37,1,0,0.405405405405,0.540540540541,0.0540540540541,37,171,0.128378378378,2.99334793271,9.24324324324,7.4347826087,4.75,4.73993322389,0.512799793228,0.278172909752,5.95049648419,1.28753432699,0.646435909594,3.60055050846,0.779066484286,0.409988936305,2.26914694914,0.758063212214,6.77022966083,2.99334793271,2.26914694914,6.77022966083,0.074299719888,0.0136131593874,8,0.0010296010296,0.165421227464,37,37,37,1,0,0.378378378378,0.594594594595,0.027027027027,-171,-0.128378378378,1.26805911459,-9.24324324324,-8.11067193676,-5.02142857143,-0.6277769315,0.222441202951,0.135530267109,-3.55799505818,0.258837873575,0.101944049312,-4.45276283798,-0.0921984099184,-0.0518413149992,1.62854737881,0.386763309496,4.77022966083,1.26805911459,1.62854737881,4.77022966083,-0.269771674359,-0.362955878269,-802,-0.103217503218,-0.404155600886,-0.027027027027,0.0540540540541,-0.027027027027,162,9,180,981,0.473684210526,0.990909090909,0.00909090909091,0.526315789474,0.947368421053,0.473684210526,0.631578947368,0.606721561507,0.464593301435,0.461538461538,15,186,0,0,0,0
196,WLNM_dir_neg,0.371618106139,0.290586530593,00:00:14,10,10,22,1233943457,threshold_sweep,0.7,0.25,0.0161290322581,0.030303030303,3,9,183,363,0.0161290322581,0.975806451613,0.0241935483871,0.983870967742,0.25,0.0161290322581,0.030303030303,0.655913978495,0.659498207885,-0.0105263157895,-0.026207120918,-0.00806451612903,342,156,186,0,342,0,156,0,186,37,342,0.256756756757,1.72528881811,18.4864864865,15.5454545455,9.77142857143,5.36771015539,0.290358590277,0.142642642643,9.50849154237,1.02869645341,0.544491860281,8.05331334643,0.871264894205,0.461830251304,0.640599570326,0.371299902718,2,1.72528881811,0.640599570326,2,0.344071394247,0.376569037657,810,0.104247104247,0.56957682835,37,37,37,1,0,0.405405405405,0.540540540541,0.0540540540541,37,0.117117117117,2.22747747748,8.43243243243,7.09090909091,4.45714285714,5.03620525429,0.597242289772,0.326923076923,6.00525295579,1.42432281644,0.680873180873,3.83793300225,0.910278981302,0.463617463617,1.42084529335,0.637871901162,5.2,2.22747747748,1.42084529335,5.2,0,0,0,0,0.160752482811,37,37,37,1,0,0.405405405405,0.540540540541,0.0540540540541,37,168,0.126126126126,2.96011266928,9.08108108108,7.30434782609,4.66666666667,4.82688292781,0.531531750979,0.289414414414,5.94229003086,1.30871863775,0.651544401544,3.64839838982,0.803516312043,0.421814671815,2.21849116286,0.749461730253,6.71259387473,2.96011266928,2.21849116286,6.71259387473,0.0837353459902,0.0119658119658,7,0.000900900900901,0.160292155833,37,37,37,1,0,0.378378378378,0.594594594595,0.027027027027,-174,-0.130630630631,1.23482385116,-9.40540540541,-8.24110671937,-5.10476190476,-0.540827227582,0.241173160702,0.146771771772,-3.56620151152,0.280022184333,0.107052541263,-4.40491495662,-0.0677485821621,-0.0400155794893,1.57789159253,0.378161827535,4.71259387473,1.23482385116,1.57789159253,4.71259387473,-0.260336048257,-0.364603225691,-803,-0.103346203346,-0.409284672517,-0.027027027027,0.0540540540541,-0.027027027027,159,9,183,981,0.464912280702,0.990909090909,0.00909090909091,0.535087719298,0.946428571429,0.464912280702,0.623529411765,0.599783070151,0.455821371611,0.452991452991,12,186,0,0,0,0
197,WLNM_dir_neg,0.371618106139,0.290586530593,00:00:14,10,10,22,1233943457,threshold_sweep,0.8,0.272727272727,0.0161290322581,0.0304568527919,3,8,183,364,0.0161290322581,0.978494623656,0.0215053763441,0.983870967742,0.272727272727,0.0161290322581,0.0304568527919,0.65770609319,0.66009557945,-0.00702987697715,-0.0182316087402,-0.00537634408602,342,156,186,0,342,0,156,0,186,37,342,0.256756756757,1.72528881811,18.4864864865,15.5454545455,9.77142857143,5.36771015539,0.290358590277,0.142642642643,9.50849154237,1.02869645341,0.544491860281,8.05331334643,0.871264894205,0.461830251304,0.640599570326,0.371299902718,2,1.72528881811,0.640599570326,2,0.344071394247,0.376569037657,810,0.104247104247,0.56957682835,37,37,37,1,0,0.405405405405,0.540540540541,0.0540540540541,37,0.117117117117,2.22747747748,8.43243243243,7.09090909091,4.45714285714,5.03620525429,0.597242289772,0.326923076923,6.00525295579,1.42432281644,0.680873180873,3.83793300225,0.910278981302,0.463617463617,1.42084529335,0.637871901162,5.2,2.22747747748,1.42084529335,5.2,0,0,0,0,0.160752482811,37,37,37,1,0,0.405405405405,0.540540540541,0.0540540540541,37,167,0.125375375375,2.99351945052,9.02702702703,7.26086956522,4.63888888889,4.81021186001,0.532867780899,0.290500080919,5.94708902471,1.31761852643,0.653827480175,3.67137290111,0.813417948149,0.426606246966,2.26157410456,0.755490031697,6.74175983756,2.99351945052,2.26157410456,6.74175983756,0.0929946052495,0.0120967741935,7,0.000900900900901,0.160954054321,37,37,37,1,0,0.378378378378,0.594594594595,0.027027027027,-175,-0.131381381381,1.2682306324,-9.45945945946,-8.28458498024,-5.13253968254,-0.557498295388,0.242509190622,0.147857438277,-3.56140251766,0.288922073019,0.109335619893,-4.38194044533,-0.0578469460555,-0.0352240043384,1.62097453423,0.384190128979,4.74175983756,1.2682306324,1.62097453423,4.74175983756,-0.251076788998,-0.364472263463,-803,-0.103346203346,-0.408622774029,-0.027027027027,0.0540540540541,-0.027027027027,159,8,183,982,0.464912280702,0.991919191919,0.00808080808081,0.535087719298,0.952095808383,0.464912280702,0.624754420432,0.602650426588,0.456831472621,0.454285714286,11,186,0,0,0,0
198,WLNM_dir_neg,0.371618106139,0.290586530593,00:00:14,10,10,22,1233943457,threshold_sweep,0.9,0.333333333333,0.0161290322581,0.0307692307692,3,6,183,366,0.0161290322581,0.983870967742,0.0161290322581,0.983870967742,0.333333333333,0.0161290322581,0.0307692307692,0.661290322581,0.661290322581,0,0,0,342,156,186,0,342,0,156,0,186,37,342,0.256756756757,1.72528881811,18.4864864865,15.5454545455,9.77142857143,5.36771015539,0.290358590277,0.142642642643,9.50849154237,1.02869645341,0.544491860281,8.05331334643,0.871264894205,0.461830251304,0.640599570326,0.371299902718,2,1.72528881811,0.640599570326,2,0.344071394247,0.376569037657,810,0.104247104247,0.56957682835,37,37,37,1,0,0.405405405405,0.540540540541,0.0540540540541,37,0.117117117117,2.22747747748,8.43243243243,7.09090909091,4.45714285714,5.03620525429,0.597242289772,0.326923076923,6.00525295579,1.42432281644,0.680873180873,3.83793300225,0.910278981302,0.463617463617,1.42084529335,0.637871901162,5.2,2.22747747748,1.42084529335,5.2,0,0,0,0,0.160752482811,37,37,37,1,0,0.405405405405,0.540540540541,0.0540540540541,37,165,0.123873873874,2.76018365993,8.91891891892,7.5,4.58333333333,4.81535955954,0.539903950615,0.293857493857,5.97492256851,1.33983112142,0.66208026208,3.69379806488,0.828306232732,0.432432432432,2.04132016595,0.739559542933,6.47355010568,2.76018365993,2.04132016595,6.47355010568,0.0901286440502,0.0105633802817,6,0.000772200772201,0.172547123581,37,37,37,1,0,0.405405405405,0.567567567568,0.027027027027,-177,-0.132882882883,1.03489484182,-9.56756756757,-8.04545454545,-5.1880952381,-0.55235059585,0.249545360338,0.151214851215,-3.53356897386,0.311134668009,0.117588401799,-4.35951528155,-0.0429586614732,-0.0293978188715,1.40072059562,0.368259640215,4.47355010568,1.03489484182,1.40072059562,4.47355010568,-0.253942750197,-0.366005657375,-804,-0.103474903475,-0.397029704769,0,0.027027027027,-0.027027027027,159,6,183,984,0.464912280702,0.993939393939,0.00606060606061,0.535087719298,0.963636363636,0.464912280702,0.627218934911,0.608450946826,0.458851674641,0.456896551724,9,186,0,0,0,0
199,WLNM_dir_neg,0.617911030177,0.526345477566,00:00:14,10,10,23,1233943458,threshold_sweep,0.1,0.75,0.322580645161,0.451127819549,60,20,126,352,0.322580645161,0.94623655914,0.0537634408602,0.677419354839,0.75,0.322580645161,0.451127819549,0.73835125448,0.618876941458,0.313479623824,0.361598033838,0.268817204301,342,156,186,0,342,0,156,0,186,37,342,0.256756756757,1.72528881811,18.4864864865,15.5454545455,9.77142857143,5.36771015539,0.290358590277,0.142642642643,9.50849154237,1.02869645341,0.544491860281,8.05331334643,0.871264894205,0.461830251304,0.640599570326,0.371299902718,2,1.72528881811,0.640599570326,2,0.344071394247,0.376569037657,810,0.104247104247,0.56957682835,37,37,37,1,0,0.405405405405,0.540540540541,0.0540540540541,37,0.117117117117,2.22747747748,8.43243243243,7.09090909091,4.45714285714,5.03620525429,0.597242289772,0.326923076923,6.00525295579,1.42432281644,0.680873180873,3.83793300225,0.910278981302,0.463617463617,1.42084529335,0.637871901162,5.2,2.22747747748,1.42084529335,5.2,0,0,0,0,0.160752482811,37,37,37,1,0,0.405405405405,0.540540540541,0.0540540540541,37,236,0.177177177177,5.37429081618,12.7567567568,8.13793103448,6.74285714286,6.99366938105,0.548232557413,0.272102611086,7.85051785748,1.2308015285,0.610627576729,4.52984762652,0.710187975345,0.38570774164,2.65052096102,0.493185250236,8.45710122956,5.37429081618,2.65052096102,8.45710122956,0.350826670776,0.245979186377,260,0.033462033462,0.206695132175,37,37,37,1,0,0.216216216216,0.72972972973,0.0540540540541,-106,-0.0795795795796,3.64900199806,-5.72972972973,-7.40752351097,-3.02857142857,1.62595922565,0.257873967136,0.129459968443,-1.65797368489,0.202105075089,0.0661357164479,-3.52346571991,-0.16107691886,-0.076122509664,2.00992139069,0.121885347519,6.45710122956,3.64900199806,2.00992139069,6.45710122956,0.00675527652832,-0.13058985128,-550,-0.0707850707851,-0.362881696175,-0.189189189189,0.189189189189,0,216,20,126,970,0.631578947368,0.979797979798,0.020202020202,0.368421052632,0.915254237288,0.631578947368,0.747404844291,0.699485017403,0.611376927166,0.596685082873,80,186,0,0,0,0
200,WLNM_dir_neg,0.617911030177,0.526345477566,00:00:14,10,10,23,1233943458,threshold_sweep,0.2,0.736842105263,0.301075268817,0.427480916031,56,20,130,352,0.301075268817,0.94623655914,0.0537634408602,0.698924731183,0.736842105263,0.301075268817,0.427480916031,0.731182795699,0.621266427718,0.290220820189,0.339893229899,0.247311827957,342,156,186,0,342,0,156,0,186,37,342,0.256756756757,1.72528881811,18.4864864865,15.5454545455,9.77142857143,5.36771015539,0.290358590277,0.142642642643,9.50849154237,1.02869645341,0.544491860281,8.05331334643,0.871264894205,0.461830251304,0.640599570326,0.371299902718,2,1.72528881811,0.640599570326,2,0.344071394247,0.376569037657,810,0.104247104247,0.56957682835,37,37,37,1,0,0.405405405405,0.540540540541,0.0540540540541,37,0.117117117117,2.22747747748,8.43243243243,7.09090909091,4.45714285714,5.03620525429,0.597242289772,0.326923076923,6.00525295579,1.42432281644,0.680873180873,3.83793300225,0.910278981302,0.463617463617,1.42084529335,0.637871901162,5.2,2.22747747748,1.42084529335,5.2,0,0,0,0,0.160752482811,37,37,37,1,0,0.405405405405,0.540540540541,0.0540540540541,37,232,0.174174174174,5.24810745953,12.5405405405,8,6.62857142857,6.74781690868,0.538080227632,0.273182665424,7.63270975855,1.21728560804,0.607875116496,4.59255828396,0.732433864253,0.395386766076,2.58951474795,0.493418773896,8.25692377726,5.24810745953,2.58951474795,8.25692377726,0.341635752071,0.241390408754,250,0.032175032175,0.207485151583,37,37,37,1,0,0.216216216216,0.72972972973,0.0540540540541,-110,-0.0825825825826,3.52281864141,-5.94594594595,-7.54545454545,-3.14285714286,1.38010675328,0.247721637354,0.130540022781,-1.87578178383,0.18858915463,0.0633832562145,-3.46075506247,-0.138831029952,-0.0664434852275,1.94891517763,0.122118871178,6.25692377726,3.52281864141,1.94891517763,6.25692377726,-0.00243564217609,-0.135178628902,-560,-0.0720720720721,-0.362091676767,-0.189189189189,0.189189189189,0,212,20,130,970,0.619883040936,0.979797979798,0.020202020202,0.380116959064,0.913793103448,0.619883040936,0.738675958188,0.690733658986,0.599681020734,0.585635359116,76,186,0,0,0,0
201,WLNM_dir_neg,0.617911030177,0.526345477566,00:00:14,10,10,23,1233943458,threshold_sweep,0.3,0.846153846154,0.295698924731,0.438247011952,55,10,131,362,0.295698924731,0.97311827957,0.0268817204301,0.704301075269,0.846153846154,0.295698924731,0.438247011952,0.747311827957,0.627837514934,0.321027287319,0.395007065752,0.268817204301,342,156,186,0,342,0,156,0,186,37,342,0.256756756757,1.72528881811,18.4864864865,15.5454545455,9.77142857143,5.36771015539,0.290358590277,0.142642642643,9.50849154237,1.02869645341,0.544491860281,8.05331334643,0.871264894205,0.461830251304,0.640599570326,0.371299902718,2,1.72528881811,0.640599570326,2,0.344071394247,0.376569037657,810,0.104247104247,0.56957682835,37,37,37,1,0,0.405405405405,0.540540540541,0.0540540540541,37,0.117117117117,2.22747747748,8.43243243243,7.09090909091,4.45714285714,5.03620525429,0.597242289772,0.326923076923,6.00525295579,1.42432281644,0.680873180873,3.83793300225,0.910278981302,0.463617463617,1.42084529335,0.637871901162,5.2,2.22747747748,1.42084529335,5.2,0,0,0,0,0.160752482811,37,37,37,1,0,0.405405405405,0.540540540541,0.0540540540541,37,221,0.165915915916,1,11.9459459459,9.60869565217,6.31428571429,5.99511813407,0.501853780454,0.264889323713,7.69735339251,1.28869717431,0.642289348172,4.53067622183,0.758529503202,0.408707349884,0,0,0,NaN,NaN,NaN,0.294031840284,0.214502529511,212,0.0272844272844,0.245933963214,37,37,0,1,2,0.378378378378,0.567567567568,0.0540540540541,-121,-0.0908408408408,-0.725288818115,-6.54054054054,-5.93675889328,-3.45714285714,0.627407978676,0.211495190177,0.12224668107,-1.81113814986,0.260000720898,0.0977974878904,-3.52263712461,-0.112735391003,-0.0531229014201,-0.640599570326,-0.371299902718,-2,NaN,NaN,NaN,-0.0500395539633,-0.162066508146,-598,-0.0769626769627,-0.323642865136,-0.027027027027,0.027027027027,0,211,10,131,980,0.616959064327,0.989898989899,0.010101010101,0.383040935673,0.954751131222,0.616959064327,0.749555950266,0.712630825602,0.606858054226,0.599431818182,65,186,0,0,0,0
202,WLNM_dir_neg,0.617911030177,0.526345477566,00:00:14,10,10,23,1233943458,threshold_sweep,0.4,0.864406779661,0.274193548387,0.416326530612,51,8,135,364,0.274193548387,0.978494623656,0.0215053763441,0.725806451613,0.864406779661,0.274193548387,0.416326530612,0.743727598566,0.631421744325,0.304700162075,0.387379449041,0.252688172043,342,156,186,0,342,0,156,0,186,37,342,0.256756756757,1.72528881811,18.4864864865,15.5454545455,9.77142857143,5.36771015539,0.290358590277,0.142642642643,9.50849154237,1.02869645341,0.544491860281,8.05331334643,0.871264894205,0.461830251304,0.640599570326,0.371299902718,2,1.72528881811,0.640599570326,2,0.344071394247,0.376569037657,810,0.104247104247,0.56957682835,37,37,37,1,0,0.405405405405,0.540540540541,0.0540540540541,37,0.117117117117,2.22747747748,8.43243243243,7.09090909091,4.45714285714,5.03620525429,0.597242289772,0.326923076923,6.00525295579,1.42432281644,0.680873180873,3.83793300225,0.910278981302,0.463617463617,1.42084529335,0.637871901162,5.2,2.22747747748,1.42084529335,5.2,0,0,0,0,0.160752482811,37,37,37,1,0,0.405405405405,0.540540540541,0.0540540540541,37,215,0.161411411411,1,11.6216216216,9.34782608696,6.14285714286,5.77038103571,0.496521158887,0.266121935889,7.42682015789,1.27810393415,0.641357636706,4.63583767953,0.797795321594,0.42664990572,0,0,0,NaN,NaN,NaN,0.264284125406,0.172913719943,163,0.0209781209781,0.244197704519,37,37,0,1,2,0.378378378378,0.567567567568,0.0540540540541,-127,-0.0953453453453,-0.725288818115,-6.86486486486,-6.1976284585,-3.62857142857,0.402670880318,0.20616256861,0.123479293247,-2.08167138448,0.249407480734,0.0968657764251,-3.4174756669,-0.0734695726106,-0.0351803455843,-0.640599570326,-0.371299902718,-2,NaN,NaN,NaN,-0.0797872688413,-0.203655317713,-647,-0.083268983269,-0.325379123831,-0.027027027027,0.027027027027,0,207,8,135,982,0.605263157895,0.991919191919,0.00808080808081,0.394736842105,0.962790697674,0.605263157895,0.743267504488,0.7090743853,0.597182349814,0.591428571429,59,186,0,0,0,0
203,WLNM_dir_neg,0.617911030177,0.526345477566,00:00:14,10,10,23,1233943458,threshold_sweep,0.5,0.857142857143,0.258064516129,0.396694214876,48,8,138,364,0.258064516129,0.978494623656,0.0215053763441,0.741935483871,0.857142857143,0.258064516129,0.396694214876,0.73835125448,0.63321385902,0.28664495114,0.371126360132,0.236559139785,342,156,186,0,342,0,156,0,186,37,342,0.256756756757,1.72528881811,18.4864864865,15.5454545455,9.77142857143,5.36771015539,0.290358590277,0.142642642643,9.50849154237,1.02869645341,0.544491860281,8.05331334643,0.871264894205,0.461830251304,0.640599570326,0.371299902718,2,1.72528881811,0.640599570326,2,0.344071394247,0.376569037657,810,0.104247104247,0.56957682835,37,37,37,1,0,0.405405405405,0.540540540541,0.0540540540541,37,0.117117117117,2.22747747748,8.43243243243,7.09090909091,4.45714285714,5.03620525429,0.597242289772,0.326923076923,6.00525295579,1.42432281644,0.680873180873,3.83793300225,0.910278981302,0.463617463617,1.42084529335,0.637871901162,5.2,2.22747747748,1.42084529335,5.2,0,0,0,0,0.160752482811,37,37,37,1,0,0.405405405405,0.540540540541,0.0540540540541,37,212,0.159159159159,1,11.4594594595,9.21739130435,6.05714285714,5.71350541648,0.49858419908,0.269122896481,7.28639771023,1.27168261924,0.641254462009,4.70607555689,0.821343375495,0.437786843447,0,0,0,NaN,NaN,NaN,0.264560754401,0.159214830971,146,0.0187902187902,0.246880937334,37,37,0,1,2,0.378378378378,0.567567567568,0.0540540540541,-130,-0.0975975975976,-0.725288818115,-7.02702702703,-6.32806324111,-3.71428571429,0.345795261087,0.208225608802,0.126480253839,-2.22209383215,0.242986165823,0.0967626017278,-3.34723778955,-0.0499215187101,-0.0240434078567,-0.640599570326,-0.371299902718,-2,NaN,NaN,NaN,-0.0795106398462,-0.217354206686,-664,-0.0854568854569,-0.322695891016,-0.027027027027,0.027027027027,0,204,8,138,982,0.59649122807,0.991919191919,0.00808080808081,0.40350877193,0.962264150943,0.59649122807,0.736462093863,0.702641931279,0.588410419989,0.582857142857,56,186,0,0,0,0
204,WLNM_dir_neg,0.617911030177,0.526345477566,00:00:14,10,10,23,1233943458,threshold_sweep,0.6,0.872727272727,0.258064516129,0.398340248963,48,7,138,365,0.258064516129,0.981182795699,0.0188172043011,0.741935483871,0.872727272727,0.258064516129,0.398340248963,0.740143369176,0.633811230585,0.290375203915,0.378363881019,0.239247311828,342,156,186,0,342,0,156,0,186,37,342,0.256756756757,1.72528881811,18.4864864865,15.5454545455,9.77142857143,5.36771015539,0.290358590277,0.142642642643,9.50849154237,1.02869645341,0.544491860281,8.05331334643,0.871264894205,0.461830251304,0.640599570326,0.371299902718,2,1.72528881811,0.640599570326,2,0.344071394247,0.376569037657,810,0.104247104247,0.56957682835,37,37,37,1,0,0.405405405405,0.540540540541,0.0540540540541,37,0.117117117117,2.22747747748,8.43243243243,7.09090909091,4.45714285714,5.03620525429,0.597242289772,0.326923076923,6.00525295579,1.42432281644,0.680873180873,3.83793300225,0.910278981302,0.463617463617,1.42084529335,0.637871901162,5.2,2.22747747748,1.42084529335,5.2,0,0,0,0,0.160752482811,37,37,37,1,0,0.405405405405,0.540540540541,0.0540540540541,37,211,0.158408408408,1,11.4054054054,9.17391304348,6.02857142857,5.70311542278,0.500036186357,0.270142180095,7.29864852355,1.27985779797,0.644037402331,4.71324884922,0.826493874035,0.43960548226,0,0,0,NaN,NaN,NaN,0.267521083151,0.159457478006,145,0.0186615186615,0.248032297018,37,37,0,1,2,0.378378378378,0.567567567568,0.0540540540541,-131,-0.0983483483483,-0.725288818115,-7.08108108108,-6.37154150198,-3.74285714286,0.335405267384,0.20967759608,0.127499537452,-2.20984301883,0.251161344553,0.0995455420499,-3.34006449721,-0.0447710201703,-0.0222247690444,-0.640599570326,-0.371299902718,-2,NaN,NaN,NaN,-0.0765503110964,-0.217111559651,-665,-0.0855855855856,-0.321544531332,-0.027027027027,0.027027027027,0,204,7,138,983,0.59649122807,0.992929292929,0.00707070707071,0.40350877193,0.96682464455,0.59649122807,0.737793851718,0.705199293219,0.589420520999,0.58452722063,55,186,0,0,0,0
205,WLNM_dir_neg,0.617911030177,0.526345477566,00:00:14,10,10,23,1233943458,threshold_sweep,0.7,0.820512820513,0.172043010753,0.284444444444,32,7,154,365,0.172043010753,0.981182795699,0.0188172043011,0.827956989247,0.820512820513,0.172043010753,0.284444444444,0.71146953405,0.643369175627,0.190954773869,0.283298239311,0.153225806452,342,156,186,0,342,0,156,0,186,37,342,0.256756756757,1.72528881811,18.4864864865,15.5454545455,9.77142857143,5.36771015539,0.290358590277,0.142642642643,9.50849154237,1.02869645341,0.544491860281,8.05331334643,0.871264894205,0.461830251304,0.640599570326,0.371299902718,2,1.72528881811,0.640599570326,2,0.344071394247,0.376569037657,810,0.104247104247,0.56957682835,37,37,37,1,0,0.405405405405,0.540540540541,0.0540540540541,37,0.117117117117,2.22747747748,8.43243243243,7.09090909091,4.45714285714,5.03620525429,0.597242289772,0.326923076923,6.00525295579,1.42432281644,0.680873180873,3.83793300225,0.910278981302,0.463617463617,1.42084529335,0.637871901162,5.2,2.22747747748,1.42084529335,5.2,0,0,0,0,0.160752482811,37,37,37,1,0,0.405405405405,0.540540540541,0.0540540540541,37,195,0.146396396396,1,10.5405405405,8.47826086957,5.57142857143,5.28411978686,0.501313928497,0.268884268884,6.69846022377,1.27098988861,0.64060984061,4.2534211632,0.807059400198,0.430492030492,0,0,0,NaN,NaN,NaN,0.236912240368,0.127107652399,98,0.0126126126126,0.22273226594,37,37,0,1,2,0.378378378378,0.567567567568,0.0540540540541,-147,-0.11036036036,-0.725288818115,-7.94594594595,-7.06719367589,-4.2,-0.0835903685298,0.21095533822,0.126241626242,-2.81003131861,0.242293435197,0.0961179803285,-3.79989218323,-0.0642054940072,-0.0313382208119,-0.640599570326,-0.371299902718,-2,NaN,NaN,NaN,-0.107159153879,-0.249461385257,-712,-0.0916344916345,-0.34684456241,-0.027027027027,0.027027027027,0,188,7,154,983,0.549707602339,0.992929292929,0.00707070707071,0.450292397661,0.964102564103,0.549707602339,0.700186219739,0.670567392866,0.542636895268,0.538681948424,39,186,0,0,0,0
206,WLNM_dir_neg,0.617911030177,0.526345477566,00:00:14,10,10,23,1233943458,threshold_sweep,0.8,0.842105263158,0.172043010753,0.285714285714,32,6,154,366,0.172043010753,0.983870967742,0.0161290322581,0.827956989247,0.842105263158,0.172043010753,0.285714285714,0.713261648746,0.643966547192,0.194630872483,0.291755818262,0.155913978495,342,156,186,0,342,0,156,0,186,37,342,0.256756756757,1.72528881811,18.4864864865,15.5454545455,9.77142857143,5.36771015539,0.290358590277,0.142642642643,9.50849154237,1.02869645341,0.544491860281,8.05331334643,0.871264894205,0.461830251304,0.640599570326,0.371299902718,2,1.72528881811,0.640599570326,2,0.344071394247,0.376569037657,810,0.104247104247,0.56957682835,37,37,37,1,0,0.405405405405,0.540540540541,0.0540540540541,37,0.117117117117,2.22747747748,8.43243243243,7.09090909091,4.45714285714,5.03620525429,0.597242289772,0.326923076923,6.00525295579,1.42432281644,0.680873180873,3.83793300225,0.910278981302,0.463617463617,1.42084529335,0.637871901162,5.2,2.22747747748,1.42084529335,5.2,0,0,0,0,0.160752482811,37,37,37,1,0,0.405405405405,0.540540540541,0.0540540540541,37,194,0.145645645646,1,10.4864864865,8.4347826087,5.54285714286,5.26846816036,0.502405468901,0.269852326553,6.71402100668,1.28050916107,0.64391195319,4.25183232008,0.810916473417,0.431875174143,0,0,0,NaN,NaN,NaN,0.236912240368,0.127107652399,98,0.0126126126126,0.223228219262,37,37,0,1,2,0.378378378378,0.567567567568,0.0540540540541,-148,-0.111111111111,-0.725288818115,-8,-7.11067193676,-4.22857142857,-0.0992419950305,0.212046878623,0.127209683911,-2.7944705357,0.251812707652,0.099420092909,-3.80148102635,-0.0603484207875,-0.0299550771607,-0.640599570326,-0.371299902718,-2,NaN,NaN,NaN,-0.107159153879,-0.249461385257,-712,-0.0916344916345,-0.346348609088,-0.027027027027,0.027027027027,0,188,6,154,984,0.549707602339,0.993939393939,0.00606060606061,0.450292397661,0.969072164948,0.549707602339,0.701492537313,0.673248891735,0.543646996279,0.540229885057,38,186,0,0,0,0
207,WLNM_dir_neg,0.617911030177,0.526345477566,00:00:14,10,10,23,1233943458,threshold_sweep,0.9,0.772727272727,0.0913978494624,0.163461538462,17,5,169,367,0.0913978494624,0.986559139785,0.0134408602151,0.908602150538,0.772727272727,0.0913978494624,0.163461538462,0.688172043011,0.653524492234,0.1,0.188837944638,0.0779569892473,342,156,186,0,342,0,156,0,186,37,342,0.256756756757,1.72528881811,18.4864864865,15.5454545455,9.77142857143,5.36771015539,0.290358590277,0.142642642643,9.50849154237,1.02869645341,0.544491860281,8.05331334643,0.871264894205,0.461830251304,0.640599570326,0.371299902718,2,1.72528881811,0.640599570326,2,0.344071394247,0.376569037657,810,0.104247104247,0.56957682835,37,37,37,1,0,0.405405405405,0.540540540541,0.0540540540541,37,0.117117117117,2.22747747748,8.43243243243,7.09090909091,4.45714285714,5.03620525429,0.597242289772,0.326923076923,6.00525295579,1.42432281644,0.680873180873,3.83793300225,0.910278981302,0.463617463617,1.42084529335,0.637871901162,5.2,2.22747747748,1.42084529335,5.2,0,0,0,0,0.160752482811,37,37,37,1,0,0.405405405405,0.540540540541,0.0540540540541,37,178,0.133633633634,2.02220273709,9.62162162162,8.09090909091,5.08571428571,4.82672738999,0.501654251207,0.269966595809,6.00850248416,1.24895838154,0.637412693592,3.79208120692,0.788241599191,0.420892802915,1.02217107602,0.505474083916,3.03900763359,2.02220273709,1.02217107602,3.03900763359,0.169681505517,0.0385604113111,25,0.0032175032175,0.209003588089,37,37,37,1,0,0.405405405405,0.540540540541,0.0540540540541,-164,-0.123123123123,0.296913918973,-8.86486486486,-7.45454545455,-4.68571428571,-0.540982765401,0.21129566093,0.127323953167,-3.49998905822,0.220261928123,0.0929208333111,-4.26123213951,-0.0830232950135,-0.0409374483887,0.381571505697,0.134174181199,1.03900763359,0.296913918973,0.381571505697,1.03900763359,-0.17438988873,-0.338008626346,-785,-0.10102960103,-0.360573240261,0,0,0,173,5,169,985,0.505847953216,0.994949494949,0.00505050505051,0.494152046784,0.97191011236,0.505847953216,0.665384615385,0.642953925194,0.500797448166,0.49855907781,22,186,0,0,0,0
208,WLNM_dir_neg,0.348580760782,0.281741970593,00:00:13,10,10,24,1233943459,threshold_sweep,0.1,0.433333333333,0.0698924731183,0.12037037037,13,17,173,355,0.0698924731183,0.954301075269,0.0456989247312,0.930107526882,0.433333333333,0.0698924731183,0.12037037037,0.659498207885,0.648745519713,0.030612244898,0.0505649896847,0.0241935483871,342,156,186,0,342,0,156,0,186,37,342,0.256756756757,1.72528881811,18.4864864865,15.5454545455,9.77142857143,5.36771015539,0.290358590277,0.142642642643,9.50849154237,1.02869645341,0.544491860281,8.05331334643,0.871264894205,0.461830251304,0.640599570326,0.371299902718,2,1.72528881811,0.640599570326,2,0.344071394247,0.376569037657,810,0.104247104247,0.56957682835,37,37,37,1,0,0.405405405405,0.540540540541,0.0540540540541,37,0.117117117117,2.22747747748,8.43243243243,7.09090909091,4.45714285714,5.03620525429,0.597242289772,0.326923076923,6.00525295579,1.42432281644,0.680873180873,3.83793300225,0.910278981302,0.463617463617,1.42084529335,0.637871901162,5.2,2.22747747748,1.42084529335,5.2,0,0,0,0,0.160752482811,37,37,37,1,0,0.405405405405,0.540540540541,0.0540540540541,37,186,0.13963963964,5.56840404922,10.0540540541,6.64285714286,5.16666666667,4.70192599985,0.467664682781,0.255739610578,5.80941040462,1.15563540307,0.595466434176,3.69298499024,0.734626046446,0.395815170009,2.99515753345,0.537884375303,8.2358346955,5.56840404922,2.99515753345,8.2358346955,0.147027179767,0.0497987927565,33,0.0042471042471,0.173903911792,37,37,37,1,0,0.243243243243,0.72972972973,0.027027027027,-156,-0.117117117117,3.8431152311,-8.43243243243,-8.9025974026,-4.60476190476,-0.665784155539,0.177306092504,0.113096967936,-3.69908113776,0.126938949654,0.0509745738948,-4.36032835619,-0.136638847759,-0.0660150812952,2.35455796312,0.166584472586,6.2358346955,3.8431152311,2.35455796312,6.2358346955,-0.19704421448,-0.3267702449,-777,-0.1,-0.395672916558,-0.162162162162,0.189189189189,-0.027027027027,169,17,173,973,0.494152046784,0.982828282828,0.0171717171717,0.505847953216,0.908602150538,0.494152046784,0.640151515152,0.601149290348,0.476980329612,0.470752089136,30,186,0,0,0,0
209,WLNM_dir_neg,0.348580760782,0.281741970593,00:00:13,10,10,24,1233943459,threshold_sweep,0.2,0.392857142857,0.0591397849462,0.102803738318,11,17,175,355,0.0591397849462,0.954301075269,0.0456989247312,0.940860215054,0.392857142857,0.0591397849462,0.102803738318,0.655913978495,0.649940262843,0.0170648464164,0.0290227162633,0.0134408602151,342,156,186,0,342,0,156,0,186,37,342,0.256756756757,1.72528881811,18.4864864865,15.5454545455,9.77142857143,5.36771015539,0.290358590277,0.142642642643,9.50849154237,1.02869645341,0.544491860281,8.05331334643,0.871264894205,0.461830251304,0.640599570326,0.371299902718,2,1.72528881811,0.640599570326,2,0.344071394247,0.376569037657,810,0.104247104247,0.56957682835,37,37,37,1,0,0.405405405405,0.540540540541,0.0540540540541,37,0.117117117117,2.22747747748,8.43243243243,7.09090909091,4.45714285714,5.03620525429,0.597242289772,0.326923076923,6.00525295579,1.42432281644,0.680873180873,3.83793300225,0.910278981302,0.463617463617,1.42084529335,0.637871901162,5.2,2.22747747748,1.42084529335,5.2,0,0,0,0,0.160752482811,37,37,37,1,0,0.405405405405,0.540540540541,0.0540540540541,37,184,0.138138138138,5.51081165699,9.94594594595,6.57142857143,5.11111111111,4.66634490525,0.469170547539,0.255728554642,5.7902527602,1.16434430504,0.597532314924,3.63995181963,0.731946833296,0.393948296122,2.95248056947,0.535761472764,8.10002829511,5.51081165699,2.95248056947,8.10002829511,0.11747977522,0.0473041709054,31,0.0039897039897,0.170170050122,37,37,37,1,0,0.243243243243,0.72972972973,0.027027027027,-158,-0.118618618619,3.78552283887,-8.54054054054,-8.97402597403,-4.66031746032,-0.701365250141,0.178811957262,0.113085911999,-3.71823878217,0.135647851626,0.0530404546423,-4.4133615268,-0.139318060909,-0.0678819551817,2.31188099915,0.164461570047,6.10002829511,3.78552283887,2.31188099915,6.10002829511,-0.226591619028,-0.329264866752,-779,-0.100257400257,-0.399406778228,-0.162162162162,0.189189189189,-0.027027027027,167,17,175,973,0.488304093567,0.982828282828,0.0171717171717,0.511695906433,0.907608695652,0.488304093567,0.634980988593,0.596477058908,0.471132376396,0.465181058496,28,186,0,0,0,0
210,WLNM_dir_neg,0.348580760782,0.281741970593,00:00:13,10,10,24,1233943459,threshold_sweep,0.3,0.454545454545,0.0537634408602,0.0961538461538,10,12,176,360,0.0537634408602,0.967741935484,0.0322580645161,0.94623655914,0.454545454545,0.0537634408602,0.0961538461538,0.663082437276,0.653524492234,0.0275862068966,0.0520932261071,0.0215053763441,342,156,186,0,342,0,156,0,186,37,342,0.256756756757,1.72528881811,18.4864864865,15.5454545455,9.77142857143,5.36771015539,0.290358590277,0.142642642643,9.50849154237,1.02869645341,0.544491860281,8.05331334643,0.871264894205,0.461830251304,0.640599570326,0.371299902718,2,1.72528881811,0.640599570326,2,0.344071394247,0.376569037657,810,0.104247104247,0.56957682835,37,37,37,1,0,0.405405405405,0.540540540541,0.0540540540541,37,0.117117117117,2.22747747748,8.43243243243,7.09090909091,4.45714285714,5.03620525429,0.597242289772,0.326923076923,6.00525295579,1.42432281644,0.680873180873,3.83793300225,0.910278981302,0.463617463617,1.42084529335,0.637871901162,5.2,2.22747747748,1.42084529335,5.2,0,0,0,0,0.160752482811,37,37,37,1,0,0.405405405405,0.540540540541,0.0540540540541,37,178,0.133633633634,2.8250336579,9.62162162162,7.73913043478,4.94444444444,4.48052174139,0.465672203459,0.250835104768,5.91062056263,1.22861213942,0.628606134224,3.54211046504,0.7362813888,0.396902520498,1.94596986011,0.688830681598,5.51744976454,2.8250336579,1.94596986011,5.51744976454,0.118013369407,0.0326086956522,20,0.002574002574,0.172592670406,37,37,37,1,0,0.378378378378,0.594594594595,0.027027027027,-164,-0.123123123123,1.09974483979,-8.86486486486,-7.80632411067,-4.82698412698,-0.887188414003,0.175313613182,0.108192462125,-3.59787097974,0.199915686009,0.0841142739428,-4.51120288139,-0.134983505404,-0.0649277308059,1.30537028978,0.31753077888,3.51744976454,1.09974483979,1.30537028978,3.51744976454,-0.226058024841,-0.343960342005,-790,-0.101673101673,-0.396984157944,-0.027027027027,0.0540540540541,-0.027027027027,166,12,176,978,0.485380116959,0.987878787879,0.0121212121212,0.514619883041,0.932584269663,0.485380116959,0.638461538462,0.607598284721,0.473258904838,0.468926553672,22,186,0,0,0,0
211,WLNM_dir_neg,0.348580760782,0.281741970593,00:00:13,10,10,24,1233943459,threshold_sweep,0.4,0.454545454545,0.0537634408602,0.0961538461538,10,12,176,360,0.0537634408602,0.967741935484,0.0322580645161,0.94623655914,0.454545454545,0.0537634408602,0.0961538461538,0.663082437276,0.653524492234,0.0275862068966,0.0520932261071,0.0215053763441,342,156,186,0,342,0,156,0,186,37,342,0.256756756757,1.72528881811,18.4864864865,15.5454545455,9.77142857143,5.36771015539,0.290358590277,0.142642642643,9.50849154237,1.02869645341,0.544491860281,8.05331334643,0.871264894205,0.461830251304,0.640599570326,0.371299902718,2,1.72528881811,0.640599570326,2,0.344071394247,0.376569037657,810,0.104247104247,0.56957682835,37,37,37,1,0,0.405405405405,0.540540540541,0.0540540540541,37,0.117117117117,2.22747747748,8.43243243243,7.09090909091,4.45714285714,5.03620525429,0.597242289772,0.326923076923,6.00525295579,1.42432281644,0.680873180873,3.83793300225,0.910278981302,0.463617463617,1.42084529335,0.637871901162,5.2,2.22747747748,1.42084529335,5.2,0,0,0,0,0.160752482811,37,37,37,1,0,0.405405405405,0.540540540541,0.0540540540541,37,178,0.133633633634,2.8250336579,9.62162162162,7.73913043478,4.94444444444,4.48052174139,0.465672203459,0.250835104768,5.91062056263,1.22861213942,0.628606134224,3.54211046504,0.7362813888,0.396902520498,1.94596986011,0.688830681598,5.51744976454,2.8250336579,1.94596986011,5.51744976454,0.118013369407,0.0326086956522,20,0.002574002574,0.172592670406,37,37,37,1,0,0.378378378378,0.594594594595,0.027027027027,-164,-0.123123123123,1.09974483979,-8.86486486486,-7.80632411067,-4.82698412698,-0.887188414003,0.175313613182,0.108192462125,-3.59787097974,0.199915686009,0.0841142739428,-4.51120288139,-0.134983505404,-0.0649277308059,1.30537028978,0.31753077888,3.51744976454,1.09974483979,1.30537028978,3.51744976454,-0.226058024841,-0.343960342005,-790,-0.101673101673,-0.396984157944,-0.027027027027,0.0540540540541,-0.027027027027,166,12,176,978,0.485380116959,0.987878787879,0.0121212121212,0.514619883041,0.932584269663,0.485380116959,0.638461538462,0.607598284721,0.473258904838,0.468926553672,22,186,0,0,0,0
212,WLNM_dir_neg,0.348580760782,0.281741970593,00:00:13,10,10,24,1233943459,threshold_sweep,0.5,0.47619047619,0.0537634408602,0.0966183574879,10,11,176,361,0.0537634408602,0.970430107527,0.0295698924731,0.94623655914,0.47619047619,0.0537634408602,0.0966183574879,0.664874551971,0.654121863799,0.0310880829016,0.0599281293413,0.0241935483871,342,156,186,0,342,0,156,0,186,37,342,0.256756756757,1.72528881811,18.4864864865,15.5454545455,9.77142857143,5.36771015539,0.290358590277,0.142642642643,9.50849154237,1.02869645341,0.544491860281,8.05331334643,0.871264894205,0.461830251304,0.640599570326,0.371299902718,2,1.72528881811,0.640599570326,2,0.344071394247,0.376569037657,810,0.104247104247,0.56957682835,37,37,37,1,0,0.405405405405,0.540540540541,0.0540540540541,37,0.117117117117,2.22747747748,8.43243243243,7.09090909091,4.45714285714,5.03620525429,0.597242289772,0.326923076923,6.00525295579,1.42432281644,0.680873180873,3.83793300225,0.910278981302,0.463617463617,1.42084529335,0.637871901162,5.2,2.22747747748,1.42084529335,5.2,0,0,0,0,0.160752482811,37,37,37,1,0,0.405405405405,0.540540540541,0.0540540540541,37,177,0.132882882883,2.82210503244,9.56756756757,7.69565217391,4.91666666667,4.53100761752,0.473579892227,0.255611543747,5.90261305193,1.23387956453,0.629714460223,3.56787467966,0.745826910437,0.401588028707,1.94257629525,0.688343018037,5.51744976454,2.82210503244,1.94257629525,5.51744976454,0.123418774812,0.0327868852459,20,0.002574002574,0.172313239692,37,37,37,1,0,0.378378378378,0.594594594595,0.027027027027,-165,-0.123873873874,1.09681621433,-8.91891891892,-7.84980237154,-4.85476190476,-0.836702537873,0.18322130195,0.112968901104,-3.60587849044,0.205183111113,0.0852225999416,-4.48543866678,-0.125437983768,-0.0602422225973,1.30197672492,0.317043115319,3.51744976454,1.09681621433,1.30197672492,3.51744976454,-0.220652619435,-0.343782152411,-790,-0.101673101673,-0.397263588658,-0.027027027027,0.0540540540541,-0.027027027027,166,11,176,979,0.485380116959,0.988888888889,0.0111111111111,0.514619883041,0.937853107345,0.485380116959,0.639691714836,0.610348341569,0.474269005848,0.470254957507,21,186,0,0,0,0
213,WLNM_dir_neg,0.348580760782,0.281741970593,00:00:13,10,10,24,1233943459,threshold_sweep,0.6,0.45,0.0483870967742,0.0873786407767,9,11,177,361,0.0483870967742,0.970430107527,0.0295698924731,0.951612903226,0.45,0.0483870967742,0.0873786407767,0.663082437276,0.654719235364,0.0242214532872,0.0477174147756,0.0188172043011,342,156,186,0,342,0,156,0,186,37,342,0.256756756757,1.72528881811,18.4864864865,15.5454545455,9.77142857143,5.36771015539,0.290358590277,0.142642642643,9.50849154237,1.02869645341,0.544491860281,8.05331334643,0.871264894205,0.461830251304,0.640599570326,0.371299902718,2,1.72528881811,0.640599570326,2,0.344071394247,0.376569037657,810,0.104247104247,0.56957682835,37,37,37,1,0,0.405405405405,0.540540540541,0.0540540540541,37,0.117117117117,2.22747747748,8.43243243243,7.09090909091,4.45714285714,5.03620525429,0.597242289772,0.326923076923,6.00525295579,1.42432281644,0.680873180873,3.83793300225,0.910278981302,0.463617463617,1.42084529335,0.637871901162,5.2,2.22747747748,1.42084529335,5.2,0,0,0,0,0.160752482811,37,37,37,1,0,0.405405405405,0.540540540541,0.0540540540541,37,176,0.132132132132,2.81654354352,9.51351351351,7.65217391304,4.88888888889,4.55595837961,0.478893352402,0.257524570025,5.89917793428,1.24016808846,0.631142506143,3.577750732,0.752140778886,0.40386977887,1.93656663135,0.687568504241,5.51744976454,2.81654354352,1.93656663135,5.51744976454,0.125349276742,0.0330214639516,20,0.002574002574,0.170746569647,37,37,37,1,0,0.378378378378,0.594594594595,0.027027027027,-166,-0.124624624625,1.0912547254,-8.97297297297,-7.89328063241,-4.88253968254,-0.811751775781,0.188534762125,0.114881927382,-3.60931360809,0.211471635042,0.0866506458612,-4.47556261444,-0.119124115319,-0.0579604724342,1.29596706102,0.316268601523,3.51744976454,1.0912547254,1.29596706102,3.51744976454,-0.218722117505,-0.343547573705,-790,-0.101673101673,-0.398830258703,-0.027027027027,0.0540540540541,-0.027027027027,165,11,177,979,0.482456140351,0.988888888889,0.0111111111111,0.517543859649,0.9375,0.482456140351,0.637065637066,0.60804305278,0.47134502924,0.467422096317,20,186,0,0,0,0
214,WLNM_dir_neg,0.348580760782,0.281741970593,00:00:13,10,10,24,1233943459,threshold_sweep,0.7,0.45,0.0483870967742,0.0873786407767,9,11,177,361,0.0483870967742,0.970430107527,0.0295698924731,0.951612903226,0.45,0.0483870967742,0.0873786407767,0.663082437276,0.654719235364,0.0242214532872,0.0477174147756,0.0188172043011,342,156,186,0,342,0,156,0,186,37,342,0.256756756757,1.72528881811,18.4864864865,15.5454545455,9.77142857143,5.36771015539,0.290358590277,0.142642642643,9.50849154237,1.02869645341,0.544491860281,8.05331334643,0.871264894205,0.461830251304,0.640599570326,0.371299902718,2,1.72528881811,0.640599570326,2,0.344071394247,0.376569037657,810,0.104247104247,0.56957682835,37,37,37,1,0,0.405405405405,0.540540540541,0.0540540540541,37,0.117117117117,2.22747747748,8.43243243243,7.09090909091,4.45714285714,5.03620525429,0.597242289772,0.326923076923,6.00525295579,1.42432281644,0.680873180873,3.83793300225,0.910278981302,0.463617463617,1.42084529335,0.637871901162,5.2,2.22747747748,1.42084529335,5.2,0,0,0,0,0.160752482811,37,37,37,1,0,0.405405405405,0.540540540541,0.0540540540541,37,176,0.132132132132,2.81654354352,9.51351351351,7.65217391304,4.88888888889,4.55595837961,0.478893352402,0.257524570025,5.89917793428,1.24016808846,0.631142506143,3.577750732,0.752140778886,0.40386977887,1.93656663135,0.687568504241,5.51744976454,2.81654354352,1.93656663135,5.51744976454,0.125349276742,0.0330214639516,20,0.002574002574,0.170746569647,37,37,37,1,0,0.378378378378,0.594594594595,0.027027027027,-166,-0.124624624625,1.0912547254,-8.97297297297,-7.89328063241,-4.88253968254,-0.811751775781,0.188534762125,0.114881927382,-3.60931360809,0.211471635042,0.0866506458612,-4.47556261444,-0.119124115319,-0.0579604724342,1.29596706102,0.316268601523,3.51744976454,1.0912547254,1.29596706102,3.51744976454,-0.218722117505,-0.343547573705,-790,-0.101673101673,-0.398830258703,-0.027027027027,0.0540540540541,-0.027027027027,165,11,177,979,0.482456140351,0.988888888889,0.0111111111111,0.517543859649,0.9375,0.482456140351,0.637065637066,0.60804305278,0.47134502924,0.467422096317,20,186,0,0,0,0
215,WLNM_dir_neg,0.348580760782,0.281741970593,00:00:13,10,10,24,1233943459,threshold_sweep,0.8,0.5,0.0483870967742,0.0882352941176,9,9,177,363,0.0483870967742,0.975806451613,0.0241935483871,0.951612903226,0.5,0.0483870967742,0.0882352941176,0.666666666667,0.655913978495,0.03125,0.0645497224368,0.0241935483871,342,156,186,0,342,0,156,0,186,37,342,0.256756756757,1.72528881811,18.4864864865,15.5454545455,9.77142857143,5.36771015539,0.290358590277,0.142642642643,9.50849154237,1.02869645341,0.544491860281,8.05331334643,0.871264894205,0.461830251304,0.640599570326,0.371299902718,2,1.72528881811,0.640599570326,2,0.344071394247,0.376569037657,810,0.104247104247,0.56957682835,37,37,37,1,0,0.405405405405,0.540540540541,0.0540540540541,37,0.117117117117,2.22747747748,8.43243243243,7.09090909091,4.45714285714,5.03620525429,0.597242289772,0.326923076923,6.00525295579,1.42432281644,0.680873180873,3.83793300225,0.910278981302,0.463617463617,1.42084529335,0.637871901162,5.2,2.22747747748,1.42084529335,5.2,0,0,0,0,0.160752482811,37,37,37,1,0,0.405405405405,0.540540540541,0.0540540540541,37,174,0.130630630631,2.78042236486,9.40540540541,7.5652173913,4.83333333333,4.6335698948,0.492649672723,0.2651444548,5.89191944231,1.25287942164,0.634047840944,3.61988999883,0.769746723888,0.411618515067,1.88465585249,0.677830777188,5.38612907607,2.78042236486,1.88465585249,5.38612907607,0.116399570734,0.028192371476,17,0.0021879021879,0.170979845374,37,37,37,1,0,0.378378378378,0.594594594595,0.027027027027,-168,-0.126126126126,1.05513354675,-9.08108108108,-7.98023715415,-4.9380952381,-0.734140260596,0.202291082446,0.122501812157,-3.61657210006,0.224182968227,0.0895559806631,-4.43342334761,-0.101518170316,-0.0502117362371,1.24405628216,0.30653087447,3.38612907607,1.05513354675,1.24405628216,3.38612907607,-0.227671823513,-0.348376666181,-793,-0.102059202059,-0.398596982976,-0.027027027027,0.0540540540541,-0.027027027027,165,9,177,981,0.482456140351,0.990909090909,0.00909090909091,0.517543859649,0.948275862069,0.482456140351,0.639534883721,0.613618016181,0.47336523126,0.470085470085,18,186,0,0,0,0
216,WLNM_dir_neg,0.348580760782,0.281741970593,00:00:13,10,10,24,1233943459,threshold_sweep,0.9,0.470588235294,0.0430107526882,0.0788177339901,8,9,178,363,0.0430107526882,0.975806451613,0.0241935483871,0.956989247312,0.470588235294,0.0430107526882,0.0788177339901,0.664874551971,0.65651135006,0.024347826087,0.0516131005198,0.0188172043011,342,156,186,0,342,0,156,0,186,37,342,0.256756756757,1.72528881811,18.4864864865,15.5454545455,9.77142857143,5.36771015539,0.290358590277,0.142642642643,9.50849154237,1.02869645341,0.544491860281,8.05331334643,0.871264894205,0.461830251304,0.640599570326,0.371299902718,2,1.72528881811,0.640599570326,2,0.344071394247,0.376569037657,810,0.104247104247,0.56957682835,37,37,37,1,0,0.405405405405,0.540540540541,0.0540540540541,37,0.117117117117,2.22747747748,8.43243243243,7.09090909091,4.45714285714,5.03620525429,0.597242289772,0.326923076923,6.00525295579,1.42432281644,0.680873180873,3.83793300225,0.910278981302,0.463617463617,1.42084529335,0.637871901162,5.2,2.22747747748,1.42084529335,5.2,0,0,0,0,0.160752482811,37,37,37,1,0,0.405405405405,0.540540540541,0.0540540540541,37,173,0.12987987988,2.83793968095,9.35135135135,7.52173913043,4.80555555556,4.58388612555,0.490184354466,0.264958600219,5.88809558938,1.25930368097,0.63521324793,3.62900395008,0.776145353485,0.413685361662,1.96652690687,0.692941756327,5.57676560599,2.83793968095,1.96652690687,5.57676560599,0.109420344714,0.0235426008969,14,0.0018018018018,0.169933669328,37,37,37,1,0,0.378378378378,0.594594594595,0.027027027027,-169,-0.126876876877,1.11265086284,-9.13513513514,-8.02371541502,-4.96587301587,-0.783824029843,0.199825764189,0.122315957576,-3.620395953,0.230607227551,0.0907213876487,-4.42430939636,-0.0951195407203,-0.0481448896417,1.32592733654,0.321641853609,3.57676560599,1.11265086284,1.32592733654,3.57676560599,-0.234651049533,-0.35302643676,-796,-0.102445302445,-0.399643159022,-0.027027027027,0.0540540540541,-0.027027027027,164,9,178,981,0.479532163743,0.990909090909,0.00909090909091,0.520467836257,0.947976878613,0.479532163743,0.636893203883,0.611323766642,0.470441254652,0.467236467236,17,186,0,0,0,0
217,WLNM_dir_neg,0.408479303966,0.308453322806,00:00:13,10,10,25,1233943460,threshold_sweep,0.1,0.383333333333,0.123655913978,0.186991869919,23,37,163,335,0.123655913978,0.900537634409,0.0994623655914,0.876344086022,0.383333333333,0.123655913978,0.186991869919,0.641577060932,0.63082437276,0.0291262135922,0.0368160520255,0.0241935483871,342,156,186,0,342,0,156,0,186,37,342,0.256756756757,1.72528881811,18.4864864865,15.5454545455,9.77142857143,5.36771015539,0.290358590277,0.142642642643,9.50849154237,1.02869645341,0.544491860281,8.05331334643,0.871264894205,0.461830251304,0.640599570326,0.371299902718,2,1.72528881811,0.640599570326,2,0.344071394247,0.376569037657,810,0.104247104247,0.56957682835,37,37,37,1,0,0.405405405405,0.540540540541,0.0540540540541,37,0.117117117117,2.21261261261,8.43243243243,7.09090909091,4.45714285714,5.04722443274,0.598549051319,0.327616077616,6.00525295579,1.42432281644,0.680873180873,3.83793300225,0.910278981302,0.463617463617,1.39215458577,0.629190386892,5.2,2.21261261261,1.39215458577,5.2,0,0,0,0,0.161113233172,37,37,37,1,0,0.405405405405,0.540540540541,0.0540540540541,37,216,0.162162162162,15.3578265476,11.6756756757,6.35294117647,5.83783783784,5.42142895295,0.464335350137,0.252252252252,5.71311120491,0.97863478973,0.511261261261,3.50010724846,0.599555408302,0.323323323323,4.47352373792,0.291286252262,17.3521346764,15.3578265476,4.47352373792,17.3521346764,0.20531596669,0.127160493827,103,0.0132561132561,0.162562547792,37,37,37,1,0,0.0810810810811,0.918918918919,0,-126,-0.0945945945946,13.6325377294,-6.81081081081,-9.19251336898,-3.93359073359,0.0537187975574,0.17397675986,0.10960960961,-3.79538033747,-0.0500616636853,-0.0332305990201,-4.55320609797,-0.271709485903,-0.138506927981,3.83292416759,-0.0800136504562,15.3521346764,13.6325377294,3.83292416759,15.3521346764,-0.138755427557,-0.24940854383,-707,-0.090990990991,-0.407014280557,-0.324324324324,0.378378378378,-0.0540540540541,179,37,163,953,0.523391812865,0.962626262626,0.0373737373737,0.476608187135,0.828703703704,0.523391812865,0.641577060932,0.576002142531,0.486018075492,0.472295514512,60,186,0,0,0,0
218,WLNM_dir_neg,0.408479303966,0.308453322806,00:00:13,10,10,25,1233943460,threshold_sweep,0.2,0.372881355932,0.118279569892,0.179591836735,22,37,164,335,0.118279569892,0.900537634409,0.0994623655914,0.881720430108,0.372881355932,0.118279569892,0.179591836735,0.639784946237,0.631421744325,0.0226904376013,0.0288474057797,0.0188172043011,342,156,186,0,342,0,156,0,186,37,342,0.256756756757,1.72528881811,18.4864864865,15.5454545455,9.77142857143,5.36771015539,0.290358590277,0.142642642643,9.50849154237,1.02869645341,0.544491860281,8.05331334643,0.871264894205,0.461830251304,0.640599570326,0.371299902718,2,1.72528881811,0.640599570326,2,0.344071394247,0.376569037657,810,0.104247104247,0.56957682835,37,37,37,1,0,0.405405405405,0.540540540541,0.0540540540541,37,0.117117117117,2.21261261261,8.43243243243,7.09090909091,4.45714285714,5.04722443274,0.598549051319,0.327616077616,6.00525295579,1.42432281644,0.680873180873,3.83793300225,0.910278981302,0.463617463617,1.39215458577,0.629190386892,5.2,2.21261261261,1.39215458577,5.2,0,0,0,0,0.161113233172,37,37,37,1,0,0.405405405405,0.540540540541,0.0540540540541,37,215,0.161411411411,15.3862374786,11.6216216216,6.32352941176,5.81081081081,5.47900716549,0.471449453775,0.25694531741,5.72440117119,0.98512950388,0.512884978001,3.50268022645,0.602786829668,0.324575738529,4.48302061183,0.291365619311,17.3869322885,15.3862374786,4.48302061183,17.3869322885,0.203477217483,0.124018189334,100,0.01287001287,0.161578683172,37,37,37,1,0,0.0810810810811,0.918918918919,0,-127,-0.0953453453453,13.6609486605,-6.86486486486,-9.22192513369,-3.96061776062,0.111297010099,0.181090863498,0.114302674768,-3.78409037118,-0.0435669495349,-0.0316068822801,-4.55063311998,-0.268478064537,-0.137254512775,3.8424210415,-0.0799342834072,15.3869322885,13.6609486605,3.8424210415,15.3869322885,-0.140594176764,-0.252550848322,-710,-0.0913770913771,-0.407998145178,-0.324324324324,0.378378378378,-0.0540540540541,178,37,164,953,0.520467836257,0.962626262626,0.0373737373737,0.479532163743,0.827906976744,0.520467836257,0.639138240575,0.573609804969,0.483094098884,0.469656992084,59,186,0,0,0,0
219,WLNM_dir_neg,0.408479303966,0.308453322806,00:00:13,10,10,25,1233943460,threshold_sweep,0.3,0.538461538462,0.112903225806,0.186666666667,21,18,165,354,0.112903225806,0.951612903226,0.0483870967742,0.887096774194,0.538461538462,0.112903225806,0.186666666667,0.672043010753,0.643369175627,0.0804020100503,0.119283469184,0.0645161290323,342,156,186,0,342,0,156,0,186,37,342,0.256756756757,1.72528881811,18.4864864865,15.5454545455,9.77142857143,5.36771015539,0.290358590277,0.142642642643,9.50849154237,1.02869645341,0.544491860281,8.05331334643,0.871264894205,0.461830251304,0.640599570326,0.371299902718,2,1.72528881811,0.640599570326,2,0.344071394247,0.376569037657,810,0.104247104247,0.56957682835,37,37,37,1,0,0.405405405405,0.540540540541,0.0540540540541,37,0.117117117117,2.21261261261,8.43243243243,7.09090909091,4.45714285714,5.04722443274,0.598549051319,0.327616077616,6.00525295579,1.42432281644,0.680873180873,3.83793300225,0.910278981302,0.463617463617,1.39215458577,0.629190386892,5.2,2.21261261261,1.39215458577,5.2,0,0,0,0,0.161113233172,37,37,37,1,0,0.405405405405,0.540540540541,0.0540540540541,37,195,0.146396396396,2.53118339674,10.5405405405,8.47826086957,5.27027027027,4.79348281289,0.454766318146,0.247124047124,6.13572710827,1.16421488721,0.60595980596,3.18545870278,0.604420369246,0.329313929314,1.54642913365,0.610951041966,4.39653001104,2.53118339674,1.54642913365,4.39653001104,0.162020628429,0.0736543909348,52,0.00669240669241,0.173122510826,37,37,37,1,0,0.378378378378,0.621621621622,0,-147,-0.11036036036,0.805894578626,-7.94594594595,-7.06719367589,-4.50115830116,-0.574227342503,0.164407727869,0.104481404481,-3.37276443411,0.135518433795,0.0614679456785,-4.86785464365,-0.266844524959,-0.13251632199,0.905829563319,0.239651139248,2.39653001104,0.805894578626,0.905829563319,2.39653001104,-0.182050765818,-0.302914646722,-758,-0.0975546975547,-0.396454317524,-0.027027027027,0.0810810810811,-0.0540540540541,177,18,165,972,0.517543859649,0.981818181818,0.0181818181818,0.482456140351,0.907692307692,0.517543859649,0.659217877095,0.617090185283,0.499362041467,0.491666666667,39,186,0,0,0,0
220,WLNM_dir_neg,0.408479303966,0.308453322806,00:00:13,10,10,25,1233943460,threshold_sweep,0.4,0.538461538462,0.112903225806,0.186666666667,21,18,165,354,0.112903225806,0.951612903226,0.0483870967742,0.887096774194,0.538461538462,0.112903225806,0.186666666667,0.672043010753,0.643369175627,0.0804020100503,0.119283469184,0.0645161290323,342,156,186,0,342,0,156,0,186,37,342,0.256756756757,1.72528881811,18.4864864865,15.5454545455,9.77142857143,5.36771015539,0.290358590277,0.142642642643,9.50849154237,1.02869645341,0.544491860281,8.05331334643,0.871264894205,0.461830251304,0.640599570326,0.371299902718,2,1.72528881811,0.640599570326,2,0.344071394247,0.376569037657,810,0.104247104247,0.56957682835,37,37,37,1,0,0.405405405405,0.540540540541,0.0540540540541,37,0.117117117117,2.21261261261,8.43243243243,7.09090909091,4.45714285714,5.04722443274,0.598549051319,0.327616077616,6.00525295579,1.42432281644,0.680873180873,3.83793300225,0.910278981302,0.463617463617,1.39215458577,0.629190386892,5.2,2.21261261261,1.39215458577,5.2,0,0,0,0,0.161113233172,37,37,37,1,0,0.405405405405,0.540540540541,0.0540540540541,37,195,0.146396396396,2.53118339674,10.5405405405,8.47826086957,5.27027027027,4.79348281289,0.454766318146,0.247124047124,6.13572710827,1.16421488721,0.60595980596,3.18545870278,0.604420369246,0.329313929314,1.54642913365,0.610951041966,4.39653001104,2.53118339674,1.54642913365,4.39653001104,0.162020628429,0.0736543909348,52,0.00669240669241,0.173122510826,37,37,37,1,0,0.378378378378,0.621621621622,0,-147,-0.11036036036,0.805894578626,-7.94594594595,-7.06719367589,-4.50115830116,-0.574227342503,0.164407727869,0.104481404481,-3.37276443411,0.135518433795,0.0614679456785,-4.86785464365,-0.266844524959,-0.13251632199,0.905829563319,0.239651139248,2.39653001104,0.805894578626,0.905829563319,2.39653001104,-0.182050765818,-0.302914646722,-758,-0.0975546975547,-0.396454317524,-0.027027027027,0.0810810810811,-0.0540540540541,177,18,165,972,0.517543859649,0.981818181818,0.0181818181818,0.482456140351,0.907692307692,0.517543859649,0.659217877095,0.617090185283,0.499362041467,0.491666666667,39,186,0,0,0,0
221,WLNM_dir_neg,0.408479303966,0.308453322806,00:00:13,10,10,25,1233943460,threshold_sweep,0.5,0.540540540541,0.10752688172,0.179372197309,20,17,166,355,0.10752688172,0.954301075269,0.0456989247312,0.89247311828,0.540540540541,0.10752688172,0.179372197309,0.672043010753,0.644563918757,0.0773109243697,0.117136734975,0.0618279569892,342,156,186,0,342,0,156,0,186,37,342,0.256756756757,1.72528881811,18.4864864865,15.5454545455,9.77142857143,5.36771015539,0.290358590277,0.142642642643,9.50849154237,1.02869645341,0.544491860281,8.05331334643,0.871264894205,0.461830251304,0.640599570326,0.371299902718,2,1.72528881811,0.640599570326,2,0.344071394247,0.376569037657,810,0.104247104247,0.56957682835,37,37,37,1,0,0.405405405405,0.540540540541,0.0540540540541,37,0.117117117117,2.21261261261,8.43243243243,7.09090909091,4.45714285714,5.04722443274,0.598549051319,0.327616077616,6.00525295579,1.42432281644,0.680873180873,3.83793300225,0.910278981302,0.463617463617,1.39215458577,0.629190386892,5.2,2.21261261261,1.39215458577,5.2,0,0,0,0,0.161113233172,37,37,37,1,0,0.405405405405,0.540540540541,0.0540540540541,37,193,0.144894894895,2.53571599152,10.4324324324,8.39130434783,5.21621621622,4.71133703917,0.451604845724,0.2440834617,6.08794407522,1.16711881235,0.607758017084,3.22434433589,0.61813855144,0.336367455538,1.55415108147,0.612904239539,4.47410889466,2.53571599152,1.55415108147,4.47410889466,0.164088111147,0.0731357552581,51,0.00656370656371,0.172437408816,37,37,37,1,0,0.378378378378,0.621621621622,0,-149,-0.111861861862,0.810427173405,-8.05405405405,-7.15415019763,-4.55521235521,-0.656373116219,0.161246255447,0.101440819057,-3.42054746715,0.138422358934,0.0632661568031,-4.82896901054,-0.253126342765,-0.125462795765,0.913551511143,0.241604336821,2.47410889466,0.810427173405,0.913551511143,2.47410889466,-0.1799832831,-0.303433282399,-759,-0.0976833976834,-0.397139419534,-0.027027027027,0.0810810810811,-0.0540540540541,176,17,166,973,0.514619883041,0.982828282828,0.0171717171717,0.485380116959,0.911917098446,0.514619883041,0.657943925234,0.617359261473,0.497448165869,0.490250696379,37,186,0,0,0,0
222,WLNM_dir_neg,0.408479303966,0.308453322806,00:00:13,10,10,25,1233943460,threshold_sweep,0.6,0.515151515152,0.0913978494624,0.155251141553,17,16,169,356,0.0913978494624,0.956989247312,0.0430107526882,0.908602150538,0.515151515152,0.0913978494624,0.155251141553,0.668458781362,0.646953405018,0.0609137055838,0.096698755683,0.0483870967742,342,156,186,0,342,0,156,0,186,37,342,0.256756756757,1.72528881811,18.4864864865,15.5454545455,9.77142857143,5.36771015539,0.290358590277,0.142642642643,9.50849154237,1.02869645341,0.544491860281,8.05331334643,0.871264894205,0.461830251304,0.640599570326,0.371299902718,2,1.72528881811,0.640599570326,2,0.344071394247,0.376569037657,810,0.104247104247,0.56957682835,37,37,37,1,0,0.405405405405,0.540540540541,0.0540540540541,37,0.117117117117,2.21261261261,8.43243243243,7.09090909091,4.45714285714,5.04722443274,0.598549051319,0.327616077616,6.00525295579,1.42432281644,0.680873180873,3.83793300225,0.910278981302,0.463617463617,1.39215458577,0.629190386892,5.2,2.21261261261,1.39215458577,5.2,0,0,0,0,0.161113233172,37,37,37,1,0,0.405405405405,0.540540540541,0.0540540540541,37,189,0.141891891892,2.51664293448,10.2162162162,8.21739130435,5.10810810811,4.81972299305,0.471771827362,0.25597025597,6.06805745864,1.18792659243,0.614614614615,3.30642290587,0.647289140302,0.352066352066,1.52867119666,0.607424746563,4.34607649772,2.51664293448,1.52867119666,4.34607649772,0.182688429747,0.0684133915575,47,0.00604890604891,0.171041047549,37,37,37,1,0,0.378378378378,0.621621621622,0,-153,-0.114864864865,0.791354116365,-8.27027027027,-7.32806324111,-4.66332046332,-0.547987162344,0.181413237085,0.113327613328,-3.44043408374,0.159230139017,0.0701227543333,-4.74689044057,-0.223975753903,-0.109763899238,0.888071626339,0.236124843845,2.34607649772,0.791354116365,0.888071626339,2.34607649772,-0.1613829645,-0.308155646099,-763,-0.0981981981982,-0.3985357808,-0.027027027027,0.0810810810811,-0.0540540540541,173,16,169,974,0.505847953216,0.983838383838,0.0161616161616,0.494152046784,0.915343915344,0.505847953216,0.651600753296,0.61304819743,0.489686337055,0.483240223464,33,186,0,0,0,0
223,WLNM_dir_neg,0.408479303966,0.308453322806,00:00:13,10,10,25,1233943460,threshold_sweep,0.7,0.51724137931,0.0806451612903,0.139534883721,15,14,171,358,0.0806451612903,0.962365591398,0.0376344086022,0.91935483871,0.51724137931,0.0806451612903,0.139534883721,0.668458781362,0.649342891278,0.0545144804089,0.0913436054676,0.0430107526882,342,156,186,0,342,0,156,0,186,37,342,0.256756756757,1.72528881811,18.4864864865,15.5454545455,9.77142857143,5.36771015539,0.290358590277,0.142642642643,9.50849154237,1.02869645341,0.544491860281,8.05331334643,0.871264894205,0.461830251304,0.640599570326,0.371299902718,2,1.72528881811,0.640599570326,2,0.344071394247,0.376569037657,810,0.104247104247,0.56957682835,37,37,37,1,0,0.405405405405,0.540540540541,0.0540540540541,37,0.117117117117,2.21261261261,8.43243243243,7.09090909091,4.45714285714,5.04722443274,0.598549051319,0.327616077616,6.00525295579,1.42432281644,0.680873180873,3.83793300225,0.910278981302,0.463617463617,1.39215458577,0.629190386892,5.2,2.21261261261,1.39215458577,5.2,0,0,0,0,0.161113233172,37,37,37,1,0,0.405405405405,0.540540540541,0.0540540540541,37,185,0.138888888889,2.5064569523,10,8.04347826087,5,4.77260702109,0.477260702109,0.257560262966,6.00462784488,1.20092556898,0.619430241052,3.38296385503,0.676592771006,0.36669101534,1.51372250469,0.603929185098,4.28785210338,2.5064569523,1.51372250469,4.28785210338,0.163657605376,0.0529233870968,35,0.0045045045045,0.169672990537,37,37,37,1,0,0.378378378378,0.621621621622,0,-157,-0.117867867868,0.781168134187,-8.48648648649,-7.50197628458,-4.77142857143,-0.595103134301,0.186902111832,0.114917620323,-3.50386369749,0.172229115562,0.0749383807705,-4.6703494914,-0.194672123199,-0.0951392359643,0.873122934361,0.23262928238,2.28785210338,0.781168134187,0.873122934361,2.28785210338,-0.180413788872,-0.32364565056,-775,-0.0997425997426,-0.399903837813,-0.027027027027,0.0810810810811,-0.0540540540541,171,14,171,976,0.5,0.985858585859,0.0141414141414,0.5,0.924324324324,0.5,0.648956356736,0.613723790883,0.485858585859,0.480337078652,29,186,0,0,0,0
224,WLNM_dir_neg,0.408479303966,0.308453322806,00:00:13,10,10,25,1233943460,threshold_sweep,0.8,0.51724137931,0.0806451612903,0.139534883721,15,14,171,358,0.0806451612903,0.962365591398,0.0376344086022,0.91935483871,0.51724137931,0.0806451612903,0.139534883721,0.668458781362,0.649342891278,0.0545144804089,0.0913436054676,0.0430107526882,342,156,186,0,342,0,156,0,186,37,342,0.256756756757,1.72528881811,18.4864864865,15.5454545455,9.77142857143,5.36771015539,0.290358590277,0.142642642643,9.50849154237,1.02869645341,0.544491860281,8.05331334643,0.871264894205,0.461830251304,0.640599570326,0.371299902718,2,1.72528881811,0.640599570326,2,0.344071394247,0.376569037657,810,0.104247104247,0.56957682835,37,37,37,1,0,0.405405405405,0.540540540541,0.0540540540541,37,0.117117117117,2.21261261261,8.43243243243,7.09090909091,4.45714285714,5.04722443274,0.598549051319,0.327616077616,6.00525295579,1.42432281644,0.680873180873,3.83793300225,0.910278981302,0.463617463617,1.39215458577,0.629190386892,5.2,2.21261261261,1.39215458577,5.2,0,0,0,0,0.161113233172,37,37,37,1,0,0.405405405405,0.540540540541,0.0540540540541,37,185,0.138888888889,2.5064569523,10,8.04347826087,5,4.77260702109,0.477260702109,0.257560262966,6.00462784488,1.20092556898,0.619430241052,3.38296385503,0.676592771006,0.36669101534,1.51372250469,0.603929185098,4.28785210338,2.5064569523,1.51372250469,4.28785210338,0.163657605376,0.0529233870968,35,0.0045045045045,0.169672990537,37,37,37,1,0,0.378378378378,0.621621621622,0,-157,-0.117867867868,0.781168134187,-8.48648648649,-7.50197628458,-4.77142857143,-0.595103134301,0.186902111832,0.114917620323,-3.50386369749,0.172229115562,0.0749383807705,-4.6703494914,-0.194672123199,-0.0951392359643,0.873122934361,0.23262928238,2.28785210338,0.781168134187,0.873122934361,2.28785210338,-0.180413788872,-0.32364565056,-775,-0.0997425997426,-0.399903837813,-0.027027027027,0.0810810810811,-0.0540540540541,171,14,171,976,0.5,0.985858585859,0.0141414141414,0.5,0.924324324324,0.5,0.648956356736,0.613723790883,0.485858585859,0.480337078652,29,186,0,0,0,0
225,WLNM_dir_neg,0.408479303966,0.308453322806,00:00:13,10,10,25,1233943460,threshold_sweep,0.9,0.5,0.0645161290323,0.114285714286,12,12,174,360,0.0645161290323,0.967741935484,0.0322580645161,0.935483870968,0.5,0.0645161290323,0.114285714286,0.666666666667,0.652329749104,0.0412371134021,0.0749531688996,0.0322580645161,342,156,186,0,342,0,156,0,186,37,342,0.256756756757,1.72528881811,18.4864864865,15.5454545455,9.77142857143,5.36771015539,0.290358590277,0.142642642643,9.50849154237,1.02869645341,0.544491860281,8.05331334643,0.871264894205,0.461830251304,0.640599570326,0.371299902718,2,1.72528881811,0.640599570326,2,0.344071394247,0.376569037657,810,0.104247104247,0.56957682835,37,37,37,1,0,0.405405405405,0.540540540541,0.0540540540541,37,0.117117117117,2.21261261261,8.43243243243,7.09090909091,4.45714285714,5.04722443274,0.598549051319,0.327616077616,6.00525295579,1.42432281644,0.680873180873,3.83793300225,0.910278981302,0.463617463617,1.39215458577,0.629190386892,5.2,2.21261261261,1.39215458577,5.2,0,0,0,0,0.161113233172,37,37,37,1,0,0.405405405405,0.540540540541,0.0540540540541,37,180,0.135135135135,2.29123462656,9.72972972973,8.18181818182,4.86486486486,4.72374997368,0.485496525072,0.261711711712,6.01462182316,1.23633893032,0.632132132132,3.4493329642,0.709029553752,0.381081081081,1.37420464537,0.599766008003,4.5830700283,2.29123462656,1.37420464537,4.5830700283,0.131012769719,0.0397245762712,25,0.0032175032175,0.178250883245,37,37,37,1,0,0.405405405405,0.594594594595,0,-162,-0.121621621622,0.565945808441,-8.75675675676,-7.36363636364,-4.90656370656,-0.643960181716,0.195137934795,0.119069069069,-3.49386971921,0.207642476902,0.0876402718508,-4.60398038224,-0.162235340453,-0.0807491702229,0.733605075043,0.228466105286,2.5830700283,0.565945808441,0.733605075043,2.5830700283,-0.213058624529,-0.336844461386,-785,-0.10102960103,-0.391325945105,0,0.0540540540541,-0.0540540540541,168,12,174,978,0.491228070175,0.987878787879,0.0121212121212,0.508771929825,0.933333333333,0.491228070175,0.64367816092,0.612210178369,0.479106858054,0.474576271186,24,186,0,0,0,0
226,WLNM_dir_neg,0.413761706556,0.317202513053,00:00:14,10,10,26,1233943461,threshold_sweep,0.1,0.468085106383,0.118279569892,0.188841201717,22,25,164,347,0.118279569892,0.932795698925,0.0672043010753,0.881720430108,0.468085106383,0.118279569892,0.188841201717,0.661290322581,0.638590203106,0.0628099173554,0.0866920402759,0.0510752688172,342,156,186,0,342,0,156,0,186,37,342,0.256756756757,1.72528881811,18.4864864865,15.5454545455,9.77142857143,5.36771015539,0.290358590277,0.142642642643,9.50849154237,1.02869645341,0.544491860281,8.05331334643,0.871264894205,0.461830251304,0.640599570326,0.371299902718,2,1.72528881811,0.640599570326,2,0.344071394247,0.376569037657,810,0.104247104247,0.56957682835,37,37,37,1,0,0.405405405405,0.540540540541,0.0540540540541,37,0.117117117117,2.21261261261,8.43243243243,7.09090909091,4.45714285714,5.04722443274,0.598549051319,0.327616077616,6.00525295579,1.42432281644,0.680873180873,3.83793300225,0.910278981302,0.463617463617,1.39215458577,0.629190386892,5.2,2.21261261261,1.39215458577,5.2,0,0,0,0,0.161113233172,37,37,37,1,0,0.405405405405,0.540540540541,0.0540540540541,37,203,0.152402402402,1,10.972972973,5.63888888889,5.48648648649,5.20409286837,0.474264621009,0.257622154174,5.7861022268,1.05460976548,0.534948741845,3.46106616218,0.630834719215,0.342431101052,0,0,0,NaN,NaN,NaN,0.168482347894,0.0808957952468,59,0.00759330759331,0.145163329089,37,37,0,1,3,0.027027027027,0.972972972973,0,-139,-0.104354354354,-0.725288818115,-7.51351351351,-9.90656565657,-4.28494208494,-0.163617287027,0.183906030732,0.114979511531,-3.72238931557,0.025913312061,-0.00954311843604,-4.59224718426,-0.24043017499,-0.119399150252,-0.640599570326,-0.371299902718,-2,NaN,NaN,NaN,-0.175589046353,-0.29567324241,-751,-0.0966537966538,-0.424413499261,-0.378378378378,0.432432432432,-0.0540540540541,178,25,164,965,0.520467836257,0.974747474747,0.0252525252525,0.479532163743,0.87684729064,0.520467836257,0.653211009174,0.601907457388,0.495215311005,0.485013623978,47,186,0,0,0,0
227,WLNM_dir_neg,0.413761706556,0.317202513053,00:00:14,10,10,26,1233943461,threshold_sweep,0.2,0.540540540541,0.10752688172,0.179372197309,20,17,166,355,0.10752688172,0.954301075269,0.0456989247312,0.89247311828,0.540540540541,0.10752688172,0.179372197309,0.672043010753,0.644563918757,0.0773109243697,0.117136734975,0.0618279569892,342,156,186,0,342,0,156,0,186,37,342,0.256756756757,1.72528881811,18.4864864865,15.5454545455,9.77142857143,5.36771015539,0.290358590277,0.142642642643,9.50849154237,1.02869645341,0.544491860281,8.05331334643,0.871264894205,0.461830251304,0.640599570326,0.371299902718,2,1.72528881811,0.640599570326,2,0.344071394247,0.376569037657,810,0.104247104247,0.56957682835,37,37,37,1,0,0.405405405405,0.540540540541,0.0540540540541,37,0.117117117117,2.21261261261,8.43243243243,7.09090909091,4.45714285714,5.04722443274,0.598549051319,0.327616077616,6.00525295579,1.42432281644,0.680873180873,3.83793300225,0.910278981302,0.463617463617,1.39215458577,0.629190386892,5.2,2.21261261261,1.39215458577,5.2,0,0,0,0,0.161113233172,37,37,37,1,0,0.405405405405,0.540540540541,0.0540540540541,37,193,0.144894894895,4.96026661632,10.4324324324,6.22580645161,5.21621621622,5.00300210174,0.479562377628,0.255286374457,5.86484410674,1.12434835207,0.577790225459,3.47319205675,0.665845109325,0.360173645148,2.09577212294,0.422511990796,6.02149616318,4.96026661632,2.09577212294,6.02149616318,0.154213932852,0.0621526023244,41,0.00527670527671,0.173305038919,37,37,37,1,0,0.162162162162,0.837837837838,0,-149,-0.111861861862,3.23497779821,-8.05405405405,-9.31964809384,-4.55521235521,-0.364708053652,0.189203787351,0.112643731815,-3.64364743563,0.0956518986551,0.0332983651773,-4.58012128969,-0.20541978488,-0.101656606156,1.45517255262,0.0512120880781,4.02149616318,3.23497779821,1.45517255262,4.02149616318,-0.189857461396,-0.314416435332,-769,-0.0989703989704,-0.39627178943,-0.243243243243,0.297297297297,-0.0540540540541,176,17,166,973,0.514619883041,0.982828282828,0.0171717171717,0.485380116959,0.911917098446,0.514619883041,0.657943925234,0.617359261473,0.497448165869,0.490250696379,37,186,0,0,0,0
228,WLNM_dir_neg,0.413761706556,0.317202513053,00:00:14,10,10,26,1233943461,threshold_sweep,0.3,0.46875,0.0806451612903,0.137614678899,15,17,171,355,0.0806451612903,0.954301075269,0.0456989247312,0.91935483871,0.46875,0.0806451612903,0.137614678899,0.663082437276,0.647550776583,0.0440677966102,0.070853367032,0.0349462365591,342,156,186,0,342,0,156,0,186,37,342,0.256756756757,1.72528881811,18.4864864865,15.5454545455,9.77142857143,5.36771015539,0.290358590277,0.142642642643,9.50849154237,1.02869645341,0.544491860281,8.05331334643,0.871264894205,0.461830251304,0.640599570326,0.371299902718,2,1.72528881811,0.640599570326,2,0.344071394247,0.376569037657,810,0.104247104247,0.56957682835,37,37,37,1,0,0.405405405405,0.540540540541,0.0540540540541,37,0.117117117117,2.21261261261,8.43243243243,7.09090909091,4.45714285714,5.04722443274,0.598549051319,0.327616077616,6.00525295579,1.42432281644,0.680873180873,3.83793300225,0.910278981302,0.463617463617,1.39215458577,0.629190386892,5.2,2.21261261261,1.39215458577,5.2,0,0,0,0,0.161113233172,37,37,37,1,0,0.405405405405,0.540540540541,0.0540540540541,37,188,0.141141141141,4.96189169795,10.1621621622,6.06451612903,5.08108108108,4.7872139515,0.471082223951,0.25,5.76087560078,1.13378934696,0.580506037953,3.4990346159,0.688639791426,0.36802760207,2.0973838242,0.422698428719,6.01962845265,4.96189169795,2.0973838242,6.01962845265,0.138680410739,0.046875,29,0.0037323037323,0.170791805439,37,37,37,1,0,0.162162162162,0.837837837838,0,-154,-0.115615615616,3.23660287984,-8.32432432432,-9.48093841642,-4.69034749035,-0.580496203895,0.180723633673,0.107357357357,-3.74761594159,0.105092893548,0.0360141776715,-4.55427873054,-0.182625102778,-0.0938026492338,1.45678425387,0.0513985260012,4.01962845265,3.23660287984,1.45678425387,4.01962845265,-0.205390983508,-0.329694037657,-781,-0.100514800515,-0.398785022911,-0.243243243243,0.297297297297,-0.0540540540541,171,17,171,973,0.5,0.982828282828,0.0171717171717,0.5,0.909574468085,0.5,0.645283018868,0.605802994151,0.482828282828,0.476323119777,32,186,0,0,0,0
229,WLNM_dir_neg,0.413761706556,0.317202513053,00:00:14,10,10,26,1233943461,threshold_sweep,0.4,0.652173913043,0.0806451612903,0.143540669856,15,8,171,364,0.0806451612903,0.978494623656,0.0215053763441,0.91935483871,0.652173913043,0.0806451612903,0.143540669856,0.679211469534,0.652927120669,0.0757314974182,0.140238376035,0.0591397849462,342,156,186,0,342,0,156,0,186,37,342,0.256756756757,1.72528881811,18.4864864865,15.5454545455,9.77142857143,5.36771015539,0.290358590277,0.142642642643,9.50849154237,1.02869645341,0.544491860281,8.05331334643,0.871264894205,0.461830251304,0.640599570326,0.371299902718,2,1.72528881811,0.640599570326,2,0.344071394247,0.376569037657,810,0.104247104247,0.56957682835,37,37,37,1,0,0.405405405405,0.540540540541,0.0540540540541,37,0.117117117117,2.21261261261,8.43243243243,7.09090909091,4.45714285714,5.04722443274,0.598549051319,0.327616077616,6.00525295579,1.42432281644,0.680873180873,3.83793300225,0.910278981302,0.463617463617,1.39215458577,0.629190386892,5.2,2.21261261261,1.39215458577,5.2,0,0,0,0,0.161113233172,37,37,37,1,0,0.405405405405,0.540540540541,0.0540540540541,37,179,0.134384384384,2.11044952692,9.67567567568,8.13636363636,4.83783783784,4.28209485373,0.442562875944,0.235542805375,5.95125343246,1.23014735755,0.631435905179,3.46019840081,0.71523654095,0.380492224068,1.16841566888,0.553633552463,3.53008257873,2.11044952692,1.16841566888,3.53008257873,0.138680410739,0.046875,29,0.0037323037323,0.182391667719,37,37,37,1,0,0.405405405405,0.594594594595,0,-163,-0.122372372372,0.385160708808,-8.81081081081,-7.40909090909,-4.93359073359,-1.08561530166,0.152204285667,0.0929001627326,-3.55723810991,0.201450904134,0.0869440448976,-4.59311494562,-0.156028353255,-0.0813380272363,0.527816098559,0.182333649746,1.53008257873,0.385160708808,0.527816098559,1.53008257873,-0.205390983508,-0.329694037657,-781,-0.100514800515,-0.38718516063,0,0.0540540540541,-0.0540540540541,171,8,171,982,0.5,0.991919191919,0.00808080808081,0.5,0.95530726257,0.5,0.656429942418,0.630061942497,0.491919191919,0.488571428571,23,186,0,0,0,0
230,WLNM_dir_neg,0.413761706556,0.317202513053,00:00:14,10,10,26,1233943461,threshold_sweep,0.5,0.636363636364,0.0752688172043,0.134615384615,14,8,172,364,0.0752688172043,0.978494623656,0.0215053763441,0.924731182796,0.636363636364,0.0752688172043,0.134615384615,0.677419354839,0.653524492234,0.0689655172414,0.130233065268,0.0537634408602,342,156,186,0,342,0,156,0,186,37,342,0.256756756757,1.72528881811,18.4864864865,15.5454545455,9.77142857143,5.36771015539,0.290358590277,0.142642642643,9.50849154237,1.02869645341,0.544491860281,8.05331334643,0.871264894205,0.461830251304,0.640599570326,0.371299902718,2,1.72528881811,0.640599570326,2,0.344071394247,0.376569037657,810,0.104247104247,0.56957682835,37,37,37,1,0,0.405405405405,0.540540540541,0.0540540540541,37,0.117117117117,2.21261261261,8.43243243243,7.09090909091,4.45714285714,5.04722443274,0.598549051319,0.327616077616,6.00525295579,1.42432281644,0.680873180873,3.83793300225,0.910278981302,0.463617463617,1.39215458577,0.629190386892,5.2,2.21261261261,1.39215458577,5.2,0,0,0,0,0.161113233172,37,37,37,1,0,0.405405405405,0.540540540541,0.0540540540541,37,178,0.133633633634,2.10293148128,9.62162162162,8.09090909091,4.81081081081,4.32917333237,0.449942172185,0.240510173094,5.94342698486,1.23543145191,0.632857576678,3.48678328229,0.724780794633,0.385970239903,1.15431641463,0.548908238288,3.52731474104,2.10293148128,1.15431641463,3.52731474104,0.137867259926,0.0438786565547,27,0.0034749034749,0.182517443819,37,37,37,1,0,0.405405405405,0.594594594595,0,-164,-0.123123123123,0.377642663167,-8.86486486486,-7.45454545455,-4.96061776062,-1.03853682302,0.159583581908,0.0978675304518,-3.56506455752,0.206734998494,0.0883657163965,-4.56653006414,-0.146484099572,-0.0758600114011,0.513716844305,0.17760833557,1.52731474104,0.377642663167,0.513716844305,1.52731474104,-0.206204134321,-0.332690381102,-783,-0.100772200772,-0.387059384531,0,0.0540540540541,-0.0540540540541,170,8,172,982,0.497076023392,0.991919191919,0.00808080808081,0.502923976608,0.955056179775,0.497076023392,0.653846153846,0.627801507848,0.488995215311,0.485714285714,22,186,0,0,0,0
231,WLNM_dir_neg,0.413761706556,0.317202513053,00:00:14,10,10,26,1233943461,threshold_sweep,0.6,0.636363636364,0.0752688172043,0.134615384615,14,8,172,364,0.0752688172043,0.978494623656,0.0215053763441,0.924731182796,0.636363636364,0.0752688172043,0.134615384615,0.677419354839,0.653524492234,0.0689655172414,0.130233065268,0.0537634408602,342,156,186,0,342,0,156,0,186,37,342,0.256756756757,1.72528881811,18.4864864865,15.5454545455,9.77142857143,5.36771015539,0.290358590277,0.142642642643,9.50849154237,1.02869645341,0.544491860281,8.05331334643,0.871264894205,0.461830251304,0.640599570326,0.371299902718,2,1.72528881811,0.640599570326,2,0.344071394247,0.376569037657,810,0.104247104247,0.56957682835,37,37,37,1,0,0.405405405405,0.540540540541,0.0540540540541,37,0.117117117117,2.21261261261,8.43243243243,7.09090909091,4.45714285714,5.04722443274,0.598549051319,0.327616077616,6.00525295579,1.42432281644,0.680873180873,3.83793300225,0.910278981302,0.463617463617,1.39215458577,0.629190386892,5.2,2.21261261261,1.39215458577,5.2,0,0,0,0,0.161113233172,37,37,37,1,0,0.405405405405,0.540540540541,0.0540540540541,37,178,0.133633633634,2.10293148128,9.62162162162,8.09090909091,4.81081081081,4.32917333237,0.449942172185,0.240510173094,5.94342698486,1.23543145191,0.632857576678,3.48678328229,0.724780794633,0.385970239903,1.15431641463,0.548908238288,3.52731474104,2.10293148128,1.15431641463,3.52731474104,0.137867259926,0.0438786565547,27,0.0034749034749,0.182517443819,37,37,37,1,0,0.405405405405,0.594594594595,0,-164,-0.123123123123,0.377642663167,-8.86486486486,-7.45454545455,-4.96061776062,-1.03853682302,0.159583581908,0.0978675304518,-3.56506455752,0.206734998494,0.0883657163965,-4.56653006414,-0.146484099572,-0.0758600114011,0.513716844305,0.17760833557,1.52731474104,0.377642663167,0.513716844305,1.52731474104,-0.206204134321,-0.332690381102,-783,-0.100772200772,-0.387059384531,0,0.0540540540541,-0.0540540540541,170,8,172,982,0.497076023392,0.991919191919,0.00808080808081,0.502923976608,0.955056179775,0.497076023392,0.653846153846,0.627801507848,0.488995215311,0.485714285714,22,186,0,0,0,0
232,WLNM_dir_neg,0.413761706556,0.317202513053,00:00:14,10,10,26,1233943461,threshold_sweep,0.7,0.619047619048,0.0698924731183,0.125603864734,13,8,173,364,0.0698924731183,0.978494623656,0.0215053763441,0.930107526882,0.619047619048,0.0698924731183,0.125603864734,0.675627240143,0.654121863799,0.0621761658031,0.119856258683,0.0483870967742,342,156,186,0,342,0,156,0,186,37,342,0.256756756757,1.72528881811,18.4864864865,15.5454545455,9.77142857143,5.36771015539,0.290358590277,0.142642642643,9.50849154237,1.02869645341,0.544491860281,8.05331334643,0.871264894205,0.461830251304,0.640599570326,0.371299902718,2,1.72528881811,0.640599570326,2,0.344071394247,0.376569037657,810,0.104247104247,0.56957682835,37,37,37,1,0,0.405405405405,0.540540540541,0.0540540540541,37,0.117117117117,2.21261261261,8.43243243243,7.09090909091,4.45714285714,5.04722443274,0.598549051319,0.327616077616,6.00525295579,1.42432281644,0.680873180873,3.83793300225,0.910278981302,0.463617463617,1.39215458577,0.629190386892,5.2,2.21261261261,1.39215458577,5.2,0,0,0,0,0.161113233172,37,37,37,1,0,0.405405405405,0.540540540541,0.0540540540541,37,177,0.132882882883,2.12404023545,9.56756756757,8.04545454545,4.78378378378,4.3559699809,0.455284998003,0.242632462971,5.94481630001,1.24270171243,0.635211482669,3.48915092453,0.729370532247,0.387234692319,1.18588332344,0.558314905551,3.67655378486,2.12404023545,1.18588332344,3.67655378486,0.132699926818,0.0409388646288,25,0.0032175032175,0.180425724622,37,37,37,1,0,0.405405405405,0.594594594595,0,-165,-0.123873873874,0.39875141734,-8.91891891892,-7.5,-4.98764478764,-1.0117401745,0.164926407726,0.0999898203288,-3.56367524237,0.214005259016,0.0907196223878,-4.5641624219,-0.141894361958,-0.0745955589845,0.545283753118,0.187015002833,1.67655378486,0.39875141734,0.545283753118,1.67655378486,-0.21137146743,-0.335630173028,-785,-0.10102960103,-0.389151103728,0,0.0540540540541,-0.0540540540541,169,8,173,982,0.494152046784,0.991919191919,0.00808080808081,0.505847953216,0.954802259887,0.494152046784,0.651252408478,0.62553692265,0.486071238703,0.482857142857,21,186,0,0,0,0
233,WLNM_dir_neg,0.413761706556,0.317202513053,00:00:14,10,10,26,1233943461,threshold_sweep,0.8,0.619047619048,0.0698924731183,0.125603864734,13,8,173,364,0.0698924731183,0.978494623656,0.0215053763441,0.930107526882,0.619047619048,0.0698924731183,0.125603864734,0.675627240143,0.654121863799,0.0621761658031,0.119856258683,0.0483870967742,342,156,186,0,342,0,156,0,186,37,342,0.256756756757,1.72528881811,18.4864864865,15.5454545455,9.77142857143,5.36771015539,0.290358590277,0.142642642643,9.50849154237,1.02869645341,0.544491860281,8.05331334643,0.871264894205,0.461830251304,0.640599570326,0.371299902718,2,1.72528881811,0.640599570326,2,0.344071394247,0.376569037657,810,0.104247104247,0.56957682835,37,37,37,1,0,0.405405405405,0.540540540541,0.0540540540541,37,0.117117117117,2.21261261261,8.43243243243,7.09090909091,4.45714285714,5.04722443274,0.598549051319,0.327616077616,6.00525295579,1.42432281644,0.680873180873,3.83793300225,0.910278981302,0.463617463617,1.39215458577,0.629190386892,5.2,2.21261261261,1.39215458577,5.2,0,0,0,0,0.161113233172,37,37,37,1,0,0.405405405405,0.540540540541,0.0540540540541,37,177,0.132882882883,2.12404023545,9.56756756757,8.04545454545,4.78378378378,4.3559699809,0.455284998003,0.242632462971,5.94481630001,1.24270171243,0.635211482669,3.48915092453,0.729370532247,0.387234692319,1.18588332344,0.558314905551,3.67655378486,2.12404023545,1.18588332344,3.67655378486,0.132699926818,0.0409388646288,25,0.0032175032175,0.180425724622,37,37,37,1,0,0.405405405405,0.594594594595,0,-165,-0.123873873874,0.39875141734,-8.91891891892,-7.5,-4.98764478764,-1.0117401745,0.164926407726,0.0999898203288,-3.56367524237,0.214005259016,0.0907196223878,-4.5641624219,-0.141894361958,-0.0745955589845,0.545283753118,0.187015002833,1.67655378486,0.39875141734,0.545283753118,1.67655378486,-0.21137146743,-0.335630173028,-785,-0.10102960103,-0.389151103728,0,0.0540540540541,-0.0540540540541,169,8,173,982,0.494152046784,0.991919191919,0.00808080808081,0.505847953216,0.954802259887,0.494152046784,0.651252408478,0.62553692265,0.486071238703,0.482857142857,21,186,0,0,0,0
234,WLNM_dir_neg,0.413761706556,0.317202513053,00:00:14,10,10,26,1233943461,threshold_sweep,0.9,0.5625,0.0483870967742,0.0891089108911,9,7,177,365,0.0483870967742,0.981182795699,0.0188172043011,0.951612903226,0.5625,0.0483870967742,0.0891089108911,0.670250896057,0.657108721625,0.0383275261324,0.0835253016442,0.0295698924731,342,156,186,0,342,0,156,0,186,37,342,0.256756756757,1.72528881811,18.4864864865,15.5454545455,9.77142857143,5.36771015539,0.290358590277,0.142642642643,9.50849154237,1.02869645341,0.544491860281,8.05331334643,0.871264894205,0.461830251304,0.640599570326,0.371299902718,2,1.72528881811,0.640599570326,2,0.344071394247,0.376569037657,810,0.104247104247,0.56957682835,37,37,37,1,0,0.405405405405,0.540540540541,0.0540540540541,37,0.117117117117,2.21261261261,8.43243243243,7.09090909091,4.45714285714,5.04722443274,0.598549051319,0.327616077616,6.00525295579,1.42432281644,0.680873180873,3.83793300225,0.910278981302,0.463617463617,1.39215458577,0.629190386892,5.2,2.21261261261,1.39215458577,5.2,0,0,0,0,0.161113233172,37,37,37,1,0,0.405405405405,0.540540540541,0.0540540540541,37,172,0.129129129129,2.1401036036,9.2972972973,7.81818181818,4.64864864865,4.44012552916,0.477571641218,0.257228158391,5.94052100323,1.27790277395,0.644248900063,3.52937054678,0.759225059481,0.396605908234,1.21723643233,0.568774535158,3.781,2.1401036036,1.21723643233,3.781,0.106392106392,0.0221843003413,13,0.0016731016731,0.173303385682,37,37,37,1,0,0.405405405405,0.594594594595,0,-170,-0.127627627628,0.414814785489,-9.18918918919,-7.72727272727,-5.12277992278,-0.927584626231,0.187213050941,0.114585515748,-3.56797053915,0.249206320535,0.0997570397815,-4.52394279966,-0.112039834724,-0.0652243430701,0.576636862003,0.19747463244,1.781,0.414814785489,0.576636862003,1.781,-0.237679287855,-0.354384737316,-797,-0.102574002574,-0.396273442668,0,0.0540540540541,-0.0540540540541,165,7,177,983,0.482456140351,0.992929292929,0.00707070707071,0.517543859649,0.959302325581,0.482456140351,0.642023346304,0.619274649582,0.47538543328,0.472779369628,16,186,0,0,0,0
235,WLNM_dir_neg,0.522090704128,0.377318517568,00:00:13,10,10,27,1233943462,threshold_sweep,0.1,0.56862745098,0.155913978495,0.244725738397,29,22,157,350,0.155913978495,0.940860215054,0.0591397849462,0.844086021505,0.56862745098,0.155913978495,0.244725738397,0.679211469534,0.636200716846,0.118226600985,0.158306386285,0.0967741935484,342,156,186,0,342,0,156,0,186,37,342,0.256756756757,1.72528881811,18.4864864865,15.5454545455,9.77142857143,5.36771015539,0.290358590277,0.142642642643,9.50849154237,1.02869645341,0.544491860281,8.05331334643,0.871264894205,0.461830251304,0.640599570326,0.371299902718,2,1.72528881811,0.640599570326,2,0.344071394247,0.376569037657,810,0.104247104247,0.56957682835,37,37,37,1,0,0.405405405405,0.540540540541,0.0540540540541,37,0.117117117117,2.22747747748,8.43243243243,7.09090909091,4.45714285714,5.03620525429,0.597242289772,0.326923076923,6.00525295579,1.42432281644,0.680873180873,3.83793300225,0.910278981302,0.463617463617,1.42084529335,0.637871901162,5.2,2.22747747748,1.42084529335,5.2,0,0,0,0,0.160752482811,37,37,37,1,0,0.405405405405,0.540540540541,0.0540540540541,37,207,0.155405405405,5.35103730543,11.1891891892,7.39285714286,5.59459459459,5.73409800055,0.512467695701,0.27027027027,6.85346408541,1.22501531961,0.614440527484,3.76725260531,0.673373654089,0.359576968273,2.8346603708,0.529740349208,7.77926718907,5.35103730543,2.8346603708,7.77926718907,0.241936660435,0.160251374705,136,0.0175032175032,0.164946857959,37,37,37,1,0,0.243243243243,0.756756756757,0,-135,-0.101351351351,3.62574848732,-7.2972972973,-8.1525974026,-4.17683397683,0.366387845154,0.222109105424,0.127627627628,-2.65502745697,0.196318866199,0.0699486672027,-4.28606074113,-0.197891240116,-0.102253283031,2.19406080048,0.15844044649,5.77926718907,3.62574848732,2.19406080048,5.77926718907,-0.102134733812,-0.216317662951,-674,-0.0867438867439,-0.404629970391,-0.162162162162,0.216216216216,-0.0540540540541,185,22,157,968,0.540935672515,0.977777777778,0.0222222222222,0.459064327485,0.893719806763,0.540935672515,0.673952641166,0.625455946355,0.518713450292,0.508241758242,51,186,0,0,0,0
236,WLNM_dir_neg,0.522090704128,0.377318517568,00:00:13,10,10,27,1233943462,threshold_sweep,0.2,0.621621621622,0.123655913978,0.206278026906,23,14,163,358,0.123655913978,0.962365591398,0.0376344086022,0.876344086022,0.621621621622,0.123655913978,0.206278026906,0.682795698925,0.644563918757,0.10756302521,0.162972848661,0.0860215053763,342,156,186,0,342,0,156,0,186,37,342,0.256756756757,1.72528881811,18.4864864865,15.5454545455,9.77142857143,5.36771015539,0.290358590277,0.142642642643,9.50849154237,1.02869645341,0.544491860281,8.05331334643,0.871264894205,0.461830251304,0.640599570326,0.371299902718,2,1.72528881811,0.640599570326,2,0.344071394247,0.376569037657,810,0.104247104247,0.56957682835,37,37,37,1,0,0.405405405405,0.540540540541,0.0540540540541,37,0.117117117117,2.22747747748,8.43243243243,7.09090909091,4.45714285714,5.03620525429,0.597242289772,0.326923076923,6.00525295579,1.42432281644,0.680873180873,3.83793300225,0.910278981302,0.463617463617,1.42084529335,0.637871901162,5.2,2.22747747748,1.42084529335,5.2,0,0,0,0,0.160752482811,37,37,37,1,0,0.405405405405,0.540540540541,0.0540540540541,37,193,0.144894894895,2.39709338269,10.4324324324,8.39130434783,5.21621621622,5.32572655732,0.510497105236,0.271670634365,6.68802883739,1.28216096883,0.645847920459,3.88826678851,0.745419021631,0.388741072679,1.43416991354,0.598295387195,4.68210460977,2.39709338269,1.43416991354,4.68210460977,0.16201845799,0.0763983628922,56,0.00720720720721,0.180050746725,37,37,37,1,0,0.378378378378,0.621621621622,0,-149,-0.111861861862,0.671804564578,-8.05405405405,-7.15415019763,-4.55521235521,-0.0419835980714,0.220138514958,0.129027991722,-2.82046270499,0.253464515411,0.101356060178,-4.16504655793,-0.125845872574,-0.073089178625,0.793570343214,0.226995484477,2.68210460977,0.671804564578,0.793570343214,2.68210460977,-0.182052936257,-0.300170674765,-754,-0.0970398970399,-0.389526081625,-0.027027027027,0.0810810810811,-0.0540540540541,179,14,163,976,0.523391812865,0.985858585859,0.0141414141414,0.476608187135,0.927461139896,0.523391812865,0.669158878505,0.63200645139,0.509250398724,0.502808988764,37,186,0,0,0,0
237,WLNM_dir_neg,0.522090704128,0.377318517568,00:00:13,10,10,27,1233943462,threshold_sweep,0.3,0.621621621622,0.123655913978,0.206278026906,23,14,163,358,0.123655913978,0.962365591398,0.0376344086022,0.876344086022,0.621621621622,0.123655913978,0.206278026906,0.682795698925,0.644563918757,0.10756302521,0.162972848661,0.0860215053763,342,156,186,0,342,0,156,0,186,37,342,0.256756756757,1.72528881811,18.4864864865,15.5454545455,9.77142857143,5.36771015539,0.290358590277,0.142642642643,9.50849154237,1.02869645341,0.544491860281,8.05331334643,0.871264894205,0.461830251304,0.640599570326,0.371299902718,2,1.72528881811,0.640599570326,2,0.344071394247,0.376569037657,810,0.104247104247,0.56957682835,37,37,37,1,0,0.405405405405,0.540540540541,0.0540540540541,37,0.117117117117,2.22747747748,8.43243243243,7.09090909091,4.45714285714,5.03620525429,0.597242289772,0.326923076923,6.00525295579,1.42432281644,0.680873180873,3.83793300225,0.910278981302,0.463617463617,1.42084529335,0.637871901162,5.2,2.22747747748,1.42084529335,5.2,0,0,0,0,0.160752482811,37,37,37,1,0,0.405405405405,0.540540540541,0.0540540540541,37,193,0.144894894895,2.39709338269,10.4324324324,8.39130434783,5.21621621622,5.32572655732,0.510497105236,0.271670634365,6.68802883739,1.28216096883,0.645847920459,3.88826678851,0.745419021631,0.388741072679,1.43416991354,0.598295387195,4.68210460977,2.39709338269,1.43416991354,4.68210460977,0.16201845799,0.0763983628922,56,0.00720720720721,0.180050746725,37,37,37,1,0,0.378378378378,0.621621621622,0,-149,-0.111861861862,0.671804564578,-8.05405405405,-7.15415019763,-4.55521235521,-0.0419835980714,0.220138514958,0.129027991722,-2.82046270499,0.253464515411,0.101356060178,-4.16504655793,-0.125845872574,-0.073089178625,0.793570343214,0.226995484477,2.68210460977,0.671804564578,0.793570343214,2.68210460977,-0.182052936257,-0.300170674765,-754,-0.0970398970399,-0.389526081625,-0.027027027027,0.0810810810811,-0.0540540540541,179,14,163,976,0.523391812865,0.985858585859,0.0141414141414,0.476608187135,0.927461139896,0.523391812865,0.669158878505,0.63200645139,0.509250398724,0.502808988764,37,186,0,0,0,0
238,WLNM_dir_neg,0.522090704128,0.377318517568,00:00:13,10,10,27,1233943462,threshold_sweep,0.4,0.611111111111,0.118279569892,0.198198198198,22,14,164,358,0.118279569892,0.962365591398,0.0376344086022,0.881720430108,0.611111111111,0.118279569892,0.198198198198,0.681003584229,0.645161290323,0.10101010101,0.154746115148,0.0806451612903,342,156,186,0,342,0,156,0,186,37,342,0.256756756757,1.72528881811,18.4864864865,15.5454545455,9.77142857143,5.36771015539,0.290358590277,0.142642642643,9.50849154237,1.02869645341,0.544491860281,8.05331334643,0.871264894205,0.461830251304,0.640599570326,0.371299902718,2,1.72528881811,0.640599570326,2,0.344071394247,0.376569037657,810,0.104247104247,0.56957682835,37,37,37,1,0,0.405405405405,0.540540540541,0.0540540540541,37,0.117117117117,2.22747747748,8.43243243243,7.09090909091,4.45714285714,5.03620525429,0.597242289772,0.326923076923,6.00525295579,1.42432281644,0.680873180873,3.83793300225,0.910278981302,0.463617463617,1.42084529335,0.637871901162,5.2,2.22747747748,1.42084529335,5.2,0,0,0,0,0.160752482811,37,37,37,1,0,0.405405405405,0.540540540541,0.0540540540541,37,192,0.144144144144,2.39476459684,10.3783783784,8.34782608696,5.18918918919,5.36631133063,0.517066456337,0.275760135135,6.7033898466,1.29179908502,0.648648648649,3.90752719361,0.753013052934,0.392173423423,1.42936217778,0.596869596145,4.62814706901,2.39476459684,1.42936217778,4.62814706901,0.148836020895,0.072602739726,53,0.00682110682111,0.179053193554,37,37,37,1,0,0.378378378378,0.621621621622,0,-150,-0.112612612613,0.669475778723,-8.10810810811,-7.1976284585,-4.58223938224,-0.00139882475869,0.22670786606,0.133117492492,-2.80510169578,0.263102631606,0.104156788367,-4.14578615283,-0.11825184127,-0.0696568278805,0.78876260745,0.225569693427,2.62814706901,0.669475778723,0.78876260745,2.62814706901,-0.195235373353,-0.303966297931,-757,-0.097425997426,-0.390523634796,-0.027027027027,0.0810810810811,-0.0540540540541,178,14,164,976,0.520467836257,0.985858585859,0.0141414141414,0.479532163743,0.927083333333,0.520467836257,0.666666666667,0.629735536351,0.506326422116,0.5,36,186,0,0,0,0
239,WLNM_dir_neg,0.522090704128,0.377318517568,00:00:13,10,10,27,1233943462,threshold_sweep,0.5,0.628571428571,0.118279569892,0.199095022624,22,13,164,359,0.118279569892,0.965053763441,0.0349462365591,0.881720430108,0.628571428571,0.118279569892,0.199095022624,0.682795698925,0.645758661888,0.10455311973,0.16201746376,0.0833333333333,342,156,186,0,342,0,156,0,186,37,342,0.256756756757,1.72528881811,18.4864864865,15.5454545455,9.77142857143,5.36771015539,0.290358590277,0.142642642643,9.50849154237,1.02869645341,0.544491860281,8.05331334643,0.871264894205,0.461830251304,0.640599570326,0.371299902718,2,1.72528881811,0.640599570326,2,0.344071394247,0.376569037657,810,0.104247104247,0.56957682835,37,37,37,1,0,0.405405405405,0.540540540541,0.0540540540541,37,0.117117117117,2.22747747748,8.43243243243,7.09090909091,4.45714285714,5.03620525429,0.597242289772,0.326923076923,6.00525295579,1.42432281644,0.680873180873,3.83793300225,0.910278981302,0.463617463617,1.42084529335,0.637871901162,5.2,2.22747747748,1.42084529335,5.2,0,0,0,0,0.160752482811,37,37,37,1,0,0.405405405405,0.540540540541,0.0540540540541,37,191,0.143393393393,2.40117225659,10.3243243243,8.30434782609,5.16216216216,5.34402082318,0.51761458235,0.27649639168,6.7020457636,1.29830205892,0.65034668176,3.92650193142,0.760631264201,0.395358709495,1.43805738981,0.598898053174,4.63353633728,2.40117225659,1.43805738981,4.63353633728,0.139392964393,0.0719889247808,52,0.00669240669241,0.178207205065,37,37,37,1,0,0.378378378378,0.621621621622,0,-151,-0.113363363363,0.675883438479,-8.16216216216,-7.24110671937,-4.60926640927,-0.0236893322154,0.227255992073,0.133853749037,-2.80644577877,0.269605605503,0.105854821479,-4.12681141502,-0.110633630004,-0.0664715418091,0.797457819483,0.227598150456,2.63353633728,0.675883438479,0.797457819483,2.63353633728,-0.204678429854,-0.304580112876,-758,-0.0975546975547,-0.391369623285,-0.027027027027,0.0810810810811,-0.0540540540541,178,13,164,977,0.520467836257,0.986868686869,0.0131313131313,0.479532163743,0.931937172775,0.520467836257,0.667917448405,0.632364196366,0.507336523126,0.501408450704,35,186,0,0,0,0
240,WLNM_dir_neg,0.522090704128,0.377318517568,00:00:13,10,10,27,1233943462,threshold_sweep,0.6,0.628571428571,0.118279569892,0.199095022624,22,13,164,359,0.118279569892,0.965053763441,0.0349462365591,0.881720430108,0.628571428571,0.118279569892,0.199095022624,0.682795698925,0.645758661888,0.10455311973,0.16201746376,0.0833333333333,342,156,186,0,342,0,156,0,186,37,342,0.256756756757,1.72528881811,18.4864864865,15.5454545455,9.77142857143,5.36771015539,0.290358590277,0.142642642643,9.50849154237,1.02869645341,0.544491860281,8.05331334643,0.871264894205,0.461830251304,0.640599570326,0.371299902718,2,1.72528881811,0.640599570326,2,0.344071394247,0.376569037657,810,0.104247104247,0.56957682835,37,37,37,1,0,0.405405405405,0.540540540541,0.0540540540541,37,0.117117117117,2.22747747748,8.43243243243,7.09090909091,4.45714285714,5.03620525429,0.597242289772,0.326923076923,6.00525295579,1.42432281644,0.680873180873,3.83793300225,0.910278981302,0.463617463617,1.42084529335,0.637871901162,5.2,2.22747747748,1.42084529335,5.2,0,0,0,0,0.160752482811,37,37,37,1,0,0.405405405405,0.540540540541,0.0540540540541,37,191,0.143393393393,2.40117225659,10.3243243243,8.30434782609,5.16216216216,5.34402082318,0.51761458235,0.27649639168,6.7020457636,1.29830205892,0.65034668176,3.92650193142,0.760631264201,0.395358709495,1.43805738981,0.598898053174,4.63353633728,2.40117225659,1.43805738981,4.63353633728,0.139392964393,0.0719889247808,52,0.00669240669241,0.178207205065,37,37,37,1,0,0.378378378378,0.621621621622,0,-151,-0.113363363363,0.675883438479,-8.16216216216,-7.24110671937,-4.60926640927,-0.0236893322154,0.227255992073,0.133853749037,-2.80644577877,0.269605605503,0.105854821479,-4.12681141502,-0.110633630004,-0.0664715418091,0.797457819483,0.227598150456,2.63353633728,0.675883438479,0.797457819483,2.63353633728,-0.204678429854,-0.304580112876,-758,-0.0975546975547,-0.391369623285,-0.027027027027,0.0810810810811,-0.0540540540541,178,13,164,977,0.520467836257,0.986868686869,0.0131313131313,0.479532163743,0.931937172775,0.520467836257,0.667917448405,0.632364196366,0.507336523126,0.501408450704,35,186,0,0,0,0
241,WLNM_dir_neg,0.522090704128,0.377318517568,00:00:13,10,10,27,1233943462,threshold_sweep,0.7,0.636363636364,0.112903225806,0.191780821918,21,12,165,360,0.112903225806,0.967741935484,0.0322580645161,0.887096774194,0.636363636364,0.112903225806,0.191780821918,0.682795698925,0.646953405018,0.10152284264,0.161164592805,0.0806451612903,342,156,186,0,342,0,156,0,186,37,342,0.256756756757,1.72528881811,18.4864864865,15.5454545455,9.77142857143,5.36771015539,0.290358590277,0.142642642643,9.50849154237,1.02869645341,0.544491860281,8.05331334643,0.871264894205,0.461830251304,0.640599570326,0.371299902718,2,1.72528881811,0.640599570326,2,0.344071394247,0.376569037657,810,0.104247104247,0.56957682835,37,37,37,1,0,0.405405405405,0.540540540541,0.0540540540541,37,0.117117117117,2.22747747748,8.43243243243,7.09090909091,4.45714285714,5.03620525429,0.597242289772,0.326923076923,6.00525295579,1.42432281644,0.680873180873,3.83793300225,0.910278981302,0.463617463617,1.42084529335,0.637871901162,5.2,2.22747747748,1.42084529335,5.2,0,0,0,0,0.160752482811,37,37,37,1,0,0.405405405405,0.540540540541,0.0540540540541,37,189,0.141891891892,2.38604630358,10.2162162162,8.21739130435,5.10810810811,5.41158805576,0.529705709162,0.282997282997,6.69487276364,1.31063646696,0.653796653797,3.96361075412,0.775944962448,0.400972400972,1.41114568758,0.591415885545,4.38440489062,2.38604630358,1.41114568758,4.38440489062,0.138749463749,0.0709318497914,51,0.00656370656371,0.177405570829,37,37,37,1,0,0.378378378378,0.621621621622,0,-153,-0.114864864865,0.660757485461,-8.27027027027,-7.32806324111,-4.66332046332,0.0438779003705,0.239347118885,0.140354640355,-2.81361877874,0.281940013541,0.109304793515,-4.08970259231,-0.0953199317572,-0.0608578503315,0.770546117254,0.220115982827,2.38440489062,0.660757485461,0.770546117254,2.38440489062,-0.205321930498,-0.305637187866,-759,-0.0976833976834,-0.392171257521,-0.027027027027,0.0810810810811,-0.0540540540541,177,12,165,978,0.517543859649,0.987878787879,0.0121212121212,0.482456140351,0.936507936508,0.517543859649,0.666666666667,0.632748801756,0.505422647528,0.5,33,186,0,0,0,0
242,WLNM_dir_neg,0.522090704128,0.377318517568,00:00:13,10,10,27,1233943462,threshold_sweep,0.8,0.625,0.10752688172,0.183486238532,20,12,166,360,0.10752688172,0.967741935484,0.0322580645161,0.89247311828,0.625,0.10752688172,0.183486238532,0.681003584229,0.647550776583,0.0949152542373,0.152607252069,0.0752688172043,342,156,186,0,342,0,156,0,186,37,342,0.256756756757,1.72528881811,18.4864864865,15.5454545455,9.77142857143,5.36771015539,0.290358590277,0.142642642643,9.50849154237,1.02869645341,0.544491860281,8.05331334643,0.871264894205,0.461830251304,0.640599570326,0.371299902718,2,1.72528881811,0.640599570326,2,0.344071394247,0.376569037657,810,0.104247104247,0.56957682835,37,37,37,1,0,0.405405405405,0.540540540541,0.0540540540541,37,0.117117117117,2.22747747748,8.43243243243,7.09090909091,4.45714285714,5.03620525429,0.597242289772,0.326923076923,6.00525295579,1.42432281644,0.680873180873,3.83793300225,0.910278981302,0.463617463617,1.42084529335,0.637871901162,5.2,2.22747747748,1.42084529335,5.2,0,0,0,0,0.160752482811,37,37,37,1,0,0.405405405405,0.540540540541,0.0540540540541,37,188,0.141141141141,2.40299468398,10.1621621622,8.17391304348,5.08108108108,5.3878129634,0.530183722462,0.283352501438,6.69319047979,1.31727684975,0.655261644623,3.98175267368,0.783642813437,0.403392754457,1.4419162761,0.600049715345,4.44543949741,2.40299468398,1.4419162761,4.44543949741,0.13855073561,0.0702247191011,50,0.00643500643501,0.176679887494,37,37,37,1,0,0.378378378378,0.621621621622,0,-154,-0.115615615616,0.677705865867,-8.32432432432,-7.37154150198,-4.69034749035,0.0201028080018,0.239825132185,0.140709858795,-2.81530106258,0.288580396332,0.110769784342,-4.07156067275,-0.0876220807679,-0.0584374968474,0.801316705774,0.228749812627,2.44543949741,0.677705865867,0.801316705774,2.44543949741,-0.205520658638,-0.306344318556,-760,-0.0978120978121,-0.392896940856,-0.027027027027,0.0810810810811,-0.0540540540541,176,12,166,978,0.514619883041,0.987878787879,0.0121212121212,0.485380116959,0.936170212766,0.514619883041,0.664150943396,0.630483362774,0.50249867092,0.497175141243,32,186,0,0,0,0
243,WLNM_dir_neg,0.522090704128,0.377318517568,00:00:13,10,10,27,1233943462,threshold_sweep,0.9,0.333333333333,0.0322580645161,0.0588235294118,6,12,180,360,0.0322580645161,0.967741935484,0.0322580645161,0.967741935484,0.333333333333,0.0322580645161,0.0588235294118,0.655913978495,0.655913978495,0,0,0,342,156,186,0,342,0,156,0,186,37,342,0.256756756757,1.72528881811,18.4864864865,15.5454545455,9.77142857143,5.36771015539,0.290358590277,0.142642642643,9.50849154237,1.02869645341,0.544491860281,8.05331334643,0.871264894205,0.461830251304,0.640599570326,0.371299902718,2,1.72528881811,0.640599570326,2,0.344071394247,0.376569037657,810,0.104247104247,0.56957682835,37,37,37,1,0,0.405405405405,0.540540540541,0.0540540540541,37,0.117117117117,2.22747747748,8.43243243243,7.09090909091,4.45714285714,5.03620525429,0.597242289772,0.326923076923,6.00525295579,1.42432281644,0.680873180873,3.83793300225,0.910278981302,0.463617463617,1.42084529335,0.637871901162,5.2,2.22747747748,1.42084529335,5.2,0,0,0,0,0.160752482811,37,37,37,1,0,0.405405405405,0.540540540541,0.0540540540541,37,174,0.130630630631,2.48486011366,9.40540540541,7.5652173913,4.7027027027,4.69905108305,0.499611753083,0.271823547686,6.01324863607,1.27867930767,0.644920782852,3.50289455597,0.744868382592,0.385834109972,1.54156541413,0.620383177974,4.55361730899,2.48486011366,1.54156541413,4.55361730899,0.100863047922,0.0134907251265,8,0.0010296010296,0.156989743545,37,37,37,1,0,0.378378378378,0.621621621622,0,-168,-0.126126126126,0.759571295548,-9.08108108108,-7.98023715415,-5.06872586873,-0.668659072347,0.209253162805,0.129180905043,-3.49524290631,0.249982854255,0.10042892257,-4.55041879046,-0.126396511613,-0.0759961413319,0.900965843808,0.249083275256,2.55361730899,0.759571295548,0.900965843808,2.55361730899,-0.243208346326,-0.36307831253,-802,-0.103217503218,-0.412587084804,-0.027027027027,0.0810810810811,-0.0540540540541,162,12,180,978,0.473684210526,0.987878787879,0.0121212121212,0.526315789474,0.931034482759,0.473684210526,0.627906976744,0.598318914699,0.461562998405,0.457627118644,18,186,0,0,0,0
244,WLNM_dir_neg,0.434479419586,0.354048674951,00:00:14,10,10,28,1233943463,threshold_sweep,0.1,0.588235294118,0.161290322581,0.253164556962,30,21,156,351,0.161290322581,0.943548387097,0.0564516129032,0.838709677419,0.588235294118,0.161290322581,0.253164556962,0.682795698925,0.636200716846,0.128078817734,0.171498585143,0.104838709677,342,156,186,0,342,0,156,0,186,37,342,0.256756756757,1.72528881811,18.4864864865,15.5454545455,9.77142857143,5.36771015539,0.290358590277,0.142642642643,9.50849154237,1.02869645341,0.544491860281,8.05331334643,0.871264894205,0.461830251304,0.640599570326,0.371299902718,2,1.72528881811,0.640599570326,2,0.344071394247,0.376569037657,810,0.104247104247,0.56957682835,37,37,37,1,0,0.405405405405,0.540540540541,0.0540540540541,37,0.117117117117,2.18635635636,8.43243243243,7.09090909091,4.45714285714,5.03620525429,0.597242289772,0.326923076923,6.00062559301,1.42322530091,0.680526680527,3.83793300225,0.910278981302,0.463617463617,1.32204914232,0.604681454823,4.3462962963,2.18635635636,1.32204914232,4.3462962963,0,0,0,0,0.160896782956,37,37,37,1,0,0.405405405405,0.540540540541,0.0540540540541,37,207,0.155405405405,7.62998093475,11.1891891892,6.9,5.75,4.73073777332,0.422795404862,0.224702963833,5.8474090153,1.04518905104,0.551246899073,3.59366309139,0.642345576722,0.350437393916,3.52394388333,0.461854874011,9.89029514139,7.62998093475,3.52394388333,9.89029514139,0.166105579263,0.0969387755102,76,0.00978120978121,0.184397271787,37,37,37,1,0,0.189189189189,0.783783783784,0.027027027027,-135,-0.101351351351,5.90469211664,-7.2972972973,-8.64545454545,-4.02142857143,-0.636972382077,0.132436814584,0.0820603211908,-3.66108252708,0.0164925976289,0.00675503879165,-4.45965025504,-0.228919317483,-0.111392857388,2.883344313,0.0905549712932,7.89029514139,5.90469211664,2.883344313,7.89029514139,-0.177965814984,-0.279630262147,-734,-0.0944658944659,-0.385179556563,-0.216216216216,0.243243243243,-0.027027027027,186,21,156,969,0.543859649123,0.978787878788,0.0212121212121,0.456140350877,0.898550724638,0.543859649123,0.677595628415,0.630199590921,0.522647527911,0.512396694215,51,186,0,0,0,0
245,WLNM_dir_neg,0.434479419586,0.354048674951,00:00:14,10,10,28,1233943463,threshold_sweep,0.2,0.560975609756,0.123655913978,0.202643171806,23,18,163,354,0.123655913978,0.951612903226,0.0483870967742,0.876344086022,0.560975609756,0.123655913978,0.202643171806,0.675627240143,0.642174432497,0.093489148581,0.135989642979,0.0752688172043,342,156,186,0,342,0,156,0,186,37,342,0.256756756757,1.72528881811,18.4864864865,15.5454545455,9.77142857143,5.36771015539,0.290358590277,0.142642642643,9.50849154237,1.02869645341,0.544491860281,8.05331334643,0.871264894205,0.461830251304,0.640599570326,0.371299902718,2,1.72528881811,0.640599570326,2,0.344071394247,0.376569037657,810,0.104247104247,0.56957682835,37,37,37,1,0,0.405405405405,0.540540540541,0.0540540540541,37,0.117117117117,2.18635635636,8.43243243243,7.09090909091,4.45714285714,5.03620525429,0.597242289772,0.326923076923,6.00062559301,1.42322530091,0.680526680527,3.83793300225,0.910278981302,0.463617463617,1.32204914232,0.604681454823,4.3462962963,2.18635635636,1.32204914232,4.3462962963,0,0,0,0,0.160896782956,37,37,37,1,0,0.405405405405,0.540540540541,0.0540540540541,37,197,0.147897897898,8.1768667255,10.6486486486,6.56666666667,5.47222222222,4.69761296485,0.441146395177,0.235011661408,5.75448643357,1.08079186823,0.565509672109,3.69725163732,0.694407667923,0.377555220195,3.86156060059,0.47225431577,11.3621460507,8.1768667255,3.86156060059,11.3621460507,0.137469676866,0.0738041002278,54,0.00694980694981,0.182721442496,37,37,37,1,0,0.189189189189,0.783783783784,0.027027027027,-145,-0.108858858859,6.45157790738,-7.83783783784,-8.97878787879,-4.29920634921,-0.670097190539,0.1507878049,0.092369018765,-3.75400510881,0.0520954148187,0.0210178118273,-4.35606170911,-0.176857226282,-0.0842750311091,3.22096103026,0.100954413052,9.36214605067,6.45157790738,3.22096103026,9.36214605067,-0.206601717381,-0.302764937429,-756,-0.0972972972973,-0.386855385854,-0.216216216216,0.243243243243,-0.027027027027,179,18,163,972,0.523391812865,0.981818181818,0.0181818181818,0.476608187135,0.908629441624,0.523391812865,0.664192949907,0.621686648136,0.505209994684,0.497222222222,41,186,0,0,0,0
246,WLNM_dir_neg,0.434479419586,0.354048674951,00:00:14,10,10,28,1233943463,threshold_sweep,0.3,0.645161290323,0.10752688172,0.184331797235,20,11,166,361,0.10752688172,0.970430107527,0.0295698924731,0.89247311828,0.645161290323,0.10752688172,0.184331797235,0.682795698925,0.648148148148,0.0984719864177,0.160434160295,0.0779569892473,342,156,186,0,342,0,156,0,186,37,342,0.256756756757,1.72528881811,18.4864864865,15.5454545455,9.77142857143,5.36771015539,0.290358590277,0.142642642643,9.50849154237,1.02869645341,0.544491860281,8.05331334643,0.871264894205,0.461830251304,0.640599570326,0.371299902718,2,1.72528881811,0.640599570326,2,0.344071394247,0.376569037657,810,0.104247104247,0.56957682835,37,37,37,1,0,0.405405405405,0.540540540541,0.0540540540541,37,0.117117117117,2.18635635636,8.43243243243,7.09090909091,4.45714285714,5.03620525429,0.597242289772,0.326923076923,6.00062559301,1.42322530091,0.680526680527,3.83793300225,0.910278981302,0.463617463617,1.32204914232,0.604681454823,4.3462962963,2.18635635636,1.32204914232,4.3462962963,0,0,0,0,0.160896782956,37,37,37,1,0,0.405405405405,0.540540540541,0.0540540540541,37,187,0.14039039039,2.98212351905,10.1081081081,8.13043478261,5.19444444444,4.2933008784,0.424738322194,0.222430987137,5.86394797776,1.16024639132,0.604711663535,3.48764442908,0.690068683828,0.37519872814,2.10708324969,0.706571420073,6.14485842027,2.98212351905,2.10708324969,6.14485842027,0.124809020552,0.0522273425499,34,0.0043758043758,0.189417818378,37,37,37,1,0,0.378378378378,0.594594594595,0.027027027027,-155,-0.116366366366,1.25683470093,-8.37837837838,-7.41501976285,-4.57698412698,-1.074409277,0.134379731917,0.0797883444942,-3.64454356461,0.131549937907,0.0602198032539,-4.56566891736,-0.181196210377,-0.086631523164,1.46648367936,0.335271517356,4.14485842027,1.25683470093,1.46648367936,4.14485842027,-0.219262373695,-0.324341695107,-776,-0.0998712998713,-0.380159009972,-0.027027027027,0.0540540540541,-0.027027027027,176,11,166,979,0.514619883041,0.988888888889,0.0111111111111,0.485380116959,0.941176470588,0.514619883041,0.665406427221,0.633160983152,0.50350877193,0.498583569405,31,186,0,0,0,0
247,WLNM_dir_neg,0.434479419586,0.354048674951,00:00:14,10,10,28,1233943463,threshold_sweep,0.4,0.666666666667,0.10752688172,0.185185185185,20,10,166,362,0.10752688172,0.97311827957,0.0268817204301,0.89247311828,0.666666666667,0.10752688172,0.185185185185,0.68458781362,0.648745519713,0.102040816327,0.168549965616,0.0806451612903,342,156,186,0,342,0,156,0,186,37,342,0.256756756757,1.72528881811,18.4864864865,15.5454545455,9.77142857143,5.36771015539,0.290358590277,0.142642642643,9.50849154237,1.02869645341,0.544491860281,8.05331334643,0.871264894205,0.461830251304,0.640599570326,0.371299902718,2,1.72528881811,0.640599570326,2,0.344071394247,0.376569037657,810,0.104247104247,0.56957682835,37,37,37,1,0,0.405405405405,0.540540540541,0.0540540540541,37,0.117117117117,2.18635635636,8.43243243243,7.09090909091,4.45714285714,5.03620525429,0.597242289772,0.326923076923,6.00062559301,1.42322530091,0.680526680527,3.83793300225,0.910278981302,0.463617463617,1.32204914232,0.604681454823,4.3462962963,2.18635635636,1.32204914232,4.3462962963,0,0,0,0,0.160896782956,37,37,37,1,0,0.405405405405,0.540540540541,0.0540540540541,37,186,0.13963963964,2.67310369461,10.0540540541,8.08695652174,5.16666666667,4.32014625489,0.429691966212,0.224208079047,5.88069575668,1.16981582256,0.608544027899,3.46800043642,0.689871054557,0.376053472828,1.73135296347,0.647693902396,4.91530398323,2.67310369461,1.73135296347,4.91530398323,0.124809020552,0.0522273425499,34,0.0043758043758,0.182533760407,37,37,37,1,0,0.378378378378,0.594594594595,0.027027027027,-156,-0.117117117117,0.947814876495,-8.43243243243,-7.45849802372,-4.60476190476,-1.0475639005,0.139333375935,0.0815654364041,-3.6277957857,0.14111936915,0.0640521676175,-4.58531291001,-0.181393839648,-0.0857767784763,1.09075339315,0.276393999678,2.91530398323,0.947814876495,1.09075339315,2.91530398323,-0.219262373695,-0.324341695107,-776,-0.0998712998713,-0.387043067943,-0.027027027027,0.0540540540541,-0.027027027027,176,10,166,980,0.514619883041,0.989898989899,0.010101010101,0.485380116959,0.94623655914,0.514619883041,0.666666666667,0.63585675049,0.50451887294,0.5,30,186,0,0,0,0
248,WLNM_dir_neg,0.434479419586,0.354048674951,00:00:14,10,10,28,1233943463,threshold_sweep,0.5,0.666666666667,0.10752688172,0.185185185185,20,10,166,362,0.10752688172,0.97311827957,0.0268817204301,0.89247311828,0.666666666667,0.10752688172,0.185185185185,0.68458781362,0.648745519713,0.102040816327,0.168549965616,0.0806451612903,342,156,186,0,342,0,156,0,186,37,342,0.256756756757,1.72528881811,18.4864864865,15.5454545455,9.77142857143,5.36771015539,0.290358590277,0.142642642643,9.50849154237,1.02869645341,0.544491860281,8.05331334643,0.871264894205,0.461830251304,0.640599570326,0.371299902718,2,1.72528881811,0.640599570326,2,0.344071394247,0.376569037657,810,0.104247104247,0.56957682835,37,37,37,1,0,0.405405405405,0.540540540541,0.0540540540541,37,0.117117117117,2.18635635636,8.43243243243,7.09090909091,4.45714285714,5.03620525429,0.597242289772,0.326923076923,6.00062559301,1.42322530091,0.680526680527,3.83793300225,0.910278981302,0.463617463617,1.32204914232,0.604681454823,4.3462962963,2.18635635636,1.32204914232,4.3462962963,0,0,0,0,0.160896782956,37,37,37,1,0,0.405405405405,0.540540540541,0.0540540540541,37,186,0.13963963964,2.67310369461,10.0540540541,8.08695652174,5.16666666667,4.32014625489,0.429691966212,0.224208079047,5.88069575668,1.16981582256,0.608544027899,3.46800043642,0.689871054557,0.376053472828,1.73135296347,0.647693902396,4.91530398323,2.67310369461,1.73135296347,4.91530398323,0.124809020552,0.0522273425499,34,0.0043758043758,0.182533760407,37,37,37,1,0,0.378378378378,0.594594594595,0.027027027027,-156,-0.117117117117,0.947814876495,-8.43243243243,-7.45849802372,-4.60476190476,-1.0475639005,0.139333375935,0.0815654364041,-3.6277957857,0.14111936915,0.0640521676175,-4.58531291001,-0.181393839648,-0.0857767784763,1.09075339315,0.276393999678,2.91530398323,0.947814876495,1.09075339315,2.91530398323,-0.219262373695,-0.324341695107,-776,-0.0998712998713,-0.387043067943,-0.027027027027,0.0540540540541,-0.027027027027,176,10,166,980,0.514619883041,0.989898989899,0.010101010101,0.485380116959,0.94623655914,0.514619883041,0.666666666667,0.63585675049,0.50451887294,0.5,30,186,0,0,0,0
249,WLNM_dir_neg,0.434479419586,0.354048674951,00:00:14,10,10,28,1233943463,threshold_sweep,0.6,0.62962962963,0.0913978494624,0.159624413146,17,10,169,362,0.0913978494624,0.97311827957,0.0268817204301,0.908602150538,0.62962962963,0.0913978494624,0.159624413146,0.679211469534,0.650537634409,0.0820512820513,0.141731734254,0.0645161290323,342,156,186,0,342,0,156,0,186,37,342,0.256756756757,1.72528881811,18.4864864865,15.5454545455,9.77142857143,5.36771015539,0.290358590277,0.142642642643,9.50849154237,1.02869645341,0.544491860281,8.05331334643,0.871264894205,0.461830251304,0.640599570326,0.371299902718,2,1.72528881811,0.640599570326,2,0.344071394247,0.376569037657,810,0.104247104247,0.56957682835,37,37,37,1,0,0.405405405405,0.540540540541,0.0540540540541,37,0.117117117117,2.18635635636,8.43243243243,7.09090909091,4.45714285714,5.03620525429,0.597242289772,0.326923076923,6.00062559301,1.42322530091,0.680526680527,3.83793300225,0.910278981302,0.463617463617,1.32204914232,0.604681454823,4.3462962963,2.18635635636,1.32204914232,4.3462962963,0,0,0,0,0.160896782956,37,37,37,1,0,0.405405405405,0.540540540541,0.0540540540541,37,183,0.137387387387,2.66986993145,9.89189189189,7.95652173913,5.08333333333,4.36389087209,0.441158366851,0.232757347511,5.84021473134,1.18080844295,0.610840348545,3.50353746587,0.708365498564,0.383990547925,1.72702962094,0.646859085004,4.90992292871,2.66986993145,1.72702962094,4.90992292871,0.107093150205,0.0393287886733,25,0.0032175032175,0.179962023843,37,37,37,1,0,0.378378378378,0.594594594595,0.027027027027,-159,-0.119369369369,0.944581113336,-8.59459459459,-7.58893280632,-4.6880952381,-1.0038192833,0.150799776574,0.0901147048688,-3.66827681104,0.152111989533,0.0663484882639,-4.54977588056,-0.16289939564,-0.077839703379,1.08643005061,0.275559182286,2.90992292871,0.944581113336,1.08643005061,2.90992292871,-0.236978244043,-0.337240248984,-785,-0.10102960103,-0.389614804507,-0.027027027027,0.0540540540541,-0.027027027027,173,10,169,980,0.505847953216,0.989898989899,0.010101010101,0.494152046784,0.945355191257,0.505847953216,0.659047619048,0.629078925109,0.495746943115,0.491477272727,27,186,0,0,0,0
250,WLNM_dir_neg,0.434479419586,0.354048674951,00:00:14,10,10,28,1233943463,threshold_sweep,0.7,0.695652173913,0.0860215053763,0.153110047847,16,7,170,365,0.0860215053763,0.981182795699,0.0188172043011,0.913978494624,0.695652173913,0.0860215053763,0.153110047847,0.682795698925,0.652927120669,0.0860585197935,0.159361790949,0.0672043010753,342,156,186,0,342,0,156,0,186,37,342,0.256756756757,1.72528881811,18.4864864865,15.5454545455,9.77142857143,5.36771015539,0.290358590277,0.142642642643,9.50849154237,1.02869645341,0.544491860281,8.05331334643,0.871264894205,0.461830251304,0.640599570326,0.371299902718,2,1.72528881811,0.640599570326,2,0.344071394247,0.376569037657,810,0.104247104247,0.56957682835,37,37,37,1,0,0.405405405405,0.540540540541,0.0540540540541,37,0.117117117117,2.18635635636,8.43243243243,7.09090909091,4.45714285714,5.03620525429,0.597242289772,0.326923076923,6.00062559301,1.42322530091,0.680526680527,3.83793300225,0.910278981302,0.463617463617,1.32204914232,0.604681454823,4.3462962963,2.18635635636,1.32204914232,4.3462962963,0,0,0,0,0.160896782956,37,37,37,1,0,0.405405405405,0.540540540541,0.0540540540541,37,179,0.134384384384,2.37474950298,9.67567567568,8.13636363636,4.97222222222,4.42250591391,0.45707463356,0.243847199154,5.86663595406,1.21265659386,0.620262720821,3.5863438014,0.741311288558,0.398006945493,1.4465773403,0.609149444389,3.98102889763,2.37474950298,1.4465773403,3.98102889763,0.108367832671,0.0341463414634,21,0.0027027027027,0.194916945022,37,37,37,1,0,0.405405405405,0.567567567568,0.027027027027,-163,-0.122372372372,0.649460684865,-8.81081081081,-7.40909090909,-4.79920634921,-0.945204241484,0.166716043283,0.101204556512,-3.64185558832,0.18396014044,0.07577086054,-4.46696954503,-0.129953605647,-0.063823305811,0.805977769977,0.237849541671,1.98102889763,0.649460684865,0.805977769977,1.98102889763,-0.235703561576,-0.342422696193,-789,-0.101544401544,-0.374659883328,0,0.027027027027,-0.027027027027,172,7,170,983,0.502923976608,0.992929292929,0.00707070707071,0.497076023392,0.960893854749,0.502923976608,0.660268714012,0.635100803812,0.495853269537,0.492836676218,23,186,0,0,0,0
251,WLNM_dir_neg,0.434479419586,0.354048674951,00:00:14,10,10,28,1233943463,threshold_sweep,0.8,0.695652173913,0.0860215053763,0.153110047847,16,7,170,365,0.0860215053763,0.981182795699,0.0188172043011,0.913978494624,0.695652173913,0.0860215053763,0.153110047847,0.682795698925,0.652927120669,0.0860585197935,0.159361790949,0.0672043010753,342,156,186,0,342,0,156,0,186,37,342,0.256756756757,1.72528881811,18.4864864865,15.5454545455,9.77142857143,5.36771015539,0.290358590277,0.142642642643,9.50849154237,1.02869645341,0.544491860281,8.05331334643,0.871264894205,0.461830251304,0.640599570326,0.371299902718,2,1.72528881811,0.640599570326,2,0.344071394247,0.376569037657,810,0.104247104247,0.56957682835,37,37,37,1,0,0.405405405405,0.540540540541,0.0540540540541,37,0.117117117117,2.18635635636,8.43243243243,7.09090909091,4.45714285714,5.03620525429,0.597242289772,0.326923076923,6.00062559301,1.42322530091,0.680526680527,3.83793300225,0.910278981302,0.463617463617,1.32204914232,0.604681454823,4.3462962963,2.18635635636,1.32204914232,4.3462962963,0,0,0,0,0.160896782956,37,37,37,1,0,0.405405405405,0.540540540541,0.0540540540541,37,179,0.134384384384,2.37474950298,9.67567567568,8.13636363636,4.97222222222,4.42250591391,0.45707463356,0.243847199154,5.86663595406,1.21265659386,0.620262720821,3.5863438014,0.741311288558,0.398006945493,1.4465773403,0.609149444389,3.98102889763,2.37474950298,1.4465773403,3.98102889763,0.108367832671,0.0341463414634,21,0.0027027027027,0.194916945022,37,37,37,1,0,0.405405405405,0.567567567568,0.027027027027,-163,-0.122372372372,0.649460684865,-8.81081081081,-7.40909090909,-4.79920634921,-0.945204241484,0.166716043283,0.101204556512,-3.64185558832,0.18396014044,0.07577086054,-4.46696954503,-0.129953605647,-0.063823305811,0.805977769977,0.237849541671,1.98102889763,0.649460684865,0.805977769977,1.98102889763,-0.235703561576,-0.342422696193,-789,-0.101544401544,-0.374659883328,0,0.027027027027,-0.027027027027,172,7,170,983,0.502923976608,0.992929292929,0.00707070707071,0.497076023392,0.960893854749,0.502923976608,0.660268714012,0.635100803812,0.495853269537,0.492836676218,23,186,0,0,0,0
252,WLNM_dir_neg,0.434479419586,0.354048674951,00:00:14,10,10,28,1233943463,threshold_sweep,0.9,0.7,0.0752688172043,0.135922330097,14,6,172,366,0.0752688172043,0.983870967742,0.0161290322581,0.924731182796,0.7,0.0752688172043,0.135922330097,0.681003584229,0.654719235364,0.076124567474,0.149969017866,0.0591397849462,342,156,186,0,342,0,156,0,186,37,342,0.256756756757,1.72528881811,18.4864864865,15.5454545455,9.77142857143,5.36771015539,0.290358590277,0.142642642643,9.50849154237,1.02869645341,0.544491860281,8.05331334643,0.871264894205,0.461830251304,0.640599570326,0.371299902718,2,1.72528881811,0.640599570326,2,0.344071394247,0.376569037657,810,0.104247104247,0.56957682835,37,37,37,1,0,0.405405405405,0.540540540541,0.0540540540541,37,0.117117117117,2.18635635636,8.43243243243,7.09090909091,4.45714285714,5.03620525429,0.597242289772,0.326923076923,6.00062559301,1.42322530091,0.680526680527,3.83793300225,0.910278981302,0.463617463617,1.32204914232,0.604681454823,4.3462962963,2.18635635636,1.32204914232,4.3462962963,0,0,0,0,0.160896782956,37,37,37,1,0,0.405405405405,0.540540540541,0.0540540540541,37,176,0.132132132132,2.29832155802,9.51351351351,8,4.88888888889,4.51307742764,0.47438597961,0.255067567568,5.88975289712,1.2381866886,0.629914004914,3.56218881998,0.748869240564,0.401412776413,1.36753782203,0.595015878985,3.73121081862,2.29832155802,1.36753782203,3.73121081862,0.0941250184284,0.0279912184413,17,0.0021879021879,0.185096400643,37,37,37,1,0,0.405405405405,0.567567567568,0.027027027027,-166,-0.124624624625,0.573032739901,-8.97297297297,-7.54545454545,-4.88253968254,-0.854632727754,0.184027389333,0.112424924925,-3.61873864525,0.209490235185,0.0854221446327,-4.49112452645,-0.122395653641,-0.0604174748912,0.726938251707,0.223715976267,1.73121081862,0.573032739901,0.726938251707,1.73121081862,-0.249946375819,-0.348577819216,-793,-0.102059202059,-0.384480427707,0,0.027027027027,-0.027027027027,170,6,172,984,0.497076023392,0.993939393939,0.00606060606061,0.502923976608,0.965909090909,0.497076023392,0.656370656371,0.633418185819,0.491015417331,0.488505747126,20,186,0,0,0,0
253,WLNM_dir_neg,0.302130304081,0.297450937943,00:00:14,10,10,29,1233943464,threshold_sweep,0.1,0.428571428571,0.129032258065,0.198347107438,24,32,162,340,0.129032258065,0.913978494624,0.0860215053763,0.870967741935,0.428571428571,0.129032258065,0.198347107438,0.652329749104,0.63321385902,0.0521172638436,0.067477520024,0.0430107526882,342,156,186,0,342,0,156,0,186,37,342,0.256756756757,1.72528881811,18.4864864865,15.5454545455,9.77142857143,5.36771015539,0.290358590277,0.142642642643,9.50849154237,1.02869645341,0.544491860281,8.05331334643,0.871264894205,0.461830251304,0.640599570326,0.371299902718,2,1.72528881811,0.640599570326,2,0.344071394247,0.376569037657,810,0.104247104247,0.56957682835,37,37,37,1,0,0.405405405405,0.540540540541,0.0540540540541,37,0.117117117117,2.21261261261,8.43243243243,7.09090909091,4.45714285714,5.04722443274,0.598549051319,0.327616077616,6.00525295579,1.42432281644,0.680873180873,3.83793300225,0.910278981302,0.463617463617,1.39215458577,0.629190386892,5.2,2.21261261261,1.39215458577,5.2,0,0,0,0,0.161113233172,37,37,37,1,0,0.405405405405,0.540540540541,0.0540540540541,37,212,0.159159159159,21.6540388763,11.4594594595,6.05714285714,5.72972972973,5.31033894396,0.463402219166,0.252677205507,5.88146168836,1.02648152108,0.524987251402,3.27997839296,0.572449059148,0.311065782764,5.1766253749,0.239060500652,23.7370961767,21.6540388763,5.1766253749,23.7370961767,0.166322971277,0.102748414376,81,0.0104247104247,0.144078010768,37,37,37,1,0,0.0540540540541,0.945945945946,0,-130,-0.0975975975976,19.9287500582,-7.02702702703,-9.48831168831,-4.0416988417,-0.0573712114369,0.173043628889,0.110034562865,-3.62702985402,-0.00221493233392,-0.019504608879,-4.77333495348,-0.298815835057,-0.15076446854,4.53602580457,-0.132239402066,21.7370961767,19.9287500582,4.53602580457,21.7370961767,-0.177748422971,-0.273820623281,-729,-0.0938223938224,-0.425498817582,-0.351351351351,0.405405405405,-0.0540540540541,180,32,162,958,0.526315789474,0.967676767677,0.0323232323232,0.473684210526,0.849056603774,0.526315789474,0.649819494585,0.589894183723,0.49399255715,0.48128342246,56,186,0,0,0,0
254,WLNM_dir_neg,0.302130304081,0.297450937943,00:00:14,10,10,29,1233943464,threshold_sweep,0.2,0.466666666667,0.112903225806,0.181818181818,21,24,165,348,0.112903225806,0.935483870968,0.0645161290323,0.887096774194,0.466666666667,0.112903225806,0.181818181818,0.661290322581,0.639784946237,0.0597014925373,0.0837707816583,0.0483870967742,342,156,186,0,342,0,156,0,186,37,342,0.256756756757,1.72528881811,18.4864864865,15.5454545455,9.77142857143,5.36771015539,0.290358590277,0.142642642643,9.50849154237,1.02869645341,0.544491860281,8.05331334643,0.871264894205,0.461830251304,0.640599570326,0.371299902718,2,1.72528881811,0.640599570326,2,0.344071394247,0.376569037657,810,0.104247104247,0.56957682835,37,37,37,1,0,0.405405405405,0.540540540541,0.0540540540541,37,0.117117117117,2.21261261261,8.43243243243,7.09090909091,4.45714285714,5.04722443274,0.598549051319,0.327616077616,6.00525295579,1.42432281644,0.680873180873,3.83793300225,0.910278981302,0.463617463617,1.39215458577,0.629190386892,5.2,2.21261261261,1.39215458577,5.2,0,0,0,0,0.161113233172,37,37,37,1,0,0.405405405405,0.540540540541,0.0540540540541,37,201,0.150900900901,6.1507255212,10.8648648649,6.28125,5.43243243243,5.13247916141,0.472392360628,0.254807045852,6.00250198084,1.10493817558,0.566357402178,3.23642927846,0.595760613448,0.320559365335,2.31553558138,0.376465438654,8.38185808986,6.1507255212,2.31553558138,8.38185808986,0.136922212309,0.0645463049579,46,0.00592020592021,0.160469016053,37,37,37,1,0,0.135135135135,0.864864864865,0,-141,-0.105855855856,4.42543670309,-7.62162162162,-9.26420454545,-4.338996139,-0.23523099398,0.18203377035,0.112164403209,-3.50598956153,0.0762417221633,0.021865541897,-4.81688406797,-0.275504280757,-0.141270885968,1.67493601105,0.00516553593599,6.38185808986,4.42543670309,1.67493601105,6.38185808986,-0.207149181938,-0.312022732699,-764,-0.0983268983269,-0.409107812297,-0.27027027027,0.324324324324,-0.0540540540541,177,24,165,966,0.517543859649,0.975757575758,0.0242424242424,0.482456140351,0.880597014925,0.517543859649,0.651933701657,0.602023852158,0.493301435407,0.483606557377,45,186,0,0,0,0
255,WLNM_dir_neg,0.302130304081,0.297450937943,00:00:14,10,10,29,1233943464,threshold_sweep,0.3,0.571428571429,0.10752688172,0.180995475113,20,15,166,357,0.10752688172,0.959677419355,0.0403225806452,0.89247311828,0.571428571429,0.10752688172,0.180995475113,0.675627240143,0.645758661888,0.0843170320405,0.130659244968,0.0672043010753,342,156,186,0,342,0,156,0,186,37,342,0.256756756757,1.72528881811,18.4864864865,15.5454545455,9.77142857143,5.36771015539,0.290358590277,0.142642642643,9.50849154237,1.02869645341,0.544491860281,8.05331334643,0.871264894205,0.461830251304,0.640599570326,0.371299902718,2,1.72528881811,0.640599570326,2,0.344071394247,0.376569037657,810,0.104247104247,0.56957682835,37,37,37,1,0,0.405405405405,0.540540540541,0.0540540540541,37,0.117117117117,2.21261261261,8.43243243243,7.09090909091,4.45714285714,5.04722443274,0.598549051319,0.327616077616,6.00525295579,1.42432281644,0.680873180873,3.83793300225,0.910278981302,0.463617463617,1.39215458577,0.629190386892,5.2,2.21261261261,1.39215458577,5.2,0,0,0,0,0.161113233172,37,37,37,1,0,0.405405405405,0.540540540541,0.0540540540541,37,191,0.143393393393,2.56472362369,10.3243243243,8.30434782609,5.16216216216,4.61912722669,0.44740237536,0.240696193576,6.18471913273,1.19808695241,0.616952030565,3.14919313752,0.610053120881,0.324607329843,1.62162784792,0.632281713689,4.79941380866,2.56472362369,1.62162784792,4.79941380866,0.135231461005,0.0611664295875,43,0.00553410553411,0.165070248745,37,37,37,1,0,0.378378378378,0.621621621622,0,-151,-0.113363363363,0.839434805572,-8.16216216216,-7.24110671937,-4.60926640927,-0.748582928705,0.157043785083,0.0980535509331,-3.32377240965,0.169390498999,0.0724601702833,-4.90412020891,-0.261211773324,-0.137222921461,0.981028277597,0.260981810971,2.79941380866,0.839434805572,0.981028277597,2.79941380866,-0.208839933242,-0.315402608069,-767,-0.098712998713,-0.404506579605,-0.027027027027,0.0810810810811,-0.0540540540541,176,15,166,975,0.514619883041,0.984848484848,0.0151515151515,0.485380116959,0.921465968586,0.514619883041,0.660412757974,0.622557018218,0.499468367889,0.49299719888,35,186,0,0,0,0
256,WLNM_dir_neg,0.302130304081,0.297450937943,00:00:14,10,10,29,1233943464,threshold_sweep,0.4,0.571428571429,0.10752688172,0.180995475113,20,15,166,357,0.10752688172,0.959677419355,0.0403225806452,0.89247311828,0.571428571429,0.10752688172,0.180995475113,0.675627240143,0.645758661888,0.0843170320405,0.130659244968,0.0672043010753,342,156,186,0,342,0,156,0,186,37,342,0.256756756757,1.72528881811,18.4864864865,15.5454545455,9.77142857143,5.36771015539,0.290358590277,0.142642642643,9.50849154237,1.02869645341,0.544491860281,8.05331334643,0.871264894205,0.461830251304,0.640599570326,0.371299902718,2,1.72528881811,0.640599570326,2,0.344071394247,0.376569037657,810,0.104247104247,0.56957682835,37,37,37,1,0,0.405405405405,0.540540540541,0.0540540540541,37,0.117117117117,2.21261261261,8.43243243243,7.09090909091,4.45714285714,5.04722443274,0.598549051319,0.327616077616,6.00525295579,1.42432281644,0.680873180873,3.83793300225,0.910278981302,0.463617463617,1.39215458577,0.629190386892,5.2,2.21261261261,1.39215458577,5.2,0,0,0,0,0.161113233172,37,37,37,1,0,0.405405405405,0.540540540541,0.0540540540541,37,191,0.143393393393,2.56472362369,10.3243243243,8.30434782609,5.16216216216,4.61912722669,0.44740237536,0.240696193576,6.18471913273,1.19808695241,0.616952030565,3.14919313752,0.610053120881,0.324607329843,1.62162784792,0.632281713689,4.79941380866,2.56472362369,1.62162784792,4.79941380866,0.135231461005,0.0611664295875,43,0.00553410553411,0.165070248745,37,37,37,1,0,0.378378378378,0.621621621622,0,-151,-0.113363363363,0.839434805572,-8.16216216216,-7.24110671937,-4.60926640927,-0.748582928705,0.157043785083,0.0980535509331,-3.32377240965,0.169390498999,0.0724601702833,-4.90412020891,-0.261211773324,-0.137222921461,0.981028277597,0.260981810971,2.79941380866,0.839434805572,0.981028277597,2.79941380866,-0.208839933242,-0.315402608069,-767,-0.098712998713,-0.404506579605,-0.027027027027,0.0810810810811,-0.0540540540541,176,15,166,975,0.514619883041,0.984848484848,0.0151515151515,0.485380116959,0.921465968586,0.514619883041,0.660412757974,0.622557018218,0.499468367889,0.49299719888,35,186,0,0,0,0
257,WLNM_dir_neg,0.302130304081,0.297450937943,00:00:14,10,10,29,1233943464,threshold_sweep,0.5,0.655172413793,0.102150537634,0.176744186047,19,10,167,362,0.102150537634,0.97311827957,0.0268817204301,0.897849462366,0.655172413793,0.102150537634,0.176744186047,0.682795698925,0.649342891278,0.0954003407155,0.159851309568,0.0752688172043,342,156,186,0,342,0,156,0,186,37,342,0.256756756757,1.72528881811,18.4864864865,15.5454545455,9.77142857143,5.36771015539,0.290358590277,0.142642642643,9.50849154237,1.02869645341,0.544491860281,8.05331334643,0.871264894205,0.461830251304,0.640599570326,0.371299902718,2,1.72528881811,0.640599570326,2,0.344071394247,0.376569037657,810,0.104247104247,0.56957682835,37,37,37,1,0,0.405405405405,0.540540540541,0.0540540540541,37,0.117117117117,2.21261261261,8.43243243243,7.09090909091,4.45714285714,5.04722443274,0.598549051319,0.327616077616,6.00525295579,1.42432281644,0.680873180873,3.83793300225,0.910278981302,0.463617463617,1.39215458577,0.629190386892,5.2,2.21261261261,1.39215458577,5.2,0,0,0,0,0.161113233172,37,37,37,1,0,0.405405405405,0.540540540541,0.0540540540541,37,185,0.138888888889,2.53805235891,10,8.04347826087,5,4.70814896394,0.470814896394,0.252300949598,6.15539510421,1.23107902084,0.627027027027,3.29140294302,0.658280588604,0.351497443389,1.59362115152,0.627891361628,4.9242383018,2.53805235891,1.59362115152,4.9242383018,0.129485677628,0.0521609538003,35,0.0045045045045,0.163274438056,37,37,37,1,0,0.378378378378,0.621621621622,0,-157,-0.117867867868,0.812763540791,-8.48648648649,-7.50197628458,-4.77142857143,-0.659561191451,0.180456306117,0.109658306956,-3.35309643817,0.202382567426,0.0825351667457,-4.76191040341,-0.2129843056,-0.110332807915,0.953021581191,0.25659145891,2.9242383018,0.812763540791,0.953021581191,2.9242383018,-0.214585716619,-0.324408083857,-775,-0.0997425997426,-0.406302390294,-0.027027027027,0.0810810810811,-0.0540540540541,175,10,167,980,0.511695906433,0.989898989899,0.010101010101,0.488304093567,0.945945945946,0.511695906433,0.664136622391,0.633601484515,0.501594896332,0.497159090909,29,186,0,0,0,0
258,WLNM_dir_neg,0.302130304081,0.297450937943,00:00:14,10,10,29,1233943464,threshold_sweep,0.6,0.62962962963,0.0913978494624,0.159624413146,17,10,169,362,0.0913978494624,0.97311827957,0.0268817204301,0.908602150538,0.62962962963,0.0913978494624,0.159624413146,0.679211469534,0.650537634409,0.0820512820513,0.141731734254,0.0645161290323,342,156,186,0,342,0,156,0,186,37,342,0.256756756757,1.72528881811,18.4864864865,15.5454545455,9.77142857143,5.36771015539,0.290358590277,0.142642642643,9.50849154237,1.02869645341,0.544491860281,8.05331334643,0.871264894205,0.461830251304,0.640599570326,0.371299902718,2,1.72528881811,0.640599570326,2,0.344071394247,0.376569037657,810,0.104247104247,0.56957682835,37,37,37,1,0,0.405405405405,0.540540540541,0.0540540540541,37,0.117117117117,2.21261261261,8.43243243243,7.09090909091,4.45714285714,5.04722443274,0.598549051319,0.327616077616,6.00525295579,1.42432281644,0.680873180873,3.83793300225,0.910278981302,0.463617463617,1.39215458577,0.629190386892,5.2,2.21261261261,1.39215458577,5.2,0,0,0,0,0.161113233172,37,37,37,1,0,0.405405405405,0.540540540541,0.0540540540541,37,183,0.137387387387,2.54579133902,9.89189189189,7.95652173913,4.94594594595,4.5569469786,0.460674967782,0.247378526067,6.07337516426,1.22795016982,0.627086102496,3.32453794572,0.672174338753,0.357997341604,1.60425989554,0.630161581174,4.96071008073,2.54579133902,1.60425989554,4.96071008073,0.125960982927,0.0492055356228,32,0.0041184041184,0.162451625097,37,37,37,1,0,0.378378378378,0.621621621622,0,-159,-0.119369369369,0.820502520909,-8.59459459459,-7.58893280632,-4.82548262548,-0.810763176794,0.170316377505,0.104735883424,-3.43511637811,0.199253716409,0.0825942422146,-4.72877540071,-0.199090555452,-0.1038329097,0.963660325212,0.258861678456,2.96071008073,0.820502520909,0.963660325212,2.96071008073,-0.21811041132,-0.327363502034,-778,-0.100128700129,-0.407125203253,-0.027027027027,0.0810810810811,-0.0540540540541,173,10,169,980,0.505847953216,0.989898989899,0.010101010101,0.494152046784,0.945355191257,0.505847953216,0.659047619048,0.629078925109,0.495746943115,0.491477272727,27,186,0,0,0,0
259,WLNM_dir_neg,0.302130304081,0.297450937943,00:00:14,10,10,29,1233943464,threshold_sweep,0.7,0.583333333333,0.0752688172043,0.133333333333,14,10,172,362,0.0752688172043,0.97311827957,0.0268817204301,0.924731182796,0.583333333333,0.0752688172043,0.133333333333,0.673835125448,0.652329749104,0.0618556701031,0.112429753349,0.0483870967742,342,156,186,0,342,0,156,0,186,37,342,0.256756756757,1.72528881811,18.4864864865,15.5454545455,9.77142857143,5.36771015539,0.290358590277,0.142642642643,9.50849154237,1.02869645341,0.544491860281,8.05331334643,0.871264894205,0.461830251304,0.640599570326,0.371299902718,2,1.72528881811,0.640599570326,2,0.344071394247,0.376569037657,810,0.104247104247,0.56957682835,37,37,37,1,0,0.405405405405,0.540540540541,0.0540540540541,37,0.117117117117,2.21261261261,8.43243243243,7.09090909091,4.45714285714,5.04722443274,0.598549051319,0.327616077616,6.00525295579,1.42432281644,0.680873180873,3.83793300225,0.910278981302,0.463617463617,1.39215458577,0.629190386892,5.2,2.21261261261,1.39215458577,5.2,0,0,0,0,0.161113233172,37,37,37,1,0,0.405405405405,0.540540540541,0.0540540540541,37,180,0.135135135135,2.53140289205,9.72972972973,7.82608695652,4.86486486486,4.53779589576,0.466384578176,0.2496996997,5.9961198665,1.23253575034,0.62972972973,3.38429511914,0.695660663379,0.36966966967,1.58240360169,0.625109344176,4.9433087485,2.53140289205,1.58240360169,4.9433087485,0.0933729727073,0.0380147835269,24,0.0030888030888,0.161197476733,37,37,37,1,0,0.378378378378,0.621621621622,0,-162,-0.121621621622,0.806114073934,-8.75675675676,-7.71936758893,-4.90656370656,-0.829914259632,0.176025987898,0.107057057057,-3.51237167587,0.203839296922,0.0852378694484,-4.66901822729,-0.175604230826,-0.0921605816343,0.941804031368,0.253809441458,2.9433087485,0.806114073934,0.941804031368,2.9433087485,-0.25069842154,-0.33855425413,-786,-0.101158301158,-0.408379351616,-0.027027027027,0.0810810810811,-0.0540540540541,170,10,172,980,0.497076023392,0.989898989899,0.010101010101,0.502923976608,0.944444444444,0.497076023392,0.651340996169,0.622264229234,0.486975013291,0.482954545455,24,186,0,0,0,0
260,WLNM_dir_neg,0.302130304081,0.297450937943,00:00:14,10,10,29,1233943464,threshold_sweep,0.8,0.583333333333,0.0752688172043,0.133333333333,14,10,172,362,0.0752688172043,0.97311827957,0.0268817204301,0.924731182796,0.583333333333,0.0752688172043,0.133333333333,0.673835125448,0.652329749104,0.0618556701031,0.112429753349,0.0483870967742,342,156,186,0,342,0,156,0,186,37,342,0.256756756757,1.72528881811,18.4864864865,15.5454545455,9.77142857143,5.36771015539,0.290358590277,0.142642642643,9.50849154237,1.02869645341,0.544491860281,8.05331334643,0.871264894205,0.461830251304,0.640599570326,0.371299902718,2,1.72528881811,0.640599570326,2,0.344071394247,0.376569037657,810,0.104247104247,0.56957682835,37,37,37,1,0,0.405405405405,0.540540540541,0.0540540540541,37,0.117117117117,2.21261261261,8.43243243243,7.09090909091,4.45714285714,5.04722443274,0.598549051319,0.327616077616,6.00525295579,1.42432281644,0.680873180873,3.83793300225,0.910278981302,0.463617463617,1.39215458577,0.629190386892,5.2,2.21261261261,1.39215458577,5.2,0,0,0,0,0.161113233172,37,37,37,1,0,0.405405405405,0.540540540541,0.0540540540541,37,180,0.135135135135,2.53140289205,9.72972972973,7.82608695652,4.86486486486,4.53779589576,0.466384578176,0.2496996997,5.9961198665,1.23253575034,0.62972972973,3.38429511914,0.695660663379,0.36966966967,1.58240360169,0.625109344176,4.9433087485,2.53140289205,1.58240360169,4.9433087485,0.0933729727073,0.0380147835269,24,0.0030888030888,0.161197476733,37,37,37,1,0,0.378378378378,0.621621621622,0,-162,-0.121621621622,0.806114073934,-8.75675675676,-7.71936758893,-4.90656370656,-0.829914259632,0.176025987898,0.107057057057,-3.51237167587,0.203839296922,0.0852378694484,-4.66901822729,-0.175604230826,-0.0921605816343,0.941804031368,0.253809441458,2.9433087485,0.806114073934,0.941804031368,2.9433087485,-0.25069842154,-0.33855425413,-786,-0.101158301158,-0.408379351616,-0.027027027027,0.0810810810811,-0.0540540540541,170,10,172,980,0.497076023392,0.989898989899,0.010101010101,0.502923976608,0.944444444444,0.497076023392,0.651340996169,0.622264229234,0.486975013291,0.482954545455,24,186,0,0,0,0
261,WLNM_dir_neg,0.302130304081,0.297450937943,00:00:14,10,10,29,1233943464,threshold_sweep,0.9,0.636363636364,0.0752688172043,0.134615384615,14,8,172,364,0.0752688172043,0.978494623656,0.0215053763441,0.924731182796,0.636363636364,0.0752688172043,0.134615384615,0.677419354839,0.653524492234,0.0689655172414,0.130233065268,0.0537634408602,342,156,186,0,342,0,156,0,186,37,342,0.256756756757,1.72528881811,18.4864864865,15.5454545455,9.77142857143,5.36771015539,0.290358590277,0.142642642643,9.50849154237,1.02869645341,0.544491860281,8.05331334643,0.871264894205,0.461830251304,0.640599570326,0.371299902718,2,1.72528881811,0.640599570326,2,0.344071394247,0.376569037657,810,0.104247104247,0.56957682835,37,37,37,1,0,0.405405405405,0.540540540541,0.0540540540541,37,0.117117117117,2.21261261261,8.43243243243,7.09090909091,4.45714285714,5.04722443274,0.598549051319,0.327616077616,6.00525295579,1.42432281644,0.680873180873,3.83793300225,0.910278981302,0.463617463617,1.39215458577,0.629190386892,5.2,2.21261261261,1.39215458577,5.2,0,0,0,0,0.161113233172,37,37,37,1,0,0.405405405405,0.540540540541,0.0540540540541,37,178,0.133633633634,2.24825155251,9.62162162162,8.09090909091,4.81081081081,4.56649240149,0.474607356334,0.255086547221,6.01312378533,1.24991898908,0.636197995749,3.43056391411,0.713094746191,0.3789857273,1.35732577935,0.603725049286,4.51989146629,2.24825155251,1.35732577935,4.51989146629,0.0971910765254,0.037037037037,23,0.0029601029601,0.175189365263,37,37,37,1,0,0.405405405405,0.594594594595,0,-164,-0.123123123123,0.522962734394,-8.86486486486,-7.45454545455,-4.96061776062,-0.801217753905,0.184248766057,0.112443904579,-3.49536775705,0.22122253567,0.0917061354672,-4.62274943233,-0.158170148014,-0.0828445240036,0.716726209019,0.232425146568,2.51989146629,0.522962734394,0.716726209019,2.51989146629,-0.246880317722,-0.33953200062,-787,-0.101287001287,-0.394387463087,0,0.0540540540541,-0.0540540540541,170,8,172,982,0.497076023392,0.991919191919,0.00808080808081,0.502923976608,0.955056179775,0.497076023392,0.653846153846,0.627801507848,0.488995215311,0.485714285714,22,186,0,0,0,0
262,WLNM_dir_neg,0.527929529425,0.376056043343,00:00:14,10,10,30,1233943465,threshold_sweep,0.1,0.5,0.0913978494624,0.154545454545,17,17,169,355,0.0913978494624,0.954301075269,0.0456989247312,0.908602150538,0.5,0.0913978494624,0.154545454545,0.666666666667,0.646356033453,0.0574324324324,0.0900593527786,0.0456989247312,342,156,186,0,342,0,156,0,186,37,342,0.256756756757,1.72528881811,18.4864864865,15.5454545455,9.77142857143,5.36771015539,0.290358590277,0.142642642643,9.50849154237,1.02869645341,0.544491860281,8.05331334643,0.871264894205,0.461830251304,0.640599570326,0.371299902718,2,1.72528881811,0.640599570326,2,0.344071394247,0.376569037657,810,0.104247104247,0.56957682835,37,37,37,1,0,0.405405405405,0.540540540541,0.0540540540541,37,0.117117117117,2.22747747748,8.43243243243,7.09090909091,4.45714285714,5.03620525429,0.597242289772,0.326923076923,6.00525295579,1.42432281644,0.680873180873,3.83793300225,0.910278981302,0.463617463617,1.42084529335,0.637871901162,5.2,2.22747747748,1.42084529335,5.2,0,0,0,0,0.160752482811,37,37,37,1,0,0.405405405405,0.540540540541,0.0540540540541,37,190,0.142642642643,9.33688366341,10.2702702703,6.12903225806,5.13513513514,5.02022934762,0.4888118049,0.267140825036,5.83648563474,1.1365787815,0.579800853485,3.63747594236,0.708350578249,0.38293029872,4.01178374644,0.429670529382,12.1305359604,9.33688366341,4.01178374644,12.1305359604,0.171432746123,0.0678925035361,48,0.00617760617761,0.176671463566,37,37,37,1,0,0.162162162162,0.837837837838,0,-152,-0.114114114114,7.61159484529,-8.21621621622,-9.41642228739,-4.63629343629,-0.347480807774,0.198453214623,0.124498182393,-3.67200590763,0.107882328088,0.0353089932037,-4.41583740408,-0.162914315956,-0.0788999525842,3.37118417611,0.0583706266647,10.1305359604,7.61159484529,3.37118417611,10.1305359604,-0.172638648124,-0.308676534121,-762,-0.0980694980695,-0.392905364783,-0.243243243243,0.297297297297,-0.0540540540541,173,17,169,973,0.505847953216,0.982828282828,0.0171717171717,0.494152046784,0.910526315789,0.505847953216,0.65037593985,0.610438642688,0.488676236045,0.481894150418,34,186,0,0,0,0
263,WLNM_dir_neg,0.527929529425,0.376056043343,00:00:14,10,10,30,1233943465,threshold_sweep,0.2,0.384615384615,0.0537634408602,0.0943396226415,10,16,176,356,0.0537634408602,0.956989247312,0.0430107526882,0.94623655914,0.384615384615,0.0537634408602,0.0943396226415,0.655913978495,0.651135005974,0.013698630137,0.0240493035122,0.010752688172,342,156,186,0,342,0,156,0,186,37,342,0.256756756757,1.72528881811,18.4864864865,15.5454545455,9.77142857143,5.36771015539,0.290358590277,0.142642642643,9.50849154237,1.02869645341,0.544491860281,8.05331334643,0.871264894205,0.461830251304,0.640599570326,0.371299902718,2,1.72528881811,0.640599570326,2,0.344071394247,0.376569037657,810,0.104247104247,0.56957682835,37,37,37,1,0,0.405405405405,0.540540540541,0.0540540540541,37,0.117117117117,2.22747747748,8.43243243243,7.09090909091,4.45714285714,5.03620525429,0.597242289772,0.326923076923,6.00525295579,1.42432281644,0.680873180873,3.83793300225,0.910278981302,0.463617463617,1.42084529335,0.637871901162,5.2,2.22747747748,1.42084529335,5.2,0,0,0,0,0.160752482811,37,37,37,1,0,0.405405405405,0.540540540541,0.0540540540541,37,182,0.136636636637,9.38761018188,9.83783783784,5.87096774194,4.91891891892,4.84489143046,0.492475227822,0.270418770419,5.75605178331,1.17018635155,0.588357588358,3.66953204993,0.746003768392,0.397386397386,4.03567940878,0.429894225537,12.1852808617,9.38761018188,4.03567940878,12.1852808617,0.149039231624,0.0525788683025,35,0.0045045045045,0.170486201152,37,37,37,1,0,0.162162162162,0.837837837838,0,-160,-0.12012012012,7.66232136377,-8.64864864865,-9.67448680352,-4.85250965251,-0.52281872493,0.202116637545,0.127776127776,-3.75243975907,0.141489898137,0.0438657280763,-4.3837812965,-0.125261125812,-0.0644438539175,3.39507983845,0.058594322819,10.1852808617,7.66232136377,3.39507983845,10.1852808617,-0.195032162623,-0.323990169354,-775,-0.0997425997426,-0.399090627198,-0.243243243243,0.297297297297,-0.0540540540541,166,16,176,974,0.485380116959,0.983838383838,0.0161616161616,0.514619883041,0.912087912088,0.485380116959,0.63358778626,0.596789486569,0.469218500797,0.463687150838,26,186,0,0,0,0
264,WLNM_dir_neg,0.527929529425,0.376056043343,00:00:14,10,10,30,1233943465,threshold_sweep,0.3,0.625,0.0537634408602,0.0990099009901,10,6,176,366,0.0537634408602,0.983870967742,0.0161290322581,0.94623655914,0.625,0.0537634408602,0.0990099009901,0.673835125448,0.657108721625,0.0487804878049,0.106304929365,0.0376344086022,342,156,186,0,342,0,156,0,186,37,342,0.256756756757,1.72528881811,18.4864864865,15.5454545455,9.77142857143,5.36771015539,0.290358590277,0.142642642643,9.50849154237,1.02869645341,0.544491860281,8.05331334643,0.871264894205,0.461830251304,0.640599570326,0.371299902718,2,1.72528881811,0.640599570326,2,0.344071394247,0.376569037657,810,0.104247104247,0.56957682835,37,37,37,1,0,0.405405405405,0.540540540541,0.0540540540541,37,0.117117117117,2.22747747748,8.43243243243,7.09090909091,4.45714285714,5.03620525429,0.597242289772,0.326923076923,6.00525295579,1.42432281644,0.680873180873,3.83793300225,0.910278981302,0.463617463617,1.42084529335,0.637871901162,5.2,2.22747747748,1.42084529335,5.2,0,0,0,0,0.160752482811,37,37,37,1,0,0.405405405405,0.540540540541,0.0540540540541,37,172,0.129129129129,2.53659411072,9.2972972973,7.47826086957,4.64864864865,4.63000398887,0.497994615082,0.26539912005,5.93584317804,1.2768964976,0.642363293526,3.56071322612,0.765967380038,0.403519798869,1.57153048047,0.619543534311,4.76296142488,2.53659411072,1.57153048047,4.76296142488,0.127701440937,0.0269662921348,16,0.0020592020592,0.162240571759,37,37,37,1,0,0.378378378378,0.621621621622,0,-170,-0.127627627628,0.811305292607,-9.18918918919,-8.06719367589,-5.12277992278,-0.737706166525,0.207636024805,0.122756477408,-3.57264836434,0.248200044186,0.0978714332448,-4.49260012031,-0.105297514167,-0.0583104524353,0.930930910144,0.248243631594,2.76296142488,0.811305292607,0.930930910144,2.76296142488,-0.216369953311,-0.349602745522,-794,-0.102187902188,-0.407336256591,-0.027027027027,0.0810810810811,-0.0540540540541,166,6,176,984,0.485380116959,0.993939393939,0.00606060606061,0.514619883041,0.96511627907,0.485380116959,0.645914396887,0.624399490118,0.479319510898,0.477011494253,16,186,0,0,0,0
265,WLNM_dir_neg,0.527929529425,0.376056043343,00:00:14,10,10,30,1233943465,threshold_sweep,0.4,0.666666666667,0.0537634408602,0.0995024875622,10,5,176,367,0.0537634408602,0.986559139785,0.0134408602151,0.94623655914,0.666666666667,0.0537634408602,0.0995024875622,0.675627240143,0.65770609319,0.0523560209424,0.117525123681,0.0403225806452,342,156,186,0,342,0,156,0,186,37,342,0.256756756757,1.72528881811,18.4864864865,15.5454545455,9.77142857143,5.36771015539,0.290358590277,0.142642642643,9.50849154237,1.02869645341,0.544491860281,8.05331334643,0.871264894205,0.461830251304,0.640599570326,0.371299902718,2,1.72528881811,0.640599570326,2,0.344071394247,0.376569037657,810,0.104247104247,0.56957682835,37,37,37,1,0,0.405405405405,0.540540540541,0.0540540540541,37,0.117117117117,2.22747747748,8.43243243243,7.09090909091,4.45714285714,5.03620525429,0.597242289772,0.326923076923,6.00525295579,1.42432281644,0.680873180873,3.83793300225,0.910278981302,0.463617463617,1.42084529335,0.637871901162,5.2,2.22747747748,1.42084529335,5.2,0,0,0,0,0.160752482811,37,37,37,1,0,0.405405405405,0.540540540541,0.0540540540541,37,171,0.128378378378,2.51879512165,9.24324324324,7.4347826087,4.62162162162,4.65716535987,0.503845375191,0.269638059112,5.94115285928,1.28551260698,0.644223170539,3.58508756558,0.775720701324,0.408408408408,1.54798380672,0.614573131977,4.70835978836,2.51879512165,1.54798380672,4.70835978836,0.122853736089,0.0237691001698,14,0.0018018018018,0.161594727123,37,37,37,1,0,0.378378378378,0.621621621622,0,-171,-0.128378378378,0.793506303537,-9.24324324324,-8.11067193676,-5.14980694981,-0.710544795522,0.213486784914,0.126995416469,-3.5673386831,0.256816153563,0.0997313102576,-4.46822578086,-0.0955441928813,-0.0534218428955,0.907384236395,0.243273229259,2.70835978836,0.793506303537,0.907384236395,2.70835978836,-0.221217658158,-0.352799937487,-796,-0.102445302445,-0.407982101227,-0.027027027027,0.0810810810811,-0.0540540540541,166,5,176,985,0.485380116959,0.994949494949,0.00505050505051,0.514619883041,0.970760233918,0.485380116959,0.647173489279,0.627271919924,0.480329611909,0.478386167147,15,186,0,0,0,0
266,WLNM_dir_neg,0.527929529425,0.376056043343,00:00:14,10,10,30,1233943465,threshold_sweep,0.5,0.615384615385,0.0430107526882,0.0804020100503,8,5,178,367,0.0430107526882,0.986559139785,0.0134408602151,0.956989247312,0.615384615385,0.0430107526882,0.0804020100503,0.672043010753,0.65890083632,0.0385288966725,0.0924076147012,0.0295698924731,342,156,186,0,342,0,156,0,186,37,342,0.256756756757,1.72528881811,18.4864864865,15.5454545455,9.77142857143,5.36771015539,0.290358590277,0.142642642643,9.50849154237,1.02869645341,0.544491860281,8.05331334643,0.871264894205,0.461830251304,0.640599570326,0.371299902718,2,1.72528881811,0.640599570326,2,0.344071394247,0.376569037657,810,0.104247104247,0.56957682835,37,37,37,1,0,0.405405405405,0.540540540541,0.0540540540541,37,0.117117117117,2.22747747748,8.43243243243,7.09090909091,4.45714285714,5.03620525429,0.597242289772,0.326923076923,6.00525295579,1.42432281644,0.680873180873,3.83793300225,0.910278981302,0.463617463617,1.42084529335,0.637871901162,5.2,2.22747747748,1.42084529335,5.2,0,0,0,0,0.160752482811,37,37,37,1,0,0.405405405405,0.540540540541,0.0540540540541,37,169,0.126876876877,2.51235881236,9.13513513514,7.34782608696,4.56756756757,4.7326417462,0.518070250324,0.279066048297,5.95137958115,1.30296476037,0.64960818807,3.60200978267,0.788605692065,0.41228210459,1.53747984859,0.611966666952,4.6307026307,2.51235881236,1.53747984859,4.6307026307,0.121282837459,0.0188895248998,11,0.0014157014157,0.158472881906,37,37,37,1,0,0.378378378378,0.621621621622,0,-173,-0.12987987988,0.787069994244,-9.35135135135,-8.1976284585,-5.20386100386,-0.635068409191,0.227711660047,0.136423405654,-3.55711196123,0.274268306955,0.105116327788,-4.45130356376,-0.0826592021403,-0.0495481467141,0.896880278261,0.240666764235,2.6307026307,0.787069994244,0.896880278261,2.6307026307,-0.222788556788,-0.357679512757,-799,-0.102831402831,-0.411103946443,-0.027027027027,0.0810810810811,-0.0540540540541,164,5,178,985,0.479532163743,0.994949494949,0.00505050505051,0.520467836257,0.970414201183,0.479532163743,0.641878669276,0.622754493511,0.474481658692,0.472622478386,13,186,0,0,0,0
267,WLNM_dir_neg,0.527929529425,0.376056043343,00:00:14,10,10,30,1233943465,threshold_sweep,0.6,0.666666666667,0.0430107526882,0.0808080808081,8,4,178,368,0.0430107526882,0.989247311828,0.010752688172,0.956989247312,0.666666666667,0.0430107526882,0.0808080808081,0.673835125448,0.659498207885,0.0421052631579,0.104828483672,0.0322580645161,342,156,186,0,342,0,156,0,186,37,342,0.256756756757,1.72528881811,18.4864864865,15.5454545455,9.77142857143,5.36771015539,0.290358590277,0.142642642643,9.50849154237,1.02869645341,0.544491860281,8.05331334643,0.871264894205,0.461830251304,0.640599570326,0.371299902718,2,1.72528881811,0.640599570326,2,0.344071394247,0.376569037657,810,0.104247104247,0.56957682835,37,37,37,1,0,0.405405405405,0.540540540541,0.0540540540541,37,0.117117117117,2.22747747748,8.43243243243,7.09090909091,4.45714285714,5.03620525429,0.597242289772,0.326923076923,6.00525295579,1.42432281644,0.680873180873,3.83793300225,0.910278981302,0.463617463617,1.42084529335,0.637871901162,5.2,2.22747747748,1.42084529335,5.2,0,0,0,0,0.160752482811,37,37,37,1,0,0.405405405405,0.540540540541,0.0540540540541,37,168,0.126126126126,2.12613242613,9.08108108108,7.63636363636,4.54054054054,4.70448000656,0.518052857865,0.279601029601,5.97027169768,1.31488126675,0.654761904762,3.61012922664,0.795087984438,0.414092664093,1.20981495644,0.569021450203,4.2703962704,2.12613242613,1.20981495644,4.2703962704,0.121282837459,0.0188895248998,11,0.0014157014157,0.169339604529,37,37,37,1,0,0.405405405405,0.594594594595,0,-174,-0.130630630631,0.400843608018,-9.40540540541,-7.90909090909,-5.23088803089,-0.663230148832,0.227694267588,0.136958386958,-3.53821984469,0.286184813337,0.110270044481,-4.4431841198,-0.0761769097665,-0.0477375872113,0.569215386114,0.197721547485,2.2703962704,0.400843608018,0.569215386114,2.2703962704,-0.222788556788,-0.357679512757,-799,-0.102831402831,-0.400237223821,0,0.0540540540541,-0.0540540540541,164,4,178,986,0.479532163743,0.99595959596,0.0040404040404,0.520467836257,0.97619047619,0.479532163743,0.643137254902,0.625665941151,0.475491759702,0.473988439306,12,186,0,0,0,0
268,WLNM_dir_neg,0.527929529425,0.376056043343,00:00:14,10,10,30,1233943465,threshold_sweep,0.7,0.636363636364,0.0376344086022,0.0710659898477,7,4,179,368,0.0376344086022,0.989247311828,0.010752688172,0.962365591398,0.636363636364,0.0376344086022,0.0710659898477,0.672043010753,0.66009557945,0.0351493848858,0.0911580437008,0.0268817204301,342,156,186,0,342,0,156,0,186,37,342,0.256756756757,1.72528881811,18.4864864865,15.5454545455,9.77142857143,5.36771015539,0.290358590277,0.142642642643,9.50849154237,1.02869645341,0.544491860281,8.05331334643,0.871264894205,0.461830251304,0.640599570326,0.371299902718,2,1.72528881811,0.640599570326,2,0.344071394247,0.376569037657,810,0.104247104247,0.56957682835,37,37,37,1,0,0.405405405405,0.540540540541,0.0540540540541,37,0.117117117117,2.22747747748,8.43243243243,7.09090909091,4.45714285714,5.03620525429,0.597242289772,0.326923076923,6.00525295579,1.42432281644,0.680873180873,3.83793300225,0.910278981302,0.463617463617,1.42084529335,0.637871901162,5.2,2.22747747748,1.42084529335,5.2,0,0,0,0,0.160752482811,37,37,37,1,0,0.405405405405,0.540540540541,0.0540540540541,37,167,0.125375375375,2.11546546547,9.02702702703,7.59090909091,4.51351351351,4.72867427091,0.523835173723,0.283379187571,5.96108501319,1.32071943406,0.656093218967,3.63334573103,0.804992766755,0.418837999676,1.18692103291,0.561068498769,4.0902173913,2.11546546547,1.18692103291,4.0902173913,0.110236076413,0.0155619596542,9,0.0011583011583,0.169032107793,37,37,37,1,0,0.405405405405,0.594594594595,0,-175,-0.131381381381,0.390176647351,-9.45945945946,-7.95454545455,-5.25791505792,-0.639035884484,0.233476583446,0.140736544928,-3.54740652918,0.292022980646,0.111601358686,-4.4199676154,-0.0662721274495,-0.0429922516276,0.54632146258,0.189768596051,2.0902173913,0.390176647351,0.54632146258,2.0902173913,-0.233835317835,-0.361007078003,-801,-0.103088803089,-0.400544720557,0,0.0540540540541,-0.0540540540541,163,4,179,986,0.476608187135,0.99595959596,0.0040404040404,0.523391812865,0.976047904192,0.476608187135,0.64047151277,0.623409710455,0.472567783094,0.471098265896,11,186,0,0,0,0
269,WLNM_dir_neg,0.527929529425,0.376056043343,00:00:14,10,10,30,1233943465,threshold_sweep,0.8,0.666666666667,0.0322580645161,0.0615384615385,6,3,180,369,0.0322580645161,0.991935483871,0.00806451612903,0.967741935484,0.666666666667,0.0322580645161,0.0615384615385,0.672043010753,0.661290322581,0.031746031746,0.0905357460425,0.0241935483871,342,156,186,0,342,0,156,0,186,37,342,0.256756756757,1.72528881811,18.4864864865,15.5454545455,9.77142857143,5.36771015539,0.290358590277,0.142642642643,9.50849154237,1.02869645341,0.544491860281,8.05331334643,0.871264894205,0.461830251304,0.640599570326,0.371299902718,2,1.72528881811,0.640599570326,2,0.344071394247,0.376569037657,810,0.104247104247,0.56957682835,37,37,37,1,0,0.405405405405,0.540540540541,0.0540540540541,37,0.117117117117,2.22747747748,8.43243243243,7.09090909091,4.45714285714,5.03620525429,0.597242289772,0.326923076923,6.00525295579,1.42432281644,0.680873180873,3.83793300225,0.910278981302,0.463617463617,1.42084529335,0.637871901162,5.2,2.22747747748,1.42084529335,5.2,0,0,0,0,0.160752482811,37,37,37,1,0,0.405405405405,0.540540540541,0.0540540540541,37,165,0.123873873874,2.11936201936,8.91891891892,7.5,4.58333333333,4.76898765392,0.534704676349,0.29009009009,5.97027169768,1.33878819887,0.660442260442,3.67872709412,0.824926681712,0.429811629812,1.20756533774,0.569777757036,4.06371406371,2.11936201936,1.20756533774,4.06371406371,0.0655399096576,0.00877706260971,5,0.000643500643501,0.170233345864,37,37,37,1,0,0.405405405405,0.567567567568,0.027027027027,-177,-0.132882882883,0.394073201247,-9.56756756757,-8.04545454545,-5.1880952381,-0.598722501473,0.244346086072,0.147447447447,-3.53821984469,0.310091745459,0.115950400161,-4.37458625231,-0.0463382124925,-0.0320186214923,0.566965767414,0.198477854318,2.06371406371,0.394073201247,0.566965767414,2.06371406371,-0.27853148459,-0.367791975047,-805,-0.103603603604,-0.399343482486,0,0.027027027027,-0.027027027027,162,3,180,987,0.473684210526,0.99696969697,0.0030303030303,0.526315789474,0.981818181818,0.473684210526,0.639053254438,0.624101058075,0.470653907496,0.469565217391,9,186,0,0,0,0
270,WLNM_dir_neg,0.527929529425,0.376056043343,00:00:14,10,10,30,1233943465,threshold_sweep,0.9,0.857142857143,0.0322580645161,0.0621761658031,6,1,180,371,0.0322580645161,0.997311827957,0.00268817204301,0.967741935484,0.857142857143,0.0322580645161,0.0621761658031,0.675627240143,0.662485065711,0.0389380530973,0.125242828695,0.0295698924731,342,156,186,0,342,0,156,0,186,37,342,0.256756756757,1.72528881811,18.4864864865,15.5454545455,9.77142857143,5.36771015539,0.290358590277,0.142642642643,9.50849154237,1.02869645341,0.544491860281,8.05331334643,0.871264894205,0.461830251304,0.640599570326,0.371299902718,2,1.72528881811,0.640599570326,2,0.344071394247,0.376569037657,810,0.104247104247,0.56957682835,37,37,37,1,0,0.405405405405,0.540540540541,0.0540540540541,37,0.117117117117,2.22747747748,8.43243243243,7.09090909091,4.45714285714,5.03620525429,0.597242289772,0.326923076923,6.00525295579,1.42432281644,0.680873180873,3.83793300225,0.910278981302,0.463617463617,1.42084529335,0.637871901162,5.2,2.22747747748,1.42084529335,5.2,0,0,0,0,0.160752482811,37,37,37,1,0,0.405405405405,0.540540540541,0.0540540540541,37,163,0.122372372372,2.10477048477,8.81081081081,7.40909090909,4.65714285714,4.81800925832,0.546829271649,0.297960537224,5.96964292371,1.35507232011,0.663571547007,3.73020299909,0.846733196112,0.442712651302,1.17802318822,0.559691993377,3.88177777778,2.10477048477,1.17802318822,3.88177777778,0.0219749160926,0.00356083086053,2,0.0002574002574,0.170286599488,37,37,37,1,0,0.405405405405,0.540540540541,0.0540540540541,-179,-0.134384384384,0.379481666656,-9.67567567568,-8.13636363636,-5.11428571429,-0.549700897078,0.256470681372,0.155317894582,-3.53884861866,0.326375866692,0.119079686726,-4.32311034734,-0.0245316980926,-0.0191176000023,0.537423617896,0.188392090659,1.88177777778,0.379481666656,0.537423617896,1.88177777778,-0.322096478155,-0.373008206796,-808,-0.10398970399,-0.399290228862,0,0,0,162,1,180,989,0.473684210526,0.99898989899,0.0010101010101,0.526315789474,0.993865030675,0.473684210526,0.641584158416,0.630073780079,0.472674109516,0.472303206997,7,186,0,0,0,0
271,WLNM_dir_neg,0.643788299225,0.523287586398,00:00:13,10,10,31,1233943466,threshold_sweep,0.1,0.740740740741,0.215053763441,0.333333333333,40,14,146,358,0.215053763441,0.962365591398,0.0376344086022,0.784946236559,0.740740740741,0.215053763441,0.333333333333,0.713261648746,0.634408602151,0.21568627451,0.282889474931,0.177419354839,342,156,186,0,342,0,156,0,186,37,342,0.256756756757,1.72528881811,18.4864864865,15.5454545455,9.77142857143,5.36771015539,0.290358590277,0.142642642643,9.50849154237,1.02869645341,0.544491860281,8.05331334643,0.871264894205,0.461830251304,0.640599570326,0.371299902718,2,1.72528881811,0.640599570326,2,0.344071394247,0.376569037657,810,0.104247104247,0.56957682835,37,37,37,1,0,0.405405405405,0.540540540541,0.0540540540541,37,0.117117117117,2.22747747748,8.43243243243,7.09090909091,4.45714285714,5.03620525429,0.597242289772,0.326923076923,6.00525295579,1.42432281644,0.680873180873,3.83793300225,0.910278981302,0.463617463617,1.42084529335,0.637871901162,5.2,2.22747747748,1.42084529335,5.2,0,0,0,0,0.160752482811,37,37,37,1,0,0.405405405405,0.540540540541,0.0540540540541,37,210,0.157657657658,3.03777163385,11.3513513514,9.13043478261,5.67567567568,5.75044064117,0.506586437436,0.256370656371,7.34110971801,1.29343361698,0.63861003861,3.83010047775,0.674827227032,0.361132561133,2.20002245167,0.724222462002,6,3.03777163385,2.20002245167,6,0.290856900021,0.193697156034,168,0.0216216216216,0.205606742697,37,37,37,1,0,0.378378378378,0.621621621622,0,-132,-0.0990990990991,1.31248281574,-7.13513513514,-6.41501976285,-4.09575289575,0.382730485772,0.216227847159,0.113728013728,-2.16738182436,0.264737163568,0.0941181783287,-4.22321286868,-0.196437667173,-0.100697690171,1.55942288135,0.352922559285,4,1.31248281574,1.55942288135,4,-0.0532144942262,-0.182871881623,-642,-0.0826254826255,-0.363970085653,-0.027027027027,0.0810810810811,-0.0540540540541,196,14,146,976,0.573099415205,0.985858585859,0.0141414141414,0.426900584795,0.933333333333,0.573099415205,0.710144927536,0.670044661931,0.558958001063,0.550561797753,54,186,0,0,0,0
272,WLNM_dir_neg,0.643788299225,0.523287586398,00:00:13,10,10,31,1233943466,threshold_sweep,0.2,0.74,0.198924731183,0.313559322034,37,13,149,359,0.198924731183,0.965053763441,0.0349462365591,0.801075268817,0.74,0.198924731183,0.313559322034,0.709677419355,0.636798088411,0.200657894737,0.270643735372,0.163978494624,342,156,186,0,342,0,156,0,186,37,342,0.256756756757,1.72528881811,18.4864864865,15.5454545455,9.77142857143,5.36771015539,0.290358590277,0.142642642643,9.50849154237,1.02869645341,0.544491860281,8.05331334643,0.871264894205,0.461830251304,0.640599570326,0.371299902718,2,1.72528881811,0.640599570326,2,0.344071394247,0.376569037657,810,0.104247104247,0.56957682835,37,37,37,1,0,0.405405405405,0.540540540541,0.0540540540541,37,0.117117117117,2.22747747748,8.43243243243,7.09090909091,4.45714285714,5.03620525429,0.597242289772,0.326923076923,6.00525295579,1.42432281644,0.680873180873,3.83793300225,0.910278981302,0.463617463617,1.42084529335,0.637871901162,5.2,2.22747747748,1.42084529335,5.2,0,0,0,0,0.160752482811,37,37,37,1,0,0.405405405405,0.540540540541,0.0540540540541,37,206,0.154654654655,3.01127020817,11.1351351351,8.95652173913,5.56756756757,5.74534672661,0.515965604089,0.263447913933,7.2554214999,1.30315823056,0.643400682236,3.77521552395,0.678072691194,0.364996064025,2.16618460515,0.719359092807,6,3.01127020817,2.16618460515,6,0.248533280609,0.182104848246,154,0.0198198198198,0.194680429556,37,37,37,1,0,0.378378378378,0.621621621622,0,-136,-0.102102102102,1.28598139005,-7.35135135135,-6.58893280632,-4.20386100386,0.37763657122,0.225607013812,0.120805271291,-2.25307004248,0.274461777149,0.0989088219543,-4.27809782249,-0.19319220301,-0.0968341872787,1.52558503482,0.34805919009,4,1.28598139005,1.52558503482,4,-0.0955381136383,-0.194464189411,-656,-0.0844272844273,-0.374896398794,-0.027027027027,0.0810810810811,-0.0540540540541,193,13,149,977,0.56432748538,0.986868686869,0.0131313131313,0.43567251462,0.936893203883,0.56432748538,0.704379562044,0.665938368608,0.551196172249,0.543661971831,50,186,0,0,0,0
273,WLNM_dir_neg,0.643788299225,0.523287586398,00:00:13,10,10,31,1233943466,threshold_sweep,0.3,0.723404255319,0.182795698925,0.291845493562,34,13,152,359,0.182795698925,0.965053763441,0.0349462365591,0.817204301075,0.723404255319,0.182795698925,0.291845493562,0.704301075269,0.638590203106,0.181818181818,0.250950642904,0.147849462366,342,156,186,0,342,0,156,0,186,37,342,0.256756756757,1.72528881811,18.4864864865,15.5454545455,9.77142857143,5.36771015539,0.290358590277,0.142642642643,9.50849154237,1.02869645341,0.544491860281,8.05331334643,0.871264894205,0.461830251304,0.640599570326,0.371299902718,2,1.72528881811,0.640599570326,2,0.344071394247,0.376569037657,810,0.104247104247,0.56957682835,37,37,37,1,0,0.405405405405,0.540540540541,0.0540540540541,37,0.117117117117,2.22747747748,8.43243243243,7.09090909091,4.45714285714,5.03620525429,0.597242289772,0.326923076923,6.00525295579,1.42432281644,0.680873180873,3.83793300225,0.910278981302,0.463617463617,1.42084529335,0.637871901162,5.2,2.22747747748,1.42084529335,5.2,0,0,0,0,0.160752482811,37,37,37,1,0,0.405405405405,0.540540540541,0.0540540540541,37,203,0.152402402402,2.97635448708,10.972972973,8.82608695652,5.48648648649,5.70324705997,0.519754042411,0.267208094794,7.14384592041,1.30208029091,0.644388230595,3.76844811576,0.686860001395,0.36852616163,2.12533557711,0.714073402994,6,2.97635448708,2.12533557711,6,0.233322063313,0.175828617623,145,0.0186615186615,0.191629579613,37,37,37,1,0,0.378378378378,0.621621621622,0,-139,-0.104354354354,1.25106566897,-7.51351351351,-6.71936758893,-4.28494208494,0.335536904574,0.229395452134,0.124565452152,-2.36464562197,0.273383837497,0.0998963703138,-4.28486523067,-0.18440489281,-0.0933040896743,1.48473600678,0.342773500277,4,1.25106566897,1.48473600678,4,-0.110749330934,-0.200740420034,-665,-0.0855855855856,-0.377947248737,-0.027027027027,0.0810810810811,-0.0540540540541,190,13,152,977,0.555555555556,0.986868686869,0.0131313131313,0.444444444444,0.935960591133,0.555555555556,0.697247706422,0.659287363149,0.542424242424,0.535211267606,47,186,0,0,0,0
274,WLNM_dir_neg,0.643788299225,0.523287586398,00:00:13,10,10,31,1233943466,threshold_sweep,0.4,0.755555555556,0.182795698925,0.294372294372,34,11,152,361,0.182795698925,0.970430107527,0.0295698924731,0.817204301075,0.755555555556,0.182795698925,0.294372294372,0.707885304659,0.639784946237,0.189054726368,0.265274141918,0.153225806452,342,156,186,0,342,0,156,0,186,37,342,0.256756756757,1.72528881811,18.4864864865,15.5454545455,9.77142857143,5.36771015539,0.290358590277,0.142642642643,9.50849154237,1.02869645341,0.544491860281,8.05331334643,0.871264894205,0.461830251304,0.640599570326,0.371299902718,2,1.72528881811,0.640599570326,2,0.344071394247,0.376569037657,810,0.104247104247,0.56957682835,37,37,37,1,0,0.405405405405,0.540540540541,0.0540540540541,37,0.117117117117,2.22747747748,8.43243243243,7.09090909091,4.45714285714,5.03620525429,0.597242289772,0.326923076923,6.00525295579,1.42432281644,0.680873180873,3.83793300225,0.910278981302,0.463617463617,1.42084529335,0.637871901162,5.2,2.22747747748,1.42084529335,5.2,0,0,0,0,0.160752482811,37,37,37,1,0,0.405405405405,0.540540540541,0.0540540540541,37,201,0.150900900901,2.91094000777,10.8648648649,8.73913043478,5.43243243243,5.75983295554,0.530133878992,0.273497377975,7.15130345749,1.31640909417,0.648379723007,3.78990281714,0.69764380216,0.372999865537,2.06968829501,0.711003417964,6,2.91094000777,2.06968829501,6,0.233117684706,0.173100365705,142,0.0182754182754,0.187968914014,37,37,37,1,0,0.378378378378,0.621621621622,0,-141,-0.105855855856,1.18565118965,-7.62162162162,-6.80632411067,-4.338996139,0.392122800142,0.239775288715,0.130854735332,-2.35718808488,0.28771264075,0.103887862725,-4.26341052929,-0.173621092045,-0.0888303857668,1.42908872468,0.339703515246,4,1.18565118965,1.42908872468,4,-0.110953709542,-0.203468671952,-668,-0.0859716859717,-0.381607914336,-0.027027027027,0.0810810810811,-0.0540540540541,190,11,152,979,0.555555555556,0.988888888889,0.0111111111111,0.444444444444,0.945273631841,0.555555555556,0.699815837937,0.664438653944,0.544444444444,0.538243626062,45,186,0,0,0,0
275,WLNM_dir_neg,0.643788299225,0.523287586398,00:00:13,10,10,31,1233943466,threshold_sweep,0.5,0.744186046512,0.172043010753,0.279475982533,32,11,154,361,0.172043010753,0.970430107527,0.0295698924731,0.827956989247,0.744186046512,0.172043010753,0.279475982533,0.704301075269,0.640979689367,0.176372712146,0.251839025091,0.14247311828,342,156,186,0,342,0,156,0,186,37,342,0.256756756757,1.72528881811,18.4864864865,15.5454545455,9.77142857143,5.36771015539,0.290358590277,0.142642642643,9.50849154237,1.02869645341,0.544491860281,8.05331334643,0.871264894205,0.461830251304,0.640599570326,0.371299902718,2,1.72528881811,0.640599570326,2,0.344071394247,0.376569037657,810,0.104247104247,0.56957682835,37,37,37,1,0,0.405405405405,0.540540540541,0.0540540540541,37,0.117117117117,2.22747747748,8.43243243243,7.09090909091,4.45714285714,5.03620525429,0.597242289772,0.326923076923,6.00525295579,1.42432281644,0.680873180873,3.83793300225,0.910278981302,0.463617463617,1.42084529335,0.637871901162,5.2,2.22747747748,1.42084529335,5.2,0,0,0,0,0.160752482811,37,37,37,1,0,0.405405405405,0.540540540541,0.0540540540541,37,199,0.149399399399,2.91168413774,10.7567567568,8.65217391304,5.37837837838,5.49952222877,0.511262116745,0.267282357735,6.97356656458,1.29659277834,0.645117479288,3.8177316662,0.709829505775,0.377835121554,2.07019074981,0.710994274062,6,2.91168413774,2.07019074981,6,0.200007216416,0.138032925285,109,0.0140283140283,0.188522662666,37,37,37,1,0,0.378378378378,0.621621621622,0,-143,-0.107357357357,1.18639531963,-7.72972972973,-6.89328063241,-4.39305019305,0.131812073378,0.220903526468,0.124639715092,-2.53492497779,0.267896324924,0.100625619007,-4.23558168024,-0.16143538843,-0.0839951297502,1.42959117948,0.339694371344,4,1.18639531963,1.42959117948,4,-0.144064177832,-0.238536112372,-701,-0.0902187902188,-0.381054165683,-0.027027027027,0.0810810810811,-0.0540540540541,188,11,154,979,0.549707602339,0.988888888889,0.0111111111111,0.450292397661,0.94472361809,0.549707602339,0.695009242144,0.660013284574,0.538596491228,0.532577903683,43,186,0,0,0,0
276,WLNM_dir_neg,0.643788299225,0.523287586398,00:00:13,10,10,31,1233943466,threshold_sweep,0.6,0.761904761905,0.172043010753,0.280701754386,32,10,154,362,0.172043010753,0.97311827957,0.0268817204301,0.827956989247,0.761904761905,0.172043010753,0.280701754386,0.706093189964,0.641577060932,0.18,0.259375687967,0.145161290323,342,156,186,0,342,0,156,0,186,37,342,0.256756756757,1.72528881811,18.4864864865,15.5454545455,9.77142857143,5.36771015539,0.290358590277,0.142642642643,9.50849154237,1.02869645341,0.544491860281,8.05331334643,0.871264894205,0.461830251304,0.640599570326,0.371299902718,2,1.72528881811,0.640599570326,2,0.344071394247,0.376569037657,810,0.104247104247,0.56957682835,37,37,37,1,0,0.405405405405,0.540540540541,0.0540540540541,37,0.117117117117,2.22747747748,8.43243243243,7.09090909091,4.45714285714,5.03620525429,0.597242289772,0.326923076923,6.00525295579,1.42432281644,0.680873180873,3.83793300225,0.910278981302,0.463617463617,1.42084529335,0.637871901162,5.2,2.22747747748,1.42084529335,5.2,0,0,0,0,0.160752482811,37,37,37,1,0,0.405405405405,0.540540540541,0.0540540540541,37,198,0.148648648649,2.89577223269,10.7027027027,8.60869565217,5.35135135135,5.54208577295,0.517821145452,0.271362271362,6.9730282606,1.30304063456,0.646737646738,3.8457495745,0.718650173013,0.383292383292,2.05137001486,0.708401714647,6,2.89577223269,2.05137001486,6,0.20007156648,0.137404580153,108,0.0138996138996,0.189060972441,37,37,37,1,0,0.378378378378,0.621621621622,0,-144,-0.108108108108,1.17048341457,-7.78378378378,-6.93675889328,-4.42007722008,0.174375617555,0.227462555175,0.12871962872,-2.53546328177,0.274344181142,0.102245786456,-4.20756377193,-0.152614721192,-0.0785378680116,1.41077044454,0.33710181193,4,1.17048341457,1.41077044454,4,-0.143999827767,-0.239164457504,-702,-0.0903474903475,-0.380515855909,-0.027027027027,0.0810810810811,-0.0540540540541,188,10,154,980,0.549707602339,0.989898989899,0.010101010101,0.450292397661,0.949494949495,0.549707602339,0.696296296296,0.662626460728,0.539606592238,0.534090909091,42,186,0,0,0,0
277,WLNM_dir_neg,0.643788299225,0.523287586398,00:00:13,10,10,31,1233943466,threshold_sweep,0.7,0.8,0.172043010753,0.283185840708,32,8,154,364,0.172043010753,0.978494623656,0.0215053763441,0.827956989247,0.8,0.172043010753,0.283185840708,0.709677419355,0.642771804062,0.1872909699,0.275092122162,0.150537634409,342,156,186,0,342,0,156,0,186,37,342,0.256756756757,1.72528881811,18.4864864865,15.5454545455,9.77142857143,5.36771015539,0.290358590277,0.142642642643,9.50849154237,1.02869645341,0.544491860281,8.05331334643,0.871264894205,0.461830251304,0.640599570326,0.371299902718,2,1.72528881811,0.640599570326,2,0.344071394247,0.376569037657,810,0.104247104247,0.56957682835,37,37,37,1,0,0.405405405405,0.540540540541,0.0540540540541,37,0.117117117117,2.22747747748,8.43243243243,7.09090909091,4.45714285714,5.03620525429,0.597242289772,0.326923076923,6.00525295579,1.42432281644,0.680873180873,3.83793300225,0.910278981302,0.463617463617,1.42084529335,0.637871901162,5.2,2.22747747748,1.42084529335,5.2,0,0,0,0,0.160752482811,37,37,37,1,0,0.405405405405,0.540540540541,0.0540540540541,37,196,0.147147147147,2.84785301632,10.5945945946,8.52173913043,5.2972972973,5.57005615102,0.525745095887,0.274544953116,6.98357145523,1.31832726451,0.650303364589,3.8648333647,0.729585890276,0.386651958081,1.9986271873,0.701801383655,6,2.84785301632,1.9986271873,6,0.20007156648,0.137404580153,108,0.0138996138996,0.186026910886,37,37,37,1,0,0.378378378378,0.621621621622,0,-146,-0.10960960961,1.12256419821,-7.89189189189,-7.02371541502,-4.47413127413,0.202345995628,0.23538650561,0.131902310474,-2.52492008715,0.289630811092,0.105811504308,-4.18847998173,-0.141679003929,-0.0751782932234,1.35802761697,0.330501480938,4,1.12256419821,1.35802761697,4,-0.143999827767,-0.239164457504,-702,-0.0903474903475,-0.383549917463,-0.027027027027,0.0810810810811,-0.0540540540541,188,8,154,982,0.549707602339,0.991919191919,0.00808080808081,0.450292397661,0.959183673469,0.549707602339,0.698884758364,0.6679033007,0.541626794258,0.537142857143,40,186,0,0,0,0
278,WLNM_dir_neg,0.643788299225,0.523287586398,00:00:13,10,10,31,1233943466,threshold_sweep,0.8,0.783783783784,0.155913978495,0.260089686099,29,8,157,364,0.155913978495,0.978494623656,0.0215053763441,0.844086021505,0.783783783784,0.155913978495,0.260089686099,0.704301075269,0.644563918757,0.168067226891,0.254645076034,0.134408602151,342,156,186,0,342,0,156,0,186,37,342,0.256756756757,1.72528881811,18.4864864865,15.5454545455,9.77142857143,5.36771015539,0.290358590277,0.142642642643,9.50849154237,1.02869645341,0.544491860281,8.05331334643,0.871264894205,0.461830251304,0.640599570326,0.371299902718,2,1.72528881811,0.640599570326,2,0.344071394247,0.376569037657,810,0.104247104247,0.56957682835,37,37,37,1,0,0.405405405405,0.540540540541,0.0540540540541,37,0.117117117117,2.22747747748,8.43243243243,7.09090909091,4.45714285714,5.03620525429,0.597242289772,0.326923076923,6.00525295579,1.42432281644,0.680873180873,3.83793300225,0.910278981302,0.463617463617,1.42084529335,0.637871901162,5.2,2.22747747748,1.42084529335,5.2,0,0,0,0,0.160752482811,37,37,37,1,0,0.405405405405,0.540540540541,0.0540540540541,37,193,0.144894894895,2.85679765252,10.4324324324,8.39130434783,5.21621621622,5.36211266687,0.513984892939,0.271110488727,6.80741072955,1.30504765282,0.64836857583,3.93089709252,0.753591670586,0.39882369416,2.01012727947,0.703629561476,6,2.85679765252,2.01012727947,6,0.176089348458,0.118089341,89,0.0114543114543,0.186250998053,37,37,37,1,0,0.378378378378,0.621621621622,0,-149,-0.111861861862,1.13150883441,-8.05405405405,-7.15415019763,-4.55521235521,-0.00559748851914,0.223626302662,0.128467846084,-2.70108081282,0.276351199401,0.103876715548,-4.12241625392,-0.117673223619,-0.0630065571435,1.36952770914,0.332329658758,4,1.13150883441,1.36952770914,4,-0.16798204579,-0.258479696657,-721,-0.0927927927928,-0.383325830297,-0.027027027027,0.0810810810811,-0.0540540540541,185,8,157,982,0.540935672515,0.991919191919,0.00808080808081,0.459064327485,0.958549222798,0.540935672515,0.691588785047,0.661300831222,0.532854864434,0.528571428571,37,186,0,0,0,0
279,WLNM_dir_neg,0.643788299225,0.523287586398,00:00:13,10,10,31,1233943466,threshold_sweep,0.9,0.78125,0.134408602151,0.229357798165,25,7,161,365,0.134408602151,0.981182795699,0.0188172043011,0.865591397849,0.78125,0.134408602151,0.229357798165,0.698924731183,0.647550776583,0.145762711864,0.234361137106,0.115591397849,342,156,186,0,342,0,156,0,186,37,342,0.256756756757,1.72528881811,18.4864864865,15.5454545455,9.77142857143,5.36771015539,0.290358590277,0.142642642643,9.50849154237,1.02869645341,0.544491860281,8.05331334643,0.871264894205,0.461830251304,0.640599570326,0.371299902718,2,1.72528881811,0.640599570326,2,0.344071394247,0.376569037657,810,0.104247104247,0.56957682835,37,37,37,1,0,0.405405405405,0.540540540541,0.0540540540541,37,0.117117117117,2.22747747748,8.43243243243,7.09090909091,4.45714285714,5.03620525429,0.597242289772,0.326923076923,6.00525295579,1.42432281644,0.680873180873,3.83793300225,0.910278981302,0.463617463617,1.42084529335,0.637871901162,5.2,2.22747747748,1.42084529335,5.2,0,0,0,0,0.160752482811,37,37,37,1,0,0.405405405405,0.540540540541,0.0540540540541,37,188,0.141141141141,1,10.1621621622,8.17391304348,5.08108108108,5.09091518466,0.50096771764,0.266963772283,6.6515594595,1.30908351065,0.651236342726,4.00262676514,0.787751012288,0.412593444508,0,0,0,NaN,NaN,NaN,0.146372066257,0.0778301886792,55,0.00707850707851,0.188192115433,37,37,0,1,2,0.378378378378,0.621621621622,0,-154,-0.115615615616,-0.725288818115,-8.32432432432,-7.37154150198,-4.69034749035,-0.276794970732,0.210609127362,0.12432112964,-2.85693208288,0.280387057231,0.106744482444,-4.05068658129,-0.0835138819165,-0.0492368067956,-0.640599570326,-0.371299902718,-2,NaN,NaN,NaN,-0.19769932799,-0.298738848978,-755,-0.0971685971686,-0.381384712917,-0.027027027027,0.0810810810811,-0.0540540540541,181,7,161,983,0.529239766082,0.992929292929,0.00707070707071,0.470760233918,0.962765957447,0.529239766082,0.683018867925,0.655163731398,0.522169059011,0.518624641834,32,186,0,0,0,0
280,WLNM_dir_neg,0.476854260608,0.381499167912,00:00:14,10,10,32,1233943467,threshold_sweep,0.1,0.529411764706,0.145161290323,0.227848101266,27,24,159,348,0.145161290323,0.935483870968,0.0645161290323,0.854838709677,0.529411764706,0.145161290323,0.227848101266,0.672043010753,0.636200716846,0.0985221674877,0.131921988571,0.0806451612903,342,156,186,0,342,0,156,0,186,37,342,0.256756756757,1.72528881811,18.4864864865,15.5454545455,9.77142857143,5.36771015539,0.290358590277,0.142642642643,9.50849154237,1.02869645341,0.544491860281,8.05331334643,0.871264894205,0.461830251304,0.640599570326,0.371299902718,2,1.72528881811,0.640599570326,2,0.344071394247,0.376569037657,810,0.104247104247,0.56957682835,37,37,37,1,0,0.405405405405,0.540540540541,0.0540540540541,37,0.117117117117,2.18481481481,8.43243243243,7.09090909091,4.45714285714,5.03620525429,0.597242289772,0.326923076923,6.00062559301,1.42322530091,0.680526680527,3.83793300225,0.910278981302,0.463617463617,1.318977792,0.603702328937,4.32037037037,2.18481481481,1.318977792,4.32037037037,0,0,0,0,0.160896782956,37,37,37,1,0,0.405405405405,0.540540540541,0.0540540540541,37,207,0.155405405405,7.81147830182,11.1891891892,6.9,5.59459459459,4.99353936957,0.446282504044,0.236714975845,5.91823669056,1.05784907029,0.556991774383,3.63974556085,0.650582539863,0.354876615746,3.63377938145,0.465184596442,9.90333803762,7.81147830182,3.63377938145,9.90333803762,0.160782763337,0.118338229123,94,0.0120978120978,0.193045025368,37,37,37,1,0,0.189189189189,0.810810810811,0,-135,-0.101351351351,6.08618948371,-7.2972972973,-8.64545454545,-4.17683397683,-0.374170785824,0.155923913766,0.0940723332028,-3.59025485181,0.0291526168791,0.0124999141017,-4.41356778558,-0.220682354342,-0.106953635558,2.99317981112,0.0938846937244,7.90333803762,6.08618948371,2.99317981112,7.90333803762,-0.18328863091,-0.258230808534,-716,-0.0921492921493,-0.376531802982,-0.216216216216,0.27027027027,-0.0540540540541,183,24,159,966,0.535087719298,0.975757575758,0.0242424242424,0.464912280702,0.884057971014,0.535087719298,0.666666666667,0.615968657223,0.510845295056,0.5,51,186,0,0,0,0
281,WLNM_dir_neg,0.476854260608,0.381499167912,00:00:14,10,10,32,1233943467,threshold_sweep,0.2,0.631578947368,0.129032258065,0.214285714286,24,14,162,358,0.129032258065,0.962365591398,0.0376344086022,0.870967741935,0.631578947368,0.129032258065,0.214285714286,0.68458781362,0.643966547192,0.114093959732,0.171029272774,0.0913978494624,342,156,186,0,342,0,156,0,186,37,342,0.256756756757,1.72528881811,18.4864864865,15.5454545455,9.77142857143,5.36771015539,0.290358590277,0.142642642643,9.50849154237,1.02869645341,0.544491860281,8.05331334643,0.871264894205,0.461830251304,0.640599570326,0.371299902718,2,1.72528881811,0.640599570326,2,0.344071394247,0.376569037657,810,0.104247104247,0.56957682835,37,37,37,1,0,0.405405405405,0.540540540541,0.0540540540541,37,0.117117117117,2.18481481481,8.43243243243,7.09090909091,4.45714285714,5.03620525429,0.597242289772,0.326923076923,6.00062559301,1.42322530091,0.680526680527,3.83793300225,0.910278981302,0.463617463617,1.318977792,0.603702328937,4.32037037037,2.18481481481,1.318977792,4.32037037037,0,0,0,0,0.160896782956,37,37,37,1,0,0.405405405405,0.540540540541,0.0540540540541,37,194,0.145645645646,2.63813297827,10.4864864865,8.4347826087,5.24324324324,4.70000958404,0.448196790231,0.238088604068,6.02036084838,1.1482131515,0.601003064921,3.46735093732,0.661298890107,0.359988854834,1.6503161232,0.625562144438,4.4700877071,2.63813297827,1.6503161232,4.4700877071,0.122577592082,0.0681818181818,48,0.00617760617761,0.197599297164,37,37,37,1,0,0.378378378378,0.621621621622,0,-148,-0.111111111111,0.912844160154,-8,-7.11067193676,-4.52818532819,-0.667700571351,0.157838199954,0.0954459614253,-3.48813069399,0.119516698081,0.0565112046393,-4.58596240912,-0.209966004098,-0.10184139647,1.00971655287,0.25426224172,2.4700877071,0.912844160154,1.00971655287,2.4700877071,-0.221493802165,-0.308387219475,-762,-0.0980694980695,-0.371977531185,-0.027027027027,0.0810810810811,-0.0540540540541,180,14,162,976,0.526315789474,0.985858585859,0.0141414141414,0.473684210526,0.927835051546,0.526315789474,0.671641791045,0.634273403381,0.512174375332,0.505617977528,38,186,0,0,0,0
282,WLNM_dir_neg,0.476854260608,0.381499167912,00:00:14,10,10,32,1233943467,threshold_sweep,0.3,0.638888888889,0.123655913978,0.207207207207,23,13,163,359,0.123655913978,0.965053763441,0.0349462365591,0.876344086022,0.638888888889,0.123655913978,0.207207207207,0.68458781362,0.645161290323,0.111111111111,0.170220726662,0.0887096774194,342,156,186,0,342,0,156,0,186,37,342,0.256756756757,1.72528881811,18.4864864865,15.5454545455,9.77142857143,5.36771015539,0.290358590277,0.142642642643,9.50849154237,1.02869645341,0.544491860281,8.05331334643,0.871264894205,0.461830251304,0.640599570326,0.371299902718,2,1.72528881811,0.640599570326,2,0.344071394247,0.376569037657,810,0.104247104247,0.56957682835,37,37,37,1,0,0.405405405405,0.540540540541,0.0540540540541,37,0.117117117117,2.18481481481,8.43243243243,7.09090909091,4.45714285714,5.03620525429,0.597242289772,0.326923076923,6.00062559301,1.42322530091,0.680526680527,3.83793300225,0.910278981302,0.463617463617,1.318977792,0.603702328937,4.32037037037,2.18481481481,1.318977792,4.32037037037,0,0,0,0,0.160896782956,37,37,37,1,0,0.405405405405,0.540540540541,0.0540540540541,37,192,0.144144144144,2.62509457839,10.3783783784,8.34782608696,5.18918918919,4.75132350773,0.457809817151,0.244228603604,6.04537397905,1.16499394388,0.607263513514,3.478807569,0.670395208609,0.36402027027,1.63065262474,0.621178618921,4.36822249787,2.62509457839,1.63065262474,4.36822249787,0.11385413599,0.0604316546763,42,0.00540540540541,0.197850147479,37,37,37,1,0,0.378378378378,0.621621621622,0,-150,-0.112612612613,0.899805760279,-8.10810810811,-7.1976284585,-4.58223938224,-0.616386647667,0.167451226874,0.101585960961,-3.46311756333,0.136297490464,0.0627716532322,-4.57450577744,-0.200869685596,-0.0978099810337,0.990053054417,0.249878716203,2.36822249787,0.899805760279,0.990053054417,2.36822249787,-0.230217258257,-0.316137382981,-768,-0.0988416988417,-0.371726680871,-0.027027027027,0.0810810810811,-0.0540540540541,179,13,163,977,0.523391812865,0.986868686869,0.0131313131313,0.476608187135,0.932291666667,0.523391812865,0.670411985019,0.634628483609,0.510260499734,0.504225352113,36,186,0,0,0,0
283,WLNM_dir_neg,0.476854260608,0.381499167912,00:00:14,10,10,32,1233943467,threshold_sweep,0.4,0.647058823529,0.118279569892,0.2,22,12,164,360,0.118279569892,0.967741935484,0.0322580645161,0.881720430108,0.647058823529,0.118279569892,0.2,0.68458781362,0.646356033453,0.108108108108,0.169523487583,0.0860215053763,342,156,186,0,342,0,156,0,186,37,342,0.256756756757,1.72528881811,18.4864864865,15.5454545455,9.77142857143,5.36771015539,0.290358590277,0.142642642643,9.50849154237,1.02869645341,0.544491860281,8.05331334643,0.871264894205,0.461830251304,0.640599570326,0.371299902718,2,1.72528881811,0.640599570326,2,0.344071394247,0.376569037657,810,0.104247104247,0.56957682835,37,37,37,1,0,0.405405405405,0.540540540541,0.0540540540541,37,0.117117117117,2.18481481481,8.43243243243,7.09090909091,4.45714285714,5.03620525429,0.597242289772,0.326923076923,6.00062559301,1.42322530091,0.680526680527,3.83793300225,0.910278981302,0.463617463617,1.318977792,0.603702328937,4.32037037037,2.18481481481,1.318977792,4.32037037037,0,0,0,0,0.160896782956,37,37,37,1,0,0.405405405405,0.540540540541,0.0540540540541,37,190,0.142642642643,2.64665331041,10.2702702703,8.26086956522,5.13513513514,4.61668861998,0.449519681419,0.239687055477,6.01923842618,1.17216748299,0.609672830725,3.48139628886,0.67795611941,0.366714082504,1.65896979507,0.626817947234,4.50797015552,2.64665331041,1.65896979507,4.50797015552,0.108158077663,0.0518006906759,35,0.0045045045045,0.195129273711,37,37,37,1,0,0.378378378378,0.621621621622,0,-152,-0.114114114114,0.921364492294,-8.21621621622,-7.28458498024,-4.63629343629,-0.751021535418,0.159161091142,0.0970444128339,-3.48925311619,0.143471029579,0.0651809704441,-4.57191705757,-0.193308774794,-0.0951161688004,1.01837022475,0.255518044517,2.50797015552,0.921364492294,1.01837022475,2.50797015552,-0.235913316585,-0.324768346981,-775,-0.0997425997426,-0.374447554639,-0.027027027027,0.0810810810811,-0.0540540540541,178,12,164,978,0.520467836257,0.987878787879,0.0121212121212,0.479532163743,0.936842105263,0.520467836257,0.669172932331,0.635010259072,0.508346624136,0.502824858757,34,186,0,0,0,0
284,WLNM_dir_neg,0.476854260608,0.381499167912,00:00:14,10,10,32,1233943467,threshold_sweep,0.5,0.647058823529,0.118279569892,0.2,22,12,164,360,0.118279569892,0.967741935484,0.0322580645161,0.881720430108,0.647058823529,0.118279569892,0.2,0.68458781362,0.646356033453,0.108108108108,0.169523487583,0.0860215053763,342,156,186,0,342,0,156,0,186,37,342,0.256756756757,1.72528881811,18.4864864865,15.5454545455,9.77142857143,5.36771015539,0.290358590277,0.142642642643,9.50849154237,1.02869645341,0.544491860281,8.05331334643,0.871264894205,0.461830251304,0.640599570326,0.371299902718,2,1.72528881811,0.640599570326,2,0.344071394247,0.376569037657,810,0.104247104247,0.56957682835,37,37,37,1,0,0.405405405405,0.540540540541,0.0540540540541,37,0.117117117117,2.18481481481,8.43243243243,7.09090909091,4.45714285714,5.03620525429,0.597242289772,0.326923076923,6.00062559301,1.42322530091,0.680526680527,3.83793300225,0.910278981302,0.463617463617,1.318977792,0.603702328937,4.32037037037,2.18481481481,1.318977792,4.32037037037,0,0,0,0,0.160896782956,37,37,37,1,0,0.405405405405,0.540540540541,0.0540540540541,37,190,0.142642642643,2.64665331041,10.2702702703,8.26086956522,5.13513513514,4.61668861998,0.449519681419,0.239687055477,6.01923842618,1.17216748299,0.609672830725,3.48139628886,0.67795611941,0.366714082504,1.65896979507,0.626817947234,4.50797015552,2.64665331041,1.65896979507,4.50797015552,0.108158077663,0.0518006906759,35,0.0045045045045,0.195129273711,37,37,37,1,0,0.378378378378,0.621621621622,0,-152,-0.114114114114,0.921364492294,-8.21621621622,-7.28458498024,-4.63629343629,-0.751021535418,0.159161091142,0.0970444128339,-3.48925311619,0.143471029579,0.0651809704441,-4.57191705757,-0.193308774794,-0.0951161688004,1.01837022475,0.255518044517,2.50797015552,0.921364492294,1.01837022475,2.50797015552,-0.235913316585,-0.324768346981,-775,-0.0997425997426,-0.374447554639,-0.027027027027,0.0810810810811,-0.0540540540541,178,12,164,978,0.520467836257,0.987878787879,0.0121212121212,0.479532163743,0.936842105263,0.520467836257,0.669172932331,0.635010259072,0.508346624136,0.502824858757,34,186,0,0,0,0
285,WLNM_dir_neg,0.476854260608,0.381499167912,00:00:14,10,10,32,1233943467,threshold_sweep,0.6,0.647058823529,0.118279569892,0.2,22,12,164,360,0.118279569892,0.967741935484,0.0322580645161,0.881720430108,0.647058823529,0.118279569892,0.2,0.68458781362,0.646356033453,0.108108108108,0.169523487583,0.0860215053763,342,156,186,0,342,0,156,0,186,37,342,0.256756756757,1.72528881811,18.4864864865,15.5454545455,9.77142857143,5.36771015539,0.290358590277,0.142642642643,9.50849154237,1.02869645341,0.544491860281,8.05331334643,0.871264894205,0.461830251304,0.640599570326,0.371299902718,2,1.72528881811,0.640599570326,2,0.344071394247,0.376569037657,810,0.104247104247,0.56957682835,37,37,37,1,0,0.405405405405,0.540540540541,0.0540540540541,37,0.117117117117,2.18481481481,8.43243243243,7.09090909091,4.45714285714,5.03620525429,0.597242289772,0.326923076923,6.00062559301,1.42322530091,0.680526680527,3.83793300225,0.910278981302,0.463617463617,1.318977792,0.603702328937,4.32037037037,2.18481481481,1.318977792,4.32037037037,0,0,0,0,0.160896782956,37,37,37,1,0,0.405405405405,0.540540540541,0.0540540540541,37,190,0.142642642643,2.64665331041,10.2702702703,8.26086956522,5.13513513514,4.61668861998,0.449519681419,0.239687055477,6.01923842618,1.17216748299,0.609672830725,3.48139628886,0.67795611941,0.366714082504,1.65896979507,0.626817947234,4.50797015552,2.64665331041,1.65896979507,4.50797015552,0.108158077663,0.0518006906759,35,0.0045045045045,0.195129273711,37,37,37,1,0,0.378378378378,0.621621621622,0,-152,-0.114114114114,0.921364492294,-8.21621621622,-7.28458498024,-4.63629343629,-0.751021535418,0.159161091142,0.0970444128339,-3.48925311619,0.143471029579,0.0651809704441,-4.57191705757,-0.193308774794,-0.0951161688004,1.01837022475,0.255518044517,2.50797015552,0.921364492294,1.01837022475,2.50797015552,-0.235913316585,-0.324768346981,-775,-0.0997425997426,-0.374447554639,-0.027027027027,0.0810810810811,-0.0540540540541,178,12,164,978,0.520467836257,0.987878787879,0.0121212121212,0.479532163743,0.936842105263,0.520467836257,0.669172932331,0.635010259072,0.508346624136,0.502824858757,34,186,0,0,0,0
286,WLNM_dir_neg,0.476854260608,0.381499167912,00:00:14,10,10,32,1233943467,threshold_sweep,0.7,0.709677419355,0.118279569892,0.202764976959,22,9,164,363,0.118279569892,0.975806451613,0.0241935483871,0.881720430108,0.709677419355,0.118279569892,0.202764976959,0.689964157706,0.648148148148,0.118845500849,0.193627434838,0.0940860215054,342,156,186,0,342,0,156,0,186,37,342,0.256756756757,1.72528881811,18.4864864865,15.5454545455,9.77142857143,5.36771015539,0.290358590277,0.142642642643,9.50849154237,1.02869645341,0.544491860281,8.05331334643,0.871264894205,0.461830251304,0.640599570326,0.371299902718,2,1.72528881811,0.640599570326,2,0.344071394247,0.376569037657,810,0.104247104247,0.56957682835,37,37,37,1,0,0.405405405405,0.540540540541,0.0540540540541,37,0.117117117117,2.18481481481,8.43243243243,7.09090909091,4.45714285714,5.03620525429,0.597242289772,0.326923076923,6.00062559301,1.42322530091,0.680526680527,3.83793300225,0.910278981302,0.463617463617,1.318977792,0.603702328937,4.32037037037,2.18481481481,1.318977792,4.32037037037,0,0,0,0,0.160896782956,37,37,37,1,0,0.405405405405,0.540540540541,0.0540540540541,37,187,0.14039039039,3.01891001869,10.1081081081,8.13043478261,5.19444444444,4.54473922845,0.449613239179,0.240208122561,5.99974974453,1.18711625961,0.615406850701,3.5429581641,0.701013112683,0.379245555716,2.13900624778,0.70853593997,6,3.01891001869,2.13900624778,6,0.108264216933,0.0497987927565,33,0.0042471042471,0.193998581079,37,37,37,1,0,0.378378378378,0.594594594595,0.027027027027,-155,-0.116366366366,1.29362120058,-8.37837837838,-7.41501976285,-4.57698412698,-0.822970926939,0.159254648902,0.0975654799184,-3.50874179784,0.158419806198,0.0709149904196,-4.51035518234,-0.170251781522,-0.0825846955878,1.49840667745,0.337236037252,4,1.29362120058,1.49840667745,4,-0.235807177314,-0.3267702449,-777,-0.1,-0.375578247271,-0.027027027027,0.0540540540541,-0.027027027027,178,9,164,981,0.520467836257,0.990909090909,0.00909090909091,0.479532163743,0.951871657754,0.520467836257,0.672967863894,0.643055168086,0.511376927166,0.507122507123,31,186,0,0,0,0
287,WLNM_dir_neg,0.476854260608,0.381499167912,00:00:14,10,10,32,1233943467,threshold_sweep,0.8,0.740740740741,0.10752688172,0.18779342723,20,7,166,365,0.10752688172,0.981182795699,0.0188172043011,0.89247311828,0.740740740741,0.10752688172,0.18779342723,0.689964157706,0.650537634409,0.112820512821,0.194881134599,0.0887096774194,342,156,186,0,342,0,156,0,186,37,342,0.256756756757,1.72528881811,18.4864864865,15.5454545455,9.77142857143,5.36771015539,0.290358590277,0.142642642643,9.50849154237,1.02869645341,0.544491860281,8.05331334643,0.871264894205,0.461830251304,0.640599570326,0.371299902718,2,1.72528881811,0.640599570326,2,0.344071394247,0.376569037657,810,0.104247104247,0.56957682835,37,37,37,1,0,0.405405405405,0.540540540541,0.0540540540541,37,0.117117117117,2.18481481481,8.43243243243,7.09090909091,4.45714285714,5.03620525429,0.597242289772,0.326923076923,6.00062559301,1.42322530091,0.680526680527,3.83793300225,0.910278981302,0.463617463617,1.318977792,0.603702328937,4.32037037037,2.18481481481,1.318977792,4.32037037037,0,0,0,0,0.160896782956,37,37,37,1,0,0.405405405405,0.540540540541,0.0540540540541,37,183,0.137387387387,3.01098026913,9.89189189189,7.95652173913,5.08333333333,4.61148194898,0.46618806588,0.251809186235,5.98120178349,1.2093140218,0.621473932949,3.60513480982,0.728907038052,0.391670358883,2.13189654,0.708040687564,6,3.01098026913,2.13189654,6,0.109499902379,0.0389004149378,25,0.0032175032175,0.192377890787,37,37,37,1,0,0.378378378378,0.594594594595,0.027027027027,-159,-0.119369369369,1.28569145101,-8.59459459459,-7.58893280632,-4.6880952381,-0.756228206414,0.175829475603,0.109166543593,-3.52728975889,0.180617568383,0.076982072668,-4.44817853661,-0.142357856153,-0.0701598924205,1.49129696967,0.336740784846,4,1.28569145101,1.49129696967,4,-0.234571491868,-0.337668622719,-785,-0.10102960103,-0.377198937563,-0.027027027027,0.0540540540541,-0.027027027027,176,7,166,983,0.514619883041,0.992929292929,0.00707070707071,0.485380116959,0.96174863388,0.514619883041,0.670476190476,0.644055388527,0.50754917597,0.504297994269,27,186,0,0,0,0
288,WLNM_dir_neg,0.476854260608,0.381499167912,00:00:14,10,10,32,1233943467,threshold_sweep,0.9,0.730769230769,0.102150537634,0.179245283019,19,7,167,365,0.102150537634,0.981182795699,0.0188172043011,0.897849462366,0.730769230769,0.102150537634,0.179245283019,0.688172043011,0.651135005974,0.106164383562,0.18638210222,0.0833333333333,342,156,186,0,342,0,156,0,186,37,342,0.256756756757,1.72528881811,18.4864864865,15.5454545455,9.77142857143,5.36771015539,0.290358590277,0.142642642643,9.50849154237,1.02869645341,0.544491860281,8.05331334643,0.871264894205,0.461830251304,0.640599570326,0.371299902718,2,1.72528881811,0.640599570326,2,0.344071394247,0.376569037657,810,0.104247104247,0.56957682835,37,37,37,1,0,0.405405405405,0.540540540541,0.0540540540541,37,0.117117117117,2.18481481481,8.43243243243,7.09090909091,4.45714285714,5.03620525429,0.597242289772,0.326923076923,6.00062559301,1.42322530091,0.680526680527,3.83793300225,0.910278981302,0.463617463617,1.318977792,0.603702328937,4.32037037037,2.18481481481,1.318977792,4.32037037037,0,0,0,0,0.160896782956,37,37,37,1,0,0.405405405405,0.540540540541,0.0540540540541,37,182,0.136636636637,3.0067979044,9.83783783784,7.91304347826,5.05555555556,4.63389393199,0.471027679901,0.253935253935,5.95995142774,1.21163847707,0.622512622513,3.62382838061,0.736712363092,0.395307395307,2.12785863776,0.707682626308,6,3.0067979044,2.12785863776,6,0.105311195559,0.0344647519582,22,0.0028314028314,0.192187172415,37,37,37,1,0,0.378378378378,0.594594594595,0.027027027027,-160,-0.12012012012,1.28150908628,-8.64864864865,-7.63241106719,-4.71587301587,-0.733816223399,0.180669089623,0.111292611293,-3.54854011463,0.182942023653,0.0780207622313,-4.42948496582,-0.134552531113,-0.0665228559965,1.48725906743,0.33638272359,4,1.28150908628,1.48725906743,4,-0.238760198689,-0.342104285699,-788,-0.101415701416,-0.377389655935,-0.027027027027,0.0540540540541,-0.027027027027,175,7,167,983,0.511695906433,0.992929292929,0.00707070707071,0.488304093567,0.961538461538,0.511695906433,0.667938931298,0.641822547758,0.504625199362,0.501432664756,26,186,0,0,0,0
289,WLNM_dir_neg,0.479470169962,0.36413377258,00:00:13,10,10,33,1233943468,threshold_sweep,0.1,0.58064516129,0.0967741935484,0.165898617512,18,13,168,359,0.0967741935484,0.965053763441,0.0349462365591,0.903225806452,0.58064516129,0.0967741935484,0.165898617512,0.675627240143,0.648148148148,0.0780984719864,0.127240885751,0.0618279569892,342,156,186,0,342,0,156,0,186,37,342,0.256756756757,1.72528881811,18.4864864865,15.5454545455,9.77142857143,5.36771015539,0.290358590277,0.142642642643,9.50849154237,1.02869645341,0.544491860281,8.05331334643,0.871264894205,0.461830251304,0.640599570326,0.371299902718,2,1.72528881811,0.640599570326,2,0.344071394247,0.376569037657,810,0.104247104247,0.56957682835,37,37,37,1,0,0.405405405405,0.540540540541,0.0540540540541,37,0.117117117117,2.22747747748,8.43243243243,7.09090909091,4.45714285714,5.03620525429,0.597242289772,0.326923076923,6.00525295579,1.42432281644,0.680873180873,3.83793300225,0.910278981302,0.463617463617,1.42084529335,0.637871901162,5.2,2.22747747748,1.42084529335,5.2,0,0,0,0,0.160752482811,37,37,37,1,0,0.405405405405,0.540540540541,0.0540540540541,37,187,0.14039039039,3.96747176823,10.1081081081,7.19230769231,5.19444444444,4.72454456232,0.467401467395,0.253360312184,5.96725297839,1.18068641818,0.601821072409,3.44759131654,0.682143736428,0.371730018789,2.32156267366,0.585149135087,6.22222496203,3.96747176823,2.32156267366,6.22222496203,0.164144031946,0.0526059425231,36,0.0046332046332,0.164599403864,37,37,37,1,0,0.297297297297,0.675675675676,0.027027027027,-155,-0.116366366366,2.24218295012,-8.37837837838,-8.35314685315,-4.57698412698,-0.643165593076,0.177042877118,0.110717669541,-3.54123856398,0.151989964769,0.057329212128,-4.60572202989,-0.189121157777,-0.0901002325151,1.68096310334,0.213849232369,4.22222496203,2.24218295012,1.68096310334,4.22222496203,-0.179927362302,-0.323963095134,-774,-0.0996138996139,-0.404977424486,-0.108108108108,0.135135135135,-0.027027027027,174,13,168,977,0.508771929825,0.986868686869,0.0131313131313,0.491228070175,0.930481283422,0.508771929825,0.657844990548,0.623266798219,0.495640616693,0.49014084507,31,186,0,0,0,0
290,WLNM_dir_neg,0.479470169962,0.36413377258,00:00:13,10,10,33,1233943468,threshold_sweep,0.2,0.576923076923,0.0806451612903,0.141509433962,15,11,171,361,0.0806451612903,0.970430107527,0.0295698924731,0.91935483871,0.576923076923,0.0806451612903,0.141509433962,0.673835125448,0.651135005974,0.0650684931507,0.114234191683,0.0510752688172,342,156,186,0,342,0,156,0,186,37,342,0.256756756757,1.72528881811,18.4864864865,15.5454545455,9.77142857143,5.36771015539,0.290358590277,0.142642642643,9.50849154237,1.02869645341,0.544491860281,8.05331334643,0.871264894205,0.461830251304,0.640599570326,0.371299902718,2,1.72528881811,0.640599570326,2,0.344071394247,0.376569037657,810,0.104247104247,0.56957682835,37,37,37,1,0,0.405405405405,0.540540540541,0.0540540540541,37,0.117117117117,2.22747747748,8.43243243243,7.09090909091,4.45714285714,5.03620525429,0.597242289772,0.326923076923,6.00525295579,1.42432281644,0.680873180873,3.83793300225,0.910278981302,0.463617463617,1.42084529335,0.637871901162,5.2,2.22747747748,1.42084529335,5.2,0,0,0,0,0.160752482811,37,37,37,1,0,0.405405405405,0.540540540541,0.0540540540541,37,182,0.136636636637,3.97876412898,9.83783783784,7,5.05555555556,4.82766054174,0.490723736386,0.266557766558,5.89433993279,1.19829987645,0.611226611227,3.5697679537,0.725722056521,0.392634392634,2.33482882919,0.586822629717,6.34576337867,3.97876412898,2.33482882919,6.34576337867,0.14574901386,0.040971168437,27,0.0034749034749,0.163620588712,37,37,37,1,0,0.297297297297,0.675675675676,0.027027027027,-160,-0.12012012012,2.25347531086,-8.64864864865,-8.54545454545,-4.71587301587,-0.54004961365,0.200365146109,0.123915123915,-3.61415160959,0.169603423031,0.0667347509453,-4.48354539274,-0.145542837684,-0.0691958586695,1.69422925886,0.215522726999,4.34576337867,2.25347531086,1.69422925886,4.34576337867,-0.198322380387,-0.33559786922,-783,-0.100772200772,-0.405956239637,-0.108108108108,0.135135135135,-0.027027027027,171,11,171,979,0.5,0.988888888889,0.0111111111111,0.5,0.93956043956,0.5,0.652671755725,0.621807853896,0.488888888889,0.484419263456,26,186,0,0,0,0
291,WLNM_dir_neg,0.479470169962,0.36413377258,00:00:13,10,10,33,1233943468,threshold_sweep,0.3,0.666666666667,0.0645161290323,0.117647058824,12,6,174,366,0.0645161290323,0.983870967742,0.0161290322581,0.935483870968,0.666666666667,0.0645161290323,0.117647058824,0.677419354839,0.655913978495,0.0625,0.129099444874,0.0483870967742,342,156,186,0,342,0,156,0,186,37,342,0.256756756757,1.72528881811,18.4864864865,15.5454545455,9.77142857143,5.36771015539,0.290358590277,0.142642642643,9.50849154237,1.02869645341,0.544491860281,8.05331334643,0.871264894205,0.461830251304,0.640599570326,0.371299902718,2,1.72528881811,0.640599570326,2,0.344071394247,0.376569037657,810,0.104247104247,0.56957682835,37,37,37,1,0,0.405405405405,0.540540540541,0.0540540540541,37,0.117117117117,2.22747747748,8.43243243243,7.09090909091,4.45714285714,5.03620525429,0.597242289772,0.326923076923,6.00525295579,1.42432281644,0.680873180873,3.83793300225,0.910278981302,0.463617463617,1.42084529335,0.637871901162,5.2,2.22747747748,1.42084529335,5.2,0,0,0,0,0.160752482811,37,37,37,1,0,0.405405405405,0.540540540541,0.0540540540541,37,174,0.130630630631,2.50004245317,9.40540540541,7.5652173913,4.83333333333,4.77528044237,0.507716598758,0.270114942529,5.91074757852,1.25688310578,0.636222429326,3.61220819556,0.768113236986,0.410065237651,1.51538775306,0.606144808116,4.40898368607,2.50004245317,1.51538775306,4.40898368607,0.113745944087,0.0211956521739,13,0.0016731016731,0.17274158196,37,37,37,1,0,0.378378378378,0.594594594595,0.027027027027,-168,-0.126126126126,0.774753635053,-9.08108108108,-7.98023715415,-4.9380952381,-0.592429713021,0.217358008481,0.127472299886,-3.59774396386,0.228186652362,0.0917305690445,-4.44110515088,-0.103151657219,-0.0517650136525,0.874788182731,0.234844905398,2.40898368607,0.774753635053,0.874788182731,2.40898368607,-0.230325450161,-0.355373385483,-797,-0.102574002574,-0.39683524639,-0.027027027027,0.0540540540541,-0.027027027027,168,6,174,984,0.491228070175,0.993939393939,0.00606060606061,0.508771929825,0.965517241379,0.491228070175,0.651162790698,0.628917117663,0.485167464115,0.48275862069,18,186,0,0,0,0
292,WLNM_dir_neg,0.479470169962,0.36413377258,00:00:13,10,10,33,1233943468,threshold_sweep,0.4,0.705882352941,0.0645161290323,0.118226600985,12,5,174,367,0.0645161290323,0.986559139785,0.0134408602151,0.935483870968,0.705882352941,0.0645161290323,0.118226600985,0.679211469534,0.65651135006,0.0660869565217,0.140092701411,0.0510752688172,342,156,186,0,342,0,156,0,186,37,342,0.256756756757,1.72528881811,18.4864864865,15.5454545455,9.77142857143,5.36771015539,0.290358590277,0.142642642643,9.50849154237,1.02869645341,0.544491860281,8.05331334643,0.871264894205,0.461830251304,0.640599570326,0.371299902718,2,1.72528881811,0.640599570326,2,0.344071394247,0.376569037657,810,0.104247104247,0.56957682835,37,37,37,1,0,0.405405405405,0.540540540541,0.0540540540541,37,0.117117117117,2.22747747748,8.43243243243,7.09090909091,4.45714285714,5.03620525429,0.597242289772,0.326923076923,6.00525295579,1.42432281644,0.680873180873,3.83793300225,0.910278981302,0.463617463617,1.42084529335,0.637871901162,5.2,2.22747747748,1.42084529335,5.2,0,0,0,0,0.160752482811,37,37,37,1,0,0.405405405405,0.540540540541,0.0540540540541,37,173,0.12987987988,2.4930457243,9.35135135135,7.52173913043,4.80555555556,4.74468249855,0.50737934233,0.27073894704,5.92571633763,1.26734973695,0.639900015623,3.62900395008,0.776145353485,0.412748008124,1.5069903049,0.604477603523,4.40101410935,2.4930457243,1.5069903049,4.40101410935,0.114084097366,0.019801980198,12,0.0015444015444,0.171057034624,37,37,37,1,0,0.378378378378,0.594594594595,0.027027027027,-169,-0.126876876877,0.767756906181,-9.13513513514,-8.02371541502,-4.96587301587,-0.623027656847,0.217020752053,0.128096304397,-3.58277520474,0.238653283536,0.0954081553412,-4.42430939636,-0.0951195407203,-0.0490822431802,0.86639073457,0.233177700805,2.40101410935,0.767756906181,0.86639073457,2.40101410935,-0.229987296882,-0.356767057459,-798,-0.102702702703,-0.398519793726,-0.027027027027,0.0540540540541,-0.027027027027,168,5,174,985,0.491228070175,0.994949494949,0.00505050505051,0.508771929825,0.971098265896,0.491228070175,0.652427184466,0.631772612266,0.486177565125,0.484149855908,17,186,0,0,0,0
293,WLNM_dir_neg,0.479470169962,0.36413377258,00:00:13,10,10,33,1233943468,threshold_sweep,0.5,0.6875,0.0591397849462,0.108910891089,11,5,175,367,0.0591397849462,0.986559139785,0.0134408602151,0.940860215054,0.6875,0.0591397849462,0.108910891089,0.677419354839,0.657108721625,0.0592334494774,0.129084557087,0.0456989247312,342,156,186,0,342,0,156,0,186,37,342,0.256756756757,1.72528881811,18.4864864865,15.5454545455,9.77142857143,5.36771015539,0.290358590277,0.142642642643,9.50849154237,1.02869645341,0.544491860281,8.05331334643,0.871264894205,0.461830251304,0.640599570326,0.371299902718,2,1.72528881811,0.640599570326,2,0.344071394247,0.376569037657,810,0.104247104247,0.56957682835,37,37,37,1,0,0.405405405405,0.540540540541,0.0540540540541,37,0.117117117117,2.22747747748,8.43243243243,7.09090909091,4.45714285714,5.03620525429,0.597242289772,0.326923076923,6.00525295579,1.42432281644,0.680873180873,3.83793300225,0.910278981302,0.463617463617,1.42084529335,0.637871901162,5.2,2.22747747748,1.42084529335,5.2,0,0,0,0,0.160752482811,37,37,37,1,0,0.405405405405,0.540540540541,0.0540540540541,37,172,0.129129129129,2.54708815959,9.2972972973,7.47826086957,4.77777777778,4.71913872124,0.507581781063,0.271841609051,5.94052100323,1.27790277395,0.643306096794,3.6302449888,0.780924794101,0.414519170333,1.58783572641,0.623392527831,4.64338624339,2.54708815959,1.58783572641,4.64338624339,0.12118066762,0.0183639398998,11,0.0014157014157,0.167725583466,37,37,37,1,0,0.378378378378,0.594594594595,0.027027027027,-170,-0.127627627628,0.821799341473,-9.18918918919,-8.06719367589,-4.99365079365,-0.648571434157,0.217223190786,0.129198966408,-3.56797053915,0.249206320535,0.0988142365131,-4.42306835764,-0.0903401001034,-0.0473110809708,0.947236156088,0.252092625113,2.64338624339,0.821799341473,0.947236156088,2.64338624339,-0.222890726627,-0.358205097757,-799,-0.102831402831,-0.401851244884,-0.027027027027,0.0540540540541,-0.027027027027,167,5,175,985,0.488304093567,0.994949494949,0.00505050505051,0.511695906433,0.970930232558,0.488304093567,0.649805447471,0.629524330653,0.483253588517,0.481268011527,16,186,0,0,0,0
294,WLNM_dir_neg,0.479470169962,0.36413377258,00:00:13,10,10,33,1233943468,threshold_sweep,0.6,0.6875,0.0591397849462,0.108910891089,11,5,175,367,0.0591397849462,0.986559139785,0.0134408602151,0.940860215054,0.6875,0.0591397849462,0.108910891089,0.677419354839,0.657108721625,0.0592334494774,0.129084557087,0.0456989247312,342,156,186,0,342,0,156,0,186,37,342,0.256756756757,1.72528881811,18.4864864865,15.5454545455,9.77142857143,5.36771015539,0.290358590277,0.142642642643,9.50849154237,1.02869645341,0.544491860281,8.05331334643,0.871264894205,0.461830251304,0.640599570326,0.371299902718,2,1.72528881811,0.640599570326,2,0.344071394247,0.376569037657,810,0.104247104247,0.56957682835,37,37,37,1,0,0.405405405405,0.540540540541,0.0540540540541,37,0.117117117117,2.22747747748,8.43243243243,7.09090909091,4.45714285714,5.03620525429,0.597242289772,0.326923076923,6.00525295579,1.42432281644,0.680873180873,3.83793300225,0.910278981302,0.463617463617,1.42084529335,0.637871901162,5.2,2.22747747748,1.42084529335,5.2,0,0,0,0,0.160752482811,37,37,37,1,0,0.405405405405,0.540540540541,0.0540540540541,37,172,0.129129129129,2.54708815959,9.2972972973,7.47826086957,4.77777777778,4.71913872124,0.507581781063,0.271841609051,5.94052100323,1.27790277395,0.643306096794,3.6302449888,0.780924794101,0.414519170333,1.58783572641,0.623392527831,4.64338624339,2.54708815959,1.58783572641,4.64338624339,0.12118066762,0.0183639398998,11,0.0014157014157,0.167725583466,37,37,37,1,0,0.378378378378,0.594594594595,0.027027027027,-170,-0.127627627628,0.821799341473,-9.18918918919,-8.06719367589,-4.99365079365,-0.648571434157,0.217223190786,0.129198966408,-3.56797053915,0.249206320535,0.0988142365131,-4.42306835764,-0.0903401001034,-0.0473110809708,0.947236156088,0.252092625113,2.64338624339,0.821799341473,0.947236156088,2.64338624339,-0.222890726627,-0.358205097757,-799,-0.102831402831,-0.401851244884,-0.027027027027,0.0540540540541,-0.027027027027,167,5,175,985,0.488304093567,0.994949494949,0.00505050505051,0.511695906433,0.970930232558,0.488304093567,0.649805447471,0.629524330653,0.483253588517,0.481268011527,16,186,0,0,0,0
295,WLNM_dir_neg,0.479470169962,0.36413377258,00:00:13,10,10,33,1233943468,threshold_sweep,0.7,0.727272727273,0.0430107526882,0.0812182741117,8,3,178,369,0.0430107526882,0.991935483871,0.00806451612903,0.956989247312,0.727272727273,0.0430107526882,0.0812182741117,0.675627240143,0.66009557945,0.0456942003515,0.118505456811,0.0349462365591,342,156,186,0,342,0,156,0,186,37,342,0.256756756757,1.72528881811,18.4864864865,15.5454545455,9.77142857143,5.36771015539,0.290358590277,0.142642642643,9.50849154237,1.02869645341,0.544491860281,8.05331334643,0.871264894205,0.461830251304,0.640599570326,0.371299902718,2,1.72528881811,0.640599570326,2,0.344071394247,0.376569037657,810,0.104247104247,0.56957682835,37,37,37,1,0,0.405405405405,0.540540540541,0.0540540540541,37,0.117117117117,2.22747747748,8.43243243243,7.09090909091,4.45714285714,5.03620525429,0.597242289772,0.326923076923,6.00525295579,1.42432281644,0.680873180873,3.83793300225,0.910278981302,0.463617463617,1.42084529335,0.637871901162,5.2,2.22747747748,1.42084529335,5.2,0,0,0,0,0.160752482811,37,37,37,1,0,0.405405405405,0.540540540541,0.0540540540541,37,167,0.125375375375,2.13532282282,9.02702702703,7.59090909091,4.63888888889,4.80443363807,0.532227678468,0.288234342127,5.96108501319,1.32071943406,0.656740572908,3.69400130558,0.818431426985,0.429195662729,1.2390911393,0.580282815344,4.20416666667,2.13532282282,1.2390911393,4.20416666667,0.145301183536,0.0171624713959,10,0.001287001287,0.174319222639,37,37,37,1,0,0.405405405405,0.567567567568,0.027027027027,-175,-0.131381381381,0.410034004708,-9.45945945946,-7.95454545455,-5.13253968254,-0.563276517327,0.241869088191,0.145591699484,-3.54740652918,0.292022980646,0.112248712627,-4.35931204085,-0.0528334672195,-0.0326345885753,0.59849156897,0.208982912626,2.20416666667,0.410034004708,0.59849156897,2.20416666667,-0.198770210711,-0.359406566261,-800,-0.10296010296,-0.395257605711,0,0.027027027027,-0.027027027027,164,3,178,987,0.479532163743,0.99696969697,0.0030303030303,0.520467836257,0.982035928144,0.479532163743,0.644400785855,0.628599531422,0.476501860712,0.475362318841,11,186,0,0,0,0
296,WLNM_dir_neg,0.479470169962,0.36413377258,00:00:13,10,10,33,1233943468,threshold_sweep,0.8,0.75,0.0322580645161,0.0618556701031,6,2,180,370,0.0322580645161,0.994623655914,0.00537634408602,0.967741935484,0.75,0.0322580645161,0.0618556701031,0.673835125448,0.661887694146,0.0353356890459,0.106600358178,0.0268817204301,342,156,186,0,342,0,156,0,186,37,342,0.256756756757,1.72528881811,18.4864864865,15.5454545455,9.77142857143,5.36771015539,0.290358590277,0.142642642643,9.50849154237,1.02869645341,0.544491860281,8.05331334643,0.871264894205,0.461830251304,0.640599570326,0.371299902718,2,1.72528881811,0.640599570326,2,0.344071394247,0.376569037657,810,0.104247104247,0.56957682835,37,37,37,1,0,0.405405405405,0.540540540541,0.0540540540541,37,0.117117117117,2.22747747748,8.43243243243,7.09090909091,4.45714285714,5.03620525429,0.597242289772,0.326923076923,6.00525295579,1.42432281644,0.680873180873,3.83793300225,0.910278981302,0.463617463617,1.42084529335,0.637871901162,5.2,2.22747747748,1.42084529335,5.2,0,0,0,0,0.160752482811,37,37,37,1,0,0.405405405405,0.540540540541,0.0540540540541,37,164,0.123123123123,2.11661244578,8.86486486486,7.45454545455,4.68571428571,4.96186659636,0.559722756297,0.304218852999,5.98396255067,1.35004033155,0.664798945287,3.7158858712,0.838340105089,0.440013183916,1.22323679514,0.577921951456,4.13842592593,2.11661244578,1.22323679514,4.13842592593,0.0989211900977,0.00869565217391,5,0.000643500643501,0.171493850065,37,37,37,1,0,0.405405405405,0.540540540541,0.0540540540541,-178,-0.133633633634,0.391323627664,-9.62162162162,-8.09090909091,-5.08571428571,-0.405843559029,0.26936416602,0.161576210357,-3.52452899171,0.321343878139,0.120307085005,-4.33742747523,-0.0329247891163,-0.0218170673883,0.582637224815,0.206622048739,2.13842592593,0.391323627664,0.582637224815,2.13842592593,-0.24515020415,-0.367873385483,-805,-0.103603603604,-0.398082978285,0,0,0,162,2,180,988,0.473684210526,0.99797979798,0.0020202020202,0.526315789474,0.987804878049,0.473684210526,0.640316205534,0.627075802345,0.471664008506,0.470930232558,8,186,0,0,0,0
297,WLNM_dir_neg,0.479470169962,0.36413377258,00:00:13,10,10,33,1233943468,threshold_sweep,0.9,0.833333333333,0.0268817204301,0.0520833333333,5,1,181,371,0.0268817204301,0.997311827957,0.00268817204301,0.97311827957,0.833333333333,0.0268817204301,0.0520833333333,0.673835125448,0.663082437276,0.031914893617,0.110581467116,0.0241935483871,342,156,186,0,342,0,156,0,186,37,342,0.256756756757,1.72528881811,18.4864864865,15.5454545455,9.77142857143,5.36771015539,0.290358590277,0.142642642643,9.50849154237,1.02869645341,0.544491860281,8.05331334643,0.871264894205,0.461830251304,0.640599570326,0.371299902718,2,1.72528881811,0.640599570326,2,0.344071394247,0.376569037657,810,0.104247104247,0.56957682835,37,37,37,1,0,0.405405405405,0.540540540541,0.0540540540541,37,0.117117117117,2.22747747748,8.43243243243,7.09090909091,4.45714285714,5.03620525429,0.597242289772,0.326923076923,6.00525295579,1.42432281644,0.680873180873,3.83793300225,0.910278981302,0.463617463617,1.42084529335,0.637871901162,5.2,2.22747747748,1.42084529335,5.2,0,0,0,0,0.160752482811,37,37,37,1,0,0.405405405405,0.540540540541,0.0540540540541,37,162,0.121621621622,2.11399399399,8.75675675676,7.36363636364,4.62857142857,4.96322814644,0.566788399439,0.308808808809,5.98308426293,1.36650689956,0.668335001668,3.75167630201,0.856864340583,0.447113780447,1.21897600495,0.576622264971,4.15,2.11399399399,1.21897600495,4.15,0.0651115401115,0.00531914893617,3,0.0003861003861,0.16937957001,37,37,37,1,0,0.405405405405,0.540540540541,0.0540540540541,-180,-0.135135135135,0.388705175879,-9.72972972973,-8.18181818182,-5.14285714286,-0.404482008951,0.276429809162,0.166166166166,-3.52540727945,0.337810446143,0.123843141387,-4.30163704442,-0.014400553622,-0.0147164708568,0.578376434626,0.205322362253,2.15,0.388705175879,0.578376434626,2.15,-0.278959854136,-0.371249888721,-807,-0.103861003861,-0.40019725834,0,0,0,161,1,181,989,0.470760233918,0.99898989899,0.0010101010101,0.529239766082,0.993827160494,0.470760233918,0.638888888889,0.627837314655,0.469750132908,0.469387755102,6,186,0,0,0,0
298,WLNM_dir_neg,0.429182564458,0.327156825326,00:00:15,10,10,34,1233943469,threshold_sweep,0.1,0.458333333333,0.118279569892,0.188034188034,22,26,164,346,0.118279569892,0.930107526882,0.0698924731183,0.881720430108,0.458333333333,0.118279569892,0.188034188034,0.659498207885,0.637992831541,0.0594059405941,0.081348921682,0.0483870967742,342,156,186,0,342,0,156,0,186,37,342,0.256756756757,1.72528881811,18.4864864865,15.5454545455,9.77142857143,5.36771015539,0.290358590277,0.142642642643,9.50849154237,1.02869645341,0.544491860281,8.05331334643,0.871264894205,0.461830251304,0.640599570326,0.371299902718,2,1.72528881811,0.640599570326,2,0.344071394247,0.376569037657,810,0.104247104247,0.56957682835,37,37,37,1,0,0.405405405405,0.540540540541,0.0540540540541,37,0.117117117117,2.18481481481,8.43243243243,7.09090909091,4.45714285714,5.03620525429,0.597242289772,0.326923076923,6.00062559301,1.42322530091,0.680526680527,3.83793300225,0.910278981302,0.463617463617,1.318977792,0.603702328937,4.32037037037,2.18481481481,1.318977792,4.32037037037,0,0,0,0,0.160896782956,37,37,37,1,0,0.405405405405,0.540540540541,0.0540540540541,37,204,0.153153153153,11.4604848372,11.027027027,6.375,5.51351351351,4.94686481233,0.448612740334,0.238738738739,5.7956958245,1.05118012503,0.549019607843,3.56387446485,0.646388996076,0.351616322205,4.42977871596,0.38652629264,13.5412721375,11.4604848372,4.42977871596,13.5412721375,0.165413733525,0.112161581435,87,0.0111969111969,0.188038691885,37,37,37,1,0,0.135135135135,0.864864864865,0,-138,-0.103603603604,9.73519601906,-7.45945945946,-9.17045454545,-4.25791505792,-0.420845343063,0.158254150057,0.0960960960961,-3.71279571788,0.0224836716165,0.0045277475618,-4.48943888159,-0.224875898129,-0.110213929099,3.78917914564,0.0152263899218,11.5412721375,9.73519601906,3.78917914564,11.5412721375,-0.178657660722,-0.264407456222,-723,-0.0930501930502,-0.381538136465,-0.27027027027,0.324324324324,-0.0540540540541,178,26,164,964,0.520467836257,0.973737373737,0.0262626262626,0.479532163743,0.872549019608,0.520467836257,0.652014652015,0.59947121777,0.494205209995,0.483695652174,48,186,0,0,0,0
299,WLNM_dir_neg,0.429182564458,0.327156825326,00:00:15,10,10,34,1233943469,threshold_sweep,0.2,0.6,0.112903225806,0.190045248869,21,14,165,358,0.112903225806,0.962365591398,0.0376344086022,0.887096774194,0.6,0.112903225806,0.190045248869,0.679211469534,0.645758661888,0.0944350758853,0.146338354364,0.0752688172043,342,156,186,0,342,0,156,0,186,37,342,0.256756756757,1.72528881811,18.4864864865,15.5454545455,9.77142857143,5.36771015539,0.290358590277,0.142642642643,9.50849154237,1.02869645341,0.544491860281,8.05331334643,0.871264894205,0.461830251304,0.640599570326,0.371299902718,2,1.72528881811,0.640599570326,2,0.344071394247,0.376569037657,810,0.104247104247,0.56957682835,37,37,37,1,0,0.405405405405,0.540540540541,0.0540540540541,37,0.117117117117,2.18481481481,8.43243243243,7.09090909091,4.45714285714,5.03620525429,0.597242289772,0.326923076923,6.00062559301,1.42322530091,0.680526680527,3.83793300225,0.910278981302,0.463617463617,1.318977792,0.603702328937,4.32037037037,2.18481481481,1.318977792,4.32037037037,0,0,0,0,0.160896782956,37,37,37,1,0,0.405405405405,0.540540540541,0.0540540540541,37,191,0.143393393393,2.62744060312,10.3243243243,8.30434782609,5.16216216216,4.53415466857,0.43917204905,0.233196547333,6.00700292027,1.16366025157,0.605065798783,3.3125478069,0.641697742697,0.350643837555,1.66015003088,0.631850641612,4.53655828412,2.62744060312,1.66015003088,4.53655828412,0.132508563778,0.0629268292683,43,0.00553410553411,0.180748928409,37,37,37,1,0,0.378378378378,0.621621621622,0,-151,-0.113363363363,0.902151785005,-8.16216216216,-7.24110671937,-4.60926640927,-0.833555486819,0.148813458773,0.09055390469,-3.50148862211,0.134963798155,0.0605739385017,-4.74076553954,-0.229567151508,-0.111186413749,1.01955046055,0.260550738894,2.53655828412,0.902151785005,1.01955046055,2.53655828412,-0.21156283047,-0.313642208389,-767,-0.098712998713,-0.388827899941,-0.027027027027,0.0810810810811,-0.0540540540541,177,14,165,976,0.517543859649,0.985858585859,0.0141414141414,0.482456140351,0.926701570681,0.517543859649,0.664165103189,0.627460607292,0.503402445508,0.497191011236,35,186,0,0,0,0
300,WLNM_dir_neg,0.429182564458,0.327156825326,00:00:15,10,10,34,1233943469,threshold_sweep,0.3,0.575757575758,0.102150537634,0.173515981735,19,14,167,358,0.102150537634,0.962365591398,0.0376344086022,0.897849462366,0.575757575758,0.102150537634,0.173515981735,0.675627240143,0.646953405018,0.0812182741117,0.128931674244,0.0645161290323,342,156,186,0,342,0,156,0,186,37,342,0.256756756757,1.72528881811,18.4864864865,15.5454545455,9.77142857143,5.36771015539,0.290358590277,0.142642642643,9.50849154237,1.02869645341,0.544491860281,8.05331334643,0.871264894205,0.461830251304,0.640599570326,0.371299902718,2,1.72528881811,0.640599570326,2,0.344071394247,0.376569037657,810,0.104247104247,0.56957682835,37,37,37,1,0,0.405405405405,0.540540540541,0.0540540540541,37,0.117117117117,2.18481481481,8.43243243243,7.09090909091,4.45714285714,5.03620525429,0.597242289772,0.326923076923,6.00062559301,1.42322530091,0.680526680527,3.83793300225,0.910278981302,0.463617463617,1.318977792,0.603702328937,4.32037037037,2.18481481481,1.318977792,4.32037037037,0,0,0,0,0.160896782956,37,37,37,1,0,0.405405405405,0.540540540541,0.0540540540541,37,189,0.141891891892,2.5707864196,10.2162162162,8.21739130435,5.10810810811,4.63162519554,0.453360138188,0.242957242957,6.031324637,1.18073551095,0.611754611755,3.31481341677,0.648931727092,0.35321035321,1.59883804192,0.621925660462,4.29748396891,2.5707864196,1.59883804192,4.29748396891,0.121931753201,0.0591424346969,40,0.00514800514801,0.175308509338,37,37,37,1,0,0.378378378378,0.621621621622,0,-153,-0.114864864865,0.845497601485,-8.27027027027,-7.32806324111,-4.66332046332,-0.736084959854,0.163001547911,0.100314600315,-3.47716690538,0.152039057532,0.0672627514733,-4.73849992967,-0.222333167113,-0.108619898094,0.958238471591,0.250625757744,2.29748396891,0.845497601485,0.958238471591,2.29748396891,-0.222139641046,-0.31742660296,-770,-0.0990990990991,-0.394268319012,-0.027027027027,0.0810810810811,-0.0540540540541,175,14,167,976,0.511695906433,0.985858585859,0.0141414141414,0.488304093567,0.925925925926,0.511695906433,0.659133709981,0.622898499593,0.497554492291,0.491573033708,33,186,0,0,0,0
301,WLNM_dir_neg,0.429182564458,0.327156825326,00:00:15,10,10,34,1233943469,threshold_sweep,0.4,0.586206896552,0.0913978494624,0.158139534884,17,12,169,360,0.0913978494624,0.967741935484,0.0322580645161,0.908602150538,0.586206896552,0.0913978494624,0.158139534884,0.675627240143,0.649342891278,0.0749574105622,0.125597457518,0.0591397849462,342,156,186,0,342,0,156,0,186,37,342,0.256756756757,1.72528881811,18.4864864865,15.5454545455,9.77142857143,5.36771015539,0.290358590277,0.142642642643,9.50849154237,1.02869645341,0.544491860281,8.05331334643,0.871264894205,0.461830251304,0.640599570326,0.371299902718,2,1.72528881811,0.640599570326,2,0.344071394247,0.376569037657,810,0.104247104247,0.56957682835,37,37,37,1,0,0.405405405405,0.540540540541,0.0540540540541,37,0.117117117117,2.18481481481,8.43243243243,7.09090909091,4.45714285714,5.03620525429,0.597242289772,0.326923076923,6.00062559301,1.42322530091,0.680526680527,3.83793300225,0.910278981302,0.463617463617,1.318977792,0.603702328937,4.32037037037,2.18481481481,1.318977792,4.32037037037,0,0,0,0,0.160896782956,37,37,37,1,0,0.405405405405,0.540540540541,0.0540540540541,37,185,0.138888888889,2.5677274957,10,8.04347826087,5,4.6248123085,0.46248123085,0.248940832725,5.98145281498,1.196290563,0.616216216216,3.38296385503,0.676592771006,0.36669101534,1.59590457994,0.621524123029,4.32628443426,2.5677274957,1.59590457994,4.32628443426,0.103398907733,0.04134762634,27,0.0034749034749,0.173772775185,37,37,37,1,0,0.378378378378,0.621621621622,0,-157,-0.117867867868,0.842438677584,-8.48648648649,-7.50197628458,-4.77142857143,-0.742897846889,0.172122640573,0.106298190082,-3.5270387274,0.16759410958,0.0717243559349,-4.6703494914,-0.194672123199,-0.0951392359643,0.955305009615,0.250224220311,2.32628443426,0.842438677584,0.955305009615,2.32628443426,-0.240672486514,-0.335221411317,-783,-0.100772200772,-0.395804053165,-0.027027027027,0.0810810810811,-0.0540540540541,173,12,169,978,0.505847953216,0.987878787879,0.0121212121212,0.494152046784,0.935135135135,0.505847953216,0.656546489564,0.623662637699,0.493726741095,0.488700564972,29,186,0,0,0,0
302,WLNM_dir_neg,0.429182564458,0.327156825326,00:00:15,10,10,34,1233943469,threshold_sweep,0.5,0.571428571429,0.0860215053763,0.14953271028,16,12,170,360,0.0860215053763,0.967741935484,0.0322580645161,0.913978494624,0.571428571429,0.0860215053763,0.14953271028,0.673835125448,0.649940262843,0.0682593856655,0.116090865053,0.0537634408602,342,156,186,0,342,0,156,0,186,37,342,0.256756756757,1.72528881811,18.4864864865,15.5454545455,9.77142857143,5.36771015539,0.290358590277,0.142642642643,9.50849154237,1.02869645341,0.544491860281,8.05331334643,0.871264894205,0.461830251304,0.640599570326,0.371299902718,2,1.72528881811,0.640599570326,2,0.344071394247,0.376569037657,810,0.104247104247,0.56957682835,37,37,37,1,0,0.405405405405,0.540540540541,0.0540540540541,37,0.117117117117,2.18481481481,8.43243243243,7.09090909091,4.45714285714,5.03620525429,0.597242289772,0.326923076923,6.00062559301,1.42322530091,0.680526680527,3.83793300225,0.910278981302,0.463617463617,1.318977792,0.603702328937,4.32037037037,2.18481481481,1.318977792,4.32037037037,0,0,0,0,0.160896782956,37,37,37,1,0,0.405405405405,0.540540540541,0.0540540540541,37,184,0.138138138138,2.56199403157,9.94594594595,8,4.97297297297,4.6364854143,0.466168370459,0.250440658049,5.98835205715,1.20417948975,0.618977673325,3.38695607758,0.681072689514,0.368096357227,1.58795544582,0.619812312693,4.32039756733,2.56199403157,1.58795544582,4.32039756733,0.0926259499015,0.033950617284,22,0.0028314028314,0.172218411674,37,37,37,1,0,0.378378378378,0.621621621622,0,-158,-0.118618618619,0.836705213459,-8.54054054054,-7.54545454545,-4.79845559846,-0.731224741095,0.175809780182,0.107798015407,-3.52013948523,0.175483036338,0.0744858130442,-4.66635726885,-0.190192204691,-0.0937338940771,0.94735587549,0.248512409975,2.32039756733,0.836705213459,0.94735587549,2.32039756733,-0.251445444346,-0.342618420373,-788,-0.101415701416,-0.397358416676,-0.027027027027,0.0810810810811,-0.0540540540541,172,12,170,978,0.502923976608,0.987878787879,0.0121212121212,0.497076023392,0.934782608696,0.502923976608,0.653992395437,0.621380750151,0.490802764487,0.485875706215,28,186,0,0,0,0
303,WLNM_dir_neg,0.429182564458,0.327156825326,00:00:15,10,10,34,1233943469,threshold_sweep,0.6,0.538461538462,0.0752688172043,0.132075471698,14,12,172,360,0.0752688172043,0.967741935484,0.0322580645161,0.924731182796,0.538461538462,0.0752688172043,0.132075471698,0.670250896057,0.651135005974,0.0547945205479,0.0961972140488,0.0430107526882,342,156,186,0,342,0,156,0,186,37,342,0.256756756757,1.72528881811,18.4864864865,15.5454545455,9.77142857143,5.36771015539,0.290358590277,0.142642642643,9.50849154237,1.02869645341,0.544491860281,8.05331334643,0.871264894205,0.461830251304,0.640599570326,0.371299902718,2,1.72528881811,0.640599570326,2,0.344071394247,0.376569037657,810,0.104247104247,0.56957682835,37,37,37,1,0,0.405405405405,0.540540540541,0.0540540540541,37,0.117117117117,2.18481481481,8.43243243243,7.09090909091,4.45714285714,5.03620525429,0.597242289772,0.326923076923,6.00062559301,1.42322530091,0.680526680527,3.83793300225,0.910278981302,0.463617463617,1.318977792,0.603702328937,4.32037037037,2.18481481481,1.318977792,4.32037037037,0,0,0,0,0.160896782956,37,37,37,1,0,0.405405405405,0.540540540541,0.0540540540541,37,182,0.136636636637,2.58375461427,9.83783783784,7.91304347826,4.91891891892,4.60382397526,0.467971118365,0.252301752302,5.9832097405,1.21636681538,0.622512622513,3.41059117048,0.693361941251,0.373626373626,1.61673019295,0.625729000742,4.33790219823,2.58375461427,1.61673019295,4.33790219823,0.094242537741,0.0327783558793,21,0.0027027027027,0.170906892198,37,37,37,1,0,0.378378378378,0.621621621622,0,-160,-0.12012012012,0.858465796154,-8.64864864865,-7.63241106719,-4.85250965251,-0.763886180132,0.177612528087,0.109659109659,-3.52528180188,0.187670361961,0.0780207622313,-4.64272217596,-0.177902952954,-0.0882038776776,0.976130622622,0.254429098024,2.33790219823,0.858465796154,0.976130622622,2.33790219823,-0.249828856506,-0.343790681778,-789,-0.101544401544,-0.398669936151,-0.027027027027,0.0810810810811,-0.0540540540541,170,12,172,978,0.497076023392,0.987878787879,0.0121212121212,0.502923976608,0.934065934066,0.497076023392,0.648854961832,0.616804180431,0.484954811271,0.480225988701,26,186,0,0,0,0
304,WLNM_dir_neg,0.429182564458,0.327156825326,00:00:15,10,10,34,1233943469,threshold_sweep,0.7,0.538461538462,0.0752688172043,0.132075471698,14,12,172,360,0.0752688172043,0.967741935484,0.0322580645161,0.924731182796,0.538461538462,0.0752688172043,0.132075471698,0.670250896057,0.651135005974,0.0547945205479,0.0961972140488,0.0430107526882,342,156,186,0,342,0,156,0,186,37,342,0.256756756757,1.72528881811,18.4864864865,15.5454545455,9.77142857143,5.36771015539,0.290358590277,0.142642642643,9.50849154237,1.02869645341,0.544491860281,8.05331334643,0.871264894205,0.461830251304,0.640599570326,0.371299902718,2,1.72528881811,0.640599570326,2,0.344071394247,0.376569037657,810,0.104247104247,0.56957682835,37,37,37,1,0,0.405405405405,0.540540540541,0.0540540540541,37,0.117117117117,2.18481481481,8.43243243243,7.09090909091,4.45714285714,5.03620525429,0.597242289772,0.326923076923,6.00062559301,1.42322530091,0.680526680527,3.83793300225,0.910278981302,0.463617463617,1.318977792,0.603702328937,4.32037037037,2.18481481481,1.318977792,4.32037037037,0,0,0,0,0.160896782956,37,37,37,1,0,0.405405405405,0.540540540541,0.0540540540541,37,182,0.136636636637,2.58375461427,9.83783783784,7.91304347826,4.91891891892,4.60382397526,0.467971118365,0.252301752302,5.9832097405,1.21636681538,0.622512622513,3.41059117048,0.693361941251,0.373626373626,1.61673019295,0.625729000742,4.33790219823,2.58375461427,1.61673019295,4.33790219823,0.094242537741,0.0327783558793,21,0.0027027027027,0.170906892198,37,37,37,1,0,0.378378378378,0.621621621622,0,-160,-0.12012012012,0.858465796154,-8.64864864865,-7.63241106719,-4.85250965251,-0.763886180132,0.177612528087,0.109659109659,-3.52528180188,0.187670361961,0.0780207622313,-4.64272217596,-0.177902952954,-0.0882038776776,0.976130622622,0.254429098024,2.33790219823,0.858465796154,0.976130622622,2.33790219823,-0.249828856506,-0.343790681778,-789,-0.101544401544,-0.398669936151,-0.027027027027,0.0810810810811,-0.0540540540541,170,12,172,978,0.497076023392,0.987878787879,0.0121212121212,0.502923976608,0.934065934066,0.497076023392,0.648854961832,0.616804180431,0.484954811271,0.480225988701,26,186,0,0,0,0
305,WLNM_dir_neg,0.429182564458,0.327156825326,00:00:15,10,10,34,1233943469,threshold_sweep,0.8,0.56,0.0752688172043,0.132701421801,14,11,172,361,0.0752688172043,0.970430107527,0.0295698924731,0.924731182796,0.56,0.0752688172043,0.132701421801,0.672043010753,0.651732377539,0.0583190394511,0.104135861611,0.0456989247312,342,156,186,0,342,0,156,0,186,37,342,0.256756756757,1.72528881811,18.4864864865,15.5454545455,9.77142857143,5.36771015539,0.290358590277,0.142642642643,9.50849154237,1.02869645341,0.544491860281,8.05331334643,0.871264894205,0.461830251304,0.640599570326,0.371299902718,2,1.72528881811,0.640599570326,2,0.344071394247,0.376569037657,810,0.104247104247,0.56957682835,37,37,37,1,0,0.405405405405,0.540540540541,0.0540540540541,37,0.117117117117,2.18481481481,8.43243243243,7.09090909091,4.45714285714,5.03620525429,0.597242289772,0.326923076923,6.00062559301,1.42322530091,0.680526680527,3.83793300225,0.910278981302,0.463617463617,1.318977792,0.603702328937,4.32037037037,2.18481481481,1.318977792,4.32037037037,0,0,0,0,0.160896782956,37,37,37,1,0,0.405405405405,0.540540540541,0.0540540540541,37,181,0.135885885886,2.59068442128,9.78378378378,7.86956521739,4.89189189189,4.67341853902,0.477669850673,0.258175302374,5.98973095196,1.22442013935,0.624757354039,3.43821484514,0.70283949873,0.378378378378,1.6288236733,0.628723305671,4.54346667039,2.59068442128,1.6288236733,4.54346667039,0.0950790885775,0.0313315926893,20,0.002574002574,0.171252681675,37,37,37,1,0,0.378378378378,0.621621621622,0,-161,-0.120870870871,0.865395603166,-8.7027027027,-7.67588932806,-4.87953667954,-0.694291616375,0.187311260396,0.115532659732,-3.51876059041,0.195723685936,0.0802654937578,-4.6150985013,-0.168425395475,-0.0834518729256,0.988224102971,0.257423402953,2.54346667039,0.865395603166,0.988224102971,2.54346667039,-0.24899230567,-0.345237444968,-790,-0.101673101673,-0.398324146675,-0.027027027027,0.0810810810811,-0.0540540540541,170,11,172,979,0.497076023392,0.988888888889,0.0111111111111,0.502923976608,0.939226519337,0.497076023392,0.650095602294,0.619524683462,0.485964912281,0.481586402266,25,186,0,0,0,0
306,WLNM_dir_neg,0.429182564458,0.327156825326,00:00:15,10,10,34,1233943469,threshold_sweep,0.9,0.526315789474,0.0537634408602,0.0975609756098,10,9,176,363,0.0537634408602,0.975806451613,0.0241935483871,0.94623655914,0.526315789474,0.0537634408602,0.0975609756098,0.668458781362,0.65531660693,0.0381282495667,0.0768610838356,0.0295698924731,342,156,186,0,342,0,156,0,186,37,342,0.256756756757,1.72528881811,18.4864864865,15.5454545455,9.77142857143,5.36771015539,0.290358590277,0.142642642643,9.50849154237,1.02869645341,0.544491860281,8.05331334643,0.871264894205,0.461830251304,0.640599570326,0.371299902718,2,1.72528881811,0.640599570326,2,0.344071394247,0.376569037657,810,0.104247104247,0.56957682835,37,37,37,1,0,0.405405405405,0.540540540541,0.0540540540541,37,0.117117117117,2.18481481481,8.43243243243,7.09090909091,4.45714285714,5.03620525429,0.597242289772,0.326923076923,6.00062559301,1.42322530091,0.680526680527,3.83793300225,0.910278981302,0.463617463617,1.318977792,0.603702328937,4.32037037037,2.18481481481,1.318977792,4.32037037037,0,0,0,0,0.160896782956,37,37,37,1,0,0.405405405405,0.540540540541,0.0540540540541,37,175,0.131381381381,2.72412832875,9.45945945946,7.60869565217,4.72972972973,4.5129110745,0.477079170733,0.256216216216,5.91442985253,1.25047945453,0.634131274131,3.51701142582,0.74359670146,0.395366795367,1.82115086782,0.668526092768,5.03043640565,2.72412832875,1.82115086782,5.03043640565,0.0770156711333,0.0182421227197,11,0.0014157014157,0.166331456203,37,37,37,1,0,0.378378378378,0.621621621622,0,-167,-0.125375375375,0.998839510638,-9.02702702703,-7.93675889328,-5.0416988417,-0.854799080891,0.186720580456,0.113573573574,-3.59406168985,0.22178300112,0.0896394138499,-4.53630192061,-0.127668192745,-0.0664634559371,1.1805512975,0.297226190051,3.03043640565,0.998839510638,1.1805512975,3.03043640565,-0.267055723114,-0.358326914937,-799,-0.102831402831,-0.403245372147,-0.027027027027,0.0810810810811,-0.0540540540541,166,9,176,981,0.485380116959,0.990909090909,0.00909090909091,0.514619883041,0.948571428571,0.485380116959,0.642166344294,0.615907776482,0.476289207868,0.472934472934,19,186,0,0,0,0
307,WLNM_dir_neg,0.422462134351,0.334986324301,00:00:14,10,10,35,1233943470,threshold_sweep,0.1,0.461538461538,0.129032258065,0.201680672269,24,28,162,344,0.129032258065,0.924731182796,0.0752688172043,0.870967741935,0.461538461538,0.129032258065,0.201680672269,0.659498207885,0.635603345281,0.0655737704918,0.0871842563633,0.0537634408602,342,156,186,0,342,0,156,0,186,37,342,0.256756756757,1.72528881811,18.4864864865,15.5454545455,9.77142857143,5.36771015539,0.290358590277,0.142642642643,9.50849154237,1.02869645341,0.544491860281,8.05331334643,0.871264894205,0.461830251304,0.640599570326,0.371299902718,2,1.72528881811,0.640599570326,2,0.344071394247,0.376569037657,810,0.104247104247,0.56957682835,37,37,37,1,0,0.405405405405,0.540540540541,0.0540540540541,37,0.117117117117,2.18481481481,8.43243243243,7.09090909091,4.45714285714,5.03620525429,0.597242289772,0.326923076923,6.00062559301,1.42322530091,0.680526680527,3.83793300225,0.910278981302,0.463617463617,1.318977792,0.603702328937,4.32037037037,2.18481481481,1.318977792,4.32037037037,0,0,0,0,0.160896782956,37,37,37,1,0,0.405405405405,0.540540540541,0.0540540540541,37,208,0.156156156156,13.0648018798,11.2432432432,6.5,5.62162162162,4.74578997876,0.422101512534,0.230509355509,5.78000072737,1.02817320631,0.54183991684,3.59282735578,0.639108712325,0.342775467775,5.14347882741,0.39368976849,16.3067681006,13.0648018798,5.14347882741,16.3067681006,0.164754938671,0.0926640926641,72,0.00926640926641,0.185257619384,37,37,37,1,0,0.135135135135,0.864864864865,0,-134,-0.100600600601,11.3395130617,-7.24324324324,-9.04545454545,-4.14980694981,-0.621920176631,0.131742922257,0.0878667128667,-3.728490815,-0.000523247103634,-0.00265194344142,-4.46048599066,-0.232156181879,-0.119054783528,4.50287925708,0.022389865772,14.3067681006,11.3395130617,4.50287925708,14.3067681006,-0.179316455576,-0.283904944993,-738,-0.0949806949807,-0.384319208966,-0.27027027027,0.324324324324,-0.0540540540541,180,28,162,962,0.526315789474,0.971717171717,0.0282828282828,0.473684210526,0.865384615385,0.526315789474,0.654545454545,0.599340897339,0.498032961191,0.486486486486,52,186,0,0,0,0
308,WLNM_dir_neg,0.422462134351,0.334986324301,00:00:14,10,10,35,1233943470,threshold_sweep,0.2,0.470588235294,0.129032258065,0.20253164557,24,27,162,345,0.129032258065,0.927419354839,0.0725806451613,0.870967741935,0.470588235294,0.129032258065,0.20253164557,0.661290322581,0.636200716846,0.0689655172414,0.0923453919998,0.0564516129032,342,156,186,0,342,0,156,0,186,37,342,0.256756756757,1.72528881811,18.4864864865,15.5454545455,9.77142857143,5.36771015539,0.290358590277,0.142642642643,9.50849154237,1.02869645341,0.544491860281,8.05331334643,0.871264894205,0.461830251304,0.640599570326,0.371299902718,2,1.72528881811,0.640599570326,2,0.344071394247,0.376569037657,810,0.104247104247,0.56957682835,37,37,37,1,0,0.405405405405,0.540540540541,0.0540540540541,37,0.117117117117,2.18481481481,8.43243243243,7.09090909091,4.45714285714,5.03620525429,0.597242289772,0.326923076923,6.00062559301,1.42322530091,0.680526680527,3.83793300225,0.910278981302,0.463617463617,1.318977792,0.603702328937,4.32037037037,2.18481481481,1.318977792,4.32037037037,0,0,0,0,0.160896782956,37,37,37,1,0,0.405405405405,0.540540540541,0.0540540540541,37,207,0.155405405405,12.9799446417,11.1891891892,6.46875,5.59459459459,4.77166310302,0.426452982637,0.232667450059,5.7949185569,1.03580669858,0.544979762371,3.60908929309,0.645102917123,0.345214779997,5.10361913803,0.393192673689,16.1135185369,12.9799446417,5.10361913803,16.1135185369,0.164754938671,0.0926640926641,72,0.00926640926641,0.185028216466,37,37,37,1,0,0.135135135135,0.864864864865,0,-135,-0.101351351351,11.2546558236,-7.2972972973,-9.07670454545,-4.17683397683,-0.596047052368,0.13609439236,0.0900248074161,-3.71357298548,0.00711024516117,0.000487902089733,-4.44422405334,-0.226161977082,-0.116615471307,4.4630195677,0.0218927709717,14.1135185369,11.2546558236,4.4630195677,14.1135185369,-0.179316455576,-0.283904944993,-738,-0.0949806949807,-0.384548611883,-0.27027027027,0.324324324324,-0.0540540540541,180,27,162,963,0.526315789474,0.972727272727,0.0272727272727,0.473684210526,0.869565217391,0.526315789474,0.655737704918,0.601737723525,0.499043062201,0.487804878049,51,186,0,0,0,0
309,WLNM_dir_neg,0.422462134351,0.334986324301,00:00:14,10,10,35,1233943470,threshold_sweep,0.3,0.45652173913,0.112903225806,0.181034482759,21,25,165,347,0.112903225806,0.932795698925,0.0672043010753,0.887096774194,0.45652173913,0.112903225806,0.181034482759,0.659498207885,0.639187574671,0.0562913907285,0.0783285392073,0.0456989247312,342,156,186,0,342,0,156,0,186,37,342,0.256756756757,1.72528881811,18.4864864865,15.5454545455,9.77142857143,5.36771015539,0.290358590277,0.142642642643,9.50849154237,1.02869645341,0.544491860281,8.05331334643,0.871264894205,0.461830251304,0.640599570326,0.371299902718,2,1.72528881811,0.640599570326,2,0.344071394247,0.376569037657,810,0.104247104247,0.56957682835,37,37,37,1,0,0.405405405405,0.540540540541,0.0540540540541,37,0.117117117117,2.18481481481,8.43243243243,7.09090909091,4.45714285714,5.03620525429,0.597242289772,0.326923076923,6.00062559301,1.42322530091,0.680526680527,3.83793300225,0.910278981302,0.463617463617,1.318977792,0.603702328937,4.32037037037,2.18481481481,1.318977792,4.32037037037,0,0,0,0,0.160896782956,37,37,37,1,0,0.405405405405,0.540540540541,0.0540540540541,37,202,0.151651651652,12.7881068423,10.9189189189,6.3125,5.45945945946,4.91244665438,0.449902292604,0.246052983677,5.85754306948,1.07291630481,0.557934171796,3.59470748767,0.658436520019,0.354294888948,5.0254467346,0.392978162958,15.7164098825,12.7881068423,5.0254467346,15.7164098825,0.132194747907,0.0784226849801,59,0.00759330759331,0.180093187087,37,37,37,1,0,0.135135135135,0.864864864865,0,-140,-0.105105105105,11.0628180242,-7.56756756757,-9.23295454545,-4.31196911197,-0.455263501013,0.159543702327,0.103410341034,-3.65094847289,0.0442198513909,0.0134423115142,-4.45860585876,-0.212828374186,-0.107535362356,4.38484716428,0.0216782602408,13.7164098825,11.0628180242,4.38484716428,13.7164098825,-0.211876646341,-0.298146352677,-751,-0.0966537966538,-0.389483641263,-0.27027027027,0.324324324324,-0.0540540540541,177,25,165,965,0.517543859649,0.974747474747,0.0252525252525,0.482456140351,0.876237623762,0.517543859649,0.650735294118,0.599567294895,0.492291334397,0.482288828338,46,186,0,0,0,0
310,WLNM_dir_neg,0.422462134351,0.334986324301,00:00:14,10,10,35,1233943470,threshold_sweep,0.4,0.583333333333,0.112903225806,0.189189189189,21,15,165,357,0.112903225806,0.959677419355,0.0403225806452,0.887096774194,0.583333333333,0.112903225806,0.189189189189,0.677419354839,0.645161290323,0.0909090909091,0.139271503633,0.0725806451613,342,156,186,0,342,0,156,0,186,37,342,0.256756756757,1.72528881811,18.4864864865,15.5454545455,9.77142857143,5.36771015539,0.290358590277,0.142642642643,9.50849154237,1.02869645341,0.544491860281,8.05331334643,0.871264894205,0.461830251304,0.640599570326,0.371299902718,2,1.72528881811,0.640599570326,2,0.344071394247,0.376569037657,810,0.104247104247,0.56957682835,37,37,37,1,0,0.405405405405,0.540540540541,0.0540540540541,37,0.117117117117,2.18481481481,8.43243243243,7.09090909091,4.45714285714,5.03620525429,0.597242289772,0.326923076923,6.00062559301,1.42322530091,0.680526680527,3.83793300225,0.910278981302,0.463617463617,1.318977792,0.603702328937,4.32037037037,2.18481481481,1.318977792,4.32037037037,0,0,0,0,0.160896782956,37,37,37,1,0,0.405405405405,0.540540540541,0.0540540540541,37,192,0.144144144144,2.86680063453,10.3783783784,8.34782608696,5.18918918919,4.56649240149,0.440000569935,0.240287162162,6.0728806904,1.17029471638,0.609234234234,3.29846629206,0.6356419417,0.34375,1.96038143388,0.683822031525,5.4815910952,2.86680063453,1.96038143388,5.4815910952,0.117893527181,0.0592300098717,40,0.00514800514801,0.178351826386,37,37,37,1,0,0.378378378378,0.621621621622,0,-150,-0.112612612613,1.14151181641,-8.10810810811,-7.1976284585,-4.58223938224,-0.801217753905,0.149641979658,0.0976445195195,-3.43561085197,0.141598262965,0.0647423739529,-4.75484705437,-0.235622952505,-0.118080251304,1.31978186355,0.312522128807,3.4815910952,1.14151181641,1.31978186355,3.4815910952,-0.226177867066,-0.317339027785,-770,-0.0990990990991,-0.391225001964,-0.027027027027,0.0810810810811,-0.0540540540541,177,15,165,975,0.517543859649,0.984848484848,0.0151515151515,0.482456140351,0.921875,0.517543859649,0.662921348315,0.624842589092,0.502392344498,0.495798319328,36,186,0,0,0,0
311,WLNM_dir_neg,0.422462134351,0.334986324301,00:00:14,10,10,35,1233943470,threshold_sweep,0.5,0.583333333333,0.112903225806,0.189189189189,21,15,165,357,0.112903225806,0.959677419355,0.0403225806452,0.887096774194,0.583333333333,0.112903225806,0.189189189189,0.677419354839,0.645161290323,0.0909090909091,0.139271503633,0.0725806451613,342,156,186,0,342,0,156,0,186,37,342,0.256756756757,1.72528881811,18.4864864865,15.5454545455,9.77142857143,5.36771015539,0.290358590277,0.142642642643,9.50849154237,1.02869645341,0.544491860281,8.05331334643,0.871264894205,0.461830251304,0.640599570326,0.371299902718,2,1.72528881811,0.640599570326,2,0.344071394247,0.376569037657,810,0.104247104247,0.56957682835,37,37,37,1,0,0.405405405405,0.540540540541,0.0540540540541,37,0.117117117117,2.18481481481,8.43243243243,7.09090909091,4.45714285714,5.03620525429,0.597242289772,0.326923076923,6.00062559301,1.42322530091,0.680526680527,3.83793300225,0.910278981302,0.463617463617,1.318977792,0.603702328937,4.32037037037,2.18481481481,1.318977792,4.32037037037,0,0,0,0,0.160896782956,37,37,37,1,0,0.405405405405,0.540540540541,0.0540540540541,37,192,0.144144144144,2.86680063453,10.3783783784,8.34782608696,5.18918918919,4.56649240149,0.440000569935,0.240287162162,6.0728806904,1.17029471638,0.609234234234,3.29846629206,0.6356419417,0.34375,1.96038143388,0.683822031525,5.4815910952,2.86680063453,1.96038143388,5.4815910952,0.117893527181,0.0592300098717,40,0.00514800514801,0.178351826386,37,37,37,1,0,0.378378378378,0.621621621622,0,-150,-0.112612612613,1.14151181641,-8.10810810811,-7.1976284585,-4.58223938224,-0.801217753905,0.149641979658,0.0976445195195,-3.43561085197,0.141598262965,0.0647423739529,-4.75484705437,-0.235622952505,-0.118080251304,1.31978186355,0.312522128807,3.4815910952,1.14151181641,1.31978186355,3.4815910952,-0.226177867066,-0.317339027785,-770,-0.0990990990991,-0.391225001964,-0.027027027027,0.0810810810811,-0.0540540540541,177,15,165,975,0.517543859649,0.984848484848,0.0151515151515,0.482456140351,0.921875,0.517543859649,0.662921348315,0.624842589092,0.502392344498,0.495798319328,36,186,0,0,0,0
312,WLNM_dir_neg,0.422462134351,0.334986324301,00:00:14,10,10,35,1233943470,threshold_sweep,0.6,0.617647058824,0.112903225806,0.190909090909,21,13,165,359,0.112903225806,0.965053763441,0.0349462365591,0.887096774194,0.617647058824,0.112903225806,0.190909090909,0.681003584229,0.646356033453,0.097972972973,0.153630660622,0.0779569892473,342,156,186,0,342,0,156,0,186,37,342,0.256756756757,1.72528881811,18.4864864865,15.5454545455,9.77142857143,5.36771015539,0.290358590277,0.142642642643,9.50849154237,1.02869645341,0.544491860281,8.05331334643,0.871264894205,0.461830251304,0.640599570326,0.371299902718,2,1.72528881811,0.640599570326,2,0.344071394247,0.376569037657,810,0.104247104247,0.56957682835,37,37,37,1,0,0.405405405405,0.540540540541,0.0540540540541,37,0.117117117117,2.18481481481,8.43243243243,7.09090909091,4.45714285714,5.03620525429,0.597242289772,0.326923076923,6.00062559301,1.42322530091,0.680526680527,3.83793300225,0.910278981302,0.463617463617,1.318977792,0.603702328937,4.32037037037,2.18481481481,1.318977792,4.32037037037,0,0,0,0,0.160896782956,37,37,37,1,0,0.405405405405,0.540540540541,0.0540540540541,37,190,0.142642642643,2.83930824699,10.2702702703,8.26086956522,5.13513513514,4.58650586351,0.446580834079,0.242247510669,6.06978931614,1.18201160367,0.61280227596,3.33468441087,0.649385911591,0.349644381223,1.92550056067,0.678158337587,5.34976519694,2.83930824699,1.92550056067,5.34976519694,0.116200925489,0.0566318926975,38,0.0048906048906,0.177313509191,37,37,37,1,0,0.378378378378,0.621621621622,0,-152,-0.114114114114,1.11401942887,-8.21621621622,-7.28458498024,-4.63629343629,-0.781204291881,0.156222243802,0.0996048680259,-3.43870222623,0.153315150255,0.0683104156788,-4.71862893556,-0.221878982614,-0.112185870081,1.28490099035,0.306858434869,3.34976519694,1.11401942887,1.28490099035,3.34976519694,-0.227870468759,-0.319937144959,-772,-0.0993564993565,-0.392263319158,-0.027027027027,0.0810810810811,-0.0540540540541,177,13,165,977,0.517543859649,0.986868686869,0.0131313131313,0.482456140351,0.931578947368,0.517543859649,0.665413533835,0.630095935795,0.504412546518,0.498591549296,34,186,0,0,0,0
313,WLNM_dir_neg,0.422462134351,0.334986324301,00:00:14,10,10,35,1233943470,threshold_sweep,0.7,0.58064516129,0.0967741935484,0.165898617512,18,13,168,359,0.0967741935484,0.965053763441,0.0349462365591,0.903225806452,0.58064516129,0.0967741935484,0.165898617512,0.675627240143,0.648148148148,0.0780984719864,0.127240885751,0.0618279569892,342,156,186,0,342,0,156,0,186,37,342,0.256756756757,1.72528881811,18.4864864865,15.5454545455,9.77142857143,5.36771015539,0.290358590277,0.142642642643,9.50849154237,1.02869645341,0.544491860281,8.05331334643,0.871264894205,0.461830251304,0.640599570326,0.371299902718,2,1.72528881811,0.640599570326,2,0.344071394247,0.376569037657,810,0.104247104247,0.56957682835,37,37,37,1,0,0.405405405405,0.540540540541,0.0540540540541,37,0.117117117117,2.18481481481,8.43243243243,7.09090909091,4.45714285714,5.03620525429,0.597242289772,0.326923076923,6.00062559301,1.42322530091,0.680526680527,3.83793300225,0.910278981302,0.463617463617,1.318977792,0.603702328937,4.32037037037,2.18481481481,1.318977792,4.32037037037,0,0,0,0,0.160896782956,37,37,37,1,0,0.405405405405,0.540540540541,0.0540540540541,37,187,0.14039039039,2.8077130053,10.1081081081,8.13043478261,5.05405405405,4.54473922845,0.449613239179,0.244110420581,5.99511813407,1.18619984471,0.615406850701,3.34951029543,0.662737331182,0.355542708484,1.88972457227,0.673047625845,5.33862789439,2.8077130053,1.88972457227,5.33862789439,0.111209620807,0.0525788683025,35,0.0045045045045,0.174351467939,37,37,37,1,0,0.378378378378,0.621621621622,0,-155,-0.116366366366,1.08242418719,-8.37837837838,-7.41501976285,-4.71737451737,-0.822970926939,0.159254648902,0.101467777938,-3.51337340831,0.157503391294,0.0709149904196,-4.703803051,-0.208527563023,-0.10628754282,1.24912500195,0.301747723128,3.33862789439,1.08242418719,1.24912500195,3.33862789439,-0.23286177344,-0.323990169354,-775,-0.0997425997426,-0.395225360411,-0.027027027027,0.0810810810811,-0.0540540540541,174,13,168,977,0.508771929825,0.986868686869,0.0131313131313,0.491228070175,0.930481283422,0.508771929825,0.657844990548,0.623266798219,0.495640616693,0.49014084507,31,186,0,0,0,0
314,WLNM_dir_neg,0.422462134351,0.334986324301,00:00:14,10,10,35,1233943470,threshold_sweep,0.8,0.586206896552,0.0913978494624,0.158139534884,17,12,169,360,0.0913978494624,0.967741935484,0.0322580645161,0.908602150538,0.586206896552,0.0913978494624,0.158139534884,0.675627240143,0.649342891278,0.0749574105622,0.125597457518,0.0591397849462,342,156,186,0,342,0,156,0,186,37,342,0.256756756757,1.72528881811,18.4864864865,15.5454545455,9.77142857143,5.36771015539,0.290358590277,0.142642642643,9.50849154237,1.02869645341,0.544491860281,8.05331334643,0.871264894205,0.461830251304,0.640599570326,0.371299902718,2,1.72528881811,0.640599570326,2,0.344071394247,0.376569037657,810,0.104247104247,0.56957682835,37,37,37,1,0,0.405405405405,0.540540540541,0.0540540540541,37,0.117117117117,2.18481481481,8.43243243243,7.09090909091,4.45714285714,5.03620525429,0.597242289772,0.326923076923,6.00062559301,1.42322530091,0.680526680527,3.83793300225,0.910278981302,0.463617463617,1.318977792,0.603702328937,4.32037037037,2.18481481481,1.318977792,4.32037037037,0,0,0,0,0.160896782956,37,37,37,1,0,0.405405405405,0.540540540541,0.0540540540541,37,185,0.138888888889,2.87493101114,10,8.04347826087,5,4.53994615729,0.453994615729,0.244996347699,6.01849002842,1.20369800568,0.621475529584,3.35824027993,0.671648055987,0.359678597516,1.98253688817,0.689594595659,6,2.87493101114,1.98253688817,6,0.110646873186,0.0504587155963,33,0.0042471042471,0.170876758634,37,37,37,1,0,0.378378378378,0.621621621622,0,-157,-0.117867867868,1.14964219302,-8.48648648649,-7.50197628458,-4.77142857143,-0.827763998101,0.163636025452,0.102353705056,-3.49000151395,0.17500155227,0.0769836693023,-4.6950730665,-0.199616838218,-0.102151653788,1.34193731785,0.318294692941,4,1.14964219302,1.34193731785,4,-0.233424521062,-0.326110322061,-777,-0.1,-0.398700069716,-0.027027027027,0.0810810810811,-0.0540540540541,173,12,169,978,0.505847953216,0.987878787879,0.0121212121212,0.494152046784,0.935135135135,0.505847953216,0.656546489564,0.623662637699,0.493726741095,0.488700564972,29,186,0,0,0,0
315,WLNM_dir_neg,0.422462134351,0.334986324301,00:00:14,10,10,35,1233943470,threshold_sweep,0.9,0.6,0.0806451612903,0.142180094787,15,10,171,362,0.0806451612903,0.97311827957,0.0268817204301,0.91935483871,0.6,0.0806451612903,0.142180094787,0.675627240143,0.651732377539,0.0686106346484,0.122512778366,0.0537634408602,342,156,186,0,342,0,156,0,186,37,342,0.256756756757,1.72528881811,18.4864864865,15.5454545455,9.77142857143,5.36771015539,0.290358590277,0.142642642643,9.50849154237,1.02869645341,0.544491860281,8.05331334643,0.871264894205,0.461830251304,0.640599570326,0.371299902718,2,1.72528881811,0.640599570326,2,0.344071394247,0.376569037657,810,0.104247104247,0.56957682835,37,37,37,1,0,0.405405405405,0.540540540541,0.0540540540541,37,0.117117117117,2.18481481481,8.43243243243,7.09090909091,4.45714285714,5.03620525429,0.597242289772,0.326923076923,6.00062559301,1.42322530091,0.680526680527,3.83793300225,0.910278981302,0.463617463617,1.318977792,0.603702328937,4.32037037037,2.18481481481,1.318977792,4.32037037037,0,0,0,0,0.160896782956,37,37,37,1,0,0.405405405405,0.540540540541,0.0540540540541,37,181,0.135885885886,2.86898937379,9.78378378378,7.86956521739,4.89189189189,4.57733022099,0.467848668996,0.249962669852,5.96184061709,1.21871880018,0.62595191877,3.45433530979,0.706134842332,0.378378378378,1.97428321913,0.688145880624,6,2.86898937379,1.97428321913,6,0.0965298870098,0.0411392405063,26,0.0033462033462,0.170225853937,37,37,37,1,0,0.378378378378,0.621621621622,0,-161,-0.120870870871,1.14370055567,-8.7027027027,-7.67588932806,-4.87953667954,-0.790379934407,0.177490078719,0.10732002721,-3.54665092529,0.190022346763,0.0814600584883,-4.59897803665,-0.165130051873,-0.0834518729256,1.3336836488,0.316845977906,4,1.14370055567,1.3336836488,4,-0.247541507238,-0.335429797151,-784,-0.100900900901,-0.399350974413,-0.027027027027,0.0810810810811,-0.0540540540541,171,10,171,980,0.5,0.989898989899,0.010101010101,0.5,0.944751381215,0.5,0.653919694073,0.6245399801,0.489898989899,0.485795454545,25,186,0,0,0,0
316,WLNM_dir_neg,0.411261417505,0.329640831528,00:00:17,10,10,36,1233943471,threshold_sweep,0.1,0.512195121951,0.112903225806,0.185022026432,21,20,165,352,0.112903225806,0.94623655914,0.0537634408602,0.887096774194,0.512195121951,0.112903225806,0.185022026432,0.668458781362,0.642174432497,0.0734557595993,0.106849005198,0.0591397849462,342,156,186,0,342,0,156,0,186,37,342,0.256756756757,1.72528881811,18.4864864865,15.5454545455,9.77142857143,5.36771015539,0.290358590277,0.142642642643,9.50849154237,1.02869645341,0.544491860281,8.05331334643,0.871264894205,0.461830251304,0.640599570326,0.371299902718,2,1.72528881811,0.640599570326,2,0.344071394247,0.376569037657,810,0.104247104247,0.56957682835,37,37,37,1,0,0.405405405405,0.540540540541,0.0540540540541,37,0.117117117117,2.18635635636,8.43243243243,7.09090909091,4.45714285714,5.03620525429,0.597242289772,0.326923076923,6.00062559301,1.42322530091,0.680526680527,3.83793300225,0.910278981302,0.463617463617,1.32204914232,0.604681454823,4.3462962963,2.18635635636,1.32204914232,4.3462962963,0,0,0,0,0.160896782956,37,37,37,1,0,0.405405405405,0.540540540541,0.0540540540541,37,197,0.147897897898,12.794430158,10.6486486486,6.35483870968,5.47222222222,4.75053339822,0.446116080543,0.242282892029,5.90223147092,1.10854093616,0.567155988476,3.73462815384,0.701427622802,0.377006448072,5.76688403969,0.450733949731,17.6157737669,12.794430158,5.76688403969,17.6157737669,0.170549120549,0.0822841726619,61,0.00785070785071,0.198306935352,37,37,37,1,0,0.162162162162,0.810810810811,0.027027027027,-145,-0.108858858859,11.0691413399,-7.83783783784,-9.19061583578,-4.29920634921,-0.617176757177,0.155757490266,0.0996402493864,-3.60626007145,0.0798444827481,0.0226641281945,-4.3186851926,-0.169837271403,-0.0848238032315,5.12628446937,0.0794340470135,15.6157737669,11.0691413399,5.12628446937,15.6157737669,-0.173522273698,-0.294284864995,-749,-0.0963963963964,-0.371269892998,-0.243243243243,0.27027027027,-0.027027027027,177,20,165,970,0.517543859649,0.979797979798,0.020202020202,0.482456140351,0.89847715736,0.517543859649,0.656771799629,0.612004482091,0.497341839447,0.488950276243,41,186,0,0,0,0
317,WLNM_dir_neg,0.411261417505,0.329640831528,00:00:17,10,10,36,1233943471,threshold_sweep,0.2,0.473684210526,0.0967741935484,0.160714285714,18,20,168,352,0.0967741935484,0.94623655914,0.0537634408602,0.903225806452,0.473684210526,0.0967741935484,0.160714285714,0.663082437276,0.643966547192,0.0536912751678,0.0804843636586,0.0430107526882,342,156,186,0,342,0,156,0,186,37,342,0.256756756757,1.72528881811,18.4864864865,15.5454545455,9.77142857143,5.36771015539,0.290358590277,0.142642642643,9.50849154237,1.02869645341,0.544491860281,8.05331334643,0.871264894205,0.461830251304,0.640599570326,0.371299902718,2,1.72528881811,0.640599570326,2,0.344071394247,0.376569037657,810,0.104247104247,0.56957682835,37,37,37,1,0,0.405405405405,0.540540540541,0.0540540540541,37,0.117117117117,2.18635635636,8.43243243243,7.09090909091,4.45714285714,5.03620525429,0.597242289772,0.326923076923,6.00062559301,1.42322530091,0.680526680527,3.83793300225,0.910278981302,0.463617463617,1.32204914232,0.604681454823,4.3462962963,2.18635635636,1.32204914232,4.3462962963,0,0,0,0,0.160896782956,37,37,37,1,0,0.405405405405,0.540540540541,0.0540540540541,37,194,0.145645645646,12.0738404967,10.4864864865,6.25806451613,5.38888888889,4.54985727262,0.433878141977,0.235720256339,5.80902270135,1.10790639149,0.567288938423,3.74466587595,0.71418885263,0.382836444692,5.41185411854,0.448229717794,16.6136934091,12.0738404967,5.41185411854,16.6136934091,0.137914759587,0.0660731021556,47,0.00604890604891,0.196530426141,37,37,37,1,0,0.162162162162,0.810810810811,0.027027027027,-148,-0.111111111111,10.3485516786,-8,-9.28739002933,-4.38253968254,-0.817852882775,0.143519551699,0.0930776136962,-3.69946884103,0.0792099380789,0.0227970781416,-4.30864747048,-0.157076041575,-0.0789938066118,4.77125454822,0.0769298150764,14.6136934091,10.3485516786,4.77125454822,14.6136934091,-0.206156634661,-0.310495935501,-763,-0.0981981981982,-0.373046402208,-0.243243243243,0.27027027027,-0.027027027027,174,20,168,970,0.508771929825,0.979797979798,0.020202020202,0.491228070175,0.896907216495,0.508771929825,0.649253731343,0.605041787115,0.488569909623,0.480662983425,38,186,0,0,0,0
318,WLNM_dir_neg,0.411261417505,0.329640831528,00:00:17,10,10,36,1233943471,threshold_sweep,0.3,0.642857142857,0.0967741935484,0.168224299065,18,10,168,362,0.0967741935484,0.97311827957,0.0268817204301,0.903225806452,0.642857142857,0.0967741935484,0.168224299065,0.681003584229,0.649940262843,0.0887372013652,0.150918124569,0.0698924731183,342,156,186,0,342,0,156,0,186,37,342,0.256756756757,1.72528881811,18.4864864865,15.5454545455,9.77142857143,5.36771015539,0.290358590277,0.142642642643,9.50849154237,1.02869645341,0.544491860281,8.05331334643,0.871264894205,0.461830251304,0.640599570326,0.371299902718,2,1.72528881811,0.640599570326,2,0.344071394247,0.376569037657,810,0.104247104247,0.56957682835,37,37,37,1,0,0.405405405405,0.540540540541,0.0540540540541,37,0.117117117117,2.18635635636,8.43243243243,7.09090909091,4.45714285714,5.03620525429,0.597242289772,0.326923076923,6.00062559301,1.42322530091,0.680526680527,3.83793300225,0.910278981302,0.463617463617,1.32204914232,0.604681454823,4.3462962963,2.18635635636,1.32204914232,4.3462962963,0,0,0,0,0.160896782956,37,37,37,1,0,0.405405405405,0.540540540541,0.0540540540541,37,184,0.138138138138,2.59560153493,9.94594594595,8.36363636364,5.11111111111,4.29434994399,0.431768880238,0.230464159812,6.01150048974,1.20883433761,0.617802585194,3.4277177902,0.689269338247,0.372209165687,1.73608024695,0.668854684968,4.77463895394,2.59560153493,1.73608024695,4.77463895394,0.114450780859,0.0406461698801,26,0.0033462033462,0.191615084969,37,37,37,1,0,0.405405405405,0.567567567568,0.027027027027,-158,-0.118618618619,0.87031271681,-8.54054054054,-7.18181818182,-4.66031746032,-1.0733602114,0.141410289961,0.0878215171693,-3.49699105264,0.180137884196,0.0733107249126,-4.62559555623,-0.181995555958,-0.0896210856165,1.09548067662,0.297554782251,2.77463895394,0.87031271681,1.09548067662,2.77463895394,-0.229620613388,-0.335922867777,-784,-0.100900900901,-0.377961743381,0,0.027027027027,-0.027027027027,174,10,168,980,0.508771929825,0.989898989899,0.010101010101,0.491228070175,0.945652173913,0.508771929825,0.661596958175,0.631342226648,0.498670919724,0.494318181818,28,186,0,0,0,0
319,WLNM_dir_neg,0.411261417505,0.329640831528,00:00:17,10,10,36,1233943471,threshold_sweep,0.4,0.642857142857,0.0967741935484,0.168224299065,18,10,168,362,0.0967741935484,0.97311827957,0.0268817204301,0.903225806452,0.642857142857,0.0967741935484,0.168224299065,0.681003584229,0.649940262843,0.0887372013652,0.150918124569,0.0698924731183,342,156,186,0,342,0,156,0,186,37,342,0.256756756757,1.72528881811,18.4864864865,15.5454545455,9.77142857143,5.36771015539,0.290358590277,0.142642642643,9.50849154237,1.02869645341,0.544491860281,8.05331334643,0.871264894205,0.461830251304,0.640599570326,0.371299902718,2,1.72528881811,0.640599570326,2,0.344071394247,0.376569037657,810,0.104247104247,0.56957682835,37,37,37,1,0,0.405405405405,0.540540540541,0.0540540540541,37,0.117117117117,2.18635635636,8.43243243243,7.09090909091,4.45714285714,5.03620525429,0.597242289772,0.326923076923,6.00062559301,1.42322530091,0.680526680527,3.83793300225,0.910278981302,0.463617463617,1.32204914232,0.604681454823,4.3462962963,2.18635635636,1.32204914232,4.3462962963,0,0,0,0,0.160896782956,37,37,37,1,0,0.405405405405,0.540540540541,0.0540540540541,37,184,0.138138138138,2.59560153493,9.94594594595,8.36363636364,5.11111111111,4.29434994399,0.431768880238,0.230464159812,6.01150048974,1.20883433761,0.617802585194,3.4277177902,0.689269338247,0.372209165687,1.73608024695,0.668854684968,4.77463895394,2.59560153493,1.73608024695,4.77463895394,0.114450780859,0.0406461698801,26,0.0033462033462,0.191615084969,37,37,37,1,0,0.405405405405,0.567567567568,0.027027027027,-158,-0.118618618619,0.87031271681,-8.54054054054,-7.18181818182,-4.66031746032,-1.0733602114,0.141410289961,0.0878215171693,-3.49699105264,0.180137884196,0.0733107249126,-4.62559555623,-0.181995555958,-0.0896210856165,1.09548067662,0.297554782251,2.77463895394,0.87031271681,1.09548067662,2.77463895394,-0.229620613388,-0.335922867777,-784,-0.100900900901,-0.377961743381,0,0.027027027027,-0.027027027027,174,10,168,980,0.508771929825,0.989898989899,0.010101010101,0.491228070175,0.945652173913,0.508771929825,0.661596958175,0.631342226648,0.498670919724,0.494318181818,28,186,0,0,0,0
320,WLNM_dir_neg,0.411261417505,0.329640831528,00:00:17,10,10,36,1233943471,threshold_sweep,0.5,0.625,0.0806451612903,0.142857142857,15,9,171,363,0.0806451612903,0.975806451613,0.0241935483871,0.91935483871,0.625,0.0806451612903,0.142857142857,0.677419354839,0.652329749104,0.0721649484536,0.131168045574,0.0564516129032,342,156,186,0,342,0,156,0,186,37,342,0.256756756757,1.72528881811,18.4864864865,15.5454545455,9.77142857143,5.36771015539,0.290358590277,0.142642642643,9.50849154237,1.02869645341,0.544491860281,8.05331334643,0.871264894205,0.461830251304,0.640599570326,0.371299902718,2,1.72528881811,0.640599570326,2,0.344071394247,0.376569037657,810,0.104247104247,0.56957682835,37,37,37,1,0,0.405405405405,0.540540540541,0.0540540540541,37,0.117117117117,2.18635635636,8.43243243243,7.09090909091,4.45714285714,5.03620525429,0.597242289772,0.326923076923,6.00062559301,1.42322530091,0.680526680527,3.83793300225,0.910278981302,0.463617463617,1.32204914232,0.604681454823,4.3462962963,2.18635635636,1.32204914232,4.3462962963,0,0,0,0,0.160896782956,37,37,37,1,0,0.405405405405,0.540540540541,0.0540540540541,37,180,0.135135135135,2.38883156555,9.72972972973,8.18181818182,5,4.39474843578,0.451682478122,0.243093093093,6.01000167389,1.23538923297,0.628828828829,3.42508849977,0.704045969396,0.376876876877,1.49614372,0.626307748765,4.40911771131,2.38883156555,1.49614372,4.40911771131,0.0753744667831,0.0241286863271,15,0.0019305019305,0.181047299191,37,37,37,1,0,0.405405405405,0.567567567568,0.027027027027,-162,-0.121621621622,0.663542747433,-8.75675675676,-7.36363636364,-4.77142857143,-0.972961719611,0.161323887845,0.10045045045,-3.49848986849,0.206692779551,0.0843369685475,-4.62822484667,-0.167218924808,-0.0849533744271,0.85554414967,0.255007846047,2.40911771131,0.663542747433,0.85554414967,2.40911771131,-0.268696927464,-0.35244035133,-795,-0.102316602317,-0.388529529159,0,0.027027027027,-0.027027027027,171,9,171,981,0.5,0.990909090909,0.00909090909091,0.5,0.95,0.5,0.655172413793,0.627291254667,0.490909090909,0.487179487179,24,186,0,0,0,0
321,WLNM_dir_neg,0.411261417505,0.329640831528,00:00:17,10,10,36,1233943471,threshold_sweep,0.6,0.625,0.0806451612903,0.142857142857,15,9,171,363,0.0806451612903,0.975806451613,0.0241935483871,0.91935483871,0.625,0.0806451612903,0.142857142857,0.677419354839,0.652329749104,0.0721649484536,0.131168045574,0.0564516129032,342,156,186,0,342,0,156,0,186,37,342,0.256756756757,1.72528881811,18.4864864865,15.5454545455,9.77142857143,5.36771015539,0.290358590277,0.142642642643,9.50849154237,1.02869645341,0.544491860281,8.05331334643,0.871264894205,0.461830251304,0.640599570326,0.371299902718,2,1.72528881811,0.640599570326,2,0.344071394247,0.376569037657,810,0.104247104247,0.56957682835,37,37,37,1,0,0.405405405405,0.540540540541,0.0540540540541,37,0.117117117117,2.18635635636,8.43243243243,7.09090909091,4.45714285714,5.03620525429,0.597242289772,0.326923076923,6.00062559301,1.42322530091,0.680526680527,3.83793300225,0.910278981302,0.463617463617,1.32204914232,0.604681454823,4.3462962963,2.18635635636,1.32204914232,4.3462962963,0,0,0,0,0.160896782956,37,37,37,1,0,0.405405405405,0.540540540541,0.0540540540541,37,180,0.135135135135,2.38883156555,9.72972972973,8.18181818182,5,4.39474843578,0.451682478122,0.243093093093,6.01000167389,1.23538923297,0.628828828829,3.42508849977,0.704045969396,0.376876876877,1.49614372,0.626307748765,4.40911771131,2.38883156555,1.49614372,4.40911771131,0.0753744667831,0.0241286863271,15,0.0019305019305,0.181047299191,37,37,37,1,0,0.405405405405,0.567567567568,0.027027027027,-162,-0.121621621622,0.663542747433,-8.75675675676,-7.36363636364,-4.77142857143,-0.972961719611,0.161323887845,0.10045045045,-3.49848986849,0.206692779551,0.0843369685475,-4.62822484667,-0.167218924808,-0.0849533744271,0.85554414967,0.255007846047,2.40911771131,0.663542747433,0.85554414967,2.40911771131,-0.268696927464,-0.35244035133,-795,-0.102316602317,-0.388529529159,0,0.027027027027,-0.027027027027,171,9,171,981,0.5,0.990909090909,0.00909090909091,0.5,0.95,0.5,0.655172413793,0.627291254667,0.490909090909,0.487179487179,24,186,0,0,0,0
322,WLNM_dir_neg,0.411261417505,0.329640831528,00:00:17,10,10,36,1233943471,threshold_sweep,0.7,0.590909090909,0.0698924731183,0.125,13,9,173,363,0.0698924731183,0.975806451613,0.0241935483871,0.930107526882,0.590909090909,0.0698924731183,0.125,0.673835125448,0.653524492234,0.0586206896552,0.110698105478,0.0456989247312,342,156,186,0,342,0,156,0,186,37,342,0.256756756757,1.72528881811,18.4864864865,15.5454545455,9.77142857143,5.36771015539,0.290358590277,0.142642642643,9.50849154237,1.02869645341,0.544491860281,8.05331334643,0.871264894205,0.461830251304,0.640599570326,0.371299902718,2,1.72528881811,0.640599570326,2,0.344071394247,0.376569037657,810,0.104247104247,0.56957682835,37,37,37,1,0,0.405405405405,0.540540540541,0.0540540540541,37,0.117117117117,2.18635635636,8.43243243243,7.09090909091,4.45714285714,5.03620525429,0.597242289772,0.326923076923,6.00062559301,1.42322530091,0.680526680527,3.83793300225,0.910278981302,0.463617463617,1.32204914232,0.604681454823,4.3462962963,2.18635635636,1.32204914232,4.3462962963,0,0,0,0,0.160896782956,37,37,37,1,0,0.405405405405,0.540540540541,0.0540540540541,37,178,0.133633633634,2.36249462822,9.62162162162,8.09090909091,4.94444444444,4.4243728454,0.459836503594,0.246128150623,5.99924920227,1.24703494654,0.631035529912,3.45476995405,0.718126338764,0.382326146371,1.45977647398,0.617896208754,4.30245129685,2.36249462822,1.45977647398,4.30245129685,0.0702908116995,0.0226781857451,14,0.0018018018018,0.179477020023,37,37,37,1,0,0.405405405405,0.567567567568,0.027027027027,-164,-0.123123123123,0.637205810106,-8.86486486486,-7.45454545455,-4.82698412698,-0.943337309998,0.169477913317,0.10348550798,-3.5092423401,0.218338493125,0.0865436696306,-4.59854339238,-0.153138555441,-0.0795041049328,0.819176903653,0.246596306036,2.30245129685,0.637205810106,0.819176903653,2.30245129685,-0.273780582548,-0.353890851912,-796,-0.102445302445,-0.390099808327,0,0.027027027027,-0.027027027027,169,9,173,981,0.494152046784,0.990909090909,0.00909090909091,0.505847953216,0.949438202247,0.494152046784,0.65,0.622750702067,0.485061137693,0.481481481481,22,186,0,0,0,0
323,WLNM_dir_neg,0.411261417505,0.329640831528,00:00:17,10,10,36,1233943471,threshold_sweep,0.8,0.55,0.0591397849462,0.106796116505,11,9,175,363,0.0591397849462,0.975806451613,0.0241935483871,0.940860215054,0.55,0.0591397849462,0.106796116505,0.670250896057,0.654719235364,0.0449826989619,0.0886180560117,0.0349462365591,342,156,186,0,342,0,156,0,186,37,342,0.256756756757,1.72528881811,18.4864864865,15.5454545455,9.77142857143,5.36771015539,0.290358590277,0.142642642643,9.50849154237,1.02869645341,0.544491860281,8.05331334643,0.871264894205,0.461830251304,0.640599570326,0.371299902718,2,1.72528881811,0.640599570326,2,0.344071394247,0.376569037657,810,0.104247104247,0.56957682835,37,37,37,1,0,0.405405405405,0.540540540541,0.0540540540541,37,0.117117117117,2.18635635636,8.43243243243,7.09090909091,4.45714285714,5.03620525429,0.597242289772,0.326923076923,6.00062559301,1.42322530091,0.680526680527,3.83793300225,0.910278981302,0.463617463617,1.32204914232,0.604681454823,4.3462962963,2.18635635636,1.32204914232,4.3462962963,0,0,0,0,0.160896782956,37,37,37,1,0,0.405405405405,0.540540540541,0.0540540540541,37,176,0.132132132132,2.35848208846,9.51351351351,8,4.88888888889,4.45110237046,0.467871555986,0.249385749386,5.94140558288,1.24904549186,0.632678132678,3.49924916871,0.735637609332,0.390970515971,1.45467042129,0.616782475646,4.30245129685,2.35848208846,1.45467042129,4.30245129685,0.0603118487793,0.0164744645799,10,0.001287001287,0.17887524085,37,37,37,1,0,0.405405405405,0.567567567568,0.027027027027,-166,-0.124624624625,0.633193270349,-8.97297297297,-7.54545454545,-4.88253968254,-0.916607784934,0.177512965709,0.106743106743,-3.56708595949,0.220349038441,0.0881862723968,-4.55406417772,-0.135627284873,-0.0708597353334,0.814070850963,0.245482572928,2.30245129685,0.633193270349,0.814070850963,2.30245129685,-0.283759545468,-0.360094573077,-800,-0.10296010296,-0.3907015875,0,0.027027027027,-0.027027027027,167,9,175,981,0.488304093567,0.990909090909,0.00909090909091,0.511695906433,0.948863636364,0.488304093567,0.644787644788,0.618193105996,0.479213184476,0.475783475783,20,186,0,0,0,0
324,WLNM_dir_neg,0.411261417505,0.329640831528,00:00:17,10,10,36,1233943471,threshold_sweep,0.9,0.529411764706,0.0483870967742,0.0886699507389,9,8,177,364,0.0483870967742,0.978494623656,0.0215053763441,0.951612903226,0.529411764706,0.0483870967742,0.0886699507389,0.668458781362,0.65651135006,0.0347826086957,0.0737330007425,0.0268817204301,342,156,186,0,342,0,156,0,186,37,342,0.256756756757,1.72528881811,18.4864864865,15.5454545455,9.77142857143,5.36771015539,0.290358590277,0.142642642643,9.50849154237,1.02869645341,0.544491860281,8.05331334643,0.871264894205,0.461830251304,0.640599570326,0.371299902718,2,1.72528881811,0.640599570326,2,0.344071394247,0.376569037657,810,0.104247104247,0.56957682835,37,37,37,1,0,0.405405405405,0.540540540541,0.0540540540541,37,0.117117117117,2.18635635636,8.43243243243,7.09090909091,4.45714285714,5.03620525429,0.597242289772,0.326923076923,6.00062559301,1.42322530091,0.680526680527,3.83793300225,0.910278981302,0.463617463617,1.32204914232,0.604681454823,4.3462962963,2.18635635636,1.32204914232,4.3462962963,0,0,0,0,0.160896782956,37,37,37,1,0,0.405405405405,0.540540540541,0.0540540540541,37,173,0.12987987988,2.33705224627,9.35135135135,7.86363636364,4.80555555556,4.40464537743,0.471016991228,0.25136697391,5.90223147092,1.26232696199,0.636150601469,3.55163541402,0.759598325542,0.403062021559,1.4254116323,0.609918599197,4.24186541519,2.33705224627,1.4254116323,4.24186541519,0.060676499144,0.0169204737733,10,0.001287001287,0.176803154687,37,37,37,1,0,0.405405405405,0.567567567568,0.027027027027,-169,-0.126876876877,0.611763428158,-9.13513513514,-7.68181818182,-4.96587301587,-0.963064777965,0.180658400951,0.108724331268,-3.60626007145,0.233630508574,0.0916587411872,-4.50167793242,-0.111666568663,-0.0587682297448,0.784812061971,0.238618696479,2.24186541519,0.611763428158,0.784812061971,2.24186541519,-0.283394895103,-0.359648563884,-800,-0.10296010296,-0.392773673663,0,0.027027027027,-0.027027027027,165,8,177,982,0.482456140351,0.991919191919,0.00808080808081,0.517543859649,0.953757225434,0.482456140351,0.640776699029,0.616435978048,0.47437533227,0.471428571429,17,186,0,0,0,0
325,WLNM_dir_neg,0.468023759972,0.382960236939,00:00:14,10,10,37,1233943472,threshold_sweep,0.1,0.54,0.145161290323,0.228813559322,27,23,159,349,0.145161290323,0.938172043011,0.0618279569892,0.854838709677,0.54,0.145161290323,0.228813559322,0.673835125448,0.636798088411,0.101973684211,0.137540258959,0.0833333333333,342,156,186,0,342,0,156,0,186,37,342,0.256756756757,1.72528881811,18.4864864865,15.5454545455,9.77142857143,5.36771015539,0.290358590277,0.142642642643,9.50849154237,1.02869645341,0.544491860281,8.05331334643,0.871264894205,0.461830251304,0.640599570326,0.371299902718,2,1.72528881811,0.640599570326,2,0.344071394247,0.376569037657,810,0.104247104247,0.56957682835,37,37,37,1,0,0.405405405405,0.540540540541,0.0540540540541,37,0.117117117117,2.18635635636,8.43243243243,7.09090909091,4.45714285714,5.03620525429,0.597242289772,0.326923076923,6.00062559301,1.42322530091,0.680526680527,3.83793300225,0.910278981302,0.463617463617,1.32204914232,0.604681454823,4.3462962963,2.18635635636,1.32204914232,4.3462962963,0,0,0,0,0.160896782956,37,37,37,1,0,0.405405405405,0.540540540541,0.0540540540541,37,206,0.154654654655,11.2919877738,11.1351351351,6.4375,5.72222222222,5.14329208323,0.461897589999,0.247835213855,5.98396255067,1.07478939017,0.558908422986,3.60200978267,0.646962922131,0.353450537917,4.36309447852,0.386388523078,13.3711773145,11.2919877738,4.36309447852,13.3711773145,0.15520435296,0.105704697987,84,0.0108108108108,0.186368937168,37,37,37,1,0,0.135135135135,0.837837837838,0.027027027027,-136,-0.102102102102,9.56669895567,-7.35135135135,-9.10795454545,-4.04920634921,-0.22441807216,0.171538999722,0.105192571212,-3.52452899171,0.0460929367539,0.0144165627048,-4.45130356376,-0.224301972074,-0.108379713387,3.7224949082,0.01508862036,11.3711773145,9.56669895567,3.7224949082,11.3711773145,-0.188867041288,-0.27086433967,-726,-0.0934362934363,-0.383207891182,-0.27027027027,0.297297297297,-0.027027027027,183,23,159,967,0.535087719298,0.976767676768,0.0232323232323,0.464912280702,0.888349514563,0.535087719298,0.667883211679,0.618408045231,0.511855396066,0.501369863014,50,186,0,0,0,0
326,WLNM_dir_neg,0.468023759972,0.382960236939,00:00:14,10,10,37,1233943472,threshold_sweep,0.2,0.541666666667,0.139784946237,0.222222222222,26,22,160,350,0.139784946237,0.940860215054,0.0591397849462,0.860215053763,0.541666666667,0.139784946237,0.222222222222,0.673835125448,0.637992831541,0.0990099009901,0.135581536137,0.0806451612903,342,156,186,0,342,0,156,0,186,37,342,0.256756756757,1.72528881811,18.4864864865,15.5454545455,9.77142857143,5.36771015539,0.290358590277,0.142642642643,9.50849154237,1.02869645341,0.544491860281,8.05331334643,0.871264894205,0.461830251304,0.640599570326,0.371299902718,2,1.72528881811,0.640599570326,2,0.344071394247,0.376569037657,810,0.104247104247,0.56957682835,37,37,37,1,0,0.405405405405,0.540540540541,0.0540540540541,37,0.117117117117,2.18635635636,8.43243243243,7.09090909091,4.45714285714,5.03620525429,0.597242289772,0.326923076923,6.00062559301,1.42322530091,0.680526680527,3.83793300225,0.910278981302,0.463617463617,1.32204914232,0.604681454823,4.3462962963,2.18635635636,1.32204914232,4.3462962963,0,0,0,0,0.160896782956,37,37,37,1,0,0.405405405405,0.540540540541,0.0540540540541,37,204,0.153153153153,11.2143895897,11.027027027,6.375,5.66666666667,5.18269817377,0.469999589288,0.251987281399,5.94708902471,1.07863869566,0.558823529412,3.63334573103,0.658989176707,0.359565447801,4.3297150246,0.386085661639,13.2933531183,11.2143895897,4.3297150246,13.2933531183,0.145466043221,0.100765306122,79,0.0101673101673,0.186027273534,37,37,37,1,0,0.135135135135,0.837837837838,0.027027027027,-138,-0.103603603604,9.48910077154,-7.45945945946,-9.17045454545,-4.10476190476,-0.185011981627,0.179640999011,0.109344638756,-3.56140251766,0.049942242244,0.0143316691304,-4.4199676154,-0.212275717498,-0.102264803503,3.68911545427,0.0147857589211,11.2933531183,9.48910077154,3.68911545427,11.2933531183,-0.198605351026,-0.275803731534,-731,-0.0940797940798,-0.383549554816,-0.27027027027,0.297297297297,-0.027027027027,182,22,160,968,0.53216374269,0.977777777778,0.0222222222222,0.46783625731,0.892156862745,0.53216374269,0.666666666667,0.618559371864,0.509941520468,0.5,48,186,0,0,0,0
327,WLNM_dir_neg,0.468023759972,0.382960236939,00:00:14,10,10,37,1233943472,threshold_sweep,0.3,0.533333333333,0.129032258065,0.207792207792,24,21,162,351,0.129032258065,0.943548387097,0.0564516129032,0.870967741935,0.533333333333,0.129032258065,0.207792207792,0.672043010753,0.639784946237,0.089552238806,0.125656172488,0.0725806451613,342,156,186,0,342,0,156,0,186,37,342,0.256756756757,1.72528881811,18.4864864865,15.5454545455,9.77142857143,5.36771015539,0.290358590277,0.142642642643,9.50849154237,1.02869645341,0.544491860281,8.05331334643,0.871264894205,0.461830251304,0.640599570326,0.371299902718,2,1.72528881811,0.640599570326,2,0.344071394247,0.376569037657,810,0.104247104247,0.56957682835,37,37,37,1,0,0.405405405405,0.540540540541,0.0540540540541,37,0.117117117117,2.18635635636,8.43243243243,7.09090909091,4.45714285714,5.03620525429,0.597242289772,0.326923076923,6.00062559301,1.42322530091,0.680526680527,3.83793300225,0.910278981302,0.463617463617,1.32204914232,0.604681454823,4.3462962963,2.18635635636,1.32204914232,4.3462962963,0,0,0,0,0.160896782956,37,37,37,1,0,0.405405405405,0.540540540541,0.0540540540541,37,201,0.150900900901,6.81047167283,10.8648648649,6.48387096774,5.58333333333,5.04514156922,0.464353826023,0.250100847116,5.95137958115,1.09552758459,0.566895253462,3.64798681574,0.671519961106,0.365738873202,2.99563826488,0.439857679289,8.64262241996,6.81047167283,2.99563826488,8.64262241996,0.133993668591,0.0856031128405,66,0.00849420849421,0.195199242169,37,37,37,1,0,0.162162162162,0.810810810811,0.027027027027,-141,-0.105855855856,5.08518285472,-7.62162162162,-9.06158357771,-4.1880952381,-0.322568586175,0.173995235745,0.107458204473,-3.55711196123,0.0668311311748,0.0224033931811,-4.40532653069,-0.199744933099,-0.0960913781024,2.35503869455,0.0685577765718,6.64262241996,5.08518285472,2.35503869455,6.64262241996,-0.210077725656,-0.290965924816,-744,-0.0957528957529,-0.374377586181,-0.243243243243,0.27027027027,-0.027027027027,180,21,162,969,0.526315789474,0.978787878788,0.0212121212121,0.473684210526,0.89552238806,0.526315789474,0.662983425414,0.616427267955,0.505103668262,0.495867768595,45,186,0,0,0,0
328,WLNM_dir_neg,0.468023759972,0.382960236939,00:00:14,10,10,37,1233943472,threshold_sweep,0.4,0.666666666667,0.118279569892,0.200913242009,22,11,164,361,0.118279569892,0.970430107527,0.0295698924731,0.881720430108,0.666666666667,0.118279569892,0.200913242009,0.686379928315,0.646953405018,0.111675126904,0.177281052086,0.0887096774194,342,156,186,0,342,0,156,0,186,37,342,0.256756756757,1.72528881811,18.4864864865,15.5454545455,9.77142857143,5.36771015539,0.290358590277,0.142642642643,9.50849154237,1.02869645341,0.544491860281,8.05331334643,0.871264894205,0.461830251304,0.640599570326,0.371299902718,2,1.72528881811,0.640599570326,2,0.344071394247,0.376569037657,810,0.104247104247,0.56957682835,37,37,37,1,0,0.405405405405,0.540540540541,0.0540540540541,37,0.117117117117,2.18635635636,8.43243243243,7.09090909091,4.45714285714,5.03620525429,0.597242289772,0.326923076923,6.00062559301,1.42322530091,0.680526680527,3.83793300225,0.910278981302,0.463617463617,1.32204914232,0.604681454823,4.3462962963,2.18635635636,1.32204914232,4.3462962963,0,0,0,0,0.160896782956,37,37,37,1,0,0.405405405405,0.540540540541,0.0540540540541,37,189,0.141891891892,2.28557167168,10.2162162162,8.59090909091,5.25,4.55908820767,0.446259956835,0.237666237666,6.05889513114,1.18613290927,0.614900614901,3.36471712352,0.658701235822,0.359502359502,1.34758803426,0.589606552688,4.16114655076,2.28557167168,1.34758803426,4.16114655076,0.104592829051,0.0472440944882,32,0.0041184041184,0.196593444801,37,37,37,1,0,0.405405405405,0.567567567568,0.027027027027,-153,-0.114864864865,0.560282853566,-8.27027027027,-6.95454545455,-4.52142857143,-0.808621947727,0.155901366558,0.0950235950236,-3.44959641123,0.157436455857,0.0704087546193,-4.68859622291,-0.212563658383,-0.102327891802,0.706988463936,0.218306649971,2.16114655076,0.560282853566,0.706988463936,2.16114655076,-0.239478565196,-0.329324943169,-778,-0.100128700129,-0.372983383549,0,0.027027027027,-0.027027027027,178,11,164,979,0.520467836257,0.988888888889,0.0111111111111,0.479532163743,0.941798941799,0.520467836257,0.670433145009,0.637673952837,0.509356725146,0.504249291785,33,186,0,0,0,0
329,WLNM_dir_neg,0.468023759972,0.382960236939,00:00:14,10,10,37,1233943472,threshold_sweep,0.5,0.633333333333,0.102150537634,0.175925925926,19,11,167,361,0.102150537634,0.970430107527,0.0295698924731,0.897849462366,0.633333333333,0.102150537634,0.175925925926,0.681003584229,0.648745519713,0.0918367346939,0.151694969054,0.0725806451613,342,156,186,0,342,0,156,0,186,37,342,0.256756756757,1.72528881811,18.4864864865,15.5454545455,9.77142857143,5.36771015539,0.290358590277,0.142642642643,9.50849154237,1.02869645341,0.544491860281,8.05331334643,0.871264894205,0.461830251304,0.640599570326,0.371299902718,2,1.72528881811,0.640599570326,2,0.344071394247,0.376569037657,810,0.104247104247,0.56957682835,37,37,37,1,0,0.405405405405,0.540540540541,0.0540540540541,37,0.117117117117,2.18635635636,8.43243243243,7.09090909091,4.45714285714,5.03620525429,0.597242289772,0.326923076923,6.00062559301,1.42322530091,0.680526680527,3.83793300225,0.910278981302,0.463617463617,1.32204914232,0.604681454823,4.3462962963,2.18635635636,1.32204914232,4.3462962963,0,0,0,0,0.160896782956,37,37,37,1,0,0.405405405405,0.540540540541,0.0540540540541,37,186,0.13963963964,2.28592013713,10.0540540541,8.45454545455,5.16666666667,4.44063274987,0.441675838025,0.232781168265,5.97906759029,1.18938441312,0.617262423714,3.43581210266,0.683467998917,0.372275501308,1.34763982883,0.589539331204,4.12844933475,2.28592013713,1.34763982883,4.12844933475,0.102663566828,0.0455235204856,30,0.003861003861,0.196038112828,37,37,37,1,0,0.405405405405,0.567567567568,0.027027027027,-156,-0.117117117117,0.560631319011,-8.43243243243,-7.09090909091,-4.60476190476,-0.927077405523,0.151317247748,0.0901385256224,-3.52942395209,0.160687959707,0.0727705634327,-4.61750124377,-0.187796895288,-0.0895547499962,0.7070402585,0.218239428486,2.12844933475,0.560631319011,0.7070402585,2.12844933475,-0.24140782742,-0.331045517171,-780,-0.100386100386,-0.373538715522,0,0.027027027027,-0.027027027027,175,11,167,979,0.511695906433,0.988888888889,0.0111111111111,0.488304093567,0.940860215054,0.511695906433,0.662878787879,0.630898541898,0.500584795322,0.495750708215,30,186,0,0,0,0
330,WLNM_dir_neg,0.468023759972,0.382960236939,00:00:14,10,10,37,1233943472,threshold_sweep,0.6,0.681818181818,0.0806451612903,0.144230769231,15,7,171,365,0.0806451612903,0.981182795699,0.0188172043011,0.91935483871,0.681818181818,0.0806451612903,0.144230769231,0.681003584229,0.653524492234,0.0793103448276,0.149768025058,0.0618279569892,342,156,186,0,342,0,156,0,186,37,342,0.256756756757,1.72528881811,18.4864864865,15.5454545455,9.77142857143,5.36771015539,0.290358590277,0.142642642643,9.50849154237,1.02869645341,0.544491860281,8.05331334643,0.871264894205,0.461830251304,0.640599570326,0.371299902718,2,1.72528881811,0.640599570326,2,0.344071394247,0.376569037657,810,0.104247104247,0.56957682835,37,37,37,1,0,0.405405405405,0.540540540541,0.0540540540541,37,0.117117117117,2.18635635636,8.43243243243,7.09090909091,4.45714285714,5.03620525429,0.597242289772,0.326923076923,6.00062559301,1.42322530091,0.680526680527,3.83793300225,0.910278981302,0.463617463617,1.32204914232,0.604681454823,4.3462962963,2.18635635636,1.32204914232,4.3462962963,0,0,0,0,0.160896782956,37,37,37,1,0,0.405405405405,0.540540540541,0.0540540540541,37,178,0.133633633634,2.2597032679,9.62162162162,8.09090909091,4.94444444444,4.46188395282,0.463735129928,0.24536896447,5.92470270158,1.23153932561,0.629517157607,3.52639127657,0.733013917039,0.395080473732,1.3112299419,0.580266427243,3.86478968537,2.2597032679,1.3112299419,3.86478968537,0.0855070904607,0.0272581507215,17,0.0021879021879,0.187441503055,37,37,37,1,0,0.405405405405,0.567567567568,0.027027027027,-164,-0.123123123123,0.534414449789,-8.86486486486,-7.45454545455,-4.82698412698,-0.905826202576,0.173376539651,0.102726321827,-3.5837888408,0.202842872194,0.0850252973257,-4.52692206987,-0.138250977166,-0.0667497775718,0.67063037157,0.208966524526,1.86478968537,0.534414449789,0.67063037157,1.86478968537,-0.258564303787,-0.349310886935,-793,-0.102059202059,-0.382135325295,0,0.027027027027,-0.027027027027,171,7,171,983,0.5,0.992929292929,0.00707070707071,0.5,0.960674157303,0.5,0.657692307692,0.63285231363,0.492929292929,0.489971346705,22,186,0,0,0,0
331,WLNM_dir_neg,0.468023759972,0.382960236939,00:00:14,10,10,37,1233943472,threshold_sweep,0.7,0.736842105263,0.0752688172043,0.136585365854,14,5,172,367,0.0752688172043,0.986559139785,0.0134408602151,0.924731182796,0.736842105263,0.0752688172043,0.136585365854,0.682795698925,0.65531660693,0.0797227036395,0.160709538929,0.0618279569892,342,156,186,0,342,0,156,0,186,37,342,0.256756756757,1.72528881811,18.4864864865,15.5454545455,9.77142857143,5.36771015539,0.290358590277,0.142642642643,9.50849154237,1.02869645341,0.544491860281,8.05331334643,0.871264894205,0.461830251304,0.640599570326,0.371299902718,2,1.72528881811,0.640599570326,2,0.344071394247,0.376569037657,810,0.104247104247,0.56957682835,37,37,37,1,0,0.405405405405,0.540540540541,0.0540540540541,37,0.117117117117,2.18635635636,8.43243243243,7.09090909091,4.45714285714,5.03620525429,0.597242289772,0.326923076923,6.00062559301,1.42322530091,0.680526680527,3.83793300225,0.910278981302,0.463617463617,1.32204914232,0.604681454823,4.3462962963,2.18635635636,1.32204914232,4.3462962963,0,0,0,0,0.160896782956,37,37,37,1,0,0.405405405405,0.540540540541,0.0540540540541,37,175,0.131381381381,2.22954077701,9.45945945946,7.95454545455,4.86111111111,4.47582763665,0.473158921589,0.25111969112,5.92381562775,1.25246387558,0.63444015444,3.57187041454,0.755195459074,0.404015444015,1.26931754421,0.56931793188,3.596996997,2.22954077701,1.26931754421,3.596996997,0.0740420207912,0.0197910940077,12,0.0015444015444,0.185792466665,37,37,37,1,0,0.405405405405,0.567567567568,0.027027027027,-167,-0.125375375375,0.504251958898,-9.02702702703,-7.59090909091,-4.91031746032,-0.89188251874,0.182800331312,0.108477048477,-3.58467591462,0.223767422167,0.0899482941588,-4.4814429319,-0.116069435131,-0.0578148072885,0.628717973884,0.198018029162,1.596996997,0.504251958898,0.628717973884,1.596996997,-0.270029373456,-0.356777943649,-798,-0.102702702703,-0.383784361685,0,0.027027027027,-0.027027027027,170,5,172,985,0.497076023392,0.994949494949,0.00505050505051,0.502923976608,0.971428571429,0.497076023392,0.657640232108,0.636257000931,0.492025518341,0.489913544669,19,186,0,0,0,0
332,WLNM_dir_neg,0.468023759972,0.382960236939,00:00:14,10,10,37,1233943472,threshold_sweep,0.8,0.777777777778,0.0752688172043,0.137254901961,14,4,172,368,0.0752688172043,0.989247311828,0.010752688172,0.924731182796,0.777777777778,0.0752688172043,0.137254901961,0.68458781362,0.655913978495,0.0833333333333,0.172132593165,0.0645161290323,342,156,186,0,342,0,156,0,186,37,342,0.256756756757,1.72528881811,18.4864864865,15.5454545455,9.77142857143,5.36771015539,0.290358590277,0.142642642643,9.50849154237,1.02869645341,0.544491860281,8.05331334643,0.871264894205,0.461830251304,0.640599570326,0.371299902718,2,1.72528881811,0.640599570326,2,0.344071394247,0.376569037657,810,0.104247104247,0.56957682835,37,37,37,1,0,0.405405405405,0.540540540541,0.0540540540541,37,0.117117117117,2.18635635636,8.43243243243,7.09090909091,4.45714285714,5.03620525429,0.597242289772,0.326923076923,6.00062559301,1.42322530091,0.680526680527,3.83793300225,0.910278981302,0.463617463617,1.32204914232,0.604681454823,4.3462962963,2.18635635636,1.32204914232,4.3462962963,0,0,0,0,0.160896782956,37,37,37,1,0,0.405405405405,0.540540540541,0.0540540540541,37,174,0.130630630631,2.23842223104,9.40540540541,7.90909090909,4.83333333333,4.44384380326,0.472477645749,0.251320285803,5.92951592958,1.26087407698,0.636533084809,3.58131621416,0.761544252437,0.406026716372,1.28115538365,0.572347507045,3.62290862291,2.23842223104,1.28115538365,3.62290862291,0.074961516138,0.0200445434298,12,0.0015444015444,0.183703954493,37,37,37,1,0,0.405405405405,0.567567567568,0.027027027027,-168,-0.126126126126,0.513133412925,-9.08108108108,-7.63636363636,-4.9380952381,-0.923866352136,0.182119055471,0.10867764316,-3.57897561279,0.232177623565,0.0920412245276,-4.47199713227,-0.109720641768,-0.0558035349324,0.640555813324,0.201047604327,1.62290862291,0.513133412925,0.640555813324,1.62290862291,-0.269109878109,-0.356524494227,-798,-0.102702702703,-0.385872873857,0,0.027027027027,-0.027027027027,170,4,172,986,0.497076023392,0.99595959596,0.0040404040404,0.502923976608,0.977011494253,0.497076023392,0.658914728682,0.63911651865,0.493035619351,0.491329479769,18,186,0,0,0,0
333,WLNM_dir_neg,0.468023759972,0.382960236939,00:00:14,10,10,37,1233943472,threshold_sweep,0.9,0.8125,0.0698924731183,0.128712871287,13,3,173,369,0.0698924731183,0.991935483871,0.00806451612903,0.930107526882,0.8125,0.0698924731183,0.128712871287,0.68458781362,0.657108721625,0.0801393728223,0.174643812529,0.0618279569892,342,156,186,0,342,0,156,0,186,37,342,0.256756756757,1.72528881811,18.4864864865,15.5454545455,9.77142857143,5.36771015539,0.290358590277,0.142642642643,9.50849154237,1.02869645341,0.544491860281,8.05331334643,0.871264894205,0.461830251304,0.640599570326,0.371299902718,2,1.72528881811,0.640599570326,2,0.344071394247,0.376569037657,810,0.104247104247,0.56957682835,37,37,37,1,0,0.405405405405,0.540540540541,0.0540540540541,37,0.117117117117,2.18635635636,8.43243243243,7.09090909091,4.45714285714,5.03620525429,0.597242289772,0.326923076923,6.00062559301,1.42322530091,0.680526680527,3.83793300225,0.910278981302,0.463617463617,1.32204914232,0.604681454823,4.3462962963,2.18635635636,1.32204914232,4.3462962963,0,0,0,0,0.160896782956,37,37,37,1,0,0.405405405405,0.540540540541,0.0540540540541,37,172,0.129129129129,2.22347369535,9.2972972973,7.81818181818,4.77777777778,4.47750466756,0.481592071802,0.257699560025,5.94519514779,1.27890825854,0.641734758014,3.61490906768,0.777625787814,0.411690760528,1.28681761466,0.578742000568,3.93254206588,2.22347369535,1.28681761466,3.93254206588,0.0794237514826,0.018675721562,11,0.0014157014157,0.181905498655,37,37,37,1,0,0.405405405405,0.567567567568,0.027027027027,-170,-0.127627627628,0.498184877231,-9.18918918919,-7.72727272727,-4.99365079365,-0.89020548783,0.191233481525,0.115056917382,-3.56329639458,0.250211805122,0.0972428977325,-4.43840427876,-0.0936391063908,-0.050139490776,0.646218044329,0.20744209785,1.93254206588,0.498184877231,0.646218044329,1.93254206588,-0.264647642765,-0.357893316095,-799,-0.102831402831,-0.387671329695,0,0.027027027027,-0.027027027027,169,3,173,987,0.494152046784,0.99696969697,0.0030303030303,0.505847953216,0.982558139535,0.494152046784,0.657587548638,0.639774011724,0.491121743753,0.489855072464,16,186,0,0,0,0
334,WLNM_dir_neg,0.333412822292,0.313760233927,00:00:14,10,10,38,1233943473,threshold_sweep,0.1,0.490196078431,0.134408602151,0.210970464135,25,26,161,346,0.134408602151,0.930107526882,0.0698924731183,0.865591397849,0.490196078431,0.134408602151,0.210970464135,0.664874551971,0.636200716846,0.0788177339901,0.105537590857,0.0645161290323,342,156,186,0,342,0,156,0,186,37,342,0.256756756757,1.72528881811,18.4864864865,15.5454545455,9.77142857143,5.36771015539,0.290358590277,0.142642642643,9.50849154237,1.02869645341,0.544491860281,8.05331334643,0.871264894205,0.461830251304,0.640599570326,0.371299902718,2,1.72528881811,0.640599570326,2,0.344071394247,0.376569037657,810,0.104247104247,0.56957682835,37,37,37,1,0,0.405405405405,0.540540540541,0.0540540540541,37,0.117117117117,2.21261261261,8.43243243243,7.09090909091,4.45714285714,5.04722443274,0.598549051319,0.327616077616,6.00525295579,1.42432281644,0.680873180873,3.83793300225,0.910278981302,0.463617463617,1.39215458577,0.629190386892,5.2,2.21261261261,1.39215458577,5.2,0,0,0,0,0.161113233172,37,37,37,1,0,0.405405405405,0.540540540541,0.0540540540541,37,207,0.155405405405,9.83161978004,11.1891891892,6.27272727273,5.59459459459,5.5168320108,0.493050203864,0.27092309701,5.8758425375,1.05027137144,0.538451494973,3.4274987597,0.61264470584,0.333725029377,3.47448128064,0.353398662517,11.4728927754,9.83161978004,3.47448128064,11.4728927754,0.186713595305,0.113636363636,90,0.011583011583,0.159271707384,37,37,37,1,0,0.108108108108,0.891891891892,0,-135,-0.101351351351,8.10633096192,-7.2972972973,-9.27272727273,-4.17683397683,0.149121855411,0.202691613587,0.128280454367,-3.63264900487,0.0215749180229,-0.0060403653081,-4.62581458673,-0.258620188365,-0.128105221927,2.83388171031,-0.0179012402008,9.4728927754,8.10633096192,2.83388171031,9.4728927754,-0.157357798942,-0.262932674021,-720,-0.0926640926641,-0.410305120966,-0.297297297297,0.351351351351,-0.0540540540541,181,26,161,964,0.529239766082,0.973737373737,0.0262626262626,0.470760233918,0.874396135266,0.529239766082,0.659380692168,0.606481368091,0.502977139819,0.491847826087,51,186,0,0,0,0
335,WLNM_dir_neg,0.333412822292,0.313760233927,00:00:14,10,10,38,1233943473,threshold_sweep,0.2,0.714285714286,0.134408602151,0.226244343891,25,10,161,362,0.134408602151,0.97311827957,0.0268817204301,0.865591397849,0.714285714286,0.134408602151,0.226244343891,0.693548387097,0.645758661888,0.134907251265,0.209054791948,0.10752688172,342,156,186,0,342,0,156,0,186,37,342,0.256756756757,1.72528881811,18.4864864865,15.5454545455,9.77142857143,5.36771015539,0.290358590277,0.142642642643,9.50849154237,1.02869645341,0.544491860281,8.05331334643,0.871264894205,0.461830251304,0.640599570326,0.371299902718,2,1.72528881811,0.640599570326,2,0.344071394247,0.376569037657,810,0.104247104247,0.56957682835,37,37,37,1,0,0.405405405405,0.540540540541,0.0540540540541,37,0.117117117117,2.21261261261,8.43243243243,7.09090909091,4.45714285714,5.04722443274,0.598549051319,0.327616077616,6.00525295579,1.42432281644,0.680873180873,3.83793300225,0.910278981302,0.463617463617,1.39215458577,0.629190386892,5.2,2.21261261261,1.39215458577,5.2,0,0,0,0,0.161113233172,37,37,37,1,0,0.405405405405,0.540540540541,0.0540540540541,37,191,0.143393393393,2.16734805128,10.3243243243,8.68181818182,5.16216216216,4.95005080812,0.479455182986,0.257676524692,6.21160881609,1.20329594867,0.618650063676,3.22760242555,0.625242354688,0.339040611292,1.21297280932,0.559657600265,3.63894966245,2.16734805128,1.21297280932,3.63894966245,0.158351843259,0.0707213578501,50,0.00643500643501,0.184953460508,37,37,37,1,0,0.405405405405,0.594594594595,0,-151,-0.113363363363,0.442059233165,-8.16216216216,-6.86363636364,-4.60926640927,-0.41765934727,0.189096592709,0.11503388205,-3.29688272629,0.174599495251,0.0741582033949,-4.82571092088,-0.246022539517,-0.122789640012,0.572373238993,0.188357697548,1.63894966245,0.442059233165,0.572373238993,1.63894966245,-0.185719550988,-0.305847679807,-760,-0.0978120978121,-0.384623367841,0,0.0540540540541,-0.0540540540541,181,10,161,980,0.529239766082,0.989898989899,0.010101010101,0.470760233918,0.947643979058,0.529239766082,0.679174484053,0.647074963587,0.519138755981,0.514204545455,35,186,0,0,0,0
336,WLNM_dir_neg,0.333412822292,0.313760233927,00:00:14,10,10,38,1233943473,threshold_sweep,0.3,0.705882352941,0.129032258065,0.218181818182,24,10,162,362,0.129032258065,0.97311827957,0.0268817204301,0.870967741935,0.705882352941,0.129032258065,0.218181818182,0.691756272401,0.646356033453,0.128378378378,0.201309141505,0.102150537634,342,156,186,0,342,0,156,0,186,37,342,0.256756756757,1.72528881811,18.4864864865,15.5454545455,9.77142857143,5.36771015539,0.290358590277,0.142642642643,9.50849154237,1.02869645341,0.544491860281,8.05331334643,0.871264894205,0.461830251304,0.640599570326,0.371299902718,2,1.72528881811,0.640599570326,2,0.344071394247,0.376569037657,810,0.104247104247,0.56957682835,37,37,37,1,0,0.405405405405,0.540540540541,0.0540540540541,37,0.117117117117,2.21261261261,8.43243243243,7.09090909091,4.45714285714,5.04722443274,0.598549051319,0.327616077616,6.00525295579,1.42432281644,0.680873180873,3.83793300225,0.910278981302,0.463617463617,1.39215458577,0.629190386892,5.2,2.21261261261,1.39215458577,5.2,0,0,0,0,0.161113233172,37,37,37,1,0,0.405405405405,0.540540540541,0.0540540540541,37,190,0.142642642643,2.17245092981,10.2702702703,8.63636363636,5.13513513514,4.8856288612,0.475705968064,0.255618776671,6.19211937404,1.20583377284,0.619630156472,3.23318008367,0.629619279452,0.340540540541,1.22167722219,0.562349743061,3.67575190969,2.17245092981,1.22167722219,3.67575190969,0.154592701342,0.0659971305595,46,0.00592020592021,0.184020458926,37,37,37,1,0,0.405405405405,0.594594594595,0,-152,-0.114114114114,0.447162111692,-8.21621621622,-6.90909090909,-4.63629343629,-0.482081294195,0.185347377787,0.112976134029,-3.31637216834,0.177137319424,0.0751382961909,-4.82013326276,-0.241645614753,-0.121289710763,0.581077651863,0.191049840343,1.67575190969,0.447162111692,0.581077651863,1.67575190969,-0.189478692905,-0.310571907097,-764,-0.0983268983269,-0.385556369424,0,0.0540540540541,-0.0540540540541,180,10,162,980,0.526315789474,0.989898989899,0.010101010101,0.473684210526,0.947368421053,0.526315789474,0.676691729323,0.644838905625,0.516214779373,0.511363636364,34,186,0,0,0,0
337,WLNM_dir_neg,0.333412822292,0.313760233927,00:00:14,10,10,38,1233943473,threshold_sweep,0.4,0.666666666667,0.10752688172,0.185185185185,20,10,166,362,0.10752688172,0.97311827957,0.0268817204301,0.89247311828,0.666666666667,0.10752688172,0.185185185185,0.68458781362,0.648745519713,0.102040816327,0.168549965616,0.0806451612903,342,156,186,0,342,0,156,0,186,37,342,0.256756756757,1.72528881811,18.4864864865,15.5454545455,9.77142857143,5.36771015539,0.290358590277,0.142642642643,9.50849154237,1.02869645341,0.544491860281,8.05331334643,0.871264894205,0.461830251304,0.640599570326,0.371299902718,2,1.72528881811,0.640599570326,2,0.344071394247,0.376569037657,810,0.104247104247,0.56957682835,37,37,37,1,0,0.405405405405,0.540540540541,0.0540540540541,37,0.117117117117,2.21261261261,8.43243243243,7.09090909091,4.45714285714,5.04722443274,0.598549051319,0.327616077616,6.00525295579,1.42432281644,0.680873180873,3.83793300225,0.910278981302,0.463617463617,1.39215458577,0.629190386892,5.2,2.21261261261,1.39215458577,5.2,0,0,0,0,0.161113233172,37,37,37,1,0,0.405405405405,0.540540540541,0.0540540540541,37,186,0.13963963964,2.19281338695,10.0540540541,8.45454545455,5.02702702703,4.61847705746,0.459364653565,0.246294681779,6.0804170475,1.20954532665,0.621912234815,3.29550608562,0.655557662193,0.351932577739,1.25532340819,0.572471609145,3.75693243723,2.19281338695,1.25532340819,3.75693243723,0.147091511952,0.0562310030395,37,0.0047619047619,0.181832494649,37,37,37,1,0,0.405405405405,0.594594594595,0,-156,-0.117117117117,0.467524568839,-8.43243243243,-7.09090909091,-4.7444015444,-0.749233097928,0.169006063288,0.103652039136,-3.42807449488,0.180848873237,0.0774203745341,-4.75780726081,-0.215707232012,-0.109897673565,0.614723837859,0.201171706428,1.75693243723,0.467524568839,0.614723837859,1.75693243723,-0.196979882295,-0.320338034617,-773,-0.0994851994852,-0.3877443337,0,0.0540540540541,-0.0540540540541,176,10,166,980,0.514619883041,0.989898989899,0.010101010101,0.485380116959,0.94623655914,0.514619883041,0.666666666667,0.63585675049,0.50451887294,0.5,30,186,0,0,0,0
338,WLNM_dir_neg,0.333412822292,0.313760233927,00:00:14,10,10,38,1233943473,threshold_sweep,0.5,0.642857142857,0.0967741935484,0.168224299065,18,10,168,362,0.0967741935484,0.97311827957,0.0268817204301,0.903225806452,0.642857142857,0.0967741935484,0.168224299065,0.681003584229,0.649940262843,0.0887372013652,0.150918124569,0.0698924731183,342,156,186,0,342,0,156,0,186,37,342,0.256756756757,1.72528881811,18.4864864865,15.5454545455,9.77142857143,5.36771015539,0.290358590277,0.142642642643,9.50849154237,1.02869645341,0.544491860281,8.05331334643,0.871264894205,0.461830251304,0.640599570326,0.371299902718,2,1.72528881811,0.640599570326,2,0.344071394247,0.376569037657,810,0.104247104247,0.56957682835,37,37,37,1,0,0.405405405405,0.540540540541,0.0540540540541,37,0.117117117117,2.21261261261,8.43243243243,7.09090909091,4.45714285714,5.04722443274,0.598549051319,0.327616077616,6.00525295579,1.42432281644,0.680873180873,3.83793300225,0.910278981302,0.463617463617,1.39215458577,0.629190386892,5.2,2.21261261261,1.39215458577,5.2,0,0,0,0,0.161113233172,37,37,37,1,0,0.405405405405,0.540540540541,0.0540540540541,37,184,0.138138138138,2.21912659444,9.94594594595,8.36363636364,4.97297297297,4.60039820708,0.462540037124,0.248678025852,6.07127337223,1.22085388463,0.625146886016,3.30392432055,0.664376086197,0.353701527615,1.29543534989,0.583759102854,3.85704612473,2.21912659444,1.29543534989,3.85704612473,0.135994990329,0.0480868665977,31,0.0039897039897,0.178422318777,37,37,37,1,0,0.405405405405,0.594594594595,0,-158,-0.118618618619,0.493837776323,-8.54054054054,-7.18181818182,-4.79845559846,-0.767311948318,0.172181446847,0.106035383209,-3.43721817014,0.192157431219,0.0806550257351,-4.74938902589,-0.206888808007,-0.108128723689,0.654835779563,0.212459200136,1.85704612473,0.493837776323,0.654835779563,1.85704612473,-0.208076403918,-0.328482171059,-779,-0.100257400257,-0.391154509573,0,0.0540540540541,-0.0540540540541,174,10,168,980,0.508771929825,0.989898989899,0.010101010101,0.491228070175,0.945652173913,0.508771929825,0.661596958175,0.631342226648,0.498670919724,0.494318181818,28,186,0,0,0,0
339,WLNM_dir_neg,0.333412822292,0.313760233927,00:00:14,10,10,38,1233943473,threshold_sweep,0.6,0.692307692308,0.0967741935484,0.169811320755,18,8,168,364,0.0967741935484,0.978494623656,0.0215053763441,0.903225806452,0.692307692308,0.0967741935484,0.169811320755,0.68458781362,0.651135005974,0.0958904109589,0.168345124585,0.0752688172043,342,156,186,0,342,0,156,0,186,37,342,0.256756756757,1.72528881811,18.4864864865,15.5454545455,9.77142857143,5.36771015539,0.290358590277,0.142642642643,9.50849154237,1.02869645341,0.544491860281,8.05331334643,0.871264894205,0.461830251304,0.640599570326,0.371299902718,2,1.72528881811,0.640599570326,2,0.344071394247,0.376569037657,810,0.104247104247,0.56957682835,37,37,37,1,0,0.405405405405,0.540540540541,0.0540540540541,37,0.117117117117,2.21261261261,8.43243243243,7.09090909091,4.45714285714,5.04722443274,0.598549051319,0.327616077616,6.00525295579,1.42432281644,0.680873180873,3.83793300225,0.910278981302,0.463617463617,1.39215458577,0.629190386892,5.2,2.21261261261,1.39215458577,5.2,0,0,0,0,0.161113233172,37,37,37,1,0,0.405405405405,0.540540540541,0.0540540540541,37,182,0.136636636637,2.20025649048,9.83783783784,8.27272727273,4.91891891892,4.63389393199,0.471027679901,0.254677754678,6.07992314635,1.23602833195,0.62874962875,3.35309457714,0.681673073375,0.363528363528,1.26712260505,0.575897678534,3.8208307319,2.20025649048,1.26712260505,3.8208307319,0.140027594362,0.0468018720749,30,0.003861003861,0.177691143798,37,37,37,1,0,0.405405405405,0.594594594595,0,-160,-0.12012012012,0.474967672365,-8.64864864865,-7.27272727273,-4.85250965251,-0.733816223399,0.180669089623,0.112035112035,-3.42856839603,0.207331878535,0.0842577684683,-4.70021876929,-0.18959182083,-0.0983018877756,0.626523034722,0.204597775817,1.8208307319,0.474967672365,0.626523034722,1.8208307319,-0.204043799885,-0.329767165582,-780,-0.100386100386,-0.391885684552,0,0.0540540540541,-0.0540540540541,174,8,168,982,0.508771929825,0.991919191919,0.00808080808081,0.491228070175,0.956043956044,0.508771929825,0.664122137405,0.636818874292,0.500691121744,0.497142857143,26,186,0,0,0,0
340,WLNM_dir_neg,0.333412822292,0.313760233927,00:00:14,10,10,38,1233943473,threshold_sweep,0.7,0.578947368421,0.0591397849462,0.107317073171,11,8,175,364,0.0591397849462,0.978494623656,0.0215053763441,0.940860215054,0.578947368421,0.0591397849462,0.107317073171,0.672043010753,0.65531660693,0.0485268630849,0.0978231976089,0.0376344086022,342,156,186,0,342,0,156,0,186,37,342,0.256756756757,1.72528881811,18.4864864865,15.5454545455,9.77142857143,5.36771015539,0.290358590277,0.142642642643,9.50849154237,1.02869645341,0.544491860281,8.05331334643,0.871264894205,0.461830251304,0.640599570326,0.371299902718,2,1.72528881811,0.640599570326,2,0.344071394247,0.376569037657,810,0.104247104247,0.56957682835,37,37,37,1,0,0.405405405405,0.540540540541,0.0540540540541,37,0.117117117117,2.21261261261,8.43243243243,7.09090909091,4.45714285714,5.04722443274,0.598549051319,0.327616077616,6.00525295579,1.42432281644,0.680873180873,3.83793300225,0.910278981302,0.463617463617,1.39215458577,0.629190386892,5.2,2.21261261261,1.39215458577,5.2,0,0,0,0,0.161113233172,37,37,37,1,0,0.405405405405,0.540540540541,0.0540540540541,37,175,0.131381381381,2.21059887525,9.45945945946,7.95454545455,4.72972972973,4.48822282693,0.474469270275,0.252664092664,5.92850294317,1.25345490798,0.635366795367,3.49323670866,0.738570046973,0.391351351351,1.28312284586,0.580441282328,3.8076552776,2.21059887525,1.28312284586,3.8076552776,0.108016630075,0.0270422535211,16,0.0020592020592,0.175180719317,37,37,37,1,0,0.405405405405,0.594594594595,0,-167,-0.125375375375,0.485310057137,-9.02702702703,-7.59090909091,-5.0416988417,-0.879487328467,0.184110679998,0.110021450021,-3.57998859921,0.224758454569,0.0908749350855,-4.56007663778,-0.132694847232,-0.0704788999526,0.642523275537,0.20914137961,1.8076552776,0.485310057137,0.642523275537,1.8076552776,-0.236054764172,-0.349526784136,-794,-0.102187902188,-0.394396109032,0,0.0540540540541,-0.0540540540541,167,8,175,982,0.488304093567,0.991919191919,0.00808080808081,0.511695906433,0.954285714286,0.488304093567,0.646034816248,0.620995082594,0.480223285486,0.477142857143,19,186,0,0,0,0
341,WLNM_dir_neg,0.333412822292,0.313760233927,00:00:14,10,10,38,1233943473,threshold_sweep,0.8,0.578947368421,0.0591397849462,0.107317073171,11,8,175,364,0.0591397849462,0.978494623656,0.0215053763441,0.940860215054,0.578947368421,0.0591397849462,0.107317073171,0.672043010753,0.65531660693,0.0485268630849,0.0978231976089,0.0376344086022,342,156,186,0,342,0,156,0,186,37,342,0.256756756757,1.72528881811,18.4864864865,15.5454545455,9.77142857143,5.36771015539,0.290358590277,0.142642642643,9.50849154237,1.02869645341,0.544491860281,8.05331334643,0.871264894205,0.461830251304,0.640599570326,0.371299902718,2,1.72528881811,0.640599570326,2,0.344071394247,0.376569037657,810,0.104247104247,0.56957682835,37,37,37,1,0,0.405405405405,0.540540540541,0.0540540540541,37,0.117117117117,2.21261261261,8.43243243243,7.09090909091,4.45714285714,5.04722443274,0.598549051319,0.327616077616,6.00525295579,1.42432281644,0.680873180873,3.83793300225,0.910278981302,0.463617463617,1.39215458577,0.629190386892,5.2,2.21261261261,1.39215458577,5.2,0,0,0,0,0.161113233172,37,37,37,1,0,0.405405405405,0.540540540541,0.0540540540541,37,175,0.131381381381,2.21059887525,9.45945945946,7.95454545455,4.72972972973,4.48822282693,0.474469270275,0.252664092664,5.92850294317,1.25345490798,0.635366795367,3.49323670866,0.738570046973,0.391351351351,1.28312284586,0.580441282328,3.8076552776,2.21059887525,1.28312284586,3.8076552776,0.108016630075,0.0270422535211,16,0.0020592020592,0.175180719317,37,37,37,1,0,0.405405405405,0.594594594595,0,-167,-0.125375375375,0.485310057137,-9.02702702703,-7.59090909091,-5.0416988417,-0.879487328467,0.184110679998,0.110021450021,-3.57998859921,0.224758454569,0.0908749350855,-4.56007663778,-0.132694847232,-0.0704788999526,0.642523275537,0.20914137961,1.8076552776,0.485310057137,0.642523275537,1.8076552776,-0.236054764172,-0.349526784136,-794,-0.102187902188,-0.394396109032,0,0.0540540540541,-0.0540540540541,167,8,175,982,0.488304093567,0.991919191919,0.00808080808081,0.511695906433,0.954285714286,0.488304093567,0.646034816248,0.620995082594,0.480223285486,0.477142857143,19,186,0,0,0,0
342,WLNM_dir_neg,0.333412822292,0.313760233927,00:00:14,10,10,38,1233943473,threshold_sweep,0.9,0.611111111111,0.0591397849462,0.107843137255,11,7,175,365,0.0591397849462,0.981182795699,0.0188172043011,0.940860215054,0.611111111111,0.0591397849462,0.107843137255,0.673835125448,0.655913978495,0.0520833333333,0.107582870728,0.0403225806452,342,156,186,0,342,0,156,0,186,37,342,0.256756756757,1.72528881811,18.4864864865,15.5454545455,9.77142857143,5.36771015539,0.290358590277,0.142642642643,9.50849154237,1.02869645341,0.544491860281,8.05331334643,0.871264894205,0.461830251304,0.640599570326,0.371299902718,2,1.72528881811,0.640599570326,2,0.344071394247,0.376569037657,810,0.104247104247,0.56957682835,37,37,37,1,0,0.405405405405,0.540540540541,0.0540540540541,37,0.117117117117,2.21261261261,8.43243243243,7.09090909091,4.45714285714,5.04722443274,0.598549051319,0.327616077616,6.00525295579,1.42432281644,0.680873180873,3.83793300225,0.910278981302,0.463617463617,1.39215458577,0.629190386892,5.2,2.21261261261,1.39215458577,5.2,0,0,0,0,0.161113233172,37,37,37,1,0,0.405405405405,0.540540540541,0.0540540540541,37,174,0.130630630631,2.15834702092,9.40540540541,7.90909090909,4.7027027027,4.52437509165,0.481039880434,0.255203479341,5.94355329965,1.26385903498,0.63963963964,3.51081554996,0.746552731888,0.394532463498,1.20823932037,0.55979845162,3.64902887791,2.15834702092,1.20823932037,3.64902887791,0.108016630075,0.0255102040816,15,0.0019305019305,0.173480039045,37,37,37,1,0,0.405405405405,0.594594594595,0,-168,-0.126126126126,0.43305820281,-9.08108108108,-7.63636363636,-5.06872586873,-0.84333506374,0.190681290157,0.112560836699,-3.56493824272,0.235162581569,0.0951477793583,-4.54249779648,-0.124712162317,-0.067297787806,0.567639750047,0.188498548902,1.64902887791,0.43305820281,0.567639750047,1.64902887791,-0.236054764172,-0.351058833575,-795,-0.102316602317,-0.396096789305,0,0.0540540540541,-0.0540540540541,167,7,175,983,0.488304093567,0.992929292929,0.00707070707071,0.511695906433,0.959770114943,0.488304093567,0.647286821705,0.623817417169,0.481233386497,0.478510028653,18,186,0,0,0,0
343,WLNM_dir_neg,0.363257312984,0.329318975497,00:00:14,10,10,39,1233943474,threshold_sweep,0.1,0.633333333333,0.102150537634,0.175925925926,19,11,167,361,0.102150537634,0.970430107527,0.0295698924731,0.897849462366,0.633333333333,0.102150537634,0.175925925926,0.681003584229,0.648745519713,0.0918367346939,0.151694969054,0.0725806451613,342,156,186,0,342,0,156,0,186,37,342,0.256756756757,1.72528881811,18.4864864865,15.5454545455,9.77142857143,5.36771015539,0.290358590277,0.142642642643,9.50849154237,1.02869645341,0.544491860281,8.05331334643,0.871264894205,0.461830251304,0.640599570326,0.371299902718,2,1.72528881811,0.640599570326,2,0.344071394247,0.376569037657,810,0.104247104247,0.56957682835,37,37,37,1,0,0.405405405405,0.540540540541,0.0540540540541,37,0.117117117117,2.18635635636,8.43243243243,7.09090909091,4.45714285714,5.03620525429,0.597242289772,0.326923076923,6.00062559301,1.42322530091,0.680526680527,3.83793300225,0.910278981302,0.463617463617,1.32204914232,0.604681454823,4.3462962963,2.18635635636,1.32204914232,4.3462962963,0,0,0,0,0.160896782956,37,37,37,1,0,0.405405405405,0.540540540541,0.0540540540541,37,186,0.13963963964,2.30194210642,10.0540540541,8.45454545455,5.16666666667,4.28787661738,0.426482351729,0.221011333915,5.94645779943,1.18289751924,0.615518744551,3.37051336748,0.670478465574,0.364428945074,1.351545889,0.587132875857,3.51614261651,2.30194210642,1.351545889,3.51614261651,0.149974619789,0.0565461029037,37,0.0047619047619,0.189466879404,37,37,37,1,0,0.405405405405,0.567567567568,0.027027027027,-156,-0.117117117117,0.576653288303,-8.43243243243,-7.09090909091,-4.60476190476,-1.07983353801,0.136123761452,0.0783686912719,-3.56203374295,0.154201065826,0.0710268842697,-4.68279997895,-0.200786428631,-0.0974013062298,0.710946318672,0.215832973139,1.51614261651,0.576653288303,0.710946318672,1.51614261651,-0.194096774459,-0.320022934753,-773,-0.0994851994852,-0.380109948945,0,0.027027027027,-0.027027027027,175,11,167,979,0.511695906433,0.988888888889,0.0111111111111,0.488304093567,0.940860215054,0.511695906433,0.662878787879,0.630898541898,0.500584795322,0.495750708215,30,186,0,0,0,0
344,WLNM_dir_neg,0.363257312984,0.329318975497,00:00:14,10,10,39,1233943474,threshold_sweep,0.2,0.576923076923,0.0806451612903,0.141509433962,15,11,171,361,0.0806451612903,0.970430107527,0.0295698924731,0.91935483871,0.576923076923,0.0806451612903,0.141509433962,0.673835125448,0.651135005974,0.0650684931507,0.114234191683,0.0510752688172,342,156,186,0,342,0,156,0,186,37,342,0.256756756757,1.72528881811,18.4864864865,15.5454545455,9.77142857143,5.36771015539,0.290358590277,0.142642642643,9.50849154237,1.02869645341,0.544491860281,8.05331334643,0.871264894205,0.461830251304,0.640599570326,0.371299902718,2,1.72528881811,0.640599570326,2,0.344071394247,0.376569037657,810,0.104247104247,0.56957682835,37,37,37,1,0,0.405405405405,0.540540540541,0.0540540540541,37,0.117117117117,2.18635635636,8.43243243243,7.09090909091,4.45714285714,5.03620525429,0.597242289772,0.326923076923,6.00062559301,1.42322530091,0.680526680527,3.83793300225,0.910278981302,0.463617463617,1.32204914232,0.604681454823,4.3462962963,2.18635635636,1.32204914232,4.3462962963,0,0,0,0,0.160896782956,37,37,37,1,0,0.405405405405,0.540540540541,0.0540540540541,37,182,0.136636636637,2.24096853503,9.83783783784,8.27272727273,5.05555555556,4.30447773005,0.437543065967,0.231214731215,5.95528886499,1.21069059343,0.623700623701,3.41059117048,0.693361941251,0.374517374517,1.29133467173,0.5762395373,3.50482696285,2.24096853503,1.29133467173,3.50482696285,0.107576186214,0.0443974630021,28,0.0036036036036,0.183931532187,37,37,37,1,0,0.405405405405,0.567567567568,0.027027027027,-160,-0.12012012012,0.515679716916,-8.64864864865,-7.27272727273,-4.71587301587,-1.06323242534,0.14718447569,0.0885720885721,-3.55320267739,0.181994140017,0.0792087634193,-4.64272217596,-0.177902952954,-0.0873128767866,0.650735101403,0.204939634582,1.50482696285,0.515679716916,0.650735101403,1.50482696285,-0.236495208033,-0.332171574655,-782,-0.100643500644,-0.385645296163,0,0.027027027027,-0.027027027027,171,11,171,979,0.5,0.988888888889,0.0111111111111,0.5,0.93956043956,0.5,0.652671755725,0.621807853896,0.488888888889,0.484419263456,26,186,0,0,0,0
345,WLNM_dir_neg,0.363257312984,0.329318975497,00:00:14,10,10,39,1233943474,threshold_sweep,0.3,0.541666666667,0.0698924731183,0.12380952381,13,11,173,361,0.0698924731183,0.970430107527,0.0295698924731,0.930107526882,0.541666666667,0.0698924731183,0.12380952381,0.670250896057,0.652329749104,0.0515463917526,0.0936914611245,0.0403225806452,342,156,186,0,342,0,156,0,186,37,342,0.256756756757,1.72528881811,18.4864864865,15.5454545455,9.77142857143,5.36771015539,0.290358590277,0.142642642643,9.50849154237,1.02869645341,0.544491860281,8.05331334643,0.871264894205,0.461830251304,0.640599570326,0.371299902718,2,1.72528881811,0.640599570326,2,0.344071394247,0.376569037657,810,0.104247104247,0.56957682835,37,37,37,1,0,0.405405405405,0.540540540541,0.0540540540541,37,0.117117117117,2.18635635636,8.43243243243,7.09090909091,4.45714285714,5.03620525429,0.597242289772,0.326923076923,6.00062559301,1.42322530091,0.680526680527,3.83793300225,0.910278981302,0.463617463617,1.32204914232,0.604681454823,4.3462962963,2.18635635636,1.32204914232,4.3462962963,0,0,0,0,0.160896782956,37,37,37,1,0,0.405405405405,0.540540540541,0.0540540540541,37,180,0.135135135135,2.25528483828,9.72972972973,8.18181818182,5,4.42623898943,0.454919007247,0.241891891892,5.96360332052,1.22585179366,0.627627627628,3.4573766722,0.710682982618,0.383483483483,1.3172146472,0.584056889328,3.87730297282,2.25528483828,1.3172146472,3.87730297282,0.112899691537,0.0415778251599,26,0.0033462033462,0.183876092196,37,37,37,1,0,0.405405405405,0.567567567568,0.027027027027,-162,-0.121621621622,0.529996020165,-8.75675675676,-7.36363636364,-4.77142857143,-0.941471165959,0.16456041697,0.0992492492492,-3.54488822185,0.197155340248,0.0831357673463,-4.59593667424,-0.160581911587,-0.0783467678205,0.676615076869,0.212756986611,1.87730297282,0.529996020165,0.676615076869,1.87730297282,-0.23117170271,-0.334991212497,-784,-0.100900900901,-0.385700736154,0,0.027027027027,-0.027027027027,169,11,173,979,0.494152046784,0.988888888889,0.0111111111111,0.505847953216,0.938888888889,0.494152046784,0.647509578544,0.617237203802,0.483040935673,0.478753541076,24,186,0,0,0,0
346,WLNM_dir_neg,0.363257312984,0.329318975497,00:00:14,10,10,39,1233943474,threshold_sweep,0.4,0.5,0.0591397849462,0.105769230769,11,11,175,361,0.0591397849462,0.970430107527,0.0295698924731,0.940860215054,0.5,0.0591397849462,0.105769230769,0.666666666667,0.653524492234,0.0379310344828,0.0716281858972,0.0295698924731,342,156,186,0,342,0,156,0,186,37,342,0.256756756757,1.72528881811,18.4864864865,15.5454545455,9.77142857143,5.36771015539,0.290358590277,0.142642642643,9.50849154237,1.02869645341,0.544491860281,8.05331334643,0.871264894205,0.461830251304,0.640599570326,0.371299902718,2,1.72528881811,0.640599570326,2,0.344071394247,0.376569037657,810,0.104247104247,0.56957682835,37,37,37,1,0,0.405405405405,0.540540540541,0.0540540540541,37,0.117117117117,2.18635635636,8.43243243243,7.09090909091,4.45714285714,5.03620525429,0.597242289772,0.326923076923,6.00062559301,1.42322530091,0.680526680527,3.83793300225,0.910278981302,0.463617463617,1.32204914232,0.604681454823,4.3462962963,2.18635635636,1.32204914232,4.3462962963,0,0,0,0,0.160896782956,37,37,37,1,0,0.405405405405,0.540540540541,0.0540540540541,37,178,0.133633633634,2.25299445679,9.62162162162,8.09090909091,4.94444444444,4.48052174139,0.465672203459,0.249620406924,5.93407222851,1.2334869239,0.629820832068,3.48678328229,0.724780794633,0.389310658974,1.31336419826,0.582941602142,3.87730297282,2.25299445679,1.31336419826,3.87730297282,0.0998619784997,0.0340724716063,21,0.0027027027027,0.182450641745,37,37,37,1,0,0.405405405405,0.567567567568,0.027027027027,-164,-0.123123123123,0.527705638673,-8.86486486486,-7.45454545455,-4.82698412698,-0.887188414003,0.175313613182,0.106977764281,-3.57441931386,0.20479047049,0.0853289717867,-4.56653006414,-0.146484099572,-0.0725195923304,0.672764627932,0.211641699425,1.87730297282,0.527705638673,0.672764627932,1.87730297282,-0.244209415748,-0.342496566051,-789,-0.101544401544,-0.387126186605,0,0.027027027027,-0.027027027027,167,11,175,979,0.488304093567,0.988888888889,0.0111111111111,0.511695906433,0.938202247191,0.488304093567,0.642307692308,0.612649090503,0.477192982456,0.473087818697,22,186,0,0,0,0
347,WLNM_dir_neg,0.363257312984,0.329318975497,00:00:14,10,10,39,1233943474,threshold_sweep,0.5,0.5,0.0591397849462,0.105769230769,11,11,175,361,0.0591397849462,0.970430107527,0.0295698924731,0.940860215054,0.5,0.0591397849462,0.105769230769,0.666666666667,0.653524492234,0.0379310344828,0.0716281858972,0.0295698924731,342,156,186,0,342,0,156,0,186,37,342,0.256756756757,1.72528881811,18.4864864865,15.5454545455,9.77142857143,5.36771015539,0.290358590277,0.142642642643,9.50849154237,1.02869645341,0.544491860281,8.05331334643,0.871264894205,0.461830251304,0.640599570326,0.371299902718,2,1.72528881811,0.640599570326,2,0.344071394247,0.376569037657,810,0.104247104247,0.56957682835,37,37,37,1,0,0.405405405405,0.540540540541,0.0540540540541,37,0.117117117117,2.18635635636,8.43243243243,7.09090909091,4.45714285714,5.03620525429,0.597242289772,0.326923076923,6.00062559301,1.42322530091,0.680526680527,3.83793300225,0.910278981302,0.463617463617,1.32204914232,0.604681454823,4.3462962963,2.18635635636,1.32204914232,4.3462962963,0,0,0,0,0.160896782956,37,37,37,1,0,0.405405405405,0.540540540541,0.0540540540541,37,178,0.133633633634,2.25299445679,9.62162162162,8.09090909091,4.94444444444,4.48052174139,0.465672203459,0.249620406924,5.93407222851,1.2334869239,0.629820832068,3.48678328229,0.724780794633,0.389310658974,1.31336419826,0.582941602142,3.87730297282,2.25299445679,1.31336419826,3.87730297282,0.0998619784997,0.0340724716063,21,0.0027027027027,0.182450641745,37,37,37,1,0,0.405405405405,0.567567567568,0.027027027027,-164,-0.123123123123,0.527705638673,-8.86486486486,-7.45454545455,-4.82698412698,-0.887188414003,0.175313613182,0.106977764281,-3.57441931386,0.20479047049,0.0853289717867,-4.56653006414,-0.146484099572,-0.0725195923304,0.672764627932,0.211641699425,1.87730297282,0.527705638673,0.672764627932,1.87730297282,-0.244209415748,-0.342496566051,-789,-0.101544401544,-0.387126186605,0,0.027027027027,-0.027027027027,167,11,175,979,0.488304093567,0.988888888889,0.0111111111111,0.511695906433,0.938202247191,0.488304093567,0.642307692308,0.612649090503,0.477192982456,0.473087818697,22,186,0,0,0,0
348,WLNM_dir_neg,0.363257312984,0.329318975497,00:00:14,10,10,39,1233943474,threshold_sweep,0.6,0.55,0.0591397849462,0.106796116505,11,9,175,363,0.0591397849462,0.975806451613,0.0241935483871,0.940860215054,0.55,0.0591397849462,0.106796116505,0.670250896057,0.654719235364,0.0449826989619,0.0886180560117,0.0349462365591,342,156,186,0,342,0,156,0,186,37,342,0.256756756757,1.72528881811,18.4864864865,15.5454545455,9.77142857143,5.36771015539,0.290358590277,0.142642642643,9.50849154237,1.02869645341,0.544491860281,8.05331334643,0.871264894205,0.461830251304,0.640599570326,0.371299902718,2,1.72528881811,0.640599570326,2,0.344071394247,0.376569037657,810,0.104247104247,0.56957682835,37,37,37,1,0,0.405405405405,0.540540540541,0.0540540540541,37,0.117117117117,2.18635635636,8.43243243243,7.09090909091,4.45714285714,5.03620525429,0.597242289772,0.326923076923,6.00062559301,1.42322530091,0.680526680527,3.83793300225,0.910278981302,0.463617463617,1.32204914232,0.604681454823,4.3462962963,2.18635635636,1.32204914232,4.3462962963,0,0,0,0,0.160896782956,37,37,37,1,0,0.405405405405,0.540540540541,0.0540540540541,37,176,0.132132132132,2.22595040477,9.51351351351,8,4.88888888889,4.51922818891,0.475032508493,0.255221130221,5.94140558288,1.24904549186,0.633292383292,3.49924916871,0.735637609332,0.392813267813,1.27357051525,0.572146851302,3.83505059098,2.22595040477,1.27357051525,3.83505059098,0.0978261764639,0.0310119695321,19,0.0024453024453,0.178940639617,37,37,37,1,0,0.405405405405,0.567567567568,0.027027027027,-166,-0.124624624625,0.500661586659,-8.97297297297,-7.54545454545,-4.88253968254,-0.848481966485,0.184673918216,0.112578487578,-3.56708595949,0.220349038441,0.088800523011,-4.55406417772,-0.135627284873,-0.0690169834907,0.63297094492,0.200846948584,1.83505059098,0.500661586659,0.63297094492,1.83505059098,-0.246245217783,-0.345557068125,-791,-0.101801801802,-0.390636188733,0,0.027027027027,-0.027027027027,167,9,175,981,0.488304093567,0.990909090909,0.00909090909091,0.511695906433,0.948863636364,0.488304093567,0.644787644788,0.618193105996,0.479213184476,0.475783475783,20,186,0,0,0,0
349,WLNM_dir_neg,0.363257312984,0.329318975497,00:00:14,10,10,39,1233943474,threshold_sweep,0.7,0.55,0.0591397849462,0.106796116505,11,9,175,363,0.0591397849462,0.975806451613,0.0241935483871,0.940860215054,0.55,0.0591397849462,0.106796116505,0.670250896057,0.654719235364,0.0449826989619,0.0886180560117,0.0349462365591,342,156,186,0,342,0,156,0,186,37,342,0.256756756757,1.72528881811,18.4864864865,15.5454545455,9.77142857143,5.36771015539,0.290358590277,0.142642642643,9.50849154237,1.02869645341,0.544491860281,8.05331334643,0.871264894205,0.461830251304,0.640599570326,0.371299902718,2,1.72528881811,0.640599570326,2,0.344071394247,0.376569037657,810,0.104247104247,0.56957682835,37,37,37,1,0,0.405405405405,0.540540540541,0.0540540540541,37,0.117117117117,2.18635635636,8.43243243243,7.09090909091,4.45714285714,5.03620525429,0.597242289772,0.326923076923,6.00062559301,1.42322530091,0.680526680527,3.83793300225,0.910278981302,0.463617463617,1.32204914232,0.604681454823,4.3462962963,2.18635635636,1.32204914232,4.3462962963,0,0,0,0,0.160896782956,37,37,37,1,0,0.405405405405,0.540540540541,0.0540540540541,37,176,0.132132132132,2.22595040477,9.51351351351,8,4.88888888889,4.51922818891,0.475032508493,0.255221130221,5.94140558288,1.24904549186,0.633292383292,3.49924916871,0.735637609332,0.392813267813,1.27357051525,0.572146851302,3.83505059098,2.22595040477,1.27357051525,3.83505059098,0.0978261764639,0.0310119695321,19,0.0024453024453,0.178940639617,37,37,37,1,0,0.405405405405,0.567567567568,0.027027027027,-166,-0.124624624625,0.500661586659,-8.97297297297,-7.54545454545,-4.88253968254,-0.848481966485,0.184673918216,0.112578487578,-3.56708595949,0.220349038441,0.088800523011,-4.55406417772,-0.135627284873,-0.0690169834907,0.63297094492,0.200846948584,1.83505059098,0.500661586659,0.63297094492,1.83505059098,-0.246245217783,-0.345557068125,-791,-0.101801801802,-0.390636188733,0,0.027027027027,-0.027027027027,167,9,175,981,0.488304093567,0.990909090909,0.00909090909091,0.511695906433,0.948863636364,0.488304093567,0.644787644788,0.618193105996,0.479213184476,0.475783475783,20,186,0,0,0,0
350,WLNM_dir_neg,0.363257312984,0.329318975497,00:00:14,10,10,39,1233943474,threshold_sweep,0.8,0.55,0.0591397849462,0.106796116505,11,9,175,363,0.0591397849462,0.975806451613,0.0241935483871,0.940860215054,0.55,0.0591397849462,0.106796116505,0.670250896057,0.654719235364,0.0449826989619,0.0886180560117,0.0349462365591,342,156,186,0,342,0,156,0,186,37,342,0.256756756757,1.72528881811,18.4864864865,15.5454545455,9.77142857143,5.36771015539,0.290358590277,0.142642642643,9.50849154237,1.02869645341,0.544491860281,8.05331334643,0.871264894205,0.461830251304,0.640599570326,0.371299902718,2,1.72528881811,0.640599570326,2,0.344071394247,0.376569037657,810,0.104247104247,0.56957682835,37,37,37,1,0,0.405405405405,0.540540540541,0.0540540540541,37,0.117117117117,2.18635635636,8.43243243243,7.09090909091,4.45714285714,5.03620525429,0.597242289772,0.326923076923,6.00062559301,1.42322530091,0.680526680527,3.83793300225,0.910278981302,0.463617463617,1.32204914232,0.604681454823,4.3462962963,2.18635635636,1.32204914232,4.3462962963,0,0,0,0,0.160896782956,37,37,37,1,0,0.405405405405,0.540540540541,0.0540540540541,37,176,0.132132132132,2.22595040477,9.51351351351,8,4.88888888889,4.51922818891,0.475032508493,0.255221130221,5.94140558288,1.24904549186,0.633292383292,3.49924916871,0.735637609332,0.392813267813,1.27357051525,0.572146851302,3.83505059098,2.22595040477,1.27357051525,3.83505059098,0.0978261764639,0.0310119695321,19,0.0024453024453,0.178940639617,37,37,37,1,0,0.405405405405,0.567567567568,0.027027027027,-166,-0.124624624625,0.500661586659,-8.97297297297,-7.54545454545,-4.88253968254,-0.848481966485,0.184673918216,0.112578487578,-3.56708595949,0.220349038441,0.088800523011,-4.55406417772,-0.135627284873,-0.0690169834907,0.63297094492,0.200846948584,1.83505059098,0.500661586659,0.63297094492,1.83505059098,-0.246245217783,-0.345557068125,-791,-0.101801801802,-0.390636188733,0,0.027027027027,-0.027027027027,167,9,175,981,0.488304093567,0.990909090909,0.00909090909091,0.511695906433,0.948863636364,0.488304093567,0.644787644788,0.618193105996,0.479213184476,0.475783475783,20,186,0,0,0,0
351,WLNM_dir_neg,0.363257312984,0.329318975497,00:00:14,10,10,39,1233943474,threshold_sweep,0.9,0.647058823529,0.0591397849462,0.108374384236,11,6,175,366,0.0591397849462,0.983870967742,0.0161290322581,0.940860215054,0.647058823529,0.0591397849462,0.108374384236,0.675627240143,0.65651135006,0.055652173913,0.117972801188,0.0430107526882,342,156,186,0,342,0,156,0,186,37,342,0.256756756757,1.72528881811,18.4864864865,15.5454545455,9.77142857143,5.36771015539,0.290358590277,0.142642642643,9.50849154237,1.02869645341,0.544491860281,8.05331334643,0.871264894205,0.461830251304,0.640599570326,0.371299902718,2,1.72528881811,0.640599570326,2,0.344071394247,0.376569037657,810,0.104247104247,0.56957682835,37,37,37,1,0,0.405405405405,0.540540540541,0.0540540540541,37,0.117117117117,2.18635635636,8.43243243243,7.09090909091,4.45714285714,5.03620525429,0.597242289772,0.326923076923,6.00062559301,1.42322530091,0.680526680527,3.83793300225,0.910278981302,0.463617463617,1.32204914232,0.604681454823,4.3462962963,2.18635635636,1.32204914232,4.3462962963,0,0,0,0,0.160896782956,37,37,37,1,0,0.405405405405,0.540540540541,0.0540540540541,37,173,0.12987987988,2.22064572756,9.35135135135,7.86363636364,4.80555555556,4.51058148639,0.482345419065,0.259178253398,5.90693591398,1.26333311455,0.636463052648,3.55163541402,0.759598325542,0.404311826277,1.26550509051,0.569881577597,3.81193259785,2.22064572756,1.26550509051,3.81193259785,0.0879952929489,0.0233463035019,14,0.0018018018018,0.177627306485,37,37,37,1,0,0.405405405405,0.567567567568,0.027027027027,-169,-0.126876876877,0.495356909445,-9.13513513514,-7.68181818182,-4.96587301587,-0.857128669005,0.191986828787,0.116535610755,-3.60155562839,0.234636661136,0.0919711923667,-4.50167793242,-0.111666568663,-0.0575184250268,0.624905520179,0.198581674879,1.81193259785,0.495356909445,0.624905520179,1.81193259785,-0.256076101299,-0.353222734155,-796,-0.102445302445,-0.391949521865,0,0.027027027027,-0.027027027027,167,6,175,984,0.488304093567,0.993939393939,0.00606060606061,0.511695906433,0.965317919075,0.488304093567,0.64854368932,0.62666040086,0.482243487507,0.479885057471,17,186,0,0,0,0
352,WLNM_dir_neg,0.522018441438,0.340840013463,00:00:13,10,10,40,1233943475,threshold_sweep,0.1,0.48,0.0645161290323,0.113744075829,12,13,174,359,0.0645161290323,0.965053763441,0.0349462365591,0.935483870968,0.48,0.0645161290323,0.113744075829,0.664874551971,0.651732377539,0.0377358490566,0.0673820281015,0.0295698924731,342,156,186,0,342,0,156,0,186,37,342,0.256756756757,1.72528881811,18.4864864865,15.5454545455,9.77142857143,5.36771015539,0.290358590277,0.142642642643,9.50849154237,1.02869645341,0.544491860281,8.05331334643,0.871264894205,0.461830251304,0.640599570326,0.371299902718,2,1.72528881811,0.640599570326,2,0.344071394247,0.376569037657,810,0.104247104247,0.56957682835,37,37,37,1,0,0.405405405405,0.540540540541,0.0540540540541,37,0.117117117117,2.22747747748,8.43243243243,7.09090909091,4.45714285714,5.03620525429,0.597242289772,0.326923076923,6.00525295579,1.42432281644,0.680873180873,3.83793300225,0.910278981302,0.463617463617,1.42084529335,0.637871901162,5.2,2.22747747748,1.42084529335,5.2,0,0,0,0,0.160752482811,37,37,37,1,0,0.405405405405,0.540540540541,0.0540540540541,37,181,0.135885885886,3.57974369594,9.78378378378,6.7037037037,4.89189189189,4.7089461851,0.481301129416,0.261609675974,5.95251479901,1.21681241748,0.617888606839,3.54168653942,0.723991171043,0.376885172465,1.84428666698,0.515200758388,5.20462944273,3.57974369594,1.84428666698,5.20462944273,0.107234674882,0.0413687436159,27,0.0034749034749,0.155515519618,37,37,37,1,0,0.27027027027,0.72972972973,0,-161,-0.120870870871,1.85445487783,-8.7027027027,-8.84175084175,-4.87953667954,-0.658763970293,0.190942539139,0.118967033332,-3.55597674336,0.188115964062,0.0733967465575,-4.51162680701,-0.147273723162,-0.0849450788387,1.20368709666,0.14390085567,3.20462944273,1.85445487783,1.20368709666,3.20462944273,-0.236836719366,-0.335200294041,-783,-0.100772200772,-0.414061308732,-0.135135135135,0.189189189189,-0.0540540540541,168,13,174,977,0.491228070175,0.986868686869,0.0131313131313,0.508771929825,0.92817679558,0.491228070175,0.642447418738,0.609494090184,0.478096757044,0.47323943662,25,186,0,0,0,0
353,WLNM_dir_neg,0.522018441438,0.340840013463,00:00:13,10,10,40,1233943475,threshold_sweep,0.2,0.48,0.0645161290323,0.113744075829,12,13,174,359,0.0645161290323,0.965053763441,0.0349462365591,0.935483870968,0.48,0.0645161290323,0.113744075829,0.664874551971,0.651732377539,0.0377358490566,0.0673820281015,0.0295698924731,342,156,186,0,342,0,156,0,186,37,342,0.256756756757,1.72528881811,18.4864864865,15.5454545455,9.77142857143,5.36771015539,0.290358590277,0.142642642643,9.50849154237,1.02869645341,0.544491860281,8.05331334643,0.871264894205,0.461830251304,0.640599570326,0.371299902718,2,1.72528881811,0.640599570326,2,0.344071394247,0.376569037657,810,0.104247104247,0.56957682835,37,37,37,1,0,0.405405405405,0.540540540541,0.0540540540541,37,0.117117117117,2.22747747748,8.43243243243,7.09090909091,4.45714285714,5.03620525429,0.597242289772,0.326923076923,6.00525295579,1.42432281644,0.680873180873,3.83793300225,0.910278981302,0.463617463617,1.42084529335,0.637871901162,5.2,2.22747747748,1.42084529335,5.2,0,0,0,0,0.160752482811,37,37,37,1,0,0.405405405405,0.540540540541,0.0540540540541,37,181,0.135885885886,3.57974369594,9.78378378378,6.7037037037,4.89189189189,4.7089461851,0.481301129416,0.261609675974,5.95251479901,1.21681241748,0.617888606839,3.54168653942,0.723991171043,0.376885172465,1.84428666698,0.515200758388,5.20462944273,3.57974369594,1.84428666698,5.20462944273,0.107234674882,0.0413687436159,27,0.0034749034749,0.155515519618,37,37,37,1,0,0.27027027027,0.72972972973,0,-161,-0.120870870871,1.85445487783,-8.7027027027,-8.84175084175,-4.87953667954,-0.658763970293,0.190942539139,0.118967033332,-3.55597674336,0.188115964062,0.0733967465575,-4.51162680701,-0.147273723162,-0.0849450788387,1.20368709666,0.14390085567,3.20462944273,1.85445487783,1.20368709666,3.20462944273,-0.236836719366,-0.335200294041,-783,-0.100772200772,-0.414061308732,-0.135135135135,0.189189189189,-0.0540540540541,168,13,174,977,0.491228070175,0.986868686869,0.0131313131313,0.508771929825,0.92817679558,0.491228070175,0.642447418738,0.609494090184,0.478096757044,0.47323943662,25,186,0,0,0,0
354,WLNM_dir_neg,0.522018441438,0.340840013463,00:00:13,10,10,40,1233943475,threshold_sweep,0.3,0.631578947368,0.0645161290323,0.117073170732,12,7,174,365,0.0645161290323,0.981182795699,0.0188172043011,0.935483870968,0.631578947368,0.0645161290323,0.117073170732,0.675627240143,0.65531660693,0.0589254766031,0.118785311382,0.0456989247312,342,156,186,0,342,0,156,0,186,37,342,0.256756756757,1.72528881811,18.4864864865,15.5454545455,9.77142857143,5.36771015539,0.290358590277,0.142642642643,9.50849154237,1.02869645341,0.544491860281,8.05331334643,0.871264894205,0.461830251304,0.640599570326,0.371299902718,2,1.72528881811,0.640599570326,2,0.344071394247,0.376569037657,810,0.104247104247,0.56957682835,37,37,37,1,0,0.405405405405,0.540540540541,0.0540540540541,37,0.117117117117,2.22747747748,8.43243243243,7.09090909091,4.45714285714,5.03620525429,0.597242289772,0.326923076923,6.00525295579,1.42432281644,0.680873180873,3.83793300225,0.910278981302,0.463617463617,1.42084529335,0.637871901162,5.2,2.22747747748,1.42084529335,5.2,0,0,0,0,0.160752482811,37,37,37,1,0,0.405405405405,0.540540540541,0.0540540540541,37,175,0.131381381381,2.0537378669,9.45945945946,7.95454545455,4.72972972973,4.67614866812,0.494335716344,0.261158301158,6.0582755552,1.28089254596,0.646795366795,3.61823045032,0.76499729521,0.39444015444,1.05272470743,0.5125896174,3.01307526882,2.0537378669,1.05272470743,3.01307526882,0.0983571807101,0.0274488697524,17,0.0021879021879,0.181955149793,37,37,37,1,0,0.405405405405,0.594594594595,0,-167,-0.125375375375,0.328449048784,-9.02702702703,-7.59090909091,-5.0416988417,-0.691561487273,0.203977126067,0.118515658516,-3.45021598718,0.252196092541,0.102303506514,-4.43508289612,-0.106267598995,-0.0673900968638,0.412125137107,0.141289714682,1.01307526882,0.328449048784,0.412125137107,1.01307526882,-0.245714213537,-0.349120167904,-793,-0.102059202059,-0.387621678557,0,0.0540540540541,-0.0540540540541,168,7,174,983,0.491228070175,0.992929292929,0.00707070707071,0.508771929825,0.96,0.491228070175,0.649903288201,0.626082388706,0.484157363105,0.481375358166,19,186,0,0,0,0
355,WLNM_dir_neg,0.522018441438,0.340840013463,00:00:13,10,10,40,1233943475,threshold_sweep,0.4,0.5625,0.0483870967742,0.0891089108911,9,7,177,365,0.0483870967742,0.981182795699,0.0188172043011,0.951612903226,0.5625,0.0483870967742,0.0891089108911,0.670250896057,0.657108721625,0.0383275261324,0.0835253016442,0.0295698924731,342,156,186,0,342,0,156,0,186,37,342,0.256756756757,1.72528881811,18.4864864865,15.5454545455,9.77142857143,5.36771015539,0.290358590277,0.142642642643,9.50849154237,1.02869645341,0.544491860281,8.05331334643,0.871264894205,0.461830251304,0.640599570326,0.371299902718,2,1.72528881811,0.640599570326,2,0.344071394247,0.376569037657,810,0.104247104247,0.56957682835,37,37,37,1,0,0.405405405405,0.540540540541,0.0540540540541,37,0.117117117117,2.22747747748,8.43243243243,7.09090909091,4.45714285714,5.03620525429,0.597242289772,0.326923076923,6.00525295579,1.42432281644,0.680873180873,3.83793300225,0.910278981302,0.463617463617,1.42084529335,0.637871901162,5.2,2.22747747748,1.42084529335,5.2,0,0,0,0,0.160752482811,37,37,37,1,0,0.405405405405,0.540540540541,0.0540540540541,37,172,0.129129129129,2.05181080883,9.2972972973,7.81818181818,4.64864864865,4.69553490542,0.505042998548,0.270427404148,6.02410074532,1.29588213708,0.651477058454,3.6683043026,0.78911197207,0.400377121307,1.05067146279,0.512070342093,3.14839229473,2.05181080883,1.05067146279,3.14839229473,0.0940905190905,0.0215588723051,13,0.0016731016731,0.181048612848,37,37,37,1,0,0.405405405405,0.594594594595,0,-170,-0.127627627628,0.326521990716,-9.18918918919,-7.72727272727,-5.12277992278,-0.67217524997,0.214684408271,0.127784761506,-3.48439079705,0.26718568366,0.106985198172,-4.38500904384,-0.0821529221344,-0.0614531299966,0.410071892462,0.140770439375,1.14839229473,0.326521990716,0.410071892462,1.14839229473,-0.249980875157,-0.355010165352,-797,-0.102574002574,-0.388528215502,0,0.0540540540541,-0.0540540540541,165,7,177,983,0.482456140351,0.992929292929,0.00707070707071,0.517543859649,0.959302325581,0.482456140351,0.642023346304,0.619274649582,0.47538543328,0.472779369628,16,186,0,0,0,0
356,WLNM_dir_neg,0.522018441438,0.340840013463,00:00:13,10,10,40,1233943475,threshold_sweep,0.5,0.5625,0.0483870967742,0.0891089108911,9,7,177,365,0.0483870967742,0.981182795699,0.0188172043011,0.951612903226,0.5625,0.0483870967742,0.0891089108911,0.670250896057,0.657108721625,0.0383275261324,0.0835253016442,0.0295698924731,342,156,186,0,342,0,156,0,186,37,342,0.256756756757,1.72528881811,18.4864864865,15.5454545455,9.77142857143,5.36771015539,0.290358590277,0.142642642643,9.50849154237,1.02869645341,0.544491860281,8.05331334643,0.871264894205,0.461830251304,0.640599570326,0.371299902718,2,1.72528881811,0.640599570326,2,0.344071394247,0.376569037657,810,0.104247104247,0.56957682835,37,37,37,1,0,0.405405405405,0.540540540541,0.0540540540541,37,0.117117117117,2.22747747748,8.43243243243,7.09090909091,4.45714285714,5.03620525429,0.597242289772,0.326923076923,6.00525295579,1.42432281644,0.680873180873,3.83793300225,0.910278981302,0.463617463617,1.42084529335,0.637871901162,5.2,2.22747747748,1.42084529335,5.2,0,0,0,0,0.160752482811,37,37,37,1,0,0.405405405405,0.540540540541,0.0540540540541,37,172,0.129129129129,2.05181080883,9.2972972973,7.81818181818,4.64864864865,4.69553490542,0.505042998548,0.270427404148,6.02410074532,1.29588213708,0.651477058454,3.6683043026,0.78911197207,0.400377121307,1.05067146279,0.512070342093,3.14839229473,2.05181080883,1.05067146279,3.14839229473,0.0940905190905,0.0215588723051,13,0.0016731016731,0.181048612848,37,37,37,1,0,0.405405405405,0.594594594595,0,-170,-0.127627627628,0.326521990716,-9.18918918919,-7.72727272727,-5.12277992278,-0.67217524997,0.214684408271,0.127784761506,-3.48439079705,0.26718568366,0.106985198172,-4.38500904384,-0.0821529221344,-0.0614531299966,0.410071892462,0.140770439375,1.14839229473,0.326521990716,0.410071892462,1.14839229473,-0.249980875157,-0.355010165352,-797,-0.102574002574,-0.388528215502,0,0.0540540540541,-0.0540540540541,165,7,177,983,0.482456140351,0.992929292929,0.00707070707071,0.517543859649,0.959302325581,0.482456140351,0.642023346304,0.619274649582,0.47538543328,0.472779369628,16,186,0,0,0,0
357,WLNM_dir_neg,0.522018441438,0.340840013463,00:00:13,10,10,40,1233943475,threshold_sweep,0.6,0.5625,0.0483870967742,0.0891089108911,9,7,177,365,0.0483870967742,0.981182795699,0.0188172043011,0.951612903226,0.5625,0.0483870967742,0.0891089108911,0.670250896057,0.657108721625,0.0383275261324,0.0835253016442,0.0295698924731,342,156,186,0,342,0,156,0,186,37,342,0.256756756757,1.72528881811,18.4864864865,15.5454545455,9.77142857143,5.36771015539,0.290358590277,0.142642642643,9.50849154237,1.02869645341,0.544491860281,8.05331334643,0.871264894205,0.461830251304,0.640599570326,0.371299902718,2,1.72528881811,0.640599570326,2,0.344071394247,0.376569037657,810,0.104247104247,0.56957682835,37,37,37,1,0,0.405405405405,0.540540540541,0.0540540540541,37,0.117117117117,2.22747747748,8.43243243243,7.09090909091,4.45714285714,5.03620525429,0.597242289772,0.326923076923,6.00525295579,1.42432281644,0.680873180873,3.83793300225,0.910278981302,0.463617463617,1.42084529335,0.637871901162,5.2,2.22747747748,1.42084529335,5.2,0,0,0,0,0.160752482811,37,37,37,1,0,0.405405405405,0.540540540541,0.0540540540541,37,172,0.129129129129,2.05181080883,9.2972972973,7.81818181818,4.64864864865,4.69553490542,0.505042998548,0.270427404148,6.02410074532,1.29588213708,0.651477058454,3.6683043026,0.78911197207,0.400377121307,1.05067146279,0.512070342093,3.14839229473,2.05181080883,1.05067146279,3.14839229473,0.0940905190905,0.0215588723051,13,0.0016731016731,0.181048612848,37,37,37,1,0,0.405405405405,0.594594594595,0,-170,-0.127627627628,0.326521990716,-9.18918918919,-7.72727272727,-5.12277992278,-0.67217524997,0.214684408271,0.127784761506,-3.48439079705,0.26718568366,0.106985198172,-4.38500904384,-0.0821529221344,-0.0614531299966,0.410071892462,0.140770439375,1.14839229473,0.326521990716,0.410071892462,1.14839229473,-0.249980875157,-0.355010165352,-797,-0.102574002574,-0.388528215502,0,0.0540540540541,-0.0540540540541,165,7,177,983,0.482456140351,0.992929292929,0.00707070707071,0.517543859649,0.959302325581,0.482456140351,0.642023346304,0.619274649582,0.47538543328,0.472779369628,16,186,0,0,0,0
358,WLNM_dir_neg,0.522018441438,0.340840013463,00:00:13,10,10,40,1233943475,threshold_sweep,0.7,0.5625,0.0483870967742,0.0891089108911,9,7,177,365,0.0483870967742,0.981182795699,0.0188172043011,0.951612903226,0.5625,0.0483870967742,0.0891089108911,0.670250896057,0.657108721625,0.0383275261324,0.0835253016442,0.0295698924731,342,156,186,0,342,0,156,0,186,37,342,0.256756756757,1.72528881811,18.4864864865,15.5454545455,9.77142857143,5.36771015539,0.290358590277,0.142642642643,9.50849154237,1.02869645341,0.544491860281,8.05331334643,0.871264894205,0.461830251304,0.640599570326,0.371299902718,2,1.72528881811,0.640599570326,2,0.344071394247,0.376569037657,810,0.104247104247,0.56957682835,37,37,37,1,0,0.405405405405,0.540540540541,0.0540540540541,37,0.117117117117,2.22747747748,8.43243243243,7.09090909091,4.45714285714,5.03620525429,0.597242289772,0.326923076923,6.00525295579,1.42432281644,0.680873180873,3.83793300225,0.910278981302,0.463617463617,1.42084529335,0.637871901162,5.2,2.22747747748,1.42084529335,5.2,0,0,0,0,0.160752482811,37,37,37,1,0,0.405405405405,0.540540540541,0.0540540540541,37,172,0.129129129129,2.05181080883,9.2972972973,7.81818181818,4.64864864865,4.69553490542,0.505042998548,0.270427404148,6.02410074532,1.29588213708,0.651477058454,3.6683043026,0.78911197207,0.400377121307,1.05067146279,0.512070342093,3.14839229473,2.05181080883,1.05067146279,3.14839229473,0.0940905190905,0.0215588723051,13,0.0016731016731,0.181048612848,37,37,37,1,0,0.405405405405,0.594594594595,0,-170,-0.127627627628,0.326521990716,-9.18918918919,-7.72727272727,-5.12277992278,-0.67217524997,0.214684408271,0.127784761506,-3.48439079705,0.26718568366,0.106985198172,-4.38500904384,-0.0821529221344,-0.0614531299966,0.410071892462,0.140770439375,1.14839229473,0.326521990716,0.410071892462,1.14839229473,-0.249980875157,-0.355010165352,-797,-0.102574002574,-0.388528215502,0,0.0540540540541,-0.0540540540541,165,7,177,983,0.482456140351,0.992929292929,0.00707070707071,0.517543859649,0.959302325581,0.482456140351,0.642023346304,0.619274649582,0.47538543328,0.472779369628,16,186,0,0,0,0
359,WLNM_dir_neg,0.522018441438,0.340840013463,00:00:13,10,10,40,1233943475,threshold_sweep,0.8,0.5625,0.0483870967742,0.0891089108911,9,7,177,365,0.0483870967742,0.981182795699,0.0188172043011,0.951612903226,0.5625,0.0483870967742,0.0891089108911,0.670250896057,0.657108721625,0.0383275261324,0.0835253016442,0.0295698924731,342,156,186,0,342,0,156,0,186,37,342,0.256756756757,1.72528881811,18.4864864865,15.5454545455,9.77142857143,5.36771015539,0.290358590277,0.142642642643,9.50849154237,1.02869645341,0.544491860281,8.05331334643,0.871264894205,0.461830251304,0.640599570326,0.371299902718,2,1.72528881811,0.640599570326,2,0.344071394247,0.376569037657,810,0.104247104247,0.56957682835,37,37,37,1,0,0.405405405405,0.540540540541,0.0540540540541,37,0.117117117117,2.22747747748,8.43243243243,7.09090909091,4.45714285714,5.03620525429,0.597242289772,0.326923076923,6.00525295579,1.42432281644,0.680873180873,3.83793300225,0.910278981302,0.463617463617,1.42084529335,0.637871901162,5.2,2.22747747748,1.42084529335,5.2,0,0,0,0,0.160752482811,37,37,37,1,0,0.405405405405,0.540540540541,0.0540540540541,37,172,0.129129129129,2.05181080883,9.2972972973,7.81818181818,4.64864864865,4.69553490542,0.505042998548,0.270427404148,6.02410074532,1.29588213708,0.651477058454,3.6683043026,0.78911197207,0.400377121307,1.05067146279,0.512070342093,3.14839229473,2.05181080883,1.05067146279,3.14839229473,0.0940905190905,0.0215588723051,13,0.0016731016731,0.181048612848,37,37,37,1,0,0.405405405405,0.594594594595,0,-170,-0.127627627628,0.326521990716,-9.18918918919,-7.72727272727,-5.12277992278,-0.67217524997,0.214684408271,0.127784761506,-3.48439079705,0.26718568366,0.106985198172,-4.38500904384,-0.0821529221344,-0.0614531299966,0.410071892462,0.140770439375,1.14839229473,0.326521990716,0.410071892462,1.14839229473,-0.249980875157,-0.355010165352,-797,-0.102574002574,-0.388528215502,0,0.0540540540541,-0.0540540540541,165,7,177,983,0.482456140351,0.992929292929,0.00707070707071,0.517543859649,0.959302325581,0.482456140351,0.642023346304,0.619274649582,0.47538543328,0.472779369628,16,186,0,0,0,0
360,WLNM_dir_neg,0.522018441438,0.340840013463,00:00:13,10,10,40,1233943475,threshold_sweep,0.9,0.5,0.0322580645161,0.0606060606061,6,6,180,366,0.0322580645161,0.983870967742,0.0161290322581,0.967741935484,0.5,0.0322580645161,0.0606060606061,0.666666666667,0.659498207885,0.0210526315789,0.0524142418361,0.0161290322581,342,156,186,0,342,0,156,0,186,37,342,0.256756756757,1.72528881811,18.4864864865,15.5454545455,9.77142857143,5.36771015539,0.290358590277,0.142642642643,9.50849154237,1.02869645341,0.544491860281,8.05331334643,0.871264894205,0.461830251304,0.640599570326,0.371299902718,2,1.72528881811,0.640599570326,2,0.344071394247,0.376569037657,810,0.104247104247,0.56957682835,37,37,37,1,0,0.405405405405,0.540540540541,0.0540540540541,37,0.117117117117,2.22747747748,8.43243243243,7.09090909091,4.45714285714,5.03620525429,0.597242289772,0.326923076923,6.00525295579,1.42432281644,0.680873180873,3.83793300225,0.910278981302,0.463617463617,1.42084529335,0.637871901162,5.2,2.22747747748,1.42084529335,5.2,0,0,0,0,0.160752482811,37,37,37,1,0,0.405405405405,0.540540540541,0.0540540540541,37,168,0.126126126126,2.07088220296,9.08108108108,7.63636363636,4.54054054054,4.73391063603,0.521293730753,0.281048906049,5.99812282948,1.32101514697,0.657979407979,3.65600415295,0.805191390828,0.409588159588,1.08578775595,0.524311694021,3.41886792453,2.07088220296,1.08578775595,3.41886792453,0.0441226941227,0.0102915951973,6,0.000772200772201,0.173668266301,37,37,37,1,0,0.405405405405,0.594594594595,0,-174,-0.130630630631,0.345593384843,-9.40540540541,-7.90909090909,-5.23088803089,-0.633799519364,0.230935140476,0.138406263406,-3.5103687129,0.292318693553,0.113487547698,-4.39730919349,-0.0660735033772,-0.0522420917158,0.445188185626,0.153011791304,1.41886792453,0.345593384843,0.445188185626,1.41886792453,-0.299948700125,-0.36627744246,-804,-0.103474903475,-0.395908562049,0,0.0540540540541,-0.0540540540541,162,6,180,984,0.473684210526,0.993939393939,0.00606060606061,0.526315789474,0.964285714286,0.473684210526,0.635294117647,0.615312792751,0.467623604466,0.465517241379,12,186,0,0,0,0
361,WLNM_dir_neg,0.537265868887,0.380023545974,00:00:14,10,10,41,1233943476,threshold_sweep,0.1,0.547619047619,0.123655913978,0.201754385965,23,19,163,353,0.123655913978,0.948924731183,0.0510752688172,0.876344086022,0.547619047619,0.123655913978,0.201754385965,0.673835125448,0.641577060932,0.09,0.129687843983,0.0725806451613,342,156,186,0,342,0,156,0,186,37,342,0.256756756757,1.72528881811,18.4864864865,15.5454545455,9.77142857143,5.36771015539,0.290358590277,0.142642642643,9.50849154237,1.02869645341,0.544491860281,8.05331334643,0.871264894205,0.461830251304,0.640599570326,0.371299902718,2,1.72528881811,0.640599570326,2,0.344071394247,0.376569037657,810,0.104247104247,0.56957682835,37,37,37,1,0,0.405405405405,0.540540540541,0.0540540540541,37,0.117117117117,2.22747747748,8.43243243243,7.09090909091,4.45714285714,5.03620525429,0.597242289772,0.326923076923,6.00525295579,1.42432281644,0.680873180873,3.83793300225,0.910278981302,0.463617463617,1.42084529335,0.637871901162,5.2,2.22747747748,1.42084529335,5.2,0,0,0,0,0.160752482811,37,37,37,1,0,0.405405405405,0.540540540541,0.0540540540541,37,198,0.148648648649,19.585299908,10.7027027027,5.82352941176,5.35135135135,5.35342499333,0.500193749376,0.26794976795,5.85574843976,1.09425602157,0.553917553918,3.75807439031,0.702266426473,0.378378378378,5.76948428463,0.294582381262,21.7027233461,19.585299908,5.76948428463,21.7027233461,0.139294468871,0.0845431255337,66,0.00849420849421,0.197914591277,37,37,37,1,0,0.0810810810811,0.918918918919,0,-144,-0.108108108108,17.8600110899,-7.78378378378,-9.72192513369,-4.42007722008,-0.0142851620681,0.209835159099,0.125307125307,-3.65274310261,0.0655595681571,0.00942569363622,-4.29523895612,-0.168998467732,-0.0834518729256,5.1288847143,-0.0767175214557,19.7027233461,17.8600110899,5.1288847143,19.7027233461,-0.204776925376,-0.292025912123,-744,-0.0957528957529,-0.371662237072,-0.324324324324,0.378378378378,-0.0540540540541,179,19,163,971,0.523391812865,0.980808080808,0.0191919191919,0.476608187135,0.90404040404,0.523391812865,0.662962962963,0.619147719561,0.504199893674,0.495844875346,42,186,0,0,0,0
362,WLNM_dir_neg,0.537265868887,0.380023545974,00:00:14,10,10,41,1233943476,threshold_sweep,0.2,0.472222222222,0.0913978494624,0.153153153153,17,19,169,353,0.0913978494624,0.948924731183,0.0510752688172,0.908602150538,0.472222222222,0.0913978494624,0.153153153153,0.663082437276,0.645161290323,0.0505050505051,0.0773730575738,0.0403225806452,342,156,186,0,342,0,156,0,186,37,342,0.256756756757,1.72528881811,18.4864864865,15.5454545455,9.77142857143,5.36771015539,0.290358590277,0.142642642643,9.50849154237,1.02869645341,0.544491860281,8.05331334643,0.871264894205,0.461830251304,0.640599570326,0.371299902718,2,1.72528881811,0.640599570326,2,0.344071394247,0.376569037657,810,0.104247104247,0.56957682835,37,37,37,1,0,0.405405405405,0.540540540541,0.0540540540541,37,0.117117117117,2.22747747748,8.43243243243,7.09090909091,4.45714285714,5.03620525429,0.597242289772,0.326923076923,6.00525295579,1.42432281644,0.680873180873,3.83793300225,0.910278981302,0.463617463617,1.42084529335,0.637871901162,5.2,2.22747747748,1.42084529335,5.2,0,0,0,0,0.160752482811,37,37,37,1,0,0.405405405405,0.540540540541,0.0540540540541,37,192,0.144144144144,19.4819136474,10.3783783784,5.64705882353,5.18918918919,5.37148516268,0.517564976612,0.282798423423,5.85395325987,1.12810557612,0.563626126126,3.79939935193,0.732175916778,0.393018018018,5.73909244239,0.294585662695,21.5391767348,19.4819136474,5.73909244239,21.5391767348,0.153678678679,0.0756637168142,57,0.00733590733591,0.208010294381,37,37,37,1,0,0.0810810810811,0.918918918919,0,-150,-0.112612612613,17.7566248293,-8.10810810811,-9.89839572193,-4.58223938224,0.00377500728312,0.227206386335,0.140155780781,-3.6545382825,0.0994091227064,0.0191342658448,-4.25391399451,-0.139088977427,-0.0688122332859,5.09849287207,-0.0767142400226,19.5391767348,17.7566248293,5.09849287207,19.5391767348,-0.190392715569,-0.300905320843,-753,-0.0969111969112,-0.361566533969,-0.324324324324,0.378378378378,-0.0540540540541,173,19,169,971,0.505847953216,0.980808080808,0.0191919191919,0.494152046784,0.901041666667,0.505847953216,0.647940074906,0.605270800058,0.486656034024,0.479224376731,36,186,0,0,0,0
363,WLNM_dir_neg,0.537265868887,0.380023545974,00:00:14,10,10,41,1233943476,threshold_sweep,0.3,0.485714285714,0.0913978494624,0.153846153846,17,18,169,354,0.0913978494624,0.951612903226,0.0483870967742,0.908602150538,0.485714285714,0.0913978494624,0.153846153846,0.664874551971,0.645758661888,0.0539629005059,0.0836219167794,0.0430107526882,342,156,186,0,342,0,156,0,186,37,342,0.256756756757,1.72528881811,18.4864864865,15.5454545455,9.77142857143,5.36771015539,0.290358590277,0.142642642643,9.50849154237,1.02869645341,0.544491860281,8.05331334643,0.871264894205,0.461830251304,0.640599570326,0.371299902718,2,1.72528881811,0.640599570326,2,0.344071394247,0.376569037657,810,0.104247104247,0.56957682835,37,37,37,1,0,0.405405405405,0.540540540541,0.0540540540541,37,0.117117117117,2.22747747748,8.43243243243,7.09090909091,4.45714285714,5.03620525429,0.597242289772,0.326923076923,6.00525295579,1.42432281644,0.680873180873,3.83793300225,0.910278981302,0.463617463617,1.42084529335,0.637871901162,5.2,2.22747747748,1.42084529335,5.2,0,0,0,0,0.160752482811,37,37,37,1,0,0.405405405405,0.540540540541,0.0540540540541,37,191,0.143393393393,19.2543511613,10.3243243243,5.61764705882,5.16216216216,5.33361485743,0.516606674673,0.283288524126,5.86663595406,1.13646874503,0.566011037215,3.73804400362,0.724123707507,0.389981604641,5.66595402423,0.294268759138,21.2716384511,19.2543511613,5.66595402423,21.2716384511,0.153678678679,0.0756637168142,57,0.00733590733591,0.200839143092,37,37,37,1,0,0.0810810810811,0.918918918919,0,-151,-0.113363363363,17.5290623432,-8.16216216216,-9.92780748663,-4.60926640927,-0.0340952979587,0.226248084396,0.140645881484,-3.64185558832,0.107772291612,0.0215191769339,-4.31526934282,-0.147141186698,-0.0718486466626,5.0253544539,-0.07703114358,19.2716384511,17.5290623432,5.0253544539,19.2716384511,-0.190392715569,-0.300905320843,-753,-0.0969111969112,-0.368737685258,-0.324324324324,0.378378378378,-0.0540540540541,173,18,169,972,0.505847953216,0.981818181818,0.0181818181818,0.494152046784,0.905759162304,0.505847953216,0.649155722326,0.607846250997,0.487666135035,0.480555555556,35,186,0,0,0,0
364,WLNM_dir_neg,0.537265868887,0.380023545974,00:00:14,10,10,41,1233943476,threshold_sweep,0.4,0.666666666667,0.0752688172043,0.135265700483,14,7,172,365,0.0752688172043,0.981182795699,0.0188172043011,0.924731182796,0.666666666667,0.0752688172043,0.135265700483,0.679211469534,0.654121863799,0.0725388601036,0.139832301796,0.0564516129032,342,156,186,0,342,0,156,0,186,37,342,0.256756756757,1.72528881811,18.4864864865,15.5454545455,9.77142857143,5.36771015539,0.290358590277,0.142642642643,9.50849154237,1.02869645341,0.544491860281,8.05331334643,0.871264894205,0.461830251304,0.640599570326,0.371299902718,2,1.72528881811,0.640599570326,2,0.344071394247,0.376569037657,810,0.104247104247,0.56957682835,37,37,37,1,0,0.405405405405,0.540540540541,0.0540540540541,37,0.117117117117,2.22747747748,8.43243243243,7.09090909091,4.45714285714,5.03620525429,0.597242289772,0.326923076923,6.00525295579,1.42432281644,0.680873180873,3.83793300225,0.910278981302,0.463617463617,1.42084529335,0.637871901162,5.2,2.22747747748,1.42084529335,5.2,0,0,0,0,0.160752482811,37,37,37,1,0,0.405405405405,0.540540540541,0.0540540540541,37,177,0.132882882883,2.54440198516,9.56756756757,7.69565217391,4.78378378378,4.86792529695,0.508794451941,0.273629561765,6.00525295579,1.25533536364,0.636127653077,3.56787467966,0.745826910437,0.397923347076,1.57798703936,0.620179927765,4.56970808871,2.54440198516,1.57798703936,4.56970808871,0.121651384809,0.0282574568289,18,0.0023166023166,0.174135967218,37,37,37,1,0,0.378378378378,0.621621621622,0,-165,-0.123873873874,0.81911316704,-8.91891891892,-7.84980237154,-4.98764478764,-0.499784858442,0.218435861664,0.130986919123,-3.50323858658,0.226638910226,0.0916357927955,-4.48543866678,-0.125437983768,-0.063906904228,0.937387469032,0.248880025047,2.56970808871,0.81911316704,0.937387469032,2.56970808871,-0.222420009438,-0.348311580828,-792,-0.101930501931,-0.395440861132,-0.027027027027,0.0810810810811,-0.0540540540541,170,7,172,983,0.497076023392,0.992929292929,0.00707070707071,0.502923976608,0.960451977401,0.497076023392,0.655105973025,0.630599783011,0.490005316321,0.487106017192,21,186,0,0,0,0
365,WLNM_dir_neg,0.537265868887,0.380023545974,00:00:14,10,10,41,1233943476,threshold_sweep,0.5,0.6875,0.0591397849462,0.108910891089,11,5,175,367,0.0591397849462,0.986559139785,0.0134408602151,0.940860215054,0.6875,0.0591397849462,0.108910891089,0.677419354839,0.657108721625,0.0592334494774,0.129084557087,0.0456989247312,342,156,186,0,342,0,156,0,186,37,342,0.256756756757,1.72528881811,18.4864864865,15.5454545455,9.77142857143,5.36771015539,0.290358590277,0.142642642643,9.50849154237,1.02869645341,0.544491860281,8.05331334643,0.871264894205,0.461830251304,0.640599570326,0.371299902718,2,1.72528881811,0.640599570326,2,0.344071394247,0.376569037657,810,0.104247104247,0.56957682835,37,37,37,1,0,0.405405405405,0.540540540541,0.0540540540541,37,0.117117117117,2.22747747748,8.43243243243,7.09090909091,4.45714285714,5.03620525429,0.597242289772,0.326923076923,6.00525295579,1.42432281644,0.680873180873,3.83793300225,0.910278981302,0.463617463617,1.42084529335,0.637871901162,5.2,2.22747747748,1.42084529335,5.2,0,0,0,0,0.160752482811,37,37,37,1,0,0.405405405405,0.540540540541,0.0540540540541,37,172,0.129129129129,2.13677324231,9.2972972973,7.81818181818,4.64864864865,4.86406816967,0.5231701229,0.283626649906,6.04251702621,1.29984377889,0.651162790698,3.5917824128,0.77265086787,0.407291011942,1.22322352226,0.572462953972,4.23371993127,2.13677324231,1.22322352226,4.23371993127,0.0861498907939,0.0178764897075,11,0.0014157014157,0.181568959694,37,37,37,1,0,0.405405405405,0.594594594595,0,-170,-0.127627627628,0.4114844242,-9.18918918919,-7.72727272727,-5.12277992278,-0.503641985727,0.232811532623,0.140984007263,-3.46597451617,0.271147325479,0.106670930416,-4.46153093363,-0.0986140263351,-0.0545392393618,0.582623951938,0.201163051255,2.23371993127,0.4114844242,0.582623951938,2.23371993127,-0.257921503454,-0.358692547949,-799,-0.102831402831,-0.388007868656,0,0.0540540540541,-0.0540540540541,167,5,175,985,0.488304093567,0.994949494949,0.00505050505051,0.511695906433,0.970930232558,0.488304093567,0.649805447471,0.629524330653,0.483253588517,0.481268011527,16,186,0,0,0,0
366,WLNM_dir_neg,0.537265868887,0.380023545974,00:00:14,10,10,41,1233943476,threshold_sweep,0.6,0.666666666667,0.0430107526882,0.0808080808081,8,4,178,368,0.0430107526882,0.989247311828,0.010752688172,0.956989247312,0.666666666667,0.0430107526882,0.0808080808081,0.673835125448,0.659498207885,0.0421052631579,0.104828483672,0.0322580645161,342,156,186,0,342,0,156,0,186,37,342,0.256756756757,1.72528881811,18.4864864865,15.5454545455,9.77142857143,5.36771015539,0.290358590277,0.142642642643,9.50849154237,1.02869645341,0.544491860281,8.05331334643,0.871264894205,0.461830251304,0.640599570326,0.371299902718,2,1.72528881811,0.640599570326,2,0.344071394247,0.376569037657,810,0.104247104247,0.56957682835,37,37,37,1,0,0.405405405405,0.540540540541,0.0540540540541,37,0.117117117117,2.22747747748,8.43243243243,7.09090909091,4.45714285714,5.03620525429,0.597242289772,0.326923076923,6.00525295579,1.42432281644,0.680873180873,3.83793300225,0.910278981302,0.463617463617,1.42084529335,0.637871901162,5.2,2.22747747748,1.42084529335,5.2,0,0,0,0,0.160752482811,37,37,37,1,0,0.405405405405,0.540540540541,0.0540540540541,37,168,0.126126126126,2.13944503884,9.08108108108,7.63636363636,4.54054054054,4.98541416076,0.54898905937,0.298101673102,6.06261125714,1.33521795544,0.66184041184,3.61012922664,0.795087984438,0.414092664093,1.22587058569,0.572985313218,4.24341174221,2.13944503884,1.22587058569,4.24341174221,0.0985402031842,0.0166852057842,10,0.001287001287,0.168376366488,37,37,37,1,0,0.405405405405,0.594594594595,0,-174,-0.130630630631,0.414156220728,-9.40540540541,-7.90909090909,-5.23088803089,-0.382295994628,0.258630469093,0.155459030459,-3.44588028523,0.306521502028,0.117348551559,-4.4431841198,-0.0761769097665,-0.0477375872113,0.585271015368,0.2016854105,2.24341174221,0.414156220728,0.585271015368,2.24341174221,-0.245531191063,-0.359883831873,-800,-0.10296010296,-0.401200461862,0,0.0540540540541,-0.0540540540541,164,4,178,986,0.479532163743,0.99595959596,0.0040404040404,0.520467836257,0.97619047619,0.479532163743,0.643137254902,0.625665941151,0.475491759702,0.473988439306,12,186,0,0,0,0
367,WLNM_dir_neg,0.537265868887,0.380023545974,00:00:14,10,10,41,1233943476,threshold_sweep,0.7,0.8,0.0430107526882,0.0816326530612,8,2,178,370,0.0430107526882,0.994623655914,0.00537634408602,0.956989247312,0.8,0.0430107526882,0.0816326530612,0.677419354839,0.660692951016,0.0492957746479,0.133728125983,0.0376344086022,342,156,186,0,342,0,156,0,186,37,342,0.256756756757,1.72528881811,18.4864864865,15.5454545455,9.77142857143,5.36771015539,0.290358590277,0.142642642643,9.50849154237,1.02869645341,0.544491860281,8.05331334643,0.871264894205,0.461830251304,0.640599570326,0.371299902718,2,1.72528881811,0.640599570326,2,0.344071394247,0.376569037657,810,0.104247104247,0.56957682835,37,37,37,1,0,0.405405405405,0.540540540541,0.0540540540541,37,0.117117117117,2.22747747748,8.43243243243,7.09090909091,4.45714285714,5.03620525429,0.597242289772,0.326923076923,6.00525295579,1.42432281644,0.680873180873,3.83793300225,0.910278981302,0.463617463617,1.42084529335,0.637871901162,5.2,2.22747747748,1.42084529335,5.2,0,0,0,0,0.160752482811,37,37,37,1,0,0.405405405405,0.540540540541,0.0540540540541,37,166,0.124624624625,2.13495025638,8.97297297297,7.54545454545,4.74285714286,5.02486310751,0.559999804151,0.302832953435,6.03978302416,1.34621669816,0.6646043634,3.67137290111,0.818318056271,0.430478671443,1.21669687337,0.569894717563,4.17562358277,2.13495025638,1.21669687337,4.17562358277,0.0698980566886,0.0118577075099,7,0.000900900900901,0.168928501943,37,37,37,1,0,0.405405405405,0.540540540541,0.0540540540541,-176,-0.132132132132,0.409661438264,-9.51351351351,-8,-5.02857142857,-0.34284704788,0.269641213873,0.160190310793,-3.46870851821,0.317520244742,0.120112503118,-4.38194044533,-0.0529468379342,-0.0313515798614,0.576097303044,0.198594814845,2.17562358277,0.409661438264,0.576097303044,2.17562358277,-0.274173337559,-0.364711330147,-803,-0.103346203346,-0.400648326407,0,0,0,164,2,178,988,0.479532163743,0.99797979798,0.0020202020202,0.520467836257,0.987951807229,0.479532163743,0.645669291339,0.631555594027,0.477511961722,0.476744186047,10,186,0,0,0,0
368,WLNM_dir_neg,0.537265868887,0.380023545974,00:00:14,10,10,41,1233943476,threshold_sweep,0.8,0.8,0.0430107526882,0.0816326530612,8,2,178,370,0.0430107526882,0.994623655914,0.00537634408602,0.956989247312,0.8,0.0430107526882,0.0816326530612,0.677419354839,0.660692951016,0.0492957746479,0.133728125983,0.0376344086022,342,156,186,0,342,0,156,0,186,37,342,0.256756756757,1.72528881811,18.4864864865,15.5454545455,9.77142857143,5.36771015539,0.290358590277,0.142642642643,9.50849154237,1.02869645341,0.544491860281,8.05331334643,0.871264894205,0.461830251304,0.640599570326,0.371299902718,2,1.72528881811,0.640599570326,2,0.344071394247,0.376569037657,810,0.104247104247,0.56957682835,37,37,37,1,0,0.405405405405,0.540540540541,0.0540540540541,37,0.117117117117,2.22747747748,8.43243243243,7.09090909091,4.45714285714,5.03620525429,0.597242289772,0.326923076923,6.00525295579,1.42432281644,0.680873180873,3.83793300225,0.910278981302,0.463617463617,1.42084529335,0.637871901162,5.2,2.22747747748,1.42084529335,5.2,0,0,0,0,0.160752482811,37,37,37,1,0,0.405405405405,0.540540540541,0.0540540540541,37,166,0.124624624625,2.13495025638,8.97297297297,7.54545454545,4.74285714286,5.02486310751,0.559999804151,0.302832953435,6.03978302416,1.34621669816,0.6646043634,3.67137290111,0.818318056271,0.430478671443,1.21669687337,0.569894717563,4.17562358277,2.13495025638,1.21669687337,4.17562358277,0.0698980566886,0.0118577075099,7,0.000900900900901,0.168928501943,37,37,37,1,0,0.405405405405,0.540540540541,0.0540540540541,-176,-0.132132132132,0.409661438264,-9.51351351351,-8,-5.02857142857,-0.34284704788,0.269641213873,0.160190310793,-3.46870851821,0.317520244742,0.120112503118,-4.38194044533,-0.0529468379342,-0.0313515798614,0.576097303044,0.198594814845,2.17562358277,0.409661438264,0.576097303044,2.17562358277,-0.274173337559,-0.364711330147,-803,-0.103346203346,-0.400648326407,0,0,0,164,2,178,988,0.479532163743,0.99797979798,0.0020202020202,0.520467836257,0.987951807229,0.479532163743,0.645669291339,0.631555594027,0.477511961722,0.476744186047,10,186,0,0,0,0
369,WLNM_dir_neg,0.537265868887,0.380023545974,00:00:14,10,10,41,1233943476,threshold_sweep,0.9,0.833333333333,0.0268817204301,0.0520833333333,5,1,181,371,0.0268817204301,0.997311827957,0.00268817204301,0.97311827957,0.833333333333,0.0268817204301,0.0520833333333,0.673835125448,0.663082437276,0.031914893617,0.110581467116,0.0241935483871,342,156,186,0,342,0,156,0,186,37,342,0.256756756757,1.72528881811,18.4864864865,15.5454545455,9.77142857143,5.36771015539,0.290358590277,0.142642642643,9.50849154237,1.02869645341,0.544491860281,8.05331334643,0.871264894205,0.461830251304,0.640599570326,0.371299902718,2,1.72528881811,0.640599570326,2,0.344071394247,0.376569037657,810,0.104247104247,0.56957682835,37,37,37,1,0,0.405405405405,0.540540540541,0.0540540540541,37,0.117117117117,2.22747747748,8.43243243243,7.09090909091,4.45714285714,5.03620525429,0.597242289772,0.326923076923,6.00525295579,1.42432281644,0.680873180873,3.83793300225,0.910278981302,0.463617463617,1.42084529335,0.637871901162,5.2,2.22747747748,1.42084529335,5.2,0,0,0,0,0.160752482811,37,37,37,1,0,0.405405405405,0.540540540541,0.0540540540541,37,162,0.121621621622,2.23656134767,8.75675675676,7.36363636364,4.62857142857,5.06296688056,0.578178316607,0.314314314314,6.05232439899,1.38232100471,0.672672672673,3.74426488373,0.855171609247,0.445111778445,1.43636605649,0.642220727806,5.44501424501,2.23656134767,1.43636605649,5.44501424501,0.0395107458188,0.00700525394046,4,0.000514800514801,0.165963798107,37,37,37,1,0,0.405405405405,0.540540540541,0.0540540540541,-180,-0.135135135135,0.511272529558,-9.72972972973,-8.18181818182,-5.14285714286,-0.304743274835,0.28781972633,0.171671671672,-3.45616714338,0.353624551293,0.128180812391,-4.30904846271,-0.0160932849583,-0.0167184728588,0.79576648616,0.270920825089,3.44501424501,0.511272529558,0.79576648616,3.44501424501,-0.304560648429,-0.369563783716,-806,-0.103732303732,-0.403613030243,0,0,0,161,1,181,989,0.470760233918,0.99898989899,0.0010101010101,0.529239766082,0.993827160494,0.470760233918,0.638888888889,0.627837314655,0.469750132908,0.469387755102,6,186,0,0,0,0
370,WLNM_dir_neg,0.492585848075,0.385671346698,00:00:14,10,10,42,1233943477,threshold_sweep,0.1,0.529411764706,0.145161290323,0.227848101266,27,24,159,348,0.145161290323,0.935483870968,0.0645161290323,0.854838709677,0.529411764706,0.145161290323,0.227848101266,0.672043010753,0.636200716846,0.0985221674877,0.131921988571,0.0806451612903,342,156,186,0,342,0,156,0,186,37,342,0.256756756757,1.72528881811,18.4864864865,15.5454545455,9.77142857143,5.36771015539,0.290358590277,0.142642642643,9.50849154237,1.02869645341,0.544491860281,8.05331334643,0.871264894205,0.461830251304,0.640599570326,0.371299902718,2,1.72528881811,0.640599570326,2,0.344071394247,0.376569037657,810,0.104247104247,0.56957682835,37,37,37,1,0,0.405405405405,0.540540540541,0.0540540540541,37,0.117117117117,2.22747747748,8.43243243243,7.09090909091,4.45714285714,5.03620525429,0.597242289772,0.326923076923,6.00525295579,1.42432281644,0.680873180873,3.83793300225,0.910278981302,0.463617463617,1.42084529335,0.637871901162,5.2,2.22747747748,1.42084529335,5.2,0,0,0,0,0.160752482811,37,37,37,1,0,0.405405405405,0.540540540541,0.0540540540541,37,207,0.155405405405,6.3947893421,11.1891891892,7.13793103448,5.75,5.12530669997,0.45805881135,0.245071158115,6.08029357597,1.08681575996,0.567959263611,3.48376759222,0.622702419866,0.338425381904,3.19911648104,0.500269252026,8.87198143643,6.3947893421,3.19911648104,8.87198143643,0.195715939292,0.115151515152,95,0.0122265122265,0.180756434354,37,37,37,1,0,0.216216216216,0.756756756757,0.027027027027,-135,-0.101351351351,4.66950052399,-7.2972972973,-8.40752351097,-4.02142857143,-0.242403455422,0.167700221073,0.102428515472,-3.42819796641,0.058119306541,0.0234674033301,-4.56954575421,-0.248562474339,-0.1234048694,2.55851691071,0.128969349308,6.87198143643,4.66950052399,2.55851691071,6.87198143643,-0.148355454956,-0.261417522505,-715,-0.0920205920206,-0.388820393996,-0.189189189189,0.216216216216,-0.027027027027,183,24,159,966,0.535087719298,0.975757575758,0.0242424242424,0.464912280702,0.884057971014,0.535087719298,0.666666666667,0.615968657223,0.510845295056,0.5,51,186,0,0,0,0
371,WLNM_dir_neg,0.492585848075,0.385671346698,00:00:14,10,10,42,1233943477,threshold_sweep,0.2,0.565217391304,0.139784946237,0.224137931034,26,20,160,352,0.139784946237,0.94623655914,0.0537634408602,0.860215053763,0.565217391304,0.139784946237,0.224137931034,0.677419354839,0.639187574671,0.105960264901,0.147441956155,0.0860215053763,342,156,186,0,342,0,156,0,186,37,342,0.256756756757,1.72528881811,18.4864864865,15.5454545455,9.77142857143,5.36771015539,0.290358590277,0.142642642643,9.50849154237,1.02869645341,0.544491860281,8.05331334643,0.871264894205,0.461830251304,0.640599570326,0.371299902718,2,1.72528881811,0.640599570326,2,0.344071394247,0.376569037657,810,0.104247104247,0.56957682835,37,37,37,1,0,0.405405405405,0.540540540541,0.0540540540541,37,0.117117117117,2.22747747748,8.43243243243,7.09090909091,4.45714285714,5.03620525429,0.597242289772,0.326923076923,6.00525295579,1.42432281644,0.680873180873,3.83793300225,0.910278981302,0.463617463617,1.42084529335,0.637871901162,5.2,2.22747747748,1.42084529335,5.2,0,0,0,0,0.160752482811,37,37,37,1,0,0.405405405405,0.540540540541,0.0540540540541,37,202,0.151651651652,6.63316312527,10.9189189189,6.96551724138,5.61111111111,4.89545355054,0.44834599349,0.24310944608,6.03045324718,1.10458797102,0.57452502007,3.57921930186,0.655599575093,0.357773615199,3.34303829201,0.503988554009,9.09954058243,6.63316312527,3.34303829201,9.09954058243,0.181953685824,0.0938705529361,73,0.00939510939511,0.180258394523,37,37,37,1,0,0.216216216216,0.756756756757,0.027027027027,-140,-0.105105105105,4.90787430715,-7.56756756757,-8.57993730408,-4.16031746032,-0.472256604856,0.157987403213,0.100466803437,-3.4780382952,0.0758915176024,0.0300331597882,-4.47409404457,-0.215665319112,-0.104056636105,2.70243872168,0.132688651291,7.09954058243,4.90787430715,2.70243872168,7.09954058243,-0.162117708424,-0.282698484721,-737,-0.094851994852,-0.389318433827,-0.189189189189,0.216216216216,-0.027027027027,182,20,160,970,0.53216374269,0.979797979798,0.020202020202,0.46783625731,0.90099009901,0.53216374269,0.669117647059,0.623524087456,0.511961722488,0.502762430939,46,186,0,0,0,0
372,WLNM_dir_neg,0.492585848075,0.385671346698,00:00:14,10,10,42,1233943477,threshold_sweep,0.3,0.675675675676,0.134408602151,0.224215246637,25,12,161,360,0.134408602151,0.967741935484,0.0322580645161,0.865591397849,0.675675675676,0.134408602151,0.224215246637,0.689964157706,0.644563918757,0.127731092437,0.193530257786,0.102150537634,342,156,186,0,342,0,156,0,186,37,342,0.256756756757,1.72528881811,18.4864864865,15.5454545455,9.77142857143,5.36771015539,0.290358590277,0.142642642643,9.50849154237,1.02869645341,0.544491860281,8.05331334643,0.871264894205,0.461830251304,0.640599570326,0.371299902718,2,1.72528881811,0.640599570326,2,0.344071394247,0.376569037657,810,0.104247104247,0.56957682835,37,37,37,1,0,0.405405405405,0.540540540541,0.0540540540541,37,0.117117117117,2.22747747748,8.43243243243,7.09090909091,4.45714285714,5.03620525429,0.597242289772,0.326923076923,6.00525295579,1.42432281644,0.680873180873,3.83793300225,0.910278981302,0.463617463617,1.42084529335,0.637871901162,5.2,2.22747747748,1.42084529335,5.2,0,0,0,0,0.160752482811,37,37,37,1,0,0.405405405405,0.540540540541,0.0540540540541,37,193,0.144894894895,2.72927389883,10.4324324324,8.39130434783,5.36111111111,4.76993210143,0.457221470862,0.244503570928,6.17402774683,1.18362189965,0.609718526817,3.44911530634,0.661229359246,0.360173645148,1.77792940237,0.651429452768,4.7893535721,2.72927389883,1.77792940237,4.7893535721,0.16140795212,0.0625869262865,45,0.00579150579151,0.194175030752,37,37,37,1,0,0.378378378378,0.594594594595,0.027027027027,-149,-0.111861861862,1.00398508071,-8.05405405405,-7.15415019763,-4.41031746032,-0.597778053963,0.166862880585,0.101860928286,-3.33446379555,0.154925446236,0.0652266665356,-4.6041980401,-0.210035534959,-0.101656606156,1.13732983204,0.280129550051,2.7893535721,1.00398508071,1.13732983204,2.7893535721,-0.182663442127,-0.31398211137,-765,-0.0984555984556,-0.375401797597,-0.027027027027,0.0540540540541,-0.027027027027,181,12,161,978,0.529239766082,0.987878787879,0.0121212121212,0.470760233918,0.937823834197,0.529239766082,0.676635514019,0.641771244667,0.517118553961,0.511299435028,37,186,0,0,0,0
373,WLNM_dir_neg,0.492585848075,0.385671346698,00:00:14,10,10,42,1233943477,threshold_sweep,0.4,0.676470588235,0.123655913978,0.209090909091,23,11,163,361,0.123655913978,0.970430107527,0.0295698924731,0.876344086022,0.676470588235,0.123655913978,0.209090909091,0.688172043011,0.646356033453,0.118243243243,0.185416314544,0.0940860215054,342,156,186,0,342,0,156,0,186,37,342,0.256756756757,1.72528881811,18.4864864865,15.5454545455,9.77142857143,5.36771015539,0.290358590277,0.142642642643,9.50849154237,1.02869645341,0.544491860281,8.05331334643,0.871264894205,0.461830251304,0.640599570326,0.371299902718,2,1.72528881811,0.640599570326,2,0.344071394247,0.376569037657,810,0.104247104247,0.56957682835,37,37,37,1,0,0.405405405405,0.540540540541,0.0540540540541,37,0.117117117117,2.22747747748,8.43243243243,7.09090909091,4.45714285714,5.03620525429,0.597242289772,0.326923076923,6.00525295579,1.42432281644,0.680873180873,3.83793300225,0.910278981302,0.463617463617,1.42084529335,0.637871901162,5.2,2.22747747748,1.42084529335,5.2,0,0,0,0,0.160752482811,37,37,37,1,0,0.405405405405,0.540540540541,0.0540540540541,37,190,0.142642642643,2.71041374357,10.2702702703,8.26086956522,5.27777777778,4.76473532347,0.46393475518,0.247083926031,6.11538207293,1.19089019315,0.610810810811,3.4493329642,0.671712208817,0.363300142248,1.7543406557,0.64725935657,4.7893535721,2.71041374357,1.7543406557,4.7893535721,0.13826167046,0.0538752362949,38,0.0048906048906,0.190988522295,37,37,37,1,0,0.378378378378,0.594594594595,0.027027027027,-152,-0.114114114114,0.985124925456,-8.21621621622,-7.28458498024,-4.49365079365,-0.602974831925,0.173576164903,0.104441283389,-3.39310946945,0.162193739734,0.0663189505295,-4.60398038224,-0.199552685388,-0.0985301090564,1.11374108538,0.275959453852,2.7893535721,0.985124925456,1.11374108538,2.7893535721,-0.205809723788,-0.322693801362,-772,-0.0993564993565,-0.378588306055,-0.027027027027,0.0540540540541,-0.027027027027,179,11,163,979,0.523391812865,0.988888888889,0.0111111111111,0.476608187135,0.942105263158,0.523391812865,0.672932330827,0.639924582348,0.512280701754,0.507082152975,34,186,0,0,0,0
374,WLNM_dir_neg,0.492585848075,0.385671346698,00:00:14,10,10,42,1233943477,threshold_sweep,0.5,0.676470588235,0.123655913978,0.209090909091,23,11,163,361,0.123655913978,0.970430107527,0.0295698924731,0.876344086022,0.676470588235,0.123655913978,0.209090909091,0.688172043011,0.646356033453,0.118243243243,0.185416314544,0.0940860215054,342,156,186,0,342,0,156,0,186,37,342,0.256756756757,1.72528881811,18.4864864865,15.5454545455,9.77142857143,5.36771015539,0.290358590277,0.142642642643,9.50849154237,1.02869645341,0.544491860281,8.05331334643,0.871264894205,0.461830251304,0.640599570326,0.371299902718,2,1.72528881811,0.640599570326,2,0.344071394247,0.376569037657,810,0.104247104247,0.56957682835,37,37,37,1,0,0.405405405405,0.540540540541,0.0540540540541,37,0.117117117117,2.22747747748,8.43243243243,7.09090909091,4.45714285714,5.03620525429,0.597242289772,0.326923076923,6.00525295579,1.42432281644,0.680873180873,3.83793300225,0.910278981302,0.463617463617,1.42084529335,0.637871901162,5.2,2.22747747748,1.42084529335,5.2,0,0,0,0,0.160752482811,37,37,37,1,0,0.405405405405,0.540540540541,0.0540540540541,37,190,0.142642642643,2.71041374357,10.2702702703,8.26086956522,5.27777777778,4.76473532347,0.46393475518,0.247083926031,6.11538207293,1.19089019315,0.610810810811,3.4493329642,0.671712208817,0.363300142248,1.7543406557,0.64725935657,4.7893535721,2.71041374357,1.7543406557,4.7893535721,0.13826167046,0.0538752362949,38,0.0048906048906,0.190988522295,37,37,37,1,0,0.378378378378,0.594594594595,0.027027027027,-152,-0.114114114114,0.985124925456,-8.21621621622,-7.28458498024,-4.49365079365,-0.602974831925,0.173576164903,0.104441283389,-3.39310946945,0.162193739734,0.0663189505295,-4.60398038224,-0.199552685388,-0.0985301090564,1.11374108538,0.275959453852,2.7893535721,0.985124925456,1.11374108538,2.7893535721,-0.205809723788,-0.322693801362,-772,-0.0993564993565,-0.378588306055,-0.027027027027,0.0540540540541,-0.027027027027,179,11,163,979,0.523391812865,0.988888888889,0.0111111111111,0.476608187135,0.942105263158,0.523391812865,0.672932330827,0.639924582348,0.512280701754,0.507082152975,34,186,0,0,0,0
375,WLNM_dir_neg,0.492585848075,0.385671346698,00:00:14,10,10,42,1233943477,threshold_sweep,0.6,0.740740740741,0.10752688172,0.18779342723,20,7,166,365,0.10752688172,0.981182795699,0.0188172043011,0.89247311828,0.740740740741,0.10752688172,0.18779342723,0.689964157706,0.650537634409,0.112820512821,0.194881134599,0.0887096774194,342,156,186,0,342,0,156,0,186,37,342,0.256756756757,1.72528881811,18.4864864865,15.5454545455,9.77142857143,5.36771015539,0.290358590277,0.142642642643,9.50849154237,1.02869645341,0.544491860281,8.05331334643,0.871264894205,0.461830251304,0.640599570326,0.371299902718,2,1.72528881811,0.640599570326,2,0.344071394247,0.376569037657,810,0.104247104247,0.56957682835,37,37,37,1,0,0.405405405405,0.540540540541,0.0540540540541,37,0.117117117117,2.22747747748,8.43243243243,7.09090909091,4.45714285714,5.03620525429,0.597242289772,0.326923076923,6.00525295579,1.42432281644,0.680873180873,3.83793300225,0.910278981302,0.463617463617,1.42084529335,0.637871901162,5.2,2.22747747748,1.42084529335,5.2,0,0,0,0,0.160752482811,37,37,37,1,0,0.405405405405,0.540540540541,0.0540540540541,37,183,0.137387387387,2.82825938842,9.89189189189,7.95652173913,5.08333333333,4.79457902093,0.484697879166,0.2605228179,6.11894120265,1.2371629754,0.627086102496,3.53510919167,0.71474885296,0.380741397135,1.91699135956,0.677798990929,5.2432857496,2.82825938842,1.91699135956,5.2432857496,0.0846965054395,0.0316582914573,21,0.0027027027027,0.190971645575,37,37,37,1,0,0.378378378378,0.594594594595,0.027027027027,-159,-0.119369369369,1.10297057031,-8.59459459459,-7.58893280632,-4.6880952381,-0.573131134459,0.194339288888,0.117880175257,-3.38955033973,0.208466521984,0.0825942422146,-4.51820415477,-0.156516041245,-0.0810888541691,1.27639178923,0.306499088212,3.2432857496,1.10297057031,1.27639178923,3.2432857496,-0.259374888808,-0.3449107462,-789,-0.101544401544,-0.378605182775,-0.027027027027,0.0540540540541,-0.027027027027,176,7,166,983,0.514619883041,0.992929292929,0.00707070707071,0.485380116959,0.96174863388,0.514619883041,0.670476190476,0.644055388527,0.50754917597,0.504297994269,27,186,0,0,0,0
376,WLNM_dir_neg,0.492585848075,0.385671346698,00:00:14,10,10,42,1233943477,threshold_sweep,0.7,0.740740740741,0.10752688172,0.18779342723,20,7,166,365,0.10752688172,0.981182795699,0.0188172043011,0.89247311828,0.740740740741,0.10752688172,0.18779342723,0.689964157706,0.650537634409,0.112820512821,0.194881134599,0.0887096774194,342,156,186,0,342,0,156,0,186,37,342,0.256756756757,1.72528881811,18.4864864865,15.5454545455,9.77142857143,5.36771015539,0.290358590277,0.142642642643,9.50849154237,1.02869645341,0.544491860281,8.05331334643,0.871264894205,0.461830251304,0.640599570326,0.371299902718,2,1.72528881811,0.640599570326,2,0.344071394247,0.376569037657,810,0.104247104247,0.56957682835,37,37,37,1,0,0.405405405405,0.540540540541,0.0540540540541,37,0.117117117117,2.22747747748,8.43243243243,7.09090909091,4.45714285714,5.03620525429,0.597242289772,0.326923076923,6.00525295579,1.42432281644,0.680873180873,3.83793300225,0.910278981302,0.463617463617,1.42084529335,0.637871901162,5.2,2.22747747748,1.42084529335,5.2,0,0,0,0,0.160752482811,37,37,37,1,0,0.405405405405,0.540540540541,0.0540540540541,37,183,0.137387387387,2.82825938842,9.89189189189,7.95652173913,5.08333333333,4.79457902093,0.484697879166,0.2605228179,6.11894120265,1.2371629754,0.627086102496,3.53510919167,0.71474885296,0.380741397135,1.91699135956,0.677798990929,5.2432857496,2.82825938842,1.91699135956,5.2432857496,0.0846965054395,0.0316582914573,21,0.0027027027027,0.190971645575,37,37,37,1,0,0.378378378378,0.594594594595,0.027027027027,-159,-0.119369369369,1.10297057031,-8.59459459459,-7.58893280632,-4.6880952381,-0.573131134459,0.194339288888,0.117880175257,-3.38955033973,0.208466521984,0.0825942422146,-4.51820415477,-0.156516041245,-0.0810888541691,1.27639178923,0.306499088212,3.2432857496,1.10297057031,1.27639178923,3.2432857496,-0.259374888808,-0.3449107462,-789,-0.101544401544,-0.378605182775,-0.027027027027,0.0540540540541,-0.027027027027,176,7,166,983,0.514619883041,0.992929292929,0.00707070707071,0.485380116959,0.96174863388,0.514619883041,0.670476190476,0.644055388527,0.50754917597,0.504297994269,27,186,0,0,0,0
377,WLNM_dir_neg,0.492585848075,0.385671346698,00:00:14,10,10,42,1233943477,threshold_sweep,0.8,0.76,0.102150537634,0.18009478673,19,6,167,366,0.102150537634,0.983870967742,0.0161290322581,0.897849462366,0.76,0.102150537634,0.18009478673,0.689964157706,0.651732377539,0.109777015437,0.196020445386,0.0860215053763,342,156,186,0,342,0,156,0,186,37,342,0.256756756757,1.72528881811,18.4864864865,15.5454545455,9.77142857143,5.36771015539,0.290358590277,0.142642642643,9.50849154237,1.02869645341,0.544491860281,8.05331334643,0.871264894205,0.461830251304,0.640599570326,0.371299902718,2,1.72528881811,0.640599570326,2,0.344071394247,0.376569037657,810,0.104247104247,0.56957682835,37,37,37,1,0,0.405405405405,0.540540540541,0.0540540540541,37,0.117117117117,2.22747747748,8.43243243243,7.09090909091,4.45714285714,5.03620525429,0.597242289772,0.326923076923,6.00525295579,1.42432281644,0.680873180873,3.83793300225,0.910278981302,0.463617463617,1.42084529335,0.637871901162,5.2,2.22747747748,1.42084529335,5.2,0,0,0,0,0.160752482811,37,37,37,1,0,0.405405405405,0.540540540541,0.0540540540541,37,181,0.135885885886,2.75167907417,9.78378378378,7.86956521739,5.02777777778,4.88270835099,0.499061350792,0.269822308496,6.14086396285,1.25531473274,0.63282066597,3.55733814174,0.727190669858,0.385247125579,1.85738943415,0.675002201959,5.18484051147,2.75167907417,1.85738943415,5.18484051147,0.0955208636323,0.0289193302892,19,0.0024453024453,0.18789271967,37,37,37,1,0,0.378378378378,0.594594594595,0.027027027027,-161,-0.120870870871,1.02639025606,-8.7027027027,-7.67588932806,-4.74365079365,-0.485001804402,0.208702760515,0.127179665854,-3.36762757953,0.226618279322,0.0883288056885,-4.4959752047,-0.144074224347,-0.0765831257253,1.21678986382,0.303702299241,3.18484051147,1.02639025606,1.21678986382,3.18484051147,-0.248550530615,-0.347649707368,-791,-0.101801801802,-0.38168410868,-0.027027027027,0.0540540540541,-0.027027027027,175,6,167,984,0.511695906433,0.993939393939,0.00606060606061,0.488304093567,0.966850828729,0.511695906433,0.669216061185,0.644601166656,0.505635300372,0.502873563218,25,186,0,0,0,0
378,WLNM_dir_neg,0.492585848075,0.385671346698,00:00:14,10,10,42,1233943477,threshold_sweep,0.9,0.818181818182,0.0967741935484,0.173076923077,18,4,168,368,0.0967741935484,0.989247311828,0.010752688172,0.903225806452,0.818181818182,0.0967741935484,0.173076923077,0.691756272401,0.653524492234,0.110344827586,0.208372904428,0.0860215053763,342,156,186,0,342,0,156,0,186,37,342,0.256756756757,1.72528881811,18.4864864865,15.5454545455,9.77142857143,5.36771015539,0.290358590277,0.142642642643,9.50849154237,1.02869645341,0.544491860281,8.05331334643,0.871264894205,0.461830251304,0.640599570326,0.371299902718,2,1.72528881811,0.640599570326,2,0.344071394247,0.376569037657,810,0.104247104247,0.56957682835,37,37,37,1,0,0.405405405405,0.540540540541,0.0540540540541,37,0.117117117117,2.22747747748,8.43243243243,7.09090909091,4.45714285714,5.03620525429,0.597242289772,0.326923076923,6.00525295579,1.42432281644,0.680873180873,3.83793300225,0.910278981302,0.463617463617,1.42084529335,0.637871901162,5.2,2.22747747748,1.42084529335,5.2,0,0,0,0,0.160752482811,37,37,37,1,0,0.405405405405,0.540540540541,0.0540540540541,37,178,0.133633633634,1,9.62162162162,7.73913043478,4.94444444444,4.80365226417,0.499255993748,0.269966595809,6.12298873027,1.27275608438,0.638627391436,3.59658663672,0.747605087408,0.391740054661,0,0,0,NaN,NaN,NaN,0.0744800093871,0.0202282157676,13,0.0016731016731,0.192253831704,37,37,0,1,2,0.378378378378,0.594594594595,0.027027027027,-164,-0.123123123123,-0.725288818115,-8.86486486486,-7.80632411067,-4.82698412698,-0.564057891222,0.208897403471,0.127323953167,-3.38550281211,0.244059630967,0.094135531155,-4.45672670971,-0.123659806797,-0.0700901966425,-0.640599570326,-0.371299902718,-2,NaN,NaN,NaN,-0.26959138486,-0.356340821889,-797,-0.102574002574,-0.377322996646,-0.027027027027,0.0540540540541,-0.027027027027,174,4,168,986,0.508771929825,0.99595959596,0.0040404040404,0.491228070175,0.977528089888,0.508771929825,0.669230769231,0.648004730976,0.504731525784,0.50289017341,22,186,0,0,0,0
379,WLNM_dir_neg,0.298726731414,0.303796180863,00:00:13,10,10,43,1233943478,threshold_sweep,0.1,0.457142857143,0.0860215053763,0.14479638009,16,19,170,353,0.0860215053763,0.948924731183,0.0510752688172,0.913978494624,0.457142857143,0.0860215053763,0.14479638009,0.661290322581,0.645758661888,0.043844856661,0.0679428073832,0.0349462365591,342,156,186,0,342,0,156,0,186,37,342,0.256756756757,1.72528881811,18.4864864865,15.5454545455,9.77142857143,5.36771015539,0.290358590277,0.142642642643,9.50849154237,1.02869645341,0.544491860281,8.05331334643,0.871264894205,0.461830251304,0.640599570326,0.371299902718,2,1.72528881811,0.640599570326,2,0.344071394247,0.376569037657,810,0.104247104247,0.56957682835,37,37,37,1,0,0.405405405405,0.540540540541,0.0540540540541,37,0.117117117117,2.18481481481,8.43243243243,7.09090909091,4.45714285714,5.03620525429,0.597242289772,0.326923076923,6.00062559301,1.42322530091,0.680526680527,3.83793300225,0.910278981302,0.463617463617,1.318977792,0.603702328937,4.32037037037,2.18481481481,1.318977792,4.32037037037,0,0,0,0,0.160896782956,37,37,37,1,0,0.405405405405,0.540540540541,0.0540540540541,37,191,0.143393393393,5.12896244212,10.3243243243,6.82142857143,5.30555555556,4.49724640477,0.43559716486,0.236592613556,5.76634639531,1.11704092475,0.582425357294,3.57858998857,0.693234709828,0.37611433423,2.64690567659,0.516070395613,7.2102817935,5.12896244212,2.64690567659,7.2102817935,0.152246746364,0.0710488158531,49,0.00630630630631,0.173286534621,37,37,37,1,0,0.243243243243,0.72972972973,0.027027027027,-151,-0.113363363363,3.403673624,-8.16216216216,-8.72402597403,-4.46587301587,-0.870463750622,0.145238574583,0.0939499709133,-3.74214514706,0.0883444713319,0.0379334970131,-4.47472335786,-0.178030184377,-0.0857159170744,2.00630610626,0.144770492896,5.2102817935,3.403673624,2.00630610626,5.2102817935,-0.191824647883,-0.305520221804,-761,-0.0979407979408,-0.396290293729,-0.162162162162,0.189189189189,-0.027027027027,172,19,170,971,0.502923976608,0.980808080808,0.0191919191919,0.497076023392,0.900523560209,0.502923976608,0.645403377111,0.602942661923,0.483732057416,0.476454293629,35,186,0,0,0,0
380,WLNM_dir_neg,0.298726731414,0.303796180863,00:00:13,10,10,43,1233943478,threshold_sweep,0.2,0.516129032258,0.0860215053763,0.147465437788,16,15,170,357,0.0860215053763,0.959677419355,0.0403225806452,0.913978494624,0.516129032258,0.0860215053763,0.147465437788,0.668458781362,0.648148148148,0.0577249575552,0.0940476112072,0.0456989247312,342,156,186,0,342,0,156,0,186,37,342,0.256756756757,1.72528881811,18.4864864865,15.5454545455,9.77142857143,5.36771015539,0.290358590277,0.142642642643,9.50849154237,1.02869645341,0.544491860281,8.05331334643,0.871264894205,0.461830251304,0.640599570326,0.371299902718,2,1.72528881811,0.640599570326,2,0.344071394247,0.376569037657,810,0.104247104247,0.56957682835,37,37,37,1,0,0.405405405405,0.540540540541,0.0540540540541,37,0.117117117117,2.18481481481,8.43243243243,7.09090909091,4.45714285714,5.03620525429,0.597242289772,0.326923076923,6.00062559301,1.42322530091,0.680526680527,3.83793300225,0.910278981302,0.463617463617,1.318977792,0.603702328937,4.32037037037,2.18481481481,1.318977792,4.32037037037,0,0,0,0,0.160896782956,37,37,37,1,0,0.405405405405,0.540540540541,0.0540540540541,37,187,0.14039039039,4.88919855407,10.1081081081,6.67857142857,5.19444444444,4.62351347753,0.457406413552,0.248012718601,5.80203961238,1.14799714256,0.592571180806,3.60513480982,0.713315443655,0.385026737968,2.49798296753,0.510918699641,6.91722243275,4.88919855407,2.49798296753,6.91722243275,0.145028011204,0.0635155096012,43,0.00553410553411,0.176313449652,37,37,37,1,0,0.243243243243,0.72972972973,0.027027027027,-155,-0.116366366366,3.16390973595,-8.37837837838,-8.86688311688,-4.57698412698,-0.744196677866,0.167047823275,0.105370075958,-3.70645192999,0.119300689142,0.0480793205251,-4.44817853661,-0.15794945055,-0.076803513336,1.8573833972,0.139618796923,4.91722243275,3.16390973595,1.8573833972,4.91722243275,-0.199043383043,-0.313053528056,-767,-0.098712998713,-0.393263378698,-0.162162162162,0.189189189189,-0.027027027027,172,15,170,975,0.502923976608,0.984848484848,0.0151515151515,0.497076023392,0.919786096257,0.502923976608,0.650283553875,0.613372613285,0.487772461457,0.481792717087,31,186,0,0,0,0
381,WLNM_dir_neg,0.298726731414,0.303796180863,00:00:13,10,10,43,1233943478,threshold_sweep,0.3,0.608695652174,0.0752688172043,0.133971291866,14,9,172,363,0.0752688172043,0.975806451613,0.0241935483871,0.924731182796,0.608695652174,0.0752688172043,0.133971291866,0.675627240143,0.652927120669,0.065404475043,0.121114961121,0.0510752688172,342,156,186,0,342,0,156,0,186,37,342,0.256756756757,1.72528881811,18.4864864865,15.5454545455,9.77142857143,5.36771015539,0.290358590277,0.142642642643,9.50849154237,1.02869645341,0.544491860281,8.05331334643,0.871264894205,0.461830251304,0.640599570326,0.371299902718,2,1.72528881811,0.640599570326,2,0.344071394247,0.376569037657,810,0.104247104247,0.56957682835,37,37,37,1,0,0.405405405405,0.540540540541,0.0540540540541,37,0.117117117117,2.18481481481,8.43243243243,7.09090909091,4.45714285714,5.03620525429,0.597242289772,0.326923076923,6.00062559301,1.42322530091,0.680526680527,3.83793300225,0.910278981302,0.463617463617,1.318977792,0.603702328937,4.32037037037,2.18481481481,1.318977792,4.32037037037,0,0,0,0,0.160896782956,37,37,37,1,0,0.405405405405,0.540540540541,0.0540540540541,37,179,0.134384384384,2.30044163576,9.67567567568,8.13636363636,4.97222222222,4.45380021289,0.46030896055,0.245810055866,5.89968696681,1.21948836744,0.625698324022,3.47621692132,0.718547631782,0.387437717047,1.36656318393,0.5940438404,3.75315097206,2.30044163576,1.36656318393,3.75315097206,0.127358756771,0.040192926045,25,0.0032175032175,0.182177141796,37,37,37,1,0,0.405405405405,0.567567567568,0.027027027027,-163,-0.122372372372,0.575152817647,-8.81081081081,-7.40909090909,-4.79920634921,-0.913909942504,0.169950370273,0.103167413223,-3.60880457557,0.190791914026,0.081206463741,-4.57709642511,-0.152717262423,-0.0743925342573,0.725963613599,0.222743937683,1.75315097206,0.575152817647,0.725963613599,1.75315097206,-0.216712637477,-0.336376111612,-785,-0.10102960103,-0.387399686554,0,0.027027027027,-0.027027027027,170,9,172,981,0.497076023392,0.990909090909,0.00909090909091,0.502923976608,0.949720670391,0.497076023392,0.652591170825,0.625023081183,0.487985114301,0.48433048433,23,186,0,0,0,0
382,WLNM_dir_neg,0.298726731414,0.303796180863,00:00:13,10,10,43,1233943478,threshold_sweep,0.4,0.590909090909,0.0698924731183,0.125,13,9,173,363,0.0698924731183,0.975806451613,0.0241935483871,0.930107526882,0.590909090909,0.0698924731183,0.125,0.673835125448,0.653524492234,0.0586206896552,0.110698105478,0.0456989247312,342,156,186,0,342,0,156,0,186,37,342,0.256756756757,1.72528881811,18.4864864865,15.5454545455,9.77142857143,5.36771015539,0.290358590277,0.142642642643,9.50849154237,1.02869645341,0.544491860281,8.05331334643,0.871264894205,0.461830251304,0.640599570326,0.371299902718,2,1.72528881811,0.640599570326,2,0.344071394247,0.376569037657,810,0.104247104247,0.56957682835,37,37,37,1,0,0.405405405405,0.540540540541,0.0540540540541,37,0.117117117117,2.18481481481,8.43243243243,7.09090909091,4.45714285714,5.03620525429,0.597242289772,0.326923076923,6.00062559301,1.42322530091,0.680526680527,3.83793300225,0.910278981302,0.463617463617,1.318977792,0.603702328937,4.32037037037,2.18481481481,1.318977792,4.32037037037,0,0,0,0,0.160896782956,37,37,37,1,0,0.405405405405,0.540540540541,0.0540540540541,37,178,0.133633633634,2.29667556076,9.62162162162,8.09090909091,4.94444444444,4.5052521902,0.468242502914,0.250683267537,5.90121380093,1.22665680132,0.627695110841,3.49474079342,0.726434884026,0.391132705739,1.35986088021,0.592099686801,3.69196566483,2.29667556076,1.35986088021,3.69196566483,0.123349552761,0.0355411954766,22,0.0028314028314,0.182134195324,37,37,37,1,0,0.405405405405,0.567567567568,0.027027027027,-164,-0.123123123123,0.571386742642,-8.86486486486,-7.45454545455,-4.82698412698,-0.862457965194,0.177883912637,0.108040624895,-3.60727774144,0.197960347903,0.0832032505598,-4.55857255301,-0.144830010179,-0.0706975455645,0.719261309882,0.220799784084,1.69196566483,0.571386742642,0.719261309882,1.69196566483,-0.220721841486,-0.34102784218,-788,-0.101415701416,-0.387442633026,0,0.027027027027,-0.027027027027,169,9,173,981,0.494152046784,0.990909090909,0.00909090909091,0.505847953216,0.949438202247,0.494152046784,0.65,0.622750702067,0.485061137693,0.481481481481,22,186,0,0,0,0
383,WLNM_dir_neg,0.298726731414,0.303796180863,00:00:13,10,10,43,1233943478,threshold_sweep,0.5,0.55,0.0591397849462,0.106796116505,11,9,175,363,0.0591397849462,0.975806451613,0.0241935483871,0.940860215054,0.55,0.0591397849462,0.106796116505,0.670250896057,0.654719235364,0.0449826989619,0.0886180560117,0.0349462365591,342,156,186,0,342,0,156,0,186,37,342,0.256756756757,1.72528881811,18.4864864865,15.5454545455,9.77142857143,5.36771015539,0.290358590277,0.142642642643,9.50849154237,1.02869645341,0.544491860281,8.05331334643,0.871264894205,0.461830251304,0.640599570326,0.371299902718,2,1.72528881811,0.640599570326,2,0.344071394247,0.376569037657,810,0.104247104247,0.56957682835,37,37,37,1,0,0.405405405405,0.540540540541,0.0540540540541,37,0.117117117117,2.18481481481,8.43243243243,7.09090909091,4.45714285714,5.03620525429,0.597242289772,0.326923076923,6.00062559301,1.42322530091,0.680526680527,3.83793300225,0.910278981302,0.463617463617,1.318977792,0.603702328937,4.32037037037,2.18481481481,1.318977792,4.32037037037,0,0,0,0,0.160896782956,37,37,37,1,0,0.405405405405,0.540540540541,0.0540540540541,37,176,0.132132132132,2.28196903139,9.51351351351,8,4.88888888889,4.51922818891,0.475032508493,0.255528255528,5.88975289712,1.2381866886,0.630221130221,3.52298331126,0.74062717339,0.39742014742,1.33856510691,0.586583379748,3.62743515813,2.28196903139,1.33856510691,3.62743515813,0.108202740556,0.0276872964169,17,0.0021879021879,0.180526171314,37,37,37,1,0,0.405405405405,0.567567567568,0.027027027027,-166,-0.124624624625,0.556680213276,-8.97297297297,-7.54545454545,-4.88253968254,-0.848481966485,0.184673918216,0.112885612886,-3.61873864525,0.209490235185,0.0857292699398,-4.53033003517,-0.130637720815,-0.0644101038838,0.697965536587,0.21528347703,1.62743515813,0.556680213276,0.697965536587,1.62743515813,-0.235868653692,-0.34888174124,-793,-0.102059202059,-0.389050657036,0,0.027027027027,-0.027027027027,167,9,175,981,0.488304093567,0.990909090909,0.00909090909091,0.511695906433,0.948863636364,0.488304093567,0.644787644788,0.618193105996,0.479213184476,0.475783475783,20,186,0,0,0,0
384,WLNM_dir_neg,0.298726731414,0.303796180863,00:00:13,10,10,43,1233943478,threshold_sweep,0.6,0.611111111111,0.0591397849462,0.107843137255,11,7,175,365,0.0591397849462,0.981182795699,0.0188172043011,0.940860215054,0.611111111111,0.0591397849462,0.107843137255,0.673835125448,0.655913978495,0.0520833333333,0.107582870728,0.0403225806452,342,156,186,0,342,0,156,0,186,37,342,0.256756756757,1.72528881811,18.4864864865,15.5454545455,9.77142857143,5.36771015539,0.290358590277,0.142642642643,9.50849154237,1.02869645341,0.544491860281,8.05331334643,0.871264894205,0.461830251304,0.640599570326,0.371299902718,2,1.72528881811,0.640599570326,2,0.344071394247,0.376569037657,810,0.104247104247,0.56957682835,37,37,37,1,0,0.405405405405,0.540540540541,0.0540540540541,37,0.117117117117,2.18481481481,8.43243243243,7.09090909091,4.45714285714,5.03620525429,0.597242289772,0.326923076923,6.00062559301,1.42322530091,0.680526680527,3.83793300225,0.910278981302,0.463617463617,1.318977792,0.603702328937,4.32037037037,2.18481481481,1.318977792,4.32037037037,0,0,0,0,0.160896782956,37,37,37,1,0,0.405405405405,0.540540540541,0.0540540540541,37,174,0.130630630631,2.29233463691,9.40540540541,7.90909090909,4.83333333333,4.49357231968,0.477764873069,0.257378067723,5.89663211251,1.25388154117,0.634047840944,3.54232240882,0.753252466244,0.401988195092,1.35628754943,0.59166211058,3.66930462721,2.29233463691,1.35628754943,3.66930462721,0.105329068564,0.0249445676275,15,0.0019305019305,0.177269431471,37,37,37,1,0,0.405405405405,0.567567567568,0.027027027027,-168,-0.126126126126,0.567045818795,-9.08108108108,-7.63636363636,-4.9380952381,-0.874137835714,0.187406282792,0.11473542508,-3.61185942987,0.225185087751,0.0895559806631,-4.51099093761,-0.118012427961,-0.0598420562123,0.715687979103,0.220362207862,1.66930462721,0.567045818795,0.715687979103,1.66930462721,-0.238742325683,-0.351624470029,-795,-0.102316602317,-0.392307396879,0,0.027027027027,-0.027027027027,167,7,175,983,0.488304093567,0.992929292929,0.00707070707071,0.511695906433,0.959770114943,0.488304093567,0.647286821705,0.623817417169,0.481233386497,0.478510028653,18,186,0,0,0,0
385,WLNM_dir_neg,0.298726731414,0.303796180863,00:00:13,10,10,43,1233943478,threshold_sweep,0.7,0.6875,0.0591397849462,0.108910891089,11,5,175,367,0.0591397849462,0.986559139785,0.0134408602151,0.940860215054,0.6875,0.0591397849462,0.108910891089,0.677419354839,0.657108721625,0.0592334494774,0.129084557087,0.0456989247312,342,156,186,0,342,0,156,0,186,37,342,0.256756756757,1.72528881811,18.4864864865,15.5454545455,9.77142857143,5.36771015539,0.290358590277,0.142642642643,9.50849154237,1.02869645341,0.544491860281,8.05331334643,0.871264894205,0.461830251304,0.640599570326,0.371299902718,2,1.72528881811,0.640599570326,2,0.344071394247,0.376569037657,810,0.104247104247,0.56957682835,37,37,37,1,0,0.405405405405,0.540540540541,0.0540540540541,37,0.117117117117,2.18481481481,8.43243243243,7.09090909091,4.45714285714,5.03620525429,0.597242289772,0.326923076923,6.00062559301,1.42322530091,0.680526680527,3.83793300225,0.910278981302,0.463617463617,1.318977792,0.603702328937,4.32037037037,2.18481481481,1.318977792,4.32037037037,0,0,0,0,0.160896782956,37,37,37,1,0,0.405405405405,0.540540540541,0.0540540540541,37,172,0.129129129129,2.32088465983,9.2972972973,7.81818181818,4.77777777778,4.52072305466,0.486240561112,0.263356379635,5.91709489632,1.272863437,0.640477686989,3.56850588261,0.767643707306,0.407605279698,1.39437919714,0.60079642098,3.68918837996,2.32088465983,1.39437919714,3.68918837996,0.0966102657279,0.0219966159052,13,0.0016731016731,0.17572204484,37,37,37,1,0,0.405405405405,0.567567567568,0.027027027027,-170,-0.127627627628,0.595595841719,-9.18918918919,-7.72727272727,-4.99365079365,-0.846987100733,0.195881970835,0.120713736993,-3.59139664606,0.244166983583,0.095985826708,-4.48480746382,-0.103621186899,-0.0542249716056,0.753779626809,0.229496518262,1.68918837996,0.595595841719,0.753779626809,1.68918837996,-0.24746112852,-0.354572421752,-797,-0.102574002574,-0.39385478351,0,0.027027027027,-0.027027027027,167,5,175,985,0.488304093567,0.994949494949,0.00505050505051,0.511695906433,0.970930232558,0.488304093567,0.649805447471,0.629524330653,0.483253588517,0.481268011527,16,186,0,0,0,0
386,WLNM_dir_neg,0.298726731414,0.303796180863,00:00:13,10,10,43,1233943478,threshold_sweep,0.8,0.6875,0.0591397849462,0.108910891089,11,5,175,367,0.0591397849462,0.986559139785,0.0134408602151,0.940860215054,0.6875,0.0591397849462,0.108910891089,0.677419354839,0.657108721625,0.0592334494774,0.129084557087,0.0456989247312,342,156,186,0,342,0,156,0,186,37,342,0.256756756757,1.72528881811,18.4864864865,15.5454545455,9.77142857143,5.36771015539,0.290358590277,0.142642642643,9.50849154237,1.02869645341,0.544491860281,8.05331334643,0.871264894205,0.461830251304,0.640599570326,0.371299902718,2,1.72528881811,0.640599570326,2,0.344071394247,0.376569037657,810,0.104247104247,0.56957682835,37,37,37,1,0,0.405405405405,0.540540540541,0.0540540540541,37,0.117117117117,2.18481481481,8.43243243243,7.09090909091,4.45714285714,5.03620525429,0.597242289772,0.326923076923,6.00062559301,1.42322530091,0.680526680527,3.83793300225,0.910278981302,0.463617463617,1.318977792,0.603702328937,4.32037037037,2.18481481481,1.318977792,4.32037037037,0,0,0,0,0.160896782956,37,37,37,1,0,0.405405405405,0.540540540541,0.0540540540541,37,172,0.129129129129,2.32088465983,9.2972972973,7.81818181818,4.77777777778,4.52072305466,0.486240561112,0.263356379635,5.91709489632,1.272863437,0.640477686989,3.56850588261,0.767643707306,0.407605279698,1.39437919714,0.60079642098,3.68918837996,2.32088465983,1.39437919714,3.68918837996,0.0966102657279,0.0219966159052,13,0.0016731016731,0.17572204484,37,37,37,1,0,0.405405405405,0.567567567568,0.027027027027,-170,-0.127627627628,0.595595841719,-9.18918918919,-7.72727272727,-4.99365079365,-0.846987100733,0.195881970835,0.120713736993,-3.59139664606,0.244166983583,0.095985826708,-4.48480746382,-0.103621186899,-0.0542249716056,0.753779626809,0.229496518262,1.68918837996,0.595595841719,0.753779626809,1.68918837996,-0.24746112852,-0.354572421752,-797,-0.102574002574,-0.39385478351,0,0.027027027027,-0.027027027027,167,5,175,985,0.488304093567,0.994949494949,0.00505050505051,0.511695906433,0.970930232558,0.488304093567,0.649805447471,0.629524330653,0.483253588517,0.481268011527,16,186,0,0,0,0
387,WLNM_dir_neg,0.298726731414,0.303796180863,00:00:13,10,10,43,1233943478,threshold_sweep,0.9,0.6875,0.0591397849462,0.108910891089,11,5,175,367,0.0591397849462,0.986559139785,0.0134408602151,0.940860215054,0.6875,0.0591397849462,0.108910891089,0.677419354839,0.657108721625,0.0592334494774,0.129084557087,0.0456989247312,342,156,186,0,342,0,156,0,186,37,342,0.256756756757,1.72528881811,18.4864864865,15.5454545455,9.77142857143,5.36771015539,0.290358590277,0.142642642643,9.50849154237,1.02869645341,0.544491860281,8.05331334643,0.871264894205,0.461830251304,0.640599570326,0.371299902718,2,1.72528881811,0.640599570326,2,0.344071394247,0.376569037657,810,0.104247104247,0.56957682835,37,37,37,1,0,0.405405405405,0.540540540541,0.0540540540541,37,0.117117117117,2.18481481481,8.43243243243,7.09090909091,4.45714285714,5.03620525429,0.597242289772,0.326923076923,6.00062559301,1.42322530091,0.680526680527,3.83793300225,0.910278981302,0.463617463617,1.318977792,0.603702328937,4.32037037037,2.18481481481,1.318977792,4.32037037037,0,0,0,0,0.160896782956,37,37,37,1,0,0.405405405405,0.540540540541,0.0540540540541,37,172,0.129129129129,2.32088465983,9.2972972973,7.81818181818,4.77777777778,4.52072305466,0.486240561112,0.263356379635,5.91709489632,1.272863437,0.640477686989,3.56850588261,0.767643707306,0.407605279698,1.39437919714,0.60079642098,3.68918837996,2.32088465983,1.39437919714,3.68918837996,0.0966102657279,0.0219966159052,13,0.0016731016731,0.17572204484,37,37,37,1,0,0.405405405405,0.567567567568,0.027027027027,-170,-0.127627627628,0.595595841719,-9.18918918919,-7.72727272727,-4.99365079365,-0.846987100733,0.195881970835,0.120713736993,-3.59139664606,0.244166983583,0.095985826708,-4.48480746382,-0.103621186899,-0.0542249716056,0.753779626809,0.229496518262,1.68918837996,0.595595841719,0.753779626809,1.68918837996,-0.24746112852,-0.354572421752,-797,-0.102574002574,-0.39385478351,0,0.027027027027,-0.027027027027,167,5,175,985,0.488304093567,0.994949494949,0.00505050505051,0.511695906433,0.970930232558,0.488304093567,0.649805447471,0.629524330653,0.483253588517,0.481268011527,16,186,0,0,0,0
388,WLNM_dir_neg,0.402279165221,0.321123392387,00:00:14,10,10,44,1233943479,threshold_sweep,0.1,0.5,0.123655913978,0.198275862069,23,23,163,349,0.123655913978,0.938172043011,0.0618279569892,0.876344086022,0.5,0.123655913978,0.198275862069,0.666666666667,0.639187574671,0.0761589403974,0.105973905986,0.0618279569892,342,156,186,0,342,0,156,0,186,37,342,0.256756756757,1.72528881811,18.4864864865,15.5454545455,9.77142857143,5.36771015539,0.290358590277,0.142642642643,9.50849154237,1.02869645341,0.544491860281,8.05331334643,0.871264894205,0.461830251304,0.640599570326,0.371299902718,2,1.72528881811,0.640599570326,2,0.344071394247,0.376569037657,810,0.104247104247,0.56957682835,37,37,37,1,0,0.405405405405,0.540540540541,0.0540540540541,37,0.117117117117,2.18481481481,8.43243243243,7.09090909091,4.45714285714,5.03620525429,0.597242289772,0.326923076923,6.00062559301,1.42322530091,0.680526680527,3.83793300225,0.910278981302,0.463617463617,1.318977792,0.603702328937,4.32037037037,2.18481481481,1.318977792,4.32037037037,0,0,0,0,0.160896782956,37,37,37,1,0,0.405405405405,0.540540540541,0.0540540540541,37,202,0.151651651652,5.15300078855,10.9189189189,7.21428571429,5.61111111111,4.9237428084,0.450936841363,0.241236285791,5.97492256851,1.09441651007,0.572919454108,3.5323473042,0.647014110175,0.354294888948,2.66892322843,0.517935730644,7.29179217208,5.15300078855,2.66892322843,7.29179217208,0.162006832131,0.0918103448276,71,0.00913770913771,0.185374590352,37,37,37,1,0,0.243243243243,0.72972972973,0.027027027027,-140,-0.105105105105,3.42771197044,-7.56756756757,-8.33116883117,-4.16031746032,-0.443967346996,0.160578251086,0.0985936431481,-3.53356897386,0.065720056659,0.0284275938262,-4.52096604224,-0.22425078403,-0.107535362356,2.0283236581,0.146635827926,5.29179217208,3.42771197044,2.0283236581,5.29179217208,-0.182064562117,-0.284758692829,-739,-0.0951093951094,-0.384202237997,-0.162162162162,0.189189189189,-0.027027027027,179,23,163,967,0.523391812865,0.976767676768,0.0232323232323,0.476608187135,0.886138613861,0.523391812865,0.658088235294,0.609150011919,0.500159489633,0.490410958904,46,186,0,0,0,0
389,WLNM_dir_neg,0.402279165221,0.321123392387,00:00:14,10,10,44,1233943479,threshold_sweep,0.2,0.463414634146,0.102150537634,0.167400881057,19,22,167,350,0.102150537634,0.940860215054,0.0591397849462,0.897849462366,0.463414634146,0.102150537634,0.167400881057,0.661290322581,0.642174432497,0.0534223706177,0.0777083674167,0.0430107526882,342,156,186,0,342,0,156,0,186,37,342,0.256756756757,1.72528881811,18.4864864865,15.5454545455,9.77142857143,5.36771015539,0.290358590277,0.142642642643,9.50849154237,1.02869645341,0.544491860281,8.05331334643,0.871264894205,0.461830251304,0.640599570326,0.371299902718,2,1.72528881811,0.640599570326,2,0.344071394247,0.376569037657,810,0.104247104247,0.56957682835,37,37,37,1,0,0.405405405405,0.540540540541,0.0540540540541,37,0.117117117117,2.18481481481,8.43243243243,7.09090909091,4.45714285714,5.03620525429,0.597242289772,0.326923076923,6.00062559301,1.42322530091,0.680526680527,3.83793300225,0.910278981302,0.463617463617,1.318977792,0.603702328937,4.32037037037,2.18481481481,1.318977792,4.32037037037,0,0,0,0,0.160896782956,37,37,37,1,0,0.405405405405,0.540540540541,0.0540540540541,37,197,0.147897897898,5.19622258212,10.6486486486,7.03571428571,5.47222222222,4.79708369867,0.450487555459,0.243380436274,5.84548284316,1.09788256445,0.5726437097,3.59825616757,0.675814610153,0.367677321992,2.7003120619,0.519668281954,7.37243164706,5.19622258212,2.7003120619,7.37243164706,0.146791885956,0.0751024123805,55,0.00707850707851,0.184720349924,37,37,37,1,0,0.243243243243,0.72972972973,0.027027027027,-145,-0.108858858859,3.47093376401,-7.83783783784,-8.50974025974,-4.29920634921,-0.570626456727,0.160128965181,0.100737793631,-3.66300869922,0.0691861110364,0.0281518494182,-4.45505717887,-0.195450284052,-0.0941529293119,2.05971249158,0.148368379236,5.37243164706,3.47093376401,2.05971249158,5.37243164706,-0.197279508291,-0.301466625276,-755,-0.0971685971686,-0.384856478426,-0.162162162162,0.189189189189,-0.027027027027,175,22,167,968,0.511695906433,0.977777777778,0.0222222222222,0.488304093567,0.888324873096,0.511695906433,0.649350649351,0.602322316046,0.489473684211,0.480769230769,41,186,0,0,0,0
390,WLNM_dir_neg,0.402279165221,0.321123392387,00:00:14,10,10,44,1233943479,threshold_sweep,0.3,0.575757575758,0.102150537634,0.173515981735,19,14,167,358,0.102150537634,0.962365591398,0.0376344086022,0.897849462366,0.575757575758,0.102150537634,0.173515981735,0.675627240143,0.646953405018,0.0812182741117,0.128931674244,0.0645161290323,342,156,186,0,342,0,156,0,186,37,342,0.256756756757,1.72528881811,18.4864864865,15.5454545455,9.77142857143,5.36771015539,0.290358590277,0.142642642643,9.50849154237,1.02869645341,0.544491860281,8.05331334643,0.871264894205,0.461830251304,0.640599570326,0.371299902718,2,1.72528881811,0.640599570326,2,0.344071394247,0.376569037657,810,0.104247104247,0.56957682835,37,37,37,1,0,0.405405405405,0.540540540541,0.0540540540541,37,0.117117117117,2.18481481481,8.43243243243,7.09090909091,4.45714285714,5.03620525429,0.597242289772,0.326923076923,6.00062559301,1.42322530091,0.680526680527,3.83793300225,0.910278981302,0.463617463617,1.318977792,0.603702328937,4.32037037037,2.18481481481,1.318977792,4.32037037037,0,0,0,0,0.160896782956,37,37,37,1,0,0.405405405405,0.540540540541,0.0540540540541,37,189,0.141891891892,2.36158109258,10.2162162162,8.59090909091,5.25,4.58945128126,0.449232003721,0.24167024167,5.99436672489,1.17350036413,0.607750607751,3.40574501381,0.666733150852,0.363506363506,1.44856933499,0.613389622544,3.75437860384,2.36158109258,1.44856933499,3.75437860384,0.135832092488,0.0592885375494,40,0.00514800514801,0.197818807094,37,37,37,1,0,0.405405405405,0.567567567568,0.027027027027,-153,-0.114864864865,0.636292274468,-8.27027027027,-6.95454545455,-4.52142857143,-0.778258874133,0.158873413444,0.0990275990276,-3.51412481749,0.144803910717,0.0632587474693,-4.64756833262,-0.204531743353,-0.0983238877976,0.807969764661,0.242089719826,1.75437860384,0.636292274468,0.807969764661,1.75437860384,-0.208239301759,-0.317280500107,-770,-0.0990990990991,-0.371758021256,0,0.027027027027,-0.027027027027,175,14,167,976,0.511695906433,0.985858585859,0.0141414141414,0.488304093567,0.925925925926,0.511695906433,0.659133709981,0.622898499593,0.497554492291,0.491573033708,33,186,0,0,0,0
391,WLNM_dir_neg,0.402279165221,0.321123392387,00:00:14,10,10,44,1233943479,threshold_sweep,0.4,0.535714285714,0.0806451612903,0.140186915888,15,13,171,359,0.0806451612903,0.965053763441,0.0349462365591,0.91935483871,0.535714285714,0.0806451612903,0.140186915888,0.670250896057,0.649940262843,0.0580204778157,0.0986772352952,0.0456989247312,342,156,186,0,342,0,156,0,186,37,342,0.256756756757,1.72528881811,18.4864864865,15.5454545455,9.77142857143,5.36771015539,0.290358590277,0.142642642643,9.50849154237,1.02869645341,0.544491860281,8.05331334643,0.871264894205,0.461830251304,0.640599570326,0.371299902718,2,1.72528881811,0.640599570326,2,0.344071394247,0.376569037657,810,0.104247104247,0.56957682835,37,37,37,1,0,0.405405405405,0.540540540541,0.0540540540541,37,0.117117117117,2.18481481481,8.43243243243,7.09090909091,4.45714285714,5.03620525429,0.597242289772,0.326923076923,6.00062559301,1.42322530091,0.680526680527,3.83793300225,0.910278981302,0.463617463617,1.318977792,0.603702328937,4.32037037037,2.18481481481,1.318977792,4.32037037037,0,0,0,0,0.160896782956,37,37,37,1,0,0.405405405405,0.540540540541,0.0540540540541,37,184,0.138138138138,2.3546359153,9.94594594595,8.36363636364,5.11111111111,4.51507318721,0.453961162845,0.240452408931,5.89013528654,1.18442937827,0.613102232667,3.49989274825,0.703782780898,0.382491186839,1.43902918597,0.611147216699,3.73760796743,2.3546359153,1.43902918597,3.73760796743,0.129504317353,0.0500260552371,32,0.0041184041184,0.195947539762,37,37,37,1,0,0.405405405405,0.567567567568,0.027027027027,-158,-0.118618618619,0.629347097183,-8.54054054054,-7.18181818182,-4.66031746032,-0.852636968181,0.163602572568,0.097809766288,-3.61835625584,0.155732924856,0.0686103723861,-4.55342059818,-0.167482113307,-0.0793390644649,0.798429615648,0.239847313981,1.73760796743,0.629347097183,0.798429615648,1.73760796743,-0.214567076895,-0.32654298242,-778,-0.100128700129,-0.373629288588,0,0.027027027027,-0.027027027027,171,13,171,977,0.5,0.986868686869,0.0131313131313,0.5,0.929347826087,0.5,0.650190114068,0.616400011902,0.486868686869,0.481690140845,28,186,0,0,0,0
392,WLNM_dir_neg,0.402279165221,0.321123392387,00:00:14,10,10,44,1233943479,threshold_sweep,0.5,0.535714285714,0.0806451612903,0.140186915888,15,13,171,359,0.0806451612903,0.965053763441,0.0349462365591,0.91935483871,0.535714285714,0.0806451612903,0.140186915888,0.670250896057,0.649940262843,0.0580204778157,0.0986772352952,0.0456989247312,342,156,186,0,342,0,156,0,186,37,342,0.256756756757,1.72528881811,18.4864864865,15.5454545455,9.77142857143,5.36771015539,0.290358590277,0.142642642643,9.50849154237,1.02869645341,0.544491860281,8.05331334643,0.871264894205,0.461830251304,0.640599570326,0.371299902718,2,1.72528881811,0.640599570326,2,0.344071394247,0.376569037657,810,0.104247104247,0.56957682835,37,37,37,1,0,0.405405405405,0.540540540541,0.0540540540541,37,0.117117117117,2.18481481481,8.43243243243,7.09090909091,4.45714285714,5.03620525429,0.597242289772,0.326923076923,6.00062559301,1.42322530091,0.680526680527,3.83793300225,0.910278981302,0.463617463617,1.318977792,0.603702328937,4.32037037037,2.18481481481,1.318977792,4.32037037037,0,0,0,0,0.160896782956,37,37,37,1,0,0.405405405405,0.540540540541,0.0540540540541,37,184,0.138138138138,2.3546359153,9.94594594595,8.36363636364,5.11111111111,4.51507318721,0.453961162845,0.240452408931,5.89013528654,1.18442937827,0.613102232667,3.49989274825,0.703782780898,0.382491186839,1.43902918597,0.611147216699,3.73760796743,2.3546359153,1.43902918597,3.73760796743,0.129504317353,0.0500260552371,32,0.0041184041184,0.195947539762,37,37,37,1,0,0.405405405405,0.567567567568,0.027027027027,-158,-0.118618618619,0.629347097183,-8.54054054054,-7.18181818182,-4.66031746032,-0.852636968181,0.163602572568,0.097809766288,-3.61835625584,0.155732924856,0.0686103723861,-4.55342059818,-0.167482113307,-0.0793390644649,0.798429615648,0.239847313981,1.73760796743,0.629347097183,0.798429615648,1.73760796743,-0.214567076895,-0.32654298242,-778,-0.100128700129,-0.373629288588,0,0.027027027027,-0.027027027027,171,13,171,977,0.5,0.986868686869,0.0131313131313,0.5,0.929347826087,0.5,0.650190114068,0.616400011902,0.486868686869,0.481690140845,28,186,0,0,0,0
393,WLNM_dir_neg,0.402279165221,0.321123392387,00:00:14,10,10,44,1233943479,threshold_sweep,0.6,0.535714285714,0.0806451612903,0.140186915888,15,13,171,359,0.0806451612903,0.965053763441,0.0349462365591,0.91935483871,0.535714285714,0.0806451612903,0.140186915888,0.670250896057,0.649940262843,0.0580204778157,0.0986772352952,0.0456989247312,342,156,186,0,342,0,156,0,186,37,342,0.256756756757,1.72528881811,18.4864864865,15.5454545455,9.77142857143,5.36771015539,0.290358590277,0.142642642643,9.50849154237,1.02869645341,0.544491860281,8.05331334643,0.871264894205,0.461830251304,0.640599570326,0.371299902718,2,1.72528881811,0.640599570326,2,0.344071394247,0.376569037657,810,0.104247104247,0.56957682835,37,37,37,1,0,0.405405405405,0.540540540541,0.0540540540541,37,0.117117117117,2.18481481481,8.43243243243,7.09090909091,4.45714285714,5.03620525429,0.597242289772,0.326923076923,6.00062559301,1.42322530091,0.680526680527,3.83793300225,0.910278981302,0.463617463617,1.318977792,0.603702328937,4.32037037037,2.18481481481,1.318977792,4.32037037037,0,0,0,0,0.160896782956,37,37,37,1,0,0.405405405405,0.540540540541,0.0540540540541,37,184,0.138138138138,2.3546359153,9.94594594595,8.36363636364,5.11111111111,4.51507318721,0.453961162845,0.240452408931,5.89013528654,1.18442937827,0.613102232667,3.49989274825,0.703782780898,0.382491186839,1.43902918597,0.611147216699,3.73760796743,2.3546359153,1.43902918597,3.73760796743,0.129504317353,0.0500260552371,32,0.0041184041184,0.195947539762,37,37,37,1,0,0.405405405405,0.567567567568,0.027027027027,-158,-0.118618618619,0.629347097183,-8.54054054054,-7.18181818182,-4.66031746032,-0.852636968181,0.163602572568,0.097809766288,-3.61835625584,0.155732924856,0.0686103723861,-4.55342059818,-0.167482113307,-0.0793390644649,0.798429615648,0.239847313981,1.73760796743,0.629347097183,0.798429615648,1.73760796743,-0.214567076895,-0.32654298242,-778,-0.100128700129,-0.373629288588,0,0.027027027027,-0.027027027027,171,13,171,977,0.5,0.986868686869,0.0131313131313,0.5,0.929347826087,0.5,0.650190114068,0.616400011902,0.486868686869,0.481690140845,28,186,0,0,0,0
394,WLNM_dir_neg,0.402279165221,0.321123392387,00:00:14,10,10,44,1233943479,threshold_sweep,0.7,0.535714285714,0.0806451612903,0.140186915888,15,13,171,359,0.0806451612903,0.965053763441,0.0349462365591,0.91935483871,0.535714285714,0.0806451612903,0.140186915888,0.670250896057,0.649940262843,0.0580204778157,0.0986772352952,0.0456989247312,342,156,186,0,342,0,156,0,186,37,342,0.256756756757,1.72528881811,18.4864864865,15.5454545455,9.77142857143,5.36771015539,0.290358590277,0.142642642643,9.50849154237,1.02869645341,0.544491860281,8.05331334643,0.871264894205,0.461830251304,0.640599570326,0.371299902718,2,1.72528881811,0.640599570326,2,0.344071394247,0.376569037657,810,0.104247104247,0.56957682835,37,37,37,1,0,0.405405405405,0.540540540541,0.0540540540541,37,0.117117117117,2.18481481481,8.43243243243,7.09090909091,4.45714285714,5.03620525429,0.597242289772,0.326923076923,6.00062559301,1.42322530091,0.680526680527,3.83793300225,0.910278981302,0.463617463617,1.318977792,0.603702328937,4.32037037037,2.18481481481,1.318977792,4.32037037037,0,0,0,0,0.160896782956,37,37,37,1,0,0.405405405405,0.540540540541,0.0540540540541,37,184,0.138138138138,2.3546359153,9.94594594595,8.36363636364,5.11111111111,4.51507318721,0.453961162845,0.240452408931,5.89013528654,1.18442937827,0.613102232667,3.49989274825,0.703782780898,0.382491186839,1.43902918597,0.611147216699,3.73760796743,2.3546359153,1.43902918597,3.73760796743,0.129504317353,0.0500260552371,32,0.0041184041184,0.195947539762,37,37,37,1,0,0.405405405405,0.567567567568,0.027027027027,-158,-0.118618618619,0.629347097183,-8.54054054054,-7.18181818182,-4.66031746032,-0.852636968181,0.163602572568,0.097809766288,-3.61835625584,0.155732924856,0.0686103723861,-4.55342059818,-0.167482113307,-0.0793390644649,0.798429615648,0.239847313981,1.73760796743,0.629347097183,0.798429615648,1.73760796743,-0.214567076895,-0.32654298242,-778,-0.100128700129,-0.373629288588,0,0.027027027027,-0.027027027027,171,13,171,977,0.5,0.986868686869,0.0131313131313,0.5,0.929347826087,0.5,0.650190114068,0.616400011902,0.486868686869,0.481690140845,28,186,0,0,0,0
395,WLNM_dir_neg,0.402279165221,0.321123392387,00:00:14,10,10,44,1233943479,threshold_sweep,0.8,0.518518518519,0.0752688172043,0.131455399061,14,13,172,359,0.0752688172043,0.965053763441,0.0349462365591,0.924731182796,0.518518518519,0.0752688172043,0.131455399061,0.668458781362,0.650537634409,0.0512820512821,0.0885823339088,0.0403225806452,342,156,186,0,342,0,156,0,186,37,342,0.256756756757,1.72528881811,18.4864864865,15.5454545455,9.77142857143,5.36771015539,0.290358590277,0.142642642643,9.50849154237,1.02869645341,0.544491860281,8.05331334643,0.871264894205,0.461830251304,0.640599570326,0.371299902718,2,1.72528881811,0.640599570326,2,0.344071394247,0.376569037657,810,0.104247104247,0.56957682835,37,37,37,1,0,0.405405405405,0.540540540541,0.0540540540541,37,0.117117117117,2.18481481481,8.43243243243,7.09090909091,4.45714285714,5.03620525429,0.597242289772,0.326923076923,6.00062559301,1.42322530091,0.680526680527,3.83793300225,0.910278981302,0.463617463617,1.318977792,0.603702328937,4.32037037037,2.18481481481,1.318977792,4.32037037037,0,0,0,0,0.160896782956,37,37,37,1,0,0.405405405405,0.540540540541,0.0540540540541,37,183,0.137387387387,2.35190636143,9.89189189189,8.31818181818,5.08333333333,4.52636586988,0.457583434933,0.24176635652,5.89701405584,1.19229245938,0.615566386058,3.49559997986,0.706760651666,0.38369517058,1.43484743988,0.610078472258,3.72270451628,2.35190636143,1.43484743988,3.72270451628,0.11869155654,0.0425420168067,27,0.0034749034749,0.19362999199,37,37,37,1,0,0.405405405405,0.567567567568,0.027027027027,-159,-0.119369369369,0.626617543319,-8.59459459459,-7.22727272727,-4.6880952381,-0.841344285516,0.167224844656,0.0991237138778,-3.61147748653,0.163596005963,0.0710745257769,-4.55771336657,-0.164504242539,-0.0781350807235,0.794247869551,0.23877856954,1.72270451628,0.626617543319,0.794247869551,1.72270451628,-0.225379837708,-0.33402702085,-783,-0.100772200772,-0.37594683636,0,0.027027027027,-0.027027027027,170,13,172,977,0.497076023392,0.986868686869,0.0131313131313,0.502923976608,0.928961748634,0.497076023392,0.647619047619,0.614102461691,0.48394471026,0.478873239437,27,186,0,0,0,0
396,WLNM_dir_neg,0.402279165221,0.321123392387,00:00:14,10,10,44,1233943479,threshold_sweep,0.9,0.52,0.0698924731183,0.123222748815,13,12,173,360,0.0698924731183,0.967741935484,0.0322580645161,0.930107526882,0.52,0.0698924731183,0.123222748815,0.668458781362,0.651732377539,0.0480274442539,0.0857589448564,0.0376344086022,342,156,186,0,342,0,156,0,186,37,342,0.256756756757,1.72528881811,18.4864864865,15.5454545455,9.77142857143,5.36771015539,0.290358590277,0.142642642643,9.50849154237,1.02869645341,0.544491860281,8.05331334643,0.871264894205,0.461830251304,0.640599570326,0.371299902718,2,1.72528881811,0.640599570326,2,0.344071394247,0.376569037657,810,0.104247104247,0.56957682835,37,37,37,1,0,0.405405405405,0.540540540541,0.0540540540541,37,0.117117117117,2.18481481481,8.43243243243,7.09090909091,4.45714285714,5.03620525429,0.597242289772,0.326923076923,6.00062559301,1.42322530091,0.680526680527,3.83793300225,0.910278981302,0.463617463617,1.318977792,0.603702328937,4.32037037037,2.18481481481,1.318977792,4.32037037037,0,0,0,0,0.160896782956,37,37,37,1,0,0.405405405405,0.540540540541,0.0540540540541,37,181,0.135885885886,2.449983827,9.78378378378,8.22727272727,5.02777777778,4.40413401208,0.450146294053,0.239211587278,5.89625014444,1.20531080301,0.6202777363,3.51807857742,0.719165234058,0.38883081977,1.5862028708,0.647434017041,4.50257720291,2.449983827,1.5862028708,4.50257720291,0.105770571947,0.0372771474878,23,0.0029601029601,0.190167557359,37,37,37,1,0,0.405405405405,0.567567567568,0.027027027027,-161,-0.120870870871,0.724695008881,-8.7027027027,-7.31818181818,-4.74365079365,-0.963576143309,0.159787703776,0.0965689446352,-3.61224139794,0.176614349592,0.0757858760185,-4.53523476902,-0.152099660147,-0.0729994315339,0.945603300471,0.276134114323,2.50257720291,0.724695008881,0.945603300471,2.50257720291,-0.2383008223,-0.339291890169,-787,-0.101287001287,-0.379409270991,0,0.027027027027,-0.027027027027,169,12,173,978,0.494152046784,0.987878787879,0.0121212121212,0.505847953216,0.933701657459,0.494152046784,0.646271510516,0.614509386823,0.482030834662,0.477401129944,25,186,0,0,0,0
397,WLNM_dir_neg,0.439942478899,0.380160257386,00:00:14,10,10,45,1233943480,threshold_sweep,0.1,0.529411764706,0.145161290323,0.227848101266,27,24,159,348,0.145161290323,0.935483870968,0.0645161290323,0.854838709677,0.529411764706,0.145161290323,0.227848101266,0.672043010753,0.636200716846,0.0985221674877,0.131921988571,0.0806451612903,342,156,186,0,342,0,156,0,186,37,342,0.256756756757,1.72528881811,18.4864864865,15.5454545455,9.77142857143,5.36771015539,0.290358590277,0.142642642643,9.50849154237,1.02869645341,0.544491860281,8.05331334643,0.871264894205,0.461830251304,0.640599570326,0.371299902718,2,1.72528881811,0.640599570326,2,0.344071394247,0.376569037657,810,0.104247104247,0.56957682835,37,37,37,1,0,0.405405405405,0.540540540541,0.0540540540541,37,0.117117117117,2.21261261261,8.43243243243,7.09090909091,4.45714285714,5.04722443274,0.598549051319,0.327616077616,6.00525295579,1.42432281644,0.680873180873,3.83793300225,0.910278981302,0.463617463617,1.39215458577,0.629190386892,5.2,2.21261261261,1.39215458577,5.2,0,0,0,0,0.161113233172,37,37,37,1,0,0.405405405405,0.540540540541,0.0540540540541,37,207,0.155405405405,1,11.1891891892,6.08823529412,5.59459459459,4.94322115987,0.441785465979,0.241676459068,5.90413912936,1.05532921636,0.541585063324,3.63210575179,0.649216970127,0.350698524612,0,0,0,NaN,NaN,NaN,0.187969387505,0.0866281652599,65,0.00836550836551,0.151006214212,37,37,0,1,2,0.0810810810811,0.918918918919,0,-135,-0.101351351351,-0.725288818115,-7.2972972973,-9.45721925134,-4.17683397683,-0.424488995518,0.151426875702,0.0990338164251,-3.60435241301,0.0266327629445,-0.00290679695714,-4.42120759464,-0.222047924078,-0.111131726692,-0.640599570326,-0.371299902718,-2,NaN,NaN,NaN,-0.156102006742,-0.289940872397,-745,-0.0958815958816,-0.418570614138,-0.324324324324,0.378378378378,-0.0540540540541,183,24,159,966,0.535087719298,0.975757575758,0.0242424242424,0.464912280702,0.884057971014,0.535087719298,0.666666666667,0.615968657223,0.510845295056,0.5,51,186,0,0,0,0
398,WLNM_dir_neg,0.439942478899,0.380160257386,00:00:14,10,10,45,1233943480,threshold_sweep,0.2,0.609756097561,0.134408602151,0.220264317181,25,16,161,356,0.134408602151,0.956989247312,0.0430107526882,0.865591397849,0.609756097561,0.134408602151,0.220264317181,0.682795698925,0.642174432497,0.113522537563,0.16513028076,0.0913978494624,342,156,186,0,342,0,156,0,186,37,342,0.256756756757,1.72528881811,18.4864864865,15.5454545455,9.77142857143,5.36771015539,0.290358590277,0.142642642643,9.50849154237,1.02869645341,0.544491860281,8.05331334643,0.871264894205,0.461830251304,0.640599570326,0.371299902718,2,1.72528881811,0.640599570326,2,0.344071394247,0.376569037657,810,0.104247104247,0.56957682835,37,37,37,1,0,0.405405405405,0.540540540541,0.0540540540541,37,0.117117117117,2.21261261261,8.43243243243,7.09090909091,4.45714285714,5.04722443274,0.598549051319,0.327616077616,6.00525295579,1.42432281644,0.680873180873,3.83793300225,0.910278981302,0.463617463617,1.39215458577,0.629190386892,5.2,2.21261261261,1.39215458577,5.2,0,0,0,0,0.161113233172,37,37,37,1,0,0.405405405405,0.540540540541,0.0540540540541,37,197,0.147897897898,1,10.6486486486,6.35483870968,5.32432432432,4.64408953053,0.436120082816,0.238441487172,5.96775620431,1.12084761198,0.574838798189,3.62134147991,0.680150430237,0.365482233503,0,0,0,NaN,NaN,NaN,0.136401782145,0.0711030082042,52,0.00669240669241,0.179453054756,37,37,0,1,2,0.162162162162,0.837837837838,0,-145,-0.108858858859,-0.725288818115,-7.83783783784,-9.19061583578,-4.4471042471,-0.723620624864,0.145761492539,0.0957988445298,-3.54073533806,0.0921511585627,0.0303469379077,-4.43197186652,-0.191114463968,-0.0963480178014,-0.640599570326,-0.371299902718,-2,NaN,NaN,NaN,-0.207669612103,-0.305466029453,-758,-0.0975546975547,-0.390123773594,-0.243243243243,0.297297297297,-0.0540540540541,181,16,161,974,0.529239766082,0.983838383838,0.0161616161616,0.470760233918,0.918781725888,0.529239766082,0.671614100186,0.631368814181,0.51307814992,0.505586592179,41,186,0,0,0,0
399,WLNM_dir_neg,0.439942478899,0.380160257386,00:00:14,10,10,45,1233943480,threshold_sweep,0.3,0.609756097561,0.134408602151,0.220264317181,25,16,161,356,0.134408602151,0.956989247312,0.0430107526882,0.865591397849,0.609756097561,0.134408602151,0.220264317181,0.682795698925,0.642174432497,0.113522537563,0.16513028076,0.0913978494624,342,156,186,0,342,0,156,0,186,37,342,0.256756756757,1.72528881811,18.4864864865,15.5454545455,9.77142857143,5.36771015539,0.290358590277,0.142642642643,9.50849154237,1.02869645341,0.544491860281,8.05331334643,0.871264894205,0.461830251304,0.640599570326,0.371299902718,2,1.72528881811,0.640599570326,2,0.344071394247,0.376569037657,810,0.104247104247,0.56957682835,37,37,37,1,0,0.405405405405,0.540540540541,0.0540540540541,37,0.117117117117,2.21261261261,8.43243243243,7.09090909091,4.45714285714,5.04722443274,0.598549051319,0.327616077616,6.00525295579,1.42432281644,0.680873180873,3.83793300225,0.910278981302,0.463617463617,1.39215458577,0.629190386892,5.2,2.21261261261,1.39215458577,5.2,0,0,0,0,0.161113233172,37,37,37,1,0,0.405405405405,0.540540540541,0.0540540540541,37,197,0.147897897898,1,10.6486486486,6.35483870968,5.32432432432,4.64408953053,0.436120082816,0.238441487172,5.96775620431,1.12084761198,0.574838798189,3.62134147991,0.680150430237,0.365482233503,0,0,0,NaN,NaN,NaN,0.136401782145,0.0711030082042,52,0.00669240669241,0.179453054756,37,37,0,1,2,0.162162162162,0.837837837838,0,-145,-0.108858858859,-0.725288818115,-7.83783783784,-9.19061583578,-4.4471042471,-0.723620624864,0.145761492539,0.0957988445298,-3.54073533806,0.0921511585627,0.0303469379077,-4.43197186652,-0.191114463968,-0.0963480178014,-0.640599570326,-0.371299902718,-2,NaN,NaN,NaN,-0.207669612103,-0.305466029453,-758,-0.0975546975547,-0.390123773594,-0.243243243243,0.297297297297,-0.0540540540541,181,16,161,974,0.529239766082,0.983838383838,0.0161616161616,0.470760233918,0.918781725888,0.529239766082,0.671614100186,0.631368814181,0.51307814992,0.505586592179,41,186,0,0,0,0
400,WLNM_dir_neg,0.439942478899,0.380160257386,00:00:14,10,10,45,1233943480,threshold_sweep,0.4,0.806451612903,0.134408602151,0.230414746544,25,6,161,366,0.134408602151,0.983870967742,0.0161290322581,0.865591397849,0.806451612903,0.134408602151,0.230414746544,0.700716845878,0.648148148148,0.149405772496,0.243417346654,0.118279569892,342,156,186,0,342,0,156,0,186,37,342,0.256756756757,1.72528881811,18.4864864865,15.5454545455,9.77142857143,5.36771015539,0.290358590277,0.142642642643,9.50849154237,1.02869645341,0.544491860281,8.05331334643,0.871264894205,0.461830251304,0.640599570326,0.371299902718,2,1.72528881811,0.640599570326,2,0.344071394247,0.376569037657,810,0.104247104247,0.56957682835,37,37,37,1,0,0.405405405405,0.540540540541,0.0540540540541,37,0.117117117117,2.21261261261,8.43243243243,7.09090909091,4.45714285714,5.04722443274,0.598549051319,0.327616077616,6.00525295579,1.42432281644,0.680873180873,3.83793300225,0.910278981302,0.463617463617,1.39215458577,0.629190386892,5.2,2.21261261261,1.39215458577,5.2,0,0,0,0,0.161113233172,37,37,37,1,0,0.405405405405,0.540540540541,0.0540540540541,37,187,0.14039039039,1,10.1081081081,8.13043478261,5.05405405405,4.4396182505,0.439213570237,0.237317531435,6.14159744848,1.21518238286,0.621766151178,3.47967068961,0.688490992061,0.3673941321,0,0,0,NaN,NaN,NaN,0.127402215251,0.0511022044088,34,0.0043758043758,0.196793923414,37,37,0,1,2,0.378378378378,0.621621621622,0,-155,-0.116366366366,-0.725288818115,-8.37837837838,-7.41501976285,-4.71737451737,-0.928091904889,0.14885497996,0.0946748887925,-3.36689409389,0.18648592944,0.0772742908966,-4.57364265683,-0.182773902144,-0.0944361192039,-0.640599570326,-0.371299902718,-2,NaN,NaN,NaN,-0.216669178997,-0.325466833248,-776,-0.0998712998713,-0.372782904936,-0.027027027027,0.0810810810811,-0.0540540540541,181,6,161,984,0.529239766082,0.993939393939,0.00606060606061,0.470760233918,0.967914438503,0.529239766082,0.684310018904,0.657896445487,0.523179160021,0.520114942529,31,186,0,0,0,0
401,WLNM_dir_neg,0.439942478899,0.380160257386,00:00:14,10,10,45,1233943480,threshold_sweep,0.5,0.806451612903,0.134408602151,0.230414746544,25,6,161,366,0.134408602151,0.983870967742,0.0161290322581,0.865591397849,0.806451612903,0.134408602151,0.230414746544,0.700716845878,0.648148148148,0.149405772496,0.243417346654,0.118279569892,342,156,186,0,342,0,156,0,186,37,342,0.256756756757,1.72528881811,18.4864864865,15.5454545455,9.77142857143,5.36771015539,0.290358590277,0.142642642643,9.50849154237,1.02869645341,0.544491860281,8.05331334643,0.871264894205,0.461830251304,0.640599570326,0.371299902718,2,1.72528881811,0.640599570326,2,0.344071394247,0.376569037657,810,0.104247104247,0.56957682835,37,37,37,1,0,0.405405405405,0.540540540541,0.0540540540541,37,0.117117117117,2.21261261261,8.43243243243,7.09090909091,4.45714285714,5.04722443274,0.598549051319,0.327616077616,6.00525295579,1.42432281644,0.680873180873,3.83793300225,0.910278981302,0.463617463617,1.39215458577,0.629190386892,5.2,2.21261261261,1.39215458577,5.2,0,0,0,0,0.161113233172,37,37,37,1,0,0.405405405405,0.540540540541,0.0540540540541,37,187,0.14039039039,1,10.1081081081,8.13043478261,5.05405405405,4.4396182505,0.439213570237,0.237317531435,6.14159744848,1.21518238286,0.621766151178,3.47967068961,0.688490992061,0.3673941321,0,0,0,NaN,NaN,NaN,0.127402215251,0.0511022044088,34,0.0043758043758,0.196793923414,37,37,0,1,2,0.378378378378,0.621621621622,0,-155,-0.116366366366,-0.725288818115,-8.37837837838,-7.41501976285,-4.71737451737,-0.928091904889,0.14885497996,0.0946748887925,-3.36689409389,0.18648592944,0.0772742908966,-4.57364265683,-0.182773902144,-0.0944361192039,-0.640599570326,-0.371299902718,-2,NaN,NaN,NaN,-0.216669178997,-0.325466833248,-776,-0.0998712998713,-0.372782904936,-0.027027027027,0.0810810810811,-0.0540540540541,181,6,161,984,0.529239766082,0.993939393939,0.00606060606061,0.470760233918,0.967914438503,0.529239766082,0.684310018904,0.657896445487,0.523179160021,0.520114942529,31,186,0,0,0,0
402,WLNM_dir_neg,0.439942478899,0.380160257386,00:00:14,10,10,45,1233943480,threshold_sweep,0.6,0.833333333333,0.134408602151,0.231481481481,25,5,161,367,0.134408602151,0.986559139785,0.0134408602151,0.865591397849,0.833333333333,0.134408602151,0.231481481481,0.702508960573,0.648745519713,0.15306122449,0.252824948424,0.120967741935,342,156,186,0,342,0,156,0,186,37,342,0.256756756757,1.72528881811,18.4864864865,15.5454545455,9.77142857143,5.36771015539,0.290358590277,0.142642642643,9.50849154237,1.02869645341,0.544491860281,8.05331334643,0.871264894205,0.461830251304,0.640599570326,0.371299902718,2,1.72528881811,0.640599570326,2,0.344071394247,0.376569037657,810,0.104247104247,0.56957682835,37,37,37,1,0,0.405405405405,0.540540540541,0.0540540540541,37,0.117117117117,2.21261261261,8.43243243243,7.09090909091,4.45714285714,5.04722443274,0.598549051319,0.327616077616,6.00525295579,1.42432281644,0.680873180873,3.83793300225,0.910278981302,0.463617463617,1.39215458577,0.629190386892,5.2,2.21261261261,1.39215458577,5.2,0,0,0,0,0.161113233172,37,37,37,1,0,0.405405405405,0.540540540541,0.0540540540541,37,186,0.13963963964,1,10.0540540541,8.08695652174,5.02702702703,4.434372973,0.441053225809,0.238593432142,6.14404176819,1.22220185711,0.623365300785,3.4919469775,0.694634613804,0.369369369369,0,0,0,NaN,NaN,NaN,0.127402215251,0.0511022044088,34,0.0043758043758,0.196472997835,37,37,0,1,2,0.378378378378,0.621621621622,0,-156,-0.117117117117,-0.725288818115,-8.43243243243,-7.45849802372,-4.7444015444,-0.933337182394,0.150694635532,0.0959507894992,-3.36444977419,0.193505403698,0.0788734405033,-4.56136636893,-0.1766302804,-0.0924608819346,-0.640599570326,-0.371299902718,-2,NaN,NaN,NaN,-0.216669178997,-0.325466833248,-776,-0.0998712998713,-0.373103830514,-0.027027027027,0.0810810810811,-0.0540540540541,181,5,161,985,0.529239766082,0.994949494949,0.00505050505051,0.470760233918,0.97311827957,0.529239766082,0.685606060606,0.660647793449,0.524189261031,0.521613832853,30,186,0,0,0,0
403,WLNM_dir_neg,0.439942478899,0.380160257386,00:00:14,10,10,45,1233943480,threshold_sweep,0.7,0.821428571429,0.123655913978,0.214953271028,23,5,163,367,0.123655913978,0.986559139785,0.0134408602151,0.876344086022,0.821428571429,0.123655913978,0.214953271028,0.698924731183,0.649940262843,0.139931740614,0.237986273359,0.110215053763,342,156,186,0,342,0,156,0,186,37,342,0.256756756757,1.72528881811,18.4864864865,15.5454545455,9.77142857143,5.36771015539,0.290358590277,0.142642642643,9.50849154237,1.02869645341,0.544491860281,8.05331334643,0.871264894205,0.461830251304,0.640599570326,0.371299902718,2,1.72528881811,0.640599570326,2,0.344071394247,0.376569037657,810,0.104247104247,0.56957682835,37,37,37,1,0,0.405405405405,0.540540540541,0.0540540540541,37,0.117117117117,2.21261261261,8.43243243243,7.09090909091,4.45714285714,5.04722443274,0.598549051319,0.327616077616,6.00525295579,1.42432281644,0.680873180873,3.83793300225,0.910278981302,0.463617463617,1.39215458577,0.629190386892,5.2,2.21261261261,1.39215458577,5.2,0,0,0,0,0.161113233172,37,37,37,1,0,0.405405405405,0.540540540541,0.0540540540541,37,184,0.138138138138,1,9.94594594595,8,4.97297297297,4.4218268343,0.444585850188,0.239571092832,6.10776594221,1.22819206447,0.624853113984,3.47600094686,0.698978451271,0.369271445358,0,0,0,NaN,NaN,NaN,0.1134829987,0.0398365679265,26,0.0033462033462,0.190381851028,37,37,0,1,2,0.378378378378,0.621621621622,0,-158,-0.118618618619,-0.725288818115,-8.54054054054,-7.54545454545,-4.79845559846,-0.945883321091,0.154227259911,0.0969284501893,-3.40072560017,0.199495611051,0.0803612537022,-4.57731239957,-0.172286442934,-0.0925588059455,-0.640599570326,-0.371299902718,-2,NaN,NaN,NaN,-0.230588395548,-0.33673246973,-784,-0.100900900901,-0.379194977322,-0.027027027027,0.0810810810811,-0.0540540540541,179,5,163,985,0.523391812865,0.994949494949,0.00505050505051,0.476608187135,0.972826086957,0.523391812865,0.680608365019,0.656245917891,0.518341307815,0.515850144092,28,186,0,0,0,0
404,WLNM_dir_neg,0.439942478899,0.380160257386,00:00:14,10,10,45,1233943480,threshold_sweep,0.8,0.807692307692,0.112903225806,0.198113207547,21,5,165,367,0.112903225806,0.986559139785,0.0134408602151,0.887096774194,0.807692307692,0.112903225806,0.198113207547,0.695340501792,0.651135005974,0.126712328767,0.222456057488,0.0994623655914,342,156,186,0,342,0,156,0,186,37,342,0.256756756757,1.72528881811,18.4864864865,15.5454545455,9.77142857143,5.36771015539,0.290358590277,0.142642642643,9.50849154237,1.02869645341,0.544491860281,8.05331334643,0.871264894205,0.461830251304,0.640599570326,0.371299902718,2,1.72528881811,0.640599570326,2,0.344071394247,0.376569037657,810,0.104247104247,0.56957682835,37,37,37,1,0,0.405405405405,0.540540540541,0.0540540540541,37,0.117117117117,2.21261261261,8.43243243243,7.09090909091,4.45714285714,5.04722443274,0.598549051319,0.327616077616,6.00525295579,1.42432281644,0.680873180873,3.83793300225,0.910278981302,0.463617463617,1.39215458577,0.629190386892,5.2,2.21261261261,1.39215458577,5.2,0,0,0,0,0.161113233172,37,37,37,1,0,0.405405405405,0.540540540541,0.0540540540541,37,182,0.136636636637,1,9.83783783784,7.91304347826,4.91891891892,4.46911321998,0.454277992141,0.24457974458,6.07992314635,1.23602833195,0.62874962875,3.46713441058,0.704856995557,0.373032373032,0,0,0,NaN,NaN,NaN,0.115426700643,0.0373056994819,24,0.0030888030888,0.183722454726,37,37,0,1,2,0.378378378378,0.621621621622,0,-160,-0.12012012012,-0.725288818115,-8.64864864865,-7.63241106719,-4.85250965251,-0.898596935416,0.163919401863,0.101937101937,-3.42856839603,0.207331878535,0.0842577684683,-4.58617893586,-0.166407898648,-0.0887978782716,-0.640599570326,-0.371299902718,-2,NaN,NaN,NaN,-0.228644693604,-0.339263338175,-786,-0.101158301158,-0.385854373624,-0.027027027027,0.0810810810811,-0.0540540540541,177,5,165,985,0.517543859649,0.994949494949,0.00505050505051,0.482456140351,0.972527472527,0.517543859649,0.675572519084,0.651829894689,0.512493354599,0.510086455331,26,186,0,0,0,0
405,WLNM_dir_neg,0.439942478899,0.380160257386,00:00:14,10,10,45,1233943480,threshold_sweep,0.9,0.863636363636,0.102150537634,0.182692307692,19,3,167,369,0.102150537634,0.991935483871,0.00806451612903,0.897849462366,0.863636363636,0.102150537634,0.182692307692,0.695340501792,0.653524492234,0.120689655172,0.227907864218,0.0940860215054,342,156,186,0,342,0,156,0,186,37,342,0.256756756757,1.72528881811,18.4864864865,15.5454545455,9.77142857143,5.36771015539,0.290358590277,0.142642642643,9.50849154237,1.02869645341,0.544491860281,8.05331334643,0.871264894205,0.461830251304,0.640599570326,0.371299902718,2,1.72528881811,0.640599570326,2,0.344071394247,0.376569037657,810,0.104247104247,0.56957682835,37,37,37,1,0,0.405405405405,0.540540540541,0.0540540540541,37,0.117117117117,2.21261261261,8.43243243243,7.09090909091,4.45714285714,5.04722443274,0.598549051319,0.327616077616,6.00525295579,1.42432281644,0.680873180873,3.83793300225,0.910278981302,0.463617463617,1.39215458577,0.629190386892,5.2,2.21261261261,1.39215458577,5.2,0,0,0,0,0.161113233172,37,37,37,1,0,0.405405405405,0.540540540541,0.0540540540541,37,178,0.133633633634,2.11901152679,9.62162162162,8.09090909091,4.81081081081,4.54209540087,0.472071713012,0.253568174916,6.08658743029,1.26518952203,0.639234740358,3.48678328229,0.724780794633,0.382629820832,1.20035360464,0.566468652701,3.81748343268,2.11901152679,1.20035360464,3.81748343268,0.113509679686,0.0318640467339,20,0.002574002574,0.182947258157,37,37,37,1,0,0.405405405405,0.594594594595,0,-164,-0.123123123123,0.39372270867,-8.86486486486,-7.45454545455,-4.96061776062,-0.82561475452,0.181713122735,0.110925532274,-3.42190411209,0.236493068611,0.094742880077,-4.56653006414,-0.146484099572,-0.0792004304719,0.559754034311,0.195168749984,1.81748343268,0.39372270867,0.559754034311,1.81748343268,-0.230561714561,-0.344704990923,-790,-0.101673101673,-0.386629570193,0,0.0540540540541,-0.0540540540541,175,3,167,987,0.511695906433,0.99696969697,0.0030303030303,0.488304093567,0.983146067416,0.511695906433,0.673076923077,0.653055536757,0.508665603402,0.507246376812,22,186,0,0,0,0
406,WLNM_dir_neg,0.604621921609,0.456521127668,00:00:14,10,10,46,1233943481,threshold_sweep,0.1,0.629032258065,0.209677419355,0.314516129032,39,23,147,349,0.209677419355,0.938172043011,0.0618279569892,0.790322580645,0.629032258065,0.209677419355,0.314516129032,0.695340501792,0.62962962963,0.177419354839,0.221774193548,0.147849462366,342,156,186,0,342,0,156,0,186,37,342,0.256756756757,1.72528881811,18.4864864865,15.5454545455,9.77142857143,5.36771015539,0.290358590277,0.142642642643,9.50849154237,1.02869645341,0.544491860281,8.05331334643,0.871264894205,0.461830251304,0.640599570326,0.371299902718,2,1.72528881811,0.640599570326,2,0.344071394247,0.376569037657,810,0.104247104247,0.56957682835,37,37,37,1,0,0.405405405405,0.540540540541,0.0540540540541,37,0.117117117117,2.22747747748,8.43243243243,7.09090909091,4.45714285714,5.03620525429,0.597242289772,0.326923076923,6.00525295579,1.42432281644,0.680873180873,3.83793300225,0.910278981302,0.463617463617,1.42084529335,0.637871901162,5.2,2.22747747748,1.42084529335,5.2,0,0,0,0,0.160752482811,37,37,37,1,0,0.405405405405,0.540540540541,0.0540540540541,37,218,0.163663663664,9.04352620671,11.7837837838,7.03225806452,6.05555555556,5.08885020377,0.431851966834,0.232581205058,6.29278150734,1.06804089803,0.557649392512,4.01236826564,0.680998283617,0.369947929581,3.85334477156,0.426088749397,11.4550878366,9.04352620671,3.85334477156,11.4550878366,0.204038638959,0.121393780442,108,0.0138996138996,0.186677267806,37,37,37,1,0,0.162162162162,0.810810810811,0.027027027027,-124,-0.0930930930931,7.31823738859,-6.7027027027,-8.51319648094,-3.71587301587,-0.278859951625,0.141493376556,0.0899385624156,-3.21571003504,0.0393444446197,0.0131575322304,-4.0409450808,-0.190266610587,-0.091882321723,3.21274520123,0.0547888466794,9.45508783664,7.31823738859,3.21274520123,9.45508783664,-0.140032755288,-0.255175257215,-702,-0.0903474903475,-0.382899560543,-0.243243243243,0.27027027027,-0.027027027027,195,23,147,967,0.570175438596,0.976767676768,0.0232323232323,0.429824561404,0.894495412844,0.570175438596,0.696428571429,0.645805840188,0.546943115364,0.534246575342,62,186,0,0,0,0
407,WLNM_dir_neg,0.604621921609,0.456521127668,00:00:14,10,10,46,1233943481,threshold_sweep,0.2,0.564102564103,0.118279569892,0.195555555556,22,17,164,355,0.118279569892,0.954301075269,0.0456989247312,0.881720430108,0.564102564103,0.118279569892,0.195555555556,0.675627240143,0.643369175627,0.0904522613065,0.134193902831,0.0725806451613,342,156,186,0,342,0,156,0,186,37,342,0.256756756757,1.72528881811,18.4864864865,15.5454545455,9.77142857143,5.36771015539,0.290358590277,0.142642642643,9.50849154237,1.02869645341,0.544491860281,8.05331334643,0.871264894205,0.461830251304,0.640599570326,0.371299902718,2,1.72528881811,0.640599570326,2,0.344071394247,0.376569037657,810,0.104247104247,0.56957682835,37,37,37,1,0,0.405405405405,0.540540540541,0.0540540540541,37,0.117117117117,2.22747747748,8.43243243243,7.09090909091,4.45714285714,5.03620525429,0.597242289772,0.326923076923,6.00525295579,1.42432281644,0.680873180873,3.83793300225,0.910278981302,0.463617463617,1.42084529335,0.637871901162,5.2,2.22747747748,1.42084529335,5.2,0,0,0,0,0.160752482811,37,37,37,1,0,0.405405405405,0.540540540541,0.0540540540541,37,195,0.146396396396,9.6084857526,10.5405405405,6.29032258065,5.41666666667,4.73517918583,0.449234948399,0.242273042273,5.72833429662,1.08691471269,0.563270963271,3.79069510372,0.719260096603,0.390297990298,4.14299316427,0.431180653325,12.5369721546,9.6084857526,4.14299316427,12.5369721546,0.169677723238,0.0716253443526,52,0.00669240669241,0.179951710853,37,37,37,1,0,0.162162162162,0.810810810811,0.027027027027,-147,-0.11036036036,7.88319693449,-7.94594594595,-9.25513196481,-4.35476190476,-0.632530969563,0.158876358122,0.0996303996304,-3.78015724576,0.0582182592769,0.0187791029896,-4.26261824271,-0.152004797602,-0.0715322610059,3.50239359394,0.0598807506071,10.5369721546,7.88319693449,3.50239359394,10.5369721546,-0.174393671009,-0.304943693304,-758,-0.0975546975547,-0.389625117497,-0.243243243243,0.27027027027,-0.027027027027,178,17,164,973,0.520467836257,0.982828282828,0.0171717171717,0.479532163743,0.912820512821,0.520467836257,0.662942271881,0.621951749609,0.503296119086,0.495821727019,39,186,0,0,0,0
408,WLNM_dir_neg,0.604621921609,0.456521127668,00:00:14,10,10,46,1233943481,threshold_sweep,0.3,0.540540540541,0.10752688172,0.179372197309,20,17,166,355,0.10752688172,0.954301075269,0.0456989247312,0.89247311828,0.540540540541,0.10752688172,0.179372197309,0.672043010753,0.644563918757,0.0773109243697,0.117136734975,0.0618279569892,342,156,186,0,342,0,156,0,186,37,342,0.256756756757,1.72528881811,18.4864864865,15.5454545455,9.77142857143,5.36771015539,0.290358590277,0.142642642643,9.50849154237,1.02869645341,0.544491860281,8.05331334643,0.871264894205,0.461830251304,0.640599570326,0.371299902718,2,1.72528881811,0.640599570326,2,0.344071394247,0.376569037657,810,0.104247104247,0.56957682835,37,37,37,1,0,0.405405405405,0.540540540541,0.0540540540541,37,0.117117117117,2.22747747748,8.43243243243,7.09090909091,4.45714285714,5.03620525429,0.597242289772,0.326923076923,6.00525295579,1.42432281644,0.680873180873,3.83793300225,0.910278981302,0.463617463617,1.42084529335,0.637871901162,5.2,2.22747747748,1.42084529335,5.2,0,0,0,0,0.160752482811,37,37,37,1,0,0.405405405405,0.540540540541,0.0540540540541,37,193,0.144894894895,9.7558675638,10.4324324324,6.22580645161,5.36111111111,4.66988306147,0.447631277913,0.243103206834,5.70153553944,1.09304049202,0.564626802969,3.82343021626,0.732989212444,0.39630303879,4.21489491007,0.432036913427,12.707599156,9.7558675638,4.21489491007,12.707599156,0.159949773262,0.0648191639267,46,0.00592020592021,0.179780068563,37,37,37,1,0,0.162162162162,0.810810810811,0.027027027027,-149,-0.111861861862,8.03057874569,-8.05405405405,-9.31964809384,-4.41031746032,-0.697827093923,0.157272687636,0.100460564191,-3.80695600293,0.0643440386024,0.0201349426874,-4.22988313017,-0.138275681761,-0.0655272125139,3.57429533974,0.0607370107089,10.707599156,8.03057874569,3.57429533974,10.707599156,-0.184121620985,-0.31174987373,-764,-0.0983268983269,-0.389796759786,-0.243243243243,0.27027027027,-0.027027027027,176,17,166,973,0.514619883041,0.982828282828,0.0171717171717,0.485380116959,0.911917098446,0.514619883041,0.657943925234,0.617359261473,0.497448165869,0.490250696379,37,186,0,0,0,0
409,WLNM_dir_neg,0.604621921609,0.456521127668,00:00:14,10,10,46,1233943481,threshold_sweep,0.4,0.692307692308,0.0967741935484,0.169811320755,18,8,168,364,0.0967741935484,0.978494623656,0.0215053763441,0.903225806452,0.692307692308,0.0967741935484,0.169811320755,0.68458781362,0.651135005974,0.0958904109589,0.168345124585,0.0752688172043,342,156,186,0,342,0,156,0,186,37,342,0.256756756757,1.72528881811,18.4864864865,15.5454545455,9.77142857143,5.36771015539,0.290358590277,0.142642642643,9.50849154237,1.02869645341,0.544491860281,8.05331334643,0.871264894205,0.461830251304,0.640599570326,0.371299902718,2,1.72528881811,0.640599570326,2,0.344071394247,0.376569037657,810,0.104247104247,0.56957682835,37,37,37,1,0,0.405405405405,0.540540540541,0.0540540540541,37,0.117117117117,2.22747747748,8.43243243243,7.09090909091,4.45714285714,5.03620525429,0.597242289772,0.326923076923,6.00525295579,1.42432281644,0.680873180873,3.83793300225,0.910278981302,0.463617463617,1.42084529335,0.637871901162,5.2,2.22747747748,1.42084529335,5.2,0,0,0,0,0.160752482811,37,37,37,1,0,0.405405405405,0.540540540541,0.0540540540541,37,182,0.136636636637,2.70644056015,9.83783783784,7.91304347826,5.05555555556,4.51856364539,0.459304546372,0.242203742204,5.88490714728,1.19638222225,0.614493614494,3.63912671437,0.73982246391,0.397089397089,1.77443334126,0.655633590254,5.10344827586,2.70644056015,1.77443334126,5.10344827586,0.117290842368,0.0299055613851,19,0.0024453024453,0.191059377044,37,37,37,1,0,0.378378378378,0.594594594595,0.027027027027,-160,-0.12012012012,0.981151742032,-8.64864864865,-7.63241106719,-4.71587301587,-0.849146510006,0.168945956095,0.0995610995611,-3.62358439509,0.167685768835,0.0700017542123,-4.41418663206,-0.131442430294,-0.0647408542145,1.13383377093,0.284333687536,3.10344827586,0.981151742032,1.13383377093,3.10344827586,-0.226780551879,-0.346663476272,-791,-0.101801801802,-0.378517451306,-0.027027027027,0.0540540540541,-0.027027027027,174,8,168,982,0.508771929825,0.991919191919,0.00808080808081,0.491228070175,0.956043956044,0.508771929825,0.664122137405,0.636818874292,0.500691121744,0.497142857143,26,186,0,0,0,0
410,WLNM_dir_neg,0.604621921609,0.456521127668,00:00:14,10,10,46,1233943481,threshold_sweep,0.5,0.68,0.0913978494624,0.161137440758,17,8,169,364,0.0913978494624,0.978494623656,0.0215053763441,0.908602150538,0.68,0.0913978494624,0.161137440758,0.682795698925,0.651732377539,0.0891938250429,0.159266611876,0.0698924731183,342,156,186,0,342,0,156,0,186,37,342,0.256756756757,1.72528881811,18.4864864865,15.5454545455,9.77142857143,5.36771015539,0.290358590277,0.142642642643,9.50849154237,1.02869645341,0.544491860281,8.05331334643,0.871264894205,0.461830251304,0.640599570326,0.371299902718,2,1.72528881811,0.640599570326,2,0.344071394247,0.376569037657,810,0.104247104247,0.56957682835,37,37,37,1,0,0.405405405405,0.540540540541,0.0540540540541,37,0.117117117117,2.22747747748,8.43243243243,7.09090909091,4.45714285714,5.03620525429,0.597242289772,0.326923076923,6.00525295579,1.42432281644,0.680873180873,3.83793300225,0.910278981302,0.463617463617,1.42084529335,0.637871901162,5.2,2.22747747748,1.42084529335,5.2,0,0,0,0,0.160752482811,37,37,37,1,0,0.405405405405,0.540540540541,0.0540540540541,37,181,0.135885885886,2.72295777994,9.78378378378,7.86956521739,5.02777777778,4.49156700653,0.459082815585,0.242645960878,5.88682041977,1.20338317973,0.616096759743,3.6574413019,0.747653746798,0.40017918471,1.79517163101,0.659272664538,5.10344827586,2.72295777994,1.79517163101,5.10344827586,0.115436046396,0.0270700636943,17,0.0021879021879,0.191327656946,37,37,37,1,0,0.378378378378,0.594594594595,0.027027027027,-161,-0.120870870871,0.997668961827,-8.7027027027,-7.67588932806,-4.74365079365,-0.87614314886,0.168724225308,0.100003318235,-3.6216711226,0.174686726318,0.0716048994618,-4.39587204453,-0.123611147407,-0.0616510665944,1.15457206068,0.28797276182,3.10344827586,0.997668961827,1.15457206068,3.10344827586,-0.228635347852,-0.349498973963,-793,-0.102059202059,-0.378249171404,-0.027027027027,0.0540540540541,-0.027027027027,173,8,169,982,0.505847953216,0.991919191919,0.00808080808081,0.494152046784,0.955801104972,0.505847953216,0.661567877629,0.634570573378,0.497767145136,0.494285714286,25,186,0,0,0,0
411,WLNM_dir_neg,0.604621921609,0.456521127668,00:00:14,10,10,46,1233943481,threshold_sweep,0.6,0.681818181818,0.0806451612903,0.144230769231,15,7,171,365,0.0806451612903,0.981182795699,0.0188172043011,0.91935483871,0.681818181818,0.0806451612903,0.144230769231,0.681003584229,0.653524492234,0.0793103448276,0.149768025058,0.0618279569892,342,156,186,0,342,0,156,0,186,37,342,0.256756756757,1.72528881811,18.4864864865,15.5454545455,9.77142857143,5.36771015539,0.290358590277,0.142642642643,9.50849154237,1.02869645341,0.544491860281,8.05331334643,0.871264894205,0.461830251304,0.640599570326,0.371299902718,2,1.72528881811,0.640599570326,2,0.344071394247,0.376569037657,810,0.104247104247,0.56957682835,37,37,37,1,0,0.405405405405,0.540540540541,0.0540540540541,37,0.117117117117,2.22747747748,8.43243243243,7.09090909091,4.45714285714,5.03620525429,0.597242289772,0.326923076923,6.00525295579,1.42432281644,0.680873180873,3.83793300225,0.910278981302,0.463617463617,1.42084529335,0.637871901162,5.2,2.22747747748,1.42084529335,5.2,0,0,0,0,0.160752482811,37,37,37,1,0,0.405405405405,0.540540540541,0.0540540540541,37,178,0.133633633634,2.73555591151,9.62162162162,7.73913043478,4.94444444444,4.62091472036,0.480263608577,0.255086547221,5.92001237723,1.23056437055,0.625873064075,3.65024989889,0.758759810443,0.402064986335,1.81182439868,0.662324023813,5.10344827586,2.73555591151,1.81182439868,5.10344827586,0.11033884393,0.0210355987055,13,0.0016731016731,0.185829849966,37,37,37,1,0,0.378378378378,0.594594594595,0.027027027027,-164,-0.123123123123,1.0102670934,-8.86486486486,-7.80632411067,-4.82698412698,-0.746795435032,0.1899050183,0.112443904579,-3.58847916515,0.201867917133,0.081381203794,-4.40306344755,-0.112505083762,-0.0597652649693,1.17122482835,0.291024121096,3.10344827586,1.0102670934,1.17122482835,3.10344827586,-0.233732550317,-0.355533438951,-797,-0.102574002574,-0.383746978384,-0.027027027027,0.0540540540541,-0.027027027027,171,7,171,983,0.5,0.992929292929,0.00707070707071,0.5,0.960674157303,0.5,0.657692307692,0.63285231363,0.492929292929,0.489971346705,22,186,0,0,0,0
412,WLNM_dir_neg,0.604621921609,0.456521127668,00:00:14,10,10,46,1233943481,threshold_sweep,0.7,0.7,0.0752688172043,0.135922330097,14,6,172,366,0.0752688172043,0.983870967742,0.0161290322581,0.924731182796,0.7,0.0752688172043,0.135922330097,0.681003584229,0.654719235364,0.076124567474,0.149969017866,0.0591397849462,342,156,186,0,342,0,156,0,186,37,342,0.256756756757,1.72528881811,18.4864864865,15.5454545455,9.77142857143,5.36771015539,0.290358590277,0.142642642643,9.50849154237,1.02869645341,0.544491860281,8.05331334643,0.871264894205,0.461830251304,0.640599570326,0.371299902718,2,1.72528881811,0.640599570326,2,0.344071394247,0.376569037657,810,0.104247104247,0.56957682835,37,37,37,1,0,0.405405405405,0.540540540541,0.0540540540541,37,0.117117117117,2.22747747748,8.43243243243,7.09090909091,4.45714285714,5.03620525429,0.597242289772,0.326923076923,6.00525295579,1.42432281644,0.680873180873,3.83793300225,0.910278981302,0.463617463617,1.42084529335,0.637871901162,5.2,2.22747747748,1.42084529335,5.2,0,0,0,0,0.160752482811,37,37,37,1,0,0.405405405405,0.540540540541,0.0540540540541,37,176,0.132132132132,2.50209310223,9.51351351351,7.65217391304,4.88888888889,4.67036532964,0.490919082945,0.261056511057,5.94140558288,1.24904549186,0.632678132678,3.60096750429,0.757021577607,0.404176904177,1.52406343099,0.609115396077,4.54608406581,2.50209310223,1.52406343099,4.54608406581,0.114808351031,0.0195333695062,12,0.0015444015444,0.17663708195,37,37,37,1,0,0.378378378378,0.594594594595,0.027027027027,-166,-0.124624624625,0.776804284115,-8.97297297297,-7.89328063241,-4.88253968254,-0.697344825752,0.200560492668,0.118413868414,-3.56708595949,0.220349038441,0.0881862723968,-4.45234584214,-0.114243316598,-0.057653347127,0.883463860661,0.23781549336,2.54608406581,0.776804284115,0.883463860661,2.54608406581,-0.229263043216,-0.357035668151,-798,-0.102702702703,-0.3929397464,-0.027027027027,0.0540540540541,-0.027027027027,170,6,172,984,0.497076023392,0.993939393939,0.00606060606061,0.502923976608,0.965909090909,0.497076023392,0.656370656371,0.633418185819,0.491015417331,0.488505747126,20,186,0,0,0,0
413,WLNM_dir_neg,0.604621921609,0.456521127668,00:00:14,10,10,46,1233943481,threshold_sweep,0.8,0.684210526316,0.0698924731183,0.126829268293,13,6,173,366,0.0698924731183,0.983870967742,0.0161290322581,0.930107526882,0.684210526316,0.0698924731183,0.126829268293,0.679211469534,0.65531660693,0.0693240901213,0.139747425156,0.0537634408602,342,156,186,0,342,0,156,0,186,37,342,0.256756756757,1.72528881811,18.4864864865,15.5454545455,9.77142857143,5.36771015539,0.290358590277,0.142642642643,9.50849154237,1.02869645341,0.544491860281,8.05331334643,0.871264894205,0.461830251304,0.640599570326,0.371299902718,2,1.72528881811,0.640599570326,2,0.344071394247,0.376569037657,810,0.104247104247,0.56957682835,37,37,37,1,0,0.405405405405,0.540540540541,0.0540540540541,37,0.117117117117,2.22747747748,8.43243243243,7.09090909091,4.45714285714,5.03620525429,0.597242289772,0.326923076923,6.00525295579,1.42432281644,0.680873180873,3.83793300225,0.910278981302,0.463617463617,1.42084529335,0.637871901162,5.2,2.22747747748,1.42084529335,5.2,0,0,0,0,0.160752482811,37,37,37,1,0,0.405405405405,0.540540540541,0.0540540540541,37,175,0.131381381381,2.5761329982,9.45945945946,7.60869565217,4.86111111111,4.64635218086,0.491185801977,0.262084942085,5.95654937699,1.25938472542,0.636602316602,3.60284338828,0.761744030665,0.405868725869,1.64888755249,0.640063053283,5.01290491118,2.5761329982,1.64888755249,5.01290491118,0.121904921286,0.0181119648738,11,0.0014157014157,0.173964392321,37,37,37,1,0,0.378378378378,0.594594594595,0.027027027027,-167,-0.125375375375,0.850844180087,-9.02702702703,-7.93675889328,-4.91031746032,-0.721357974533,0.2008272117,0.119442299442,-3.55194216539,0.230688272005,0.092110456321,-4.45046995815,-0.10952086354,-0.0559615254352,1.00828798217,0.268763150566,3.01290491118,0.850844180087,1.00828798217,3.01290491118,-0.222166472962,-0.358457072783,-799,-0.102831402831,-0.395612436029,-0.027027027027,0.0540540540541,-0.027027027027,169,6,173,984,0.494152046784,0.993939393939,0.00606060606061,0.505847953216,0.965714285714,0.494152046784,0.653771760155,0.631169694818,0.488091440723,0.485632183908,19,186,0,0,0,0
414,WLNM_dir_neg,0.604621921609,0.456521127668,00:00:14,10,10,46,1233943481,threshold_sweep,0.9,0.722222222222,0.0698924731183,0.127450980392,13,5,173,367,0.0698924731183,0.986559139785,0.0134408602151,0.930107526882,0.722222222222,0.0698924731183,0.127450980392,0.681003584229,0.655913978495,0.0729166666667,0.150616019019,0.0564516129032,342,156,186,0,342,0,156,0,186,37,342,0.256756756757,1.72528881811,18.4864864865,15.5454545455,9.77142857143,5.36771015539,0.290358590277,0.142642642643,9.50849154237,1.02869645341,0.544491860281,8.05331334643,0.871264894205,0.461830251304,0.640599570326,0.371299902718,2,1.72528881811,0.640599570326,2,0.344071394247,0.376569037657,810,0.104247104247,0.56957682835,37,37,37,1,0,0.405405405405,0.540540540541,0.0540540540541,37,0.117117117117,2.22747747748,8.43243243243,7.09090909091,4.45714285714,5.03620525429,0.597242289772,0.326923076923,6.00525295579,1.42432281644,0.680873180873,3.83793300225,0.910278981302,0.463617463617,1.42084529335,0.637871901162,5.2,2.22747747748,1.42084529335,5.2,0,0,0,0,0.160752482811,37,37,37,1,0,0.405405405405,0.540540540541,0.0540540540541,37,174,0.130630630631,2.59111052611,9.40540540541,7.5652173913,4.83333333333,4.62757111392,0.492011871308,0.262814538677,5.971529047,1.2698079008,0.640260950606,3.62755553495,0.771376751685,0.410686548618,1.66480188206,0.642505159576,5.02510822511,2.59111052611,1.66480188206,5.02510822511,0.124607623988,0.0183129855716,11,0.0014157014157,0.173926748805,37,37,37,1,0,0.378378378378,0.594594594595,0.027027027027,-168,-0.126126126126,0.865821707996,-9.08108108108,-7.98023715415,-4.9380952381,-0.74013904147,0.201653281031,0.120171896034,-3.53696249538,0.241111447384,0.0957690903244,-4.42575781148,-0.0998881425197,-0.0511437026864,1.02420231173,0.271205256858,3.02510822511,0.865821707996,1.02420231173,3.02510822511,-0.219463770259,-0.358256052085,-799,-0.102831402831,-0.395650079545,-0.027027027027,0.0540540540541,-0.027027027027,169,5,173,985,0.494152046784,0.994949494949,0.00505050505051,0.505847953216,0.971264367816,0.494152046784,0.65503875969,0.634016818156,0.489101541733,0.487031700288,18,186,0,0,0,0
415,WLNM_dir_neg,0.598970979304,0.459783635191,00:00:13,10,10,47,1233943482,threshold_sweep,0.1,0.754385964912,0.231182795699,0.353909465021,43,14,143,358,0.231182795699,0.962365591398,0.0376344086022,0.768817204301,0.754385964912,0.231182795699,0.353909465021,0.718637992832,0.632616487455,0.234146341463,0.301273690766,0.193548387097,342,156,186,0,342,0,156,0,186,37,342,0.256756756757,1.72528881811,18.4864864865,15.5454545455,9.77142857143,5.36771015539,0.290358590277,0.142642642643,9.50849154237,1.02869645341,0.544491860281,8.05331334643,0.871264894205,0.461830251304,0.640599570326,0.371299902718,2,1.72528881811,0.640599570326,2,0.344071394247,0.376569037657,810,0.104247104247,0.56957682835,37,37,37,1,0,0.405405405405,0.540540540541,0.0540540540541,37,0.117117117117,2.22747747748,8.43243243243,7.09090909091,4.45714285714,5.03620525429,0.597242289772,0.326923076923,6.00525295579,1.42432281644,0.680873180873,3.83793300225,0.910278981302,0.463617463617,1.42084529335,0.637871901162,5.2,2.22747747748,1.42084529335,5.2,0,0,0,0,0.160752482811,37,37,37,1,0,0.405405405405,0.540540540541,0.0540540540541,37,213,0.15990990991,4.18045520081,11.5135135135,7.88888888889,5.75675675676,5.88605518541,0.511230145211,0.266590534196,7.13522329093,1.23945193317,0.623524933384,4.56073462288,0.792240286603,0.412384215201,2.38538412289,0.570603919503,7.0232984771,4.18045520081,2.38538412289,7.0232984771,0.233344514559,0.129044537495,113,0.0145431145431,0.192978745184,37,37,37,1,0,0.27027027027,0.72972972973,0,-129,-0.0968468468468,2.4551663827,-6.97297297297,-7.65656565657,-4.01467181467,0.518345030013,0.220871554934,0.123947891554,-2.37326825145,0.210755479751,0.0790330731028,-3.49257872356,-0.079024607602,-0.0494460361028,1.74478455256,0.199304016785,5.0232984771,2.4551663827,1.74478455256,5.0232984771,-0.110726879688,-0.247524500162,-697,-0.089703989704,-0.376598083166,-0.135135135135,0.189189189189,-0.0540540540541,199,14,143,976,0.581871345029,0.985858585859,0.0141414141414,0.418128654971,0.934272300469,0.581871345029,0.717117117117,0.676655468992,0.567729930888,0.558988764045,57,186,0,0,0,0
416,WLNM_dir_neg,0.598970979304,0.459783635191,00:00:13,10,10,47,1233943482,threshold_sweep,0.2,0.692307692308,0.145161290323,0.24,27,12,159,360,0.145161290323,0.967741935484,0.0322580645161,0.854838709677,0.692307692308,0.145161290323,0.24,0.693548387097,0.643369175627,0.140703517588,0.208746071071,0.112903225806,342,156,186,0,342,0,156,0,186,37,342,0.256756756757,1.72528881811,18.4864864865,15.5454545455,9.77142857143,5.36771015539,0.290358590277,0.142642642643,9.50849154237,1.02869645341,0.544491860281,8.05331334643,0.871264894205,0.461830251304,0.640599570326,0.371299902718,2,1.72528881811,0.640599570326,2,0.344071394247,0.376569037657,810,0.104247104247,0.56957682835,37,37,37,1,0,0.405405405405,0.540540540541,0.0540540540541,37,0.117117117117,2.22747747748,8.43243243243,7.09090909091,4.45714285714,5.03620525429,0.597242289772,0.326923076923,6.00525295579,1.42432281644,0.680873180873,3.83793300225,0.910278981302,0.463617463617,1.42084529335,0.637871901162,5.2,2.22747747748,1.42084529335,5.2,0,0,0,0,0.160752482811,37,37,37,1,0,0.405405405405,0.540540540541,0.0540540540541,37,195,0.146396396396,5.99447936477,10.5405405405,7.22222222222,5.41666666667,4.86252446206,0.461316423324,0.253915453915,6.45776297976,1.22531912949,0.618711018711,4.18096645292,0.793311583375,0.416909216909,3.7189855755,0.620401764557,9.93859698682,5.99447936477,3.7189855755,9.93859698682,0.202982916218,0.0956598759965,72,0.00926640926641,0.180216966624,37,37,37,1,0,0.27027027027,0.702702702703,0.027027027027,-147,-0.11036036036,4.26919054665,-7.94594594595,-8.32323232323,-4.35476190476,-0.505185693332,0.170957833047,0.111272811273,-3.05072856262,0.196622676077,0.0742191584297,-3.87234689351,-0.0779533108294,-0.0449210343947,3.07838600517,0.249101861839,7.93859698682,4.26919054665,3.07838600517,7.93859698682,-0.141088478029,-0.28090916166,-738,-0.0949806949807,-0.389359861726,-0.135135135135,0.162162162162,-0.027027027027,183,12,159,978,0.535087719298,0.987878787879,0.0121212121212,0.464912280702,0.938461538462,0.535087719298,0.68156424581,0.646259571237,0.522966507177,0.516949152542,39,186,0,0,0,0
417,WLNM_dir_neg,0.598970979304,0.459783635191,00:00:13,10,10,47,1233943482,threshold_sweep,0.3,0.666666666667,0.0645161290323,0.117647058824,12,6,174,366,0.0645161290323,0.983870967742,0.0161290322581,0.935483870968,0.666666666667,0.0645161290323,0.117647058824,0.677419354839,0.655913978495,0.0625,0.129099444874,0.0483870967742,342,156,186,0,342,0,156,0,186,37,342,0.256756756757,1.72528881811,18.4864864865,15.5454545455,9.77142857143,5.36771015539,0.290358590277,0.142642642643,9.50849154237,1.02869645341,0.544491860281,8.05331334643,0.871264894205,0.461830251304,0.640599570326,0.371299902718,2,1.72528881811,0.640599570326,2,0.344071394247,0.376569037657,810,0.104247104247,0.56957682835,37,37,37,1,0,0.405405405405,0.540540540541,0.0540540540541,37,0.117117117117,2.22747747748,8.43243243243,7.09090909091,4.45714285714,5.03620525429,0.597242289772,0.326923076923,6.00525295579,1.42432281644,0.680873180873,3.83793300225,0.910278981302,0.463617463617,1.42084529335,0.637871901162,5.2,2.22747747748,1.42084529335,5.2,0,0,0,0,0.160752482811,37,37,37,1,0,0.405405405405,0.540540540541,0.0540540540541,37,174,0.130630630631,3.05351465596,9.40540540541,7.5652173913,4.83333333333,4.53051051489,0.481692209916,0.258154706431,5.95289315686,1.26584509657,0.640571606089,3.73322071902,0.793845785079,0.412550481516,2.25526877402,0.738581283577,6.62270531401,3.05351465596,2.25526877402,6.62270531401,0.162403790345,0.0265486725664,16,0.0020592020592,0.178790412944,37,37,37,1,0,0.378378378378,0.594594594595,0.027027027027,-168,-0.126126126126,1.32822583785,-9.08108108108,-7.98023715415,-4.9380952381,-0.837199640504,0.191333619639,0.115512063788,-3.55559838552,0.237148643158,0.0960797458075,-4.32009262741,-0.0774191091254,-0.0492797697879,1.6146692037,0.36728138086,4.62270531401,1.32822583785,1.6146692037,4.62270531401,-0.181667603902,-0.350020365091,-794,-0.102187902188,-0.390786415405,-0.027027027027,0.0540540540541,-0.027027027027,168,6,174,984,0.491228070175,0.993939393939,0.00606060606061,0.508771929825,0.965517241379,0.491228070175,0.651162790698,0.628917117663,0.485167464115,0.48275862069,18,186,0,0,0,0
418,WLNM_dir_neg,0.598970979304,0.459783635191,00:00:13,10,10,47,1233943482,threshold_sweep,0.4,0.571428571429,0.0430107526882,0.08,8,6,178,366,0.0430107526882,0.983870967742,0.0161290322581,0.956989247312,0.571428571429,0.0430107526882,0.08,0.670250896057,0.658303464755,0.034965034965,0.081025465444,0.0268817204301,342,156,186,0,342,0,156,0,186,37,342,0.256756756757,1.72528881811,18.4864864865,15.5454545455,9.77142857143,5.36771015539,0.290358590277,0.142642642643,9.50849154237,1.02869645341,0.544491860281,8.05331334643,0.871264894205,0.461830251304,0.640599570326,0.371299902718,2,1.72528881811,0.640599570326,2,0.344071394247,0.376569037657,810,0.104247104247,0.56957682835,37,37,37,1,0,0.405405405405,0.540540540541,0.0540540540541,37,0.117117117117,2.22747747748,8.43243243243,7.09090909091,4.45714285714,5.03620525429,0.597242289772,0.326923076923,6.00525295579,1.42432281644,0.680873180873,3.83793300225,0.910278981302,0.463617463617,1.42084529335,0.637871901162,5.2,2.22747747748,1.42084529335,5.2,0,0,0,0,0.160752482811,37,37,37,1,0,0.405405405405,0.540540540541,0.0540540540541,37,170,0.127627627628,2.92997479013,9.18918918919,7.39130434783,4.72222222222,4.65377885784,0.506440640412,0.27186009539,5.96964292371,1.29927522457,0.649920508744,3.67770655783,0.800442015528,0.413354531002,2.12751603403,0.726120934965,6.07992424242,2.92997479013,2.12751603403,6.07992424242,0.164462992404,0.0204197390811,12,0.0015444015444,0.16567321856,37,37,37,1,0,0.378378378378,0.594594594595,0.027027027027,-172,-0.129129129129,1.20468597202,-9.2972972973,-8.15415019763,-5.04920634921,-0.713931297556,0.216082050135,0.129217452747,-3.53884861866,0.270578771158,0.105428648463,-4.3756067886,-0.0708228786766,-0.0484757203023,1.48691646371,0.354821032247,4.07992424242,1.20468597202,1.48691646371,4.07992424242,-0.179608401843,-0.356149298576,-798,-0.102702702703,-0.40390360979,-0.027027027027,0.0540540540541,-0.027027027027,164,6,178,984,0.479532163743,0.993939393939,0.00606060606061,0.520467836257,0.964705882353,0.479532163743,0.640625,0.619864865513,0.473471557682,0.471264367816,14,186,0,0,0,0
419,WLNM_dir_neg,0.598970979304,0.459783635191,00:00:13,10,10,47,1233943482,threshold_sweep,0.5,0.571428571429,0.0430107526882,0.08,8,6,178,366,0.0430107526882,0.983870967742,0.0161290322581,0.956989247312,0.571428571429,0.0430107526882,0.08,0.670250896057,0.658303464755,0.034965034965,0.081025465444,0.0268817204301,342,156,186,0,342,0,156,0,186,37,342,0.256756756757,1.72528881811,18.4864864865,15.5454545455,9.77142857143,5.36771015539,0.290358590277,0.142642642643,9.50849154237,1.02869645341,0.544491860281,8.05331334643,0.871264894205,0.461830251304,0.640599570326,0.371299902718,2,1.72528881811,0.640599570326,2,0.344071394247,0.376569037657,810,0.104247104247,0.56957682835,37,37,37,1,0,0.405405405405,0.540540540541,0.0540540540541,37,0.117117117117,2.22747747748,8.43243243243,7.09090909091,4.45714285714,5.03620525429,0.597242289772,0.326923076923,6.00525295579,1.42432281644,0.680873180873,3.83793300225,0.910278981302,0.463617463617,1.42084529335,0.637871901162,5.2,2.22747747748,1.42084529335,5.2,0,0,0,0,0.160752482811,37,37,37,1,0,0.405405405405,0.540540540541,0.0540540540541,37,170,0.127627627628,2.92997479013,9.18918918919,7.39130434783,4.72222222222,4.65377885784,0.506440640412,0.27186009539,5.96964292371,1.29927522457,0.649920508744,3.67770655783,0.800442015528,0.413354531002,2.12751603403,0.726120934965,6.07992424242,2.92997479013,2.12751603403,6.07992424242,0.164462992404,0.0204197390811,12,0.0015444015444,0.16567321856,37,37,37,1,0,0.378378378378,0.594594594595,0.027027027027,-172,-0.129129129129,1.20468597202,-9.2972972973,-8.15415019763,-5.04920634921,-0.713931297556,0.216082050135,0.129217452747,-3.53884861866,0.270578771158,0.105428648463,-4.3756067886,-0.0708228786766,-0.0484757203023,1.48691646371,0.354821032247,4.07992424242,1.20468597202,1.48691646371,4.07992424242,-0.179608401843,-0.356149298576,-798,-0.102702702703,-0.40390360979,-0.027027027027,0.0540540540541,-0.027027027027,164,6,178,984,0.479532163743,0.993939393939,0.00606060606061,0.520467836257,0.964705882353,0.479532163743,0.640625,0.619864865513,0.473471557682,0.471264367816,14,186,0,0,0,0
420,WLNM_dir_neg,0.598970979304,0.459783635191,00:00:13,10,10,47,1233943482,threshold_sweep,0.6,0.583333333333,0.0376344086022,0.0707070707071,7,5,179,367,0.0376344086022,0.986559139785,0.0134408602151,0.962365591398,0.583333333333,0.0376344086022,0.0707070707071,0.670250896057,0.659498207885,0.0315789473684,0.0786213627541,0.0241935483871,342,156,186,0,342,0,156,0,186,37,342,0.256756756757,1.72528881811,18.4864864865,15.5454545455,9.77142857143,5.36771015539,0.290358590277,0.142642642643,9.50849154237,1.02869645341,0.544491860281,8.05331334643,0.871264894205,0.461830251304,0.640599570326,0.371299902718,2,1.72528881811,0.640599570326,2,0.344071394247,0.376569037657,810,0.104247104247,0.56957682835,37,37,37,1,0,0.405405405405,0.540540540541,0.0540540540541,37,0.117117117117,2.22747747748,8.43243243243,7.09090909091,4.45714285714,5.03620525429,0.597242289772,0.326923076923,6.00525295579,1.42432281644,0.680873180873,3.83793300225,0.910278981302,0.463617463617,1.42084529335,0.637871901162,5.2,2.22747747748,1.42084529335,5.2,0,0,0,0,0.160752482811,37,37,37,1,0,0.405405405405,0.540540540541,0.0540540540541,37,168,0.126126126126,2.94922724449,9.08108108108,7.30434782609,4.66666666667,4.75148151386,0.523228619086,0.281853281853,5.97492256851,1.31590556568,0.654118404118,3.71628992556,0.818468614558,0.420527670528,2.17055306336,0.735973488451,6.50747126437,2.94922724449,2.17055306336,6.50747126437,0.1532181341,0.0154550658271,9,0.0011583011583,0.165362967246,37,37,37,1,0,0.378378378378,0.594594594595,0.027027027027,-174,-0.130630630631,1.22393842637,-9.40540540541,-8.24110671937,-5.10476190476,-0.616228641531,0.232870028809,0.139210639211,-3.53356897386,0.287209112269,0.109626543837,-4.33702342088,-0.0527962796473,-0.0413025807763,1.52995349303,0.364673585733,4.50747126437,1.22393842637,1.52995349303,4.50747126437,-0.190853260147,-0.36111397183,-801,-0.103088803089,-0.404213861104,-0.027027027027,0.0540540540541,-0.027027027027,163,5,179,985,0.476608187135,0.994949494949,0.00505050505051,0.523391812865,0.970238095238,0.476608187135,0.639215686275,0.620489366951,0.471557682084,0.469740634006,12,186,0,0,0,0
421,WLNM_dir_neg,0.598970979304,0.459783635191,00:00:13,10,10,47,1233943482,threshold_sweep,0.7,0.6,0.0322580645161,0.0612244897959,6,4,180,368,0.0322580645161,0.989247311828,0.010752688172,0.967741935484,0.6,0.0322580645161,0.0612244897959,0.670250896057,0.660692951016,0.0281690140845,0.0764160719901,0.0215053763441,342,156,186,0,342,0,156,0,186,37,342,0.256756756757,1.72528881811,18.4864864865,15.5454545455,9.77142857143,5.36771015539,0.290358590277,0.142642642643,9.50849154237,1.02869645341,0.544491860281,8.05331334643,0.871264894205,0.461830251304,0.640599570326,0.371299902718,2,1.72528881811,0.640599570326,2,0.344071394247,0.376569037657,810,0.104247104247,0.56957682835,37,37,37,1,0,0.405405405405,0.540540540541,0.0540540540541,37,0.117117117117,2.22747747748,8.43243243243,7.09090909091,4.45714285714,5.03620525429,0.597242289772,0.326923076923,6.00525295579,1.42432281644,0.680873180873,3.83793300225,0.910278981302,0.463617463617,1.42084529335,0.637871901162,5.2,2.22747747748,1.42084529335,5.2,0,0,0,0,0.160752482811,37,37,37,1,0,0.405405405405,0.540540540541,0.0540540540541,37,166,0.124624624625,2.91823936005,8.97297297297,7.21739130435,4.74285714286,4.87332014639,0.54311098017,0.293715402149,6.00287718803,1.33799069854,0.660371214588,3.72395862865,0.830038971445,0.429827417779,2.13954106235,0.733161608206,6.49885057471,2.91823936005,2.13954106235,6.49885057471,0.110312273057,0.0121037463977,7,0.000900900900901,0.160477152577,37,37,37,1,0,0.378378378378,0.567567567568,0.0540540540541,-176,-0.132132132132,1.19295054193,-9.51351351351,-8.32806324111,-5.02857142857,-0.494390008999,0.252752389893,0.151072759506,-3.50561435435,0.309294245121,0.115879354307,-4.32935471779,-0.0412259227597,-0.0320028335247,1.49894149202,0.361861705489,4.49885057471,1.19295054193,1.49894149202,4.49885057471,-0.23375912119,-0.364465291259,-803,-0.103346203346,-0.409099675773,-0.027027027027,0.027027027027,0,162,4,180,986,0.473684210526,0.99595959596,0.0040404040404,0.526315789474,0.975903614458,0.473684210526,0.637795275591,0.621149200361,0.469643806486,0.468208092486,10,186,0,0,0,0
422,WLNM_dir_neg,0.598970979304,0.459783635191,00:00:13,10,10,47,1233943482,threshold_sweep,0.8,0.666666666667,0.0322580645161,0.0615384615385,6,3,180,369,0.0322580645161,0.991935483871,0.00806451612903,0.967741935484,0.666666666667,0.0322580645161,0.0615384615385,0.672043010753,0.661290322581,0.031746031746,0.0905357460425,0.0241935483871,342,156,186,0,342,0,156,0,186,37,342,0.256756756757,1.72528881811,18.4864864865,15.5454545455,9.77142857143,5.36771015539,0.290358590277,0.142642642643,9.50849154237,1.02869645341,0.544491860281,8.05331334643,0.871264894205,0.461830251304,0.640599570326,0.371299902718,2,1.72528881811,0.640599570326,2,0.344071394247,0.376569037657,810,0.104247104247,0.56957682835,37,37,37,1,0,0.405405405405,0.540540540541,0.0540540540541,37,0.117117117117,2.22747747748,8.43243243243,7.09090909091,4.45714285714,5.03620525429,0.597242289772,0.326923076923,6.00525295579,1.42432281644,0.680873180873,3.83793300225,0.910278981302,0.463617463617,1.42084529335,0.637871901162,5.2,2.22747747748,1.42084529335,5.2,0,0,0,0,0.160752482811,37,37,37,1,0,0.405405405405,0.540540540541,0.0540540540541,37,165,0.123873873874,2.94325303564,8.91891891892,7.17391304348,4.71428571429,4.84411658256,0.543128222893,0.294348894349,6.00275212157,1.34607168787,0.66208026208,3.74606901071,0.840027596342,0.435053235053,2.1753268104,0.739089294757,6.68550724638,2.94325303564,2.1753268104,6.68550724638,0.110868606702,0.0122591943958,7,0.000900900900901,0.160253437823,37,37,37,1,0,0.378378378378,0.567567567568,0.0540540540541,-177,-0.132882882883,1.21796421753,-9.56756756757,-8.37154150198,-5.05714285714,-0.52359357283,0.252769632616,0.151706251706,-3.5057394208,0.317375234453,0.117588401799,-4.30724433572,-0.0312372978629,-0.0267770162507,1.53472724008,0.367789392039,4.68550724638,1.21796421753,1.53472724008,4.68550724638,-0.233202787545,-0.364309843261,-803,-0.103346203346,-0.409323390527,-0.027027027027,0.027027027027,0,162,3,180,987,0.473684210526,0.99696969697,0.0030303030303,0.526315789474,0.981818181818,0.473684210526,0.639053254438,0.624101058075,0.470653907496,0.469565217391,9,186,0,0,0,0
423,WLNM_dir_neg,0.598970979304,0.459783635191,00:00:13,10,10,47,1233943482,threshold_sweep,0.9,0.75,0.0322580645161,0.0618556701031,6,2,180,370,0.0322580645161,0.994623655914,0.00537634408602,0.967741935484,0.75,0.0322580645161,0.0618556701031,0.673835125448,0.661887694146,0.0353356890459,0.106600358178,0.0268817204301,342,156,186,0,342,0,156,0,186,37,342,0.256756756757,1.72528881811,18.4864864865,15.5454545455,9.77142857143,5.36771015539,0.290358590277,0.142642642643,9.50849154237,1.02869645341,0.544491860281,8.05331334643,0.871264894205,0.461830251304,0.640599570326,0.371299902718,2,1.72528881811,0.640599570326,2,0.344071394247,0.376569037657,810,0.104247104247,0.56957682835,37,37,37,1,0,0.405405405405,0.540540540541,0.0540540540541,37,0.117117117117,2.22747747748,8.43243243243,7.09090909091,4.45714285714,5.03620525429,0.597242289772,0.326923076923,6.00525295579,1.42432281644,0.680873180873,3.83793300225,0.910278981302,0.463617463617,1.42084529335,0.637871901162,5.2,2.22747747748,1.42084529335,5.2,0,0,0,0,0.160752482811,37,37,37,1,0,0.405405405405,0.540540540541,0.0540540540541,37,164,0.123123123123,1,8.86486486486,7.13043478261,4.68571428571,4.83713736604,0.545652690681,0.295649307844,6.01636906254,1.35735155679,0.664798945287,3.76785040795,0.85006381155,0.440013183916,0,0,0,NaN,NaN,NaN,0.110868606702,0.0123820754717,7,0.000900900900901,0.163700956488,37,37,0,1,2,0.378378378378,0.567567567568,0.0540540540541,-178,-0.133633633634,-0.725288818115,-9.62162162162,-8.41501976285,-5.08571428571,-0.530572789358,0.255294100404,0.153006665202,-3.49212247983,0.328655103378,0.120307085005,-4.28546293848,-0.0212010826549,-0.0218170673883,-0.640599570326,-0.371299902718,-2,NaN,NaN,NaN,-0.233202787545,-0.364186962185,-803,-0.103346203346,-0.405875871862,-0.027027027027,0.027027027027,0,162,2,180,988,0.473684210526,0.99797979798,0.0020202020202,0.526315789474,0.987804878049,0.473684210526,0.640316205534,0.627075802345,0.471664008506,0.470930232558,8,186,0,0,0,0
424,WLNM_dir_neg,0.483675858481,0.348679033104,00:00:14,10,10,48,1233943483,threshold_sweep,0.1,0.410256410256,0.0860215053763,0.142222222222,16,23,170,349,0.0860215053763,0.938172043011,0.0618279569892,0.913978494624,0.410256410256,0.0860215053763,0.142222222222,0.654121863799,0.643369175627,0.0301507537688,0.0447313009438,0.0241935483871,342,156,186,0,342,0,156,0,186,37,342,0.256756756757,1.72528881811,18.4864864865,15.5454545455,9.77142857143,5.36771015539,0.290358590277,0.142642642643,9.50849154237,1.02869645341,0.544491860281,8.05331334643,0.871264894205,0.461830251304,0.640599570326,0.371299902718,2,1.72528881811,0.640599570326,2,0.344071394247,0.376569037657,810,0.104247104247,0.56957682835,37,37,37,1,0,0.405405405405,0.540540540541,0.0540540540541,37,0.117117117117,2.18481481481,8.43243243243,7.09090909091,4.45714285714,5.03620525429,0.597242289772,0.326923076923,6.00062559301,1.42322530091,0.680526680527,3.83793300225,0.910278981302,0.463617463617,1.318977792,0.603702328937,4.32037037037,2.18481481481,1.318977792,4.32037037037,0,0,0,0,0.160896782956,37,37,37,1,0,0.405405405405,0.540540540541,0.0540540540541,37,195,0.146396396396,6.99844904481,10.5405405405,6.72413793103,5.41666666667,4.77606645796,0.453113997293,0.246015246015,5.6649440943,1.07488682815,0.563825363825,3.84887175856,0.730298743931,0.391406791407,3.57791601679,0.511244133362,10.2907153465,6.99844904481,3.57791601679,10.2907153465,0.14372925859,0.0737134909597,53,0.00682110682111,0.193402812096,37,37,37,1,0,0.216216216216,0.756756756757,0.027027027027,-147,-0.11036036036,5.2731602267,-7.94594594595,-8.82131661442,-4.35476190476,-0.591643697437,0.162755407016,0.103372603373,-3.84354744807,0.0461903747352,0.019333503544,-4.20444158788,-0.140966150274,-0.0704234598971,2.93731644647,0.139944230644,8.29071534653,5.2731602267,2.93731644647,8.29071534653,-0.200342135657,-0.302855546697,-757,-0.097425997426,-0.376174016254,-0.189189189189,0.216216216216,-0.027027027027,172,23,170,967,0.502923976608,0.976767676768,0.0232323232323,0.497076023392,0.882051282051,0.502923976608,0.640595903166,0.592782363655,0.479691653376,0.471232876712,39,186,0,0,0,0
425,WLNM_dir_neg,0.483675858481,0.348679033104,00:00:14,10,10,48,1233943483,threshold_sweep,0.2,0.432432432432,0.0860215053763,0.143497757848,16,21,170,351,0.0860215053763,0.943548387097,0.0564516129032,0.913978494624,0.432432432432,0.0860215053763,0.143497757848,0.65770609319,0.644563918757,0.036974789916,0.0560219167274,0.0295698924731,342,156,186,0,342,0,156,0,186,37,342,0.256756756757,1.72528881811,18.4864864865,15.5454545455,9.77142857143,5.36771015539,0.290358590277,0.142642642643,9.50849154237,1.02869645341,0.544491860281,8.05331334643,0.871264894205,0.461830251304,0.640599570326,0.371299902718,2,1.72528881811,0.640599570326,2,0.344071394247,0.376569037657,810,0.104247104247,0.56957682835,37,37,37,1,0,0.405405405405,0.540540540541,0.0540540540541,37,0.117117117117,2.18481481481,8.43243243243,7.09090909091,4.45714285714,5.03620525429,0.597242289772,0.326923076923,6.00062559301,1.42322530091,0.680526680527,3.83793300225,0.910278981302,0.463617463617,1.318977792,0.603702328937,4.32037037037,2.18481481481,1.318977792,4.32037037037,0,0,0,0,0.160896782956,37,37,37,1,0,0.405405405405,0.540540540541,0.0540540540541,37,193,0.144894894895,7.58395407622,10.4324324324,6.65517241379,5.36111111111,4.75827081419,0.45610367908,0.246324044252,5.69178323519,1.09117087929,0.570508332166,3.87395244002,0.742674820107,0.397423330066,4.00031298302,0.527470623215,11.9248721228,7.58395407622,4.00031298302,11.9248721228,0.143185002783,0.0694050991501,49,0.00630630630631,0.198903431884,37,37,37,1,0,0.216216216216,0.756756756757,0.027027027027,-149,-0.111861861862,5.85866525811,-8.05405405405,-8.89028213166,-4.41031746032,-0.609439341207,0.165745088803,0.103681401609,-3.81670830718,0.0624744258704,0.026016471885,-4.17936090642,-0.128590074098,-0.0644069212381,3.35971341269,0.156170720497,9.92487212276,5.85866525811,3.35971341269,9.92487212276,-0.200886391465,-0.307163938507,-761,-0.0979407979408,-0.370673396466,-0.189189189189,0.216216216216,-0.027027027027,172,21,170,969,0.502923976608,0.978787878788,0.0212121212121,0.497076023392,0.891191709845,0.502923976608,0.642990654206,0.597829674918,0.481711855396,0.473829201102,37,186,0,0,0,0
426,WLNM_dir_neg,0.483675858481,0.348679033104,00:00:14,10,10,48,1233943483,threshold_sweep,0.3,0.428571428571,0.0806451612903,0.135746606335,15,20,171,352,0.0806451612903,0.94623655914,0.0537634408602,0.91935483871,0.428571428571,0.0806451612903,0.135746606335,0.65770609319,0.645758661888,0.0337268128162,0.0522636979871,0.0268817204301,342,156,186,0,342,0,156,0,186,37,342,0.256756756757,1.72528881811,18.4864864865,15.5454545455,9.77142857143,5.36771015539,0.290358590277,0.142642642643,9.50849154237,1.02869645341,0.544491860281,8.05331334643,0.871264894205,0.461830251304,0.640599570326,0.371299902718,2,1.72528881811,0.640599570326,2,0.344071394247,0.376569037657,810,0.104247104247,0.56957682835,37,37,37,1,0,0.405405405405,0.540540540541,0.0540540540541,37,0.117117117117,2.18481481481,8.43243243243,7.09090909091,4.45714285714,5.03620525429,0.597242289772,0.326923076923,6.00062559301,1.42322530091,0.680526680527,3.83793300225,0.910278981302,0.463617463617,1.318977792,0.603702328937,4.32037037037,2.18481481481,1.318977792,4.32037037037,0,0,0,0,0.160896782956,37,37,37,1,0,0.405405405405,0.540540540541,0.0540540540541,37,191,0.143393393393,7.46420257894,10.3243243243,6.58620689655,5.30555555556,4.81348830576,0.466227924903,0.251025895005,5.6985062054,1.10389910785,0.573935191736,3.89096898467,0.753747918496,0.401867836423,3.92828323672,0.526283041648,11.7444815195,7.46420257894,3.92828323672,11.7444815195,0.128116927188,0.0616340181558,43,0.00553410553411,0.199786026301,37,37,37,1,0,0.216216216216,0.756756756757,0.027027027027,-151,-0.113363363363,5.73891376082,-8.16216216216,-8.9592476489,-4.46587301587,-0.554221849635,0.175869334626,0.108383252362,-3.80998533698,0.0752026544374,0.0294433314549,-4.16234436177,-0.117516975709,-0.0599624148811,3.28768366639,0.15498313893,9.74448151951,5.73891376082,3.28768366639,9.74448151951,-0.215954467059,-0.314935019501,-767,-0.098712998713,-0.369790802049,-0.189189189189,0.216216216216,-0.027027027027,171,20,171,970,0.5,0.979797979798,0.020202020202,0.5,0.895287958115,0.5,0.641651031895,0.59803907285,0.479797979798,0.472375690608,35,186,0,0,0,0
427,WLNM_dir_neg,0.483675858481,0.348679033104,00:00:14,10,10,48,1233943483,threshold_sweep,0.4,0.555555555556,0.0806451612903,0.140845070423,15,12,171,360,0.0806451612903,0.967741935484,0.0322580645161,0.91935483871,0.555555555556,0.0806451612903,0.140845070423,0.672043010753,0.650537634409,0.0615384615385,0.106298800691,0.0483870967742,342,156,186,0,342,0,156,0,186,37,342,0.256756756757,1.72528881811,18.4864864865,15.5454545455,9.77142857143,5.36771015539,0.290358590277,0.142642642643,9.50849154237,1.02869645341,0.544491860281,8.05331334643,0.871264894205,0.461830251304,0.640599570326,0.371299902718,2,1.72528881811,0.640599570326,2,0.344071394247,0.376569037657,810,0.104247104247,0.56957682835,37,37,37,1,0,0.405405405405,0.540540540541,0.0540540540541,37,0.117117117117,2.18481481481,8.43243243243,7.09090909091,4.45714285714,5.03620525429,0.597242289772,0.326923076923,6.00062559301,1.42322530091,0.680526680527,3.83793300225,0.910278981302,0.463617463617,1.318977792,0.603702328937,4.32037037037,2.18481481481,1.318977792,4.32037037037,0,0,0,0,0.160896782956,37,37,37,1,0,0.405405405405,0.540540540541,0.0540540540541,37,183,0.137387387387,3.69845211154,9.89189189189,7.95652173913,5.08333333333,4.52636586988,0.457583434933,0.244572441294,5.86394797776,1.18560696818,0.613794121991,3.597421499,0.727347516191,0.390193472161,3.13434730771,0.847475433825,9.04825462012,3.69845211154,3.13434730771,9.04825462012,0.0993285352418,0.0407098121086,26,0.0033462033462,0.196136958449,37,37,37,1,0,0.378378378378,0.594594594595,0.027027027027,-159,-0.119369369369,1.97316329343,-8.59459459459,-7.58893280632,-4.6880952381,-0.841344285516,0.167224844656,0.101929798651,-3.64454356461,0.156910514766,0.0693022617095,-4.45589184744,-0.143917378014,-0.0716367791433,2.49374773738,0.476175531107,7.04825462012,1.97316329343,2.49374773738,7.04825462012,-0.244742859006,-0.335859225548,-784,-0.100900900901,-0.373439869901,-0.027027027027,0.0540540540541,-0.027027027027,171,12,171,978,0.5,0.987878787879,0.0121212121212,0.5,0.934426229508,0.5,0.651428571429,0.619094616164,0.487878787879,0.483050847458,27,186,0,0,0,0
428,WLNM_dir_neg,0.483675858481,0.348679033104,00:00:14,10,10,48,1233943483,threshold_sweep,0.5,0.555555555556,0.0806451612903,0.140845070423,15,12,171,360,0.0806451612903,0.967741935484,0.0322580645161,0.91935483871,0.555555555556,0.0806451612903,0.140845070423,0.672043010753,0.650537634409,0.0615384615385,0.106298800691,0.0483870967742,342,156,186,0,342,0,156,0,186,37,342,0.256756756757,1.72528881811,18.4864864865,15.5454545455,9.77142857143,5.36771015539,0.290358590277,0.142642642643,9.50849154237,1.02869645341,0.544491860281,8.05331334643,0.871264894205,0.461830251304,0.640599570326,0.371299902718,2,1.72528881811,0.640599570326,2,0.344071394247,0.376569037657,810,0.104247104247,0.56957682835,37,37,37,1,0,0.405405405405,0.540540540541,0.0540540540541,37,0.117117117117,2.18481481481,8.43243243243,7.09090909091,4.45714285714,5.03620525429,0.597242289772,0.326923076923,6.00062559301,1.42322530091,0.680526680527,3.83793300225,0.910278981302,0.463617463617,1.318977792,0.603702328937,4.32037037037,2.18481481481,1.318977792,4.32037037037,0,0,0,0,0.160896782956,37,37,37,1,0,0.405405405405,0.540540540541,0.0540540540541,37,183,0.137387387387,3.69845211154,9.89189189189,7.95652173913,5.08333333333,4.52636586988,0.457583434933,0.244572441294,5.86394797776,1.18560696818,0.613794121991,3.597421499,0.727347516191,0.390193472161,3.13434730771,0.847475433825,9.04825462012,3.69845211154,3.13434730771,9.04825462012,0.0993285352418,0.0407098121086,26,0.0033462033462,0.196136958449,37,37,37,1,0,0.378378378378,0.594594594595,0.027027027027,-159,-0.119369369369,1.97316329343,-8.59459459459,-7.58893280632,-4.6880952381,-0.841344285516,0.167224844656,0.101929798651,-3.64454356461,0.156910514766,0.0693022617095,-4.45589184744,-0.143917378014,-0.0716367791433,2.49374773738,0.476175531107,7.04825462012,1.97316329343,2.49374773738,7.04825462012,-0.244742859006,-0.335859225548,-784,-0.100900900901,-0.373439869901,-0.027027027027,0.0540540540541,-0.027027027027,171,12,171,978,0.5,0.987878787879,0.0121212121212,0.5,0.934426229508,0.5,0.651428571429,0.619094616164,0.487878787879,0.483050847458,27,186,0,0,0,0
429,WLNM_dir_neg,0.483675858481,0.348679033104,00:00:14,10,10,48,1233943483,threshold_sweep,0.6,0.555555555556,0.0806451612903,0.140845070423,15,12,171,360,0.0806451612903,0.967741935484,0.0322580645161,0.91935483871,0.555555555556,0.0806451612903,0.140845070423,0.672043010753,0.650537634409,0.0615384615385,0.106298800691,0.0483870967742,342,156,186,0,342,0,156,0,186,37,342,0.256756756757,1.72528881811,18.4864864865,15.5454545455,9.77142857143,5.36771015539,0.290358590277,0.142642642643,9.50849154237,1.02869645341,0.544491860281,8.05331334643,0.871264894205,0.461830251304,0.640599570326,0.371299902718,2,1.72528881811,0.640599570326,2,0.344071394247,0.376569037657,810,0.104247104247,0.56957682835,37,37,37,1,0,0.405405405405,0.540540540541,0.0540540540541,37,0.117117117117,2.18481481481,8.43243243243,7.09090909091,4.45714285714,5.03620525429,0.597242289772,0.326923076923,6.00062559301,1.42322530091,0.680526680527,3.83793300225,0.910278981302,0.463617463617,1.318977792,0.603702328937,4.32037037037,2.18481481481,1.318977792,4.32037037037,0,0,0,0,0.160896782956,37,37,37,1,0,0.405405405405,0.540540540541,0.0540540540541,37,183,0.137387387387,3.69845211154,9.89189189189,7.95652173913,5.08333333333,4.52636586988,0.457583434933,0.244572441294,5.86394797776,1.18560696818,0.613794121991,3.597421499,0.727347516191,0.390193472161,3.13434730771,0.847475433825,9.04825462012,3.69845211154,3.13434730771,9.04825462012,0.0993285352418,0.0407098121086,26,0.0033462033462,0.196136958449,37,37,37,1,0,0.378378378378,0.594594594595,0.027027027027,-159,-0.119369369369,1.97316329343,-8.59459459459,-7.58893280632,-4.6880952381,-0.841344285516,0.167224844656,0.101929798651,-3.64454356461,0.156910514766,0.0693022617095,-4.45589184744,-0.143917378014,-0.0716367791433,2.49374773738,0.476175531107,7.04825462012,1.97316329343,2.49374773738,7.04825462012,-0.244742859006,-0.335859225548,-784,-0.100900900901,-0.373439869901,-0.027027027027,0.0540540540541,-0.027027027027,171,12,171,978,0.5,0.987878787879,0.0121212121212,0.5,0.934426229508,0.5,0.651428571429,0.619094616164,0.487878787879,0.483050847458,27,186,0,0,0,0
430,WLNM_dir_neg,0.483675858481,0.348679033104,00:00:14,10,10,48,1233943483,threshold_sweep,0.7,0.576923076923,0.0806451612903,0.141509433962,15,11,171,361,0.0806451612903,0.970430107527,0.0295698924731,0.91935483871,0.576923076923,0.0806451612903,0.141509433962,0.673835125448,0.651135005974,0.0650684931507,0.114234191683,0.0510752688172,342,156,186,0,342,0,156,0,186,37,342,0.256756756757,1.72528881811,18.4864864865,15.5454545455,9.77142857143,5.36771015539,0.290358590277,0.142642642643,9.50849154237,1.02869645341,0.544491860281,8.05331334643,0.871264894205,0.461830251304,0.640599570326,0.371299902718,2,1.72528881811,0.640599570326,2,0.344071394247,0.376569037657,810,0.104247104247,0.56957682835,37,37,37,1,0,0.405405405405,0.540540540541,0.0540540540541,37,0.117117117117,2.18481481481,8.43243243243,7.09090909091,4.45714285714,5.03620525429,0.597242289772,0.326923076923,6.00062559301,1.42322530091,0.680526680527,3.83793300225,0.910278981302,0.463617463617,1.318977792,0.603702328937,4.32037037037,2.18481481481,1.318977792,4.32037037037,0,0,0,0,0.160896782956,37,37,37,1,0,0.405405405405,0.540540540541,0.0540540540541,37,182,0.136636636637,3.66276515679,9.83783783784,7.91304347826,5.05555555556,4.5124119783,0.458679239552,0.245619245619,5.86599607142,1.19253766287,0.615978615979,3.5930363079,0.730452436222,0.391446391446,3.09615052108,0.845304131863,8.96881193283,3.66276515679,3.09615052108,8.96881193283,0.0993285352418,0.0407098121086,26,0.0033462033462,0.193972313696,37,37,37,1,0,0.378378378378,0.594594594595,0.027027027027,-160,-0.12012012012,1.93747633867,-8.64864864865,-7.63241106719,-4.71587301587,-0.855298177098,0.168320649275,0.102976602977,-3.64249547096,0.163841209456,0.0714867556973,-4.46027703853,-0.140812457983,-0.0703838598575,2.45555095075,0.474004229146,6.96881193283,1.93747633867,2.45555095075,6.96881193283,-0.244742859006,-0.335859225548,-784,-0.100900900901,-0.375604514654,-0.027027027027,0.0540540540541,-0.027027027027,171,11,171,979,0.5,0.988888888889,0.0111111111111,0.5,0.93956043956,0.5,0.652671755725,0.621807853896,0.488888888889,0.484419263456,26,186,0,0,0,0
431,WLNM_dir_neg,0.483675858481,0.348679033104,00:00:14,10,10,48,1233943483,threshold_sweep,0.8,0.590909090909,0.0698924731183,0.125,13,9,173,363,0.0698924731183,0.975806451613,0.0241935483871,0.930107526882,0.590909090909,0.0698924731183,0.125,0.673835125448,0.653524492234,0.0586206896552,0.110698105478,0.0456989247312,342,156,186,0,342,0,156,0,186,37,342,0.256756756757,1.72528881811,18.4864864865,15.5454545455,9.77142857143,5.36771015539,0.290358590277,0.142642642643,9.50849154237,1.02869645341,0.544491860281,8.05331334643,0.871264894205,0.461830251304,0.640599570326,0.371299902718,2,1.72528881811,0.640599570326,2,0.344071394247,0.376569037657,810,0.104247104247,0.56957682835,37,37,37,1,0,0.405405405405,0.540540540541,0.0540540540541,37,0.117117117117,2.18481481481,8.43243243243,7.09090909091,4.45714285714,5.03620525429,0.597242289772,0.326923076923,6.00062559301,1.42322530091,0.680526680527,3.83793300225,0.910278981302,0.463617463617,1.318977792,0.603702328937,4.32037037037,2.18481481481,1.318977792,4.32037037037,0,0,0,0,0.160896782956,37,37,37,1,0,0.405405405405,0.540540540541,0.0540540540541,37,178,0.133633633634,3.54362725441,9.62162162162,7.73913043478,5.08571428571,4.68657273111,0.487087615312,0.26085636198,5.89179202053,1.22469834135,0.626176738536,3.59658663672,0.747605087408,0.403887033101,2.94156904312,0.830101145503,8.77018981222,3.54362725441,2.94156904312,8.77018981222,0.0804728193273,0.0320170757737,20,0.002574002574,0.185006402249,37,37,37,1,0,0.378378378378,0.567567567568,0.0540540540541,-164,-0.123123123123,1.81833843629,-8.86486486486,-7.80632411067,-4.68571428571,-0.681137424285,0.196729025035,0.118213719337,-3.61669952184,0.196001887932,0.081684878255,-4.45672670971,-0.123659806797,-0.0579432182034,2.30096947279,0.458801242785,6.77018981222,1.81833843629,2.30096947279,6.77018981222,-0.26359857492,-0.344551961883,-790,-0.101673101673,-0.3845704261,-0.027027027027,0.027027027027,0,169,9,173,981,0.494152046784,0.990909090909,0.00909090909091,0.505847953216,0.949438202247,0.494152046784,0.65,0.622750702067,0.485061137693,0.481481481481,22,186,0,0,0,0
432,WLNM_dir_neg,0.483675858481,0.348679033104,00:00:14,10,10,48,1233943483,threshold_sweep,0.9,0.6,0.0645161290323,0.116504854369,12,8,174,364,0.0645161290323,0.978494623656,0.0215053763441,0.935483870968,0.6,0.0645161290323,0.116504854369,0.673835125448,0.654719235364,0.0553633217993,0.10906837663,0.0430107526882,342,156,186,0,342,0,156,0,186,37,342,0.256756756757,1.72528881811,18.4864864865,15.5454545455,9.77142857143,5.36771015539,0.290358590277,0.142642642643,9.50849154237,1.02869645341,0.544491860281,8.05331334643,0.871264894205,0.461830251304,0.640599570326,0.371299902718,2,1.72528881811,0.640599570326,2,0.344071394247,0.376569037657,810,0.104247104247,0.56957682835,37,37,37,1,0,0.405405405405,0.540540540541,0.0540540540541,37,0.117117117117,2.18481481481,8.43243243243,7.09090909091,4.45714285714,5.03620525429,0.597242289772,0.326923076923,6.00062559301,1.42322530091,0.680526680527,3.83793300225,0.910278981302,0.463617463617,1.318977792,0.603702328937,4.32037037037,2.18481481481,1.318977792,4.32037037037,0,0,0,0,0.160896782956,37,37,37,1,0,0.405405405405,0.540540540541,0.0540540540541,37,176,0.132132132132,2.31664774556,9.51351351351,8,5.02857142857,4.68224555352,0.492167856478,0.265202702703,5.91798297755,1.24412142142,0.6335995086,3.59324524788,0.755398148702,0.407555282555,1.39640064162,0.602767789924,3.69665803397,2.31664774556,1.39640064162,3.69665803397,0.0799658550433,0.0308108108108,19,0.0024453024453,0.189958568368,37,37,37,1,0,0.405405405405,0.540540540541,0.0540540540541,-166,-0.124624624625,0.591358927444,-8.97297297297,-7.54545454545,-4.74285714286,-0.685464601877,0.2018092662,0.12256006006,-3.59050856483,0.215424968001,0.0891076483182,-4.46006809855,-0.115866745503,-0.0542749687487,0.755801071298,0.231467887206,1.69665803397,0.591358927444,0.755801071298,1.69665803397,-0.264105539204,-0.345758226846,-791,-0.101801801802,-0.379618259982,0,0,0,168,8,174,982,0.491228070175,0.991919191919,0.00808080808081,0.508771929825,0.954545454545,0.491228070175,0.648648648649,0.623268132604,0.483147262095,0.48,20,186,0,0,0,0
433,WLNM_dir_neg,0.516598739739,0.350070066971,00:00:14,10,10,49,1233943484,threshold_sweep,0.1,0.481481481481,0.0698924731183,0.1220657277,13,14,173,358,0.0698924731183,0.962365591398,0.0376344086022,0.930107526882,0.481481481481,0.0698924731183,0.1220657277,0.664874551971,0.650537634409,0.0410256410256,0.070865867127,0.0322580645161,342,156,186,0,342,0,156,0,186,37,342,0.256756756757,1.72528881811,18.4864864865,15.5454545455,9.77142857143,5.36771015539,0.290358590277,0.142642642643,9.50849154237,1.02869645341,0.544491860281,8.05331334643,0.871264894205,0.461830251304,0.640599570326,0.371299902718,2,1.72528881811,0.640599570326,2,0.344071394247,0.376569037657,810,0.104247104247,0.56957682835,37,37,37,1,0,0.405405405405,0.540540540541,0.0540540540541,37,0.117117117117,2.22747747748,8.43243243243,7.09090909091,4.45714285714,5.03620525429,0.597242289772,0.326923076923,6.00525295579,1.42432281644,0.680873180873,3.83793300225,0.910278981302,0.463617463617,1.42084529335,0.637871901162,5.2,2.22747747748,1.42084529335,5.2,0,0,0,0,0.160752482811,37,37,37,1,0,0.405405405405,0.540540540541,0.0540540540541,37,183,0.137387387387,8.69731479021,9.89189189189,5.90322580645,5.22857142857,5.14124813955,0.519743664381,0.288288288288,5.86868310965,1.18656434457,0.591936198494,3.68137916446,0.744322563307,0.40053167922,3.70312936332,0.425778467567,11.5832755372,8.69731479021,3.70312936332,11.5832755372,0.1029002053,0.0422535211268,29,0.0037323037323,0.175155907414,37,37,37,1,0,0.162162162162,0.783783783784,0.0540540540541,-159,-0.119369369369,6.97202597209,-8.59459459459,-9.642228739,-4.54285714286,-0.226462015843,0.229385074104,0.145645645646,-3.63980843273,0.157867891158,0.0474443382122,-4.37193418197,-0.126942330898,-0.0612985720837,3.062529793,0.0544785648492,9.58327553719,6.97202597209,3.062529793,9.58327553719,-0.241171188948,-0.33431551653,-781,-0.100514800515,-0.394420920936,-0.243243243243,0.243243243243,0,169,14,173,976,0.494152046784,0.985858585859,0.0141414141414,0.505847953216,0.92349726776,0.494152046784,0.64380952381,0.609110307218,0.480010632642,0.474719101124,27,186,0,0,0,0
434,WLNM_dir_neg,0.516598739739,0.350070066971,00:00:14,10,10,49,1233943484,threshold_sweep,0.2,0.458333333333,0.0591397849462,0.104761904762,11,13,175,359,0.0591397849462,0.965053763441,0.0349462365591,0.940860215054,0.458333333333,0.0591397849462,0.104761904762,0.663082437276,0.652329749104,0.0309278350515,0.0562148766747,0.0241935483871,342,156,186,0,342,0,156,0,186,37,342,0.256756756757,1.72528881811,18.4864864865,15.5454545455,9.77142857143,5.36771015539,0.290358590277,0.142642642643,9.50849154237,1.02869645341,0.544491860281,8.05331334643,0.871264894205,0.461830251304,0.640599570326,0.371299902718,2,1.72528881811,0.640599570326,2,0.344071394247,0.376569037657,810,0.104247104247,0.56957682835,37,37,37,1,0,0.405405405405,0.540540540541,0.0540540540541,37,0.117117117117,2.22747747748,8.43243243243,7.09090909091,4.45714285714,5.03620525429,0.597242289772,0.326923076923,6.00525295579,1.42432281644,0.680873180873,3.83793300225,0.910278981302,0.463617463617,1.42084529335,0.637871901162,5.2,2.22747747748,1.42084529335,5.2,0,0,0,0,0.160752482811,37,37,37,1,0,0.405405405405,0.540540540541,0.0540540540541,37,180,0.135135135135,8.75079842835,9.72972972973,5.8064516129,5.14285714286,5.1025519141,0.524428946726,0.28963963964,5.81741715389,1.19580241497,0.594894894895,3.73543216422,0.767838833755,0.412312312312,3.72923047954,0.426158882538,11.6250269687,8.75079842835,3.72923047954,11.6250269687,0.0966970287404,0.0375751503006,25,0.0032175032175,0.174088937628,37,37,37,1,0,0.162162162162,0.783783783784,0.0540540540541,-162,-0.121621621622,7.02550961024,-8.75675675676,-9.73900293255,-4.62857142857,-0.265158241298,0.234070356449,0.146996996997,-3.69107438849,0.167105961551,0.0504030346136,-4.31788118222,-0.10342606045,-0.0495179389916,3.08863090921,0.0548589798198,9.62502696872,7.02550961024,3.08863090921,9.62502696872,-0.247374365507,-0.338993887356,-785,-0.10102960103,-0.395487890722,-0.243243243243,0.243243243243,0,167,13,175,977,0.488304093567,0.986868686869,0.0131313131313,0.511695906433,0.927777777778,0.488304093567,0.639846743295,0.607183152936,0.475172780436,0.470422535211,24,186,0,0,0,0
435,WLNM_dir_neg,0.516598739739,0.350070066971,00:00:14,10,10,49,1233943484,threshold_sweep,0.3,0.666666666667,0.0430107526882,0.0808080808081,8,4,178,368,0.0430107526882,0.989247311828,0.010752688172,0.956989247312,0.666666666667,0.0430107526882,0.0808080808081,0.673835125448,0.659498207885,0.0421052631579,0.104828483672,0.0322580645161,342,156,186,0,342,0,156,0,186,37,342,0.256756756757,1.72528881811,18.4864864865,15.5454545455,9.77142857143,5.36771015539,0.290358590277,0.142642642643,9.50849154237,1.02869645341,0.544491860281,8.05331334643,0.871264894205,0.461830251304,0.640599570326,0.371299902718,2,1.72528881811,0.640599570326,2,0.344071394247,0.376569037657,810,0.104247104247,0.56957682835,37,37,37,1,0,0.405405405405,0.540540540541,0.0540540540541,37,0.117117117117,2.22747747748,8.43243243243,7.09090909091,4.45714285714,5.03620525429,0.597242289772,0.326923076923,6.00525295579,1.42432281644,0.680873180873,3.83793300225,0.910278981302,0.463617463617,1.42084529335,0.637871901162,5.2,2.22747747748,1.42084529335,5.2,0,0,0,0,0.160752482811,37,37,37,1,0,0.405405405405,0.540540540541,0.0540540540541,37,168,0.126126126126,2.63411567796,9.08108108108,7.30434782609,4.8,4.88977605928,0.538457482718,0.291344916345,5.92824966952,1.30562641531,0.648648648649,3.66359412625,0.806862992092,0.427284427284,1.69699810844,0.644238262822,5.10344827586,2.63411567796,1.69699810844,5.10344827586,0.0346354758119,0.00687285223368,4,0.000514800514801,0.164606791333,37,37,37,1,0,0.378378378378,0.567567567568,0.0540540540541,-174,-0.130630630631,0.908826859843,-9.40540540541,-8.24110671937,-4.97142857143,-0.477934096113,0.248098892441,0.148702273702,-3.58024187286,0.276929961896,0.104156788367,-4.38971922018,-0.0644019021132,-0.0345458240195,1.05639853811,0.272938360104,3.10344827586,0.908826859843,1.05639853811,3.10344827586,-0.309435918435,-0.369696185423,-806,-0.103732303732,-0.404970037017,-0.027027027027,0.027027027027,0,164,4,178,986,0.479532163743,0.99595959596,0.0040404040404,0.520467836257,0.97619047619,0.479532163743,0.643137254902,0.625665941151,0.475491759702,0.473988439306,12,186,0,0,0,0
436,WLNM_dir_neg,0.516598739739,0.350070066971,00:00:14,10,10,49,1233943484,threshold_sweep,0.4,0.666666666667,0.0430107526882,0.0808080808081,8,4,178,368,0.0430107526882,0.989247311828,0.010752688172,0.956989247312,0.666666666667,0.0430107526882,0.0808080808081,0.673835125448,0.659498207885,0.0421052631579,0.104828483672,0.0322580645161,342,156,186,0,342,0,156,0,186,37,342,0.256756756757,1.72528881811,18.4864864865,15.5454545455,9.77142857143,5.36771015539,0.290358590277,0.142642642643,9.50849154237,1.02869645341,0.544491860281,8.05331334643,0.871264894205,0.461830251304,0.640599570326,0.371299902718,2,1.72528881811,0.640599570326,2,0.344071394247,0.376569037657,810,0.104247104247,0.56957682835,37,37,37,1,0,0.405405405405,0.540540540541,0.0540540540541,37,0.117117117117,2.22747747748,8.43243243243,7.09090909091,4.45714285714,5.03620525429,0.597242289772,0.326923076923,6.00525295579,1.42432281644,0.680873180873,3.83793300225,0.910278981302,0.463617463617,1.42084529335,0.637871901162,5.2,2.22747747748,1.42084529335,5.2,0,0,0,0,0.160752482811,37,37,37,1,0,0.405405405405,0.540540540541,0.0540540540541,37,168,0.126126126126,2.63411567796,9.08108108108,7.30434782609,4.8,4.88977605928,0.538457482718,0.291344916345,5.92824966952,1.30562641531,0.648648648649,3.66359412625,0.806862992092,0.427284427284,1.69699810844,0.644238262822,5.10344827586,2.63411567796,1.69699810844,5.10344827586,0.0346354758119,0.00687285223368,4,0.000514800514801,0.164606791333,37,37,37,1,0,0.378378378378,0.567567567568,0.0540540540541,-174,-0.130630630631,0.908826859843,-9.40540540541,-8.24110671937,-4.97142857143,-0.477934096113,0.248098892441,0.148702273702,-3.58024187286,0.276929961896,0.104156788367,-4.38971922018,-0.0644019021132,-0.0345458240195,1.05639853811,0.272938360104,3.10344827586,0.908826859843,1.05639853811,3.10344827586,-0.309435918435,-0.369696185423,-806,-0.103732303732,-0.404970037017,-0.027027027027,0.027027027027,0,164,4,178,986,0.479532163743,0.99595959596,0.0040404040404,0.520467836257,0.97619047619,0.479532163743,0.643137254902,0.625665941151,0.475491759702,0.473988439306,12,186,0,0,0,0
437,WLNM_dir_neg,0.516598739739,0.350070066971,00:00:14,10,10,49,1233943484,threshold_sweep,0.5,0.666666666667,0.0430107526882,0.0808080808081,8,4,178,368,0.0430107526882,0.989247311828,0.010752688172,0.956989247312,0.666666666667,0.0430107526882,0.0808080808081,0.673835125448,0.659498207885,0.0421052631579,0.104828483672,0.0322580645161,342,156,186,0,342,0,156,0,186,37,342,0.256756756757,1.72528881811,18.4864864865,15.5454545455,9.77142857143,5.36771015539,0.290358590277,0.142642642643,9.50849154237,1.02869645341,0.544491860281,8.05331334643,0.871264894205,0.461830251304,0.640599570326,0.371299902718,2,1.72528881811,0.640599570326,2,0.344071394247,0.376569037657,810,0.104247104247,0.56957682835,37,37,37,1,0,0.405405405405,0.540540540541,0.0540540540541,37,0.117117117117,2.22747747748,8.43243243243,7.09090909091,4.45714285714,5.03620525429,0.597242289772,0.326923076923,6.00525295579,1.42432281644,0.680873180873,3.83793300225,0.910278981302,0.463617463617,1.42084529335,0.637871901162,5.2,2.22747747748,1.42084529335,5.2,0,0,0,0,0.160752482811,37,37,37,1,0,0.405405405405,0.540540540541,0.0540540540541,37,168,0.126126126126,2.63411567796,9.08108108108,7.30434782609,4.8,4.88977605928,0.538457482718,0.291344916345,5.92824966952,1.30562641531,0.648648648649,3.66359412625,0.806862992092,0.427284427284,1.69699810844,0.644238262822,5.10344827586,2.63411567796,1.69699810844,5.10344827586,0.0346354758119,0.00687285223368,4,0.000514800514801,0.164606791333,37,37,37,1,0,0.378378378378,0.567567567568,0.0540540540541,-174,-0.130630630631,0.908826859843,-9.40540540541,-8.24110671937,-4.97142857143,-0.477934096113,0.248098892441,0.148702273702,-3.58024187286,0.276929961896,0.104156788367,-4.38971922018,-0.0644019021132,-0.0345458240195,1.05639853811,0.272938360104,3.10344827586,0.908826859843,1.05639853811,3.10344827586,-0.309435918435,-0.369696185423,-806,-0.103732303732,-0.404970037017,-0.027027027027,0.027027027027,0,164,4,178,986,0.479532163743,0.99595959596,0.0040404040404,0.520467836257,0.97619047619,0.479532163743,0.643137254902,0.625665941151,0.475491759702,0.473988439306,12,186,0,0,0,0
438,WLNM_dir_neg,0.516598739739,0.350070066971,00:00:14,10,10,49,1233943484,threshold_sweep,0.6,0.666666666667,0.0430107526882,0.0808080808081,8,4,178,368,0.0430107526882,0.989247311828,0.010752688172,0.956989247312,0.666666666667,0.0430107526882,0.0808080808081,0.673835125448,0.659498207885,0.0421052631579,0.104828483672,0.0322580645161,342,156,186,0,342,0,156,0,186,37,342,0.256756756757,1.72528881811,18.4864864865,15.5454545455,9.77142857143,5.36771015539,0.290358590277,0.142642642643,9.50849154237,1.02869645341,0.544491860281,8.05331334643,0.871264894205,0.461830251304,0.640599570326,0.371299902718,2,1.72528881811,0.640599570326,2,0.344071394247,0.376569037657,810,0.104247104247,0.56957682835,37,37,37,1,0,0.405405405405,0.540540540541,0.0540540540541,37,0.117117117117,2.22747747748,8.43243243243,7.09090909091,4.45714285714,5.03620525429,0.597242289772,0.326923076923,6.00525295579,1.42432281644,0.680873180873,3.83793300225,0.910278981302,0.463617463617,1.42084529335,0.637871901162,5.2,2.22747747748,1.42084529335,5.2,0,0,0,0,0.160752482811,37,37,37,1,0,0.405405405405,0.540540540541,0.0540540540541,37,168,0.126126126126,2.63411567796,9.08108108108,7.30434782609,4.8,4.88977605928,0.538457482718,0.291344916345,5.92824966952,1.30562641531,0.648648648649,3.66359412625,0.806862992092,0.427284427284,1.69699810844,0.644238262822,5.10344827586,2.63411567796,1.69699810844,5.10344827586,0.0346354758119,0.00687285223368,4,0.000514800514801,0.164606791333,37,37,37,1,0,0.378378378378,0.567567567568,0.0540540540541,-174,-0.130630630631,0.908826859843,-9.40540540541,-8.24110671937,-4.97142857143,-0.477934096113,0.248098892441,0.148702273702,-3.58024187286,0.276929961896,0.104156788367,-4.38971922018,-0.0644019021132,-0.0345458240195,1.05639853811,0.272938360104,3.10344827586,0.908826859843,1.05639853811,3.10344827586,-0.309435918435,-0.369696185423,-806,-0.103732303732,-0.404970037017,-0.027027027027,0.027027027027,0,164,4,178,986,0.479532163743,0.99595959596,0.0040404040404,0.520467836257,0.97619047619,0.479532163743,0.643137254902,0.625665941151,0.475491759702,0.473988439306,12,186,0,0,0,0
439,WLNM_dir_neg,0.516598739739,0.350070066971,00:00:14,10,10,49,1233943484,threshold_sweep,0.7,0.666666666667,0.0430107526882,0.0808080808081,8,4,178,368,0.0430107526882,0.989247311828,0.010752688172,0.956989247312,0.666666666667,0.0430107526882,0.0808080808081,0.673835125448,0.659498207885,0.0421052631579,0.104828483672,0.0322580645161,342,156,186,0,342,0,156,0,186,37,342,0.256756756757,1.72528881811,18.4864864865,15.5454545455,9.77142857143,5.36771015539,0.290358590277,0.142642642643,9.50849154237,1.02869645341,0.544491860281,8.05331334643,0.871264894205,0.461830251304,0.640599570326,0.371299902718,2,1.72528881811,0.640599570326,2,0.344071394247,0.376569037657,810,0.104247104247,0.56957682835,37,37,37,1,0,0.405405405405,0.540540540541,0.0540540540541,37,0.117117117117,2.22747747748,8.43243243243,7.09090909091,4.45714285714,5.03620525429,0.597242289772,0.326923076923,6.00525295579,1.42432281644,0.680873180873,3.83793300225,0.910278981302,0.463617463617,1.42084529335,0.637871901162,5.2,2.22747747748,1.42084529335,5.2,0,0,0,0,0.160752482811,37,37,37,1,0,0.405405405405,0.540540540541,0.0540540540541,37,168,0.126126126126,2.63411567796,9.08108108108,7.30434782609,4.8,4.88977605928,0.538457482718,0.291344916345,5.92824966952,1.30562641531,0.648648648649,3.66359412625,0.806862992092,0.427284427284,1.69699810844,0.644238262822,5.10344827586,2.63411567796,1.69699810844,5.10344827586,0.0346354758119,0.00687285223368,4,0.000514800514801,0.164606791333,37,37,37,1,0,0.378378378378,0.567567567568,0.0540540540541,-174,-0.130630630631,0.908826859843,-9.40540540541,-8.24110671937,-4.97142857143,-0.477934096113,0.248098892441,0.148702273702,-3.58024187286,0.276929961896,0.104156788367,-4.38971922018,-0.0644019021132,-0.0345458240195,1.05639853811,0.272938360104,3.10344827586,0.908826859843,1.05639853811,3.10344827586,-0.309435918435,-0.369696185423,-806,-0.103732303732,-0.404970037017,-0.027027027027,0.027027027027,0,164,4,178,986,0.479532163743,0.99595959596,0.0040404040404,0.520467836257,0.97619047619,0.479532163743,0.643137254902,0.625665941151,0.475491759702,0.473988439306,12,186,0,0,0,0
440,WLNM_dir_neg,0.516598739739,0.350070066971,00:00:14,10,10,49,1233943484,threshold_sweep,0.8,0.666666666667,0.0430107526882,0.0808080808081,8,4,178,368,0.0430107526882,0.989247311828,0.010752688172,0.956989247312,0.666666666667,0.0430107526882,0.0808080808081,0.673835125448,0.659498207885,0.0421052631579,0.104828483672,0.0322580645161,342,156,186,0,342,0,156,0,186,37,342,0.256756756757,1.72528881811,18.4864864865,15.5454545455,9.77142857143,5.36771015539,0.290358590277,0.142642642643,9.50849154237,1.02869645341,0.544491860281,8.05331334643,0.871264894205,0.461830251304,0.640599570326,0.371299902718,2,1.72528881811,0.640599570326,2,0.344071394247,0.376569037657,810,0.104247104247,0.56957682835,37,37,37,1,0,0.405405405405,0.540540540541,0.0540540540541,37,0.117117117117,2.22747747748,8.43243243243,7.09090909091,4.45714285714,5.03620525429,0.597242289772,0.326923076923,6.00525295579,1.42432281644,0.680873180873,3.83793300225,0.910278981302,0.463617463617,1.42084529335,0.637871901162,5.2,2.22747747748,1.42084529335,5.2,0,0,0,0,0.160752482811,37,37,37,1,0,0.405405405405,0.540540540541,0.0540540540541,37,168,0.126126126126,2.63411567796,9.08108108108,7.30434782609,4.8,4.88977605928,0.538457482718,0.291344916345,5.92824966952,1.30562641531,0.648648648649,3.66359412625,0.806862992092,0.427284427284,1.69699810844,0.644238262822,5.10344827586,2.63411567796,1.69699810844,5.10344827586,0.0346354758119,0.00687285223368,4,0.000514800514801,0.164606791333,37,37,37,1,0,0.378378378378,0.567567567568,0.0540540540541,-174,-0.130630630631,0.908826859843,-9.40540540541,-8.24110671937,-4.97142857143,-0.477934096113,0.248098892441,0.148702273702,-3.58024187286,0.276929961896,0.104156788367,-4.38971922018,-0.0644019021132,-0.0345458240195,1.05639853811,0.272938360104,3.10344827586,0.908826859843,1.05639853811,3.10344827586,-0.309435918435,-0.369696185423,-806,-0.103732303732,-0.404970037017,-0.027027027027,0.027027027027,0,164,4,178,986,0.479532163743,0.99595959596,0.0040404040404,0.520467836257,0.97619047619,0.479532163743,0.643137254902,0.625665941151,0.475491759702,0.473988439306,12,186,0,0,0,0
441,WLNM_dir_neg,0.516598739739,0.350070066971,00:00:14,10,10,49,1233943484,threshold_sweep,0.9,0.75,0.0322580645161,0.0618556701031,6,2,180,370,0.0322580645161,0.994623655914,0.00537634408602,0.967741935484,0.75,0.0322580645161,0.0618556701031,0.673835125448,0.661887694146,0.0353356890459,0.106600358178,0.0268817204301,342,156,186,0,342,0,156,0,186,37,342,0.256756756757,1.72528881811,18.4864864865,15.5454545455,9.77142857143,5.36771015539,0.290358590277,0.142642642643,9.50849154237,1.02869645341,0.544491860281,8.05331334643,0.871264894205,0.461830251304,0.640599570326,0.371299902718,2,1.72528881811,0.640599570326,2,0.344071394247,0.376569037657,810,0.104247104247,0.56957682835,37,37,37,1,0,0.405405405405,0.540540540541,0.0540540540541,37,0.117117117117,2.22747747748,8.43243243243,7.09090909091,4.45714285714,5.03620525429,0.597242289772,0.326923076923,6.00525295579,1.42432281644,0.680873180873,3.83793300225,0.910278981302,0.463617463617,1.42084529335,0.637871901162,5.2,2.22747747748,1.42084529335,5.2,0,0,0,0,0.160752482811,37,37,37,1,0,0.405405405405,0.540540540541,0.0540540540541,37,164,0.123123123123,1,8.86486486486,7.13043478261,4.68571428571,4.78517480327,0.539791060126,0.293671720501,5.97002019604,1.34689480033,0.660514172709,3.72335377897,0.840024937938,0.439024390244,0,0,0,NaN,NaN,NaN,0.04329119035,0.00355660936574,2,0.0002574002574,0.163511254304,37,37,0,1,2,0.378378378378,0.567567567568,0.0540540540541,-178,-0.133633633634,-0.725288818115,-9.62162162162,-8.41501976285,-5.08571428571,-0.582535352118,0.249432469848,0.151029077858,-3.53847134633,0.318198346912,0.116022312428,-4.32995956747,-0.0312399562667,-0.02280586106,-0.640599570326,-0.371299902718,-2,NaN,NaN,NaN,-0.300780203897,-0.373012428291,-808,-0.10398970399,-0.406065574046,-0.027027027027,0.027027027027,0,162,2,180,988,0.473684210526,0.99797979798,0.0020202020202,0.526315789474,0.987804878049,0.473684210526,0.640316205534,0.627075802345,0.471664008506,0.470930232558,8,186,0,0,0,0
442,WLNM_dir_neg,0.448866921031,0.345777181361,00:00:14,10,10,50,1233943485,threshold_sweep,0.1,0.480769230769,0.134408602151,0.210084033613,25,27,161,345,0.134408602151,0.927419354839,0.0725806451613,0.865591397849,0.480769230769,0.134408602151,0.210084033613,0.663082437276,0.635603345281,0.0754098360656,0.100261894818,0.0618279569892,342,156,186,0,342,0,156,0,186,37,342,0.256756756757,1.72528881811,18.4864864865,15.5454545455,9.77142857143,5.36771015539,0.290358590277,0.142642642643,9.50849154237,1.02869645341,0.544491860281,8.05331334643,0.871264894205,0.461830251304,0.640599570326,0.371299902718,2,1.72528881811,0.640599570326,2,0.344071394247,0.376569037657,810,0.104247104247,0.56957682835,37,37,37,1,0,0.405405405405,0.540540540541,0.0540540540541,37,0.117117117117,2.21261261261,8.43243243243,7.09090909091,4.45714285714,5.04722443274,0.598549051319,0.327616077616,6.00525295579,1.42432281644,0.680873180873,3.83793300225,0.910278981302,0.463617463617,1.39215458577,0.629190386892,5.2,2.21261261261,1.39215458577,5.2,0,0,0,0,0.161113233172,37,37,37,1,0,0.405405405405,0.540540540541,0.0540540540541,37,208,0.156156156156,14.5014897994,11.2432432432,6.30303030303,5.77777777778,4.79817908404,0.426761120456,0.22843035343,5.61422474786,0.998684209956,0.524168399168,3.62362120408,0.644586464187,0.348232848233,5.44266706921,0.375317787655,19.8843374621,14.5014897994,5.44266706921,19.8843374621,0.192616468545,0.110765124555,83,0.0106821106821,0.160079216714,37,37,37,1,0,0.108108108108,0.864864864865,0.027027027027,-134,-0.100600600601,12.7762009813,-7.24324324324,-9.24242424242,-3.99365079365,-0.569531071353,0.136402530178,0.0857877107877,-3.89426679451,-0.0300122434584,-0.0203234611129,-4.42969214236,-0.226678430018,-0.113597403071,4.80206749889,0.0040178849371,17.8843374621,12.7762009813,4.80206749889,17.8843374621,-0.151454925702,-0.265803913102,-727,-0.093564993565,-0.409497611635,-0.297297297297,0.324324324324,-0.027027027027,181,27,161,963,0.529239766082,0.972727272727,0.0272727272727,0.470760233918,0.870192307692,0.529239766082,0.658181818182,0.60407522979,0.501967038809,0.490514905149,52,186,0,0,0,0
443,WLNM_dir_neg,0.448866921031,0.345777181361,00:00:14,10,10,50,1233943485,threshold_sweep,0.2,0.55,0.118279569892,0.194690265487,22,18,164,354,0.118279569892,0.951612903226,0.0483870967742,0.881720430108,0.55,0.118279569892,0.194690265487,0.673835125448,0.642771804062,0.0869565217391,0.127721342432,0.0698924731183,342,156,186,0,342,0,156,0,186,37,342,0.256756756757,1.72528881811,18.4864864865,15.5454545455,9.77142857143,5.36771015539,0.290358590277,0.142642642643,9.50849154237,1.02869645341,0.544491860281,8.05331334643,0.871264894205,0.461830251304,0.640599570326,0.371299902718,2,1.72528881811,0.640599570326,2,0.344071394247,0.376569037657,810,0.104247104247,0.56957682835,37,37,37,1,0,0.405405405405,0.540540540541,0.0540540540541,37,0.117117117117,2.21261261261,8.43243243243,7.09090909091,4.45714285714,5.04722443274,0.598549051319,0.327616077616,6.00525295579,1.42432281644,0.680873180873,3.83793300225,0.910278981302,0.463617463617,1.39215458577,0.629190386892,5.2,2.21261261261,1.39215458577,5.2,0,0,0,0,0.161113233172,37,37,37,1,0,0.405405405405,0.540540540541,0.0540540540541,37,196,0.147147147147,10.111996618,10.5945945946,6.53333333333,5.44444444444,4.53051051489,0.427624716967,0.227247655819,5.80165141655,1.09520970619,0.569222283508,3.60451002114,0.680443218276,0.371759514617,5.04221406863,0.498636842861,15.0614664548,10.111996618,5.04221406863,15.0614664548,0.184083534703,0.0995907230559,73,0.00939510939511,0.180488567579,37,37,37,1,0,0.189189189189,0.783783783784,0.027027027027,-146,-0.10960960961,8.38670779989,-7.89189189189,-9.01212121212,-4.32698412698,-0.837199640504,0.13726612669,0.0846050131764,-3.70684012582,0.0665132527707,0.0247304232267,-4.4488033253,-0.190821675929,-0.0900707366873,4.4016144983,0.127336940144,13.0614664548,8.38670779989,4.4016144983,13.0614664548,-0.159987859545,-0.276978314601,-737,-0.094851994852,-0.389088260771,-0.216216216216,0.243243243243,-0.027027027027,178,18,164,972,0.520467836257,0.981818181818,0.0181818181818,0.479532163743,0.908163265306,0.520467836257,0.661710037175,0.619390497154,0.502286018075,0.494444444444,40,186,0,0,0,0
444,WLNM_dir_neg,0.448866921031,0.345777181361,00:00:14,10,10,50,1233943485,threshold_sweep,0.3,0.724137931034,0.112903225806,0.195348837209,21,8,165,364,0.112903225806,0.978494623656,0.0215053763441,0.887096774194,0.724137931034,0.112903225806,0.195348837209,0.689964157706,0.649342891278,0.115843270869,0.194105161619,0.0913978494624,342,156,186,0,342,0,156,0,186,37,342,0.256756756757,1.72528881811,18.4864864865,15.5454545455,9.77142857143,5.36771015539,0.290358590277,0.142642642643,9.50849154237,1.02869645341,0.544491860281,8.05331334643,0.871264894205,0.461830251304,0.640599570326,0.371299902718,2,1.72528881811,0.640599570326,2,0.344071394247,0.376569037657,810,0.104247104247,0.56957682835,37,37,37,1,0,0.405405405405,0.540540540541,0.0540540540541,37,0.117117117117,2.21261261261,8.43243243243,7.09090909091,4.45714285714,5.04722443274,0.598549051319,0.327616077616,6.00525295579,1.42432281644,0.680873180873,3.83793300225,0.910278981302,0.463617463617,1.39215458577,0.629190386892,5.2,2.21261261261,1.39215458577,5.2,0,0,0,0,0.161113233172,37,37,37,1,0,0.405405405405,0.540540540541,0.0540540540541,37,185,0.138888888889,4.68181827501,10,8.04347826087,5.13888888889,4.18993502999,0.418993502999,0.221475529584,5.95818764391,1.19163752878,0.613878743608,3.46410161514,0.692820323028,0.376333089847,4.42072033422,0.944231508904,13.1242916425,4.68181827501,4.42072033422,13.1242916425,0.146170981001,0.0583120204604,38,0.0048906048906,0.178682886968,37,37,37,1,0,0.378378378378,0.594594594595,0.027027027027,-157,-0.117867867868,2.95652945689,-8.48648648649,-7.50197628458,-4.63253968254,-1.1777751254,0.128634912722,0.078832886941,-3.55030389847,0.162941075366,0.0693868833271,-4.5892117313,-0.178444571177,-0.0854971614573,3.7801207639,0.572931606186,11.1242916425,2.95652945689,3.7801207639,11.1242916425,-0.197900413247,-0.318257017197,-772,-0.0993564993565,-0.390893941382,-0.027027027027,0.0540540540541,-0.027027027027,177,8,165,982,0.517543859649,0.991919191919,0.00808080808081,0.482456140351,0.956756756757,0.517543859649,0.671726755218,0.643540331331,0.509463051568,0.505714285714,29,186,0,0,0,0
445,WLNM_dir_neg,0.448866921031,0.345777181361,00:00:14,10,10,50,1233943485,threshold_sweep,0.4,0.75,0.112903225806,0.196261682243,21,7,165,365,0.112903225806,0.981182795699,0.0188172043011,0.887096774194,0.75,0.112903225806,0.196261682243,0.691756272401,0.649940262843,0.119453924915,0.203159013843,0.0940860215054,342,156,186,0,342,0,156,0,186,37,342,0.256756756757,1.72528881811,18.4864864865,15.5454545455,9.77142857143,5.36771015539,0.290358590277,0.142642642643,9.50849154237,1.02869645341,0.544491860281,8.05331334643,0.871264894205,0.461830251304,0.640599570326,0.371299902718,2,1.72528881811,0.640599570326,2,0.344071394247,0.376569037657,810,0.104247104247,0.56957682835,37,37,37,1,0,0.405405405405,0.540540540541,0.0540540540541,37,0.117117117117,2.21261261261,8.43243243243,7.09090909091,4.45714285714,5.04722443274,0.598549051319,0.327616077616,6.00525295579,1.42432281644,0.680873180873,3.83793300225,0.910278981302,0.463617463617,1.39215458577,0.629190386892,5.2,2.21261261261,1.39215458577,5.2,0,0,0,0,0.161113233172,37,37,37,1,0,0.405405405405,0.540540540541,0.0540540540541,37,184,0.138138138138,4.52958103657,9.94594594595,8,5.11111111111,4.22259758091,0.424554648081,0.225323149236,5.9651137946,1.19950657826,0.616627497062,3.45194378806,0.694140870425,0.377203290247,4.25402796537,0.939165881132,12.7665693054,4.52958103657,4.25402796537,12.7665693054,0.140133672332,0.0540958268934,35,0.0045045045045,0.17566284648,37,37,37,1,0,0.378378378378,0.594594594595,0.027027027027,-158,-0.118618618619,2.80429221846,-8.54054054054,-7.54545454545,-4.66031746032,-1.14511257448,0.134196057804,0.0826805065936,-3.54337774777,0.170810124848,0.0721356367809,-4.60136955838,-0.17712402378,-0.0846269610572,3.61342839505,0.567865978414,10.7665693054,2.80429221846,3.61342839505,10.7665693054,-0.203937721916,-0.322473210764,-775,-0.0997425997426,-0.39391398187,-0.027027027027,0.0540540540541,-0.027027027027,177,7,165,983,0.517543859649,0.992929292929,0.00707070707071,0.482456140351,0.961956521739,0.517543859649,0.673003802281,0.646284441394,0.510473152578,0.507163323782,28,186,0,0,0,0
446,WLNM_dir_neg,0.448866921031,0.345777181361,00:00:14,10,10,50,1233943485,threshold_sweep,0.5,0.75,0.112903225806,0.196261682243,21,7,165,365,0.112903225806,0.981182795699,0.0188172043011,0.887096774194,0.75,0.112903225806,0.196261682243,0.691756272401,0.649940262843,0.119453924915,0.203159013843,0.0940860215054,342,156,186,0,342,0,156,0,186,37,342,0.256756756757,1.72528881811,18.4864864865,15.5454545455,9.77142857143,5.36771015539,0.290358590277,0.142642642643,9.50849154237,1.02869645341,0.544491860281,8.05331334643,0.871264894205,0.461830251304,0.640599570326,0.371299902718,2,1.72528881811,0.640599570326,2,0.344071394247,0.376569037657,810,0.104247104247,0.56957682835,37,37,37,1,0,0.405405405405,0.540540540541,0.0540540540541,37,0.117117117117,2.21261261261,8.43243243243,7.09090909091,4.45714285714,5.04722443274,0.598549051319,0.327616077616,6.00525295579,1.42432281644,0.680873180873,3.83793300225,0.910278981302,0.463617463617,1.39215458577,0.629190386892,5.2,2.21261261261,1.39215458577,5.2,0,0,0,0,0.161113233172,37,37,37,1,0,0.405405405405,0.540540540541,0.0540540540541,37,184,0.138138138138,4.52958103657,9.94594594595,8,5.11111111111,4.22259758091,0.424554648081,0.225323149236,5.9651137946,1.19950657826,0.616627497062,3.45194378806,0.694140870425,0.377203290247,4.25402796537,0.939165881132,12.7665693054,4.52958103657,4.25402796537,12.7665693054,0.140133672332,0.0540958268934,35,0.0045045045045,0.17566284648,37,37,37,1,0,0.378378378378,0.594594594595,0.027027027027,-158,-0.118618618619,2.80429221846,-8.54054054054,-7.54545454545,-4.66031746032,-1.14511257448,0.134196057804,0.0826805065936,-3.54337774777,0.170810124848,0.0721356367809,-4.60136955838,-0.17712402378,-0.0846269610572,3.61342839505,0.567865978414,10.7665693054,2.80429221846,3.61342839505,10.7665693054,-0.203937721916,-0.322473210764,-775,-0.0997425997426,-0.39391398187,-0.027027027027,0.0540540540541,-0.027027027027,177,7,165,983,0.517543859649,0.992929292929,0.00707070707071,0.482456140351,0.961956521739,0.517543859649,0.673003802281,0.646284441394,0.510473152578,0.507163323782,28,186,0,0,0,0
447,WLNM_dir_neg,0.448866921031,0.345777181361,00:00:14,10,10,50,1233943485,threshold_sweep,0.6,0.730769230769,0.102150537634,0.179245283019,19,7,167,365,0.102150537634,0.981182795699,0.0188172043011,0.897849462366,0.730769230769,0.102150537634,0.179245283019,0.688172043011,0.651135005974,0.106164383562,0.18638210222,0.0833333333333,342,156,186,0,342,0,156,0,186,37,342,0.256756756757,1.72528881811,18.4864864865,15.5454545455,9.77142857143,5.36771015539,0.290358590277,0.142642642643,9.50849154237,1.02869645341,0.544491860281,8.05331334643,0.871264894205,0.461830251304,0.640599570326,0.371299902718,2,1.72528881811,0.640599570326,2,0.344071394247,0.376569037657,810,0.104247104247,0.56957682835,37,37,37,1,0,0.405405405405,0.540540540541,0.0540540540541,37,0.117117117117,2.21261261261,8.43243243243,7.09090909091,4.45714285714,5.04722443274,0.598549051319,0.327616077616,6.00525295579,1.42432281644,0.680873180873,3.83793300225,0.910278981302,0.463617463617,1.39215458577,0.629190386892,5.2,2.21261261261,1.39215458577,5.2,0,0,0,0,0.161113233172,37,37,37,1,0,0.405405405405,0.540540540541,0.0540540540541,37,182,0.136636636637,4.52698045754,9.83783783784,7.91304347826,5.05555555556,4.25906558292,0.432926996066,0.228541728542,5.91785611696,1.20308063916,0.618057618058,3.4751369148,0.706483878283,0.381942381942,4.25235552142,0.939335957224,12.7665693054,4.52698045754,4.25235552142,12.7665693054,0.1290963534,0.0455735987428,29,0.0037323037323,0.174469662544,37,37,37,1,0,0.378378378378,0.594594594595,0.027027027027,-160,-0.12012012012,2.80169163943,-8.64864864865,-7.63241106719,-4.71587301587,-1.10864457247,0.142568405789,0.0858990858991,-3.59063542542,0.174384185747,0.0735657577763,-4.57817643164,-0.164781015922,-0.0798878693616,3.61175595109,0.568036054506,10.7665693054,2.80169163943,3.61175595109,10.7665693054,-0.214975040848,-0.330995438914,-781,-0.100514800515,-0.395107165806,-0.027027027027,0.0540540540541,-0.027027027027,175,7,167,983,0.511695906433,0.992929292929,0.00707070707071,0.488304093567,0.961538461538,0.511695906433,0.667938931298,0.641822547758,0.504625199362,0.501432664756,26,186,0,0,0,0
448,WLNM_dir_neg,0.448866921031,0.345777181361,00:00:14,10,10,50,1233943485,threshold_sweep,0.7,0.730769230769,0.102150537634,0.179245283019,19,7,167,365,0.102150537634,0.981182795699,0.0188172043011,0.897849462366,0.730769230769,0.102150537634,0.179245283019,0.688172043011,0.651135005974,0.106164383562,0.18638210222,0.0833333333333,342,156,186,0,342,0,156,0,186,37,342,0.256756756757,1.72528881811,18.4864864865,15.5454545455,9.77142857143,5.36771015539,0.290358590277,0.142642642643,9.50849154237,1.02869645341,0.544491860281,8.05331334643,0.871264894205,0.461830251304,0.640599570326,0.371299902718,2,1.72528881811,0.640599570326,2,0.344071394247,0.376569037657,810,0.104247104247,0.56957682835,37,37,37,1,0,0.405405405405,0.540540540541,0.0540540540541,37,0.117117117117,2.21261261261,8.43243243243,7.09090909091,4.45714285714,5.04722443274,0.598549051319,0.327616077616,6.00525295579,1.42432281644,0.680873180873,3.83793300225,0.910278981302,0.463617463617,1.39215458577,0.629190386892,5.2,2.21261261261,1.39215458577,5.2,0,0,0,0,0.161113233172,37,37,37,1,0,0.405405405405,0.540540540541,0.0540540540541,37,182,0.136636636637,4.52698045754,9.83783783784,7.91304347826,5.05555555556,4.25906558292,0.432926996066,0.228541728542,5.91785611696,1.20308063916,0.618057618058,3.4751369148,0.706483878283,0.381942381942,4.25235552142,0.939335957224,12.7665693054,4.52698045754,4.25235552142,12.7665693054,0.1290963534,0.0455735987428,29,0.0037323037323,0.174469662544,37,37,37,1,0,0.378378378378,0.594594594595,0.027027027027,-160,-0.12012012012,2.80169163943,-8.64864864865,-7.63241106719,-4.71587301587,-1.10864457247,0.142568405789,0.0858990858991,-3.59063542542,0.174384185747,0.0735657577763,-4.57817643164,-0.164781015922,-0.0798878693616,3.61175595109,0.568036054506,10.7665693054,2.80169163943,3.61175595109,10.7665693054,-0.214975040848,-0.330995438914,-781,-0.100514800515,-0.395107165806,-0.027027027027,0.0540540540541,-0.027027027027,175,7,167,983,0.511695906433,0.992929292929,0.00707070707071,0.488304093567,0.961538461538,0.511695906433,0.667938931298,0.641822547758,0.504625199362,0.501432664756,26,186,0,0,0,0
449,WLNM_dir_neg,0.448866921031,0.345777181361,00:00:14,10,10,50,1233943485,threshold_sweep,0.8,0.714285714286,0.0806451612903,0.144927536232,15,6,171,366,0.0806451612903,0.983870967742,0.0161290322581,0.91935483871,0.714285714286,0.0806451612903,0.144927536232,0.682795698925,0.654121863799,0.0829015544041,0.15980834491,0.0645161290323,342,156,186,0,342,0,156,0,186,37,342,0.256756756757,1.72528881811,18.4864864865,15.5454545455,9.77142857143,5.36771015539,0.290358590277,0.142642642643,9.50849154237,1.02869645341,0.544491860281,8.05331334643,0.871264894205,0.461830251304,0.640599570326,0.371299902718,2,1.72528881811,0.640599570326,2,0.344071394247,0.376569037657,810,0.104247104247,0.56957682835,37,37,37,1,0,0.405405405405,0.540540540541,0.0540540540541,37,0.117117117117,2.21261261261,8.43243243243,7.09090909091,4.45714285714,5.04722443274,0.598549051319,0.327616077616,6.00525295579,1.42432281644,0.680873180873,3.83793300225,0.910278981302,0.463617463617,1.39215458577,0.629190386892,5.2,2.21261261261,1.39215458577,5.2,0,0,0,0,0.161113233172,37,37,37,1,0,0.405405405405,0.540540540541,0.0540540540541,37,177,0.132882882883,3.99311111111,9.56756756757,7.69565217391,4.91666666667,4.48169449936,0.468425696261,0.250572606505,5.93546373333,1.24074665612,0.630630630631,3.55226950253,0.742564811264,0.399144907619,3.64709648717,0.913347108478,11.245,3.99311111111,3.64709648717,11.245,0.106532675573,0.0291105121294,18,0.0023166023166,0.170582671767,37,37,37,1,0,0.378378378378,0.594594594595,0.027027027027,-165,-0.123873873874,2.267822293,-8.91891891892,-7.84980237154,-4.85476190476,-0.886015656034,0.178067105984,0.107929963862,-3.57302780904,0.212050202706,0.0861387703493,-4.5010438439,-0.128700082941,-0.0626853436845,3.00649691684,0.54204720576,9.245,2.267822293,3.00649691684,9.245,-0.237538718674,-0.347458525528,-792,-0.101930501931,-0.398994156582,-0.027027027027,0.0540540540541,-0.027027027027,171,6,171,984,0.5,0.993939393939,0.00606060606061,0.5,0.966101694915,0.5,0.658959537572,0.635662643371,0.493939393939,0.491379310345,21,186,0,0,0,0
450,WLNM_dir_neg,0.448866921031,0.345777181361,00:00:14,10,10,50,1233943485,threshold_sweep,0.9,0.7,0.0752688172043,0.135922330097,14,6,172,366,0.0752688172043,0.983870967742,0.0161290322581,0.924731182796,0.7,0.0752688172043,0.135922330097,0.681003584229,0.654719235364,0.076124567474,0.149969017866,0.0591397849462,342,156,186,0,342,0,156,0,186,37,342,0.256756756757,1.72528881811,18.4864864865,15.5454545455,9.77142857143,5.36771015539,0.290358590277,0.142642642643,9.50849154237,1.02869645341,0.544491860281,8.05331334643,0.871264894205,0.461830251304,0.640599570326,0.371299902718,2,1.72528881811,0.640599570326,2,0.344071394247,0.376569037657,810,0.104247104247,0.56957682835,37,37,37,1,0,0.405405405405,0.540540540541,0.0540540540541,37,0.117117117117,2.21261261261,8.43243243243,7.09090909091,4.45714285714,5.04722443274,0.598549051319,0.327616077616,6.00525295579,1.42432281644,0.680873180873,3.83793300225,0.910278981302,0.463617463617,1.39215458577,0.629190386892,5.2,2.21261261261,1.39215458577,5.2,0,0,0,0,0.161113233172,37,37,37,1,0,0.405405405405,0.540540540541,0.0540540540541,37,176,0.132132132132,4.00468805227,9.51351351351,7.65217391304,4.88888888889,4.5069182722,0.473738568385,0.253071253071,5.92267490903,1.24510779338,0.631756756757,3.577750732,0.752140778886,0.40386977887,3.66369383625,0.914851241453,11.291846819,4.00468805227,3.66369383625,11.291846819,0.0952031642434,0.0276722734672,17,0.0021879021879,0.170346615553,37,37,37,1,0,0.378378378378,0.594594594595,0.027027027027,-166,-0.124624624625,2.27939923415,-8.97297297297,-7.89328063241,-4.88253968254,-0.860791883191,0.183379978108,0.110428610429,-3.58581663334,0.216411339961,0.0872648964754,-4.47556261444,-0.119124115319,-0.0579604724342,3.02309426593,0.543551338736,9.29184681902,2.27939923415,3.02309426593,9.29184681902,-0.248868230004,-0.34889676419,-793,-0.102059202059,-0.399230212797,-0.027027027027,0.0540540540541,-0.027027027027,170,6,172,984,0.497076023392,0.993939393939,0.00606060606061,0.502923976608,0.965909090909,0.497076023392,0.656370656371,0.633418185819,0.491015417331,0.488505747126,20,186,0,0,0,0
451,WLNM_dir_neg,0.472330616256,0.372140391758,00:00:07,10,20,1,1234860736,threshold_sweep,0.1,0.622641509434,0.177419354839,0.276150627615,33,20,153,352,0.177419354839,0.94623655914,0.0537634408602,0.822580645161,0.622641509434,0.177419354839,0.276150627615,0.689964157706,0.635005973716,0.150572831424,0.198819606534,0.123655913978,342,156,186,0,342,0,156,0,186,37,342,0.256756756757,1.72528881811,18.4864864865,15.5454545455,9.77142857143,5.36771015539,0.290358590277,0.142642642643,9.50849154237,1.02869645341,0.544491860281,8.05331334643,0.871264894205,0.461830251304,0.640599570326,0.371299902718,2,1.72528881811,0.640599570326,2,0.344071394247,0.376569037657,810,0.104247104247,0.56957682835,37,37,37,1,0,0.405405405405,0.540540540541,0.0540540540541,37,0.117117117117,2.18635635636,8.43243243243,7.09090909091,4.45714285714,5.03620525429,0.597242289772,0.326923076923,6.00062559301,1.42322530091,0.680526680527,3.83793300225,0.910278981302,0.463617463617,1.32204914232,0.604681454823,4.3462962963,2.18635635636,1.32204914232,4.3462962963,0,0,0,0,0.160896782956,37,37,37,1,0,0.405405405405,0.540540540541,0.0540540540541,37,209,0.156906906907,5.8978123724,11.2972972973,8.03846153846,5.64864864865,4.84690545529,0.429032301066,0.227983964826,6.28143745145,1.11202481198,0.585542480279,3.28478154369,0.58151634984,0.31837579206,4.17584471731,0.708032818551,12.9527892271,5.8978123724,4.17584471731,12.9527892271,0.18936153495,0.112253289474,91,0.0117117117117,0.174347076867,37,37,37,1,0,0.297297297297,0.702702702703,0,-133,-0.0998498498498,4.17252355428,-7.18918918919,-7.50699300699,-4.12277992278,-0.520804700106,0.138673710789,0.0853413221834,-3.22705409093,0.0833283585641,0.041050619998,-4.76853180274,-0.289748544364,-0.143454459244,3.53524514699,0.336732915833,10.9527892271,4.17252355428,3.53524514699,10.9527892271,-0.154709859298,-0.264315748183,-719,-0.0925353925354,-0.395229751483,-0.108108108108,0.162162162162,-0.0540540540541,189,20,153,970,0.552631578947,0.979797979798,0.020202020202,0.447368421053,0.904306220096,0.552631578947,0.686025408348,0.639484153714,0.532429558745,0.522099447514,53,186,0,0,0,0
452,WLNM_dir_neg,0.472330616256,0.372140391758,00:00:07,10,20,1,1234860736,threshold_sweep,0.2,0.688888888889,0.166666666667,0.268398268398,31,14,155,358,0.166666666667,0.962365591398,0.0376344086022,0.833333333333,0.688888888889,0.166666666667,0.268398268398,0.697132616487,0.639784946237,0.1592039801,0.223388751089,0.129032258065,342,156,186,0,342,0,156,0,186,37,342,0.256756756757,1.72528881811,18.4864864865,15.5454545455,9.77142857143,5.36771015539,0.290358590277,0.142642642643,9.50849154237,1.02869645341,0.544491860281,8.05331334643,0.871264894205,0.461830251304,0.640599570326,0.371299902718,2,1.72528881811,0.640599570326,2,0.344071394247,0.376569037657,810,0.104247104247,0.56957682835,37,37,37,1,0,0.405405405405,0.540540540541,0.0540540540541,37,0.117117117117,2.18635635636,8.43243243243,7.09090909091,4.45714285714,5.03620525429,0.597242289772,0.326923076923,6.00062559301,1.42322530091,0.680526680527,3.83793300225,0.910278981302,0.463617463617,1.32204914232,0.604681454823,4.3462962963,2.18635635636,1.32204914232,4.3462962963,0,0,0,0,0.160896782956,37,37,37,1,0,0.405405405405,0.540540540541,0.0540540540541,37,201,0.150900900901,1,10.8648648649,8.73913043478,5.43243243243,4.77355075251,0.439356661301,0.230469275245,6.3619552399,1.17110618844,0.610192281834,3.24500077504,0.597338451127,0.324593249966,0,0,0,NaN,NaN,NaN,0.156640465774,0.0890052356021,68,0.00875160875161,0.190578452728,37,37,0,1,2,0.378378378378,0.621621621622,0,-141,-0.105855855856,-0.725288818115,-7.62162162162,-6.80632411067,-4.338996139,-0.594159402884,0.148998071024,0.0878266326028,-3.14653630248,0.142409735024,0.0657004215527,-4.80831257139,-0.273926443078,-0.137237001338,-0.640599570326,-0.371299902718,-2,NaN,NaN,NaN,-0.187430928474,-0.287563802055,-742,-0.0954954954955,-0.378998375622,-0.027027027027,0.0810810810811,-0.0540540540541,187,14,155,976,0.546783625731,0.985858585859,0.0141414141414,0.453216374269,0.930348258706,0.546783625731,0.68876611418,0.650035238147,0.53264221159,0.525280898876,45,186,0,0,0,0
453,WLNM_dir_neg,0.472330616256,0.372140391758,00:00:07,10,20,1,1234860736,threshold_sweep,0.3,0.720930232558,0.166666666667,0.270742358079,31,12,155,360,0.166666666667,0.967741935484,0.0322580645161,0.833333333333,0.720930232558,0.166666666667,0.270742358079,0.700716845878,0.640979689367,0.166389351082,0.237583985935,0.134408602151,342,156,186,0,342,0,156,0,186,37,342,0.256756756757,1.72528881811,18.4864864865,15.5454545455,9.77142857143,5.36771015539,0.290358590277,0.142642642643,9.50849154237,1.02869645341,0.544491860281,8.05331334643,0.871264894205,0.461830251304,0.640599570326,0.371299902718,2,1.72528881811,0.640599570326,2,0.344071394247,0.376569037657,810,0.104247104247,0.56957682835,37,37,37,1,0,0.405405405405,0.540540540541,0.0540540540541,37,0.117117117117,2.18635635636,8.43243243243,7.09090909091,4.45714285714,5.03620525429,0.597242289772,0.326923076923,6.00062559301,1.42322530091,0.680526680527,3.83793300225,0.910278981302,0.463617463617,1.32204914232,0.604681454823,4.3462962963,2.18635635636,1.32204914232,4.3462962963,0,0,0,0,0.160896782956,37,37,37,1,0,0.405405405405,0.540540540541,0.0540540540541,37,199,0.149399399399,1,10.7567567568,8.65217391304,5.37837837838,4.73406922334,0.440101912723,0.232921363575,6.32609828564,1.17620922899,0.611707184572,3.25193405146,0.604630954292,0.328127122097,0,0,0,NaN,NaN,NaN,0.151871303651,0.0855233853007,64,0.00823680823681,0.191166468612,37,37,0,1,2,0.378378378378,0.621621621622,0,-143,-0.107357357357,-0.725288818115,-7.72972972973,-6.89328063241,-4.39305019305,-0.633640932049,0.149743322446,0.090278720932,-3.18239325674,0.147512775573,0.0672153242902,-4.80137929497,-0.266633939912,-0.133703129207,-0.640599570326,-0.371299902718,-2,NaN,NaN,NaN,-0.192200090596,-0.291045652356,-746,-0.0960102960103,-0.378410359738,-0.027027027027,0.0810810810811,-0.0540540540541,187,12,155,978,0.546783625731,0.987878787879,0.0121212121212,0.453216374269,0.939698492462,0.546783625731,0.691312384473,0.655192340634,0.53466241361,0.528248587571,43,186,0,0,0,0
454,WLNM_dir_neg,0.472330616256,0.372140391758,00:00:07,10,20,1,1234860736,threshold_sweep,0.4,0.7,0.150537634409,0.247787610619,28,12,158,360,0.150537634409,0.967741935484,0.0322580645161,0.849462365591,0.7,0.150537634409,0.247787610619,0.695340501792,0.642771804062,0.147157190635,0.21614381027,0.118279569892,342,156,186,0,342,0,156,0,186,37,342,0.256756756757,1.72528881811,18.4864864865,15.5454545455,9.77142857143,5.36771015539,0.290358590277,0.142642642643,9.50849154237,1.02869645341,0.544491860281,8.05331334643,0.871264894205,0.461830251304,0.640599570326,0.371299902718,2,1.72528881811,0.640599570326,2,0.344071394247,0.376569037657,810,0.104247104247,0.56957682835,37,37,37,1,0,0.405405405405,0.540540540541,0.0540540540541,37,0.117117117117,2.18635635636,8.43243243243,7.09090909091,4.45714285714,5.03620525429,0.597242289772,0.326923076923,6.00062559301,1.42322530091,0.680526680527,3.83793300225,0.910278981302,0.463617463617,1.32204914232,0.604681454823,4.3462962963,2.18635635636,1.32204914232,4.3462962963,0,0,0,0,0.160896782956,37,37,37,1,0,0.405405405405,0.540540540541,0.0540540540541,37,196,0.147147147147,1,10.5945945946,8.52173913043,5.2972972973,4.87316609072,0.459967207542,0.244622173194,6.31517073256,1.19214957706,0.6166574738,3.3071040106,0.624300246899,0.338389409818,0,0,0,NaN,NaN,NaN,0.150135121343,0.0773405698779,57,0.00733590733591,0.191080202221,37,37,0,1,2,0.378378378378,0.621621621622,0,-146,-0.10960960961,-0.725288818115,-7.89189189189,-7.02371541502,-4.47413127413,-0.494544064673,0.169608617265,0.101979530551,-3.19332080981,0.16345312365,0.072165613519,-4.74620933583,-0.246964647306,-0.123440841486,-0.640599570326,-0.371299902718,-2,NaN,NaN,NaN,-0.193936272905,-0.299228467779,-753,-0.0969111969112,-0.378496626129,-0.027027027027,0.0810810810811,-0.0540540540541,184,12,158,978,0.538011695906,0.987878787879,0.0121212121212,0.461988304094,0.938775510204,0.538011695906,0.684014869888,0.648498179282,0.525890483785,0.519774011299,40,186,0,0,0,0
455,WLNM_dir_neg,0.472330616256,0.372140391758,00:00:07,10,20,1,1234860736,threshold_sweep,0.5,0.710526315789,0.145161290323,0.241071428571,27,11,159,361,0.145161290323,0.970430107527,0.0295698924731,0.854838709677,0.710526315789,0.145161290323,0.241071428571,0.695340501792,0.643966547192,0.144295302013,0.216301727332,0.115591397849,342,156,186,0,342,0,156,0,186,37,342,0.256756756757,1.72528881811,18.4864864865,15.5454545455,9.77142857143,5.36771015539,0.290358590277,0.142642642643,9.50849154237,1.02869645341,0.544491860281,8.05331334643,0.871264894205,0.461830251304,0.640599570326,0.371299902718,2,1.72528881811,0.640599570326,2,0.344071394247,0.376569037657,810,0.104247104247,0.56957682835,37,37,37,1,0,0.405405405405,0.540540540541,0.0540540540541,37,0.117117117117,2.18635635636,8.43243243243,7.09090909091,4.45714285714,5.03620525429,0.597242289772,0.326923076923,6.00062559301,1.42322530091,0.680526680527,3.83793300225,0.910278981302,0.463617463617,1.32204914232,0.604681454823,4.3462962963,2.18635635636,1.32204914232,4.3462962963,0,0,0,0,0.160896782956,37,37,37,1,0,0.405405405405,0.540540540541,0.0540540540541,37,194,0.145645645646,1,10.4864864865,8.4347826087,5.24324324324,4.85696305216,0.463164002397,0.245054332683,6.32194329039,1.20573145229,0.620785734188,3.32001845214,0.63319939551,0.341877960435,0,0,0,NaN,NaN,NaN,0.14993879158,0.0705069124424,51,0.00656370656371,0.18893572124,37,37,0,1,2,0.378378378378,0.621621621622,0,-148,-0.111111111111,-0.725288818115,-8,-7.11067193676,-4.52818532819,-0.510747103229,0.17280541212,0.102411690041,-3.18654825198,0.177034998877,0.0762938739065,-4.7332948943,-0.238065498694,-0.119952290869,-0.640599570326,-0.371299902718,-2,NaN,NaN,NaN,-0.194132602668,-0.306062125215,-759,-0.0976833976834,-0.380641107109,-0.027027027027,0.0810810810811,-0.0540540540541,183,11,159,979,0.535087719298,0.988888888889,0.0111111111111,0.464912280702,0.943298969072,0.535087719298,0.682835820896,0.648889211513,0.523976608187,0.518413597734,38,186,0,0,0,0
456,WLNM_dir_neg,0.472330616256,0.372140391758,00:00:07,10,20,1,1234860736,threshold_sweep,0.6,0.702702702703,0.139784946237,0.233183856502,26,11,160,361,0.139784946237,0.970430107527,0.0295698924731,0.860215053763,0.702702702703,0.139784946237,0.233183856502,0.693548387097,0.644563918757,0.13781512605,0.208808962348,0.110215053763,342,156,186,0,342,0,156,0,186,37,342,0.256756756757,1.72528881811,18.4864864865,15.5454545455,9.77142857143,5.36771015539,0.290358590277,0.142642642643,9.50849154237,1.02869645341,0.544491860281,8.05331334643,0.871264894205,0.461830251304,0.640599570326,0.371299902718,2,1.72528881811,0.640599570326,2,0.344071394247,0.376569037657,810,0.104247104247,0.56957682835,37,37,37,1,0,0.405405405405,0.540540540541,0.0540540540541,37,0.117117117117,2.18635635636,8.43243243243,7.09090909091,4.45714285714,5.03620525429,0.597242289772,0.326923076923,6.00062559301,1.42322530091,0.680526680527,3.83793300225,0.910278981302,0.463617463617,1.32204914232,0.604681454823,4.3462962963,2.18635635636,1.32204914232,4.3462962963,0,0,0,0,0.160896782956,37,37,37,1,0,0.405405405405,0.540540540541,0.0540540540541,37,193,0.144894894895,1,10.4324324324,8.39130434783,5.21621621622,4.87362824313,0.467161256466,0.24674415348,6.32075564723,1.21175108263,0.622321803669,3.29254321776,0.631212948483,0.342529057555,0,0,0,NaN,NaN,NaN,0.147745244649,0.0667903525046,48,0.00617760617761,0.185606718615,37,37,0,1,2,0.378378378378,0.621621621622,0,-149,-0.111861861862,-0.725288818115,-8.05405405405,-7.15415019763,-4.55521235521,-0.494081912261,0.176802666189,0.104101510837,-3.18773589515,0.183054629214,0.0778299433876,-4.76077012867,-0.240051945722,-0.119301193749,-0.640599570326,-0.371299902718,-2,NaN,NaN,NaN,-0.196326149598,-0.309778685152,-762,-0.0980694980695,-0.383970109735,-0.027027027027,0.0810810810811,-0.0540540540541,182,11,160,979,0.53216374269,0.988888888889,0.0111111111111,0.46783625731,0.943005181347,0.53216374269,0.680373831776,0.646653641306,0.521052631579,0.515580736544,37,186,0,0,0,0
457,WLNM_dir_neg,0.472330616256,0.372140391758,00:00:07,10,20,1,1234860736,threshold_sweep,0.7,0.714285714286,0.134408602151,0.226244343891,25,10,161,362,0.134408602151,0.97311827957,0.0268817204301,0.865591397849,0.714285714286,0.134408602151,0.226244343891,0.693548387097,0.645758661888,0.134907251265,0.209054791948,0.10752688172,342,156,186,0,342,0,156,0,186,37,342,0.256756756757,1.72528881811,18.4864864865,15.5454545455,9.77142857143,5.36771015539,0.290358590277,0.142642642643,9.50849154237,1.02869645341,0.544491860281,8.05331334643,0.871264894205,0.461830251304,0.640599570326,0.371299902718,2,1.72528881811,0.640599570326,2,0.344071394247,0.376569037657,810,0.104247104247,0.56957682835,37,37,37,1,0,0.405405405405,0.540540540541,0.0540540540541,37,0.117117117117,2.18635635636,8.43243243243,7.09090909091,4.45714285714,5.03620525429,0.597242289772,0.326923076923,6.00062559301,1.42322530091,0.680526680527,3.83793300225,0.910278981302,0.463617463617,1.32204914232,0.604681454823,4.3462962963,2.18635635636,1.32204914232,4.3462962963,0,0,0,0,0.160896782956,37,37,37,1,0,0.405405405405,0.540540540541,0.0540540540541,37,191,0.143393393393,1,10.3243243243,8.30434782609,5.16216216216,4.85943557567,0.470678314921,0.250601386727,6.32681029655,1.22561246582,0.625725201641,3.28729467896,0.636805775505,0.34554973822,0,0,0,NaN,NaN,NaN,0.14806128382,0.0637393767705,45,0.00579150579151,0.18197283175,37,37,0,1,2,0.378378378378,0.621621621622,0,-151,-0.113363363363,-0.725288818115,-8.16216216216,-7.24110671937,-4.60926640927,-0.508274579721,0.180319724644,0.107958744084,-3.18168124582,0.196916012409,0.0812333413601,-4.76601866748,-0.2344591187,-0.116280513084,-0.640599570326,-0.371299902718,-2,NaN,NaN,NaN,-0.196010110428,-0.312829660886,-765,-0.0984555984556,-0.3876039966,-0.027027027027,0.0810810810811,-0.0540540540541,181,10,161,980,0.529239766082,0.989898989899,0.010101010101,0.470760233918,0.947643979058,0.529239766082,0.679174484053,0.647074963587,0.519138755981,0.514204545455,35,186,0,0,0,0
458,WLNM_dir_neg,0.472330616256,0.372140391758,00:00:07,10,20,1,1234860736,threshold_sweep,0.8,0.69696969697,0.123655913978,0.2100456621,23,10,163,362,0.123655913978,0.97311827957,0.0268817204301,0.876344086022,0.69696969697,0.123655913978,0.2100456621,0.689964157706,0.646953405018,0.121827411168,0.193397511366,0.0967741935484,342,156,186,0,342,0,156,0,186,37,342,0.256756756757,1.72528881811,18.4864864865,15.5454545455,9.77142857143,5.36771015539,0.290358590277,0.142642642643,9.50849154237,1.02869645341,0.544491860281,8.05331334643,0.871264894205,0.461830251304,0.640599570326,0.371299902718,2,1.72528881811,0.640599570326,2,0.344071394247,0.376569037657,810,0.104247104247,0.56957682835,37,37,37,1,0,0.405405405405,0.540540540541,0.0540540540541,37,0.117117117117,2.18635635636,8.43243243243,7.09090909091,4.45714285714,5.03620525429,0.597242289772,0.326923076923,6.00062559301,1.42322530091,0.680526680527,3.83793300225,0.910278981302,0.463617463617,1.32204914232,0.604681454823,4.3462962963,2.18635635636,1.32204914232,4.3462962963,0,0,0,0,0.160896782956,37,37,37,1,0,0.405405405405,0.540540540541,0.0540540540541,37,189,0.141891891892,1,10.2162162162,8.21739130435,5.10810810811,4.8656113875,0.476263548512,0.255112255112,6.28836572915,1.23105572475,0.626626626627,3.29801104863,0.645642374599,0.35035035035,0,0,0,NaN,NaN,NaN,0.142674360476,0.0575539568345,40,0.00514800514801,0.176855885361,37,37,0,1,2,0.378378378378,0.621621621622,0,-153,-0.114864864865,-0.725288818115,-8.27027027027,-7.32806324111,-4.66332046332,-0.502098767893,0.185904958235,0.11246961247,-3.22012581323,0.202359271339,0.0821347663453,-4.75530229781,-0.225622519606,-0.111479900954,-0.640599570326,-0.371299902718,-2,NaN,NaN,NaN,-0.201397033771,-0.319015080822,-770,-0.0990990990991,-0.392720942988,-0.027027027027,0.0810810810811,-0.0540540540541,179,10,163,980,0.523391812865,0.989898989899,0.010101010101,0.476608187135,0.94708994709,0.523391812865,0.674199623352,0.642599103918,0.513290802764,0.508522727273,33,186,0,0,0,0
459,WLNM_dir_neg,0.472330616256,0.372140391758,00:00:07,10,20,1,1234860736,threshold_sweep,0.9,0.6875,0.118279569892,0.201834862385,22,10,164,362,0.118279569892,0.97311827957,0.0268817204301,0.881720430108,0.6875,0.118279569892,0.201834862385,0.688172043011,0.647550776583,0.115254237288,0.185308806084,0.0913978494624,342,156,186,0,342,0,156,0,186,37,342,0.256756756757,1.72528881811,18.4864864865,15.5454545455,9.77142857143,5.36771015539,0.290358590277,0.142642642643,9.50849154237,1.02869645341,0.544491860281,8.05331334643,0.871264894205,0.461830251304,0.640599570326,0.371299902718,2,1.72528881811,0.640599570326,2,0.344071394247,0.376569037657,810,0.104247104247,0.56957682835,37,37,37,1,0,0.405405405405,0.540540540541,0.0540540540541,37,0.117117117117,2.18635635636,8.43243243243,7.09090909091,4.45714285714,5.03620525429,0.597242289772,0.326923076923,6.00062559301,1.42322530091,0.680526680527,3.83793300225,0.910278981302,0.463617463617,1.32204914232,0.604681454823,4.3462962963,2.18635635636,1.32204914232,4.3462962963,0,0,0,0,0.160896782956,37,37,37,1,0,0.405405405405,0.540540540541,0.0540540540541,37,188,0.141141141141,1,10.1621621622,8.17391304348,5.08108108108,4.83915461805,0.476193406564,0.255750431282,6.29099170056,1.23812070703,0.62852213916,3.30301527546,0.650061516978,0.35192639448,0,0,0,NaN,NaN,NaN,0.138151315164,0.0538573508006,37,0.0047619047619,0.175895562948,37,37,0,1,2,0.378378378378,0.621621621622,0,-154,-0.115615615616,-0.725288818115,-8.32432432432,-7.37154150198,-4.69034749035,-0.528555537341,0.185834816287,0.11310778864,-3.21749984181,0.209424253611,0.0840302788791,-4.75029807098,-0.221203377226,-0.109903856824,-0.640599570326,-0.371299902718,-2,NaN,NaN,NaN,-0.205920079084,-0.322711686856,-773,-0.0994851994852,-0.393681265402,-0.027027027027,0.0810810810811,-0.0540540540541,178,10,164,980,0.520467836257,0.989898989899,0.010101010101,0.479532163743,0.946808510638,0.520467836257,0.671698113208,0.640355510224,0.510366826156,0.505681818182,32,186,0,0,0,0
460,WLNM_dir_neg,0.453455601804,0.328695458974,00:00:05,10,20,2,1234860737,threshold_sweep,0.1,0.46875,0.0806451612903,0.137614678899,15,17,171,355,0.0806451612903,0.954301075269,0.0456989247312,0.91935483871,0.46875,0.0806451612903,0.137614678899,0.663082437276,0.647550776583,0.0440677966102,0.070853367032,0.0349462365591,342,156,186,0,342,0,156,0,186,37,342,0.256756756757,1.72528881811,18.4864864865,15.5454545455,9.77142857143,5.36771015539,0.290358590277,0.142642642643,9.50849154237,1.02869645341,0.544491860281,8.05331334643,0.871264894205,0.461830251304,0.640599570326,0.371299902718,2,1.72528881811,0.640599570326,2,0.344071394247,0.376569037657,810,0.104247104247,0.56957682835,37,37,37,1,0,0.405405405405,0.540540540541,0.0540540540541,37,0.117117117117,2.18481481481,8.43243243243,7.09090909091,4.45714285714,5.03620525429,0.597242289772,0.326923076923,6.00062559301,1.42322530091,0.680526680527,3.83793300225,0.910278981302,0.463617463617,1.318977792,0.603702328937,4.32037037037,2.18481481481,1.318977792,4.32037037037,0,0,0,0,0.160896782956,37,37,37,1,0,0.405405405405,0.540540540541,0.0540540540541,37,188,0.141141141141,5.29473005467,10.1621621622,6.71428571429,5.08108108108,4.90189030156,0.482366864781,0.264088556642,5.89433993279,1.16005626337,0.595169637723,3.39426295696,0.668019837275,0.359114433583,2.78923718425,0.526794974523,7.45623904528,5.29473005467,2.78923718425,7.45623904528,0.10933789827,0.046287367406,32,0.0041184041184,0.155356614012,37,37,37,1,0,0.243243243243,0.756756756757,0,-154,-0.115615615616,3.56944123655,-8.32432432432,-8.83116883117,-4.69034749035,-0.465819853833,0.192008274504,0.121445913999,-3.61415160959,0.131359809953,0.0506777774415,-4.65905038947,-0.20324505693,-0.102715817721,2.14863761393,0.155495071805,5.45623904528,3.56944123655,2.14863761393,5.45623904528,-0.234733495978,-0.330281670251,-778,-0.100128700129,-0.414220214337,-0.162162162162,0.216216216216,-0.0540540540541,171,17,171,973,0.5,0.982828282828,0.0171717171717,0.5,0.909574468085,0.5,0.645283018868,0.605802994151,0.482828282828,0.476323119777,32,186,0,0,0,0
461,WLNM_dir_neg,0.453455601804,0.328695458974,00:00:05,10,20,2,1234860737,threshold_sweep,0.2,0.608695652174,0.0752688172043,0.133971291866,14,9,172,363,0.0752688172043,0.975806451613,0.0241935483871,0.924731182796,0.608695652174,0.0752688172043,0.133971291866,0.675627240143,0.652927120669,0.065404475043,0.121114961121,0.0510752688172,342,156,186,0,342,0,156,0,186,37,342,0.256756756757,1.72528881811,18.4864864865,15.5454545455,9.77142857143,5.36771015539,0.290358590277,0.142642642643,9.50849154237,1.02869645341,0.544491860281,8.05331334643,0.871264894205,0.461830251304,0.640599570326,0.371299902718,2,1.72528881811,0.640599570326,2,0.344071394247,0.376569037657,810,0.104247104247,0.56957682835,37,37,37,1,0,0.405405405405,0.540540540541,0.0540540540541,37,0.117117117117,2.18481481481,8.43243243243,7.09090909091,4.45714285714,5.03620525429,0.597242289772,0.326923076923,6.00062559301,1.42322530091,0.680526680527,3.83793300225,0.910278981302,0.463617463617,1.318977792,0.603702328937,4.32037037037,2.18481481481,1.318977792,4.32037037037,0,0,0,0,0.160896782956,37,37,37,1,0,0.405405405405,0.540540540541,0.0540540540541,37,179,0.134384384384,2.57048854389,9.67567567568,7.78260869565,4.83783783784,4.84798958363,0.501049202778,0.271025215159,6.03468453338,1.24739289237,0.632341839046,3.41169160969,0.705209997534,0.373848709044,1.63571396962,0.636343613942,4.85950096786,2.57048854389,1.63571396962,4.85950096786,0.0857395670089,0.0278063851699,18,0.0023166023166,0.16487761799,37,37,37,1,0,0.378378378378,0.621621621622,0,-163,-0.122372372372,0.845199725778,-8.81081081081,-7.7628458498,-4.93359073359,-0.519720571761,0.2106906125,0.128382572517,-3.47380700899,0.21869643896,0.0878499787644,-4.64162173674,-0.166054896671,-0.0879815422597,0.99511439929,0.265043711224,2.85950096786,0.845199725778,0.99511439929,2.85950096786,-0.258331827238,-0.348762652487,-792,-0.101930501931,-0.40469921036,-0.027027027027,0.0810810810811,-0.0540540540541,170,9,172,981,0.497076023392,0.990909090909,0.00909090909091,0.502923976608,0.949720670391,0.497076023392,0.652591170825,0.625023081183,0.487985114301,0.48433048433,23,186,0,0,0,0
462,WLNM_dir_neg,0.453455601804,0.328695458974,00:00:05,10,20,2,1234860737,threshold_sweep,0.3,0.608695652174,0.0752688172043,0.133971291866,14,9,172,363,0.0752688172043,0.975806451613,0.0241935483871,0.924731182796,0.608695652174,0.0752688172043,0.133971291866,0.675627240143,0.652927120669,0.065404475043,0.121114961121,0.0510752688172,342,156,186,0,342,0,156,0,186,37,342,0.256756756757,1.72528881811,18.4864864865,15.5454545455,9.77142857143,5.36771015539,0.290358590277,0.142642642643,9.50849154237,1.02869645341,0.544491860281,8.05331334643,0.871264894205,0.461830251304,0.640599570326,0.371299902718,2,1.72528881811,0.640599570326,2,0.344071394247,0.376569037657,810,0.104247104247,0.56957682835,37,37,37,1,0,0.405405405405,0.540540540541,0.0540540540541,37,0.117117117117,2.18481481481,8.43243243243,7.09090909091,4.45714285714,5.03620525429,0.597242289772,0.326923076923,6.00062559301,1.42322530091,0.680526680527,3.83793300225,0.910278981302,0.463617463617,1.318977792,0.603702328937,4.32037037037,2.18481481481,1.318977792,4.32037037037,0,0,0,0,0.160896782956,37,37,37,1,0,0.405405405405,0.540540540541,0.0540540540541,37,179,0.134384384384,2.57048854389,9.67567567568,7.78260869565,4.83783783784,4.84798958363,0.501049202778,0.271025215159,6.03468453338,1.24739289237,0.632341839046,3.41169160969,0.705209997534,0.373848709044,1.63571396962,0.636343613942,4.85950096786,2.57048854389,1.63571396962,4.85950096786,0.0857395670089,0.0278063851699,18,0.0023166023166,0.16487761799,37,37,37,1,0,0.378378378378,0.621621621622,0,-163,-0.122372372372,0.845199725778,-8.81081081081,-7.7628458498,-4.93359073359,-0.519720571761,0.2106906125,0.128382572517,-3.47380700899,0.21869643896,0.0878499787644,-4.64162173674,-0.166054896671,-0.0879815422597,0.99511439929,0.265043711224,2.85950096786,0.845199725778,0.99511439929,2.85950096786,-0.258331827238,-0.348762652487,-792,-0.101930501931,-0.40469921036,-0.027027027027,0.0810810810811,-0.0540540540541,170,9,172,981,0.497076023392,0.990909090909,0.00909090909091,0.502923976608,0.949720670391,0.497076023392,0.652591170825,0.625023081183,0.487985114301,0.48433048433,23,186,0,0,0,0
463,WLNM_dir_neg,0.453455601804,0.328695458974,00:00:05,10,20,2,1234860737,threshold_sweep,0.4,0.590909090909,0.0698924731183,0.125,13,9,173,363,0.0698924731183,0.975806451613,0.0241935483871,0.930107526882,0.590909090909,0.0698924731183,0.125,0.673835125448,0.653524492234,0.0586206896552,0.110698105478,0.0456989247312,342,156,186,0,342,0,156,0,186,37,342,0.256756756757,1.72528881811,18.4864864865,15.5454545455,9.77142857143,5.36771015539,0.290358590277,0.142642642643,9.50849154237,1.02869645341,0.544491860281,8.05331334643,0.871264894205,0.461830251304,0.640599570326,0.371299902718,2,1.72528881811,0.640599570326,2,0.344071394247,0.376569037657,810,0.104247104247,0.56957682835,37,37,37,1,0,0.405405405405,0.540540540541,0.0540540540541,37,0.117117117117,2.18481481481,8.43243243243,7.09090909091,4.45714285714,5.03620525429,0.597242289772,0.326923076923,6.00062559301,1.42322530091,0.680526680527,3.83793300225,0.910278981302,0.463617463617,1.318977792,0.603702328937,4.32037037037,2.18481481481,1.318977792,4.32037037037,0,0,0,0,0.160896782956,37,37,37,1,0,0.405405405405,0.540540540541,0.0540540540541,37,178,0.133633633634,2.56782792722,9.62162162162,7.73913043478,4.81081081081,4.86684560945,0.505823841431,0.272547828728,6.0223557491,1.25183799279,0.6334649256,3.43865152703,0.714775879213,0.379593076222,1.6319404209,0.635533402998,4.85907961182,2.56782792722,1.6319404209,4.85907961182,0.0817960630654,0.0248962655602,16,0.0020592020592,0.164829590635,37,37,37,1,0,0.378378378378,0.621621621622,0,-164,-0.123123123123,0.842539109107,-8.86486486486,-7.80632411067,-4.96061776062,-0.500864545947,0.215465251154,0.129905186085,-3.48613579327,0.223141539377,0.0889730653184,-4.61466181941,-0.156489014991,-0.0822371750816,0.991340850575,0.264233500281,2.85907961182,0.842539109107,0.991340850575,2.85907961182,-0.262275331182,-0.351672772097,-794,-0.102187902188,-0.404747237715,-0.027027027027,0.0810810810811,-0.0540540540541,169,9,173,981,0.494152046784,0.990909090909,0.00909090909091,0.505847953216,0.949438202247,0.494152046784,0.65,0.622750702067,0.485061137693,0.481481481481,22,186,0,0,0,0
464,WLNM_dir_neg,0.453455601804,0.328695458974,00:00:05,10,20,2,1234860737,threshold_sweep,0.5,0.571428571429,0.0645161290323,0.115942028986,12,9,174,363,0.0645161290323,0.975806451613,0.0241935483871,0.935483870968,0.571428571429,0.0645161290323,0.115942028986,0.672043010753,0.654121863799,0.0518134715026,0.0998802155689,0.0403225806452,342,156,186,0,342,0,156,0,186,37,342,0.256756756757,1.72528881811,18.4864864865,15.5454545455,9.77142857143,5.36771015539,0.290358590277,0.142642642643,9.50849154237,1.02869645341,0.544491860281,8.05331334643,0.871264894205,0.461830251304,0.640599570326,0.371299902718,2,1.72528881811,0.640599570326,2,0.344071394247,0.376569037657,810,0.104247104247,0.56957682835,37,37,37,1,0,0.405405405405,0.540540540541,0.0540540540541,37,0.117117117117,2.18481481481,8.43243243243,7.09090909091,4.45714285714,5.03620525429,0.597242289772,0.326923076923,6.00062559301,1.42322530091,0.680526680527,3.83793300225,0.910278981302,0.463617463617,1.318977792,0.603702328937,4.32037037037,2.18481481481,1.318977792,4.32037037037,0,0,0,0,0.160896782956,37,37,37,1,0,0.405405405405,0.540540540541,0.0540540540541,37,177,0.132882882883,2.55879264501,9.56756756757,7.69565217391,4.78378378378,4.89637360446,0.511767862613,0.276683463124,6.01449700093,1.25726773466,0.634600702397,3.46518506108,0.724360718982,0.385096961368,1.61954671022,0.632933939911,4.85764871393,2.55879264501,1.61954671022,4.85764871393,0.0818208130902,0.0234864300626,15,0.0019305019305,0.164585595564,37,37,37,1,0,0.378378378378,0.621621621622,0,-165,-0.123873873874,0.833503826891,-8.91891891892,-7.84980237154,-4.98764478764,-0.471336550931,0.221409272336,0.134040820481,-3.49399454145,0.228571281242,0.090108842116,-4.58812828536,-0.146904175223,-0.0767332899358,0.978947139893,0.261634037193,2.85764871393,0.833503826891,0.978947139893,2.85764871393,-0.262250581157,-0.353082607594,-795,-0.102316602317,-0.404991232786,-0.027027027027,0.0810810810811,-0.0540540540541,168,9,174,981,0.491228070175,0.990909090909,0.00909090909091,0.508771929825,0.949152542373,0.491228070175,0.647398843931,0.62047406229,0.482137161085,0.478632478632,21,186,0,0,0,0
465,WLNM_dir_neg,0.453455601804,0.328695458974,00:00:05,10,20,2,1234860737,threshold_sweep,0.6,0.571428571429,0.0645161290323,0.115942028986,12,9,174,363,0.0645161290323,0.975806451613,0.0241935483871,0.935483870968,0.571428571429,0.0645161290323,0.115942028986,0.672043010753,0.654121863799,0.0518134715026,0.0998802155689,0.0403225806452,342,156,186,0,342,0,156,0,186,37,342,0.256756756757,1.72528881811,18.4864864865,15.5454545455,9.77142857143,5.36771015539,0.290358590277,0.142642642643,9.50849154237,1.02869645341,0.544491860281,8.05331334643,0.871264894205,0.461830251304,0.640599570326,0.371299902718,2,1.72528881811,0.640599570326,2,0.344071394247,0.376569037657,810,0.104247104247,0.56957682835,37,37,37,1,0,0.405405405405,0.540540540541,0.0540540540541,37,0.117117117117,2.18481481481,8.43243243243,7.09090909091,4.45714285714,5.03620525429,0.597242289772,0.326923076923,6.00062559301,1.42322530091,0.680526680527,3.83793300225,0.910278981302,0.463617463617,1.318977792,0.603702328937,4.32037037037,2.18481481481,1.318977792,4.32037037037,0,0,0,0,0.160896782956,37,37,37,1,0,0.405405405405,0.540540540541,0.0540540540541,37,177,0.132882882883,2.55879264501,9.56756756757,7.69565217391,4.78378378378,4.89637360446,0.511767862613,0.276683463124,6.01449700093,1.25726773466,0.634600702397,3.46518506108,0.724360718982,0.385096961368,1.61954671022,0.632933939911,4.85764871393,2.55879264501,1.61954671022,4.85764871393,0.0818208130902,0.0234864300626,15,0.0019305019305,0.164585595564,37,37,37,1,0,0.378378378378,0.621621621622,0,-165,-0.123873873874,0.833503826891,-8.91891891892,-7.84980237154,-4.98764478764,-0.471336550931,0.221409272336,0.134040820481,-3.49399454145,0.228571281242,0.090108842116,-4.58812828536,-0.146904175223,-0.0767332899358,0.978947139893,0.261634037193,2.85764871393,0.833503826891,0.978947139893,2.85764871393,-0.262250581157,-0.353082607594,-795,-0.102316602317,-0.404991232786,-0.027027027027,0.0810810810811,-0.0540540540541,168,9,174,981,0.491228070175,0.990909090909,0.00909090909091,0.508771929825,0.949152542373,0.491228070175,0.647398843931,0.62047406229,0.482137161085,0.478632478632,21,186,0,0,0,0
466,WLNM_dir_neg,0.453455601804,0.328695458974,00:00:05,10,20,2,1234860737,threshold_sweep,0.7,0.571428571429,0.0645161290323,0.115942028986,12,9,174,363,0.0645161290323,0.975806451613,0.0241935483871,0.935483870968,0.571428571429,0.0645161290323,0.115942028986,0.672043010753,0.654121863799,0.0518134715026,0.0998802155689,0.0403225806452,342,156,186,0,342,0,156,0,186,37,342,0.256756756757,1.72528881811,18.4864864865,15.5454545455,9.77142857143,5.36771015539,0.290358590277,0.142642642643,9.50849154237,1.02869645341,0.544491860281,8.05331334643,0.871264894205,0.461830251304,0.640599570326,0.371299902718,2,1.72528881811,0.640599570326,2,0.344071394247,0.376569037657,810,0.104247104247,0.56957682835,37,37,37,1,0,0.405405405405,0.540540540541,0.0540540540541,37,0.117117117117,2.18481481481,8.43243243243,7.09090909091,4.45714285714,5.03620525429,0.597242289772,0.326923076923,6.00062559301,1.42322530091,0.680526680527,3.83793300225,0.910278981302,0.463617463617,1.318977792,0.603702328937,4.32037037037,2.18481481481,1.318977792,4.32037037037,0,0,0,0,0.160896782956,37,37,37,1,0,0.405405405405,0.540540540541,0.0540540540541,37,177,0.132882882883,2.55879264501,9.56756756757,7.69565217391,4.78378378378,4.89637360446,0.511767862613,0.276683463124,6.01449700093,1.25726773466,0.634600702397,3.46518506108,0.724360718982,0.385096961368,1.61954671022,0.632933939911,4.85764871393,2.55879264501,1.61954671022,4.85764871393,0.0818208130902,0.0234864300626,15,0.0019305019305,0.164585595564,37,37,37,1,0,0.378378378378,0.621621621622,0,-165,-0.123873873874,0.833503826891,-8.91891891892,-7.84980237154,-4.98764478764,-0.471336550931,0.221409272336,0.134040820481,-3.49399454145,0.228571281242,0.090108842116,-4.58812828536,-0.146904175223,-0.0767332899358,0.978947139893,0.261634037193,2.85764871393,0.833503826891,0.978947139893,2.85764871393,-0.262250581157,-0.353082607594,-795,-0.102316602317,-0.404991232786,-0.027027027027,0.0810810810811,-0.0540540540541,168,9,174,981,0.491228070175,0.990909090909,0.00909090909091,0.508771929825,0.949152542373,0.491228070175,0.647398843931,0.62047406229,0.482137161085,0.478632478632,21,186,0,0,0,0
467,WLNM_dir_neg,0.453455601804,0.328695458974,00:00:05,10,20,2,1234860737,threshold_sweep,0.8,0.571428571429,0.0645161290323,0.115942028986,12,9,174,363,0.0645161290323,0.975806451613,0.0241935483871,0.935483870968,0.571428571429,0.0645161290323,0.115942028986,0.672043010753,0.654121863799,0.0518134715026,0.0998802155689,0.0403225806452,342,156,186,0,342,0,156,0,186,37,342,0.256756756757,1.72528881811,18.4864864865,15.5454545455,9.77142857143,5.36771015539,0.290358590277,0.142642642643,9.50849154237,1.02869645341,0.544491860281,8.05331334643,0.871264894205,0.461830251304,0.640599570326,0.371299902718,2,1.72528881811,0.640599570326,2,0.344071394247,0.376569037657,810,0.104247104247,0.56957682835,37,37,37,1,0,0.405405405405,0.540540540541,0.0540540540541,37,0.117117117117,2.18481481481,8.43243243243,7.09090909091,4.45714285714,5.03620525429,0.597242289772,0.326923076923,6.00062559301,1.42322530091,0.680526680527,3.83793300225,0.910278981302,0.463617463617,1.318977792,0.603702328937,4.32037037037,2.18481481481,1.318977792,4.32037037037,0,0,0,0,0.160896782956,37,37,37,1,0,0.405405405405,0.540540540541,0.0540540540541,37,177,0.132882882883,2.55879264501,9.56756756757,7.69565217391,4.78378378378,4.89637360446,0.511767862613,0.276683463124,6.01449700093,1.25726773466,0.634600702397,3.46518506108,0.724360718982,0.385096961368,1.61954671022,0.632933939911,4.85764871393,2.55879264501,1.61954671022,4.85764871393,0.0818208130902,0.0234864300626,15,0.0019305019305,0.164585595564,37,37,37,1,0,0.378378378378,0.621621621622,0,-165,-0.123873873874,0.833503826891,-8.91891891892,-7.84980237154,-4.98764478764,-0.471336550931,0.221409272336,0.134040820481,-3.49399454145,0.228571281242,0.090108842116,-4.58812828536,-0.146904175223,-0.0767332899358,0.978947139893,0.261634037193,2.85764871393,0.833503826891,0.978947139893,2.85764871393,-0.262250581157,-0.353082607594,-795,-0.102316602317,-0.404991232786,-0.027027027027,0.0810810810811,-0.0540540540541,168,9,174,981,0.491228070175,0.990909090909,0.00909090909091,0.508771929825,0.949152542373,0.491228070175,0.647398843931,0.62047406229,0.482137161085,0.478632478632,21,186,0,0,0,0
468,WLNM_dir_neg,0.453455601804,0.328695458974,00:00:05,10,20,2,1234860737,threshold_sweep,0.9,0.6,0.0645161290323,0.116504854369,12,8,174,364,0.0645161290323,0.978494623656,0.0215053763441,0.935483870968,0.6,0.0645161290323,0.116504854369,0.673835125448,0.654719235364,0.0553633217993,0.10906837663,0.0430107526882,342,156,186,0,342,0,156,0,186,37,342,0.256756756757,1.72528881811,18.4864864865,15.5454545455,9.77142857143,5.36771015539,0.290358590277,0.142642642643,9.50849154237,1.02869645341,0.544491860281,8.05331334643,0.871264894205,0.461830251304,0.640599570326,0.371299902718,2,1.72528881811,0.640599570326,2,0.344071394247,0.376569037657,810,0.104247104247,0.56957682835,37,37,37,1,0,0.405405405405,0.540540540541,0.0540540540541,37,0.117117117117,2.18481481481,8.43243243243,7.09090909091,4.45714285714,5.03620525429,0.597242289772,0.326923076923,6.00062559301,1.42322530091,0.680526680527,3.83793300225,0.910278981302,0.463617463617,1.318977792,0.603702328937,4.32037037037,2.18481481481,1.318977792,4.32037037037,0,0,0,0,0.160896782956,37,37,37,1,0,0.405405405405,0.540540540541,0.0540540540541,37,176,0.132132132132,2.46217596907,9.51351351351,7.65217391304,4.75675675676,4.93638206259,0.518881069079,0.280866093366,6.02958173142,1.26758252308,0.638513513514,3.47535294295,0.730613970961,0.386977886978,1.472510236,0.598052395317,4.4159216688,2.46217596907,1.472510236,4.4159216688,0.0816785655795,0.0220356768101,14,0.0018018018018,0.163507506986,37,37,37,1,0,0.378378378378,0.621621621622,0,-166,-0.124624624625,0.736887150958,-8.97297297297,-7.89328063241,-5.01467181467,-0.431328092803,0.228522478802,0.138223450723,-3.47890981096,0.238886069667,0.0940216532322,-4.57796040348,-0.140650923244,-0.074852364326,0.83191066567,0.226752492599,2.4159216688,0.736887150958,0.83191066567,2.4159216688,-0.262392828668,-0.354533360847,-796,-0.102445302445,-0.406069321364,-0.027027027027,0.0810810810811,-0.0540540540541,168,8,174,982,0.491228070175,0.991919191919,0.00808080808081,0.508771929825,0.954545454545,0.491228070175,0.648648648649,0.623268132604,0.483147262095,0.48,20,186,0,0,0,0
469,WLNM_dir_neg,0.583542895132,0.449165332324,00:00:06,10,20,3,1234860738,threshold_sweep,0.1,0.6875,0.177419354839,0.282051282051,33,15,153,357,0.177419354839,0.959677419355,0.0403225806452,0.822580645161,0.6875,0.177419354839,0.282051282051,0.698924731183,0.637992831541,0.168316831683,0.230488611432,0.137096774194,342,156,186,0,342,0,156,0,186,37,342,0.256756756757,1.72528881811,18.4864864865,15.5454545455,9.77142857143,5.36771015539,0.290358590277,0.142642642643,9.50849154237,1.02869645341,0.544491860281,8.05331334643,0.871264894205,0.461830251304,0.640599570326,0.371299902718,2,1.72528881811,0.640599570326,2,0.344071394247,0.376569037657,810,0.104247104247,0.56957682835,37,37,37,1,0,0.405405405405,0.540540540541,0.0540540540541,37,0.117117117117,2.22747747748,8.43243243243,7.09090909091,4.45714285714,5.03620525429,0.597242289772,0.326923076923,6.00525295579,1.42432281644,0.680873180873,3.83793300225,0.910278981302,0.463617463617,1.42084529335,0.637871901162,5.2,2.22747747748,1.42084529335,5.2,0,0,0,0,0.160752482811,37,37,37,1,0,0.405405405405,0.540540540541,0.0540540540541,37,204,0.153153153153,4.46697815928,11.027027027,7.28571428571,5.51351351351,5.11254712821,0.463637852313,0.25079491256,6.63166487234,1.20280196214,0.607313195548,4.01124545373,0.727529812687,0.383677795443,2.22130601533,0.497272638488,6.29755510462,4.46697815928,2.22130601533,6.29755510462,0.231316489134,0.150183150183,123,0.0158301158301,0.180359985955,37,37,37,1,0,0.243243243243,0.756756756757,0,-138,-0.103603603604,2.74168934117,-7.45945945946,-8.25974025974,-4.25791505792,-0.255163027186,0.173279262036,0.108152269917,-2.87682667004,0.174105508725,0.0628213352672,-4.0420678927,-0.143735081518,-0.0781524558614,1.58070644501,0.12597273577,4.29755510462,2.74168934117,1.58070644501,4.29755510462,-0.112754905114,-0.226385887474,-687,-0.088416988417,-0.389216842394,-0.162162162162,0.216216216216,-0.0540540540541,189,15,153,975,0.552631578947,0.984848484848,0.0151515151515,0.447368421053,0.926470588235,0.552631578947,0.692307692308,0.651963641529,0.537480063796,0.529411764706,48,186,0,0,0,0
470,WLNM_dir_neg,0.583542895132,0.449165332324,00:00:06,10,20,3,1234860738,threshold_sweep,0.2,0.666666666667,0.161290322581,0.25974025974,30,15,156,357,0.161290322581,0.959677419355,0.0403225806452,0.838709677419,0.666666666667,0.161290322581,0.25974025974,0.693548387097,0.639784946237,0.149253731343,0.209426954146,0.120967741935,342,156,186,0,342,0,156,0,186,37,342,0.256756756757,1.72528881811,18.4864864865,15.5454545455,9.77142857143,5.36771015539,0.290358590277,0.142642642643,9.50849154237,1.02869645341,0.544491860281,8.05331334643,0.871264894205,0.461830251304,0.640599570326,0.371299902718,2,1.72528881811,0.640599570326,2,0.344071394247,0.376569037657,810,0.104247104247,0.56957682835,37,37,37,1,0,0.405405405405,0.540540540541,0.0540540540541,37,0.117117117117,2.22747747748,8.43243243243,7.09090909091,4.45714285714,5.03620525429,0.597242289772,0.326923076923,6.00525295579,1.42432281644,0.680873180873,3.83793300225,0.910278981302,0.463617463617,1.42084529335,0.637871901162,5.2,2.22747747748,1.42084529335,5.2,0,0,0,0,0.160752482811,37,37,37,1,0,0.405405405405,0.540540540541,0.0540540540541,37,201,0.150900900901,4.42709419949,10.8648648649,7.17857142857,5.43243243243,4.99534317675,0.459770391889,0.251176549684,6.48734040926,1.19418704051,0.606427322845,3.98288379988,0.733167664655,0.388328627135,2.19131233847,0.494977572134,6.22735740157,4.42709419949,2.19131233847,6.22735740157,0.170750915696,0.135044173328,107,0.0137709137709,0.182919223448,37,37,37,1,0,0.243243243243,0.756756756757,0,-141,-0.105855855856,2.70180538138,-7.62162162162,-8.36688311688,-4.338996139,-0.372366978648,0.169411801612,0.108533907041,-3.02115113312,0.165490587095,0.0619354625639,-4.07042954655,-0.13809722955,-0.0735016241693,1.55071276815,0.123677669416,4.22735740157,2.70180538138,1.55071276815,4.22735740157,-0.173320478551,-0.241524864329,-703,-0.0904761904762,-0.386657604902,-0.162162162162,0.216216216216,-0.0540540540541,186,15,156,975,0.543859649123,0.984848484848,0.0151515151515,0.456140350877,0.925373134328,0.543859649123,0.685082872928,0.645234099548,0.528708133971,0.521008403361,45,186,0,0,0,0
471,WLNM_dir_neg,0.583542895132,0.449165332324,00:00:06,10,20,3,1234860738,threshold_sweep,0.3,0.769230769231,0.161290322581,0.266666666667,30,9,156,363,0.161290322581,0.975806451613,0.0241935483871,0.838709677419,0.769230769231,0.161290322581,0.266666666667,0.704301075269,0.643369175627,0.170854271357,0.253477372015,0.137096774194,342,156,186,0,342,0,156,0,186,37,342,0.256756756757,1.72528881811,18.4864864865,15.5454545455,9.77142857143,5.36771015539,0.290358590277,0.142642642643,9.50849154237,1.02869645341,0.544491860281,8.05331334643,0.871264894205,0.461830251304,0.640599570326,0.371299902718,2,1.72528881811,0.640599570326,2,0.344071394247,0.376569037657,810,0.104247104247,0.56957682835,37,37,37,1,0,0.405405405405,0.540540540541,0.0540540540541,37,0.117117117117,2.22747747748,8.43243243243,7.09090909091,4.45714285714,5.03620525429,0.597242289772,0.326923076923,6.00525295579,1.42432281644,0.680873180873,3.83793300225,0.910278981302,0.463617463617,1.42084529335,0.637871901162,5.2,2.22747747748,1.42084529335,5.2,0,0,0,0,0.160752482811,37,37,37,1,0,0.405405405405,0.540540540541,0.0540540540541,37,195,0.146396396396,2.16132388954,10.5405405405,8.86363636364,5.27027027027,4.92496246232,0.467240028476,0.248787248787,6.61080197122,1.2543572971,0.635897435897,3.99755931544,0.758511254725,0.397782397782,1.20092290201,0.555642265288,3.42143088814,2.16132388954,1.20092290201,3.42143088814,0.164521993678,0.126779359431,95,0.0122265122265,0.214906781226,37,37,37,1,0,0.405405405405,0.594594594595,0,-147,-0.11036036036,0.436035071424,-7.94594594595,-6.68181818182,-4.50115830116,-0.442747693074,0.176881438199,0.106144606145,-2.89768957115,0.225660843689,0.0914055756161,-4.05575403099,-0.11275363948,-0.0640478535215,0.560323331679,0.184342362571,1.42143088814,0.436035071424,0.560323331679,1.42143088814,-0.179549400569,-0.249789678226,-715,-0.0920205920206,-0.354670047123,0,0.0540540540541,-0.0540540540541,186,9,156,981,0.543859649123,0.990909090909,0.00909090909091,0.456140350877,0.953846153846,0.543859649123,0.692737430168,0.660844264214,0.534768740032,0.529914529915,39,186,0,0,0,0
472,WLNM_dir_neg,0.583542895132,0.449165332324,00:00:06,10,20,3,1234860738,threshold_sweep,0.4,0.771428571429,0.145161290323,0.244343891403,27,8,159,364,0.145161290323,0.978494623656,0.0215053763441,0.854838709677,0.771428571429,0.145161290323,0.244343891403,0.700716845878,0.645758661888,0.155143338954,0.240413010741,0.123655913978,342,156,186,0,342,0,156,0,186,37,342,0.256756756757,1.72528881811,18.4864864865,15.5454545455,9.77142857143,5.36771015539,0.290358590277,0.142642642643,9.50849154237,1.02869645341,0.544491860281,8.05331334643,0.871264894205,0.461830251304,0.640599570326,0.371299902718,2,1.72528881811,0.640599570326,2,0.344071394247,0.376569037657,810,0.104247104247,0.56957682835,37,37,37,1,0,0.405405405405,0.540540540541,0.0540540540541,37,0.117117117117,2.22747747748,8.43243243243,7.09090909091,4.45714285714,5.03620525429,0.597242289772,0.326923076923,6.00525295579,1.42432281644,0.680873180873,3.83793300225,0.910278981302,0.463617463617,1.42084529335,0.637871901162,5.2,2.22747747748,1.42084529335,5.2,0,0,0,0,0.160752482811,37,37,37,1,0,0.405405405405,0.540540540541,0.0540540540541,37,191,0.143393393393,2.14168800155,10.3243243243,8.68181818182,5.16216216216,5.00585243076,0.484860052194,0.259657563322,6.61863326574,1.28214361692,0.643271543795,3.99662019374,0.77421438308,0.406678930239,1.18400150677,0.55283566323,3.39486492375,2.14168800155,1.18400150677,3.39486492375,0.148993601605,0.120109190173,88,0.0113256113256,0.204164072744,37,37,37,1,0,0.405405405405,0.594594594595,0,-151,-0.113363363363,0.416399183431,-8.16216216216,-6.86363636364,-4.60926640927,-0.361857724632,0.194501461917,0.11701492068,-2.88985827664,0.253447163508,0.0987796835138,-4.0566931527,-0.0970505111253,-0.0551513210648,0.54340193644,0.181535760512,1.39486492375,0.416399183431,0.54340193644,1.39486492375,-0.195077792642,-0.256459847484,-722,-0.0929214929215,-0.365412755606,0,0.0540540540541,-0.0540540540541,183,8,159,982,0.535087719298,0.991919191919,0.00808080808081,0.464912280702,0.958115183246,0.535087719298,0.686679174484,0.656882141735,0.527006911217,0.522857142857,35,186,0,0,0,0
473,WLNM_dir_neg,0.583542895132,0.449165332324,00:00:06,10,20,3,1234860738,threshold_sweep,0.5,0.818181818182,0.145161290323,0.246575342466,27,6,159,366,0.145161290323,0.983870967742,0.0161290322581,0.854838709677,0.818181818182,0.145161290323,0.246575342466,0.704301075269,0.646953405018,0.162436548223,0.257863348488,0.129032258065,342,156,186,0,342,0,156,0,186,37,342,0.256756756757,1.72528881811,18.4864864865,15.5454545455,9.77142857143,5.36771015539,0.290358590277,0.142642642643,9.50849154237,1.02869645341,0.544491860281,8.05331334643,0.871264894205,0.461830251304,0.640599570326,0.371299902718,2,1.72528881811,0.640599570326,2,0.344071394247,0.376569037657,810,0.104247104247,0.56957682835,37,37,37,1,0,0.405405405405,0.540540540541,0.0540540540541,37,0.117117117117,2.22747747748,8.43243243243,7.09090909091,4.45714285714,5.03620525429,0.597242289772,0.326923076923,6.00525295579,1.42432281644,0.680873180873,3.83793300225,0.910278981302,0.463617463617,1.42084529335,0.637871901162,5.2,2.22747747748,1.42084529335,5.2,0,0,0,0,0.160752482811,37,37,37,1,0,0.405405405405,0.540540540541,0.0540540540541,37,189,0.141891891892,2.12377929183,10.2162162162,8.59090909091,5.10810810811,5.14314611419,0.503429646098,0.270413270413,6.64489688819,1.30085282996,0.649792649793,4.0468354151,0.792237620945,0.416416416416,1.15901622861,0.545732898458,3.38194931915,2.12377929183,1.15901622861,3.38194931915,0.157803882474,0.119505494505,87,0.0111969111969,0.208447604339,37,37,37,1,0,0.405405405405,0.594594594595,0,-153,-0.114864864865,0.398490473714,-8.27027027027,-6.95454545455,-4.66332046332,-0.224564041199,0.213071055821,0.127770627771,-2.86359465419,0.272156376548,0.105300789511,-4.00647793134,-0.0790272732601,-0.0454138348875,0.518416658289,0.17443299574,1.38194931915,0.398490473714,0.518416658289,1.38194931915,-0.186267511773,-0.257063543151,-723,-0.0930501930502,-0.361129224011,0,0.0540540540541,-0.0540540540541,183,6,159,984,0.535087719298,0.993939393939,0.00606060606061,0.464912280702,0.968253968254,0.535087719298,0.689265536723,0.662299708243,0.529027113238,0.525862068966,33,186,0,0,0,0
474,WLNM_dir_neg,0.583542895132,0.449165332324,00:00:06,10,20,3,1234860738,threshold_sweep,0.6,0.806451612903,0.134408602151,0.230414746544,25,6,161,366,0.134408602151,0.983870967742,0.0161290322581,0.865591397849,0.806451612903,0.134408602151,0.230414746544,0.700716845878,0.648148148148,0.149405772496,0.243417346654,0.118279569892,342,156,186,0,342,0,156,0,186,37,342,0.256756756757,1.72528881811,18.4864864865,15.5454545455,9.77142857143,5.36771015539,0.290358590277,0.142642642643,9.50849154237,1.02869645341,0.544491860281,8.05331334643,0.871264894205,0.461830251304,0.640599570326,0.371299902718,2,1.72528881811,0.640599570326,2,0.344071394247,0.376569037657,810,0.104247104247,0.56957682835,37,37,37,1,0,0.405405405405,0.540540540541,0.0540540540541,37,0.117117117117,2.22747747748,8.43243243243,7.09090909091,4.45714285714,5.03620525429,0.597242289772,0.326923076923,6.00525295579,1.42432281644,0.680873180873,3.83793300225,0.910278981302,0.463617463617,1.42084529335,0.637871901162,5.2,2.22747747748,1.42084529335,5.2,0,0,0,0,0.160752482811,37,37,37,1,0,0.405405405405,0.540540540541,0.0540540540541,37,187,0.14039039039,2.19169928549,10.1081081081,8.5,5.05405405405,5.24289881535,0.518682503123,0.279953750542,6.67476985016,1.32067638746,0.657031362914,4.03420063641,0.798210821107,0.418557595028,1.30335530383,0.594677979986,4.44206896552,2.19169928549,1.30335530383,4.44206896552,0.178331553002,0.120443008768,87,0.0111969111969,0.196115095578,37,37,37,1,0,0.405405405405,0.594594594595,0,-155,-0.116366366366,0.466410467377,-8.37837837838,-7.04545454545,-4.71737451737,-0.124811340044,0.228323912846,0.137311107899,-2.83372169222,0.291979934049,0.112539502632,-4.01911271003,-0.0730540730979,-0.0432726562758,0.662755733507,0.223378077268,2.44206896552,0.466410467377,0.662755733507,2.44206896552,-0.165739841246,-0.256126028889,-723,-0.0930501930502,-0.373461732772,0,0.0540540540541,-0.0540540540541,181,6,161,984,0.529239766082,0.993939393939,0.00606060606061,0.470760233918,0.967914438503,0.529239766082,0.684310018904,0.657896445487,0.523179160021,0.520114942529,31,186,0,0,0,0
475,WLNM_dir_neg,0.583542895132,0.449165332324,00:00:06,10,20,3,1234860738,threshold_sweep,0.7,0.8,0.129032258065,0.222222222222,24,6,162,366,0.129032258065,0.983870967742,0.0161290322581,0.870967741935,0.8,0.129032258065,0.222222222222,0.698924731183,0.648745519713,0.142857142857,0.235969951862,0.112903225806,342,156,186,0,342,0,156,0,186,37,342,0.256756756757,1.72528881811,18.4864864865,15.5454545455,9.77142857143,5.36771015539,0.290358590277,0.142642642643,9.50849154237,1.02869645341,0.544491860281,8.05331334643,0.871264894205,0.461830251304,0.640599570326,0.371299902718,2,1.72528881811,0.640599570326,2,0.344071394247,0.376569037657,810,0.104247104247,0.56957682835,37,37,37,1,0,0.405405405405,0.540540540541,0.0540540540541,37,0.117117117117,2.22747747748,8.43243243243,7.09090909091,4.45714285714,5.03620525429,0.597242289772,0.326923076923,6.00525295579,1.42432281644,0.680873180873,3.83793300225,0.910278981302,0.463617463617,1.42084529335,0.637871901162,5.2,2.22747747748,1.42084529335,5.2,0,0,0,0,0.160752482811,37,37,37,1,0,0.405405405405,0.540540540541,0.0540540540541,37,186,0.13963963964,2.22471545879,10.0540540541,8.45454545455,5.02702702703,5.22252570839,0.519444761318,0.280587038652,6.67701898923,1.32822420754,0.658820110433,4.05165594738,0.805974570177,0.421098517873,1.37542655972,0.618248304197,4.90159547092,2.22471545879,1.37542655972,4.90159547092,0.178995872784,0.120223671948,86,0.0110682110682,0.195109569118,37,37,37,1,0,0.405405405405,0.594594594595,0,-156,-0.117117117117,0.499426640672,-8.43243243243,-7.09090909091,-4.7444015444,-0.145184447005,0.229086171041,0.137944396009,-2.83147255314,0.299527754121,0.114328250152,-4.00165739906,-0.0652903240277,-0.0407317334312,0.73482698939,0.246948401479,2.90159547092,0.499426640672,0.73482698939,2.90159547092,-0.165075521464,-0.256345365709,-724,-0.0931788931789,-0.374467259232,0,0.0540540540541,-0.0540540540541,180,6,162,984,0.526315789474,0.993939393939,0.00606060606061,0.473684210526,0.967741935484,0.526315789474,0.681818181818,0.655689584858,0.520255183413,0.51724137931,30,186,0,0,0,0
476,WLNM_dir_neg,0.583542895132,0.449165332324,00:00:06,10,20,3,1234860738,threshold_sweep,0.8,0.583333333333,0.0376344086022,0.0707070707071,7,5,179,367,0.0376344086022,0.986559139785,0.0134408602151,0.962365591398,0.583333333333,0.0376344086022,0.0707070707071,0.670250896057,0.659498207885,0.0315789473684,0.0786213627541,0.0241935483871,342,156,186,0,342,0,156,0,186,37,342,0.256756756757,1.72528881811,18.4864864865,15.5454545455,9.77142857143,5.36771015539,0.290358590277,0.142642642643,9.50849154237,1.02869645341,0.544491860281,8.05331334643,0.871264894205,0.461830251304,0.640599570326,0.371299902718,2,1.72528881811,0.640599570326,2,0.344071394247,0.376569037657,810,0.104247104247,0.56957682835,37,37,37,1,0,0.405405405405,0.540540540541,0.0540540540541,37,0.117117117117,2.22747747748,8.43243243243,7.09090909091,4.45714285714,5.03620525429,0.597242289772,0.326923076923,6.00525295579,1.42432281644,0.680873180873,3.83793300225,0.910278981302,0.463617463617,1.42084529335,0.637871901162,5.2,2.22747747748,1.42084529335,5.2,0,0,0,0,0.160752482811,37,37,37,1,0,0.405405405405,0.540540540541,0.0540540540541,37,168,0.126126126126,2.27302089323,9.08108108108,7.63636363636,4.54054054054,4.65103559781,0.512167610474,0.276061776062,5.97027169768,1.31488126675,0.654761904762,3.6254853667,0.798469991475,0.41537966538,1.46192161261,0.643162417453,5.31662386892,2.27302089323,1.46192161261,5.31662386892,0.0707358619123,0.0122164048866,7,0.000900900900901,0.172214491857,37,37,37,1,0,0.405405405405,0.594594594595,0,-174,-0.130630630631,0.547732075119,-9.40540540541,-7.90909090909,-5.23088803089,-0.716674557579,0.221809020196,0.133419133419,-3.53821984469,0.286184813337,0.110270044481,-4.42782797974,-0.0727949027296,-0.0464505859243,0.821322042288,0.271862514735,3.31662386892,0.547732075119,0.821322042288,3.31662386892,-0.273335532335,-0.36435263277,-803,-0.103346203346,-0.397362336493,0,0.0540540540541,-0.0540540540541,163,5,179,985,0.476608187135,0.994949494949,0.00505050505051,0.523391812865,0.970238095238,0.476608187135,0.639215686275,0.620489366951,0.471557682084,0.469740634006,12,186,0,0,0,0
477,WLNM_dir_neg,0.583542895132,0.449165332324,00:00:06,10,20,3,1234860738,threshold_sweep,0.9,0.636363636364,0.0376344086022,0.0710659898477,7,4,179,368,0.0376344086022,0.989247311828,0.010752688172,0.962365591398,0.636363636364,0.0376344086022,0.0710659898477,0.672043010753,0.66009557945,0.0351493848858,0.0911580437008,0.0268817204301,342,156,186,0,342,0,156,0,186,37,342,0.256756756757,1.72528881811,18.4864864865,15.5454545455,9.77142857143,5.36771015539,0.290358590277,0.142642642643,9.50849154237,1.02869645341,0.544491860281,8.05331334643,0.871264894205,0.461830251304,0.640599570326,0.371299902718,2,1.72528881811,0.640599570326,2,0.344071394247,0.376569037657,810,0.104247104247,0.56957682835,37,37,37,1,0,0.405405405405,0.540540540541,0.0540540540541,37,0.117117117117,2.22747747748,8.43243243243,7.09090909091,4.45714285714,5.03620525429,0.597242289772,0.326923076923,6.00525295579,1.42432281644,0.680873180873,3.83793300225,0.910278981302,0.463617463617,1.42084529335,0.637871901162,5.2,2.22747747748,1.42084529335,5.2,0,0,0,0,0.160752482811,37,37,37,1,0,0.405405405405,0.540540540541,0.0540540540541,37,167,0.125375375375,2.20953613188,9.02702702703,7.59090909091,4.51351351351,4.62773334538,0.512653095147,0.276905648163,5.98433892024,1.3258714973,0.65835895776,3.64860415944,0.808373376643,0.420132707558,1.41387148566,0.639895164083,5.2225177305,2.20953613188,1.41387148566,5.2225177305,0.0707358619123,0.0122164048866,7,0.000900900900901,0.172593279736,37,37,37,1,0,0.405405405405,0.594594594595,0,-175,-0.131381381381,0.484247313762,-9.45945945946,-7.95454545455,-5.25791505792,-0.739976810016,0.222294504869,0.13426300552,-3.52415262213,0.297175043884,0.113867097479,-4.40470918699,-0.0628915175616,-0.0416975437461,0.773271915329,0.268595261366,3.2225177305,0.484247313762,0.773271915329,3.2225177305,-0.273335532335,-0.36435263277,-803,-0.103346203346,-0.396983548614,0,0.0540540540541,-0.0540540540541,163,4,179,986,0.476608187135,0.99595959596,0.0040404040404,0.523391812865,0.976047904192,0.476608187135,0.64047151277,0.623409710455,0.472567783094,0.471098265896,11,186,0,0,0,0
478,WLNM_dir_neg,0.467272228003,0.32466796555,00:00:09,10,20,4,1234860739,threshold_sweep,0.1,0.421052631579,0.0860215053763,0.142857142857,16,22,170,350,0.0860215053763,0.940860215054,0.0591397849462,0.913978494624,0.421052631579,0.0860215053763,0.142857142857,0.655913978495,0.643966547192,0.0335570469799,0.0503027272866,0.0268817204301,342,156,186,0,342,0,156,0,186,37,342,0.256756756757,1.72528881811,18.4864864865,15.5454545455,9.77142857143,5.36771015539,0.290358590277,0.142642642643,9.50849154237,1.02869645341,0.544491860281,8.05331334643,0.871264894205,0.461830251304,0.640599570326,0.371299902718,2,1.72528881811,0.640599570326,2,0.344071394247,0.376569037657,810,0.104247104247,0.56957682835,37,37,37,1,0,0.405405405405,0.540540540541,0.0540540540541,37,0.117117117117,2.21261261261,8.43243243243,7.09090909091,4.45714285714,5.04722443274,0.598549051319,0.327616077616,6.00525295579,1.42432281644,0.680873180873,3.83793300225,0.910278981302,0.463617463617,1.39215458577,0.629190386892,5.2,2.21261261261,1.39215458577,5.2,0,0,0,0,0.161113233172,37,37,37,1,0,0.405405405405,0.540540540541,0.0540540540541,37,194,0.145645645646,8.64739991566,10.4864864865,5.87878787879,5.24324324324,5.09695781609,0.486050101019,0.263722485372,5.76100591817,1.0987485514,0.559208693229,3.41081128672,0.650515554684,0.351629980496,3.41263462968,0.394642859468,10.4648245639,8.64739991566,3.41263462968,10.4648245639,0.145382235398,0.0680473372781,46,0.00592020592021,0.137481563432,37,37,37,1,0,0.108108108108,0.891891891892,0,-148,-0.111111111111,6.92211109754,-8,-9.66666666667,-4.52818532819,-0.270752339305,0.195691510742,0.121079842729,-3.7474856242,0.0700520979887,0.014716832948,-4.64250205971,-0.220749339521,-0.110200270808,2.77203505935,0.0233429567499,8.46482456393,6.92211109754,2.77203505935,8.46482456393,-0.19868915885,-0.308521700379,-764,-0.0983268983269,-0.432095264918,-0.297297297297,0.351351351351,-0.0540540540541,172,22,170,968,0.502923976608,0.977777777778,0.0222222222222,0.497076023392,0.886597938144,0.502923976608,0.641791044776,0.595297915027,0.480701754386,0.472527472527,38,186,0,0,0,0
479,WLNM_dir_neg,0.467272228003,0.32466796555,00:00:09,10,20,4,1234860739,threshold_sweep,0.2,0.518518518519,0.0752688172043,0.131455399061,14,13,172,359,0.0752688172043,0.965053763441,0.0349462365591,0.924731182796,0.518518518519,0.0752688172043,0.131455399061,0.668458781362,0.650537634409,0.0512820512821,0.0885823339088,0.0403225806452,342,156,186,0,342,0,156,0,186,37,342,0.256756756757,1.72528881811,18.4864864865,15.5454545455,9.77142857143,5.36771015539,0.290358590277,0.142642642643,9.50849154237,1.02869645341,0.544491860281,8.05331334643,0.871264894205,0.461830251304,0.640599570326,0.371299902718,2,1.72528881811,0.640599570326,2,0.344071394247,0.376569037657,810,0.104247104247,0.56957682835,37,37,37,1,0,0.405405405405,0.540540540541,0.0540540540541,37,0.117117117117,2.21261261261,8.43243243243,7.09090909091,4.45714285714,5.04722443274,0.598549051319,0.327616077616,6.00525295579,1.42432281644,0.680873180873,3.83793300225,0.910278981302,0.463617463617,1.39215458577,0.629190386892,5.2,2.21261261261,1.39215458577,5.2,0,0,0,0,0.161113233172,37,37,37,1,0,0.405405405405,0.540540540541,0.0540540540541,37,183,0.137387387387,3.94972191175,9.89189189189,6.77777777778,4.94594594595,4.6534562053,0.470431365017,0.256092157732,5.91112860979,1.19514622165,0.609068084478,3.44759131654,0.697053982033,0.375129227588,2.21012740886,0.559565320861,6.16123440362,3.94972191175,2.21012740886,6.16123440362,0.14642432127,0.0596634370219,39,0.00501930501931,0.151548375976,37,37,37,1,0,0.27027027027,0.72972972973,0,-159,-0.119369369369,2.22443309363,-8.59459459459,-8.76767676768,-4.82548262548,-0.714253950092,0.18007277474,0.113449515089,-3.59736293259,0.166449768236,0.0645762241966,-4.60572202989,-0.174210912172,-0.0867010237157,1.56952783853,0.188265418143,4.16123440362,2.22443309363,1.56952783853,4.16123440362,-0.197647072978,-0.316905600635,-771,-0.0992277992278,-0.418028452373,-0.135135135135,0.189189189189,-0.0540540540541,170,13,172,977,0.497076023392,0.986868686869,0.0131313131313,0.502923976608,0.928961748634,0.497076023392,0.647619047619,0.614102461691,0.48394471026,0.478873239437,27,186,0,0,0,0
480,WLNM_dir_neg,0.467272228003,0.32466796555,00:00:09,10,20,4,1234860739,threshold_sweep,0.3,0.666666666667,0.0752688172043,0.135265700483,14,7,172,365,0.0752688172043,0.981182795699,0.0188172043011,0.924731182796,0.666666666667,0.0752688172043,0.135265700483,0.679211469534,0.654121863799,0.0725388601036,0.139832301796,0.0564516129032,342,156,186,0,342,0,156,0,186,37,342,0.256756756757,1.72528881811,18.4864864865,15.5454545455,9.77142857143,5.36771015539,0.290358590277,0.142642642643,9.50849154237,1.02869645341,0.544491860281,8.05331334643,0.871264894205,0.461830251304,0.640599570326,0.371299902718,2,1.72528881811,0.640599570326,2,0.344071394247,0.376569037657,810,0.104247104247,0.56957682835,37,37,37,1,0,0.405405405405,0.540540540541,0.0540540540541,37,0.117117117117,2.21261261261,8.43243243243,7.09090909091,4.45714285714,5.04722443274,0.598549051319,0.327616077616,6.00525295579,1.42432281644,0.680873180873,3.83793300225,0.910278981302,0.463617463617,1.39215458577,0.629190386892,5.2,2.21261261261,1.39215458577,5.2,0,0,0,0,0.161113233172,37,37,37,1,0,0.405405405405,0.540540540541,0.0540540540541,37,177,0.132882882883,2.17167949277,9.56756756757,8.04545454545,4.78378378378,4.53713407181,0.474220227845,0.254237288136,6.02372686012,1.25919714025,0.638265384028,3.48118063574,0.727704426679,0.386929302184,1.29550864,0.596546886553,4.38946360153,2.17167949277,1.29550864,4.38946360153,0.125638507914,0.0359281437126,22,0.0028314028314,0.177319931646,37,37,37,1,0,0.405405405405,0.594594594595,0,-165,-0.123873873874,0.446390674654,-8.91891891892,-7.5,-4.98764478764,-0.830576083583,0.183861637567,0.111594645493,-3.48476468226,0.230500686835,0.0937735237468,-4.5721327107,-0.143560467526,-0.0749009491204,0.654909069676,0.225246983835,2.38946360153,0.446390674654,0.654909069676,2.38946360153,-0.218432886333,-0.340640893944,-788,-0.101415701416,-0.392256896704,0,0.0540540540541,-0.0540540540541,170,7,172,983,0.497076023392,0.992929292929,0.00707070707071,0.502923976608,0.960451977401,0.497076023392,0.655105973025,0.630599783011,0.490005316321,0.487106017192,21,186,0,0,0,0
481,WLNM_dir_neg,0.467272228003,0.32466796555,00:00:09,10,20,4,1234860739,threshold_sweep,0.4,0.666666666667,0.0752688172043,0.135265700483,14,7,172,365,0.0752688172043,0.981182795699,0.0188172043011,0.924731182796,0.666666666667,0.0752688172043,0.135265700483,0.679211469534,0.654121863799,0.0725388601036,0.139832301796,0.0564516129032,342,156,186,0,342,0,156,0,186,37,342,0.256756756757,1.72528881811,18.4864864865,15.5454545455,9.77142857143,5.36771015539,0.290358590277,0.142642642643,9.50849154237,1.02869645341,0.544491860281,8.05331334643,0.871264894205,0.461830251304,0.640599570326,0.371299902718,2,1.72528881811,0.640599570326,2,0.344071394247,0.376569037657,810,0.104247104247,0.56957682835,37,37,37,1,0,0.405405405405,0.540540540541,0.0540540540541,37,0.117117117117,2.21261261261,8.43243243243,7.09090909091,4.45714285714,5.04722443274,0.598549051319,0.327616077616,6.00525295579,1.42432281644,0.680873180873,3.83793300225,0.910278981302,0.463617463617,1.39215458577,0.629190386892,5.2,2.21261261261,1.39215458577,5.2,0,0,0,0,0.161113233172,37,37,37,1,0,0.405405405405,0.540540540541,0.0540540540541,37,177,0.132882882883,2.17167949277,9.56756756757,8.04545454545,4.78378378378,4.53713407181,0.474220227845,0.254237288136,6.02372686012,1.25919714025,0.638265384028,3.48118063574,0.727704426679,0.386929302184,1.29550864,0.596546886553,4.38946360153,2.17167949277,1.29550864,4.38946360153,0.125638507914,0.0359281437126,22,0.0028314028314,0.177319931646,37,37,37,1,0,0.405405405405,0.594594594595,0,-165,-0.123873873874,0.446390674654,-8.91891891892,-7.5,-4.98764478764,-0.830576083583,0.183861637567,0.111594645493,-3.48476468226,0.230500686835,0.0937735237468,-4.5721327107,-0.143560467526,-0.0749009491204,0.654909069676,0.225246983835,2.38946360153,0.446390674654,0.654909069676,2.38946360153,-0.218432886333,-0.340640893944,-788,-0.101415701416,-0.392256896704,0,0.0540540540541,-0.0540540540541,170,7,172,983,0.497076023392,0.992929292929,0.00707070707071,0.502923976608,0.960451977401,0.497076023392,0.655105973025,0.630599783011,0.490005316321,0.487106017192,21,186,0,0,0,0
482,WLNM_dir_neg,0.467272228003,0.32466796555,00:00:09,10,20,4,1234860739,threshold_sweep,0.5,0.65,0.0698924731183,0.126213592233,13,7,173,365,0.0698924731183,0.981182795699,0.0188172043011,0.930107526882,0.65,0.0698924731183,0.126213592233,0.677419354839,0.654719235364,0.0657439446367,0.129518697248,0.0510752688172,342,156,186,0,342,0,156,0,186,37,342,0.256756756757,1.72528881811,18.4864864865,15.5454545455,9.77142857143,5.36771015539,0.290358590277,0.142642642643,9.50849154237,1.02869645341,0.544491860281,8.05331334643,0.871264894205,0.461830251304,0.640599570326,0.371299902718,2,1.72528881811,0.640599570326,2,0.344071394247,0.376569037657,810,0.104247104247,0.56957682835,37,37,37,1,0,0.405405405405,0.540540540541,0.0540540540541,37,0.117117117117,2.21261261261,8.43243243243,7.09090909091,4.45714285714,5.04722443274,0.598549051319,0.327616077616,6.00525295579,1.42432281644,0.680873180873,3.83793300225,0.910278981302,0.463617463617,1.39215458577,0.629190386892,5.2,2.21261261261,1.39215458577,5.2,0,0,0,0,0.161113233172,37,37,37,1,0,0.405405405405,0.540540540541,0.0540540540541,37,176,0.132132132132,2.18077991453,9.51351351351,8,4.75675675676,4.58028153927,0.481450048162,0.258753071253,6.02958173142,1.26758252308,0.640663390663,3.49130193326,0.733966883697,0.388820638821,1.31376397676,0.602428501845,4.38946360153,2.18077991453,1.31376397676,4.38946360153,0.123942006218,0.0328587075575,20,0.002574002574,0.175907851662,37,37,37,1,0,0.405405405405,0.594594594595,0,-166,-0.124624624625,0.455491096415,-8.97297297297,-7.54545454545,-5.01467181467,-0.787428616123,0.191091457885,0.11611042861,-3.47890981096,0.238886069667,0.0961715303821,-4.56201141317,-0.137298010508,-0.0730096124833,0.673164406437,0.231128599127,2.38946360153,0.455491096415,0.673164406437,2.38946360153,-0.22012938803,-0.343710330099,-790,-0.101673101673,-0.393668976688,0,0.0540540540541,-0.0540540540541,169,7,173,983,0.494152046784,0.992929292929,0.00707070707071,0.505847953216,0.960227272727,0.494152046784,0.65250965251,0.628343159212,0.487081339713,0.484240687679,20,186,0,0,0,0
483,WLNM_dir_neg,0.467272228003,0.32466796555,00:00:09,10,20,4,1234860739,threshold_sweep,0.6,0.611111111111,0.0591397849462,0.107843137255,11,7,175,365,0.0591397849462,0.981182795699,0.0188172043011,0.940860215054,0.611111111111,0.0591397849462,0.107843137255,0.673835125448,0.655913978495,0.0520833333333,0.107582870728,0.0403225806452,342,156,186,0,342,0,156,0,186,37,342,0.256756756757,1.72528881811,18.4864864865,15.5454545455,9.77142857143,5.36771015539,0.290358590277,0.142642642643,9.50849154237,1.02869645341,0.544491860281,8.05331334643,0.871264894205,0.461830251304,0.640599570326,0.371299902718,2,1.72528881811,0.640599570326,2,0.344071394247,0.376569037657,810,0.104247104247,0.56957682835,37,37,37,1,0,0.405405405405,0.540540540541,0.0540540540541,37,0.117117117117,2.21261261261,8.43243243243,7.09090909091,4.45714285714,5.04722443274,0.598549051319,0.327616077616,6.00525295579,1.42432281644,0.680873180873,3.83793300225,0.910278981302,0.463617463617,1.39215458577,0.629190386892,5.2,2.21261261261,1.39215458577,5.2,0,0,0,0,0.161113233172,37,37,37,1,0,0.405405405405,0.540540540541,0.0540540540541,37,174,0.130630630631,2.18300786554,9.40540540541,7.90909090909,4.7027027027,4.58535991232,0.487523898724,0.261261261261,5.9808252165,1.27178467247,0.642435538987,3.52660416505,0.749910081074,0.394221808015,1.3176863985,0.603610467601,4.38946360153,2.18300786554,1.3176863985,4.38946360153,0.109356691942,0.0234244283324,14,0.0018018018018,0.175475392177,37,37,37,1,0,0.405405405405,0.594594594595,0,-168,-0.126126126126,0.457719047428,-9.08108108108,-7.63636363636,-5.06872586873,-0.782350243072,0.197165308447,0.118618618619,-3.52766632588,0.243088219058,0.0979436787059,-4.52670918139,-0.121354813131,-0.067608443289,0.677086828171,0.232310564883,2.38946360153,0.457719047428,0.677086828171,2.38946360153,-0.234714702306,-0.353144609324,-796,-0.102445302445,-0.394101436173,0,0.0540540540541,-0.0540540540541,167,7,175,983,0.488304093567,0.992929292929,0.00707070707071,0.511695906433,0.959770114943,0.488304093567,0.647286821705,0.623817417169,0.481233386497,0.478510028653,18,186,0,0,0,0
484,WLNM_dir_neg,0.467272228003,0.32466796555,00:00:09,10,20,4,1234860739,threshold_sweep,0.7,0.647058823529,0.0591397849462,0.108374384236,11,6,175,366,0.0591397849462,0.983870967742,0.0161290322581,0.940860215054,0.647058823529,0.0591397849462,0.108374384236,0.675627240143,0.65651135006,0.055652173913,0.117972801188,0.0430107526882,342,156,186,0,342,0,156,0,186,37,342,0.256756756757,1.72528881811,18.4864864865,15.5454545455,9.77142857143,5.36771015539,0.290358590277,0.142642642643,9.50849154237,1.02869645341,0.544491860281,8.05331334643,0.871264894205,0.461830251304,0.640599570326,0.371299902718,2,1.72528881811,0.640599570326,2,0.344071394247,0.376569037657,810,0.104247104247,0.56957682835,37,37,37,1,0,0.405405405405,0.540540540541,0.0540540540541,37,0.117117117117,2.21261261261,8.43243243243,7.09090909091,4.45714285714,5.04722443274,0.598549051319,0.327616077616,6.00525295579,1.42432281644,0.680873180873,3.83793300225,0.910278981302,0.463617463617,1.39215458577,0.629190386892,5.2,2.21261261261,1.39215458577,5.2,0,0,0,0,0.161113233172,37,37,37,1,0,0.405405405405,0.540540540541,0.0540540540541,37,173,0.12987987988,2.17974354071,9.35135135135,7.86363636364,4.67567567568,4.55958219465,0.487585379197,0.262615216372,5.99561902121,1.28230002188,0.646149039213,3.52809402475,0.75456346194,0.395563193251,1.31466968799,0.603130443301,4.38333333333,2.17974354071,1.31466968799,4.38333333333,0.109356691942,0.0234244283324,14,0.0018018018018,0.173852015554,37,37,37,1,0,0.405405405405,0.594594594595,0,-169,-0.126876876877,0.454454722596,-9.13513513514,-7.68181818182,-5.09575289575,-0.808127960741,0.19722678892,0.11997257373,-3.51287252117,0.253603568462,0.101657178931,-4.52521932169,-0.116701432265,-0.0662670580529,0.674070117664,0.231830540583,2.38333333333,0.454454722596,0.674070117664,2.38333333333,-0.234714702306,-0.353144609324,-796,-0.102445302445,-0.395724812796,0,0.0540540540541,-0.0540540540541,167,6,175,984,0.488304093567,0.993939393939,0.00606060606061,0.511695906433,0.965317919075,0.488304093567,0.64854368932,0.62666040086,0.482243487507,0.479885057471,17,186,0,0,0,0
485,WLNM_dir_neg,0.467272228003,0.32466796555,00:00:09,10,20,4,1234860739,threshold_sweep,0.8,0.642857142857,0.0483870967742,0.09,9,5,177,367,0.0483870967742,0.986559139785,0.0134408602151,0.951612903226,0.642857142857,0.0483870967742,0.09,0.673835125448,0.658303464755,0.0454545454545,0.105333105077,0.0349462365591,342,156,186,0,342,0,156,0,186,37,342,0.256756756757,1.72528881811,18.4864864865,15.5454545455,9.77142857143,5.36771015539,0.290358590277,0.142642642643,9.50849154237,1.02869645341,0.544491860281,8.05331334643,0.871264894205,0.461830251304,0.640599570326,0.371299902718,2,1.72528881811,0.640599570326,2,0.344071394247,0.376569037657,810,0.104247104247,0.56957682835,37,37,37,1,0,0.405405405405,0.540540540541,0.0540540540541,37,0.117117117117,2.21261261261,8.43243243243,7.09090909091,4.45714285714,5.04722443274,0.598549051319,0.327616077616,6.00525295579,1.42432281644,0.680873180873,3.83793300225,0.910278981302,0.463617463617,1.39215458577,0.629190386892,5.2,2.21261261261,1.39215458577,5.2,0,0,0,0,0.161113233172,37,37,37,1,0,0.405405405405,0.540540540541,0.0540540540541,37,170,0.127627627628,2.1788784211,9.18918918919,7.72727272727,4.59459459459,4.50208493576,0.489932772421,0.26279809221,5.96964292371,1.29927522457,0.650556438792,3.57039882195,0.777086802423,0.401589825119,1.31227829467,0.602272381038,4.40185185185,2.1788784211,1.31227829467,4.40185185185,0.0689454160042,0.0173010380623,10,0.001287001287,0.171016234777,37,37,37,1,0,0.405405405405,0.594594594595,0,-172,-0.129129129129,0.453589602989,-9.2972972973,-7.81818181818,-5.17683397683,-0.865625219636,0.199574182143,0.120155449567,-3.53884861866,0.270578771158,0.10606457851,-4.48291452449,-0.0941780917815,-0.0602404261847,0.671678724345,0.23097247832,2.40185185185,0.453589602989,0.671678724345,2.40185185185,-0.275125978243,-0.359267999595,-800,-0.10296010296,-0.398560593573,0,0.0540540540541,-0.0540540540541,165,5,177,985,0.482456140351,0.994949494949,0.00505050505051,0.517543859649,0.970588235294,0.482456140351,0.64453125,0.625015325883,0.4774056353,0.475504322767,14,186,0,0,0,0
486,WLNM_dir_neg,0.467272228003,0.32466796555,00:00:09,10,20,4,1234860739,threshold_sweep,0.9,0.615384615385,0.0430107526882,0.0804020100503,8,5,178,367,0.0430107526882,0.986559139785,0.0134408602151,0.956989247312,0.615384615385,0.0430107526882,0.0804020100503,0.672043010753,0.65890083632,0.0385288966725,0.0924076147012,0.0295698924731,342,156,186,0,342,0,156,0,186,37,342,0.256756756757,1.72528881811,18.4864864865,15.5454545455,9.77142857143,5.36771015539,0.290358590277,0.142642642643,9.50849154237,1.02869645341,0.544491860281,8.05331334643,0.871264894205,0.461830251304,0.640599570326,0.371299902718,2,1.72528881811,0.640599570326,2,0.344071394247,0.376569037657,810,0.104247104247,0.56957682835,37,37,37,1,0,0.405405405405,0.540540540541,0.0540540540541,37,0.117117117117,2.21261261261,8.43243243243,7.09090909091,4.45714285714,5.04722443274,0.598549051319,0.327616077616,6.00525295579,1.42432281644,0.680873180873,3.83793300225,0.910278981302,0.463617463617,1.39215458577,0.629190386892,5.2,2.21261261261,1.39215458577,5.2,0,0,0,0,0.161113233172,37,37,37,1,0,0.405405405405,0.540540540541,0.0540540540541,37,169,0.126876876877,2.19411850875,9.13513513514,7.68181818182,4.56756756757,4.55315618349,0.498422422453,0.267551575244,5.97467126265,1.30806412259,0.652486806333,3.57102957874,0.781823043867,0.402686710379,1.33255648178,0.607331133875,4.48888888889,2.19411850875,1.33255648178,4.48888888889,0.0669448860625,0.015652173913,9,0.0011583011583,0.168570003759,37,37,37,1,0,0.405405405405,0.594594594595,0,-173,-0.12987987988,0.468829690638,-9.35135135135,-7.86363636364,-5.20386100386,-0.814553971906,0.208063832176,0.124908932601,-3.53382027973,0.279367669176,0.107994946052,-4.48228376769,-0.0894418503382,-0.0591435409249,0.691956911452,0.236031231158,2.48888888889,0.468829690638,0.691956911452,2.48888888889,-0.277126508185,-0.360916863744,-801,-0.103088803089,-0.401006824591,0,0.0540540540541,-0.0540540540541,164,5,178,985,0.479532163743,0.994949494949,0.00505050505051,0.520467836257,0.970414201183,0.479532163743,0.641878669276,0.622754493511,0.474481658692,0.472622478386,13,186,0,0,0,0
487,WLNM_dir_neg,0.341477338421,0.322878104442,00:00:10,10,20,5,1234860740,threshold_sweep,0.1,0.586956521739,0.145161290323,0.23275862069,27,19,159,353,0.145161290323,0.948924731183,0.0510752688172,0.854838709677,0.586956521739,0.145161290323,0.23275862069,0.681003584229,0.639187574671,0.115894039735,0.161264639544,0.0940860215054,342,156,186,0,342,0,156,0,186,37,342,0.256756756757,1.72528881811,18.4864864865,15.5454545455,9.77142857143,5.36771015539,0.290358590277,0.142642642643,9.50849154237,1.02869645341,0.544491860281,8.05331334643,0.871264894205,0.461830251304,0.640599570326,0.371299902718,2,1.72528881811,0.640599570326,2,0.344071394247,0.376569037657,810,0.104247104247,0.56957682835,37,37,37,1,0,0.405405405405,0.540540540541,0.0540540540541,37,0.117117117117,2.18635635636,8.43243243243,7.09090909091,4.45714285714,5.03620525429,0.597242289772,0.326923076923,6.00062559301,1.42322530091,0.680526680527,3.83793300225,0.910278981302,0.463617463617,1.32204914232,0.604681454823,4.3462962963,2.18635635636,1.32204914232,4.3462962963,0,0,0,0,0.160896782956,37,37,37,1,0,0.405405405405,0.540540540541,0.0540540540541,37,202,0.151651651652,7.5146684562,10.9189189189,6.73333333333,5.45945945946,4.94063861357,0.452484229461,0.245383997859,6.0763411624,1.11299318321,0.577736151994,3.3465952399,0.612990217209,0.331014182499,3.47663708825,0.462646769915,9.9286323885,7.5146684562,3.47663708825,9.9286323885,0.142489006034,0.0763589301122,59,0.00759330759331,0.163046108034,37,37,37,1,0,0.189189189189,0.810810810811,0,-140,-0.105105105105,5.78937963809,-7.56756756757,-8.81212121212,-4.31196911197,-0.427071541822,0.162125639184,0.102741355217,-3.43215037997,0.0842967297978,0.0332442917122,-4.70671810654,-0.258274676996,-0.130816068805,2.83603751792,0.0913468671977,7.9286323885,5.78937963809,2.83603751792,7.9286323885,-0.201582388214,-0.300210107545,-751,-0.0966537966538,-0.406530720316,-0.216216216216,0.27027027027,-0.0540540540541,183,19,159,971,0.535087719298,0.980808080808,0.0191919191919,0.464912280702,0.905940594059,0.535087719298,0.672794117647,0.628315445968,0.515895800106,0.506925207756,46,186,0,0,0,0
488,WLNM_dir_neg,0.341477338421,0.322878104442,00:00:10,10,20,5,1234860740,threshold_sweep,0.2,0.684210526316,0.139784946237,0.232142857143,26,12,160,360,0.139784946237,0.967741935484,0.0322580645161,0.860215053763,0.684210526316,0.139784946237,0.232142857143,0.691756272401,0.643966547192,0.134228187919,0.201210909146,0.10752688172,342,156,186,0,342,0,156,0,186,37,342,0.256756756757,1.72528881811,18.4864864865,15.5454545455,9.77142857143,5.36771015539,0.290358590277,0.142642642643,9.50849154237,1.02869645341,0.544491860281,8.05331334643,0.871264894205,0.461830251304,0.640599570326,0.371299902718,2,1.72528881811,0.640599570326,2,0.344071394247,0.376569037657,810,0.104247104247,0.56957682835,37,37,37,1,0,0.405405405405,0.540540540541,0.0540540540541,37,0.117117117117,2.18635635636,8.43243243243,7.09090909091,4.45714285714,5.03620525429,0.597242289772,0.326923076923,6.00062559301,1.42322530091,0.680526680527,3.83793300225,0.910278981302,0.463617463617,1.32204914232,0.604681454823,4.3462962963,2.18635635636,1.32204914232,4.3462962963,0,0,0,0,0.160896782956,37,37,37,1,0,0.405405405405,0.540540540541,0.0540540540541,37,194,0.145645645646,2.54638301902,10.4864864865,8.4347826087,5.24324324324,4.75874412483,0.453797764482,0.243382557816,6.18423356163,1.17946722567,0.612148230705,3.30324256018,0.629999869726,0.339370298133,1.57723495539,0.619402086647,4.64771082327,2.54638301902,1.57723495539,4.64771082327,0.139231557962,0.0615097856477,44,0.00566280566281,0.185157848759,37,37,37,1,0,0.378378378378,0.621621621622,0,-148,-0.111111111111,0.821094200909,-8,-7.11067193676,-4.52818532819,-0.608966030559,0.163439174205,0.100739915173,-3.32425798075,0.150770772256,0.0676563704236,-4.75007078625,-0.241265024479,-0.122459953171,0.93663538506,0.248102183929,2.64771082327,0.821094200909,0.93663538506,2.64771082327,-0.204839836285,-0.315059252009,-766,-0.0985842985843,-0.384418979591,-0.027027027027,0.0810810810811,-0.0540540540541,182,12,160,978,0.53216374269,0.987878787879,0.0121212121212,0.46783625731,0.938144329897,0.53216374269,0.679104477612,0.644017275469,0.520042530569,0.514124293785,38,186,0,0,0,0
489,WLNM_dir_neg,0.341477338421,0.322878104442,00:00:10,10,20,5,1234860740,threshold_sweep,0.3,0.675675675676,0.134408602151,0.224215246637,25,12,161,360,0.134408602151,0.967741935484,0.0322580645161,0.865591397849,0.675675675676,0.134408602151,0.224215246637,0.689964157706,0.644563918757,0.127731092437,0.193530257786,0.102150537634,342,156,186,0,342,0,156,0,186,37,342,0.256756756757,1.72528881811,18.4864864865,15.5454545455,9.77142857143,5.36771015539,0.290358590277,0.142642642643,9.50849154237,1.02869645341,0.544491860281,8.05331334643,0.871264894205,0.461830251304,0.640599570326,0.371299902718,2,1.72528881811,0.640599570326,2,0.344071394247,0.376569037657,810,0.104247104247,0.56957682835,37,37,37,1,0,0.405405405405,0.540540540541,0.0540540540541,37,0.117117117117,2.18635635636,8.43243243243,7.09090909091,4.45714285714,5.03620525429,0.597242289772,0.326923076923,6.00062559301,1.42322530091,0.680526680527,3.83793300225,0.910278981302,0.463617463617,1.32204914232,0.604681454823,4.3462962963,2.18635635636,1.32204914232,4.3462962963,0,0,0,0,0.160896782956,37,37,37,1,0,0.405405405405,0.540540540541,0.0540540540541,37,193,0.144894894895,2.54442862908,10.4324324324,8.39130434783,5.21621621622,4.74658087786,0.454983141142,0.242543061196,6.16502291216,1.1818955842,0.613079400644,3.32611831766,0.637649625665,0.343089203193,1.57416738995,0.618672251979,4.63544064971,2.54442862908,1.57416738995,4.63544064971,0.139231557962,0.0615097856477,44,0.00566280566281,0.184848132705,37,37,37,1,0,0.378378378378,0.621621621622,0,-149,-0.111861861862,0.819139810961,-8.05405405405,-7.15415019763,-4.55521235521,-0.621129277537,0.164624550865,0.0999004185533,-3.34346863021,0.153199130782,0.0685875403628,-4.72719502878,-0.23361526854,-0.118741048111,0.933567819625,0.247372349261,2.63544064971,0.819139810961,0.933567819625,2.63544064971,-0.204839836285,-0.315059252009,-766,-0.0985842985843,-0.384728695644,-0.027027027027,0.0810810810811,-0.0540540540541,181,12,161,978,0.529239766082,0.987878787879,0.0121212121212,0.470760233918,0.937823834197,0.529239766082,0.676635514019,0.641771244667,0.517118553961,0.511299435028,37,186,0,0,0,0
490,WLNM_dir_neg,0.341477338421,0.322878104442,00:00:10,10,20,5,1234860740,threshold_sweep,0.4,0.705882352941,0.129032258065,0.218181818182,24,10,162,362,0.129032258065,0.97311827957,0.0268817204301,0.870967741935,0.705882352941,0.129032258065,0.218181818182,0.691756272401,0.646356033453,0.128378378378,0.201309141505,0.102150537634,342,156,186,0,342,0,156,0,186,37,342,0.256756756757,1.72528881811,18.4864864865,15.5454545455,9.77142857143,5.36771015539,0.290358590277,0.142642642643,9.50849154237,1.02869645341,0.544491860281,8.05331334643,0.871264894205,0.461830251304,0.640599570326,0.371299902718,2,1.72528881811,0.640599570326,2,0.344071394247,0.376569037657,810,0.104247104247,0.56957682835,37,37,37,1,0,0.405405405405,0.540540540541,0.0540540540541,37,0.117117117117,2.18635635636,8.43243243243,7.09090909091,4.45714285714,5.03620525429,0.597242289772,0.326923076923,6.00062559301,1.42322530091,0.680526680527,3.83793300225,0.910278981302,0.463617463617,1.32204914232,0.604681454823,4.3462962963,2.18635635636,1.32204914232,4.3462962963,0,0,0,0,0.160896782956,37,37,37,1,0,0.405405405405,0.540540540541,0.0540540540541,37,190,0.142642642643,2.53302805285,10.2702702703,8.26086956522,5.13513513514,4.8169183824,0.469015737234,0.246657183499,6.14709580101,1.19706602441,0.617354196302,3.35130291547,0.652622146697,0.352773826458,1.55850326802,0.615272802157,4.61927841595,2.53302805285,1.55850326802,4.61927841595,0.125873839341,0.0552668871044,39,0.00501930501931,0.182136211741,37,37,37,1,0,0.378378378378,0.621621621622,0,-152,-0.114114114114,0.807739234732,-8.21621621622,-7.28458498024,-4.63629343629,-0.550791772993,0.178657146957,0.104014540857,-3.36139574137,0.168369570992,0.0728623360202,-4.70201043097,-0.218642747508,-0.109056424846,0.917903697692,0.243972899439,2.61927841595,0.807739234732,0.917903697692,2.61927841595,-0.218197554906,-0.321302150553,-771,-0.0992277992278,-0.387440616608,-0.027027027027,0.0810810810811,-0.0540540540541,180,10,162,980,0.526315789474,0.989898989899,0.010101010101,0.473684210526,0.947368421053,0.526315789474,0.676691729323,0.644838905625,0.516214779373,0.511363636364,34,186,0,0,0,0
491,WLNM_dir_neg,0.341477338421,0.322878104442,00:00:10,10,20,5,1234860740,threshold_sweep,0.5,0.69696969697,0.123655913978,0.2100456621,23,10,163,362,0.123655913978,0.97311827957,0.0268817204301,0.876344086022,0.69696969697,0.123655913978,0.2100456621,0.689964157706,0.646953405018,0.121827411168,0.193397511366,0.0967741935484,342,156,186,0,342,0,156,0,186,37,342,0.256756756757,1.72528881811,18.4864864865,15.5454545455,9.77142857143,5.36771015539,0.290358590277,0.142642642643,9.50849154237,1.02869645341,0.544491860281,8.05331334643,0.871264894205,0.461830251304,0.640599570326,0.371299902718,2,1.72528881811,0.640599570326,2,0.344071394247,0.376569037657,810,0.104247104247,0.56957682835,37,37,37,1,0,0.405405405405,0.540540540541,0.0540540540541,37,0.117117117117,2.18635635636,8.43243243243,7.09090909091,4.45714285714,5.03620525429,0.597242289772,0.326923076923,6.00062559301,1.42322530091,0.680526680527,3.83793300225,0.910278981302,0.463617463617,1.32204914232,0.604681454823,4.3462962963,2.18635635636,1.32204914232,4.3462962963,0,0,0,0,0.160896782956,37,37,37,1,0,0.405405405405,0.540540540541,0.0540540540541,37,189,0.141891891892,2.53145810319,10.2162162162,8.21739130435,5.10810810811,4.82548290695,0.472335628458,0.248248248248,6.13633886407,1.2012938517,0.618332618333,3.36471712352,0.658701235822,0.355498355498,1.55616297107,0.614729893854,4.60726533221,2.53145810319,1.55616297107,4.60726533221,0.120411986511,0.05,35,0.0045045045045,0.181232668644,37,37,37,1,0,0.378378378378,0.621621621622,0,-153,-0.114864864865,0.80616928508,-8.27027027027,-7.32806324111,-4.66332046332,-0.542227248441,0.181977038181,0.105605605606,-3.37215267831,0.172597398281,0.0738407580513,-4.68859622291,-0.212563658383,-0.106331895806,0.915563400746,0.243429991136,2.60726533221,0.80616928508,0.915563400746,2.60726533221,-0.223659407736,-0.326569037657,-775,-0.0997425997426,-0.388344159706,-0.027027027027,0.0810810810811,-0.0540540540541,179,10,163,980,0.523391812865,0.989898989899,0.010101010101,0.476608187135,0.94708994709,0.523391812865,0.674199623352,0.642599103918,0.513290802764,0.508522727273,33,186,0,0,0,0
492,WLNM_dir_neg,0.341477338421,0.322878104442,00:00:10,10,20,5,1234860740,threshold_sweep,0.6,0.709677419355,0.118279569892,0.202764976959,22,9,164,363,0.118279569892,0.975806451613,0.0241935483871,0.881720430108,0.709677419355,0.118279569892,0.202764976959,0.689964157706,0.648148148148,0.118845500849,0.193627434838,0.0940860215054,342,156,186,0,342,0,156,0,186,37,342,0.256756756757,1.72528881811,18.4864864865,15.5454545455,9.77142857143,5.36771015539,0.290358590277,0.142642642643,9.50849154237,1.02869645341,0.544491860281,8.05331334643,0.871264894205,0.461830251304,0.640599570326,0.371299902718,2,1.72528881811,0.640599570326,2,0.344071394247,0.376569037657,810,0.104247104247,0.56957682835,37,37,37,1,0,0.405405405405,0.540540540541,0.0540540540541,37,0.117117117117,2.18635635636,8.43243243243,7.09090909091,4.45714285714,5.03620525429,0.597242289772,0.326923076923,6.00062559301,1.42322530091,0.680526680527,3.83793300225,0.910278981302,0.463617463617,1.32204914232,0.604681454823,4.3462962963,2.18635635636,1.32204914232,4.3462962963,0,0,0,0,0.160896782956,37,37,37,1,0,0.405405405405,0.540540540541,0.0540540540541,37,187,0.14039039039,2.53864447216,10.1081081081,8.13043478261,5.05405405405,4.83496399954,0.478325315463,0.25350484174,6.12801375264,1.21249469972,0.621477092065,3.40706737651,0.674125630647,0.363347304524,1.56688644368,0.617213816609,4.63820212754,2.53864447216,1.56688644368,4.63820212754,0.11645435794,0.0450363196126,31,0.0039897039897,0.180678861063,37,37,37,1,0,0.378378378378,0.621621621622,0,-155,-0.116366366366,0.813355654048,-8.37837837838,-7.41501976285,-4.71737451737,-0.53274615585,0.187966725186,0.110862199097,-3.38047778973,0.183798246306,0.076985231784,-4.64624596992,-0.197139263558,-0.0984829467802,0.926286873351,0.245913913891,2.63820212754,0.813355654048,0.926286873351,2.63820212754,-0.227617036307,-0.331532718044,-779,-0.100257400257,-0.388897967287,-0.027027027027,0.0810810810811,-0.0540540540541,178,9,164,981,0.520467836257,0.990909090909,0.00909090909091,0.479532163743,0.951871657754,0.520467836257,0.672967863894,0.643055168086,0.511376927166,0.507122507123,31,186,0,0,0,0
493,WLNM_dir_neg,0.341477338421,0.322878104442,00:00:10,10,20,5,1234860740,threshold_sweep,0.7,0.709677419355,0.118279569892,0.202764976959,22,9,164,363,0.118279569892,0.975806451613,0.0241935483871,0.881720430108,0.709677419355,0.118279569892,0.202764976959,0.689964157706,0.648148148148,0.118845500849,0.193627434838,0.0940860215054,342,156,186,0,342,0,156,0,186,37,342,0.256756756757,1.72528881811,18.4864864865,15.5454545455,9.77142857143,5.36771015539,0.290358590277,0.142642642643,9.50849154237,1.02869645341,0.544491860281,8.05331334643,0.871264894205,0.461830251304,0.640599570326,0.371299902718,2,1.72528881811,0.640599570326,2,0.344071394247,0.376569037657,810,0.104247104247,0.56957682835,37,37,37,1,0,0.405405405405,0.540540540541,0.0540540540541,37,0.117117117117,2.18635635636,8.43243243243,7.09090909091,4.45714285714,5.03620525429,0.597242289772,0.326923076923,6.00062559301,1.42322530091,0.680526680527,3.83793300225,0.910278981302,0.463617463617,1.32204914232,0.604681454823,4.3462962963,2.18635635636,1.32204914232,4.3462962963,0,0,0,0,0.160896782956,37,37,37,1,0,0.405405405405,0.540540540541,0.0540540540541,37,187,0.14039039039,2.53864447216,10.1081081081,8.13043478261,5.05405405405,4.83496399954,0.478325315463,0.25350484174,6.12801375264,1.21249469972,0.621477092065,3.40706737651,0.674125630647,0.363347304524,1.56688644368,0.617213816609,4.63820212754,2.53864447216,1.56688644368,4.63820212754,0.11645435794,0.0450363196126,31,0.0039897039897,0.180678861063,37,37,37,1,0,0.378378378378,0.621621621622,0,-155,-0.116366366366,0.813355654048,-8.37837837838,-7.41501976285,-4.71737451737,-0.53274615585,0.187966725186,0.110862199097,-3.38047778973,0.183798246306,0.076985231784,-4.64624596992,-0.197139263558,-0.0984829467802,0.926286873351,0.245913913891,2.63820212754,0.813355654048,0.926286873351,2.63820212754,-0.227617036307,-0.331532718044,-779,-0.100257400257,-0.388897967287,-0.027027027027,0.0810810810811,-0.0540540540541,178,9,164,981,0.520467836257,0.990909090909,0.00909090909091,0.479532163743,0.951871657754,0.520467836257,0.672967863894,0.643055168086,0.511376927166,0.507122507123,31,186,0,0,0,0
494,WLNM_dir_neg,0.341477338421,0.322878104442,00:00:10,10,20,5,1234860740,threshold_sweep,0.8,0.678571428571,0.102150537634,0.177570093458,19,9,167,363,0.102150537634,0.975806451613,0.0241935483871,0.897849462366,0.678571428571,0.102150537634,0.177570093458,0.68458781362,0.649940262843,0.098976109215,0.168331754327,0.0779569892473,342,156,186,0,342,0,156,0,186,37,342,0.256756756757,1.72528881811,18.4864864865,15.5454545455,9.77142857143,5.36771015539,0.290358590277,0.142642642643,9.50849154237,1.02869645341,0.544491860281,8.05331334643,0.871264894205,0.461830251304,0.640599570326,0.371299902718,2,1.72528881811,0.640599570326,2,0.344071394247,0.376569037657,810,0.104247104247,0.56957682835,37,37,37,1,0,0.405405405405,0.540540540541,0.0540540540541,37,0.117117117117,2.18635635636,8.43243243243,7.09090909091,4.45714285714,5.03620525429,0.597242289772,0.326923076923,6.00062559301,1.42322530091,0.680526680527,3.83793300225,0.910278981302,0.463617463617,1.32204914232,0.604681454823,4.3462962963,2.18635635636,1.32204914232,4.3462962963,0,0,0,0,0.160896782956,37,37,37,1,0,0.405405405405,0.540540540541,0.0540540540541,37,184,0.138138138138,2.55500576243,9.94594594595,8,4.97297297297,4.71372668058,0.473934476037,0.252643948296,6.05753198041,1.21809066997,0.624559341951,3.41147155025,0.686002431299,0.368977673325,1.59483367988,0.624199641086,4.97393092603,2.55500576243,1.59483367988,4.97393092603,0.123689530888,0.0391762933199,26,0.0033462033462,0.174571999042,37,37,37,1,0,0.378378378378,0.621621621622,0,-158,-0.118618618619,0.829716944316,-8.54054054054,-7.54545454545,-4.79845559846,-0.653983474813,0.18357588576,0.110001305653,-3.45095956196,0.189394216559,0.0800674816693,-4.64184179619,-0.185262462905,-0.0928525779784,0.954234109556,0.252899738368,2.97393092603,0.829716944316,0.954234109556,2.97393092603,-0.22038186336,-0.337392744337,-784,-0.100900900901,-0.395004829308,-0.027027027027,0.0810810810811,-0.0540540540541,175,9,167,981,0.511695906433,0.990909090909,0.00909090909091,0.488304093567,0.951086956522,0.511695906433,0.665399239544,0.636322964897,0.502604997342,0.498575498575,28,186,0,0,0,0
495,WLNM_dir_neg,0.341477338421,0.322878104442,00:00:10,10,20,5,1234860740,threshold_sweep,0.9,0.652173913043,0.0806451612903,0.143540669856,15,8,171,364,0.0806451612903,0.978494623656,0.0215053763441,0.91935483871,0.652173913043,0.0806451612903,0.143540669856,0.679211469534,0.652927120669,0.0757314974182,0.140238376035,0.0591397849462,342,156,186,0,342,0,156,0,186,37,342,0.256756756757,1.72528881811,18.4864864865,15.5454545455,9.77142857143,5.36771015539,0.290358590277,0.142642642643,9.50849154237,1.02869645341,0.544491860281,8.05331334643,0.871264894205,0.461830251304,0.640599570326,0.371299902718,2,1.72528881811,0.640599570326,2,0.344071394247,0.376569037657,810,0.104247104247,0.56957682835,37,37,37,1,0,0.405405405405,0.540540540541,0.0540540540541,37,0.117117117117,2.18635635636,8.43243243243,7.09090909091,4.45714285714,5.03620525429,0.597242289772,0.326923076923,6.00062559301,1.42322530091,0.680526680527,3.83793300225,0.910278981302,0.463617463617,1.32204914232,0.604681454823,4.3462962963,2.18635635636,1.32204914232,4.3462962963,0,0,0,0,0.160896782956,37,37,37,1,0,0.405405405405,0.540540540541,0.0540540540541,37,179,0.134384384384,2.58444035955,9.67567567568,7.78260869565,4.83783783784,4.53415466857,0.468613750663,0.251094670089,5.94658404984,1.2291821779,0.629624037445,3.50010724846,0.723485855828,0.385021893402,1.63993372047,0.634541135535,5.12570145903,2.58444035955,1.63993372047,5.12570145903,0.116767674353,0.0316789862724,20,0.002574002574,0.172091074944,37,37,37,1,0,0.378378378378,0.621621621622,0,-163,-0.122372372372,0.859151541437,-8.81081081081,-7.7628458498,-4.93359073359,-0.833555486819,0.178255160386,0.108452027446,-3.56190749253,0.200485724486,0.0851321771639,-4.55320609797,-0.147779038377,-0.0768083579022,0.999334150147,0.263241232817,3.12570145903,0.859151541437,0.999334150147,3.12570145903,-0.227303719895,-0.344890051384,-790,-0.101673101673,-0.397485753406,-0.027027027027,0.0810810810811,-0.0540540540541,171,8,171,982,0.5,0.991919191919,0.00808080808081,0.5,0.95530726257,0.5,0.656429942418,0.630061942497,0.491919191919,0.488571428571,23,186,0,0,0,0
496,WLNM_dir_neg,0.4382443057,0.342089209068,00:00:08,10,20,6,1234860741,threshold_sweep,0.1,0.552631578947,0.112903225806,0.1875,21,17,165,355,0.112903225806,0.954301075269,0.0456989247312,0.887096774194,0.552631578947,0.112903225806,0.1875,0.673835125448,0.643966547192,0.0838926174497,0.125756818216,0.0672043010753,342,156,186,0,342,0,156,0,186,37,342,0.256756756757,1.72528881811,18.4864864865,15.5454545455,9.77142857143,5.36771015539,0.290358590277,0.142642642643,9.50849154237,1.02869645341,0.544491860281,8.05331334643,0.871264894205,0.461830251304,0.640599570326,0.371299902718,2,1.72528881811,0.640599570326,2,0.344071394247,0.376569037657,810,0.104247104247,0.56957682835,37,37,37,1,0,0.405405405405,0.540540540541,0.0540540540541,37,0.117117117117,2.18481481481,8.43243243243,7.09090909091,4.45714285714,5.03620525429,0.597242289772,0.326923076923,6.00062559301,1.42322530091,0.680526680527,3.83793300225,0.910278981302,0.463617463617,1.318977792,0.603702328937,4.32037037037,2.18481481481,1.318977792,4.32037037037,0,0,0,0,0.160896782956,37,37,37,1,0,0.405405405405,0.540540540541,0.0540540540541,37,194,0.145645645646,13.4160678231,10.4864864865,5.87878787879,5.38888888889,4.9025028847,0.467506718387,0.255920869323,5.78506412816,1.1033369729,0.559487322374,3.69989042935,0.705649205598,0.380607411535,4.56704363065,0.340415961731,15.3740353444,13.4160678231,4.56704363065,15.3740353444,0.126673242153,0.0652173913043,48,0.00617760617761,0.187425760174,37,37,37,1,0,0.108108108108,0.864864864865,0.027027027027,-148,-0.111111111111,11.690779005,-8,-9.66666666667,-4.38253968254,-0.465207270689,0.17714812811,0.11327822668,-3.72342741421,0.0746405194824,0.0149954620926,-4.35342291709,-0.165615688607,-0.0812228397687,3.92644406033,-0.0308839409865,13.3740353444,11.690779005,3.92644406033,13.3740353444,-0.217398152094,-0.311351646353,-762,-0.0980694980695,-0.382151068176,-0.297297297297,0.324324324324,-0.027027027027,177,17,165,973,0.517543859649,0.982828282828,0.0171717171717,0.482456140351,0.912371134021,0.517543859649,0.660447761194,0.619657595248,0.500372142477,0.493036211699,38,186,0,0,0,0
497,WLNM_dir_neg,0.4382443057,0.342089209068,00:00:08,10,20,6,1234860741,threshold_sweep,0.2,0.7,0.0752688172043,0.135922330097,14,6,172,366,0.0752688172043,0.983870967742,0.0161290322581,0.924731182796,0.7,0.0752688172043,0.135922330097,0.681003584229,0.654719235364,0.076124567474,0.149969017866,0.0591397849462,342,156,186,0,342,0,156,0,186,37,342,0.256756756757,1.72528881811,18.4864864865,15.5454545455,9.77142857143,5.36771015539,0.290358590277,0.142642642643,9.50849154237,1.02869645341,0.544491860281,8.05331334643,0.871264894205,0.461830251304,0.640599570326,0.371299902718,2,1.72528881811,0.640599570326,2,0.344071394247,0.376569037657,810,0.104247104247,0.56957682835,37,37,37,1,0,0.405405405405,0.540540540541,0.0540540540541,37,0.117117117117,2.18481481481,8.43243243243,7.09090909091,4.45714285714,5.03620525429,0.597242289772,0.326923076923,6.00062559301,1.42322530091,0.680526680527,3.83793300225,0.910278981302,0.463617463617,1.318977792,0.603702328937,4.32037037037,2.18481481481,1.318977792,4.32037037037,0,0,0,0,0.160896782956,37,37,37,1,0,0.405405405405,0.540540540541,0.0540540540541,37,176,0.132132132132,2.47797323901,9.51351351351,7.65217391304,4.88888888889,4.51307742764,0.47438597961,0.255988943489,5.96473621194,1.25395022637,0.631756756757,3.52298331126,0.74062717339,0.394963144963,1.50726939272,0.608267017977,4.48646943965,2.47797323901,1.50726939272,4.48646943965,0.0843436064024,0.0231150247661,14,0.0018018018018,0.16572893929,37,37,37,1,0,0.378378378378,0.594594594595,0.027027027027,-166,-0.124624624625,0.752684420898,-8.97297297297,-7.89328063241,-4.88253968254,-0.854632727754,0.184027389333,0.113346300846,-3.54375533043,0.22525377296,0.0872648964754,-4.53033003517,-0.130637720815,-0.0668671063408,0.866669822395,0.236967115259,2.48646943965,0.752684420898,0.866669822395,2.48646943965,-0.259727787845,-0.353454012891,-796,-0.102445302445,-0.40384788906,-0.027027027027,0.0540540540541,-0.027027027027,170,6,172,984,0.497076023392,0.993939393939,0.00606060606061,0.502923976608,0.965909090909,0.497076023392,0.656370656371,0.633418185819,0.491015417331,0.488505747126,20,186,0,0,0,0
498,WLNM_dir_neg,0.4382443057,0.342089209068,00:00:08,10,20,6,1234860741,threshold_sweep,0.3,0.666666666667,0.0537634408602,0.0995024875622,10,5,176,367,0.0537634408602,0.986559139785,0.0134408602151,0.94623655914,0.666666666667,0.0537634408602,0.0995024875622,0.675627240143,0.65770609319,0.0523560209424,0.117525123681,0.0403225806452,342,156,186,0,342,0,156,0,186,37,342,0.256756756757,1.72528881811,18.4864864865,15.5454545455,9.77142857143,5.36771015539,0.290358590277,0.142642642643,9.50849154237,1.02869645341,0.544491860281,8.05331334643,0.871264894205,0.461830251304,0.640599570326,0.371299902718,2,1.72528881811,0.640599570326,2,0.344071394247,0.376569037657,810,0.104247104247,0.56957682835,37,37,37,1,0,0.405405405405,0.540540540541,0.0540540540541,37,0.117117117117,2.18481481481,8.43243243243,7.09090909091,4.45714285714,5.03620525429,0.597242289772,0.326923076923,6.00062559301,1.42322530091,0.680526680527,3.83793300225,0.910278981302,0.463617463617,1.318977792,0.603702328937,4.32037037037,2.18481481481,1.318977792,4.32037037037,0,0,0,0,0.160896782956,37,37,37,1,0,0.405405405405,0.540540540541,0.0540540540541,37,171,0.128378378378,2.45625421442,9.24324324324,7.4347826087,4.75,4.59713319729,0.497350667543,0.266793108898,5.88949795706,1.27433581527,0.636636636637,3.62362120408,0.784058389186,0.415362731152,1.47560650689,0.600754799003,4.39500464978,2.45625421442,1.47560650689,4.39500464978,0.0714765185353,0.0170745589072,10,0.001287001287,0.16368678565,37,37,37,1,0,0.378378378378,0.594594594595,0.027027027027,-171,-0.128378378378,0.730965396308,-9.24324324324,-8.11067193676,-5.02142857143,-0.770576958102,0.206992077266,0.124150466256,-3.61899358532,0.245639361855,0.0921447763553,-4.42969214236,-0.0872065050188,-0.0464675201517,0.835006936559,0.229454896285,2.39500464978,0.730965396308,0.835006936559,2.39500464978,-0.272594875712,-0.35949447875,-800,-0.10296010296,-0.4058900427,-0.027027027027,0.0540540540541,-0.027027027027,166,5,176,985,0.485380116959,0.994949494949,0.00505050505051,0.514619883041,0.970760233918,0.485380116959,0.647173489279,0.627271919924,0.480329611909,0.478386167147,15,186,0,0,0,0
499,WLNM_dir_neg,0.4382443057,0.342089209068,00:00:08,10,20,6,1234860741,threshold_sweep,0.4,0.642857142857,0.0483870967742,0.09,9,5,177,367,0.0483870967742,0.986559139785,0.0134408602151,0.951612903226,0.642857142857,0.0483870967742,0.09,0.673835125448,0.658303464755,0.0454545454545,0.105333105077,0.0349462365591,342,156,186,0,342,0,156,0,186,37,342,0.256756756757,1.72528881811,18.4864864865,15.5454545455,9.77142857143,5.36771015539,0.290358590277,0.142642642643,9.50849154237,1.02869645341,0.544491860281,8.05331334643,0.871264894205,0.461830251304,0.640599570326,0.371299902718,2,1.72528881811,0.640599570326,2,0.344071394247,0.376569037657,810,0.104247104247,0.56957682835,37,37,37,1,0,0.405405405405,0.540540540541,0.0540540540541,37,0.117117117117,2.18481481481,8.43243243243,7.09090909091,4.45714285714,5.03620525429,0.597242289772,0.326923076923,6.00062559301,1.42322530091,0.680526680527,3.83793300225,0.910278981302,0.463617463617,1.318977792,0.603702328937,4.32037037037,2.18481481481,1.318977792,4.32037037037,0,0,0,0,0.160896782956,37,37,37,1,0,0.405405405405,0.540540540541,0.0540540540541,37,170,0.127627627628,2.49402085567,9.18918918919,7.39130434783,4.72222222222,4.57552570045,0.497924855637,0.267408585056,5.89943245603,1.28399412278,0.640063593005,3.63974556085,0.792179916186,0.418124006359,1.53413769565,0.615126249713,4.52729444579,2.49402085567,1.53413769565,4.52729444579,0.0667953667954,0.0155440414508,9,0.0011583011583,0.162428864827,37,37,37,1,0,0.378378378378,0.594594594595,0.027027027027,-172,-0.129129129129,0.768732037553,-9.2972972973,-8.15415019763,-5.04920634921,-0.792184454948,0.20756626536,0.124765942413,-3.60905908634,0.255297669369,0.0955717327234,-4.41356778558,-0.0790849780193,-0.0437062449446,0.893538125327,0.243826346995,2.52729444579,0.768732037553,0.893538125327,2.52729444579,-0.277276027452,-0.361024996206,-801,-0.103088803089,-0.407147963523,-0.027027027027,0.0540540540541,-0.027027027027,165,5,177,985,0.482456140351,0.994949494949,0.00505050505051,0.517543859649,0.970588235294,0.482456140351,0.64453125,0.625015325883,0.4774056353,0.475504322767,14,186,0,0,0,0
500,WLNM_dir_neg,0.4382443057,0.342089209068,00:00:08,10,20,6,1234860741,threshold_sweep,0.5,0.636363636364,0.0376344086022,0.0710659898477,7,4,179,368,0.0376344086022,0.989247311828,0.010752688172,0.962365591398,0.636363636364,0.0376344086022,0.0710659898477,0.672043010753,0.66009557945,0.0351493848858,0.0911580437008,0.0268817204301,342,156,186,0,342,0,156,0,186,37,342,0.256756756757,1.72528881811,18.4864864865,15.5454545455,9.77142857143,5.36771015539,0.290358590277,0.142642642643,9.50849154237,1.02869645341,0.544491860281,8.05331334643,0.871264894205,0.461830251304,0.640599570326,0.371299902718,2,1.72528881811,0.640599570326,2,0.344071394247,0.376569037657,810,0.104247104247,0.56957682835,37,37,37,1,0,0.405405405405,0.540540540541,0.0540540540541,37,0.117117117117,2.18481481481,8.43243243243,7.09090909091,4.45714285714,5.03620525429,0.597242289772,0.326923076923,6.00062559301,1.42322530091,0.680526680527,3.83793300225,0.910278981302,0.463617463617,1.318977792,0.603702328937,4.32037037037,2.18481481481,1.318977792,4.32037037037,0,0,0,0,0.160896782956,37,37,37,1,0,0.405405405405,0.540540540541,0.0540540540541,37,167,0.125375375375,2.48032326718,9.02702702703,7.26086956522,4.77142857143,4.69921084679,0.520571261471,0.281922641204,5.90490202018,1.30827170507,0.645735555915,3.70151336634,0.820095775776,0.432756109403,1.5155238062,0.611018662872,4.64093665979,2.48032326718,1.5155238062,4.64093665979,0.0460746460746,0.00702987697715,4,0.000514800514801,0.161370140942,37,37,37,1,0,0.378378378378,0.567567567568,0.0540540540541,-175,-0.131381381381,0.755034449063,-9.45945945946,-8.28458498024,-5,-0.668499308604,0.230212671194,0.139279998561,-3.6035895222,0.279575251654,0.101243695634,-4.35179998009,-0.0511691184287,-0.0290741419011,0.874924235877,0.239718760155,2.64093665979,0.755034449063,0.874924235877,2.64093665979,-0.297996748173,-0.36953916068,-806,-0.103732303732,-0.408206687408,-0.027027027027,0.027027027027,0,163,4,179,986,0.476608187135,0.99595959596,0.0040404040404,0.523391812865,0.976047904192,0.476608187135,0.64047151277,0.623409710455,0.472567783094,0.471098265896,11,186,0,0,0,0
501,WLNM_dir_neg,0.4382443057,0.342089209068,00:00:08,10,20,6,1234860741,threshold_sweep,0.6,0.6,0.0322580645161,0.0612244897959,6,4,180,368,0.0322580645161,0.989247311828,0.010752688172,0.967741935484,0.6,0.0322580645161,0.0612244897959,0.670250896057,0.660692951016,0.0281690140845,0.0764160719901,0.0215053763441,342,156,186,0,342,0,156,0,186,37,342,0.256756756757,1.72528881811,18.4864864865,15.5454545455,9.77142857143,5.36771015539,0.290358590277,0.142642642643,9.50849154237,1.02869645341,0.544491860281,8.05331334643,0.871264894205,0.461830251304,0.640599570326,0.371299902718,2,1.72528881811,0.640599570326,2,0.344071394247,0.376569037657,810,0.104247104247,0.56957682835,37,37,37,1,0,0.405405405405,0.540540540541,0.0540540540541,37,0.117117117117,2.18481481481,8.43243243243,7.09090909091,4.45714285714,5.03620525429,0.597242289772,0.326923076923,6.00062559301,1.42322530091,0.680526680527,3.83793300225,0.910278981302,0.463617463617,1.318977792,0.603702328937,4.32037037037,2.18481481481,1.318977792,4.32037037037,0,0,0,0,0.160896782956,37,37,37,1,0,0.405405405405,0.540540540541,0.0540540540541,37,166,0.124624624625,2.4763545158,8.97297297297,7.21739130435,4.74285714286,4.7579552476,0.530254048678,0.287528492348,5.91899776436,1.31929468242,0.649951155975,3.71649193626,0.828374708685,0.435363073917,1.50748014762,0.608749731914,4.51244833408,2.4763545158,1.50748014762,4.51244833408,0.051093951094,0.00529100529101,3,0.0003861003861,0.160146726675,37,37,37,1,0,0.378378378378,0.567567567568,0.0540540540541,-176,-0.132132132132,0.75106569769,-9.51351351351,-8.32806324111,-5.02857142857,-0.609754907796,0.239895458401,0.144885849705,-3.58949377801,0.290598229003,0.105459295694,-4.33682141017,-0.0428901855196,-0.0264671773866,0.866880577295,0.237449829197,2.51244833408,0.75106569769,0.866880577295,2.51244833408,-0.292977443153,-0.371278032366,-807,-0.103861003861,-0.409430101675,-0.027027027027,0.027027027027,0,162,4,180,986,0.473684210526,0.99595959596,0.0040404040404,0.526315789474,0.975903614458,0.473684210526,0.637795275591,0.621149200361,0.469643806486,0.468208092486,10,186,0,0,0,0
502,WLNM_dir_neg,0.4382443057,0.342089209068,00:00:08,10,20,6,1234860741,threshold_sweep,0.7,0.6,0.0322580645161,0.0612244897959,6,4,180,368,0.0322580645161,0.989247311828,0.010752688172,0.967741935484,0.6,0.0322580645161,0.0612244897959,0.670250896057,0.660692951016,0.0281690140845,0.0764160719901,0.0215053763441,342,156,186,0,342,0,156,0,186,37,342,0.256756756757,1.72528881811,18.4864864865,15.5454545455,9.77142857143,5.36771015539,0.290358590277,0.142642642643,9.50849154237,1.02869645341,0.544491860281,8.05331334643,0.871264894205,0.461830251304,0.640599570326,0.371299902718,2,1.72528881811,0.640599570326,2,0.344071394247,0.376569037657,810,0.104247104247,0.56957682835,37,37,37,1,0,0.405405405405,0.540540540541,0.0540540540541,37,0.117117117117,2.18481481481,8.43243243243,7.09090909091,4.45714285714,5.03620525429,0.597242289772,0.326923076923,6.00062559301,1.42322530091,0.680526680527,3.83793300225,0.910278981302,0.463617463617,1.318977792,0.603702328937,4.32037037037,2.18481481481,1.318977792,4.32037037037,0,0,0,0,0.160896782956,37,37,37,1,0,0.405405405405,0.540540540541,0.0540540540541,37,166,0.124624624625,2.4763545158,8.97297297297,7.21739130435,4.74285714286,4.7579552476,0.530254048678,0.287528492348,5.91899776436,1.31929468242,0.649951155975,3.71649193626,0.828374708685,0.435363073917,1.50748014762,0.608749731914,4.51244833408,2.4763545158,1.50748014762,4.51244833408,0.051093951094,0.00529100529101,3,0.0003861003861,0.160146726675,37,37,37,1,0,0.378378378378,0.567567567568,0.0540540540541,-176,-0.132132132132,0.75106569769,-9.51351351351,-8.32806324111,-5.02857142857,-0.609754907796,0.239895458401,0.144885849705,-3.58949377801,0.290598229003,0.105459295694,-4.33682141017,-0.0428901855196,-0.0264671773866,0.866880577295,0.237449829197,2.51244833408,0.75106569769,0.866880577295,2.51244833408,-0.292977443153,-0.371278032366,-807,-0.103861003861,-0.409430101675,-0.027027027027,0.027027027027,0,162,4,180,986,0.473684210526,0.99595959596,0.0040404040404,0.526315789474,0.975903614458,0.473684210526,0.637795275591,0.621149200361,0.469643806486,0.468208092486,10,186,0,0,0,0
503,WLNM_dir_neg,0.4382443057,0.342089209068,00:00:08,10,20,6,1234860741,threshold_sweep,0.8,0.666666666667,0.0322580645161,0.0615384615385,6,3,180,369,0.0322580645161,0.991935483871,0.00806451612903,0.967741935484,0.666666666667,0.0322580645161,0.0615384615385,0.672043010753,0.661290322581,0.031746031746,0.0905357460425,0.0241935483871,342,156,186,0,342,0,156,0,186,37,342,0.256756756757,1.72528881811,18.4864864865,15.5454545455,9.77142857143,5.36771015539,0.290358590277,0.142642642643,9.50849154237,1.02869645341,0.544491860281,8.05331334643,0.871264894205,0.461830251304,0.640599570326,0.371299902718,2,1.72528881811,0.640599570326,2,0.344071394247,0.376569037657,810,0.104247104247,0.56957682835,37,37,37,1,0,0.405405405405,0.540540540541,0.0540540540541,37,0.117117117117,2.18481481481,8.43243243243,7.09090909091,4.45714285714,5.03620525429,0.597242289772,0.326923076923,6.00062559301,1.42322530091,0.680526680527,3.83793300225,0.910278981302,0.463617463617,1.318977792,0.603702328937,4.32037037037,2.18481481481,1.318977792,4.32037037037,0,0,0,0,0.160896782956,37,37,37,1,0,0.405405405405,0.540540540541,0.0540540540541,37,165,0.123873873874,2.45425346529,8.91891891892,7.17391304348,4.71428571429,4.80380854912,0.538608837325,0.292710892711,5.93293348182,1.33041538683,0.65389025389,3.73120917692,0.836695391188,0.437674037674,1.47582251399,0.601332557889,4.50061302682,2.45425346529,1.47582251399,4.50061302682,0.0516087516088,0.00531914893617,3,0.0003861003861,0.160344355133,37,37,37,1,0,0.378378378378,0.567567567568,0.0540540540541,-177,-0.132882882883,0.728964647173,-9.56756756757,-8.37154150198,-5.05714285714,-0.563901606276,0.248250247048,0.150068250068,-3.57555806055,0.301718933418,0.109398393609,-4.32210416952,-0.0345695030171,-0.0241562136299,0.835222943664,0.230032655171,2.50061302682,0.728964647173,0.835222943664,2.50061302682,-0.292462642639,-0.371249888721,-807,-0.103861003861,-0.409232473217,-0.027027027027,0.027027027027,0,162,3,180,987,0.473684210526,0.99696969697,0.0030303030303,0.526315789474,0.981818181818,0.473684210526,0.639053254438,0.624101058075,0.470653907496,0.469565217391,9,186,0,0,0,0
504,WLNM_dir_neg,0.4382443057,0.342089209068,00:00:08,10,20,6,1234860741,threshold_sweep,0.9,0.625,0.0268817204301,0.0515463917526,5,3,181,369,0.0268817204301,0.991935483871,0.00806451612903,0.97311827957,0.625,0.0268817204301,0.0515463917526,0.670250896057,0.661887694146,0.0247349823322,0.0746202507245,0.0188172043011,342,156,186,0,342,0,156,0,186,37,342,0.256756756757,1.72528881811,18.4864864865,15.5454545455,9.77142857143,5.36771015539,0.290358590277,0.142642642643,9.50849154237,1.02869645341,0.544491860281,8.05331334643,0.871264894205,0.461830251304,0.640599570326,0.371299902718,2,1.72528881811,0.640599570326,2,0.344071394247,0.376569037657,810,0.104247104247,0.56957682835,37,37,37,1,0,0.405405405405,0.540540540541,0.0540540540541,37,0.117117117117,2.18481481481,8.43243243243,7.09090909091,4.45714285714,5.03620525429,0.597242289772,0.326923076923,6.00062559301,1.42322530091,0.680526680527,3.83793300225,0.910278981302,0.463617463617,1.318977792,0.603702328937,4.32037037037,2.18481481481,1.318977792,4.32037037037,0,0,0,0,0.160896782956,37,37,37,1,0,0.405405405405,0.540540540541,0.0540540540541,37,164,0.123123123123,2.45024990508,8.86486486486,7.13043478261,4.68571428571,4.83713736604,0.545652690681,0.296638101516,5.92330866878,1.33635622405,0.65491100857,3.75307681584,0.846730745037,0.44232036915,1.46999637556,0.599937325787,4.50061302682,2.45024990508,1.46999637556,4.50061302682,0.0214929214929,0.00356930398572,2,0.0002574002574,0.159850283987,37,37,37,1,0,0.378378378378,0.567567567568,0.0540540540541,-178,-0.133633633634,0.724961086963,-9.62162162162,-8.41501976285,-5.08571428571,-0.530572789358,0.255294100404,0.153995458874,-3.5851828736,0.307659770638,0.110419148288,-4.3002365306,-0.0245341491681,-0.0195098821543,0.829396805236,0.228637423069,2.50061302682,0.724961086963,0.829396805236,2.50061302682,-0.322578472754,-0.372999733671,-808,-0.10398970399,-0.409726544363,-0.027027027027,0.027027027027,0,161,3,181,987,0.470760233918,0.99696969697,0.0030303030303,0.529239766082,0.981707317073,0.470760233918,0.636363636364,0.621845458637,0.467729930888,0.466666666667,8,186,0,0,0,0
505,WLNM_dir_neg,0.589757486415,0.461417940248,00:00:07,10,20,7,1234860742,threshold_sweep,0.1,0.659574468085,0.166666666667,0.266094420601,31,16,155,356,0.166666666667,0.956989247312,0.0430107526882,0.833333333333,0.659574468085,0.166666666667,0.266094420601,0.693548387097,0.638590203106,0.152066115702,0.209885992247,0.123655913978,342,156,186,0,342,0,156,0,186,37,342,0.256756756757,1.72528881811,18.4864864865,15.5454545455,9.77142857143,5.36771015539,0.290358590277,0.142642642643,9.50849154237,1.02869645341,0.544491860281,8.05331334643,0.871264894205,0.461830251304,0.640599570326,0.371299902718,2,1.72528881811,0.640599570326,2,0.344071394247,0.376569037657,810,0.104247104247,0.56957682835,37,37,37,1,0,0.405405405405,0.540540540541,0.0540540540541,37,0.117117117117,2.22747747748,8.43243243243,7.09090909091,4.45714285714,5.03620525429,0.597242289772,0.326923076923,6.00525295579,1.42432281644,0.680873180873,3.83793300225,0.910278981302,0.463617463617,1.42084529335,0.637871901162,5.2,2.22747747748,1.42084529335,5.2,0,0,0,0,0.160752482811,37,37,37,1,0,0.405405405405,0.540540540541,0.0540540540541,37,203,0.152402402402,7.27398558628,10.972972973,6.76666666667,5.63888888889,5.22539996601,0.476206400844,0.261216881907,6.45764672316,1.17700950127,0.59699107975,4.15412526975,0.757155837343,0.400745573159,3.35271814185,0.460918997169,9.47743959246,7.27398558628,3.35271814185,9.47743959246,0.196000670681,0.0973305954825,79,0.0101673101673,0.182194805211,37,37,37,1,0,0.189189189189,0.783783783784,0.027027027027,-139,-0.104354354354,5.54869676816,-7.51351351351,-8.77878787879,-4.13253968254,-0.142310189381,0.185847810566,0.118574239264,-3.05084481921,0.148313047852,0.0524992194684,-3.89918807669,-0.114109056862,-0.0610846781446,2.71211857152,0.0896190944513,7.47743959246,5.54869676816,2.71211857152,7.47743959246,-0.148070723566,-0.279238442174,-731,-0.0940797940798,-0.387382023139,-0.216216216216,0.243243243243,-0.027027027027,187,16,155,974,0.546783625731,0.983838383838,0.0161616161616,0.453216374269,0.92118226601,0.546783625731,0.68623853211,0.644942386708,0.530622009569,0.522346368715,47,186,0,0,0,0
506,WLNM_dir_neg,0.589757486415,0.461417940248,00:00:07,10,20,7,1234860742,threshold_sweep,0.2,0.652173913043,0.161290322581,0.258620689655,30,16,156,356,0.161290322581,0.956989247312,0.0430107526882,0.838709677419,0.652173913043,0.161290322581,0.258620689655,0.691756272401,0.639187574671,0.145695364238,0.202732689713,0.118279569892,342,156,186,0,342,0,156,0,186,37,342,0.256756756757,1.72528881811,18.4864864865,15.5454545455,9.77142857143,5.36771015539,0.290358590277,0.142642642643,9.50849154237,1.02869645341,0.544491860281,8.05331334643,0.871264894205,0.461830251304,0.640599570326,0.371299902718,2,1.72528881811,0.640599570326,2,0.344071394247,0.376569037657,810,0.104247104247,0.56957682835,37,37,37,1,0,0.405405405405,0.540540540541,0.0540540540541,37,0.117117117117,2.22747747748,8.43243243243,7.09090909091,4.45714285714,5.03620525429,0.597242289772,0.326923076923,6.00525295579,1.42432281644,0.680873180873,3.83793300225,0.910278981302,0.463617463617,1.42084529335,0.637871901162,5.2,2.22747747748,1.42084529335,5.2,0,0,0,0,0.160752482811,37,37,37,1,0,0.405405405405,0.540540540541,0.0540540540541,37,202,0.151651651652,7.26257128592,10.9189189189,6.73333333333,5.61111111111,5.19817477784,0.476070462327,0.261974846133,6.38398427749,1.16934365479,0.595129783249,4.17395758507,0.764536785383,0.403264650789,3.34815081593,0.46101452008,9.4717707453,7.26257128592,3.34815081593,9.4717707453,0.18410201313,0.0958904109589,77,0.00990990990991,0.18256730009,37,37,37,1,0,0.189189189189,0.783783783784,0.027027027027,-140,-0.105105105105,5.53728246781,-7.56756756757,-8.81212121212,-4.16031746032,-0.169535377549,0.18571187205,0.119332203491,-3.12450726488,0.140647201373,0.0506379229673,-3.87935576137,-0.106728108822,-0.0585656005145,2.7075512456,0.0897146173623,7.4717707453,5.53728246781,2.7075512456,7.4717707453,-0.159969381117,-0.280678626698,-733,-0.0943371943372,-0.38700952826,-0.216216216216,0.243243243243,-0.027027027027,186,16,156,974,0.543859649123,0.983838383838,0.0161616161616,0.456140350877,0.920792079208,0.543859649123,0.683823529412,0.642689521504,0.527698032961,0.519553072626,46,186,0,0,0,0
507,WLNM_dir_neg,0.589757486415,0.461417940248,00:00:07,10,20,7,1234860742,threshold_sweep,0.3,0.652173913043,0.161290322581,0.258620689655,30,16,156,356,0.161290322581,0.956989247312,0.0430107526882,0.838709677419,0.652173913043,0.161290322581,0.258620689655,0.691756272401,0.639187574671,0.145695364238,0.202732689713,0.118279569892,342,156,186,0,342,0,156,0,186,37,342,0.256756756757,1.72528881811,18.4864864865,15.5454545455,9.77142857143,5.36771015539,0.290358590277,0.142642642643,9.50849154237,1.02869645341,0.544491860281,8.05331334643,0.871264894205,0.461830251304,0.640599570326,0.371299902718,2,1.72528881811,0.640599570326,2,0.344071394247,0.376569037657,810,0.104247104247,0.56957682835,37,37,37,1,0,0.405405405405,0.540540540541,0.0540540540541,37,0.117117117117,2.22747747748,8.43243243243,7.09090909091,4.45714285714,5.03620525429,0.597242289772,0.326923076923,6.00525295579,1.42432281644,0.680873180873,3.83793300225,0.910278981302,0.463617463617,1.42084529335,0.637871901162,5.2,2.22747747748,1.42084529335,5.2,0,0,0,0,0.160752482811,37,37,37,1,0,0.405405405405,0.540540540541,0.0540540540541,37,202,0.151651651652,7.26257128592,10.9189189189,6.73333333333,5.61111111111,5.19817477784,0.476070462327,0.261974846133,6.38398427749,1.16934365479,0.595129783249,4.17395758507,0.764536785383,0.403264650789,3.34815081593,0.46101452008,9.4717707453,7.26257128592,3.34815081593,9.4717707453,0.18410201313,0.0958904109589,77,0.00990990990991,0.18256730009,37,37,37,1,0,0.189189189189,0.783783783784,0.027027027027,-140,-0.105105105105,5.53728246781,-7.56756756757,-8.81212121212,-4.16031746032,-0.169535377549,0.18571187205,0.119332203491,-3.12450726488,0.140647201373,0.0506379229673,-3.87935576137,-0.106728108822,-0.0585656005145,2.7075512456,0.0897146173623,7.4717707453,5.53728246781,2.7075512456,7.4717707453,-0.159969381117,-0.280678626698,-733,-0.0943371943372,-0.38700952826,-0.216216216216,0.243243243243,-0.027027027027,186,16,156,974,0.543859649123,0.983838383838,0.0161616161616,0.456140350877,0.920792079208,0.543859649123,0.683823529412,0.642689521504,0.527698032961,0.519553072626,46,186,0,0,0,0
508,WLNM_dir_neg,0.589757486415,0.461417940248,00:00:07,10,20,7,1234860742,threshold_sweep,0.4,0.833333333333,0.161290322581,0.27027027027,30,6,156,366,0.161290322581,0.983870967742,0.0161290322581,0.838709677419,0.833333333333,0.161290322581,0.27027027027,0.709677419355,0.645161290323,0.181818181818,0.278543007266,0.145161290323,342,156,186,0,342,0,156,0,186,37,342,0.256756756757,1.72528881811,18.4864864865,15.5454545455,9.77142857143,5.36771015539,0.290358590277,0.142642642643,9.50849154237,1.02869645341,0.544491860281,8.05331334643,0.871264894205,0.461830251304,0.640599570326,0.371299902718,2,1.72528881811,0.640599570326,2,0.344071394247,0.376569037657,810,0.104247104247,0.56957682835,37,37,37,1,0,0.405405405405,0.540540540541,0.0540540540541,37,0.117117117117,2.22747747748,8.43243243243,7.09090909091,4.45714285714,5.03620525429,0.597242289772,0.326923076923,6.00525295579,1.42432281644,0.680873180873,3.83793300225,0.910278981302,0.463617463617,1.42084529335,0.637871901162,5.2,2.22747747748,1.42084529335,5.2,0,0,0,0,0.160752482811,37,37,37,1,0,0.405405405405,0.540540540541,0.0540540540541,37,192,0.144144144144,2.64352457828,10.3783783784,8.34782608696,5.33333333333,5.10637592379,0.492020596824,0.26661036036,6.52702858138,1.25781279954,0.636542792793,4.24157883234,0.817387587483,0.428772522523,1.7152531169,0.648850830061,4.82004331162,2.64352457828,1.7152531169,4.82004331162,0.190634290251,0.0858310626703,63,0.00810810810811,0.215693869518,37,37,37,1,0,0.378378378378,0.594594594595,0.027027027027,-150,-0.112612612613,0.91823576016,-8.10810810811,-7.1976284585,-4.4380952381,-0.261334231602,0.201662006547,0.123967717718,-2.981462961,0.229116346121,0.0920509325115,-3.81173451409,-0.0538773067219,-0.0330577287814,1.07465354657,0.277550927343,2.82004331162,0.91823576016,1.07465354657,2.82004331162,-0.153437103997,-0.290737974987,-747,-0.096138996139,-0.353882958832,-0.027027027027,0.0540540540541,-0.027027027027,186,6,156,984,0.543859649123,0.993939393939,0.00606060606061,0.456140350877,0.96875,0.543859649123,0.696629213483,0.668879114419,0.537799043062,0.534482758621,36,186,0,0,0,0
509,WLNM_dir_neg,0.589757486415,0.461417940248,00:00:07,10,20,7,1234860742,threshold_sweep,0.5,0.882352941176,0.161290322581,0.272727272727,30,4,156,368,0.161290322581,0.989247311828,0.010752688172,0.838709677419,0.882352941176,0.161290322581,0.272727272727,0.713261648746,0.646356033453,0.189189189189,0.296666103271,0.150537634409,342,156,186,0,342,0,156,0,186,37,342,0.256756756757,1.72528881811,18.4864864865,15.5454545455,9.77142857143,5.36771015539,0.290358590277,0.142642642643,9.50849154237,1.02869645341,0.544491860281,8.05331334643,0.871264894205,0.461830251304,0.640599570326,0.371299902718,2,1.72528881811,0.640599570326,2,0.344071394247,0.376569037657,810,0.104247104247,0.56957682835,37,37,37,1,0,0.405405405405,0.540540540541,0.0540540540541,37,0.117117117117,2.22747747748,8.43243243243,7.09090909091,4.45714285714,5.03620525429,0.597242289772,0.326923076923,6.00525295579,1.42432281644,0.680873180873,3.83793300225,0.910278981302,0.463617463617,1.42084529335,0.637871901162,5.2,2.22747747748,1.42084529335,5.2,0,0,0,0,0.160752482811,37,37,37,1,0,0.405405405405,0.540540540541,0.0540540540541,37,190,0.142642642643,2.64249478797,10.2702702703,8.26086956522,5.42857142857,5.09710510785,0.496297076291,0.270981507824,6.53691297412,1.2729777897,0.64039829303,4.29574829959,0.836540458342,0.44039829303,1.71320667335,0.648329253532,4.81780798013,2.64249478797,1.71320667335,4.81780798013,0.185987859517,0.0841379310345,61,0.00785070785071,0.216321229577,37,37,37,1,0,0.378378378378,0.567567567568,0.0540540540541,-152,-0.114114114114,0.917205969856,-8.21621621622,-7.28458498024,-4.34285714286,-0.270605047542,0.205938486014,0.128338865181,-2.97157856825,0.244281336282,0.0959064327485,-3.75756504684,-0.0347244358631,-0.0214319582741,1.07260710302,0.277029350815,2.81780798013,0.917205969856,1.07260710302,2.81780798013,-0.15808353473,-0.292431106622,-749,-0.0963963963964,-0.353255598773,-0.027027027027,0.027027027027,0,186,4,156,986,0.543859649123,0.99595959596,0.0040404040404,0.456140350877,0.978947368421,0.543859649123,0.699248120301,0.674324845285,0.539819245082,0.537572254335,34,186,0,0,0,0
510,WLNM_dir_neg,0.589757486415,0.461417940248,00:00:07,10,20,7,1234860742,threshold_sweep,0.6,0.878787878788,0.155913978495,0.264840182648,29,4,157,368,0.155913978495,0.989247311828,0.010752688172,0.844086021505,0.878787878788,0.155913978495,0.264840182648,0.71146953405,0.646953405018,0.182741116751,0.290096267049,0.145161290323,342,156,186,0,342,0,156,0,186,37,342,0.256756756757,1.72528881811,18.4864864865,15.5454545455,9.77142857143,5.36771015539,0.290358590277,0.142642642643,9.50849154237,1.02869645341,0.544491860281,8.05331334643,0.871264894205,0.461830251304,0.640599570326,0.371299902718,2,1.72528881811,0.640599570326,2,0.344071394247,0.376569037657,810,0.104247104247,0.56957682835,37,37,37,1,0,0.405405405405,0.540540540541,0.0540540540541,37,0.117117117117,2.22747747748,8.43243243243,7.09090909091,4.45714285714,5.03620525429,0.597242289772,0.326923076923,6.00525295579,1.42432281644,0.680873180873,3.83793300225,0.910278981302,0.463617463617,1.42084529335,0.637871901162,5.2,2.22747747748,1.42084529335,5.2,0,0,0,0,0.160752482811,37,37,37,1,0,0.405405405405,0.540540540541,0.0540540540541,37,189,0.141891891892,2.66986196254,10.2162162162,8.21739130435,5.4,5.08338871628,0.497580376991,0.2717002717,6.54380022016,1.28106141876,0.642356642357,4.31266728361,0.844278780389,0.442728442728,1.75435021583,0.657093977308,4.87721299372,2.66986196254,1.75435021583,4.87721299372,0.17628361746,0.0821727019499,59,0.00759330759331,0.21522663524,37,37,37,1,0,0.378378378378,0.567567567568,0.0540540540541,-153,-0.114864864865,0.944573144421,-8.27027027027,-7.32806324111,-4.37142857143,-0.28432143911,0.207221786714,0.129057629058,-2.96469132222,0.252364965346,0.0978647820753,-3.74064606283,-0.0269861138161,-0.0191018085755,1.1137506455,0.28579407459,2.87721299372,0.944573144421,1.1137506455,2.87721299372,-0.167787776787,-0.294396335707,-751,-0.0966537966538,-0.35435019311,-0.027027027027,0.027027027027,0,185,4,157,986,0.540935672515,0.99595959596,0.0040404040404,0.459064327485,0.978835978836,0.540935672515,0.696798493409,0.672150010406,0.536895268474,0.534682080925,33,186,0,0,0,0
511,WLNM_dir_neg,0.589757486415,0.461417940248,00:00:07,10,20,7,1234860742,threshold_sweep,0.7,0.878787878788,0.155913978495,0.264840182648,29,4,157,368,0.155913978495,0.989247311828,0.010752688172,0.844086021505,0.878787878788,0.155913978495,0.264840182648,0.71146953405,0.646953405018,0.182741116751,0.290096267049,0.145161290323,342,156,186,0,342,0,156,0,186,37,342,0.256756756757,1.72528881811,18.4864864865,15.5454545455,9.77142857143,5.36771015539,0.290358590277,0.142642642643,9.50849154237,1.02869645341,0.544491860281,8.05331334643,0.871264894205,0.461830251304,0.640599570326,0.371299902718,2,1.72528881811,0.640599570326,2,0.344071394247,0.376569037657,810,0.104247104247,0.56957682835,37,37,37,1,0,0.405405405405,0.540540540541,0.0540540540541,37,0.117117117117,2.22747747748,8.43243243243,7.09090909091,4.45714285714,5.03620525429,0.597242289772,0.326923076923,6.00525295579,1.42432281644,0.680873180873,3.83793300225,0.910278981302,0.463617463617,1.42084529335,0.637871901162,5.2,2.22747747748,1.42084529335,5.2,0,0,0,0,0.160752482811,37,37,37,1,0,0.405405405405,0.540540540541,0.0540540540541,37,189,0.141891891892,2.66986196254,10.2162162162,8.21739130435,5.4,5.08338871628,0.497580376991,0.2717002717,6.54380022016,1.28106141876,0.642356642357,4.31266728361,0.844278780389,0.442728442728,1.75435021583,0.657093977308,4.87721299372,2.66986196254,1.75435021583,4.87721299372,0.17628361746,0.0821727019499,59,0.00759330759331,0.21522663524,37,37,37,1,0,0.378378378378,0.567567567568,0.0540540540541,-153,-0.114864864865,0.944573144421,-8.27027027027,-7.32806324111,-4.37142857143,-0.28432143911,0.207221786714,0.129057629058,-2.96469132222,0.252364965346,0.0978647820753,-3.74064606283,-0.0269861138161,-0.0191018085755,1.1137506455,0.28579407459,2.87721299372,0.944573144421,1.1137506455,2.87721299372,-0.167787776787,-0.294396335707,-751,-0.0966537966538,-0.35435019311,-0.027027027027,0.027027027027,0,185,4,157,986,0.540935672515,0.99595959596,0.0040404040404,0.459064327485,0.978835978836,0.540935672515,0.696798493409,0.672150010406,0.536895268474,0.534682080925,33,186,0,0,0,0
512,WLNM_dir_neg,0.589757486415,0.461417940248,00:00:07,10,20,7,1234860742,threshold_sweep,0.8,0.878787878788,0.155913978495,0.264840182648,29,4,157,368,0.155913978495,0.989247311828,0.010752688172,0.844086021505,0.878787878788,0.155913978495,0.264840182648,0.71146953405,0.646953405018,0.182741116751,0.290096267049,0.145161290323,342,156,186,0,342,0,156,0,186,37,342,0.256756756757,1.72528881811,18.4864864865,15.5454545455,9.77142857143,5.36771015539,0.290358590277,0.142642642643,9.50849154237,1.02869645341,0.544491860281,8.05331334643,0.871264894205,0.461830251304,0.640599570326,0.371299902718,2,1.72528881811,0.640599570326,2,0.344071394247,0.376569037657,810,0.104247104247,0.56957682835,37,37,37,1,0,0.405405405405,0.540540540541,0.0540540540541,37,0.117117117117,2.22747747748,8.43243243243,7.09090909091,4.45714285714,5.03620525429,0.597242289772,0.326923076923,6.00525295579,1.42432281644,0.680873180873,3.83793300225,0.910278981302,0.463617463617,1.42084529335,0.637871901162,5.2,2.22747747748,1.42084529335,5.2,0,0,0,0,0.160752482811,37,37,37,1,0,0.405405405405,0.540540540541,0.0540540540541,37,189,0.141891891892,2.66986196254,10.2162162162,8.21739130435,5.4,5.08338871628,0.497580376991,0.2717002717,6.54380022016,1.28106141876,0.642356642357,4.31266728361,0.844278780389,0.442728442728,1.75435021583,0.657093977308,4.87721299372,2.66986196254,1.75435021583,4.87721299372,0.17628361746,0.0821727019499,59,0.00759330759331,0.21522663524,37,37,37,1,0,0.378378378378,0.567567567568,0.0540540540541,-153,-0.114864864865,0.944573144421,-8.27027027027,-7.32806324111,-4.37142857143,-0.28432143911,0.207221786714,0.129057629058,-2.96469132222,0.252364965346,0.0978647820753,-3.74064606283,-0.0269861138161,-0.0191018085755,1.1137506455,0.28579407459,2.87721299372,0.944573144421,1.1137506455,2.87721299372,-0.167787776787,-0.294396335707,-751,-0.0966537966538,-0.35435019311,-0.027027027027,0.027027027027,0,185,4,157,986,0.540935672515,0.99595959596,0.0040404040404,0.459064327485,0.978835978836,0.540935672515,0.696798493409,0.672150010406,0.536895268474,0.534682080925,33,186,0,0,0,0
513,WLNM_dir_neg,0.589757486415,0.461417940248,00:00:07,10,20,7,1234860742,threshold_sweep,0.9,0.935483870968,0.155913978495,0.267281105991,29,2,157,370,0.155913978495,0.994623655914,0.00537634408602,0.844086021505,0.935483870968,0.155913978495,0.267281105991,0.715053763441,0.648148148148,0.190152801358,0.309803895741,0.150537634409,342,156,186,0,342,0,156,0,186,37,342,0.256756756757,1.72528881811,18.4864864865,15.5454545455,9.77142857143,5.36771015539,0.290358590277,0.142642642643,9.50849154237,1.02869645341,0.544491860281,8.05331334643,0.871264894205,0.461830251304,0.640599570326,0.371299902718,2,1.72528881811,0.640599570326,2,0.344071394247,0.376569037657,810,0.104247104247,0.56957682835,37,37,37,1,0,0.405405405405,0.540540540541,0.0540540540541,37,0.117117117117,2.22747747748,8.43243243243,7.09090909091,4.45714285714,5.03620525429,0.597242289772,0.326923076923,6.00525295579,1.42432281644,0.680873180873,3.83793300225,0.910278981302,0.463617463617,1.42084529335,0.637871901162,5.2,2.22747747748,1.42084529335,5.2,0,0,0,0,0.160752482811,37,37,37,1,0,0.405405405405,0.540540540541,0.0540540540541,37,187,0.14039039039,3.01538824539,10.1081081081,8.13043478261,5.34285714286,5.03754671213,0.498366920719,0.272582743171,6.5614443953,1.29825370388,0.647203353086,4.35217663261,0.861125857789,0.449197860963,2.21450224898,0.734400371947,6.28571428571,3.01538824539,2.21450224898,6.28571428571,0.177344705286,0.0810042633823,57,0.00733590733591,0.218049530681,37,37,37,1,0,0.378378378378,0.567567567568,0.0540540540541,-155,-0.116366366366,1.29009942727,-8.37837837838,-7.41501976285,-4.42857142857,-0.330163443265,0.208008330441,0.129940100528,-2.94704714708,0.269557250467,0.102711492804,-3.70113671382,-0.0101390364156,-0.0126323903414,1.57390267865,0.363100469229,4.28571428571,1.29009942727,1.57390267865,4.28571428571,-0.166726688962,-0.295564774275,-753,-0.0969111969112,-0.351527297669,-0.027027027027,0.027027027027,0,185,2,157,988,0.540935672515,0.99797979798,0.0020202020202,0.459064327485,0.989304812834,0.540935672515,0.69943289225,0.677684815354,0.538915470494,0.537790697674,31,186,0,0,0,0
514,WLNM_dir_neg,0.338716903688,0.332413199507,00:00:07,10,20,8,1234860743,threshold_sweep,0.1,0.636363636364,0.112903225806,0.191780821918,21,12,165,360,0.112903225806,0.967741935484,0.0322580645161,0.887096774194,0.636363636364,0.112903225806,0.191780821918,0.682795698925,0.646953405018,0.10152284264,0.161164592805,0.0806451612903,342,156,186,0,342,0,156,0,186,37,342,0.256756756757,1.72528881811,18.4864864865,15.5454545455,9.77142857143,5.36771015539,0.290358590277,0.142642642643,9.50849154237,1.02869645341,0.544491860281,8.05331334643,0.871264894205,0.461830251304,0.640599570326,0.371299902718,2,1.72528881811,0.640599570326,2,0.344071394247,0.376569037657,810,0.104247104247,0.56957682835,37,37,37,1,0,0.405405405405,0.540540540541,0.0540540540541,37,0.117117117117,2.22747747748,8.43243243243,7.09090909091,4.45714285714,5.03620525429,0.597242289772,0.326923076923,6.00525295579,1.42432281644,0.680873180873,3.83793300225,0.910278981302,0.463617463617,1.42084529335,0.637871901162,5.2,2.22747747748,1.42084529335,5.2,0,0,0,0,0.160752482811,37,37,37,1,0,0.405405405405,0.540540540541,0.0540540540541,37,189,0.141891891892,5.94164667494,10.2162162162,6.09677419355,5.25,4.9280102765,0.482371376271,0.266695266695,5.95251479901,1.16530712996,0.584012584013,3.67259962261,0.718974529294,0.387816387816,2.75465959238,0.463618882624,7.85696384362,5.94164667494,2.75465959238,7.85696384362,0.144469978603,0.0595018450185,43,0.00553410553411,0.185500837463,37,37,37,1,0,0.162162162162,0.810810810811,0.027027027027,-153,-0.114864864865,4.21635785683,-8.27027027027,-9.44868035191,-4.52142857143,-0.439699878894,0.192012785994,0.124052624053,-3.55597674336,0.13661067655,0.0395207237313,-4.38071372383,-0.152290364911,-0.0740138634875,2.11406002206,0.092318979906,5.85696384362,4.21635785683,2.11406002206,5.85696384362,-0.199601415644,-0.317067192638,-767,-0.098712998713,-0.384075990887,-0.243243243243,0.27027027027,-0.027027027027,177,12,165,978,0.517543859649,0.987878787879,0.0121212121212,0.482456140351,0.936507936508,0.517543859649,0.666666666667,0.632748801756,0.505422647528,0.5,33,186,0,0,0,0
515,WLNM_dir_neg,0.338716903688,0.332413199507,00:00:07,10,20,8,1234860743,threshold_sweep,0.2,0.645161290323,0.10752688172,0.184331797235,20,11,166,361,0.10752688172,0.970430107527,0.0295698924731,0.89247311828,0.645161290323,0.10752688172,0.184331797235,0.682795698925,0.648148148148,0.0984719864177,0.160434160295,0.0779569892473,342,156,186,0,342,0,156,0,186,37,342,0.256756756757,1.72528881811,18.4864864865,15.5454545455,9.77142857143,5.36771015539,0.290358590277,0.142642642643,9.50849154237,1.02869645341,0.544491860281,8.05331334643,0.871264894205,0.461830251304,0.640599570326,0.371299902718,2,1.72528881811,0.640599570326,2,0.344071394247,0.376569037657,810,0.104247104247,0.56957682835,37,37,37,1,0,0.405405405405,0.540540540541,0.0540540540541,37,0.117117117117,2.22747747748,8.43243243243,7.09090909091,4.45714285714,5.03620525429,0.597242289772,0.326923076923,6.00525295579,1.42432281644,0.680873180873,3.83793300225,0.910278981302,0.463617463617,1.42084529335,0.637871901162,5.2,2.22747747748,1.42084529335,5.2,0,0,0,0,0.160752482811,37,37,37,1,0,0.405405405405,0.540540540541,0.0540540540541,37,187,0.14039039039,5.89917476505,10.1081081081,6.03225806452,5.34285714286,5.0650424139,0.501087083729,0.277930336754,5.98584416188,1.18436488764,0.590547767018,3.72637704559,0.737304549127,0.398034398034,2.76938064073,0.469452211713,7.48808336105,5.89917476505,2.76938064073,7.48808336105,0.162118299193,0.0570765661253,41,0.00527670527671,0.195910463679,37,37,37,1,0,0.162162162162,0.783783783784,0.0540540540541,-155,-0.116366366366,4.17388594694,-8.37837837838,-9.51319648094,-4.42857142857,-0.302667741488,0.210728493451,0.135287694111,-3.52264738049,0.15566843423,0.046055906737,-4.32693630085,-0.133960345078,-0.0637958532695,2.12878107041,0.0981523089949,5.48808336105,4.17388594694,2.12878107041,5.48808336105,-0.181953095055,-0.319492471532,-769,-0.0989703989704,-0.373666364671,-0.243243243243,0.243243243243,0,176,11,166,979,0.514619883041,0.988888888889,0.0111111111111,0.485380116959,0.941176470588,0.514619883041,0.665406427221,0.633160983152,0.50350877193,0.498583569405,31,186,0,0,0,0
516,WLNM_dir_neg,0.338716903688,0.332413199507,00:00:07,10,20,8,1234860743,threshold_sweep,0.3,0.576923076923,0.0806451612903,0.141509433962,15,11,171,361,0.0806451612903,0.970430107527,0.0295698924731,0.91935483871,0.576923076923,0.0806451612903,0.141509433962,0.673835125448,0.651135005974,0.0650684931507,0.114234191683,0.0510752688172,342,156,186,0,342,0,156,0,186,37,342,0.256756756757,1.72528881811,18.4864864865,15.5454545455,9.77142857143,5.36771015539,0.290358590277,0.142642642643,9.50849154237,1.02869645341,0.544491860281,8.05331334643,0.871264894205,0.461830251304,0.640599570326,0.371299902718,2,1.72528881811,0.640599570326,2,0.344071394247,0.376569037657,810,0.104247104247,0.56957682835,37,37,37,1,0,0.405405405405,0.540540540541,0.0540540540541,37,0.117117117117,2.22747747748,8.43243243243,7.09090909091,4.45714285714,5.03620525429,0.597242289772,0.326923076923,6.00525295579,1.42432281644,0.680873180873,3.83793300225,0.910278981302,0.463617463617,1.42084529335,0.637871901162,5.2,2.22747747748,1.42084529335,5.2,0,0,0,0,0.160752482811,37,37,37,1,0,0.405405405405,0.540540540541,0.0540540540541,37,182,0.136636636637,6.01619037699,9.83783783784,5.87096774194,5.2,4.81613903404,0.489552594119,0.27130977131,5.84702383163,1.18868066907,0.594000594001,3.81064574856,0.774691718114,0.413127413127,2.85298545482,0.474217947911,8.04452630218,6.01619037699,2.85298545482,8.04452630218,0.146595468654,0.0461080813089,31,0.0039897039897,0.194891018076,37,37,37,1,0,0.162162162162,0.783783783784,0.0540540540541,-160,-0.12012012012,4.29090155887,-8.64864864865,-9.67448680352,-4.57142857143,-0.551571121354,0.199194003842,0.128667128667,-3.66146771074,0.159984215653,0.0495087337193,-4.24266759787,-0.096573176091,-0.0487028381765,2.21238588449,0.102918045194,6.04452630218,4.29090155887,2.21238588449,6.04452630218,-0.197475925593,-0.330460956348,-779,-0.100257400257,-0.374685810274,-0.243243243243,0.243243243243,0,171,11,171,979,0.5,0.988888888889,0.0111111111111,0.5,0.93956043956,0.5,0.652671755725,0.621807853896,0.488888888889,0.484419263456,26,186,0,0,0,0
517,WLNM_dir_neg,0.338716903688,0.332413199507,00:00:07,10,20,8,1234860743,threshold_sweep,0.4,0.875,0.0752688172043,0.138613861386,14,2,172,370,0.0752688172043,0.994623655914,0.00537634408602,0.924731182796,0.875,0.0752688172043,0.138613861386,0.688172043011,0.657108721625,0.0905923344948,0.19742344025,0.0698924731183,342,156,186,0,342,0,156,0,186,37,342,0.256756756757,1.72528881811,18.4864864865,15.5454545455,9.77142857143,5.36771015539,0.290358590277,0.142642642643,9.50849154237,1.02869645341,0.544491860281,8.05331334643,0.871264894205,0.461830251304,0.640599570326,0.371299902718,2,1.72528881811,0.640599570326,2,0.344071394247,0.376569037657,810,0.104247104247,0.56957682835,37,37,37,1,0,0.405405405405,0.540540540541,0.0540540540541,37,0.117117117117,2.22747747748,8.43243243243,7.09090909091,4.45714285714,5.03620525429,0.597242289772,0.326923076923,6.00525295579,1.42432281644,0.680873180873,3.83793300225,0.910278981302,0.463617463617,1.42084529335,0.637871901162,5.2,2.22747747748,1.42084529335,5.2,0,0,0,0,0.160752482811,37,37,37,1,0,0.405405405405,0.540540540541,0.0540540540541,37,172,0.129129129129,2.11535838015,9.2972972973,7.81818181818,4.91428571429,4.67775388209,0.503130504759,0.271841609051,6.04251702621,1.29984377889,0.650848522942,3.6302449888,0.780924794101,0.413576367065,1.19414818511,0.564513415936,4.06948356808,2.11535838015,1.19414818511,4.06948356808,0.138235638236,0.0198675496689,12,0.0015444015444,0.180089975949,37,37,37,1,0,0.405405405405,0.540540540541,0.0540540540541,-170,-0.127627627628,0.390069562032,-9.18918918919,-7.72727272727,-4.85714285714,-0.689956273306,0.212771914482,0.129198966408,-3.46597451617,0.271147325479,0.10635666266,-4.42306835764,-0.0903401001034,-0.0482538842392,0.55354861478,0.193213513219,2.06948356808,0.390069562032,0.55354861478,2.06948356808,-0.205835756012,-0.356701487988,-798,-0.102702702703,-0.3894868524,0,0,0,170,2,172,988,0.497076023392,0.99797979798,0.0020202020202,0.502923976608,0.988372093023,0.497076023392,0.661478599222,0.64489885226,0.495055821372,0.494186046512,16,186,0,0,0,0
518,WLNM_dir_neg,0.338716903688,0.332413199507,00:00:07,10,20,8,1234860743,threshold_sweep,0.5,0.857142857143,0.0645161290323,0.12,12,2,174,370,0.0645161290323,0.994623655914,0.00537634408602,0.935483870968,0.857142857143,0.0645161290323,0.12,0.68458781362,0.658303464755,0.0769230769231,0.178256023977,0.0591397849462,342,156,186,0,342,0,156,0,186,37,342,0.256756756757,1.72528881811,18.4864864865,15.5454545455,9.77142857143,5.36771015539,0.290358590277,0.142642642643,9.50849154237,1.02869645341,0.544491860281,8.05331334643,0.871264894205,0.461830251304,0.640599570326,0.371299902718,2,1.72528881811,0.640599570326,2,0.344071394247,0.376569037657,810,0.104247104247,0.56957682835,37,37,37,1,0,0.405405405405,0.540540540541,0.0540540540541,37,0.117117117117,2.22747747748,8.43243243243,7.09090909091,4.45714285714,5.03620525429,0.597242289772,0.326923076923,6.00525295579,1.42432281644,0.680873180873,3.83793300225,0.910278981302,0.463617463617,1.42084529335,0.637871901162,5.2,2.22747747748,1.42084529335,5.2,0,0,0,0,0.160752482811,37,37,37,1,0,0.405405405405,0.540540540541,0.0540540540541,37,170,0.127627627628,2.11779760982,9.18918918919,7.72727272727,4.85714285714,4.6716511347,0.508385564658,0.272496025437,5.99286362388,1.30432914167,0.652782193959,3.67770655783,0.800442015528,0.423847376789,1.19799370607,0.565679033972,4.06948356808,2.11779760982,1.19799370607,4.06948356808,0.145313170313,0.0168918918919,10,0.001287001287,0.180153102483,37,37,37,1,0,0.405405405405,0.540540540541,0.0540540540541,-172,-0.129129129129,0.392508791701,-9.2972972973,-7.81818181818,-4.91428571429,-0.696059020695,0.218026974381,0.129853382795,-3.5156279185,0.275632688253,0.108290333677,-4.3756067886,-0.0708228786766,-0.0379828745154,0.557394135744,0.194379131255,2.06948356808,0.392508791701,0.557394135744,2.06948356808,-0.198758223934,-0.359677145765,-800,-0.10296010296,-0.389423725866,0,0,0,168,2,174,988,0.491228070175,0.99797979798,0.0020202020202,0.508771929825,0.988235294118,0.491228070175,0.65625,0.64046670699,0.489207868155,0.488372093023,14,186,0,0,0,0
519,WLNM_dir_neg,0.338716903688,0.332413199507,00:00:07,10,20,8,1234860743,threshold_sweep,0.6,0.846153846154,0.0591397849462,0.110552763819,11,2,175,370,0.0591397849462,0.994623655914,0.00537634408602,0.940860215054,0.846153846154,0.0591397849462,0.110552763819,0.682795698925,0.65890083632,0.0700525394046,0.168013844911,0.0537634408602,342,156,186,0,342,0,156,0,186,37,342,0.256756756757,1.72528881811,18.4864864865,15.5454545455,9.77142857143,5.36771015539,0.290358590277,0.142642642643,9.50849154237,1.02869645341,0.544491860281,8.05331334643,0.871264894205,0.461830251304,0.640599570326,0.371299902718,2,1.72528881811,0.640599570326,2,0.344071394247,0.376569037657,810,0.104247104247,0.56957682835,37,37,37,1,0,0.405405405405,0.540540540541,0.0540540540541,37,0.117117117117,2.22747747748,8.43243243243,7.09090909091,4.45714285714,5.03620525429,0.597242289772,0.326923076923,6.00525295579,1.42432281644,0.680873180873,3.83793300225,0.910278981302,0.463617463617,1.42084529335,0.637871901162,5.2,2.22747747748,1.42084529335,5.2,0,0,0,0,0.160752482811,37,37,37,1,0,0.405405405405,0.540540540541,0.0540540540541,37,169,0.126876876877,2.14941040331,9.13513513514,7.68181818182,4.82857142857,4.7267686999,0.517427342888,0.277786662402,6.00712789822,1.31517001322,0.656005117544,3.69339154994,0.808612351169,0.426675195906,1.26588632719,0.588945845447,4.26572104019,2.14941040331,1.26588632719,4.26572104019,0.151619476619,0.0152628603731,9,0.0011583011583,0.179101772861,37,37,37,1,0,0.405405405405,0.540540540541,0.0540540540541,-173,-0.12987987988,0.424121585196,-9.35135135135,-7.86363636364,-4.94285714286,-0.640941455495,0.227068752611,0.135144019759,-3.50136364415,0.286473559805,0.111513257262,-4.3599217965,-0.0626525430354,-0.035155055398,0.625286756865,0.217645942729,2.26572104019,0.424121585196,0.625286756865,2.26572104019,-0.192451917628,-0.361306177284,-801,-0.103088803089,-0.390475055489,0,0,0,167,2,175,988,0.488304093567,0.99797979798,0.0020202020202,0.511695906433,0.988165680473,0.488304093567,0.65362035225,0.638244857383,0.486283891547,0.485465116279,13,186,0,0,0,0
520,WLNM_dir_neg,0.338716903688,0.332413199507,00:00:07,10,20,8,1234860743,threshold_sweep,0.7,0.846153846154,0.0591397849462,0.110552763819,11,2,175,370,0.0591397849462,0.994623655914,0.00537634408602,0.940860215054,0.846153846154,0.0591397849462,0.110552763819,0.682795698925,0.65890083632,0.0700525394046,0.168013844911,0.0537634408602,342,156,186,0,342,0,156,0,186,37,342,0.256756756757,1.72528881811,18.4864864865,15.5454545455,9.77142857143,5.36771015539,0.290358590277,0.142642642643,9.50849154237,1.02869645341,0.544491860281,8.05331334643,0.871264894205,0.461830251304,0.640599570326,0.371299902718,2,1.72528881811,0.640599570326,2,0.344071394247,0.376569037657,810,0.104247104247,0.56957682835,37,37,37,1,0,0.405405405405,0.540540540541,0.0540540540541,37,0.117117117117,2.22747747748,8.43243243243,7.09090909091,4.45714285714,5.03620525429,0.597242289772,0.326923076923,6.00525295579,1.42432281644,0.680873180873,3.83793300225,0.910278981302,0.463617463617,1.42084529335,0.637871901162,5.2,2.22747747748,1.42084529335,5.2,0,0,0,0,0.160752482811,37,37,37,1,0,0.405405405405,0.540540540541,0.0540540540541,37,169,0.126876876877,2.14941040331,9.13513513514,7.68181818182,4.82857142857,4.7267686999,0.517427342888,0.277786662402,6.00712789822,1.31517001322,0.656005117544,3.69339154994,0.808612351169,0.426675195906,1.26588632719,0.588945845447,4.26572104019,2.14941040331,1.26588632719,4.26572104019,0.151619476619,0.0152628603731,9,0.0011583011583,0.179101772861,37,37,37,1,0,0.405405405405,0.540540540541,0.0540540540541,-173,-0.12987987988,0.424121585196,-9.35135135135,-7.86363636364,-4.94285714286,-0.640941455495,0.227068752611,0.135144019759,-3.50136364415,0.286473559805,0.111513257262,-4.3599217965,-0.0626525430354,-0.035155055398,0.625286756865,0.217645942729,2.26572104019,0.424121585196,0.625286756865,2.26572104019,-0.192451917628,-0.361306177284,-801,-0.103088803089,-0.390475055489,0,0,0,167,2,175,988,0.488304093567,0.99797979798,0.0020202020202,0.511695906433,0.988165680473,0.488304093567,0.65362035225,0.638244857383,0.486283891547,0.485465116279,13,186,0,0,0,0
521,WLNM_dir_neg,0.338716903688,0.332413199507,00:00:07,10,20,8,1234860743,threshold_sweep,0.8,0.846153846154,0.0591397849462,0.110552763819,11,2,175,370,0.0591397849462,0.994623655914,0.00537634408602,0.940860215054,0.846153846154,0.0591397849462,0.110552763819,0.682795698925,0.65890083632,0.0700525394046,0.168013844911,0.0537634408602,342,156,186,0,342,0,156,0,186,37,342,0.256756756757,1.72528881811,18.4864864865,15.5454545455,9.77142857143,5.36771015539,0.290358590277,0.142642642643,9.50849154237,1.02869645341,0.544491860281,8.05331334643,0.871264894205,0.461830251304,0.640599570326,0.371299902718,2,1.72528881811,0.640599570326,2,0.344071394247,0.376569037657,810,0.104247104247,0.56957682835,37,37,37,1,0,0.405405405405,0.540540540541,0.0540540540541,37,0.117117117117,2.22747747748,8.43243243243,7.09090909091,4.45714285714,5.03620525429,0.597242289772,0.326923076923,6.00525295579,1.42432281644,0.680873180873,3.83793300225,0.910278981302,0.463617463617,1.42084529335,0.637871901162,5.2,2.22747747748,1.42084529335,5.2,0,0,0,0,0.160752482811,37,37,37,1,0,0.405405405405,0.540540540541,0.0540540540541,37,169,0.126876876877,2.14941040331,9.13513513514,7.68181818182,4.82857142857,4.7267686999,0.517427342888,0.277786662402,6.00712789822,1.31517001322,0.656005117544,3.69339154994,0.808612351169,0.426675195906,1.26588632719,0.588945845447,4.26572104019,2.14941040331,1.26588632719,4.26572104019,0.151619476619,0.0152628603731,9,0.0011583011583,0.179101772861,37,37,37,1,0,0.405405405405,0.540540540541,0.0540540540541,-173,-0.12987987988,0.424121585196,-9.35135135135,-7.86363636364,-4.94285714286,-0.640941455495,0.227068752611,0.135144019759,-3.50136364415,0.286473559805,0.111513257262,-4.3599217965,-0.0626525430354,-0.035155055398,0.625286756865,0.217645942729,2.26572104019,0.424121585196,0.625286756865,2.26572104019,-0.192451917628,-0.361306177284,-801,-0.103088803089,-0.390475055489,0,0,0,167,2,175,988,0.488304093567,0.99797979798,0.0020202020202,0.511695906433,0.988165680473,0.488304093567,0.65362035225,0.638244857383,0.486283891547,0.485465116279,13,186,0,0,0,0
522,WLNM_dir_neg,0.338716903688,0.332413199507,00:00:07,10,20,8,1234860743,threshold_sweep,0.9,0.833333333333,0.0537634408602,0.10101010101,10,2,176,370,0.0537634408602,0.994623655914,0.00537634408602,0.94623655914,0.833333333333,0.0537634408602,0.10101010101,0.681003584229,0.659498207885,0.0631578947368,0.157242725508,0.0483870967742,342,156,186,0,342,0,156,0,186,37,342,0.256756756757,1.72528881811,18.4864864865,15.5454545455,9.77142857143,5.36771015539,0.290358590277,0.142642642643,9.50849154237,1.02869645341,0.544491860281,8.05331334643,0.871264894205,0.461830251304,0.640599570326,0.371299902718,2,1.72528881811,0.640599570326,2,0.344071394247,0.376569037657,810,0.104247104247,0.56957682835,37,37,37,1,0,0.405405405405,0.540540540541,0.0540540540541,37,0.117117117117,2.22747747748,8.43243243243,7.09090909091,4.45714285714,5.03620525429,0.597242289772,0.326923076923,6.00525295579,1.42432281644,0.680873180873,3.83793300225,0.910278981302,0.463617463617,1.42084529335,0.637871901162,5.2,2.22747747748,1.42084529335,5.2,0,0,0,0,0.160752482811,37,37,37,1,0,0.405405405405,0.540540540541,0.0540540540541,37,168,0.126126126126,2.18089136756,9.08108108108,7.63636363636,4.8,4.69857175922,0.517402247295,0.278314028314,6.00737784633,1.32305345425,0.657657657658,3.71628992556,0.818468614558,0.431467181467,1.33310040457,0.611264010853,4.67682539683,2.18089136756,1.33310040457,4.67682539683,0.148718045777,0.0137299771167,8,0.0010296010296,0.178803177757,37,37,37,1,0,0.405405405405,0.540540540541,0.0540540540541,-174,-0.130630630631,0.455602549443,-9.40540540541,-7.90909090909,-4.97142857143,-0.669138396169,0.227043657018,0.135671385671,-3.50111369604,0.294357000837,0.113165797376,-4.33702342088,-0.0527962796473,-0.0303630698368,0.692500834243,0.239964108136,2.67682539683,0.455602549443,0.692500834243,2.67682539683,-0.195353348471,-0.36283906054,-802,-0.103217503218,-0.390773650593,0,0,0,166,2,176,988,0.485380116959,0.99797979798,0.0020202020202,0.514619883041,0.988095238095,0.485380116959,0.650980392157,0.636019089552,0.483359914939,0.482558139535,12,186,0,0,0,0
523,WLNM_dir_neg,0.388296334836,0.30761464244,00:00:05,10,20,9,1234860744,threshold_sweep,0.1,0.424242424242,0.0752688172043,0.127853881279,14,19,172,353,0.0752688172043,0.948924731183,0.0510752688172,0.924731182796,0.424242424242,0.0752688172043,0.127853881279,0.65770609319,0.646953405018,0.0304568527919,0.0483493778415,0.0241935483871,342,156,186,0,342,0,156,0,186,37,342,0.256756756757,1.72528881811,18.4864864865,15.5454545455,9.77142857143,5.36771015539,0.290358590277,0.142642642643,9.50849154237,1.02869645341,0.544491860281,8.05331334643,0.871264894205,0.461830251304,0.640599570326,0.371299902718,2,1.72528881811,0.640599570326,2,0.344071394247,0.376569037657,810,0.104247104247,0.56957682835,37,37,37,1,0,0.405405405405,0.540540540541,0.0540540540541,37,0.117117117117,2.18635635636,8.43243243243,7.09090909091,4.45714285714,5.03620525429,0.597242289772,0.326923076923,6.00062559301,1.42322530091,0.680526680527,3.83793300225,0.910278981302,0.463617463617,1.32204914232,0.604681454823,4.3462962963,2.18635635636,1.32204914232,4.3462962963,0,0,0,0,0.160896782956,37,37,37,1,0,0.405405405405,0.540540540541,0.0540540540541,37,189,0.141891891892,11.932737576,10.2162162162,6.09677419355,5.10810810811,4.61961479356,0.45218451683,0.24882024882,5.70956207595,1.11774495667,0.572858572859,3.81359981429,0.746577741422,0.39897039897,5.32858603687,0.446551849729,16.2705497197,11.932737576,5.32858603687,16.2705497197,0.117915184092,0.042063094642,28,0.0036036036036,0.198496971263,37,37,37,1,0,0.162162162162,0.837837837838,0,-153,-0.114864864865,10.2074487578,-8.27027027027,-9.44868035191,-4.66332046332,-0.748095361837,0.161825926552,0.106177606178,-3.79892946643,0.0890485032522,0.0283667125772,-4.23971353215,-0.124687152783,-0.0628598523335,4.68798646655,0.0752519470112,14.2705497197,10.2074487578,4.68798646655,14.2705497197,-0.226156210156,-0.334505943015,-782,-0.100643500644,-0.371079857087,-0.243243243243,0.297297297297,-0.0540540540541,170,19,172,971,0.497076023392,0.980808080808,0.0191919191919,0.502923976608,0.899470899471,0.497076023392,0.640301318267,0.598272744187,0.4778841042,0.470914127424,33,186,0,0,0,0
524,WLNM_dir_neg,0.388296334836,0.30761464244,00:00:05,10,20,9,1234860744,threshold_sweep,0.2,0.545454545455,0.0645161290323,0.115384615385,12,10,174,362,0.0645161290323,0.97311827957,0.0268817204301,0.935483870968,0.545454545455,0.0645161290323,0.115384615385,0.670250896057,0.653524492234,0.048275862069,0.0911631456874,0.0376344086022,342,156,186,0,342,0,156,0,186,37,342,0.256756756757,1.72528881811,18.4864864865,15.5454545455,9.77142857143,5.36771015539,0.290358590277,0.142642642643,9.50849154237,1.02869645341,0.544491860281,8.05331334643,0.871264894205,0.461830251304,0.640599570326,0.371299902718,2,1.72528881811,0.640599570326,2,0.344071394247,0.376569037657,810,0.104247104247,0.56957682835,37,37,37,1,0,0.405405405405,0.540540540541,0.0540540540541,37,0.117117117117,2.18635635636,8.43243243243,7.09090909091,4.45714285714,5.03620525429,0.597242289772,0.326923076923,6.00062559301,1.42322530091,0.680526680527,3.83793300225,0.910278981302,0.463617463617,1.32204914232,0.604681454823,4.3462962963,2.18635635636,1.32204914232,4.3462962963,0,0,0,0,0.160896782956,37,37,37,1,0,0.405405405405,0.540540540541,0.0540540540541,37,178,0.133633633634,2.47653501585,9.62162162162,8.09090909091,4.81081081081,4.48052174139,0.465672203459,0.253112663225,5.92470270158,1.23153932561,0.629820832068,3.50268022645,0.728085215611,0.390221682357,1.63125323661,0.658683695637,4.87203636376,2.47653501585,1.63125323661,4.87203636376,0.0810110530699,0.0252100840336,15,0.0019305019305,0.184660103004,37,37,37,1,0,0.405405405405,0.594594594595,0,-164,-0.123123123123,0.751246197735,-8.86486486486,-7.45454545455,-4.96061776062,-0.887188414003,0.175313613182,0.110470020582,-3.5837888408,0.202842872194,0.0853289717867,-4.55063311998,-0.143179678594,-0.0716085689474,0.990653666288,0.287383792919,2.87203636376,0.751246197735,0.990653666288,2.87203636376,-0.263060341178,-0.351358953623,-795,-0.102316602317,-0.384916725346,0,0.0540540540541,-0.0540540540541,168,10,174,980,0.491228070175,0.989898989899,0.010101010101,0.508771929825,0.943820224719,0.491228070175,0.646153846154,0.617699896285,0.481127060074,0.477272727273,22,186,0,0,0,0
525,WLNM_dir_neg,0.388296334836,0.30761464244,00:00:05,10,20,9,1234860744,threshold_sweep,0.3,0.545454545455,0.0645161290323,0.115384615385,12,10,174,362,0.0645161290323,0.97311827957,0.0268817204301,0.935483870968,0.545454545455,0.0645161290323,0.115384615385,0.670250896057,0.653524492234,0.048275862069,0.0911631456874,0.0376344086022,342,156,186,0,342,0,156,0,186,37,342,0.256756756757,1.72528881811,18.4864864865,15.5454545455,9.77142857143,5.36771015539,0.290358590277,0.142642642643,9.50849154237,1.02869645341,0.544491860281,8.05331334643,0.871264894205,0.461830251304,0.640599570326,0.371299902718,2,1.72528881811,0.640599570326,2,0.344071394247,0.376569037657,810,0.104247104247,0.56957682835,37,37,37,1,0,0.405405405405,0.540540540541,0.0540540540541,37,0.117117117117,2.18635635636,8.43243243243,7.09090909091,4.45714285714,5.03620525429,0.597242289772,0.326923076923,6.00062559301,1.42322530091,0.680526680527,3.83793300225,0.910278981302,0.463617463617,1.32204914232,0.604681454823,4.3462962963,2.18635635636,1.32204914232,4.3462962963,0,0,0,0,0.160896782956,37,37,37,1,0,0.405405405405,0.540540540541,0.0540540540541,37,178,0.133633633634,2.47653501585,9.62162162162,8.09090909091,4.81081081081,4.48052174139,0.465672203459,0.253112663225,5.92470270158,1.23153932561,0.629820832068,3.50268022645,0.728085215611,0.390221682357,1.63125323661,0.658683695637,4.87203636376,2.47653501585,1.63125323661,4.87203636376,0.0810110530699,0.0252100840336,15,0.0019305019305,0.184660103004,37,37,37,1,0,0.405405405405,0.594594594595,0,-164,-0.123123123123,0.751246197735,-8.86486486486,-7.45454545455,-4.96061776062,-0.887188414003,0.175313613182,0.110470020582,-3.5837888408,0.202842872194,0.0853289717867,-4.55063311998,-0.143179678594,-0.0716085689474,0.990653666288,0.287383792919,2.87203636376,0.751246197735,0.990653666288,2.87203636376,-0.263060341178,-0.351358953623,-795,-0.102316602317,-0.384916725346,0,0.0540540540541,-0.0540540540541,168,10,174,980,0.491228070175,0.989898989899,0.010101010101,0.508771929825,0.943820224719,0.491228070175,0.646153846154,0.617699896285,0.481127060074,0.477272727273,22,186,0,0,0,0
526,WLNM_dir_neg,0.388296334836,0.30761464244,00:00:05,10,20,9,1234860744,threshold_sweep,0.4,0.545454545455,0.0645161290323,0.115384615385,12,10,174,362,0.0645161290323,0.97311827957,0.0268817204301,0.935483870968,0.545454545455,0.0645161290323,0.115384615385,0.670250896057,0.653524492234,0.048275862069,0.0911631456874,0.0376344086022,342,156,186,0,342,0,156,0,186,37,342,0.256756756757,1.72528881811,18.4864864865,15.5454545455,9.77142857143,5.36771015539,0.290358590277,0.142642642643,9.50849154237,1.02869645341,0.544491860281,8.05331334643,0.871264894205,0.461830251304,0.640599570326,0.371299902718,2,1.72528881811,0.640599570326,2,0.344071394247,0.376569037657,810,0.104247104247,0.56957682835,37,37,37,1,0,0.405405405405,0.540540540541,0.0540540540541,37,0.117117117117,2.18635635636,8.43243243243,7.09090909091,4.45714285714,5.03620525429,0.597242289772,0.326923076923,6.00062559301,1.42322530091,0.680526680527,3.83793300225,0.910278981302,0.463617463617,1.32204914232,0.604681454823,4.3462962963,2.18635635636,1.32204914232,4.3462962963,0,0,0,0,0.160896782956,37,37,37,1,0,0.405405405405,0.540540540541,0.0540540540541,37,178,0.133633633634,2.47653501585,9.62162162162,8.09090909091,4.81081081081,4.48052174139,0.465672203459,0.253112663225,5.92470270158,1.23153932561,0.629820832068,3.50268022645,0.728085215611,0.390221682357,1.63125323661,0.658683695637,4.87203636376,2.47653501585,1.63125323661,4.87203636376,0.0810110530699,0.0252100840336,15,0.0019305019305,0.184660103004,37,37,37,1,0,0.405405405405,0.594594594595,0,-164,-0.123123123123,0.751246197735,-8.86486486486,-7.45454545455,-4.96061776062,-0.887188414003,0.175313613182,0.110470020582,-3.5837888408,0.202842872194,0.0853289717867,-4.55063311998,-0.143179678594,-0.0716085689474,0.990653666288,0.287383792919,2.87203636376,0.751246197735,0.990653666288,2.87203636376,-0.263060341178,-0.351358953623,-795,-0.102316602317,-0.384916725346,0,0.0540540540541,-0.0540540540541,168,10,174,980,0.491228070175,0.989898989899,0.010101010101,0.508771929825,0.943820224719,0.491228070175,0.646153846154,0.617699896285,0.481127060074,0.477272727273,22,186,0,0,0,0
527,WLNM_dir_neg,0.388296334836,0.30761464244,00:00:05,10,20,9,1234860744,threshold_sweep,0.5,0.545454545455,0.0645161290323,0.115384615385,12,10,174,362,0.0645161290323,0.97311827957,0.0268817204301,0.935483870968,0.545454545455,0.0645161290323,0.115384615385,0.670250896057,0.653524492234,0.048275862069,0.0911631456874,0.0376344086022,342,156,186,0,342,0,156,0,186,37,342,0.256756756757,1.72528881811,18.4864864865,15.5454545455,9.77142857143,5.36771015539,0.290358590277,0.142642642643,9.50849154237,1.02869645341,0.544491860281,8.05331334643,0.871264894205,0.461830251304,0.640599570326,0.371299902718,2,1.72528881811,0.640599570326,2,0.344071394247,0.376569037657,810,0.104247104247,0.56957682835,37,37,37,1,0,0.405405405405,0.540540540541,0.0540540540541,37,0.117117117117,2.18635635636,8.43243243243,7.09090909091,4.45714285714,5.03620525429,0.597242289772,0.326923076923,6.00062559301,1.42322530091,0.680526680527,3.83793300225,0.910278981302,0.463617463617,1.32204914232,0.604681454823,4.3462962963,2.18635635636,1.32204914232,4.3462962963,0,0,0,0,0.160896782956,37,37,37,1,0,0.405405405405,0.540540540541,0.0540540540541,37,178,0.133633633634,2.47653501585,9.62162162162,8.09090909091,4.81081081081,4.48052174139,0.465672203459,0.253112663225,5.92470270158,1.23153932561,0.629820832068,3.50268022645,0.728085215611,0.390221682357,1.63125323661,0.658683695637,4.87203636376,2.47653501585,1.63125323661,4.87203636376,0.0810110530699,0.0252100840336,15,0.0019305019305,0.184660103004,37,37,37,1,0,0.405405405405,0.594594594595,0,-164,-0.123123123123,0.751246197735,-8.86486486486,-7.45454545455,-4.96061776062,-0.887188414003,0.175313613182,0.110470020582,-3.5837888408,0.202842872194,0.0853289717867,-4.55063311998,-0.143179678594,-0.0716085689474,0.990653666288,0.287383792919,2.87203636376,0.751246197735,0.990653666288,2.87203636376,-0.263060341178,-0.351358953623,-795,-0.102316602317,-0.384916725346,0,0.0540540540541,-0.0540540540541,168,10,174,980,0.491228070175,0.989898989899,0.010101010101,0.508771929825,0.943820224719,0.491228070175,0.646153846154,0.617699896285,0.481127060074,0.477272727273,22,186,0,0,0,0
528,WLNM_dir_neg,0.388296334836,0.30761464244,00:00:05,10,20,9,1234860744,threshold_sweep,0.6,0.55,0.0591397849462,0.106796116505,11,9,175,363,0.0591397849462,0.975806451613,0.0241935483871,0.940860215054,0.55,0.0591397849462,0.106796116505,0.670250896057,0.654719235364,0.0449826989619,0.0886180560117,0.0349462365591,342,156,186,0,342,0,156,0,186,37,342,0.256756756757,1.72528881811,18.4864864865,15.5454545455,9.77142857143,5.36771015539,0.290358590277,0.142642642643,9.50849154237,1.02869645341,0.544491860281,8.05331334643,0.871264894205,0.461830251304,0.640599570326,0.371299902718,2,1.72528881811,0.640599570326,2,0.344071394247,0.376569037657,810,0.104247104247,0.56957682835,37,37,37,1,0,0.405405405405,0.540540540541,0.0540540540541,37,0.117117117117,2.18635635636,8.43243243243,7.09090909091,4.45714285714,5.03620525429,0.597242289772,0.326923076923,6.00062559301,1.42322530091,0.680526680527,3.83793300225,0.910278981302,0.463617463617,1.32204914232,0.604681454823,4.3462962963,2.18635635636,1.32204914232,4.3462962963,0,0,0,0,0.160896782956,37,37,37,1,0,0.405405405405,0.540540540541,0.0540540540541,37,176,0.132132132132,2.43290219366,9.51351351351,8,4.75675675676,4.46356622259,0.469181676806,0.253531941032,5.90388481052,1.24115760221,0.632063882064,3.50717839585,0.737304549127,0.39312039312,1.56662429081,0.643932294069,4.64280154279,2.43290219366,1.56662429081,4.64280154279,0.0709509930098,0.0203504804975,12,0.0015444015444,0.181850274545,37,37,37,1,0,0.405405405405,0.594594594595,0,-166,-0.124624624625,0.707613375545,-8.97297297297,-7.54545454545,-5.01467181467,-0.904143932806,0.178823086529,0.110889298389,-3.60460673186,0.212461148796,0.0875720217825,-4.54613495059,-0.133960345078,-0.0687098581835,0.926024720484,0.272632391352,2.64280154279,0.707613375545,0.926024720484,2.64280154279,-0.273120401238,-0.356218557159,-798,-0.102702702703,-0.387726553805,0,0.0540540540541,-0.0540540540541,167,9,175,981,0.488304093567,0.990909090909,0.00909090909091,0.511695906433,0.948863636364,0.488304093567,0.644787644788,0.618193105996,0.479213184476,0.475783475783,20,186,0,0,0,0
529,WLNM_dir_neg,0.388296334836,0.30761464244,00:00:05,10,20,9,1234860744,threshold_sweep,0.7,0.611111111111,0.0591397849462,0.107843137255,11,7,175,365,0.0591397849462,0.981182795699,0.0188172043011,0.940860215054,0.611111111111,0.0591397849462,0.107843137255,0.673835125448,0.655913978495,0.0520833333333,0.107582870728,0.0403225806452,342,156,186,0,342,0,156,0,186,37,342,0.256756756757,1.72528881811,18.4864864865,15.5454545455,9.77142857143,5.36771015539,0.290358590277,0.142642642643,9.50849154237,1.02869645341,0.544491860281,8.05331334643,0.871264894205,0.461830251304,0.640599570326,0.371299902718,2,1.72528881811,0.640599570326,2,0.344071394247,0.376569037657,810,0.104247104247,0.56957682835,37,37,37,1,0,0.405405405405,0.540540540541,0.0540540540541,37,0.117117117117,2.18635635636,8.43243243243,7.09090909091,4.45714285714,5.03620525429,0.597242289772,0.326923076923,6.00062559301,1.42322530091,0.680526680527,3.83793300225,0.910278981302,0.463617463617,1.32204914232,0.604681454823,4.3462962963,2.18635635636,1.32204914232,4.3462962963,0,0,0,0,0.160896782956,37,37,37,1,0,0.405405405405,0.540540540541,0.0540540540541,37,174,0.130630630631,2.4611049147,9.40540540541,7.90909090909,4.83333333333,4.53051051489,0.481692209916,0.260173967071,5.92013919161,1.25888017293,0.637775706741,3.55797121393,0.756580085721,0.404162783473,1.61213214749,0.655044056779,4.80625304698,2.4611049147,1.61213214749,4.80625304698,0.0763563984152,0.0204313280363,12,0.0015444015444,0.181747046844,37,37,37,1,0,0.405405405405,0.567567567568,0.027027027027,-168,-0.126126126126,0.735816096589,-9.08108108108,-7.63636363636,-4.9380952381,-0.837199640504,0.191333619639,0.117531324428,-3.58835235076,0.230183719514,0.0932838464599,-4.4953421325,-0.114684808484,-0.0576674678308,0.971532577161,0.283744154062,2.80625304698,0.735816096589,0.971532577161,2.80625304698,-0.267714995832,-0.356137709621,-798,-0.102702702703,-0.387829781505,0,0.027027027027,-0.027027027027,167,7,175,983,0.488304093567,0.992929292929,0.00707070707071,0.511695906433,0.959770114943,0.488304093567,0.647286821705,0.623817417169,0.481233386497,0.478510028653,18,186,0,0,0,0
530,WLNM_dir_neg,0.388296334836,0.30761464244,00:00:05,10,20,9,1234860744,threshold_sweep,0.8,0.5625,0.0483870967742,0.0891089108911,9,7,177,365,0.0483870967742,0.981182795699,0.0188172043011,0.951612903226,0.5625,0.0483870967742,0.0891089108911,0.670250896057,0.657108721625,0.0383275261324,0.0835253016442,0.0295698924731,342,156,186,0,342,0,156,0,186,37,342,0.256756756757,1.72528881811,18.4864864865,15.5454545455,9.77142857143,5.36771015539,0.290358590277,0.142642642643,9.50849154237,1.02869645341,0.544491860281,8.05331334643,0.871264894205,0.461830251304,0.640599570326,0.371299902718,2,1.72528881811,0.640599570326,2,0.344071394247,0.376569037657,810,0.104247104247,0.56957682835,37,37,37,1,0,0.405405405405,0.540540540541,0.0540540540541,37,0.117117117117,2.18635635636,8.43243243243,7.09090909091,4.45714285714,5.03620525429,0.597242289772,0.326923076923,6.00062559301,1.42322530091,0.680526680527,3.83793300225,0.910278981302,0.463617463617,1.32204914232,0.604681454823,4.3462962963,2.18635635636,1.32204914232,4.3462962963,0,0,0,0,0.160896782956,37,37,37,1,0,0.405405405405,0.540540540541,0.0540540540541,37,172,0.129129129129,2.46618216392,9.2972972973,7.81818181818,4.77777777778,4.52686342764,0.486901008205,0.262727844123,5.92178753144,1.27387289921,0.641420490258,3.58404036603,0.770985427577,0.409490886235,1.62709587672,0.659763054214,4.81230929759,2.46618216392,1.62709587672,4.81230929759,0.065052867994,0.0156069364162,9,0.0011583011583,0.179742305554,37,37,37,1,0,0.405405405405,0.567567567568,0.027027027027,-170,-0.127627627628,0.740893345805,-9.18918918919,-7.72727272727,-4.99365079365,-0.840846727755,0.196542417928,0.120085201481,-3.58670401093,0.245176445791,0.0969286299764,-4.4692729804,-0.100279466628,-0.0523393650689,0.98649630639,0.288463151496,2.81230929759,0.740893345805,0.98649630639,2.81230929759,-0.279018526253,-0.360962101241,-801,-0.103088803089,-0.389834522796,0,0.027027027027,-0.027027027027,165,7,177,983,0.482456140351,0.992929292929,0.00707070707071,0.517543859649,0.959302325581,0.482456140351,0.642023346304,0.619274649582,0.47538543328,0.472779369628,16,186,0,0,0,0
531,WLNM_dir_neg,0.388296334836,0.30761464244,00:00:05,10,20,9,1234860744,threshold_sweep,0.9,0.538461538462,0.0376344086022,0.070351758794,7,6,179,366,0.0376344086022,0.983870967742,0.0161290322581,0.962365591398,0.538461538462,0.0376344086022,0.070351758794,0.668458781362,0.65890083632,0.0280210157618,0.0672055379645,0.0215053763441,342,156,186,0,342,0,156,0,186,37,342,0.256756756757,1.72528881811,18.4864864865,15.5454545455,9.77142857143,5.36771015539,0.290358590277,0.142642642643,9.50849154237,1.02869645341,0.544491860281,8.05331334643,0.871264894205,0.461830251304,0.640599570326,0.371299902718,2,1.72528881811,0.640599570326,2,0.344071394247,0.376569037657,810,0.104247104247,0.56957682835,37,37,37,1,0,0.405405405405,0.540540540541,0.0540540540541,37,0.117117117117,2.18635635636,8.43243243243,7.09090909091,4.45714285714,5.03620525429,0.597242289772,0.326923076923,6.00062559301,1.42322530091,0.680526680527,3.83793300225,0.910278981302,0.463617463617,1.32204914232,0.604681454823,4.3462962963,2.18635635636,1.32204914232,4.3462962963,0,0,0,0,0.160896782956,37,37,37,1,0,0.405405405405,0.540540540541,0.0540540540541,37,169,0.126876876877,2.41321121264,9.13513513514,7.68181818182,4.69444444444,4.55925287594,0.499089811863,0.268990884375,5.89981421808,1.29167530218,0.644810490964,3.61740039055,0.791975233435,0.417719494643,1.54947225292,0.642079004445,4.53041469935,2.41321121264,1.54947225292,4.53041469935,0.065052867994,0.0156069364162,9,0.0011583011583,0.175913041984,37,37,37,1,0,0.405405405405,0.567567567568,0.027027027027,-173,-0.12987987988,0.687922394521,-9.35135135135,-7.86363636364,-5.07698412698,-0.808457279451,0.208731221586,0.126348241733,-3.6086773243,0.262978848767,0.100318630683,-4.43591295588,-0.0792896607698,-0.0441107566614,0.908872682598,0.270779101727,2.53041469935,0.687922394521,0.908872682598,2.53041469935,-0.279018526253,-0.360962101241,-801,-0.103088803089,-0.393663786365,0,0.027027027027,-0.027027027027,163,6,179,984,0.476608187135,0.993939393939,0.00606060606061,0.523391812865,0.96449704142,0.476608187135,0.637964774951,0.617591038887,0.470547581074,0.468390804598,13,186,0,0,0,0
532,WLNM_dir_neg,0.312745693144,0.293285594904,00:00:07,10,20,10,1234860745,threshold_sweep,0.1,0.484848484848,0.0860215053763,0.146118721461,16,17,170,355,0.0860215053763,0.954301075269,0.0456989247312,0.913978494624,0.484848484848,0.0860215053763,0.146118721461,0.664874551971,0.646953405018,0.0507614213198,0.0805822964025,0.0403225806452,342,156,186,0,342,0,156,0,186,37,342,0.256756756757,1.72528881811,18.4864864865,15.5454545455,9.77142857143,5.36771015539,0.290358590277,0.142642642643,9.50849154237,1.02869645341,0.544491860281,8.05331334643,0.871264894205,0.461830251304,0.640599570326,0.371299902718,2,1.72528881811,0.640599570326,2,0.344071394247,0.376569037657,810,0.104247104247,0.56957682835,37,37,37,1,0,0.405405405405,0.540540540541,0.0540540540541,37,0.117117117117,2.21261261261,8.43243243243,7.09090909091,4.45714285714,5.04722443274,0.598549051319,0.327616077616,6.00525295579,1.42432281644,0.680873180873,3.83793300225,0.910278981302,0.463617463617,1.39215458577,0.629190386892,5.2,2.21261261261,1.39215458577,5.2,0,0,0,0,0.161113233172,37,37,37,1,0,0.405405405405,0.540540540541,0.0540540540541,37,189,0.141891891892,13.1344727629,10.2162162162,5.90625,5.25,4.68529102105,0.458613142272,0.248534248534,5.71928406448,1.1196482031,0.568568568569,3.80630897169,0.745150433612,0.40183040183,5.20126770127,0.39600125526,16.7784935091,13.1344727629,5.20126770127,16.7784935091,0.148406489196,0.0648726573763,45,0.00579150579151,0.192300412039,37,37,37,1,0,0.135135135135,0.837837837838,0.027027027027,-153,-0.114864864865,11.4091839447,-8.27027027027,-9.63920454545,-4.52142857143,-0.682419134341,0.168254551995,0.105891605892,-3.7892074779,0.0909517496844,0.0240767082872,-4.24700437474,-0.126114460593,-0.0599998494735,4.56066813094,0.0247013525419,14.7784935091,11.4091839447,4.56066813094,14.7784935091,-0.195664905051,-0.311696380281,-765,-0.0984555984556,-0.377276416311,-0.27027027027,0.297297297297,-0.027027027027,172,17,170,973,0.502923976608,0.982828282828,0.0171717171717,0.497076023392,0.910052910053,0.502923976608,0.647834274953,0.608123046349,0.485752259436,0.479108635097,33,186,0,0,0,0
533,WLNM_dir_neg,0.312745693144,0.293285594904,00:00:07,10,20,10,1234860745,threshold_sweep,0.2,0.433333333333,0.0698924731183,0.12037037037,13,17,173,355,0.0698924731183,0.954301075269,0.0456989247312,0.930107526882,0.433333333333,0.0698924731183,0.12037037037,0.659498207885,0.648745519713,0.030612244898,0.0505649896847,0.0241935483871,342,156,186,0,342,0,156,0,186,37,342,0.256756756757,1.72528881811,18.4864864865,15.5454545455,9.77142857143,5.36771015539,0.290358590277,0.142642642643,9.50849154237,1.02869645341,0.544491860281,8.05331334643,0.871264894205,0.461830251304,0.640599570326,0.371299902718,2,1.72528881811,0.640599570326,2,0.344071394247,0.376569037657,810,0.104247104247,0.56957682835,37,37,37,1,0,0.405405405405,0.540540540541,0.0540540540541,37,0.117117117117,2.21261261261,8.43243243243,7.09090909091,4.45714285714,5.04722443274,0.598549051319,0.327616077616,6.00525295579,1.42432281644,0.680873180873,3.83793300225,0.910278981302,0.463617463617,1.39215458577,0.629190386892,5.2,2.21261261261,1.39215458577,5.2,0,0,0,0,0.161113233172,37,37,37,1,0,0.405405405405,0.540540540541,0.0540540540541,37,186,0.13963963964,12.5066839293,10.0540540541,5.8125,5.16666666667,4.80130737951,0.477549389898,0.260825341471,5.72269597736,1.13838575894,0.57454228422,3.81143372329,0.758188428826,0.407730310956,4.94015413383,0.395001117942,16.0231206294,12.5066839293,4.94015413383,16.0231206294,0.118272533185,0.0587084148728,40,0.00514800514801,0.189130312649,37,37,37,1,0,0.135135135135,0.837837837838,0.027027027027,-156,-0.117117117117,10.7813951112,-8.43243243243,-9.73295454545,-4.60476190476,-0.566402775882,0.187190799621,0.118182698828,-3.78579556502,0.109689305522,0.0300504239384,-4.24187962314,-0.113076465379,-0.0540999403478,4.2995545635,0.0237012152238,14.0231206294,10.7813951112,4.2995545635,14.0231206294,-0.225798861063,-0.317860622784,-770,-0.0990990990991,-0.380446515701,-0.27027027027,0.297297297297,-0.027027027027,169,17,173,973,0.494152046784,0.982828282828,0.0171717171717,0.505847953216,0.908602150538,0.494152046784,0.640151515152,0.601149290348,0.476980329612,0.470752089136,30,186,0,0,0,0
534,WLNM_dir_neg,0.312745693144,0.293285594904,00:00:07,10,20,10,1234860745,threshold_sweep,0.3,0.448275862069,0.0698924731183,0.120930232558,13,16,173,356,0.0698924731183,0.956989247312,0.0430107526882,0.930107526882,0.448275862069,0.0698924731183,0.120930232558,0.661290322581,0.649342891278,0.0340715502555,0.0570897534173,0.0268817204301,342,156,186,0,342,0,156,0,186,37,342,0.256756756757,1.72528881811,18.4864864865,15.5454545455,9.77142857143,5.36771015539,0.290358590277,0.142642642643,9.50849154237,1.02869645341,0.544491860281,8.05331334643,0.871264894205,0.461830251304,0.640599570326,0.371299902718,2,1.72528881811,0.640599570326,2,0.344071394247,0.376569037657,810,0.104247104247,0.56957682835,37,37,37,1,0,0.405405405405,0.540540540541,0.0540540540541,37,0.117117117117,2.21261261261,8.43243243243,7.09090909091,4.45714285714,5.04722443274,0.598549051319,0.327616077616,6.00525295579,1.42432281644,0.680873180873,3.83793300225,0.910278981302,0.463617463617,1.39215458577,0.629190386892,5.2,2.21261261261,1.39215458577,5.2,0,0,0,0,0.161113233172,37,37,37,1,0,0.405405405405,0.540540540541,0.0540540540541,37,185,0.138888888889,13.5819799729,10,5.78125,5.13888888889,4.7609522857,0.47609522857,0.260920379839,5.73488351136,1.14697670227,0.577355734112,3.81517438075,0.763034876151,0.409642074507,5.47270362266,0.402938572548,18.0860308285,13.5819799729,5.47270362266,18.0860308285,0.118272533185,0.0587084148728,40,0.00514800514801,0.191384995987,37,37,37,1,0,0.135135135135,0.837837837838,0.027027027027,-157,-0.117867867868,11.8566911548,-8.48648648649,-9.76420454545,-4.63253968254,-0.606757869698,0.185736638292,0.118277737197,-3.77360803101,0.118280248858,0.0328638738312,-4.23813896568,-0.108230018054,-0.052188176797,4.83210405233,0.0316386698303,16.0860308285,11.8566911548,4.83210405233,16.0860308285,-0.225798861063,-0.317860622784,-770,-0.0990990990991,-0.378191832363,-0.27027027027,0.297297297297,-0.027027027027,169,16,173,974,0.494152046784,0.983838383838,0.0161616161616,0.505847953216,0.913513513514,0.494152046784,0.641366223909,0.603784944067,0.477990430622,0.472067039106,29,186,0,0,0,0
535,WLNM_dir_neg,0.312745693144,0.293285594904,00:00:07,10,20,10,1234860745,threshold_sweep,0.4,0.384615384615,0.0537634408602,0.0943396226415,10,16,176,356,0.0537634408602,0.956989247312,0.0430107526882,0.94623655914,0.384615384615,0.0537634408602,0.0943396226415,0.655913978495,0.651135005974,0.013698630137,0.0240493035122,0.010752688172,342,156,186,0,342,0,156,0,186,37,342,0.256756756757,1.72528881811,18.4864864865,15.5454545455,9.77142857143,5.36771015539,0.290358590277,0.142642642643,9.50849154237,1.02869645341,0.544491860281,8.05331334643,0.871264894205,0.461830251304,0.640599570326,0.371299902718,2,1.72528881811,0.640599570326,2,0.344071394247,0.376569037657,810,0.104247104247,0.56957682835,37,37,37,1,0,0.405405405405,0.540540540541,0.0540540540541,37,0.117117117117,2.21261261261,8.43243243243,7.09090909091,4.45714285714,5.04722443274,0.598549051319,0.327616077616,6.00525295579,1.42432281644,0.680873180873,3.83793300225,0.910278981302,0.463617463617,1.39215458577,0.629190386892,5.2,2.21261261261,1.39215458577,5.2,0,0,0,0,0.161113233172,37,37,37,1,0,0.405405405405,0.540540540541,0.0540540540541,37,182,0.136636636637,13.1358180293,9.83783783784,5.6875,5.05555555556,4.74056673542,0.481870794534,0.265666765667,5.71245412517,1.16132309138,0.580041580042,3.84692069047,0.782066294217,0.416691416691,5.27857288059,0.401845767717,17.4986909771,13.1358180293,5.27857288059,17.4986909771,0.116546199376,0.0528967254408,35,0.0045045045045,0.191252993133,37,37,37,1,0,0.135135135135,0.837837837838,0.027027027027,-160,-0.12012012012,11.4105292112,-8.64864864865,-9.85795454545,-4.71587301587,-0.627143419973,0.191512204257,0.123024123024,-3.79603741721,0.132626637965,0.0355497197602,-4.20639265596,-0.0891985999876,-0.0451388346125,4.63797331027,0.0305458649993,15.4986909771,11.4105292112,4.63797331027,15.4986909771,-0.227525194871,-0.323672312216,-775,-0.0997425997426,-0.378323835217,-0.27027027027,0.297297297297,-0.027027027027,166,16,176,974,0.485380116959,0.983838383838,0.0161616161616,0.514619883041,0.912087912088,0.485380116959,0.63358778626,0.596789486569,0.469218500797,0.463687150838,26,186,0,0,0,0
536,WLNM_dir_neg,0.312745693144,0.293285594904,00:00:07,10,20,10,1234860745,threshold_sweep,0.5,0.714285714286,0.0537634408602,0.1,10,4,176,368,0.0537634408602,0.989247311828,0.010752688172,0.94623655914,0.714285714286,0.0537634408602,0.1,0.677419354839,0.658303464755,0.0559440559441,0.12964074471,0.0430107526882,342,156,186,0,342,0,156,0,186,37,342,0.256756756757,1.72528881811,18.4864864865,15.5454545455,9.77142857143,5.36771015539,0.290358590277,0.142642642643,9.50849154237,1.02869645341,0.544491860281,8.05331334643,0.871264894205,0.461830251304,0.640599570326,0.371299902718,2,1.72528881811,0.640599570326,2,0.344071394247,0.376569037657,810,0.104247104247,0.56957682835,37,37,37,1,0,0.405405405405,0.540540540541,0.0540540540541,37,0.117117117117,2.21261261261,8.43243243243,7.09090909091,4.45714285714,5.04722443274,0.598549051319,0.327616077616,6.00525295579,1.42432281644,0.680873180873,3.83793300225,0.910278981302,0.463617463617,1.39215458577,0.629190386892,5.2,2.21261261261,1.39215458577,5.2,0,0,0,0,0.161113233172,37,37,37,1,0,0.405405405405,0.540540540541,0.0540540540541,37,170,0.127627627628,3.93320326933,9.18918918919,7.39130434783,4.72222222222,4.55117712391,0.495275157602,0.268044515103,5.92761643805,1.29012828358,0.644515103339,3.63974556085,0.792179916186,0.418759936407,3.5470760939,0.901828827805,10.9963872832,3.93320326933,3.5470760939,10.9963872832,0.0787640056022,0.0154462242563,9,0.0011583011583,0.164516511479,37,37,37,1,0,0.378378378378,0.594594594595,0.027027027027,-172,-0.129129129129,2.20791445122,-9.2972972973,-8.15415019763,-5.04920634921,-0.816533031482,0.204916567325,0.125401872461,-3.58087510433,0.261431830161,0.100023243057,-4.41356778558,-0.0790849780193,-0.0430703148969,2.90647652357,0.530528925087,8.99638728324,2.20791445122,2.90647652357,8.99638728324,-0.265307388645,-0.361122813401,-801,-0.103088803089,-0.40506031687,-0.027027027027,0.0540540540541,-0.027027027027,166,4,176,986,0.485380116959,0.99595959596,0.0040404040404,0.514619883041,0.976470588235,0.485380116959,0.6484375,0.630165786252,0.481339712919,0.479768786127,14,186,0,0,0,0
537,WLNM_dir_neg,0.312745693144,0.293285594904,00:00:07,10,20,10,1234860745,threshold_sweep,0.6,0.769230769231,0.0537634408602,0.100502512563,10,3,176,369,0.0537634408602,0.991935483871,0.00806451612903,0.94623655914,0.769230769231,0.0537634408602,0.100502512563,0.679211469534,0.65890083632,0.0595446584939,0.142811768175,0.0456989247312,342,156,186,0,342,0,156,0,186,37,342,0.256756756757,1.72528881811,18.4864864865,15.5454545455,9.77142857143,5.36771015539,0.290358590277,0.142642642643,9.50849154237,1.02869645341,0.544491860281,8.05331334643,0.871264894205,0.461830251304,0.640599570326,0.371299902718,2,1.72528881811,0.640599570326,2,0.344071394247,0.376569037657,810,0.104247104247,0.56957682835,37,37,37,1,0,0.405405405405,0.540540540541,0.0540540540541,37,0.117117117117,2.21261261261,8.43243243243,7.09090909091,4.45714285714,5.04722443274,0.598549051319,0.327616077616,6.00525295579,1.42432281644,0.680873180873,3.83793300225,0.910278981302,0.463617463617,1.39215458577,0.629190386892,5.2,2.21261261261,1.39215458577,5.2,0,0,0,0,0.161113233172,37,37,37,1,0,0.405405405405,0.540540540541,0.0540540540541,37,169,0.126876876877,2.38578557549,9.13513513514,7.68181818182,4.69444444444,4.61376059054,0.505056632692,0.273628658244,5.94671029758,1.30194249119,0.64960818807,3.65559343518,0.800337024271,0.421877498801,1.48620521447,0.62294165483,4.74752859477,2.38578557549,1.48620521447,4.74752859477,0.0740682384065,0.0137851809305,8,0.0010296010296,0.178453148936,37,37,37,1,0,0.405405405405,0.567567567568,0.027027027027,-173,-0.12987987988,0.660496757377,-9.35135135135,-7.86363636364,-5.07698412698,-0.753949564857,0.214698042415,0.130986015601,-3.56178124479,0.273246037772,0.105116327788,-4.39771991125,-0.0709278699337,-0.0399527525034,0.84560564414,0.251641752112,2.74752859477,0.660496757377,0.84560564414,2.74752859477,-0.270003155841,-0.362783856726,-802,-0.103217503218,-0.391123679414,0,0.027027027027,-0.027027027027,166,3,176,987,0.485380116959,0.99696969697,0.0030303030303,0.514619883041,0.98224852071,0.485380116959,0.649706457926,0.633081402759,0.482349813929,0.48115942029,13,186,0,0,0,0
538,WLNM_dir_neg,0.312745693144,0.293285594904,00:00:07,10,20,10,1234860745,threshold_sweep,0.7,0.833333333333,0.0537634408602,0.10101010101,10,2,176,370,0.0537634408602,0.994623655914,0.00537634408602,0.94623655914,0.833333333333,0.0537634408602,0.10101010101,0.681003584229,0.659498207885,0.0631578947368,0.157242725508,0.0483870967742,342,156,186,0,342,0,156,0,186,37,342,0.256756756757,1.72528881811,18.4864864865,15.5454545455,9.77142857143,5.36771015539,0.290358590277,0.142642642643,9.50849154237,1.02869645341,0.544491860281,8.05331334643,0.871264894205,0.461830251304,0.640599570326,0.371299902718,2,1.72528881811,0.640599570326,2,0.344071394247,0.376569037657,810,0.104247104247,0.56957682835,37,37,37,1,0,0.405405405405,0.540540540541,0.0540540540541,37,0.117117117117,2.21261261261,8.43243243243,7.09090909091,4.45714285714,5.04722443274,0.598549051319,0.327616077616,6.00525295579,1.42432281644,0.680873180873,3.83793300225,0.910278981302,0.463617463617,1.39215458577,0.629190386892,5.2,2.21261261261,1.39215458577,5.2,0,0,0,0,0.161113233172,37,37,37,1,0,0.405405405405,0.540540540541,0.0540540540541,37,168,0.126126126126,2.40158603982,9.08108108108,7.63636363636,4.8,4.68673292022,0.516098565619,0.279922779923,5.9609590699,1.31283027135,0.653474903475,3.68627028154,0.81185714534,0.429858429858,1.51407271668,0.630447001098,4.74752859477,2.40158603982,1.51407271668,4.74752859477,0.0786978680361,0.0138248847926,8,0.0010296010296,0.179896150379,37,37,37,1,0,0.405405405405,0.540540540541,0.0540540540541,-174,-0.130630630631,0.676297221706,-9.40540540541,-7.90909090909,-4.97142857143,-0.680977235174,0.225739975342,0.13728013728,-3.54753247247,0.284133817932,0.108983043194,-4.36704306489,-0.059407748865,-0.0319718214455,0.873473146359,0.25914709838,2.74752859477,0.676297221706,0.873473146359,2.74752859477,-0.265373526211,-0.362744152864,-802,-0.103217503218,-0.389680677971,0,0,0,166,2,176,988,0.485380116959,0.99797979798,0.0020202020202,0.514619883041,0.988095238095,0.485380116959,0.650980392157,0.636019089552,0.483359914939,0.482558139535,12,186,0,0,0,0
539,WLNM_dir_neg,0.312745693144,0.293285594904,00:00:07,10,20,10,1234860745,threshold_sweep,0.8,0.8,0.0430107526882,0.0816326530612,8,2,178,370,0.0430107526882,0.994623655914,0.00537634408602,0.956989247312,0.8,0.0430107526882,0.0816326530612,0.677419354839,0.660692951016,0.0492957746479,0.133728125983,0.0376344086022,342,156,186,0,342,0,156,0,186,37,342,0.256756756757,1.72528881811,18.4864864865,15.5454545455,9.77142857143,5.36771015539,0.290358590277,0.142642642643,9.50849154237,1.02869645341,0.544491860281,8.05331334643,0.871264894205,0.461830251304,0.640599570326,0.371299902718,2,1.72528881811,0.640599570326,2,0.344071394247,0.376569037657,810,0.104247104247,0.56957682835,37,37,37,1,0,0.405405405405,0.540540540541,0.0540540540541,37,0.117117117117,2.21261261261,8.43243243243,7.09090909091,4.45714285714,5.04722443274,0.598549051319,0.327616077616,6.00525295579,1.42432281644,0.680873180873,3.83793300225,0.910278981302,0.463617463617,1.39215458577,0.629190386892,5.2,2.21261261261,1.39215458577,5.2,0,0,0,0,0.161113233172,37,37,37,1,0,0.405405405405,0.540540540541,0.0540540540541,37,166,0.124624624625,2.39899973503,8.97297297297,7.54545454545,4.74285714286,4.76378984567,0.530904290029,0.288830999674,5.94708902471,1.32555598744,0.656138065777,3.71649193626,0.828374708685,0.435363073917,1.51082982442,0.629774902583,4.74752859477,2.39899973503,1.51082982442,4.74752859477,0.0824015717398,0.0139941690962,8,0.0010296010296,0.178212648696,37,37,37,1,0,0.405405405405,0.540540540541,0.0540540540541,-176,-0.132132132132,0.673710916914,-9.51351351351,-8,-5.02857142857,-0.603920309725,0.240545699752,0.146188357032,-3.56140251766,0.296859534021,0.111646205495,-4.33682141017,-0.0428901855196,-0.0264671773866,0.870230254099,0.258474999865,2.74752859477,0.673710916914,0.870230254099,2.74752859477,-0.261669822508,-0.362574868561,-802,-0.103217503218,-0.391364179654,0,0,0,164,2,178,988,0.479532163743,0.99797979798,0.0020202020202,0.520467836257,0.987951807229,0.479532163743,0.645669291339,0.631555594027,0.477511961722,0.476744186047,10,186,0,0,0,0
540,WLNM_dir_neg,0.312745693144,0.293285594904,00:00:07,10,20,10,1234860745,threshold_sweep,0.9,0.75,0.0322580645161,0.0618556701031,6,2,180,370,0.0322580645161,0.994623655914,0.00537634408602,0.967741935484,0.75,0.0322580645161,0.0618556701031,0.673835125448,0.661887694146,0.0353356890459,0.106600358178,0.0268817204301,342,156,186,0,342,0,156,0,186,37,342,0.256756756757,1.72528881811,18.4864864865,15.5454545455,9.77142857143,5.36771015539,0.290358590277,0.142642642643,9.50849154237,1.02869645341,0.544491860281,8.05331334643,0.871264894205,0.461830251304,0.640599570326,0.371299902718,2,1.72528881811,0.640599570326,2,0.344071394247,0.376569037657,810,0.104247104247,0.56957682835,37,37,37,1,0,0.405405405405,0.540540540541,0.0540540540541,37,0.117117117117,2.21261261261,8.43243243243,7.09090909091,4.45714285714,5.04722443274,0.598549051319,0.327616077616,6.00525295579,1.42432281644,0.680873180873,3.83793300225,0.910278981302,0.463617463617,1.39215458577,0.629190386892,5.2,2.21261261261,1.39215458577,5.2,0,0,0,0,0.161113233172,37,37,37,1,0,0.405405405405,0.540540540541,0.0540540540541,37,164,0.123123123123,2.38551483421,8.86486486486,7.45454545455,4.68571428571,4.81411213784,0.543055332622,0.294825313118,5.93268039732,1.33847057744,0.658206987475,3.76047086694,0.848398915103,0.444297956493,1.49262241265,0.625702423327,4.73993600931,2.38551483421,1.49262241265,4.73993600931,0.0689704585538,0.00886524822695,5,0.000643500643501,0.177815823299,37,37,37,1,0,0.405405405405,0.540540540541,0.0540540540541,-178,-0.133633633634,0.660226016091,-9.62162162162,-8.09090909091,-5.08571428571,-0.553598017556,0.252696742345,0.152182670475,-3.57581114506,0.309774124028,0.113715127194,-4.29284247949,-0.0228659791015,-0.0175322948109,0.85202284232,0.25440252061,2.73993600931,0.660226016091,0.85202284232,2.73993600931,-0.275100935694,-0.36770378943,-805,-0.103603603604,-0.391761005051,0,0,0,162,2,180,988,0.473684210526,0.99797979798,0.0020202020202,0.526315789474,0.987804878049,0.473684210526,0.640316205534,0.627075802345,0.471664008506,0.470930232558,8,186,0,0,0,0
541,WLNM_dir_neg,0.407402589895,0.332153344344,00:00:06,10,20,11,1234860746,threshold_sweep,0.1,0.490909090909,0.145161290323,0.224066390041,27,28,159,344,0.145161290323,0.924731182796,0.0752688172043,0.854838709677,0.490909090909,0.145161290323,0.224066390041,0.664874551971,0.633811230585,0.0848287112561,0.110533268612,0.0698924731183,342,156,186,0,342,0,156,0,186,37,342,0.256756756757,1.72528881811,18.4864864865,15.5454545455,9.77142857143,5.36771015539,0.290358590277,0.142642642643,9.50849154237,1.02869645341,0.544491860281,8.05331334643,0.871264894205,0.461830251304,0.640599570326,0.371299902718,2,1.72528881811,0.640599570326,2,0.344071394247,0.376569037657,810,0.104247104247,0.56957682835,37,37,37,1,0,0.405405405405,0.540540540541,0.0540540540541,37,0.117117117117,2.18635635636,8.43243243243,7.09090909091,4.45714285714,5.03620525429,0.597242289772,0.326923076923,6.00062559301,1.42322530091,0.680526680527,3.83793300225,0.910278981302,0.463617463617,1.32204914232,0.604681454823,4.3462962963,2.18635635636,1.32204914232,4.3462962963,0,0,0,0,0.160896782956,37,37,37,1,0,0.405405405405,0.540540540541,0.0540540540541,37,211,0.158408408408,8.68667773942,11.4054054054,7.03333333333,5.7027027027,4.95232526451,0.434208613239,0.22915332394,5.94822506143,1.04305368376,0.551556295632,3.33220701692,0.584320661735,0.318432176252,4.13285855603,0.475769756863,11.9536884798,8.68667773942,4.13285855603,11.9536884798,0.159376946606,0.0868454661558,68,0.00875160875161,0.183015638058,37,37,37,1,0,0.189189189189,0.810810810811,0,-131,-0.0983483483483,6.96138892131,-7.08108108108,-8.51212121212,-4.06872586873,-0.415384890881,0.143850022962,0.0865106812974,-3.56026648095,0.0143572303424,0.00706443535079,-4.72110632952,-0.28694423247,-0.143398075052,3.4922589857,0.104469854145,9.95368847976,6.96138892131,3.4922589857,9.95368847976,-0.184694447641,-0.289723571501,-742,-0.0954954954955,-0.386561190292,-0.216216216216,0.27027027027,-0.0540540540541,183,28,159,962,0.535087719298,0.971717171717,0.0282828282828,0.464912280702,0.867298578199,0.535087719298,0.661844484629,0.606355629318,0.506804891015,0.494594594595,55,186,0,0,0,0
542,WLNM_dir_neg,0.407402589895,0.332153344344,00:00:06,10,20,11,1234860746,threshold_sweep,0.2,0.529411764706,0.145161290323,0.227848101266,27,24,159,348,0.145161290323,0.935483870968,0.0645161290323,0.854838709677,0.529411764706,0.145161290323,0.227848101266,0.672043010753,0.636200716846,0.0985221674877,0.131921988571,0.0806451612903,342,156,186,0,342,0,156,0,186,37,342,0.256756756757,1.72528881811,18.4864864865,15.5454545455,9.77142857143,5.36771015539,0.290358590277,0.142642642643,9.50849154237,1.02869645341,0.544491860281,8.05331334643,0.871264894205,0.461830251304,0.640599570326,0.371299902718,2,1.72528881811,0.640599570326,2,0.344071394247,0.376569037657,810,0.104247104247,0.56957682835,37,37,37,1,0,0.405405405405,0.540540540541,0.0540540540541,37,0.117117117117,2.18635635636,8.43243243243,7.09090909091,4.45714285714,5.03620525429,0.597242289772,0.326923076923,6.00062559301,1.42322530091,0.680526680527,3.83793300225,0.910278981302,0.463617463617,1.32204914232,0.604681454823,4.3462962963,2.18635635636,1.32204914232,4.3462962963,0,0,0,0,0.160896782956,37,37,37,1,0,0.405405405405,0.540540540541,0.0540540540541,37,207,0.155405405405,8.81154939894,11.1891891892,6.9,5.59459459459,4.97682316029,0.444788543311,0.236192714454,5.97894202579,1.06869978239,0.560125342734,3.3949264389,0.606822600189,0.328763546155,4.21408649405,0.478245800286,12.4569302061,8.81154939894,4.21408649405,12.4569302061,0.165176355037,0.0825451418745,64,0.00823680823681,0.183116546089,37,37,37,1,0,0.189189189189,0.810810810811,0,-135,-0.101351351351,7.08626058082,-7.2972972973,-8.64545454545,-4.17683397683,-0.390886995106,0.154429953034,0.0935500718109,-3.52954951659,0.0400033289726,0.0156334824527,-4.65838690754,-0.264442294015,-0.133066705149,3.57348692373,0.106945897568,10.4569302061,7.08626058082,3.57348692373,10.4569302061,-0.17889503921,-0.294023895782,-746,-0.0960102960103,-0.38646028226,-0.216216216216,0.27027027027,-0.0540540540541,183,24,159,966,0.535087719298,0.975757575758,0.0242424242424,0.464912280702,0.884057971014,0.535087719298,0.666666666667,0.615968657223,0.510845295056,0.5,51,186,0,0,0,0
543,WLNM_dir_neg,0.407402589895,0.332153344344,00:00:06,10,20,11,1234860746,threshold_sweep,0.3,0.488888888889,0.118279569892,0.190476190476,22,23,164,349,0.118279569892,0.938172043011,0.0618279569892,0.881720430108,0.488888888889,0.118279569892,0.190476190476,0.664874551971,0.639784946237,0.0696517412935,0.0977325786014,0.0564516129032,342,156,186,0,342,0,156,0,186,37,342,0.256756756757,1.72528881811,18.4864864865,15.5454545455,9.77142857143,5.36771015539,0.290358590277,0.142642642643,9.50849154237,1.02869645341,0.544491860281,8.05331334643,0.871264894205,0.461830251304,0.640599570326,0.371299902718,2,1.72528881811,0.640599570326,2,0.344071394247,0.376569037657,810,0.104247104247,0.56957682835,37,37,37,1,0,0.405405405405,0.540540540541,0.0540540540541,37,0.117117117117,2.18635635636,8.43243243243,7.09090909091,4.45714285714,5.03620525429,0.597242289772,0.326923076923,6.00062559301,1.42322530091,0.680526680527,3.83793300225,0.910278981302,0.463617463617,1.32204914232,0.604681454823,4.3462962963,2.18635635636,1.32204914232,4.3462962963,0,0,0,0,0.160896782956,37,37,37,1,0,0.405405405405,0.540540540541,0.0540540540541,37,201,0.150900900901,8.7533703594,10.8648648649,6.7,5.43243243243,5.04514156922,0.464353826023,0.248756218905,5.9653655031,1.09810210754,0.567433104747,3.46041536155,0.636991882475,0.343418044911,4.1828281292,0.477853439014,12.3934422886,8.7533703594,4.1828281292,12.3934422886,0.167772936581,0.0714285714286,53,0.00682110682111,0.181734043114,37,37,37,1,0,0.189189189189,0.810810810811,0,-141,-0.105855855856,7.02808154128,-7.62162162162,-8.84545454545,-4.338996139,-0.322568586175,0.173995235745,0.106113576263,-3.54312603927,0.0694056541212,0.0229412444652,-4.59289798488,-0.23427301173,-0.118412206393,3.54222855888,0.106553536296,10.3934422886,7.02808154128,3.54222855888,10.3934422886,-0.176298457666,-0.305140466228,-757,-0.097425997426,-0.387842785236,-0.216216216216,0.27027027027,-0.0540540540541,178,23,164,967,0.520467836257,0.976767676768,0.0232323232323,0.479532163743,0.885572139303,0.520467836257,0.65561694291,0.606824990757,0.497235513025,0.487671232877,45,186,0,0,0,0
544,WLNM_dir_neg,0.407402589895,0.332153344344,00:00:06,10,20,11,1234860746,threshold_sweep,0.4,0.567567567568,0.112903225806,0.188340807175,21,16,165,356,0.112903225806,0.956989247312,0.0430107526882,0.887096774194,0.567567567568,0.112903225806,0.188340807175,0.675627240143,0.644563918757,0.0873949579832,0.132415439537,0.0698924731183,342,156,186,0,342,0,156,0,186,37,342,0.256756756757,1.72528881811,18.4864864865,15.5454545455,9.77142857143,5.36771015539,0.290358590277,0.142642642643,9.50849154237,1.02869645341,0.544491860281,8.05331334643,0.871264894205,0.461830251304,0.640599570326,0.371299902718,2,1.72528881811,0.640599570326,2,0.344071394247,0.376569037657,810,0.104247104247,0.56957682835,37,37,37,1,0,0.405405405405,0.540540540541,0.0540540540541,37,0.117117117117,2.18635635636,8.43243243243,7.09090909091,4.45714285714,5.03620525429,0.597242289772,0.326923076923,6.00062559301,1.42322530091,0.680526680527,3.83793300225,0.910278981302,0.463617463617,1.32204914232,0.604681454823,4.3462962963,2.18635635636,1.32204914232,4.3462962963,0,0,0,0,0.160896782956,37,37,37,1,0,0.405405405405,0.540540540541,0.0540540540541,37,193,0.144894894895,3.06839623729,10.4324324324,8.39130434783,5.21621621622,4.73486208024,0.453859836707,0.242122951968,6.1243373117,1.17409575406,0.605237361714,3.23294787337,0.619787934274,0.334967091444,2.22068176293,0.723727182277,6.70966969847,3.06839623729,2.22068176293,6.70966969847,0.152460520262,0.0514705882353,35,0.0045045045045,0.179263931093,37,37,37,1,0,0.378378378378,0.621621621622,0,-149,-0.111861861862,1.34310741918,-8.05405405405,-7.15415019763,-4.55521235521,-0.632848075151,0.16350124643,0.0994803093249,-3.38415423067,0.145399300642,0.0607455014327,-4.82036547306,-0.251476959931,-0.12686315986,1.5800821926,0.352427279559,4.70966969847,1.34310741918,1.5800821926,4.70966969847,-0.191610873985,-0.325098449422,-775,-0.0997425997426,-0.390312897257,-0.027027027027,0.0810810810811,-0.0540540540541,177,16,165,974,0.517543859649,0.983838383838,0.0161616161616,0.482456140351,0.917098445596,0.517543859649,0.661682242991,0.622241658112,0.501382243488,0.494413407821,37,186,0,0,0,0
545,WLNM_dir_neg,0.407402589895,0.332153344344,00:00:06,10,20,11,1234860746,threshold_sweep,0.5,0.571428571429,0.10752688172,0.180995475113,20,15,166,357,0.10752688172,0.959677419355,0.0403225806452,0.89247311828,0.571428571429,0.10752688172,0.180995475113,0.675627240143,0.645758661888,0.0843170320405,0.130659244968,0.0672043010753,342,156,186,0,342,0,156,0,186,37,342,0.256756756757,1.72528881811,18.4864864865,15.5454545455,9.77142857143,5.36771015539,0.290358590277,0.142642642643,9.50849154237,1.02869645341,0.544491860281,8.05331334643,0.871264894205,0.461830251304,0.640599570326,0.371299902718,2,1.72528881811,0.640599570326,2,0.344071394247,0.376569037657,810,0.104247104247,0.56957682835,37,37,37,1,0,0.405405405405,0.540540540541,0.0540540540541,37,0.117117117117,2.18635635636,8.43243243243,7.09090909091,4.45714285714,5.03620525429,0.597242289772,0.326923076923,6.00062559301,1.42322530091,0.680526680527,3.83793300225,0.910278981302,0.463617463617,1.32204914232,0.604681454823,4.3462962963,2.18635635636,1.32204914232,4.3462962963,0,0,0,0,0.160896782956,37,37,37,1,0,0.405405405405,0.540540540541,0.0540540540541,37,191,0.143393393393,3.09978634333,10.3243243243,8.30434782609,5.16216216216,4.72613333882,0.457766841718,0.245224281873,6.11697780096,1.18496428605,0.610159898118,3.25331893366,0.630224086624,0.339889627848,2.26865868643,0.731875824704,6.75191405318,3.09978634333,2.26865868643,6.75191405318,0.137862403033,0.0447984071677,30,0.003861003861,0.17820192968,37,37,37,1,0,0.378378378378,0.621621621622,0,-151,-0.113363363363,1.37449752522,-8.16216216216,-7.24110671937,-4.60926640927,-0.64157681657,0.167408251441,0.102581639231,-3.39151374142,0.156267832635,0.0656680378367,-4.79999441278,-0.24104080758,-0.121940623456,1.62805911611,0.360575921986,4.75191405318,1.37449752522,1.62805911611,4.75191405318,-0.206208991215,-0.331770630489,-780,-0.100386100386,-0.39137489867,-0.027027027027,0.0810810810811,-0.0540540540541,176,15,166,975,0.514619883041,0.984848484848,0.0151515151515,0.485380116959,0.921465968586,0.514619883041,0.660412757974,0.622557018218,0.499468367889,0.49299719888,35,186,0,0,0,0
546,WLNM_dir_neg,0.407402589895,0.332153344344,00:00:06,10,20,11,1234860746,threshold_sweep,0.6,0.5625,0.0967741935484,0.165137614679,18,14,168,358,0.0967741935484,0.962365591398,0.0376344086022,0.903225806452,0.5625,0.0967741935484,0.165137614679,0.673835125448,0.647550776583,0.0745762711864,0.119905698054,0.0591397849462,342,156,186,0,342,0,156,0,186,37,342,0.256756756757,1.72528881811,18.4864864865,15.5454545455,9.77142857143,5.36771015539,0.290358590277,0.142642642643,9.50849154237,1.02869645341,0.544491860281,8.05331334643,0.871264894205,0.461830251304,0.640599570326,0.371299902718,2,1.72528881811,0.640599570326,2,0.344071394247,0.376569037657,810,0.104247104247,0.56957682835,37,37,37,1,0,0.405405405405,0.540540540541,0.0540540540541,37,0.117117117117,2.18635635636,8.43243243243,7.09090909091,4.45714285714,5.03620525429,0.597242289772,0.326923076923,6.00062559301,1.42322530091,0.680526680527,3.83793300225,0.910278981302,0.463617463617,1.32204914232,0.604681454823,4.3462962963,2.18635635636,1.32204914232,4.3462962963,0,0,0,0,0.160896782956,37,37,37,1,0,0.405405405405,0.540540540541,0.0540540540541,37,188,0.141141141141,2.77805797832,10.1621621622,8.17391304348,5.08108108108,4.68753378366,0.461273271265,0.246837262795,6.0524484411,1.19117336341,0.61385853939,3.30301527546,0.650061516978,0.35192639448,1.8668680605,0.672004715189,5.38203696532,2.77805797832,1.8668680605,5.38203696532,0.136882424421,0.0412213740458,27,0.0034749034749,0.172342613109,37,37,37,1,0,0.378378378378,0.621621621622,0,-154,-0.115615615616,1.05276916021,-8.32432432432,-7.37154150198,-4.69034749035,-0.680176371731,0.170914680987,0.104194620152,-3.45604310128,0.162476909992,0.0693666791091,-4.75029807098,-0.221203377226,-0.109903856824,1.22626849018,0.300704812472,3.38203696532,1.05276916021,1.22626849018,3.38203696532,-0.207188969826,-0.335347663611,-783,-0.100772200772,-0.397234215241,-0.027027027027,0.0810810810811,-0.0540540540541,174,14,168,976,0.508771929825,0.985858585859,0.0141414141414,0.491228070175,0.925531914894,0.508771929825,0.656603773585,0.620611215325,0.494630515683,0.488764044944,32,186,0,0,0,0
547,WLNM_dir_neg,0.407402589895,0.332153344344,00:00:06,10,20,11,1234860746,threshold_sweep,0.7,0.5625,0.0967741935484,0.165137614679,18,14,168,358,0.0967741935484,0.962365591398,0.0376344086022,0.903225806452,0.5625,0.0967741935484,0.165137614679,0.673835125448,0.647550776583,0.0745762711864,0.119905698054,0.0591397849462,342,156,186,0,342,0,156,0,186,37,342,0.256756756757,1.72528881811,18.4864864865,15.5454545455,9.77142857143,5.36771015539,0.290358590277,0.142642642643,9.50849154237,1.02869645341,0.544491860281,8.05331334643,0.871264894205,0.461830251304,0.640599570326,0.371299902718,2,1.72528881811,0.640599570326,2,0.344071394247,0.376569037657,810,0.104247104247,0.56957682835,37,37,37,1,0,0.405405405405,0.540540540541,0.0540540540541,37,0.117117117117,2.18635635636,8.43243243243,7.09090909091,4.45714285714,5.03620525429,0.597242289772,0.326923076923,6.00062559301,1.42322530091,0.680526680527,3.83793300225,0.910278981302,0.463617463617,1.32204914232,0.604681454823,4.3462962963,2.18635635636,1.32204914232,4.3462962963,0,0,0,0,0.160896782956,37,37,37,1,0,0.405405405405,0.540540540541,0.0540540540541,37,188,0.141141141141,2.77805797832,10.1621621622,8.17391304348,5.08108108108,4.68753378366,0.461273271265,0.246837262795,6.0524484411,1.19117336341,0.61385853939,3.30301527546,0.650061516978,0.35192639448,1.8668680605,0.672004715189,5.38203696532,2.77805797832,1.8668680605,5.38203696532,0.136882424421,0.0412213740458,27,0.0034749034749,0.172342613109,37,37,37,1,0,0.378378378378,0.621621621622,0,-154,-0.115615615616,1.05276916021,-8.32432432432,-7.37154150198,-4.69034749035,-0.680176371731,0.170914680987,0.104194620152,-3.45604310128,0.162476909992,0.0693666791091,-4.75029807098,-0.221203377226,-0.109903856824,1.22626849018,0.300704812472,3.38203696532,1.05276916021,1.22626849018,3.38203696532,-0.207188969826,-0.335347663611,-783,-0.100772200772,-0.397234215241,-0.027027027027,0.0810810810811,-0.0540540540541,174,14,168,976,0.508771929825,0.985858585859,0.0141414141414,0.491228070175,0.925531914894,0.508771929825,0.656603773585,0.620611215325,0.494630515683,0.488764044944,32,186,0,0,0,0
548,WLNM_dir_neg,0.407402589895,0.332153344344,00:00:06,10,20,11,1234860746,threshold_sweep,0.8,0.566666666667,0.0913978494624,0.157407407407,17,13,169,359,0.0913978494624,0.965053763441,0.0349462365591,0.908602150538,0.566666666667,0.0913978494624,0.157407407407,0.673835125448,0.648745519713,0.0714285714286,0.117984975931,0.0564516129032,342,156,186,0,342,0,156,0,186,37,342,0.256756756757,1.72528881811,18.4864864865,15.5454545455,9.77142857143,5.36771015539,0.290358590277,0.142642642643,9.50849154237,1.02869645341,0.544491860281,8.05331334643,0.871264894205,0.461830251304,0.640599570326,0.371299902718,2,1.72528881811,0.640599570326,2,0.344071394247,0.376569037657,810,0.104247104247,0.56957682835,37,37,37,1,0,0.405405405405,0.540540540541,0.0540540540541,37,0.117117117117,2.18635635636,8.43243243243,7.09090909091,4.45714285714,5.03620525429,0.597242289772,0.326923076923,6.00062559301,1.42322530091,0.680526680527,3.83793300225,0.910278981302,0.463617463617,1.32204914232,0.604681454823,4.3462962963,2.18635635636,1.32204914232,4.3462962963,0,0,0,0,0.160896782956,37,37,37,1,0,0.405405405405,0.540540540541,0.0540540540541,37,186,0.13963963964,2.785189276,10.0540540541,8.08695652174,5.02702702703,4.67823533887,0.465308353598,0.250217959895,6.03916148745,1.20133857546,0.61697181052,3.35399004907,0.667191568901,0.361232199942,1.87873712062,0.674545581805,5.33803784572,2.785189276,1.87873712062,5.33803784572,0.140885862248,0.0401234567901,26,0.0033462033462,0.172349750068,37,37,37,1,0,0.378378378378,0.621621621622,0,-156,-0.117117117117,1.05990045789,-8.43243243243,-7.45849802372,-4.7444015444,-0.68947481652,0.174949763321,0.107575317253,-3.46933005493,0.172642122045,0.0724799502389,-4.69932329737,-0.204073325304,-0.100598051362,1.23813755029,0.303245679087,3.33803784572,1.05990045789,1.23813755029,3.33803784572,-0.203185531999,-0.336445580867,-784,-0.100900900901,-0.397227078282,-0.027027027027,0.0810810810811,-0.0540540540541,173,13,169,977,0.505847953216,0.986868686869,0.0131313131313,0.494152046784,0.930107526882,0.505847953216,0.655303030303,0.620982124715,0.492716640085,0.487323943662,30,186,0,0,0,0
549,WLNM_dir_neg,0.407402589895,0.332153344344,00:00:06,10,20,11,1234860746,threshold_sweep,0.9,0.538461538462,0.0752688172043,0.132075471698,14,12,172,360,0.0752688172043,0.967741935484,0.0322580645161,0.924731182796,0.538461538462,0.0752688172043,0.132075471698,0.670250896057,0.651135005974,0.0547945205479,0.0961972140488,0.0430107526882,342,156,186,0,342,0,156,0,186,37,342,0.256756756757,1.72528881811,18.4864864865,15.5454545455,9.77142857143,5.36771015539,0.290358590277,0.142642642643,9.50849154237,1.02869645341,0.544491860281,8.05331334643,0.871264894205,0.461830251304,0.640599570326,0.371299902718,2,1.72528881811,0.640599570326,2,0.344071394247,0.376569037657,810,0.104247104247,0.56957682835,37,37,37,1,0,0.405405405405,0.540540540541,0.0540540540541,37,0.117117117117,2.18635635636,8.43243243243,7.09090909091,4.45714285714,5.03620525429,0.597242289772,0.326923076923,6.00062559301,1.42322530091,0.680526680527,3.83793300225,0.910278981302,0.463617463617,1.32204914232,0.604681454823,4.3462962963,2.18635635636,1.32204914232,4.3462962963,0,0,0,0,0.160896782956,37,37,37,1,0,0.405405405405,0.540540540541,0.0540540540541,37,182,0.136636636637,2.86220167127,9.83783783784,7.91304347826,4.91891891892,4.53696860074,0.461175379745,0.249777249777,5.99712143161,1.21919501632,0.624888624889,3.44301529976,0.699953659841,0.377487377487,1.97813483172,0.691123498243,5.33526990288,2.86220167127,1.97813483172,5.33526990288,0.134167783239,0.0353697749196,22,0.0028314028314,0.171317809311,37,37,37,1,0,0.378378378378,0.621621621622,0,-160,-0.12012012012,1.13691285315,-8.64864864865,-7.63241106719,-4.85250965251,-0.830741554655,0.170816789468,0.107134607135,-3.51137011077,0.190498562901,0.0803967646073,-4.61029804668,-0.171311234364,-0.0843428738166,1.3375352614,0.319823595525,3.33526990288,1.13691285315,1.3375352614,3.33526990288,-0.209903611008,-0.341199262737,-788,-0.101415701416,-0.398259019039,-0.027027027027,0.0810810810811,-0.0540540540541,170,12,172,978,0.497076023392,0.987878787879,0.0121212121212,0.502923976608,0.934065934066,0.497076023392,0.648854961832,0.616804180431,0.484954811271,0.480225988701,26,186,0,0,0,0
550,WLNM_dir_neg,0.510145681582,0.37287735298,00:00:06,10,20,12,1234860747,threshold_sweep,0.1,0.5,0.139784946237,0.218487394958,26,26,160,346,0.139784946237,0.930107526882,0.0698924731183,0.860215053763,0.5,0.139784946237,0.218487394958,0.666666666667,0.635603345281,0.0852459016393,0.113339533272,0.0698924731183,342,156,186,0,342,0,156,0,186,37,342,0.256756756757,1.72528881811,18.4864864865,15.5454545455,9.77142857143,5.36771015539,0.290358590277,0.142642642643,9.50849154237,1.02869645341,0.544491860281,8.05331334643,0.871264894205,0.461830251304,0.640599570326,0.371299902718,2,1.72528881811,0.640599570326,2,0.344071394247,0.376569037657,810,0.104247104247,0.56957682835,37,37,37,1,0,0.405405405405,0.540540540541,0.0540540540541,37,0.117117117117,2.22747747748,8.43243243243,7.09090909091,4.45714285714,5.03620525429,0.597242289772,0.326923076923,6.00525295579,1.42432281644,0.680873180873,3.83793300225,0.910278981302,0.463617463617,1.42084529335,0.637871901162,5.2,2.22747747748,1.42084529335,5.2,0,0,0,0,0.160752482811,37,37,37,1,0,0.405405405405,0.540540540541,0.0540540540541,37,208,0.156156156156,7.49868424631,11.2432432432,6.93333333333,5.62162162162,5.59962997491,0.498044012191,0.268061330561,6.18399076178,1.1000368182,0.573284823285,3.41037104002,0.606652540773,0.332120582121,3.45925436487,0.461314845544,9.86760420884,7.49868424631,3.45925436487,9.86760420884,0.24532786423,0.109682603455,91,0.0117117117117,0.18002650574,37,37,37,1,0,0.189189189189,0.810810810811,0,-134,-0.100600600601,5.77339542819,-7.24324324324,-8.61212121212,-4.14980694981,0.231919819512,0.207685421914,0.125418687919,-3.3245007806,0.0713403647859,0.0287929630035,-4.64294230641,-0.264612353431,-0.129709669183,2.81865479455,0.0900149428266,7.86760420884,5.77339542819,2.81865479455,7.86760420884,-0.0987435300173,-0.266886434202,-719,-0.0925353925354,-0.38955032261,-0.216216216216,0.27027027027,-0.0540540540541,182,26,160,964,0.53216374269,0.973737373737,0.0262626262626,0.46783625731,0.875,0.53216374269,0.661818181818,0.608809562241,0.505901116427,0.494565217391,52,186,0,0,0,0
551,WLNM_dir_neg,0.510145681582,0.37287735298,00:00:06,10,20,12,1234860747,threshold_sweep,0.2,0.5,0.129032258065,0.205128205128,24,24,162,348,0.129032258065,0.935483870968,0.0645161290323,0.870967741935,0.5,0.129032258065,0.205128205128,0.666666666667,0.637992831541,0.0792079207921,0.108465228909,0.0645161290323,342,156,186,0,342,0,156,0,186,37,342,0.256756756757,1.72528881811,18.4864864865,15.5454545455,9.77142857143,5.36771015539,0.290358590277,0.142642642643,9.50849154237,1.02869645341,0.544491860281,8.05331334643,0.871264894205,0.461830251304,0.640599570326,0.371299902718,2,1.72528881811,0.640599570326,2,0.344071394247,0.376569037657,810,0.104247104247,0.56957682835,37,37,37,1,0,0.405405405405,0.540540540541,0.0540540540541,37,0.117117117117,2.22747747748,8.43243243243,7.09090909091,4.45714285714,5.03620525429,0.597242289772,0.326923076923,6.00525295579,1.42432281644,0.680873180873,3.83793300225,0.910278981302,0.463617463617,1.42084529335,0.637871901162,5.2,2.22747747748,1.42084529335,5.2,0,0,0,0,0.160752482811,37,37,37,1,0,0.405405405405,0.540540540541,0.0540540540541,37,204,0.153153153153,7.57303470368,11.027027027,6.8,5.51351351351,5.51506263935,0.500140484451,0.270932697403,6.17621612686,1.12019606222,0.579756226815,3.42070185798,0.620421415418,0.339957604663,3.50830244142,0.463262427639,9.97975446568,7.57303470368,3.50830244142,9.97975446568,0.209297231975,0.08375,67,0.00862290862291,0.177879560431,37,37,37,1,0,0.189189189189,0.810810810811,0,-138,-0.103603603604,5.84774588556,-7.45945945946,-8.74545454545,-4.25791505792,0.147352483953,0.209781894173,0.128290054761,-3.33227541552,0.0914996088092,0.0352643665337,-4.63261148845,-0.250843478787,-0.12187264664,2.8677028711,0.0919625249215,7.97975446568,5.84774588556,2.8677028711,7.97975446568,-0.134774162272,-0.292819037657,-743,-0.0956241956242,-0.391697267919,-0.216216216216,0.27027027027,-0.0540540540541,180,24,162,966,0.526315789474,0.975757575758,0.0242424242424,0.473684210526,0.882352941176,0.526315789474,0.659340659341,0.609015294817,0.502073365231,0.491803278689,48,186,0,0,0,0
552,WLNM_dir_neg,0.510145681582,0.37287735298,00:00:06,10,20,12,1234860747,threshold_sweep,0.3,0.6,0.129032258065,0.212389380531,24,16,162,356,0.129032258065,0.956989247312,0.0430107526882,0.870967741935,0.6,0.129032258065,0.212389380531,0.681003584229,0.642771804062,0.107023411371,0.157195498378,0.0860215053763,342,156,186,0,342,0,156,0,186,37,342,0.256756756757,1.72528881811,18.4864864865,15.5454545455,9.77142857143,5.36771015539,0.290358590277,0.142642642643,9.50849154237,1.02869645341,0.544491860281,8.05331334643,0.871264894205,0.461830251304,0.640599570326,0.371299902718,2,1.72528881811,0.640599570326,2,0.344071394247,0.376569037657,810,0.104247104247,0.56957682835,37,37,37,1,0,0.405405405405,0.540540540541,0.0540540540541,37,0.117117117117,2.22747747748,8.43243243243,7.09090909091,4.45714285714,5.03620525429,0.597242289772,0.326923076923,6.00525295579,1.42432281644,0.680873180873,3.83793300225,0.910278981302,0.463617463617,1.42084529335,0.637871901162,5.2,2.22747747748,1.42084529335,5.2,0,0,0,0,0.160752482811,37,37,37,1,0,0.405405405405,0.540540540541,0.0540540540541,37,196,0.147147147147,2.47788500835,10.5945945946,8.52173913043,5.2972972973,5.24647743972,0.495203227729,0.264754550469,6.34150729044,1.19712127422,0.618036403751,3.24777586173,0.613100545327,0.335631549917,1.49788223123,0.604500300126,4.70218879695,2.47788500835,1.49788223123,4.70218879695,0.178022946754,0.0665760869565,49,0.00630630630631,0.182557664898,37,37,37,1,0,0.378378378378,0.621621621622,0,-146,-0.10960960961,0.752596190237,-7.89189189189,-7.02371541502,-4.47413127413,-0.12123271567,0.204844637452,0.122111907826,-3.16698425193,0.168424820801,0.0735445434694,-4.8055374847,-0.258164348878,-0.126198701387,0.857282660901,0.233200397408,2.70218879695,0.752596190237,0.857282660901,2.70218879695,-0.166048447494,-0.3099929507,-761,-0.0979407979408,-0.387019163452,-0.027027027027,0.0810810810811,-0.0540540540541,180,16,162,974,0.526315789474,0.983838383838,0.0161616161616,0.473684210526,0.918367346939,0.526315789474,0.669144981413,0.629093057863,0.510154173312,0.502793296089,40,186,0,0,0,0
553,WLNM_dir_neg,0.510145681582,0.37287735298,00:00:06,10,20,12,1234860747,threshold_sweep,0.4,0.615384615385,0.129032258065,0.213333333333,24,15,162,357,0.129032258065,0.959677419355,0.0403225806452,0.870967741935,0.615384615385,0.129032258065,0.213333333333,0.682795698925,0.643369175627,0.110552763819,0.164014770127,0.0887096774194,342,156,186,0,342,0,156,0,186,37,342,0.256756756757,1.72528881811,18.4864864865,15.5454545455,9.77142857143,5.36771015539,0.290358590277,0.142642642643,9.50849154237,1.02869645341,0.544491860281,8.05331334643,0.871264894205,0.461830251304,0.640599570326,0.371299902718,2,1.72528881811,0.640599570326,2,0.344071394247,0.376569037657,810,0.104247104247,0.56957682835,37,37,37,1,0,0.405405405405,0.540540540541,0.0540540540541,37,0.117117117117,2.22747747748,8.43243243243,7.09090909091,4.45714285714,5.03620525429,0.597242289772,0.326923076923,6.00525295579,1.42432281644,0.680873180873,3.83793300225,0.910278981302,0.463617463617,1.42084529335,0.637871901162,5.2,2.22747747748,1.42084529335,5.2,0,0,0,0,0.160752482811,37,37,37,1,0,0.405405405405,0.540540540541,0.0540540540541,37,195,0.146396396396,2.51789423301,10.5405405405,8.47826086957,5.27027027027,5.22065659235,0.495293061326,0.265419265419,6.35805983968,1.20640109779,0.62176022176,3.23735702086,0.614267742419,0.336243936244,1.54972113902,0.615483017,4.74803896775,2.51789423301,1.54972113902,4.74803896775,0.172675938775,0.063215758131,46,0.00592020592021,0.180683474091,37,37,37,1,0,0.378378378378,0.621621621622,0,-147,-0.11036036036,0.792605414894,-7.94594594595,-7.06719367589,-4.50115830116,-0.147053563043,0.204934471048,0.122776622777,-3.1504317027,0.17770464437,0.0772683614789,-4.81595632558,-0.256997151786,-0.12558631506,0.909121568693,0.244183114282,2.74803896775,0.792605414894,0.909121568693,2.74803896775,-0.171395455472,-0.313353279526,-764,-0.0983268983269,-0.388893354259,-0.027027027027,0.0810810810811,-0.0540540540541,180,15,162,975,0.526315789474,0.984848484848,0.0151515151515,0.473684210526,0.923076923077,0.526315789474,0.670391061453,0.63167487826,0.511164274322,0.504201680672,39,186,0,0,0,0
554,WLNM_dir_neg,0.510145681582,0.37287735298,00:00:06,10,20,12,1234860747,threshold_sweep,0.5,0.594594594595,0.118279569892,0.19730941704,22,15,164,357,0.118279569892,0.959677419355,0.0403225806452,0.881720430108,0.594594594595,0.118279569892,0.19730941704,0.679211469534,0.644563918757,0.0974789915966,0.147694144099,0.0779569892473,342,156,186,0,342,0,156,0,186,37,342,0.256756756757,1.72528881811,18.4864864865,15.5454545455,9.77142857143,5.36771015539,0.290358590277,0.142642642643,9.50849154237,1.02869645341,0.544491860281,8.05331334643,0.871264894205,0.461830251304,0.640599570326,0.371299902718,2,1.72528881811,0.640599570326,2,0.344071394247,0.376569037657,810,0.104247104247,0.56957682835,37,37,37,1,0,0.405405405405,0.540540540541,0.0540540540541,37,0.117117117117,2.22747747748,8.43243243243,7.09090909091,4.45714285714,5.03620525429,0.597242289772,0.326923076923,6.00525295579,1.42432281644,0.680873180873,3.83793300225,0.910278981302,0.463617463617,1.42084529335,0.637871901162,5.2,2.22747747748,1.42084529335,5.2,0,0,0,0,0.160752482811,37,37,37,1,0,0.405405405405,0.540540540541,0.0540540540541,37,193,0.144894894895,2.51077079122,10.4324324324,8.39130434783,5.21621621622,5.20438138356,0.498865573036,0.268309760538,6.31635942584,1.21090828371,0.623722167764,3.27562661635,0.627969869455,0.343089203193,1.53860115333,0.612800323596,4.68333403102,2.51077079122,1.53860115333,4.68333403102,0.172605636073,0.0609699769053,44,0.00566280566281,0.179977179422,37,37,37,1,0,0.378378378378,0.621621621622,0,-149,-0.111861861862,0.785481973102,-8.05405405405,-7.15415019763,-4.55521235521,-0.163328771829,0.208506982759,0.125667117895,-3.19213211653,0.182211830295,0.0792303074823,-4.77768673009,-0.243295024749,-0.118741048111,0.898001583007,0.241500420878,2.68333403102,0.785481973102,0.898001583007,2.68333403102,-0.171465758174,-0.315599060752,-766,-0.0985842985843,-0.389599648928,-0.027027027027,0.0810810810811,-0.0540540540541,178,15,164,975,0.520467836257,0.984848484848,0.0151515151515,0.479532163743,0.922279792746,0.520467836257,0.665420560748,0.627124054751,0.505316321106,0.498599439776,37,186,0,0,0,0
555,WLNM_dir_neg,0.510145681582,0.37287735298,00:00:06,10,20,12,1234860747,threshold_sweep,0.6,0.6,0.112903225806,0.190045248869,21,14,165,358,0.112903225806,0.962365591398,0.0376344086022,0.887096774194,0.6,0.112903225806,0.190045248869,0.679211469534,0.645758661888,0.0944350758853,0.146338354364,0.0752688172043,342,156,186,0,342,0,156,0,186,37,342,0.256756756757,1.72528881811,18.4864864865,15.5454545455,9.77142857143,5.36771015539,0.290358590277,0.142642642643,9.50849154237,1.02869645341,0.544491860281,8.05331334643,0.871264894205,0.461830251304,0.640599570326,0.371299902718,2,1.72528881811,0.640599570326,2,0.344071394247,0.376569037657,810,0.104247104247,0.56957682835,37,37,37,1,0,0.405405405405,0.540540540541,0.0540540540541,37,0.117117117117,2.22747747748,8.43243243243,7.09090909091,4.45714285714,5.03620525429,0.597242289772,0.326923076923,6.00525295579,1.42432281644,0.680873180873,3.83793300225,0.910278981302,0.463617463617,1.42084529335,0.637871901162,5.2,2.22747747748,1.42084529335,5.2,0,0,0,0,0.160752482811,37,37,37,1,0,0.405405405405,0.540540540541,0.0540540540541,37,191,0.143393393393,2.5128644798,10.3243243243,8.30434782609,5.16216216216,5.16426855127,0.500204021982,0.27041177303,6.26060661559,1.21278766899,0.623461157493,3.3125478069,0.641697742697,0.34951181548,1.54068840609,0.613120372576,4.68375890878,2.5128644798,1.54068840609,4.68375890878,0.155441302345,0.0566037735849,40,0.00514800514801,0.179241104669,37,37,37,1,0,0.378378378378,0.621621621622,0,-151,-0.113363363363,0.787575661687,-8.16216216216,-7.24110671937,-4.60926640927,-0.20344160412,0.209845431705,0.127769130387,-3.24788492678,0.184091215574,0.0789692972112,-4.74076553954,-0.229567151508,-0.112318435824,0.900088835763,0.241820469858,2.68375890878,0.787575661687,0.900088835763,2.68375890878,-0.188630091902,-0.319965264072,-770,-0.0990990990991,-0.39033572368,-0.027027027027,0.0810810810811,-0.0540540540541,177,14,165,976,0.517543859649,0.985858585859,0.0141414141414,0.482456140351,0.926701570681,0.517543859649,0.664165103189,0.627460607292,0.503402445508,0.497191011236,35,186,0,0,0,0
556,WLNM_dir_neg,0.510145681582,0.37287735298,00:00:06,10,20,12,1234860747,threshold_sweep,0.7,0.6,0.112903225806,0.190045248869,21,14,165,358,0.112903225806,0.962365591398,0.0376344086022,0.887096774194,0.6,0.112903225806,0.190045248869,0.679211469534,0.645758661888,0.0944350758853,0.146338354364,0.0752688172043,342,156,186,0,342,0,156,0,186,37,342,0.256756756757,1.72528881811,18.4864864865,15.5454545455,9.77142857143,5.36771015539,0.290358590277,0.142642642643,9.50849154237,1.02869645341,0.544491860281,8.05331334643,0.871264894205,0.461830251304,0.640599570326,0.371299902718,2,1.72528881811,0.640599570326,2,0.344071394247,0.376569037657,810,0.104247104247,0.56957682835,37,37,37,1,0,0.405405405405,0.540540540541,0.0540540540541,37,0.117117117117,2.22747747748,8.43243243243,7.09090909091,4.45714285714,5.03620525429,0.597242289772,0.326923076923,6.00525295579,1.42432281644,0.680873180873,3.83793300225,0.910278981302,0.463617463617,1.42084529335,0.637871901162,5.2,2.22747747748,1.42084529335,5.2,0,0,0,0,0.160752482811,37,37,37,1,0,0.405405405405,0.540540540541,0.0540540540541,37,191,0.143393393393,2.5128644798,10.3243243243,8.30434782609,5.16216216216,5.16426855127,0.500204021982,0.27041177303,6.26060661559,1.21278766899,0.623461157493,3.3125478069,0.641697742697,0.34951181548,1.54068840609,0.613120372576,4.68375890878,2.5128644798,1.54068840609,4.68375890878,0.155441302345,0.0566037735849,40,0.00514800514801,0.179241104669,37,37,37,1,0,0.378378378378,0.621621621622,0,-151,-0.113363363363,0.787575661687,-8.16216216216,-7.24110671937,-4.60926640927,-0.20344160412,0.209845431705,0.127769130387,-3.24788492678,0.184091215574,0.0789692972112,-4.74076553954,-0.229567151508,-0.112318435824,0.900088835763,0.241820469858,2.68375890878,0.787575661687,0.900088835763,2.68375890878,-0.188630091902,-0.319965264072,-770,-0.0990990990991,-0.39033572368,-0.027027027027,0.0810810810811,-0.0540540540541,177,14,165,976,0.517543859649,0.985858585859,0.0141414141414,0.482456140351,0.926701570681,0.517543859649,0.664165103189,0.627460607292,0.503402445508,0.497191011236,35,186,0,0,0,0
557,WLNM_dir_neg,0.510145681582,0.37287735298,00:00:06,10,20,12,1234860747,threshold_sweep,0.8,0.588235294118,0.10752688172,0.181818181818,20,14,166,358,0.10752688172,0.962365591398,0.0376344086022,0.89247311828,0.588235294118,0.10752688172,0.181818181818,0.677419354839,0.646356033453,0.0878378378378,0.137737833661,0.0698924731183,342,156,186,0,342,0,156,0,186,37,342,0.256756756757,1.72528881811,18.4864864865,15.5454545455,9.77142857143,5.36771015539,0.290358590277,0.142642642643,9.50849154237,1.02869645341,0.544491860281,8.05331334643,0.871264894205,0.461830251304,0.640599570326,0.371299902718,2,1.72528881811,0.640599570326,2,0.344071394247,0.376569037657,810,0.104247104247,0.56957682835,37,37,37,1,0,0.405405405405,0.540540540541,0.0540540540541,37,0.117117117117,2.22747747748,8.43243243243,7.09090909091,4.45714285714,5.03620525429,0.597242289772,0.326923076923,6.00525295579,1.42432281644,0.680873180873,3.83793300225,0.910278981302,0.463617463617,1.42084529335,0.637871901162,5.2,2.22747747748,1.42084529335,5.2,0,0,0,0,0.160752482811,37,37,37,1,0,0.405405405405,0.540540540541,0.0540540540541,37,190,0.142642642643,2.53044491189,10.2702702703,8.26086956522,5.13513513514,5.13511142716,0.499997691592,0.270981507824,6.26348395314,1.21973108561,0.62560455192,3.32634402378,0.647761730947,0.351920341394,1.56725020892,0.619357568922,4.7477283705,2.53044491189,1.56725020892,4.7477283705,0.158221836086,0.0543633762518,38,0.0048906048906,0.178515139813,37,37,37,1,0,0.378378378378,0.621621621622,0,-152,-0.114114114114,0.805156093771,-8.21621621622,-7.28458498024,-4.63629343629,-0.232598728231,0.209639101315,0.128338865181,-3.24500758924,0.191034632196,0.081112691639,-4.72696932265,-0.223503163257,-0.10990990991,0.92665063859,0.248057666204,2.7477283705,0.805156093771,0.92665063859,2.7477283705,-0.185849558162,-0.322205661405,-772,-0.0993564993565,-0.391061688537,-0.027027027027,0.0810810810811,-0.0540540540541,176,14,166,976,0.514619883041,0.985858585859,0.0141414141414,0.485380116959,0.926315789474,0.514619883041,0.661654135338,0.625181612518,0.5004784689,0.494382022472,34,186,0,0,0,0
558,WLNM_dir_neg,0.510145681582,0.37287735298,00:00:06,10,20,12,1234860747,threshold_sweep,0.9,0.606060606061,0.10752688172,0.182648401826,20,13,166,359,0.10752688172,0.965053763441,0.0349462365591,0.89247311828,0.606060606061,0.10752688172,0.182648401826,0.679211469534,0.646953405018,0.0913705583756,0.145048133525,0.0725806451613,342,156,186,0,342,0,156,0,186,37,342,0.256756756757,1.72528881811,18.4864864865,15.5454545455,9.77142857143,5.36771015539,0.290358590277,0.142642642643,9.50849154237,1.02869645341,0.544491860281,8.05331334643,0.871264894205,0.461830251304,0.640599570326,0.371299902718,2,1.72528881811,0.640599570326,2,0.344071394247,0.376569037657,810,0.104247104247,0.56957682835,37,37,37,1,0,0.405405405405,0.540540540541,0.0540540540541,37,0.117117117117,2.22747747748,8.43243243243,7.09090909091,4.45714285714,5.03620525429,0.597242289772,0.326923076923,6.00525295579,1.42432281644,0.680873180873,3.83793300225,0.910278981302,0.463617463617,1.42084529335,0.637871901162,5.2,2.22747747748,1.42084529335,5.2,0,0,0,0,0.160752482811,37,37,37,1,0,0.405405405405,0.540540540541,0.0540540540541,37,189,0.141891891892,2.54426505926,10.2162162162,8.21739130435,5.10810810811,5.12691771782,0.501841152273,0.272272272272,6.27952485722,1.22932497205,0.629200629201,3.34816520056,0.655460912278,0.355498355498,1.58263637775,0.622040684003,4.76562281732,2.54426505926,1.58263637775,4.76562281732,0.158248333171,0.0548868560424,38,0.0048906048906,0.178458305485,37,37,37,1,0,0.378378378378,0.621621621622,0,-153,-0.114864864865,0.818976241147,-8.27027027027,-7.32806324111,-4.66332046332,-0.240792437574,0.211482561996,0.12962962963,-3.22896668516,0.200628518633,0.0847087689193,-4.70514814588,-0.215803981927,-0.106331895806,0.942036807423,0.250740781286,2.76562281732,0.818976241147,0.942036807423,2.76562281732,-0.185823061076,-0.321682181615,-772,-0.0993564993565,-0.391118522865,-0.027027027027,0.0810810810811,-0.0540540540541,176,13,166,977,0.514619883041,0.986868686869,0.0131313131313,0.485380116959,0.931216931217,0.514619883041,0.662900188324,0.627823650674,0.50148856991,0.495774647887,33,186,0,0,0,0
559,WLNM_dir_neg,0.417201410568,0.351073821153,00:00:06,10,20,13,1234860748,threshold_sweep,0.1,0.609756097561,0.134408602151,0.220264317181,25,16,161,356,0.134408602151,0.956989247312,0.0430107526882,0.865591397849,0.609756097561,0.134408602151,0.220264317181,0.682795698925,0.642174432497,0.113522537563,0.16513028076,0.0913978494624,342,156,186,0,342,0,156,0,186,37,342,0.256756756757,1.72528881811,18.4864864865,15.5454545455,9.77142857143,5.36771015539,0.290358590277,0.142642642643,9.50849154237,1.02869645341,0.544491860281,8.05331334643,0.871264894205,0.461830251304,0.640599570326,0.371299902718,2,1.72528881811,0.640599570326,2,0.344071394247,0.376569037657,810,0.104247104247,0.56957682835,37,37,37,1,0,0.405405405405,0.540540540541,0.0540540540541,37,0.117117117117,2.18481481481,8.43243243243,7.09090909091,4.45714285714,5.03620525429,0.597242289772,0.326923076923,6.00062559301,1.42322530091,0.680526680527,3.83793300225,0.910278981302,0.463617463617,1.318977792,0.603702328937,4.32037037037,2.18481481481,1.318977792,4.32037037037,0,0,0,0,0.160896782956,37,37,37,1,0,0.405405405405,0.540540540541,0.0540540540541,37,197,0.147897897898,7.59902057777,10.6486486486,6.56666666667,5.47222222222,4.69761296485,0.441146395177,0.237206749897,5.86446006823,1.10144681485,0.572369323638,3.48053359618,0.653704279485,0.354506791055,3.51728292852,0.462860034726,9.96593304575,7.59902057777,3.51728292852,9.96593304575,0.137459599224,0.0674311926606,49,0.00630630630631,0.168532202716,37,37,37,1,0,0.189189189189,0.783783783784,0.027027027027,-145,-0.108858858859,5.87373175966,-7.83783783784,-8.97878787879,-4.29920634921,-0.670097190539,0.1507878049,0.0945641072545,-3.64403147414,0.0727503614309,0.027877463357,-4.57277975026,-0.21756061472,-0.107323460249,2.87668335819,0.0915601320087,7.96593304575,5.87373175966,2.87668335819,7.96593304575,-0.206611795023,-0.309137844996,-761,-0.0979407979408,-0.401044625634,-0.216216216216,0.243243243243,-0.027027027027,181,16,161,974,0.529239766082,0.983838383838,0.0161616161616,0.470760233918,0.918781725888,0.529239766082,0.671614100186,0.631368814181,0.51307814992,0.505586592179,41,186,0,0,0,0
560,WLNM_dir_neg,0.417201410568,0.351073821153,00:00:06,10,20,13,1234860748,threshold_sweep,0.2,0.605263157895,0.123655913978,0.205357142857,23,15,163,357,0.123655913978,0.959677419355,0.0403225806452,0.876344086022,0.605263157895,0.123655913978,0.205357142857,0.681003584229,0.643966547192,0.104026845638,0.155938454588,0.0833333333333,342,156,186,0,342,0,156,0,186,37,342,0.256756756757,1.72528881811,18.4864864865,15.5454545455,9.77142857143,5.36771015539,0.290358590277,0.142642642643,9.50849154237,1.02869645341,0.544491860281,8.05331334643,0.871264894205,0.461830251304,0.640599570326,0.371299902718,2,1.72528881811,0.640599570326,2,0.344071394247,0.376569037657,810,0.104247104247,0.56957682835,37,37,37,1,0,0.405405405405,0.540540540541,0.0540540540541,37,0.117117117117,2.18481481481,8.43243243243,7.09090909091,4.45714285714,5.03620525429,0.597242289772,0.326923076923,6.00062559301,1.42322530091,0.680526680527,3.83793300225,0.910278981302,0.463617463617,1.318977792,0.603702328937,4.32037037037,2.18481481481,1.318977792,4.32037037037,0,0,0,0,0.160896782956,37,37,37,1,0,0.405405405405,0.540540540541,0.0540540540541,37,194,0.145645645646,8.02373211809,10.4864864865,6.46666666667,5.38888888889,4.73533773066,0.451565711429,0.245890220117,5.87558699387,1.12060164316,0.578155475063,3.51508973653,0.670403712637,0.363611033714,3.78080529975,0.471202832311,10.9466805409,8.02373211809,3.78080529975,10.9466805409,0.130795436678,0.0598052851182,43,0.00553410553411,0.167392430174,37,37,37,1,0,0.189189189189,0.783783783784,0.027027027027,-148,-0.111111111111,6.29844329998,-8,-9.07878787879,-4.38253968254,-0.632372424732,0.161207121152,0.103247577474,-3.63290454851,0.0919051897458,0.0336636147814,-4.5382236099,-0.200861181568,-0.0982192175898,3.14020572942,0.0999029295929,8.94668054094,6.29844329998,3.14020572942,8.94668054094,-0.21327595757,-0.316763752539,-767,-0.098712998713,-0.402184398176,-0.216216216216,0.243243243243,-0.027027027027,179,15,163,975,0.523391812865,0.984848484848,0.0151515151515,0.476608187135,0.922680412371,0.523391812865,0.667910447761,0.629401467336,0.508240297714,0.501400560224,38,186,0,0,0,0
561,WLNM_dir_neg,0.417201410568,0.351073821153,00:00:06,10,20,13,1234860748,threshold_sweep,0.3,0.793103448276,0.123655913978,0.213953488372,23,6,163,366,0.123655913978,0.983870967742,0.0161290322581,0.876344086022,0.793103448276,0.123655913978,0.213953488372,0.697132616487,0.649342891278,0.136286201022,0.228359013669,0.10752688172,342,156,186,0,342,0,156,0,186,37,342,0.256756756757,1.72528881811,18.4864864865,15.5454545455,9.77142857143,5.36771015539,0.290358590277,0.142642642643,9.50849154237,1.02869645341,0.544491860281,8.05331334643,0.871264894205,0.461830251304,0.640599570326,0.371299902718,2,1.72528881811,0.640599570326,2,0.344071394247,0.376569037657,810,0.104247104247,0.56957682835,37,37,37,1,0,0.405405405405,0.540540540541,0.0540540540541,37,0.117117117117,2.18481481481,8.43243243243,7.09090909091,4.45714285714,5.03620525429,0.597242289772,0.326923076923,6.00062559301,1.42322530091,0.680526680527,3.83793300225,0.910278981302,0.463617463617,1.318977792,0.603702328937,4.32037037037,2.18481481481,1.318977792,4.32037037037,0,0,0,0,0.160896782956,37,37,37,1,0,0.405405405405,0.540540540541,0.0540540540541,37,185,0.138888888889,2.48986203641,10,8.04347826087,5.13888888889,4.58863329931,0.458863329931,0.243973703433,6.03232035695,1.20646407139,0.620598977356,3.42377309736,0.684754619472,0.370197224251,1.50104789942,0.602863884612,4.14285714286,2.48986203641,1.50104789942,4.14285714286,0.13150202562,0.0527638190955,35,0.0045045045045,0.178228251983,37,37,37,1,0,0.378378378378,0.594594594595,0.027027027027,-157,-0.117867867868,0.764573218295,-8.48648648649,-7.50197628458,-4.63253968254,-0.779076856081,0.168504739654,0.101331060791,-3.47617118542,0.177767617975,0.0761071170744,-4.62954024907,-0.186510274732,-0.0916330270527,0.860448329092,0.231563981894,2.14285714286,0.764573218295,0.860448329092,2.14285714286,-0.212569368628,-0.323805218561,-775,-0.0997425997426,-0.391348576367,-0.027027027027,0.0540540540541,-0.027027027027,179,6,163,984,0.523391812865,0.993939393939,0.00606060606061,0.476608187135,0.967567567568,0.523391812865,0.679316888046,0.653479178147,0.517331206805,0.514367816092,29,186,0,0,0,0
562,WLNM_dir_neg,0.417201410568,0.351073821153,00:00:06,10,20,13,1234860748,threshold_sweep,0.4,0.777777777778,0.112903225806,0.197183098592,21,6,165,366,0.112903225806,0.983870967742,0.0161290322581,0.887096774194,0.777777777778,0.112903225806,0.197183098592,0.693548387097,0.650537634409,0.123076923077,0.212597601381,0.0967741935484,342,156,186,0,342,0,156,0,186,37,342,0.256756756757,1.72528881811,18.4864864865,15.5454545455,9.77142857143,5.36771015539,0.290358590277,0.142642642643,9.50849154237,1.02869645341,0.544491860281,8.05331334643,0.871264894205,0.461830251304,0.640599570326,0.371299902718,2,1.72528881811,0.640599570326,2,0.344071394247,0.376569037657,810,0.104247104247,0.56957682835,37,37,37,1,0,0.405405405405,0.540540540541,0.0540540540541,37,0.117117117117,2.18481481481,8.43243243243,7.09090909091,4.45714285714,5.03620525429,0.597242289772,0.326923076923,6.00062559301,1.42322530091,0.680526680527,3.83793300225,0.910278981302,0.463617463617,1.318977792,0.603702328937,4.32037037037,2.18481481481,1.318977792,4.32037037037,0,0,0,0,0.160896782956,37,37,37,1,0,0.405405405405,0.540540540541,0.0540540540541,37,183,0.137387387387,2.49536423562,9.89189189189,7.95652173913,5.08333333333,4.46457528018,0.451336845265,0.239403337764,5.96725297839,1.20649377159,0.622064687638,3.44759131654,0.697053982033,0.376606114311,1.50794010835,0.60429659399,4.14285714286,2.49536423562,1.50794010835,4.14285714286,0.120054523383,0.0465838509317,30,0.003861003861,0.176962850718,37,37,37,1,0,0.378378378378,0.594594594595,0.027027027027,-159,-0.119369369369,0.770075417503,-8.59459459459,-7.58893280632,-4.6880952381,-0.903134875209,0.160978254987,0.0967606951214,-3.54123856398,0.177797318172,0.0775728273571,-4.60572202989,-0.174210912172,-0.0852241369929,0.867340538022,0.232996691272,2.14285714286,0.770075417503,0.867340538022,2.14285714286,-0.224016870865,-0.329985186725,-780,-0.100386100386,-0.392613977632,-0.027027027027,0.0540540540541,-0.027027027027,177,6,165,984,0.517543859649,0.993939393939,0.00606060606061,0.482456140351,0.967213114754,0.517543859649,0.674285714286,0.649047543,0.511483253589,0.508620689655,27,186,0,0,0,0
563,WLNM_dir_neg,0.417201410568,0.351073821153,00:00:06,10,20,13,1234860748,threshold_sweep,0.5,0.777777777778,0.112903225806,0.197183098592,21,6,165,366,0.112903225806,0.983870967742,0.0161290322581,0.887096774194,0.777777777778,0.112903225806,0.197183098592,0.693548387097,0.650537634409,0.123076923077,0.212597601381,0.0967741935484,342,156,186,0,342,0,156,0,186,37,342,0.256756756757,1.72528881811,18.4864864865,15.5454545455,9.77142857143,5.36771015539,0.290358590277,0.142642642643,9.50849154237,1.02869645341,0.544491860281,8.05331334643,0.871264894205,0.461830251304,0.640599570326,0.371299902718,2,1.72528881811,0.640599570326,2,0.344071394247,0.376569037657,810,0.104247104247,0.56957682835,37,37,37,1,0,0.405405405405,0.540540540541,0.0540540540541,37,0.117117117117,2.18481481481,8.43243243243,7.09090909091,4.45714285714,5.03620525429,0.597242289772,0.326923076923,6.00062559301,1.42322530091,0.680526680527,3.83793300225,0.910278981302,0.463617463617,1.318977792,0.603702328937,4.32037037037,2.18481481481,1.318977792,4.32037037037,0,0,0,0,0.160896782956,37,37,37,1,0,0.405405405405,0.540540540541,0.0540540540541,37,183,0.137387387387,2.49536423562,9.89189189189,7.95652173913,5.08333333333,4.46457528018,0.451336845265,0.239403337764,5.96725297839,1.20649377159,0.622064687638,3.44759131654,0.697053982033,0.376606114311,1.50794010835,0.60429659399,4.14285714286,2.49536423562,1.50794010835,4.14285714286,0.120054523383,0.0465838509317,30,0.003861003861,0.176962850718,37,37,37,1,0,0.378378378378,0.594594594595,0.027027027027,-159,-0.119369369369,0.770075417503,-8.59459459459,-7.58893280632,-4.6880952381,-0.903134875209,0.160978254987,0.0967606951214,-3.54123856398,0.177797318172,0.0775728273571,-4.60572202989,-0.174210912172,-0.0852241369929,0.867340538022,0.232996691272,2.14285714286,0.770075417503,0.867340538022,2.14285714286,-0.224016870865,-0.329985186725,-780,-0.100386100386,-0.392613977632,-0.027027027027,0.0540540540541,-0.027027027027,177,6,165,984,0.517543859649,0.993939393939,0.00606060606061,0.482456140351,0.967213114754,0.517543859649,0.674285714286,0.649047543,0.511483253589,0.508620689655,27,186,0,0,0,0
564,WLNM_dir_neg,0.417201410568,0.351073821153,00:00:06,10,20,13,1234860748,threshold_sweep,0.6,0.739130434783,0.0913978494624,0.162679425837,17,6,169,366,0.0913978494624,0.983870967742,0.0161290322581,0.908602150538,0.739130434783,0.0913978494624,0.162679425837,0.686379928315,0.652927120669,0.0963855421687,0.178485205863,0.0752688172043,342,156,186,0,342,0,156,0,186,37,342,0.256756756757,1.72528881811,18.4864864865,15.5454545455,9.77142857143,5.36771015539,0.290358590277,0.142642642643,9.50849154237,1.02869645341,0.544491860281,8.05331334643,0.871264894205,0.461830251304,0.640599570326,0.371299902718,2,1.72528881811,0.640599570326,2,0.344071394247,0.376569037657,810,0.104247104247,0.56957682835,37,37,37,1,0,0.405405405405,0.540540540541,0.0540540540541,37,0.117117117117,2.18481481481,8.43243243243,7.09090909091,4.45714285714,5.03620525429,0.597242289772,0.326923076923,6.00062559301,1.42322530091,0.680526680527,3.83793300225,0.910278981302,0.463617463617,1.318977792,0.603702328937,4.32037037037,2.18481481481,1.318977792,4.32037037037,0,0,0,0,0.160896782956,37,37,37,1,0,0.405405405405,0.540540540541,0.0540540540541,37,179,0.134384384384,2.4705219602,9.67567567568,7.78260869565,4.97222222222,4.56468359652,0.471768975059,0.249735769289,5.9372342678,1.22724954139,0.629020081534,3.4841985649,0.720197468722,0.388343650913,1.48024980845,0.599164804965,4.14285714286,2.4705219602,1.48024980845,4.14285714286,0.102686831015,0.0400213447172,25,0.0032175032175,0.170921595156,37,37,37,1,0,0.378378378378,0.594594594595,0.027027027027,-163,-0.122372372372,0.745233142086,-8.81081081081,-7.7628458498,-4.79920634921,-0.803026558874,0.181410384782,0.107093126646,-3.57125727457,0.198553087974,0.0845282212527,-4.56911478154,-0.151067425483,-0.0734866003905,0.839650238119,0.227864902247,2.14285714286,0.745233142086,0.839650238119,2.14285714286,-0.241384563232,-0.33654769294,-785,-0.10102960103,-0.398655233194,-0.027027027027,0.0540540540541,-0.027027027027,173,6,169,984,0.505847953216,0.993939393939,0.00606060606061,0.494152046784,0.966480446927,0.505847953216,0.664107485605,0.640139665127,0.499787347156,0.497126436782,23,186,0,0,0,0
565,WLNM_dir_neg,0.417201410568,0.351073821153,00:00:06,10,20,13,1234860748,threshold_sweep,0.7,0.75,0.0806451612903,0.145631067961,15,5,171,367,0.0806451612903,0.986559139785,0.0134408602151,0.91935483871,0.75,0.0806451612903,0.145631067961,0.68458781362,0.654719235364,0.0865051903114,0.170419338484,0.0672043010753,342,156,186,0,342,0,156,0,186,37,342,0.256756756757,1.72528881811,18.4864864865,15.5454545455,9.77142857143,5.36771015539,0.290358590277,0.142642642643,9.50849154237,1.02869645341,0.544491860281,8.05331334643,0.871264894205,0.461830251304,0.640599570326,0.371299902718,2,1.72528881811,0.640599570326,2,0.344071394247,0.376569037657,810,0.104247104247,0.56957682835,37,37,37,1,0,0.405405405405,0.540540540541,0.0540540540541,37,0.117117117117,2.18481481481,8.43243243243,7.09090909091,4.45714285714,5.03620525429,0.597242289772,0.326923076923,6.00062559301,1.42322530091,0.680526680527,3.83793300225,0.910278981302,0.463617463617,1.318977792,0.603702328937,4.32037037037,2.18481481481,1.318977792,4.32037037037,0,0,0,0,0.160896782956,37,37,37,1,0,0.405405405405,0.540540540541,0.0540540540541,37,176,0.132132132132,2.46235282902,9.51351351351,7.65217391304,4.88888888889,4.67036532964,0.490919082945,0.260595823096,5.93204763882,1.2470781968,0.633906633907,3.53871763815,0.743934958019,0.399262899263,1.4697984772,0.596908152188,4.14285714286,2.46235282902,1.4697984772,4.14285714286,0.0967530777128,0.029347826087,18,0.0023166023166,0.170191082459,37,37,37,1,0,0.378378378378,0.594594594595,0.027027027027,-166,-0.124624624625,0.737064010905,-8.97297297297,-7.89328063241,-4.88253968254,-0.697344825752,0.200560492668,0.117953180453,-3.57644390356,0.218381743382,0.0894147736253,-4.51459570829,-0.127329936186,-0.062567352041,0.829198906879,0.22560824947,2.14285714286,0.737064010905,0.829198906879,2.14285714286,-0.247318316535,-0.34722121157,-792,-0.101930501931,-0.399385745891,-0.027027027027,0.0540540540541,-0.027027027027,171,5,171,985,0.5,0.994949494949,0.00505050505051,0.5,0.971590909091,0.5,0.660231660232,0.638493212427,0.494949494949,0.492795389049,20,186,0,0,0,0
566,WLNM_dir_neg,0.417201410568,0.351073821153,00:00:06,10,20,13,1234860748,threshold_sweep,0.8,0.736842105263,0.0752688172043,0.136585365854,14,5,172,367,0.0752688172043,0.986559139785,0.0134408602151,0.924731182796,0.736842105263,0.0752688172043,0.136585365854,0.682795698925,0.65531660693,0.0797227036395,0.160709538929,0.0618279569892,342,156,186,0,342,0,156,0,186,37,342,0.256756756757,1.72528881811,18.4864864865,15.5454545455,9.77142857143,5.36771015539,0.290358590277,0.142642642643,9.50849154237,1.02869645341,0.544491860281,8.05331334643,0.871264894205,0.461830251304,0.640599570326,0.371299902718,2,1.72528881811,0.640599570326,2,0.344071394247,0.376569037657,810,0.104247104247,0.56957682835,37,37,37,1,0,0.405405405405,0.540540540541,0.0540540540541,37,0.117117117117,2.18481481481,8.43243243243,7.09090909091,4.45714285714,5.03620525429,0.597242289772,0.326923076923,6.00062559301,1.42322530091,0.680526680527,3.83793300225,0.910278981302,0.463617463617,1.318977792,0.603702328937,4.32037037037,2.18481481481,1.318977792,4.32037037037,0,0,0,0,0.160896782956,37,37,37,1,0,0.405405405405,0.540540540541,0.0540540540541,37,175,0.131381381381,2.46482471987,9.45945945946,7.60869565217,4.86111111111,4.69393577215,0.496216067341,0.262393822394,5.92850294317,1.25345490798,0.635366795367,3.55628277098,0.751899785864,0.403088803089,1.47327172148,0.597718657073,4.14285714286,2.46482471987,1.47327172148,4.14285714286,0.0892320228234,0.0246170678337,15,0.0019305019305,0.169926009367,37,37,37,1,0,0.378378378378,0.594594594595,0.027027027027,-167,-0.125375375375,0.739535901756,-9.02702702703,-7.93675889328,-4.91031746032,-0.673774383247,0.205857477064,0.119751179751,-3.57998859921,0.224758454569,0.0908749350855,-4.49703057546,-0.119365108341,-0.0587414482151,0.832672151156,0.226418754355,2.14285714286,0.739535901756,0.832672151156,2.14285714286,-0.254839371424,-0.351951969823,-795,-0.102316602317,-0.399650818982,-0.027027027027,0.0540540540541,-0.027027027027,170,5,172,985,0.497076023392,0.994949494949,0.00505050505051,0.502923976608,0.971428571429,0.497076023392,0.657640232108,0.636257000931,0.492025518341,0.489913544669,19,186,0,0,0,0
567,WLNM_dir_neg,0.417201410568,0.351073821153,00:00:06,10,20,13,1234860748,threshold_sweep,0.9,0.722222222222,0.0698924731183,0.127450980392,13,5,173,367,0.0698924731183,0.986559139785,0.0134408602151,0.930107526882,0.722222222222,0.0698924731183,0.127450980392,0.681003584229,0.655913978495,0.0729166666667,0.150616019019,0.0564516129032,342,156,186,0,342,0,156,0,186,37,342,0.256756756757,1.72528881811,18.4864864865,15.5454545455,9.77142857143,5.36771015539,0.290358590277,0.142642642643,9.50849154237,1.02869645341,0.544491860281,8.05331334643,0.871264894205,0.461830251304,0.640599570326,0.371299902718,2,1.72528881811,0.640599570326,2,0.344071394247,0.376569037657,810,0.104247104247,0.56957682835,37,37,37,1,0,0.405405405405,0.540540540541,0.0540540540541,37,0.117117117117,2.18481481481,8.43243243243,7.09090909091,4.45714285714,5.03620525429,0.597242289772,0.326923076923,6.00062559301,1.42322530091,0.680526680527,3.83793300225,0.910278981302,0.463617463617,1.318977792,0.603702328937,4.32037037037,2.18481481481,1.318977792,4.32037037037,0,0,0,0,0.160896782956,37,37,37,1,0,0.405405405405,0.540540540541,0.0540540540541,37,174,0.130630630631,2.46198330266,9.40540540541,7.5652173913,4.83333333333,4.74610635422,0.504614756052,0.267474370923,5.93419874243,1.26186984753,0.637465051258,3.55797121393,0.756580085721,0.404473438956,1.46865288556,0.596532431384,4.14285714286,2.46198330266,1.46865288556,4.14285714286,0.0917924780154,0.0230896096756,14,0.0018018018018,0.168418415073,37,37,37,1,0,0.378378378378,0.594594594595,0.027027027027,-168,-0.126126126126,0.736694484541,-9.08108108108,-7.98023715415,-4.9380952381,-0.621603801178,0.214256165775,0.12483172828,-3.57429279994,0.233173394114,0.0929731909768,-4.4953421325,-0.114684808484,-0.0573568123477,0.828053315235,0.225232528666,2.14285714286,0.736694484541,0.828053315235,2.14285714286,-0.252278916232,-0.353479427981,-796,-0.102445302445,-0.401158413277,-0.027027027027,0.0540540540541,-0.027027027027,169,5,173,985,0.494152046784,0.994949494949,0.00505050505051,0.505847953216,0.971264367816,0.494152046784,0.65503875969,0.634016818156,0.489101541733,0.487031700288,18,186,0,0,0,0
568,WLNM_dir_neg,0.427296508267,0.298507854317,00:00:08,10,20,14,1234860749,threshold_sweep,0.1,0.264705882353,0.0483870967742,0.0818181818182,9,25,177,347,0.0483870967742,0.932795698925,0.0672043010753,0.951612903226,0.264705882353,0.0483870967742,0.0818181818182,0.637992831541,0.646356033453,-0.0236486486486,-0.0370832629088,-0.0188172043011,342,156,186,0,342,0,156,0,186,37,342,0.256756756757,1.72528881811,18.4864864865,15.5454545455,9.77142857143,5.36771015539,0.290358590277,0.142642642643,9.50849154237,1.02869645341,0.544491860281,8.05331334643,0.871264894205,0.461830251304,0.640599570326,0.371299902718,2,1.72528881811,0.640599570326,2,0.344071394247,0.376569037657,810,0.104247104247,0.56957682835,37,37,37,1,0,0.405405405405,0.540540540541,0.0540540540541,37,0.117117117117,2.21261261261,8.43243243243,7.09090909091,4.45714285714,5.04722443274,0.598549051319,0.327616077616,6.00525295579,1.42432281644,0.680873180873,3.83793300225,0.910278981302,0.463617463617,1.39215458577,0.629190386892,5.2,2.21261261261,1.39215458577,5.2,0,0,0,0,0.161113233172,37,37,37,1,0,0.405405405405,0.540540540541,0.0540540540541,37,190,0.142642642643,26.3062944472,10.2702702703,5.42857142857,5.13513513514,4.91397467913,0.4784659556,0.264153627312,5.57355941608,1.08537735997,0.539687055477,3.72798845195,0.725976698538,0.388051209104,6.31500702285,0.240056882034,28.888252876,26.3062944472,6.31500702285,28.888252876,0.0727054785878,0.0301962757927,20,0.002574002574,0.146940544489,37,37,37,1,0,0.0540540540541,0.945945945946,0,-152,-0.114114114114,24.5810056291,-8.21621621622,-10.1168831169,-4.63629343629,-0.453735476262,0.188107365323,0.121510984669,-3.9349321263,0.0566809065585,-0.0048048048048,-4.32532489448,-0.145288195667,-0.0737790422001,5.67440745253,-0.131243020684,26.888252876,24.5810056291,5.67440745253,26.888252876,-0.27136591566,-0.346372761864,-790,-0.101673101673,-0.422636283861,-0.351351351351,0.405405405405,-0.0540540540541,165,25,177,965,0.482456140351,0.974747474747,0.0252525252525,0.517543859649,0.868421052632,0.482456140351,0.62030075188,0.571124056475,0.457203615098,0.449591280654,34,186,0,0,0,0
569,WLNM_dir_neg,0.427296508267,0.298507854317,00:00:08,10,20,14,1234860749,threshold_sweep,0.2,0.333333333333,0.0376344086022,0.0676328502415,7,14,179,358,0.0376344086022,0.962365591398,0.0376344086022,0.962365591398,0.333333333333,0.0376344086022,0.0676328502415,0.654121863799,0.654121863799,0,0,0,342,156,186,0,342,0,156,0,186,37,342,0.256756756757,1.72528881811,18.4864864865,15.5454545455,9.77142857143,5.36771015539,0.290358590277,0.142642642643,9.50849154237,1.02869645341,0.544491860281,8.05331334643,0.871264894205,0.461830251304,0.640599570326,0.371299902718,2,1.72528881811,0.640599570326,2,0.344071394247,0.376569037657,810,0.104247104247,0.56957682835,37,37,37,1,0,0.405405405405,0.540540540541,0.0540540540541,37,0.117117117117,2.21261261261,8.43243243243,7.09090909091,4.45714285714,5.04722443274,0.598549051319,0.327616077616,6.00525295579,1.42432281644,0.680873180873,3.83793300225,0.910278981302,0.463617463617,1.39215458577,0.629190386892,5.2,2.21261261261,1.39215458577,5.2,0,0,0,0,0.161113233172,37,37,37,1,0,0.405405405405,0.540540540541,0.0540540540541,37,177,0.132882882883,4.22307644767,9.56756756757,6.10344827586,5.05714285714,4.82205892252,0.504000508851,0.274545732173,5.73553802153,1.19895427569,0.597648495954,3.58341189941,0.749074803832,0.403114979386,2.09402467142,0.495852892405,6.71128439167,4.22307644767,2.09402467142,6.71128439167,0.0701037171625,0.0188034188034,11,0.0014157014157,0.145067509763,37,37,37,1,0,0.216216216216,0.72972972973,0.0540540540541,-165,-0.123873873874,2.49778762955,-8.91891891892,-9.44200626959,-4.71428571429,-0.545651232874,0.213641918574,0.13190308953,-3.77295352085,0.170257822272,0.0531566356722,-4.46990144702,-0.122190090373,-0.0587152719178,1.4534251011,0.124552989687,4.71128439167,2.49778762955,1.4534251011,4.71128439167,-0.273967677085,-0.357765618853,-799,-0.102831402831,-0.424509318587,-0.189189189189,0.189189189189,0,163,14,179,976,0.476608187135,0.985858585859,0.0141414141414,0.523391812865,0.920903954802,0.476608187135,0.628131021195,0.595159760487,0.462466772993,0.457865168539,21,186,0,0,0,0
570,WLNM_dir_neg,0.427296508267,0.298507854317,00:00:08,10,20,14,1234860749,threshold_sweep,0.3,0.538461538462,0.0376344086022,0.070351758794,7,6,179,366,0.0376344086022,0.983870967742,0.0161290322581,0.962365591398,0.538461538462,0.0376344086022,0.070351758794,0.668458781362,0.65890083632,0.0280210157618,0.0672055379645,0.0215053763441,342,156,186,0,342,0,156,0,186,37,342,0.256756756757,1.72528881811,18.4864864865,15.5454545455,9.77142857143,5.36771015539,0.290358590277,0.142642642643,9.50849154237,1.02869645341,0.544491860281,8.05331334643,0.871264894205,0.461830251304,0.640599570326,0.371299902718,2,1.72528881811,0.640599570326,2,0.344071394247,0.376569037657,810,0.104247104247,0.56957682835,37,37,37,1,0,0.405405405405,0.540540540541,0.0540540540541,37,0.117117117117,2.21261261261,8.43243243243,7.09090909091,4.45714285714,5.04722443274,0.598549051319,0.327616077616,6.00525295579,1.42432281644,0.680873180873,3.83793300225,0.910278981302,0.463617463617,1.39215458577,0.629190386892,5.2,2.21261261261,1.39215458577,5.2,0,0,0,0,0.161113233172,37,37,37,1,0,0.405405405405,0.540540540541,0.0540540540541,37,169,0.126876876877,2.70351988544,9.13513513514,7.34782608696,4.82857142857,4.60170356234,0.503736780493,0.272189349112,5.86676392221,1.28443943859,0.637454022069,3.64036430213,0.797002835378,0.422197345274,1.76754180944,0.653792790266,5.18917688565,2.70351988544,1.76754180944,5.18917688565,0.0754447725036,0.0155440414508,9,0.0011583011583,0.165254204449,37,37,37,1,0,0.378378378378,0.567567567568,0.0540540540541,-173,-0.12987987988,0.978231067321,-9.35135135135,-8.1976284585,-4.94285714286,-0.766006593051,0.213378190216,0.12954670647,-3.64172762017,0.255742985175,0.0929621617881,-4.4129490443,-0.0742620588264,-0.0396329060297,1.12694223911,0.282492887548,3.18917688565,0.978231067321,1.12694223911,3.18917688565,-0.268626621744,-0.361024996206,-801,-0.103088803089,-0.404322623901,-0.027027027027,0.027027027027,0,163,6,179,984,0.476608187135,0.993939393939,0.00606060606061,0.523391812865,0.96449704142,0.476608187135,0.637964774951,0.617591038887,0.470547581074,0.468390804598,13,186,0,0,0,0
571,WLNM_dir_neg,0.427296508267,0.298507854317,00:00:08,10,20,14,1234860749,threshold_sweep,0.4,0.583333333333,0.0376344086022,0.0707070707071,7,5,179,367,0.0376344086022,0.986559139785,0.0134408602151,0.962365591398,0.583333333333,0.0376344086022,0.0707070707071,0.670250896057,0.659498207885,0.0315789473684,0.0786213627541,0.0241935483871,342,156,186,0,342,0,156,0,186,37,342,0.256756756757,1.72528881811,18.4864864865,15.5454545455,9.77142857143,5.36771015539,0.290358590277,0.142642642643,9.50849154237,1.02869645341,0.544491860281,8.05331334643,0.871264894205,0.461830251304,0.640599570326,0.371299902718,2,1.72528881811,0.640599570326,2,0.344071394247,0.376569037657,810,0.104247104247,0.56957682835,37,37,37,1,0,0.405405405405,0.540540540541,0.0540540540541,37,0.117117117117,2.21261261261,8.43243243243,7.09090909091,4.45714285714,5.04722443274,0.598549051319,0.327616077616,6.00525295579,1.42432281644,0.680873180873,3.83793300225,0.910278981302,0.463617463617,1.39215458577,0.629190386892,5.2,2.21261261261,1.39215458577,5.2,0,0,0,0,0.161113233172,37,37,37,1,0,0.405405405405,0.540540540541,0.0540540540541,37,168,0.126126126126,2.80278380647,9.08108108108,7.30434782609,4.8,4.62708438543,0.509530125777,0.27574002574,5.87648134797,1.29422505878,0.640604890605,3.64839838982,0.803516312043,0.424066924067,1.91441470314,0.683040446685,5.85805338573,2.80278380647,1.91441470314,5.85805338573,0.0719805940394,0.0121739130435,7,0.000900900900901,0.163758289877,37,37,37,1,0,0.378378378378,0.567567567568,0.0540540540541,-174,-0.130630630631,1.07749498836,-9.40540540541,-8.24110671937,-4.97142857143,-0.740625769961,0.2191715355,0.133097383097,-3.63201019441,0.265528605364,0.0961130303236,-4.40491495662,-0.0677485821621,-0.037763327237,1.27381513281,0.311740543967,3.85805338573,1.07749498836,1.27381513281,3.85805338573,-0.272090800208,-0.364395124613,-803,-0.103346203346,-0.405818538473,-0.027027027027,0.027027027027,0,163,5,179,985,0.476608187135,0.994949494949,0.00505050505051,0.523391812865,0.970238095238,0.476608187135,0.639215686275,0.620489366951,0.471557682084,0.469740634006,12,186,0,0,0,0
572,WLNM_dir_neg,0.427296508267,0.298507854317,00:00:08,10,20,14,1234860749,threshold_sweep,0.5,0.636363636364,0.0376344086022,0.0710659898477,7,4,179,368,0.0376344086022,0.989247311828,0.010752688172,0.962365591398,0.636363636364,0.0376344086022,0.0710659898477,0.672043010753,0.66009557945,0.0351493848858,0.0911580437008,0.0268817204301,342,156,186,0,342,0,156,0,186,37,342,0.256756756757,1.72528881811,18.4864864865,15.5454545455,9.77142857143,5.36771015539,0.290358590277,0.142642642643,9.50849154237,1.02869645341,0.544491860281,8.05331334643,0.871264894205,0.461830251304,0.640599570326,0.371299902718,2,1.72528881811,0.640599570326,2,0.344071394247,0.376569037657,810,0.104247104247,0.56957682835,37,37,37,1,0,0.405405405405,0.540540540541,0.0540540540541,37,0.117117117117,2.21261261261,8.43243243243,7.09090909091,4.45714285714,5.04722443274,0.598549051319,0.327616077616,6.00525295579,1.42432281644,0.680873180873,3.83793300225,0.910278981302,0.463617463617,1.39215458577,0.629190386892,5.2,2.21261261261,1.39215458577,5.2,0,0,0,0,0.161113233172,37,37,37,1,0,0.405405405405,0.540540540541,0.0540540540541,37,167,0.125375375375,3.42912627254,9.02702702703,7.26086956522,4.77142857143,4.60969079758,0.510654369791,0.276743809678,5.89077254706,1.305141223,0.645088201974,3.67137290111,0.813417948149,0.429195662729,2.84941914112,0.830946111241,8.55159505208,3.42912627254,2.84941914112,8.55159505208,0.0719805940394,0.0123094958968,7,0.000900900900901,0.166755654831,37,37,37,1,0,0.378378378378,0.567567567568,0.0540540540541,-175,-0.131381381381,1.70383745442,-9.45945945946,-8.28458498024,-5,-0.758019357818,0.220295779514,0.134101167035,-3.61771899531,0.276444769587,0.100596341693,-4.38194044533,-0.0578469460555,-0.0326345885753,2.2088195708,0.459646208523,6.55159505208,1.70383745442,2.2088195708,6.55159505208,-0.272090800208,-0.36425954176,-803,-0.103346203346,-0.402821173519,-0.027027027027,0.027027027027,0,163,4,179,986,0.476608187135,0.99595959596,0.0040404040404,0.523391812865,0.976047904192,0.476608187135,0.64047151277,0.623409710455,0.472567783094,0.471098265896,11,186,0,0,0,0
573,WLNM_dir_neg,0.427296508267,0.298507854317,00:00:08,10,20,14,1234860749,threshold_sweep,0.6,0.636363636364,0.0376344086022,0.0710659898477,7,4,179,368,0.0376344086022,0.989247311828,0.010752688172,0.962365591398,0.636363636364,0.0376344086022,0.0710659898477,0.672043010753,0.66009557945,0.0351493848858,0.0911580437008,0.0268817204301,342,156,186,0,342,0,156,0,186,37,342,0.256756756757,1.72528881811,18.4864864865,15.5454545455,9.77142857143,5.36771015539,0.290358590277,0.142642642643,9.50849154237,1.02869645341,0.544491860281,8.05331334643,0.871264894205,0.461830251304,0.640599570326,0.371299902718,2,1.72528881811,0.640599570326,2,0.344071394247,0.376569037657,810,0.104247104247,0.56957682835,37,37,37,1,0,0.405405405405,0.540540540541,0.0540540540541,37,0.117117117117,2.21261261261,8.43243243243,7.09090909091,4.45714285714,5.04722443274,0.598549051319,0.327616077616,6.00525295579,1.42432281644,0.680873180873,3.83793300225,0.910278981302,0.463617463617,1.39215458577,0.629190386892,5.2,2.21261261261,1.39215458577,5.2,0,0,0,0,0.161113233172,37,37,37,1,0,0.405405405405,0.540540540541,0.0540540540541,37,167,0.125375375375,3.42912627254,9.02702702703,7.26086956522,4.77142857143,4.60969079758,0.510654369791,0.276743809678,5.89077254706,1.305141223,0.645088201974,3.67137290111,0.813417948149,0.429195662729,2.84941914112,0.830946111241,8.55159505208,3.42912627254,2.84941914112,8.55159505208,0.0719805940394,0.0123094958968,7,0.000900900900901,0.166755654831,37,37,37,1,0,0.378378378378,0.567567567568,0.0540540540541,-175,-0.131381381381,1.70383745442,-9.45945945946,-8.28458498024,-5,-0.758019357818,0.220295779514,0.134101167035,-3.61771899531,0.276444769587,0.100596341693,-4.38194044533,-0.0578469460555,-0.0326345885753,2.2088195708,0.459646208523,6.55159505208,1.70383745442,2.2088195708,6.55159505208,-0.272090800208,-0.36425954176,-803,-0.103346203346,-0.402821173519,-0.027027027027,0.027027027027,0,163,4,179,986,0.476608187135,0.99595959596,0.0040404040404,0.523391812865,0.976047904192,0.476608187135,0.64047151277,0.623409710455,0.472567783094,0.471098265896,11,186,0,0,0,0
574,WLNM_dir_neg,0.427296508267,0.298507854317,00:00:08,10,20,14,1234860749,threshold_sweep,0.7,0.7,0.0376344086022,0.0714285714286,7,3,179,369,0.0376344086022,0.991935483871,0.00806451612903,0.962365591398,0.7,0.0376344086022,0.0714285714286,0.673835125448,0.660692951016,0.0387323943662,0.105072098986,0.0295698924731,342,156,186,0,342,0,156,0,186,37,342,0.256756756757,1.72528881811,18.4864864865,15.5454545455,9.77142857143,5.36771015539,0.290358590277,0.142642642643,9.50849154237,1.02869645341,0.544491860281,8.05331334643,0.871264894205,0.461830251304,0.640599570326,0.371299902718,2,1.72528881811,0.640599570326,2,0.344071394247,0.376569037657,810,0.104247104247,0.56957682835,37,37,37,1,0,0.405405405405,0.540540540541,0.0540540540541,37,0.117117117117,2.21261261261,8.43243243243,7.09090909091,4.45714285714,5.04722443274,0.598549051319,0.327616077616,6.00525295579,1.42432281644,0.680873180873,3.83793300225,0.910278981302,0.463617463617,1.39215458577,0.629190386892,5.2,2.21261261261,1.39215458577,5.2,0,0,0,0,0.161113233172,37,37,37,1,0,0.405405405405,0.540540540541,0.0540540540541,37,166,0.124624624625,2.27041390368,8.97297297297,7.54545454545,4.74285714286,4.65168121631,0.518410256034,0.281178769131,5.9096043373,1.31720096675,0.650276782807,3.67137290111,0.818318056271,0.430478671443,1.3435895543,0.591781768126,3.80790599742,2.27041390368,1.3435895543,3.80790599742,0.0719805940394,0.0123094958968,7,0.000900900900901,0.173401936532,37,37,37,1,0,0.405405405405,0.540540540541,0.0540540540541,-176,-0.132132132132,0.545125085567,-9.51351351351,-8,-5.02857142857,-0.716028939087,0.228051665757,0.138536126488,-3.59888720508,0.288504513333,0.105784922526,-4.38194044533,-0.0529468379342,-0.0313515798614,0.702989983973,0.220481865409,1.80790599742,0.545125085567,0.702989983973,1.80790599742,-0.272090800208,-0.36425954176,-803,-0.103346203346,-0.396174891818,0,0,0,163,3,179,987,0.476608187135,0.99696969697,0.0030303030303,0.523391812865,0.981927710843,0.476608187135,0.641732283465,0.626352397194,0.473577884104,0.472463768116,10,186,0,0,0,0
575,WLNM_dir_neg,0.427296508267,0.298507854317,00:00:08,10,20,14,1234860749,threshold_sweep,0.8,0.571428571429,0.0215053763441,0.0414507772021,4,3,182,369,0.0215053763441,0.991935483871,0.00806451612903,0.978494623656,0.571428571429,0.0215053763441,0.0414507772021,0.668458781362,0.662485065711,0.0176991150442,0.0569285584977,0.0134408602151,342,156,186,0,342,0,156,0,186,37,342,0.256756756757,1.72528881811,18.4864864865,15.5454545455,9.77142857143,5.36771015539,0.290358590277,0.142642642643,9.50849154237,1.02869645341,0.544491860281,8.05331334643,0.871264894205,0.461830251304,0.640599570326,0.371299902718,2,1.72528881811,0.640599570326,2,0.344071394247,0.376569037657,810,0.104247104247,0.56957682835,37,37,37,1,0,0.405405405405,0.540540540541,0.0540540540541,37,0.117117117117,2.21261261261,8.43243243243,7.09090909091,4.45714285714,5.04722443274,0.598549051319,0.327616077616,6.00525295579,1.42432281644,0.680873180873,3.83793300225,0.910278981302,0.463617463617,1.39215458577,0.629190386892,5.2,2.21261261261,1.39215458577,5.2,0,0,0,0,0.161113233172,37,37,37,1,0,0.405405405405,0.540540540541,0.0540540540541,37,163,0.122372372372,2.33218521046,8.81081081081,7.40909090909,4.65714285714,4.83527454028,0.548788828191,0.299121207097,5.94633154633,1.34978078045,0.661581827226,3.73020299909,0.846733196112,0.442712651302,1.46056435684,0.626264307951,4.73752580594,2.33218521046,1.46056435684,4.73752580594,0.051890107895,0.00710900473934,4,0.000514800514801,0.171201359332,37,37,37,1,0,0.405405405405,0.540540540541,0.0540540540541,-179,-0.134384384384,0.606896392346,-9.67567567568,-8.13636363636,-5.11428571429,-0.532435615113,0.258430237914,0.156478564454,-3.56215999605,0.32108432704,0.117089966945,-4.32311034734,-0.0245316980926,-0.0191176000023,0.819964786518,0.254964405234,2.73752580594,0.606896392346,0.819964786518,2.73752580594,-0.292181286352,-0.369460032918,-806,-0.103732303732,-0.398375469018,0,0,0,160,3,182,987,0.46783625731,0.99696969697,0.0030303030303,0.53216374269,0.981595092025,0.46783625731,0.633663366337,0.619585542597,0.46480595428,0.463768115942,7,186,0,0,0,0
576,WLNM_dir_neg,0.427296508267,0.298507854317,00:00:08,10,20,14,1234860749,threshold_sweep,0.9,0.666666666667,0.0215053763441,0.0416666666667,4,2,182,370,0.0215053763441,0.994623655914,0.00537634408602,0.978494623656,0.666666666667,0.0215053763441,0.0416666666667,0.670250896057,0.663082437276,0.0212765957447,0.0737209780774,0.0161290322581,342,156,186,0,342,0,156,0,186,37,342,0.256756756757,1.72528881811,18.4864864865,15.5454545455,9.77142857143,5.36771015539,0.290358590277,0.142642642643,9.50849154237,1.02869645341,0.544491860281,8.05331334643,0.871264894205,0.461830251304,0.640599570326,0.371299902718,2,1.72528881811,0.640599570326,2,0.344071394247,0.376569037657,810,0.104247104247,0.56957682835,37,37,37,1,0,0.405405405405,0.540540540541,0.0540540540541,37,0.117117117117,2.21261261261,8.43243243243,7.09090909091,4.45714285714,5.04722443274,0.598549051319,0.327616077616,6.00525295579,1.42432281644,0.680873180873,3.83793300225,0.910278981302,0.463617463617,1.39215458577,0.629190386892,5.2,2.21261261261,1.39215458577,5.2,0,0,0,0,0.161113233172,37,37,37,1,0,0.405405405405,0.540540540541,0.0540540540541,37,162,0.121621621622,2.3395779517,8.75675675676,7.36363636364,4.62857142857,4.81551546454,0.549919975888,0.2999666333,5.95516279912,1.36012977511,0.664330997664,3.74426488373,0.855171609247,0.445111778445,1.46915500735,0.627957280192,4.74008559201,2.3395779517,1.46915500735,4.74008559201,0.048953470277,0.00539568345324,3,0.0003861003861,0.169253307384,37,37,37,1,0,0.405405405405,0.540540540541,0.0540540540541,-180,-0.135135135135,0.614289133589,-9.72972972973,-8.18181818182,-5.14285714286,-0.552194690857,0.259561385611,0.157323990657,-3.55332874326,0.331433321692,0.119839137383,-4.30904846271,-0.0160932849583,-0.0167184728588,0.828555437023,0.256657377474,2.74008559201,0.614289133589,0.828555437023,2.74008559201,-0.29511792397,-0.371173354204,-807,-0.103861003861,-0.400323520966,0,0,0,160,2,182,988,0.46783625731,0.99797979798,0.0020202020202,0.53216374269,0.987654320988,0.46783625731,0.634920634921,0.622579283726,0.46581605529,0.46511627907,6,186,0,0,0,0
577,WLNM_dir_neg,0.623540293676,0.50018449312,00:00:07,10,20,15,1234860750,threshold_sweep,0.1,0.72131147541,0.236559139785,0.356275303644,44,17,142,355,0.236559139785,0.954301075269,0.0456989247312,0.763440860215,0.72131147541,0.236559139785,0.356275303644,0.715053763441,0.630227001195,0.229402261712,0.288336909365,0.190860215054,342,156,186,0,342,0,156,0,186,37,342,0.256756756757,1.72528881811,18.4864864865,15.5454545455,9.77142857143,5.36771015539,0.290358590277,0.142642642643,9.50849154237,1.02869645341,0.544491860281,8.05331334643,0.871264894205,0.461830251304,0.640599570326,0.371299902718,2,1.72528881811,0.640599570326,2,0.344071394247,0.376569037657,810,0.104247104247,0.56957682835,37,37,37,1,0,0.405405405405,0.540540540541,0.0540540540541,37,0.117117117117,2.22747747748,8.43243243243,7.09090909091,4.45714285714,5.03620525429,0.597242289772,0.326923076923,6.00525295579,1.42432281644,0.680873180873,3.83793300225,0.910278981302,0.463617463617,1.42084529335,0.637871901162,5.2,2.22747747748,1.42084529335,5.2,0,0,0,0,0.160752482811,37,37,37,1,0,0.405405405405,0.540540540541,0.0540540540541,37,217,0.162912912913,4.49304156169,11.7297297297,8.03703703704,5.86486486486,5.07525942768,0.432683407429,0.236766720638,6.58770809143,1.12324976674,0.587868974966,3.8669695439,0.659345037439,0.358699713538,2.49287247391,0.554829604776,6.81200199417,4.49304156169,2.49287247391,6.81200199417,0.220919593752,0.116883116883,102,0.0131274131274,0.186025907647,37,37,37,1,0,0.27027027027,0.72972972973,0,-125,-0.0938438438438,2.76775274357,-6.75675675676,-7.50841750842,-3.90656370656,-0.292450727713,0.142324817152,0.094124077995,-2.92078345094,0.0945533133268,0.0433771146844,-4.18634380253,-0.211919856766,-0.103130537766,1.85227290359,0.183529702058,4.81200199417,2.76775274357,1.85227290359,4.81200199417,-0.123151800495,-0.259685920774,-708,-0.0911196911197,-0.383550920703,-0.135135135135,0.189189189189,-0.0540540540541,200,17,142,973,0.584795321637,0.982828282828,0.0171717171717,0.415204678363,0.921658986175,0.584795321637,0.715563506261,0.671465644441,0.567623604466,0.557103064067,61,186,0,0,0,0
578,WLNM_dir_neg,0.623540293676,0.50018449312,00:00:07,10,20,15,1234860750,threshold_sweep,0.2,0.619047619048,0.139784946237,0.228070175439,26,16,160,356,0.139784946237,0.956989247312,0.0430107526882,0.860215053763,0.619047619048,0.139784946237,0.228070175439,0.68458781362,0.641577060932,0.12,0.172917125311,0.0967741935484,342,156,186,0,342,0,156,0,186,37,342,0.256756756757,1.72528881811,18.4864864865,15.5454545455,9.77142857143,5.36771015539,0.290358590277,0.142642642643,9.50849154237,1.02869645341,0.544491860281,8.05331334643,0.871264894205,0.461830251304,0.640599570326,0.371299902718,2,1.72528881811,0.640599570326,2,0.344071394247,0.376569037657,810,0.104247104247,0.56957682835,37,37,37,1,0,0.405405405405,0.540540540541,0.0540540540541,37,0.117117117117,2.22747747748,8.43243243243,7.09090909091,4.45714285714,5.03620525429,0.597242289772,0.326923076923,6.00525295579,1.42432281644,0.680873180873,3.83793300225,0.910278981302,0.463617463617,1.42084529335,0.637871901162,5.2,2.22747747748,1.42084529335,5.2,0,0,0,0,0.160752482811,37,37,37,1,0,0.405405405405,0.540540540541,0.0540540540541,37,198,0.148648648649,4.8639434131,10.7027027027,7.33333333333,5.35135135135,4.56353216553,0.426390631628,0.231640731641,5.9824568356,1.11793385312,0.583947583948,3.50567964734,0.655101752281,0.356811356811,2.78111928974,0.571782821784,7.3109218302,4.8639434131,2.78111928974,7.3109218302,0.186648697485,0.0772058823529,56,0.00720720720721,0.169915659389,37,37,37,1,0,0.27027027027,0.72972972973,0,-144,-0.108108108108,3.13865459499,-7.78378378378,-8.21212121212,-4.42007722008,-0.804177989863,0.136032041351,0.0889980889981,-3.52603470678,0.0892373997019,0.0394557236663,-4.54763369909,-0.216163141924,-0.105018894493,2.14051971942,0.200482919066,5.3109218302,3.13865459499,2.14051971942,5.3109218302,-0.157422696763,-0.299363155304,-754,-0.0970398970399,-0.399661168961,-0.135135135135,0.189189189189,-0.0540540540541,182,16,160,974,0.53216374269,0.983838383838,0.0161616161616,0.46783625731,0.919191919192,0.53216374269,0.674074074074,0.633640633283,0.516002126528,0.508379888268,42,186,0,0,0,0
579,WLNM_dir_neg,0.623540293676,0.50018449312,00:00:07,10,20,15,1234860750,threshold_sweep,0.3,0.586206896552,0.0913978494624,0.158139534884,17,12,169,360,0.0913978494624,0.967741935484,0.0322580645161,0.908602150538,0.586206896552,0.0913978494624,0.158139534884,0.675627240143,0.649342891278,0.0749574105622,0.125597457518,0.0591397849462,342,156,186,0,342,0,156,0,186,37,342,0.256756756757,1.72528881811,18.4864864865,15.5454545455,9.77142857143,5.36771015539,0.290358590277,0.142642642643,9.50849154237,1.02869645341,0.544491860281,8.05331334643,0.871264894205,0.461830251304,0.640599570326,0.371299902718,2,1.72528881811,0.640599570326,2,0.344071394247,0.376569037657,810,0.104247104247,0.56957682835,37,37,37,1,0,0.405405405405,0.540540540541,0.0540540540541,37,0.117117117117,2.22747747748,8.43243243243,7.09090909091,4.45714285714,5.03620525429,0.597242289772,0.326923076923,6.00525295579,1.42432281644,0.680873180873,3.83793300225,0.910278981302,0.463617463617,1.42084529335,0.637871901162,5.2,2.22747747748,1.42084529335,5.2,0,0,0,0,0.160752482811,37,37,37,1,0,0.405405405405,0.540540540541,0.0540540540541,37,185,0.138888888889,2.87794637373,10,8.04347826087,5,4.45346307196,0.445346307196,0.240467494522,5.95352369983,1.19070473997,0.616216216216,3.6209268304,0.72418536608,0.388020452885,2.0190788579,0.701569312177,5.56749504166,2.87794637373,2.0190788579,5.56749504166,0.16362325093,0.0489795918367,32,0.0041184041184,0.190614130615,37,37,37,1,0,0.378378378378,0.621621621622,0,-157,-0.117867867868,1.15265755561,-8.48648648649,-7.50197628458,-4.77142857143,-0.914247083431,0.154987716919,0.0978248518789,-3.55496784254,0.162008286551,0.0717243559349,-4.43238651603,-0.147079528125,-0.0738097984186,1.37847928757,0.330269409459,3.56749504166,1.15265755561,1.37847928757,3.56749504166,-0.180448143318,-0.32758944582,-778,-0.100128700129,-0.378962697735,-0.027027027027,0.0810810810811,-0.0540540540541,173,12,169,978,0.505847953216,0.987878787879,0.0121212121212,0.494152046784,0.935135135135,0.505847953216,0.656546489564,0.623662637699,0.493726741095,0.488700564972,29,186,0,0,0,0
580,WLNM_dir_neg,0.623540293676,0.50018449312,00:00:07,10,20,15,1234860750,threshold_sweep,0.4,0.68,0.0913978494624,0.161137440758,17,8,169,364,0.0913978494624,0.978494623656,0.0215053763441,0.908602150538,0.68,0.0913978494624,0.161137440758,0.682795698925,0.651732377539,0.0891938250429,0.159266611876,0.0698924731183,342,156,186,0,342,0,156,0,186,37,342,0.256756756757,1.72528881811,18.4864864865,15.5454545455,9.77142857143,5.36771015539,0.290358590277,0.142642642643,9.50849154237,1.02869645341,0.544491860281,8.05331334643,0.871264894205,0.461830251304,0.640599570326,0.371299902718,2,1.72528881811,0.640599570326,2,0.344071394247,0.376569037657,810,0.104247104247,0.56957682835,37,37,37,1,0,0.405405405405,0.540540540541,0.0540540540541,37,0.117117117117,2.22747747748,8.43243243243,7.09090909091,4.45714285714,5.03620525429,0.597242289772,0.326923076923,6.00525295579,1.42432281644,0.680873180873,3.83793300225,0.910278981302,0.463617463617,1.42084529335,0.637871901162,5.2,2.22747747748,1.42084529335,5.2,0,0,0,0,0.160752482811,37,37,37,1,0,0.405405405405,0.540540540541,0.0540540540541,37,181,0.135885885886,2.83393783629,9.78378378378,7.86956521739,5.02777777778,4.54077290983,0.464112148242,0.2508585934,5.94784640663,1.21585810522,0.624458712857,3.68769563537,0.753838334301,0.402269672988,1.96518576774,0.693447027162,5.47974253222,2.83393783629,1.96518576774,5.47974253222,0.169900204575,0.0437727983325,28,0.0036036036036,0.189030388851,37,37,37,1,0,0.378378378378,0.594594594595,0.027027027027,-161,-0.120870870871,1.10864901817,-8.7027027027,-7.67588932806,-4.74365079365,-0.826937245566,0.173753557965,0.108215950757,-3.56064513574,0.187161651808,0.0799668525752,-4.36561771107,-0.117426559903,-0.059560578316,1.32458619741,0.322147124444,3.47974253222,1.10864901817,1.32458619741,3.47974253222,-0.174171189672,-0.332796239324,-782,-0.100643500644,-0.380546439499,-0.027027027027,0.0540540540541,-0.027027027027,173,8,169,982,0.505847953216,0.991919191919,0.00808080808081,0.494152046784,0.955801104972,0.505847953216,0.661567877629,0.634570573378,0.497767145136,0.494285714286,25,186,0,0,0,0
581,WLNM_dir_neg,0.623540293676,0.50018449312,00:00:07,10,20,15,1234860750,threshold_sweep,0.5,0.764705882353,0.0698924731183,0.128078817734,13,4,173,368,0.0698924731183,0.989247311828,0.010752688172,0.930107526882,0.764705882353,0.0698924731183,0.128078817734,0.682795698925,0.65651135006,0.0765217391304,0.162212601634,0.0591397849462,342,156,186,0,342,0,156,0,186,37,342,0.256756756757,1.72528881811,18.4864864865,15.5454545455,9.77142857143,5.36771015539,0.290358590277,0.142642642643,9.50849154237,1.02869645341,0.544491860281,8.05331334643,0.871264894205,0.461830251304,0.640599570326,0.371299902718,2,1.72528881811,0.640599570326,2,0.344071394247,0.376569037657,810,0.104247104247,0.56957682835,37,37,37,1,0,0.405405405405,0.540540540541,0.0540540540541,37,0.117117117117,2.22747747748,8.43243243243,7.09090909091,4.45714285714,5.03620525429,0.597242289772,0.326923076923,6.00525295579,1.42432281644,0.680873180873,3.83793300225,0.910278981302,0.463617463617,1.42084529335,0.637871901162,5.2,2.22747747748,1.42084529335,5.2,0,0,0,0,0.160752482811,37,37,37,1,0,0.405405405405,0.540540540541,0.0540540540541,37,173,0.12987987988,2.61538971098,9.35135135135,7.52173913043,4.80555555556,4.57175031043,0.48888659389,0.264646149039,5.94443742808,1.27135366959,0.6417747227,3.80097980098,0.812926315816,0.422433994688,1.67054034744,0.638734770741,5.0869783811,2.61538971098,1.67054034744,5.0869783811,0.1036762125,0.023166023166,14,0.0018018018018,0.183711112273,37,37,37,1,0,0.378378378378,0.594594594595,0.027027027027,-169,-0.126876876877,0.890100892863,-9.13513513514,-8.02371541502,-4.96587301587,-0.795959844965,0.198528003613,0.122003506397,-3.5640541143,0.242657216174,0.0972828624182,-4.25233354546,-0.0583385783886,-0.0393962566156,1.02994077711,0.267434868023,3.0869783811,0.890100892863,1.02994077711,3.0869783811,-0.240395181748,-0.353403014491,-796,-0.102445302445,-0.385865716077,-0.027027027027,0.0540540540541,-0.027027027027,169,4,173,986,0.494152046784,0.99595959596,0.0040404040404,0.505847953216,0.976878612717,0.494152046784,0.656310679612,0.636884823672,0.490111642743,0.488439306358,17,186,0,0,0,0
582,WLNM_dir_neg,0.623540293676,0.50018449312,00:00:07,10,20,15,1234860750,threshold_sweep,0.6,0.75,0.0645161290323,0.118811881188,12,4,174,368,0.0645161290323,0.989247311828,0.010752688172,0.935483870968,0.75,0.0645161290323,0.118811881188,0.681003584229,0.657108721625,0.0696864111498,0.151864184808,0.0537634408602,342,156,186,0,342,0,156,0,186,37,342,0.256756756757,1.72528881811,18.4864864865,15.5454545455,9.77142857143,5.36771015539,0.290358590277,0.142642642643,9.50849154237,1.02869645341,0.544491860281,8.05331334643,0.871264894205,0.461830251304,0.640599570326,0.371299902718,2,1.72528881811,0.640599570326,2,0.344071394247,0.376569037657,810,0.104247104247,0.56957682835,37,37,37,1,0,0.405405405405,0.540540540541,0.0540540540541,37,0.117117117117,2.22747747748,8.43243243243,7.09090909091,4.45714285714,5.03620525429,0.597242289772,0.326923076923,6.00525295579,1.42432281644,0.680873180873,3.83793300225,0.910278981302,0.463617463617,1.42084529335,0.637871901162,5.2,2.22747747748,1.42084529335,5.2,0,0,0,0,0.160752482811,37,37,37,1,0,0.405405405405,0.540540540541,0.0540540540541,37,172,0.129129129129,2.6176995177,9.2972972973,7.47826086957,4.77777777778,4.57568977717,0.492152679522,0.266027655563,5.94519514779,1.27890825854,0.643306096794,3.75807439031,0.808422979311,0.419233186675,1.67441093153,0.639649784173,5.1164983165,2.6176995177,1.67441093153,5.1164983165,0.0989729798553,0.0200333889816,12,0.0015444015444,0.178570791114,37,37,37,1,0,0.378378378378,0.594594594595,0.027027027027,-170,-0.127627627628,0.892410699585,-9.18918918919,-8.06719367589,-4.99365079365,-0.792020378219,0.201794089245,0.12338501292,-3.56329639458,0.250211805122,0.0988142365131,-4.29523895612,-0.0628419148935,-0.0425970646289,1.0338113612,0.268349881455,3.1164983165,0.892410699585,1.0338113612,3.1164983165,-0.245098414392,-0.356535648675,-798,-0.102702702703,-0.391006037235,-0.027027027027,0.0540540540541,-0.027027027027,168,4,174,986,0.491228070175,0.99595959596,0.0040404040404,0.508771929825,0.976744186047,0.491228070175,0.653696498054,0.634649171189,0.487187666135,0.485549132948,16,186,0,0,0,0
583,WLNM_dir_neg,0.623540293676,0.50018449312,00:00:07,10,20,15,1234860750,threshold_sweep,0.7,0.714285714286,0.0537634408602,0.1,10,4,176,368,0.0537634408602,0.989247311828,0.010752688172,0.94623655914,0.714285714286,0.0537634408602,0.1,0.677419354839,0.658303464755,0.0559440559441,0.12964074471,0.0430107526882,342,156,186,0,342,0,156,0,186,37,342,0.256756756757,1.72528881811,18.4864864865,15.5454545455,9.77142857143,5.36771015539,0.290358590277,0.142642642643,9.50849154237,1.02869645341,0.544491860281,8.05331334643,0.871264894205,0.461830251304,0.640599570326,0.371299902718,2,1.72528881811,0.640599570326,2,0.344071394247,0.376569037657,810,0.104247104247,0.56957682835,37,37,37,1,0,0.405405405405,0.540540540541,0.0540540540541,37,0.117117117117,2.22747747748,8.43243243243,7.09090909091,4.45714285714,5.03620525429,0.597242289772,0.326923076923,6.00525295579,1.42432281644,0.680873180873,3.83793300225,0.910278981302,0.463617463617,1.42084529335,0.637871901162,5.2,2.22747747748,1.42084529335,5.2,0,0,0,0,0.160752482811,37,37,37,1,0,0.405405405405,0.540540540541,0.0540540540541,37,170,0.127627627628,2.66257748574,9.18918918919,7.39130434783,4.72222222222,4.56945071971,0.497263754792,0.268362480127,5.9556670466,1.29623341602,0.647376788553,3.74506682524,0.815102779611,0.420985691574,1.77260588001,0.665748091652,5.86707441386,2.66257748574,1.77260588001,5.86707441386,0.0867918338507,0.0136208853575,8,0.0010296010296,0.17310763328,37,37,37,1,0,0.378378378378,0.594594594595,0.027027027027,-172,-0.129129129129,0.937288667628,-9.2972972973,-8.15415019763,-5.04920634921,-0.798259435681,0.206905164515,0.125719837485,-3.55282449577,0.26753696261,0.102884928272,-4.30824652119,-0.0561621145935,-0.04084455973,1.13200630968,0.294448188934,3.86707441386,0.937288667628,1.13200630968,3.86707441386,-0.257279560397,-0.362948152299,-802,-0.103217503218,-0.39646919507,-0.027027027027,0.0540540540541,-0.027027027027,166,4,176,986,0.485380116959,0.99595959596,0.0040404040404,0.514619883041,0.976470588235,0.485380116959,0.6484375,0.630165786252,0.481339712919,0.479768786127,14,186,0,0,0,0
584,WLNM_dir_neg,0.623540293676,0.50018449312,00:00:07,10,20,15,1234860750,threshold_sweep,0.8,0.692307692308,0.0483870967742,0.0904522613065,9,4,177,368,0.0483870967742,0.989247311828,0.010752688172,0.951612903226,0.692307692308,0.0483870967742,0.0904522613065,0.675627240143,0.65890083632,0.0490367775832,0.117609691438,0.0376344086022,342,156,186,0,342,0,156,0,186,37,342,0.256756756757,1.72528881811,18.4864864865,15.5454545455,9.77142857143,5.36771015539,0.290358590277,0.142642642643,9.50849154237,1.02869645341,0.544491860281,8.05331334643,0.871264894205,0.461830251304,0.640599570326,0.371299902718,2,1.72528881811,0.640599570326,2,0.344071394247,0.376569037657,810,0.104247104247,0.56957682835,37,37,37,1,0,0.405405405405,0.540540540541,0.0540540540541,37,0.117117117117,2.22747747748,8.43243243243,7.09090909091,4.45714285714,5.03620525429,0.597242289772,0.326923076923,6.00525295579,1.42432281644,0.680873180873,3.83793300225,0.910278981302,0.463617463617,1.42084529335,0.637871901162,5.2,2.22747747748,1.42084529335,5.2,0,0,0,0,0.160752482811,37,37,37,1,0,0.405405405405,0.540540540541,0.0540540540541,37,169,0.126876876877,2.67816761716,9.13513513514,7.34782608696,4.69444444444,4.60773602013,0.504397138299,0.271229809691,5.97002019604,1.30704584174,0.650887573964,3.7158858712,0.8135371434,0.422197345274,1.79920540294,0.671804629184,5.86707441386,2.67816761716,1.79920540294,5.86707441386,0.0666073636662,0.0102798400914,6,0.000772200772201,0.165949091339,37,37,37,1,0,0.378378378378,0.594594594595,0.027027027027,-173,-0.12987987988,0.952878799044,-9.35135135135,-8.1976284585,-5.07698412698,-0.75997413526,0.214038548021,0.128587167049,-3.53847134633,0.278349388322,0.106395713683,-4.33742747523,-0.0577277508053,-0.0396329060297,1.15860583261,0.300504726467,3.86707441386,0.952878799044,1.15860583261,3.86707441386,-0.277464030581,-0.366289197566,-804,-0.103474903475,-0.403627737011,-0.027027027027,0.0540540540541,-0.027027027027,165,4,177,986,0.482456140351,0.99595959596,0.0040404040404,0.517543859649,0.976331360947,0.482456140351,0.645792563601,0.627917948135,0.47841573631,0.476878612717,13,186,0,0,0,0
585,WLNM_dir_neg,0.623540293676,0.50018449312,00:00:07,10,20,15,1234860750,threshold_sweep,0.9,0.9,0.0483870967742,0.0918367346939,9,1,177,371,0.0483870967742,0.997311827957,0.00268817204301,0.951612903226,0.9,0.0483870967742,0.0918367346939,0.681003584229,0.660692951016,0.0598591549296,0.162384152979,0.0456989247312,342,156,186,0,342,0,156,0,186,37,342,0.256756756757,1.72528881811,18.4864864865,15.5454545455,9.77142857143,5.36771015539,0.290358590277,0.142642642643,9.50849154237,1.02869645341,0.544491860281,8.05331334643,0.871264894205,0.461830251304,0.640599570326,0.371299902718,2,1.72528881811,0.640599570326,2,0.344071394247,0.376569037657,810,0.104247104247,0.56957682835,37,37,37,1,0,0.405405405405,0.540540540541,0.0540540540541,37,0.117117117117,2.22747747748,8.43243243243,7.09090909091,4.45714285714,5.03620525429,0.597242289772,0.326923076923,6.00525295579,1.42432281644,0.680873180873,3.83793300225,0.910278981302,0.463617463617,1.42084529335,0.637871901162,5.2,2.22747747748,1.42084529335,5.2,0,0,0,0,0.160752482811,37,37,37,1,0,0.405405405405,0.540540540541,0.0540540540541,37,166,0.124624624625,2.16687044187,8.97297297297,7.54545454545,4.61111111111,4.68737362192,0.52238802413,0.282155649626,6.00750281649,1.33902171211,0.661022468251,3.78316168202,0.84323483274,0.435688700749,1.33851108835,0.617716252199,5.2,2.16687044187,1.33851108835,5.2,0.0888724859313,0.0105017502917,6,0.000772200772201,0.178021263602,37,37,37,1,0,0.405405405405,0.567567567568,0.027027027027,-176,-0.132132132132,0.441581623756,-9.51351351351,-8,-5.16031746032,-0.680336533473,0.232029433853,0.139513006983,-3.50098872589,0.310325258694,0.11653060797,-4.27015166441,-0.0280300614652,-0.026141550555,0.697911518028,0.246416349482,3.2,0.441581623756,0.697911518028,3.2,-0.255198908316,-0.366067287365,-804,-0.103474903475,-0.391555564748,0,0.027027027027,-0.027027027027,165,1,177,989,0.482456140351,0.99898989899,0.0010101010101,0.517543859649,0.993975903614,0.482456140351,0.649606299213,0.636758790861,0.481446039341,0.481049562682,10,186,0,0,0,0
586,WLNM_dir_neg,0.431234824835,0.360001492222,00:00:05,10,20,16,1234860751,threshold_sweep,0.1,0.529411764706,0.145161290323,0.227848101266,27,24,159,348,0.145161290323,0.935483870968,0.0645161290323,0.854838709677,0.529411764706,0.145161290323,0.227848101266,0.672043010753,0.636200716846,0.0985221674877,0.131921988571,0.0806451612903,342,156,186,0,342,0,156,0,186,37,342,0.256756756757,1.72528881811,18.4864864865,15.5454545455,9.77142857143,5.36771015539,0.290358590277,0.142642642643,9.50849154237,1.02869645341,0.544491860281,8.05331334643,0.871264894205,0.461830251304,0.640599570326,0.371299902718,2,1.72528881811,0.640599570326,2,0.344071394247,0.376569037657,810,0.104247104247,0.56957682835,37,37,37,1,0,0.405405405405,0.540540540541,0.0540540540541,37,0.117117117117,2.18481481481,8.43243243243,7.09090909091,4.45714285714,5.03620525429,0.597242289772,0.326923076923,6.00062559301,1.42322530091,0.680526680527,3.83793300225,0.910278981302,0.463617463617,1.318977792,0.603702328937,4.32037037037,2.18481481481,1.318977792,4.32037037037,0,0,0,0,0.160896782956,37,37,37,1,0,0.405405405405,0.540540540541,0.0540540540541,37,207,0.155405405405,12.1264323526,11.1891891892,6.46875,5.59459459459,4.81800925832,0.430595030333,0.231884057971,5.97894202579,1.06869978239,0.556991774383,3.51551686937,0.628377411434,0.341297819559,4.71065647215,0.388461860438,14.7385307586,12.1264323526,4.71065647215,14.7385307586,0.150750783955,0.0847743568115,67,0.00862290862291,0.181733142886,37,37,37,1,0,0.135135135135,0.864864864865,0,-135,-0.101351351351,10.4011435344,-7.2972972973,-9.07670454545,-4.17683397683,-0.549700897078,0.140236440055,0.0892414153284,-3.52954951659,0.0400033289726,0.0124999141017,-4.53779647706,-0.242887482771,-0.120532431745,4.07005690182,0.0171619577202,12.7385307586,10.4011435344,4.07005690182,12.7385307586,-0.193320610292,-0.291794680845,-743,-0.0956241956242,-0.387843685463,-0.27027027027,0.324324324324,-0.0540540540541,183,24,159,966,0.535087719298,0.975757575758,0.0242424242424,0.464912280702,0.884057971014,0.535087719298,0.666666666667,0.615968657223,0.510845295056,0.5,51,186,0,0,0,0
587,WLNM_dir_neg,0.431234824835,0.360001492222,00:00:05,10,20,16,1234860751,threshold_sweep,0.2,0.541666666667,0.139784946237,0.222222222222,26,22,160,350,0.139784946237,0.940860215054,0.0591397849462,0.860215053763,0.541666666667,0.139784946237,0.222222222222,0.673835125448,0.637992831541,0.0990099009901,0.135581536137,0.0806451612903,342,156,186,0,342,0,156,0,186,37,342,0.256756756757,1.72528881811,18.4864864865,15.5454545455,9.77142857143,5.36771015539,0.290358590277,0.142642642643,9.50849154237,1.02869645341,0.544491860281,8.05331334643,0.871264894205,0.461830251304,0.640599570326,0.371299902718,2,1.72528881811,0.640599570326,2,0.344071394247,0.376569037657,810,0.104247104247,0.56957682835,37,37,37,1,0,0.405405405405,0.540540540541,0.0540540540541,37,0.117117117117,2.18481481481,8.43243243243,7.09090909091,4.45714285714,5.03620525429,0.597242289772,0.326923076923,6.00062559301,1.42322530091,0.680526680527,3.83793300225,0.910278981302,0.463617463617,1.318977792,0.603702328937,4.32037037037,2.18481481481,1.318977792,4.32037037037,0,0,0,0,0.160896782956,37,37,37,1,0,0.405405405405,0.540540540541,0.0540540540541,37,204,0.153153153153,12.007408011,11.027027027,6.375,5.51351351351,4.7579552476,0.431481235689,0.234234234234,5.87660910173,1.06585557237,0.553789083201,3.49302178653,0.633538265205,0.344197138315,4.6584753408,0.387966773222,14.5783604247,12.007408011,4.6584753408,14.5783604247,0.142707955634,0.0811855670103,63,0.00810810810811,0.178627202138,37,37,37,1,0,0.135135135135,0.864864864865,0,-138,-0.103603603604,10.2821191929,-7.45945945946,-9.17045454545,-4.25791505792,-0.609754907796,0.141122645412,0.0915915915916,-3.63188244064,0.0371591189578,0.00929722291951,-4.5602915599,-0.237726629,-0.117633112989,4.01787577047,0.0166668705039,12.5783604247,10.2821191929,4.01787577047,12.5783604247,-0.201363438614,-0.295383470647,-747,-0.096138996139,-0.390949626212,-0.27027027027,0.324324324324,-0.0540540540541,182,22,160,968,0.53216374269,0.977777777778,0.0222222222222,0.46783625731,0.892156862745,0.53216374269,0.666666666667,0.618559371864,0.509941520468,0.5,48,186,0,0,0,0
588,WLNM_dir_neg,0.431234824835,0.360001492222,00:00:05,10,20,16,1234860751,threshold_sweep,0.3,0.676470588235,0.123655913978,0.209090909091,23,11,163,361,0.123655913978,0.970430107527,0.0295698924731,0.876344086022,0.676470588235,0.123655913978,0.209090909091,0.688172043011,0.646356033453,0.118243243243,0.185416314544,0.0940860215054,342,156,186,0,342,0,156,0,186,37,342,0.256756756757,1.72528881811,18.4864864865,15.5454545455,9.77142857143,5.36771015539,0.290358590277,0.142642642643,9.50849154237,1.02869645341,0.544491860281,8.05331334643,0.871264894205,0.461830251304,0.640599570326,0.371299902718,2,1.72528881811,0.640599570326,2,0.344071394247,0.376569037657,810,0.104247104247,0.56957682835,37,37,37,1,0,0.405405405405,0.540540540541,0.0540540540541,37,0.117117117117,2.18481481481,8.43243243243,7.09090909091,4.45714285714,5.03620525429,0.597242289772,0.326923076923,6.00062559301,1.42322530091,0.680526680527,3.83793300225,0.910278981302,0.463617463617,1.318977792,0.603702328937,4.32037037037,2.18481481481,1.318977792,4.32037037037,0,0,0,0,0.160896782956,37,37,37,1,0,0.405405405405,0.540540540541,0.0540540540541,37,190,0.142642642643,2.61394184946,10.2702702703,8.26086956522,5.13513513514,4.59255828396,0.447170148702,0.240682788051,6.11083810474,1.19000531513,0.613086770982,3.34300398978,0.651006040115,0.353911806543,1.6239282171,0.621256443571,4.13953488372,2.61394184946,1.6239282171,4.13953488372,0.137812668927,0.0631424375918,43,0.00553410553411,0.181911550293,37,37,37,1,0,0.378378378378,0.621621621622,0,-152,-0.114114114114,0.888653031346,-8.21621621622,-7.28458498024,-4.63629343629,-0.775151871431,0.156811558424,0.0980401454086,-3.39765343763,0.161308861719,0.0685949107002,-4.71030935666,-0.22025885409,-0.107918444761,0.983328646771,0.249956540853,2.13953488372,0.888653031346,0.983328646771,2.13953488372,-0.20625872532,-0.313426600065,-767,-0.098712998713,-0.387665278057,-0.027027027027,0.0810810810811,-0.0540540540541,179,11,163,979,0.523391812865,0.988888888889,0.0111111111111,0.476608187135,0.942105263158,0.523391812865,0.672932330827,0.639924582348,0.512280701754,0.507082152975,34,186,0,0,0,0
589,WLNM_dir_neg,0.431234824835,0.360001492222,00:00:05,10,20,16,1234860751,threshold_sweep,0.4,0.645161290323,0.10752688172,0.184331797235,20,11,166,361,0.10752688172,0.970430107527,0.0295698924731,0.89247311828,0.645161290323,0.10752688172,0.184331797235,0.682795698925,0.648148148148,0.0984719864177,0.160434160295,0.0779569892473,342,156,186,0,342,0,156,0,186,37,342,0.256756756757,1.72528881811,18.4864864865,15.5454545455,9.77142857143,5.36771015539,0.290358590277,0.142642642643,9.50849154237,1.02869645341,0.544491860281,8.05331334643,0.871264894205,0.461830251304,0.640599570326,0.371299902718,2,1.72528881811,0.640599570326,2,0.344071394247,0.376569037657,810,0.104247104247,0.56957682835,37,37,37,1,0,0.405405405405,0.540540540541,0.0540540540541,37,0.117117117117,2.18481481481,8.43243243243,7.09090909091,4.45714285714,5.03620525429,0.597242289772,0.326923076923,6.00062559301,1.42322530091,0.680526680527,3.83793300225,0.910278981302,0.463617463617,1.318977792,0.603702328937,4.32037037037,2.18481481481,1.318977792,4.32037037037,0,0,0,0,0.160896782956,37,37,37,1,0,0.405405405405,0.540540540541,0.0540540540541,37,187,0.14039039039,2.61611779673,10.1081081081,8.13043478261,5.05405405405,4.56303860616,0.451423605422,0.242376065905,6.03207144237,1.19351146186,0.614539673363,3.39890461069,0.672510537944,0.364792600087,1.62737691942,0.622057967517,4.13953488372,2.61611779673,1.62737691942,4.13953488372,0.123549035546,0.0499495459132,33,0.0042471042471,0.180789322025,37,37,37,1,0,0.378378378378,0.621621621622,0,-155,-0.116366366366,0.890828978615,-8.37837837838,-7.41501976285,-4.71737451737,-0.804671549232,0.161065015145,0.0997334232628,-3.4764201,0.164815008445,0.0700478130819,-4.65440873575,-0.198754356261,-0.0970376512172,0.986777349092,0.250758064799,2.13953488372,0.890828978615,0.986777349092,2.13953488372,-0.220522358701,-0.326619491744,-777,-0.1,-0.388787506325,-0.027027027027,0.0810810810811,-0.0540540540541,176,11,166,979,0.514619883041,0.988888888889,0.0111111111111,0.485380116959,0.941176470588,0.514619883041,0.665406427221,0.633160983152,0.50350877193,0.498583569405,31,186,0,0,0,0
590,WLNM_dir_neg,0.431234824835,0.360001492222,00:00:05,10,20,16,1234860751,threshold_sweep,0.5,0.62962962963,0.0913978494624,0.159624413146,17,10,169,362,0.0913978494624,0.97311827957,0.0268817204301,0.908602150538,0.62962962963,0.0913978494624,0.159624413146,0.679211469534,0.650537634409,0.0820512820513,0.141731734254,0.0645161290323,342,156,186,0,342,0,156,0,186,37,342,0.256756756757,1.72528881811,18.4864864865,15.5454545455,9.77142857143,5.36771015539,0.290358590277,0.142642642643,9.50849154237,1.02869645341,0.544491860281,8.05331334643,0.871264894205,0.461830251304,0.640599570326,0.371299902718,2,1.72528881811,0.640599570326,2,0.344071394247,0.376569037657,810,0.104247104247,0.56957682835,37,37,37,1,0,0.405405405405,0.540540540541,0.0540540540541,37,0.117117117117,2.18481481481,8.43243243243,7.09090909091,4.45714285714,5.03620525429,0.597242289772,0.326923076923,6.00062559301,1.42322530091,0.680526680527,3.83793300225,0.910278981302,0.463617463617,1.318977792,0.603702328937,4.32037037037,2.18481481481,1.318977792,4.32037037037,0,0,0,0,0.160896782956,37,37,37,1,0,0.405405405405,0.540540540541,0.0540540540541,37,183,0.137387387387,2.6554602879,9.89189189189,7.95652173913,4.94594594595,4.45834912012,0.450707424712,0.243538620588,5.98584416188,1.21025264475,0.621178555605,3.45563907858,0.698681125178,0.376606114311,1.68382289818,0.634098316534,4.42428166772,2.6554602879,1.68382289818,4.42428166772,0.121756687933,0.0412262156448,26,0.0033462033462,0.177819862201,37,37,37,1,0,0.378378378378,0.621621621622,0,-159,-0.119369369369,0.930171469786,-8.59459459459,-7.58893280632,-4.82548262548,-0.909361035273,0.160348834434,0.100895977945,-3.52264738049,0.181556191337,0.0766866953235,-4.59767426785,-0.172583769027,-0.0852241369929,1.04322332785,0.262798413816,2.42428166772,0.930171469786,1.04322332785,2.42428166772,-0.222314706314,-0.335342822012,-784,-0.100900900901,-0.391756966148,-0.027027027027,0.0810810810811,-0.0540540540541,173,10,169,980,0.505847953216,0.989898989899,0.010101010101,0.494152046784,0.945355191257,0.505847953216,0.659047619048,0.629078925109,0.495746943115,0.491477272727,27,186,0,0,0,0
591,WLNM_dir_neg,0.431234824835,0.360001492222,00:00:05,10,20,16,1234860751,threshold_sweep,0.6,0.565217391304,0.0698924731183,0.124401913876,13,10,173,362,0.0698924731183,0.97311827957,0.0268817204301,0.930107526882,0.565217391304,0.0698924731183,0.124401913876,0.672043010753,0.652927120669,0.0550774526678,0.101991546207,0.0430107526882,342,156,186,0,342,0,156,0,186,37,342,0.256756756757,1.72528881811,18.4864864865,15.5454545455,9.77142857143,5.36771015539,0.290358590277,0.142642642643,9.50849154237,1.02869645341,0.544491860281,8.05331334643,0.871264894205,0.461830251304,0.640599570326,0.371299902718,2,1.72528881811,0.640599570326,2,0.344071394247,0.376569037657,810,0.104247104247,0.56957682835,37,37,37,1,0,0.405405405405,0.540540540541,0.0540540540541,37,0.117117117117,2.18481481481,8.43243243243,7.09090909091,4.45714285714,5.03620525429,0.597242289772,0.326923076923,6.00062559301,1.42322530091,0.680526680527,3.83793300225,0.910278981302,0.463617463617,1.318977792,0.603702328937,4.32037037037,2.18481481481,1.318977792,4.32037037037,0,0,0,0,0.160896782956,37,37,37,1,0,0.405405405405,0.540540540541,0.0540540540541,37,179,0.134384384384,2.69749481561,9.67567567568,7.78260869565,4.83783783784,4.37831813253,0.452507739955,0.244904121999,5.95591915433,1.2311117805,0.627510191756,3.49216196577,0.721843534825,0.38653178318,1.75288592945,0.649819943789,5.242401298,2.69749481561,1.75288592945,5.242401298,0.131906906907,0.0364439536168,22,0.0028314028314,0.172647817062,37,37,37,1,0,0.378378378378,0.621621621622,0,-163,-0.122372372372,0.972205997498,-8.81081081081,-7.7628458498,-4.93359073359,-0.98939202286,0.162149149677,0.102261479356,-3.55257238804,0.20241532709,0.0830183314747,-4.56115138066,-0.14942135938,-0.0752984681241,1.11228635913,0.278520041071,3.242401298,0.972205997498,1.11228635913,3.242401298,-0.212164487341,-0.34012508404,-788,-0.101415701416,-0.396929011288,-0.027027027027,0.0810810810811,-0.0540540540541,169,10,173,980,0.494152046784,0.989898989899,0.010101010101,0.505847953216,0.944134078212,0.494152046784,0.648752399232,0.619984219868,0.484051036683,0.480113636364,23,186,0,0,0,0
592,WLNM_dir_neg,0.431234824835,0.360001492222,00:00:05,10,20,16,1234860751,threshold_sweep,0.7,0.565217391304,0.0698924731183,0.124401913876,13,10,173,362,0.0698924731183,0.97311827957,0.0268817204301,0.930107526882,0.565217391304,0.0698924731183,0.124401913876,0.672043010753,0.652927120669,0.0550774526678,0.101991546207,0.0430107526882,342,156,186,0,342,0,156,0,186,37,342,0.256756756757,1.72528881811,18.4864864865,15.5454545455,9.77142857143,5.36771015539,0.290358590277,0.142642642643,9.50849154237,1.02869645341,0.544491860281,8.05331334643,0.871264894205,0.461830251304,0.640599570326,0.371299902718,2,1.72528881811,0.640599570326,2,0.344071394247,0.376569037657,810,0.104247104247,0.56957682835,37,37,37,1,0,0.405405405405,0.540540540541,0.0540540540541,37,0.117117117117,2.18481481481,8.43243243243,7.09090909091,4.45714285714,5.03620525429,0.597242289772,0.326923076923,6.00062559301,1.42322530091,0.680526680527,3.83793300225,0.910278981302,0.463617463617,1.318977792,0.603702328937,4.32037037037,2.18481481481,1.318977792,4.32037037037,0,0,0,0,0.160896782956,37,37,37,1,0,0.405405405405,0.540540540541,0.0540540540541,37,179,0.134384384384,2.69749481561,9.67567567568,7.78260869565,4.83783783784,4.37831813253,0.452507739955,0.244904121999,5.95591915433,1.2311117805,0.627510191756,3.49216196577,0.721843534825,0.38653178318,1.75288592945,0.649819943789,5.242401298,2.69749481561,1.75288592945,5.242401298,0.131906906907,0.0364439536168,22,0.0028314028314,0.172647817062,37,37,37,1,0,0.378378378378,0.621621621622,0,-163,-0.122372372372,0.972205997498,-8.81081081081,-7.7628458498,-4.93359073359,-0.98939202286,0.162149149677,0.102261479356,-3.55257238804,0.20241532709,0.0830183314747,-4.56115138066,-0.14942135938,-0.0752984681241,1.11228635913,0.278520041071,3.242401298,0.972205997498,1.11228635913,3.242401298,-0.212164487341,-0.34012508404,-788,-0.101415701416,-0.396929011288,-0.027027027027,0.0810810810811,-0.0540540540541,169,10,173,980,0.494152046784,0.989898989899,0.010101010101,0.505847953216,0.944134078212,0.494152046784,0.648752399232,0.619984219868,0.484051036683,0.480113636364,23,186,0,0,0,0
593,WLNM_dir_neg,0.431234824835,0.360001492222,00:00:05,10,20,16,1234860751,threshold_sweep,0.8,0.65,0.0698924731183,0.126213592233,13,7,173,365,0.0698924731183,0.981182795699,0.0188172043011,0.930107526882,0.65,0.0698924731183,0.126213592233,0.677419354839,0.654719235364,0.0657439446367,0.129518697248,0.0510752688172,342,156,186,0,342,0,156,0,186,37,342,0.256756756757,1.72528881811,18.4864864865,15.5454545455,9.77142857143,5.36771015539,0.290358590277,0.142642642643,9.50849154237,1.02869645341,0.544491860281,8.05331334643,0.871264894205,0.461830251304,0.640599570326,0.371299902718,2,1.72528881811,0.640599570326,2,0.344071394247,0.376569037657,810,0.104247104247,0.56957682835,37,37,37,1,0,0.405405405405,0.540540540541,0.0540540540541,37,0.117117117117,2.18481481481,8.43243243243,7.09090909091,4.45714285714,5.03620525429,0.597242289772,0.326923076923,6.00062559301,1.42322530091,0.680526680527,3.83793300225,0.910278981302,0.463617463617,1.318977792,0.603702328937,4.32037037037,2.18481481481,1.318977792,4.32037037037,0,0,0,0,0.160896782956,37,37,37,1,0,0.405405405405,0.540540540541,0.0540540540541,37,176,0.132132132132,2.56241499048,9.51351351351,7.65217391304,4.75675675676,4.41978896946,0.46458009054,0.25214987715,5.99724661549,1.26078479985,0.638206388206,3.51508973653,0.738967728702,0.394041769042,1.61893785861,0.63180158742,4.99336885731,2.56241499048,1.61893785861,4.99336885731,0.132915057915,0.035,21,0.0027027027027,0.166920642973,37,37,37,1,0,0.378378378378,0.621621621622,0,-166,-0.124624624625,0.837126172364,-8.97297297297,-7.89328063241,-5.01467181467,-0.947921185936,0.174221500262,0.109507234507,-3.51124492689,0.232088346432,0.0937145279251,-4.5382236099,-0.132297165503,-0.0677884822622,0.978338288288,0.260501684703,2.99336885731,0.837126172364,0.978338288288,2.99336885731,-0.211156336332,-0.341569037657,-789,-0.101544401544,-0.402656185377,-0.027027027027,0.0810810810811,-0.0540540540541,169,7,173,983,0.494152046784,0.992929292929,0.00707070707071,0.505847953216,0.960227272727,0.494152046784,0.65250965251,0.628343159212,0.487081339713,0.484240687679,20,186,0,0,0,0
594,WLNM_dir_neg,0.431234824835,0.360001492222,00:00:05,10,20,16,1234860751,threshold_sweep,0.9,0.666666666667,0.0645161290323,0.117647058824,12,6,174,366,0.0645161290323,0.983870967742,0.0161290322581,0.935483870968,0.666666666667,0.0645161290323,0.117647058824,0.677419354839,0.655913978495,0.0625,0.129099444874,0.0483870967742,342,156,186,0,342,0,156,0,186,37,342,0.256756756757,1.72528881811,18.4864864865,15.5454545455,9.77142857143,5.36771015539,0.290358590277,0.142642642643,9.50849154237,1.02869645341,0.544491860281,8.05331334643,0.871264894205,0.461830251304,0.640599570326,0.371299902718,2,1.72528881811,0.640599570326,2,0.344071394247,0.376569037657,810,0.104247104247,0.56957682835,37,37,37,1,0,0.405405405405,0.540540540541,0.0540540540541,37,0.117117117117,2.18481481481,8.43243243243,7.09090909091,4.45714285714,5.03620525429,0.597242289772,0.326923076923,6.00062559301,1.42322530091,0.680526680527,3.83793300225,0.910278981302,0.463617463617,1.318977792,0.603702328937,4.32037037037,2.18481481481,1.318977792,4.32037037037,0,0,0,0,0.160896782956,37,37,37,1,0,0.405405405405,0.540540540541,0.0540540540541,37,174,0.130630630631,2.53238687265,9.40540540541,7.5652173913,4.7027027027,4.48738639262,0.477107173928,0.258776017397,5.99937434175,1.27572902669,0.641503572538,3.53447202457,0.751583131662,0.398570984778,1.58228064427,0.624817898621,4.89466731502,2.53238687265,1.58228064427,4.89466731502,0.128753753754,0.0287000562746,17,0.0021879021879,0.164282745078,37,37,37,1,0,0.378378378378,0.621621621622,0,-168,-0.126126126126,0.807098054535,-9.08108108108,-7.98023715415,-5.06872586873,-0.880323762777,0.18674858365,0.116133374754,-3.50911720062,0.24703257328,0.0970117122567,-4.51884132186,-0.119681762543,-0.0632592665261,0.941681073939,0.253517995904,2.89466731502,0.807098054535,0.941681073939,2.89466731502,-0.215317640494,-0.347868981382,-793,-0.102059202059,-0.405294083272,-0.027027027027,0.0810810810811,-0.0540540540541,168,6,174,984,0.491228070175,0.993939393939,0.00606060606061,0.508771929825,0.965517241379,0.491228070175,0.651162790698,0.628917117663,0.485167464115,0.48275862069,18,186,0,0,0,0
595,WLNM_dir_neg,0.420055786796,0.388396516967,00:00:07,10,20,17,1234860752,threshold_sweep,0.1,0.62,0.166666666667,0.262711864407,31,19,155,353,0.166666666667,0.948924731183,0.0510752688172,0.833333333333,0.62,0.166666666667,0.262711864407,0.688172043011,0.636798088411,0.141447368421,0.190781649524,0.115591397849,342,156,186,0,342,0,156,0,186,37,342,0.256756756757,1.72528881811,18.4864864865,15.5454545455,9.77142857143,5.36771015539,0.290358590277,0.142642642643,9.50849154237,1.02869645341,0.544491860281,8.05331334643,0.871264894205,0.461830251304,0.640599570326,0.371299902718,2,1.72528881811,0.640599570326,2,0.344071394247,0.376569037657,810,0.104247104247,0.56957682835,37,37,37,1,0,0.405405405405,0.540540540541,0.0540540540541,37,0.117117117117,2.18635635636,8.43243243243,7.09090909091,4.45714285714,5.03620525429,0.597242289772,0.326923076923,6.00062559301,1.42322530091,0.680526680527,3.83793300225,0.910278981302,0.463617463617,1.32204914232,0.604681454823,4.3462962963,2.18635635636,1.32204914232,4.3462962963,0,0,0,0,0.160896782956,37,37,37,1,0,0.405405405405,0.540540540541,0.0540540540541,37,206,0.154654654655,5.69461386142,11.1351351351,7.62962962963,5.72222222222,4.89989887743,0.440039462293,0.231435318814,6.25184657406,1.12290448175,0.585673051692,3.16702226548,0.568834096227,0.310942009971,3.49727685145,0.614137663511,10.1562014664,5.69461386142,3.49727685145,10.1562014664,0.187394127874,0.120937885644,98,0.0126126126126,0.167546784051,37,37,37,1,0,0.27027027027,0.702702702703,0.027027027027,-136,-0.102102102102,3.9693250433,-7.35135135135,-7.91582491582,-4.04920634921,-0.467811277966,0.149680872016,0.0887926761713,-3.25664496831,0.0942080283338,0.0411811914111,-4.88629108096,-0.302430797978,-0.150888241333,2.85667728112,0.242837760793,8.15620146643,3.9693250433,2.85667728112,8.15620146643,-0.156677266373,-0.255631152013,-712,-0.0916344916345,-0.402030044299,-0.135135135135,0.162162162162,-0.027027027027,187,19,155,971,0.546783625731,0.980808080808,0.0191919191919,0.453216374269,0.907766990291,0.546783625731,0.682481751825,0.637420174582,0.527591706539,0.518005540166,50,186,0,0,0,0
596,WLNM_dir_neg,0.420055786796,0.388396516967,00:00:07,10,20,17,1234860752,threshold_sweep,0.2,0.595744680851,0.150537634409,0.240343347639,28,19,158,353,0.150537634409,0.948924731183,0.0510752688172,0.849462365591,0.595744680851,0.150537634409,0.240343347639,0.682795698925,0.638590203106,0.122314049587,0.16882134159,0.0994623655914,342,156,186,0,342,0,156,0,186,37,342,0.256756756757,1.72528881811,18.4864864865,15.5454545455,9.77142857143,5.36771015539,0.290358590277,0.142642642643,9.50849154237,1.02869645341,0.544491860281,8.05331334643,0.871264894205,0.461830251304,0.640599570326,0.371299902718,2,1.72528881811,0.640599570326,2,0.344071394247,0.376569037657,810,0.104247104247,0.56957682835,37,37,37,1,0,0.405405405405,0.540540540541,0.0540540540541,37,0.117117117117,2.18635635636,8.43243243243,7.09090909091,4.45714285714,5.03620525429,0.597242289772,0.326923076923,6.00062559301,1.42322530091,0.680526680527,3.83793300225,0.910278981302,0.463617463617,1.32204914232,0.604681454823,4.3462962963,2.18635635636,1.32204914232,4.3462962963,0,0,0,0,0.160896782956,37,37,37,1,0,0.405405405405,0.540540540541,0.0540540540541,37,203,0.152402402402,5.36019649371,10.972972973,7.51851851852,5.63888888889,4.95808255101,0.451844961545,0.237784582612,6.2254924911,1.13469567572,0.588736519771,3.17649021565,0.57896619694,0.316069764346,3.2084855915,0.598576114749,9.33628226977,5.36019649371,3.2084855915,9.33628226977,0.175127604385,0.111482254697,89,0.0114543114543,0.162568551733,37,37,37,1,0,0.27027027027,0.702702702703,0.027027027027,-139,-0.104354354354,3.6349076756,-7.51351351351,-8.02693602694,-4.13253968254,-0.409627604388,0.161486371268,0.0951419399695,-3.28299905127,0.105999222303,0.0442446594897,-4.87682313079,-0.292298697265,-0.145760486958,2.56788602117,0.227276212031,7.33628226977,3.6349076756,2.56788602117,7.33628226977,-0.168943789863,-0.26508678296,-721,-0.0927927927928,-0.407008276617,-0.135135135135,0.162162162162,-0.027027027027,184,19,158,971,0.538011695906,0.980808080808,0.0191919191919,0.461988304094,0.906403940887,0.538011695906,0.675229357798,0.630597410268,0.518819776715,0.509695290859,47,186,0,0,0,0
597,WLNM_dir_neg,0.420055786796,0.388396516967,00:00:07,10,20,17,1234860752,threshold_sweep,0.3,0.65,0.139784946237,0.230088495575,26,14,160,358,0.139784946237,0.962365591398,0.0376344086022,0.860215053763,0.65,0.139784946237,0.230088495575,0.688172043011,0.642771804062,0.127090301003,0.186669654324,0.102150537634,342,156,186,0,342,0,156,0,186,37,342,0.256756756757,1.72528881811,18.4864864865,15.5454545455,9.77142857143,5.36771015539,0.290358590277,0.142642642643,9.50849154237,1.02869645341,0.544491860281,8.05331334643,0.871264894205,0.461830251304,0.640599570326,0.371299902718,2,1.72528881811,0.640599570326,2,0.344071394247,0.376569037657,810,0.104247104247,0.56957682835,37,37,37,1,0,0.405405405405,0.540540540541,0.0540540540541,37,0.117117117117,2.18635635636,8.43243243243,7.09090909091,4.45714285714,5.03620525429,0.597242289772,0.326923076923,6.00062559301,1.42322530091,0.680526680527,3.83793300225,0.910278981302,0.463617463617,1.32204914232,0.604681454823,4.3462962963,2.18635635636,1.32204914232,4.3462962963,0,0,0,0,0.160896782956,37,37,37,1,0,0.405405405405,0.540540540541,0.0540540540541,37,196,0.147147147147,2.30269893497,10.5945945946,8.90909090909,5.44444444444,4.83884432633,0.45672765325,0.238830667402,6.33274060764,1.1954663392,0.61500275786,3.19604673225,0.603335352516,0.327909542195,1.36776477803,0.593983328542,3.80303990082,2.30269893497,1.36776477803,3.80303990082,0.155558411131,0.0775746767722,58,0.00746460746461,0.193126766922,37,37,37,1,0,0.405405405405,0.567567567568,0.027027027027,-146,-0.10960960961,0.577410116857,-7.89189189189,-6.63636363636,-4.32698412698,-0.528865829068,0.166369062973,0.0961880247595,-3.17575093474,0.166769885782,0.0705108975786,-4.85726661419,-0.267929541689,-0.133920709109,0.7271652077,0.222683425825,1.80303990082,0.577410116857,0.7271652077,1.80303990082,-0.188512983116,-0.298994360885,-752,-0.0967824967825,-0.376450061428,0,0.027027027027,-0.027027027027,182,14,160,976,0.53216374269,0.985858585859,0.0141414141414,0.46783625731,0.928571428571,0.53216374269,0.676579925651,0.638795618573,0.518022328549,0.511235955056,40,186,0,0,0,0
598,WLNM_dir_neg,0.420055786796,0.388396516967,00:00:07,10,20,17,1234860752,threshold_sweep,0.4,0.65,0.139784946237,0.230088495575,26,14,160,358,0.139784946237,0.962365591398,0.0376344086022,0.860215053763,0.65,0.139784946237,0.230088495575,0.688172043011,0.642771804062,0.127090301003,0.186669654324,0.102150537634,342,156,186,0,342,0,156,0,186,37,342,0.256756756757,1.72528881811,18.4864864865,15.5454545455,9.77142857143,5.36771015539,0.290358590277,0.142642642643,9.50849154237,1.02869645341,0.544491860281,8.05331334643,0.871264894205,0.461830251304,0.640599570326,0.371299902718,2,1.72528881811,0.640599570326,2,0.344071394247,0.376569037657,810,0.104247104247,0.56957682835,37,37,37,1,0,0.405405405405,0.540540540541,0.0540540540541,37,0.117117117117,2.18635635636,8.43243243243,7.09090909091,4.45714285714,5.03620525429,0.597242289772,0.326923076923,6.00062559301,1.42322530091,0.680526680527,3.83793300225,0.910278981302,0.463617463617,1.32204914232,0.604681454823,4.3462962963,2.18635635636,1.32204914232,4.3462962963,0,0,0,0,0.160896782956,37,37,37,1,0,0.405405405405,0.540540540541,0.0540540540541,37,196,0.147147147147,2.30269893497,10.5945945946,8.90909090909,5.44444444444,4.83884432633,0.45672765325,0.238830667402,6.33274060764,1.1954663392,0.61500275786,3.19604673225,0.603335352516,0.327909542195,1.36776477803,0.593983328542,3.80303990082,2.30269893497,1.36776477803,3.80303990082,0.155558411131,0.0775746767722,58,0.00746460746461,0.193126766922,37,37,37,1,0,0.405405405405,0.567567567568,0.027027027027,-146,-0.10960960961,0.577410116857,-7.89189189189,-6.63636363636,-4.32698412698,-0.528865829068,0.166369062973,0.0961880247595,-3.17575093474,0.166769885782,0.0705108975786,-4.85726661419,-0.267929541689,-0.133920709109,0.7271652077,0.222683425825,1.80303990082,0.577410116857,0.7271652077,1.80303990082,-0.188512983116,-0.298994360885,-752,-0.0967824967825,-0.376450061428,0,0.027027027027,-0.027027027027,182,14,160,976,0.53216374269,0.985858585859,0.0141414141414,0.46783625731,0.928571428571,0.53216374269,0.676579925651,0.638795618573,0.518022328549,0.511235955056,40,186,0,0,0,0
599,WLNM_dir_neg,0.420055786796,0.388396516967,00:00:07,10,20,17,1234860752,threshold_sweep,0.5,0.722222222222,0.139784946237,0.234234234234,26,10,160,362,0.139784946237,0.97311827957,0.0268817204301,0.860215053763,0.722222222222,0.139784946237,0.234234234234,0.695340501792,0.645161290323,0.141414141414,0.216644561207,0.112903225806,342,156,186,0,342,0,156,0,186,37,342,0.256756756757,1.72528881811,18.4864864865,15.5454545455,9.77142857143,5.36771015539,0.290358590277,0.142642642643,9.50849154237,1.02869645341,0.544491860281,8.05331334643,0.871264894205,0.461830251304,0.640599570326,0.371299902718,2,1.72528881811,0.640599570326,2,0.344071394247,0.376569037657,810,0.104247104247,0.56957682835,37,37,37,1,0,0.405405405405,0.540540540541,0.0540540540541,37,0.117117117117,2.18635635636,8.43243243243,7.09090909091,4.45714285714,5.03620525429,0.597242289772,0.326923076923,6.00062559301,1.42322530091,0.680526680527,3.83793300225,0.910278981302,0.463617463617,1.32204914232,0.604681454823,4.3462962963,2.18635635636,1.32204914232,4.3462962963,0,0,0,0,0.160896782956,37,37,37,1,0,0.405405405405,0.540540540541,0.0540540540541,37,192,0.144144144144,2.26548019903,10.3783783784,8.72727272727,5.33333333333,4.79207303408,0.461736203805,0.24268018018,6.25316736559,1.20503746108,0.62134009009,3.29003409167,0.634016986415,0.346565315315,1.32847289548,0.586397928373,3.80287185175,2.26548019903,1.32847289548,3.80287185175,0.154236309809,0.0735430157262,53,0.00682110682111,0.190753431489,37,37,37,1,0,0.405405405405,0.567567567568,0.027027027027,-150,-0.112612612613,0.540191380911,-8.10810810811,-6.81818181818,-4.4380952381,-0.575637121313,0.171377613528,0.100037537538,-3.25532417678,0.176341007663,0.0768482298088,-4.76327925477,-0.23724790779,-0.115264935989,0.687873325153,0.215098025655,1.80287185175,0.540191380911,0.687873325153,1.80287185175,-0.189835084438,-0.303026021931,-757,-0.097425997426,-0.378823396861,0,0.027027027027,-0.027027027027,182,10,160,980,0.53216374269,0.989898989899,0.010101010101,0.46783625731,0.947916666667,0.53216374269,0.681647940075,0.649307325385,0.522062732589,0.517045454545,36,186,0,0,0,0
600,WLNM_dir_neg,0.420055786796,0.388396516967,00:00:07,10,20,17,1234860752,threshold_sweep,0.6,0.735294117647,0.134408602151,0.227272727273,25,9,161,363,0.134408602151,0.975806451613,0.0241935483871,0.865591397849,0.735294117647,0.134408602151,0.227272727273,0.695340501792,0.646356033453,0.138513513514,0.217201968466,0.110215053763,342,156,186,0,342,0,156,0,186,37,342,0.256756756757,1.72528881811,18.4864864865,15.5454545455,9.77142857143,5.36771015539,0.290358590277,0.142642642643,9.50849154237,1.02869645341,0.544491860281,8.05331334643,0.871264894205,0.461830251304,0.640599570326,0.371299902718,2,1.72528881811,0.640599570326,2,0.344071394247,0.376569037657,810,0.104247104247,0.56957682835,37,37,37,1,0,0.405405405405,0.540540540541,0.0540540540541,37,0.117117117117,2.18635635636,8.43243243243,7.09090909091,4.45714285714,5.03620525429,0.597242289772,0.326923076923,6.00062559301,1.42322530091,0.680526680527,3.83793300225,0.910278981302,0.463617463617,1.32204914232,0.604681454823,4.3462962963,2.18635635636,1.32204914232,4.3462962963,0,0,0,0,0.160896782956,37,37,37,1,0,0.405405405405,0.540540540541,0.0540540540541,37,190,0.142642642643,2.17785829883,10.2702702703,8.63636363636,5.27777777778,4.78799800803,0.466199806045,0.247226173542,6.26348395314,1.21973108561,0.625889046942,3.30119643431,0.642864568787,0.350497866287,1.21181598127,0.556425540598,3.40830826161,2.17785829883,1.21181598127,3.40830826161,0.151929046975,0.0677966101695,48,0.00617760617761,0.188532134338,37,37,37,1,0,0.405405405405,0.567567567568,0.027027027027,-152,-0.114114114114,0.452569480711,-8.21621621622,-6.90909090909,-4.49365079365,-0.579712147361,0.175841215768,0.104583530899,-3.24500758924,0.191034632196,0.0813971866603,-4.75211691212,-0.228400325418,-0.111332385017,0.571216410943,0.18512563788,1.40830826161,0.452569480711,0.571216410943,1.40830826161,-0.192142347272,-0.308772427487,-762,-0.0980694980695,-0.381044694012,0,0.027027027027,-0.027027027027,181,9,161,981,0.529239766082,0.990909090909,0.00909090909091,0.470760233918,0.952631578947,0.529239766082,0.68045112782,0.649753228902,0.520148856991,0.51566951567,34,186,0,0,0,0
601,WLNM_dir_neg,0.420055786796,0.388396516967,00:00:07,10,20,17,1234860752,threshold_sweep,0.7,0.735294117647,0.134408602151,0.227272727273,25,9,161,363,0.134408602151,0.975806451613,0.0241935483871,0.865591397849,0.735294117647,0.134408602151,0.227272727273,0.695340501792,0.646356033453,0.138513513514,0.217201968466,0.110215053763,342,156,186,0,342,0,156,0,186,37,342,0.256756756757,1.72528881811,18.4864864865,15.5454545455,9.77142857143,5.36771015539,0.290358590277,0.142642642643,9.50849154237,1.02869645341,0.544491860281,8.05331334643,0.871264894205,0.461830251304,0.640599570326,0.371299902718,2,1.72528881811,0.640599570326,2,0.344071394247,0.376569037657,810,0.104247104247,0.56957682835,37,37,37,1,0,0.405405405405,0.540540540541,0.0540540540541,37,0.117117117117,2.18635635636,8.43243243243,7.09090909091,4.45714285714,5.03620525429,0.597242289772,0.326923076923,6.00062559301,1.42322530091,0.680526680527,3.83793300225,0.910278981302,0.463617463617,1.32204914232,0.604681454823,4.3462962963,2.18635635636,1.32204914232,4.3462962963,0,0,0,0,0.160896782956,37,37,37,1,0,0.405405405405,0.540540540541,0.0540540540541,37,190,0.142642642643,2.17785829883,10.2702702703,8.63636363636,5.27777777778,4.78799800803,0.466199806045,0.247226173542,6.26348395314,1.21973108561,0.625889046942,3.30119643431,0.642864568787,0.350497866287,1.21181598127,0.556425540598,3.40830826161,2.17785829883,1.21181598127,3.40830826161,0.151929046975,0.0677966101695,48,0.00617760617761,0.188532134338,37,37,37,1,0,0.405405405405,0.567567567568,0.027027027027,-152,-0.114114114114,0.452569480711,-8.21621621622,-6.90909090909,-4.49365079365,-0.579712147361,0.175841215768,0.104583530899,-3.24500758924,0.191034632196,0.0813971866603,-4.75211691212,-0.228400325418,-0.111332385017,0.571216410943,0.18512563788,1.40830826161,0.452569480711,0.571216410943,1.40830826161,-0.192142347272,-0.308772427487,-762,-0.0980694980695,-0.381044694012,0,0.027027027027,-0.027027027027,181,9,161,981,0.529239766082,0.990909090909,0.00909090909091,0.470760233918,0.952631578947,0.529239766082,0.68045112782,0.649753228902,0.520148856991,0.51566951567,34,186,0,0,0,0
602,WLNM_dir_neg,0.420055786796,0.388396516967,00:00:07,10,20,17,1234860752,threshold_sweep,0.8,0.71875,0.123655913978,0.211009174312,23,9,163,363,0.123655913978,0.975806451613,0.0241935483871,0.876344086022,0.71875,0.123655913978,0.211009174312,0.691756272401,0.647550776583,0.125423728814,0.201659583091,0.0994623655914,342,156,186,0,342,0,156,0,186,37,342,0.256756756757,1.72528881811,18.4864864865,15.5454545455,9.77142857143,5.36771015539,0.290358590277,0.142642642643,9.50849154237,1.02869645341,0.544491860281,8.05331334643,0.871264894205,0.461830251304,0.640599570326,0.371299902718,2,1.72528881811,0.640599570326,2,0.344071394247,0.376569037657,810,0.104247104247,0.56957682835,37,37,37,1,0,0.405405405405,0.540540540541,0.0540540540541,37,0.117117117117,2.18635635636,8.43243243243,7.09090909091,4.45714285714,5.03620525429,0.597242289772,0.326923076923,6.00062559301,1.42322530091,0.680526680527,3.83793300225,0.910278981302,0.463617463617,1.32204914232,0.604681454823,4.3462962963,2.18635635636,1.32204914232,4.3462962963,0,0,0,0,0.160896782956,37,37,37,1,0,0.405405405405,0.540540540541,0.0540540540541,37,188,0.141141141141,2.18032460067,10.1621621622,8.54545454545,5.22222222222,4.86777107054,0.479009387261,0.255894192064,6.27330489888,1.23463979393,0.629959746981,3.31141442068,0.65171454024,0.3533640023,1.21500783629,0.557260068487,3.42627956763,2.18032460067,1.21500783629,3.42627956763,0.14978404483,0.06288708909,44,0.00566280566281,0.185763529117,37,37,37,1,0,0.405405405405,0.567567567568,0.027027027027,-154,-0.115615615616,0.455035782555,-8.32432432432,-7,-4.54920634921,-0.499939084852,0.188650796984,0.113251549422,-3.23518664349,0.205943340514,0.0854678866997,-4.74189892576,-0.219550353965,-0.108466249004,0.574408265966,0.185960165769,1.42627956763,0.455035782555,0.574408265966,1.42627956763,-0.194287349417,-0.313681948567,-766,-0.0985842985843,-0.383813299233,0,0.027027027027,-0.027027027027,179,9,163,981,0.523391812865,0.990909090909,0.00909090909091,0.476608187135,0.952127659574,0.523391812865,0.675471698113,0.645291583948,0.514300903775,0.509971509972,32,186,0,0,0,0
603,WLNM_dir_neg,0.420055786796,0.388396516967,00:00:07,10,20,17,1234860752,threshold_sweep,0.9,0.793103448276,0.123655913978,0.213953488372,23,6,163,366,0.123655913978,0.983870967742,0.0161290322581,0.876344086022,0.793103448276,0.123655913978,0.213953488372,0.697132616487,0.649342891278,0.136286201022,0.228359013669,0.10752688172,342,156,186,0,342,0,156,0,186,37,342,0.256756756757,1.72528881811,18.4864864865,15.5454545455,9.77142857143,5.36771015539,0.290358590277,0.142642642643,9.50849154237,1.02869645341,0.544491860281,8.05331334643,0.871264894205,0.461830251304,0.640599570326,0.371299902718,2,1.72528881811,0.640599570326,2,0.344071394247,0.376569037657,810,0.104247104247,0.56957682835,37,37,37,1,0,0.405405405405,0.540540540541,0.0540540540541,37,0.117117117117,2.18635635636,8.43243243243,7.09090909091,4.45714285714,5.03620525429,0.597242289772,0.326923076923,6.00062559301,1.42322530091,0.680526680527,3.83793300225,0.910278981302,0.463617463617,1.32204914232,0.604681454823,4.3462962963,2.18635635636,1.32204914232,4.3462962963,0,0,0,0,0.160896782956,37,37,37,1,0,0.405405405405,0.540540540541,0.0540540540541,37,185,0.138888888889,2.07807594526,10,8.40909090909,5.13888888889,4.87054639873,0.487054639873,0.262527392257,6.26276474269,1.25255294854,0.635792549306,3.34995854037,0.669991708075,0.362600438276,1.11691598705,0.537476019389,3.38181818182,2.07807594526,1.11691598705,3.38181818182,0.144932696558,0.0596797671033,41,0.00527670527671,0.182529729677,37,37,37,1,0,0.405405405405,0.567567567568,0.027027027027,-157,-0.117867867868,0.352787127149,-8.48648648649,-7.13636363636,-4.63253968254,-0.497163756659,0.196696049596,0.119884749614,-3.24572679969,0.223856495122,0.0913006890247,-4.70335480606,-0.20127318613,-0.0992298130278,0.476316416722,0.166176116671,1.38181818182,0.352787127149,0.476316416722,1.38181818182,-0.199138697689,-0.316889270554,-769,-0.0989703989704,-0.387047098673,0,0.027027027027,-0.027027027027,179,6,163,984,0.523391812865,0.993939393939,0.00606060606061,0.476608187135,0.967567567568,0.523391812865,0.679316888046,0.653479178147,0.517331206805,0.514367816092,29,186,0,0,0,0
604,WLNM_dir_neg,0.410083535669,0.347841928904,00:00:05,10,20,18,1234860753,threshold_sweep,0.1,0.53488372093,0.123655913978,0.200873362445,23,20,163,352,0.123655913978,0.94623655914,0.0537634408602,0.876344086022,0.53488372093,0.123655913978,0.200873362445,0.672043010753,0.640979689367,0.0865224625624,0.123543672686,0.0698924731183,342,156,186,0,342,0,156,0,186,37,342,0.256756756757,1.72528881811,18.4864864865,15.5454545455,9.77142857143,5.36771015539,0.290358590277,0.142642642643,9.50849154237,1.02869645341,0.544491860281,8.05331334643,0.871264894205,0.461830251304,0.640599570326,0.371299902718,2,1.72528881811,0.640599570326,2,0.344071394247,0.376569037657,810,0.104247104247,0.56957682835,37,37,37,1,0,0.405405405405,0.540540540541,0.0540540540541,37,0.117117117117,2.18635635636,8.43243243243,7.09090909091,4.45714285714,5.03620525429,0.597242289772,0.326923076923,6.00062559301,1.42322530091,0.680526680527,3.83793300225,0.910278981302,0.463617463617,1.32204914232,0.604681454823,4.3462962963,2.18635635636,1.32204914232,4.3462962963,0,0,0,0,0.160896782956,37,37,37,1,0,0.405405405405,0.540540540541,0.0540540540541,37,199,0.149399399399,5.16052951547,10.7567567568,7.10714285714,5.37837837838,4.90694182542,0.45617298377,0.246638598397,5.91303339784,1.0994082197,0.576938747793,3.26046478752,0.606217071046,0.329485264159,2.67953654795,0.519236744973,7.16713242887,5.16052951547,2.67953654795,7.16713242887,0.149530864546,0.0915119363395,69,0.00888030888031,0.157779306304,37,37,37,1,0,0.243243243243,0.756756756757,0,-143,-0.107357357357,3.43524069736,-7.72972972973,-8.43831168831,-4.39305019305,-0.460768329971,0.165814393493,0.103995955755,-3.59545814454,0.070711766284,0.0324468875117,-4.79284855892,-0.265047823159,-0.132344987145,2.03893697762,0.147936842255,5.16713242887,3.43524069736,2.03893697762,5.16713242887,-0.194540529701,-0.285057101317,-741,-0.0953667953668,-0.411797522045,-0.162162162162,0.216216216216,-0.0540540540541,179,20,163,970,0.523391812865,0.979797979798,0.020202020202,0.476608187135,0.899497487437,0.523391812865,0.661737523105,0.616624789112,0.503189792663,0.494475138122,43,186,0,0,0,0
605,WLNM_dir_neg,0.410083535669,0.347841928904,00:00:05,10,20,18,1234860753,threshold_sweep,0.2,0.512195121951,0.112903225806,0.185022026432,21,20,165,352,0.112903225806,0.94623655914,0.0537634408602,0.887096774194,0.512195121951,0.112903225806,0.185022026432,0.668458781362,0.642174432497,0.0734557595993,0.106849005198,0.0591397849462,342,156,186,0,342,0,156,0,186,37,342,0.256756756757,1.72528881811,18.4864864865,15.5454545455,9.77142857143,5.36771015539,0.290358590277,0.142642642643,9.50849154237,1.02869645341,0.544491860281,8.05331334643,0.871264894205,0.461830251304,0.640599570326,0.371299902718,2,1.72528881811,0.640599570326,2,0.344071394247,0.376569037657,810,0.104247104247,0.56957682835,37,37,37,1,0,0.405405405405,0.540540540541,0.0540540540541,37,0.117117117117,2.18635635636,8.43243243243,7.09090909091,4.45714285714,5.03620525429,0.597242289772,0.326923076923,6.00062559301,1.42322530091,0.680526680527,3.83793300225,0.910278981302,0.463617463617,1.32204914232,0.604681454823,4.3462962963,2.18635635636,1.32204914232,4.3462962963,0,0,0,0,0.160896782956,37,37,37,1,0,0.405405405405,0.540540540541,0.0540540540541,37,197,0.147897897898,5.25034054891,10.6486486486,7.03571428571,5.32432432432,4.8259496257,0.453198315104,0.245301138702,5.88809558938,1.10588597364,0.578954589107,3.30028663784,0.619850789848,0.336122924955,2.74068013334,0.522000450792,7.38797523815,5.25034054891,2.74068013334,7.38797523815,0.133367509683,0.0746268656716,55,0.00707850707851,0.157887924819,37,37,37,1,0,0.243243243243,0.756756756757,0,-145,-0.108858858859,3.52505173079,-7.83783783784,-8.50974025974,-4.4471042471,-0.541760529694,0.162839724827,0.10265849606,-3.620395953,0.077189520225,0.0344627288255,-4.7530267086,-0.251414104357,-0.125707326349,2.10008056302,0.150700548075,5.38797523815,3.52505173079,2.10008056302,5.38797523815,-0.210703884564,-0.301942171985,-755,-0.0971685971686,-0.411688903531,-0.162162162162,0.216216216216,-0.0540540540541,177,20,165,970,0.517543859649,0.979797979798,0.020202020202,0.482456140351,0.89847715736,0.517543859649,0.656771799629,0.612004482091,0.497341839447,0.488950276243,41,186,0,0,0,0
606,WLNM_dir_neg,0.410083535669,0.347841928904,00:00:05,10,20,18,1234860753,threshold_sweep,0.3,0.606060606061,0.10752688172,0.182648401826,20,13,166,359,0.10752688172,0.965053763441,0.0349462365591,0.89247311828,0.606060606061,0.10752688172,0.182648401826,0.679211469534,0.646953405018,0.0913705583756,0.145048133525,0.0725806451613,342,156,186,0,342,0,156,0,186,37,342,0.256756756757,1.72528881811,18.4864864865,15.5454545455,9.77142857143,5.36771015539,0.290358590277,0.142642642643,9.50849154237,1.02869645341,0.544491860281,8.05331334643,0.871264894205,0.461830251304,0.640599570326,0.371299902718,2,1.72528881811,0.640599570326,2,0.344071394247,0.376569037657,810,0.104247104247,0.56957682835,37,37,37,1,0,0.405405405405,0.540540540541,0.0540540540541,37,0.117117117117,2.18635635636,8.43243243243,7.09090909091,4.45714285714,5.03620525429,0.597242289772,0.326923076923,6.00062559301,1.42322530091,0.680526680527,3.83793300225,0.910278981302,0.463617463617,1.32204914232,0.604681454823,4.3462962963,2.18635635636,1.32204914232,4.3462962963,0,0,0,0,0.160896782956,37,37,37,1,0,0.405405405405,0.540540540541,0.0540540540541,37,189,0.141891891892,2.43242467791,10.2162162162,8.21739130435,5.10810810811,4.69713349428,0.459772326159,0.245102245102,6.01287407607,1.17712349637,0.612040612041,3.28112263803,0.642336177815,0.347776347776,1.41940921997,0.583536761844,3.81308607859,2.43242467791,1.41940921997,3.81308607859,0.115031149319,0.0499265785609,34,0.0043758043758,0.172307806875,37,37,37,1,0,0.378378378378,0.621621621622,0,-153,-0.114864864865,0.707135859793,-8.27027027027,-7.32806324111,-4.66332046332,-0.670576661116,0.169413735882,0.10245960246,-3.49561746631,0.148427042958,0.0675487517593,-4.77219070841,-0.22892871639,-0.114053903528,0.778809649649,0.212236859126,1.81308607859,0.707135859793,0.778809649649,1.81308607859,-0.229040244928,-0.326642459096,-776,-0.0998712998713,-0.397269021475,-0.027027027027,0.0810810810811,-0.0540540540541,176,13,166,977,0.514619883041,0.986868686869,0.0131313131313,0.485380116959,0.931216931217,0.514619883041,0.662900188324,0.627823650674,0.50148856991,0.495774647887,33,186,0,0,0,0
607,WLNM_dir_neg,0.410083535669,0.347841928904,00:00:05,10,20,18,1234860753,threshold_sweep,0.4,0.655172413793,0.102150537634,0.176744186047,19,10,167,362,0.102150537634,0.97311827957,0.0268817204301,0.897849462366,0.655172413793,0.102150537634,0.176744186047,0.682795698925,0.649342891278,0.0954003407155,0.159851309568,0.0752688172043,342,156,186,0,342,0,156,0,186,37,342,0.256756756757,1.72528881811,18.4864864865,15.5454545455,9.77142857143,5.36771015539,0.290358590277,0.142642642643,9.50849154237,1.02869645341,0.544491860281,8.05331334643,0.871264894205,0.461830251304,0.640599570326,0.371299902718,2,1.72528881811,0.640599570326,2,0.344071394247,0.376569037657,810,0.104247104247,0.56957682835,37,37,37,1,0,0.405405405405,0.540540540541,0.0540540540541,37,0.117117117117,2.18635635636,8.43243243243,7.09090909091,4.45714285714,5.03620525429,0.597242289772,0.326923076923,6.00062559301,1.42322530091,0.680526680527,3.83793300225,0.910278981302,0.463617463617,1.32204914232,0.604681454823,4.3462962963,2.18635635636,1.32204914232,4.3462962963,0,0,0,0,0.160896782956,37,37,37,1,0,0.405405405405,0.540540540541,0.0540540540541,37,185,0.138888888889,2.17128192124,10,8.40909090909,5,4.7609522857,0.47609522857,0.25434623813,6.01849002842,1.20369800568,0.620891161432,3.35824027993,0.671648055987,0.361723886048,1.20952831112,0.557057238534,3.38438452122,2.17128192124,1.20952831112,3.38438452122,0.109019601202,0.0393740535083,26,0.0033462033462,0.187204156487,37,37,37,1,0,0.405405405405,0.594594594595,0,-157,-0.117867867868,0.44599310312,-8.48648648649,-7.13636363636,-4.77142857143,-0.606757869698,0.185736638292,0.111703595487,-3.49000151395,0.17500155227,0.0763993011504,-4.6950730665,-0.199616838218,-0.100106365256,0.568928740796,0.185757335816,1.38438452122,0.44599310312,0.568928740796,1.38438452122,-0.235051793045,-0.337194984149,-784,-0.100900900901,-0.382372671863,0,0.0540540540541,-0.0540540540541,175,10,167,980,0.511695906433,0.989898989899,0.010101010101,0.488304093567,0.945945945946,0.511695906433,0.664136622391,0.633601484515,0.501594896332,0.497159090909,29,186,0,0,0,0
608,WLNM_dir_neg,0.410083535669,0.347841928904,00:00:05,10,20,18,1234860753,threshold_sweep,0.5,0.666666666667,0.0967741935484,0.169014084507,18,9,168,363,0.0967741935484,0.975806451613,0.0241935483871,0.903225806452,0.666666666667,0.0967741935484,0.169014084507,0.682795698925,0.650537634409,0.0923076923077,0.159448201036,0.0725806451613,342,156,186,0,342,0,156,0,186,37,342,0.256756756757,1.72528881811,18.4864864865,15.5454545455,9.77142857143,5.36771015539,0.290358590277,0.142642642643,9.50849154237,1.02869645341,0.544491860281,8.05331334643,0.871264894205,0.461830251304,0.640599570326,0.371299902718,2,1.72528881811,0.640599570326,2,0.344071394247,0.376569037657,810,0.104247104247,0.56957682835,37,37,37,1,0,0.405405405405,0.540540540541,0.0540540540541,37,0.117117117117,2.18635635636,8.43243243243,7.09090909091,4.45714285714,5.03620525429,0.597242289772,0.326923076923,6.00062559301,1.42322530091,0.680526680527,3.83793300225,0.910278981302,0.463617463617,1.32204914232,0.604681454823,4.3462962963,2.18635635636,1.32204914232,4.3462962963,0,0,0,0,0.160896782956,37,37,37,1,0,0.405405405405,0.540540540541,0.0540540540541,37,183,0.137387387387,2.16482116294,9.89189189189,8.31818181818,4.94594594595,4.81192837173,0.486451775284,0.260375129228,5.99511813407,1.21212771017,0.623246197017,3.40706737651,0.688860617109,0.37069856742,1.19883606443,0.553780647081,3.37098159066,2.16482116294,1.19883606443,3.37098159066,0.0957118460988,0.0319796954315,21,0.0027027027027,0.187833737979,37,37,37,1,0,0.405405405405,0.594594594595,0,-159,-0.119369369369,0.439532344822,-8.59459459459,-7.22727272727,-4.82548262548,-0.555781783664,0.196093185007,0.117732486585,-3.51337340831,0.183431256752,0.0787543367354,-4.64624596992,-0.182404277095,-0.0911316838841,0.5582364941,0.182480744363,1.37098159066,0.439532344822,0.5582364941,1.37098159066,-0.248359548149,-0.344589342225,-789,-0.101544401544,-0.38174309037,0,0.0540540540541,-0.0540540540541,174,9,168,981,0.508771929825,0.990909090909,0.00909090909091,0.491228070175,0.950819672131,0.508771929825,0.662857142857,0.634071079582,0.499681020734,0.495726495726,27,186,0,0,0,0
609,WLNM_dir_neg,0.410083535669,0.347841928904,00:00:05,10,20,18,1234860753,threshold_sweep,0.6,0.75,0.0967741935484,0.171428571429,18,6,168,366,0.0967741935484,0.983870967742,0.0161290322581,0.903225806452,0.75,0.0967741935484,0.171428571429,0.688172043011,0.652329749104,0.103092783505,0.187382922249,0.0806451612903,342,156,186,0,342,0,156,0,186,37,342,0.256756756757,1.72528881811,18.4864864865,15.5454545455,9.77142857143,5.36771015539,0.290358590277,0.142642642643,9.50849154237,1.02869645341,0.544491860281,8.05331334643,0.871264894205,0.461830251304,0.640599570326,0.371299902718,2,1.72528881811,0.640599570326,2,0.344071394247,0.376569037657,810,0.104247104247,0.56957682835,37,37,37,1,0,0.405405405405,0.540540540541,0.0540540540541,37,0.117117117117,2.18635635636,8.43243243243,7.09090909091,4.45714285714,5.03620525429,0.597242289772,0.326923076923,6.00062559301,1.42322530091,0.680526680527,3.83793300225,0.910278981302,0.463617463617,1.32204914232,0.604681454823,4.3462962963,2.18635635636,1.32204914232,4.3462962963,0,0,0,0,0.160896782956,37,37,37,1,0,0.405405405405,0.540540540541,0.0540540540541,37,180,0.135135135135,2.1292021903,9.72972972973,8.18181818182,5,4.90831861146,0.504466079511,0.271321321321,6.02846102603,1.23918365535,0.632432432432,3.46540170962,0.712332573643,0.382882882883,1.15371074845,0.541851193704,3.4788599339,2.1292021903,1.15371074845,3.4788599339,0.102837153224,0.0292008196721,19,0.0024453024453,0.183992293229,37,37,37,1,0,0.405405405405,0.567567567568,0.027027027027,-162,-0.121621621622,0.403913372182,-8.75675675676,-7.36363636364,-4.77142857143,-0.459391543935,0.214107489234,0.128678678679,-3.48003051635,0.210487201935,0.0879405721511,-4.58791163682,-0.158932320562,-0.0789473684211,0.513111178125,0.170551290987,1.4788599339,0.403913372182,0.513111178125,1.4788599339,-0.241234241023,-0.347368217985,-791,-0.101801801802,-0.385584535121,0,0.027027027027,-0.027027027027,174,6,168,984,0.508771929825,0.993939393939,0.00606060606061,0.491228070175,0.966666666667,0.508771929825,0.666666666667,0.642372330965,0.502711323764,0.5,24,186,0,0,0,0
610,WLNM_dir_neg,0.410083535669,0.347841928904,00:00:05,10,20,18,1234860753,threshold_sweep,0.7,0.7,0.0752688172043,0.135922330097,14,6,172,366,0.0752688172043,0.983870967742,0.0161290322581,0.924731182796,0.7,0.0752688172043,0.135922330097,0.681003584229,0.654719235364,0.076124567474,0.149969017866,0.0591397849462,342,156,186,0,342,0,156,0,186,37,342,0.256756756757,1.72528881811,18.4864864865,15.5454545455,9.77142857143,5.36771015539,0.290358590277,0.142642642643,9.50849154237,1.02869645341,0.544491860281,8.05331334643,0.871264894205,0.461830251304,0.640599570326,0.371299902718,2,1.72528881811,0.640599570326,2,0.344071394247,0.376569037657,810,0.104247104247,0.56957682835,37,37,37,1,0,0.405405405405,0.540540540541,0.0540540540541,37,0.117117117117,2.18635635636,8.43243243243,7.09090909091,4.45714285714,5.03620525429,0.597242289772,0.326923076923,6.00062559301,1.42322530091,0.680526680527,3.83793300225,0.910278981302,0.463617463617,1.32204914232,0.604681454823,4.3462962963,2.18635635636,1.32204914232,4.3462962963,0,0,0,0,0.160896782956,37,37,37,1,0,0.405405405405,0.540540540541,0.0540540540541,37,176,0.132132132132,2.15854975382,9.51351351351,8,4.88888888889,4.7412001623,0.498364789787,0.267966830467,5.98797593982,1.25883585098,0.637899262899,3.49130193326,0.733966883697,0.391584766585,1.20615656393,0.558780987928,3.60707367628,2.15854975382,1.20615656393,3.60707367628,0.109254730385,0.0275229357798,17,0.0021879021879,0.177080458777,37,37,37,1,0,0.405405405405,0.567567567568,0.027027027027,-166,-0.124624624625,0.433260935709,-8.97297297297,-7.54545454545,-4.88253968254,-0.626509993095,0.20800619951,0.125324187824,-3.52051560256,0.23013939757,0.0934074026179,-4.56201141317,-0.137298010508,-0.0702454847192,0.565556993608,0.187481085211,1.60707367628,0.433260935709,0.565556993608,1.60707367628,-0.234816663863,-0.349046101877,-793,-0.102059202059,-0.392496369573,0,0.027027027027,-0.027027027027,170,6,172,984,0.497076023392,0.993939393939,0.00606060606061,0.502923976608,0.965909090909,0.497076023392,0.656370656371,0.633418185819,0.491015417331,0.488505747126,20,186,0,0,0,0
611,WLNM_dir_neg,0.410083535669,0.347841928904,00:00:05,10,20,18,1234860753,threshold_sweep,0.8,0.7,0.0752688172043,0.135922330097,14,6,172,366,0.0752688172043,0.983870967742,0.0161290322581,0.924731182796,0.7,0.0752688172043,0.135922330097,0.681003584229,0.654719235364,0.076124567474,0.149969017866,0.0591397849462,342,156,186,0,342,0,156,0,186,37,342,0.256756756757,1.72528881811,18.4864864865,15.5454545455,9.77142857143,5.36771015539,0.290358590277,0.142642642643,9.50849154237,1.02869645341,0.544491860281,8.05331334643,0.871264894205,0.461830251304,0.640599570326,0.371299902718,2,1.72528881811,0.640599570326,2,0.344071394247,0.376569037657,810,0.104247104247,0.56957682835,37,37,37,1,0,0.405405405405,0.540540540541,0.0540540540541,37,0.117117117117,2.18635635636,8.43243243243,7.09090909091,4.45714285714,5.03620525429,0.597242289772,0.326923076923,6.00062559301,1.42322530091,0.680526680527,3.83793300225,0.910278981302,0.463617463617,1.32204914232,0.604681454823,4.3462962963,2.18635635636,1.32204914232,4.3462962963,0,0,0,0,0.160896782956,37,37,37,1,0,0.405405405405,0.540540540541,0.0540540540541,37,176,0.132132132132,2.15854975382,9.51351351351,8,4.88888888889,4.7412001623,0.498364789787,0.267966830467,5.98797593982,1.25883585098,0.637899262899,3.49130193326,0.733966883697,0.391584766585,1.20615656393,0.558780987928,3.60707367628,2.15854975382,1.20615656393,3.60707367628,0.109254730385,0.0275229357798,17,0.0021879021879,0.177080458777,37,37,37,1,0,0.405405405405,0.567567567568,0.027027027027,-166,-0.124624624625,0.433260935709,-8.97297297297,-7.54545454545,-4.88253968254,-0.626509993095,0.20800619951,0.125324187824,-3.52051560256,0.23013939757,0.0934074026179,-4.56201141317,-0.137298010508,-0.0702454847192,0.565556993608,0.187481085211,1.60707367628,0.433260935709,0.565556993608,1.60707367628,-0.234816663863,-0.349046101877,-793,-0.102059202059,-0.392496369573,0,0.027027027027,-0.027027027027,170,6,172,984,0.497076023392,0.993939393939,0.00606060606061,0.502923976608,0.965909090909,0.497076023392,0.656370656371,0.633418185819,0.491015417331,0.488505747126,20,186,0,0,0,0
612,WLNM_dir_neg,0.410083535669,0.347841928904,00:00:05,10,20,18,1234860753,threshold_sweep,0.9,0.733333333333,0.0591397849462,0.109452736318,11,4,175,368,0.0591397849462,0.989247311828,0.010752688172,0.940860215054,0.733333333333,0.0591397849462,0.109452736318,0.679211469534,0.65770609319,0.0628272251309,0.141030148417,0.0483870967742,342,156,186,0,342,0,156,0,186,37,342,0.256756756757,1.72528881811,18.4864864865,15.5454545455,9.77142857143,5.36771015539,0.290358590277,0.142642642643,9.50849154237,1.02869645341,0.544491860281,8.05331334643,0.871264894205,0.461830251304,0.640599570326,0.371299902718,2,1.72528881811,0.640599570326,2,0.344071394247,0.376569037657,810,0.104247104247,0.56957682835,37,37,37,1,0,0.405405405405,0.540540540541,0.0540540540541,37,0.117117117117,2.18635635636,8.43243243243,7.09090909091,4.45714285714,5.03620525429,0.597242289772,0.326923076923,6.00062559301,1.42322530091,0.680526680527,3.83793300225,0.910278981302,0.463617463617,1.32204914232,0.604681454823,4.3462962963,2.18635635636,1.32204914232,4.3462962963,0,0,0,0,0.160896782956,37,37,37,1,0,0.405405405405,0.540540540541,0.0540540540541,37,171,0.128378378378,2.17306099203,9.24324324324,7.77272727273,4.75,4.68096265862,0.506419936751,0.273115220484,5.94582650713,1.28652386412,0.644539276118,3.58508756558,0.775720701324,0.410621147463,1.23819277301,0.569792001952,3.75,2.17306099203,1.23819277301,3.75,0.113719546614,0.0219966159052,13,0.0016731016731,0.173916435261,37,37,37,1,0,0.405405405405,0.567567567568,0.027027027027,-171,-0.128378378378,0.447772173912,-9.24324324324,-7.77272727273,-5.02142857143,-0.686747496772,0.216061346474,0.130472577841,-3.56266503525,0.2578274107,0.100047415837,-4.46822578086,-0.0955441928813,-0.0512091038407,0.597593202685,0.198492099234,1.75,0.447772173912,0.597593202685,1.75,-0.230351847633,-0.354572421752,-797,-0.102574002574,-0.395660393089,0,0.027027027027,-0.027027027027,167,4,175,986,0.488304093567,0.99595959596,0.0040404040404,0.511695906433,0.976608187135,0.488304093567,0.651072124756,0.632409509528,0.484263689527,0.482658959538,15,186,0,0,0,0
613,WLNM_dir_neg,0.501597005434,0.382983527049,00:00:07,10,20,19,1234860754,threshold_sweep,0.1,0.52,0.139784946237,0.220338983051,26,24,160,348,0.139784946237,0.935483870968,0.0645161290323,0.860215053763,0.52,0.139784946237,0.220338983051,0.670250896057,0.636798088411,0.0921052631579,0.124229911318,0.0752688172043,342,156,186,0,342,0,156,0,186,37,342,0.256756756757,1.72528881811,18.4864864865,15.5454545455,9.77142857143,5.36771015539,0.290358590277,0.142642642643,9.50849154237,1.02869645341,0.544491860281,8.05331334643,0.871264894205,0.461830251304,0.640599570326,0.371299902718,2,1.72528881811,0.640599570326,2,0.344071394247,0.376569037657,810,0.104247104247,0.56957682835,37,37,37,1,0,0.405405405405,0.540540540541,0.0540540540541,37,0.117117117117,2.18635635636,8.43243243243,7.09090909091,4.45714285714,5.03620525429,0.597242289772,0.326923076923,6.00062559301,1.42322530091,0.680526680527,3.83793300225,0.910278981302,0.463617463617,1.32204914232,0.604681454823,4.3462962963,2.18635635636,1.32204914232,4.3462962963,0,0,0,0,0.160896782956,37,37,37,1,0,0.405405405405,0.540540540541,0.0540540540541,37,206,0.154654654655,1,11.1351351351,6.24242424242,5.56756756757,5.17559530748,0.46479860771,0.250459197061,5.9186172397,1.06305261101,0.551561270008,3.63272579432,0.652479875678,0.353450537917,0,0,0,NaN,NaN,NaN,0.150870983766,0.112345679012,91,0.0117117117117,0.193377699185,37,37,0,1,2,0.108108108108,0.891891891892,0,-136,-0.102102102102,-0.725288818115,-7.35135135135,-9.30303030303,-4.20386100386,-0.192114847915,0.174440017433,0.107816554418,-3.58987430268,0.0343561575986,0.00706940972654,-4.42058755212,-0.218785018527,-0.108379713387,-0.640599570326,-0.371299902718,-2,NaN,NaN,NaN,-0.193200410482,-0.264223358645,-719,-0.0925353925354,-0.376199129165,-0.297297297297,0.351351351351,-0.0540540540541,182,24,160,966,0.53216374269,0.975757575758,0.0242424242424,0.46783625731,0.883495145631,0.53216374269,0.664233576642,0.613655012893,0.507921318448,0.497267759563,50,186,0,0,0,0
614,WLNM_dir_neg,0.501597005434,0.382983527049,00:00:07,10,20,19,1234860754,threshold_sweep,0.2,0.510638297872,0.129032258065,0.206008583691,24,23,162,349,0.129032258065,0.938172043011,0.0618279569892,0.870967741935,0.510638297872,0.129032258065,0.206008583691,0.668458781362,0.638590203106,0.0826446280992,0.114068474047,0.0672043010753,342,156,186,0,342,0,156,0,186,37,342,0.256756756757,1.72528881811,18.4864864865,15.5454545455,9.77142857143,5.36771015539,0.290358590277,0.142642642643,9.50849154237,1.02869645341,0.544491860281,8.05331334643,0.871264894205,0.461830251304,0.640599570326,0.371299902718,2,1.72528881811,0.640599570326,2,0.344071394247,0.376569037657,810,0.104247104247,0.56957682835,37,37,37,1,0,0.405405405405,0.540540540541,0.0540540540541,37,0.117117117117,2.18635635636,8.43243243243,7.09090909091,4.45714285714,5.03620525429,0.597242289772,0.326923076923,6.00062559301,1.42322530091,0.680526680527,3.83793300225,0.910278981302,0.463617463617,1.32204914232,0.604681454823,4.3462962963,2.18635635636,1.32204914232,4.3462962963,0,0,0,0,0.160896782956,37,37,37,1,0,0.405405405405,0.540540540541,0.0540540540541,37,203,0.152402402402,1,10.972972973,6.15151515152,5.48648648649,5.12882099559,0.467404869056,0.252696045799,5.91899776436,1.07883210483,0.555718279856,3.61802295323,0.659442607239,0.353880974571,0,0,0,NaN,NaN,NaN,0.147732506943,0.106644096488,84,0.0108108108108,0.190136707831,37,37,0,1,2,0.108108108108,0.891891891892,0,-139,-0.104354354354,-0.725288818115,-7.51351351351,-9.39393939394,-4.28494208494,-0.238889159803,0.177046278779,0.110053403157,-3.58949377801,0.0501356514198,0.0112264195749,-4.43529039321,-0.211822286966,-0.107949276733,-0.640599570326,-0.371299902718,-2,NaN,NaN,NaN,-0.196338887304,-0.269924941169,-726,-0.0934362934363,-0.379440120519,-0.297297297297,0.351351351351,-0.0540540540541,180,23,162,967,0.526315789474,0.976767676768,0.0232323232323,0.473684210526,0.886699507389,0.526315789474,0.660550458716,0.611470775015,0.503083466241,0.493150684932,47,186,0,0,0,0
615,WLNM_dir_neg,0.501597005434,0.382983527049,00:00:07,10,20,19,1234860754,threshold_sweep,0.3,0.647058823529,0.118279569892,0.2,22,12,164,360,0.118279569892,0.967741935484,0.0322580645161,0.881720430108,0.647058823529,0.118279569892,0.2,0.68458781362,0.646356033453,0.108108108108,0.169523487583,0.0860215053763,342,156,186,0,342,0,156,0,186,37,342,0.256756756757,1.72528881811,18.4864864865,15.5454545455,9.77142857143,5.36771015539,0.290358590277,0.142642642643,9.50849154237,1.02869645341,0.544491860281,8.05331334643,0.871264894205,0.461830251304,0.640599570326,0.371299902718,2,1.72528881811,0.640599570326,2,0.344071394247,0.376569037657,810,0.104247104247,0.56957682835,37,37,37,1,0,0.405405405405,0.540540540541,0.0540540540541,37,0.117117117117,2.18635635636,8.43243243243,7.09090909091,4.45714285714,5.03620525429,0.597242289772,0.326923076923,6.00062559301,1.42322530091,0.680526680527,3.83793300225,0.910278981302,0.463617463617,1.32204914232,0.604681454823,4.3462962963,2.18635635636,1.32204914232,4.3462962963,0,0,0,0,0.160896782956,37,37,37,1,0,0.405405405405,0.540540540541,0.0540540540541,37,190,0.142642642643,1,10.2702702703,8.26086956522,5.13513513514,4.59255828396,0.447170148702,0.238833570413,6.05604455694,1.17933499267,0.612517780939,3.359581341,0.654234261142,0.349644381223,0,0,0,NaN,NaN,NaN,0.10895993992,0.0540935672515,37,0.0047619047619,0.191035056014,37,37,0,1,2,0.378378378378,0.621621621622,0,-152,-0.114114114114,-0.725288818115,-8.21621621622,-7.28458498024,-4.63629343629,-0.775151871431,0.156811558424,0.0961909277699,-3.45244698543,0.150638539253,0.0680259206575,-4.69373200544,-0.217030633063,-0.112185870081,-0.640599570326,-0.371299902718,-2,NaN,NaN,NaN,-0.235111454328,-0.322475470405,-773,-0.0994851994852,-0.378541772336,-0.027027027027,0.0810810810811,-0.0540540540541,178,12,164,978,0.520467836257,0.987878787879,0.0121212121212,0.479532163743,0.936842105263,0.520467836257,0.669172932331,0.635010259072,0.508346624136,0.502824858757,34,186,0,0,0,0
616,WLNM_dir_neg,0.501597005434,0.382983527049,00:00:07,10,20,19,1234860754,threshold_sweep,0.4,0.636363636364,0.112903225806,0.191780821918,21,12,165,360,0.112903225806,0.967741935484,0.0322580645161,0.887096774194,0.636363636364,0.112903225806,0.191780821918,0.682795698925,0.646953405018,0.10152284264,0.161164592805,0.0806451612903,342,156,186,0,342,0,156,0,186,37,342,0.256756756757,1.72528881811,18.4864864865,15.5454545455,9.77142857143,5.36771015539,0.290358590277,0.142642642643,9.50849154237,1.02869645341,0.544491860281,8.05331334643,0.871264894205,0.461830251304,0.640599570326,0.371299902718,2,1.72528881811,0.640599570326,2,0.344071394247,0.376569037657,810,0.104247104247,0.56957682835,37,37,37,1,0,0.405405405405,0.540540540541,0.0540540540541,37,0.117117117117,2.18635635636,8.43243243243,7.09090909091,4.45714285714,5.03620525429,0.597242289772,0.326923076923,6.00062559301,1.42322530091,0.680526680527,3.83793300225,0.910278981302,0.463617463617,1.32204914232,0.604681454823,4.3462962963,2.18635635636,1.32204914232,4.3462962963,0,0,0,0,0.160896782956,37,37,37,1,0,0.405405405405,0.540540540541,0.0540540540541,37,189,0.141891891892,1,10.2162162162,8.21739130435,5.10810810811,4.55299129471,0.445663169059,0.237237237237,6.02210642265,1.17893088697,0.613184613185,3.38118802086,0.661925697206,0.353496353496,0,0,0,NaN,NaN,NaN,0.0955629488911,0.0443568260227,30,0.003861003861,0.19071594134,37,37,0,1,2,0.378378378378,0.621621621622,0,-153,-0.114864864865,-0.725288818115,-8.27027027027,-7.32806324111,-4.66332046332,-0.814718860681,0.155304578782,0.0945945945946,-3.48638511972,0.15023443356,0.0686927529033,-4.67212532557,-0.209339196999,-0.108333897808,-0.640599570326,-0.371299902718,-2,NaN,NaN,NaN,-0.248508445356,-0.332212211634,-780,-0.100386100386,-0.37886088701,-0.027027027027,0.0810810810811,-0.0540540540541,177,12,165,978,0.517543859649,0.987878787879,0.0121212121212,0.482456140351,0.936507936508,0.517543859649,0.666666666667,0.632748801756,0.505422647528,0.5,33,186,0,0,0,0
617,WLNM_dir_neg,0.501597005434,0.382983527049,00:00:07,10,20,19,1234860754,threshold_sweep,0.5,0.666666666667,0.0967741935484,0.169014084507,18,9,168,363,0.0967741935484,0.975806451613,0.0241935483871,0.903225806452,0.666666666667,0.0967741935484,0.169014084507,0.682795698925,0.650537634409,0.0923076923077,0.159448201036,0.0725806451613,342,156,186,0,342,0,156,0,186,37,342,0.256756756757,1.72528881811,18.4864864865,15.5454545455,9.77142857143,5.36771015539,0.290358590277,0.142642642643,9.50849154237,1.02869645341,0.544491860281,8.05331334643,0.871264894205,0.461830251304,0.640599570326,0.371299902718,2,1.72528881811,0.640599570326,2,0.344071394247,0.376569037657,810,0.104247104247,0.56957682835,37,37,37,1,0,0.405405405405,0.540540540541,0.0540540540541,37,0.117117117117,2.18635635636,8.43243243243,7.09090909091,4.45714285714,5.03620525429,0.597242289772,0.326923076923,6.00062559301,1.42322530091,0.680526680527,3.83793300225,0.910278981302,0.463617463617,1.32204914232,0.604681454823,4.3462962963,2.18635635636,1.32204914232,4.3462962963,0,0,0,0,0.160896782956,37,37,37,1,0,0.405405405405,0.540540540541,0.0540540540541,37,183,0.137387387387,1,9.89189189189,7.95652173913,4.94594594595,4.69505522263,0.474636730157,0.254172204992,6.05505273831,1.22424563561,0.626790725151,3.39072219402,0.685555853435,0.368335548663,0,0,0,NaN,NaN,NaN,0.0756358789641,0.0378024193548,25,0.0032175032175,0.1777263799,37,37,0,1,2,0.378378378378,0.621621621622,0,-159,-0.119369369369,-0.725288818115,-8.59459459459,-7.58893280632,-4.82548262548,-0.672654932763,0.184278139879,0.111529562349,-3.45343880407,0.195549182199,0.08229886487,-4.66259115242,-0.18570904077,-0.0934947026405,-0.640599570326,-0.371299902718,-2,NaN,NaN,NaN,-0.268435515283,-0.338766618302,-785,-0.10102960103,-0.39185044845,-0.027027027027,0.0810810810811,-0.0540540540541,174,9,168,981,0.508771929825,0.990909090909,0.00909090909091,0.491228070175,0.950819672131,0.508771929825,0.662857142857,0.634071079582,0.499681020734,0.495726495726,27,186,0,0,0,0
618,WLNM_dir_neg,0.501597005434,0.382983527049,00:00:07,10,20,19,1234860754,threshold_sweep,0.6,0.782608695652,0.0967741935484,0.172248803828,18,5,168,367,0.0967741935484,0.986559139785,0.0134408602151,0.903225806452,0.782608695652,0.0967741935484,0.172248803828,0.689964157706,0.652927120669,0.106712564544,0.197608620777,0.0833333333333,342,156,186,0,342,0,156,0,186,37,342,0.256756756757,1.72528881811,18.4864864865,15.5454545455,9.77142857143,5.36771015539,0.290358590277,0.142642642643,9.50849154237,1.02869645341,0.544491860281,8.05331334643,0.871264894205,0.461830251304,0.640599570326,0.371299902718,2,1.72528881811,0.640599570326,2,0.344071394247,0.376569037657,810,0.104247104247,0.56957682835,37,37,37,1,0,0.405405405405,0.540540540541,0.0540540540541,37,0.117117117117,2.18635635636,8.43243243243,7.09090909091,4.45714285714,5.03620525429,0.597242289772,0.326923076923,6.00062559301,1.42322530091,0.680526680527,3.83793300225,0.910278981302,0.463617463617,1.32204914232,0.604681454823,4.3462962963,2.18635635636,1.32204914232,4.3462962963,0,0,0,0,0.160896782956,37,37,37,1,0,0.405405405405,0.540540540541,0.0540540540541,37,179,0.134384384384,1,9.67567567568,7.78260869565,5.11428571429,4.7961445978,0.495690922119,0.267250490714,6.06682011488,1.25403544274,0.635059640646,3.50010724846,0.723485855828,0.391061452514,0,0,0,NaN,NaN,NaN,0.0691700978853,0.0295489891135,19,0.0024453024453,0.177935355159,37,37,0,1,2,0.378378378378,0.567567567568,0.0540540540541,-163,-0.122372372372,-0.725288818115,-8.81081081081,-7.7628458498,-4.65714285714,-0.571565557594,0.205332331842,0.124607848072,-3.4416714275,0.225338989326,0.0905677803649,-4.55320609797,-0.147779038377,-0.07076879879,-0.640599570326,-0.371299902718,-2,NaN,NaN,NaN,-0.274901296362,-0.347020048543,-791,-0.101801801802,-0.391641473191,-0.027027027027,0.027027027027,0,174,5,168,985,0.508771929825,0.994949494949,0.00505050505051,0.491228070175,0.972067039106,0.508771929825,0.667946257198,0.645178526441,0.503721424774,0.50144092219,23,186,0,0,0,0
619,WLNM_dir_neg,0.501597005434,0.382983527049,00:00:07,10,20,19,1234860754,threshold_sweep,0.7,0.809523809524,0.0913978494624,0.164251207729,17,4,169,368,0.0913978494624,0.989247311828,0.010752688172,0.908602150538,0.809523809524,0.0913978494624,0.164251207729,0.689964157706,0.654121863799,0.103626943005,0.199760431138,0.0806451612903,342,156,186,0,342,0,156,0,186,37,342,0.256756756757,1.72528881811,18.4864864865,15.5454545455,9.77142857143,5.36771015539,0.290358590277,0.142642642643,9.50849154237,1.02869645341,0.544491860281,8.05331334643,0.871264894205,0.461830251304,0.640599570326,0.371299902718,2,1.72528881811,0.640599570326,2,0.344071394247,0.376569037657,810,0.104247104247,0.56957682835,37,37,37,1,0,0.405405405405,0.540540540541,0.0540540540541,37,0.117117117117,2.18635635636,8.43243243243,7.09090909091,4.45714285714,5.03620525429,0.597242289772,0.326923076923,6.00062559301,1.42322530091,0.680526680527,3.83793300225,0.910278981302,0.463617463617,1.32204914232,0.604681454823,4.3462962963,2.18635635636,1.32204914232,4.3462962963,0,0,0,0,0.160896782956,37,37,37,1,0,0.405405405405,0.540540540541,0.0540540540541,37,177,0.132882882883,2.11169906841,9.56756756757,8.04545454545,5.05714285714,4.79316956454,0.500980999684,0.27027027027,6.06966562842,1.26880015961,0.641013895251,3.51295329329,0.734346168654,0.395480225989,1.18026999304,0.558919597353,3.99941927991,2.11169906841,1.18026999304,3.99941927991,0.0630467476443,0.0267997898056,17,0.0021879021879,0.184035565204,37,37,37,1,0,0.405405405405,0.540540540541,0.0540540540541,-165,-0.123873873874,0.386410250291,-8.91891891892,-7.5,-4.71428571429,-0.574540590849,0.210622409407,0.127627627628,-3.43882591395,0.240103706199,0.0965220349698,-4.54036005314,-0.136918725551,-0.0663500253152,0.539670422719,0.187619694636,1.99941927991,0.386410250291,0.539670422719,1.99941927991,-0.281024646603,-0.349769247851,-793,-0.102059202059,-0.385541263145,0,0,0,173,4,169,986,0.505847953216,0.99595959596,0.0040404040404,0.494152046784,0.977401129944,0.505847953216,0.666666666667,0.645788364092,0.501807549176,0.5,21,186,0,0,0,0
620,WLNM_dir_neg,0.501597005434,0.382983527049,00:00:07,10,20,19,1234860754,threshold_sweep,0.8,0.809523809524,0.0913978494624,0.164251207729,17,4,169,368,0.0913978494624,0.989247311828,0.010752688172,0.908602150538,0.809523809524,0.0913978494624,0.164251207729,0.689964157706,0.654121863799,0.103626943005,0.199760431138,0.0806451612903,342,156,186,0,342,0,156,0,186,37,342,0.256756756757,1.72528881811,18.4864864865,15.5454545455,9.77142857143,5.36771015539,0.290358590277,0.142642642643,9.50849154237,1.02869645341,0.544491860281,8.05331334643,0.871264894205,0.461830251304,0.640599570326,0.371299902718,2,1.72528881811,0.640599570326,2,0.344071394247,0.376569037657,810,0.104247104247,0.56957682835,37,37,37,1,0,0.405405405405,0.540540540541,0.0540540540541,37,0.117117117117,2.18635635636,8.43243243243,7.09090909091,4.45714285714,5.03620525429,0.597242289772,0.326923076923,6.00062559301,1.42322530091,0.680526680527,3.83793300225,0.910278981302,0.463617463617,1.32204914232,0.604681454823,4.3462962963,2.18635635636,1.32204914232,4.3462962963,0,0,0,0,0.160896782956,37,37,37,1,0,0.405405405405,0.540540540541,0.0540540540541,37,177,0.132882882883,2.11169906841,9.56756756757,8.04545454545,5.05714285714,4.79316956454,0.500980999684,0.27027027027,6.06966562842,1.26880015961,0.641013895251,3.51295329329,0.734346168654,0.395480225989,1.18026999304,0.558919597353,3.99941927991,2.11169906841,1.18026999304,3.99941927991,0.0630467476443,0.0267997898056,17,0.0021879021879,0.184035565204,37,37,37,1,0,0.405405405405,0.540540540541,0.0540540540541,-165,-0.123873873874,0.386410250291,-8.91891891892,-7.5,-4.71428571429,-0.574540590849,0.210622409407,0.127627627628,-3.43882591395,0.240103706199,0.0965220349698,-4.54036005314,-0.136918725551,-0.0663500253152,0.539670422719,0.187619694636,1.99941927991,0.386410250291,0.539670422719,1.99941927991,-0.281024646603,-0.349769247851,-793,-0.102059202059,-0.385541263145,0,0,0,173,4,169,986,0.505847953216,0.99595959596,0.0040404040404,0.494152046784,0.977401129944,0.505847953216,0.666666666667,0.645788364092,0.501807549176,0.5,21,186,0,0,0,0
621,WLNM_dir_neg,0.501597005434,0.382983527049,00:00:07,10,20,19,1234860754,threshold_sweep,0.9,0.8,0.0860215053763,0.155339805825,16,4,170,368,0.0860215053763,0.989247311828,0.010752688172,0.913978494624,0.8,0.0860215053763,0.155339805825,0.688172043011,0.654719235364,0.0968858131488,0.190869659102,0.0752688172043,342,156,186,0,342,0,156,0,186,37,342,0.256756756757,1.72528881811,18.4864864865,15.5454545455,9.77142857143,5.36771015539,0.290358590277,0.142642642643,9.50849154237,1.02869645341,0.544491860281,8.05331334643,0.871264894205,0.461830251304,0.640599570326,0.371299902718,2,1.72528881811,0.640599570326,2,0.344071394247,0.376569037657,810,0.104247104247,0.56957682835,37,37,37,1,0,0.405405405405,0.540540540541,0.0540540540541,37,0.117117117117,2.18635635636,8.43243243243,7.09090909091,4.45714285714,5.03620525429,0.597242289772,0.326923076923,6.00062559301,1.42322530091,0.680526680527,3.83793300225,0.910278981302,0.463617463617,1.32204914232,0.604681454823,4.3462962963,2.18635635636,1.32204914232,4.3462962963,0,0,0,0,0.160896782956,37,37,37,1,0,0.405405405405,0.540540540541,0.0540540540541,37,176,0.132132132132,2.10567816852,9.51351351351,8,5.02857142857,4.81099216853,0.505700881351,0.272113022113,6.05716015879,1.27338026065,0.642199017199,3.53085923919,0.742282908239,0.398648648649,1.16946427446,0.555386047093,3.9398970399,2.10567816852,1.16946427446,3.9398970399,0.0630467476443,0.0267997898056,17,0.0021879021879,0.183569869284,37,37,37,1,0,0.405405405405,0.540540540541,0.0540540540541,-166,-0.124624624625,0.380389350401,-8.97297297297,-7.54545454545,-4.74285714286,-0.556717986864,0.215342291074,0.12947037947,-3.45133138359,0.244683807239,0.0977071569177,-4.52245410725,-0.128981985966,-0.0631816026553,0.528864704136,0.184086144375,1.9398970399,0.380389350401,0.528864704136,1.9398970399,-0.281024646603,-0.349769247851,-793,-0.102059202059,-0.386006959066,0,0,0,172,4,170,986,0.502923976608,0.99595959596,0.0040404040404,0.497076023392,0.977272727273,0.502923976608,0.664092664093,0.643568239035,0.498883572568,0.49710982659,20,186,0,0,0,0
622,WLNM_dir_neg,0.431625043358,0.351627249948,00:00:06,10,20,20,1234860755,threshold_sweep,0.1,0.591836734694,0.155913978495,0.246808510638,29,20,157,352,0.155913978495,0.94623655914,0.0537634408602,0.844086021505,0.591836734694,0.155913978495,0.246808510638,0.682795698925,0.637395459976,0.125205930807,0.170142052505,0.102150537634,342,156,186,0,342,0,156,0,186,37,342,0.256756756757,1.72528881811,18.4864864865,15.5454545455,9.77142857143,5.36771015539,0.290358590277,0.142642642643,9.50849154237,1.02869645341,0.544491860281,8.05331334643,0.871264894205,0.461830251304,0.640599570326,0.371299902718,2,1.72528881811,0.640599570326,2,0.344071394247,0.376569037657,810,0.104247104247,0.56957682835,37,37,37,1,0,0.405405405405,0.540540540541,0.0540540540541,37,0.117117117117,2.18481481481,8.43243243243,7.09090909091,4.45714285714,5.03620525429,0.597242289772,0.326923076923,6.00062559301,1.42322530091,0.680526680527,3.83793300225,0.910278981302,0.463617463617,1.318977792,0.603702328937,4.32037037037,2.18481481481,1.318977792,4.32037037037,0,0,0,0,0.160896782956,37,37,37,1,0,0.405405405405,0.540540540541,0.0540540540541,37,205,0.153903903904,5.73624620991,11.0810810811,6.83333333333,5.54054054054,4.99654535309,0.450907751376,0.245880026368,6.03045324718,1.088423269,0.570336189848,3.37963340052,0.609982613753,0.334344100198,2.89212019921,0.504183414271,7.78957976909,5.73624620991,2.89212019921,7.78957976909,0.162964741912,0.108357832843,86,0.0110682110682,0.179831172321,37,37,37,1,0,0.189189189189,0.810810810811,0,-137,-0.102852852853,4.0109573918,-7.40540540541,-8.71212121212,-4.23088803089,-0.371164802305,0.160549161099,0.103237383725,-3.4780382952,0.0597268155876,0.0258443295671,-4.67367994591,-0.261282280452,-0.127486151106,2.25152062889,0.132883511554,5.78957976909,4.0109573918,2.25152062889,5.78957976909,-0.181106652335,-0.268211204814,-724,-0.0931788931789,-0.389745656029,-0.216216216216,0.27027027027,-0.0540540540541,185,20,157,970,0.540935672515,0.979797979798,0.020202020202,0.459064327485,0.90243902439,0.540935672515,0.676416819013,0.630387229504,0.520733652313,0.511049723757,49,186,0,0,0,0
623,WLNM_dir_neg,0.431625043358,0.351627249948,00:00:06,10,20,20,1234860755,threshold_sweep,0.2,0.714285714286,0.134408602151,0.226244343891,25,10,161,362,0.134408602151,0.97311827957,0.0268817204301,0.865591397849,0.714285714286,0.134408602151,0.226244343891,0.693548387097,0.645758661888,0.134907251265,0.209054791948,0.10752688172,342,156,186,0,342,0,156,0,186,37,342,0.256756756757,1.72528881811,18.4864864865,15.5454545455,9.77142857143,5.36771015539,0.290358590277,0.142642642643,9.50849154237,1.02869645341,0.544491860281,8.05331334643,0.871264894205,0.461830251304,0.640599570326,0.371299902718,2,1.72528881811,0.640599570326,2,0.344071394247,0.376569037657,810,0.104247104247,0.56957682835,37,37,37,1,0,0.405405405405,0.540540540541,0.0540540540541,37,0.117117117117,2.18481481481,8.43243243243,7.09090909091,4.45714285714,5.03620525429,0.597242289772,0.326923076923,6.00062559301,1.42322530091,0.680526680527,3.83793300225,0.910278981302,0.463617463617,1.318977792,0.603702328937,4.32037037037,2.18481481481,1.318977792,4.32037037037,0,0,0,0,0.160896782956,37,37,37,1,0,0.405405405405,0.540540540541,0.0540540540541,37,191,0.143393393393,2.17424203075,10.3243243243,8.68181818182,5.16216216216,4.6669884059,0.452038144027,0.241403707372,6.05306861349,1.17258397225,0.611574925711,3.37073610089,0.652969820592,0.35375689826,1.2563346758,0.577826505987,3.5685566802,2.17424203075,1.2563346758,3.5685566802,0.129235228926,0.0670879922217,46,0.00592020592021,0.2019104767,37,37,37,1,0,0.405405405405,0.594594594595,0,-151,-0.113363363363,0.448953212635,-8.16216216216,-6.86363636364,-4.60926640927,-0.700721749496,0.16167955375,0.0987610647297,-3.45542292888,0.143887518832,0.0670830654297,-4.68257724554,-0.218295073613,-0.108073353044,0.615735105472,0.206526603269,1.5685566802,0.448953212635,0.615735105472,1.5685566802,-0.214836165322,-0.309481045435,-764,-0.0983268983269,-0.367666351649,0,0.0540540540541,-0.0540540540541,181,10,161,980,0.529239766082,0.989898989899,0.010101010101,0.470760233918,0.947643979058,0.529239766082,0.679174484053,0.647074963587,0.519138755981,0.514204545455,35,186,0,0,0,0
624,WLNM_dir_neg,0.431625043358,0.351627249948,00:00:06,10,20,20,1234860755,threshold_sweep,0.3,0.727272727273,0.129032258065,0.219178082192,24,9,162,363,0.129032258065,0.975806451613,0.0241935483871,0.870967741935,0.727272727273,0.129032258065,0.219178082192,0.693548387097,0.646953405018,0.131979695431,0.209513970647,0.104838709677,342,156,186,0,342,0,156,0,186,37,342,0.256756756757,1.72528881811,18.4864864865,15.5454545455,9.77142857143,5.36771015539,0.290358590277,0.142642642643,9.50849154237,1.02869645341,0.544491860281,8.05331334643,0.871264894205,0.461830251304,0.640599570326,0.371299902718,2,1.72528881811,0.640599570326,2,0.344071394247,0.376569037657,810,0.104247104247,0.56957682835,37,37,37,1,0,0.405405405405,0.540540540541,0.0540540540541,37,0.117117117117,2.18481481481,8.43243243243,7.09090909091,4.45714285714,5.03620525429,0.597242289772,0.326923076923,6.00062559301,1.42322530091,0.680526680527,3.83793300225,0.910278981302,0.463617463617,1.318977792,0.603702328937,4.32037037037,2.18481481481,1.318977792,4.32037037037,0,0,0,0,0.160896782956,37,37,37,1,0,0.405405405405,0.540540540541,0.0540540540541,37,189,0.141891891892,2.19486116155,10.2162162162,8.59090909091,5.10810810811,4.58339475798,0.448639169432,0.241956241956,6.04971892728,1.18433650957,0.614900614901,3.37296262607,0.660315434734,0.356928356928,1.29340891568,0.589289627216,3.8784308107,2.19486116155,1.29340891568,3.8784308107,0.125631319749,0.0613160518445,41,0.00527670527671,0.197533913169,37,37,37,1,0,0.405405405405,0.594594594595,0,-153,-0.114864864865,0.469572343433,-8.27027027027,-6.95454545455,-4.66332046332,-0.78431539741,0.158280579155,0.0993135993136,-3.45877261509,0.155640056159,0.0704087546193,-4.68035072036,-0.210949459471,-0.104901894376,0.652809345353,0.217989724498,1.8784308107,0.469572343433,0.652809345353,1.8784308107,-0.218440074498,-0.315252985812,-769,-0.0989703989704,-0.372042915181,0,0.0540540540541,-0.0540540540541,180,9,162,981,0.526315789474,0.990909090909,0.00909090909091,0.473684210526,0.952380952381,0.526315789474,0.677966101695,0.647524255,0.517224880383,0.512820512821,33,186,0,0,0,0
625,WLNM_dir_neg,0.431625043358,0.351627249948,00:00:06,10,20,20,1234860755,threshold_sweep,0.4,0.75,0.129032258065,0.220183486239,24,8,162,364,0.129032258065,0.978494623656,0.0215053763441,0.870967741935,0.75,0.129032258065,0.220183486239,0.695340501792,0.647550776583,0.135593220339,0.218010360098,0.10752688172,342,156,186,0,342,0,156,0,186,37,342,0.256756756757,1.72528881811,18.4864864865,15.5454545455,9.77142857143,5.36771015539,0.290358590277,0.142642642643,9.50849154237,1.02869645341,0.544491860281,8.05331334643,0.871264894205,0.461830251304,0.640599570326,0.371299902718,2,1.72528881811,0.640599570326,2,0.344071394247,0.376569037657,810,0.104247104247,0.56957682835,37,37,37,1,0,0.405405405405,0.540540540541,0.0540540540541,37,0.117117117117,2.18481481481,8.43243243243,7.09090909091,4.45714285714,5.03620525429,0.597242289772,0.326923076923,6.00062559301,1.42322530091,0.680526680527,3.83793300225,0.910278981302,0.463617463617,1.318977792,0.603702328937,4.32037037037,2.18481481481,1.318977792,4.32037037037,0,0,0,0,0.160896782956,37,37,37,1,0,0.405405405405,0.540540540541,0.0540540540541,37,188,0.141141141141,2.20144110075,10.1621621622,8.54545454545,5.08108108108,4.63389393199,0.455994881606,0.246693502013,6.0524484411,1.19117336341,0.617021276596,3.40243685857,0.669628530677,0.362277170788,1.30469297,0.59265404355,3.9142269996,2.20144110075,1.30469297,3.9142269996,0.127990822108,0.060120240481,40,0.00514800514801,0.198099088734,37,37,37,1,0,0.405405405405,0.594594594595,0,-154,-0.115615615616,0.476152282637,-8.32432432432,-7,-4.69034749035,-0.733816223399,0.165636291329,0.10405085937,-3.45604310128,0.162476909992,0.0725294163144,-4.65087648786,-0.201636363528,-0.0995530805161,0.664093399672,0.221354140832,1.9142269996,0.476152282637,0.664093399672,1.9142269996,-0.216080572139,-0.316448797176,-770,-0.0990990990991,-0.371477739616,0,0.0540540540541,-0.0540540540541,180,8,162,982,0.526315789474,0.991919191919,0.00808080808081,0.473684210526,0.957446808511,0.526315789474,0.679245283019,0.650227657673,0.518234981393,0.514285714286,32,186,0,0,0,0
626,WLNM_dir_neg,0.431625043358,0.351627249948,00:00:06,10,20,20,1234860755,threshold_sweep,0.5,0.741935483871,0.123655913978,0.21198156682,23,8,163,364,0.123655913978,0.978494623656,0.0215053763441,0.876344086022,0.741935483871,0.123655913978,0.21198156682,0.693548387097,0.648148148148,0.129032258065,0.21022407211,0.102150537634,342,156,186,0,342,0,156,0,186,37,342,0.256756756757,1.72528881811,18.4864864865,15.5454545455,9.77142857143,5.36771015539,0.290358590277,0.142642642643,9.50849154237,1.02869645341,0.544491860281,8.05331334643,0.871264894205,0.461830251304,0.640599570326,0.371299902718,2,1.72528881811,0.640599570326,2,0.344071394247,0.376569037657,810,0.104247104247,0.56957682835,37,37,37,1,0,0.405405405405,0.540540540541,0.0540540540541,37,0.117117117117,2.18481481481,8.43243243243,7.09090909091,4.45714285714,5.03620525429,0.597242289772,0.326923076923,6.00062559301,1.42322530091,0.680526680527,3.83793300225,0.910278981302,0.463617463617,1.318977792,0.603702328937,4.32037037037,2.18481481481,1.318977792,4.32037037037,0,0,0,0,0.160896782956,37,37,37,1,0,0.405405405405,0.540540540541,0.0540540540541,37,187,0.14039039039,2.18552390531,10.1081081081,8.5,5.05405405405,4.62351347753,0.457406413552,0.245989304813,6.05963853866,1.19896591407,0.619453678277,3.40706737651,0.674125630647,0.363925422749,1.27687643484,0.584242721729,3.84181100959,2.18552390531,1.27687643484,3.84181100959,0.127990822108,0.060120240481,40,0.00514800514801,0.196101218879,37,37,37,1,0,0.405405405405,0.594594594595,0,-155,-0.116366366366,0.460235087197,-8.37837837838,-7.04545454545,-4.71737451737,-0.744196677866,0.167047823275,0.10334666217,-3.44885300371,0.170269460652,0.0749618179959,-4.64624596992,-0.197139263558,-0.097904828555,0.636276864516,0.212942819011,1.84181100959,0.460235087197,0.636276864516,1.84181100959,-0.216080572139,-0.316448797176,-770,-0.0990990990991,-0.373475609471,0,0.0540540540541,-0.0540540540541,179,8,163,982,0.523391812865,0.991919191919,0.00808080808081,0.476608187135,0.957219251337,0.523391812865,0.676748582231,0.648002260553,0.515311004785,0.511428571429,31,186,0,0,0,0
627,WLNM_dir_neg,0.431625043358,0.351627249948,00:00:06,10,20,20,1234860755,threshold_sweep,0.6,0.733333333333,0.118279569892,0.203703703704,22,8,164,364,0.118279569892,0.978494623656,0.0215053763441,0.881720430108,0.733333333333,0.118279569892,0.203703703704,0.691756272401,0.648745519713,0.122448979592,0.202259958739,0.0967741935484,342,156,186,0,342,0,156,0,186,37,342,0.256756756757,1.72528881811,18.4864864865,15.5454545455,9.77142857143,5.36771015539,0.290358590277,0.142642642643,9.50849154237,1.02869645341,0.544491860281,8.05331334643,0.871264894205,0.461830251304,0.640599570326,0.371299902718,2,1.72528881811,0.640599570326,2,0.344071394247,0.376569037657,810,0.104247104247,0.56957682835,37,37,37,1,0,0.405405405405,0.540540540541,0.0540540540541,37,0.117117117117,2.18481481481,8.43243243243,7.09090909091,4.45714285714,5.03620525429,0.597242289772,0.326923076923,6.00062559301,1.42322530091,0.680526680527,3.83793300225,0.910278981302,0.463617463617,1.318977792,0.603702328937,4.32037037037,2.18481481481,1.318977792,4.32037037037,0,0,0,0,0.160896782956,37,37,37,1,0,0.405405405405,0.540540540541,0.0540540540541,37,186,0.13963963964,2.18291477678,10.0540540541,8.45454545455,5.02702702703,4.67229390453,0.464717404483,0.250653879686,6.0621159053,1.20590477686,0.621331008428,3.4277177902,0.681857839986,0.367335077012,1.27152898432,0.582491354148,3.75659511998,2.18291477678,1.27152898432,3.75659511998,0.127476021594,0.0558912386707,37,0.0047619047619,0.195846975767,37,37,37,1,0,0.405405405405,0.594594594595,0,-156,-0.117117117117,0.457625958666,-8.43243243243,-7.09090909091,-4.7444015444,-0.695416250861,0.174358814206,0.108011237043,-3.44637563708,0.177208323445,0.0768391481464,-4.62559555623,-0.189407054219,-0.0944951742914,0.63092941399,0.21119145143,1.75659511998,0.457625958666,0.63092941399,1.75659511998,-0.216595372654,-0.320677798986,-773,-0.0994851994852,-0.373729852583,0,0.0540540540541,-0.0540540540541,178,8,164,982,0.520467836257,0.991919191919,0.00808080808081,0.479532163743,0.956989247312,0.520467836257,0.674242424242,0.645773167674,0.512387028177,0.508571428571,30,186,0,0,0,0
628,WLNM_dir_neg,0.431625043358,0.351627249948,00:00:06,10,20,20,1234860755,threshold_sweep,0.7,0.724137931034,0.112903225806,0.195348837209,21,8,165,364,0.112903225806,0.978494623656,0.0215053763441,0.887096774194,0.724137931034,0.112903225806,0.195348837209,0.689964157706,0.649342891278,0.115843270869,0.194105161619,0.0913978494624,342,156,186,0,342,0,156,0,186,37,342,0.256756756757,1.72528881811,18.4864864865,15.5454545455,9.77142857143,5.36771015539,0.290358590277,0.142642642643,9.50849154237,1.02869645341,0.544491860281,8.05331334643,0.871264894205,0.461830251304,0.640599570326,0.371299902718,2,1.72528881811,0.640599570326,2,0.344071394247,0.376569037657,810,0.104247104247,0.56957682835,37,37,37,1,0,0.405405405405,0.540540540541,0.0540540540541,37,0.117117117117,2.18481481481,8.43243243243,7.09090909091,4.45714285714,5.03620525429,0.597242289772,0.326923076923,6.00062559301,1.42322530091,0.680526680527,3.83793300225,0.910278981302,0.463617463617,1.318977792,0.603702328937,4.32037037037,2.18481481481,1.318977792,4.32037037037,0,0,0,0,0.160896782956,37,37,37,1,0,0.405405405405,0.540540540541,0.0540540540541,37,185,0.138888888889,2.20100455294,10,8.40909090909,5,4.6607104847,0.46607104847,0.251570489408,6.06904715201,1.2138094304,0.623520818115,3.44802681093,0.689605362186,0.370489408327,1.31123525081,0.595743997464,4.34741935484,2.20100455294,1.31123525081,4.34741935484,0.134656731716,0.0549618320611,36,0.0046332046332,0.194973510608,37,37,37,1,0,0.405405405405,0.594594594595,0,-157,-0.117867867868,0.475715734825,-8.48648648649,-7.13636363636,-4.77142857143,-0.70699967069,0.175712458193,0.108927846766,-3.43944439036,0.185112976987,0.0790289578341,-4.6052865355,-0.181659532019,-0.0913408429767,0.67063568048,0.224444094747,2.34741935484,0.475715734825,0.67063568048,2.34741935484,-0.209414662532,-0.321607205596,-774,-0.0996138996139,-0.374603317742,0,0.0540540540541,-0.0540540540541,177,8,165,982,0.517543859649,0.991919191919,0.00808080808081,0.482456140351,0.956756756757,0.517543859649,0.671726755218,0.643540331331,0.509463051568,0.505714285714,29,186,0,0,0,0
629,WLNM_dir_neg,0.431625043358,0.351627249948,00:00:06,10,20,20,1234860755,threshold_sweep,0.8,0.666666666667,0.0860215053763,0.152380952381,16,8,170,364,0.0860215053763,0.978494623656,0.0215053763441,0.913978494624,0.666666666667,0.0860215053763,0.152380952381,0.681003584229,0.652329749104,0.0824742268041,0.149906337799,0.0645161290323,342,156,186,0,342,0,156,0,186,37,342,0.256756756757,1.72528881811,18.4864864865,15.5454545455,9.77142857143,5.36771015539,0.290358590277,0.142642642643,9.50849154237,1.02869645341,0.544491860281,8.05331334643,0.871264894205,0.461830251304,0.640599570326,0.371299902718,2,1.72528881811,0.640599570326,2,0.344071394247,0.376569037657,810,0.104247104247,0.56957682835,37,37,37,1,0,0.405405405405,0.540540540541,0.0540540540541,37,0.117117117117,2.18481481481,8.43243243243,7.09090909091,4.45714285714,5.03620525429,0.597242289772,0.326923076923,6.00062559301,1.42322530091,0.680526680527,3.83793300225,0.910278981302,0.463617463617,1.318977792,0.603702328937,4.32037037037,2.18481481481,1.318977792,4.32037037037,0,0,0,0,0.160896782956,37,37,37,1,0,0.405405405405,0.540540540541,0.0540540540541,37,180,0.135135135135,2.24420464113,9.72972972973,8.18181818182,4.86486486486,4.45127103352,0.457491745111,0.247147147147,5.96360332052,1.22585179366,0.628528528529,3.52894509074,0.725394268652,0.388588588589,1.3851700385,0.617220913421,4.48599202667,2.24420464113,1.3851700385,4.48599202667,0.121709081926,0.0406283856988,25,0.0032175032175,0.191777921431,37,37,37,1,0,0.405405405405,0.594594594595,0,-162,-0.121621621622,0.51891582302,-8.75675675676,-7.36363636364,-4.90656370656,-0.916439121878,0.167133154834,0.104504504505,-3.54488822185,0.197155340248,0.0840366682472,-4.52436825569,-0.145870625553,-0.0732416627153,0.744570468179,0.245921010703,2.48599202667,0.51891582302,0.744570468179,2.48599202667,-0.222362312322,-0.335940651958,-785,-0.10102960103,-0.377798906919,0,0.0540540540541,-0.0540540540541,172,8,170,982,0.502923976608,0.991919191919,0.00808080808081,0.497076023392,0.955555555556,0.502923976608,0.659003831418,0.6323182801,0.494843168527,0.491428571429,24,186,0,0,0,0
630,WLNM_dir_neg,0.431625043358,0.351627249948,00:00:06,10,20,20,1234860755,threshold_sweep,0.9,0.619047619048,0.0698924731183,0.125603864734,13,8,173,364,0.0698924731183,0.978494623656,0.0215053763441,0.930107526882,0.619047619048,0.0698924731183,0.125603864734,0.675627240143,0.654121863799,0.0621761658031,0.119856258683,0.0483870967742,342,156,186,0,342,0,156,0,186,37,342,0.256756756757,1.72528881811,18.4864864865,15.5454545455,9.77142857143,5.36771015539,0.290358590277,0.142642642643,9.50849154237,1.02869645341,0.544491860281,8.05331334643,0.871264894205,0.461830251304,0.640599570326,0.371299902718,2,1.72528881811,0.640599570326,2,0.344071394247,0.376569037657,810,0.104247104247,0.56957682835,37,37,37,1,0,0.405405405405,0.540540540541,0.0540540540541,37,0.117117117117,2.18481481481,8.43243243243,7.09090909091,4.45714285714,5.03620525429,0.597242289772,0.326923076923,6.00062559301,1.42322530091,0.680526680527,3.83793300225,0.910278981302,0.463617463617,1.318977792,0.603702328937,4.32037037037,2.18481481481,1.318977792,4.32037037037,0,0,0,0,0.160896782956,37,37,37,1,0,0.405405405405,0.540540540541,0.0540540540541,37,177,0.132882882883,2.24541678169,9.56756756757,8.04545454545,4.78378378378,4.51257834983,0.471653669333,0.255306153611,5.97278613163,1.24854851339,0.636433043213,3.53659546846,0.739288318265,0.393342495037,1.39998196881,0.623484236971,4.55760675637,2.24541678169,1.39998196881,4.55760675637,0.0943094354859,0.0332963374029,20,0.002574002574,0.185451685349,37,37,37,1,0,0.405405405405,0.594594594595,0,-165,-0.123873873874,0.520127963574,-8.91891891892,-7.5,-4.98764478764,-0.855131805562,0.181295079055,0.112663510969,-3.53570541075,0.219852059976,0.0919411829314,-4.51671787798,-0.13197657594,-0.0684877562665,0.759382398487,0.252184334253,2.55760675637,0.520127963574,0.759382398487,2.55760675637,-0.249761958762,-0.343272700254,-790,-0.101673101673,-0.384125143001,0,0.0540540540541,-0.0540540540541,169,8,173,982,0.494152046784,0.991919191919,0.00808080808081,0.505847953216,0.954802259887,0.494152046784,0.651252408478,0.62553692265,0.486071238703,0.482857142857,21,186,0,0,0,0
631,WLNM_dir_neg,0.696973638571,0.471565589329,00:00:06,10,20,21,1234860756,threshold_sweep,0.1,0.652777777778,0.252688172043,0.364341085271,47,25,139,347,0.252688172043,0.932795698925,0.0672043010753,0.747311827957,0.652777777778,0.252688172043,0.364341085271,0.706093189964,0.623655913978,0.219047619048,0.260825296685,0.185483870968,342,156,186,0,342,0,156,0,186,37,342,0.256756756757,1.72528881811,18.4864864865,15.5454545455,9.77142857143,5.36771015539,0.290358590277,0.142642642643,9.50849154237,1.02869645341,0.544491860281,8.05331334643,0.871264894205,0.461830251304,0.640599570326,0.371299902718,2,1.72528881811,0.640599570326,2,0.344071394247,0.376569037657,810,0.104247104247,0.56957682835,37,37,37,1,0,0.405405405405,0.540540540541,0.0540540540541,37,0.117117117117,2.22747747748,8.43243243243,7.09090909091,4.45714285714,5.03620525429,0.597242289772,0.326923076923,6.00525295579,1.42432281644,0.680873180873,3.83793300225,0.910278981302,0.463617463617,1.42084529335,0.637871901162,5.2,2.22747747748,1.42084529335,5.2,0,0,0,0,0.160752482811,37,37,37,1,0,0.405405405405,0.540540540541,0.0540540540541,37,228,0.171171171171,5.57390228989,12.3243243243,7.6,6.16216216216,6.48953882137,0.526563456997,0.267306780465,7.12005584214,1.15544765859,0.589853010906,4.34302450625,0.70478906461,0.378141299194,2.42949055341,0.435868880913,7.52890303748,5.57390228989,2.42949055341,7.52890303748,0.265815872921,0.16073316884,152,0.0195624195624,0.20274160521,37,37,37,1,0,0.189189189189,0.810810810811,0,-114,-0.0855855855856,3.84861347177,-6.16216216216,-7.94545454545,-3.60926640927,1.12182866598,0.23620486672,0.124664137822,-2.38843570023,0.126751205178,0.0453611506243,-3.71028884019,-0.166475829595,-0.08368895211,1.78889098309,0.0645689781954,5.52890303748,3.84861347177,1.78889098309,5.52890303748,-0.0782555213263,-0.215835868817,-658,-0.0846846846847,-0.36683522314,-0.216216216216,0.27027027027,-0.0540540540541,203,25,139,965,0.593567251462,0.974747474747,0.0252525252525,0.406432748538,0.890350877193,0.593567251462,0.712280701754,0.659124719908,0.568314726209,0.553133514986,72,186,0,0,0,0
632,WLNM_dir_neg,0.696973638571,0.471565589329,00:00:06,10,20,21,1234860756,threshold_sweep,0.2,0.404761904762,0.0913978494624,0.149122807018,17,25,169,347,0.0913978494624,0.932795698925,0.0672043010753,0.908602150538,0.404761904762,0.0913978494624,0.149122807018,0.652329749104,0.641577060932,0.03,0.0432292813278,0.0241935483871,342,156,186,0,342,0,156,0,186,37,342,0.256756756757,1.72528881811,18.4864864865,15.5454545455,9.77142857143,5.36771015539,0.290358590277,0.142642642643,9.50849154237,1.02869645341,0.544491860281,8.05331334643,0.871264894205,0.461830251304,0.640599570326,0.371299902718,2,1.72528881811,0.640599570326,2,0.344071394247,0.376569037657,810,0.104247104247,0.56957682835,37,37,37,1,0,0.405405405405,0.540540540541,0.0540540540541,37,0.117117117117,2.22747747748,8.43243243243,7.09090909091,4.45714285714,5.03620525429,0.597242289772,0.326923076923,6.00525295579,1.42432281644,0.680873180873,3.83793300225,0.910278981302,0.463617463617,1.42084529335,0.637871901162,5.2,2.22747747748,1.42084529335,5.2,0,0,0,0,0.160752482811,37,37,37,1,0,0.405405405405,0.540540540541,0.0540540540541,37,198,0.148648648649,7.96231992142,10.7027027027,6.6,5.35135135135,4.79504874767,0.448022231474,0.243652743653,5.7407714165,1.07277041621,0.562926562927,3.55290347788,0.663926407482,0.358995358995,3.7155767026,0.466644990313,10.3818198251,7.96231992142,3.7155767026,10.3818198251,0.187377970118,0.0674002751032,49,0.00630630630631,0.181750390283,37,37,37,1,0,0.189189189189,0.810810810811,0,-144,-0.108108108108,6.2370311033,-7.78378378378,-8.94545454545,-4.42007722008,-0.572661407727,0.157663641197,0.10101010101,-3.76772012588,0.0440739627991,0.0184347026452,-4.50040986856,-0.207338486722,-0.102834892309,3.07497713227,0.0953450875948,8.38181982506,6.2370311033,3.07497713227,8.38181982506,-0.15669342413,-0.309168762554,-761,-0.0979407979408,-0.387826438067,-0.216216216216,0.27027027027,-0.0540540540541,173,25,169,965,0.505847953216,0.974747474747,0.0252525252525,0.494152046784,0.873737373737,0.505847953216,0.640740740741,0.590161892116,0.480595427964,0.471389645777,42,186,0,0,0,0
633,WLNM_dir_neg,0.696973638571,0.471565589329,00:00:06,10,20,21,1234860756,threshold_sweep,0.3,0.368421052632,0.0752688172043,0.125,14,24,172,348,0.0752688172043,0.935483870968,0.0645161290323,0.924731182796,0.368421052632,0.0752688172043,0.125,0.648745519713,0.643966547192,0.0134228187919,0.0201210909146,0.010752688172,342,156,186,0,342,0,156,0,186,37,342,0.256756756757,1.72528881811,18.4864864865,15.5454545455,9.77142857143,5.36771015539,0.290358590277,0.142642642643,9.50849154237,1.02869645341,0.544491860281,8.05331334643,0.871264894205,0.461830251304,0.640599570326,0.371299902718,2,1.72528881811,0.640599570326,2,0.344071394247,0.376569037657,810,0.104247104247,0.56957682835,37,37,37,1,0,0.405405405405,0.540540540541,0.0540540540541,37,0.117117117117,2.22747747748,8.43243243243,7.09090909091,4.45714285714,5.03620525429,0.597242289772,0.326923076923,6.00525295579,1.42432281644,0.680873180873,3.83793300225,0.910278981302,0.463617463617,1.42084529335,0.637871901162,5.2,2.22747747748,1.42084529335,5.2,0,0,0,0,0.160752482811,37,37,37,1,0,0.405405405405,0.540540540541,0.0540540540541,37,194,0.145645645646,7.93907129981,10.4864864865,6.46666666667,5.24324324324,4.58634217373,0.437357372237,0.238367233213,5.70772091803,1.08858594828,0.567846196712,3.55438231394,0.677897657813,0.36639732516,3.71520345155,0.467964489957,10.4431774154,7.93907129981,3.71520345155,10.4431774154,0.17001648627,0.0558472553699,39,0.00501930501931,0.178971354365,37,37,37,1,0,0.189189189189,0.810810810811,0,-148,-0.111111111111,6.21378248169,-8,-9.07878787879,-4.52818532819,-0.781367981663,0.14699878196,0.09572459057,-3.80077062435,0.0598894948686,0.0233543364308,-4.4989310325,-0.193367236392,-0.0954329261437,3.07460388122,0.0966645872393,8.44317741539,6.21378248169,3.07460388122,8.44317741539,-0.174054907977,-0.320721782287,-771,-0.0992277992278,-0.390605473985,-0.216216216216,0.27027027027,-0.0540540540541,170,24,172,966,0.497076023392,0.975757575758,0.0242424242424,0.502923976608,0.876288659794,0.497076023392,0.634328358209,0.585554042938,0.472833599149,0.464480874317,38,186,0,0,0,0
634,WLNM_dir_neg,0.696973638571,0.471565589329,00:00:06,10,20,21,1234860756,threshold_sweep,0.4,0.448275862069,0.0698924731183,0.120930232558,13,16,173,356,0.0698924731183,0.956989247312,0.0430107526882,0.930107526882,0.448275862069,0.0698924731183,0.120930232558,0.661290322581,0.649342891278,0.0340715502555,0.0570897534173,0.0268817204301,342,156,186,0,342,0,156,0,186,37,342,0.256756756757,1.72528881811,18.4864864865,15.5454545455,9.77142857143,5.36771015539,0.290358590277,0.142642642643,9.50849154237,1.02869645341,0.544491860281,8.05331334643,0.871264894205,0.461830251304,0.640599570326,0.371299902718,2,1.72528881811,0.640599570326,2,0.344071394247,0.376569037657,810,0.104247104247,0.56957682835,37,37,37,1,0,0.405405405405,0.540540540541,0.0540540540541,37,0.117117117117,2.22747747748,8.43243243243,7.09090909091,4.45714285714,5.03620525429,0.597242289772,0.326923076923,6.00525295579,1.42432281644,0.680873180873,3.83793300225,0.910278981302,0.463617463617,1.42084529335,0.637871901162,5.2,2.22747747748,1.42084529335,5.2,0,0,0,0,0.160752482811,37,37,37,1,0,0.405405405405,0.540540540541,0.0540540540541,37,185,0.138888888889,2.82089395673,10,8.04347826087,5,4.52769256907,0.452769256907,0.240467494522,5.87839736285,1.17567947257,0.610372534697,3.45607355889,0.691214711778,0.371950328707,1.88811077368,0.66933064576,5.18035011644,2.82089395673,1.88811077368,5.18035011644,0.143087246106,0.0327272727273,21,0.0027027027027,0.18098197698,37,37,37,1,0,0.378378378378,0.621621621622,0,-157,-0.117867867868,1.09560513861,-8.48648648649,-7.50197628458,-4.77142857143,-0.840017586325,0.16241066663,0.0978248518789,-3.63009417953,0.146983019155,0.0658806744155,-4.59723978755,-0.180050182427,-0.0898799225969,1.24751120335,0.298030743042,3.18035011644,1.09560513861,1.24751120335,3.18035011644,-0.200984148142,-0.34384176493,-789,-0.101544401544,-0.38859485137,-0.027027027027,0.0810810810811,-0.0540540540541,169,16,173,974,0.494152046784,0.983838383838,0.0161616161616,0.505847953216,0.913513513514,0.494152046784,0.641366223909,0.603784944067,0.477990430622,0.472067039106,29,186,0,0,0,0
635,WLNM_dir_neg,0.696973638571,0.471565589329,00:00:06,10,20,21,1234860756,threshold_sweep,0.5,0.407407407407,0.0591397849462,0.103286384977,11,16,175,356,0.0591397849462,0.956989247312,0.0430107526882,0.940860215054,0.407407407407,0.0591397849462,0.103286384977,0.65770609319,0.650537634409,0.0205128205128,0.0354329335635,0.0161290322581,342,156,186,0,342,0,156,0,186,37,342,0.256756756757,1.72528881811,18.4864864865,15.5454545455,9.77142857143,5.36771015539,0.290358590277,0.142642642643,9.50849154237,1.02869645341,0.544491860281,8.05331334643,0.871264894205,0.461830251304,0.640599570326,0.371299902718,2,1.72528881811,0.640599570326,2,0.344071394247,0.376569037657,810,0.104247104247,0.56957682835,37,37,37,1,0,0.405405405405,0.540540540541,0.0540540540541,37,0.117117117117,2.22747747748,8.43243243243,7.09090909091,4.45714285714,5.03620525429,0.597242289772,0.326923076923,6.00525295579,1.42432281644,0.680873180873,3.83793300225,0.910278981302,0.463617463617,1.42084529335,0.637871901162,5.2,2.22747747748,1.42084529335,5.2,0,0,0,0,0.160752482811,37,37,37,1,0,0.405405405405,0.540540540541,0.0540540540541,37,183,0.137387387387,2.77711185542,9.89189189189,7.95652173913,4.94594594595,4.5569469786,0.460674967782,0.244424752621,5.84971958467,1.18273018925,0.611726480579,3.50353746587,0.708365498564,0.38044601979,1.8318715551,0.659631894741,5.03601316046,2.77711185542,1.8318715551,5.03601316046,0.135893688912,0.0298117154812,19,0.0024453024453,0.180820813174,37,37,37,1,0,0.378378378378,0.621621621622,0,-159,-0.119369369369,1.0518230373,-8.59459459459,-7.58893280632,-4.82548262548,-0.810763176794,0.170316377505,0.101782109979,-3.65877195771,0.154033735835,0.0672346202976,-4.54977588056,-0.16289939564,-0.0813842315137,1.19127198477,0.288331992024,3.03601316046,1.0518230373,1.19127198477,3.03601316046,-0.208177705335,-0.346757322176,-791,-0.101801801802,-0.388756015176,-0.027027027027,0.0810810810811,-0.0540540540541,167,16,175,974,0.488304093567,0.983838383838,0.0161616161616,0.511695906433,0.912568306011,0.488304093567,0.63619047619,0.599125998273,0.472142477406,0.466480446927,27,186,0,0,0,0
636,WLNM_dir_neg,0.696973638571,0.471565589329,00:00:06,10,20,21,1234860756,threshold_sweep,0.6,0.47619047619,0.0537634408602,0.0966183574879,10,11,176,361,0.0537634408602,0.970430107527,0.0295698924731,0.94623655914,0.47619047619,0.0537634408602,0.0966183574879,0.664874551971,0.654121863799,0.0310880829016,0.0599281293413,0.0241935483871,342,156,186,0,342,0,156,0,186,37,342,0.256756756757,1.72528881811,18.4864864865,15.5454545455,9.77142857143,5.36771015539,0.290358590277,0.142642642643,9.50849154237,1.02869645341,0.544491860281,8.05331334643,0.871264894205,0.461830251304,0.640599570326,0.371299902718,2,1.72528881811,0.640599570326,2,0.344071394247,0.376569037657,810,0.104247104247,0.56957682835,37,37,37,1,0,0.405405405405,0.540540540541,0.0540540540541,37,0.117117117117,2.22747747748,8.43243243243,7.09090909091,4.45714285714,5.03620525429,0.597242289772,0.326923076923,6.00525295579,1.42432281644,0.680873180873,3.83793300225,0.910278981302,0.463617463617,1.42084529335,0.637871901162,5.2,2.22747747748,1.42084529335,5.2,0,0,0,0,0.160752482811,37,37,37,1,0,0.405405405405,0.540540540541,0.0540540540541,37,177,0.132882882883,2.73549628287,9.56756756757,7.69565217391,4.78378378378,4.61603810727,0.4824672598,0.258512750038,5.85061789299,1.22301052,0.622385096961,3.58341189941,0.749074803832,0.39609100626,1.80372891665,0.659379041361,5.02997972235,2.73549628287,1.80372891665,5.02997972235,0.0906064844145,0.0132158590308,8,0.0010296010296,0.176421227252,37,37,37,1,0,0.378378378378,0.621621621622,0,-165,-0.123873873874,1.01020746476,-8.91891891892,-7.84980237154,-4.98764478764,-0.751672048119,0.192108669523,0.115870107396,-3.65787364939,0.194314066588,0.07789323668,-4.46990144702,-0.122190090373,-0.0657392450434,1.16312934632,0.288079138644,3.02997972235,1.01020746476,1.16312934632,3.02997972235,-0.253464909833,-0.363353178626,-802,-0.103217503218,-0.393155601097,-0.027027027027,0.0810810810811,-0.0540540540541,166,11,176,979,0.485380116959,0.988888888889,0.0111111111111,0.514619883041,0.937853107345,0.485380116959,0.639691714836,0.610348341569,0.474269005848,0.470254957507,21,186,0,0,0,0
637,WLNM_dir_neg,0.696973638571,0.471565589329,00:00:06,10,20,21,1234860756,threshold_sweep,0.7,0.5,0.0483870967742,0.0882352941176,9,9,177,363,0.0483870967742,0.975806451613,0.0241935483871,0.951612903226,0.5,0.0483870967742,0.0882352941176,0.666666666667,0.655913978495,0.03125,0.0645497224368,0.0241935483871,342,156,186,0,342,0,156,0,186,37,342,0.256756756757,1.72528881811,18.4864864865,15.5454545455,9.77142857143,5.36771015539,0.290358590277,0.142642642643,9.50849154237,1.02869645341,0.544491860281,8.05331334643,0.871264894205,0.461830251304,0.640599570326,0.371299902718,2,1.72528881811,0.640599570326,2,0.344071394247,0.376569037657,810,0.104247104247,0.56957682835,37,37,37,1,0,0.405405405405,0.540540540541,0.0540540540541,37,0.117117117117,2.22747747748,8.43243243243,7.09090909091,4.45714285714,5.03620525429,0.597242289772,0.326923076923,6.00525295579,1.42432281644,0.680873180873,3.83793300225,0.910278981302,0.463617463617,1.42084529335,0.637871901162,5.2,2.22747747748,1.42084529335,5.2,0,0,0,0,0.160752482811,37,37,37,1,0,0.405405405405,0.540540540541,0.0540540540541,37,174,0.130630630631,2.55343893654,9.40540540541,7.5652173913,4.7027027027,4.63956091948,0.493286649484,0.262659210935,5.85882461129,1.24584201504,0.629077353215,3.60451002114,0.766476268863,0.404784094439,1.56667610395,0.613555343554,4.50143534087,2.55343893654,1.56667610395,4.50143534087,0.062935956744,0.011653718091,7,0.000900900900901,0.173841862173,37,37,37,1,0,0.378378378378,0.621621621622,0,-168,-0.126126126126,0.828150118423,-9.08108108108,-7.98023715415,-5.06872586873,-0.728149235918,0.202928059207,0.120016568292,-3.64966693109,0.217145561629,0.084585492934,-4.4488033253,-0.104788625342,-0.0570461568647,0.926076533626,0.242255440837,2.50143534087,0.828150118423,0.926076533626,2.50143534087,-0.281135437503,-0.364915319566,-803,-0.103346203346,-0.395734966177,-0.027027027027,0.0810810810811,-0.0540540540541,165,9,177,981,0.482456140351,0.990909090909,0.00909090909091,0.517543859649,0.948275862069,0.482456140351,0.639534883721,0.613618016181,0.47336523126,0.470085470085,18,186,0,0,0,0
638,WLNM_dir_neg,0.696973638571,0.471565589329,00:00:06,10,20,21,1234860756,threshold_sweep,0.8,0.6,0.0483870967742,0.089552238806,9,6,177,366,0.0483870967742,0.983870967742,0.0161290322581,0.951612903226,0.6,0.0483870967742,0.089552238806,0.672043010753,0.65770609319,0.0418848167539,0.0940200989445,0.0322580645161,342,156,186,0,342,0,156,0,186,37,342,0.256756756757,1.72528881811,18.4864864865,15.5454545455,9.77142857143,5.36771015539,0.290358590277,0.142642642643,9.50849154237,1.02869645341,0.544491860281,8.05331334643,0.871264894205,0.461830251304,0.640599570326,0.371299902718,2,1.72528881811,0.640599570326,2,0.344071394247,0.376569037657,810,0.104247104247,0.56957682835,37,37,37,1,0,0.405405405405,0.540540540541,0.0540540540541,37,0.117117117117,2.22747747748,8.43243243243,7.09090909091,4.45714285714,5.03620525429,0.597242289772,0.326923076923,6.00525295579,1.42432281644,0.680873180873,3.83793300225,0.910278981302,0.463617463617,1.42084529335,0.637871901162,5.2,2.22747747748,1.42084529335,5.2,0,0,0,0,0.160752482811,37,37,37,1,0,0.405405405405,0.540540540541,0.0540540540541,37,171,0.128378378378,2.45597624507,9.24324324324,7.4347826087,4.75,4.75163951474,0.514066263291,0.275960170697,5.87533143912,1.27127054531,0.636004425478,3.64654594065,0.789018712305,0.418523786945,1.45596174833,0.59282403535,4.32878220372,2.45597624507,1.45596174833,4.32878220372,0.0652525590606,0.0117647058824,7,0.000900900900901,0.169792877625,37,37,37,1,0,0.378378378378,0.594594594595,0.027027027027,-171,-0.128378378378,0.730687426952,-9.24324324324,-8.11067193676,-5.02142857143,-0.616070640649,0.223707673014,0.133317528054,-3.63316010325,0.242574091892,0.0915125651968,-4.40676740578,-0.0822461818997,-0.0433064643591,0.815362177999,0.221524132633,2.32878220372,0.730687426952,0.815362177999,2.32878220372,-0.278818835187,-0.364804331775,-803,-0.103346203346,-0.399783950725,-0.027027027027,0.0540540540541,-0.027027027027,165,6,177,984,0.482456140351,0.993939393939,0.00606060606061,0.517543859649,0.964912280702,0.482456140351,0.643274853801,0.62213433032,0.47639553429,0.474137931034,15,186,0,0,0,0
639,WLNM_dir_neg,0.696973638571,0.471565589329,00:00:06,10,20,21,1234860756,threshold_sweep,0.9,0.571428571429,0.0430107526882,0.08,8,6,178,366,0.0430107526882,0.983870967742,0.0161290322581,0.956989247312,0.571428571429,0.0430107526882,0.08,0.670250896057,0.658303464755,0.034965034965,0.081025465444,0.0268817204301,342,156,186,0,342,0,156,0,186,37,342,0.256756756757,1.72528881811,18.4864864865,15.5454545455,9.77142857143,5.36771015539,0.290358590277,0.142642642643,9.50849154237,1.02869645341,0.544491860281,8.05331334643,0.871264894205,0.461830251304,0.640599570326,0.371299902718,2,1.72528881811,0.640599570326,2,0.344071394247,0.376569037657,810,0.104247104247,0.56957682835,37,37,37,1,0,0.405405405405,0.540540540541,0.0540540540541,37,0.117117117117,2.22747747748,8.43243243243,7.09090909091,4.45714285714,5.03620525429,0.597242289772,0.326923076923,6.00525295579,1.42432281644,0.680873180873,3.83793300225,0.910278981302,0.463617463617,1.42084529335,0.637871901162,5.2,2.22747747748,1.42084529335,5.2,0,0,0,0,0.160752482811,37,37,37,1,0,0.405405405405,0.540540540541,0.0540540540541,37,170,0.127627627628,2.4817638465,9.18918918919,7.39130434783,4.72222222222,4.73073777332,0.514815581214,0.276788553259,5.88528985154,1.28091602651,0.639427662957,3.66256937332,0.797147451841,0.421303656598,1.4933795368,0.601741192621,4.4182329462,2.4817638465,1.4933795368,4.4182329462,0.0652525590606,0.0118912797282,7,0.000900900900901,0.16827772611,37,37,37,1,0,0.378378378378,0.594594594595,0.027027027027,-172,-0.129129129129,0.756475028389,-9.2972972973,-8.15415019763,-5.04920634921,-0.636972382077,0.224456990937,0.134145910616,-3.62320169083,0.252219573097,0.0949358026757,-4.39074397311,-0.0741174423637,-0.0405265947062,0.852779966473,0.230441289903,2.4182329462,0.756475028389,0.852779966473,2.4182329462,-0.278818835187,-0.364677757929,-803,-0.103346203346,-0.40129910224,-0.027027027027,0.0540540540541,-0.027027027027,164,6,178,984,0.479532163743,0.993939393939,0.00606060606061,0.520467836257,0.964705882353,0.479532163743,0.640625,0.619864865513,0.473471557682,0.471264367816,14,186,0,0,0,0
640,WLNM_dir_neg,0.586982599144,0.417412905507,00:00:05,10,20,22,1234860757,threshold_sweep,0.1,0.609756097561,0.134408602151,0.220264317181,25,16,161,356,0.134408602151,0.956989247312,0.0430107526882,0.865591397849,0.609756097561,0.134408602151,0.220264317181,0.682795698925,0.642174432497,0.113522537563,0.16513028076,0.0913978494624,342,156,186,0,342,0,156,0,186,37,342,0.256756756757,1.72528881811,18.4864864865,15.5454545455,9.77142857143,5.36771015539,0.290358590277,0.142642642643,9.50849154237,1.02869645341,0.544491860281,8.05331334643,0.871264894205,0.461830251304,0.640599570326,0.371299902718,2,1.72528881811,0.640599570326,2,0.344071394247,0.376569037657,810,0.104247104247,0.56957682835,37,37,37,1,0,0.405405405405,0.540540540541,0.0540540540541,37,0.117117117117,2.22747747748,8.43243243243,7.09090909091,4.45714285714,5.03620525429,0.597242289772,0.326923076923,6.00525295579,1.42432281644,0.680873180873,3.83793300225,0.910278981302,0.463617463617,1.42084529335,0.637871901162,5.2,2.22747747748,1.42084529335,5.2,0,0,0,0,0.160752482811,37,37,37,1,0,0.405405405405,0.540540540541,0.0540540540541,37,197,0.147897897898,8.72656158852,10.6486486486,6.56666666667,5.47222222222,4.85464391769,0.455892956737,0.251337632048,6.0233529517,1.13128964068,0.580052133352,3.59825616757,0.675814610153,0.366854163808,4.20481532156,0.481841018242,12.2268656614,8.72656158852,4.20481532156,12.2268656614,0.169590012392,0.0804545454545,59,0.00759330759331,0.175817115975,37,37,37,1,0,0.189189189189,0.783783783784,0.027027027027,-145,-0.108858858859,7.00127277041,-7.83783783784,-8.97878787879,-4.29920634921,-0.513066237703,0.16553436646,0.108694989406,-3.48513859067,0.10259318726,0.0355602730703,-4.45505717887,-0.195450284052,-0.0949760874955,3.56421575124,0.110541115524,10.2268656614,7.00127277041,3.56421575124,10.2268656614,-0.174481381856,-0.296114492202,-751,-0.0966537966538,-0.393759712375,-0.216216216216,0.243243243243,-0.027027027027,181,16,161,974,0.529239766082,0.983838383838,0.0161616161616,0.470760233918,0.918781725888,0.529239766082,0.671614100186,0.631368814181,0.51307814992,0.505586592179,41,186,0,0,0,0
641,WLNM_dir_neg,0.586982599144,0.417412905507,00:00:05,10,20,22,1234860757,threshold_sweep,0.2,0.567567567568,0.112903225806,0.188340807175,21,16,165,356,0.112903225806,0.956989247312,0.0430107526882,0.887096774194,0.567567567568,0.112903225806,0.188340807175,0.675627240143,0.644563918757,0.0873949579832,0.132415439537,0.0698924731183,342,156,186,0,342,0,156,0,186,37,342,0.256756756757,1.72528881811,18.4864864865,15.5454545455,9.77142857143,5.36771015539,0.290358590277,0.142642642643,9.50849154237,1.02869645341,0.544491860281,8.05331334643,0.871264894205,0.461830251304,0.640599570326,0.371299902718,2,1.72528881811,0.640599570326,2,0.344071394247,0.376569037657,810,0.104247104247,0.56957682835,37,37,37,1,0,0.405405405405,0.540540540541,0.0540540540541,37,0.117117117117,2.22747747748,8.43243243243,7.09090909091,4.45714285714,5.03620525429,0.597242289772,0.326923076923,6.00525295579,1.42432281644,0.680873180873,3.83793300225,0.910278981302,0.463617463617,1.42084529335,0.637871901162,5.2,2.22747747748,1.42084529335,5.2,0,0,0,0,0.160752482811,37,37,37,1,0,0.405405405405,0.540540540541,0.0540540540541,37,193,0.144894894895,8.38938029338,10.4324324324,6.43333333333,5.36111111111,4.93592578584,0.473132782581,0.259207393922,5.99136014578,1.14860272225,0.583391681837,3.56787467966,0.683996700245,0.370256266629,4.0062623579,0.477539724962,11.7754899441,8.38938029338,4.0062623579,11.7754899441,0.153516641365,0.0699626865672,50,0.00643500643501,0.169751061056,37,37,37,1,0,0.189189189189,0.783783783784,0.027027027027,-149,-0.111861861862,6.66409147526,-8.05405405405,-9.11212121212,-4.41031746032,-0.431784369549,0.182774192304,0.11656475128,-3.5171313966,0.119906268832,0.0388998215559,-4.48543866678,-0.18726819396,-0.0915739846746,3.36566278758,0.106239822245,9.77548994415,6.66409147526,3.36566278758,9.77548994415,-0.190554752882,-0.30660635109,-760,-0.0978120978121,-0.399825767294,-0.216216216216,0.243243243243,-0.027027027027,177,16,165,974,0.517543859649,0.983838383838,0.0161616161616,0.482456140351,0.917098445596,0.517543859649,0.661682242991,0.622241658112,0.501382243488,0.494413407821,37,186,0,0,0,0
642,WLNM_dir_neg,0.586982599144,0.417412905507,00:00:05,10,20,22,1234860757,threshold_sweep,0.3,0.692307692308,0.0967741935484,0.169811320755,18,8,168,364,0.0967741935484,0.978494623656,0.0215053763441,0.903225806452,0.692307692308,0.0967741935484,0.169811320755,0.68458781362,0.651135005974,0.0958904109589,0.168345124585,0.0752688172043,342,156,186,0,342,0,156,0,186,37,342,0.256756756757,1.72528881811,18.4864864865,15.5454545455,9.77142857143,5.36771015539,0.290358590277,0.142642642643,9.50849154237,1.02869645341,0.544491860281,8.05331334643,0.871264894205,0.461830251304,0.640599570326,0.371299902718,2,1.72528881811,0.640599570326,2,0.344071394247,0.376569037657,810,0.104247104247,0.56957682835,37,37,37,1,0,0.405405405405,0.540540540541,0.0540540540541,37,0.117117117117,2.22747747748,8.43243243243,7.09090909091,4.45714285714,5.03620525429,0.597242289772,0.326923076923,6.00525295579,1.42432281644,0.680873180873,3.83793300225,0.910278981302,0.463617463617,1.42084529335,0.637871901162,5.2,2.22747747748,1.42084529335,5.2,0,0,0,0,0.160752482811,37,37,37,1,0,0.405405405405,0.540540540541,0.0540540540541,37,182,0.136636636637,2.93582574642,9.83783783784,7.91304347826,5.05555555556,4.59778638473,0.467357407239,0.250965250965,6.06620134836,1.23323873565,0.62577962578,3.4751369148,0.706483878283,0.381645381645,2.06476348738,0.703299059862,5.85265468915,2.93582574642,2.06476348738,5.85265468915,0.1269880927,0.0394321766562,25,0.0032175032175,0.175607677433,37,37,37,1,0,0.378378378378,0.594594594595,0.027027027027,-160,-0.12012012012,1.21053692831,-8.64864864865,-7.63241106719,-4.71587301587,-0.76992377066,0.176998816962,0.108322608323,-3.44229019402,0.20454228224,0.0812877654983,-4.57817643164,-0.164781015922,-0.0801848696586,1.42416391705,0.331999157144,3.85265468915,1.21053692831,1.42416391705,3.85265468915,-0.217083301547,-0.337136861001,-785,-0.10102960103,-0.393969150917,-0.027027027027,0.0540540540541,-0.027027027027,174,8,168,982,0.508771929825,0.991919191919,0.00808080808081,0.491228070175,0.956043956044,0.508771929825,0.664122137405,0.636818874292,0.500691121744,0.497142857143,26,186,0,0,0,0
643,WLNM_dir_neg,0.586982599144,0.417412905507,00:00:05,10,20,22,1234860757,threshold_sweep,0.4,0.695652173913,0.0860215053763,0.153110047847,16,7,170,365,0.0860215053763,0.981182795699,0.0188172043011,0.913978494624,0.695652173913,0.0860215053763,0.153110047847,0.682795698925,0.652927120669,0.0860585197935,0.159361790949,0.0672043010753,342,156,186,0,342,0,156,0,186,37,342,0.256756756757,1.72528881811,18.4864864865,15.5454545455,9.77142857143,5.36771015539,0.290358590277,0.142642642643,9.50849154237,1.02869645341,0.544491860281,8.05331334643,0.871264894205,0.461830251304,0.640599570326,0.371299902718,2,1.72528881811,0.640599570326,2,0.344071394247,0.376569037657,810,0.104247104247,0.56957682835,37,37,37,1,0,0.405405405405,0.540540540541,0.0540540540541,37,0.117117117117,2.22747747748,8.43243243243,7.09090909091,4.45714285714,5.03620525429,0.597242289772,0.326923076923,6.00525295579,1.42432281644,0.680873180873,3.83793300225,0.910278981302,0.463617463617,1.42084529335,0.637871901162,5.2,2.22747747748,1.42084529335,5.2,0,0,0,0,0.160752482811,37,37,37,1,0,0.405405405405,0.540540540541,0.0540540540541,37,179,0.134384384384,2.94469101953,9.67567567568,7.78260869565,4.97222222222,4.67887720419,0.483571107696,0.259701041824,6.05306861349,1.25119295363,0.63203986109,3.53170963883,0.7300181935,0.392571342292,2.0820122423,0.707039288163,5.82535706989,2.94469101953,2.0820122423,5.82535706989,0.121507306647,0.0335106382979,21,0.0027027027027,0.177211376764,37,37,37,1,0,0.378378378378,0.594594594595,0.027027027027,-163,-0.122372372372,1.21940220141,-8.81081081081,-7.7628458498,-4.79920634921,-0.688832951203,0.193212517419,0.117058399181,-3.45542292888,0.222496500212,0.0875480008088,-4.52160370761,-0.141246700705,-0.0692589090119,1.44141267198,0.335739385445,3.82535706989,1.21940220141,1.44141267198,3.82535706989,-0.222564087601,-0.343058399359,-789,-0.101544401544,-0.392365451586,-0.027027027027,0.0540540540541,-0.027027027027,172,7,170,983,0.502923976608,0.992929292929,0.00707070707071,0.497076023392,0.960893854749,0.502923976608,0.660268714012,0.635100803812,0.495853269537,0.492836676218,23,186,0,0,0,0
644,WLNM_dir_neg,0.586982599144,0.417412905507,00:00:05,10,20,22,1234860757,threshold_sweep,0.5,0.736842105263,0.0752688172043,0.136585365854,14,5,172,367,0.0752688172043,0.986559139785,0.0134408602151,0.924731182796,0.736842105263,0.0752688172043,0.136585365854,0.682795698925,0.65531660693,0.0797227036395,0.160709538929,0.0618279569892,342,156,186,0,342,0,156,0,186,37,342,0.256756756757,1.72528881811,18.4864864865,15.5454545455,9.77142857143,5.36771015539,0.290358590277,0.142642642643,9.50849154237,1.02869645341,0.544491860281,8.05331334643,0.871264894205,0.461830251304,0.640599570326,0.371299902718,2,1.72528881811,0.640599570326,2,0.344071394247,0.376569037657,810,0.104247104247,0.56957682835,37,37,37,1,0,0.405405405405,0.540540540541,0.0540540540541,37,0.117117117117,2.22747747748,8.43243243243,7.09090909091,4.45714285714,5.03620525429,0.597242289772,0.326923076923,6.00525295579,1.42432281644,0.680873180873,3.83793300225,0.910278981302,0.463617463617,1.42084529335,0.637871901162,5.2,2.22747747748,1.42084529335,5.2,0,0,0,0,0.160752482811,37,37,37,1,0,0.405405405405,0.540540540541,0.0540540540541,37,175,0.131381381381,2.54524114092,9.45945945946,7.95454545455,4.86111111111,4.71754758908,0.498712173703,0.27027027027,6.11304910575,1.2924732395,0.647104247104,3.54062650332,0.74858960356,0.400926640927,1.83436056914,0.720702074021,6.76242071735,2.54524114092,1.83436056914,6.76242071735,0.139031343288,0.0323974082073,20,0.002574002574,0.178400355221,37,37,37,1,0,0.405405405405,0.567567567568,0.027027027027,-167,-0.125375375375,0.819952322805,-9.02702702703,-7.59090909091,-4.91031746032,-0.650162566311,0.208353583426,0.127627627628,-3.39544243662,0.263776786088,0.102612386823,-4.51268684311,-0.122675290645,-0.0609036103773,1.19376099882,0.349402171303,4.76242071735,0.819952322805,1.19376099882,4.76242071735,-0.205040050959,-0.34417162945,-790,-0.101673101673,-0.391176473129,0,0.027027027027,-0.027027027027,170,5,172,985,0.497076023392,0.994949494949,0.00505050505051,0.502923976608,0.971428571429,0.497076023392,0.657640232108,0.636257000931,0.492025518341,0.489913544669,19,186,0,0,0,0
645,WLNM_dir_neg,0.586982599144,0.417412905507,00:00:05,10,20,22,1234860757,threshold_sweep,0.6,0.75,0.0645161290323,0.118811881188,12,4,174,368,0.0645161290323,0.989247311828,0.010752688172,0.935483870968,0.75,0.0645161290323,0.118811881188,0.681003584229,0.657108721625,0.0696864111498,0.151864184808,0.0537634408602,342,156,186,0,342,0,156,0,186,37,342,0.256756756757,1.72528881811,18.4864864865,15.5454545455,9.77142857143,5.36771015539,0.290358590277,0.142642642643,9.50849154237,1.02869645341,0.544491860281,8.05331334643,0.871264894205,0.461830251304,0.640599570326,0.371299902718,2,1.72528881811,0.640599570326,2,0.344071394247,0.376569037657,810,0.104247104247,0.56957682835,37,37,37,1,0,0.405405405405,0.540540540541,0.0540540540541,37,0.117117117117,2.22747747748,8.43243243243,7.09090909091,4.45714285714,5.03620525429,0.597242289772,0.326923076923,6.00525295579,1.42432281644,0.680873180873,3.83793300225,0.910278981302,0.463617463617,1.42084529335,0.637871901162,5.2,2.22747747748,1.42084529335,5.2,0,0,0,0,0.160752482811,37,37,37,1,0,0.405405405405,0.540540540541,0.0540540540541,37,172,0.129129129129,2.53704998423,9.2972972973,7.81818181818,4.91428571429,4.76599566877,0.512621627164,0.277184160905,6.05629248622,1.30280710459,0.651477058454,3.62258514367,0.779277036719,0.417976115651,1.83282146388,0.722422291745,6.75488713475,2.53704998423,1.83282146388,6.75488713475,0.105836304521,0.0249031543996,15,0.0019305019305,0.180180412421,37,37,37,1,0,0.405405405405,0.540540540541,0.0540540540541,-170,-0.127627627628,0.811761166114,-9.18918918919,-7.72727272727,-4.85714285714,-0.601714486625,0.222263036887,0.134541518262,-3.45219905615,0.27411065118,0.106985198172,-4.43072820277,-0.0919878574856,-0.0438541356534,1.19222189355,0.351122389027,4.75488713475,0.811761166114,1.19222189355,4.75488713475,-0.238235089727,-0.351665883257,-795,-0.102316602317,-0.389396415929,0,0,0,168,4,174,986,0.491228070175,0.99595959596,0.0040404040404,0.508771929825,0.976744186047,0.491228070175,0.653696498054,0.634649171189,0.487187666135,0.485549132948,16,186,0,0,0,0
646,WLNM_dir_neg,0.586982599144,0.417412905507,00:00:05,10,20,22,1234860757,threshold_sweep,0.7,0.8,0.0430107526882,0.0816326530612,8,2,178,370,0.0430107526882,0.994623655914,0.00537634408602,0.956989247312,0.8,0.0430107526882,0.0816326530612,0.677419354839,0.660692951016,0.0492957746479,0.133728125983,0.0376344086022,342,156,186,0,342,0,156,0,186,37,342,0.256756756757,1.72528881811,18.4864864865,15.5454545455,9.77142857143,5.36771015539,0.290358590277,0.142642642643,9.50849154237,1.02869645341,0.544491860281,8.05331334643,0.871264894205,0.461830251304,0.640599570326,0.371299902718,2,1.72528881811,0.640599570326,2,0.344071394247,0.376569037657,810,0.104247104247,0.56957682835,37,37,37,1,0,0.405405405405,0.540540540541,0.0540540540541,37,0.117117117117,2.22747747748,8.43243243243,7.09090909091,4.45714285714,5.03620525429,0.597242289772,0.326923076923,6.00525295579,1.42432281644,0.680873180873,3.83793300225,0.910278981302,0.463617463617,1.42084529335,0.637871901162,5.2,2.22747747748,1.42084529335,5.2,0,0,0,0,0.160752482811,37,37,37,1,0,0.405405405405,0.540540540541,0.0540540540541,37,166,0.124624624625,2.39451154601,8.97297297297,7.54545454545,4.74285714286,4.8561901304,0.541201912123,0.292575708238,6.01674340497,1.34108136135,0.661999348746,3.68647393726,0.821683949871,0.433409312927,1.61285584756,0.673563612691,5.80003306058,2.39451154601,1.61285584756,5.80003306058,0.0844339585052,0.0154994259472,9,0.0011583011583,0.170834206042,37,37,37,1,0,0.405405405405,0.540540540541,0.0540540540541,-176,-0.132132132132,0.669222727897,-9.51351351351,-8,-5.02857142857,-0.511520024995,0.250843321846,0.149933065596,-3.49174813741,0.312384907933,0.117507488465,-4.36683940918,-0.0495809443339,-0.0284209383766,0.972256277236,0.302263709973,3.80003306058,0.669222727897,0.972256277236,3.80003306058,-0.259637435742,-0.36106961171,-801,-0.103088803089,-0.398742622307,0,0,0,164,2,178,988,0.479532163743,0.99797979798,0.0020202020202,0.520467836257,0.987951807229,0.479532163743,0.645669291339,0.631555594027,0.477511961722,0.476744186047,10,186,0,0,0,0
647,WLNM_dir_neg,0.586982599144,0.417412905507,00:00:05,10,20,22,1234860757,threshold_sweep,0.8,0.8,0.0430107526882,0.0816326530612,8,2,178,370,0.0430107526882,0.994623655914,0.00537634408602,0.956989247312,0.8,0.0430107526882,0.0816326530612,0.677419354839,0.660692951016,0.0492957746479,0.133728125983,0.0376344086022,342,156,186,0,342,0,156,0,186,37,342,0.256756756757,1.72528881811,18.4864864865,15.5454545455,9.77142857143,5.36771015539,0.290358590277,0.142642642643,9.50849154237,1.02869645341,0.544491860281,8.05331334643,0.871264894205,0.461830251304,0.640599570326,0.371299902718,2,1.72528881811,0.640599570326,2,0.344071394247,0.376569037657,810,0.104247104247,0.56957682835,37,37,37,1,0,0.405405405405,0.540540540541,0.0540540540541,37,0.117117117117,2.22747747748,8.43243243243,7.09090909091,4.45714285714,5.03620525429,0.597242289772,0.326923076923,6.00525295579,1.42432281644,0.680873180873,3.83793300225,0.910278981302,0.463617463617,1.42084529335,0.637871901162,5.2,2.22747747748,1.42084529335,5.2,0,0,0,0,0.160752482811,37,37,37,1,0,0.405405405405,0.540540540541,0.0540540540541,37,166,0.124624624625,2.39451154601,8.97297297297,7.54545454545,4.74285714286,4.8561901304,0.541201912123,0.292575708238,6.01674340497,1.34108136135,0.661999348746,3.68647393726,0.821683949871,0.433409312927,1.61285584756,0.673563612691,5.80003306058,2.39451154601,1.61285584756,5.80003306058,0.0844339585052,0.0154994259472,9,0.0011583011583,0.170834206042,37,37,37,1,0,0.405405405405,0.540540540541,0.0540540540541,-176,-0.132132132132,0.669222727897,-9.51351351351,-8,-5.02857142857,-0.511520024995,0.250843321846,0.149933065596,-3.49174813741,0.312384907933,0.117507488465,-4.36683940918,-0.0495809443339,-0.0284209383766,0.972256277236,0.302263709973,3.80003306058,0.669222727897,0.972256277236,3.80003306058,-0.259637435742,-0.36106961171,-801,-0.103088803089,-0.398742622307,0,0,0,164,2,178,988,0.479532163743,0.99797979798,0.0020202020202,0.520467836257,0.987951807229,0.479532163743,0.645669291339,0.631555594027,0.477511961722,0.476744186047,10,186,0,0,0,0
648,WLNM_dir_neg,0.586982599144,0.417412905507,00:00:05,10,20,22,1234860757,threshold_sweep,0.9,0.888888888889,0.0430107526882,0.0820512820513,8,1,178,371,0.0430107526882,0.997311827957,0.00268817204301,0.956989247312,0.888888888889,0.0430107526882,0.0820512820513,0.679211469534,0.661290322581,0.0529100529101,0.150892910071,0.0403225806452,342,156,186,0,342,0,156,0,186,37,342,0.256756756757,1.72528881811,18.4864864865,15.5454545455,9.77142857143,5.36771015539,0.290358590277,0.142642642643,9.50849154237,1.02869645341,0.544491860281,8.05331334643,0.871264894205,0.461830251304,0.640599570326,0.371299902718,2,1.72528881811,0.640599570326,2,0.344071394247,0.376569037657,810,0.104247104247,0.56957682835,37,37,37,1,0,0.405405405405,0.540540540541,0.0540540540541,37,0.117117117117,2.22747747748,8.43243243243,7.09090909091,4.45714285714,5.03620525429,0.597242289772,0.326923076923,6.00525295579,1.42432281644,0.680873180873,3.83793300225,0.910278981302,0.463617463617,1.42084529335,0.637871901162,5.2,2.22747747748,1.42084529335,5.2,0,0,0,0,0.160752482811,37,37,37,1,0,0.405405405405,0.540540540541,0.0540540540541,37,165,0.123873873874,2.31199002032,8.91891891892,7.5,4.71428571429,4.87840125439,0.546972261855,0.296478296478,6.02123369877,1.35021604154,0.663718263718,3.70880779433,0.831672050849,0.438001638002,1.5005292144,0.649020627777,5.40909090909,2.31199002032,1.5005292144,5.40909090909,0.0779695994092,0.0121457489879,7,0.000900900900901,0.170395839695,37,37,37,1,0,0.405405405405,0.540540540541,0.0540540540541,-177,-0.132882882883,0.586701202208,-9.56756756757,-8.04545454545,-5.05714285714,-0.489308901007,0.256613671578,0.153835653836,-3.4872578436,0.321519588129,0.119226403437,-4.34450555211,-0.039592843356,-0.0238286133023,0.859929644077,0.277720725059,3.40909090909,0.586701202208,0.859929644077,3.40909090909,-0.266101794838,-0.364423288669,-803,-0.103346203346,-0.399180988655,0,0,0,164,1,178,989,0.479532163743,0.99898989899,0.0010101010101,0.520467836257,0.993939393939,0.479532163743,0.646942800789,0.634534465575,0.478522062733,0.478134110787,9,186,0,0,0,0
649,WLNM_dir_neg,0.425251474159,0.347901414407,00:00:07,10,20,23,1234860758,threshold_sweep,0.1,0.6,0.129032258065,0.212389380531,24,16,162,356,0.129032258065,0.956989247312,0.0430107526882,0.870967741935,0.6,0.129032258065,0.212389380531,0.681003584229,0.642771804062,0.107023411371,0.157195498378,0.0860215053763,342,156,186,0,342,0,156,0,186,37,342,0.256756756757,1.72528881811,18.4864864865,15.5454545455,9.77142857143,5.36771015539,0.290358590277,0.142642642643,9.50849154237,1.02869645341,0.544491860281,8.05331334643,0.871264894205,0.461830251304,0.640599570326,0.371299902718,2,1.72528881811,0.640599570326,2,0.344071394247,0.376569037657,810,0.104247104247,0.56957682835,37,37,37,1,0,0.405405405405,0.540540540541,0.0540540540541,37,0.117117117117,2.18481481481,8.43243243243,7.09090909091,4.45714285714,5.03620525429,0.597242289772,0.326923076923,6.00062559301,1.42322530091,0.680526680527,3.83793300225,0.910278981302,0.463617463617,1.318977792,0.603702328937,4.32037037037,2.18481481481,1.318977792,4.32037037037,0,0,0,0,0.160896782956,37,37,37,1,0,0.405405405405,0.540540540541,0.0540540540541,37,196,0.147147147147,11.2626349136,10.5945945946,6.53333333333,5.6,4.55496956606,0.429933351899,0.236762272477,5.8207715452,1.09881911823,0.569498069498,3.71083147964,0.70051410585,0.378378378378,5.71747394189,0.507649762756,17.4914902308,11.2626349136,5.71747394189,17.4914902308,0.144850858241,0.0706045223812,51,0.00656370656371,0.189205849358,37,37,37,1,0,0.189189189189,0.756756756757,0.0540540540541,-146,-0.10960960961,9.53734609548,-7.89189189189,-9.01212121212,-4.17142857143,-0.812740589332,0.139574761622,0.0941196298339,-3.68771999718,0.0701226648113,0.0250062092167,-4.3424818668,-0.170750788355,-0.0834518729256,5.07687437156,0.136349860038,15.4914902308,9.53734609548,5.07687437156,15.4914902308,-0.199220536006,-0.305964515276,-759,-0.0976833976834,-0.380370978992,-0.216216216216,0.216216216216,0,180,16,162,974,0.526315789474,0.983838383838,0.0161616161616,0.473684210526,0.918367346939,0.526315789474,0.669144981413,0.629093057863,0.510154173312,0.502793296089,40,186,0,0,0,0
650,WLNM_dir_neg,0.425251474159,0.347901414407,00:00:07,10,20,23,1234860758,threshold_sweep,0.2,0.727272727273,0.129032258065,0.219178082192,24,9,162,363,0.129032258065,0.975806451613,0.0241935483871,0.870967741935,0.727272727273,0.129032258065,0.219178082192,0.693548387097,0.646953405018,0.131979695431,0.209513970647,0.104838709677,342,156,186,0,342,0,156,0,186,37,342,0.256756756757,1.72528881811,18.4864864865,15.5454545455,9.77142857143,5.36771015539,0.290358590277,0.142642642643,9.50849154237,1.02869645341,0.544491860281,8.05331334643,0.871264894205,0.461830251304,0.640599570326,0.371299902718,2,1.72528881811,0.640599570326,2,0.344071394247,0.376569037657,810,0.104247104247,0.56957682835,37,37,37,1,0,0.405405405405,0.540540540541,0.0540540540541,37,0.117117117117,2.18481481481,8.43243243243,7.09090909091,4.45714285714,5.03620525429,0.597242289772,0.326923076923,6.00062559301,1.42322530091,0.680526680527,3.83793300225,0.910278981302,0.463617463617,1.318977792,0.603702328937,4.32037037037,2.18481481481,1.318977792,4.32037037037,0,0,0,0,0.160896782956,37,37,37,1,0,0.405405405405,0.540540540541,0.0540540540541,37,189,0.141891891892,4.0168897982,10.2162162162,8.21739130435,5.4,4.37248426168,0.427994491222,0.232375232375,5.97580205581,1.16986601093,0.606606606607,3.5338347426,0.691808917863,0.374088374088,3.50321592755,0.872121492882,10.2457451154,4.0168897982,3.50321592755,10.2457451154,0.14412861193,0.0658025922233,44,0.00566280566281,0.197757903554,37,37,37,1,0,0.378378378378,0.567567567568,0.0540540540541,-153,-0.114864864865,2.29160098009,-8.27027027027,-7.32806324111,-4.37142857143,-0.995225893716,0.137635900945,0.0897325897326,-3.53268948657,0.141169557511,0.0621147463253,-4.51947860384,-0.179455976342,-0.0877418772156,2.86261635722,0.500821590164,8.24574511539,2.29160098009,2.86261635722,8.24574511539,-0.199942782317,-0.310766445434,-766,-0.0985842985843,-0.371818924796,-0.027027027027,0.027027027027,0,180,9,162,981,0.526315789474,0.990909090909,0.00909090909091,0.473684210526,0.952380952381,0.526315789474,0.677966101695,0.647524255,0.517224880383,0.512820512821,33,186,0,0,0,0
651,WLNM_dir_neg,0.425251474159,0.347901414407,00:00:07,10,20,23,1234860758,threshold_sweep,0.3,0.741935483871,0.123655913978,0.21198156682,23,8,163,364,0.123655913978,0.978494623656,0.0215053763441,0.876344086022,0.741935483871,0.123655913978,0.21198156682,0.693548387097,0.648148148148,0.129032258065,0.21022407211,0.102150537634,342,156,186,0,342,0,156,0,186,37,342,0.256756756757,1.72528881811,18.4864864865,15.5454545455,9.77142857143,5.36771015539,0.290358590277,0.142642642643,9.50849154237,1.02869645341,0.544491860281,8.05331334643,0.871264894205,0.461830251304,0.640599570326,0.371299902718,2,1.72528881811,0.640599570326,2,0.344071394247,0.376569037657,810,0.104247104247,0.56957682835,37,37,37,1,0,0.405405405405,0.540540540541,0.0540540540541,37,0.117117117117,2.18481481481,8.43243243243,7.09090909091,4.45714285714,5.03620525429,0.597242289772,0.326923076923,6.00062559301,1.42322530091,0.680526680527,3.83793300225,0.910278981302,0.463617463617,1.318977792,0.603702328937,4.32037037037,2.18481481481,1.318977792,4.32037037037,0,0,0,0,0.160896782956,37,37,37,1,0,0.405405405405,0.540540540541,0.0540540540541,37,187,0.14039039039,4.20615059527,10.1081081081,8.13043478261,5.34285714286,4.37025160593,0.432351094704,0.235149588091,5.99511813407,1.18619984471,0.612516259575,3.5429581641,0.701013112683,0.377800260153,3.74917964514,0.891356493361,10.6245847176,4.20615059527,3.74917964514,10.6245847176,0.133842249013,0.0609446419502,40,0.00514800514801,0.197644973006,37,37,37,1,0,0.378378378378,0.567567567568,0.0540540540541,-155,-0.116366366366,2.48086177715,-8.37837837838,-7.41501976285,-4.42857142857,-0.997458549467,0.141992504427,0.0925069454481,-3.51337340831,0.157503391294,0.0680243992937,-4.51035518234,-0.170251781522,-0.0840299911507,3.10858007482,0.520056590643,8.62458471761,2.48086177715,3.10858007482,8.62458471761,-0.210229145235,-0.315624395707,-770,-0.0990990990991,-0.371931855344,-0.027027027027,0.027027027027,0,179,8,163,982,0.523391812865,0.991919191919,0.00808080808081,0.476608187135,0.957219251337,0.523391812865,0.676748582231,0.648002260553,0.515311004785,0.511428571429,31,186,0,0,0,0
652,WLNM_dir_neg,0.425251474159,0.347901414407,00:00:07,10,20,23,1234860758,threshold_sweep,0.4,0.741935483871,0.123655913978,0.21198156682,23,8,163,364,0.123655913978,0.978494623656,0.0215053763441,0.876344086022,0.741935483871,0.123655913978,0.21198156682,0.693548387097,0.648148148148,0.129032258065,0.21022407211,0.102150537634,342,156,186,0,342,0,156,0,186,37,342,0.256756756757,1.72528881811,18.4864864865,15.5454545455,9.77142857143,5.36771015539,0.290358590277,0.142642642643,9.50849154237,1.02869645341,0.544491860281,8.05331334643,0.871264894205,0.461830251304,0.640599570326,0.371299902718,2,1.72528881811,0.640599570326,2,0.344071394247,0.376569037657,810,0.104247104247,0.56957682835,37,37,37,1,0,0.405405405405,0.540540540541,0.0540540540541,37,0.117117117117,2.18481481481,8.43243243243,7.09090909091,4.45714285714,5.03620525429,0.597242289772,0.326923076923,6.00062559301,1.42322530091,0.680526680527,3.83793300225,0.910278981302,0.463617463617,1.318977792,0.603702328937,4.32037037037,2.18481481481,1.318977792,4.32037037037,0,0,0,0,0.160896782956,37,37,37,1,0,0.405405405405,0.540540540541,0.0540540540541,37,187,0.14039039039,4.20615059527,10.1081081081,8.13043478261,5.34285714286,4.37025160593,0.432351094704,0.235149588091,5.99511813407,1.18619984471,0.612516259575,3.5429581641,0.701013112683,0.377800260153,3.74917964514,0.891356493361,10.6245847176,4.20615059527,3.74917964514,10.6245847176,0.133842249013,0.0609446419502,40,0.00514800514801,0.197644973006,37,37,37,1,0,0.378378378378,0.567567567568,0.0540540540541,-155,-0.116366366366,2.48086177715,-8.37837837838,-7.41501976285,-4.42857142857,-0.997458549467,0.141992504427,0.0925069454481,-3.51337340831,0.157503391294,0.0680243992937,-4.51035518234,-0.170251781522,-0.0840299911507,3.10858007482,0.520056590643,8.62458471761,2.48086177715,3.10858007482,8.62458471761,-0.210229145235,-0.315624395707,-770,-0.0990990990991,-0.371931855344,-0.027027027027,0.027027027027,0,179,8,163,982,0.523391812865,0.991919191919,0.00808080808081,0.476608187135,0.957219251337,0.523391812865,0.676748582231,0.648002260553,0.515311004785,0.511428571429,31,186,0,0,0,0
653,WLNM_dir_neg,0.425251474159,0.347901414407,00:00:07,10,20,23,1234860758,threshold_sweep,0.5,0.766666666667,0.123655913978,0.212962962963,23,7,163,365,0.123655913978,0.981182795699,0.0188172043011,0.876344086022,0.766666666667,0.123655913978,0.212962962963,0.695340501792,0.648745519713,0.132653061224,0.219114955301,0.104838709677,342,156,186,0,342,0,156,0,186,37,342,0.256756756757,1.72528881811,18.4864864865,15.5454545455,9.77142857143,5.36771015539,0.290358590277,0.142642642643,9.50849154237,1.02869645341,0.544491860281,8.05331334643,0.871264894205,0.461830251304,0.640599570326,0.371299902718,2,1.72528881811,0.640599570326,2,0.344071394247,0.376569037657,810,0.104247104247,0.56957682835,37,37,37,1,0,0.405405405405,0.540540540541,0.0540540540541,37,0.117117117117,2.18481481481,8.43243243243,7.09090909091,4.45714285714,5.03620525429,0.597242289772,0.326923076923,6.00062559301,1.42322530091,0.680526680527,3.83793300225,0.910278981302,0.463617463617,1.318977792,0.603702328937,4.32037037037,2.18481481481,1.318977792,4.32037037037,0,0,0,0,0.160896782956,37,37,37,1,0,0.405405405405,0.540540540541,0.0540540540541,37,186,0.13963963964,4.05346464298,10.0540540541,8.08695652174,5.31428571429,4.39030463348,0.436670084513,0.237140366173,5.99762215144,1.19307537421,0.614356291776,3.56282103026,0.708733215698,0.380993897123,3.57276147642,0.881409310578,10.2393610535,4.05346464298,3.57276147642,10.2393610535,0.131354046524,0.058282208589,38,0.0048906048906,0.196838774374,37,37,37,1,0,0.378378378378,0.567567567568,0.0540540540541,-156,-0.117117117117,2.32817582486,-8.43243243243,-7.45849802372,-4.45714285714,-0.977405521911,0.146311494236,0.09449772353,-3.51086939093,0.164378920797,0.0698644314943,-4.49049231617,-0.162531678507,-0.080836354181,2.9321619061,0.510109407861,8.23936105353,2.32817582486,2.9321619061,8.23936105353,-0.212717347723,-0.318286829068,-772,-0.0993564993565,-0.372738053976,-0.027027027027,0.027027027027,0,179,7,163,983,0.523391812865,0.992929292929,0.00707070707071,0.476608187135,0.962365591398,0.523391812865,0.67803030303,0.650731376266,0.516321105795,0.512893982808,30,186,0,0,0,0
654,WLNM_dir_neg,0.425251474159,0.347901414407,00:00:07,10,20,23,1234860758,threshold_sweep,0.6,0.758620689655,0.118279569892,0.204651162791,22,7,164,365,0.118279569892,0.981182795699,0.0188172043011,0.881720430108,0.758620689655,0.118279569892,0.204651162791,0.693548387097,0.649342891278,0.126064735945,0.211232087644,0.0994623655914,342,156,186,0,342,0,156,0,186,37,342,0.256756756757,1.72528881811,18.4864864865,15.5454545455,9.77142857143,5.36771015539,0.290358590277,0.142642642643,9.50849154237,1.02869645341,0.544491860281,8.05331334643,0.871264894205,0.461830251304,0.640599570326,0.371299902718,2,1.72528881811,0.640599570326,2,0.344071394247,0.376569037657,810,0.104247104247,0.56957682835,37,37,37,1,0,0.405405405405,0.540540540541,0.0540540540541,37,0.117117117117,2.18481481481,8.43243243243,7.09090909091,4.45714285714,5.03620525429,0.597242289772,0.326923076923,6.00062559301,1.42322530091,0.680526680527,3.83793300225,0.910278981302,0.463617463617,1.318977792,0.603702328937,4.32037037037,2.18481481481,1.318977792,4.32037037037,0,0,0,0,0.160896782956,37,37,37,1,0,0.405405405405,0.540540540541,0.0540540540541,37,185,0.138888888889,4.08185030763,10,8.04347826087,5.28571428571,4.36526695124,0.436526695124,0.237545653762,6,1.2,0.61592403214,3.57460176492,0.714920352984,0.38334550767,3.60359275466,0.882833147488,10.2393610535,4.08185030763,3.60359275466,10.2393610535,0.128133110486,0.0527677185722,34,0.0043758043758,0.196973250881,37,37,37,1,0,0.378378378378,0.567567567568,0.0540540540541,-157,-0.117867867868,2.35656148951,-8.48648648649,-7.50197628458,-4.48571428571,-1.00244320416,0.146168104847,0.0949030111192,-3.50849154237,0.171303546585,0.0714321718589,-4.47871158151,-0.156344541221,-0.0784847436341,2.96299318433,0.51153324477,8.23936105353,2.35656148951,2.96299318433,8.23936105353,-0.215938283761,-0.323801319085,-776,-0.0998712998713,-0.372603577469,-0.027027027027,0.027027027027,0,178,7,164,983,0.520467836257,0.992929292929,0.00707070707071,0.479532163743,0.962162162162,0.520467836257,0.675521821632,0.648509754739,0.513397129187,0.510028653295,29,186,0,0,0,0
655,WLNM_dir_neg,0.425251474159,0.347901414407,00:00:07,10,20,23,1234860758,threshold_sweep,0.7,0.758620689655,0.118279569892,0.204651162791,22,7,164,365,0.118279569892,0.981182795699,0.0188172043011,0.881720430108,0.758620689655,0.118279569892,0.204651162791,0.693548387097,0.649342891278,0.126064735945,0.211232087644,0.0994623655914,342,156,186,0,342,0,156,0,186,37,342,0.256756756757,1.72528881811,18.4864864865,15.5454545455,9.77142857143,5.36771015539,0.290358590277,0.142642642643,9.50849154237,1.02869645341,0.544491860281,8.05331334643,0.871264894205,0.461830251304,0.640599570326,0.371299902718,2,1.72528881811,0.640599570326,2,0.344071394247,0.376569037657,810,0.104247104247,0.56957682835,37,37,37,1,0,0.405405405405,0.540540540541,0.0540540540541,37,0.117117117117,2.18481481481,8.43243243243,7.09090909091,4.45714285714,5.03620525429,0.597242289772,0.326923076923,6.00062559301,1.42322530091,0.680526680527,3.83793300225,0.910278981302,0.463617463617,1.318977792,0.603702328937,4.32037037037,2.18481481481,1.318977792,4.32037037037,0,0,0,0,0.160896782956,37,37,37,1,0,0.405405405405,0.540540540541,0.0540540540541,37,185,0.138888888889,4.08185030763,10,8.04347826087,5.28571428571,4.36526695124,0.436526695124,0.237545653762,6,1.2,0.61592403214,3.57460176492,0.714920352984,0.38334550767,3.60359275466,0.882833147488,10.2393610535,4.08185030763,3.60359275466,10.2393610535,0.128133110486,0.0527677185722,34,0.0043758043758,0.196973250881,37,37,37,1,0,0.378378378378,0.567567567568,0.0540540540541,-157,-0.117867867868,2.35656148951,-8.48648648649,-7.50197628458,-4.48571428571,-1.00244320416,0.146168104847,0.0949030111192,-3.50849154237,0.171303546585,0.0714321718589,-4.47871158151,-0.156344541221,-0.0784847436341,2.96299318433,0.51153324477,8.23936105353,2.35656148951,2.96299318433,8.23936105353,-0.215938283761,-0.323801319085,-776,-0.0998712998713,-0.372603577469,-0.027027027027,0.027027027027,0,178,7,164,983,0.520467836257,0.992929292929,0.00707070707071,0.479532163743,0.962162162162,0.520467836257,0.675521821632,0.648509754739,0.513397129187,0.510028653295,29,186,0,0,0,0
656,WLNM_dir_neg,0.425251474159,0.347901414407,00:00:07,10,20,23,1234860758,threshold_sweep,0.8,0.758620689655,0.118279569892,0.204651162791,22,7,164,365,0.118279569892,0.981182795699,0.0188172043011,0.881720430108,0.758620689655,0.118279569892,0.204651162791,0.693548387097,0.649342891278,0.126064735945,0.211232087644,0.0994623655914,342,156,186,0,342,0,156,0,186,37,342,0.256756756757,1.72528881811,18.4864864865,15.5454545455,9.77142857143,5.36771015539,0.290358590277,0.142642642643,9.50849154237,1.02869645341,0.544491860281,8.05331334643,0.871264894205,0.461830251304,0.640599570326,0.371299902718,2,1.72528881811,0.640599570326,2,0.344071394247,0.376569037657,810,0.104247104247,0.56957682835,37,37,37,1,0,0.405405405405,0.540540540541,0.0540540540541,37,0.117117117117,2.18481481481,8.43243243243,7.09090909091,4.45714285714,5.03620525429,0.597242289772,0.326923076923,6.00062559301,1.42322530091,0.680526680527,3.83793300225,0.910278981302,0.463617463617,1.318977792,0.603702328937,4.32037037037,2.18481481481,1.318977792,4.32037037037,0,0,0,0,0.160896782956,37,37,37,1,0,0.405405405405,0.540540540541,0.0540540540541,37,185,0.138888888889,4.08185030763,10,8.04347826087,5.28571428571,4.36526695124,0.436526695124,0.237545653762,6,1.2,0.61592403214,3.57460176492,0.714920352984,0.38334550767,3.60359275466,0.882833147488,10.2393610535,4.08185030763,3.60359275466,10.2393610535,0.128133110486,0.0527677185722,34,0.0043758043758,0.196973250881,37,37,37,1,0,0.378378378378,0.567567567568,0.0540540540541,-157,-0.117867867868,2.35656148951,-8.48648648649,-7.50197628458,-4.48571428571,-1.00244320416,0.146168104847,0.0949030111192,-3.50849154237,0.171303546585,0.0714321718589,-4.47871158151,-0.156344541221,-0.0784847436341,2.96299318433,0.51153324477,8.23936105353,2.35656148951,2.96299318433,8.23936105353,-0.215938283761,-0.323801319085,-776,-0.0998712998713,-0.372603577469,-0.027027027027,0.027027027027,0,178,7,164,983,0.520467836257,0.992929292929,0.00707070707071,0.479532163743,0.962162162162,0.520467836257,0.675521821632,0.648509754739,0.513397129187,0.510028653295,29,186,0,0,0,0
657,WLNM_dir_neg,0.425251474159,0.347901414407,00:00:07,10,20,23,1234860758,threshold_sweep,0.9,0.730769230769,0.102150537634,0.179245283019,19,7,167,365,0.102150537634,0.981182795699,0.0188172043011,0.897849462366,0.730769230769,0.102150537634,0.179245283019,0.688172043011,0.651135005974,0.106164383562,0.18638210222,0.0833333333333,342,156,186,0,342,0,156,0,186,37,342,0.256756756757,1.72528881811,18.4864864865,15.5454545455,9.77142857143,5.36771015539,0.290358590277,0.142642642643,9.50849154237,1.02869645341,0.544491860281,8.05331334643,0.871264894205,0.461830251304,0.640599570326,0.371299902718,2,1.72528881811,0.640599570326,2,0.344071394247,0.376569037657,810,0.104247104247,0.56957682835,37,37,37,1,0,0.405405405405,0.540540540541,0.0540540540541,37,0.117117117117,2.18481481481,8.43243243243,7.09090909091,4.45714285714,5.03620525429,0.597242289772,0.326923076923,6.00062559301,1.42322530091,0.680526680527,3.83793300225,0.910278981302,0.463617463617,1.318977792,0.603702328937,4.32037037037,2.18481481481,1.318977792,4.32037037037,0,0,0,0,0.160896782956,37,37,37,1,0,0.405405405405,0.540540540541,0.0540540540541,37,182,0.136636636637,4.09446227345,9.83783783784,7.91304347826,5.2,4.36853340197,0.444054219431,0.239976239976,5.9272364667,1.20498763334,0.618354618355,3.60846518911,0.733589076907,0.389961389961,3.62635804617,0.885673820878,10.3147211041,4.09446227345,3.62635804617,10.3147211041,0.106006866301,0.03668261563,23,0.0029601029601,0.194454732947,37,37,37,1,0,0.378378378378,0.567567567568,0.0540540540541,-160,-0.12012012012,2.36917345534,-8.64864864865,-7.63241106719,-4.57142857143,-0.999176753428,0.153695629153,0.0973335973336,-3.58125507568,0.176291179925,0.0738627580733,-4.44484815732,-0.137675817298,-0.0718688613425,2.98575847584,0.51437391816,8.31472110408,2.36917345534,2.98575847584,8.31472110408,-0.238064527946,-0.339886422027,-787,-0.101287001287,-0.375122095402,-0.027027027027,0.027027027027,0,175,7,167,983,0.511695906433,0.992929292929,0.00707070707071,0.488304093567,0.961538461538,0.511695906433,0.667938931298,0.641822547758,0.504625199362,0.501432664756,26,186,0,0,0,0
658,WLNM_dir_neg,0.473645797202,0.340811733633,00:00:05,10,20,24,1234860759,threshold_sweep,0.1,0.470588235294,0.0860215053763,0.145454545455,16,18,170,354,0.0860215053763,0.951612903226,0.0483870967742,0.913978494624,0.470588235294,0.0860215053763,0.145454545455,0.663082437276,0.646356033453,0.0472972972973,0.0741665258177,0.0376344086022,342,156,186,0,342,0,156,0,186,37,342,0.256756756757,1.72528881811,18.4864864865,15.5454545455,9.77142857143,5.36771015539,0.290358590277,0.142642642643,9.50849154237,1.02869645341,0.544491860281,8.05331334643,0.871264894205,0.461830251304,0.640599570326,0.371299902718,2,1.72528881811,0.640599570326,2,0.344071394247,0.376569037657,810,0.104247104247,0.56957682835,37,37,37,1,0,0.405405405405,0.540540540541,0.0540540540541,37,0.117117117117,2.22747747748,8.43243243243,7.09090909091,4.45714285714,5.03620525429,0.597242289772,0.326923076923,6.00525295579,1.42432281644,0.680873180873,3.83793300225,0.910278981302,0.463617463617,1.42084529335,0.637871901162,5.2,2.22747747748,1.42084529335,5.2,0,0,0,0,0.160752482811,37,37,37,1,0,0.405405405405,0.540540540541,0.0540540540541,37,190,0.142642642643,7.42104620189,10.2702702703,6.33333333333,5.27777777778,4.72962676851,0.460516290618,0.252916073969,5.75017952455,1.11977180215,0.573541963016,3.71305625958,0.723068850549,0.38719772404,3.44968763496,0.464851928031,9.86369303424,7.42104620189,3.44968763496,9.86369303424,0.113517742543,0.0517985611511,36,0.0046332046332,0.181682473389,37,37,37,1,0,0.189189189189,0.783783783784,0.027027027027,-152,-0.114114114114,5.69575738377,-8.21621621622,-9.21212121212,-4.49365079365,-0.638083386887,0.170157700341,0.110273431326,-3.75831201782,0.0910753487346,0.0290501027343,-4.34025708686,-0.148196043656,-0.0746325272641,2.80908806463,0.0935520253138,7.86369303424,5.69575738377,2.80908806463,7.86369303424,-0.230553651705,-0.324770476506,-774,-0.0996138996139,-0.387894354961,-0.216216216216,0.243243243243,-0.027027027027,172,18,170,972,0.502923976608,0.981818181818,0.0181818181818,0.497076023392,0.905263157895,0.502923976608,0.646616541353,0.605524319412,0.484742158426,0.477777777778,34,186,0,0,0,0
659,WLNM_dir_neg,0.473645797202,0.340811733633,00:00:05,10,20,24,1234860759,threshold_sweep,0.2,0.466666666667,0.0752688172043,0.12962962963,14,16,172,356,0.0752688172043,0.956989247312,0.0430107526882,0.924731182796,0.466666666667,0.0752688172043,0.12962962963,0.663082437276,0.648745519713,0.0408163265306,0.0674199862463,0.0322580645161,342,156,186,0,342,0,156,0,186,37,342,0.256756756757,1.72528881811,18.4864864865,15.5454545455,9.77142857143,5.36771015539,0.290358590277,0.142642642643,9.50849154237,1.02869645341,0.544491860281,8.05331334643,0.871264894205,0.461830251304,0.640599570326,0.371299902718,2,1.72528881811,0.640599570326,2,0.344071394247,0.376569037657,810,0.104247104247,0.56957682835,37,37,37,1,0,0.405405405405,0.540540540541,0.0540540540541,37,0.117117117117,2.22747747748,8.43243243243,7.09090909091,4.45714285714,5.03620525429,0.597242289772,0.326923076923,6.00525295579,1.42432281644,0.680873180873,3.83793300225,0.910278981302,0.463617463617,1.42084529335,0.637871901162,5.2,2.22747747748,1.42084529335,5.2,0,0,0,0,0.160752482811,37,37,37,1,0,0.405405405405,0.540540540541,0.0540540540541,37,186,0.13963963964,7.39674587394,10.0540540541,6.2,5.16666666667,4.6900956277,0.466488005981,0.256030223772,5.70324705997,1.13451688827,0.576576576577,3.72295049126,0.74058692568,0.394652717233,3.43436556338,0.46430763229,9.84176926607,7.39674587394,3.43436556338,9.84176926607,0.109177436886,0.0478802992519,32,0.0041184041184,0.177466280897,37,37,37,1,0,0.189189189189,0.783783783784,0.027027027027,-156,-0.117117117117,5.67145705582,-8.43243243243,-9.34545454545,-4.60476190476,-0.67761452769,0.176129415704,0.11338758113,-3.80524448241,0.105820434858,0.0320847162952,-4.33036285518,-0.130677968524,-0.0671775340706,2.79376599305,0.0930077295719,7.84176926607,5.67145705582,2.79376599305,7.84176926607,-0.234893957361,-0.328688738405,-778,-0.100128700129,-0.392110547453,-0.216216216216,0.243243243243,-0.027027027027,170,16,172,974,0.497076023392,0.983838383838,0.0161616161616,0.502923976608,0.913978494624,0.497076023392,0.643939393939,0.606107498939,0.48091440723,0.474860335196,30,186,0,0,0,0
660,WLNM_dir_neg,0.473645797202,0.340811733633,00:00:05,10,20,24,1234860759,threshold_sweep,0.3,0.6,0.0645161290323,0.116504854369,12,8,174,364,0.0645161290323,0.978494623656,0.0215053763441,0.935483870968,0.6,0.0645161290323,0.116504854369,0.673835125448,0.654719235364,0.0553633217993,0.10906837663,0.0430107526882,342,156,186,0,342,0,156,0,186,37,342,0.256756756757,1.72528881811,18.4864864865,15.5454545455,9.77142857143,5.36771015539,0.290358590277,0.142642642643,9.50849154237,1.02869645341,0.544491860281,8.05331334643,0.871264894205,0.461830251304,0.640599570326,0.371299902718,2,1.72528881811,0.640599570326,2,0.344071394247,0.376569037657,810,0.104247104247,0.56957682835,37,37,37,1,0,0.405405405405,0.540540540541,0.0540540540541,37,0.117117117117,2.22747747748,8.43243243243,7.09090909091,4.45714285714,5.03620525429,0.597242289772,0.326923076923,6.00525295579,1.42432281644,0.680873180873,3.83793300225,0.910278981302,0.463617463617,1.42084529335,0.637871901162,5.2,2.22747747748,1.42084529335,5.2,0,0,0,0,0.160752482811,37,37,37,1,0,0.405405405405,0.540540540541,0.0540540540541,37,176,0.132132132132,2.88719456858,9.51351351351,7.65217391304,4.88888888889,4.58634217373,0.482087103489,0.25906019656,5.83764319551,1.22723180815,0.622235872236,3.68484437637,0.774654783669,0.408783783784,2.0002476512,0.692799741646,5.47408851181,2.88719456858,2.0002476512,5.47408851181,0.081970061614,0.0215350635008,13,0.0016731016731,0.186628937686,37,37,37,1,0,0.378378378378,0.594594594595,0.027027027027,-166,-0.124624624625,1.16190575047,-8.97297297297,-7.89328063241,-4.88253968254,-0.781367981663,0.191728513212,0.116417553918,-3.67084834687,0.198535354732,0.0777440119545,-4.36846897006,-0.0966101105358,-0.0530464675202,1.35964808087,0.321499838929,3.47408851181,1.16190575047,1.35964808087,3.47408851181,-0.262101332633,-0.355033974156,-797,-0.102574002574,-0.382947890664,-0.027027027027,0.0540540540541,-0.027027027027,168,8,174,982,0.491228070175,0.991919191919,0.00808080808081,0.508771929825,0.954545454545,0.491228070175,0.648648648649,0.623268132604,0.483147262095,0.48,20,186,0,0,0,0
661,WLNM_dir_neg,0.473645797202,0.340811733633,00:00:05,10,20,24,1234860759,threshold_sweep,0.4,0.578947368421,0.0591397849462,0.107317073171,11,8,175,364,0.0591397849462,0.978494623656,0.0215053763441,0.940860215054,0.578947368421,0.0591397849462,0.107317073171,0.672043010753,0.65531660693,0.0485268630849,0.0978231976089,0.0376344086022,342,156,186,0,342,0,156,0,186,37,342,0.256756756757,1.72528881811,18.4864864865,15.5454545455,9.77142857143,5.36771015539,0.290358590277,0.142642642643,9.50849154237,1.02869645341,0.544491860281,8.05331334643,0.871264894205,0.461830251304,0.640599570326,0.371299902718,2,1.72528881811,0.640599570326,2,0.344071394247,0.376569037657,810,0.104247104247,0.56957682835,37,37,37,1,0,0.405405405405,0.540540540541,0.0540540540541,37,0.117117117117,2.22747747748,8.43243243243,7.09090909091,4.45714285714,5.03620525429,0.597242289772,0.326923076923,6.00525295579,1.42432281644,0.680873180873,3.83793300225,0.910278981302,0.463617463617,1.42084529335,0.637871901162,5.2,2.22747747748,1.42084529335,5.2,0,0,0,0,0.160752482811,37,37,37,1,0,0.405405405405,0.540540540541,0.0540540540541,37,175,0.131381381381,2.87086312982,9.45945945946,7.60869565217,4.86111111111,4.59223133004,0.48546445489,0.260540540541,5.83880052679,1.23448925423,0.623629343629,3.65641482457,0.77307056291,0.409884169884,1.98376523868,0.690999587569,5.47408851181,2.87086312982,1.98376523868,5.47408851181,0.0813615583739,0.020022246941,12,0.0015444015444,0.182363828272,37,37,37,1,0,0.378378378378,0.594594594595,0.027027027027,-167,-0.125375375375,1.14557431171,-9.02702702703,-7.93675889328,-4.91031746032,-0.775478825355,0.195105864613,0.117897897898,-3.66969101559,0.20579280082,0.079137483348,-4.39689852186,-0.0981943312948,-0.0519460814198,1.34316566835,0.319699684852,3.47408851181,1.14557431171,1.34316566835,3.47408851181,-0.262709835873,-0.356546790716,-798,-0.102702702703,-0.387213000078,-0.027027027027,0.0540540540541,-0.027027027027,167,8,175,982,0.488304093567,0.991919191919,0.00808080808081,0.511695906433,0.954285714286,0.488304093567,0.646034816248,0.620995082594,0.480223285486,0.477142857143,19,186,0,0,0,0
662,WLNM_dir_neg,0.473645797202,0.340811733633,00:00:05,10,20,24,1234860759,threshold_sweep,0.5,0.611111111111,0.0591397849462,0.107843137255,11,7,175,365,0.0591397849462,0.981182795699,0.0188172043011,0.940860215054,0.611111111111,0.0591397849462,0.107843137255,0.673835125448,0.655913978495,0.0520833333333,0.107582870728,0.0403225806452,342,156,186,0,342,0,156,0,186,37,342,0.256756756757,1.72528881811,18.4864864865,15.5454545455,9.77142857143,5.36771015539,0.290358590277,0.142642642643,9.50849154237,1.02869645341,0.544491860281,8.05331334643,0.871264894205,0.461830251304,0.640599570326,0.371299902718,2,1.72528881811,0.640599570326,2,0.344071394247,0.376569037657,810,0.104247104247,0.56957682835,37,37,37,1,0,0.405405405405,0.540540540541,0.0540540540541,37,0.117117117117,2.22747747748,8.43243243243,7.09090909091,4.45714285714,5.03620525429,0.597242289772,0.326923076923,6.00525295579,1.42432281644,0.680873180873,3.83793300225,0.910278981302,0.463617463617,1.42084529335,0.637871901162,5.2,2.22747747748,1.42084529335,5.2,0,0,0,0,0.160752482811,37,37,37,1,0,0.405405405405,0.540540540541,0.0540540540541,37,174,0.130630630631,2.8721265663,9.40540540541,7.5652173913,4.83333333333,4.57322800814,0.486234012359,0.262037899969,5.85408150526,1.24483342353,0.628145386766,3.65805705004,0.777862706044,0.411618515067,1.98437300981,0.690907229888,5.47408851181,2.8721265663,1.98437300981,5.47408851181,0.0994353597295,0.0202474690664,12,0.0015444015444,0.178938268324,37,37,37,1,0,0.378378378378,0.594594594595,0.027027027027,-168,-0.126126126126,1.14683774818,-9.08108108108,-7.98023715415,-4.9380952381,-0.794482147256,0.195875422082,0.119395257326,-3.65441003711,0.216136970118,0.0836535264847,-4.39525629639,-0.0934021881609,-0.0502117362371,1.34377343948,0.31960732717,3.47408851181,1.14683774818,1.34377343948,3.47408851181,-0.244636034518,-0.356321568591,-798,-0.102702702703,-0.390638560025,-0.027027027027,0.0540540540541,-0.027027027027,167,7,175,983,0.488304093567,0.992929292929,0.00707070707071,0.511695906433,0.959770114943,0.488304093567,0.647286821705,0.623817417169,0.481233386497,0.478510028653,18,186,0,0,0,0
663,WLNM_dir_neg,0.473645797202,0.340811733633,00:00:05,10,20,24,1234860759,threshold_sweep,0.6,0.5625,0.0483870967742,0.0891089108911,9,7,177,365,0.0483870967742,0.981182795699,0.0188172043011,0.951612903226,0.5625,0.0483870967742,0.0891089108911,0.670250896057,0.657108721625,0.0383275261324,0.0835253016442,0.0295698924731,342,156,186,0,342,0,156,0,186,37,342,0.256756756757,1.72528881811,18.4864864865,15.5454545455,9.77142857143,5.36771015539,0.290358590277,0.142642642643,9.50849154237,1.02869645341,0.544491860281,8.05331334643,0.871264894205,0.461830251304,0.640599570326,0.371299902718,2,1.72528881811,0.640599570326,2,0.344071394247,0.376569037657,810,0.104247104247,0.56957682835,37,37,37,1,0,0.405405405405,0.540540540541,0.0540540540541,37,0.117117117117,2.22747747748,8.43243243243,7.09090909091,4.45714285714,5.03620525429,0.597242289772,0.326923076923,6.00525295579,1.42432281644,0.680873180873,3.83793300225,0.910278981302,0.463617463617,1.42084529335,0.637871901162,5.2,2.22747747748,1.42084529335,5.2,0,0,0,0,0.160752482811,37,37,37,1,0,0.405405405405,0.540540540541,0.0540540540541,37,172,0.129129129129,2.8387579772,9.2972972973,7.47826086957,4.77777777778,4.63000398887,0.497994615082,0.266656191075,5.87469250361,1.26374199206,0.634506599623,3.62258514367,0.779277036719,0.413890634821,1.93686958239,0.682294721124,5.31044621238,2.8387579772,1.93686958239,5.31044621238,0.0683113786055,0.0136674259681,8,0.0010296010296,0.170395681329,37,37,37,1,0,0.378378378378,0.594594594595,0.027027027027,-170,-0.127627627628,1.11346915909,-9.18918918919,-8.06719367589,-4.99365079365,-0.737706166525,0.207636024805,0.124013548432,-3.63379903876,0.235045538642,0.0900147393415,-4.43072820277,-0.0919878574856,-0.0479396164831,1.29627001207,0.310994818406,3.31044621238,1.11346915909,1.29627001207,3.31044621238,-0.275760015642,-0.362901611689,-802,-0.103217503218,-0.399181147021,-0.027027027027,0.0540540540541,-0.027027027027,165,7,177,983,0.482456140351,0.992929292929,0.00707070707071,0.517543859649,0.959302325581,0.482456140351,0.642023346304,0.619274649582,0.47538543328,0.472779369628,16,186,0,0,0,0
664,WLNM_dir_neg,0.473645797202,0.340811733633,00:00:05,10,20,24,1234860759,threshold_sweep,0.7,0.666666666667,0.0322580645161,0.0615384615385,6,3,180,369,0.0322580645161,0.991935483871,0.00806451612903,0.967741935484,0.666666666667,0.0322580645161,0.0615384615385,0.672043010753,0.661290322581,0.031746031746,0.0905357460425,0.0241935483871,342,156,186,0,342,0,156,0,186,37,342,0.256756756757,1.72528881811,18.4864864865,15.5454545455,9.77142857143,5.36771015539,0.290358590277,0.142642642643,9.50849154237,1.02869645341,0.544491860281,8.05331334643,0.871264894205,0.461830251304,0.640599570326,0.371299902718,2,1.72528881811,0.640599570326,2,0.344071394247,0.376569037657,810,0.104247104247,0.56957682835,37,37,37,1,0,0.405405405405,0.540540540541,0.0540540540541,37,0.117117117117,2.22747747748,8.43243243243,7.09090909091,4.45714285714,5.03620525429,0.597242289772,0.326923076923,6.00525295579,1.42432281644,0.680873180873,3.83793300225,0.910278981302,0.463617463617,1.42084529335,0.637871901162,5.2,2.22747747748,1.42084529335,5.2,0,0,0,0,0.160752482811,37,37,37,1,0,0.405405405405,0.540540540541,0.0540540540541,37,165,0.123873873874,2.71476333476,8.91891891892,7.17391304348,4.71428571429,4.83837885142,0.542484901523,0.29484029484,5.94229003086,1.33251352207,0.655528255528,3.71628992556,0.833349862095,0.438656838657,1.78074613933,0.655948942777,4.7619047619,2.71476333476,1.78074613933,4.7619047619,0.0366101395513,0.0053317535545,3,0.0003861003861,0.163891195477,37,37,37,1,0,0.378378378378,0.567567567568,0.0540540540541,-177,-0.132882882883,0.989474516648,-9.56756756757,-8.37154150198,-5.05714285714,-0.529331303969,0.252126311246,0.152197652198,-3.56620151152,0.303817068656,0.111036395247,-4.33702342088,-0.0379150321098,-0.0231734126471,1.140146569,0.284649040059,2.7619047619,0.989474516648,1.140146569,2.7619047619,-0.307461254696,-0.371237284102,-807,-0.103861003861,-0.405685632873,-0.027027027027,0.027027027027,0,162,3,180,987,0.473684210526,0.99696969697,0.0030303030303,0.526315789474,0.981818181818,0.473684210526,0.639053254438,0.624101058075,0.470653907496,0.469565217391,9,186,0,0,0,0
665,WLNM_dir_neg,0.473645797202,0.340811733633,00:00:05,10,20,24,1234860759,threshold_sweep,0.8,0.75,0.0322580645161,0.0618556701031,6,2,180,370,0.0322580645161,0.994623655914,0.00537634408602,0.967741935484,0.75,0.0322580645161,0.0618556701031,0.673835125448,0.661887694146,0.0353356890459,0.106600358178,0.0268817204301,342,156,186,0,342,0,156,0,186,37,342,0.256756756757,1.72528881811,18.4864864865,15.5454545455,9.77142857143,5.36771015539,0.290358590277,0.142642642643,9.50849154237,1.02869645341,0.544491860281,8.05331334643,0.871264894205,0.461830251304,0.640599570326,0.371299902718,2,1.72528881811,0.640599570326,2,0.344071394247,0.376569037657,810,0.104247104247,0.56957682835,37,37,37,1,0,0.405405405405,0.540540540541,0.0540540540541,37,0.117117117117,2.22747747748,8.43243243243,7.09090909091,4.45714285714,5.03620525429,0.597242289772,0.326923076923,6.00525295579,1.42432281644,0.680873180873,3.83793300225,0.910278981302,0.463617463617,1.42084529335,0.637871901162,5.2,2.22747747748,1.42084529335,5.2,0,0,0,0,0.160752482811,37,37,37,1,0,0.405405405405,0.540540540541,0.0540540540541,37,164,0.123123123123,2.80920634921,8.86486486486,7.13043478261,4.68571428571,4.86576568236,0.548882104413,0.298780487805,5.95137958115,1.34268929575,0.658206987475,3.73080673835,0.841706398286,0.441331575478,1.91441968335,0.681480619568,5.28571428571,2.80920634921,1.91441968335,5.28571428571,0.0290054760643,0.00178784266985,1,0.0001287001287,0.163861809546,37,37,37,1,0,0.378378378378,0.567567567568,0.0540540540541,-178,-0.133633633634,1.08391753109,-9.62162162162,-8.41501976285,-5.08571428571,-0.501944473029,0.258523514136,0.156137845162,-3.55711196123,0.313992842332,0.113715127194,-4.32250660808,-0.0295584959186,-0.020498675826,1.27382011302,0.31018071685,3.28571428571,1.08391753109,1.27382011302,3.28571428571,-0.315065918183,-0.374781194987,-809,-0.104118404118,-0.405715018804,-0.027027027027,0.027027027027,0,162,2,180,988,0.473684210526,0.99797979798,0.0020202020202,0.526315789474,0.987804878049,0.473684210526,0.640316205534,0.627075802345,0.471664008506,0.470930232558,8,186,0,0,0,0
666,WLNM_dir_neg,0.473645797202,0.340811733633,00:00:05,10,20,24,1234860759,threshold_sweep,0.9,0.714285714286,0.0268817204301,0.0518134715026,5,2,181,370,0.0268817204301,0.994623655914,0.00537634408602,0.97311827957,0.714285714286,0.0268817204301,0.0518134715026,0.672043010753,0.662485065711,0.0283185840708,0.0910856935963,0.0215053763441,342,156,186,0,342,0,156,0,186,37,342,0.256756756757,1.72528881811,18.4864864865,15.5454545455,9.77142857143,5.36771015539,0.290358590277,0.142642642643,9.50849154237,1.02869645341,0.544491860281,8.05331334643,0.871264894205,0.461830251304,0.640599570326,0.371299902718,2,1.72528881811,0.640599570326,2,0.344071394247,0.376569037657,810,0.104247104247,0.56957682835,37,37,37,1,0,0.405405405405,0.540540540541,0.0540540540541,37,0.117117117117,2.22747747748,8.43243243243,7.09090909091,4.45714285714,5.03620525429,0.597242289772,0.326923076923,6.00525295579,1.42432281644,0.680873180873,3.83793300225,0.910278981302,0.463617463617,1.42084529335,0.637871901162,5.2,2.22747747748,1.42084529335,5.2,0,0,0,0,0.160752482811,37,37,37,1,0,0.405405405405,0.540540540541,0.0540540540541,37,163,0.122372372372,2.91292517007,8.81081081081,7.08695652174,4.65714285714,4.84675056001,0.550091321229,0.299784447024,5.96498793637,1.35401566654,0.66191344719,3.74506682524,0.85010719346,0.443707511192,2.06286312344,0.708175803704,5.91587301587,2.91292517007,2.06286312344,5.91587301587,0.0290054760643,0.00180722891566,1,0.0001287001287,0.161556144197,37,37,37,1,0,0.378378378378,0.567567567568,0.0540540540541,-179,-0.134384384384,1.18763635195,-9.67567567568,-8.45849802372,-5.11428571429,-0.52095959538,0.259732730951,0.157141804381,-3.543503606,0.325319213124,0.117421586908,-4.30824652119,-0.0211577007451,-0.0181227401118,1.42226355312,0.336875900986,3.91587301587,1.18763635195,1.42226355312,3.91587301587,-0.315065918183,-0.374761808741,-809,-0.104118404118,-0.408020684153,-0.027027027027,0.027027027027,0,161,2,181,988,0.470760233918,0.99797979798,0.0020202020202,0.529239766082,0.98773006135,0.470760233918,0.637623762376,0.624829661338,0.468740031898,0.468023255814,7,186,0,0,0,0
667,WLNM_dir_neg,0.336288877327,0.327124193486,00:00:06,10,20,25,1234860760,threshold_sweep,0.1,0.551020408163,0.145161290323,0.229787234043,27,22,159,350,0.145161290323,0.940860215054,0.0591397849462,0.854838709677,0.551020408163,0.145161290323,0.229787234043,0.675627240143,0.637395459976,0.105436573311,0.143277517899,0.0860215053763,342,156,186,0,342,0,156,0,186,37,342,0.256756756757,1.72528881811,18.4864864865,15.5454545455,9.77142857143,5.36771015539,0.290358590277,0.142642642643,9.50849154237,1.02869645341,0.544491860281,8.05331334643,0.871264894205,0.461830251304,0.640599570326,0.371299902718,2,1.72528881811,0.640599570326,2,0.344071394247,0.376569037657,810,0.104247104247,0.56957682835,37,37,37,1,0,0.405405405405,0.540540540541,0.0540540540541,37,0.117117117117,2.18635635636,8.43243243243,7.09090909091,4.45714285714,5.03620525429,0.597242289772,0.326923076923,6.00062559301,1.42322530091,0.680526680527,3.83793300225,0.910278981302,0.463617463617,1.32204914232,0.604681454823,4.3462962963,2.18635635636,1.32204914232,4.3462962963,0,0,0,0,0.160896782956,37,37,37,1,0,0.405405405405,0.540540540541,0.0540540540541,37,205,0.153903903904,7.40119393315,11.0810810811,6.83333333333,5.69444444444,4.89545355054,0.441784832609,0.235332893869,5.78597247466,1.04429747104,0.555042847726,3.70880779433,0.669394577513,0.365194462755,3.40343243756,0.459849109252,9.60560451815,7.40119393315,3.40343243756,9.60560451815,0.170889468335,0.104651162791,81,0.0104247104247,0.183935978042,37,37,37,1,0,0.189189189189,0.783783783784,0.027027027027,-137,-0.102852852853,5.67590511504,-7.40540540541,-8.71212121212,-4.07698412698,-0.472256604856,0.151426242332,0.0926902512268,-3.72251906772,0.0156010176207,0.0105509874444,-4.34450555211,-0.201870316692,-0.0966357885485,2.76283286723,0.0885492065342,7.60560451815,5.67590511504,2.76283286723,7.60560451815,-0.173181925912,-0.271917874866,-729,-0.0938223938224,-0.385640850307,-0.216216216216,0.243243243243,-0.027027027027,183,22,159,968,0.535087719298,0.977777777778,0.0222222222222,0.464912280702,0.892682926829,0.535087719298,0.669104204753,0.620862236144,0.512865497076,0.502747252747,49,186,0,0,0,0
668,WLNM_dir_neg,0.336288877327,0.327124193486,00:00:06,10,20,25,1234860760,threshold_sweep,0.2,0.54347826087,0.134408602151,0.215517241379,25,21,161,351,0.134408602151,0.943548387097,0.0564516129032,0.865591397849,0.54347826087,0.134408602151,0.215517241379,0.673835125448,0.639187574671,0.0960264900662,0.133619272765,0.0779569892473,342,156,186,0,342,0,156,0,186,37,342,0.256756756757,1.72528881811,18.4864864865,15.5454545455,9.77142857143,5.36771015539,0.290358590277,0.142642642643,9.50849154237,1.02869645341,0.544491860281,8.05331334643,0.871264894205,0.461830251304,0.640599570326,0.371299902718,2,1.72528881811,0.640599570326,2,0.344071394247,0.376569037657,810,0.104247104247,0.56957682835,37,37,37,1,0,0.405405405405,0.540540540541,0.0540540540541,37,0.117117117117,2.18635635636,8.43243243243,7.09090909091,4.45714285714,5.03620525429,0.597242289772,0.326923076923,6.00062559301,1.42322530091,0.680526680527,3.83793300225,0.910278981302,0.463617463617,1.32204914232,0.604681454823,4.3462962963,2.18635635636,1.32204914232,4.3462962963,0,0,0,0,0.160896782956,37,37,37,1,0,0.405405405405,0.540540540541,0.0540540540541,37,202,0.151651651652,7.38766438451,10.9189189189,6.73333333333,5.61111111111,4.84984752554,0.444169204072,0.236151993578,5.74743708387,1.05274837675,0.558201766123,3.74606901071,0.686161155428,0.373561680492,3.39625055906,0.459719118559,9.57344915927,7.38766438451,3.39625055906,9.57344915927,0.168441600098,0.0972037283622,73,0.00939510939511,0.18310824491,37,37,37,1,0,0.189189189189,0.783783783784,0.027027027027,-140,-0.105105105105,5.66237556639,-7.56756756757,-8.81212121212,-4.16031746032,-0.51786262985,0.153810613795,0.0935093509351,-3.76105445851,0.0240519233335,0.0137099058412,-4.30724433572,-0.185103738777,-0.0882685708116,2.75565098873,0.0884192158417,7.57344915927,5.66237556639,2.75565098873,7.57344915927,-0.175629794149,-0.279365309295,-737,-0.094851994852,-0.38646858344,-0.216216216216,0.243243243243,-0.027027027027,181,21,161,969,0.529239766082,0.978787878788,0.0212121212121,0.470760233918,0.89603960396,0.529239766082,0.665441176471,0.618732728943,0.50802764487,0.498622589532,46,186,0,0,0,0
669,WLNM_dir_neg,0.336288877327,0.327124193486,00:00:06,10,20,25,1234860760,threshold_sweep,0.3,0.657894736842,0.134408602151,0.223214285714,25,13,161,359,0.134408602151,0.965053763441,0.0349462365591,0.865591397849,0.657894736842,0.134408602151,0.223214285714,0.688172043011,0.643966547192,0.124161073826,0.18612009096,0.0994623655914,342,156,186,0,342,0,156,0,186,37,342,0.256756756757,1.72528881811,18.4864864865,15.5454545455,9.77142857143,5.36771015539,0.290358590277,0.142642642643,9.50849154237,1.02869645341,0.544491860281,8.05331334643,0.871264894205,0.461830251304,0.640599570326,0.371299902718,2,1.72528881811,0.640599570326,2,0.344071394247,0.376569037657,810,0.104247104247,0.56957682835,37,37,37,1,0,0.405405405405,0.540540540541,0.0540540540541,37,0.117117117117,2.18635635636,8.43243243243,7.09090909091,4.45714285714,5.03620525429,0.597242289772,0.326923076923,6.00062559301,1.42322530091,0.680526680527,3.83793300225,0.910278981302,0.463617463617,1.32204914232,0.604681454823,4.3462962963,2.18635635636,1.32204914232,4.3462962963,0,0,0,0,0.160896782956,37,37,37,1,0,0.405405405405,0.540540540541,0.0540540540541,37,194,0.145645645646,2.5931649083,10.4864864865,8.4347826087,5.38888888889,4.53763044882,0.432712181975,0.227500696573,5.90858793718,1.1268956375,0.595430482028,3.49130193326,0.66586686356,0.361939258846,1.61012107978,0.620909636184,4.32897513,2.5931649083,1.61012107978,4.32897513,0.141185704421,0.0696661828737,48,0.00617760617761,0.197310633324,37,37,37,1,0,0.378378378378,0.594594594595,0.027027027027,-148,-0.111111111111,0.867876090185,-8,-7.11067193676,-4.38253968254,-0.83007970657,0.142353591698,0.0848580539302,-3.59990360519,0.098199184089,0.0509386217471,-4.56201141317,-0.205398030645,-0.0998909924575,0.969521509451,0.249609733466,2.32897513,0.867876090185,0.969521509451,2.32897513,-0.202885689826,-0.306902854783,-762,-0.0980694980695,-0.372266195026,-0.027027027027,0.0540540540541,-0.027027027027,181,13,161,977,0.529239766082,0.986868686869,0.0131313131313,0.470760233918,0.932989690722,0.529239766082,0.675373134328,0.639145339425,0.516108452951,0.50985915493,38,186,0,0,0,0
670,WLNM_dir_neg,0.336288877327,0.327124193486,00:00:06,10,20,25,1234860760,threshold_sweep,0.4,0.628571428571,0.118279569892,0.199095022624,22,13,164,359,0.118279569892,0.965053763441,0.0349462365591,0.881720430108,0.628571428571,0.118279569892,0.199095022624,0.682795698925,0.645758661888,0.10455311973,0.16201746376,0.0833333333333,342,156,186,0,342,0,156,0,186,37,342,0.256756756757,1.72528881811,18.4864864865,15.5454545455,9.77142857143,5.36771015539,0.290358590277,0.142642642643,9.50849154237,1.02869645341,0.544491860281,8.05331334643,0.871264894205,0.461830251304,0.640599570326,0.371299902718,2,1.72528881811,0.640599570326,2,0.344071394247,0.376569037657,810,0.104247104247,0.56957682835,37,37,37,1,0,0.405405405405,0.540540540541,0.0540540540541,37,0.117117117117,2.18635635636,8.43243243243,7.09090909091,4.45714285714,5.03620525429,0.597242289772,0.326923076923,6.00062559301,1.42322530091,0.680526680527,3.83793300225,0.910278981302,0.463617463617,1.32204914232,0.604681454823,4.3462962963,2.18635635636,1.32204914232,4.3462962963,0,0,0,0,0.160896782956,37,37,37,1,0,0.405405405405,0.540540540541,0.0540540540541,37,191,0.143393393393,2.62731608434,10.3243243243,8.30434782609,5.30555555556,4.50958272308,0.436792043859,0.231215508702,5.88554497389,1.14013174887,0.599405688411,3.49216196577,0.676492108553,0.367341163153,1.65475146571,0.629825804198,4.41159742308,2.62731608434,1.65475146571,4.41159742308,0.133177852373,0.0597014925373,40,0.00514800514801,0.192908122883,37,37,37,1,0,0.378378378378,0.594594594595,0.027027027027,-151,-0.113363363363,0.902027266229,-8.16216216216,-7.24110671937,-4.46587301587,-0.858127432309,0.146433453582,0.0885728660598,-3.62294656849,0.111435295453,0.0549138281296,-4.56115138066,-0.194772785652,-0.0944890881513,1.01415189538,0.258525901481,2.41159742308,0.902027266229,1.01415189538,2.41159742308,-0.210893541875,-0.31686754512,-770,-0.0990990990991,-0.376668705467,-0.027027027027,0.0540540540541,-0.027027027027,178,13,164,977,0.520467836257,0.986868686869,0.0131313131313,0.479532163743,0.931937172775,0.520467836257,0.667917448405,0.632364196366,0.507336523126,0.501408450704,35,186,0,0,0,0
671,WLNM_dir_neg,0.336288877327,0.327124193486,00:00:06,10,20,25,1234860760,threshold_sweep,0.5,0.617647058824,0.112903225806,0.190909090909,21,13,165,359,0.112903225806,0.965053763441,0.0349462365591,0.887096774194,0.617647058824,0.112903225806,0.190909090909,0.681003584229,0.646356033453,0.097972972973,0.153630660622,0.0779569892473,342,156,186,0,342,0,156,0,186,37,342,0.256756756757,1.72528881811,18.4864864865,15.5454545455,9.77142857143,5.36771015539,0.290358590277,0.142642642643,9.50849154237,1.02869645341,0.544491860281,8.05331334643,0.871264894205,0.461830251304,0.640599570326,0.371299902718,2,1.72528881811,0.640599570326,2,0.344071394247,0.376569037657,810,0.104247104247,0.56957682835,37,37,37,1,0,0.405405405405,0.540540540541,0.0540540540541,37,0.117117117117,2.18635635636,8.43243243243,7.09090909091,4.45714285714,5.03620525429,0.597242289772,0.326923076923,6.00062559301,1.42322530091,0.680526680527,3.83793300225,0.910278981302,0.463617463617,1.32204914232,0.604681454823,4.3462962963,2.18635635636,1.32204914232,4.3462962963,0,0,0,0,0.160896782956,37,37,37,1,0,0.405405405405,0.540540540541,0.0540540540541,37,190,0.142642642643,2.64285261336,10.2702702703,8.26086956522,5.27777777778,4.46995307363,0.435232272959,0.231294452347,5.8838864809,1.1458094726,0.600853485064,3.49731771951,0.681056608537,0.369559032717,1.6769850356,0.634535965843,4.42752182998,2.64285261336,1.6769850356,4.42752182998,0.134819035593,0.0574307304786,38,0.0048906048906,0.191894156959,37,37,37,1,0,0.378378378378,0.594594594595,0.027027027027,-152,-0.114114114114,0.917563795247,-8.21621621622,-7.28458498024,-4.49365079365,-0.89775708176,0.144873682682,0.0886518097044,-3.62460506147,0.117113019182,0.0563616247827,-4.55599562692,-0.190208285668,-0.092271218587,1.03638546527,0.263236063125,2.42752182998,0.917563795247,1.03638546527,2.42752182998,-0.209252358654,-0.319138307178,-772,-0.0993564993565,-0.377682671391,-0.027027027027,0.0540540540541,-0.027027027027,177,13,165,977,0.517543859649,0.986868686869,0.0131313131313,0.482456140351,0.931578947368,0.517543859649,0.665413533835,0.630095935795,0.504412546518,0.498591549296,34,186,0,0,0,0
672,WLNM_dir_neg,0.336288877327,0.327124193486,00:00:06,10,20,25,1234860760,threshold_sweep,0.6,0.617647058824,0.112903225806,0.190909090909,21,13,165,359,0.112903225806,0.965053763441,0.0349462365591,0.887096774194,0.617647058824,0.112903225806,0.190909090909,0.681003584229,0.646356033453,0.097972972973,0.153630660622,0.0779569892473,342,156,186,0,342,0,156,0,186,37,342,0.256756756757,1.72528881811,18.4864864865,15.5454545455,9.77142857143,5.36771015539,0.290358590277,0.142642642643,9.50849154237,1.02869645341,0.544491860281,8.05331334643,0.871264894205,0.461830251304,0.640599570326,0.371299902718,2,1.72528881811,0.640599570326,2,0.344071394247,0.376569037657,810,0.104247104247,0.56957682835,37,37,37,1,0,0.405405405405,0.540540540541,0.0540540540541,37,0.117117117117,2.18635635636,8.43243243243,7.09090909091,4.45714285714,5.03620525429,0.597242289772,0.326923076923,6.00062559301,1.42322530091,0.680526680527,3.83793300225,0.910278981302,0.463617463617,1.32204914232,0.604681454823,4.3462962963,2.18635635636,1.32204914232,4.3462962963,0,0,0,0,0.160896782956,37,37,37,1,0,0.405405405405,0.540540540541,0.0540540540541,37,190,0.142642642643,2.64285261336,10.2702702703,8.26086956522,5.27777777778,4.46995307363,0.435232272959,0.231294452347,5.8838864809,1.1458094726,0.600853485064,3.49731771951,0.681056608537,0.369559032717,1.6769850356,0.634535965843,4.42752182998,2.64285261336,1.6769850356,4.42752182998,0.134819035593,0.0574307304786,38,0.0048906048906,0.191894156959,37,37,37,1,0,0.378378378378,0.594594594595,0.027027027027,-152,-0.114114114114,0.917563795247,-8.21621621622,-7.28458498024,-4.49365079365,-0.89775708176,0.144873682682,0.0886518097044,-3.62460506147,0.117113019182,0.0563616247827,-4.55599562692,-0.190208285668,-0.092271218587,1.03638546527,0.263236063125,2.42752182998,0.917563795247,1.03638546527,2.42752182998,-0.209252358654,-0.319138307178,-772,-0.0993564993565,-0.377682671391,-0.027027027027,0.0540540540541,-0.027027027027,177,13,165,977,0.517543859649,0.986868686869,0.0131313131313,0.482456140351,0.931578947368,0.517543859649,0.665413533835,0.630095935795,0.504412546518,0.498591549296,34,186,0,0,0,0
673,WLNM_dir_neg,0.336288877327,0.327124193486,00:00:06,10,20,25,1234860760,threshold_sweep,0.7,0.633333333333,0.102150537634,0.175925925926,19,11,167,361,0.102150537634,0.970430107527,0.0295698924731,0.897849462366,0.633333333333,0.102150537634,0.175925925926,0.681003584229,0.648745519713,0.0918367346939,0.151694969054,0.0725806451613,342,156,186,0,342,0,156,0,186,37,342,0.256756756757,1.72528881811,18.4864864865,15.5454545455,9.77142857143,5.36771015539,0.290358590277,0.142642642643,9.50849154237,1.02869645341,0.544491860281,8.05331334643,0.871264894205,0.461830251304,0.640599570326,0.371299902718,2,1.72528881811,0.640599570326,2,0.344071394247,0.376569037657,810,0.104247104247,0.56957682835,37,37,37,1,0,0.405405405405,0.540540540541,0.0540540540541,37,0.117117117117,2.18635635636,8.43243243243,7.09090909091,4.45714285714,5.03620525429,0.597242289772,0.326923076923,6.00062559301,1.42322530091,0.680526680527,3.83793300225,0.910278981302,0.463617463617,1.32204914232,0.604681454823,4.3462962963,2.18635635636,1.32204914232,4.3462962963,0,0,0,0,0.160896782956,37,37,37,1,0,0.405405405405,0.540540540541,0.0540540540541,37,186,0.13963963964,2.60127874431,10.0540540541,8.08695652174,5.16666666667,4.54573026737,0.452129085733,0.24149956408,5.88069575668,1.16981582256,0.608544027899,3.49989274825,0.696215224114,0.378087765185,1.62348753826,0.624111330557,4.34646215662,2.60127874431,1.62348753826,4.34646215662,0.13547688656,0.0504844467109,33,0.0042471042471,0.185306702907,37,37,37,1,0,0.378378378378,0.594594594595,0.027027027027,-156,-0.117117117117,0.875989926198,-8.43243243243,-7.45849802372,-4.60476190476,-0.821979888026,0.161770495456,0.0988569214376,-3.6277957857,0.14111936915,0.0640521676175,-4.55342059818,-0.175049670091,-0.0837424861194,0.982887967937,0.25281142784,2.34646215662,0.875989926198,0.982887967937,2.34646215662,-0.208594507687,-0.326084590946,-777,-0.1,-0.384270125443,-0.027027027027,0.0540540540541,-0.027027027027,175,11,167,979,0.511695906433,0.988888888889,0.0111111111111,0.488304093567,0.940860215054,0.511695906433,0.662878787879,0.630898541898,0.500584795322,0.495750708215,30,186,0,0,0,0
674,WLNM_dir_neg,0.336288877327,0.327124193486,00:00:06,10,20,25,1234860760,threshold_sweep,0.8,0.655172413793,0.102150537634,0.176744186047,19,10,167,362,0.102150537634,0.97311827957,0.0268817204301,0.897849462366,0.655172413793,0.102150537634,0.176744186047,0.682795698925,0.649342891278,0.0954003407155,0.159851309568,0.0752688172043,342,156,186,0,342,0,156,0,186,37,342,0.256756756757,1.72528881811,18.4864864865,15.5454545455,9.77142857143,5.36771015539,0.290358590277,0.142642642643,9.50849154237,1.02869645341,0.544491860281,8.05331334643,0.871264894205,0.461830251304,0.640599570326,0.371299902718,2,1.72528881811,0.640599570326,2,0.344071394247,0.376569037657,810,0.104247104247,0.56957682835,37,37,37,1,0,0.405405405405,0.540540540541,0.0540540540541,37,0.117117117117,2.18635635636,8.43243243243,7.09090909091,4.45714285714,5.03620525429,0.597242289772,0.326923076923,6.00062559301,1.42322530091,0.680526680527,3.83793300225,0.910278981302,0.463617463617,1.32204914232,0.604681454823,4.3462962963,2.18635635636,1.32204914232,4.3462962963,0,0,0,0,0.160896782956,37,37,37,1,0,0.405405405405,0.540540540541,0.0540540540541,37,185,0.138888888889,2.57940283239,10,8.04347826087,5.13888888889,4.55216676125,0.455216676125,0.243097151205,5.87839736285,1.17567947257,0.609788166545,3.50396600694,0.700793201388,0.379839298758,1.59599418699,0.618745613114,4.32524137374,2.57940283239,1.59599418699,4.32524137374,0.13547688656,0.0504844467109,33,0.0042471042471,0.184620362804,37,37,37,1,0,0.378378378378,0.594594594595,0.027027027027,-157,-0.117867867868,0.854114014273,-8.48648648649,-7.50197628458,-4.63253968254,-0.815543394144,0.164858085848,0.100454508563,-3.63009417953,0.146983019155,0.0652963062636,-4.5493473395,-0.170471692817,-0.0819909525457,0.955394616668,0.247445710396,2.32524137374,0.854114014273,0.955394616668,2.32524137374,-0.208594507687,-0.326084590946,-777,-0.1,-0.384956465545,-0.027027027027,0.0540540540541,-0.027027027027,175,10,167,980,0.511695906433,0.989898989899,0.010101010101,0.488304093567,0.945945945946,0.511695906433,0.664136622391,0.633601484515,0.501594896332,0.497159090909,29,186,0,0,0,0
675,WLNM_dir_neg,0.336288877327,0.327124193486,00:00:06,10,20,25,1234860760,threshold_sweep,0.9,0.653846153846,0.0913978494624,0.160377358491,17,9,169,363,0.0913978494624,0.975806451613,0.0241935483871,0.908602150538,0.653846153846,0.0913978494624,0.160377358491,0.681003584229,0.651135005974,0.0856164383562,0.150308146951,0.0672043010753,342,156,186,0,342,0,156,0,186,37,342,0.256756756757,1.72528881811,18.4864864865,15.5454545455,9.77142857143,5.36771015539,0.290358590277,0.142642642643,9.50849154237,1.02869645341,0.544491860281,8.05331334643,0.871264894205,0.461830251304,0.640599570326,0.371299902718,2,1.72528881811,0.640599570326,2,0.344071394247,0.376569037657,810,0.104247104247,0.56957682835,37,37,37,1,0,0.405405405405,0.540540540541,0.0540540540541,37,0.117117117117,2.18635635636,8.43243243243,7.09090909091,4.45714285714,5.03620525429,0.597242289772,0.326923076923,6.00062559301,1.42322530091,0.680526680527,3.83793300225,0.910278981302,0.463617463617,1.32204914232,0.604681454823,4.3462962963,2.18635635636,1.32204914232,4.3462962963,0,0,0,0,0.160896782956,37,37,37,1,0,0.405405405405,0.540540540541,0.0540540540541,37,182,0.136636636637,2.54630820513,9.83783783784,7.91304347826,5.05555555556,4.52470694885,0.459929003042,0.244134244134,5.88962542847,1.19734143326,0.615384615385,3.50696432813,0.712954286489,0.385803385803,1.55535247194,0.610826477645,4.29489417348,2.54630820513,1.55535247194,4.29489417348,0.135474420382,0.0467775467775,30,0.003861003861,0.178762489545,37,37,37,1,0,0.378378378378,0.594594594595,0.027027027027,-160,-0.12012012012,0.821019387019,-8.64864864865,-7.63241106719,-4.71587301587,-0.843003206543,0.169570412765,0.101491601492,-3.6188661139,0.168644979846,0.0708927551033,-4.5463490183,-0.158310607716,-0.0760268655005,0.914752901616,0.239526574928,2.29489417348,0.821019387019,0.914752901616,2.29489417348,-0.208596973866,-0.329791490879,-780,-0.100386100386,-0.390814338805,-0.027027027027,0.0540540540541,-0.027027027027,173,9,169,981,0.505847953216,0.990909090909,0.00909090909091,0.494152046784,0.950549450549,0.505847953216,0.660305343511,0.631815200827,0.496757044125,0.492877492877,26,186,0,0,0,0
676,WLNM_dir_neg,0.266266331368,0.277086421086,00:00:07,10,20,26,1234860761,threshold_sweep,0.1,0.461538461538,0.0967741935484,0.16,18,21,168,351,0.0967741935484,0.943548387097,0.0564516129032,0.903225806452,0.461538461538,0.0967741935484,0.16,0.661290322581,0.643369175627,0.0502512562814,0.0745521682397,0.0403225806452,342,156,186,0,342,0,156,0,186,37,342,0.256756756757,1.72528881811,18.4864864865,15.5454545455,9.77142857143,5.36771015539,0.290358590277,0.142642642643,9.50849154237,1.02869645341,0.544491860281,8.05331334643,0.871264894205,0.461830251304,0.640599570326,0.371299902718,2,1.72528881811,0.640599570326,2,0.344071394247,0.376569037657,810,0.104247104247,0.56957682835,37,37,37,1,0,0.405405405405,0.540540540541,0.0540540540541,37,0.117117117117,2.18635635636,8.43243243243,7.09090909091,4.45714285714,5.03620525429,0.597242289772,0.326923076923,6.00062559301,1.42322530091,0.680526680527,3.83793300225,0.910278981302,0.463617463617,1.32204914232,0.604681454823,4.3462962963,2.18635635636,1.32204914232,4.3462962963,0,0,0,0,0.160896782956,37,37,37,1,0,0.405405405405,0.540540540541,0.0540540540541,37,195,0.146396396396,6.4215499966,10.5405405405,6.72413793103,5.27027027027,4.73517918583,0.449234948399,0.242827442827,5.75735591632,1.09242137899,0.572972972973,3.50910441763,0.665830068986,0.361191961192,3.19953295738,0.498249325954,9.34787973638,6.4215499966,3.19953295738,9.34787973638,0.15026463881,0.0700228832952,51,0.00656370656371,0.172629711948,37,37,37,1,0,0.216216216216,0.783783783784,0,-147,-0.11036036036,4.69626117848,-7.94594594595,-8.82131661442,-4.50115830116,-0.632530969563,0.158876358122,0.100184800185,-3.75113562606,0.0637249255786,0.0284811126916,-4.54420892881,-0.205434825219,-0.100638290112,2.55893338706,0.126949423236,7.34787973638,4.69626117848,2.55893338706,7.34787973638,-0.193806755438,-0.306546154362,-759,-0.0976833976834,-0.396947116402,-0.189189189189,0.243243243243,-0.0540540540541,174,21,168,969,0.508771929825,0.978787878788,0.0212121212121,0.491228070175,0.892307692308,0.508771929825,0.648044692737,0.602505492306,0.487559808612,0.479338842975,39,186,0,0,0,0
677,WLNM_dir_neg,0.266266331368,0.277086421086,00:00:07,10,20,26,1234860761,threshold_sweep,0.2,0.5,0.0752688172043,0.130841121495,14,14,172,358,0.0752688172043,0.962365591398,0.0376344086022,0.924731182796,0.5,0.0752688172043,0.130841121495,0.666666666667,0.649940262843,0.0477815699659,0.0812636055372,0.0376344086022,342,156,186,0,342,0,156,0,186,37,342,0.256756756757,1.72528881811,18.4864864865,15.5454545455,9.77142857143,5.36771015539,0.290358590277,0.142642642643,9.50849154237,1.02869645341,0.544491860281,8.05331334643,0.871264894205,0.461830251304,0.640599570326,0.371299902718,2,1.72528881811,0.640599570326,2,0.344071394247,0.376569037657,810,0.104247104247,0.56957682835,37,37,37,1,0,0.405405405405,0.540540540541,0.0540540540541,37,0.117117117117,2.18635635636,8.43243243243,7.09090909091,4.45714285714,5.03620525429,0.597242289772,0.326923076923,6.00062559301,1.42322530091,0.680526680527,3.83793300225,0.910278981302,0.463617463617,1.32204914232,0.604681454823,4.3462962963,2.18635635636,1.32204914232,4.3462962963,0,0,0,0,0.160896782956,37,37,37,1,0,0.405405405405,0.540540540541,0.0540540540541,37,184,0.138138138138,2.58255145955,9.94594594595,8,4.97297297297,4.45312590551,0.447732767674,0.237074030552,5.87124105036,1.18062999382,0.612808460635,3.34569778876,0.672776185783,0.361927144536,1.61476908132,0.625261144497,4.85606450893,2.58255145955,1.61476908132,4.85606450893,0.13086294046,0.047256097561,31,0.0039897039897,0.167155179657,37,37,37,1,0,0.378378378378,0.621621621622,0,-158,-0.118618618619,0.857262641436,-8.54054054054,-7.54545454545,-4.79845559846,-0.914584249883,0.157374177397,0.0944313879096,-3.63725049201,0.151933540408,0.0683166003532,-4.70761555768,-0.198488708422,-0.0999031067681,0.974169510995,0.253961241779,2.85606450893,0.857262641436,0.974169510995,2.85606450893,-0.213208453787,-0.329312940096,-779,-0.100257400257,-0.402421648692,-0.027027027027,0.0810810810811,-0.0540540540541,170,14,172,976,0.497076023392,0.985858585859,0.0141414141414,0.502923976608,0.923913043478,0.497076023392,0.6463878327,0.611419273654,0.48293460925,0.477528089888,28,186,0,0,0,0
678,WLNM_dir_neg,0.266266331368,0.277086421086,00:00:07,10,20,26,1234860761,threshold_sweep,0.3,0.518518518519,0.0752688172043,0.131455399061,14,13,172,359,0.0752688172043,0.965053763441,0.0349462365591,0.924731182796,0.518518518519,0.0752688172043,0.131455399061,0.668458781362,0.650537634409,0.0512820512821,0.0885823339088,0.0403225806452,342,156,186,0,342,0,156,0,186,37,342,0.256756756757,1.72528881811,18.4864864865,15.5454545455,9.77142857143,5.36771015539,0.290358590277,0.142642642643,9.50849154237,1.02869645341,0.544491860281,8.05331334643,0.871264894205,0.461830251304,0.640599570326,0.371299902718,2,1.72528881811,0.640599570326,2,0.344071394247,0.376569037657,810,0.104247104247,0.56957682835,37,37,37,1,0,0.405405405405,0.540540540541,0.0540540540541,37,0.117117117117,2.18635635636,8.43243243243,7.09090909091,4.45714285714,5.03620525429,0.597242289772,0.326923076923,6.00062559301,1.42322530091,0.680526680527,3.83793300225,0.910278981302,0.463617463617,1.32204914232,0.604681454823,4.3462962963,2.18635635636,1.32204914232,4.3462962963,0,0,0,0,0.160896782956,37,37,37,1,0,0.405405405405,0.540540540541,0.0540540540541,37,183,0.137387387387,2.56591225338,9.89189189189,7.95652173913,4.94594594595,4.47079276952,0.451965389268,0.239403337764,5.88286563743,1.18943185019,0.615861763403,3.34951029543,0.677223393066,0.362723379117,1.59397992589,0.621213731605,4.84777331796,2.56591225338,1.59397992589,4.84777331796,0.124580034178,0.0445468509985,29,0.0037323037323,0.165356963665,37,37,37,1,0,0.378378378378,0.621621621622,0,-159,-0.119369369369,0.840623435265,-8.59459459459,-7.58893280632,-4.82548262548,-0.896917385874,0.161606798991,0.0967606951214,-3.62562590494,0.160735396777,0.0713699031214,-4.703803051,-0.194041501139,-0.0991068721871,0.953380355566,0.249913828887,2.84777331796,0.840623435265,0.953380355566,2.84777331796,-0.21949136007,-0.332022186658,-781,-0.100514800515,-0.404219864685,-0.027027027027,0.0810810810811,-0.0540540540541,170,13,172,977,0.497076023392,0.986868686869,0.0131313131313,0.502923976608,0.928961748634,0.497076023392,0.647619047619,0.614102461691,0.48394471026,0.478873239437,27,186,0,0,0,0
679,WLNM_dir_neg,0.266266331368,0.277086421086,00:00:07,10,20,26,1234860761,threshold_sweep,0.4,0.52,0.0698924731183,0.123222748815,13,12,173,360,0.0698924731183,0.967741935484,0.0322580645161,0.930107526882,0.52,0.0698924731183,0.123222748815,0.668458781362,0.651732377539,0.0480274442539,0.0857589448564,0.0376344086022,342,156,186,0,342,0,156,0,186,37,342,0.256756756757,1.72528881811,18.4864864865,15.5454545455,9.77142857143,5.36771015539,0.290358590277,0.142642642643,9.50849154237,1.02869645341,0.544491860281,8.05331334643,0.871264894205,0.461830251304,0.640599570326,0.371299902718,2,1.72528881811,0.640599570326,2,0.344071394247,0.376569037657,810,0.104247104247,0.56957682835,37,37,37,1,0,0.405405405405,0.540540540541,0.0540540540541,37,0.117117117117,2.18635635636,8.43243243243,7.09090909091,4.45714285714,5.03620525429,0.597242289772,0.326923076923,6.00062559301,1.42322530091,0.680526680527,3.83793300225,0.910278981302,0.463617463617,1.32204914232,0.604681454823,4.3462962963,2.18635635636,1.32204914232,4.3462962963,0,0,0,0,0.160896782956,37,37,37,1,0,0.405405405405,0.540540540541,0.0540540540541,37,181,0.135885885886,2.55731736281,9.78378378378,7.86956521739,4.89189189189,4.55299129471,0.465360988686,0.248469463939,5.88209988857,1.20241820927,0.619680453935,3.39757907098,0.694532738266,0.371808272361,1.58349883801,0.619203099716,4.83368177928,2.55731736281,1.58349883801,4.83368177928,0.122004884544,0.0388399792853,25,0.0032175032175,0.165088753614,37,37,37,1,0,0.378378378378,0.621621621622,0,-161,-0.120870870871,0.832028544693,-8.7027027027,-7.67588932806,-4.87953667954,-0.814718860681,0.175002398409,0.105826821296,-3.62639165381,0.173721755851,0.0751885936533,-4.65573427546,-0.176732155939,-0.0900219789432,0.942899267681,0.247903196998,2.83368177928,0.832028544693,0.942899267681,2.83368177928,-0.222066509704,-0.337729058372,-785,-0.10102960103,-0.404488074736,-0.027027027027,0.0810810810811,-0.0540540540541,169,12,173,978,0.494152046784,0.987878787879,0.0121212121212,0.505847953216,0.933701657459,0.494152046784,0.646271510516,0.614509386823,0.482030834662,0.477401129944,25,186,0,0,0,0
680,WLNM_dir_neg,0.266266331368,0.277086421086,00:00:07,10,20,26,1234860761,threshold_sweep,0.5,0.52,0.0698924731183,0.123222748815,13,12,173,360,0.0698924731183,0.967741935484,0.0322580645161,0.930107526882,0.52,0.0698924731183,0.123222748815,0.668458781362,0.651732377539,0.0480274442539,0.0857589448564,0.0376344086022,342,156,186,0,342,0,156,0,186,37,342,0.256756756757,1.72528881811,18.4864864865,15.5454545455,9.77142857143,5.36771015539,0.290358590277,0.142642642643,9.50849154237,1.02869645341,0.544491860281,8.05331334643,0.871264894205,0.461830251304,0.640599570326,0.371299902718,2,1.72528881811,0.640599570326,2,0.344071394247,0.376569037657,810,0.104247104247,0.56957682835,37,37,37,1,0,0.405405405405,0.540540540541,0.0540540540541,37,0.117117117117,2.18635635636,8.43243243243,7.09090909091,4.45714285714,5.03620525429,0.597242289772,0.326923076923,6.00062559301,1.42322530091,0.680526680527,3.83793300225,0.910278981302,0.463617463617,1.32204914232,0.604681454823,4.3462962963,2.18635635636,1.32204914232,4.3462962963,0,0,0,0,0.160896782956,37,37,37,1,0,0.405405405405,0.540540540541,0.0540540540541,37,181,0.135885885886,2.55731736281,9.78378378378,7.86956521739,4.89189189189,4.55299129471,0.465360988686,0.248469463939,5.88209988857,1.20241820927,0.619680453935,3.39757907098,0.694532738266,0.371808272361,1.58349883801,0.619203099716,4.83368177928,2.55731736281,1.58349883801,4.83368177928,0.122004884544,0.0388399792853,25,0.0032175032175,0.165088753614,37,37,37,1,0,0.378378378378,0.621621621622,0,-161,-0.120870870871,0.832028544693,-8.7027027027,-7.67588932806,-4.87953667954,-0.814718860681,0.175002398409,0.105826821296,-3.62639165381,0.173721755851,0.0751885936533,-4.65573427546,-0.176732155939,-0.0900219789432,0.942899267681,0.247903196998,2.83368177928,0.832028544693,0.942899267681,2.83368177928,-0.222066509704,-0.337729058372,-785,-0.10102960103,-0.404488074736,-0.027027027027,0.0810810810811,-0.0540540540541,169,12,173,978,0.494152046784,0.987878787879,0.0121212121212,0.505847953216,0.933701657459,0.494152046784,0.646271510516,0.614509386823,0.482030834662,0.477401129944,25,186,0,0,0,0
681,WLNM_dir_neg,0.266266331368,0.277086421086,00:00:07,10,20,26,1234860761,threshold_sweep,0.6,0.52,0.0698924731183,0.123222748815,13,12,173,360,0.0698924731183,0.967741935484,0.0322580645161,0.930107526882,0.52,0.0698924731183,0.123222748815,0.668458781362,0.651732377539,0.0480274442539,0.0857589448564,0.0376344086022,342,156,186,0,342,0,156,0,186,37,342,0.256756756757,1.72528881811,18.4864864865,15.5454545455,9.77142857143,5.36771015539,0.290358590277,0.142642642643,9.50849154237,1.02869645341,0.544491860281,8.05331334643,0.871264894205,0.461830251304,0.640599570326,0.371299902718,2,1.72528881811,0.640599570326,2,0.344071394247,0.376569037657,810,0.104247104247,0.56957682835,37,37,37,1,0,0.405405405405,0.540540540541,0.0540540540541,37,0.117117117117,2.18635635636,8.43243243243,7.09090909091,4.45714285714,5.03620525429,0.597242289772,0.326923076923,6.00062559301,1.42322530091,0.680526680527,3.83793300225,0.910278981302,0.463617463617,1.32204914232,0.604681454823,4.3462962963,2.18635635636,1.32204914232,4.3462962963,0,0,0,0,0.160896782956,37,37,37,1,0,0.405405405405,0.540540540541,0.0540540540541,37,181,0.135885885886,2.55731736281,9.78378378378,7.86956521739,4.89189189189,4.55299129471,0.465360988686,0.248469463939,5.88209988857,1.20241820927,0.619680453935,3.39757907098,0.694532738266,0.371808272361,1.58349883801,0.619203099716,4.83368177928,2.55731736281,1.58349883801,4.83368177928,0.122004884544,0.0388399792853,25,0.0032175032175,0.165088753614,37,37,37,1,0,0.378378378378,0.621621621622,0,-161,-0.120870870871,0.832028544693,-8.7027027027,-7.67588932806,-4.87953667954,-0.814718860681,0.175002398409,0.105826821296,-3.62639165381,0.173721755851,0.0751885936533,-4.65573427546,-0.176732155939,-0.0900219789432,0.942899267681,0.247903196998,2.83368177928,0.832028544693,0.942899267681,2.83368177928,-0.222066509704,-0.337729058372,-785,-0.10102960103,-0.404488074736,-0.027027027027,0.0810810810811,-0.0540540540541,169,12,173,978,0.494152046784,0.987878787879,0.0121212121212,0.505847953216,0.933701657459,0.494152046784,0.646271510516,0.614509386823,0.482030834662,0.477401129944,25,186,0,0,0,0
682,WLNM_dir_neg,0.266266331368,0.277086421086,00:00:07,10,20,26,1234860761,threshold_sweep,0.7,0.541666666667,0.0698924731183,0.12380952381,13,11,173,361,0.0698924731183,0.970430107527,0.0295698924731,0.930107526882,0.541666666667,0.0698924731183,0.12380952381,0.670250896057,0.652329749104,0.0515463917526,0.0936914611245,0.0403225806452,342,156,186,0,342,0,156,0,186,37,342,0.256756756757,1.72528881811,18.4864864865,15.5454545455,9.77142857143,5.36771015539,0.290358590277,0.142642642643,9.50849154237,1.02869645341,0.544491860281,8.05331334643,0.871264894205,0.461830251304,0.640599570326,0.371299902718,2,1.72528881811,0.640599570326,2,0.344071394247,0.376569037657,810,0.104247104247,0.56957682835,37,37,37,1,0,0.405405405405,0.540540540541,0.0540540540541,37,0.117117117117,2.18635635636,8.43243243243,7.09090909091,4.45714285714,5.03620525429,0.597242289772,0.326923076923,6.00062559301,1.42322530091,0.680526680527,3.83793300225,0.910278981302,0.463617463617,1.32204914232,0.604681454823,4.3462962963,2.18635635636,1.32204914232,4.3462962963,0,0,0,0,0.160896782956,37,37,37,1,0,0.405405405405,0.540540540541,0.0540540540541,37,180,0.135135135135,2.57068904239,9.72972972973,7.82608695652,4.86486486486,4.51939430952,0.464493304034,0.248798798799,5.8838864809,1.20946555441,0.621621621622,3.40882972882,0.700703888703,0.374474474474,1.59973526474,0.622298239251,4.85586197297,2.57068904239,1.59973526474,4.85586197297,0.121668614857,0.0377556371264,24,0.0030888030888,0.163964731437,37,37,37,1,0,0.378378378378,0.621621621622,0,-162,-0.121621621622,0.845400224278,-8.75675675676,-7.71936758893,-4.90656370656,-0.848315845873,0.174134713757,0.106156156156,-3.62460506147,0.180769100992,0.0771297613403,-4.64448361761,-0.170561005502,-0.0873557768295,0.959135694417,0.250998336534,2.85586197297,0.845400224278,0.959135694417,2.85586197297,-0.22240277939,-0.338813400531,-786,-0.101158301158,-0.405612096912,-0.027027027027,0.0810810810811,-0.0540540540541,169,11,173,979,0.494152046784,0.988888888889,0.0111111111111,0.505847953216,0.938888888889,0.494152046784,0.647509578544,0.617237203802,0.483040935673,0.478753541076,24,186,0,0,0,0
683,WLNM_dir_neg,0.266266331368,0.277086421086,00:00:07,10,20,26,1234860761,threshold_sweep,0.8,0.541666666667,0.0698924731183,0.12380952381,13,11,173,361,0.0698924731183,0.970430107527,0.0295698924731,0.930107526882,0.541666666667,0.0698924731183,0.12380952381,0.670250896057,0.652329749104,0.0515463917526,0.0936914611245,0.0403225806452,342,156,186,0,342,0,156,0,186,37,342,0.256756756757,1.72528881811,18.4864864865,15.5454545455,9.77142857143,5.36771015539,0.290358590277,0.142642642643,9.50849154237,1.02869645341,0.544491860281,8.05331334643,0.871264894205,0.461830251304,0.640599570326,0.371299902718,2,1.72528881811,0.640599570326,2,0.344071394247,0.376569037657,810,0.104247104247,0.56957682835,37,37,37,1,0,0.405405405405,0.540540540541,0.0540540540541,37,0.117117117117,2.18635635636,8.43243243243,7.09090909091,4.45714285714,5.03620525429,0.597242289772,0.326923076923,6.00062559301,1.42322530091,0.680526680527,3.83793300225,0.910278981302,0.463617463617,1.32204914232,0.604681454823,4.3462962963,2.18635635636,1.32204914232,4.3462962963,0,0,0,0,0.160896782956,37,37,37,1,0,0.405405405405,0.540540540541,0.0540540540541,37,180,0.135135135135,2.57068904239,9.72972972973,7.82608695652,4.86486486486,4.51939430952,0.464493304034,0.248798798799,5.8838864809,1.20946555441,0.621621621622,3.40882972882,0.700703888703,0.374474474474,1.59973526474,0.622298239251,4.85586197297,2.57068904239,1.59973526474,4.85586197297,0.121668614857,0.0377556371264,24,0.0030888030888,0.163964731437,37,37,37,1,0,0.378378378378,0.621621621622,0,-162,-0.121621621622,0.845400224278,-8.75675675676,-7.71936758893,-4.90656370656,-0.848315845873,0.174134713757,0.106156156156,-3.62460506147,0.180769100992,0.0771297613403,-4.64448361761,-0.170561005502,-0.0873557768295,0.959135694417,0.250998336534,2.85586197297,0.845400224278,0.959135694417,2.85586197297,-0.22240277939,-0.338813400531,-786,-0.101158301158,-0.405612096912,-0.027027027027,0.0810810810811,-0.0540540540541,169,11,173,979,0.494152046784,0.988888888889,0.0111111111111,0.505847953216,0.938888888889,0.494152046784,0.647509578544,0.617237203802,0.483040935673,0.478753541076,24,186,0,0,0,0
684,WLNM_dir_neg,0.266266331368,0.277086421086,00:00:07,10,20,26,1234860761,threshold_sweep,0.9,0.545454545455,0.0645161290323,0.115384615385,12,10,174,362,0.0645161290323,0.97311827957,0.0268817204301,0.935483870968,0.545454545455,0.0645161290323,0.115384615385,0.670250896057,0.653524492234,0.048275862069,0.0911631456874,0.0376344086022,342,156,186,0,342,0,156,0,186,37,342,0.256756756757,1.72528881811,18.4864864865,15.5454545455,9.77142857143,5.36771015539,0.290358590277,0.142642642643,9.50849154237,1.02869645341,0.544491860281,8.05331334643,0.871264894205,0.461830251304,0.640599570326,0.371299902718,2,1.72528881811,0.640599570326,2,0.344071394247,0.376569037657,810,0.104247104247,0.56957682835,37,37,37,1,0,0.405405405405,0.540540540541,0.0540540540541,37,0.117117117117,2.18635635636,8.43243243243,7.09090909091,4.45714285714,5.03620525429,0.597242289772,0.326923076923,6.00062559301,1.42322530091,0.680526680527,3.83793300225,0.910278981302,0.463617463617,1.32204914232,0.604681454823,4.3462962963,2.18635635636,1.32204914232,4.3462962963,0,0,0,0,0.160896782956,37,37,37,1,0,0.405405405405,0.540540540541,0.0540540540541,37,178,0.133633633634,2.54176476958,9.62162162162,7.73913043478,4.81081081081,4.53597564754,0.471435671233,0.252049802612,5.90121380093,1.22665680132,0.62739143638,3.43865152703,0.714775879213,0.380504099605,1.57654468423,0.620255935207,4.80547845796,2.54176476958,1.57654468423,4.80547845796,0.125055252068,0.0352,22,0.0028314028314,0.161257107485,37,37,37,1,0,0.378378378378,0.621621621622,0,-164,-0.123123123123,0.816475951464,-8.86486486486,-7.80632411067,-4.96061776062,-0.831734507853,0.181077080956,0.109407159969,-3.60727774144,0.197960347903,0.0828995760989,-4.61466181941,-0.156489014991,-0.0813261516987,0.935945113906,0.248956032489,2.80547845796,0.816475951464,0.935945113906,2.80547845796,-0.21901614218,-0.341369037657,-788,-0.101415701416,-0.408319720865,-0.027027027027,0.0810810810811,-0.0540540540541,168,10,174,980,0.491228070175,0.989898989899,0.010101010101,0.508771929825,0.943820224719,0.491228070175,0.646153846154,0.617699896285,0.481127060074,0.477272727273,22,186,0,0,0,0
685,WLNM_dir_neg,0.408038501561,0.341967742179,00:00:06,10,20,27,1234860762,threshold_sweep,0.1,0.483333333333,0.155913978495,0.235772357724,29,31,157,341,0.155913978495,0.916666666667,0.0833333333333,0.844086021505,0.483333333333,0.155913978495,0.235772357724,0.663082437276,0.63082437276,0.0873786407767,0.110448156077,0.0725806451613,342,156,186,0,342,0,156,0,186,37,342,0.256756756757,1.72528881811,18.4864864865,15.5454545455,9.77142857143,5.36771015539,0.290358590277,0.142642642643,9.50849154237,1.02869645341,0.544491860281,8.05331334643,0.871264894205,0.461830251304,0.640599570326,0.371299902718,2,1.72528881811,0.640599570326,2,0.344071394247,0.376569037657,810,0.104247104247,0.56957682835,37,37,37,1,0,0.405405405405,0.540540540541,0.0540540540541,37,0.117117117117,2.18481481481,8.43243243243,7.09090909091,4.45714285714,5.03620525429,0.597242289772,0.326923076923,6.00062559301,1.42322530091,0.680526680527,3.83793300225,0.910278981302,0.463617463617,1.318977792,0.603702328937,4.32037037037,2.18481481481,1.318977792,4.32037037037,0,0,0,0,0.160896782956,37,37,37,1,0,0.405405405405,0.540540540541,0.0540540540541,37,216,0.162162162162,8.91147234163,11.6756756757,7.2,6,4.76126765365,0.407793757373,0.214089089089,5.96058122405,1.02102548745,0.546046046046,3.36248513845,0.575981250568,0.306806806807,4.26564372219,0.47866879441,12.368174833,8.91147234163,4.26564372219,12.368174833,0.194105521428,0.118326693227,99,0.0127413127413,0.19062410591,37,37,37,1,0,0.189189189189,0.783783783784,0.027027027027,-126,-0.0945945945946,7.18618352351,-6.81081081081,-8.34545454545,-3.77142857143,-0.606442501746,0.117435167095,0.0714464464464,-3.54791031832,-0.00767096596135,0.00155418576471,-4.69082820798,-0.295283643637,-0.155023444497,3.62504415186,0.107368891692,10.368174833,7.18618352351,3.62504415186,10.368174833,-0.14996587282,-0.25824234443,-711,-0.0915057915058,-0.37895272244,-0.216216216216,0.243243243243,-0.027027027027,185,31,157,959,0.540935672515,0.968686868687,0.0313131313131,0.459064327485,0.856481481481,0.540935672515,0.663082437276,0.603976869209,0.509622541201,0.495978552279,60,186,0,0,0,0
686,WLNM_dir_neg,0.408038501561,0.341967742179,00:00:06,10,20,27,1234860762,threshold_sweep,0.2,0.482142857143,0.145161290323,0.223140495868,27,29,159,343,0.145161290323,0.922043010753,0.0779569892473,0.854838709677,0.482142857143,0.145161290323,0.223140495868,0.663082437276,0.63321385902,0.0814332247557,0.105433625038,0.0672043010753,342,156,186,0,342,0,156,0,186,37,342,0.256756756757,1.72528881811,18.4864864865,15.5454545455,9.77142857143,5.36771015539,0.290358590277,0.142642642643,9.50849154237,1.02869645341,0.544491860281,8.05331334643,0.871264894205,0.461830251304,0.640599570326,0.371299902718,2,1.72528881811,0.640599570326,2,0.344071394247,0.376569037657,810,0.104247104247,0.56957682835,37,37,37,1,0,0.405405405405,0.540540540541,0.0540540540541,37,0.117117117117,2.18481481481,8.43243243243,7.09090909091,4.45714285714,5.03620525429,0.597242289772,0.326923076923,6.00062559301,1.42322530091,0.680526680527,3.83793300225,0.910278981302,0.463617463617,1.318977792,0.603702328937,4.32037037037,2.18481481481,1.318977792,4.32037037037,0,0,0,0,0.160896782956,37,37,37,1,0,0.405405405405,0.540540540541,0.0540540540541,37,212,0.159159159159,9.48189958329,11.4594594595,7.06666666667,5.88888888889,4.69393577215,0.409612319739,0.217746047935,5.92381562775,1.0338734822,0.550229474758,3.32205298513,0.579792266273,0.311065782764,4.69583126843,0.495241615584,16.0986918475,9.48189958329,4.69583126843,16.0986918475,0.188545468189,0.11039223615,91,0.0117117117117,0.184235019949,37,37,37,1,0,0.189189189189,0.783783783784,0.027027027027,-130,-0.0975975975976,7.75661076518,-7.02702702703,-8.47878787879,-3.88253968254,-0.673774383247,0.119253729462,0.0751034052921,-3.58467591462,0.00517702878709,0.00573761447644,-4.7312603613,-0.291472627932,-0.15076446854,4.05523169811,0.123941712866,14.0986918475,7.75661076518,4.05523169811,14.0986918475,-0.155525926058,-0.266176801506,-719,-0.0925353925354,-0.385341808401,-0.216216216216,0.243243243243,-0.027027027027,183,29,159,961,0.535087719298,0.970707070707,0.0292929292929,0.464912280702,0.86320754717,0.535087719298,0.660649819495,0.603987652167,0.505794790005,0.493261455526,56,186,0,0,0,0
687,WLNM_dir_neg,0.408038501561,0.341967742179,00:00:06,10,20,27,1234860762,threshold_sweep,0.3,0.568181818182,0.134408602151,0.217391304348,25,19,161,353,0.134408602151,0.948924731183,0.0510752688172,0.865591397849,0.568181818182,0.134408602151,0.217391304348,0.677419354839,0.640382317802,0.102990033223,0.145760147216,0.0833333333333,342,156,186,0,342,0,156,0,186,37,342,0.256756756757,1.72528881811,18.4864864865,15.5454545455,9.77142857143,5.36771015539,0.290358590277,0.142642642643,9.50849154237,1.02869645341,0.544491860281,8.05331334643,0.871264894205,0.461830251304,0.640599570326,0.371299902718,2,1.72528881811,0.640599570326,2,0.344071394247,0.376569037657,810,0.104247104247,0.56957682835,37,37,37,1,0,0.405405405405,0.540540540541,0.0540540540541,37,0.117117117117,2.18481481481,8.43243243243,7.09090909091,4.45714285714,5.03620525429,0.597242289772,0.326923076923,6.00062559301,1.42322530091,0.680526680527,3.83793300225,0.910278981302,0.463617463617,1.318977792,0.603702328937,4.32037037037,2.18481481481,1.318977792,4.32037037037,0,0,0,0,0.160896782956,37,37,37,1,0,0.405405405405,0.540540540541,0.0540540540541,37,200,0.15015015015,2.37558300227,10.8108108108,9.09090909091,5.55555555556,4.4274261261,0.409536916665,0.213918918919,6.11218936706,1.13075503291,0.594594594595,3.03186282542,0.560894622704,0.301621621622,1.43705276269,0.604926353372,4,2.37558300227,1.43705276269,4,0.148612181197,0.0748299319728,55,0.00707850707851,0.189063256826,37,37,37,1,0,0.405405405405,0.567567567568,0.027027027027,-142,-0.106606606607,0.650294184152,-7.67567567568,-6.45454545455,-4.21587301587,-0.94028402929,0.119178326387,0.0712762762763,-3.39630217531,0.102058579492,0.0501027343133,-5.02145052101,-0.310370271501,-0.160208629682,0.796453192367,0.233626450654,2,0.650294184152,0.796453192367,2,-0.19545921305,-0.301739105684,-755,-0.0971685971686,-0.380513571524,0,0.027027027027,-0.027027027027,181,19,161,971,0.529239766082,0.980808080808,0.0191919191919,0.470760233918,0.905,0.529239766082,0.667896678967,0.623739657764,0.51004784689,0.501385041551,44,186,0,0,0,0
688,WLNM_dir_neg,0.408038501561,0.341967742179,00:00:06,10,20,27,1234860762,threshold_sweep,0.4,0.571428571429,0.129032258065,0.210526315789,24,18,162,354,0.129032258065,0.951612903226,0.0483870967742,0.870967741935,0.571428571429,0.129032258065,0.210526315789,0.677419354839,0.641577060932,0.1,0.144097604426,0.0806451612903,342,156,186,0,342,0,156,0,186,37,342,0.256756756757,1.72528881811,18.4864864865,15.5454545455,9.77142857143,5.36771015539,0.290358590277,0.142642642643,9.50849154237,1.02869645341,0.544491860281,8.05331334643,0.871264894205,0.461830251304,0.640599570326,0.371299902718,2,1.72528881811,0.640599570326,2,0.344071394247,0.376569037657,810,0.104247104247,0.56957682835,37,37,37,1,0,0.405405405405,0.540540540541,0.0540540540541,37,0.117117117117,2.18481481481,8.43243243243,7.09090909091,4.45714285714,5.03620525429,0.597242289772,0.326923076923,6.00062559301,1.42322530091,0.680526680527,3.83793300225,0.910278981302,0.463617463617,1.318977792,0.603702328937,4.32037037037,2.18481481481,1.318977792,4.32037037037,0,0,0,0,0.160896782956,37,37,37,1,0,0.405405405405,0.540540540541,0.0540540540541,37,198,0.148648648649,2.38586526364,10.7027027027,9,5.5,4.38979159759,0.410157295734,0.215806715807,6.11562759665,1.14281929836,0.598143598144,3.03878828388,0.56785437628,0.303576303576,1.45174402887,0.60847695425,4.07763512114,2.38586526364,1.45174402887,4.07763512114,0.148760637925,0.0729357798165,53,0.00682110682111,0.185779399665,37,37,37,1,0,0.405405405405,0.567567567568,0.027027027027,-144,-0.108108108108,0.660576445523,-7.78378378378,-6.54545454545,-4.27142857143,-0.977918557803,0.119798705457,0.0731640731641,-3.39286394573,0.114122844949,0.0536517378623,-5.01452506256,-0.303410517925,-0.158253947728,0.811144458544,0.237177051533,2.07763512114,0.660576445523,0.811144458544,2.07763512114,-0.195310756323,-0.30363325784,-757,-0.097425997426,-0.383797428685,0,0.027027027027,-0.027027027027,180,18,162,972,0.526315789474,0.981818181818,0.0181818181818,0.473684210526,0.909090909091,0.526315789474,0.666666666667,0.623978690801,0.508133971292,0.5,42,186,0,0,0,0
689,WLNM_dir_neg,0.408038501561,0.341967742179,00:00:06,10,20,27,1234860762,threshold_sweep,0.5,0.55,0.118279569892,0.194690265487,22,18,164,354,0.118279569892,0.951612903226,0.0483870967742,0.881720430108,0.55,0.118279569892,0.194690265487,0.673835125448,0.642771804062,0.0869565217391,0.127721342432,0.0698924731183,342,156,186,0,342,0,156,0,186,37,342,0.256756756757,1.72528881811,18.4864864865,15.5454545455,9.77142857143,5.36771015539,0.290358590277,0.142642642643,9.50849154237,1.02869645341,0.544491860281,8.05331334643,0.871264894205,0.461830251304,0.640599570326,0.371299902718,2,1.72528881811,0.640599570326,2,0.344071394247,0.376569037657,810,0.104247104247,0.56957682835,37,37,37,1,0,0.405405405405,0.540540540541,0.0540540540541,37,0.117117117117,2.18481481481,8.43243243243,7.09090909091,4.45714285714,5.03620525429,0.597242289772,0.326923076923,6.00062559301,1.42322530091,0.680526680527,3.83793300225,0.910278981302,0.463617463617,1.318977792,0.603702328937,4.32037037037,2.18481481481,1.318977792,4.32037037037,0,0,0,0,0.160896782956,37,37,37,1,0,0.405405405405,0.540540540541,0.0540540540541,37,196,0.147147147147,2.39753229807,10.5945945946,8.90909090909,5.44444444444,4.48119192638,0.422969646113,0.224076116933,6.12764620781,1.15674953923,0.603143960287,3.08999159352,0.583314739594,0.313017098731,1.47004501393,0.613149201415,4.29122395536,2.39753229807,1.47004501393,4.29122395536,0.149927714092,0.0705719557196,51,0.00656370656371,0.184792439224,37,37,37,1,0,0.405405405405,0.567567567568,0.027027027027,-146,-0.10960960961,0.672243479955,-7.89189189189,-6.63636363636,-4.32698412698,-0.88651822901,0.132611055836,0.0814334742906,-3.38084533457,0.128053085814,0.0586521000055,-4.96332175291,-0.287950154611,-0.148813152573,0.829445443602,0.241849298697,2.29122395536,0.672243479955,0.829445443602,2.29122395536,-0.194143680156,-0.305997081937,-759,-0.0976833976834,-0.384784389126,0,0.027027027027,-0.027027027027,178,18,164,972,0.520467836257,0.981818181818,0.0181818181818,0.479532163743,0.908163265306,0.520467836257,0.661710037175,0.619390497154,0.502286018075,0.494444444444,40,186,0,0,0,0
690,WLNM_dir_neg,0.408038501561,0.341967742179,00:00:06,10,20,27,1234860762,threshold_sweep,0.6,0.540540540541,0.10752688172,0.179372197309,20,17,166,355,0.10752688172,0.954301075269,0.0456989247312,0.89247311828,0.540540540541,0.10752688172,0.179372197309,0.672043010753,0.644563918757,0.0773109243697,0.117136734975,0.0618279569892,342,156,186,0,342,0,156,0,186,37,342,0.256756756757,1.72528881811,18.4864864865,15.5454545455,9.77142857143,5.36771015539,0.290358590277,0.142642642643,9.50849154237,1.02869645341,0.544491860281,8.05331334643,0.871264894205,0.461830251304,0.640599570326,0.371299902718,2,1.72528881811,0.640599570326,2,0.344071394247,0.376569037657,810,0.104247104247,0.56957682835,37,37,37,1,0,0.405405405405,0.540540540541,0.0540540540541,37,0.117117117117,2.18481481481,8.43243243243,7.09090909091,4.45714285714,5.03620525429,0.597242289772,0.326923076923,6.00062559301,1.42322530091,0.680526680527,3.83793300225,0.910278981302,0.463617463617,1.318977792,0.603702328937,4.32037037037,2.18481481481,1.318977792,4.32037037037,0,0,0,0,0.160896782956,37,37,37,1,0,0.405405405405,0.540540540541,0.0540540540541,37,193,0.144894894895,2.38253525763,10.4324324324,8.77272727273,5.36111111111,4.54325226475,0.435493092735,0.229239602297,6.13792914379,1.17670144207,0.60887830836,3.11033345064,0.596281542351,0.316202212575,1.45471282322,0.6105734715,4.26477673078,2.38253525763,1.45471282322,4.26477673078,0.142351681825,0.063025210084,45,0.00579150579151,0.180364094553,37,37,37,1,0,0.405405405405,0.567567567568,0.027027027027,-149,-0.111861861862,0.657246439517,-8.05405405405,-6.77272727273,-4.41031746032,-0.824457890645,0.145134502458,0.086596959654,-3.37056239859,0.148004988659,0.0643864480788,-4.94297989579,-0.274983351854,-0.145628038729,0.814113252898,0.239273568782,2.26477673078,0.657246439517,0.814113252898,2.26477673078,-0.201719712422,-0.313543827573,-765,-0.0984555984556,-0.389212733797,0,0.027027027027,-0.027027027027,176,17,166,973,0.514619883041,0.982828282828,0.0171717171717,0.485380116959,0.911917098446,0.514619883041,0.657943925234,0.617359261473,0.497448165869,0.490250696379,37,186,0,0,0,0
691,WLNM_dir_neg,0.408038501561,0.341967742179,00:00:06,10,20,27,1234860762,threshold_sweep,0.7,0.555555555556,0.10752688172,0.18018018018,20,16,166,356,0.10752688172,0.956989247312,0.0430107526882,0.89247311828,0.555555555556,0.10752688172,0.18018018018,0.673835125448,0.645161290323,0.0808080808081,0.123796892118,0.0645161290323,342,156,186,0,342,0,156,0,186,37,342,0.256756756757,1.72528881811,18.4864864865,15.5454545455,9.77142857143,5.36771015539,0.290358590277,0.142642642643,9.50849154237,1.02869645341,0.544491860281,8.05331334643,0.871264894205,0.461830251304,0.640599570326,0.371299902718,2,1.72528881811,0.640599570326,2,0.344071394247,0.376569037657,810,0.104247104247,0.56957682835,37,37,37,1,0,0.405405405405,0.540540540541,0.0540540540541,37,0.117117117117,2.18481481481,8.43243243243,7.09090909091,4.45714285714,5.03620525429,0.597242289772,0.326923076923,6.00062559301,1.42322530091,0.680526680527,3.83793300225,0.910278981302,0.463617463617,1.318977792,0.603702328937,4.32037037037,2.18481481481,1.318977792,4.32037037037,0,0,0,0,0.160896782956,37,37,37,1,0,0.405405405405,0.540540540541,0.0540540540541,37,192,0.144144144144,2.36420293103,10.3783783784,8.72727272727,5.33333333333,4.54209540087,0.437649817272,0.230292792793,6.14110846779,1.18344277765,0.61036036036,3.12550296253,0.602310466737,0.318412162162,1.42767493614,0.603871570162,4.13809116484,2.36420293103,1.42767493614,4.13809116484,0.142351681825,0.063025210084,45,0.00579150579151,0.179235773619,37,37,37,1,0,0.405405405405,0.567567567568,0.027027027027,-150,-0.112612612613,0.638914112915,-8.10810810811,-6.81818181818,-4.4380952381,-0.82561475452,0.147291226994,0.0876501501502,-3.36738307458,0.154746324233,0.065868500079,-4.92781038391,-0.268954427468,-0.143418089142,0.787075365817,0.232571667444,2.13809116484,0.638914112915,0.787075365817,2.13809116484,-0.201719712422,-0.313543827573,-765,-0.0984555984556,-0.390341054731,0,0.027027027027,-0.027027027027,176,16,166,974,0.514619883041,0.983838383838,0.0161616161616,0.485380116959,0.916666666667,0.514619883041,0.659176029963,0.619949641834,0.498458266879,0.491620111732,36,186,0,0,0,0
692,WLNM_dir_neg,0.408038501561,0.341967742179,00:00:06,10,20,27,1234860762,threshold_sweep,0.8,0.555555555556,0.10752688172,0.18018018018,20,16,166,356,0.10752688172,0.956989247312,0.0430107526882,0.89247311828,0.555555555556,0.10752688172,0.18018018018,0.673835125448,0.645161290323,0.0808080808081,0.123796892118,0.0645161290323,342,156,186,0,342,0,156,0,186,37,342,0.256756756757,1.72528881811,18.4864864865,15.5454545455,9.77142857143,5.36771015539,0.290358590277,0.142642642643,9.50849154237,1.02869645341,0.544491860281,8.05331334643,0.871264894205,0.461830251304,0.640599570326,0.371299902718,2,1.72528881811,0.640599570326,2,0.344071394247,0.376569037657,810,0.104247104247,0.56957682835,37,37,37,1,0,0.405405405405,0.540540540541,0.0540540540541,37,0.117117117117,2.18481481481,8.43243243243,7.09090909091,4.45714285714,5.03620525429,0.597242289772,0.326923076923,6.00062559301,1.42322530091,0.680526680527,3.83793300225,0.910278981302,0.463617463617,1.318977792,0.603702328937,4.32037037037,2.18481481481,1.318977792,4.32037037037,0,0,0,0,0.160896782956,37,37,37,1,0,0.405405405405,0.540540540541,0.0540540540541,37,192,0.144144144144,2.36420293103,10.3783783784,8.72727272727,5.33333333333,4.54209540087,0.437649817272,0.230292792793,6.14110846779,1.18344277765,0.61036036036,3.12550296253,0.602310466737,0.318412162162,1.42767493614,0.603871570162,4.13809116484,2.36420293103,1.42767493614,4.13809116484,0.142351681825,0.063025210084,45,0.00579150579151,0.179235773619,37,37,37,1,0,0.405405405405,0.567567567568,0.027027027027,-150,-0.112612612613,0.638914112915,-8.10810810811,-6.81818181818,-4.4380952381,-0.82561475452,0.147291226994,0.0876501501502,-3.36738307458,0.154746324233,0.065868500079,-4.92781038391,-0.268954427468,-0.143418089142,0.787075365817,0.232571667444,2.13809116484,0.638914112915,0.787075365817,2.13809116484,-0.201719712422,-0.313543827573,-765,-0.0984555984556,-0.390341054731,0,0.027027027027,-0.027027027027,176,16,166,974,0.514619883041,0.983838383838,0.0161616161616,0.485380116959,0.916666666667,0.514619883041,0.659176029963,0.619949641834,0.498458266879,0.491620111732,36,186,0,0,0,0
693,WLNM_dir_neg,0.408038501561,0.341967742179,00:00:06,10,20,27,1234860762,threshold_sweep,0.9,0.571428571429,0.0860215053763,0.14953271028,16,12,170,360,0.0860215053763,0.967741935484,0.0322580645161,0.913978494624,0.571428571429,0.0860215053763,0.14953271028,0.673835125448,0.649940262843,0.0682593856655,0.116090865053,0.0537634408602,342,156,186,0,342,0,156,0,186,37,342,0.256756756757,1.72528881811,18.4864864865,15.5454545455,9.77142857143,5.36771015539,0.290358590277,0.142642642643,9.50849154237,1.02869645341,0.544491860281,8.05331334643,0.871264894205,0.461830251304,0.640599570326,0.371299902718,2,1.72528881811,0.640599570326,2,0.344071394247,0.376569037657,810,0.104247104247,0.56957682835,37,37,37,1,0,0.405405405405,0.540540540541,0.0540540540541,37,0.117117117117,2.18481481481,8.43243243243,7.09090909091,4.45714285714,5.03620525429,0.597242289772,0.326923076923,6.00062559301,1.42322530091,0.680526680527,3.83793300225,0.910278981302,0.463617463617,1.318977792,0.603702328937,4.32037037037,2.18481481481,1.318977792,4.32037037037,0,0,0,0,0.160896782956,37,37,37,1,0,0.405405405405,0.540540540541,0.0540540540541,37,184,0.138138138138,2.3533254147,9.94594594595,8.36363636364,5.11111111111,4.434372973,0.445847282611,0.236780258519,6.00687793971,1.20790480309,0.618096357227,3.31232116068,0.666064581223,0.354582843713,1.41934429427,0.603122834355,4.19899206349,2.3533254147,1.41934429427,4.19899206349,0.121756600394,0.0410750507099,27,0.0034749034749,0.176730588753,37,37,37,1,0,0.405405405405,0.567567567568,0.027027027027,-158,-0.118618618619,0.628036596585,-8.54054054054,-7.18181818182,-4.66031746032,-0.933337182394,0.155488692334,0.0941376158767,-3.50161360266,0.179208349679,0.0736044969455,-4.74099218576,-0.205200312982,-0.107247407591,0.778744723948,0.231822931637,2.19899206349,0.628036596585,0.778744723948,2.19899206349,-0.222314793853,-0.335493986947,-783,-0.100772200772,-0.392846239597,0,0.027027027027,-0.027027027027,172,12,170,978,0.502923976608,0.987878787879,0.0121212121212,0.497076023392,0.934782608696,0.502923976608,0.653992395437,0.621380750151,0.490802764487,0.485875706215,28,186,0,0,0,0
694,WLNM_dir_neg,0.402228581339,0.319757964054,00:00:07,10,20,28,1234860763,threshold_sweep,0.1,0.447368421053,0.0913978494624,0.151785714286,17,21,169,351,0.0913978494624,0.943548387097,0.0564516129032,0.908602150538,0.447368421053,0.0913978494624,0.151785714286,0.659498207885,0.643966547192,0.0436241610738,0.0653935454726,0.0349462365591,342,156,186,0,342,0,156,0,186,37,342,0.256756756757,1.72528881811,18.4864864865,15.5454545455,9.77142857143,5.36771015539,0.290358590277,0.142642642643,9.50849154237,1.02869645341,0.544491860281,8.05331334643,0.871264894205,0.461830251304,0.640599570326,0.371299902718,2,1.72528881811,0.640599570326,2,0.344071394247,0.376569037657,810,0.104247104247,0.56957682835,37,37,37,1,0,0.405405405405,0.540540540541,0.0540540540541,37,0.117117117117,2.21261261261,8.43243243243,7.09090909091,4.45714285714,5.04722443274,0.598549051319,0.327616077616,6.00525295579,1.42432281644,0.680873180873,3.83793300225,0.910278981302,0.463617463617,1.39215458577,0.629190386892,5.2,2.21261261261,1.39215458577,5.2,0,0,0,0,0.161113233172,37,37,37,1,0,0.405405405405,0.540540540541,0.0540540540541,37,194,0.145645645646,5.75536540255,10.4864864865,6.46666666667,5.24324324324,4.7059160262,0.448760033426,0.246726107551,5.73200277877,1.09321702482,0.563109501254,3.30324256018,0.629999869726,0.343549735302,2.65139960599,0.460683105337,7.99974103462,5.75536540255,2.65139960599,7.99974103462,0.145506609903,0.0668979187314,45,0.00579150579151,0.1332263637,37,37,37,1,0,0.189189189189,0.810810810811,0,-148,-0.111111111111,4.03007658444,-8,-9.07878787879,-4.52818532819,-0.661794129193,0.158401443149,0.104083464908,-3.7764887636,0.0645205714026,0.0186176409725,-4.75007078625,-0.241265024479,-0.118280516002,2.01080003567,0.0893832026189,5.99974103462,4.03007658444,2.01080003567,5.99974103462,-0.198564784345,-0.309671118925,-765,-0.0984555984556,-0.43635046465,-0.216216216216,0.27027027027,-0.0540540540541,173,21,169,969,0.505847953216,0.978787878788,0.0212121212121,0.494152046784,0.89175257732,0.505847953216,0.64552238806,0.600169851071,0.484635832004,0.476584022039,38,186,0,0,0,0
695,WLNM_dir_neg,0.402228581339,0.319757964054,00:00:07,10,20,28,1234860763,threshold_sweep,0.2,0.708333333333,0.0913978494624,0.161904761905,17,7,169,365,0.0913978494624,0.981182795699,0.0188172043011,0.908602150538,0.708333333333,0.0913978494624,0.161904761905,0.68458781362,0.652329749104,0.0927835051546,0.168644630024,0.0725806451613,342,156,186,0,342,0,156,0,186,37,342,0.256756756757,1.72528881811,18.4864864865,15.5454545455,9.77142857143,5.36771015539,0.290358590277,0.142642642643,9.50849154237,1.02869645341,0.544491860281,8.05331334643,0.871264894205,0.461830251304,0.640599570326,0.371299902718,2,1.72528881811,0.640599570326,2,0.344071394247,0.376569037657,810,0.104247104247,0.56957682835,37,37,37,1,0,0.405405405405,0.540540540541,0.0540540540541,37,0.117117117117,2.21261261261,8.43243243243,7.09090909091,4.45714285714,5.04722443274,0.598549051319,0.327616077616,6.00525295579,1.42432281644,0.680873180873,3.83793300225,0.910278981302,0.463617463617,1.39215458577,0.629190386892,5.2,2.21261261261,1.39215458577,5.2,0,0,0,0,0.161113233172,37,37,37,1,0,0.405405405405,0.540540540541,0.0540540540541,37,180,0.135135135135,2.57288799195,9.72972972973,7.82608695652,4.86486486486,4.50708484653,0.463228164782,0.248348348348,5.9682593878,1.22680887416,0.624024024024,3.43318901122,0.705711074529,0.378378378378,1.5898642565,0.617929836617,4.31296170283,2.57288799195,1.5898642565,4.31296170283,0.132358842498,0.0411609498681,26,0.0033462033462,0.166891087548,37,37,37,1,0,0.378378378378,0.621621621622,0,-162,-0.121621621622,0.847599173838,-8.75675675676,-7.71936758893,-4.90656370656,-0.860625308864,0.172869574505,0.105705705706,-3.54023215457,0.198112420745,0.0795321637427,-4.62012433521,-0.165553819676,-0.0834518729256,0.949264686176,0.246629933899,2.31296170283,0.847599173838,0.949264686176,2.31296170283,-0.211712551749,-0.335408087789,-784,-0.100900900901,-0.402685740802,-0.027027027027,0.0810810810811,-0.0540540540541,173,7,169,983,0.505847953216,0.992929292929,0.00707070707071,0.494152046784,0.961111111111,0.505847953216,0.662835249042,0.637345305532,0.498777246146,0.495702005731,24,186,0,0,0,0
696,WLNM_dir_neg,0.402228581339,0.319757964054,00:00:07,10,20,28,1234860763,threshold_sweep,0.3,0.695652173913,0.0860215053763,0.153110047847,16,7,170,365,0.0860215053763,0.981182795699,0.0188172043011,0.913978494624,0.695652173913,0.0860215053763,0.153110047847,0.682795698925,0.652927120669,0.0860585197935,0.159361790949,0.0672043010753,342,156,186,0,342,0,156,0,186,37,342,0.256756756757,1.72528881811,18.4864864865,15.5454545455,9.77142857143,5.36771015539,0.290358590277,0.142642642643,9.50849154237,1.02869645341,0.544491860281,8.05331334643,0.871264894205,0.461830251304,0.640599570326,0.371299902718,2,1.72528881811,0.640599570326,2,0.344071394247,0.376569037657,810,0.104247104247,0.56957682835,37,37,37,1,0,0.405405405405,0.540540540541,0.0540540540541,37,0.117117117117,2.21261261261,8.43243243243,7.09090909091,4.45714285714,5.04722443274,0.598549051319,0.327616077616,6.00525295579,1.42432281644,0.680873180873,3.83793300225,0.910278981302,0.463617463617,1.39215458577,0.629190386892,5.2,2.21261261261,1.39215458577,5.2,0,0,0,0,0.161113233172,37,37,37,1,0,0.405405405405,0.540540540541,0.0540540540541,37,179,0.134384384384,2.57955057387,9.67567567568,7.78260869565,4.83783783784,4.45380021289,0.46030896055,0.245961044844,5.95591915433,1.2311117805,0.625094368111,3.44410537903,0.711910050414,0.380492224068,1.59853884543,0.619696648564,4.31518256347,2.57955057387,1.59853884543,4.31518256347,0.128595169694,0.0369379014989,23,0.0029601029601,0.166230472362,37,37,37,1,0,0.378378378378,0.621621621622,0,-163,-0.122372372372,0.854261755752,-8.81081081081,-7.7628458498,-4.93359073359,-0.913909942504,0.169950370273,0.103318402201,-3.55257238804,0.20241532709,0.0806025078298,-4.6092079674,-0.159354843791,-0.0813380272363,0.9579392751,0.248396745846,2.31518256347,0.854261755752,0.9579392751,2.31518256347,-0.215476224553,-0.339631136158,-787,-0.101287001287,-0.403346355988,-0.027027027027,0.0810810810811,-0.0540540540541,172,7,170,983,0.502923976608,0.992929292929,0.00707070707071,0.497076023392,0.960893854749,0.502923976608,0.660268714012,0.635100803812,0.495853269537,0.492836676218,23,186,0,0,0,0
697,WLNM_dir_neg,0.402228581339,0.319757964054,00:00:07,10,20,28,1234860763,threshold_sweep,0.4,0.695652173913,0.0860215053763,0.153110047847,16,7,170,365,0.0860215053763,0.981182795699,0.0188172043011,0.913978494624,0.695652173913,0.0860215053763,0.153110047847,0.682795698925,0.652927120669,0.0860585197935,0.159361790949,0.0672043010753,342,156,186,0,342,0,156,0,186,37,342,0.256756756757,1.72528881811,18.4864864865,15.5454545455,9.77142857143,5.36771015539,0.290358590277,0.142642642643,9.50849154237,1.02869645341,0.544491860281,8.05331334643,0.871264894205,0.461830251304,0.640599570326,0.371299902718,2,1.72528881811,0.640599570326,2,0.344071394247,0.376569037657,810,0.104247104247,0.56957682835,37,37,37,1,0,0.405405405405,0.540540540541,0.0540540540541,37,0.117117117117,2.21261261261,8.43243243243,7.09090909091,4.45714285714,5.04722443274,0.598549051319,0.327616077616,6.00525295579,1.42432281644,0.680873180873,3.83793300225,0.910278981302,0.463617463617,1.39215458577,0.629190386892,5.2,2.21261261261,1.39215458577,5.2,0,0,0,0,0.161113233172,37,37,37,1,0,0.405405405405,0.540540540541,0.0540540540541,37,179,0.134384384384,2.57955057387,9.67567567568,7.78260869565,4.83783783784,4.45380021289,0.46030896055,0.245961044844,5.95591915433,1.2311117805,0.625094368111,3.44410537903,0.711910050414,0.380492224068,1.59853884543,0.619696648564,4.31518256347,2.57955057387,1.59853884543,4.31518256347,0.128595169694,0.0369379014989,23,0.0029601029601,0.166230472362,37,37,37,1,0,0.378378378378,0.621621621622,0,-163,-0.122372372372,0.854261755752,-8.81081081081,-7.7628458498,-4.93359073359,-0.913909942504,0.169950370273,0.103318402201,-3.55257238804,0.20241532709,0.0806025078298,-4.6092079674,-0.159354843791,-0.0813380272363,0.9579392751,0.248396745846,2.31518256347,0.854261755752,0.9579392751,2.31518256347,-0.215476224553,-0.339631136158,-787,-0.101287001287,-0.403346355988,-0.027027027027,0.0810810810811,-0.0540540540541,172,7,170,983,0.502923976608,0.992929292929,0.00707070707071,0.497076023392,0.960893854749,0.502923976608,0.660268714012,0.635100803812,0.495853269537,0.492836676218,23,186,0,0,0,0
698,WLNM_dir_neg,0.402228581339,0.319757964054,00:00:07,10,20,28,1234860763,threshold_sweep,0.5,0.714285714286,0.0806451612903,0.144927536232,15,6,171,366,0.0806451612903,0.983870967742,0.0161290322581,0.91935483871,0.714285714286,0.0806451612903,0.144927536232,0.682795698925,0.654121863799,0.0829015544041,0.15980834491,0.0645161290323,342,156,186,0,342,0,156,0,186,37,342,0.256756756757,1.72528881811,18.4864864865,15.5454545455,9.77142857143,5.36771015539,0.290358590277,0.142642642643,9.50849154237,1.02869645341,0.544491860281,8.05331334643,0.871264894205,0.461830251304,0.640599570326,0.371299902718,2,1.72528881811,0.640599570326,2,0.344071394247,0.376569037657,810,0.104247104247,0.56957682835,37,37,37,1,0,0.405405405405,0.540540540541,0.0540540540541,37,0.117117117117,2.21261261261,8.43243243243,7.09090909091,4.45714285714,5.04722443274,0.598549051319,0.327616077616,6.00525295579,1.42432281644,0.680873180873,3.83793300225,0.910278981302,0.463617463617,1.39215458577,0.629190386892,5.2,2.21261261261,1.39215458577,5.2,0,0,0,0,0.161113233172,37,37,37,1,0,0.405405405405,0.540540540541,0.0540540540541,37,177,0.132882882883,2.89532729291,9.56756756757,7.69565217391,4.78378378378,4.43183270681,0.463214152972,0.247671400214,5.94481630001,1.24270171243,0.630325240495,3.4971030482,0.731032840584,0.390593983814,2.00138018782,0.691244887139,5.30266343826,2.89532729291,2.00138018782,5.30266343826,0.11714270561,0.0295243302351,18,0.0023166023166,0.166571672663,37,37,37,1,0,0.378378378378,0.621621621622,0,-165,-0.123873873874,1.1700384748,-8.91891891892,-7.84980237154,-4.98764478764,-0.935877448584,0.172855562694,0.105028757571,-3.56367524237,0.214005259016,0.0858333802134,-4.55621029823,-0.140232053621,-0.0712362674896,1.36078061749,0.319944984421,3.30266343826,1.1700384748,1.36078061749,3.30266343826,-0.226928688637,-0.347044707422,-792,-0.101930501931,-0.403005155687,-0.027027027027,0.0810810810811,-0.0540540540541,171,6,171,984,0.5,0.993939393939,0.00606060606061,0.5,0.966101694915,0.5,0.658959537572,0.635662643371,0.493939393939,0.491379310345,21,186,0,0,0,0
699,WLNM_dir_neg,0.402228581339,0.319757964054,00:00:07,10,20,28,1234860763,threshold_sweep,0.6,0.684210526316,0.0698924731183,0.126829268293,13,6,173,366,0.0698924731183,0.983870967742,0.0161290322581,0.930107526882,0.684210526316,0.0698924731183,0.126829268293,0.679211469534,0.65531660693,0.0693240901213,0.139747425156,0.0537634408602,342,156,186,0,342,0,156,0,186,37,342,0.256756756757,1.72528881811,18.4864864865,15.5454545455,9.77142857143,5.36771015539,0.290358590277,0.142642642643,9.50849154237,1.02869645341,0.544491860281,8.05331334643,0.871264894205,0.461830251304,0.640599570326,0.371299902718,2,1.72528881811,0.640599570326,2,0.344071394247,0.376569037657,810,0.104247104247,0.56957682835,37,37,37,1,0,0.405405405405,0.540540540541,0.0540540540541,37,0.117117117117,2.21261261261,8.43243243243,7.09090909091,4.45714285714,5.04722443274,0.598549051319,0.327616077616,6.00525295579,1.42432281644,0.680873180873,3.83793300225,0.910278981302,0.463617463617,1.39215458577,0.629190386892,5.2,2.21261261261,1.39215458577,5.2,0,0,0,0,0.161113233172,37,37,37,1,0,0.405405405405,0.540540540541,0.0540540540541,37,175,0.131381381381,2.90533103698,9.45945945946,7.60869565217,4.72972972973,4.5129110745,0.477079170733,0.255135135135,5.9378664736,1.25543462585,0.635366795367,3.52490069717,0.745264718831,0.395984555985,2.02276636497,0.696225779169,5.4022108729,2.90533103698,2.02276636497,5.4022108729,0.0893681302931,0.0265633646929,16,0.0020592020592,0.164684550124,37,37,37,1,0,0.378378378378,0.621621621622,0,-167,-0.125375375375,1.18004221887,-9.02702702703,-7.93675889328,-5.0416988417,-0.854799080891,0.186720580456,0.112492492492,-3.57062506878,0.226738172431,0.0908749350855,-4.52841264926,-0.126000175374,-0.0658456953194,1.38216679464,0.324925876451,3.4022108729,1.18004221887,1.38216679464,3.4022108729,-0.254703263954,-0.350005672964,-794,-0.102187902188,-0.404892278226,-0.027027027027,0.0810810810811,-0.0540540540541,169,6,173,984,0.494152046784,0.993939393939,0.00606060606061,0.505847953216,0.965714285714,0.494152046784,0.653771760155,0.631169694818,0.488091440723,0.485632183908,19,186,0,0,0,0
700,WLNM_dir_neg,0.402228581339,0.319757964054,00:00:07,10,20,28,1234860763,threshold_sweep,0.7,0.625,0.0537634408602,0.0990099009901,10,6,176,366,0.0537634408602,0.983870967742,0.0161290322581,0.94623655914,0.625,0.0537634408602,0.0990099009901,0.673835125448,0.657108721625,0.0487804878049,0.106304929365,0.0376344086022,342,156,186,0,342,0,156,0,186,37,342,0.256756756757,1.72528881811,18.4864864865,15.5454545455,9.77142857143,5.36771015539,0.290358590277,0.142642642643,9.50849154237,1.02869645341,0.544491860281,8.05331334643,0.871264894205,0.461830251304,0.640599570326,0.371299902718,2,1.72528881811,0.640599570326,2,0.344071394247,0.376569037657,810,0.104247104247,0.56957682835,37,37,37,1,0,0.405405405405,0.540540540541,0.0540540540541,37,0.117117117117,2.21261261261,8.43243243243,7.09090909091,4.45714285714,5.04722443274,0.598549051319,0.327616077616,6.00525295579,1.42432281644,0.680873180873,3.83793300225,0.910278981302,0.463617463617,1.39215458577,0.629190386892,5.2,2.21261261261,1.39215458577,5.2,0,0,0,0,0.161113233172,37,37,37,1,0,0.405405405405,0.540540540541,0.0540540540541,37,172,0.129129129129,2.851324626,9.2972972973,7.47826086957,4.64864864865,4.63000398887,0.497994615082,0.267913262099,5.93116166351,1.27588942762,0.639534883721,3.56071322612,0.765967380038,0.403519798869,1.97533107558,0.692776633557,5.30266343826,2.851324626,1.97533107558,5.30266343826,0.0858686408287,0.0202931228861,12,0.0015444015444,0.162183022227,37,37,37,1,0,0.378378378378,0.621621621622,0,-170,-0.127627627628,1.12603580789,-9.18918918919,-8.06719367589,-5.12277992278,-0.737706166525,0.207636024805,0.125270619457,-3.57732987887,0.2471929742,0.0950430234396,-4.49260012031,-0.105297514167,-0.0583104524353,1.33473150526,0.32147673084,3.30266343826,1.12603580789,1.33473150526,3.30266343826,-0.258202753419,-0.356275914771,-798,-0.102702702703,-0.407393806123,-0.027027027027,0.0810810810811,-0.0540540540541,166,6,176,984,0.485380116959,0.993939393939,0.00606060606061,0.514619883041,0.96511627907,0.485380116959,0.645914396887,0.624399490118,0.479319510898,0.477011494253,16,186,0,0,0,0
701,WLNM_dir_neg,0.402228581339,0.319757964054,00:00:07,10,20,28,1234860763,threshold_sweep,0.8,0.625,0.0537634408602,0.0990099009901,10,6,176,366,0.0537634408602,0.983870967742,0.0161290322581,0.94623655914,0.625,0.0537634408602,0.0990099009901,0.673835125448,0.657108721625,0.0487804878049,0.106304929365,0.0376344086022,342,156,186,0,342,0,156,0,186,37,342,0.256756756757,1.72528881811,18.4864864865,15.5454545455,9.77142857143,5.36771015539,0.290358590277,0.142642642643,9.50849154237,1.02869645341,0.544491860281,8.05331334643,0.871264894205,0.461830251304,0.640599570326,0.371299902718,2,1.72528881811,0.640599570326,2,0.344071394247,0.376569037657,810,0.104247104247,0.56957682835,37,37,37,1,0,0.405405405405,0.540540540541,0.0540540540541,37,0.117117117117,2.21261261261,8.43243243243,7.09090909091,4.45714285714,5.04722443274,0.598549051319,0.327616077616,6.00525295579,1.42432281644,0.680873180873,3.83793300225,0.910278981302,0.463617463617,1.39215458577,0.629190386892,5.2,2.21261261261,1.39215458577,5.2,0,0,0,0,0.161113233172,37,37,37,1,0,0.405405405405,0.540540540541,0.0540540540541,37,172,0.129129129129,2.851324626,9.2972972973,7.47826086957,4.64864864865,4.63000398887,0.497994615082,0.267913262099,5.93116166351,1.27588942762,0.639534883721,3.56071322612,0.765967380038,0.403519798869,1.97533107558,0.692776633557,5.30266343826,2.851324626,1.97533107558,5.30266343826,0.0858686408287,0.0202931228861,12,0.0015444015444,0.162183022227,37,37,37,1,0,0.378378378378,0.621621621622,0,-170,-0.127627627628,1.12603580789,-9.18918918919,-8.06719367589,-5.12277992278,-0.737706166525,0.207636024805,0.125270619457,-3.57732987887,0.2471929742,0.0950430234396,-4.49260012031,-0.105297514167,-0.0583104524353,1.33473150526,0.32147673084,3.30266343826,1.12603580789,1.33473150526,3.30266343826,-0.258202753419,-0.356275914771,-798,-0.102702702703,-0.407393806123,-0.027027027027,0.0810810810811,-0.0540540540541,166,6,176,984,0.485380116959,0.993939393939,0.00606060606061,0.514619883041,0.96511627907,0.485380116959,0.645914396887,0.624399490118,0.479319510898,0.477011494253,16,186,0,0,0,0
702,WLNM_dir_neg,0.402228581339,0.319757964054,00:00:07,10,20,28,1234860763,threshold_sweep,0.9,0.545454545455,0.0322580645161,0.0609137055838,6,5,180,367,0.0322580645161,0.986559139785,0.0134408602151,0.967741935484,0.545454545455,0.0322580645161,0.0609137055838,0.668458781362,0.66009557945,0.02460456942,0.0638106305906,0.0188172043011,342,156,186,0,342,0,156,0,186,37,342,0.256756756757,1.72528881811,18.4864864865,15.5454545455,9.77142857143,5.36771015539,0.290358590277,0.142642642643,9.50849154237,1.02869645341,0.544491860281,8.05331334643,0.871264894205,0.461830251304,0.640599570326,0.371299902718,2,1.72528881811,0.640599570326,2,0.344071394247,0.376569037657,810,0.104247104247,0.56957682835,37,37,37,1,0,0.405405405405,0.540540540541,0.0540540540541,37,0.117117117117,2.21261261261,8.43243243243,7.09090909091,4.45714285714,5.04722443274,0.598549051319,0.327616077616,6.00525295579,1.42432281644,0.680873180873,3.83793300225,0.910278981302,0.463617463617,1.39215458577,0.629190386892,5.2,2.21261261261,1.39215458577,5.2,0,0,0,0,0.161113233172,37,37,37,1,0,0.405405405405,0.540540540541,0.0540540540541,37,167,0.125375375375,2.20081424238,9.02702702703,7.59090909091,4.51351351351,4.71101832874,0.521879275938,0.28273183363,5.94241636982,1.31658326757,0.653503803204,3.63334573103,0.804992766755,0.418837999676,1.30850848639,0.594556533301,4.68659414958,2.20081424238,1.30850848639,4.68659414958,0.0731487965557,0.0122735242548,7,0.000900900900901,0.169350770611,37,37,37,1,0,0.405405405405,0.594594594595,0,-175,-0.131381381381,0.475525424263,-9.45945945946,-7.95454545455,-5.25791505792,-0.656691826657,0.231520685661,0.140089190987,-3.56607517255,0.28788681415,0.109011942923,-4.4199676154,-0.0662721274495,-0.0429922516276,0.667908916062,0.223256630583,2.68659414958,0.475525424263,0.667908916062,2.68659414958,-0.270922597692,-0.364295513402,-803,-0.103346203346,-0.400226057739,0,0.0540540540541,-0.0540540540541,162,5,180,985,0.473684210526,0.994949494949,0.00505050505051,0.526315789474,0.97005988024,0.473684210526,0.636542239686,0.618219889488,0.468633705476,0.466858789625,11,186,0,0,0,0
703,WLNM_dir_neg,0.422917389294,0.302346930849,00:00:07,10,20,29,1234860764,threshold_sweep,0.1,0.361111111111,0.0698924731183,0.117117117117,13,23,173,349,0.0698924731183,0.938172043011,0.0618279569892,0.930107526882,0.361111111111,0.0698924731183,0.117117117117,0.648745519713,0.645161290323,0.010101010101,0.0154746115148,0.00806451612903,342,156,186,0,342,0,156,0,186,37,342,0.256756756757,1.72528881811,18.4864864865,15.5454545455,9.77142857143,5.36771015539,0.290358590277,0.142642642643,9.50849154237,1.02869645341,0.544491860281,8.05331334643,0.871264894205,0.461830251304,0.640599570326,0.371299902718,2,1.72528881811,0.640599570326,2,0.344071394247,0.376569037657,810,0.104247104247,0.56957682835,37,37,37,1,0,0.405405405405,0.540540540541,0.0540540540541,37,0.117117117117,2.21261261261,8.43243243243,7.09090909091,4.45714285714,5.04722443274,0.598549051319,0.327616077616,6.00525295579,1.42432281644,0.680873180873,3.83793300225,0.910278981302,0.463617463617,1.39215458577,0.629190386892,5.2,2.21261261261,1.39215458577,5.2,0,0,0,0,0.161113233172,37,37,37,1,0,0.405405405405,0.540540540541,0.0540540540541,37,192,0.144144144144,11.140375659,10.3783783784,5.81818181818,5.18918918919,4.87254981932,0.469490477382,0.256897522523,5.61663124538,1.08237164624,0.54954954955,3.54211046504,0.6825942042,0.363738738739,3.87766465538,0.348073060915,13.4929435085,11.140375659,3.87766465538,13.4929435085,0.127338052338,0.056345177665,37,0.0047619047619,0.143050676423,37,37,37,1,0,0.108108108108,0.891891891892,0,-150,-0.112612612613,9.41508684093,-8.10810810811,-9.72727272727,-4.58223938224,-0.495160336075,0.179131887105,0.11425487988,-3.891860297,0.0536751928297,0.00505768926822,-4.51120288139,-0.188670690004,-0.0980915125652,3.23706508506,-0.0232268418029,11.4929435085,9.41508684093,3.23706508506,11.4929435085,-0.216733341909,-0.320223859992,-773,-0.0994851994852,-0.426526151927,-0.297297297297,0.351351351351,-0.0540540540541,169,23,173,967,0.494152046784,0.976767676768,0.0232323232323,0.505847953216,0.880208333333,0.494152046784,0.632958801498,0.585699011024,0.470919723551,0.46301369863,36,186,0,0,0,0
704,WLNM_dir_neg,0.422917389294,0.302346930849,00:00:07,10,20,29,1234860764,threshold_sweep,0.2,0.65,0.0698924731183,0.126213592233,13,7,173,365,0.0698924731183,0.981182795699,0.0188172043011,0.930107526882,0.65,0.0698924731183,0.126213592233,0.677419354839,0.654719235364,0.0657439446367,0.129518697248,0.0510752688172,342,156,186,0,342,0,156,0,186,37,342,0.256756756757,1.72528881811,18.4864864865,15.5454545455,9.77142857143,5.36771015539,0.290358590277,0.142642642643,9.50849154237,1.02869645341,0.544491860281,8.05331334643,0.871264894205,0.461830251304,0.640599570326,0.371299902718,2,1.72528881811,0.640599570326,2,0.344071394247,0.376569037657,810,0.104247104247,0.56957682835,37,37,37,1,0,0.405405405405,0.540540540541,0.0540540540541,37,0.117117117117,2.21261261261,8.43243243243,7.09090909091,4.45714285714,5.04722443274,0.598549051319,0.327616077616,6.00525295579,1.42432281644,0.680873180873,3.83793300225,0.910278981302,0.463617463617,1.39215458577,0.629190386892,5.2,2.21261261261,1.39215458577,5.2,0,0,0,0,0.161113233172,37,37,37,1,0,0.405405405405,0.540540540541,0.0540540540541,37,176,0.132132132132,2.22962785063,9.51351351351,8,4.75675675676,4.35648699975,0.457926190314,0.245393120393,5.92736312652,1.24609338455,0.632985257985,3.47535294295,0.730613970961,0.386977886978,1.30661377927,0.58602325895,3.8490001095,2.22962785063,1.30661377927,3.8490001095,0.114788528024,0.0364037506895,22,0.0028314028314,0.179274749386,37,37,37,1,0,0.405405405405,0.594594594595,0,-166,-0.124624624625,0.504339032518,-8.97297297297,-7.54545454545,-5.01467181467,-1.01122315564,0.167567600037,0.10275047775,-3.58112841585,0.217396931138,0.0884933977039,-4.57796040348,-0.140650923244,-0.074852364326,0.666014208949,0.214723356233,1.8490001095,0.504339032518,0.666014208949,1.8490001095,-0.229282866224,-0.340165286967,-788,-0.101415701416,-0.390302078964,0,0.0540540540541,-0.0540540540541,169,7,173,983,0.494152046784,0.992929292929,0.00707070707071,0.505847953216,0.960227272727,0.494152046784,0.65250965251,0.628343159212,0.487081339713,0.484240687679,20,186,0,0,0,0
705,WLNM_dir_neg,0.422917389294,0.302346930849,00:00:07,10,20,29,1234860764,threshold_sweep,0.3,0.65,0.0698924731183,0.126213592233,13,7,173,365,0.0698924731183,0.981182795699,0.0188172043011,0.930107526882,0.65,0.0698924731183,0.126213592233,0.677419354839,0.654719235364,0.0657439446367,0.129518697248,0.0510752688172,342,156,186,0,342,0,156,0,186,37,342,0.256756756757,1.72528881811,18.4864864865,15.5454545455,9.77142857143,5.36771015539,0.290358590277,0.142642642643,9.50849154237,1.02869645341,0.544491860281,8.05331334643,0.871264894205,0.461830251304,0.640599570326,0.371299902718,2,1.72528881811,0.640599570326,2,0.344071394247,0.376569037657,810,0.104247104247,0.56957682835,37,37,37,1,0,0.405405405405,0.540540540541,0.0540540540541,37,0.117117117117,2.21261261261,8.43243243243,7.09090909091,4.45714285714,5.04722443274,0.598549051319,0.327616077616,6.00525295579,1.42432281644,0.680873180873,3.83793300225,0.910278981302,0.463617463617,1.39215458577,0.629190386892,5.2,2.21261261261,1.39215458577,5.2,0,0,0,0,0.161113233172,37,37,37,1,0,0.405405405405,0.540540540541,0.0540540540541,37,176,0.132132132132,2.22962785063,9.51351351351,8,4.75675675676,4.35648699975,0.457926190314,0.245393120393,5.92736312652,1.24609338455,0.632985257985,3.47535294295,0.730613970961,0.386977886978,1.30661377927,0.58602325895,3.8490001095,2.22962785063,1.30661377927,3.8490001095,0.114788528024,0.0364037506895,22,0.0028314028314,0.179274749386,37,37,37,1,0,0.405405405405,0.594594594595,0,-166,-0.124624624625,0.504339032518,-8.97297297297,-7.54545454545,-5.01467181467,-1.01122315564,0.167567600037,0.10275047775,-3.58112841585,0.217396931138,0.0884933977039,-4.57796040348,-0.140650923244,-0.074852364326,0.666014208949,0.214723356233,1.8490001095,0.504339032518,0.666014208949,1.8490001095,-0.229282866224,-0.340165286967,-788,-0.101415701416,-0.390302078964,0,0.0540540540541,-0.0540540540541,169,7,173,983,0.494152046784,0.992929292929,0.00707070707071,0.505847953216,0.960227272727,0.494152046784,0.65250965251,0.628343159212,0.487081339713,0.484240687679,20,186,0,0,0,0
706,WLNM_dir_neg,0.422917389294,0.302346930849,00:00:07,10,20,29,1234860764,threshold_sweep,0.4,0.65,0.0698924731183,0.126213592233,13,7,173,365,0.0698924731183,0.981182795699,0.0188172043011,0.930107526882,0.65,0.0698924731183,0.126213592233,0.677419354839,0.654719235364,0.0657439446367,0.129518697248,0.0510752688172,342,156,186,0,342,0,156,0,186,37,342,0.256756756757,1.72528881811,18.4864864865,15.5454545455,9.77142857143,5.36771015539,0.290358590277,0.142642642643,9.50849154237,1.02869645341,0.544491860281,8.05331334643,0.871264894205,0.461830251304,0.640599570326,0.371299902718,2,1.72528881811,0.640599570326,2,0.344071394247,0.376569037657,810,0.104247104247,0.56957682835,37,37,37,1,0,0.405405405405,0.540540540541,0.0540540540541,37,0.117117117117,2.21261261261,8.43243243243,7.09090909091,4.45714285714,5.04722443274,0.598549051319,0.327616077616,6.00525295579,1.42432281644,0.680873180873,3.83793300225,0.910278981302,0.463617463617,1.39215458577,0.629190386892,5.2,2.21261261261,1.39215458577,5.2,0,0,0,0,0.161113233172,37,37,37,1,0,0.405405405405,0.540540540541,0.0540540540541,37,176,0.132132132132,2.22962785063,9.51351351351,8,4.75675675676,4.35648699975,0.457926190314,0.245393120393,5.92736312652,1.24609338455,0.632985257985,3.47535294295,0.730613970961,0.386977886978,1.30661377927,0.58602325895,3.8490001095,2.22962785063,1.30661377927,3.8490001095,0.114788528024,0.0364037506895,22,0.0028314028314,0.179274749386,37,37,37,1,0,0.405405405405,0.594594594595,0,-166,-0.124624624625,0.504339032518,-8.97297297297,-7.54545454545,-5.01467181467,-1.01122315564,0.167567600037,0.10275047775,-3.58112841585,0.217396931138,0.0884933977039,-4.57796040348,-0.140650923244,-0.074852364326,0.666014208949,0.214723356233,1.8490001095,0.504339032518,0.666014208949,1.8490001095,-0.229282866224,-0.340165286967,-788,-0.101415701416,-0.390302078964,0,0.0540540540541,-0.0540540540541,169,7,173,983,0.494152046784,0.992929292929,0.00707070707071,0.505847953216,0.960227272727,0.494152046784,0.65250965251,0.628343159212,0.487081339713,0.484240687679,20,186,0,0,0,0
707,WLNM_dir_neg,0.422917389294,0.302346930849,00:00:07,10,20,29,1234860764,threshold_sweep,0.5,0.65,0.0698924731183,0.126213592233,13,7,173,365,0.0698924731183,0.981182795699,0.0188172043011,0.930107526882,0.65,0.0698924731183,0.126213592233,0.677419354839,0.654719235364,0.0657439446367,0.129518697248,0.0510752688172,342,156,186,0,342,0,156,0,186,37,342,0.256756756757,1.72528881811,18.4864864865,15.5454545455,9.77142857143,5.36771015539,0.290358590277,0.142642642643,9.50849154237,1.02869645341,0.544491860281,8.05331334643,0.871264894205,0.461830251304,0.640599570326,0.371299902718,2,1.72528881811,0.640599570326,2,0.344071394247,0.376569037657,810,0.104247104247,0.56957682835,37,37,37,1,0,0.405405405405,0.540540540541,0.0540540540541,37,0.117117117117,2.21261261261,8.43243243243,7.09090909091,4.45714285714,5.04722443274,0.598549051319,0.327616077616,6.00525295579,1.42432281644,0.680873180873,3.83793300225,0.910278981302,0.463617463617,1.39215458577,0.629190386892,5.2,2.21261261261,1.39215458577,5.2,0,0,0,0,0.161113233172,37,37,37,1,0,0.405405405405,0.540540540541,0.0540540540541,37,176,0.132132132132,2.22962785063,9.51351351351,8,4.75675675676,4.35648699975,0.457926190314,0.245393120393,5.92736312652,1.24609338455,0.632985257985,3.47535294295,0.730613970961,0.386977886978,1.30661377927,0.58602325895,3.8490001095,2.22962785063,1.30661377927,3.8490001095,0.114788528024,0.0364037506895,22,0.0028314028314,0.179274749386,37,37,37,1,0,0.405405405405,0.594594594595,0,-166,-0.124624624625,0.504339032518,-8.97297297297,-7.54545454545,-5.01467181467,-1.01122315564,0.167567600037,0.10275047775,-3.58112841585,0.217396931138,0.0884933977039,-4.57796040348,-0.140650923244,-0.074852364326,0.666014208949,0.214723356233,1.8490001095,0.504339032518,0.666014208949,1.8490001095,-0.229282866224,-0.340165286967,-788,-0.101415701416,-0.390302078964,0,0.0540540540541,-0.0540540540541,169,7,173,983,0.494152046784,0.992929292929,0.00707070707071,0.505847953216,0.960227272727,0.494152046784,0.65250965251,0.628343159212,0.487081339713,0.484240687679,20,186,0,0,0,0
708,WLNM_dir_neg,0.422917389294,0.302346930849,00:00:07,10,20,29,1234860764,threshold_sweep,0.6,0.631578947368,0.0645161290323,0.117073170732,12,7,174,365,0.0645161290323,0.981182795699,0.0188172043011,0.935483870968,0.631578947368,0.0645161290323,0.117073170732,0.675627240143,0.65531660693,0.0589254766031,0.118785311382,0.0456989247312,342,156,186,0,342,0,156,0,186,37,342,0.256756756757,1.72528881811,18.4864864865,15.5454545455,9.77142857143,5.36771015539,0.290358590277,0.142642642643,9.50849154237,1.02869645341,0.544491860281,8.05331334643,0.871264894205,0.461830251304,0.640599570326,0.371299902718,2,1.72528881811,0.640599570326,2,0.344071394247,0.376569037657,810,0.104247104247,0.56957682835,37,37,37,1,0,0.405405405405,0.540540540541,0.0540540540541,37,0.117117117117,2.21261261261,8.43243243243,7.09090909091,4.45714285714,5.04722443274,0.598549051319,0.327616077616,6.00525295579,1.42432281644,0.680873180873,3.83793300225,0.910278981302,0.463617463617,1.39215458577,0.629190386892,5.2,2.21261261261,1.39215458577,5.2,0,0,0,0,0.161113233172,37,37,37,1,0,0.405405405405,0.540540540541,0.0540540540541,37,175,0.131381381381,2.25231196594,9.45945945946,7.95454545455,4.72972972973,4.33714316236,0.45849799145,0.246177606178,5.93318655553,1.25444515745,0.635057915058,3.50117955242,0.740249391082,0.392277992278,1.34843620462,0.598689801863,3.9442514,2.25231196594,1.34843620462,3.9442514,0.118129053423,0.0351366424986,21,0.0027027027027,0.179365795905,37,37,37,1,0,0.405405405405,0.594594594595,0,-167,-0.125375375375,0.52702314782,-9.02702702703,-7.59090909091,-5.0416988417,-1.03056699303,0.168139401172,0.103534963535,-3.57530498685,0.22574870404,0.0905660547766,-4.55213379402,-0.131015503123,-0.0695522590259,0.707836634294,0.227389899145,1.9442514,0.52702314782,0.707836634294,1.9442514,-0.225942340824,-0.341432395158,-789,-0.101544401544,-0.390211032445,0,0.0540540540541,-0.0540540540541,168,7,174,983,0.491228070175,0.992929292929,0.00707070707071,0.508771929825,0.96,0.491228070175,0.649903288201,0.626082388706,0.484157363105,0.481375358166,19,186,0,0,0,0
709,WLNM_dir_neg,0.422917389294,0.302346930849,00:00:07,10,20,29,1234860764,threshold_sweep,0.7,0.666666666667,0.0645161290323,0.117647058824,12,6,174,366,0.0645161290323,0.983870967742,0.0161290322581,0.935483870968,0.666666666667,0.0645161290323,0.117647058824,0.677419354839,0.655913978495,0.0625,0.129099444874,0.0483870967742,342,156,186,0,342,0,156,0,186,37,342,0.256756756757,1.72528881811,18.4864864865,15.5454545455,9.77142857143,5.36771015539,0.290358590277,0.142642642643,9.50849154237,1.02869645341,0.544491860281,8.05331334643,0.871264894205,0.461830251304,0.640599570326,0.371299902718,2,1.72528881811,0.640599570326,2,0.344071394247,0.376569037657,810,0.104247104247,0.56957682835,37,37,37,1,0,0.405405405405,0.540540540541,0.0540540540541,37,0.117117117117,2.21261261261,8.43243243243,7.09090909091,4.45714285714,5.04722443274,0.598549051319,0.327616077616,6.00525295579,1.42432281644,0.680873180873,3.83793300225,0.910278981302,0.463617463617,1.39215458577,0.629190386892,5.2,2.21261261261,1.39215458577,5.2,0,0,0,0,0.161113233172,37,37,37,1,0,0.405405405405,0.540540540541,0.0540540540541,37,174,0.130630630631,2.18555224974,9.40540540541,7.90909090909,4.7027027027,4.3105778129,0.458308560567,0.246505125815,5.94822506143,1.26485245559,0.639018328674,3.51871871302,0.748233289551,0.395464429947,1.29664808944,0.593281670386,3.86000214834,2.18555224974,1.29664808944,3.86000214834,0.107163676281,0.0338791643139,20,0.002574002574,0.175776329816,37,37,37,1,0,0.405405405405,0.594594594595,0,-168,-0.126126126126,0.460263431625,-9.08108108108,-7.63636363636,-5.06872586873,-1.05713234249,0.16794997029,0.103862483173,-3.56026648095,0.236156002176,0.0945264683922,-4.53459463341,-0.123031604654,-0.0663658213567,0.656048519116,0.221981767668,1.86000214834,0.460263431625,0.656048519116,1.86000214834,-0.236907717966,-0.342689873343,-790,-0.101673101673,-0.393800498534,0,0.0540540540541,-0.0540540540541,168,6,174,984,0.491228070175,0.993939393939,0.00606060606061,0.508771929825,0.965517241379,0.491228070175,0.651162790698,0.628917117663,0.485167464115,0.48275862069,18,186,0,0,0,0
710,WLNM_dir_neg,0.422917389294,0.302346930849,00:00:07,10,20,29,1234860764,threshold_sweep,0.8,0.625,0.0537634408602,0.0990099009901,10,6,176,366,0.0537634408602,0.983870967742,0.0161290322581,0.94623655914,0.625,0.0537634408602,0.0990099009901,0.673835125448,0.657108721625,0.0487804878049,0.106304929365,0.0376344086022,342,156,186,0,342,0,156,0,186,37,342,0.256756756757,1.72528881811,18.4864864865,15.5454545455,9.77142857143,5.36771015539,0.290358590277,0.142642642643,9.50849154237,1.02869645341,0.544491860281,8.05331334643,0.871264894205,0.461830251304,0.640599570326,0.371299902718,2,1.72528881811,0.640599570326,2,0.344071394247,0.376569037657,810,0.104247104247,0.56957682835,37,37,37,1,0,0.405405405405,0.540540540541,0.0540540540541,37,0.117117117117,2.21261261261,8.43243243243,7.09090909091,4.45714285714,5.04722443274,0.598549051319,0.327616077616,6.00525295579,1.42432281644,0.680873180873,3.83793300225,0.910278981302,0.463617463617,1.39215458577,0.629190386892,5.2,2.21261261261,1.39215458577,5.2,0,0,0,0,0.161113233172,37,37,37,1,0,0.405405405405,0.540540540541,0.0540540540541,37,172,0.129129129129,2.18107193402,9.2972972973,7.81818181818,4.64864864865,4.35803768828,0.468742425775,0.253771213074,5.9264764509,1.27488156211,0.641420490258,3.53723225305,0.760916240482,0.399434318039,1.2891715966,0.59107247977,3.85474504515,2.18107193402,1.2891715966,3.85474504515,0.102401771519,0.0292431192661,17,0.0021879021879,0.173565133124,37,37,37,1,0,0.405405405405,0.594594594595,0,-170,-0.127627627628,0.455783115907,-9.18918918919,-7.72727272727,-5.12277992278,-1.00967246711,0.178383835497,0.111128570431,-3.58201509147,0.246185108698,0.0969286299764,-4.51608109338,-0.110348653723,-0.062395933265,0.648572026274,0.219772577053,1.85474504515,0.455783115907,0.648572026274,1.85474504515,-0.241669622728,-0.347325918391,-793,-0.102059202059,-0.396011695226,0,0.0540540540541,-0.0540540540541,166,6,176,984,0.485380116959,0.993939393939,0.00606060606061,0.514619883041,0.96511627907,0.485380116959,0.645914396887,0.624399490118,0.479319510898,0.477011494253,16,186,0,0,0,0
711,WLNM_dir_neg,0.422917389294,0.302346930849,00:00:07,10,20,29,1234860764,threshold_sweep,0.9,0.571428571429,0.0430107526882,0.08,8,6,178,366,0.0430107526882,0.983870967742,0.0161290322581,0.956989247312,0.571428571429,0.0430107526882,0.08,0.670250896057,0.658303464755,0.034965034965,0.081025465444,0.0268817204301,342,156,186,0,342,0,156,0,186,37,342,0.256756756757,1.72528881811,18.4864864865,15.5454545455,9.77142857143,5.36771015539,0.290358590277,0.142642642643,9.50849154237,1.02869645341,0.544491860281,8.05331334643,0.871264894205,0.461830251304,0.640599570326,0.371299902718,2,1.72528881811,0.640599570326,2,0.344071394247,0.376569037657,810,0.104247104247,0.56957682835,37,37,37,1,0,0.405405405405,0.540540540541,0.0540540540541,37,0.117117117117,2.21261261261,8.43243243243,7.09090909091,4.45714285714,5.04722443274,0.598549051319,0.327616077616,6.00525295579,1.42432281644,0.680873180873,3.83793300225,0.910278981302,0.463617463617,1.39215458577,0.629190386892,5.2,2.21261261261,1.39215458577,5.2,0,0,0,0,0.161113233172,37,37,37,1,0,0.405405405405,0.540540540541,0.0540540540541,37,170,0.127627627628,2.20119116077,9.18918918919,7.72727272727,4.59459459459,4.49591072122,0.489260872604,0.265977742448,5.95100112707,1.29521789236,0.648648648649,3.58592510503,0.78046605227,0.409538950715,1.33296670089,0.605566079243,4.4462006079,2.20119116077,1.33296670089,4.4462006079,0.121921291039,0.0259965337955,15,0.0019305019305,0.173144257703,37,37,37,1,0,0.405405405405,0.594594594595,0,-172,-0.129129129129,0.475902342651,-9.2972972973,-7.81818181818,-5.17683397683,-0.87179943417,0.198902282327,0.123335099806,-3.5574904153,0.266521438948,0.104156788367,-4.46738824141,-0.0907988419344,-0.0522913005885,0.692367130564,0.234266176526,2.4462006079,0.475902342651,0.692367130564,2.4462006079,-0.222150103208,-0.350572503861,-795,-0.102316602317,-0.396432570647,0,0.0540540540541,-0.0540540540541,164,6,178,984,0.479532163743,0.993939393939,0.00606060606061,0.520467836257,0.964705882353,0.479532163743,0.640625,0.619864865513,0.473471557682,0.471264367816,14,186,0,0,0,0
712,WLNM_dir_neg,0.470112151694,0.390839430903,00:00:04,10,20,30,1234860765,threshold_sweep,0.1,0.588235294118,0.161290322581,0.253164556962,30,21,156,351,0.161290322581,0.943548387097,0.0564516129032,0.838709677419,0.588235294118,0.161290322581,0.253164556962,0.682795698925,0.636200716846,0.128078817734,0.171498585143,0.104838709677,342,156,186,0,342,0,156,0,186,37,342,0.256756756757,1.72528881811,18.4864864865,15.5454545455,9.77142857143,5.36771015539,0.290358590277,0.142642642643,9.50849154237,1.02869645341,0.544491860281,8.05331334643,0.871264894205,0.461830251304,0.640599570326,0.371299902718,2,1.72528881811,0.640599570326,2,0.344071394247,0.376569037657,810,0.104247104247,0.56957682835,37,37,37,1,0,0.405405405405,0.540540540541,0.0540540540541,37,0.117117117117,2.18635635636,8.43243243243,7.09090909091,4.45714285714,5.03620525429,0.597242289772,0.326923076923,6.00062559301,1.42322530091,0.680526680527,3.83793300225,0.910278981302,0.463617463617,1.32204914232,0.604681454823,4.3462962963,2.18635635636,1.32204914232,4.3462962963,0,0,0,0,0.160896782956,37,37,37,1,0,0.405405405405,0.540540540541,0.0540540540541,37,207,0.155405405405,5.8694476296,11.1891891892,6.67741935484,5.59459459459,5.58190448303,0.498865859594,0.266092179136,6.33096209759,1.1316212445,0.578665622144,3.24430663248,0.579900219331,0.314923619271,2.72977899404,0.465082775469,7.55595254485,5.8694476296,2.72977899404,7.55595254485,0.222676424766,0.149177760376,127,0.0163449163449,0.181583323582,37,37,37,1,0,0.162162162162,0.837837837838,0,-135,-0.101351351351,4.14415881148,-7.2972972973,-8.86803519062,-4.17683397683,0.214194327636,0.208507269317,0.123449536493,-3.17752944479,0.102924791081,0.0341737618625,-4.80900671396,-0.291364674873,-0.146906632032,2.08917942372,0.0937828727511,5.55595254485,4.14415881148,2.08917942372,5.55595254485,-0.121394969481,-0.227391277281,-683,-0.0879021879022,-0.387993504768,-0.243243243243,0.297297297297,-0.0540540540541,186,21,156,969,0.543859649123,0.978787878788,0.0212121212121,0.456140350877,0.898550724638,0.543859649123,0.677595628415,0.630199590921,0.522647527911,0.512396694215,51,186,0,0,0,0
713,WLNM_dir_neg,0.470112151694,0.390839430903,00:00:04,10,20,30,1234860765,threshold_sweep,0.2,0.6,0.161290322581,0.254237288136,30,20,156,352,0.161290322581,0.94623655914,0.0537634408602,0.838709677419,0.6,0.161290322581,0.254237288136,0.68458781362,0.636798088411,0.131578947368,0.177471301883,0.10752688172,342,156,186,0,342,0,156,0,186,37,342,0.256756756757,1.72528881811,18.4864864865,15.5454545455,9.77142857143,5.36771015539,0.290358590277,0.142642642643,9.50849154237,1.02869645341,0.544491860281,8.05331334643,0.871264894205,0.461830251304,0.640599570326,0.371299902718,2,1.72528881811,0.640599570326,2,0.344071394247,0.376569037657,810,0.104247104247,0.56957682835,37,37,37,1,0,0.405405405405,0.540540540541,0.0540540540541,37,0.117117117117,2.18635635636,8.43243243243,7.09090909091,4.45714285714,5.03620525429,0.597242289772,0.326923076923,6.00062559301,1.42322530091,0.680526680527,3.83793300225,0.910278981302,0.463617463617,1.32204914232,0.604681454823,4.3462962963,2.18635635636,1.32204914232,4.3462962963,0,0,0,0,0.160896782956,37,37,37,1,0,0.405405405405,0.540540540541,0.0540540540541,37,206,0.154654654655,5.83660268363,11.1351351351,6.64516129032,5.56756756757,5.63797718928,0.506323194182,0.270663867751,6.34008648969,1.13875339863,0.580425085279,3.27058048314,0.587434358622,0.31855156127,2.71680791658,0.465477618375,7.51141411026,5.83660268363,2.71680791658,7.51141411026,0.212668522127,0.145047169811,123,0.0158301158301,0.18243475376,37,37,37,1,0,0.162162162162,0.837837837838,0,-136,-0.102102102102,4.11131386551,-7.35135135135,-8.90029325513,-4.20386100386,0.270267033882,0.215964603905,0.128021225109,-3.16840505269,0.110056945218,0.0359332249981,-4.78273286329,-0.283830535583,-0.143278690034,2.07620834625,0.0941777156577,5.51141411026,4.11131386551,2.07620834625,5.51141411026,-0.131402872121,-0.231521867846,-687,-0.088416988417,-0.38714207459,-0.243243243243,0.297297297297,-0.0540540540541,186,20,156,970,0.543859649123,0.979797979798,0.020202020202,0.456140350877,0.902912621359,0.543859649123,0.678832116788,0.632667142244,0.523657628921,0.513812154696,50,186,0,0,0,0
714,WLNM_dir_neg,0.470112151694,0.390839430903,00:00:04,10,20,30,1234860765,threshold_sweep,0.3,0.577777777778,0.139784946237,0.225108225108,26,19,160,353,0.139784946237,0.948924731183,0.0510752688172,0.860215053763,0.577777777778,0.139784946237,0.225108225108,0.679211469534,0.639784946237,0.109452736318,0.153579766374,0.0887096774194,342,156,186,0,342,0,156,0,186,37,342,0.256756756757,1.72528881811,18.4864864865,15.5454545455,9.77142857143,5.36771015539,0.290358590277,0.142642642643,9.50849154237,1.02869645341,0.544491860281,8.05331334643,0.871264894205,0.461830251304,0.640599570326,0.371299902718,2,1.72528881811,0.640599570326,2,0.344071394247,0.376569037657,810,0.104247104247,0.56957682835,37,37,37,1,0,0.405405405405,0.540540540541,0.0540540540541,37,0.117117117117,2.18635635636,8.43243243243,7.09090909091,4.45714285714,5.03620525429,0.597242289772,0.326923076923,6.00062559301,1.42322530091,0.680526680527,3.83793300225,0.910278981302,0.463617463617,1.32204914232,0.604681454823,4.3462962963,2.18635635636,1.32204914232,4.3462962963,0,0,0,0,0.160896782956,37,37,37,1,0,0.405405405405,0.540540540541,0.0540540540541,37,201,0.150900900901,5.97498730584,10.8648648649,6.48387096774,5.43243243243,5.63797718928,0.518918298515,0.277127874143,6.19829967966,1.14098053805,0.578459056071,3.35443769539,0.617483555868,0.334543498723,2.80393752689,0.469279244183,7.69906655608,5.97498730584,2.80393752689,7.69906655608,0.189531034794,0.129906920275,107,0.0137709137709,0.181654894573,37,37,37,1,0,0.162162162162,0.837837837838,0,-141,-0.105855855856,4.24969848772,-7.62162162162,-9.06158357771,-4.338996139,0.270267033882,0.228559708238,0.1344852315,-3.31019186271,0.112284084633,0.0339671957897,-4.69887565104,-0.253781338337,-0.127286752581,2.16333795656,0.0979793414655,5.69906655608,4.24969848772,2.16333795656,5.69906655608,-0.154540359453,-0.246662117382,-703,-0.0904761904762,-0.387921933777,-0.243243243243,0.297297297297,-0.0540540540541,182,19,160,971,0.53216374269,0.980808080808,0.0191919191919,0.46783625731,0.905472636816,0.53216374269,0.670349907919,0.626029545152,0.512971823498,0.504155124654,45,186,0,0,0,0
715,WLNM_dir_neg,0.470112151694,0.390839430903,00:00:04,10,20,30,1234860765,threshold_sweep,0.4,0.722222222222,0.139784946237,0.234234234234,26,10,160,362,0.139784946237,0.97311827957,0.0268817204301,0.860215053763,0.722222222222,0.139784946237,0.234234234234,0.695340501792,0.645161290323,0.141414141414,0.216644561207,0.112903225806,342,156,186,0,342,0,156,0,186,37,342,0.256756756757,1.72528881811,18.4864864865,15.5454545455,9.77142857143,5.36771015539,0.290358590277,0.142642642643,9.50849154237,1.02869645341,0.544491860281,8.05331334643,0.871264894205,0.461830251304,0.640599570326,0.371299902718,2,1.72528881811,0.640599570326,2,0.344071394247,0.376569037657,810,0.104247104247,0.56957682835,37,37,37,1,0,0.405405405405,0.540540540541,0.0540540540541,37,0.117117117117,2.18635635636,8.43243243243,7.09090909091,4.45714285714,5.03620525429,0.597242289772,0.326923076923,6.00062559301,1.42322530091,0.680526680527,3.83793300225,0.910278981302,0.463617463617,1.32204914232,0.604681454823,4.3462962963,2.18635635636,1.32204914232,4.3462962963,0,0,0,0,0.160896782956,37,37,37,1,0,0.405405405405,0.540540540541,0.0540540540541,37,192,0.144144144144,2.05723586747,10.3783783784,8.72727272727,5.18918918919,5.13891120846,0.495155507065,0.265765765766,6.3893915457,1.23128899579,0.625844594595,3.26460681517,0.62911693834,0.338682432432,1.09307076024,0.531329818579,3.46238842088,2.05723586747,1.09307076024,3.46238842088,0.138457066089,0.0597285067873,44,0.00566280566281,0.194054843435,37,37,37,1,0,0.405405405405,0.594594594595,0,-150,-0.112612612613,0.331947049353,-8.10810810811,-6.81818181818,-4.58223938224,-0.228798946936,0.204796916788,0.123123123123,-3.11909999667,0.202592542372,0.0813527343133,-4.78870653126,-0.242147955865,-0.123147818872,0.45247118991,0.160029915861,1.46238842088,0.331947049353,0.45247118991,1.46238842088,-0.205614328159,-0.31684053087,-766,-0.0985842985843,-0.375521984915,0,0.0540540540541,-0.0540540540541,182,10,160,980,0.53216374269,0.989898989899,0.010101010101,0.46783625731,0.947916666667,0.53216374269,0.681647940075,0.649307325385,0.522062732589,0.517045454545,36,186,0,0,0,0
716,WLNM_dir_neg,0.470112151694,0.390839430903,00:00:04,10,20,30,1234860765,threshold_sweep,0.5,0.722222222222,0.139784946237,0.234234234234,26,10,160,362,0.139784946237,0.97311827957,0.0268817204301,0.860215053763,0.722222222222,0.139784946237,0.234234234234,0.695340501792,0.645161290323,0.141414141414,0.216644561207,0.112903225806,342,156,186,0,342,0,156,0,186,37,342,0.256756756757,1.72528881811,18.4864864865,15.5454545455,9.77142857143,5.36771015539,0.290358590277,0.142642642643,9.50849154237,1.02869645341,0.544491860281,8.05331334643,0.871264894205,0.461830251304,0.640599570326,0.371299902718,2,1.72528881811,0.640599570326,2,0.344071394247,0.376569037657,810,0.104247104247,0.56957682835,37,37,37,1,0,0.405405405405,0.540540540541,0.0540540540541,37,0.117117117117,2.18635635636,8.43243243243,7.09090909091,4.45714285714,5.03620525429,0.597242289772,0.326923076923,6.00062559301,1.42322530091,0.680526680527,3.83793300225,0.910278981302,0.463617463617,1.32204914232,0.604681454823,4.3462962963,2.18635635636,1.32204914232,4.3462962963,0,0,0,0,0.160896782956,37,37,37,1,0,0.405405405405,0.540540540541,0.0540540540541,37,192,0.144144144144,2.05723586747,10.3783783784,8.72727272727,5.18918918919,5.13891120846,0.495155507065,0.265765765766,6.3893915457,1.23128899579,0.625844594595,3.26460681517,0.62911693834,0.338682432432,1.09307076024,0.531329818579,3.46238842088,2.05723586747,1.09307076024,3.46238842088,0.138457066089,0.0597285067873,44,0.00566280566281,0.194054843435,37,37,37,1,0,0.405405405405,0.594594594595,0,-150,-0.112612612613,0.331947049353,-8.10810810811,-6.81818181818,-4.58223938224,-0.228798946936,0.204796916788,0.123123123123,-3.11909999667,0.202592542372,0.0813527343133,-4.78870653126,-0.242147955865,-0.123147818872,0.45247118991,0.160029915861,1.46238842088,0.331947049353,0.45247118991,1.46238842088,-0.205614328159,-0.31684053087,-766,-0.0985842985843,-0.375521984915,0,0.0540540540541,-0.0540540540541,182,10,160,980,0.53216374269,0.989898989899,0.010101010101,0.46783625731,0.947916666667,0.53216374269,0.681647940075,0.649307325385,0.522062732589,0.517045454545,36,186,0,0,0,0
717,WLNM_dir_neg,0.470112151694,0.390839430903,00:00:04,10,20,30,1234860765,threshold_sweep,0.6,0.764705882353,0.139784946237,0.236363636364,26,8,160,364,0.139784946237,0.978494623656,0.0215053763441,0.860215053763,0.764705882353,0.139784946237,0.236363636364,0.698924731183,0.646356033453,0.148648648649,0.233094795427,0.118279569892,342,156,186,0,342,0,156,0,186,37,342,0.256756756757,1.72528881811,18.4864864865,15.5454545455,9.77142857143,5.36771015539,0.290358590277,0.142642642643,9.50849154237,1.02869645341,0.544491860281,8.05331334643,0.871264894205,0.461830251304,0.640599570326,0.371299902718,2,1.72528881811,0.640599570326,2,0.344071394247,0.376569037657,810,0.104247104247,0.56957682835,37,37,37,1,0,0.405405405405,0.540540540541,0.0540540540541,37,0.117117117117,2.18635635636,8.43243243243,7.09090909091,4.45714285714,5.03620525429,0.597242289772,0.326923076923,6.00062559301,1.42322530091,0.680526680527,3.83793300225,0.910278981302,0.463617463617,1.32204914232,0.604681454823,4.3462962963,2.18635635636,1.32204914232,4.3462962963,0,0,0,0,0.160896782956,37,37,37,1,0,0.405405405405,0.540540540541,0.0540540540541,37,190,0.142642642643,2.05138416148,10.2702702703,8.63636363636,5.13513513514,5.15670355863,0.50210008334,0.269274537696,6.37339157122,1.24113414808,0.628449502134,3.32634402378,0.647761730947,0.350497866287,1.08200474451,0.527451057111,3.4296435301,2.05138416148,1.08200474451,3.4296435301,0.133402763666,0.0523656407901,38,0.0048906048906,0.194497570426,37,37,37,1,0,0.405405405405,0.594594594595,0,-152,-0.114114114114,0.326095343361,-8.21621621622,-6.90909090909,-4.63629343629,-0.211006596763,0.211741493063,0.126631895053,-3.13509997115,0.212437694665,0.0839576418524,-4.72696932265,-0.223503163257,-0.111332385017,0.441405174186,0.156151154394,1.4296435301,0.326095343361,0.441405174186,1.4296435301,-0.210668630581,-0.324203396867,-772,-0.0993564993565,-0.375079257924,0,0.0540540540541,-0.0540540540541,182,8,160,982,0.53216374269,0.991919191919,0.00808080808081,0.46783625731,0.957894736842,0.53216374269,0.684210526316,0.654667552178,0.524082934609,0.52,34,186,0,0,0,0
718,WLNM_dir_neg,0.470112151694,0.390839430903,00:00:04,10,20,30,1234860765,threshold_sweep,0.7,0.733333333333,0.118279569892,0.203703703704,22,8,164,364,0.118279569892,0.978494623656,0.0215053763441,0.881720430108,0.733333333333,0.118279569892,0.203703703704,0.691756272401,0.648745519713,0.122448979592,0.202259958739,0.0967741935484,342,156,186,0,342,0,156,0,186,37,342,0.256756756757,1.72528881811,18.4864864865,15.5454545455,9.77142857143,5.36771015539,0.290358590277,0.142642642643,9.50849154237,1.02869645341,0.544491860281,8.05331334643,0.871264894205,0.461830251304,0.640599570326,0.371299902718,2,1.72528881811,0.640599570326,2,0.344071394247,0.376569037657,810,0.104247104247,0.56957682835,37,37,37,1,0,0.405405405405,0.540540540541,0.0540540540541,37,0.117117117117,2.18635635636,8.43243243243,7.09090909091,4.45714285714,5.03620525429,0.597242289772,0.326923076923,6.00062559301,1.42322530091,0.680526680527,3.83793300225,0.910278981302,0.463617463617,1.32204914232,0.604681454823,4.3462962963,2.18635635636,1.32204914232,4.3462962963,0,0,0,0,0.160896782956,37,37,37,1,0,0.405405405405,0.540540540541,0.0540540540541,37,186,0.13963963964,2.07215215215,10.0540540541,8.45454545455,5.02702702703,5.07688632675,0.504959123898,0.272449869224,6.29588263376,1.25240676048,0.630049404243,3.39514757073,0.675378817833,0.363557105493,1.13277567465,0.54666626361,4.14083950617,2.07215215215,1.13277567465,4.14083950617,0.118399319096,0.038737446198,27,0.0034749034749,0.191342243968,37,37,37,1,0,0.405405405405,0.594594594595,0,-156,-0.117117117117,0.346863334037,-8.43243243243,-7.09090909091,-4.7444015444,-0.29082382864,0.21460053362,0.129807226581,-3.21260890861,0.223710307065,0.0855575439616,-4.65816577571,-0.195886076372,-0.0982731458113,0.492176104321,0.175366360892,2.14083950617,0.346863334037,0.492176104321,2.14083950617,-0.225672075152,-0.337831591459,-783,-0.100772200772,-0.378234584382,0,0.0540540540541,-0.0540540540541,178,8,164,982,0.520467836257,0.991919191919,0.00808080808081,0.479532163743,0.956989247312,0.520467836257,0.674242424242,0.645773167674,0.512387028177,0.508571428571,30,186,0,0,0,0
719,WLNM_dir_neg,0.470112151694,0.390839430903,00:00:04,10,20,30,1234860765,threshold_sweep,0.8,0.724137931034,0.112903225806,0.195348837209,21,8,165,364,0.112903225806,0.978494623656,0.0215053763441,0.887096774194,0.724137931034,0.112903225806,0.195348837209,0.689964157706,0.649342891278,0.115843270869,0.194105161619,0.0913978494624,342,156,186,0,342,0,156,0,186,37,342,0.256756756757,1.72528881811,18.4864864865,15.5454545455,9.77142857143,5.36771015539,0.290358590277,0.142642642643,9.50849154237,1.02869645341,0.544491860281,8.05331334643,0.871264894205,0.461830251304,0.640599570326,0.371299902718,2,1.72528881811,0.640599570326,2,0.344071394247,0.376569037657,810,0.104247104247,0.56957682835,37,37,37,1,0,0.405405405405,0.540540540541,0.0540540540541,37,0.117117117117,2.18635635636,8.43243243243,7.09090909091,4.45714285714,5.03620525429,0.597242289772,0.326923076923,6.00062559301,1.42322530091,0.680526680527,3.83793300225,0.910278981302,0.463617463617,1.32204914232,0.604681454823,4.3462962963,2.18635635636,1.32204914232,4.3462962963,0,0,0,0,0.160896782956,37,37,37,1,0,0.405405405405,0.540540540541,0.0540540540541,37,185,0.138888888889,2.07509310463,10,8.40909090909,5,4.99444135459,0.499444135459,0.269978086194,6.25832778517,1.25166555703,0.631117604091,3.3993463424,0.679869268479,0.36523009496,1.13871850025,0.548755377632,4.17469313694,2.07509310463,1.13871850025,4.17469313694,0.114004583122,0.0349684312773,24,0.0030888030888,0.190436858504,37,37,37,1,0,0.405405405405,0.594594594595,0,-157,-0.117867867868,0.349804286517,-8.48648648649,-7.13636363636,-4.77142857143,-0.373268800803,0.209085545182,0.127335443552,-3.2501637572,0.22296910362,0.0866257438092,-4.65396700404,-0.191395625726,-0.0966001563441,0.498118929929,0.177455474915,2.17469313694,0.349804286517,0.498118929929,2.17469313694,-0.230066811125,-0.34160060638,-786,-0.101158301158,-0.379139969846,0,0.0540540540541,-0.0540540540541,177,8,165,982,0.517543859649,0.991919191919,0.00808080808081,0.482456140351,0.956756756757,0.517543859649,0.671726755218,0.643540331331,0.509463051568,0.505714285714,29,186,0,0,0,0
720,WLNM_dir_neg,0.470112151694,0.390839430903,00:00:04,10,20,30,1234860765,threshold_sweep,0.9,0.692307692308,0.0967741935484,0.169811320755,18,8,168,364,0.0967741935484,0.978494623656,0.0215053763441,0.903225806452,0.692307692308,0.0967741935484,0.169811320755,0.68458781362,0.651135005974,0.0958904109589,0.168345124585,0.0752688172043,342,156,186,0,342,0,156,0,186,37,342,0.256756756757,1.72528881811,18.4864864865,15.5454545455,9.77142857143,5.36771015539,0.290358590277,0.142642642643,9.50849154237,1.02869645341,0.544491860281,8.05331334643,0.871264894205,0.461830251304,0.640599570326,0.371299902718,2,1.72528881811,0.640599570326,2,0.344071394247,0.376569037657,810,0.104247104247,0.56957682835,37,37,37,1,0,0.405405405405,0.540540540541,0.0540540540541,37,0.117117117117,2.18635635636,8.43243243243,7.09090909091,4.45714285714,5.03620525429,0.597242289772,0.326923076923,6.00062559301,1.42322530091,0.680526680527,3.83793300225,0.910278981302,0.463617463617,1.32204914232,0.604681454823,4.3462962963,2.18635635636,1.32204914232,4.3462962963,0,0,0,0,0.160896782956,37,37,37,1,0,0.405405405405,0.540540540541,0.0540540540541,37,182,0.136636636637,2.09214736622,9.83783783784,8.27272727273,4.91891891892,4.90755377801,0.498844752161,0.270418770419,6.19308924159,1.25903462604,0.634986634987,3.41872603285,0.695015731953,0.370062370062,1.16147558095,0.555159545498,4.20395311136,2.09214736622,1.16147558095,4.20395311136,0.11466509369,0.0331825037707,22,0.0028314028314,0.186228939701,37,37,37,1,0,0.405405405405,0.594594594595,0,-160,-0.12012012012,0.366858548107,-8.64864864865,-7.27272727273,-4.85250965251,-0.460156377381,0.208486161883,0.127776127776,-3.31540230078,0.230338172624,0.0904947747053,-4.63458731358,-0.176249162252,-0.0917678812416,0.520876010621,0.183859642781,2.20395311136,0.366858548107,0.520876010621,2.20395311136,-0.229406300558,-0.343386533886,-788,-0.101415701416,-0.383347888649,0,0.0540540540541,-0.0540540540541,174,8,168,982,0.508771929825,0.991919191919,0.00808080808081,0.491228070175,0.956043956044,0.508771929825,0.664122137405,0.636818874292,0.500691121744,0.497142857143,26,186,0,0,0,0
721,WLNM_dir_neg,0.548372644236,0.415526845632,00:00:05,10,20,31,1234860766,threshold_sweep,0.1,0.520833333333,0.134408602151,0.213675213675,25,23,161,349,0.134408602151,0.938172043011,0.0618279569892,0.865591397849,0.520833333333,0.134408602151,0.213675213675,0.670250896057,0.637992831541,0.0891089108911,0.122023382523,0.0725806451613,342,156,186,0,342,0,156,0,186,37,342,0.256756756757,1.72528881811,18.4864864865,15.5454545455,9.77142857143,5.36771015539,0.290358590277,0.142642642643,9.50849154237,1.02869645341,0.544491860281,8.05331334643,0.871264894205,0.461830251304,0.640599570326,0.371299902718,2,1.72528881811,0.640599570326,2,0.344071394247,0.376569037657,810,0.104247104247,0.56957682835,37,37,37,1,0,0.405405405405,0.540540540541,0.0540540540541,37,0.117117117117,2.22747747748,8.43243243243,7.09090909091,4.45714285714,5.03620525429,0.597242289772,0.326923076923,6.00525295579,1.42432281644,0.680873180873,3.83793300225,0.910278981302,0.463617463617,1.42084529335,0.637871901162,5.2,2.22747747748,1.42084529335,5.2,0,0,0,0,0.160752482811,37,37,37,1,0,0.405405405405,0.540540540541,0.0540540540541,37,204,0.153153153153,7.66302949743,11.027027027,7.03448275862,5.51351351351,4.72279629084,0.428292800885,0.233041865395,5.88133404,1.06671254647,0.562533121357,3.67893116741,0.667257123501,0.363275039746,3.98668782755,0.520249573474,10.7189414981,7.66302949743,3.98668782755,10.7189414981,0.223030012968,0.104038630378,79,0.0101673101673,0.184113214826,37,37,37,1,0,0.216216216216,0.783783783784,0,-138,-0.103603603604,5.93774067932,-7.45945945946,-8.51097178683,-4.25791505792,-0.64491386455,0.137934210608,0.0903992227522,-3.62715750237,0.0380160930562,0.0180412610753,-4.37438217903,-0.204007770704,-0.0985552115583,3.34608825723,0.148949670756,8.71894149812,5.93774067932,3.34608825723,8.71894149812,-0.121041381279,-0.272530407279,-731,-0.0940797940798,-0.385463613524,-0.189189189189,0.243243243243,-0.0540540540541,181,23,161,967,0.529239766082,0.976767676768,0.0232323232323,0.470760233918,0.887254901961,0.529239766082,0.663003663004,0.613787333341,0.50600744285,0.495890410959,48,186,0,0,0,0
722,WLNM_dir_neg,0.548372644236,0.415526845632,00:00:05,10,20,31,1234860766,threshold_sweep,0.2,0.5,0.118279569892,0.191304347826,22,22,164,350,0.118279569892,0.940860215054,0.0591397849462,0.881720430108,0.5,0.118279569892,0.191304347826,0.666666666667,0.640382317802,0.0730897009967,0.103442685121,0.0591397849462,342,156,186,0,342,0,156,0,186,37,342,0.256756756757,1.72528881811,18.4864864865,15.5454545455,9.77142857143,5.36771015539,0.290358590277,0.142642642643,9.50849154237,1.02869645341,0.544491860281,8.05331334643,0.871264894205,0.461830251304,0.640599570326,0.371299902718,2,1.72528881811,0.640599570326,2,0.344071394247,0.376569037657,810,0.104247104247,0.56957682835,37,37,37,1,0,0.405405405405,0.540540540541,0.0540540540541,37,0.117117117117,2.22747747748,8.43243243243,7.09090909091,4.45714285714,5.03620525429,0.597242289772,0.326923076923,6.00525295579,1.42432281644,0.680873180873,3.83793300225,0.910278981302,0.463617463617,1.42084529335,0.637871901162,5.2,2.22747747748,1.42084529335,5.2,0,0,0,0,0.160752482811,37,37,37,1,0,0.405405405405,0.540540540541,0.0540540540541,37,200,0.15015015015,7.5346822966,10.8108108108,6.89655172414,5.40540540541,4.59974539053,0.425476448624,0.231486486486,5.81406082728,1.07560125305,0.565135135135,3.68525183415,0.681771589317,0.368648648649,3.90694303445,0.518527906109,10.5419014759,7.5346822966,3.90694303445,10.5419014759,0.21170751519,0.0959147424512,72,0.00926640926641,0.180634384548,37,37,37,1,0,0.216216216216,0.783783783784,0,-142,-0.106606606607,5.80939347849,-7.67567567568,-8.64890282132,-4.36602316602,-0.767964764868,0.135117858346,0.0888438438438,-3.6944307151,0.0469047996319,0.0206432748538,-4.36806151229,-0.189493304888,-0.0931816026553,3.26634346413,0.147228003391,8.5419014759,5.80939347849,3.26634346413,8.5419014759,-0.132363879057,-0.280654295206,-738,-0.0949806949807,-0.388942443802,-0.189189189189,0.243243243243,-0.0540540540541,178,22,164,968,0.520467836257,0.977777777778,0.0222222222222,0.479532163743,0.89,0.520467836257,0.656826568266,0.609306657553,0.498245614035,0.489010989011,44,186,0,0,0,0
723,WLNM_dir_neg,0.548372644236,0.415526845632,00:00:05,10,20,31,1234860766,threshold_sweep,0.3,0.583333333333,0.112903225806,0.189189189189,21,15,165,357,0.112903225806,0.959677419355,0.0403225806452,0.887096774194,0.583333333333,0.112903225806,0.189189189189,0.677419354839,0.645161290323,0.0909090909091,0.139271503633,0.0725806451613,342,156,186,0,342,0,156,0,186,37,342,0.256756756757,1.72528881811,18.4864864865,15.5454545455,9.77142857143,5.36771015539,0.290358590277,0.142642642643,9.50849154237,1.02869645341,0.544491860281,8.05331334643,0.871264894205,0.461830251304,0.640599570326,0.371299902718,2,1.72528881811,0.640599570326,2,0.344071394247,0.376569037657,810,0.104247104247,0.56957682835,37,37,37,1,0,0.405405405405,0.540540540541,0.0540540540541,37,0.117117117117,2.22747747748,8.43243243243,7.09090909091,4.45714285714,5.03620525429,0.597242289772,0.326923076923,6.00525295579,1.42432281644,0.680873180873,3.83793300225,0.910278981302,0.463617463617,1.42084529335,0.637871901162,5.2,2.22747747748,1.42084529335,5.2,0,0,0,0,0.160752482811,37,37,37,1,0,0.405405405405,0.540540540541,0.0540540540541,37,192,0.144144144144,3.13917196416,10.3783783784,8.34782608696,5.18918918919,4.49290398141,0.432910019042,0.226632882883,5.95276704025,1.14714781505,0.598817567568,3.56555931282,0.687112992574,0.37134009009,2.27687087134,0.725309380095,6.08664895267,3.13917196416,2.27687087134,6.08664895267,0.176264951033,0.0722195474242,50,0.00643500643501,0.20178080712,37,37,37,1,0,0.378378378378,0.621621621622,0,-150,-0.112612612613,1.41388314605,-8.10810810811,-7.1976284585,-4.58223938224,-0.874806173981,0.142551428765,0.0839902402402,-3.55572450213,0.118451361633,0.0543257072862,-4.48775403362,-0.184151901631,-0.0904901612138,1.63627130101,0.354009477377,4.08664895267,1.41388314605,1.63627130101,4.08664895267,-0.167806443215,-0.304349490233,-760,-0.0978120978121,-0.36779602123,-0.027027027027,0.0810810810811,-0.0540540540541,177,15,165,975,0.517543859649,0.984848484848,0.0151515151515,0.482456140351,0.921875,0.517543859649,0.662921348315,0.624842589092,0.502392344498,0.495798319328,36,186,0,0,0,0
724,WLNM_dir_neg,0.548372644236,0.415526845632,00:00:05,10,20,31,1234860766,threshold_sweep,0.4,0.6,0.112903225806,0.190045248869,21,14,165,358,0.112903225806,0.962365591398,0.0376344086022,0.887096774194,0.6,0.112903225806,0.190045248869,0.679211469534,0.645758661888,0.0944350758853,0.146338354364,0.0752688172043,342,156,186,0,342,0,156,0,186,37,342,0.256756756757,1.72528881811,18.4864864865,15.5454545455,9.77142857143,5.36771015539,0.290358590277,0.142642642643,9.50849154237,1.02869645341,0.544491860281,8.05331334643,0.871264894205,0.461830251304,0.640599570326,0.371299902718,2,1.72528881811,0.640599570326,2,0.344071394247,0.376569037657,810,0.104247104247,0.56957682835,37,37,37,1,0,0.405405405405,0.540540540541,0.0540540540541,37,0.117117117117,2.22747747748,8.43243243243,7.09090909091,4.45714285714,5.03620525429,0.597242289772,0.326923076923,6.00525295579,1.42432281644,0.680873180873,3.83793300225,0.910278981302,0.463617463617,1.42084529335,0.637871901162,5.2,2.22747747748,1.42084529335,5.2,0,0,0,0,0.160752482811,37,37,37,1,0,0.405405405405,0.540540540541,0.0540540540541,37,191,0.143393393393,3.01966288962,10.3243243243,8.30434782609,5.16216216216,4.49106553834,0.434998494551,0.227960945238,5.96058122405,1.15466756696,0.601386727041,3.59408088632,0.696235564366,0.37611433423,2.12171751548,0.702633900882,5.55301456886,3.01966288962,2.12171751548,5.55301456886,0.176264951033,0.0722195474242,50,0.00643500643501,0.20208859822,37,37,37,1,0,0.378378378378,0.621621621622,0,-151,-0.113363363363,1.29437407151,-8.16216216216,-7.24110671937,-4.60926640927,-0.876644617053,0.144639904274,0.0853183025958,-3.54791031832,0.125971113548,0.0568948667598,-4.45923246011,-0.175029329839,-0.0857159170744,1.48111794516,0.331333998164,3.55301456886,1.29437407151,1.48111794516,3.55301456886,-0.167806443215,-0.304349490233,-760,-0.0978120978121,-0.36748823013,-0.027027027027,0.0810810810811,-0.0540540540541,177,14,165,976,0.517543859649,0.985858585859,0.0141414141414,0.482456140351,0.926701570681,0.517543859649,0.664165103189,0.627460607292,0.503402445508,0.497191011236,35,186,0,0,0,0
725,WLNM_dir_neg,0.548372644236,0.415526845632,00:00:05,10,20,31,1234860766,threshold_sweep,0.5,0.588235294118,0.10752688172,0.181818181818,20,14,166,358,0.10752688172,0.962365591398,0.0376344086022,0.89247311828,0.588235294118,0.10752688172,0.181818181818,0.677419354839,0.646356033453,0.0878378378378,0.137737833661,0.0698924731183,342,156,186,0,342,0,156,0,186,37,342,0.256756756757,1.72528881811,18.4864864865,15.5454545455,9.77142857143,5.36771015539,0.290358590277,0.142642642643,9.50849154237,1.02869645341,0.544491860281,8.05331334643,0.871264894205,0.461830251304,0.640599570326,0.371299902718,2,1.72528881811,0.640599570326,2,0.344071394247,0.376569037657,810,0.104247104247,0.56957682835,37,37,37,1,0,0.405405405405,0.540540540541,0.0540540540541,37,0.117117117117,2.22747747748,8.43243243243,7.09090909091,4.45714285714,5.03620525429,0.597242289772,0.326923076923,6.00525295579,1.42432281644,0.680873180873,3.83793300225,0.910278981302,0.463617463617,1.42084529335,0.637871901162,5.2,2.22747747748,1.42084529335,5.2,0,0,0,0,0.160752482811,37,37,37,1,0,0.405405405405,0.540540540541,0.0540540540541,37,190,0.142642642643,3.10174325708,10.2702702703,8.26086956522,5.13513513514,4.45127103352,0.433413232211,0.228307254623,5.95894361519,1.16042586191,0.602844950213,3.60680038386,0.702376916857,0.3786628734,2.22770321008,0.718210059778,5.82304258857,3.10174325708,2.22770321008,5.82304258857,0.173366209744,0.0672514619883,46,0.00592020592021,0.20127584049,37,37,37,1,0,0.378378378378,0.621621621622,0,-152,-0.114114114114,1.37645443896,-8.21621621622,-7.28458498024,-4.63629343629,-0.916439121878,0.143054641934,0.0856646119804,-3.54954792719,0.131729408491,0.058353089932,-4.44651296257,-0.168887977348,-0.0831673779042,1.58710363976,0.346910157061,3.82304258857,1.37645443896,1.58710363976,3.82304258857,-0.170705184503,-0.309317575669,-764,-0.0983268983269,-0.368300987859,-0.027027027027,0.0810810810811,-0.0540540540541,176,14,166,976,0.514619883041,0.985858585859,0.0141414141414,0.485380116959,0.926315789474,0.514619883041,0.661654135338,0.625181612518,0.5004784689,0.494382022472,34,186,0,0,0,0
726,WLNM_dir_neg,0.548372644236,0.415526845632,00:00:05,10,20,31,1234860766,threshold_sweep,0.6,0.606060606061,0.10752688172,0.182648401826,20,13,166,359,0.10752688172,0.965053763441,0.0349462365591,0.89247311828,0.606060606061,0.10752688172,0.182648401826,0.679211469534,0.646953405018,0.0913705583756,0.145048133525,0.0725806451613,342,156,186,0,342,0,156,0,186,37,342,0.256756756757,1.72528881811,18.4864864865,15.5454545455,9.77142857143,5.36771015539,0.290358590277,0.142642642643,9.50849154237,1.02869645341,0.544491860281,8.05331334643,0.871264894205,0.461830251304,0.640599570326,0.371299902718,2,1.72528881811,0.640599570326,2,0.344071394247,0.376569037657,810,0.104247104247,0.56957682835,37,37,37,1,0,0.405405405405,0.540540540541,0.0540540540541,37,0.117117117117,2.22747747748,8.43243243243,7.09090909091,4.45714285714,5.03620525429,0.597242289772,0.326923076923,6.00525295579,1.42432281644,0.680873180873,3.83793300225,0.910278981302,0.463617463617,1.42084529335,0.637871901162,5.2,2.22747747748,1.42084529335,5.2,0,0,0,0,0.160752482811,37,37,37,1,0,0.405405405405,0.540540540541,0.0540540540541,37,189,0.141891891892,3.09253610749,10.2162162162,8.21739130435,5.10810810811,4.51623697301,0.442065523813,0.233519233519,5.96649805993,1.16804459374,0.605176605177,3.62693460854,0.710034817546,0.382382382382,2.21610748768,0.71659874312,5.82163080099,3.09253610749,2.21610748768,5.82163080099,0.163769703089,0.0631424375918,43,0.00553410553411,0.20322813656,37,37,37,1,0,0.378378378378,0.621621621622,0,-153,-0.114864864865,1.36724728937,-8.27027027027,-7.32806324111,-4.66332046332,-0.851473182382,0.151706933536,0.0908765908766,-3.54199348245,0.139348140327,0.0606847448953,-4.42637873789,-0.161230076659,-0.0794478689216,1.57550791735,0.345298840402,3.82163080099,1.36724728937,1.57550791735,3.82163080099,-0.180301691159,-0.313426600065,-767,-0.098712998713,-0.36634869179,-0.027027027027,0.0810810810811,-0.0540540540541,176,13,166,977,0.514619883041,0.986868686869,0.0131313131313,0.485380116959,0.931216931217,0.514619883041,0.662900188324,0.627823650674,0.50148856991,0.495774647887,33,186,0,0,0,0
727,WLNM_dir_neg,0.548372644236,0.415526845632,00:00:05,10,20,31,1234860766,threshold_sweep,0.7,0.6,0.0967741935484,0.166666666667,18,12,168,360,0.0967741935484,0.967741935484,0.0322580645161,0.903225806452,0.6,0.0967741935484,0.166666666667,0.677419354839,0.648745519713,0.0816326530612,0.134839972493,0.0645161290323,342,156,186,0,342,0,156,0,186,37,342,0.256756756757,1.72528881811,18.4864864865,15.5454545455,9.77142857143,5.36771015539,0.290358590277,0.142642642643,9.50849154237,1.02869645341,0.544491860281,8.05331334643,0.871264894205,0.461830251304,0.640599570326,0.371299902718,2,1.72528881811,0.640599570326,2,0.344071394247,0.376569037657,810,0.104247104247,0.56957682835,37,37,37,1,0,0.405405405405,0.540540540541,0.0540540540541,37,0.117117117117,2.22747747748,8.43243243243,7.09090909091,4.45714285714,5.03620525429,0.597242289772,0.326923076923,6.00525295579,1.42432281644,0.680873180873,3.83793300225,0.910278981302,0.463617463617,1.42084529335,0.637871901162,5.2,2.22747747748,1.42084529335,5.2,0,0,0,0,0.160752482811,37,37,37,1,0,0.405405405405,0.540540540541,0.0540540540541,37,186,0.13963963964,3.12466999853,10.0540540541,8.08695652174,5.02702702703,4.53961541412,0.451520887963,0.240482417902,5.94178464813,1.18196791388,0.609997093868,3.67791068774,0.731627394874,0.391455972101,2.2562219435,0.722067272563,5.87449464659,3.12466999853,2.2562219435,5.87449464659,0.156598213564,0.0557228915663,37,0.0047619047619,0.203876251177,37,37,37,1,0,0.378378378378,0.621621621622,0,-156,-0.117117117117,1.39938118042,-8.43243243243,-7.45849802372,-4.7444015444,-0.828094741274,0.161162297686,0.0978397752591,-3.56670689424,0.153271460461,0.0655052335867,-4.37540265869,-0.139637499331,-0.0703742792028,1.61562237317,0.350767369845,3.87449464659,1.39938118042,1.61562237317,3.87449464659,-0.187473180683,-0.320846146091,-773,-0.0994851994852,-0.365700577173,-0.027027027027,0.0810810810811,-0.0540540540541,174,12,168,978,0.508771929825,0.987878787879,0.0121212121212,0.491228070175,0.935483870968,0.508771929825,0.659090909091,0.625940333307,0.496650717703,0.491525423729,30,186,0,0,0,0
728,WLNM_dir_neg,0.548372644236,0.415526845632,00:00:05,10,20,31,1234860766,threshold_sweep,0.8,0.555555555556,0.0806451612903,0.140845070423,15,12,171,360,0.0806451612903,0.967741935484,0.0322580645161,0.91935483871,0.555555555556,0.0806451612903,0.140845070423,0.672043010753,0.650537634409,0.0615384615385,0.106298800691,0.0483870967742,342,156,186,0,342,0,156,0,186,37,342,0.256756756757,1.72528881811,18.4864864865,15.5454545455,9.77142857143,5.36771015539,0.290358590277,0.142642642643,9.50849154237,1.02869645341,0.544491860281,8.05331334643,0.871264894205,0.461830251304,0.640599570326,0.371299902718,2,1.72528881811,0.640599570326,2,0.344071394247,0.376569037657,810,0.104247104247,0.56957682835,37,37,37,1,0,0.405405405405,0.540540540541,0.0540540540541,37,0.117117117117,2.22747747748,8.43243243243,7.09090909091,4.45714285714,5.03620525429,0.597242289772,0.326923076923,6.00525295579,1.42432281644,0.680873180873,3.83793300225,0.910278981302,0.463617463617,1.42084529335,0.637871901162,5.2,2.22747747748,1.42084529335,5.2,0,0,0,0,0.160752482811,37,37,37,1,0,0.405405405405,0.540540540541,0.0540540540541,37,183,0.137387387387,3.08774181798,9.89189189189,7.95652173913,4.94594594595,4.59337556695,0.464357639282,0.248707724118,5.89701405584,1.19229245938,0.614975631369,3.71891520881,0.751911818175,0.400827056565,2.21923430771,0.718724050951,5.85552428488,3.08774181798,2.21923430771,5.85552428488,0.140814048399,0.0401028277635,26,0.0033462033462,0.200915978094,37,37,37,1,0,0.378378378378,0.621621621622,0,-159,-0.119369369369,1.36245299986,-8.59459459459,-7.58893280632,-4.82548262548,-0.774334588438,0.173999049005,0.106065081475,-3.61147748653,0.163596005963,0.0704837710877,-4.33439813762,-0.11935307603,-0.0610031947392,1.57863473738,0.347424148233,3.85552428488,1.36245299986,1.57863473738,3.85552428488,-0.203257345848,-0.336466209893,-784,-0.100900900901,-0.368660850256,-0.027027027027,0.0810810810811,-0.0540540540541,171,12,171,978,0.5,0.987878787879,0.0121212121212,0.5,0.934426229508,0.5,0.651428571429,0.619094616164,0.487878787879,0.483050847458,27,186,0,0,0,0
729,WLNM_dir_neg,0.548372644236,0.415526845632,00:00:05,10,20,31,1234860766,threshold_sweep,0.9,0.545454545455,0.0645161290323,0.115384615385,12,10,174,362,0.0645161290323,0.97311827957,0.0268817204301,0.935483870968,0.545454545455,0.0645161290323,0.115384615385,0.670250896057,0.653524492234,0.048275862069,0.0911631456874,0.0376344086022,342,156,186,0,342,0,156,0,186,37,342,0.256756756757,1.72528881811,18.4864864865,15.5454545455,9.77142857143,5.36771015539,0.290358590277,0.142642642643,9.50849154237,1.02869645341,0.544491860281,8.05331334643,0.871264894205,0.461830251304,0.640599570326,0.371299902718,2,1.72528881811,0.640599570326,2,0.344071394247,0.376569037657,810,0.104247104247,0.56957682835,37,37,37,1,0,0.405405405405,0.540540540541,0.0540540540541,37,0.117117117117,2.22747747748,8.43243243243,7.09090909091,4.45714285714,5.03620525429,0.597242289772,0.326923076923,6.00525295579,1.42432281644,0.680873180873,3.83793300225,0.910278981302,0.463617463617,1.42084529335,0.637871901162,5.2,2.22747747748,1.42084529335,5.2,0,0,0,0,0.160752482811,37,37,37,1,0,0.405405405405,0.540540540541,0.0540540540541,37,178,0.133633633634,3.10027482695,9.62162162162,7.73913043478,4.81081081081,4.49908232218,0.467601252586,0.250835104768,5.84445529178,1.21485868425,0.620406923778,3.72557108104,0.774416460666,0.407834801093,2.23428067237,0.72067181043,5.87888883064,3.10027482695,2.23428067237,5.87888883064,0.130406724524,0.0309782608696,19,0.0024453024453,0.193774404253,37,37,37,1,0,0.378378378378,0.621621621622,0,-164,-0.123123123123,1.37498600883,-8.86486486486,-7.80632411067,-4.96061776062,-0.868627833214,0.177242662309,0.108192462125,-3.66403625059,0.186162230832,0.0759150634964,-4.32774226539,-0.0968484335393,-0.0539954502107,1.59368110204,0.349371907713,3.87888883064,1.37498600883,1.59368110204,3.87888883064,-0.213664669723,-0.345590776787,-791,-0.101801801802,-0.375802424097,-0.027027027027,0.0810810810811,-0.0540540540541,168,10,174,980,0.491228070175,0.989898989899,0.010101010101,0.508771929825,0.943820224719,0.491228070175,0.646153846154,0.617699896285,0.481127060074,0.477272727273,22,186,0,0,0,0
730,WLNM_dir_neg,0.235337900335,0.280373087198,00:00:05,10,20,32,1234860767,threshold_sweep,0.1,0.472727272727,0.139784946237,0.215767634855,26,29,160,343,0.139784946237,0.922043010753,0.0779569892473,0.860215053763,0.472727272727,0.139784946237,0.215767634855,0.661290322581,0.633811230585,0.0750407830343,0.0977794299261,0.0618279569892,342,156,186,0,342,0,156,0,186,37,342,0.256756756757,1.72528881811,18.4864864865,15.5454545455,9.77142857143,5.36771015539,0.290358590277,0.142642642643,9.50849154237,1.02869645341,0.544491860281,8.05331334643,0.871264894205,0.461830251304,0.640599570326,0.371299902718,2,1.72528881811,0.640599570326,2,0.344071394247,0.376569037657,810,0.104247104247,0.56957682835,37,37,37,1,0,0.405405405405,0.540540540541,0.0540540540541,37,0.117117117117,2.18635635636,8.43243243243,7.09090909091,4.45714285714,5.03620525429,0.597242289772,0.326923076923,6.00062559301,1.42322530091,0.680526680527,3.83793300225,0.910278981302,0.463617463617,1.32204914232,0.604681454823,4.3462962963,2.18635635636,1.32204914232,4.3462962963,0,0,0,0,0.160896782956,37,37,37,1,0,0.405405405405,0.540540540541,0.0540540540541,37,211,0.158408408408,7.4585509531,11.4054054054,7.03333333333,5.86111111111,4.95793112912,0.434700122695,0.229281414116,5.91544524888,1.03730556497,0.550019213526,3.34883781553,0.587236962913,0.319969258358,3.45607172811,0.4633703986,10.0064278571,7.4585509531,3.45607172811,10.0064278571,0.192000146984,0.145083932854,121,0.0155727155727,0.184860738904,37,37,37,1,0,0.189189189189,0.783783783784,0.027027027027,-131,-0.0983483483483,5.73326213498,-7.08108108108,-8.51212121212,-3.91031746032,-0.409779026275,0.144341532418,0.0866387714729,-3.5930462935,0.0086091115546,0.00552735324499,-4.70447553091,-0.284027931292,-0.141860992946,2.81547215779,0.0920704958822,8.00642785711,5.73326213498,2.81547215779,8.00642785711,-0.152071247263,-0.231485104803,-689,-0.0886743886744,-0.384716089446,-0.216216216216,0.243243243243,-0.027027027027,182,29,160,961,0.53216374269,0.970707070707,0.0292929292929,0.46783625731,0.862559241706,0.53216374269,0.658227848101,0.60164878818,0.502870813397,0.490566037736,55,186,0,0,0,0
731,WLNM_dir_neg,0.235337900335,0.280373087198,00:00:05,10,20,32,1234860767,threshold_sweep,0.2,0.489361702128,0.123655913978,0.197424892704,23,24,163,348,0.123655913978,0.935483870968,0.0645161290323,0.876344086022,0.489361702128,0.123655913978,0.197424892704,0.664874551971,0.638590203106,0.0727272727273,0.100380257162,0.0591397849462,342,156,186,0,342,0,156,0,186,37,342,0.256756756757,1.72528881811,18.4864864865,15.5454545455,9.77142857143,5.36771015539,0.290358590277,0.142642642643,9.50849154237,1.02869645341,0.544491860281,8.05331334643,0.871264894205,0.461830251304,0.640599570326,0.371299902718,2,1.72528881811,0.640599570326,2,0.344071394247,0.376569037657,810,0.104247104247,0.56957682835,37,37,37,1,0,0.405405405405,0.540540540541,0.0540540540541,37,0.117117117117,2.18635635636,8.43243243243,7.09090909091,4.45714285714,5.03620525429,0.597242289772,0.326923076923,6.00062559301,1.42322530091,0.680526680527,3.83793300225,0.910278981302,0.463617463617,1.32204914232,0.604681454823,4.3462962963,2.18635635636,1.32204914232,4.3462962963,0,0,0,0,0.160896782956,37,37,37,1,0,0.405405405405,0.540540540541,0.0540540540541,37,203,0.152402402402,8.18307051182,10.972972973,6.76666666667,5.63888888889,4.7579552476,0.433606759017,0.231527093596,5.84817930652,1.0659243071,0.560511250166,3.48506035036,0.635208044154,0.34589269072,3.85220716291,0.470753265214,10.9531691669,8.18307051182,3.85220716291,10.9531691669,0.148452209056,0.101254868023,78,0.0100386100386,0.183780661529,37,37,37,1,0,0.189189189189,0.783783783784,0.027027027027,-139,-0.104354354354,6.4577816937,-7.51351351351,-8.77878787879,-4.13253968254,-0.609754907796,0.14324816874,0.0888844509534,-3.66031223586,0.0372278536848,0.0160193898851,-4.56825299608,-0.236056850051,-0.115937560584,3.21160759259,0.0994533624964,8.95316916686,6.4577816937,3.21160759259,8.95316916686,-0.195619185191,-0.275314169634,-732,-0.0942084942085,-0.385796166821,-0.216216216216,0.243243243243,-0.027027027027,179,24,163,966,0.523391812865,0.975757575758,0.0242424242424,0.476608187135,0.881773399015,0.523391812865,0.656880733945,0.606689116201,0.499149388623,0.489071038251,47,186,0,0,0,0
732,WLNM_dir_neg,0.235337900335,0.280373087198,00:00:05,10,20,32,1234860767,threshold_sweep,0.3,0.454545454545,0.10752688172,0.173913043478,20,24,166,348,0.10752688172,0.935483870968,0.0645161290323,0.89247311828,0.454545454545,0.10752688172,0.173913043478,0.659498207885,0.640382317802,0.0531561461794,0.0752310437244,0.0430107526882,342,156,186,0,342,0,156,0,186,37,342,0.256756756757,1.72528881811,18.4864864865,15.5454545455,9.77142857143,5.36771015539,0.290358590277,0.142642642643,9.50849154237,1.02869645341,0.544491860281,8.05331334643,0.871264894205,0.461830251304,0.640599570326,0.371299902718,2,1.72528881811,0.640599570326,2,0.344071394247,0.376569037657,810,0.104247104247,0.56957682835,37,37,37,1,0,0.405405405405,0.540540540541,0.0540540540541,37,0.117117117117,2.18635635636,8.43243243243,7.09090909091,4.45714285714,5.03620525429,0.597242289772,0.326923076923,6.00062559301,1.42322530091,0.680526680527,3.83793300225,0.910278981302,0.463617463617,1.32204914232,0.604681454823,4.3462962963,2.18635635636,1.32204914232,4.3462962963,0,0,0,0,0.160896782956,37,37,37,1,0,0.405405405405,0.540540540541,0.0540540540541,37,200,0.15015015015,8.43489651106,10.8108108108,6.66666666667,5.55555555556,4.73073777332,0.437593244032,0.237027027027,5.83314027995,1.07913095179,0.564054054054,3.53128446461,0.653287625952,0.356216216216,3.99073884005,0.473122442559,11.3023584278,8.43489651106,3.99073884005,11.3023584278,0.140682959181,0.0787016451756,59,0.00759330759331,0.184985411441,37,37,37,1,0,0.189189189189,0.783783783784,0.027027027027,-142,-0.106606606607,6.70960769294,-7.67567567568,-8.87878787879,-4.21587301587,-0.636972382077,0.147234653755,0.0943843843844,-3.67535126243,0.0504344983752,0.0195621937727,-4.52202888183,-0.217977268253,-0.105614035088,3.35013926972,0.101822539842,9.30235842782,6.70960769294,3.35013926972,9.30235842782,-0.203388435066,-0.297867392481,-751,-0.0966537966538,-0.384591416909,-0.216216216216,0.243243243243,-0.027027027027,176,24,166,966,0.514619883041,0.975757575758,0.0242424242424,0.485380116959,0.88,0.514619883041,0.649446494465,0.599684657412,0.490377458799,0.48087431694,44,186,0,0,0,0
733,WLNM_dir_neg,0.235337900335,0.280373087198,00:00:05,10,20,32,1234860767,threshold_sweep,0.4,0.542857142857,0.102150537634,0.171945701357,19,16,167,356,0.102150537634,0.956989247312,0.0430107526882,0.897849462366,0.542857142857,0.102150537634,0.171945701357,0.672043010753,0.645758661888,0.0741989881956,0.114980135572,0.0591397849462,342,156,186,0,342,0,156,0,186,37,342,0.256756756757,1.72528881811,18.4864864865,15.5454545455,9.77142857143,5.36771015539,0.290358590277,0.142642642643,9.50849154237,1.02869645341,0.544491860281,8.05331334643,0.871264894205,0.461830251304,0.640599570326,0.371299902718,2,1.72528881811,0.640599570326,2,0.344071394247,0.376569037657,810,0.104247104247,0.56957682835,37,37,37,1,0,0.405405405405,0.540540540541,0.0540540540541,37,0.117117117117,2.18635635636,8.43243243243,7.09090909091,4.45714285714,5.03620525429,0.597242289772,0.326923076923,6.00062559301,1.42322530091,0.680526680527,3.83793300225,0.910278981302,0.463617463617,1.32204914232,0.604681454823,4.3462962963,2.18635635636,1.32204914232,4.3462962963,0,0,0,0,0.160896782956,37,37,37,1,0,0.405405405405,0.540540540541,0.0540540540541,37,191,0.143393393393,2.36263040197,10.3243243243,8.68181818182,5.30555555556,4.45380021289,0.431389025856,0.231923022499,6.01624427656,1.16545046195,0.606197820858,3.3542138797,0.649769180884,0.353473892741,1.44212969929,0.610391577999,4.04240865038,2.36263040197,1.44212969929,4.04240865038,0.123832735752,0.0602941176471,41,0.00527670527671,0.197714252403,37,37,37,1,0,0.405405405405,0.567567567568,0.027027027027,-151,-0.113363363363,0.637341583853,-8.16216216216,-6.86363636364,-4.46587301587,-0.913909942504,0.141030435579,0.0892803798563,-3.49224726582,0.136754008536,0.0617059605762,-4.69909946674,-0.221495713321,-0.108356358563,0.80153012896,0.239091675281,2.04240865038,0.637341583853,0.80153012896,2.04240865038,-0.220238658495,-0.31627492001,-769,-0.0989703989704,-0.371862575947,0,0.027027027027,-0.027027027027,175,16,167,974,0.511695906433,0.983838383838,0.0161616161616,0.488304093567,0.916230366492,0.511695906433,0.656660412758,0.617653429145,0.495534290271,0.488826815642,35,186,0,0,0,0
734,WLNM_dir_neg,0.235337900335,0.280373087198,00:00:05,10,20,32,1234860767,threshold_sweep,0.5,0.545454545455,0.0967741935484,0.164383561644,18,15,168,357,0.0967741935484,0.959677419355,0.0403225806452,0.903225806452,0.545454545455,0.0967741935484,0.164383561644,0.672043010753,0.646953405018,0.0710659898477,0.112815214964,0.0564516129032,342,156,186,0,342,0,156,0,186,37,342,0.256756756757,1.72528881811,18.4864864865,15.5454545455,9.77142857143,5.36771015539,0.290358590277,0.142642642643,9.50849154237,1.02869645341,0.544491860281,8.05331334643,0.871264894205,0.461830251304,0.640599570326,0.371299902718,2,1.72528881811,0.640599570326,2,0.344071394247,0.376569037657,810,0.104247104247,0.56957682835,37,37,37,1,0,0.405405405405,0.540540540541,0.0540540540541,37,0.117117117117,2.18635635636,8.43243243243,7.09090909091,4.45714285714,5.03620525429,0.597242289772,0.326923076923,6.00062559301,1.42322530091,0.680526680527,3.83793300225,0.910278981302,0.463617463617,1.32204914232,0.604681454823,4.3462962963,2.18635635636,1.32204914232,4.3462962963,0,0,0,0,0.160896782956,37,37,37,1,0,0.405405405405,0.540540540541,0.0540540540541,37,189,0.141891891892,2.3037495926,10.2162162162,8.59090909091,5.25,4.4729752411,0.437830909843,0.235378235378,6.00825258283,1.1762187596,0.610038610039,3.38939345429,0.663532051898,0.359788359788,1.36396333863,0.592062324401,3.74696238123,2.3037495926,1.36396333863,3.74696238123,0.119059730979,0.0552513688402,37,0.0047619047619,0.19658542869,37,37,37,1,0,0.405405405405,0.567567567568,0.027027027027,-153,-0.114864864865,0.57846077448,-8.27027027027,-6.95454545455,-4.52142857143,-0.894734914292,0.147472319566,0.0927355927356,-3.50023895954,0.147522306187,0.0655467497573,-4.66391989214,-0.207732842307,-0.102041891516,0.723363768304,0.220762421684,1.74696238123,0.57846077448,0.723363768304,1.74696238123,-0.225011663268,-0.321317668817,-773,-0.0994851994852,-0.37299139966,0,0.027027027027,-0.027027027027,174,15,168,975,0.508771929825,0.984848484848,0.0151515151515,0.491228070175,0.920634920635,0.508771929825,0.655367231638,0.617973348512,0.493620414673,0.487394957983,33,186,0,0,0,0
735,WLNM_dir_neg,0.235337900335,0.280373087198,00:00:05,10,20,32,1234860767,threshold_sweep,0.6,0.5625,0.0967741935484,0.165137614679,18,14,168,358,0.0967741935484,0.962365591398,0.0376344086022,0.903225806452,0.5625,0.0967741935484,0.165137614679,0.673835125448,0.647550776583,0.0745762711864,0.119905698054,0.0591397849462,342,156,186,0,342,0,156,0,186,37,342,0.256756756757,1.72528881811,18.4864864865,15.5454545455,9.77142857143,5.36771015539,0.290358590277,0.142642642643,9.50849154237,1.02869645341,0.544491860281,8.05331334643,0.871264894205,0.461830251304,0.640599570326,0.371299902718,2,1.72528881811,0.640599570326,2,0.344071394247,0.376569037657,810,0.104247104247,0.56957682835,37,37,37,1,0,0.405405405405,0.540540540541,0.0540540540541,37,0.117117117117,2.18635635636,8.43243243243,7.09090909091,4.45714285714,5.03620525429,0.597242289772,0.326923076923,6.00062559301,1.42322530091,0.680526680527,3.83793300225,0.910278981302,0.463617463617,1.32204914232,0.604681454823,4.3462962963,2.18635635636,1.32204914232,4.3462962963,0,0,0,0,0.160896782956,37,37,37,1,0,0.405405405405,0.540540540541,0.0540540540541,37,188,0.141141141141,2.31411761076,10.1621621622,8.54545454545,5.22222222222,4.41910947234,0.434859176799,0.233179988499,5.99712143161,1.18028453707,0.610983323749,3.40243685857,0.669628530677,0.361989649224,1.38102006394,0.596780413197,3.81250644769,2.31411761076,1.38102006394,3.81250644769,0.114748210259,0.052950075643,35,0.0045045045045,0.195654583441,37,37,37,1,0,0.405405405405,0.567567567568,0.027027027027,-154,-0.115615615616,0.588828792649,-8.32432432432,-7,-4.54920634921,-0.948600683053,0.144500586522,0.0905373458565,-3.51137011077,0.151588083657,0.0664914634679,-4.65087648786,-0.201636363528,-0.0998406020802,0.740420493612,0.225480510479,1.81250644769,0.588828792649,0.740420493612,1.81250644769,-0.229323183988,-0.323618962014,-775,-0.0997425997426,-0.373922244909,0,0.027027027027,-0.027027027027,174,14,168,976,0.508771929825,0.985858585859,0.0141414141414,0.491228070175,0.925531914894,0.508771929825,0.656603773585,0.620611215325,0.494630515683,0.488764044944,32,186,0,0,0,0
736,WLNM_dir_neg,0.235337900335,0.280373087198,00:00:05,10,20,32,1234860767,threshold_sweep,0.7,0.566666666667,0.0913978494624,0.157407407407,17,13,169,359,0.0913978494624,0.965053763441,0.0349462365591,0.908602150538,0.566666666667,0.0913978494624,0.157407407407,0.673835125448,0.648745519713,0.0714285714286,0.117984975931,0.0564516129032,342,156,186,0,342,0,156,0,186,37,342,0.256756756757,1.72528881811,18.4864864865,15.5454545455,9.77142857143,5.36771015539,0.290358590277,0.142642642643,9.50849154237,1.02869645341,0.544491860281,8.05331334643,0.871264894205,0.461830251304,0.640599570326,0.371299902718,2,1.72528881811,0.640599570326,2,0.344071394247,0.376569037657,810,0.104247104247,0.56957682835,37,37,37,1,0,0.405405405405,0.540540540541,0.0540540540541,37,0.117117117117,2.18635635636,8.43243243243,7.09090909091,4.45714285714,5.03620525429,0.597242289772,0.326923076923,6.00062559301,1.42322530091,0.680526680527,3.83793300225,0.910278981302,0.463617463617,1.32204914232,0.604681454823,4.3462962963,2.18635635636,1.32204914232,4.3462962963,0,0,0,0,0.160896782956,37,37,37,1,0,0.405405405405,0.540540540541,0.0540540540541,37,186,0.13963963964,2.36199723471,10.0540540541,8.45454545455,5.16666666667,4.35855446186,0.433512137336,0.23394362104,6.01611948798,1.19675495191,0.61697181052,3.4277177902,0.681857839986,0.367335077012,1.44693878414,0.612591226982,3.8966606134,2.36199723471,1.44693878414,3.8966606134,0.11635317657,0.0520142784294,34,0.0043758043758,0.193413232355,37,37,37,1,0,0.405405405405,0.567567567568,0.027027027027,-156,-0.117117117117,0.636708416594,-8.43243243243,-7.09090909091,-4.60476190476,-1.00915569353,0.143153547058,0.0913009783978,-3.49237205439,0.168058498496,0.0724799502389,-4.62559555623,-0.189407054219,-0.0944951742914,0.806339213812,0.241291324264,1.8966606134,0.636708416594,0.806339213812,1.8966606134,-0.227718217678,-0.324554759228,-776,-0.0998712998713,-0.376163595995,0,0.027027027027,-0.027027027027,173,13,169,977,0.505847953216,0.986868686869,0.0131313131313,0.494152046784,0.930107526882,0.505847953216,0.655303030303,0.620982124715,0.492716640085,0.487323943662,30,186,0,0,0,0
737,WLNM_dir_neg,0.235337900335,0.280373087198,00:00:05,10,20,32,1234860767,threshold_sweep,0.8,0.566666666667,0.0913978494624,0.157407407407,17,13,169,359,0.0913978494624,0.965053763441,0.0349462365591,0.908602150538,0.566666666667,0.0913978494624,0.157407407407,0.673835125448,0.648745519713,0.0714285714286,0.117984975931,0.0564516129032,342,156,186,0,342,0,156,0,186,37,342,0.256756756757,1.72528881811,18.4864864865,15.5454545455,9.77142857143,5.36771015539,0.290358590277,0.142642642643,9.50849154237,1.02869645341,0.544491860281,8.05331334643,0.871264894205,0.461830251304,0.640599570326,0.371299902718,2,1.72528881811,0.640599570326,2,0.344071394247,0.376569037657,810,0.104247104247,0.56957682835,37,37,37,1,0,0.405405405405,0.540540540541,0.0540540540541,37,0.117117117117,2.18635635636,8.43243243243,7.09090909091,4.45714285714,5.03620525429,0.597242289772,0.326923076923,6.00062559301,1.42322530091,0.680526680527,3.83793300225,0.910278981302,0.463617463617,1.32204914232,0.604681454823,4.3462962963,2.18635635636,1.32204914232,4.3462962963,0,0,0,0,0.160896782956,37,37,37,1,0,0.405405405405,0.540540540541,0.0540540540541,37,186,0.13963963964,2.36199723471,10.0540540541,8.45454545455,5.16666666667,4.35855446186,0.433512137336,0.23394362104,6.01611948798,1.19675495191,0.61697181052,3.4277177902,0.681857839986,0.367335077012,1.44693878414,0.612591226982,3.8966606134,2.36199723471,1.44693878414,3.8966606134,0.11635317657,0.0520142784294,34,0.0043758043758,0.193413232355,37,37,37,1,0,0.405405405405,0.567567567568,0.027027027027,-156,-0.117117117117,0.636708416594,-8.43243243243,-7.09090909091,-4.60476190476,-1.00915569353,0.143153547058,0.0913009783978,-3.49237205439,0.168058498496,0.0724799502389,-4.62559555623,-0.189407054219,-0.0944951742914,0.806339213812,0.241291324264,1.8966606134,0.636708416594,0.806339213812,1.8966606134,-0.227718217678,-0.324554759228,-776,-0.0998712998713,-0.376163595995,0,0.027027027027,-0.027027027027,173,13,169,977,0.505847953216,0.986868686869,0.0131313131313,0.494152046784,0.930107526882,0.505847953216,0.655303030303,0.620982124715,0.492716640085,0.487323943662,30,186,0,0,0,0
738,WLNM_dir_neg,0.235337900335,0.280373087198,00:00:05,10,20,32,1234860767,threshold_sweep,0.9,0.458333333333,0.0591397849462,0.104761904762,11,13,175,359,0.0591397849462,0.965053763441,0.0349462365591,0.940860215054,0.458333333333,0.0591397849462,0.104761904762,0.663082437276,0.652329749104,0.0309278350515,0.0562148766747,0.0241935483871,342,156,186,0,342,0,156,0,186,37,342,0.256756756757,1.72528881811,18.4864864865,15.5454545455,9.77142857143,5.36771015539,0.290358590277,0.142642642643,9.50849154237,1.02869645341,0.544491860281,8.05331334643,0.871264894205,0.461830251304,0.640599570326,0.371299902718,2,1.72528881811,0.640599570326,2,0.344071394247,0.376569037657,810,0.104247104247,0.56957682835,37,37,37,1,0,0.405405405405,0.540540540541,0.0540540540541,37,0.117117117117,2.18635635636,8.43243243243,7.09090909091,4.45714285714,5.03620525429,0.597242289772,0.326923076923,6.00062559301,1.42322530091,0.680526680527,3.83793300225,0.910278981302,0.463617463617,1.32204914232,0.604681454823,4.3462962963,2.18635635636,1.32204914232,4.3462962963,0,0,0,0,0.160896782956,37,37,37,1,0,0.405405405405,0.540540540541,0.0540540540541,37,180,0.135135135135,2.37674908468,9.72972972973,8.18181818182,5,4.35665932573,0.447767764033,0.23993993994,5.90744427802,1.21430799048,0.623723723724,3.51316699608,0.722150993639,0.384684684685,1.46684489263,0.617164387307,3.92286654213,2.37674908468,1.46684489263,3.92286654213,0.0965402377167,0.0339989206692,21,0.0027027027027,0.189691581231,37,37,37,1,0,0.405405405405,0.567567567568,0.027027027027,-162,-0.121621621622,0.651460266564,-8.75675675676,-7.36363636364,-4.77142857143,-1.01105082966,0.157409173756,0.0972972972973,-3.60104726436,0.185611537067,0.0792318634424,-4.54014635035,-0.149113900566,-0.0771455666193,0.826245322301,0.245864484589,1.92286654213,0.651460266564,0.826245322301,1.92286654213,-0.247531156531,-0.342570116988,-789,-0.101544401544,-0.379885247119,0,0.027027027027,-0.027027027027,167,13,175,977,0.488304093567,0.986868686869,0.0131313131313,0.511695906433,0.927777777778,0.488304093567,0.639846743295,0.607183152936,0.475172780436,0.470422535211,24,186,0,0,0,0
739,WLNM_dir_neg,0.394648225228,0.29882128613,00:00:06,10,20,33,1234860768,threshold_sweep,0.1,0.472222222222,0.0913978494624,0.153153153153,17,19,169,353,0.0913978494624,0.948924731183,0.0510752688172,0.908602150538,0.472222222222,0.0913978494624,0.153153153153,0.663082437276,0.645161290323,0.0505050505051,0.0773730575738,0.0403225806452,342,156,186,0,342,0,156,0,186,37,342,0.256756756757,1.72528881811,18.4864864865,15.5454545455,9.77142857143,5.36771015539,0.290358590277,0.142642642643,9.50849154237,1.02869645341,0.544491860281,8.05331334643,0.871264894205,0.461830251304,0.640599570326,0.371299902718,2,1.72528881811,0.640599570326,2,0.344071394247,0.376569037657,810,0.104247104247,0.56957682835,37,37,37,1,0,0.405405405405,0.540540540541,0.0540540540541,37,0.117117117117,2.18635635636,8.43243243243,7.09090909091,4.45714285714,5.03620525429,0.597242289772,0.326923076923,6.00062559301,1.42322530091,0.680526680527,3.83793300225,0.910278981302,0.463617463617,1.32204914232,0.604681454823,4.3462962963,2.18635635636,1.32204914232,4.3462962963,0,0,0,0,0.160896782956,37,37,37,1,0,0.405405405405,0.540540540541,0.0540540540541,37,192,0.144144144144,7.97895260009,10.3783783784,6.4,5.33333333333,4.52371130422,0.435878432959,0.23338963964,5.72925163737,1.10407453429,0.572635135135,3.55776020238,0.685610039001,0.374155405405,3.74003894587,0.468738082969,10.4124535213,7.97895260009,3.74003894587,10.4124535213,0.112397514719,0.0520637898687,37,0.0047619047619,0.178986120183,37,37,37,1,0,0.189189189189,0.783783783784,0.027027027027,-150,-0.112612612613,6.25366378198,-8.10810810811,-9.14545454545,-4.4380952381,-0.843998851169,0.145519842682,0.090746996997,-3.779239905,0.0753780808703,0.0281432748538,-4.49555314405,-0.185654855204,-0.0876748458985,3.09943937555,0.0974381802517,8.41245352128,6.25366378198,3.09943937555,8.41245352128,-0.231673879528,-0.324505247788,-773,-0.0994851994852,-0.390590708167,-0.216216216216,0.243243243243,-0.027027027027,173,19,169,971,0.505847953216,0.980808080808,0.0191919191919,0.494152046784,0.901041666667,0.505847953216,0.647940074906,0.605270800058,0.486656034024,0.479224376731,36,186,0,0,0,0
740,WLNM_dir_neg,0.394648225228,0.29882128613,00:00:06,10,20,33,1234860768,threshold_sweep,0.2,0.424242424242,0.0752688172043,0.127853881279,14,19,172,353,0.0752688172043,0.948924731183,0.0510752688172,0.924731182796,0.424242424242,0.0752688172043,0.127853881279,0.65770609319,0.646953405018,0.0304568527919,0.0483493778415,0.0241935483871,342,156,186,0,342,0,156,0,186,37,342,0.256756756757,1.72528881811,18.4864864865,15.5454545455,9.77142857143,5.36771015539,0.290358590277,0.142642642643,9.50849154237,1.02869645341,0.544491860281,8.05331334643,0.871264894205,0.461830251304,0.640599570326,0.371299902718,2,1.72528881811,0.640599570326,2,0.344071394247,0.376569037657,810,0.104247104247,0.56957682835,37,37,37,1,0,0.405405405405,0.540540540541,0.0540540540541,37,0.117117117117,2.18635635636,8.43243243243,7.09090909091,4.45714285714,5.03620525429,0.597242289772,0.326923076923,6.00062559301,1.42322530091,0.680526680527,3.83793300225,0.910278981302,0.463617463617,1.32204914232,0.604681454823,4.3462962963,2.18635635636,1.32204914232,4.3462962963,0,0,0,0,0.160896782956,37,37,37,1,0,0.405405405405,0.540540540541,0.0540540540541,37,189,0.141891891892,8.01770169982,10.2162162162,6.3,5.25,4.51008213238,0.441463065868,0.238381238381,5.72413886674,1.12059861412,0.576290576291,3.5961691329,0.704011946653,0.382382382382,3.76318643295,0.469359745952,10.4312218948,8.01770169982,3.76318643295,10.4312218948,0.109878365761,0.0448841698842,31,0.0039897039897,0.179179490031,37,37,37,1,0,0.189189189189,0.783783783784,0.027027027027,-153,-0.114864864865,6.2924128817,-8.27027027027,-9.24545454545,-4.52142857143,-0.85762802301,0.151104475591,0.0957385957386,-3.78435267563,0.0919021607096,0.0317987160092,-4.45714421353,-0.167252947552,-0.0794478689216,3.12258686262,0.0980598432346,8.43122189482,6.2924128817,3.12258686262,8.43122189482,-0.234193028487,-0.331684867773,-779,-0.100257400257,-0.390397338318,-0.216216216216,0.243243243243,-0.027027027027,170,19,172,971,0.497076023392,0.980808080808,0.0191919191919,0.502923976608,0.899470899471,0.497076023392,0.640301318267,0.598272744187,0.4778841042,0.470914127424,33,186,0,0,0,0
741,WLNM_dir_neg,0.394648225228,0.29882128613,00:00:06,10,20,33,1234860768,threshold_sweep,0.3,0.40625,0.0698924731183,0.119266055046,13,19,173,353,0.0698924731183,0.948924731183,0.0510752688172,0.930107526882,0.40625,0.0698924731183,0.119266055046,0.655913978495,0.647550776583,0.0237288135593,0.0381518130172,0.0188172043011,342,156,186,0,342,0,156,0,186,37,342,0.256756756757,1.72528881811,18.4864864865,15.5454545455,9.77142857143,5.36771015539,0.290358590277,0.142642642643,9.50849154237,1.02869645341,0.544491860281,8.05331334643,0.871264894205,0.461830251304,0.640599570326,0.371299902718,2,1.72528881811,0.640599570326,2,0.344071394247,0.376569037657,810,0.104247104247,0.56957682835,37,37,37,1,0,0.405405405405,0.540540540541,0.0540540540541,37,0.117117117117,2.18635635636,8.43243243243,7.09090909091,4.45714285714,5.03620525429,0.597242289772,0.326923076923,6.00062559301,1.42322530091,0.680526680527,3.83793300225,0.910278981302,0.463617463617,1.32204914232,0.604681454823,4.3462962963,2.18635635636,1.32204914232,4.3462962963,0,0,0,0,0.160896782956,37,37,37,1,0,0.405405405405,0.540540540541,0.0540540540541,37,188,0.141141141141,8.11307679436,10.1621621622,6.26666666667,5.22222222222,4.4815269813,0.441001325287,0.238499137435,5.7221712001,1.12617199151,0.577343300748,3.61615494366,0.7116900687,0.385853939045,3.81598413112,0.470349810293,10.5394783726,8.11307679436,3.81598413112,10.5394783726,0.11296716885,0.0453879941435,31,0.0039897039897,0.178925255122,37,37,37,1,0,0.189189189189,0.783783783784,0.027027027027,-154,-0.115615615616,6.38778797624,-8.32432432432,-9.27878787879,-4.54920634921,-0.886183174097,0.15064273501,0.0958564947927,-3.78632034228,0.0974755380941,0.0328514404662,-4.43715840277,-0.159574825505,-0.0759763122585,3.17538456079,0.0990499075756,8.53947837259,6.38778797624,3.17538456079,8.53947837259,-0.231104225398,-0.331181043513,-779,-0.100257400257,-0.390651573228,-0.216216216216,0.243243243243,-0.027027027027,169,19,173,971,0.494152046784,0.980808080808,0.0191919191919,0.505847953216,0.898936170213,0.494152046784,0.637735849057,0.595930846702,0.474960127592,0.468144044321,32,186,0,0,0,0
742,WLNM_dir_neg,0.394648225228,0.29882128613,00:00:06,10,20,33,1234860768,threshold_sweep,0.4,0.413793103448,0.0645161290323,0.111627906977,12,17,174,355,0.0645161290323,0.954301075269,0.0456989247312,0.935483870968,0.413793103448,0.0645161290323,0.111627906977,0.65770609319,0.649342891278,0.0238500851789,0.0399628273921,0.0188172043011,342,156,186,0,342,0,156,0,186,37,342,0.256756756757,1.72528881811,18.4864864865,15.5454545455,9.77142857143,5.36771015539,0.290358590277,0.142642642643,9.50849154237,1.02869645341,0.544491860281,8.05331334643,0.871264894205,0.461830251304,0.640599570326,0.371299902718,2,1.72528881811,0.640599570326,2,0.344071394247,0.376569037657,810,0.104247104247,0.56957682835,37,37,37,1,0,0.405405405405,0.540540540541,0.0540540540541,37,0.117117117117,2.18635635636,8.43243243243,7.09090909091,4.45714285714,5.03620525429,0.597242289772,0.326923076923,6.00062559301,1.42322530091,0.680526680527,3.83793300225,0.910278981302,0.463617463617,1.32204914232,0.604681454823,4.3462962963,2.18635635636,1.32204914232,4.3462962963,0,0,0,0,0.160896782956,37,37,37,1,0,0.405405405405,0.540540540541,0.0540540540541,37,185,0.138888888889,8.15732716576,10,6.16666666667,5.13888888889,4.4907311951,0.44907311951,0.245580715851,5.75905084772,1.15181016954,0.586121256392,3.6209268304,0.72418536608,0.389773557341,3.88355387232,0.476081661727,11.4273559268,8.15732716576,3.88355387232,11.4273559268,0.0990449095712,0.0421475163071,28,0.0036036036036,0.172657694458,37,37,37,1,0,0.189189189189,0.783783783784,0.027027027027,-157,-0.117867867868,6.43203834764,-8.48648648649,-9.37878787879,-4.63253968254,-0.876978960291,0.158714529233,0.102938073208,-3.74944069465,0.12311371613,0.0416293961102,-4.43238651603,-0.147079528125,-0.0720566939628,3.242954302,0.104781759009,9.42735592683,6.43203834764,3.242954302,9.42735592683,-0.245026484676,-0.33442152135,-782,-0.100643500644,-0.396919133892,-0.216216216216,0.243243243243,-0.027027027027,168,17,174,973,0.491228070175,0.982828282828,0.0171717171717,0.508771929825,0.908108108108,0.491228070175,0.637571157495,0.598815520659,0.474056353004,0.467966573816,29,186,0,0,0,0
743,WLNM_dir_neg,0.394648225228,0.29882128613,00:00:06,10,20,33,1234860768,threshold_sweep,0.5,0.413793103448,0.0645161290323,0.111627906977,12,17,174,355,0.0645161290323,0.954301075269,0.0456989247312,0.935483870968,0.413793103448,0.0645161290323,0.111627906977,0.65770609319,0.649342891278,0.0238500851789,0.0399628273921,0.0188172043011,342,156,186,0,342,0,156,0,186,37,342,0.256756756757,1.72528881811,18.4864864865,15.5454545455,9.77142857143,5.36771015539,0.290358590277,0.142642642643,9.50849154237,1.02869645341,0.544491860281,8.05331334643,0.871264894205,0.461830251304,0.640599570326,0.371299902718,2,1.72528881811,0.640599570326,2,0.344071394247,0.376569037657,810,0.104247104247,0.56957682835,37,37,37,1,0,0.405405405405,0.540540540541,0.0540540540541,37,0.117117117117,2.18635635636,8.43243243243,7.09090909091,4.45714285714,5.03620525429,0.597242289772,0.326923076923,6.00062559301,1.42322530091,0.680526680527,3.83793300225,0.910278981302,0.463617463617,1.32204914232,0.604681454823,4.3462962963,2.18635635636,1.32204914232,4.3462962963,0,0,0,0,0.160896782956,37,37,37,1,0,0.405405405405,0.540540540541,0.0540540540541,37,185,0.138888888889,8.15732716576,10,6.16666666667,5.13888888889,4.4907311951,0.44907311951,0.245580715851,5.75905084772,1.15181016954,0.586121256392,3.6209268304,0.72418536608,0.389773557341,3.88355387232,0.476081661727,11.4273559268,8.15732716576,3.88355387232,11.4273559268,0.0990449095712,0.0421475163071,28,0.0036036036036,0.172657694458,37,37,37,1,0,0.189189189189,0.783783783784,0.027027027027,-157,-0.117867867868,6.43203834764,-8.48648648649,-9.37878787879,-4.63253968254,-0.876978960291,0.158714529233,0.102938073208,-3.74944069465,0.12311371613,0.0416293961102,-4.43238651603,-0.147079528125,-0.0720566939628,3.242954302,0.104781759009,9.42735592683,6.43203834764,3.242954302,9.42735592683,-0.245026484676,-0.33442152135,-782,-0.100643500644,-0.396919133892,-0.216216216216,0.243243243243,-0.027027027027,168,17,174,973,0.491228070175,0.982828282828,0.0171717171717,0.508771929825,0.908108108108,0.491228070175,0.637571157495,0.598815520659,0.474056353004,0.467966573816,29,186,0,0,0,0
744,WLNM_dir_neg,0.394648225228,0.29882128613,00:00:06,10,20,33,1234860768,threshold_sweep,0.6,0.407407407407,0.0591397849462,0.103286384977,11,16,175,356,0.0591397849462,0.956989247312,0.0430107526882,0.940860215054,0.407407407407,0.0591397849462,0.103286384977,0.65770609319,0.650537634409,0.0205128205128,0.0354329335635,0.0161290322581,342,156,186,0,342,0,156,0,186,37,342,0.256756756757,1.72528881811,18.4864864865,15.5454545455,9.77142857143,5.36771015539,0.290358590277,0.142642642643,9.50849154237,1.02869645341,0.544491860281,8.05331334643,0.871264894205,0.461830251304,0.640599570326,0.371299902718,2,1.72528881811,0.640599570326,2,0.344071394247,0.376569037657,810,0.104247104247,0.56957682835,37,37,37,1,0,0.405405405405,0.540540540541,0.0540540540541,37,0.117117117117,2.18635635636,8.43243243243,7.09090909091,4.45714285714,5.03620525429,0.597242289772,0.326923076923,6.00062559301,1.42322530091,0.680526680527,3.83793300225,0.910278981302,0.463617463617,1.32204914232,0.604681454823,4.3462962963,2.18635635636,1.32204914232,4.3462962963,0,0,0,0,0.160896782956,37,37,37,1,0,0.405405405405,0.540540540541,0.0540540540541,37,183,0.137387387387,8.37762753373,9.89189189189,6.1,5.08333333333,4.51407541772,0.456340957529,0.250627676857,5.77805208404,1.16824003885,0.590459311771,3.6434564324,0.736655125676,0.394919509674,4.01030699302,0.478692443281,11.686212434,8.37762753373,4.01030699302,11.686212434,0.0929738562092,0.0367346938776,24,0.0030888030888,0.172464216161,37,37,37,1,0,0.189189189189,0.783783783784,0.027027027027,-159,-0.119369369369,6.65233871562,-8.59459459459,-9.44545454545,-4.6880952381,-0.853634737672,0.165982367252,0.107985034215,-3.73043945833,0.139543585435,0.0459674514895,-4.40985691404,-0.134609768529,-0.0669107416303,3.3697074227,0.107392540564,9.68621243404,6.65233871562,3.3697074227,9.68621243404,-0.251097538038,-0.339834343779,-786,-0.101158301158,-0.397112612189,-0.216216216216,0.243243243243,-0.027027027027,167,16,175,974,0.488304093567,0.983838383838,0.0161616161616,0.511695906433,0.912568306011,0.488304093567,0.63619047619,0.599125998273,0.472142477406,0.466480446927,27,186,0,0,0,0
745,WLNM_dir_neg,0.394648225228,0.29882128613,00:00:06,10,20,33,1234860768,threshold_sweep,0.7,0.423076923077,0.0591397849462,0.103773584906,11,15,175,357,0.0591397849462,0.959677419355,0.0403225806452,0.940860215054,0.423076923077,0.0591397849462,0.103773584906,0.659498207885,0.651135005974,0.0239726027397,0.0420862811463,0.0188172043011,342,156,186,0,342,0,156,0,186,37,342,0.256756756757,1.72528881811,18.4864864865,15.5454545455,9.77142857143,5.36771015539,0.290358590277,0.142642642643,9.50849154237,1.02869645341,0.544491860281,8.05331334643,0.871264894205,0.461830251304,0.640599570326,0.371299902718,2,1.72528881811,0.640599570326,2,0.344071394247,0.376569037657,810,0.104247104247,0.56957682835,37,37,37,1,0,0.405405405405,0.540540540541,0.0540540540541,37,0.117117117117,2.18635635636,8.43243243243,7.09090909091,4.45714285714,5.03620525429,0.597242289772,0.326923076923,6.00062559301,1.42322530091,0.680526680527,3.83793300225,0.910278981302,0.463617463617,1.32204914232,0.604681454823,4.3462962963,2.18635635636,1.32204914232,4.3462962963,0,0,0,0,0.160896782956,37,37,37,1,0,0.405405405405,0.540540540541,0.0540540540541,37,182,0.136636636637,8.26484842545,9.83783783784,6.06666666667,5.05555555556,4.48772098505,0.456169440788,0.250816750817,5.78493435274,1.1760580827,0.591921591922,3.60075901241,0.732022436589,0.391743391743,3.94703730068,0.47756923025,11.5416272989,8.26484842545,3.94703730068,11.5416272989,0.0929738562092,0.0367346938776,24,0.0030888030888,0.167416994207,37,37,37,1,0,0.189189189189,0.783783783784,0.027027027027,-160,-0.12012012012,6.53955960734,-8.64864864865,-9.47878787879,-4.71587301587,-0.879989170345,0.165810850511,0.108174108174,-3.72355718964,0.147361629284,0.0474297316403,-4.45255433402,-0.139242457616,-0.0700868595605,3.30643773035,0.106269327533,9.54162729889,6.53955960734,3.30643773035,9.54162729889,-0.251097538038,-0.339834343779,-786,-0.101158301158,-0.402159834143,-0.216216216216,0.243243243243,-0.027027027027,167,15,175,975,0.488304093567,0.984848484848,0.0151515151515,0.511695906433,0.917582417582,0.488304093567,0.637404580153,0.601793160034,0.473152578416,0.467787114846,26,186,0,0,0,0
746,WLNM_dir_neg,0.394648225228,0.29882128613,00:00:06,10,20,33,1234860768,threshold_sweep,0.8,0.423076923077,0.0591397849462,0.103773584906,11,15,175,357,0.0591397849462,0.959677419355,0.0403225806452,0.940860215054,0.423076923077,0.0591397849462,0.103773584906,0.659498207885,0.651135005974,0.0239726027397,0.0420862811463,0.0188172043011,342,156,186,0,342,0,156,0,186,37,342,0.256756756757,1.72528881811,18.4864864865,15.5454545455,9.77142857143,5.36771015539,0.290358590277,0.142642642643,9.50849154237,1.02869645341,0.544491860281,8.05331334643,0.871264894205,0.461830251304,0.640599570326,0.371299902718,2,1.72528881811,0.640599570326,2,0.344071394247,0.376569037657,810,0.104247104247,0.56957682835,37,37,37,1,0,0.405405405405,0.540540540541,0.0540540540541,37,0.117117117117,2.18635635636,8.43243243243,7.09090909091,4.45714285714,5.03620525429,0.597242289772,0.326923076923,6.00062559301,1.42322530091,0.680526680527,3.83793300225,0.910278981302,0.463617463617,1.32204914232,0.604681454823,4.3462962963,2.18635635636,1.32204914232,4.3462962963,0,0,0,0,0.160896782956,37,37,37,1,0,0.405405405405,0.540540540541,0.0540540540541,37,182,0.136636636637,8.26484842545,9.83783783784,6.06666666667,5.05555555556,4.48772098505,0.456169440788,0.250816750817,5.78493435274,1.1760580827,0.591921591922,3.60075901241,0.732022436589,0.391743391743,3.94703730068,0.47756923025,11.5416272989,8.26484842545,3.94703730068,11.5416272989,0.0929738562092,0.0367346938776,24,0.0030888030888,0.167416994207,37,37,37,1,0,0.189189189189,0.783783783784,0.027027027027,-160,-0.12012012012,6.53955960734,-8.64864864865,-9.47878787879,-4.71587301587,-0.879989170345,0.165810850511,0.108174108174,-3.72355718964,0.147361629284,0.0474297316403,-4.45255433402,-0.139242457616,-0.0700868595605,3.30643773035,0.106269327533,9.54162729889,6.53955960734,3.30643773035,9.54162729889,-0.251097538038,-0.339834343779,-786,-0.101158301158,-0.402159834143,-0.216216216216,0.243243243243,-0.027027027027,167,15,175,975,0.488304093567,0.984848484848,0.0151515151515,0.511695906433,0.917582417582,0.488304093567,0.637404580153,0.601793160034,0.473152578416,0.467787114846,26,186,0,0,0,0
747,WLNM_dir_neg,0.394648225228,0.29882128613,00:00:06,10,20,33,1234860768,threshold_sweep,0.9,0.318181818182,0.0376344086022,0.0673076923077,7,15,179,357,0.0376344086022,0.959677419355,0.0403225806452,0.962365591398,0.318181818182,0.0376344086022,0.0673076923077,0.652329749104,0.653524492234,-0.00344827586207,-0.00651165326338,-0.00268817204301,342,156,186,0,342,0,156,0,186,37,342,0.256756756757,1.72528881811,18.4864864865,15.5454545455,9.77142857143,5.36771015539,0.290358590277,0.142642642643,9.50849154237,1.02869645341,0.544491860281,8.05331334643,0.871264894205,0.461830251304,0.640599570326,0.371299902718,2,1.72528881811,0.640599570326,2,0.344071394247,0.376569037657,810,0.104247104247,0.56957682835,37,37,37,1,0,0.405405405405,0.540540540541,0.0540540540541,37,0.117117117117,2.18635635636,8.43243243243,7.09090909091,4.45714285714,5.03620525429,0.597242289772,0.326923076923,6.00062559301,1.42322530091,0.680526680527,3.83793300225,0.910278981302,0.463617463617,1.32204914232,0.604681454823,4.3462962963,2.18635635636,1.32204914232,4.3462962963,0,0,0,0,0.160896782956,37,37,37,1,0,0.405405405405,0.540540540541,0.0540540540541,37,178,0.133633633634,7.95654083863,9.62162162162,5.93333333333,4.94444444444,4.44316798487,0.461789931011,0.254934709991,5.75826863368,1.19694348004,0.595505617978,3.61200035251,0.750809062039,0.397206194959,3.7738617712,0.474309357263,11.0933052257,7.95654083863,3.7738617712,11.0933052257,0.06491475315,0.0255319148936,16,0.0020592020592,0.163742156912,37,37,37,1,0,0.189189189189,0.783783783784,0.027027027027,-164,-0.123123123123,6.23125202051,-8.86486486486,-9.61212121212,-4.82698412698,-0.924542170527,0.171431340734,0.112292067348,-3.75022290869,0.16824702662,0.0510137576962,-4.44131299392,-0.120455832166,-0.0646240563449,3.13326220088,0.103009454545,9.09330522567,6.23125202051,3.13326220088,9.09330522567,-0.279156641097,-0.351037122763,-794,-0.102187902188,-0.405834671438,-0.216216216216,0.243243243243,-0.027027027027,163,15,179,975,0.476608187135,0.984848484848,0.0151515151515,0.523391812865,0.915730337079,0.476608187135,0.626923076923,0.592445867376,0.461456671983,0.456582633053,22,186,0,0,0,0
748,WLNM_dir_neg,0.425338189386,0.332327425639,00:00:08,10,20,34,1234860769,threshold_sweep,0.1,0.481481481481,0.139784946237,0.216666666667,26,28,160,344,0.139784946237,0.924731182796,0.0752688172043,0.860215053763,0.481481481481,0.139784946237,0.216666666667,0.663082437276,0.634408602151,0.078431372549,0.102868899975,0.0645161290323,342,156,186,0,342,0,156,0,186,37,342,0.256756756757,1.72528881811,18.4864864865,15.5454545455,9.77142857143,5.36771015539,0.290358590277,0.142642642643,9.50849154237,1.02869645341,0.544491860281,8.05331334643,0.871264894205,0.461830251304,0.640599570326,0.371299902718,2,1.72528881811,0.640599570326,2,0.344071394247,0.376569037657,810,0.104247104247,0.56957682835,37,37,37,1,0,0.405405405405,0.540540540541,0.0540540540541,37,0.117117117117,2.21261261261,8.43243243243,7.09090909091,4.45714285714,5.04722443274,0.598549051319,0.327616077616,6.00525295579,1.42432281644,0.680873180873,3.83793300225,0.910278981302,0.463617463617,1.39215458577,0.629190386892,5.2,2.21261261261,1.39215458577,5.2,0,0,0,0,0.161113233172,37,37,37,1,0,0.405405405405,0.540540540541,0.0540540540541,37,210,0.157657657658,6.74017222838,11.3513513514,6.5625,5.83333333333,5.16514072206,0.455024301705,0.247104247104,6.00487789706,1.05800229615,0.549034749035,3.23225114238,0.569491867944,0.307850707851,2.81822044359,0.418122912605,8.27448231314,6.74017222838,2.81822044359,8.27448231314,0.196081685401,0.114513422819,91,0.0117117117117,0.145567933459,37,37,37,1,0,0.135135135135,0.837837837838,0.027027027027,-132,-0.0990990990991,5.01488341027,-7.13513513514,-8.98295454545,-3.9380952381,-0.202569433334,0.164665711428,0.104461604462,-3.50361364532,0.0293058427333,0.00454288875342,-4.82106220405,-0.301773026261,-0.153979543453,2.17762087326,0.0468230098869,6.27448231314,5.01488341027,2.17762087326,6.27448231314,-0.147989708847,-0.262055614838,-719,-0.0925353925354,-0.424008894891,-0.27027027027,0.297297297297,-0.027027027027,182,28,160,962,0.53216374269,0.971717171717,0.0282828282828,0.46783625731,0.866666666667,0.53216374269,0.659420289855,0.604021619344,0.503880914407,0.491891891892,54,186,0,0,0,0
749,WLNM_dir_neg,0.425338189386,0.332327425639,00:00:08,10,20,34,1234860769,threshold_sweep,0.2,0.512195121951,0.112903225806,0.185022026432,21,20,165,352,0.112903225806,0.94623655914,0.0537634408602,0.887096774194,0.512195121951,0.112903225806,0.185022026432,0.668458781362,0.642174432497,0.0734557595993,0.106849005198,0.0591397849462,342,156,186,0,342,0,156,0,186,37,342,0.256756756757,1.72528881811,18.4864864865,15.5454545455,9.77142857143,5.36771015539,0.290358590277,0.142642642643,9.50849154237,1.02869645341,0.544491860281,8.05331334643,0.871264894205,0.461830251304,0.640599570326,0.371299902718,2,1.72528881811,0.640599570326,2,0.344071394247,0.376569037657,810,0.104247104247,0.56957682835,37,37,37,1,0,0.405405405405,0.540540540541,0.0540540540541,37,0.117117117117,2.21261261261,8.43243243243,7.09090909091,4.45714285714,5.04722443274,0.598549051319,0.327616077616,6.00525295579,1.42432281644,0.680873180873,3.83793300225,0.910278981302,0.463617463617,1.39215458577,0.629190386892,5.2,2.21261261261,1.39215458577,5.2,0,0,0,0,0.161113233172,37,37,37,1,0,0.405405405405,0.540540540541,0.0540540540541,37,197,0.147897897898,4.74034590915,10.6486486486,6.79310344828,5.47222222222,4.9845105422,0.468088553456,0.254630264783,6.11943195464,1.14933493564,0.590478803677,3.35868735979,0.630819453361,0.339689943751,2.36473177068,0.498852154675,6.34647620376,4.74034590915,2.36473177068,6.34647620376,0.187968862272,0.0996068152031,76,0.00978120978121,0.178184849257,37,37,37,1,0,0.216216216216,0.756756756757,0.027027027027,-145,-0.108858858859,3.01505709103,-7.83783783784,-8.75235109718,-4.29920634921,-0.383199613189,0.177729963179,0.11198762214,-3.38905958774,0.120638482228,0.0459869433954,-4.69462598665,-0.240445440844,-0.122140307553,1.72413220036,0.127552251957,4.34647620376,3.01505709103,1.72413220036,4.34647620376,-0.156102531975,-0.276962222454,-734,-0.0944658944659,-0.391391979093,-0.189189189189,0.216216216216,-0.027027027027,177,20,165,970,0.517543859649,0.979797979798,0.020202020202,0.482456140351,0.89847715736,0.517543859649,0.656771799629,0.612004482091,0.497341839447,0.488950276243,41,186,0,0,0,0
750,WLNM_dir_neg,0.425338189386,0.332327425639,00:00:08,10,20,34,1234860769,threshold_sweep,0.3,0.606060606061,0.10752688172,0.182648401826,20,13,166,359,0.10752688172,0.965053763441,0.0349462365591,0.89247311828,0.606060606061,0.10752688172,0.182648401826,0.679211469534,0.646953405018,0.0913705583756,0.145048133525,0.0725806451613,342,156,186,0,342,0,156,0,186,37,342,0.256756756757,1.72528881811,18.4864864865,15.5454545455,9.77142857143,5.36771015539,0.290358590277,0.142642642643,9.50849154237,1.02869645341,0.544491860281,8.05331334643,0.871264894205,0.461830251304,0.640599570326,0.371299902718,2,1.72528881811,0.640599570326,2,0.344071394247,0.376569037657,810,0.104247104247,0.56957682835,37,37,37,1,0,0.405405405405,0.540540540541,0.0540540540541,37,0.117117117117,2.21261261261,8.43243243243,7.09090909091,4.45714285714,5.04722443274,0.598549051319,0.327616077616,6.00525295579,1.42432281644,0.680873180873,3.83793300225,0.910278981302,0.463617463617,1.39215458577,0.629190386892,5.2,2.21261261261,1.39215458577,5.2,0,0,0,0,0.161113233172,37,37,37,1,0,0.405405405405,0.540540540541,0.0540540540541,37,189,0.141891891892,2.17388751192,10.2162162162,8.59090909091,5.25,4.74420778503,0.464380127106,0.248534248534,6.22175298531,1.21801513469,0.624338624339,3.30642290587,0.647289140302,0.346918346918,1.26945525845,0.583956277171,3.89858622515,2.17388751192,1.26945525845,3.89858622515,0.141463057485,0.0458015267176,32,0.0041184041184,0.184784241108,37,37,37,1,0,0.405405405405,0.567567567568,0.027027027027,-153,-0.114864864865,0.448598693802,-8.27027027027,-6.95454545455,-4.52142857143,-0.623502370367,0.174021536829,0.105891605892,-3.28673855707,0.189318681275,0.0798467640573,-4.74689044057,-0.223975753903,-0.114911904386,0.62885568812,0.212656374453,1.89858622515,0.448598693802,0.62885568812,1.89858622515,-0.202608336763,-0.330767510939,-778,-0.100128700129,-0.384792587241,0,0.027027027027,-0.027027027027,176,13,166,977,0.514619883041,0.986868686869,0.0131313131313,0.485380116959,0.931216931217,0.514619883041,0.662900188324,0.627823650674,0.50148856991,0.495774647887,33,186,0,0,0,0
751,WLNM_dir_neg,0.425338189386,0.332327425639,00:00:08,10,20,34,1234860769,threshold_sweep,0.4,0.59375,0.102150537634,0.174311926606,19,13,167,359,0.102150537634,0.965053763441,0.0349462365591,0.897849462366,0.59375,0.102150537634,0.174311926606,0.677419354839,0.647550776583,0.0847457627119,0.136256475062,0.0672043010753,342,156,186,0,342,0,156,0,186,37,342,0.256756756757,1.72528881811,18.4864864865,15.5454545455,9.77142857143,5.36771015539,0.290358590277,0.142642642643,9.50849154237,1.02869645341,0.544491860281,8.05331334643,0.871264894205,0.461830251304,0.640599570326,0.371299902718,2,1.72528881811,0.640599570326,2,0.344071394247,0.376569037657,810,0.104247104247,0.56957682835,37,37,37,1,0,0.405405405405,0.540540540541,0.0540540540541,37,0.117117117117,2.21261261261,8.43243243243,7.09090909091,4.45714285714,5.04722443274,0.598549051319,0.327616077616,6.00525295579,1.42432281644,0.680873180873,3.83793300225,0.910278981302,0.463617463617,1.39215458577,0.629190386892,5.2,2.21261261261,1.39215458577,5.2,0,0,0,0,0.161113233172,37,37,37,1,0,0.405405405405,0.540540540541,0.0540540540541,37,188,0.141141141141,2.1786230115,10.1621621622,8.54545454545,5.22222222222,4.7697747065,0.469366128033,0.252300172513,6.2199427399,1.2241376669,0.625934445083,3.29459471777,0.648404279561,0.347613571018,1.2769519149,0.586127984587,3.93674598783,2.1786230115,1.2769519149,3.93674598783,0.136086971536,0.0417867435159,29,0.0037323037323,0.18258516862,37,37,37,1,0,0.405405405405,0.567567567568,0.027027027027,-154,-0.115615615616,0.453334193386,-8.32432432432,-7,-4.54920634921,-0.597935448895,0.179007537756,0.10965752987,-3.28854880247,0.195441213481,0.081442584802,-4.75871862866,-0.222860614644,-0.114216680286,0.636352344579,0.214828081869,1.93674598783,0.453334193386,0.636352344579,1.93674598783,-0.207984422712,-0.334782294141,-781,-0.100514800515,-0.38699165973,0,0.027027027027,-0.027027027027,175,13,167,977,0.511695906433,0.986868686869,0.0131313131313,0.488304093567,0.93085106383,0.511695906433,0.660377358491,0.62554728905,0.498564593301,0.492957746479,32,186,0,0,0,0
752,WLNM_dir_neg,0.425338189386,0.332327425639,00:00:08,10,20,34,1234860769,threshold_sweep,0.5,0.59375,0.102150537634,0.174311926606,19,13,167,359,0.102150537634,0.965053763441,0.0349462365591,0.897849462366,0.59375,0.102150537634,0.174311926606,0.677419354839,0.647550776583,0.0847457627119,0.136256475062,0.0672043010753,342,156,186,0,342,0,156,0,186,37,342,0.256756756757,1.72528881811,18.4864864865,15.5454545455,9.77142857143,5.36771015539,0.290358590277,0.142642642643,9.50849154237,1.02869645341,0.544491860281,8.05331334643,0.871264894205,0.461830251304,0.640599570326,0.371299902718,2,1.72528881811,0.640599570326,2,0.344071394247,0.376569037657,810,0.104247104247,0.56957682835,37,37,37,1,0,0.405405405405,0.540540540541,0.0540540540541,37,0.117117117117,2.21261261261,8.43243243243,7.09090909091,4.45714285714,5.04722443274,0.598549051319,0.327616077616,6.00525295579,1.42432281644,0.680873180873,3.83793300225,0.910278981302,0.463617463617,1.39215458577,0.629190386892,5.2,2.21261261261,1.39215458577,5.2,0,0,0,0,0.161113233172,37,37,37,1,0,0.405405405405,0.540540540541,0.0540540540541,37,188,0.141141141141,2.1786230115,10.1621621622,8.54545454545,5.22222222222,4.7697747065,0.469366128033,0.252300172513,6.2199427399,1.2241376669,0.625934445083,3.29459471777,0.648404279561,0.347613571018,1.2769519149,0.586127984587,3.93674598783,2.1786230115,1.2769519149,3.93674598783,0.136086971536,0.0417867435159,29,0.0037323037323,0.18258516862,37,37,37,1,0,0.405405405405,0.567567567568,0.027027027027,-154,-0.115615615616,0.453334193386,-8.32432432432,-7,-4.54920634921,-0.597935448895,0.179007537756,0.10965752987,-3.28854880247,0.195441213481,0.081442584802,-4.75871862866,-0.222860614644,-0.114216680286,0.636352344579,0.214828081869,1.93674598783,0.453334193386,0.636352344579,1.93674598783,-0.207984422712,-0.334782294141,-781,-0.100514800515,-0.38699165973,0,0.027027027027,-0.027027027027,175,13,167,977,0.511695906433,0.986868686869,0.0131313131313,0.488304093567,0.93085106383,0.511695906433,0.660377358491,0.62554728905,0.498564593301,0.492957746479,32,186,0,0,0,0
753,WLNM_dir_neg,0.425338189386,0.332327425639,00:00:08,10,20,34,1234860769,threshold_sweep,0.6,0.6,0.0967741935484,0.166666666667,18,12,168,360,0.0967741935484,0.967741935484,0.0322580645161,0.903225806452,0.6,0.0967741935484,0.166666666667,0.677419354839,0.648745519713,0.0816326530612,0.134839972493,0.0645161290323,342,156,186,0,342,0,156,0,186,37,342,0.256756756757,1.72528881811,18.4864864865,15.5454545455,9.77142857143,5.36771015539,0.290358590277,0.142642642643,9.50849154237,1.02869645341,0.544491860281,8.05331334643,0.871264894205,0.461830251304,0.640599570326,0.371299902718,2,1.72528881811,0.640599570326,2,0.344071394247,0.376569037657,810,0.104247104247,0.56957682835,37,37,37,1,0,0.405405405405,0.540540540541,0.0540540540541,37,0.117117117117,2.21261261261,8.43243243243,7.09090909091,4.45714285714,5.04722443274,0.598549051319,0.327616077616,6.00525295579,1.42432281644,0.680873180873,3.83793300225,0.910278981302,0.463617463617,1.39215458577,0.629190386892,5.2,2.21261261261,1.39215458577,5.2,0,0,0,0,0.161113233172,37,37,37,1,0,0.405405405405,0.540540540541,0.0540540540541,37,186,0.13963963964,2.14111412111,10.0540540541,8.45454545455,5.16666666667,4.73137251608,0.470593502943,0.253850624818,6.19805743083,1.23294690828,0.628596338274,3.3206967683,0.660568711975,0.351060738158,1.2224965656,0.570962824235,3.94704739705,2.14111412111,1.2224965656,3.94704739705,0.134263653304,0.0394736842105,27,0.0034749034749,0.180846005858,37,37,37,1,0,0.405405405405,0.567567567568,0.027027027027,-156,-0.117117117117,0.415825302999,-8.43243243243,-7.09090909091,-4.60476190476,-0.636337639317,0.180234912666,0.111207982176,-3.31043411154,0.204250454869,0.0841044779924,-4.73261657813,-0.21069618223,-0.110769513146,0.581896995275,0.199662921518,1.94704739705,0.415825302999,0.581896995275,1.94704739705,-0.209807740944,-0.337095353446,-783,-0.100772200772,-0.388730822492,0,0.027027027027,-0.027027027027,174,12,168,978,0.508771929825,0.987878787879,0.0121212121212,0.491228070175,0.935483870968,0.508771929825,0.659090909091,0.625940333307,0.496650717703,0.491525423729,30,186,0,0,0,0
754,WLNM_dir_neg,0.425338189386,0.332327425639,00:00:08,10,20,34,1234860769,threshold_sweep,0.7,0.6,0.0967741935484,0.166666666667,18,12,168,360,0.0967741935484,0.967741935484,0.0322580645161,0.903225806452,0.6,0.0967741935484,0.166666666667,0.677419354839,0.648745519713,0.0816326530612,0.134839972493,0.0645161290323,342,156,186,0,342,0,156,0,186,37,342,0.256756756757,1.72528881811,18.4864864865,15.5454545455,9.77142857143,5.36771015539,0.290358590277,0.142642642643,9.50849154237,1.02869645341,0.544491860281,8.05331334643,0.871264894205,0.461830251304,0.640599570326,0.371299902718,2,1.72528881811,0.640599570326,2,0.344071394247,0.376569037657,810,0.104247104247,0.56957682835,37,37,37,1,0,0.405405405405,0.540540540541,0.0540540540541,37,0.117117117117,2.21261261261,8.43243243243,7.09090909091,4.45714285714,5.04722443274,0.598549051319,0.327616077616,6.00525295579,1.42432281644,0.680873180873,3.83793300225,0.910278981302,0.463617463617,1.39215458577,0.629190386892,5.2,2.21261261261,1.39215458577,5.2,0,0,0,0,0.161113233172,37,37,37,1,0,0.405405405405,0.540540540541,0.0540540540541,37,186,0.13963963964,2.14111412111,10.0540540541,8.45454545455,5.16666666667,4.73137251608,0.470593502943,0.253850624818,6.19805743083,1.23294690828,0.628596338274,3.3206967683,0.660568711975,0.351060738158,1.2224965656,0.570962824235,3.94704739705,2.14111412111,1.2224965656,3.94704739705,0.134263653304,0.0394736842105,27,0.0034749034749,0.180846005858,37,37,37,1,0,0.405405405405,0.567567567568,0.027027027027,-156,-0.117117117117,0.415825302999,-8.43243243243,-7.09090909091,-4.60476190476,-0.636337639317,0.180234912666,0.111207982176,-3.31043411154,0.204250454869,0.0841044779924,-4.73261657813,-0.21069618223,-0.110769513146,0.581896995275,0.199662921518,1.94704739705,0.415825302999,0.581896995275,1.94704739705,-0.209807740944,-0.337095353446,-783,-0.100772200772,-0.388730822492,0,0.027027027027,-0.027027027027,174,12,168,978,0.508771929825,0.987878787879,0.0121212121212,0.491228070175,0.935483870968,0.508771929825,0.659090909091,0.625940333307,0.496650717703,0.491525423729,30,186,0,0,0,0
755,WLNM_dir_neg,0.425338189386,0.332327425639,00:00:08,10,20,34,1234860769,threshold_sweep,0.8,0.592592592593,0.0860215053763,0.150234741784,16,11,170,361,0.0860215053763,0.970430107527,0.0295698924731,0.913978494624,0.592592592593,0.0860215053763,0.150234741784,0.675627240143,0.650537634409,0.0717948717949,0.124015267472,0.0564516129032,342,156,186,0,342,0,156,0,186,37,342,0.256756756757,1.72528881811,18.4864864865,15.5454545455,9.77142857143,5.36771015539,0.290358590277,0.142642642643,9.50849154237,1.02869645341,0.544491860281,8.05331334643,0.871264894205,0.461830251304,0.640599570326,0.371299902718,2,1.72528881811,0.640599570326,2,0.344071394247,0.376569037657,810,0.104247104247,0.56957682835,37,37,37,1,0,0.405405405405,0.540540540541,0.0540540540541,37,0.117117117117,2.21261261261,8.43243243243,7.09090909091,4.45714285714,5.04722443274,0.598549051319,0.327616077616,6.00525295579,1.42432281644,0.680873180873,3.83793300225,0.910278981302,0.463617463617,1.39215458577,0.629190386892,5.2,2.21261261261,1.39215458577,5.2,0,0,0,0,0.161113233172,37,37,37,1,0,0.405405405405,0.540540540541,0.0540540540541,37,183,0.137387387387,2.0893502441,9.89189189189,8.31818181818,5.08333333333,4.92038720125,0.497416192476,0.269827204253,6.23139874589,1.25990029289,0.637128932211,3.34951029543,0.677223393066,0.359474228327,1.15320598022,0.551944789285,3.79841713222,2.0893502441,1.15320598022,3.79841713222,0.156528775569,0.0354854608181,24,0.0030888030888,0.176534933403,37,37,37,1,0,0.405405405405,0.567567567568,0.027027027027,-159,-0.119369369369,0.364061425984,-8.59459459459,-7.22727272727,-4.6880952381,-0.447322954145,0.207057602199,0.127184561611,-3.27709279648,0.231203839471,0.0926370719296,-4.703803051,-0.194041501139,-0.102356022977,0.512606409896,0.180644886567,1.79841713222,0.364061425984,0.512606409896,1.79841713222,-0.187542618678,-0.341083576839,-786,-0.101158301158,-0.393041894946,0,0.027027027027,-0.027027027027,172,11,170,979,0.502923976608,0.988888888889,0.0111111111111,0.497076023392,0.939890710383,0.502923976608,0.655238095238,0.624086770636,0.491812865497,0.487252124646,27,186,0,0,0,0
756,WLNM_dir_neg,0.425338189386,0.332327425639,00:00:08,10,20,34,1234860769,threshold_sweep,0.9,0.5,0.0483870967742,0.0882352941176,9,9,177,363,0.0483870967742,0.975806451613,0.0241935483871,0.951612903226,0.5,0.0483870967742,0.0882352941176,0.666666666667,0.655913978495,0.03125,0.0645497224368,0.0241935483871,342,156,186,0,342,0,156,0,186,37,342,0.256756756757,1.72528881811,18.4864864865,15.5454545455,9.77142857143,5.36771015539,0.290358590277,0.142642642643,9.50849154237,1.02869645341,0.544491860281,8.05331334643,0.871264894205,0.461830251304,0.640599570326,0.371299902718,2,1.72528881811,0.640599570326,2,0.344071394247,0.376569037657,810,0.104247104247,0.56957682835,37,37,37,1,0,0.405405405405,0.540540540541,0.0540540540541,37,0.117117117117,2.21261261261,8.43243243243,7.09090909091,4.45714285714,5.04722443274,0.598549051319,0.327616077616,6.00525295579,1.42432281644,0.680873180873,3.83793300225,0.910278981302,0.463617463617,1.39215458577,0.629190386892,5.2,2.21261261261,1.39215458577,5.2,0,0,0,0,0.161113233172,37,37,37,1,0,0.405405405405,0.540540540541,0.0540540540541,37,174,0.130630630631,2.12880388863,9.40540540541,7.90909090909,4.83333333333,4.76363224779,0.506478141288,0.275240757999,6.08671077414,1.29430056692,0.649580615098,3.48699858892,0.741488205691,0.388940664803,1.21522561267,0.570849019562,3.82316384181,2.12880388863,1.21522561267,3.82316384181,0.133577427695,0.0212187159956,13,0.0016731016731,0.172171496888,37,37,37,1,0,0.405405405405,0.567567567568,0.027027027027,-168,-0.126126126126,0.403515070519,-9.08108108108,-7.63636363636,-4.9380952381,-0.604077907603,0.216119551011,0.132598115357,-3.42178076823,0.2656041135,0.105088754817,-4.56631475751,-0.129776688514,-0.0728895865012,0.57462604234,0.199549116844,1.82316384181,0.403515070519,0.57462604234,1.82316384181,-0.210493966552,-0.355350321661,-797,-0.102574002574,-0.397405331462,0,0.027027027027,-0.027027027027,165,9,177,981,0.482456140351,0.990909090909,0.00909090909091,0.517543859649,0.948275862069,0.482456140351,0.639534883721,0.613618016181,0.47336523126,0.470085470085,18,186,0,0,0,0
757,WLNM_dir_neg,0.49885102324,0.338256460492,00:00:07,10,20,35,1234860770,threshold_sweep,0.1,0.425531914894,0.10752688172,0.171673819742,20,27,166,345,0.10752688172,0.927419354839,0.0725806451613,0.89247311828,0.425531914894,0.10752688172,0.171673819742,0.654121863799,0.638590203106,0.0429752066116,0.0593156065045,0.0349462365591,342,156,186,0,342,0,156,0,186,37,342,0.256756756757,1.72528881811,18.4864864865,15.5454545455,9.77142857143,5.36771015539,0.290358590277,0.142642642643,9.50849154237,1.02869645341,0.544491860281,8.05331334643,0.871264894205,0.461830251304,0.640599570326,0.371299902718,2,1.72528881811,0.640599570326,2,0.344071394247,0.376569037657,810,0.104247104247,0.56957682835,37,37,37,1,0,0.405405405405,0.540540540541,0.0540540540541,37,0.117117117117,2.18635635636,8.43243243243,7.09090909091,4.45714285714,5.03620525429,0.597242289772,0.326923076923,6.00062559301,1.42322530091,0.680526680527,3.83793300225,0.910278981302,0.463617463617,1.32204914232,0.604681454823,4.3462962963,2.18635635636,1.32204914232,4.3462962963,0,0,0,0,0.160896782956,37,37,37,1,0,0.405405405405,0.540540540541,0.0540540540541,37,203,0.152402402402,10.2628479723,10.972972973,6.54838709677,5.48648648649,5.0907677138,0.46393695914,0.246172280655,5.93306002002,1.08139517606,0.562108906936,3.74626941564,0.682817578219,0.369857542271,4.46960982538,0.435513595976,13.4106710844,10.2628479723,4.46960982538,13.4106710844,0.198332965438,0.115135834411,89,0.0114543114543,0.19520981708,37,37,37,1,0,0.162162162162,0.837837837838,0,-139,-0.104354354354,8.53755915421,-7.51351351351,-8.99706744868,-4.28494208494,-0.276942441589,0.173578368863,0.103529638012,-3.57543152235,0.0526987226486,0.0176170466552,-4.3070439308,-0.188447315985,-0.0919727090326,3.82901025506,0.0642136932586,11.4106710844,8.53755915421,3.82901025506,11.4106710844,-0.145738428809,-0.261433203246,-721,-0.0927927927928,-0.37436701127,-0.243243243243,0.297297297297,-0.0540540540541,176,27,166,963,0.514619883041,0.972727272727,0.0272727272727,0.485380116959,0.866995073892,0.514619883041,0.645871559633,0.592344139761,0.487347155768,0.476964769648,47,186,0,0,0,0
758,WLNM_dir_neg,0.49885102324,0.338256460492,00:00:07,10,20,35,1234860770,threshold_sweep,0.2,0.444444444444,0.10752688172,0.17316017316,20,25,166,347,0.10752688172,0.932795698925,0.0672043010753,0.89247311828,0.444444444444,0.10752688172,0.17316017316,0.65770609319,0.639784946237,0.0497512437811,0.0698089847153,0.0403225806452,342,156,186,0,342,0,156,0,186,37,342,0.256756756757,1.72528881811,18.4864864865,15.5454545455,9.77142857143,5.36771015539,0.290358590277,0.142642642643,9.50849154237,1.02869645341,0.544491860281,8.05331334643,0.871264894205,0.461830251304,0.640599570326,0.371299902718,2,1.72528881811,0.640599570326,2,0.344071394247,0.376569037657,810,0.104247104247,0.56957682835,37,37,37,1,0,0.405405405405,0.540540540541,0.0540540540541,37,0.117117117117,2.18635635636,8.43243243243,7.09090909091,4.45714285714,5.03620525429,0.597242289772,0.326923076923,6.00062559301,1.42322530091,0.680526680527,3.83793300225,0.910278981302,0.463617463617,1.32204914232,0.604681454823,4.3462962963,2.18635635636,1.32204914232,4.3462962963,0,0,0,0,0.160896782956,37,37,37,1,0,0.405405405405,0.540540540541,0.0540540540541,37,201,0.150900900901,10.3450998153,10.8648648649,6.48387096774,5.43243243243,5.0616321597,0.465871616689,0.246335888127,5.9186172397,1.08949670581,0.5639370714,3.76785040795,0.693584403454,0.37461341939,4.51082772826,0.436035205921,13.5037142512,10.3450998153,4.51082772826,13.5037142512,0.192245233035,0.106766256591,81,0.0104247104247,0.195671732703,37,37,37,1,0,0.162162162162,0.837837837838,0,-141,-0.105855855856,8.61981099723,-7.62162162162,-9.06158357771,-4.338996139,-0.306077995692,0.175513026412,0.103693245484,-3.58987430268,0.0608002523999,0.0194452111184,-4.28546293848,-0.177680490751,-0.0872168319144,3.87022815793,0.0647353032033,11.5037142512,8.61981099723,3.87022815793,11.5037142512,-0.151826161213,-0.269802781066,-729,-0.0938223938224,-0.373905095647,-0.243243243243,0.297297297297,-0.0540540540541,176,25,166,965,0.514619883041,0.974747474747,0.0252525252525,0.485380116959,0.875621890547,0.514619883041,0.648250460405,0.597222713559,0.489367357788,0.479564032698,45,186,0,0,0,0
759,WLNM_dir_neg,0.49885102324,0.338256460492,00:00:07,10,20,35,1234860770,threshold_sweep,0.3,0.484848484848,0.0860215053763,0.146118721461,16,17,170,355,0.0860215053763,0.954301075269,0.0456989247312,0.913978494624,0.484848484848,0.0860215053763,0.146118721461,0.664874551971,0.646953405018,0.0507614213198,0.0805822964025,0.0403225806452,342,156,186,0,342,0,156,0,186,37,342,0.256756756757,1.72528881811,18.4864864865,15.5454545455,9.77142857143,5.36771015539,0.290358590277,0.142642642643,9.50849154237,1.02869645341,0.544491860281,8.05331334643,0.871264894205,0.461830251304,0.640599570326,0.371299902718,2,1.72528881811,0.640599570326,2,0.344071394247,0.376569037657,810,0.104247104247,0.56957682835,37,37,37,1,0,0.405405405405,0.540540540541,0.0540540540541,37,0.117117117117,2.18635635636,8.43243243243,7.09090909091,4.45714285714,5.03620525429,0.597242289772,0.326923076923,6.00062559301,1.42322530091,0.680526680527,3.83793300225,0.910278981302,0.463617463617,1.32204914232,0.604681454823,4.3462962963,2.18635635636,1.32204914232,4.3462962963,0,0,0,0,0.160896782956,37,37,37,1,0,0.405405405405,0.540540540541,0.0540540540541,37,189,0.141891891892,3.28504145701,10.2162162162,8.21739130435,5.10810810811,4.35976002866,0.426748997514,0.229086229086,6.031324637,1.18073551095,0.611468611469,3.5338347426,0.691808917863,0.37323037323,2.47387653978,0.753073156655,6.71454315752,3.28504145701,2.47387653978,6.71454315752,0.136676907497,0.0606060606061,40,0.00514800514801,0.193826590134,37,37,37,1,0,0.378378378378,0.621621621622,0,-153,-0.114864864865,1.5597526389,-8.27027027027,-7.32806324111,-4.66332046332,-1.00795012673,0.136390407237,0.0864435864436,-3.47716690538,0.152039057532,0.0669767511873,-4.51947860384,-0.179455976342,-0.0885998780736,1.83327696945,0.381773253938,4.71454315752,1.5597526389,1.83327696945,4.71454315752,-0.20739448675,-0.315962977051,-770,-0.0990990990991,-0.375750238216,-0.027027027027,0.0810810810811,-0.0540540540541,172,17,170,973,0.502923976608,0.982828282828,0.0171717171717,0.497076023392,0.910052910053,0.502923976608,0.647834274953,0.608123046349,0.485752259436,0.479108635097,33,186,0,0,0,0
760,WLNM_dir_neg,0.49885102324,0.338256460492,00:00:07,10,20,35,1234860770,threshold_sweep,0.4,0.5,0.0860215053763,0.146788990826,16,16,170,356,0.0860215053763,0.956989247312,0.0430107526882,0.913978494624,0.5,0.0860215053763,0.146788990826,0.666666666667,0.647550776583,0.0542372881356,0.0872041440394,0.0430107526882,342,156,186,0,342,0,156,0,186,37,342,0.256756756757,1.72528881811,18.4864864865,15.5454545455,9.77142857143,5.36771015539,0.290358590277,0.142642642643,9.50849154237,1.02869645341,0.544491860281,8.05331334643,0.871264894205,0.461830251304,0.640599570326,0.371299902718,2,1.72528881811,0.640599570326,2,0.344071394247,0.376569037657,810,0.104247104247,0.56957682835,37,37,37,1,0,0.405405405405,0.540540540541,0.0540540540541,37,0.117117117117,2.18635635636,8.43243243243,7.09090909091,4.45714285714,5.03620525429,0.597242289772,0.326923076923,6.00062559301,1.42322530091,0.680526680527,3.83793300225,0.910278981302,0.463617463617,1.32204914232,0.604681454823,4.3462962963,2.18635635636,1.32204914232,4.3462962963,0,0,0,0,0.160896782956,37,37,37,1,0,0.405405405405,0.540540540541,0.0540540540541,37,188,0.141141141141,3.37398833492,10.1621621622,8.17391304348,5.08108108108,4.27858695206,0.421031162835,0.226423231742,6.01562030781,1.18392527334,0.61242093157,3.54634693404,0.697951258295,0.375503162737,2.58736617042,0.766856880813,7.03029228237,3.37398833492,2.58736617042,7.03029228237,0.132091239444,0.0568939005638,37,0.0047619047619,0.192906573091,37,37,37,1,0,0.378378378378,0.621621621622,0,-154,-0.115615615616,1.64869951681,-8.32432432432,-7.37154150198,-4.69034749035,-1.08912320334,0.130672572558,0.0837805890997,-3.49287123457,0.15522881993,0.0679290712885,-4.50696641239,-0.17331363591,-0.0863270885667,1.94676660009,0.395556978095,5.03029228237,1.64869951681,1.94676660009,5.03029228237,-0.211980154803,-0.319675137093,-773,-0.0994851994852,-0.376670255258,-0.027027027027,0.0810810810811,-0.0540540540541,172,16,170,974,0.502923976608,0.983838383838,0.0161616161616,0.497076023392,0.914893617021,0.502923976608,0.649056603774,0.610739067876,0.486762360447,0.480446927374,32,186,0,0,0,0
761,WLNM_dir_neg,0.49885102324,0.338256460492,00:00:07,10,20,35,1234860770,threshold_sweep,0.5,0.5,0.0860215053763,0.146788990826,16,16,170,356,0.0860215053763,0.956989247312,0.0430107526882,0.913978494624,0.5,0.0860215053763,0.146788990826,0.666666666667,0.647550776583,0.0542372881356,0.0872041440394,0.0430107526882,342,156,186,0,342,0,156,0,186,37,342,0.256756756757,1.72528881811,18.4864864865,15.5454545455,9.77142857143,5.36771015539,0.290358590277,0.142642642643,9.50849154237,1.02869645341,0.544491860281,8.05331334643,0.871264894205,0.461830251304,0.640599570326,0.371299902718,2,1.72528881811,0.640599570326,2,0.344071394247,0.376569037657,810,0.104247104247,0.56957682835,37,37,37,1,0,0.405405405405,0.540540540541,0.0540540540541,37,0.117117117117,2.18635635636,8.43243243243,7.09090909091,4.45714285714,5.03620525429,0.597242289772,0.326923076923,6.00062559301,1.42322530091,0.680526680527,3.83793300225,0.910278981302,0.463617463617,1.32204914232,0.604681454823,4.3462962963,2.18635635636,1.32204914232,4.3462962963,0,0,0,0,0.160896782956,37,37,37,1,0,0.405405405405,0.540540540541,0.0540540540541,37,188,0.141141141141,3.37398833492,10.1621621622,8.17391304348,5.08108108108,4.27858695206,0.421031162835,0.226423231742,6.01562030781,1.18392527334,0.61242093157,3.54634693404,0.697951258295,0.375503162737,2.58736617042,0.766856880813,7.03029228237,3.37398833492,2.58736617042,7.03029228237,0.132091239444,0.0568939005638,37,0.0047619047619,0.192906573091,37,37,37,1,0,0.378378378378,0.621621621622,0,-154,-0.115615615616,1.64869951681,-8.32432432432,-7.37154150198,-4.69034749035,-1.08912320334,0.130672572558,0.0837805890997,-3.49287123457,0.15522881993,0.0679290712885,-4.50696641239,-0.17331363591,-0.0863270885667,1.94676660009,0.395556978095,5.03029228237,1.64869951681,1.94676660009,5.03029228237,-0.211980154803,-0.319675137093,-773,-0.0994851994852,-0.376670255258,-0.027027027027,0.0810810810811,-0.0540540540541,172,16,170,974,0.502923976608,0.983838383838,0.0161616161616,0.497076023392,0.914893617021,0.502923976608,0.649056603774,0.610739067876,0.486762360447,0.480446927374,32,186,0,0,0,0
762,WLNM_dir_neg,0.49885102324,0.338256460492,00:00:07,10,20,35,1234860770,threshold_sweep,0.6,0.5,0.0806451612903,0.138888888889,15,15,171,357,0.0806451612903,0.959677419355,0.0403225806452,0.91935483871,0.5,0.0806451612903,0.138888888889,0.666666666667,0.648745519713,0.0510204081633,0.0842749828079,0.0403225806452,342,156,186,0,342,0,156,0,186,37,342,0.256756756757,1.72528881811,18.4864864865,15.5454545455,9.77142857143,5.36771015539,0.290358590277,0.142642642643,9.50849154237,1.02869645341,0.544491860281,8.05331334643,0.871264894205,0.461830251304,0.640599570326,0.371299902718,2,1.72528881811,0.640599570326,2,0.344071394247,0.376569037657,810,0.104247104247,0.56957682835,37,37,37,1,0,0.405405405405,0.540540540541,0.0540540540541,37,0.117117117117,2.18635635636,8.43243243243,7.09090909091,4.45714285714,5.03620525429,0.597242289772,0.326923076923,6.00062559301,1.42322530091,0.680526680527,3.83793300225,0.910278981302,0.463617463617,1.32204914232,0.604681454823,4.3462962963,2.18635635636,1.32204914232,4.3462962963,0,0,0,0,0.160896782956,37,37,37,1,0,0.405405405405,0.540540540541,0.0540540540541,37,186,0.13963963964,3.37182222984,10.0540540541,8.08695652174,5.02702702703,4.26839773442,0.424544935951,0.229293809939,5.9697686838,1.18753463065,0.614065678582,3.57838019288,0.711828317939,0.380993897123,2.58521728888,0.766712214542,7.03090470271,3.37182222984,2.58521728888,7.03090470271,0.130441537794,0.0543197102949,35,0.0045045045045,0.192073949779,37,37,37,1,0,0.378378378378,0.621621621622,0,-156,-0.117117117117,1.64653341172,-8.43243243243,-7.45849802372,-4.7444015444,-1.09931242097,0.134186345673,0.0866511672963,-3.53872285857,0.158838177235,0.0695738183005,-4.47493315355,-0.159436576266,-0.080836354181,1.94461771855,0.395412311824,5.03090470271,1.64653341172,1.94461771855,5.03090470271,-0.213629856453,-0.322249327362,-775,-0.0997425997426,-0.377502878571,-0.027027027027,0.0810810810811,-0.0540540540541,171,15,171,975,0.5,0.984848484848,0.0151515151515,0.5,0.91935483871,0.5,0.647727272727,0.611065707531,0.484848484848,0.478991596639,30,186,0,0,0,0
763,WLNM_dir_neg,0.49885102324,0.338256460492,00:00:07,10,20,35,1234860770,threshold_sweep,0.7,0.51724137931,0.0806451612903,0.139534883721,15,14,171,358,0.0806451612903,0.962365591398,0.0376344086022,0.91935483871,0.51724137931,0.0806451612903,0.139534883721,0.668458781362,0.649342891278,0.0545144804089,0.0913436054676,0.0430107526882,342,156,186,0,342,0,156,0,186,37,342,0.256756756757,1.72528881811,18.4864864865,15.5454545455,9.77142857143,5.36771015539,0.290358590277,0.142642642643,9.50849154237,1.02869645341,0.544491860281,8.05331334643,0.871264894205,0.461830251304,0.640599570326,0.371299902718,2,1.72528881811,0.640599570326,2,0.344071394247,0.376569037657,810,0.104247104247,0.56957682835,37,37,37,1,0,0.405405405405,0.540540540541,0.0540540540541,37,0.117117117117,2.18635635636,8.43243243243,7.09090909091,4.45714285714,5.03620525429,0.597242289772,0.326923076923,6.00062559301,1.42322530091,0.680526680527,3.83793300225,0.910278981302,0.463617463617,1.32204914232,0.604681454823,4.3462962963,2.18635635636,1.32204914232,4.3462962963,0,0,0,0,0.160896782956,37,37,37,1,0,0.405405405405,0.540540540541,0.0540540540541,37,185,0.138888888889,3.58685555782,10,8.04347826087,5,4.22952584682,0.422952584682,0.229364499635,5.98145281498,1.196290563,0.617092768444,3.59783885749,0.719567771497,0.384222059898,2.86677740669,0.799245288937,7.41815777002,3.58685555782,2.86677740669,7.41815777002,0.135096823332,0.0549738219895,35,0.0045045045045,0.190701288623,37,37,37,1,0,0.378378378378,0.621621621622,0,-157,-0.117867867868,1.86156673971,-8.48648648649,-7.50197628458,-4.77142857143,-1.13818430858,0.132593994405,0.0867218569921,-3.5270387274,0.16759410958,0.0726009081628,-4.45547448895,-0.151697122707,-0.0776081914062,2.22617783636,0.427945386219,5.41815777002,1.86156673971,2.22617783636,5.41815777002,-0.208974570915,-0.321595215667,-775,-0.0997425997426,-0.378875539727,-0.027027027027,0.0810810810811,-0.0540540540541,171,14,171,976,0.5,0.985858585859,0.0141414141414,0.5,0.924324324324,0.5,0.648956356736,0.613723790883,0.485858585859,0.480337078652,29,186,0,0,0,0
764,WLNM_dir_neg,0.49885102324,0.338256460492,00:00:07,10,20,35,1234860770,threshold_sweep,0.8,0.51724137931,0.0806451612903,0.139534883721,15,14,171,358,0.0806451612903,0.962365591398,0.0376344086022,0.91935483871,0.51724137931,0.0806451612903,0.139534883721,0.668458781362,0.649342891278,0.0545144804089,0.0913436054676,0.0430107526882,342,156,186,0,342,0,156,0,186,37,342,0.256756756757,1.72528881811,18.4864864865,15.5454545455,9.77142857143,5.36771015539,0.290358590277,0.142642642643,9.50849154237,1.02869645341,0.544491860281,8.05331334643,0.871264894205,0.461830251304,0.640599570326,0.371299902718,2,1.72528881811,0.640599570326,2,0.344071394247,0.376569037657,810,0.104247104247,0.56957682835,37,37,37,1,0,0.405405405405,0.540540540541,0.0540540540541,37,0.117117117117,2.18635635636,8.43243243243,7.09090909091,4.45714285714,5.03620525429,0.597242289772,0.326923076923,6.00062559301,1.42322530091,0.680526680527,3.83793300225,0.910278981302,0.463617463617,1.32204914232,0.604681454823,4.3462962963,2.18635635636,1.32204914232,4.3462962963,0,0,0,0,0.160896782956,37,37,37,1,0,0.405405405405,0.540540540541,0.0540540540541,37,185,0.138888888889,3.58685555782,10,8.04347826087,5,4.22952584682,0.422952584682,0.229364499635,5.98145281498,1.196290563,0.617092768444,3.59783885749,0.719567771497,0.384222059898,2.86677740669,0.799245288937,7.41815777002,3.58685555782,2.86677740669,7.41815777002,0.135096823332,0.0549738219895,35,0.0045045045045,0.190701288623,37,37,37,1,0,0.378378378378,0.621621621622,0,-157,-0.117867867868,1.86156673971,-8.48648648649,-7.50197628458,-4.77142857143,-1.13818430858,0.132593994405,0.0867218569921,-3.5270387274,0.16759410958,0.0726009081628,-4.45547448895,-0.151697122707,-0.0776081914062,2.22617783636,0.427945386219,5.41815777002,1.86156673971,2.22617783636,5.41815777002,-0.208974570915,-0.321595215667,-775,-0.0997425997426,-0.378875539727,-0.027027027027,0.0810810810811,-0.0540540540541,171,14,171,976,0.5,0.985858585859,0.0141414141414,0.5,0.924324324324,0.5,0.648956356736,0.613723790883,0.485858585859,0.480337078652,29,186,0,0,0,0
765,WLNM_dir_neg,0.49885102324,0.338256460492,00:00:07,10,20,35,1234860770,threshold_sweep,0.9,0.481481481481,0.0698924731183,0.1220657277,13,14,173,358,0.0698924731183,0.962365591398,0.0376344086022,0.930107526882,0.481481481481,0.0698924731183,0.1220657277,0.664874551971,0.650537634409,0.0410256410256,0.070865867127,0.0322580645161,342,156,186,0,342,0,156,0,186,37,342,0.256756756757,1.72528881811,18.4864864865,15.5454545455,9.77142857143,5.36771015539,0.290358590277,0.142642642643,9.50849154237,1.02869645341,0.544491860281,8.05331334643,0.871264894205,0.461830251304,0.640599570326,0.371299902718,2,1.72528881811,0.640599570326,2,0.344071394247,0.376569037657,810,0.104247104247,0.56957682835,37,37,37,1,0,0.405405405405,0.540540540541,0.0540540540541,37,0.117117117117,2.18635635636,8.43243243243,7.09090909091,4.45714285714,5.03620525429,0.597242289772,0.326923076923,6.00062559301,1.42322530091,0.680526680527,3.83793300225,0.910278981302,0.463617463617,1.32204914232,0.604681454823,4.3462962963,2.18635635636,1.32204914232,4.3462962963,0,0,0,0,0.160896782956,37,37,37,1,0,0.405405405405,0.540540540541,0.0540540540541,37,183,0.137387387387,3.62801730023,9.89189189189,7.95652173913,4.94594594595,4.10138041656,0.414620424625,0.224486781864,5.92520954128,1.19799318594,0.618520159504,3.63582442085,0.735112041373,0.389898094816,2.91595727742,0.803733013413,7.50344278638,3.62801730023,2.91595727742,7.50344278638,0.131372090196,0.0517520215633,32,0.0041184041184,0.189975373125,37,37,37,1,0,0.378378378378,0.621621621622,0,-159,-0.119369369369,1.90272848211,-8.59459459459,-7.58893280632,-4.82548262548,-1.26632973884,0.124261834348,0.0818441392212,-3.58328200109,0.169296732528,0.0740282992224,-4.41748892559,-0.136152852832,-0.0719321564878,2.2753577071,0.432433110695,5.50344278638,1.90272848211,2.2753577071,5.50344278638,-0.212699304052,-0.324817016094,-778,-0.100128700129,-0.379601455225,-0.027027027027,0.0810810810811,-0.0540540540541,169,14,173,976,0.494152046784,0.985858585859,0.0141414141414,0.505847953216,0.92349726776,0.494152046784,0.64380952381,0.609110307218,0.480010632642,0.474719101124,27,186,0,0,0,0
766,WLNM_dir_neg,0.32326714071,0.295107609174,00:00:10,10,20,36,1234860771,threshold_sweep,0.1,0.369230769231,0.129032258065,0.191235059761,24,41,162,331,0.129032258065,0.889784946237,0.110215053763,0.870967741935,0.369230769231,0.129032258065,0.191235059761,0.636200716846,0.627837514934,0.0224719101124,0.0276504946026,0.0188172043011,342,156,186,0,342,0,156,0,186,37,342,0.256756756757,1.72528881811,18.4864864865,15.5454545455,9.77142857143,5.36771015539,0.290358590277,0.142642642643,9.50849154237,1.02869645341,0.544491860281,8.05331334643,0.871264894205,0.461830251304,0.640599570326,0.371299902718,2,1.72528881811,0.640599570326,2,0.344071394247,0.376569037657,810,0.104247104247,0.56957682835,37,37,37,1,0,0.405405405405,0.540540540541,0.0540540540541,37,0.117117117117,2.21261261261,8.43243243243,7.09090909091,4.45714285714,5.04722443274,0.598549051319,0.327616077616,6.00525295579,1.42432281644,0.680873180873,3.83793300225,0.910278981302,0.463617463617,1.39215458577,0.629190386892,5.2,2.21261261261,1.39215458577,5.2,0,0,0,0,0.161113233172,37,37,37,1,0,0.405405405405,0.540540540541,0.0540540540541,37,221,0.165915915916,1,11.9459459459,6.31428571429,5.97297297297,4.65442409581,0.389623736527,0.210712975419,5.44409203983,0.91145432341,0.481105539929,3.60159290752,0.602981618,0.330683624801,0,0,0,NaN,NaN,NaN,0.168674656446,0.107401448109,89,0.0114543114543,0.151548527263,37,37,0,1,3,0.0540540540541,0.945945945946,0,-121,-0.0908408408408,-0.725288818115,-6.54054054054,-9.23116883117,-3.79845559846,-0.713286059583,0.09926514625,0.0680703327762,-4.06439950254,-0.117242130004,-0.0633863203523,-4.45172043892,-0.268283276204,-0.131146626503,-0.640599570326,-0.371299902718,-2,NaN,NaN,NaN,-0.175396737802,-0.269167589547,-721,-0.0927927927928,-0.418028301086,-0.351351351351,0.405405405405,-0.0540540540541,180,41,162,949,0.526315789474,0.958585858586,0.0414141414141,0.473684210526,0.814479638009,0.526315789474,0.639431616341,0.569417937829,0.48490164806,0.469973890339,65,186,0,0,0,0
767,WLNM_dir_neg,0.32326714071,0.295107609174,00:00:10,10,20,36,1234860771,threshold_sweep,0.2,0.510638297872,0.129032258065,0.206008583691,24,23,162,349,0.129032258065,0.938172043011,0.0618279569892,0.870967741935,0.510638297872,0.129032258065,0.206008583691,0.668458781362,0.638590203106,0.0826446280992,0.114068474047,0.0672043010753,342,156,186,0,342,0,156,0,186,37,342,0.256756756757,1.72528881811,18.4864864865,15.5454545455,9.77142857143,5.36771015539,0.290358590277,0.142642642643,9.50849154237,1.02869645341,0.544491860281,8.05331334643,0.871264894205,0.461830251304,0.640599570326,0.371299902718,2,1.72528881811,0.640599570326,2,0.344071394247,0.376569037657,810,0.104247104247,0.56957682835,37,37,37,1,0,0.405405405405,0.540540540541,0.0540540540541,37,0.117117117117,2.21261261261,8.43243243243,7.09090909091,4.45714285714,5.04722443274,0.598549051319,0.327616077616,6.00525295579,1.42432281644,0.680873180873,3.83793300225,0.910278981302,0.463617463617,1.39215458577,0.629190386892,5.2,2.21261261261,1.39215458577,5.2,0,0,0,0,0.161113233172,37,37,37,1,0,0.405405405405,0.540540540541,0.0540540540541,37,203,0.152402402402,7.53813615683,10.972972973,7,5.48648648649,4.62172698895,0.421191868451,0.223272533617,5.79090101232,1.05548442097,0.557582212755,3.6103371774,0.658041751546,0.356011183597,3.91976974857,0.519991900785,10.7366693105,7.53813615683,3.91976974857,10.7366693105,0.184263997422,0.103538663172,79,0.0101673101673,0.190623536054,37,37,37,1,0,0.216216216216,0.783783783784,0,-139,-0.104354354354,5.81284733871,-7.51351351351,-8.54545454545,-4.28494208494,-0.745983166446,0.130833278174,0.0806298909747,-3.71759053005,0.0267879675506,0.0130903524733,-4.44297616903,-0.213223142659,-0.105819067707,3.27917017824,0.148691998068,8.73666931054,5.81284733871,3.27917017824,8.73666931054,-0.159807396826,-0.273030374485,-731,-0.0940797940798,-0.378953292296,-0.189189189189,0.243243243243,-0.0540540540541,180,23,162,967,0.526315789474,0.976767676768,0.0232323232323,0.473684210526,0.886699507389,0.526315789474,0.660550458716,0.611470775015,0.503083466241,0.493150684932,47,186,0,0,0,0
768,WLNM_dir_neg,0.32326714071,0.295107609174,00:00:10,10,20,36,1234860771,threshold_sweep,0.3,0.621621621622,0.123655913978,0.206278026906,23,14,163,358,0.123655913978,0.962365591398,0.0376344086022,0.876344086022,0.621621621622,0.123655913978,0.206278026906,0.682795698925,0.644563918757,0.10756302521,0.162972848661,0.0860215053763,342,156,186,0,342,0,156,0,186,37,342,0.256756756757,1.72528881811,18.4864864865,15.5454545455,9.77142857143,5.36771015539,0.290358590277,0.142642642643,9.50849154237,1.02869645341,0.544491860281,8.05331334643,0.871264894205,0.461830251304,0.640599570326,0.371299902718,2,1.72528881811,0.640599570326,2,0.344071394247,0.376569037657,810,0.104247104247,0.56957682835,37,37,37,1,0,0.405405405405,0.540540540541,0.0540540540541,37,0.117117117117,2.21261261261,8.43243243243,7.09090909091,4.45714285714,5.04722443274,0.598549051319,0.327616077616,6.00525295579,1.42432281644,0.680873180873,3.83793300225,0.910278981302,0.463617463617,1.39215458577,0.629190386892,5.2,2.21261261261,1.39215458577,5.2,0,0,0,0,0.161113233172,37,37,37,1,0,0.405405405405,0.540540540541,0.0540540540541,37,193,0.144894894895,4.16175984652,10.4324324324,8.39130434783,5.21621621622,4.25924185051,0.408269296552,0.218736871587,5.96813359591,1.14414996398,0.598235541241,3.42486930112,0.656581161354,0.355692480045,3.63714708391,0.873944489361,10.2154589426,4.16175984652,3.63714708391,10.2154589426,0.166831147636,0.0745977571916,51,0.00656370656371,0.195545608587,37,37,37,1,0,0.378378378378,0.621621621622,0,-149,-0.111861861862,2.4364710284,-8.05405405405,-7.15415019763,-4.55521235521,-1.10846830488,0.117910706274,0.076094228944,-3.54035794647,0.115453510568,0.0537436809594,-4.62844404532,-0.214683732851,-0.106137771259,2.99654751358,0.502644586644,8.2154589426,2.4364710284,2.99654751358,8.2154589426,-0.177240246611,-0.301971280465,-759,-0.0976833976834,-0.374031219763,-0.027027027027,0.0810810810811,-0.0540540540541,179,14,163,976,0.523391812865,0.985858585859,0.0141414141414,0.476608187135,0.927461139896,0.523391812865,0.669158878505,0.63200645139,0.509250398724,0.502808988764,37,186,0,0,0,0
769,WLNM_dir_neg,0.32326714071,0.295107609174,00:00:10,10,20,36,1234860771,threshold_sweep,0.4,0.647058823529,0.118279569892,0.2,22,12,164,360,0.118279569892,0.967741935484,0.0322580645161,0.881720430108,0.647058823529,0.118279569892,0.2,0.68458781362,0.646356033453,0.108108108108,0.169523487583,0.0860215053763,342,156,186,0,342,0,156,0,186,37,342,0.256756756757,1.72528881811,18.4864864865,15.5454545455,9.77142857143,5.36771015539,0.290358590277,0.142642642643,9.50849154237,1.02869645341,0.544491860281,8.05331334643,0.871264894205,0.461830251304,0.640599570326,0.371299902718,2,1.72528881811,0.640599570326,2,0.344071394247,0.376569037657,810,0.104247104247,0.56957682835,37,37,37,1,0,0.405405405405,0.540540540541,0.0540540540541,37,0.117117117117,2.21261261261,8.43243243243,7.09090909091,4.45714285714,5.04722443274,0.598549051319,0.327616077616,6.00525295579,1.42432281644,0.680873180873,3.83793300225,0.910278981302,0.463617463617,1.39215458577,0.629190386892,5.2,2.21261261261,1.39215458577,5.2,0,0,0,0,0.161113233172,37,37,37,1,0,0.405405405405,0.540540540541,0.0540540540541,37,190,0.142642642643,4.11660075439,10.2702702703,8.26086956522,5.13513513514,4.31823426265,0.42045965189,0.224893314367,5.9682593878,1.16223998605,0.605689900427,3.46540170962,0.674841385557,0.364153627312,3.6027008746,0.875164022344,10.0733570847,4.11660075439,3.6027008746,10.0733570847,0.163934044739,0.067264573991,45,0.00579150579151,0.194383248314,37,37,37,1,0,0.378378378378,0.621621621622,0,-152,-0.114114114114,2.39131193628,-8.21621621622,-7.28458498024,-4.63629343629,-1.04947589274,0.130101061613,0.0822506717244,-3.54023215457,0.133543532631,0.0611980401454,-4.58791163682,-0.196423508648,-0.0976766239924,2.96210130427,0.503864119627,8.07335708468,2.39131193628,2.96210130427,8.07335708468,-0.180137349508,-0.309304463666,-765,-0.0984555984556,-0.375193580036,-0.027027027027,0.0810810810811,-0.0540540540541,178,12,164,978,0.520467836257,0.987878787879,0.0121212121212,0.479532163743,0.936842105263,0.520467836257,0.669172932331,0.635010259072,0.508346624136,0.502824858757,34,186,0,0,0,0
770,WLNM_dir_neg,0.32326714071,0.295107609174,00:00:10,10,20,36,1234860771,threshold_sweep,0.5,0.677419354839,0.112903225806,0.193548387097,21,10,165,362,0.112903225806,0.97311827957,0.0268817204301,0.887096774194,0.677419354839,0.112903225806,0.193548387097,0.686379928315,0.648148148148,0.108658743633,0.177030797566,0.0860215053763,342,156,186,0,342,0,156,0,186,37,342,0.256756756757,1.72528881811,18.4864864865,15.5454545455,9.77142857143,5.36771015539,0.290358590277,0.142642642643,9.50849154237,1.02869645341,0.544491860281,8.05331334643,0.871264894205,0.461830251304,0.640599570326,0.371299902718,2,1.72528881811,0.640599570326,2,0.344071394247,0.376569037657,810,0.104247104247,0.56957682835,37,37,37,1,0,0.405405405405,0.540540540541,0.0540540540541,37,0.117117117117,2.21261261261,8.43243243243,7.09090909091,4.45714285714,5.04722443274,0.598549051319,0.327616077616,6.00525295579,1.42432281644,0.680873180873,3.83793300225,0.910278981302,0.463617463617,1.39215458577,0.629190386892,5.2,2.21261261261,1.39215458577,5.2,0,0,0,0,0.161113233172,37,37,37,1,0,0.405405405405,0.540540540541,0.0540540540541,37,187,0.14039039039,4.14810679754,10.1081081081,8.13043478261,5.05405405405,4.19512801939,0.415026034004,0.222141928024,5.90642750619,1.16865143171,0.608180372886,3.5193587322,0.69634370637,0.374331550802,3.64354735718,0.878363922389,10.1907205001,4.14810679754,3.64354735718,10.1907205001,0.158044959438,0.059693877551,39,0.00501930501931,0.192862305488,37,37,37,1,0,0.378378378378,0.621621621622,0,-155,-0.116366366366,2.42281797942,-8.37837837838,-7.41501976285,-4.71737451737,-1.172582136,0.124667443727,0.0794992853816,-3.60206403618,0.139954978291,0.0636885126049,-4.53395461424,-0.174921187834,-0.0874987005018,3.00294778685,0.507064019672,8.19072050011,2.42281797942,3.00294778685,8.19072050011,-0.186026434809,-0.316875160106,-771,-0.0992277992278,-0.376714522862,-0.027027027027,0.0810810810811,-0.0540540540541,177,10,165,980,0.517543859649,0.989898989899,0.010101010101,0.482456140351,0.946524064171,0.517543859649,0.669187145558,0.638108075619,0.507442849548,0.502840909091,31,186,0,0,0,0
771,WLNM_dir_neg,0.32326714071,0.295107609174,00:00:10,10,20,36,1234860771,threshold_sweep,0.6,0.666666666667,0.10752688172,0.185185185185,20,10,166,362,0.10752688172,0.97311827957,0.0268817204301,0.89247311828,0.666666666667,0.10752688172,0.185185185185,0.68458781362,0.648745519713,0.102040816327,0.168549965616,0.0806451612903,342,156,186,0,342,0,156,0,186,37,342,0.256756756757,1.72528881811,18.4864864865,15.5454545455,9.77142857143,5.36771015539,0.290358590277,0.142642642643,9.50849154237,1.02869645341,0.544491860281,8.05331334643,0.871264894205,0.461830251304,0.640599570326,0.371299902718,2,1.72528881811,0.640599570326,2,0.344071394247,0.376569037657,810,0.104247104247,0.56957682835,37,37,37,1,0,0.405405405405,0.540540540541,0.0540540540541,37,0.117117117117,2.21261261261,8.43243243243,7.09090909091,4.45714285714,5.04722443274,0.598549051319,0.327616077616,6.00525295579,1.42432281644,0.680873180873,3.83793300225,0.910278981302,0.463617463617,1.39215458577,0.629190386892,5.2,2.21261261261,1.39215458577,5.2,0,0,0,0,0.161113233172,37,37,37,1,0,0.405405405405,0.540540540541,0.0540540540541,37,186,0.13963963964,3.97341792446,10.0540540541,8.08695652174,5.02702702703,4.21601408617,0.419334734377,0.224208079047,5.89484938308,1.17263132889,0.609125254287,3.54719362068,0.705624537447,0.37925021796,3.41757618848,0.860109923862,9.53998557007,3.97341792446,3.41757618848,9.53998557007,0.151387652781,0.055469953775,36,0.0046332046332,0.192871858956,37,37,37,1,0,0.378378378378,0.621621621622,0,-156,-0.117117117117,2.24812910635,-8.43243243243,-7.45849802372,-4.7444015444,-1.15169606922,0.1289761441,0.0815654364041,-3.61364215929,0.143934875478,0.0646333940052,-4.50611972576,-0.165640356758,-0.082580033344,2.77697661816,0.488810021144,7.53998557007,2.24812910635,2.77697661816,7.53998557007,-0.192683741467,-0.321099083882,-774,-0.0996138996139,-0.376704969393,-0.027027027027,0.0810810810811,-0.0540540540541,176,10,166,980,0.514619883041,0.989898989899,0.010101010101,0.485380116959,0.94623655914,0.514619883041,0.666666666667,0.63585675049,0.50451887294,0.5,30,186,0,0,0,0
772,WLNM_dir_neg,0.32326714071,0.295107609174,00:00:10,10,20,36,1234860771,threshold_sweep,0.7,0.666666666667,0.10752688172,0.185185185185,20,10,166,362,0.10752688172,0.97311827957,0.0268817204301,0.89247311828,0.666666666667,0.10752688172,0.185185185185,0.68458781362,0.648745519713,0.102040816327,0.168549965616,0.0806451612903,342,156,186,0,342,0,156,0,186,37,342,0.256756756757,1.72528881811,18.4864864865,15.5454545455,9.77142857143,5.36771015539,0.290358590277,0.142642642643,9.50849154237,1.02869645341,0.544491860281,8.05331334643,0.871264894205,0.461830251304,0.640599570326,0.371299902718,2,1.72528881811,0.640599570326,2,0.344071394247,0.376569037657,810,0.104247104247,0.56957682835,37,37,37,1,0,0.405405405405,0.540540540541,0.0540540540541,37,0.117117117117,2.21261261261,8.43243243243,7.09090909091,4.45714285714,5.04722443274,0.598549051319,0.327616077616,6.00525295579,1.42432281644,0.680873180873,3.83793300225,0.910278981302,0.463617463617,1.39215458577,0.629190386892,5.2,2.21261261261,1.39215458577,5.2,0,0,0,0,0.161113233172,37,37,37,1,0,0.405405405405,0.540540540541,0.0540540540541,37,186,0.13963963964,3.97341792446,10.0540540541,8.08695652174,5.02702702703,4.21601408617,0.419334734377,0.224208079047,5.89484938308,1.17263132889,0.609125254287,3.54719362068,0.705624537447,0.37925021796,3.41757618848,0.860109923862,9.53998557007,3.97341792446,3.41757618848,9.53998557007,0.151387652781,0.055469953775,36,0.0046332046332,0.192871858956,37,37,37,1,0,0.378378378378,0.621621621622,0,-156,-0.117117117117,2.24812910635,-8.43243243243,-7.45849802372,-4.7444015444,-1.15169606922,0.1289761441,0.0815654364041,-3.61364215929,0.143934875478,0.0646333940052,-4.50611972576,-0.165640356758,-0.082580033344,2.77697661816,0.488810021144,7.53998557007,2.24812910635,2.77697661816,7.53998557007,-0.192683741467,-0.321099083882,-774,-0.0996138996139,-0.376704969393,-0.027027027027,0.0810810810811,-0.0540540540541,176,10,166,980,0.514619883041,0.989898989899,0.010101010101,0.485380116959,0.94623655914,0.514619883041,0.666666666667,0.63585675049,0.50451887294,0.5,30,186,0,0,0,0
773,WLNM_dir_neg,0.32326714071,0.295107609174,00:00:10,10,20,36,1234860771,threshold_sweep,0.8,0.6,0.0806451612903,0.142180094787,15,10,171,362,0.0806451612903,0.97311827957,0.0268817204301,0.91935483871,0.6,0.0806451612903,0.142180094787,0.675627240143,0.651732377539,0.0686106346484,0.122512778366,0.0537634408602,342,156,186,0,342,0,156,0,186,37,342,0.256756756757,1.72528881811,18.4864864865,15.5454545455,9.77142857143,5.36771015539,0.290358590277,0.142642642643,9.50849154237,1.02869645341,0.544491860281,8.05331334643,0.871264894205,0.461830251304,0.640599570326,0.371299902718,2,1.72528881811,0.640599570326,2,0.344071394247,0.376569037657,810,0.104247104247,0.56957682835,37,37,37,1,0,0.405405405405,0.540540540541,0.0540540540541,37,0.117117117117,2.21261261261,8.43243243243,7.09090909091,4.45714285714,5.04722443274,0.598549051319,0.327616077616,6.00525295579,1.42432281644,0.680873180873,3.83793300225,0.910278981302,0.463617463617,1.39215458577,0.629190386892,5.2,2.21261261261,1.39215458577,5.2,0,0,0,0,0.161113233172,37,37,37,1,0,0.405405405405,0.540540540541,0.0540540540541,37,181,0.135885885886,3.79141565906,9.78378378378,7.86956521739,4.89189189189,4.19083083207,0.428344587809,0.22577273406,5.88682041977,1.20338317973,0.618784530387,3.49431112098,0.714306693239,0.383455278483,3.16471427429,0.834705175818,9.2599972607,3.79141565906,3.16471427429,9.2599972607,0.12336348954,0.0388559093362,24,0.0030888030888,0.176245182073,37,37,37,1,0,0.378378378378,0.621621621622,0,-161,-0.120870870871,2.06612684094,-8.7027027027,-7.67588932806,-4.87953667954,-1.17687932332,0.137985997532,0.0831300914174,-3.6216711226,0.174686726318,0.0742926701054,-4.55900222545,-0.156958200966,-0.078374972821,2.52411470396,0.4634052731,7.2599972607,2.06612684094,2.52411470396,7.2599972607,-0.220707904707,-0.337713128321,-786,-0.101158301158,-0.393331646276,-0.027027027027,0.0810810810811,-0.0540540540541,171,10,171,980,0.5,0.989898989899,0.010101010101,0.5,0.944751381215,0.5,0.653919694073,0.6245399801,0.489898989899,0.485795454545,25,186,0,0,0,0
774,WLNM_dir_neg,0.32326714071,0.295107609174,00:00:10,10,20,36,1234860771,threshold_sweep,0.9,0.652173913043,0.0806451612903,0.143540669856,15,8,171,364,0.0806451612903,0.978494623656,0.0215053763441,0.91935483871,0.652173913043,0.0806451612903,0.143540669856,0.679211469534,0.652927120669,0.0757314974182,0.140238376035,0.0591397849462,342,156,186,0,342,0,156,0,186,37,342,0.256756756757,1.72528881811,18.4864864865,15.5454545455,9.77142857143,5.36771015539,0.290358590277,0.142642642643,9.50849154237,1.02869645341,0.544491860281,8.05331334643,0.871264894205,0.461830251304,0.640599570326,0.371299902718,2,1.72528881811,0.640599570326,2,0.344071394247,0.376569037657,810,0.104247104247,0.56957682835,37,37,37,1,0,0.405405405405,0.540540540541,0.0540540540541,37,0.117117117117,2.21261261261,8.43243243243,7.09090909091,4.45714285714,5.04722443274,0.598549051319,0.327616077616,6.00525295579,1.42432281644,0.680873180873,3.83793300225,0.910278981302,0.463617463617,1.39215458577,0.629190386892,5.2,2.21261261261,1.39215458577,5.2,0,0,0,0,0.161113233172,37,37,37,1,0,0.405405405405,0.540540540541,0.0540540540541,37,179,0.134384384384,3.87762335483,9.67567567568,7.78260869565,4.83783783784,4.34008483055,0.448556253436,0.237354673109,5.9184903927,1.22337510911,0.6272082138,3.52383561158,0.728390601276,0.388645628869,3.29799641261,0.850520050769,9.33347406938,3.87762335483,3.29799641261,9.33347406938,0.124988644106,0.0375203915171,23,0.0029601029601,0.177957962047,37,37,37,1,0,0.378378378378,0.621621621622,0,-163,-0.122372372372,2.15233453672,-8.81081081081,-7.7628458498,-4.93359073359,-1.02762532485,0.158197663159,0.0947120304662,-3.59000114967,0.194678655692,0.0827163535191,-4.52947773486,-0.142874292929,-0.0731846224348,2.65739684229,0.479220148051,7.33347406938,2.15233453672,2.65739684229,7.33347406938,-0.219082750141,-0.33904864614,-787,-0.101287001287,-0.391618866303,-0.027027027027,0.0810810810811,-0.0540540540541,171,8,171,982,0.5,0.991919191919,0.00808080808081,0.5,0.95530726257,0.5,0.656429942418,0.630061942497,0.491919191919,0.488571428571,23,186,0,0,0,0
775,WLNM_dir_neg,0.540105792577,0.436205298478,00:00:06,10,20,37,1234860772,threshold_sweep,0.1,0.607843137255,0.166666666667,0.261603375527,31,20,155,352,0.166666666667,0.94623655914,0.0537634408602,0.833333333333,0.607843137255,0.166666666667,0.261603375527,0.686379928315,0.636200716846,0.137931034483,0.184690784,0.112903225806,342,156,186,0,342,0,156,0,186,37,342,0.256756756757,1.72528881811,18.4864864865,15.5454545455,9.77142857143,5.36771015539,0.290358590277,0.142642642643,9.50849154237,1.02869645341,0.544491860281,8.05331334643,0.871264894205,0.461830251304,0.640599570326,0.371299902718,2,1.72528881811,0.640599570326,2,0.344071394247,0.376569037657,810,0.104247104247,0.56957682835,37,37,37,1,0,0.405405405405,0.540540540541,0.0540540540541,37,0.117117117117,2.18481481481,8.43243243243,7.09090909091,4.45714285714,5.03620525429,0.597242289772,0.326923076923,6.00062559301,1.42322530091,0.680526680527,3.83793300225,0.910278981302,0.463617463617,1.318977792,0.603702328937,4.32037037037,2.18481481481,1.318977792,4.32037037037,0,0,0,0,0.160896782956,37,37,37,1,0,0.405405405405,0.540540540541,0.0540540540541,37,207,0.155405405405,24.2423723972,11.1891891892,6.27272727273,5.75,5.00465249009,0.447275705636,0.236714975845,5.83790040007,1.04348944349,0.542107324716,3.92611951097,0.701770154135,0.379684031858,8.7802609283,0.362186537871,31.0544836941,24.2423723972,8.7802609283,31.0544836941,0.190083006182,0.115191986644,92,0.0118404118404,0.20772580347,37,37,37,1,0,0.108108108108,0.864864864865,0.027027027027,-135,-0.101351351351,22.5170835791,-7.2972972973,-9.27272727273,-4.02142857143,-0.363057665305,0.156917115359,0.0940723332028,-3.67059114231,0.0147929900751,-0.00238453556531,-4.12719383546,-0.16949474007,-0.082146219446,8.13966135798,-0.00911336484703,29.0544836941,22.5170835791,8.13966135798,29.0544836941,-0.153988388065,-0.261377051012,-718,-0.0924066924067,-0.36185102488,-0.297297297297,0.324324324324,-0.027027027027,187,20,155,970,0.546783625731,0.979797979798,0.020202020202,0.453216374269,0.903381642512,0.546783625731,0.681238615665,0.634943235487,0.526581605529,0.516574585635,51,186,0,0,0,0
776,WLNM_dir_neg,0.540105792577,0.436205298478,00:00:06,10,20,37,1234860772,threshold_sweep,0.2,0.769230769231,0.161290322581,0.266666666667,30,9,156,363,0.161290322581,0.975806451613,0.0241935483871,0.838709677419,0.769230769231,0.161290322581,0.266666666667,0.704301075269,0.643369175627,0.170854271357,0.253477372015,0.137096774194,342,156,186,0,342,0,156,0,186,37,342,0.256756756757,1.72528881811,18.4864864865,15.5454545455,9.77142857143,5.36771015539,0.290358590277,0.142642642643,9.50849154237,1.02869645341,0.544491860281,8.05331334643,0.871264894205,0.461830251304,0.640599570326,0.371299902718,2,1.72528881811,0.640599570326,2,0.344071394247,0.376569037657,810,0.104247104247,0.56957682835,37,37,37,1,0,0.405405405405,0.540540540541,0.0540540540541,37,0.117117117117,2.18481481481,8.43243243243,7.09090909091,4.45714285714,5.03620525429,0.597242289772,0.326923076923,6.00062559301,1.42322530091,0.680526680527,3.83793300225,0.910278981302,0.463617463617,1.318977792,0.603702328937,4.32037037037,2.18481481481,1.318977792,4.32037037037,0,0,0,0,0.160896782956,37,37,37,1,0,0.405405405405,0.540540540541,0.0540540540541,37,195,0.146396396396,4.43430573239,10.5405405405,8.47826086957,5.41666666667,4.50675169172,0.427563622035,0.229521829522,6.0674388183,1.15125762193,0.598475398475,3.61823045032,0.686536034162,0.373388773389,4.01497383705,0.905434599991,11.2654518221,4.43430573239,4.01497383705,11.2654518221,0.168513457368,0.0784220532319,55,0.00707850707851,0.209500185254,37,37,37,1,0,0.378378378378,0.594594594595,0.027027027027,-147,-0.11036036036,2.70901691428,-7.94594594595,-7.06719367589,-4.35476190476,-0.860958463674,0.137205031758,0.0868791868792,-3.44105272407,0.122561168519,0.0539835381941,-4.43508289612,-0.184728860042,-0.0884414779152,3.37437426672,0.534134697273,9.26545182206,2.70901691428,3.37437426672,9.26545182206,-0.175557936879,-0.298146984425,-755,-0.0971685971686,-0.360076643095,-0.027027027027,0.0540540540541,-0.027027027027,186,9,156,981,0.543859649123,0.990909090909,0.00909090909091,0.456140350877,0.953846153846,0.543859649123,0.692737430168,0.660844264214,0.534768740032,0.529914529915,39,186,0,0,0,0
777,WLNM_dir_neg,0.540105792577,0.436205298478,00:00:06,10,20,37,1234860772,threshold_sweep,0.3,0.794117647059,0.145161290323,0.245454545455,27,7,159,365,0.145161290323,0.981182795699,0.0188172043011,0.854838709677,0.794117647059,0.145161290323,0.245454545455,0.702508960573,0.646356033453,0.158783783784,0.248987622388,0.126344086022,342,156,186,0,342,0,156,0,186,37,342,0.256756756757,1.72528881811,18.4864864865,15.5454545455,9.77142857143,5.36771015539,0.290358590277,0.142642642643,9.50849154237,1.02869645341,0.544491860281,8.05331334643,0.871264894205,0.461830251304,0.640599570326,0.371299902718,2,1.72528881811,0.640599570326,2,0.344071394247,0.376569037657,810,0.104247104247,0.56957682835,37,37,37,1,0,0.405405405405,0.540540540541,0.0540540540541,37,0.117117117117,2.18481481481,8.43243243243,7.09090909091,4.45714285714,5.03620525429,0.597242289772,0.326923076923,6.00062559301,1.42322530091,0.680526680527,3.83793300225,0.910278981302,0.463617463617,1.318977792,0.603702328937,4.32037037037,2.18481481481,1.318977792,4.32037037037,0,0,0,0,0.160896782956,37,37,37,1,0,0.405405405405,0.540540540541,0.0540540540541,37,190,0.142642642643,4.5856139001,10.2702702703,8.26086956522,5.27777777778,4.26646255142,0.415418722112,0.222901849218,5.95428026326,1.15951773548,0.602844950213,3.69054469152,0.718685018875,0.388335704125,4.20358569979,0.916689845976,11.7337237293,4.5856139001,4.20358569979,11.7337237293,0.159671022829,0.0714995034757,48,0.00617760617761,0.20783409097,37,37,37,1,0,0.378378378378,0.594594594595,0.027027027027,-152,-0.114114114114,2.86032508198,-8.21621621622,-7.28458498024,-4.49365079365,-1.10124760397,0.125060131835,0.080259206575,-3.55421127911,0.130821282062,0.058353089932,-4.36276865491,-0.15257987533,-0.0734945471788,3.56298612946,0.545389943259,9.73372372934,2.86032508198,3.56298612946,9.73372372934,-0.184400371418,-0.305069534181,-762,-0.0980694980695,-0.36174273738,-0.027027027027,0.0540540540541,-0.027027027027,183,7,159,983,0.535087719298,0.992929292929,0.00707070707071,0.464912280702,0.963157894737,0.535087719298,0.687969924812,0.659581875455,0.528017012228,0.52435530086,34,186,0,0,0,0
778,WLNM_dir_neg,0.540105792577,0.436205298478,00:00:06,10,20,37,1234860772,threshold_sweep,0.4,0.78125,0.134408602151,0.229357798165,25,7,161,365,0.134408602151,0.981182795699,0.0188172043011,0.865591397849,0.78125,0.134408602151,0.229357798165,0.698924731183,0.647550776583,0.145762711864,0.234361137106,0.115591397849,342,156,186,0,342,0,156,0,186,37,342,0.256756756757,1.72528881811,18.4864864865,15.5454545455,9.77142857143,5.36771015539,0.290358590277,0.142642642643,9.50849154237,1.02869645341,0.544491860281,8.05331334643,0.871264894205,0.461830251304,0.640599570326,0.371299902718,2,1.72528881811,0.640599570326,2,0.344071394247,0.376569037657,810,0.104247104247,0.56957682835,37,37,37,1,0,0.405405405405,0.540540540541,0.0540540540541,37,0.117117117117,2.18481481481,8.43243243243,7.09090909091,4.45714285714,5.03620525429,0.597242289772,0.326923076923,6.00062559301,1.42322530091,0.680526680527,3.83793300225,0.910278981302,0.463617463617,1.318977792,0.603702328937,4.32037037037,2.18481481481,1.318977792,4.32037037037,0,0,0,0,0.160896782956,37,37,37,1,0,0.405405405405,0.540540540541,0.0540540540541,37,188,0.141141141141,4.58790305185,10.1621621622,8.17391304348,5.22222222222,4.25253854587,0.418467888822,0.223548016101,5.89905066929,1.1609833764,0.60408280621,3.74446538521,0.736942655599,0.397929844738,4.20502725322,0.916546667552,11.7337237293,4.58790305185,4.20502725322,11.7337237293,0.156842545,0.0683890577508,45,0.00579150579151,0.207911593616,37,37,37,1,0,0.378378378378,0.594594594595,0.027027027027,-154,-0.115615615616,2.86261423373,-8.32432432432,-7.37154150198,-4.54920634921,-1.11517160953,0.128109298545,0.0809053734586,-3.60944087309,0.132286922987,0.0595909459291,-4.30884796123,-0.134322238605,-0.0639004065656,3.5644276829,0.545246764834,9.73372372934,2.86261423373,3.5644276829,9.73372372934,-0.187228849247,-0.308179979906,-765,-0.0984555984556,-0.361665234733,-0.027027027027,0.0540540540541,-0.027027027027,181,7,161,983,0.529239766082,0.992929292929,0.00707070707071,0.470760233918,0.962765957447,0.529239766082,0.683018867925,0.655163731398,0.522169059011,0.518624641834,32,186,0,0,0,0
779,WLNM_dir_neg,0.540105792577,0.436205298478,00:00:06,10,20,37,1234860772,threshold_sweep,0.5,0.766666666667,0.123655913978,0.212962962963,23,7,163,365,0.123655913978,0.981182795699,0.0188172043011,0.876344086022,0.766666666667,0.123655913978,0.212962962963,0.695340501792,0.648745519713,0.132653061224,0.219114955301,0.104838709677,342,156,186,0,342,0,156,0,186,37,342,0.256756756757,1.72528881811,18.4864864865,15.5454545455,9.77142857143,5.36771015539,0.290358590277,0.142642642643,9.50849154237,1.02869645341,0.544491860281,8.05331334643,0.871264894205,0.461830251304,0.640599570326,0.371299902718,2,1.72528881811,0.640599570326,2,0.344071394247,0.376569037657,810,0.104247104247,0.56957682835,37,37,37,1,0,0.405405405405,0.540540540541,0.0540540540541,37,0.117117117117,2.18481481481,8.43243243243,7.09090909091,4.45714285714,5.03620525429,0.597242289772,0.326923076923,6.00062559301,1.42322530091,0.680526680527,3.83793300225,0.910278981302,0.463617463617,1.318977792,0.603702328937,4.32037037037,2.18481481481,1.318977792,4.32037037037,0,0,0,0,0.160896782956,37,37,37,1,0,0.405405405405,0.540540540541,0.0540540540541,37,186,0.13963963964,4.76387195265,10.0540540541,8.08695652174,5.16666666667,4.28139350333,0.425837525869,0.228857890148,5.90426628468,1.17450458351,0.607962801511,3.78216932524,0.752367016312,0.40424295263,4.42523985305,0.928916624342,12.1185017749,4.76387195265,4.42523985305,12.1185017749,0.157836582759,0.0602471678682,39,0.00501930501931,0.209336441558,37,37,37,1,0,0.378378378378,0.594594594595,0.027027027027,-156,-0.117117117117,3.03858313453,-8.43243243243,-7.45849802372,-4.60476190476,-1.08631665207,0.135478935591,0.0862152475056,-3.6042252577,0.145808130096,0.0634709412299,-4.27114402119,-0.118897877893,-0.0575872986739,3.78464028272,0.557616721624,10.1185017749,3.03858313453,3.78464028272,10.1185017749,-0.186234811488,-0.316321869789,-771,-0.0992277992278,-0.360240386792,-0.027027027027,0.0540540540541,-0.027027027027,179,7,163,983,0.523391812865,0.992929292929,0.00707070707071,0.476608187135,0.962365591398,0.523391812865,0.67803030303,0.650731376266,0.516321105795,0.512893982808,30,186,0,0,0,0
780,WLNM_dir_neg,0.540105792577,0.436205298478,00:00:06,10,20,37,1234860772,threshold_sweep,0.6,0.72,0.0967741935484,0.170616113744,18,7,168,365,0.0967741935484,0.981182795699,0.0188172043011,0.903225806452,0.72,0.0967741935484,0.170616113744,0.686379928315,0.651732377539,0.0994854202401,0.177643528631,0.0779569892473,342,156,186,0,342,0,156,0,186,37,342,0.256756756757,1.72528881811,18.4864864865,15.5454545455,9.77142857143,5.36771015539,0.290358590277,0.142642642643,9.50849154237,1.02869645341,0.544491860281,8.05331334643,0.871264894205,0.461830251304,0.640599570326,0.371299902718,2,1.72528881811,0.640599570326,2,0.344071394247,0.376569037657,810,0.104247104247,0.56957682835,37,37,37,1,0,0.405405405405,0.540540540541,0.0540540540541,37,0.117117117117,2.18481481481,8.43243243243,7.09090909091,4.45714285714,5.03620525429,0.597242289772,0.326923076923,6.00062559301,1.42322530091,0.680526680527,3.83793300225,0.910278981302,0.463617463617,1.318977792,0.603702328937,4.32037037037,2.18481481481,1.318977792,4.32037037037,0,0,0,0,0.160896782956,37,37,37,1,0,0.405405405405,0.540540540541,0.0540540540541,37,181,0.135885885886,4.95242451655,9.78378378378,7.86956521739,5.02777777778,4.33419949763,0.442998291195,0.239808869643,5.86317975819,1.1985505583,0.614304912647,3.87143229154,0.791397761254,0.421382708676,4.65617432412,0.940180775811,12.444356628,4.95242451655,4.65617432412,12.444356628,0.153905673256,0.0516962843296,32,0.0041184041184,0.208402391666,37,37,37,1,0,0.378378378378,0.594594594595,0.027027027027,-161,-0.120870870871,3.22713569844,-8.7027027027,-7.67588932806,-4.74365079365,-1.03351065776,0.152639700917,0.0971662270005,-3.64531178418,0.16985410489,0.0698130523661,-4.18188105489,-0.0798671329506,-0.0404475426284,4.01557475379,0.568880873093,10.444356628,3.22713569844,4.01557475379,10.444356628,-0.190165720992,-0.324872753327,-778,-0.100128700129,-0.361174436684,-0.027027027027,0.0540540540541,-0.027027027027,174,7,168,983,0.508771929825,0.992929292929,0.00707070707071,0.491228070175,0.961325966851,0.508771929825,0.665391969407,0.639585870017,0.501701222754,0.498567335244,25,186,0,0,0,0
781,WLNM_dir_neg,0.540105792577,0.436205298478,00:00:06,10,20,37,1234860772,threshold_sweep,0.7,0.72,0.0967741935484,0.170616113744,18,7,168,365,0.0967741935484,0.981182795699,0.0188172043011,0.903225806452,0.72,0.0967741935484,0.170616113744,0.686379928315,0.651732377539,0.0994854202401,0.177643528631,0.0779569892473,342,156,186,0,342,0,156,0,186,37,342,0.256756756757,1.72528881811,18.4864864865,15.5454545455,9.77142857143,5.36771015539,0.290358590277,0.142642642643,9.50849154237,1.02869645341,0.544491860281,8.05331334643,0.871264894205,0.461830251304,0.640599570326,0.371299902718,2,1.72528881811,0.640599570326,2,0.344071394247,0.376569037657,810,0.104247104247,0.56957682835,37,37,37,1,0,0.405405405405,0.540540540541,0.0540540540541,37,0.117117117117,2.18481481481,8.43243243243,7.09090909091,4.45714285714,5.03620525429,0.597242289772,0.326923076923,6.00062559301,1.42322530091,0.680526680527,3.83793300225,0.910278981302,0.463617463617,1.318977792,0.603702328937,4.32037037037,2.18481481481,1.318977792,4.32037037037,0,0,0,0,0.160896782956,37,37,37,1,0,0.405405405405,0.540540540541,0.0540540540541,37,181,0.135885885886,4.95242451655,9.78378378378,7.86956521739,5.02777777778,4.33419949763,0.442998291195,0.239808869643,5.86317975819,1.1985505583,0.614304912647,3.87143229154,0.791397761254,0.421382708676,4.65617432412,0.940180775811,12.444356628,4.95242451655,4.65617432412,12.444356628,0.153905673256,0.0516962843296,32,0.0041184041184,0.208402391666,37,37,37,1,0,0.378378378378,0.594594594595,0.027027027027,-161,-0.120870870871,3.22713569844,-8.7027027027,-7.67588932806,-4.74365079365,-1.03351065776,0.152639700917,0.0971662270005,-3.64531178418,0.16985410489,0.0698130523661,-4.18188105489,-0.0798671329506,-0.0404475426284,4.01557475379,0.568880873093,10.444356628,3.22713569844,4.01557475379,10.444356628,-0.190165720992,-0.324872753327,-778,-0.100128700129,-0.361174436684,-0.027027027027,0.0540540540541,-0.027027027027,174,7,168,983,0.508771929825,0.992929292929,0.00707070707071,0.491228070175,0.961325966851,0.508771929825,0.665391969407,0.639585870017,0.501701222754,0.498567335244,25,186,0,0,0,0
782,WLNM_dir_neg,0.540105792577,0.436205298478,00:00:06,10,20,37,1234860772,threshold_sweep,0.8,0.681818181818,0.0806451612903,0.144230769231,15,7,171,365,0.0806451612903,0.981182795699,0.0188172043011,0.91935483871,0.681818181818,0.0806451612903,0.144230769231,0.681003584229,0.653524492234,0.0793103448276,0.149768025058,0.0618279569892,342,156,186,0,342,0,156,0,186,37,342,0.256756756757,1.72528881811,18.4864864865,15.5454545455,9.77142857143,5.36771015539,0.290358590277,0.142642642643,9.50849154237,1.02869645341,0.544491860281,8.05331334643,0.871264894205,0.461830251304,0.640599570326,0.371299902718,2,1.72528881811,0.640599570326,2,0.344071394247,0.376569037657,810,0.104247104247,0.56957682835,37,37,37,1,0,0.405405405405,0.540540540541,0.0540540540541,37,0.117117117117,2.18481481481,8.43243243243,7.09090909091,4.45714285714,5.03620525429,0.597242289772,0.326923076923,6.00062559301,1.42322530091,0.680526680527,3.83793300225,0.910278981302,0.463617463617,1.318977792,0.603702328937,4.32037037037,2.18481481481,1.318977792,4.32037037037,0,0,0,0,0.160896782956,37,37,37,1,0,0.405405405405,0.540540540541,0.0540540540541,37,178,0.133633633634,5.18077437341,9.62162162162,7.73913043478,4.94444444444,4.33558500058,0.450608553432,0.244154266626,5.83970051476,1.21387033172,0.61797752809,3.9287956724,0.816659774599,0.43182508351,4.95062614958,0.955576481962,12.9793979064,5.18077437341,4.95062614958,12.9793979064,0.149490052431,0.0431893687708,26,0.0033462033462,0.208980597408,37,37,37,1,0,0.378378378378,0.594594594595,0.027027027027,-164,-0.123123123123,3.4554855553,-8.86486486486,-7.80632411067,-4.82698412698,-1.03212515481,0.160249963154,0.101511623984,-3.66879102761,0.185173878305,0.0734856678086,-4.12451767404,-0.0546051196058,-0.0300051677935,4.31002657926,0.584276579244,10.9793979064,3.4554855553,4.31002657926,10.9793979064,-0.194581341816,-0.333379668886,-784,-0.100900900901,-0.360596230942,-0.027027027027,0.0540540540541,-0.027027027027,171,7,171,983,0.5,0.992929292929,0.00707070707071,0.5,0.960674157303,0.5,0.657692307692,0.63285231363,0.492929292929,0.489971346705,22,186,0,0,0,0
783,WLNM_dir_neg,0.540105792577,0.436205298478,00:00:06,10,20,37,1234860772,threshold_sweep,0.9,0.7,0.0752688172043,0.135922330097,14,6,172,366,0.0752688172043,0.983870967742,0.0161290322581,0.924731182796,0.7,0.0752688172043,0.135922330097,0.681003584229,0.654719235364,0.076124567474,0.149969017866,0.0591397849462,342,156,186,0,342,0,156,0,186,37,342,0.256756756757,1.72528881811,18.4864864865,15.5454545455,9.77142857143,5.36771015539,0.290358590277,0.142642642643,9.50849154237,1.02869645341,0.544491860281,8.05331334643,0.871264894205,0.461830251304,0.640599570326,0.371299902718,2,1.72528881811,0.640599570326,2,0.344071394247,0.376569037657,810,0.104247104247,0.56957682835,37,37,37,1,0,0.405405405405,0.540540540541,0.0540540540541,37,0.117117117117,2.18481481481,8.43243243243,7.09090909091,4.45714285714,5.03620525429,0.597242289772,0.326923076923,6.00062559301,1.42322530091,0.680526680527,3.83793300225,0.910278981302,0.463617463617,1.318977792,0.603702328937,4.32037037037,2.18481481481,1.318977792,4.32037037037,0,0,0,0,0.160896782956,37,37,37,1,0,0.405405405405,0.540540540541,0.0540540540541,37,176,0.132132132132,4.79031254951,9.51351351351,7.65217391304,4.88888888889,4.34371590552,0.45658377416,0.247542997543,5.83764319551,1.22723180815,0.621007371007,3.87588990072,0.81481776322,0.43058968059,4.44881458849,0.928710714073,11.7950661793,4.79031254951,4.44881458849,11.7950661793,0.156075209016,0.0417362270451,25,0.0032175032175,0.202638275336,37,37,37,1,0,0.378378378378,0.594594594595,0.027027027027,-166,-0.124624624625,3.06502373139,-8.97297297297,-7.89328063241,-4.88253968254,-1.02399424987,0.166225183883,0.1049003549,-3.67084834687,0.198535354732,0.076515510726,-4.17742344571,-0.0564471309848,-0.0312405707143,3.80821501816,0.557410811355,9.79506617926,3.06502373139,3.80821501816,9.79506617926,-0.187996185231,-0.334832810612,-785,-0.10102960103,-0.366938553013,-0.027027027027,0.0540540540541,-0.027027027027,170,6,172,984,0.497076023392,0.993939393939,0.00606060606061,0.502923976608,0.965909090909,0.497076023392,0.656370656371,0.633418185819,0.491015417331,0.488505747126,20,186,0,0,0,0
784,WLNM_dir_neg,0.300504393572,0.29908969165,00:00:07,10,20,38,1234860773,threshold_sweep,0.1,0.466666666667,0.150537634409,0.227642276423,28,32,158,340,0.150537634409,0.913978494624,0.0860215053763,0.849462365591,0.466666666667,0.150537634409,0.227642276423,0.659498207885,0.63082437276,0.0776699029126,0.0981761387348,0.0645161290323,342,156,186,0,342,0,156,0,186,37,342,0.256756756757,1.72528881811,18.4864864865,15.5454545455,9.77142857143,5.36771015539,0.290358590277,0.142642642643,9.50849154237,1.02869645341,0.544491860281,8.05331334643,0.871264894205,0.461830251304,0.640599570326,0.371299902718,2,1.72528881811,0.640599570326,2,0.344071394247,0.376569037657,810,0.104247104247,0.56957682835,37,37,37,1,0,0.405405405405,0.540540540541,0.0540540540541,37,0.117117117117,2.21261261261,8.43243243243,7.09090909091,4.45714285714,5.04722443274,0.598549051319,0.327616077616,6.00525295579,1.42432281644,0.680873180873,3.83793300225,0.910278981302,0.463617463617,1.39215458577,0.629190386892,5.2,2.21261261261,1.39215458577,5.2,0,0,0,0,0.161113233172,37,37,37,1,0,0.405405405405,0.540540540541,0.0540540540541,37,216,0.162162162162,7.22075689637,11.6756756757,6.96774193548,5.83783783784,5.16426855127,0.442310037956,0.237862862863,5.76634639531,0.987753780679,0.523023023023,3.46019840081,0.592719170509,0.325325325325,3.06912548718,0.425042074013,9.43260129141,7.22075689637,3.06912548718,9.43260129141,0.191061360102,0.125830564784,101,0.0129987129987,0.167353258055,37,37,37,1,0,0.162162162162,0.837837837838,0,-126,-0.0945945945946,5.49546807826,-6.81081081081,-8.57771260997,-3.93359073359,-0.20344160412,0.151951447679,0.0952202202202,-3.74214514706,-0.040942672736,-0.0214688372583,-4.59311494562,-0.278545723696,-0.136504925979,2.42852591685,0.0537421712956,7.43260129141,5.49546807826,2.42852591685,7.43260129141,-0.153010034146,-0.250738472873,-709,-0.0912483912484,-0.402223570295,-0.243243243243,0.297297297297,-0.0540540540541,184,32,158,958,0.538011695906,0.967676767677,0.0323232323232,0.461988304094,0.851851851852,0.538011695906,0.659498207885,0.599314414763,0.505688463583,0.491978609626,60,186,0,0,0,0
785,WLNM_dir_neg,0.300504393572,0.29908969165,00:00:07,10,20,38,1234860773,threshold_sweep,0.2,0.590909090909,0.139784946237,0.226086956522,26,18,160,354,0.139784946237,0.951612903226,0.0483870967742,0.860215053763,0.590909090909,0.139784946237,0.226086956522,0.681003584229,0.640382317802,0.112956810631,0.159865967914,0.0913978494624,342,156,186,0,342,0,156,0,186,37,342,0.256756756757,1.72528881811,18.4864864865,15.5454545455,9.77142857143,5.36771015539,0.290358590277,0.142642642643,9.50849154237,1.02869645341,0.544491860281,8.05331334643,0.871264894205,0.461830251304,0.640599570326,0.371299902718,2,1.72528881811,0.640599570326,2,0.344071394247,0.376569037657,810,0.104247104247,0.56957682835,37,37,37,1,0,0.405405405405,0.540540540541,0.0540540540541,37,0.117117117117,2.21261261261,8.43243243243,7.09090909091,4.45714285714,5.04722443274,0.598549051319,0.327616077616,6.00525295579,1.42432281644,0.680873180873,3.83793300225,0.910278981302,0.463617463617,1.39215458577,0.629190386892,5.2,2.21261261261,1.39215458577,5.2,0,0,0,0,0.161113233172,37,37,37,1,0,0.405405405405,0.540540540541,0.0540540540541,37,200,0.15015015015,2.85460139718,10.8108108108,8.69565217391,5.40540540541,4.56336765167,0.42211150778,0.224324324324,6.00675295655,1.11124929696,0.587027027027,3.4112514766,0.631081523172,0.345405405405,1.92197992974,0.67329187593,5.06217136361,2.85460139718,1.92197992974,5.06217136361,0.171699045151,0.0910344827586,66,0.00849420849421,0.203883163545,37,37,37,1,0,0.378378378378,0.621621621622,0,-142,-0.106606606607,1.12931257907,-7.67567567568,-6.84980237154,-4.36602316602,-0.804342503722,0.131752917503,0.0816816816817,-3.50173858582,0.0825528435478,0.0425351667457,-4.64206186983,-0.240183371033,-0.116424845899,1.28138035942,0.301991973213,3.06217136361,1.12931257907,1.28138035942,3.06217136361,-0.172372349096,-0.285534554898,-744,-0.0957528957529,-0.365693664805,-0.027027027027,0.0810810810811,-0.0540540540541,182,18,160,972,0.53216374269,0.981818181818,0.0181818181818,0.46783625731,0.91,0.53216374269,0.671586715867,0.628550657834,0.513981924508,0.505555555556,44,186,0,0,0,0
786,WLNM_dir_neg,0.300504393572,0.29908969165,00:00:07,10,20,38,1234860773,threshold_sweep,0.3,0.571428571429,0.129032258065,0.210526315789,24,18,162,354,0.129032258065,0.951612903226,0.0483870967742,0.870967741935,0.571428571429,0.129032258065,0.210526315789,0.677419354839,0.641577060932,0.1,0.144097604426,0.0806451612903,342,156,186,0,342,0,156,0,186,37,342,0.256756756757,1.72528881811,18.4864864865,15.5454545455,9.77142857143,5.36771015539,0.290358590277,0.142642642643,9.50849154237,1.02869645341,0.544491860281,8.05331334643,0.871264894205,0.461830251304,0.640599570326,0.371299902718,2,1.72528881811,0.640599570326,2,0.344071394247,0.376569037657,810,0.104247104247,0.56957682835,37,37,37,1,0,0.405405405405,0.540540540541,0.0540540540541,37,0.117117117117,2.21261261261,8.43243243243,7.09090909091,4.45714285714,5.04722443274,0.598549051319,0.327616077616,6.00525295579,1.42432281644,0.680873180873,3.83793300225,0.910278981302,0.463617463617,1.39215458577,0.629190386892,5.2,2.21261261261,1.39215458577,5.2,0,0,0,0,0.161113233172,37,37,37,1,0,0.405405405405,0.540540540541,0.0540540540541,37,198,0.148648648649,2.86872996458,10.7027027027,8.60869565217,5.35135135135,4.45885426779,0.41661012098,0.220447720448,5.96385509277,1.11445776986,0.588588588589,3.43362633229,0.641637243913,0.349713349713,1.93914256142,0.675958554956,5.07534727893,2.86872996458,1.93914256142,5.07534727893,0.167565542101,0.0863614912695,61,0.00785070785071,0.202475013352,37,37,37,1,0,0.378378378378,0.621621621622,0,-144,-0.108108108108,1.14344114646,-7.78378378378,-6.93675889328,-4.42007722008,-0.908855887604,0.126251530703,0.0778050778051,-3.5446364496,0.0857613164464,0.0440967283073,-4.61968701415,-0.229627650292,-0.112116901591,1.29854299109,0.304658652239,3.07534727893,1.14344114646,1.29854299109,3.07534727893,-0.176505852146,-0.290207546387,-749,-0.0963963963964,-0.367101814998,-0.027027027027,0.0810810810811,-0.0540540540541,180,18,162,972,0.526315789474,0.981818181818,0.0181818181818,0.473684210526,0.909090909091,0.526315789474,0.666666666667,0.623978690801,0.508133971292,0.5,42,186,0,0,0,0
787,WLNM_dir_neg,0.300504393572,0.29908969165,00:00:07,10,20,38,1234860773,threshold_sweep,0.4,0.583333333333,0.112903225806,0.189189189189,21,15,165,357,0.112903225806,0.959677419355,0.0403225806452,0.887096774194,0.583333333333,0.112903225806,0.189189189189,0.677419354839,0.645161290323,0.0909090909091,0.139271503633,0.0725806451613,342,156,186,0,342,0,156,0,186,37,342,0.256756756757,1.72528881811,18.4864864865,15.5454545455,9.77142857143,5.36771015539,0.290358590277,0.142642642643,9.50849154237,1.02869645341,0.544491860281,8.05331334643,0.871264894205,0.461830251304,0.640599570326,0.371299902718,2,1.72528881811,0.640599570326,2,0.344071394247,0.376569037657,810,0.104247104247,0.56957682835,37,37,37,1,0,0.405405405405,0.540540540541,0.0540540540541,37,0.117117117117,2.21261261261,8.43243243243,7.09090909091,4.45714285714,5.04722443274,0.598549051319,0.327616077616,6.00525295579,1.42432281644,0.680873180873,3.83793300225,0.910278981302,0.463617463617,1.39215458577,0.629190386892,5.2,2.21261261261,1.39215458577,5.2,0,0,0,0,0.161113233172,37,37,37,1,0,0.405405405405,0.540540540541,0.0540540540541,37,192,0.144144144144,2.86834458567,10.3783783784,8.34782608696,5.33333333333,4.47431777141,0.431119160266,0.229588963964,5.90121380093,1.13721307622,0.598254504505,3.55776020238,0.685610039001,0.373310810811,1.93861329838,0.675864855311,4.98405862312,2.86834458567,1.93861329838,4.98405862312,0.148434706871,0.0678132678133,46,0.00592020592021,0.204274220541,37,37,37,1,0,0.378378378378,0.594594594595,0.027027027027,-150,-0.112612612613,1.14305576756,-8.10810810811,-7.1976284585,-4.4380952381,-0.893392383987,0.140760569989,0.0869463213213,-3.60727774144,0.108516622807,0.0537626442232,-4.49555314405,-0.185654855204,-0.0885194404931,1.29801372805,0.304564952594,2.98405862312,1.14305576756,1.29801372805,2.98405862312,-0.195636687376,-0.308755769844,-764,-0.0983268983269,-0.365302607809,-0.027027027027,0.0540540540541,-0.027027027027,177,15,165,975,0.517543859649,0.984848484848,0.0151515151515,0.482456140351,0.921875,0.517543859649,0.662921348315,0.624842589092,0.502392344498,0.495798319328,36,186,0,0,0,0
788,WLNM_dir_neg,0.300504393572,0.29908969165,00:00:07,10,20,38,1234860773,threshold_sweep,0.5,0.6,0.0967741935484,0.166666666667,18,12,168,360,0.0967741935484,0.967741935484,0.0322580645161,0.903225806452,0.6,0.0967741935484,0.166666666667,0.677419354839,0.648745519713,0.0816326530612,0.134839972493,0.0645161290323,342,156,186,0,342,0,156,0,186,37,342,0.256756756757,1.72528881811,18.4864864865,15.5454545455,9.77142857143,5.36771015539,0.290358590277,0.142642642643,9.50849154237,1.02869645341,0.544491860281,8.05331334643,0.871264894205,0.461830251304,0.640599570326,0.371299902718,2,1.72528881811,0.640599570326,2,0.344071394247,0.376569037657,810,0.104247104247,0.56957682835,37,37,37,1,0,0.405405405405,0.540540540541,0.0540540540541,37,0.117117117117,2.21261261261,8.43243243243,7.09090909091,4.45714285714,5.04722443274,0.598549051319,0.327616077616,6.00525295579,1.42432281644,0.680873180873,3.83793300225,0.910278981302,0.463617463617,1.39215458577,0.629190386892,5.2,2.21261261261,1.39215458577,5.2,0,0,0,0,0.161113233172,37,37,37,1,0,0.405405405405,0.540540540541,0.0540540540541,37,186,0.13963963964,3.17170777149,10.0540540541,8.08695652174,5.16666666667,4.50891675797,0.448467527003,0.239465271723,5.91836354299,1.17730887683,0.612321999419,3.57838019288,0.711828317939,0.383609415867,2.31478821442,0.729823924896,5.93846606014,3.17170777149,2.31478821442,5.93846606014,0.139580193605,0.0511363636364,33,0.0042471042471,0.195762759579,37,37,37,1,0,0.378378378378,0.594594594595,0.027027027027,-156,-0.117117117117,1.44641895338,-8.43243243243,-7.45849802372,-4.60476190476,-0.85879339742,0.158108936726,0.0968226290807,-3.59012799938,0.148612423417,0.0678301391374,-4.47493315355,-0.159436576266,-0.0782208354365,1.67418864409,0.358524022179,3.93846606014,1.44641895338,1.67418864409,3.93846606014,-0.204491200642,-0.325432674021,-777,-0.1,-0.373814068771,-0.027027027027,0.0540540540541,-0.027027027027,174,12,168,978,0.508771929825,0.987878787879,0.0121212121212,0.491228070175,0.935483870968,0.508771929825,0.659090909091,0.625940333307,0.496650717703,0.491525423729,30,186,0,0,0,0
789,WLNM_dir_neg,0.300504393572,0.29908969165,00:00:07,10,20,38,1234860773,threshold_sweep,0.6,0.6,0.0967741935484,0.166666666667,18,12,168,360,0.0967741935484,0.967741935484,0.0322580645161,0.903225806452,0.6,0.0967741935484,0.166666666667,0.677419354839,0.648745519713,0.0816326530612,0.134839972493,0.0645161290323,342,156,186,0,342,0,156,0,186,37,342,0.256756756757,1.72528881811,18.4864864865,15.5454545455,9.77142857143,5.36771015539,0.290358590277,0.142642642643,9.50849154237,1.02869645341,0.544491860281,8.05331334643,0.871264894205,0.461830251304,0.640599570326,0.371299902718,2,1.72528881811,0.640599570326,2,0.344071394247,0.376569037657,810,0.104247104247,0.56957682835,37,37,37,1,0,0.405405405405,0.540540540541,0.0540540540541,37,0.117117117117,2.21261261261,8.43243243243,7.09090909091,4.45714285714,5.04722443274,0.598549051319,0.327616077616,6.00525295579,1.42432281644,0.680873180873,3.83793300225,0.910278981302,0.463617463617,1.39215458577,0.629190386892,5.2,2.21261261261,1.39215458577,5.2,0,0,0,0,0.161113233172,37,37,37,1,0,0.405405405405,0.540540540541,0.0540540540541,37,186,0.13963963964,3.17170777149,10.0540540541,8.08695652174,5.16666666667,4.50891675797,0.448467527003,0.239465271723,5.91836354299,1.17730887683,0.612321999419,3.57838019288,0.711828317939,0.383609415867,2.31478821442,0.729823924896,5.93846606014,3.17170777149,2.31478821442,5.93846606014,0.139580193605,0.0511363636364,33,0.0042471042471,0.195762759579,37,37,37,1,0,0.378378378378,0.594594594595,0.027027027027,-156,-0.117117117117,1.44641895338,-8.43243243243,-7.45849802372,-4.60476190476,-0.85879339742,0.158108936726,0.0968226290807,-3.59012799938,0.148612423417,0.0678301391374,-4.47493315355,-0.159436576266,-0.0782208354365,1.67418864409,0.358524022179,3.93846606014,1.44641895338,1.67418864409,3.93846606014,-0.204491200642,-0.325432674021,-777,-0.1,-0.373814068771,-0.027027027027,0.0540540540541,-0.027027027027,174,12,168,978,0.508771929825,0.987878787879,0.0121212121212,0.491228070175,0.935483870968,0.508771929825,0.659090909091,0.625940333307,0.496650717703,0.491525423729,30,186,0,0,0,0
790,WLNM_dir_neg,0.300504393572,0.29908969165,00:00:07,10,20,38,1234860773,threshold_sweep,0.7,0.607142857143,0.0913978494624,0.158878504673,17,11,169,361,0.0913978494624,0.970430107527,0.0295698924731,0.908602150538,0.607142857143,0.0913978494624,0.158878504673,0.677419354839,0.649940262843,0.0784982935154,0.133504494811,0.0618279569892,342,156,186,0,342,0,156,0,186,37,342,0.256756756757,1.72528881811,18.4864864865,15.5454545455,9.77142857143,5.36771015539,0.290358590277,0.142642642643,9.50849154237,1.02869645341,0.544491860281,8.05331334643,0.871264894205,0.461830251304,0.640599570326,0.371299902718,2,1.72528881811,0.640599570326,2,0.344071394247,0.376569037657,810,0.104247104247,0.56957682835,37,37,37,1,0,0.405405405405,0.540540540541,0.0540540540541,37,0.117117117117,2.21261261261,8.43243243243,7.09090909091,4.45714285714,5.04722443274,0.598549051319,0.327616077616,6.00525295579,1.42432281644,0.680873180873,3.83793300225,0.910278981302,0.463617463617,1.39215458577,0.629190386892,5.2,2.21261261261,1.39215458577,5.2,0,0,0,0,0.161113233172,37,37,37,1,0,0.405405405405,0.540540540541,0.0540540540541,37,184,0.138138138138,3.16565531605,9.94594594595,8,5.11111111111,4.63049041047,0.465565611922,0.25,5.91366819085,1.18916153838,0.616333725029,3.62465696834,0.728871238199,0.391304347826,2.30842745771,0.729209982528,5.93846606014,3.16565531605,2.30842745771,5.93846606014,0.155428459453,0.048488008342,31,0.0039897039897,0.198468627271,37,37,37,1,0,0.378378378378,0.594594594595,0.027027027027,-158,-0.118618618619,1.44036649794,-8.54054054054,-7.54545454545,-4.66031746032,-0.737219744925,0.175207021645,0.107357357357,-3.59482335152,0.160465084963,0.071841864748,-4.42865637809,-0.142393656006,-0.0705259034778,1.66782788738,0.35791007981,3.93846606014,1.44036649794,1.66782788738,3.93846606014,-0.188642934794,-0.328081029315,-779,-0.100257400257,-0.371108201079,-0.027027027027,0.0540540540541,-0.027027027027,173,11,169,979,0.505847953216,0.988888888889,0.0111111111111,0.494152046784,0.940217391304,0.505847953216,0.657794676806,0.6263614884,0.494736842105,0.490084985836,28,186,0,0,0,0
791,WLNM_dir_neg,0.300504393572,0.29908969165,00:00:07,10,20,38,1234860773,threshold_sweep,0.8,0.576923076923,0.0806451612903,0.141509433962,15,11,171,361,0.0806451612903,0.970430107527,0.0295698924731,0.91935483871,0.576923076923,0.0806451612903,0.141509433962,0.673835125448,0.651135005974,0.0650684931507,0.114234191683,0.0510752688172,342,156,186,0,342,0,156,0,186,37,342,0.256756756757,1.72528881811,18.4864864865,15.5454545455,9.77142857143,5.36771015539,0.290358590277,0.142642642643,9.50849154237,1.02869645341,0.544491860281,8.05331334643,0.871264894205,0.461830251304,0.640599570326,0.371299902718,2,1.72528881811,0.640599570326,2,0.344071394247,0.376569037657,810,0.104247104247,0.56957682835,37,37,37,1,0,0.405405405405,0.540540540541,0.0540540540541,37,0.117117117117,2.21261261261,8.43243243243,7.09090909091,4.45714285714,5.04722443274,0.598549051319,0.327616077616,6.00525295579,1.42432281644,0.680873180873,3.83793300225,0.910278981302,0.463617463617,1.39215458577,0.629190386892,5.2,2.21261261261,1.39215458577,5.2,0,0,0,0,0.161113233172,37,37,37,1,0,0.405405405405,0.540540540541,0.0540540540541,37,182,0.136636636637,3.25177356277,9.83783783784,7.91304347826,5.05555555556,4.5124119783,0.458679239552,0.247698247698,5.89433993279,1.19829987645,0.618651618652,3.64675181481,0.741372621692,0.395901395901,2.41538842498,0.742791088727,6.1136320486,3.25177356277,2.41538842498,6.1136320486,0.150356047415,0.0418230563003,26,0.0033462033462,0.196520717912,37,37,37,1,0,0.378378378378,0.594594594595,0.027027027027,-160,-0.12012012012,1.52648474465,-8.64864864865,-7.63241106719,-4.71587301587,-0.855298177098,0.168320649275,0.105055605056,-3.61415160959,0.169603423031,0.0741597583703,-4.40656153163,-0.129892272513,-0.0659288554025,1.77478885466,0.371491186009,4.1136320486,1.52648474465,1.77478885466,4.1136320486,-0.193715346833,-0.334745981357,-784,-0.100900900901,-0.373056110438,-0.027027027027,0.0540540540541,-0.027027027027,171,11,171,979,0.5,0.988888888889,0.0111111111111,0.5,0.93956043956,0.5,0.652671755725,0.621807853896,0.488888888889,0.484419263456,26,186,0,0,0,0
792,WLNM_dir_neg,0.300504393572,0.29908969165,00:00:07,10,20,38,1234860773,threshold_sweep,0.9,0.619047619048,0.0698924731183,0.125603864734,13,8,173,364,0.0698924731183,0.978494623656,0.0215053763441,0.930107526882,0.619047619048,0.0698924731183,0.125603864734,0.675627240143,0.654121863799,0.0621761658031,0.119856258683,0.0483870967742,342,156,186,0,342,0,156,0,186,37,342,0.256756756757,1.72528881811,18.4864864865,15.5454545455,9.77142857143,5.36771015539,0.290358590277,0.142642642643,9.50849154237,1.02869645341,0.544491860281,8.05331334643,0.871264894205,0.461830251304,0.640599570326,0.371299902718,2,1.72528881811,0.640599570326,2,0.344071394247,0.376569037657,810,0.104247104247,0.56957682835,37,37,37,1,0,0.405405405405,0.540540540541,0.0540540540541,37,0.117117117117,2.21261261261,8.43243243243,7.09090909091,4.45714285714,5.04722443274,0.598549051319,0.327616077616,6.00525295579,1.42432281644,0.680873180873,3.83793300225,0.910278981302,0.463617463617,1.39215458577,0.629190386892,5.2,2.21261261261,1.39215458577,5.2,0,0,0,0,0.161113233172,37,37,37,1,0,0.405405405405,0.540540540541,0.0540540540541,37,177,0.132882882883,3.23451060009,9.56756756757,7.69565217391,4.91666666667,4.45683333359,0.465827212832,0.251794167048,5.89319350859,1.23191050745,0.627271339136,3.62962452248,0.758735069671,0.404947320202,2.40870010047,0.744687650864,6.22353583121,3.23451060009,2.40870010047,6.22353583121,0.133536420301,0.0331491712707,20,0.002574002574,0.185960497436,37,37,37,1,0,0.378378378378,0.594594594595,0.027027027027,-165,-0.123873873874,1.50922178197,-8.91891891892,-7.84980237154,-4.85476190476,-0.910876821807,0.175468622555,0.109151524406,-3.61529803378,0.203214054031,0.0827794788544,-4.42368882396,-0.112529824534,-0.0568829311024,1.76810053015,0.373387748146,4.22353583121,1.50922178197,1.76810053015,4.22353583121,-0.210534973946,-0.343419866386,-790,-0.101673101673,-0.383616330914,-0.027027027027,0.0540540540541,-0.027027027027,169,8,173,982,0.494152046784,0.991919191919,0.00808080808081,0.505847953216,0.954802259887,0.494152046784,0.651252408478,0.62553692265,0.486071238703,0.482857142857,21,186,0,0,0,0
793,WLNM_dir_neg,0.397762747138,0.29084686686,00:00:07,10,20,39,1234860774,threshold_sweep,0.1,0.395833333333,0.102150537634,0.162393162393,19,29,167,343,0.102150537634,0.922043010753,0.0779569892473,0.897849462366,0.395833333333,0.102150537634,0.162393162393,0.648745519713,0.637992831541,0.029702970297,0.040674460841,0.0241935483871,342,156,186,0,342,0,156,0,186,37,342,0.256756756757,1.72528881811,18.4864864865,15.5454545455,9.77142857143,5.36771015539,0.290358590277,0.142642642643,9.50849154237,1.02869645341,0.544491860281,8.05331334643,0.871264894205,0.461830251304,0.640599570326,0.371299902718,2,1.72528881811,0.640599570326,2,0.344071394247,0.376569037657,810,0.104247104247,0.56957682835,37,37,37,1,0,0.405405405405,0.540540540541,0.0540540540541,37,0.117117117117,2.21261261261,8.43243243243,7.09090909091,4.45714285714,5.04722443274,0.598549051319,0.327616077616,6.00525295579,1.42432281644,0.680873180873,3.83793300225,0.910278981302,0.463617463617,1.39215458577,0.629190386892,5.2,2.21261261261,1.39215458577,5.2,0,0,0,0,0.161113233172,37,37,37,1,0,0.405405405405,0.540540540541,0.0540540540541,37,204,0.153153153153,10.5425912928,11.027027027,6.18181818182,5.66666666667,4.96368191347,0.450137820585,0.245363010069,5.72335188126,1.03805891964,0.534181240064,3.64098293827,0.660374356451,0.358505564388,3.56066958839,0.337741404318,12.2039490789,10.5425912928,3.56066958839,12.2039490789,0.120219459925,0.0485886163813,35,0.0045045045045,0.169686957068,37,37,37,1,0,0.108108108108,0.864864864865,0.027027027027,-138,-0.103603603604,8.8173024747,-7.45945945946,-9.36363636364,-4.10476190476,-0.40402824192,0.159779230307,0.102720367426,-3.78513966111,0.00936246622603,-0.0103106202177,-4.41233040817,-0.210890537754,-0.103324686916,2.92007001806,-0.0335584983995,10.2039490789,8.8173024747,2.92007001806,10.2039490789,-0.223851934322,-0.327980421276,-775,-0.0997425997426,-0.399889871282,-0.297297297297,0.324324324324,-0.027027027027,175,29,167,961,0.511695906433,0.970707070707,0.0292929292929,0.488304093567,0.857843137255,0.511695906433,0.641025641026,0.585155102199,0.48240297714,0.471698113208,48,186,0,0,0,0
794,WLNM_dir_neg,0.397762747138,0.29084686686,00:00:07,10,20,39,1234860774,threshold_sweep,0.2,0.416666666667,0.0806451612903,0.135135135135,15,21,171,351,0.0806451612903,0.943548387097,0.0564516129032,0.91935483871,0.416666666667,0.0806451612903,0.135135135135,0.655913978495,0.645161290323,0.030303030303,0.0464238345443,0.0241935483871,342,156,186,0,342,0,156,0,186,37,342,0.256756756757,1.72528881811,18.4864864865,15.5454545455,9.77142857143,5.36771015539,0.290358590277,0.142642642643,9.50849154237,1.02869645341,0.544491860281,8.05331334643,0.871264894205,0.461830251304,0.640599570326,0.371299902718,2,1.72528881811,0.640599570326,2,0.344071394247,0.376569037657,810,0.104247104247,0.56957682835,37,37,37,1,0,0.405405405405,0.540540540541,0.0540540540541,37,0.117117117117,2.21261261261,8.43243243243,7.09090909091,4.45714285714,5.04722443274,0.598549051319,0.327616077616,6.00525295579,1.42432281644,0.680873180873,3.83793300225,0.910278981302,0.463617463617,1.39215458577,0.629190386892,5.2,2.21261261261,1.39215458577,5.2,0,0,0,0,0.161113233172,37,37,37,1,0,0.405405405405,0.540540540541,0.0540540540541,37,192,0.144144144144,7.5811985577,10.3783783784,6.1935483871,5.33333333333,4.63292175241,0.446401314685,0.239864864865,5.72925163737,1.10407453429,0.568693693694,3.77740238375,0.727936917702,0.39161036036,3.15144358449,0.415691999162,9.4481260351,7.5811985577,3.15144358449,9.4481260351,0.0994624876978,0.0435624394966,30,0.003861003861,0.205356492548,37,37,37,1,0,0.162162162162,0.810810810811,0.027027027027,-150,-0.112612612613,5.85590973958,-8.10810810811,-9.35190615836,-4.4380952381,-0.734788402982,0.156042724408,0.0972222222222,-3.779239905,0.0753780808703,0.0242018334124,-4.27591096268,-0.143327976503,-0.0702198909436,2.51084401417,0.0443920964439,7.4481260351,5.85590973958,2.51084401417,7.4481260351,-0.24460890655,-0.33300659816,-780,-0.100386100386,-0.364220335802,-0.243243243243,0.27027027027,-0.027027027027,171,21,171,969,0.5,0.978787878788,0.0212121212121,0.5,0.890625,0.5,0.640449438202,0.595484905541,0.478787878788,0.471074380165,36,186,0,0,0,0
795,WLNM_dir_neg,0.397762747138,0.29084686686,00:00:07,10,20,39,1234860774,threshold_sweep,0.3,0.4,0.0752688172043,0.126696832579,14,21,172,351,0.0752688172043,0.943548387097,0.0564516129032,0.924731182796,0.4,0.0752688172043,0.126696832579,0.654121863799,0.645758661888,0.0236087689713,0.036584588591,0.0188172043011,342,156,186,0,342,0,156,0,186,37,342,0.256756756757,1.72528881811,18.4864864865,15.5454545455,9.77142857143,5.36771015539,0.290358590277,0.142642642643,9.50849154237,1.02869645341,0.544491860281,8.05331334643,0.871264894205,0.461830251304,0.640599570326,0.371299902718,2,1.72528881811,0.640599570326,2,0.344071394247,0.376569037657,810,0.104247104247,0.56957682835,37,37,37,1,0,0.405405405405,0.540540540541,0.0540540540541,37,0.117117117117,2.21261261261,8.43243243243,7.09090909091,4.45714285714,5.04722443274,0.598549051319,0.327616077616,6.00525295579,1.42432281644,0.680873180873,3.83793300225,0.910278981302,0.463617463617,1.39215458577,0.629190386892,5.2,2.21261261261,1.39215458577,5.2,0,0,0,0,0.161113233172,37,37,37,1,0,0.405405405405,0.540540540541,0.0540540540541,37,191,0.143393393393,7.57780207038,10.3243243243,6.16129032258,5.30555555556,4.57683814958,0.443306312917,0.238856657705,5.70824702374,1.10578607266,0.56912409792,3.71568382755,0.719792155075,0.388566577048,3.14958791659,0.415633436627,9.4481260351,7.57780207038,3.14958791659,9.4481260351,0.0866290660408,0.0397058823529,27,0.0034749034749,0.202785586751,37,37,37,1,0,0.162162162162,0.810810810811,0.027027027027,-151,-0.113363363363,5.85251325226,-8.16216216216,-9.38416422287,-4.46587301587,-0.790872005814,0.15294772264,0.0962140150622,-3.80024451863,0.0770896192477,0.0246322376386,-4.33762951889,-0.15147273913,-0.0732636742557,2.50898834626,0.0443335339088,7.4481260351,5.85251325226,2.50898834626,7.4481260351,-0.257442328207,-0.336863155304,-783,-0.100772200772,-0.366791241598,-0.243243243243,0.27027027027,-0.027027027027,170,21,172,969,0.497076023392,0.978787878788,0.0212121212121,0.502923976608,0.890052356021,0.497076023392,0.637898686679,0.593135483776,0.47586390218,0.468319559229,35,186,0,0,0,0
796,WLNM_dir_neg,0.397762747138,0.29084686686,00:00:07,10,20,39,1234860774,threshold_sweep,0.4,0.521739130435,0.0645161290323,0.114832535885,12,11,174,361,0.0645161290323,0.970430107527,0.0295698924731,0.935483870968,0.521739130435,0.0645161290323,0.114832535885,0.668458781362,0.652927120669,0.0447504302926,0.0828681312935,0.0349462365591,342,156,186,0,342,0,156,0,186,37,342,0.256756756757,1.72528881811,18.4864864865,15.5454545455,9.77142857143,5.36771015539,0.290358590277,0.142642642643,9.50849154237,1.02869645341,0.544491860281,8.05331334643,0.871264894205,0.461830251304,0.640599570326,0.371299902718,2,1.72528881811,0.640599570326,2,0.344071394247,0.376569037657,810,0.104247104247,0.56957682835,37,37,37,1,0,0.405405405405,0.540540540541,0.0540540540541,37,0.117117117117,2.21261261261,8.43243243243,7.09090909091,4.45714285714,5.04722443274,0.598549051319,0.327616077616,6.00525295579,1.42432281644,0.680873180873,3.83793300225,0.910278981302,0.463617463617,1.39215458577,0.629190386892,5.2,2.21261261261,1.39215458577,5.2,0,0,0,0,0.161113233172,37,37,37,1,0,0.405405405405,0.540540540541,0.0540540540541,37,179,0.134384384384,2.35614224988,9.67567567568,8.13636363636,4.97222222222,4.26258954975,0.440546964639,0.232825003775,5.86663595406,1.21265659386,0.621168654688,3.53956614976,0.731642165034,0.39408123207,1.42040119921,0.602850358157,3.92182806873,2.35614224988,1.42040119921,3.92182806873,0.0749735029147,0.0249722530522,15,0.0019305019305,0.192718170831,37,37,37,1,0,0.405405405405,0.567567567568,0.027027027027,-163,-0.122372372372,0.630853431763,-8.81081081081,-7.40909090909,-4.79920634921,-1.10512060564,0.150188374362,0.0901823611321,-3.64185558832,0.18396014044,0.0766767944069,-4.51374719667,-0.139622729171,-0.0677490192339,0.779801628882,0.231550455439,1.92182806873,0.630853431763,0.779801628882,1.92182806873,-0.269097891333,-0.351596784605,-795,-0.102316602317,-0.376858657519,0,0.027027027027,-0.027027027027,168,11,174,979,0.491228070175,0.988888888889,0.0111111111111,0.508771929825,0.938547486034,0.491228070175,0.644913627639,0.614945358553,0.480116959064,0.475920679887,23,186,0,0,0,0
797,WLNM_dir_neg,0.397762747138,0.29084686686,00:00:07,10,20,39,1234860774,threshold_sweep,0.5,0.47619047619,0.0537634408602,0.0966183574879,10,11,176,361,0.0537634408602,0.970430107527,0.0295698924731,0.94623655914,0.47619047619,0.0537634408602,0.0966183574879,0.664874551971,0.654121863799,0.0310880829016,0.0599281293413,0.0241935483871,342,156,186,0,342,0,156,0,186,37,342,0.256756756757,1.72528881811,18.4864864865,15.5454545455,9.77142857143,5.36771015539,0.290358590277,0.142642642643,9.50849154237,1.02869645341,0.544491860281,8.05331334643,0.871264894205,0.461830251304,0.640599570326,0.371299902718,2,1.72528881811,0.640599570326,2,0.344071394247,0.376569037657,810,0.104247104247,0.56957682835,37,37,37,1,0,0.405405405405,0.540540540541,0.0540540540541,37,0.117117117117,2.21261261261,8.43243243243,7.09090909091,4.45714285714,5.04722443274,0.598549051319,0.327616077616,6.00525295579,1.42432281644,0.680873180873,3.83793300225,0.910278981302,0.463617463617,1.39215458577,0.629190386892,5.2,2.21261261261,1.39215458577,5.2,0,0,0,0,0.161113233172,37,37,37,1,0,0.405405405405,0.540540540541,0.0540540540541,37,177,0.132882882883,2.3544916126,9.56756756757,8.04545454545,4.91666666667,4.31753878282,0.451268177865,0.238815086273,5.8695785157,1.22697404,0.624828218049,3.52873234348,0.737644614175,0.396396396396,1.42436665277,0.60495719974,3.9255871081,2.3544916126,1.42436665277,3.9255871081,0.0746189466778,0.0202588632527,12,0.0015444015444,0.18803793423,37,37,37,1,0,0.405405405405,0.567567567568,0.027027027027,-165,-0.123873873874,0.629202794481,-8.91891891892,-7.5,-4.85476190476,-1.05017137257,0.160909587588,0.0961724436301,-3.63891302668,0.19827758659,0.0803363577672,-4.52458100295,-0.13362028003,-0.0654338549075,0.783767082441,0.233657297022,1.9255871081,0.629202794481,0.783767082441,1.9255871081,-0.26945244757,-0.356310174404,-798,-0.102702702703,-0.38153889412,0,0.027027027027,-0.027027027027,166,11,176,979,0.485380116959,0.988888888889,0.0111111111111,0.514619883041,0.937853107345,0.485380116959,0.639691714836,0.610348341569,0.474269005848,0.470254957507,21,186,0,0,0,0
798,WLNM_dir_neg,0.397762747138,0.29084686686,00:00:07,10,20,39,1234860774,threshold_sweep,0.6,0.444444444444,0.0430107526882,0.078431372549,8,10,178,362,0.0430107526882,0.97311827957,0.0268817204301,0.956989247312,0.444444444444,0.0430107526882,0.078431372549,0.663082437276,0.655913978495,0.0208333333333,0.0430331482912,0.0161290322581,342,156,186,0,342,0,156,0,186,37,342,0.256756756757,1.72528881811,18.4864864865,15.5454545455,9.77142857143,5.36771015539,0.290358590277,0.142642642643,9.50849154237,1.02869645341,0.544491860281,8.05331334643,0.871264894205,0.461830251304,0.640599570326,0.371299902718,2,1.72528881811,0.640599570326,2,0.344071394247,0.376569037657,810,0.104247104247,0.56957682835,37,37,37,1,0,0.405405405405,0.540540540541,0.0540540540541,37,0.117117117117,2.21261261261,8.43243243243,7.09090909091,4.45714285714,5.04722443274,0.598549051319,0.327616077616,6.00525295579,1.42432281644,0.680873180873,3.83793300225,0.910278981302,0.463617463617,1.39215458577,0.629190386892,5.2,2.21261261261,1.39215458577,5.2,0,0,0,0,0.161113233172,37,37,37,1,0,0.405405405405,0.540540540541,0.0540540540541,37,174,0.130630630631,2.2698409511,9.40540540541,7.90909090909,4.83333333333,4.45009025788,0.473141780292,0.252873563218,5.90134101928,1.25488286042,0.633737185461,3.53447202457,0.751583131662,0.400745573159,1.33523313952,0.588249647568,3.64786540804,2.2698409511,1.33523313952,3.64786540804,0.0600758321347,0.0120206067544,7,0.000900900900901,0.180509569349,37,37,37,1,0,0.405405405405,0.567567567568,0.027027027027,-168,-0.126126126126,0.544552132981,-9.08108108108,-7.63636363636,-4.9380952381,-0.917619897511,0.182783190015,0.110230920576,-3.6071505231,0.226186407007,0.08924532518,-4.51884132186,-0.119681762543,-0.0610846781446,0.69463356919,0.21694974485,1.64786540804,0.544552132981,0.69463356919,1.64786540804,-0.283995562113,-0.364548430902,-803,-0.103346203346,-0.389067259001,0,0.027027027027,-0.027027027027,164,10,178,980,0.479532163743,0.989898989899,0.010101010101,0.520467836257,0.942528735632,0.479532163743,0.635658914729,0.608518315687,0.469431153642,0.465909090909,18,186,0,0,0,0
799,WLNM_dir_neg,0.397762747138,0.29084686686,00:00:07,10,20,39,1234860774,threshold_sweep,0.7,0.444444444444,0.0430107526882,0.078431372549,8,10,178,362,0.0430107526882,0.97311827957,0.0268817204301,0.956989247312,0.444444444444,0.0430107526882,0.078431372549,0.663082437276,0.655913978495,0.0208333333333,0.0430331482912,0.0161290322581,342,156,186,0,342,0,156,0,186,37,342,0.256756756757,1.72528881811,18.4864864865,15.5454545455,9.77142857143,5.36771015539,0.290358590277,0.142642642643,9.50849154237,1.02869645341,0.544491860281,8.05331334643,0.871264894205,0.461830251304,0.640599570326,0.371299902718,2,1.72528881811,0.640599570326,2,0.344071394247,0.376569037657,810,0.104247104247,0.56957682835,37,37,37,1,0,0.405405405405,0.540540540541,0.0540540540541,37,0.117117117117,2.21261261261,8.43243243243,7.09090909091,4.45714285714,5.04722443274,0.598549051319,0.327616077616,6.00525295579,1.42432281644,0.680873180873,3.83793300225,0.910278981302,0.463617463617,1.39215458577,0.629190386892,5.2,2.21261261261,1.39215458577,5.2,0,0,0,0,0.161113233172,37,37,37,1,0,0.405405405405,0.540540540541,0.0540540540541,37,174,0.130630630631,2.2698409511,9.40540540541,7.90909090909,4.83333333333,4.45009025788,0.473141780292,0.252873563218,5.90134101928,1.25488286042,0.633737185461,3.53447202457,0.751583131662,0.400745573159,1.33523313952,0.588249647568,3.64786540804,2.2698409511,1.33523313952,3.64786540804,0.0600758321347,0.0120206067544,7,0.000900900900901,0.180509569349,37,37,37,1,0,0.405405405405,0.567567567568,0.027027027027,-168,-0.126126126126,0.544552132981,-9.08108108108,-7.63636363636,-4.9380952381,-0.917619897511,0.182783190015,0.110230920576,-3.6071505231,0.226186407007,0.08924532518,-4.51884132186,-0.119681762543,-0.0610846781446,0.69463356919,0.21694974485,1.64786540804,0.544552132981,0.69463356919,1.64786540804,-0.283995562113,-0.364548430902,-803,-0.103346203346,-0.389067259001,0,0.027027027027,-0.027027027027,164,10,178,980,0.479532163743,0.989898989899,0.010101010101,0.520467836257,0.942528735632,0.479532163743,0.635658914729,0.608518315687,0.469431153642,0.465909090909,18,186,0,0,0,0
800,WLNM_dir_neg,0.397762747138,0.29084686686,00:00:07,10,20,39,1234860774,threshold_sweep,0.8,0.384615384615,0.0268817204301,0.0502512562814,5,8,181,364,0.0268817204301,0.978494623656,0.0215053763441,0.97311827957,0.384615384615,0.0268817204301,0.0502512562814,0.661290322581,0.65890083632,0.00700525394046,0.0168013844911,0.00537634408602,342,156,186,0,342,0,156,0,186,37,342,0.256756756757,1.72528881811,18.4864864865,15.5454545455,9.77142857143,5.36771015539,0.290358590277,0.142642642643,9.50849154237,1.02869645341,0.544491860281,8.05331334643,0.871264894205,0.461830251304,0.640599570326,0.371299902718,2,1.72528881811,0.640599570326,2,0.344071394247,0.376569037657,810,0.104247104247,0.56957682835,37,37,37,1,0,0.405405405405,0.540540540541,0.0540540540541,37,0.117117117117,2.21261261261,8.43243243243,7.09090909091,4.45714285714,5.04722443274,0.598549051319,0.327616077616,6.00525295579,1.42432281644,0.680873180873,3.83793300225,0.910278981302,0.463617463617,1.39215458577,0.629190386892,5.2,2.21261261261,1.39215458577,5.2,0,0,0,0,0.161113233172,37,37,37,1,0,0.405405405405,0.540540540541,0.0540540540541,37,169,0.126876876877,2.28412425623,9.13513513514,7.68181818182,4.69444444444,4.53481692735,0.496414870745,0.267711498481,5.90922320774,1.2937352585,0.644490644491,3.60971328917,0.790292258576,0.415480569327,1.3687007567,0.599223423579,4.27269540615,2.28412425623,1.3687007567,4.27269540615,0.0587831529008,0.00879249706917,5,0.000643500643501,0.175314772374,37,37,37,1,0,0.405405405405,0.567567567568,0.027027027027,-173,-0.12987987988,0.558835438119,-9.35135135135,-7.86363636364,-5.07698412698,-0.832893228045,0.206056280468,0.125068855838,-3.59926833463,0.265038805085,0.0999987842093,-4.44360005726,-0.0809726356286,-0.0463496819772,0.728101186375,0.227923520862,2.27269540615,0.558835438119,0.728101186375,2.27269540615,-0.285288241347,-0.367776540588,-805,-0.103603603604,-0.394262055976,0,0.027027027027,-0.027027027027,161,8,181,982,0.470760233918,0.991919191919,0.00808080808081,0.529239766082,0.952662721893,0.470760233918,0.630136986301,0.607264129639,0.462679425837,0.46,13,186,0,0,0,0
801,WLNM_dir_neg,0.397762747138,0.29084686686,00:00:07,10,20,39,1234860774,threshold_sweep,0.9,0.416666666667,0.0268817204301,0.0505050505051,5,7,181,365,0.0268817204301,0.981182795699,0.0188172043011,0.97311827957,0.416666666667,0.0268817204301,0.0505050505051,0.663082437276,0.659498207885,0.0105263157895,0.026207120918,0.00806451612903,342,156,186,0,342,0,156,0,186,37,342,0.256756756757,1.72528881811,18.4864864865,15.5454545455,9.77142857143,5.36771015539,0.290358590277,0.142642642643,9.50849154237,1.02869645341,0.544491860281,8.05331334643,0.871264894205,0.461830251304,0.640599570326,0.371299902718,2,1.72528881811,0.640599570326,2,0.344071394247,0.376569037657,810,0.104247104247,0.56957682835,37,37,37,1,0,0.405405405405,0.540540540541,0.0540540540541,37,0.117117117117,2.21261261261,8.43243243243,7.09090909091,4.45714285714,5.04722443274,0.598549051319,0.327616077616,6.00525295579,1.42432281644,0.680873180873,3.83793300225,0.910278981302,0.463617463617,1.39215458577,0.629190386892,5.2,2.21261261261,1.39215458577,5.2,0,0,0,0,0.161113233172,37,37,37,1,0,0.405405405405,0.540540540541,0.0540540540541,37,168,0.126126126126,2.26642207955,9.08108108108,7.63636363636,4.66666666667,4.56665680278,0.502875897925,0.271718146718,5.9141759762,1.3025268519,0.646396396396,3.61781544424,0.796780782363,0.41731016731,1.34409252305,0.59304598873,4.24808549995,2.26642207955,1.34409252305,4.24808549995,0.054407348525,0.0070796460177,4,0.000514800514801,0.172803666921,37,37,37,1,0,0.405405405405,0.567567567568,0.027027027027,-174,-0.130630630631,0.541133261436,-9.40540540541,-7.90909090909,-5.10476190476,-0.801053352616,0.212517307648,0.129075504076,-3.59431556617,0.273830398487,0.101904536115,-4.43549790219,-0.0744841118423,-0.0445200839938,0.703492952721,0.221746086012,2.24808549995,0.541133261436,0.703492952721,2.24808549995,-0.289664045722,-0.369489391639,-806,-0.103732303732,-0.396773161429,0,0.027027027027,-0.027027027027,161,7,181,983,0.470760233918,0.992929292929,0.00707070707071,0.529239766082,0.958333333333,0.470760233918,0.63137254902,0.610136218551,0.463689526847,0.461318051576,12,186,0,0,0,0
802,WLNM_dir_neg,0.338420626662,0.298927470152,00:00:06,10,20,40,1234860775,threshold_sweep,0.1,0.432432432432,0.0860215053763,0.143497757848,16,21,170,351,0.0860215053763,0.943548387097,0.0564516129032,0.913978494624,0.432432432432,0.0860215053763,0.143497757848,0.65770609319,0.644563918757,0.036974789916,0.0560219167274,0.0295698924731,342,156,186,0,342,0,156,0,186,37,342,0.256756756757,1.72528881811,18.4864864865,15.5454545455,9.77142857143,5.36771015539,0.290358590277,0.142642642643,9.50849154237,1.02869645341,0.544491860281,8.05331334643,0.871264894205,0.461830251304,0.640599570326,0.371299902718,2,1.72528881811,0.640599570326,2,0.344071394247,0.376569037657,810,0.104247104247,0.56957682835,37,37,37,1,0,0.405405405405,0.540540540541,0.0540540540541,37,0.117117117117,2.18635635636,8.43243243243,7.09090909091,4.45714285714,5.03620525429,0.597242289772,0.326923076923,6.00062559301,1.42322530091,0.680526680527,3.83793300225,0.910278981302,0.463617463617,1.32204914232,0.604681454823,4.3462962963,2.18635635636,1.32204914232,4.3462962963,0,0,0,0,0.160896782956,37,37,37,1,0,0.405405405405,0.540540540541,0.0540540540541,37,193,0.144894894895,9.70216893086,10.4324324324,6.22580645161,5.21621621622,4.98074370027,0.477428800285,0.255006301638,5.77415282451,1.10696194045,0.570508332166,3.72032805554,0.713223513238,0.383699761938,4.18441385318,0.431286435332,12.3873794322,9.70216893086,4.18441385318,12.3873794322,0.144165893005,0.0778498609824,56,0.00720720720721,0.18856361569,37,37,37,1,0,0.162162162162,0.837837837838,0,-149,-0.111861861862,7.97688011274,-8.05405405405,-9.31964809384,-4.55521235521,-0.38696645512,0.187070210008,0.112363658996,-3.73433871786,0.078265487036,0.026016471885,-4.33298529089,-0.158041380967,-0.0781304893658,3.54381428286,0.0599865326147,10.3873794322,7.97688011274,3.54381428286,10.3873794322,-0.199905501243,-0.298719176675,-754,-0.0970398970399,-0.38101321266,-0.243243243243,0.297297297297,-0.0540540540541,172,21,170,969,0.502923976608,0.978787878788,0.0212121212121,0.497076023392,0.891191709845,0.502923976608,0.642990654206,0.597829674918,0.481711855396,0.473829201102,37,186,0,0,0,0
803,WLNM_dir_neg,0.338420626662,0.298927470152,00:00:06,10,20,40,1234860775,threshold_sweep,0.2,0.411764705882,0.0752688172043,0.127272727273,14,20,172,352,0.0752688172043,0.94623655914,0.0537634408602,0.924731182796,0.411764705882,0.0752688172043,0.127272727273,0.655913978495,0.646356033453,0.027027027027,0.0423808718958,0.0215053763441,342,156,186,0,342,0,156,0,186,37,342,0.256756756757,1.72528881811,18.4864864865,15.5454545455,9.77142857143,5.36771015539,0.290358590277,0.142642642643,9.50849154237,1.02869645341,0.544491860281,8.05331334643,0.871264894205,0.461830251304,0.640599570326,0.371299902718,2,1.72528881811,0.640599570326,2,0.344071394247,0.376569037657,810,0.104247104247,0.56957682835,37,37,37,1,0,0.405405405405,0.540540540541,0.0540540540541,37,0.117117117117,2.18635635636,8.43243243243,7.09090909091,4.45714285714,5.03620525429,0.597242289772,0.326923076923,6.00062559301,1.42322530091,0.680526680527,3.83793300225,0.910278981302,0.463617463617,1.32204914232,0.604681454823,4.3462962963,2.18635635636,1.32204914232,4.3462962963,0,0,0,0,0.160896782956,37,37,37,1,0,0.405405405405,0.540540540541,0.0540540540541,37,190,0.142642642643,10.2059003765,10.2702702703,6.12903225806,5.13513513514,4.89131116623,0.476259245133,0.257183499289,5.78869665892,1.12727250726,0.577240398293,3.67546038055,0.715747547792,0.384921763869,4.43619583726,0.434669717869,13.1682724918,10.2059003765,4.43619583726,13.1682724918,0.124775007205,0.0588798468167,41,0.00527670527671,0.180534195886,37,37,37,1,0,0.162162162162,0.837837837838,0,-152,-0.114114114114,8.48061155839,-8.21621621622,-9.41642228739,-4.63629343629,-0.476398989159,0.185900654856,0.114540856646,-3.71979488345,0.0985760538489,0.0327485380117,-4.37785296588,-0.155517346413,-0.0769084874348,3.79559626693,0.0633698151513,11.1682724918,8.48061155839,3.79559626693,11.1682724918,-0.219296387042,-0.31768919084,-769,-0.0989703989704,-0.389042632463,-0.243243243243,0.297297297297,-0.0540540540541,170,20,172,970,0.497076023392,0.979797979798,0.020202020202,0.502923976608,0.894736842105,0.497076023392,0.639097744361,0.595695672858,0.47687400319,0.469613259669,34,186,0,0,0,0
804,WLNM_dir_neg,0.338420626662,0.298927470152,00:00:06,10,20,40,1234860775,threshold_sweep,0.3,0.424242424242,0.0752688172043,0.127853881279,14,19,172,353,0.0752688172043,0.948924731183,0.0510752688172,0.924731182796,0.424242424242,0.0752688172043,0.127853881279,0.65770609319,0.646953405018,0.0304568527919,0.0483493778415,0.0241935483871,342,156,186,0,342,0,156,0,186,37,342,0.256756756757,1.72528881811,18.4864864865,15.5454545455,9.77142857143,5.36771015539,0.290358590277,0.142642642643,9.50849154237,1.02869645341,0.544491860281,8.05331334643,0.871264894205,0.461830251304,0.640599570326,0.371299902718,2,1.72528881811,0.640599570326,2,0.344071394247,0.376569037657,810,0.104247104247,0.56957682835,37,37,37,1,0,0.405405405405,0.540540540541,0.0540540540541,37,0.117117117117,2.18635635636,8.43243243243,7.09090909091,4.45714285714,5.03620525429,0.597242289772,0.326923076923,6.00062559301,1.42322530091,0.680526680527,3.83793300225,0.910278981302,0.463617463617,1.32204914232,0.604681454823,4.3462962963,2.18635635636,1.32204914232,4.3462962963,0,0,0,0,0.160896782956,37,37,37,1,0,0.405405405405,0.540540540541,0.0540540540541,37,189,0.141891891892,9.8771804161,10.2162162162,6.09677419355,5.10810810811,4.950505783,0.484573317384,0.262119262119,5.80604944951,1.13663401922,0.580866580867,3.69522051502,0.723402957968,0.388674388674,4.25920349196,0.431216532708,12.1904172696,9.8771804161,4.25920349196,12.1904172696,0.117825200256,0.0576923076923,40,0.00514800514801,0.189025832685,37,37,37,1,0,0.162162162162,0.837837837838,0,-153,-0.114864864865,8.15189159799,-8.27027027027,-9.44868035191,-4.66332046332,-0.417204372394,0.194214727106,0.119476619477,-3.70244209286,0.107937565802,0.0363747205852,-4.35809283141,-0.147861936237,-0.0731558626295,3.61860392163,0.0599166299898,10.1904172696,8.15189159799,3.61860392163,10.1904172696,-0.226246193992,-0.318876729965,-770,-0.0990990990991,-0.380550995665,-0.243243243243,0.297297297297,-0.0540540540541,170,19,172,971,0.497076023392,0.980808080808,0.0191919191919,0.502923976608,0.899470899471,0.497076023392,0.640301318267,0.598272744187,0.4778841042,0.470914127424,33,186,0,0,0,0
805,WLNM_dir_neg,0.338420626662,0.298927470152,00:00:06,10,20,40,1234860775,threshold_sweep,0.4,0.565217391304,0.0698924731183,0.124401913876,13,10,173,362,0.0698924731183,0.97311827957,0.0268817204301,0.930107526882,0.565217391304,0.0698924731183,0.124401913876,0.672043010753,0.652927120669,0.0550774526678,0.101991546207,0.0430107526882,342,156,186,0,342,0,156,0,186,37,342,0.256756756757,1.72528881811,18.4864864865,15.5454545455,9.77142857143,5.36771015539,0.290358590277,0.142642642643,9.50849154237,1.02869645341,0.544491860281,8.05331334643,0.871264894205,0.461830251304,0.640599570326,0.371299902718,2,1.72528881811,0.640599570326,2,0.344071394247,0.376569037657,810,0.104247104247,0.56957682835,37,37,37,1,0,0.405405405405,0.540540540541,0.0540540540541,37,0.117117117117,2.18635635636,8.43243243243,7.09090909091,4.45714285714,5.03620525429,0.597242289772,0.326923076923,6.00062559301,1.42322530091,0.680526680527,3.83793300225,0.910278981302,0.463617463617,1.32204914232,0.604681454823,4.3462962963,2.18635635636,1.32204914232,4.3462962963,0,0,0,0,0.160896782956,37,37,37,1,0,0.405405405405,0.540540540541,0.0540540540541,37,179,0.134384384384,2.17996808157,9.67567567568,8.13636363636,4.83783783784,4.73200717369,0.489062193929,0.261663898535,6.01162537419,1.242626474,0.635361618602,3.45216126759,0.713575234082,0.38170013589,1.23775398412,0.567785370155,3.44460533726,2.17996808157,1.23775398412,3.44460533726,0.0735566061417,0.0336718332443,21,0.0027027027027,0.181017609324,37,37,37,1,0,0.405405405405,0.594594594595,0,-163,-0.122372372372,0.454679263459,-8.81081081081,-7.40909090909,-4.93359073359,-0.635702981699,0.198703603652,0.119021255893,-3.49686616818,0.21393002058,0.0908697583205,-4.60115207885,-0.157689660123,-0.0801301154139,0.597154413798,0.196485467438,1.44460533726,0.454679263459,0.597154413798,1.44460533726,-0.270514788106,-0.342897204413,-789,-0.101544401544,-0.388559219026,0,0.0540540540541,-0.0540540540541,169,10,173,980,0.494152046784,0.989898989899,0.010101010101,0.505847953216,0.944134078212,0.494152046784,0.648752399232,0.619984219868,0.484051036683,0.480113636364,23,186,0,0,0,0
806,WLNM_dir_neg,0.338420626662,0.298927470152,00:00:06,10,20,40,1234860775,threshold_sweep,0.5,0.565217391304,0.0698924731183,0.124401913876,13,10,173,362,0.0698924731183,0.97311827957,0.0268817204301,0.930107526882,0.565217391304,0.0698924731183,0.124401913876,0.672043010753,0.652927120669,0.0550774526678,0.101991546207,0.0430107526882,342,156,186,0,342,0,156,0,186,37,342,0.256756756757,1.72528881811,18.4864864865,15.5454545455,9.77142857143,5.36771015539,0.290358590277,0.142642642643,9.50849154237,1.02869645341,0.544491860281,8.05331334643,0.871264894205,0.461830251304,0.640599570326,0.371299902718,2,1.72528881811,0.640599570326,2,0.344071394247,0.376569037657,810,0.104247104247,0.56957682835,37,37,37,1,0,0.405405405405,0.540540540541,0.0540540540541,37,0.117117117117,2.18635635636,8.43243243243,7.09090909091,4.45714285714,5.03620525429,0.597242289772,0.326923076923,6.00062559301,1.42322530091,0.680526680527,3.83793300225,0.910278981302,0.463617463617,1.32204914232,0.604681454823,4.3462962963,2.18635635636,1.32204914232,4.3462962963,0,0,0,0,0.160896782956,37,37,37,1,0,0.405405405405,0.540540540541,0.0540540540541,37,179,0.134384384384,2.17996808157,9.67567567568,8.13636363636,4.83783783784,4.73200717369,0.489062193929,0.261663898535,6.01162537419,1.242626474,0.635361618602,3.45216126759,0.713575234082,0.38170013589,1.23775398412,0.567785370155,3.44460533726,2.17996808157,1.23775398412,3.44460533726,0.0735566061417,0.0336718332443,21,0.0027027027027,0.181017609324,37,37,37,1,0,0.405405405405,0.594594594595,0,-163,-0.122372372372,0.454679263459,-8.81081081081,-7.40909090909,-4.93359073359,-0.635702981699,0.198703603652,0.119021255893,-3.49686616818,0.21393002058,0.0908697583205,-4.60115207885,-0.157689660123,-0.0801301154139,0.597154413798,0.196485467438,1.44460533726,0.454679263459,0.597154413798,1.44460533726,-0.270514788106,-0.342897204413,-789,-0.101544401544,-0.388559219026,0,0.0540540540541,-0.0540540540541,169,10,173,980,0.494152046784,0.989898989899,0.010101010101,0.505847953216,0.944134078212,0.494152046784,0.648752399232,0.619984219868,0.484051036683,0.480113636364,23,186,0,0,0,0
807,WLNM_dir_neg,0.338420626662,0.298927470152,00:00:06,10,20,40,1234860775,threshold_sweep,0.6,0.619047619048,0.0698924731183,0.125603864734,13,8,173,364,0.0698924731183,0.978494623656,0.0215053763441,0.930107526882,0.619047619048,0.0698924731183,0.125603864734,0.675627240143,0.654121863799,0.0621761658031,0.119856258683,0.0483870967742,342,156,186,0,342,0,156,0,186,37,342,0.256756756757,1.72528881811,18.4864864865,15.5454545455,9.77142857143,5.36771015539,0.290358590277,0.142642642643,9.50849154237,1.02869645341,0.544491860281,8.05331334643,0.871264894205,0.461830251304,0.640599570326,0.371299902718,2,1.72528881811,0.640599570326,2,0.344071394247,0.376569037657,810,0.104247104247,0.56957682835,37,37,37,1,0,0.405405405405,0.540540540541,0.0540540540541,37,0.117117117117,2.18635635636,8.43243243243,7.09090909091,4.45714285714,5.03620525429,0.597242289772,0.326923076923,6.00062559301,1.42322530091,0.680526680527,3.83793300225,0.910278981302,0.463617463617,1.32204914232,0.604681454823,4.3462962963,2.18635635636,1.32204914232,4.3462962963,0,0,0,0,0.160896782956,37,37,37,1,0,0.405405405405,0.540540540541,0.0540540540541,37,177,0.132882882883,2.17431149353,9.56756756757,8.04545454545,4.91666666667,4.77575206725,0.499160526803,0.265536723164,5.99136014578,1.25243121691,0.638265384028,3.51295329329,0.734346168654,0.393953275309,1.22818035851,0.564859433511,3.41202389784,2.17431149353,1.22818035851,3.41202389784,0.0624375923912,0.0260303687636,16,0.0020592020592,0.182102527292,37,37,37,1,0,0.405405405405,0.567567567568,0.027027027027,-165,-0.123873873874,0.449022675412,-8.91891891892,-7.5,-4.85476190476,-0.591958088147,0.208801936525,0.122894080521,-3.5171313966,0.223734763499,0.0937735237468,-4.54036005314,-0.136918725551,-0.0678769759947,0.587580788184,0.193559530793,1.41202389784,0.449022675412,0.587580788184,1.41202389784,-0.281633801856,-0.350538668893,-794,-0.102187902188,-0.387474301058,0,0.027027027027,-0.027027027027,169,8,173,982,0.494152046784,0.991919191919,0.00808080808081,0.505847953216,0.954802259887,0.494152046784,0.651252408478,0.62553692265,0.486071238703,0.482857142857,21,186,0,0,0,0
808,WLNM_dir_neg,0.338420626662,0.298927470152,00:00:06,10,20,40,1234860775,threshold_sweep,0.7,0.5625,0.0483870967742,0.0891089108911,9,7,177,365,0.0483870967742,0.981182795699,0.0188172043011,0.951612903226,0.5625,0.0483870967742,0.0891089108911,0.670250896057,0.657108721625,0.0383275261324,0.0835253016442,0.0295698924731,342,156,186,0,342,0,156,0,186,37,342,0.256756756757,1.72528881811,18.4864864865,15.5454545455,9.77142857143,5.36771015539,0.290358590277,0.142642642643,9.50849154237,1.02869645341,0.544491860281,8.05331334643,0.871264894205,0.461830251304,0.640599570326,0.371299902718,2,1.72528881811,0.640599570326,2,0.344071394247,0.376569037657,810,0.104247104247,0.56957682835,37,37,37,1,0,0.405405405405,0.540540540541,0.0540540540541,37,0.117117117117,2.18635635636,8.43243243243,7.09090909091,4.45714285714,5.03620525429,0.597242289772,0.326923076923,6.00062559301,1.42322530091,0.680526680527,3.83793300225,0.910278981302,0.463617463617,1.32204914232,0.604681454823,4.3462962963,2.18635635636,1.32204914232,4.3462962963,0,0,0,0,0.160896782956,37,37,37,1,0,0.405405405405,0.540540540541,0.0540540540541,37,172,0.129129129129,2.16323252806,9.2972972973,7.81818181818,4.77777777778,4.70735160777,0.506313981068,0.27027027027,5.95919558431,1.28191998034,0.645820238843,3.57628155908,0.769316381894,0.409176618479,1.21191452376,0.560233127063,3.46386494253,2.16323252806,1.21191452376,3.46386494253,0.0319949316853,0.0101809954751,6,0.000772200772201,0.177730059933,37,37,37,1,0,0.405405405405,0.567567567568,0.027027027027,-170,-0.127627627628,0.437943709941,-9.18918918919,-7.72727272727,-4.99365079365,-0.660358547625,0.215955390791,0.127627627628,-3.54929595807,0.25322352693,0.101328378562,-4.47703178736,-0.101948512311,-0.052653632825,0.571314953431,0.188933224345,1.46386494253,0.437943709941,0.571314953431,1.46386494253,-0.312076462562,-0.366388042182,-804,-0.103474903475,-0.391846768417,0,0.027027027027,-0.027027027027,165,7,177,983,0.482456140351,0.992929292929,0.00707070707071,0.517543859649,0.959302325581,0.482456140351,0.642023346304,0.619274649582,0.47538543328,0.472779369628,16,186,0,0,0,0
809,WLNM_dir_neg,0.338420626662,0.298927470152,00:00:06,10,20,40,1234860775,threshold_sweep,0.8,0.583333333333,0.0376344086022,0.0707070707071,7,5,179,367,0.0376344086022,0.986559139785,0.0134408602151,0.962365591398,0.583333333333,0.0376344086022,0.0707070707071,0.670250896057,0.659498207885,0.0315789473684,0.0786213627541,0.0241935483871,342,156,186,0,342,0,156,0,186,37,342,0.256756756757,1.72528881811,18.4864864865,15.5454545455,9.77142857143,5.36771015539,0.290358590277,0.142642642643,9.50849154237,1.02869645341,0.544491860281,8.05331334643,0.871264894205,0.461830251304,0.640599570326,0.371299902718,2,1.72528881811,0.640599570326,2,0.344071394247,0.376569037657,810,0.104247104247,0.56957682835,37,37,37,1,0,0.405405405405,0.540540540541,0.0540540540541,37,0.117117117117,2.18635635636,8.43243243243,7.09090909091,4.45714285714,5.03620525429,0.597242289772,0.326923076923,6.00062559301,1.42322530091,0.680526680527,3.83793300225,0.910278981302,0.463617463617,1.32204914232,0.604681454823,4.3462962963,2.18635635636,1.32204914232,4.3462962963,0,0,0,0,0.160896782956,37,37,37,1,0,0.405405405405,0.540540540541,0.0540540540541,37,168,0.126126126126,2.14772443371,9.08108108108,7.63636363636,4.8,4.87270389448,0.536577512189,0.289736164736,5.96561720098,1.31385616926,0.65444015444,3.64839838982,0.803516312043,0.425675675676,1.20452142528,0.56083611397,4.07145373673,2.14772443371,1.20452142528,4.07145373673,0.025495575186,0.00688863375431,4,0.000514800514801,0.17550355868,37,37,37,1,0,0.405405405405,0.540540540541,0.0540540540541,-174,-0.130630630631,0.422435615593,-9.40540540541,-7.90909090909,-4.97142857143,-0.495006260917,0.246218921912,0.147093522094,-3.5428743414,0.285159715848,0.109948294159,-4.40491495662,-0.0677485821621,-0.0361545756283,0.563921854954,0.189536211252,2.07145373673,0.422435615593,0.563921854954,2.07145373673,-0.318575819061,-0.369680403903,-806,-0.103732303732,-0.39407326967,0,0,0,163,5,179,985,0.476608187135,0.994949494949,0.00505050505051,0.523391812865,0.970238095238,0.476608187135,0.639215686275,0.620489366951,0.471557682084,0.469740634006,12,186,0,0,0,0
810,WLNM_dir_neg,0.338420626662,0.298927470152,00:00:06,10,20,40,1234860775,threshold_sweep,0.9,0.545454545455,0.0322580645161,0.0609137055838,6,5,180,367,0.0322580645161,0.986559139785,0.0134408602151,0.967741935484,0.545454545455,0.0322580645161,0.0609137055838,0.668458781362,0.66009557945,0.02460456942,0.0638106305906,0.0188172043011,342,156,186,0,342,0,156,0,186,37,342,0.256756756757,1.72528881811,18.4864864865,15.5454545455,9.77142857143,5.36771015539,0.290358590277,0.142642642643,9.50849154237,1.02869645341,0.544491860281,8.05331334643,0.871264894205,0.461830251304,0.640599570326,0.371299902718,2,1.72528881811,0.640599570326,2,0.344071394247,0.376569037657,810,0.104247104247,0.56957682835,37,37,37,1,0,0.405405405405,0.540540540541,0.0540540540541,37,0.117117117117,2.18635635636,8.43243243243,7.09090909091,4.45714285714,5.03620525429,0.597242289772,0.326923076923,6.00062559301,1.42322530091,0.680526680527,3.83793300225,0.910278981302,0.463617463617,1.32204914232,0.604681454823,4.3462962963,2.18635635636,1.32204914232,4.3462962963,0,0,0,0,0.160896782956,37,37,37,1,0,0.405405405405,0.540540540541,0.0540540540541,37,167,0.125375375375,2.1365303111,9.02702702703,7.59090909091,4.77142857143,4.89606693903,0.542378672887,0.293575012138,5.96574304593,1.32175145329,0.656093218967,3.66379904245,0.811739907608,0.428548308788,1.18284834865,0.55363050199,3.90065681445,2.1365303111,1.18284834865,3.90065681445,0.025495575186,0.00688863375431,4,0.000514800514801,0.17470475431,37,37,37,1,0,0.405405405405,0.540540540541,0.0540540540541,-175,-0.131381381381,0.411241492984,-9.45945945946,-7.95454545455,-5,-0.471643216362,0.25202008261,0.150932369495,-3.54274849644,0.293054999876,0.111601358686,-4.38951430399,-0.0595249865972,-0.0332819425161,0.542248778325,0.182330599273,1.90065681445,0.411241492984,0.542248778325,1.90065681445,-0.318575819061,-0.369680403903,-806,-0.103732303732,-0.39487207404,0,0,0,162,5,180,985,0.473684210526,0.994949494949,0.00505050505051,0.526315789474,0.97005988024,0.473684210526,0.636542239686,0.618219889488,0.468633705476,0.466858789625,11,186,0,0,0,0
811,WLNM_dir_neg,0.405863394612,0.298651408112,00:00:07,10,20,41,1234860776,threshold_sweep,0.1,0.388888888889,0.0376344086022,0.0686274509804,7,11,179,361,0.0376344086022,0.970430107527,0.0295698924731,0.962365591398,0.388888888889,0.0376344086022,0.0686274509804,0.659498207885,0.655913978495,0.0104166666667,0.0215165741456,0.00806451612903,342,156,186,0,342,0,156,0,186,37,342,0.256756756757,1.72528881811,18.4864864865,15.5454545455,9.77142857143,5.36771015539,0.290358590277,0.142642642643,9.50849154237,1.02869645341,0.544491860281,8.05331334643,0.871264894205,0.461830251304,0.640599570326,0.371299902718,2,1.72528881811,0.640599570326,2,0.344071394247,0.376569037657,810,0.104247104247,0.56957682835,37,37,37,1,0,0.405405405405,0.540540540541,0.0540540540541,37,0.117117117117,2.22747747748,8.43243243243,7.09090909091,4.45714285714,5.03620525429,0.597242289772,0.326923076923,6.00525295579,1.42432281644,0.680873180873,3.83793300225,0.910278981302,0.463617463617,1.42084529335,0.637871901162,5.2,2.22747747748,1.42084529335,5.2,0,0,0,0,0.160752482811,37,37,37,1,0,0.405405405405,0.540540540541,0.0540540540541,37,174,0.130630630631,5.45766305101,9.40540540541,6,4.83333333333,4.75195550075,0.505236648068,0.280677228953,5.82554177197,1.23876462967,0.614787200994,3.68830633267,0.784295024763,0.41192917055,2.96106481644,0.542551782469,8.02979701147,5.45766305101,2.96106481644,8.02979701147,0.109623489035,0.0370768404084,23,0.0029601029601,0.170214378855,37,37,37,1,0,0.216216216216,0.756756756757,0.027027027027,-168,-0.126126126126,3.73237423289,-9.08108108108,-9.54545454545,-4.9380952381,-0.615754654646,0.214878057791,0.13803458631,-3.68294977041,0.210068176256,0.0702953407128,-4.36500701377,-0.086969869442,-0.0499010807541,2.32046524611,0.171251879751,6.02979701147,3.73237423289,2.32046524611,6.02979701147,-0.234447905212,-0.339492197249,-787,-0.101287001287,-0.399362449495,-0.189189189189,0.216216216216,-0.027027027027,163,11,179,979,0.476608187135,0.988888888889,0.0111111111111,0.523391812865,0.936781609195,0.476608187135,0.631782945736,0.603418615193,0.465497076023,0.461756373938,18,186,0,0,0,0
812,WLNM_dir_neg,0.405863394612,0.298651408112,00:00:07,10,20,41,1234860776,threshold_sweep,0.2,0.4,0.0322580645161,0.0597014925373,6,9,180,363,0.0322580645161,0.975806451613,0.0241935483871,0.967741935484,0.4,0.0322580645161,0.0597014925373,0.661290322581,0.65770609319,0.0104712041885,0.0235050247361,0.00806451612903,342,156,186,0,342,0,156,0,186,37,342,0.256756756757,1.72528881811,18.4864864865,15.5454545455,9.77142857143,5.36771015539,0.290358590277,0.142642642643,9.50849154237,1.02869645341,0.544491860281,8.05331334643,0.871264894205,0.461830251304,0.640599570326,0.371299902718,2,1.72528881811,0.640599570326,2,0.344071394247,0.376569037657,810,0.104247104247,0.56957682835,37,37,37,1,0,0.405405405405,0.540540540541,0.0540540540541,37,0.117117117117,2.22747747748,8.43243243243,7.09090909091,4.45714285714,5.03620525429,0.597242289772,0.326923076923,6.00525295579,1.42432281644,0.680873180873,3.83793300225,0.910278981302,0.463617463617,1.42084529335,0.637871901162,5.2,2.22747747748,1.42084529335,5.2,0,0,0,0,0.160752482811,37,37,37,1,0,0.405405405405,0.540540540541,0.0540540540541,37,171,0.128378378378,5.09930726228,9.24324324324,5.89655172414,4.88571428571,4.86715411603,0.526563456997,0.293187924767,5.84214264039,1.26408934324,0.620831357673,3.75907310791,0.813366695864,0.427058637585,2.69674152277,0.528844681065,7.6796026347,5.09930726228,2.69674152277,7.6796026347,0.0425798940505,0.027868852459,17,0.0021879021879,0.170247869263,37,37,37,1,0,0.216216216216,0.72972972973,0.0540540540541,-171,-0.128378378378,3.37401844417,-9.24324324324,-9.64890282132,-4.88571428571,-0.500556039363,0.23620486672,0.150545282124,-3.66634890199,0.235392889827,0.0763394973921,-4.29424023852,-0.0578981983408,-0.034771613719,2.05614195245,0.157544778348,5.6796026347,3.37401844417,2.05614195245,5.6796026347,-0.301491500197,-0.348700185198,-793,-0.102059202059,-0.399328959087,-0.189189189189,0.189189189189,0,162,9,180,981,0.473684210526,0.990909090909,0.00909090909091,0.526315789474,0.947368421053,0.473684210526,0.631578947368,0.606721561507,0.464593301435,0.461538461538,15,186,0,0,0,0
813,WLNM_dir_neg,0.405863394612,0.298651408112,00:00:07,10,20,41,1234860776,threshold_sweep,0.3,0.75,0.0322580645161,0.0618556701031,6,2,180,370,0.0322580645161,0.994623655914,0.00537634408602,0.967741935484,0.75,0.0322580645161,0.0618556701031,0.673835125448,0.661887694146,0.0353356890459,0.106600358178,0.0268817204301,342,156,186,0,342,0,156,0,186,37,342,0.256756756757,1.72528881811,18.4864864865,15.5454545455,9.77142857143,5.36771015539,0.290358590277,0.142642642643,9.50849154237,1.02869645341,0.544491860281,8.05331334643,0.871264894205,0.461830251304,0.640599570326,0.371299902718,2,1.72528881811,0.640599570326,2,0.344071394247,0.376569037657,810,0.104247104247,0.56957682835,37,37,37,1,0,0.405405405405,0.540540540541,0.0540540540541,37,0.117117117117,2.22747747748,8.43243243243,7.09090909091,4.45714285714,5.03620525429,0.597242289772,0.326923076923,6.00525295579,1.42432281644,0.680873180873,3.83793300225,0.910278981302,0.463617463617,1.42084529335,0.637871901162,5.2,2.22747747748,1.42084529335,5.2,0,0,0,0,0.160752482811,37,37,37,1,0,0.405405405405,0.540540540541,0.0540540540541,37,164,0.123123123123,2.17123006784,8.86486486486,7.45454545455,4.68571428571,4.79097625265,0.540445491915,0.294166117337,5.97467126265,1.34794412633,0.663480553724,3.70840292474,0.836651879363,0.438035596572,1.3115893085,0.604076614417,4.63804143126,2.17123006784,1.3115893085,4.63804143126,0.027965150024,0.00530347672363,3,0.0003861003861,0.170435649007,37,37,37,1,0,0.405405405405,0.540540540541,0.0540540540541,-178,-0.133633633634,0.445941249725,-9.62162162162,-8.09090909091,-5.08571428571,-0.576733902744,0.250086901638,0.151523474694,-3.53382027973,0.319247672914,0.118988693443,-4.34491042169,-0.0346130148418,-0.0237946547318,0.670989738174,0.232776711699,2.63804143126,0.445941249725,0.670989738174,2.63804143126,-0.316106244223,-0.371265560933,-807,-0.103861003861,-0.399141179343,0,0,0,162,2,180,988,0.473684210526,0.99797979798,0.0020202020202,0.526315789474,0.987804878049,0.473684210526,0.640316205534,0.627075802345,0.471664008506,0.470930232558,8,186,0,0,0,0
814,WLNM_dir_neg,0.405863394612,0.298651408112,00:00:07,10,20,41,1234860776,threshold_sweep,0.4,0.75,0.0322580645161,0.0618556701031,6,2,180,370,0.0322580645161,0.994623655914,0.00537634408602,0.967741935484,0.75,0.0322580645161,0.0618556701031,0.673835125448,0.661887694146,0.0353356890459,0.106600358178,0.0268817204301,342,156,186,0,342,0,156,0,186,37,342,0.256756756757,1.72528881811,18.4864864865,15.5454545455,9.77142857143,5.36771015539,0.290358590277,0.142642642643,9.50849154237,1.02869645341,0.544491860281,8.05331334643,0.871264894205,0.461830251304,0.640599570326,0.371299902718,2,1.72528881811,0.640599570326,2,0.344071394247,0.376569037657,810,0.104247104247,0.56957682835,37,37,37,1,0,0.405405405405,0.540540540541,0.0540540540541,37,0.117117117117,2.22747747748,8.43243243243,7.09090909091,4.45714285714,5.03620525429,0.597242289772,0.326923076923,6.00525295579,1.42432281644,0.680873180873,3.83793300225,0.910278981302,0.463617463617,1.42084529335,0.637871901162,5.2,2.22747747748,1.42084529335,5.2,0,0,0,0,0.160752482811,37,37,37,1,0,0.405405405405,0.540540540541,0.0540540540541,37,164,0.123123123123,2.17123006784,8.86486486486,7.45454545455,4.68571428571,4.79097625265,0.540445491915,0.294166117337,5.97467126265,1.34794412633,0.663480553724,3.70840292474,0.836651879363,0.438035596572,1.3115893085,0.604076614417,4.63804143126,2.17123006784,1.3115893085,4.63804143126,0.027965150024,0.00530347672363,3,0.0003861003861,0.170435649007,37,37,37,1,0,0.405405405405,0.540540540541,0.0540540540541,-178,-0.133633633634,0.445941249725,-9.62162162162,-8.09090909091,-5.08571428571,-0.576733902744,0.250086901638,0.151523474694,-3.53382027973,0.319247672914,0.118988693443,-4.34491042169,-0.0346130148418,-0.0237946547318,0.670989738174,0.232776711699,2.63804143126,0.445941249725,0.670989738174,2.63804143126,-0.316106244223,-0.371265560933,-807,-0.103861003861,-0.399141179343,0,0,0,162,2,180,988,0.473684210526,0.99797979798,0.0020202020202,0.526315789474,0.987804878049,0.473684210526,0.640316205534,0.627075802345,0.471664008506,0.470930232558,8,186,0,0,0,0
815,WLNM_dir_neg,0.405863394612,0.298651408112,00:00:07,10,20,41,1234860776,threshold_sweep,0.5,0.75,0.0322580645161,0.0618556701031,6,2,180,370,0.0322580645161,0.994623655914,0.00537634408602,0.967741935484,0.75,0.0322580645161,0.0618556701031,0.673835125448,0.661887694146,0.0353356890459,0.106600358178,0.0268817204301,342,156,186,0,342,0,156,0,186,37,342,0.256756756757,1.72528881811,18.4864864865,15.5454545455,9.77142857143,5.36771015539,0.290358590277,0.142642642643,9.50849154237,1.02869645341,0.544491860281,8.05331334643,0.871264894205,0.461830251304,0.640599570326,0.371299902718,2,1.72528881811,0.640599570326,2,0.344071394247,0.376569037657,810,0.104247104247,0.56957682835,37,37,37,1,0,0.405405405405,0.540540540541,0.0540540540541,37,0.117117117117,2.22747747748,8.43243243243,7.09090909091,4.45714285714,5.03620525429,0.597242289772,0.326923076923,6.00525295579,1.42432281644,0.680873180873,3.83793300225,0.910278981302,0.463617463617,1.42084529335,0.637871901162,5.2,2.22747747748,1.42084529335,5.2,0,0,0,0,0.160752482811,37,37,37,1,0,0.405405405405,0.540540540541,0.0540540540541,37,164,0.123123123123,2.17123006784,8.86486486486,7.45454545455,4.68571428571,4.79097625265,0.540445491915,0.294166117337,5.97467126265,1.34794412633,0.663480553724,3.70840292474,0.836651879363,0.438035596572,1.3115893085,0.604076614417,4.63804143126,2.17123006784,1.3115893085,4.63804143126,0.027965150024,0.00530347672363,3,0.0003861003861,0.170435649007,37,37,37,1,0,0.405405405405,0.540540540541,0.0540540540541,-178,-0.133633633634,0.445941249725,-9.62162162162,-8.09090909091,-5.08571428571,-0.576733902744,0.250086901638,0.151523474694,-3.53382027973,0.319247672914,0.118988693443,-4.34491042169,-0.0346130148418,-0.0237946547318,0.670989738174,0.232776711699,2.63804143126,0.445941249725,0.670989738174,2.63804143126,-0.316106244223,-0.371265560933,-807,-0.103861003861,-0.399141179343,0,0,0,162,2,180,988,0.473684210526,0.99797979798,0.0020202020202,0.526315789474,0.987804878049,0.473684210526,0.640316205534,0.627075802345,0.471664008506,0.470930232558,8,186,0,0,0,0
816,WLNM_dir_neg,0.405863394612,0.298651408112,00:00:07,10,20,41,1234860776,threshold_sweep,0.6,0.75,0.0322580645161,0.0618556701031,6,2,180,370,0.0322580645161,0.994623655914,0.00537634408602,0.967741935484,0.75,0.0322580645161,0.0618556701031,0.673835125448,0.661887694146,0.0353356890459,0.106600358178,0.0268817204301,342,156,186,0,342,0,156,0,186,37,342,0.256756756757,1.72528881811,18.4864864865,15.5454545455,9.77142857143,5.36771015539,0.290358590277,0.142642642643,9.50849154237,1.02869645341,0.544491860281,8.05331334643,0.871264894205,0.461830251304,0.640599570326,0.371299902718,2,1.72528881811,0.640599570326,2,0.344071394247,0.376569037657,810,0.104247104247,0.56957682835,37,37,37,1,0,0.405405405405,0.540540540541,0.0540540540541,37,0.117117117117,2.22747747748,8.43243243243,7.09090909091,4.45714285714,5.03620525429,0.597242289772,0.326923076923,6.00525295579,1.42432281644,0.680873180873,3.83793300225,0.910278981302,0.463617463617,1.42084529335,0.637871901162,5.2,2.22747747748,1.42084529335,5.2,0,0,0,0,0.160752482811,37,37,37,1,0,0.405405405405,0.540540540541,0.0540540540541,37,164,0.123123123123,2.17123006784,8.86486486486,7.45454545455,4.68571428571,4.79097625265,0.540445491915,0.294166117337,5.97467126265,1.34794412633,0.663480553724,3.70840292474,0.836651879363,0.438035596572,1.3115893085,0.604076614417,4.63804143126,2.17123006784,1.3115893085,4.63804143126,0.027965150024,0.00530347672363,3,0.0003861003861,0.170435649007,37,37,37,1,0,0.405405405405,0.540540540541,0.0540540540541,-178,-0.133633633634,0.445941249725,-9.62162162162,-8.09090909091,-5.08571428571,-0.576733902744,0.250086901638,0.151523474694,-3.53382027973,0.319247672914,0.118988693443,-4.34491042169,-0.0346130148418,-0.0237946547318,0.670989738174,0.232776711699,2.63804143126,0.445941249725,0.670989738174,2.63804143126,-0.316106244223,-0.371265560933,-807,-0.103861003861,-0.399141179343,0,0,0,162,2,180,988,0.473684210526,0.99797979798,0.0020202020202,0.526315789474,0.987804878049,0.473684210526,0.640316205534,0.627075802345,0.471664008506,0.470930232558,8,186,0,0,0,0
817,WLNM_dir_neg,0.405863394612,0.298651408112,00:00:07,10,20,41,1234860776,threshold_sweep,0.7,0.857142857143,0.0322580645161,0.0621761658031,6,1,180,371,0.0322580645161,0.997311827957,0.00268817204301,0.967741935484,0.857142857143,0.0322580645161,0.0621761658031,0.675627240143,0.662485065711,0.0389380530973,0.125242828695,0.0295698924731,342,156,186,0,342,0,156,0,186,37,342,0.256756756757,1.72528881811,18.4864864865,15.5454545455,9.77142857143,5.36771015539,0.290358590277,0.142642642643,9.50849154237,1.02869645341,0.544491860281,8.05331334643,0.871264894205,0.461830251304,0.640599570326,0.371299902718,2,1.72528881811,0.640599570326,2,0.344071394247,0.376569037657,810,0.104247104247,0.56957682835,37,37,37,1,0,0.405405405405,0.540540540541,0.0540540540541,37,0.117117117117,2.22747747748,8.43243243243,7.09090909091,4.45714285714,5.03620525429,0.597242289772,0.326923076923,6.00525295579,1.42432281644,0.680873180873,3.83793300225,0.910278981302,0.463617463617,1.42084529335,0.637871901162,5.2,2.22747747748,1.42084529335,5.2,0,0,0,0,0.160752482811,37,37,37,1,0,0.405405405405,0.540540540541,0.0540540540541,37,163,0.122372372372,2.14966588865,8.81081081081,7.40909090909,4.65714285714,4.84675056001,0.550091321229,0.299784447024,5.98822668733,1.35929072044,0.666887746642,3.72274883102,0.845041145692,0.440391311557,1.28544905518,0.59797620736,4.62919020716,2.14966588865,1.28544905518,4.62919020716,0.0358966108966,0.00355029585799,2,0.0002574002574,0.169533773105,37,37,37,1,0,0.405405405405,0.540540540541,0.0540540540541,-179,-0.134384384384,0.424377070534,-9.67567567568,-8.13636363636,-5.11428571429,-0.52095959538,0.259732730951,0.157141804381,-3.52026485504,0.330594267022,0.122395886361,-4.33056451541,-0.0262237485133,-0.021438939747,0.644849484859,0.226676304642,2.62919020716,0.424377070534,0.644849484859,2.62919020716,-0.308174783351,-0.373018741799,-808,-0.10398970399,-0.400043055245,0,0,0,162,1,180,989,0.473684210526,0.99898989899,0.0010101010101,0.526315789474,0.993865030675,0.473684210526,0.641584158416,0.630073780079,0.472674109516,0.472303206997,7,186,0,0,0,0
818,WLNM_dir_neg,0.405863394612,0.298651408112,00:00:07,10,20,41,1234860776,threshold_sweep,0.8,0.857142857143,0.0322580645161,0.0621761658031,6,1,180,371,0.0322580645161,0.997311827957,0.00268817204301,0.967741935484,0.857142857143,0.0322580645161,0.0621761658031,0.675627240143,0.662485065711,0.0389380530973,0.125242828695,0.0295698924731,342,156,186,0,342,0,156,0,186,37,342,0.256756756757,1.72528881811,18.4864864865,15.5454545455,9.77142857143,5.36771015539,0.290358590277,0.142642642643,9.50849154237,1.02869645341,0.544491860281,8.05331334643,0.871264894205,0.461830251304,0.640599570326,0.371299902718,2,1.72528881811,0.640599570326,2,0.344071394247,0.376569037657,810,0.104247104247,0.56957682835,37,37,37,1,0,0.405405405405,0.540540540541,0.0540540540541,37,0.117117117117,2.22747747748,8.43243243243,7.09090909091,4.45714285714,5.03620525429,0.597242289772,0.326923076923,6.00525295579,1.42432281644,0.680873180873,3.83793300225,0.910278981302,0.463617463617,1.42084529335,0.637871901162,5.2,2.22747747748,1.42084529335,5.2,0,0,0,0,0.160752482811,37,37,37,1,0,0.405405405405,0.540540540541,0.0540540540541,37,163,0.122372372372,2.14966588865,8.81081081081,7.40909090909,4.65714285714,4.84675056001,0.550091321229,0.299784447024,5.98822668733,1.35929072044,0.666887746642,3.72274883102,0.845041145692,0.440391311557,1.28544905518,0.59797620736,4.62919020716,2.14966588865,1.28544905518,4.62919020716,0.0358966108966,0.00355029585799,2,0.0002574002574,0.169533773105,37,37,37,1,0,0.405405405405,0.540540540541,0.0540540540541,-179,-0.134384384384,0.424377070534,-9.67567567568,-8.13636363636,-5.11428571429,-0.52095959538,0.259732730951,0.157141804381,-3.52026485504,0.330594267022,0.122395886361,-4.33056451541,-0.0262237485133,-0.021438939747,0.644849484859,0.226676304642,2.62919020716,0.424377070534,0.644849484859,2.62919020716,-0.308174783351,-0.373018741799,-808,-0.10398970399,-0.400043055245,0,0,0,162,1,180,989,0.473684210526,0.99898989899,0.0010101010101,0.526315789474,0.993865030675,0.473684210526,0.641584158416,0.630073780079,0.472674109516,0.472303206997,7,186,0,0,0,0
819,WLNM_dir_neg,0.405863394612,0.298651408112,00:00:07,10,20,41,1234860776,threshold_sweep,0.9,0.833333333333,0.0268817204301,0.0520833333333,5,1,181,371,0.0268817204301,0.997311827957,0.00268817204301,0.97311827957,0.833333333333,0.0268817204301,0.0520833333333,0.673835125448,0.663082437276,0.031914893617,0.110581467116,0.0241935483871,342,156,186,0,342,0,156,0,186,37,342,0.256756756757,1.72528881811,18.4864864865,15.5454545455,9.77142857143,5.36771015539,0.290358590277,0.142642642643,9.50849154237,1.02869645341,0.544491860281,8.05331334643,0.871264894205,0.461830251304,0.640599570326,0.371299902718,2,1.72528881811,0.640599570326,2,0.344071394247,0.376569037657,810,0.104247104247,0.56957682835,37,37,37,1,0,0.405405405405,0.540540540541,0.0540540540541,37,0.117117117117,2.22747747748,8.43243243243,7.09090909091,4.45714285714,5.03620525429,0.597242289772,0.326923076923,6.00525295579,1.42432281644,0.680873180873,3.83793300225,0.910278981302,0.463617463617,1.42084529335,0.637871901162,5.2,2.22747747748,1.42084529335,5.2,0,0,0,0,0.160752482811,37,37,37,1,0,0.405405405405,0.540540540541,0.0540540540541,37,162,0.121621621622,2.2034980035,8.75675675676,7.36363636364,4.62857142857,4.82703846062,0.551235873589,0.300800800801,5.99236250643,1.36862600455,0.669002335669,3.74426488373,0.855171609247,0.445111778445,1.41453898224,0.641951560654,5.43048433048,2.2034980035,1.41453898224,5.43048433048,0.0284906755495,0.00179533213645,1,0.0001287001287,0.169009826153,37,37,37,1,0,0.405405405405,0.540540540541,0.0540540540541,-180,-0.135135135135,0.478209185383,-9.72972972973,-8.18181818182,-5.14285714286,-0.540671694774,0.260877283312,0.158158158158,-3.51612903595,0.339929551139,0.124510475388,-4.30904846271,-0.0160932849583,-0.0167184728588,0.773939411918,0.270651657936,3.43048433048,0.478209185383,0.773939411918,3.43048433048,-0.315580718698,-0.37477370552,-809,-0.104118404118,-0.400567002197,0,0,0,161,1,181,989,0.470760233918,0.99898989899,0.0010101010101,0.529239766082,0.993827160494,0.470760233918,0.638888888889,0.627837314655,0.469750132908,0.469387755102,6,186,0,0,0,0
820,WLNM_dir_neg,0.545561625621,0.380156944354,00:00:08,10,20,42,1234860777,threshold_sweep,0.1,0.4,0.0967741935484,0.155844155844,18,27,168,345,0.0967741935484,0.927419354839,0.0725806451613,0.903225806452,0.4,0.0967741935484,0.155844155844,0.650537634409,0.639784946237,0.0298507462687,0.0418853908292,0.0241935483871,342,156,186,0,342,0,156,0,186,37,342,0.256756756757,1.72528881811,18.4864864865,15.5454545455,9.77142857143,5.36771015539,0.290358590277,0.142642642643,9.50849154237,1.02869645341,0.544491860281,8.05331334643,0.871264894205,0.461830251304,0.640599570326,0.371299902718,2,1.72528881811,0.640599570326,2,0.344071394247,0.376569037657,810,0.104247104247,0.56957682835,37,37,37,1,0,0.405405405405,0.540540540541,0.0540540540541,37,0.117117117117,2.21261261261,8.43243243243,7.09090909091,4.45714285714,5.04722443274,0.598549051319,0.327616077616,6.00525295579,1.42432281644,0.680873180873,3.83793300225,0.910278981302,0.463617463617,1.39215458577,0.629190386892,5.2,2.21261261261,1.39215458577,5.2,0,0,0,0,0.161113233172,37,37,37,1,0,0.405405405405,0.540540540541,0.0540540540541,37,201,0.150900900901,10.7956693537,10.8648648649,6.09090909091,5.43243243243,5.28184606912,0.486140061088,0.267177625387,5.66441396665,1.04270306849,0.539733763614,3.49237694081,0.642875357263,0.349603334678,3.73809528722,0.346258778843,12.5832106057,10.7956693537,3.73809528722,12.5832106057,0.176510083321,0.0895104895105,64,0.00823680823681,0.149370969497,37,37,37,1,0,0.108108108108,0.891891891892,0,-141,-0.105855855856,9.07038053562,-7.62162162162,-9.45454545455,-4.338996139,-0.0858640862714,0.195781470811,0.124534982744,-3.84407757572,0.0140066150731,-0.00475809666697,-4.56093640562,-0.228389536941,-0.112226916626,3.09749571689,-0.0250411238747,10.5832106057,9.07038053562,3.09749571689,10.5832106057,-0.167561310926,-0.287058548146,-746,-0.0960102960103,-0.420205858853,-0.297297297297,0.351351351351,-0.0540540540541,174,27,168,963,0.508771929825,0.972727272727,0.0272727272727,0.491228070175,0.865671641791,0.508771929825,0.640883977901,0.587620436361,0.481499202552,0.471544715447,45,186,0,0,0,0
821,WLNM_dir_neg,0.545561625621,0.380156944354,00:00:08,10,20,42,1234860777,threshold_sweep,0.2,0.483870967742,0.0806451612903,0.138248847926,15,16,171,356,0.0806451612903,0.956989247312,0.0430107526882,0.91935483871,0.483870967742,0.0806451612903,0.138248847926,0.664874551971,0.648148148148,0.0475382003396,0.0774509739353,0.0376344086022,342,156,186,0,342,0,156,0,186,37,342,0.256756756757,1.72528881811,18.4864864865,15.5454545455,9.77142857143,5.36771015539,0.290358590277,0.142642642643,9.50849154237,1.02869645341,0.544491860281,8.05331334643,0.871264894205,0.461830251304,0.640599570326,0.371299902718,2,1.72528881811,0.640599570326,2,0.344071394247,0.376569037657,810,0.104247104247,0.56957682835,37,37,37,1,0,0.405405405405,0.540540540541,0.0540540540541,37,0.117117117117,2.21261261261,8.43243243243,7.09090909091,4.45714285714,5.04722443274,0.598549051319,0.327616077616,6.00525295579,1.42432281644,0.680873180873,3.83793300225,0.910278981302,0.463617463617,1.39215458577,0.629190386892,5.2,2.21261261261,1.39215458577,5.2,0,0,0,0,0.161113233172,37,37,37,1,0,0.405405405405,0.540540540541,0.0540540540541,37,187,0.14039039039,6.75465812911,10.1081081081,6.23333333333,5.05405405405,4.85789039595,0.480593434894,0.260875849111,5.77324261835,1.1422993416,0.584766584767,3.66625714339,0.725409167408,0.388784506432,3.07921065609,0.45586476728,8.6741568922,6.75465812911,3.07921065609,8.6741568922,0.141971383148,0.0665680473373,45,0.00579150579151,0.178939974457,37,37,37,1,0,0.189189189189,0.810810810811,0,-155,-0.116366366366,5.02936931099,-8.37837837838,-9.31212121212,-4.71737451737,-0.50981975944,0.190234844617,0.118233206469,-3.73524892402,0.113602888184,0.0402747244853,-4.38705620305,-0.145855726797,-0.0730457448724,2.43861108576,0.0845648645627,6.6741568922,5.02936931099,2.43861108576,6.6741568922,-0.2021000111,-0.31000099032,-765,-0.0984555984556,-0.390636853893,-0.216216216216,0.27027027027,-0.0540540540541,171,16,171,974,0.5,0.983838383838,0.0161616161616,0.5,0.914438502674,0.5,0.646502835539,0.608425520818,0.483838383838,0.477653631285,31,186,0,0,0,0
822,WLNM_dir_neg,0.545561625621,0.380156944354,00:00:08,10,20,42,1234860777,threshold_sweep,0.3,0.466666666667,0.0752688172043,0.12962962963,14,16,172,356,0.0752688172043,0.956989247312,0.0430107526882,0.924731182796,0.466666666667,0.0752688172043,0.12962962963,0.663082437276,0.648745519713,0.0408163265306,0.0674199862463,0.0322580645161,342,156,186,0,342,0,156,0,186,37,342,0.256756756757,1.72528881811,18.4864864865,15.5454545455,9.77142857143,5.36771015539,0.290358590277,0.142642642643,9.50849154237,1.02869645341,0.544491860281,8.05331334643,0.871264894205,0.461830251304,0.640599570326,0.371299902718,2,1.72528881811,0.640599570326,2,0.344071394247,0.376569037657,810,0.104247104247,0.56957682835,37,37,37,1,0,0.405405405405,0.540540540541,0.0540540540541,37,0.117117117117,2.21261261261,8.43243243243,7.09090909091,4.45714285714,5.04722443274,0.598549051319,0.327616077616,6.00525295579,1.42432281644,0.680873180873,3.83793300225,0.910278981302,0.463617463617,1.39215458577,0.629190386892,5.2,2.21261261261,1.39215458577,5.2,0,0,0,0,0.161113233172,37,37,37,1,0,0.405405405405,0.540540540541,0.0540540540541,37,186,0.13963963964,6.84563458086,10.0540540541,6.2,5.02702702703,4.75479842981,0.472923499739,0.257628596338,5.75657347197,1.14512483044,0.585294972392,3.68545554614,0.733128253802,0.392037198489,3.1316787731,0.45747092342,8.84249175327,6.84563458086,3.1316787731,8.84249175327,0.131809750927,0.0526843953838,35,0.0045045045045,0.178798162246,37,37,37,1,0,0.189189189189,0.810810810811,0,-156,-0.117117117117,5.12034576274,-8.43243243243,-9.34545454545,-4.7444015444,-0.612911725585,0.182564909462,0.114985953696,-3.75191807041,0.11642837703,0.0408031121104,-4.36785780029,-0.138136640403,-0.0697930528151,2.49107920277,0.0861710207023,6.84249175327,5.12034576274,2.49107920277,6.84249175327,-0.21226164332,-0.323884642273,-775,-0.0997425997426,-0.390778666103,-0.216216216216,0.27027027027,-0.0540540540541,170,16,172,974,0.497076023392,0.983838383838,0.0161616161616,0.502923976608,0.913978494624,0.497076023392,0.643939393939,0.606107498939,0.48091440723,0.474860335196,30,186,0,0,0,0
823,WLNM_dir_neg,0.545561625621,0.380156944354,00:00:08,10,20,42,1234860777,threshold_sweep,0.4,0.619047619048,0.0698924731183,0.125603864734,13,8,173,364,0.0698924731183,0.978494623656,0.0215053763441,0.930107526882,0.619047619048,0.0698924731183,0.125603864734,0.675627240143,0.654121863799,0.0621761658031,0.119856258683,0.0483870967742,342,156,186,0,342,0,156,0,186,37,342,0.256756756757,1.72528881811,18.4864864865,15.5454545455,9.77142857143,5.36771015539,0.290358590277,0.142642642643,9.50849154237,1.02869645341,0.544491860281,8.05331334643,0.871264894205,0.461830251304,0.640599570326,0.371299902718,2,1.72528881811,0.640599570326,2,0.344071394247,0.376569037657,810,0.104247104247,0.56957682835,37,37,37,1,0,0.405405405405,0.540540540541,0.0540540540541,37,0.117117117117,2.21261261261,8.43243243243,7.09090909091,4.45714285714,5.04722443274,0.598549051319,0.327616077616,6.00525295579,1.42432281644,0.680873180873,3.83793300225,0.910278981302,0.463617463617,1.39215458577,0.629190386892,5.2,2.21261261261,1.39215458577,5.2,0,0,0,0,0.161113233172,37,37,37,1,0,0.405405405405,0.540540540541,0.0540540540541,37,177,0.132882882883,2.31960752556,9.56756756757,8.04545454545,4.78378378378,4.48169449936,0.468425696261,0.250267216369,5.93078191929,1.23976797183,0.632462971446,3.4971030482,0.731032840584,0.389372423271,1.40739979543,0.606740485154,3.71625147878,2.31960752556,1.40739979543,3.71625147878,0.120988845989,0.0314396028682,19,0.0024453024453,0.180077053778,37,37,37,1,0,0.405405405405,0.594594594595,0,-165,-0.123873873874,0.594318707446,-8.91891891892,-7.5,-4.98764478764,-0.886015656034,0.178067105984,0.107624573726,-3.57770962308,0.211071518414,0.0879711111647,-4.55621029823,-0.140232053621,-0.0724578280332,0.7668002251,0.235440582437,1.71625147878,0.594318707446,0.7668002251,1.71625147878,-0.223082548259,-0.345129434789,-791,-0.101801801802,-0.389499774572,0,0.0540540540541,-0.0540540540541,169,8,173,982,0.494152046784,0.991919191919,0.00808080808081,0.505847953216,0.954802259887,0.494152046784,0.651252408478,0.62553692265,0.486071238703,0.482857142857,21,186,0,0,0,0
824,WLNM_dir_neg,0.545561625621,0.380156944354,00:00:08,10,20,42,1234860777,threshold_sweep,0.5,0.619047619048,0.0698924731183,0.125603864734,13,8,173,364,0.0698924731183,0.978494623656,0.0215053763441,0.930107526882,0.619047619048,0.0698924731183,0.125603864734,0.675627240143,0.654121863799,0.0621761658031,0.119856258683,0.0483870967742,342,156,186,0,342,0,156,0,186,37,342,0.256756756757,1.72528881811,18.4864864865,15.5454545455,9.77142857143,5.36771015539,0.290358590277,0.142642642643,9.50849154237,1.02869645341,0.544491860281,8.05331334643,0.871264894205,0.461830251304,0.640599570326,0.371299902718,2,1.72528881811,0.640599570326,2,0.344071394247,0.376569037657,810,0.104247104247,0.56957682835,37,37,37,1,0,0.405405405405,0.540540540541,0.0540540540541,37,0.117117117117,2.21261261261,8.43243243243,7.09090909091,4.45714285714,5.04722443274,0.598549051319,0.327616077616,6.00525295579,1.42432281644,0.680873180873,3.83793300225,0.910278981302,0.463617463617,1.39215458577,0.629190386892,5.2,2.21261261261,1.39215458577,5.2,0,0,0,0,0.161113233172,37,37,37,1,0,0.405405405405,0.540540540541,0.0540540540541,37,177,0.132882882883,2.31960752556,9.56756756757,8.04545454545,4.78378378378,4.48169449936,0.468425696261,0.250267216369,5.93078191929,1.23976797183,0.632462971446,3.4971030482,0.731032840584,0.389372423271,1.40739979543,0.606740485154,3.71625147878,2.31960752556,1.40739979543,3.71625147878,0.120988845989,0.0314396028682,19,0.0024453024453,0.180077053778,37,37,37,1,0,0.405405405405,0.594594594595,0,-165,-0.123873873874,0.594318707446,-8.91891891892,-7.5,-4.98764478764,-0.886015656034,0.178067105984,0.107624573726,-3.57770962308,0.211071518414,0.0879711111647,-4.55621029823,-0.140232053621,-0.0724578280332,0.7668002251,0.235440582437,1.71625147878,0.594318707446,0.7668002251,1.71625147878,-0.223082548259,-0.345129434789,-791,-0.101801801802,-0.389499774572,0,0.0540540540541,-0.0540540540541,169,8,173,982,0.494152046784,0.991919191919,0.00808080808081,0.505847953216,0.954802259887,0.494152046784,0.651252408478,0.62553692265,0.486071238703,0.482857142857,21,186,0,0,0,0
825,WLNM_dir_neg,0.545561625621,0.380156944354,00:00:08,10,20,42,1234860777,threshold_sweep,0.6,0.65,0.0698924731183,0.126213592233,13,7,173,365,0.0698924731183,0.981182795699,0.0188172043011,0.930107526882,0.65,0.0698924731183,0.126213592233,0.677419354839,0.654719235364,0.0657439446367,0.129518697248,0.0510752688172,342,156,186,0,342,0,156,0,186,37,342,0.256756756757,1.72528881811,18.4864864865,15.5454545455,9.77142857143,5.36771015539,0.290358590277,0.142642642643,9.50849154237,1.02869645341,0.544491860281,8.05331334643,0.871264894205,0.461830251304,0.640599570326,0.371299902718,2,1.72528881811,0.640599570326,2,0.344071394247,0.376569037657,810,0.104247104247,0.56957682835,37,37,37,1,0,0.405405405405,0.540540540541,0.0540540540541,37,0.117117117117,2.21261261261,8.43243243243,7.09090909091,4.45714285714,5.04722443274,0.598549051319,0.327616077616,6.00525295579,1.42432281644,0.680873180873,3.83793300225,0.910278981302,0.463617463617,1.39215458577,0.629190386892,5.2,2.21261261261,1.39215458577,5.2,0,0,0,0,0.161113233172,37,37,37,1,0,0.405405405405,0.540540540541,0.0540540540541,37,176,0.132132132132,2.29891797743,9.51351351351,8,4.75675675676,4.49457464074,0.472441084396,0.251996314496,5.93672845469,1.24806223195,0.634828009828,3.50717839585,0.737304549127,0.391277641278,1.38040916499,0.600460381165,3.71398714948,2.29891797743,1.38040916499,3.71398714948,0.120988845989,0.0314396028682,19,0.0024453024453,0.178941549071,37,37,37,1,0,0.405405405405,0.594594594595,0,-166,-0.124624624625,0.573629159311,-8.97297297297,-7.54545454545,-5.01467181467,-0.873135514651,0.182082494119,0.109353671854,-3.57176308768,0.219365778537,0.0903361495467,-4.54613495059,-0.133960345078,-0.0705526100263,0.739809594667,0.229160478448,1.71398714948,0.573629159311,0.739809594667,1.71398714948,-0.223082548259,-0.345129434789,-791,-0.101801801802,-0.390635279278,0,0.0540540540541,-0.0540540540541,169,7,173,983,0.494152046784,0.992929292929,0.00707070707071,0.505847953216,0.960227272727,0.494152046784,0.65250965251,0.628343159212,0.487081339713,0.484240687679,20,186,0,0,0,0
826,WLNM_dir_neg,0.545561625621,0.380156944354,00:00:08,10,20,42,1234860777,threshold_sweep,0.7,0.611111111111,0.0591397849462,0.107843137255,11,7,175,365,0.0591397849462,0.981182795699,0.0188172043011,0.940860215054,0.611111111111,0.0591397849462,0.107843137255,0.673835125448,0.655913978495,0.0520833333333,0.107582870728,0.0403225806452,342,156,186,0,342,0,156,0,186,37,342,0.256756756757,1.72528881811,18.4864864865,15.5454545455,9.77142857143,5.36771015539,0.290358590277,0.142642642643,9.50849154237,1.02869645341,0.544491860281,8.05331334643,0.871264894205,0.461830251304,0.640599570326,0.371299902718,2,1.72528881811,0.640599570326,2,0.344071394247,0.376569037657,810,0.104247104247,0.56957682835,37,37,37,1,0,0.405405405405,0.540540540541,0.0540540540541,37,0.117117117117,2.21261261261,8.43243243243,7.09090909091,4.45714285714,5.04722443274,0.598549051319,0.327616077616,6.00525295579,1.42432281644,0.680873180873,3.83793300225,0.910278981302,0.463617463617,1.39215458577,0.629190386892,5.2,2.21261261261,1.39215458577,5.2,0,0,0,0,0.161113233172,37,37,37,1,0,0.405405405405,0.540540540541,0.0540540540541,37,174,0.130630630631,2.32690597301,9.40540540541,7.90909090909,4.7027027027,4.63956091948,0.493286649484,0.263746505126,5.96221838312,1.26782804699,0.641814228021,3.55797121393,0.756580085721,0.401056228642,1.43116174816,0.6150492391,4.33166104347,2.32690597301,1.43116174816,4.33166104347,0.131499356499,0.0283176013326,17,0.0021879021879,0.178448523578,37,37,37,1,0,0.405405405405,0.594594594595,0,-168,-0.126126126126,0.601617154896,-9.08108108108,-7.63636363636,-5.06872586873,-0.728149235918,0.202928059207,0.121103862483,-3.54627315925,0.239131593571,0.0973223677398,-4.4953421325,-0.114684808484,-0.0607740226615,0.790562177832,0.243749336382,2.33166104347,0.601617154896,0.790562177832,2.33166104347,-0.212572037748,-0.348251436324,-793,-0.102059202059,-0.391128304771,0,0.0540540540541,-0.0540540540541,167,7,175,983,0.488304093567,0.992929292929,0.00707070707071,0.511695906433,0.959770114943,0.488304093567,0.647286821705,0.623817417169,0.481233386497,0.478510028653,18,186,0,0,0,0
827,WLNM_dir_neg,0.545561625621,0.380156944354,00:00:08,10,20,42,1234860777,threshold_sweep,0.8,0.647058823529,0.0591397849462,0.108374384236,11,6,175,366,0.0591397849462,0.983870967742,0.0161290322581,0.940860215054,0.647058823529,0.0591397849462,0.108374384236,0.675627240143,0.65651135006,0.055652173913,0.117972801188,0.0430107526882,342,156,186,0,342,0,156,0,186,37,342,0.256756756757,1.72528881811,18.4864864865,15.5454545455,9.77142857143,5.36771015539,0.290358590277,0.142642642643,9.50849154237,1.02869645341,0.544491860281,8.05331334643,0.871264894205,0.461830251304,0.640599570326,0.371299902718,2,1.72528881811,0.640599570326,2,0.344071394247,0.376569037657,810,0.104247104247,0.56957682835,37,37,37,1,0,0.405405405405,0.540540540541,0.0540540540541,37,0.117117117117,2.21261261261,8.43243243243,7.09090909091,4.45714285714,5.04722443274,0.598549051319,0.327616077616,6.00525295579,1.42432281644,0.680873180873,3.83793300225,0.910278981302,0.463617463617,1.39215458577,0.629190386892,5.2,2.21261261261,1.39215458577,5.2,0,0,0,0,0.161113233172,37,37,37,1,0,0.405405405405,0.540540540541,0.0540540540541,37,173,0.12987987988,2.30956622242,9.35135135135,7.86363636364,4.67567567568,4.65603679954,0.497899888968,0.267614435244,5.96775620431,1.27634092231,0.643961880956,3.55163541402,0.759598325542,0.402124668021,1.40788720983,0.609589452845,4.32056052187,2.30956622242,1.40788720983,4.32056052187,0.126468695586,0.023503077784,14,0.0018018018018,0.176047048755,37,37,37,1,0,0.405405405405,0.594594594595,0,-169,-0.126876876877,0.584277404305,-9.13513513514,-7.68181818182,-5.09575289575,-0.711673355852,0.207541298691,0.124971792602,-3.54073533806,0.247644468895,0.0994700206748,-4.50167793242,-0.111666568663,-0.0597055832833,0.767287639508,0.238289550127,2.32056052187,0.584277404305,0.767287639508,2.32056052187,-0.217602698661,-0.353065959873,-796,-0.102445302445,-0.393529779595,0,0.0540540540541,-0.0540540540541,167,6,175,984,0.488304093567,0.993939393939,0.00606060606061,0.511695906433,0.965317919075,0.488304093567,0.64854368932,0.62666040086,0.482243487507,0.479885057471,17,186,0,0,0,0
828,WLNM_dir_neg,0.545561625621,0.380156944354,00:00:08,10,20,42,1234860777,threshold_sweep,0.9,0.625,0.0537634408602,0.0990099009901,10,6,176,366,0.0537634408602,0.983870967742,0.0161290322581,0.94623655914,0.625,0.0537634408602,0.0990099009901,0.673835125448,0.657108721625,0.0487804878049,0.106304929365,0.0376344086022,342,156,186,0,342,0,156,0,186,37,342,0.256756756757,1.72528881811,18.4864864865,15.5454545455,9.77142857143,5.36771015539,0.290358590277,0.142642642643,9.50849154237,1.02869645341,0.544491860281,8.05331334643,0.871264894205,0.461830251304,0.640599570326,0.371299902718,2,1.72528881811,0.640599570326,2,0.344071394247,0.376569037657,810,0.104247104247,0.56957682835,37,37,37,1,0,0.405405405405,0.540540540541,0.0540540540541,37,0.117117117117,2.21261261261,8.43243243243,7.09090909091,4.45714285714,5.04722443274,0.598549051319,0.327616077616,6.00525295579,1.42432281644,0.680873180873,3.83793300225,0.910278981302,0.463617463617,1.39215458577,0.629190386892,5.2,2.21261261261,1.39215458577,5.2,0,0,0,0,0.161113233172,37,37,37,1,0,0.405405405405,0.540540540541,0.0540540540541,37,172,0.129129129129,2.34325034549,9.2972972973,7.81818181818,4.64864864865,4.70144696914,0.505678889122,0.272313010685,5.9824568356,1.28692385417,0.64770584538,3.55290347788,0.764287376055,0.403205531113,1.4693596416,0.627060460878,4.45230768664,2.34325034549,1.4693596416,4.45230768664,0.124066293184,0.0202474690664,12,0.0015444015444,0.173221170929,37,37,37,1,0,0.405405405405,0.594594594595,0,-170,-0.127627627628,0.617961527379,-9.18918918919,-7.72727272727,-5.12277992278,-0.666263186257,0.215320298845,0.129670368042,-3.52603470678,0.258227400754,0.103213985099,-4.50040986856,-0.10697751815,-0.0586247201914,0.828760071273,0.255760558161,2.45230768664,0.617961527379,0.828760071273,2.45230768664,-0.220005101063,-0.356321568591,-798,-0.102702702703,-0.396355657421,0,0.0540540540541,-0.0540540540541,166,6,176,984,0.485380116959,0.993939393939,0.00606060606061,0.514619883041,0.96511627907,0.485380116959,0.645914396887,0.624399490118,0.479319510898,0.477011494253,16,186,0,0,0,0
829,WLNM_dir_neg,0.565889120129,0.451963854525,00:00:06,10,20,43,1234860778,threshold_sweep,0.1,0.596153846154,0.166666666667,0.260504201681,31,21,155,351,0.166666666667,0.943548387097,0.0564516129032,0.833333333333,0.596153846154,0.166666666667,0.260504201681,0.68458781362,0.635603345281,0.134426229508,0.178727725545,0.110215053763,342,156,186,0,342,0,156,0,186,37,342,0.256756756757,1.72528881811,18.4864864865,15.5454545455,9.77142857143,5.36771015539,0.290358590277,0.142642642643,9.50849154237,1.02869645341,0.544491860281,8.05331334643,0.871264894205,0.461830251304,0.640599570326,0.371299902718,2,1.72528881811,0.640599570326,2,0.344071394247,0.376569037657,810,0.104247104247,0.56957682835,37,37,37,1,0,0.405405405405,0.540540540541,0.0540540540541,37,0.117117117117,2.22747747748,8.43243243243,7.09090909091,4.45714285714,5.03620525429,0.597242289772,0.326923076923,6.00525295579,1.42432281644,0.680873180873,3.83793300225,0.910278981302,0.463617463617,1.42084529335,0.637871901162,5.2,2.22747747748,1.42084529335,5.2,0,0,0,0,0.160752482811,37,37,37,1,0,0.405405405405,0.540540540541,0.0540540540541,37,208,0.156156156156,6.81301283505,11.2432432432,7.1724137931,5.77777777778,5.07939960038,0.451773522149,0.241294178794,6.73032668578,1.19722157391,0.598232848233,4.00243919623,0.711972357022,0.384875259875,3.48650053354,0.511741371688,9.90438293905,6.81301283505,3.48650053354,9.90438293905,0.218027142021,0.145504731861,123,0.0158301158301,0.177975453829,37,37,37,1,0,0.216216216216,0.756756756757,0.027027027027,-134,-0.100600600601,5.08772401694,-7.24324324324,-8.37304075235,-3.99365079365,-0.288310555017,0.161414931872,0.0986515361515,-2.7781648566,0.168525120498,0.0537409879515,-4.0508741502,-0.159292537183,-0.0769549914287,2.84590096321,0.14044146897,7.90438293905,5.08772401694,2.84590096321,7.90438293905,-0.126044252226,-0.231064305796,-687,-0.088416988417,-0.391601374521,-0.189189189189,0.216216216216,-0.027027027027,187,21,155,969,0.546783625731,0.978787878788,0.0212121212121,0.453216374269,0.899038461538,0.546783625731,0.68,0.632481224497,0.525571504519,0.515151515152,52,186,0,0,0,0
830,WLNM_dir_neg,0.565889120129,0.451963854525,00:00:06,10,20,43,1234860778,threshold_sweep,0.2,0.612244897959,0.161290322581,0.255319148936,30,19,156,353,0.161290322581,0.948924731183,0.0510752688172,0.838709677419,0.612244897959,0.161290322581,0.255319148936,0.686379928315,0.637395459976,0.135090609555,0.183574319808,0.110215053763,342,156,186,0,342,0,156,0,186,37,342,0.256756756757,1.72528881811,18.4864864865,15.5454545455,9.77142857143,5.36771015539,0.290358590277,0.142642642643,9.50849154237,1.02869645341,0.544491860281,8.05331334643,0.871264894205,0.461830251304,0.640599570326,0.371299902718,2,1.72528881811,0.640599570326,2,0.344071394247,0.376569037657,810,0.104247104247,0.56957682835,37,37,37,1,0,0.405405405405,0.540540540541,0.0540540540541,37,0.117117117117,2.22747747748,8.43243243243,7.09090909091,4.45714285714,5.03620525429,0.597242289772,0.326923076923,6.00525295579,1.42432281644,0.680873180873,3.83793300225,0.910278981302,0.463617463617,1.42084529335,0.637871901162,5.2,2.22747747748,1.42084529335,5.2,0,0,0,0,0.160752482811,37,37,37,1,0,0.405405405405,0.540540540541,0.0540540540541,37,205,0.153903903904,7.01894802064,11.0810810811,7.06896551724,5.69444444444,5.03531075053,0.454406092121,0.243111404087,6.74369909452,1.21715544633,0.602768622281,3.99718369324,0.721442910487,0.387870797627,3.62212136841,0.516049037229,10.1907841696,7.01894802064,3.62212136841,10.1907841696,0.217671889344,0.144651539708,119,0.0153153153153,0.173611813433,37,37,37,1,0,0.216216216216,0.756756756757,0.027027027027,-137,-0.102852852853,5.29365920252,-7.40540540541,-8.47648902821,-4.07698412698,-0.332399404868,0.164047501843,0.100468761444,-2.76479244785,0.188458992914,0.0582767619995,-4.0561296532,-0.149821983718,-0.073959453677,2.98152179808,0.144749134511,8.19078416961,5.29365920252,2.98152179808,8.19078416961,-0.126399504904,-0.231917497949,-691,-0.0889317889318,-0.395965014917,-0.189189189189,0.216216216216,-0.027027027027,186,19,156,971,0.543859649123,0.980808080808,0.0191919191919,0.456140350877,0.907317073171,0.543859649123,0.680073126143,0.635149726184,0.524667729931,0.515235457064,49,186,0,0,0,0
831,WLNM_dir_neg,0.565889120129,0.451963854525,00:00:06,10,20,43,1234860778,threshold_sweep,0.3,0.697674418605,0.161290322581,0.262008733624,30,13,156,359,0.161290322581,0.965053763441,0.0349462365591,0.838709677419,0.697674418605,0.161290322581,0.262008733624,0.697132616487,0.640979689367,0.156405990017,0.223328946778,0.126344086022,342,156,186,0,342,0,156,0,186,37,342,0.256756756757,1.72528881811,18.4864864865,15.5454545455,9.77142857143,5.36771015539,0.290358590277,0.142642642643,9.50849154237,1.02869645341,0.544491860281,8.05331334643,0.871264894205,0.461830251304,0.640599570326,0.371299902718,2,1.72528881811,0.640599570326,2,0.344071394247,0.376569037657,810,0.104247104247,0.56957682835,37,37,37,1,0,0.405405405405,0.540540540541,0.0540540540541,37,0.117117117117,2.22747747748,8.43243243243,7.09090909091,4.45714285714,5.03620525429,0.597242289772,0.326923076923,6.00525295579,1.42432281644,0.680873180873,3.83793300225,0.910278981302,0.463617463617,1.42084529335,0.637871901162,5.2,2.22747747748,1.42084529335,5.2,0,0,0,0,0.160752482811,37,37,37,1,0,0.405405405405,0.540540540541,0.0540540540541,37,199,0.149399399399,3.01411015775,10.7567567568,8.65217391304,5.52777777778,4.94640950256,0.459842089434,0.239168817058,6.86517520757,1.27643961146,0.633165829146,3.88981113046,0.723231215211,0.389786771696,2.19166297667,0.727134332181,6.18594630672,3.01411015775,2.19166297667,6.18594630672,0.208461564344,0.129542539547,101,0.0129987129987,0.189976972457,37,37,37,1,0,0.378378378378,0.594594594595,0.027027027027,-143,-0.107357357357,1.28882133963,-7.72972972973,-6.89328063241,-4.24365079365,-0.421300652838,0.169483499156,0.0965261744156,-2.6433163348,0.247743158043,0.0886739688644,-4.16350221598,-0.148033678994,-0.0720434796076,1.55106340635,0.355834429463,4.18594630672,1.28882133963,1.55106340635,4.18594630672,-0.135609829903,-0.24702649811,-709,-0.0912483912484,-0.379599855893,-0.027027027027,0.0540540540541,-0.027027027027,186,13,156,977,0.543859649123,0.986868686869,0.0131313131313,0.456140350877,0.934673366834,0.543859649123,0.687615526802,0.650371396693,0.530728335991,0.523943661972,43,186,0,0,0,0
832,WLNM_dir_neg,0.565889120129,0.451963854525,00:00:06,10,20,43,1234860778,threshold_sweep,0.4,0.714285714286,0.161290322581,0.263157894737,30,12,156,360,0.161290322581,0.967741935484,0.0322580645161,0.838709677419,0.714285714286,0.161290322581,0.263157894737,0.698924731183,0.641577060932,0.16,0.230556167082,0.129032258065,342,156,186,0,342,0,156,0,186,37,342,0.256756756757,1.72528881811,18.4864864865,15.5454545455,9.77142857143,5.36771015539,0.290358590277,0.142642642643,9.50849154237,1.02869645341,0.544491860281,8.05331334643,0.871264894205,0.461830251304,0.640599570326,0.371299902718,2,1.72528881811,0.640599570326,2,0.344071394247,0.376569037657,810,0.104247104247,0.56957682835,37,37,37,1,0,0.405405405405,0.540540540541,0.0540540540541,37,0.117117117117,2.22747747748,8.43243243243,7.09090909091,4.45714285714,5.03620525429,0.597242289772,0.326923076923,6.00525295579,1.42432281644,0.680873180873,3.83793300225,0.910278981302,0.463617463617,1.42084529335,0.637871901162,5.2,2.22747747748,1.42084529335,5.2,0,0,0,0,0.160752482811,37,37,37,1,0,0.405405405405,0.540540540541,0.0540540540541,37,198,0.148648648649,2.99977781331,10.7027027027,8.60869565217,5.5,4.97138961606,0.464498524733,0.240922740923,6.8686737205,1.28354003868,0.634452634453,3.89598237659,0.728037110776,0.391209391209,2.17305211156,0.724404354853,6.17197959526,2.99977781331,2.17305211156,6.17197959526,0.208461564344,0.129542539547,101,0.0129987129987,0.188195179371,37,37,37,1,0,0.378378378378,0.594594594595,0.027027027027,-144,-0.108108108108,1.2744889952,-7.78378378378,-6.93675889328,-4.27142857143,-0.396320539329,0.174139934456,0.0982800982801,-2.63981782188,0.254843585264,0.0899607741713,-4.15733096985,-0.143227783428,-0.0706208600945,1.53245254123,0.353104452135,4.17197959526,1.2744889952,1.53245254123,4.17197959526,-0.135609829903,-0.24702649811,-709,-0.0912483912484,-0.381381648979,-0.027027027027,0.0540540540541,-0.027027027027,186,12,156,978,0.543859649123,0.987878787879,0.0121212121212,0.456140350877,0.939393939394,0.543859649123,0.688888888889,0.652964518246,0.531738437002,0.525423728814,42,186,0,0,0,0
833,WLNM_dir_neg,0.565889120129,0.451963854525,00:00:06,10,20,43,1234860778,threshold_sweep,0.5,0.731707317073,0.161290322581,0.264317180617,30,11,156,361,0.161290322581,0.970430107527,0.0295698924731,0.838709677419,0.731707317073,0.161290322581,0.264317180617,0.700716845878,0.642174432497,0.163606010017,0.237981875213,0.131720430108,342,156,186,0,342,0,156,0,186,37,342,0.256756756757,1.72528881811,18.4864864865,15.5454545455,9.77142857143,5.36771015539,0.290358590277,0.142642642643,9.50849154237,1.02869645341,0.544491860281,8.05331334643,0.871264894205,0.461830251304,0.640599570326,0.371299902718,2,1.72528881811,0.640599570326,2,0.344071394247,0.376569037657,810,0.104247104247,0.56957682835,37,37,37,1,0,0.405405405405,0.540540540541,0.0540540540541,37,0.117117117117,2.22747747748,8.43243243243,7.09090909091,4.45714285714,5.03620525429,0.597242289772,0.326923076923,6.00525295579,1.42432281644,0.680873180873,3.83793300225,0.910278981302,0.463617463617,1.42084529335,0.637871901162,5.2,2.22747747748,1.42084529335,5.2,0,0,0,0,0.160752482811,37,37,37,1,0,0.405405405405,0.540540540541,0.0540540540541,37,197,0.147897897898,2.97672844371,10.6486486486,8.5652173913,5.47222222222,4.99564374795,0.469134057549,0.244066401427,6.87610215026,1.29145065766,0.636575661956,3.90906392641,0.734189671458,0.393743997805,2.14152817079,0.719423424502,6.13174886116,2.97672844371,2.14152817079,6.13174886116,0.208461564344,0.129542539547,101,0.0129987129987,0.186941963987,37,37,37,1,0,0.378378378378,0.594594594595,0.027027027027,-145,-0.108858858859,1.2514396256,-7.83783783784,-6.98023715415,-4.29920634921,-0.372066407441,0.178775467272,0.101423758784,-2.63238939212,0.262754204248,0.092083801675,-4.14424942002,-0.137075222747,-0.068086253499,1.50092860046,0.348123521784,4.13174886116,1.2514396256,1.50092860046,4.13174886116,-0.135609829903,-0.24702649811,-709,-0.0912483912484,-0.382634864362,-0.027027027027,0.0540540540541,-0.027027027027,186,11,156,979,0.543859649123,0.988888888889,0.0111111111111,0.456140350877,0.944162436548,0.543859649123,0.690166975881,0.655574229293,0.532748538012,0.526912181303,41,186,0,0,0,0
834,WLNM_dir_neg,0.565889120129,0.451963854525,00:00:06,10,20,43,1234860778,threshold_sweep,0.6,0.769230769231,0.161290322581,0.266666666667,30,9,156,363,0.161290322581,0.975806451613,0.0241935483871,0.838709677419,0.769230769231,0.161290322581,0.266666666667,0.704301075269,0.643369175627,0.170854271357,0.253477372015,0.137096774194,342,156,186,0,342,0,156,0,186,37,342,0.256756756757,1.72528881811,18.4864864865,15.5454545455,9.77142857143,5.36771015539,0.290358590277,0.142642642643,9.50849154237,1.02869645341,0.544491860281,8.05331334643,0.871264894205,0.461830251304,0.640599570326,0.371299902718,2,1.72528881811,0.640599570326,2,0.344071394247,0.376569037657,810,0.104247104247,0.56957682835,37,37,37,1,0,0.405405405405,0.540540540541,0.0540540540541,37,0.117117117117,2.22747747748,8.43243243243,7.09090909091,4.45714285714,5.03620525429,0.597242289772,0.326923076923,6.00525295579,1.42432281644,0.680873180873,3.83793300225,0.910278981302,0.463617463617,1.42084529335,0.637871901162,5.2,2.22747747748,1.42084529335,5.2,0,0,0,0,0.160752482811,37,37,37,1,0,0.405405405405,0.540540540541,0.0540540540541,37,195,0.146396396396,3.0015119018,10.5405405405,8.47826086957,5.41666666667,5.12398821771,0.486121959116,0.254608454608,6.9026912974,1.30974142566,0.643936243936,3.95564750037,0.75055875648,0.40194040194,2.18254297857,0.727147867469,6.54171774963,3.0015119018,2.18254297857,6.54171774963,0.196397124338,0.122739018088,95,0.0122265122265,0.187643382016,37,37,37,1,0,0.378378378378,0.594594594595,0.027027027027,-147,-0.11036036036,1.27622308368,-7.94594594595,-7.06719367589,-4.35476190476,-0.243721937681,0.195763368839,0.111965811966,-2.60580024498,0.281044972245,0.0994443836549,-4.09766584607,-0.120706137725,-0.0598898493635,1.54194340825,0.355847964751,4.54171774963,1.27622308368,1.54194340825,4.54171774963,-0.147674269909,-0.253830019569,-715,-0.0920205920206,-0.381933446334,-0.027027027027,0.0540540540541,-0.027027027027,186,9,156,981,0.543859649123,0.990909090909,0.00909090909091,0.456140350877,0.953846153846,0.543859649123,0.692737430168,0.660844264214,0.534768740032,0.529914529915,39,186,0,0,0,0
835,WLNM_dir_neg,0.565889120129,0.451963854525,00:00:06,10,20,43,1234860778,threshold_sweep,0.7,0.833333333333,0.161290322581,0.27027027027,30,6,156,366,0.161290322581,0.983870967742,0.0161290322581,0.838709677419,0.833333333333,0.161290322581,0.27027027027,0.709677419355,0.645161290323,0.181818181818,0.278543007266,0.145161290323,342,156,186,0,342,0,156,0,186,37,342,0.256756756757,1.72528881811,18.4864864865,15.5454545455,9.77142857143,5.36771015539,0.290358590277,0.142642642643,9.50849154237,1.02869645341,0.544491860281,8.05331334643,0.871264894205,0.461830251304,0.640599570326,0.371299902718,2,1.72528881811,0.640599570326,2,0.344071394247,0.376569037657,810,0.104247104247,0.56957682835,37,37,37,1,0,0.405405405405,0.540540540541,0.0540540540541,37,0.117117117117,2.22747747748,8.43243243243,7.09090909091,4.45714285714,5.03620525429,0.597242289772,0.326923076923,6.00525295579,1.42432281644,0.680873180873,3.83793300225,0.910278981302,0.463617463617,1.42084529335,0.637871901162,5.2,2.22747747748,1.42084529335,5.2,0,0,0,0,0.160752482811,37,37,37,1,0,0.405405405405,0.540540540541,0.0540540540541,37,192,0.144144144144,3.1093283414,10.3783783784,8.34782608696,5.48571428571,5.17661059935,0.498788000458,0.264921171171,6.83876953616,1.31788787936,0.648085585586,4.01274246646,0.773288912807,0.413288288288,2.34306424977,0.753559609183,7,3.1093283414,2.34306424977,7,0.19446129183,0.12010558733,91,0.0117117117117,0.188153435046,37,37,37,1,0,0.378378378378,0.567567567568,0.0540540540541,-150,-0.112612612613,1.38403952329,-8.10810810811,-7.1976284585,-4.28571428571,-0.191099556044,0.208429410181,0.122278528529,-2.66972200621,0.28919142595,0.103593725304,-4.04057087998,-0.0979759813982,-0.0485419630156,1.70246467944,0.382259706466,5,1.38403952329,1.70246467944,5,-0.149610102418,-0.256463450327,-719,-0.0925353925354,-0.381423393304,-0.027027027027,0.027027027027,0,186,6,156,984,0.543859649123,0.993939393939,0.00606060606061,0.456140350877,0.96875,0.543859649123,0.696629213483,0.668879114419,0.537799043062,0.534482758621,36,186,0,0,0,0
836,WLNM_dir_neg,0.565889120129,0.451963854525,00:00:06,10,20,43,1234860778,threshold_sweep,0.8,0.848484848485,0.150537634409,0.255707762557,28,5,158,367,0.150537634409,0.986559139785,0.0134408602151,0.849462365591,0.848484848485,0.150537634409,0.255707762557,0.707885304659,0.646953405018,0.172588832487,0.273979807769,0.137096774194,342,156,186,0,342,0,156,0,186,37,342,0.256756756757,1.72528881811,18.4864864865,15.5454545455,9.77142857143,5.36771015539,0.290358590277,0.142642642643,9.50849154237,1.02869645341,0.544491860281,8.05331334643,0.871264894205,0.461830251304,0.640599570326,0.371299902718,2,1.72528881811,0.640599570326,2,0.344071394247,0.376569037657,810,0.104247104247,0.56957682835,37,37,37,1,0,0.405405405405,0.540540540541,0.0540540540541,37,0.117117117117,2.22747747748,8.43243243243,7.09090909091,4.45714285714,5.03620525429,0.597242289772,0.326923076923,6.00525295579,1.42432281644,0.680873180873,3.83793300225,0.910278981302,0.463617463617,1.42084529335,0.637871901162,5.2,2.22747747748,1.42084529335,5.2,0,0,0,0,0.160752482811,37,37,37,1,0,0.405405405405,0.540540540541,0.0540540540541,37,189,0.141891891892,1,10.2162162162,8.21739130435,5.4,5.28170392926,0.516992183552,0.275561275561,6.8750102375,1.34590147507,0.656942656943,4.07419919728,0.797594551848,0.424138424138,0,0,0,NaN,NaN,NaN,0.189463436832,0.118067978533,88,0.0113256113256,0.185285228374,37,37,0,1,2,0.378378378378,0.567567567568,0.0540540540541,-153,-0.114864864865,-0.725288818115,-8.27027027027,-7.32806324111,-4.37142857143,-0.0860062261299,0.226633593275,0.132918632919,-2.63348130487,0.317205021652,0.112450796661,-3.97911414916,-0.0736703423568,-0.0376918271655,-0.640599570326,-0.371299902718,-2,NaN,NaN,NaN,-0.154607957416,-0.258501059124,-722,-0.0929214929215,-0.384291599976,-0.027027027027,0.027027027027,0,184,5,158,985,0.538011695906,0.994949494949,0.00505050505051,0.461988304094,0.973544973545,0.538011695906,0.693032015066,0.667224859325,0.532961190856,0.530259365994,33,186,0,0,0,0
837,WLNM_dir_neg,0.565889120129,0.451963854525,00:00:06,10,20,43,1234860778,threshold_sweep,0.9,0.870967741935,0.145161290323,0.248847926267,27,4,159,368,0.145161290323,0.989247311828,0.010752688172,0.854838709677,0.870967741935,0.145161290323,0.248847926267,0.707885304659,0.648148148148,0.169779286927,0.276610621198,0.134408602151,342,156,186,0,342,0,156,0,186,37,342,0.256756756757,1.72528881811,18.4864864865,15.5454545455,9.77142857143,5.36771015539,0.290358590277,0.142642642643,9.50849154237,1.02869645341,0.544491860281,8.05331334643,0.871264894205,0.461830251304,0.640599570326,0.371299902718,2,1.72528881811,0.640599570326,2,0.344071394247,0.376569037657,810,0.104247104247,0.56957682835,37,37,37,1,0,0.405405405405,0.540540540541,0.0540540540541,37,0.117117117117,2.22747747748,8.43243243243,7.09090909091,4.45714285714,5.03620525429,0.597242289772,0.326923076923,6.00525295579,1.42432281644,0.680873180873,3.83793300225,0.910278981302,0.463617463617,1.42084529335,0.637871901162,5.2,2.22747747748,1.42084529335,5.2,0,0,0,0,0.160752482811,37,37,37,1,0,0.405405405405,0.540540540541,0.0540540540541,37,187,0.14039039039,2.12458747119,10.1081081081,8.5,5.34285714286,5.29036747192,0.523378600164,0.281254516549,6.81071845593,1.34757530946,0.65992195404,4.1024785594,0.811720356673,0.428674663969,1.25756608473,0.591910712917,4.24289405685,2.12458747119,1.25756608473,4.24289405685,0.178898146267,0.115961800819,85,0.0109395109395,0.201898402977,37,37,37,1,0,0.405405405405,0.540540540541,0.0540540540541,-155,-0.116366366366,0.399298653077,-8.37837837838,-7.04545454545,-4.42857142857,-0.0773426834696,0.233020009886,0.138611873906,-2.69777308645,0.318878856046,0.115430093758,-3.95083478704,-0.0595445375323,-0.0331555873352,0.616966514401,0.220610810199,2.24289405685,0.399298653077,0.616966514401,2.24289405685,-0.165173247981,-0.260607236838,-725,-0.0933075933076,-0.367678425373,0,0,0,183,4,159,986,0.535087719298,0.99595959596,0.0040404040404,0.464912280702,0.978609625668,0.535087719298,0.691871455577,0.66779063042,0.531047315258,0.528901734104,31,186,0,0,0,0
838,WLNM_dir_neg,0.503772112383,0.389456186577,00:00:07,10,20,44,1234860779,threshold_sweep,0.1,0.555555555556,0.134408602151,0.21645021645,25,20,161,352,0.134408602151,0.94623655914,0.0537634408602,0.865591397849,0.555555555556,0.134408602151,0.21645021645,0.675627240143,0.639784946237,0.0995024875622,0.139617969431,0.0806451612903,342,156,186,0,342,0,156,0,186,37,342,0.256756756757,1.72528881811,18.4864864865,15.5454545455,9.77142857143,5.36771015539,0.290358590277,0.142642642643,9.50849154237,1.02869645341,0.544491860281,8.05331334643,0.871264894205,0.461830251304,0.640599570326,0.371299902718,2,1.72528881811,0.640599570326,2,0.344071394247,0.376569037657,810,0.104247104247,0.56957682835,37,37,37,1,0,0.405405405405,0.540540540541,0.0540540540541,37,0.117117117117,2.21261261261,8.43243243243,7.09090909091,4.45714285714,5.04722443274,0.598549051319,0.327616077616,6.00525295579,1.42432281644,0.680873180873,3.83793300225,0.910278981302,0.463617463617,1.39215458577,0.629190386892,5.2,2.21261261261,1.39215458577,5.2,0,0,0,0,0.161113233172,37,37,37,1,0,0.405405405405,0.540540540541,0.0540540540541,37,201,0.150900900901,11.5015519172,10.8648648649,6.28125,5.58333333333,5.33938283035,0.491435733141,0.265967459997,6.10801177208,1.12436037595,0.574694097082,3.72335377897,0.685393481701,0.36950383219,4.44917139837,0.386832266673,13.84313131,11.5015519172,4.44917139837,13.84313131,0.22645694124,0.0998735777497,79,0.0101673101673,0.205288950201,37,37,37,1,0,0.135135135135,0.837837837838,0.027027027027,-141,-0.105855855856,9.77626309904,-7.62162162162,-9.26420454545,-4.1880952381,-0.0283273250459,0.201077142864,0.123324817355,-3.4004797703,0.0956639225393,0.0302022368008,-4.32995956747,-0.185871412504,-0.0923264191135,3.80857182805,0.0155323639554,11.84313131,9.77626309904,3.80857182805,11.84313131,-0.117614453007,-0.276695459907,-731,-0.0940797940798,-0.364287878149,-0.27027027027,0.297297297297,-0.027027027027,181,20,161,970,0.529239766082,0.979797979798,0.020202020202,0.470760233918,0.900497512438,0.529239766082,0.666666666667,0.621228406553,0.50903774588,0.5,45,186,0,0,0,0
839,WLNM_dir_neg,0.503772112383,0.389456186577,00:00:07,10,20,44,1234860779,threshold_sweep,0.2,0.735294117647,0.134408602151,0.227272727273,25,9,161,363,0.134408602151,0.975806451613,0.0241935483871,0.865591397849,0.735294117647,0.134408602151,0.227272727273,0.695340501792,0.646356033453,0.138513513514,0.217201968466,0.110215053763,342,156,186,0,342,0,156,0,186,37,342,0.256756756757,1.72528881811,18.4864864865,15.5454545455,9.77142857143,5.36771015539,0.290358590277,0.142642642643,9.50849154237,1.02869645341,0.544491860281,8.05331334643,0.871264894205,0.461830251304,0.640599570326,0.371299902718,2,1.72528881811,0.640599570326,2,0.344071394247,0.376569037657,810,0.104247104247,0.56957682835,37,37,37,1,0,0.405405405405,0.540540540541,0.0540540540541,37,0.117117117117,2.21261261261,8.43243243243,7.09090909091,4.45714285714,5.04722443274,0.598549051319,0.327616077616,6.00525295579,1.42432281644,0.680873180873,3.83793300225,0.910278981302,0.463617463617,1.39215458577,0.629190386892,5.2,2.21261261261,1.39215458577,5.2,0,0,0,0,0.161113233172,37,37,37,1,0,0.405405405405,0.540540540541,0.0540540540541,37,190,0.142642642643,2.56271191309,10.2702702703,8.26086956522,5.27777777778,4.95899098523,0.482849122246,0.258748221906,6.30767681376,1.22833706373,0.628449502134,3.43318901122,0.668568386396,0.361308677098,1.60899245318,0.627847572319,4.85004246645,2.56271191309,1.60899245318,4.85004246645,0.197214539939,0.0641634980989,45,0.00579150579151,0.184305714346,37,37,37,1,0,0.378378378378,0.594594594595,0.027027027027,-152,-0.114114114114,0.837423094972,-8.21621621622,-7.28458498024,-4.49365079365,-0.408719170163,0.192490531969,0.116105579263,-3.20081472862,0.199640610316,0.0839576418524,-4.62012433521,-0.202696507809,-0.100521574206,0.968392882858,0.256547669601,2.85004246645,0.837423094972,0.968392882858,2.85004246645,-0.146856854308,-0.312405539558,-765,-0.0984555984556,-0.385271114004,-0.027027027027,0.0540540540541,-0.027027027027,181,9,161,981,0.529239766082,0.990909090909,0.00909090909091,0.470760233918,0.952631578947,0.529239766082,0.68045112782,0.649753228902,0.520148856991,0.51566951567,34,186,0,0,0,0
840,WLNM_dir_neg,0.503772112383,0.389456186577,00:00:07,10,20,44,1234860779,threshold_sweep,0.3,0.727272727273,0.129032258065,0.219178082192,24,9,162,363,0.129032258065,0.975806451613,0.0241935483871,0.870967741935,0.727272727273,0.129032258065,0.219178082192,0.693548387097,0.646953405018,0.131979695431,0.209513970647,0.104838709677,342,156,186,0,342,0,156,0,186,37,342,0.256756756757,1.72528881811,18.4864864865,15.5454545455,9.77142857143,5.36771015539,0.290358590277,0.142642642643,9.50849154237,1.02869645341,0.544491860281,8.05331334643,0.871264894205,0.461830251304,0.640599570326,0.371299902718,2,1.72528881811,0.640599570326,2,0.344071394247,0.376569037657,810,0.104247104247,0.56957682835,37,37,37,1,0,0.405405405405,0.540540540541,0.0540540540541,37,0.117117117117,2.21261261261,8.43243243243,7.09090909091,4.45714285714,5.04722443274,0.598549051319,0.327616077616,6.00525295579,1.42432281644,0.680873180873,3.83793300225,0.910278981302,0.463617463617,1.39215458577,0.629190386892,5.2,2.21261261261,1.39215458577,5.2,0,0,0,0,0.161113233172,37,37,37,1,0,0.405405405405,0.540540540541,0.0540540540541,37,189,0.141891891892,2.58134849078,10.2162162162,8.21739130435,5.25,4.89407314534,0.479049487772,0.256542256542,6.29278150734,1.23192018927,0.629486629487,3.43821484514,0.673089678678,0.362934362934,1.64122617274,0.635801860386,4.97661180299,2.58134849078,1.64122617274,4.97661180299,0.194780804688,0.0606936416185,42,0.00540540540541,0.18317541825,37,37,37,1,0,0.378378378378,0.594594594595,0.027027027027,-153,-0.114864864865,0.856059672667,-8.27027027027,-7.32806324111,-4.52142857143,-0.473637010052,0.188690897494,0.1138996139,-3.21571003504,0.203223735852,0.0849947692053,-4.6150985013,-0.198175215527,-0.0988958883696,1.00062660242,0.264501957668,2.97661180299,0.856059672667,1.00062660242,2.97661180299,-0.149290589559,-0.315875396038,-768,-0.0988416988417,-0.3864014101,-0.027027027027,0.0540540540541,-0.027027027027,180,9,162,981,0.526315789474,0.990909090909,0.00909090909091,0.473684210526,0.952380952381,0.526315789474,0.677966101695,0.647524255,0.517224880383,0.512820512821,33,186,0,0,0,0
841,WLNM_dir_neg,0.503772112383,0.389456186577,00:00:07,10,20,44,1234860779,threshold_sweep,0.4,0.758620689655,0.118279569892,0.204651162791,22,7,164,365,0.118279569892,0.981182795699,0.0188172043011,0.881720430108,0.758620689655,0.118279569892,0.204651162791,0.693548387097,0.649342891278,0.126064735945,0.211232087644,0.0994623655914,342,156,186,0,342,0,156,0,186,37,342,0.256756756757,1.72528881811,18.4864864865,15.5454545455,9.77142857143,5.36771015539,0.290358590277,0.142642642643,9.50849154237,1.02869645341,0.544491860281,8.05331334643,0.871264894205,0.461830251304,0.640599570326,0.371299902718,2,1.72528881811,0.640599570326,2,0.344071394247,0.376569037657,810,0.104247104247,0.56957682835,37,37,37,1,0,0.405405405405,0.540540540541,0.0540540540541,37,0.117117117117,2.21261261261,8.43243243243,7.09090909091,4.45714285714,5.04722443274,0.598549051319,0.327616077616,6.00525295579,1.42432281644,0.680873180873,3.83793300225,0.910278981302,0.463617463617,1.39215458577,0.629190386892,5.2,2.21261261261,1.39215458577,5.2,0,0,0,0,0.161113233172,37,37,37,1,0,0.405405405405,0.540540540541,0.0540540540541,37,185,0.138888888889,2.62894783328,10,8.04347826087,5.13888888889,4.81894409827,0.481894409827,0.259897735573,6.27162924074,1.25432584815,0.636669101534,3.47211110933,0.694422221867,0.369612856099,1.69700692638,0.645508026023,5.03552631579,2.62894783328,1.69700692638,5.03552631579,0.172485067996,0.05,34,0.0043758043758,0.177720228098,37,37,37,1,0,0.378378378378,0.594594594595,0.027027027027,-157,-0.117867867868,0.903659015167,-8.48648648649,-7.50197628458,-4.63253968254,-0.548766057126,0.19153581955,0.117255092931,-3.23686230163,0.225629394734,0.0921772412526,-4.5812022371,-0.176842672338,-0.0922173952046,1.05640735605,0.274208123305,3.03552631579,0.903659015167,1.05640735605,3.03552631579,-0.171586326252,-0.326569037657,-776,-0.0998712998713,-0.391856600252,-0.027027027027,0.0540540540541,-0.027027027027,178,7,164,983,0.520467836257,0.992929292929,0.00707070707071,0.479532163743,0.962162162162,0.520467836257,0.675521821632,0.648509754739,0.513397129187,0.510028653295,29,186,0,0,0,0
842,WLNM_dir_neg,0.503772112383,0.389456186577,00:00:07,10,20,44,1234860779,threshold_sweep,0.5,0.758620689655,0.118279569892,0.204651162791,22,7,164,365,0.118279569892,0.981182795699,0.0188172043011,0.881720430108,0.758620689655,0.118279569892,0.204651162791,0.693548387097,0.649342891278,0.126064735945,0.211232087644,0.0994623655914,342,156,186,0,342,0,156,0,186,37,342,0.256756756757,1.72528881811,18.4864864865,15.5454545455,9.77142857143,5.36771015539,0.290358590277,0.142642642643,9.50849154237,1.02869645341,0.544491860281,8.05331334643,0.871264894205,0.461830251304,0.640599570326,0.371299902718,2,1.72528881811,0.640599570326,2,0.344071394247,0.376569037657,810,0.104247104247,0.56957682835,37,37,37,1,0,0.405405405405,0.540540540541,0.0540540540541,37,0.117117117117,2.21261261261,8.43243243243,7.09090909091,4.45714285714,5.04722443274,0.598549051319,0.327616077616,6.00525295579,1.42432281644,0.680873180873,3.83793300225,0.910278981302,0.463617463617,1.39215458577,0.629190386892,5.2,2.21261261261,1.39215458577,5.2,0,0,0,0,0.161113233172,37,37,37,1,0,0.405405405405,0.540540540541,0.0540540540541,37,185,0.138888888889,2.62894783328,10,8.04347826087,5.13888888889,4.81894409827,0.481894409827,0.259897735573,6.27162924074,1.25432584815,0.636669101534,3.47211110933,0.694422221867,0.369612856099,1.69700692638,0.645508026023,5.03552631579,2.62894783328,1.69700692638,5.03552631579,0.172485067996,0.05,34,0.0043758043758,0.177720228098,37,37,37,1,0,0.378378378378,0.594594594595,0.027027027027,-157,-0.117867867868,0.903659015167,-8.48648648649,-7.50197628458,-4.63253968254,-0.548766057126,0.19153581955,0.117255092931,-3.23686230163,0.225629394734,0.0921772412526,-4.5812022371,-0.176842672338,-0.0922173952046,1.05640735605,0.274208123305,3.03552631579,0.903659015167,1.05640735605,3.03552631579,-0.171586326252,-0.326569037657,-776,-0.0998712998713,-0.391856600252,-0.027027027027,0.0540540540541,-0.027027027027,178,7,164,983,0.520467836257,0.992929292929,0.00707070707071,0.479532163743,0.962162162162,0.520467836257,0.675521821632,0.648509754739,0.513397129187,0.510028653295,29,186,0,0,0,0
843,WLNM_dir_neg,0.503772112383,0.389456186577,00:00:07,10,20,44,1234860779,threshold_sweep,0.6,0.777777777778,0.112903225806,0.197183098592,21,6,165,366,0.112903225806,0.983870967742,0.0161290322581,0.887096774194,0.777777777778,0.112903225806,0.197183098592,0.693548387097,0.650537634409,0.123076923077,0.212597601381,0.0967741935484,342,156,186,0,342,0,156,0,186,37,342,0.256756756757,1.72528881811,18.4864864865,15.5454545455,9.77142857143,5.36771015539,0.290358590277,0.142642642643,9.50849154237,1.02869645341,0.544491860281,8.05331334643,0.871264894205,0.461830251304,0.640599570326,0.371299902718,2,1.72528881811,0.640599570326,2,0.344071394247,0.376569037657,810,0.104247104247,0.56957682835,37,37,37,1,0,0.405405405405,0.540540540541,0.0540540540541,37,0.117117117117,2.21261261261,8.43243243243,7.09090909091,4.45714285714,5.04722443274,0.598549051319,0.327616077616,6.00525295579,1.42432281644,0.680873180873,3.83793300225,0.910278981302,0.463617463617,1.39215458577,0.629190386892,5.2,2.21261261261,1.39215458577,5.2,0,0,0,0,0.161113233172,37,37,37,1,0,0.405405405405,0.540540540541,0.0540540540541,37,183,0.137387387387,2.59539300423,9.89189189189,7.95652173913,5.08333333333,4.85216895249,0.490519812137,0.263476591345,6.25808786001,1.26529645257,0.639196573623,3.46366814187,0.7003044877,0.374833850244,1.64368347434,0.633308123918,4.82927241963,2.59539300423,1.64368347434,4.82927241963,0.1661894867,0.0459486166008,31,0.0039897039897,0.174161204776,37,37,37,1,0,0.378378378378,0.594594594595,0.027027027027,-159,-0.119369369369,0.870104186117,-8.59459459459,-7.58893280632,-4.6880952381,-0.5155412029,0.20016122186,0.120833948703,-3.25040368236,0.236599999156,0.0947047133415,-4.58964520457,-0.170960406505,-0.0869964010602,1.00308390401,0.2620082212,2.82927241963,0.870104186117,1.00308390401,2.82927241963,-0.177881907547,-0.330620421056,-779,-0.100257400257,-0.395415623574,-0.027027027027,0.0540540540541,-0.027027027027,177,6,165,984,0.517543859649,0.993939393939,0.00606060606061,0.482456140351,0.967213114754,0.517543859649,0.674285714286,0.649047543,0.511483253589,0.508620689655,27,186,0,0,0,0
844,WLNM_dir_neg,0.503772112383,0.389456186577,00:00:07,10,20,44,1234860779,threshold_sweep,0.7,0.76,0.102150537634,0.18009478673,19,6,167,366,0.102150537634,0.983870967742,0.0161290322581,0.897849462366,0.76,0.102150537634,0.18009478673,0.689964157706,0.651732377539,0.109777015437,0.196020445386,0.0860215053763,342,156,186,0,342,0,156,0,186,37,342,0.256756756757,1.72528881811,18.4864864865,15.5454545455,9.77142857143,5.36771015539,0.290358590277,0.142642642643,9.50849154237,1.02869645341,0.544491860281,8.05331334643,0.871264894205,0.461830251304,0.640599570326,0.371299902718,2,1.72528881811,0.640599570326,2,0.344071394247,0.376569037657,810,0.104247104247,0.56957682835,37,37,37,1,0,0.405405405405,0.540540540541,0.0540540540541,37,0.117117117117,2.21261261261,8.43243243243,7.09090909091,4.45714285714,5.04722443274,0.598549051319,0.327616077616,6.00525295579,1.42432281644,0.680873180873,3.83793300225,0.910278981302,0.463617463617,1.39215458577,0.629190386892,5.2,2.21261261261,1.39215458577,5.2,0,0,0,0,0.161113233172,37,37,37,1,0,0.405405405405,0.540540540541,0.0540540540541,37,181,0.135885885886,2.55718770428,9.78378378378,7.86956521739,5.02777777778,4.94489150052,0.50541708707,0.273406002688,6.27952485722,1.28365977744,0.644169030909,3.4301262026,0.701186019316,0.376586531283,1.60207421321,0.626498481332,4.72521150592,2.55718770428,1.60207421321,4.72521150592,0.154027324538,0.0434348477284,29,0.0037323037323,0.16776231695,37,37,37,1,0,0.378378378378,0.594594594595,0.027027027027,-161,-0.120870870871,0.831898886161,-8.7027027027,-7.67588932806,-4.74365079365,-0.42281865487,0.215058496793,0.130763360045,-3.22896668516,0.254963324028,0.099677170628,-4.62318714383,-0.170078874889,-0.0852437200213,0.961474642883,0.255198578614,2.72521150592,0.831898886161,0.961474642883,2.72521150592,-0.190044069709,-0.333134189928,-781,-0.100514800515,-0.4018145114,-0.027027027027,0.0540540540541,-0.027027027027,175,6,167,984,0.511695906433,0.993939393939,0.00606060606061,0.488304093567,0.966850828729,0.511695906433,0.669216061185,0.644601166656,0.505635300372,0.502873563218,25,186,0,0,0,0
845,WLNM_dir_neg,0.503772112383,0.389456186577,00:00:07,10,20,44,1234860779,threshold_sweep,0.8,0.739130434783,0.0913978494624,0.162679425837,17,6,169,366,0.0913978494624,0.983870967742,0.0161290322581,0.908602150538,0.739130434783,0.0913978494624,0.162679425837,0.686379928315,0.652927120669,0.0963855421687,0.178485205863,0.0752688172043,342,156,186,0,342,0,156,0,186,37,342,0.256756756757,1.72528881811,18.4864864865,15.5454545455,9.77142857143,5.36771015539,0.290358590277,0.142642642643,9.50849154237,1.02869645341,0.544491860281,8.05331334643,0.871264894205,0.461830251304,0.640599570326,0.371299902718,2,1.72528881811,0.640599570326,2,0.344071394247,0.376569037657,810,0.104247104247,0.56957682835,37,37,37,1,0,0.405405405405,0.540540540541,0.0540540540541,37,0.117117117117,2.21261261261,8.43243243243,7.09090909091,4.45714285714,5.04722443274,0.598549051319,0.327616077616,6.00525295579,1.42432281644,0.680873180873,3.83793300225,0.910278981302,0.463617463617,1.39215458577,0.629190386892,5.2,2.21261261261,1.39215458577,5.2,0,0,0,0,0.161113233172,37,37,37,1,0,0.405405405405,0.540540540541,0.0540540540541,37,179,0.134384384384,2.55108976997,9.67567567568,7.78260869565,4.97222222222,4.90495245222,0.506936426626,0.273592027782,6.18022614434,1.27747691252,0.640495243847,3.46821690909,0.716893997969,0.383512003624,1.59506123599,0.625247004148,4.72521150592,2.55108976997,1.59506123599,4.72521150592,0.124557186554,0.0336562978072,22,0.0028314028314,0.167341755238,37,37,37,1,0,0.378378378378,0.594594594595,0.027027027027,-163,-0.122372372372,0.825800951858,-8.81081081081,-7.7628458498,-4.79920634921,-0.462757703171,0.216577836349,0.130949385139,-3.32826539803,0.248780459103,0.0960033835659,-4.58509643734,-0.154370896236,-0.0783182476802,0.954461665662,0.25394710143,2.72521150592,0.825800951858,0.954461665662,2.72521150592,-0.219514207693,-0.34291273985,-788,-0.101415701416,-0.402235073112,-0.027027027027,0.0540540540541,-0.027027027027,173,6,169,984,0.505847953216,0.993939393939,0.00606060606061,0.494152046784,0.966480446927,0.505847953216,0.664107485605,0.640139665127,0.499787347156,0.497126436782,23,186,0,0,0,0
846,WLNM_dir_neg,0.503772112383,0.389456186577,00:00:07,10,20,44,1234860779,threshold_sweep,0.9,0.842105263158,0.0860215053763,0.156097560976,16,3,170,369,0.0860215053763,0.991935483871,0.00806451612903,0.913978494624,0.842105263158,0.0860215053763,0.156097560976,0.689964157706,0.65531660693,0.100519930676,0.202633766476,0.0779569892473,342,156,186,0,342,0,156,0,186,37,342,0.256756756757,1.72528881811,18.4864864865,15.5454545455,9.77142857143,5.36771015539,0.290358590277,0.142642642643,9.50849154237,1.02869645341,0.544491860281,8.05331334643,0.871264894205,0.461830251304,0.640599570326,0.371299902718,2,1.72528881811,0.640599570326,2,0.344071394247,0.376569037657,810,0.104247104247,0.56957682835,37,37,37,1,0,0.405405405405,0.540540540541,0.0540540540541,37,0.117117117117,2.21261261261,8.43243243243,7.09090909091,4.45714285714,5.04722443274,0.598549051319,0.327616077616,6.00525295579,1.42432281644,0.680873180873,3.83793300225,0.910278981302,0.463617463617,1.39215458577,0.629190386892,5.2,2.21261261261,1.39215458577,5.2,0,0,0,0,0.161113233172,37,37,37,1,0,0.405405405405,0.540540540541,0.0540540540541,37,175,0.131381381381,2.16575862247,9.45945945946,7.95454545455,4.86111111111,4.93622997503,0.521830025932,0.282471042471,6.2211496287,1.31532877864,0.652664092664,3.51701142582,0.74359670146,0.396602316602,1.29095973537,0.596077384605,4.36974439228,2.16575862247,1.29095973537,4.36974439228,0.091983806193,0.0268845545598,17,0.0021879021879,0.176459444802,37,37,37,1,0,0.405405405405,0.567567567568,0.027027027027,-167,-0.125375375375,0.440469804357,-9.02702702703,-7.59090909091,-4.91031746032,-0.431480180365,0.231471435654,0.139828399828,-3.28734191367,0.286632325225,0.108172232383,-4.53630192061,-0.127668192745,-0.0652279347016,0.650360165044,0.224777481888,2.36974439228,0.440469804357,0.650360165044,2.36974439228,-0.252087588054,-0.349684483097,-793,-0.102059202059,-0.393117383548,0,0.027027027027,-0.027027027027,172,3,170,987,0.502923976608,0.99696969697,0.0030303030303,0.497076023392,0.982857142857,0.502923976608,0.665377176015,0.646431613155,0.499893673578,0.498550724638,19,186,0,0,0,0
847,WLNM_dir_neg,0.39165654989,0.328989832746,00:00:06,10,20,45,1234860780,threshold_sweep,0.1,0.518518518519,0.0752688172043,0.131455399061,14,13,172,359,0.0752688172043,0.965053763441,0.0349462365591,0.924731182796,0.518518518519,0.0752688172043,0.131455399061,0.668458781362,0.650537634409,0.0512820512821,0.0885823339088,0.0403225806452,342,156,186,0,342,0,156,0,186,37,342,0.256756756757,1.72528881811,18.4864864865,15.5454545455,9.77142857143,5.36771015539,0.290358590277,0.142642642643,9.50849154237,1.02869645341,0.544491860281,8.05331334643,0.871264894205,0.461830251304,0.640599570326,0.371299902718,2,1.72528881811,0.640599570326,2,0.344071394247,0.376569037657,810,0.104247104247,0.56957682835,37,37,37,1,0,0.405405405405,0.540540540541,0.0540540540541,37,0.117117117117,2.18635635636,8.43243243243,7.09090909091,4.45714285714,5.03620525429,0.597242289772,0.326923076923,6.00062559301,1.42322530091,0.680526680527,3.83793300225,0.910278981302,0.463617463617,1.32204914232,0.604681454823,4.3462962963,2.18635635636,1.32204914232,4.3462962963,0,0,0,0,0.160896782956,37,37,37,1,0,0.405405405405,0.540540540541,0.0540540540541,37,183,0.137387387387,8.04361426911,9.89189189189,6.31034482759,5.08333333333,4.50175141093,0.45509508799,0.249593856151,5.82592837593,1.17791994486,0.598729877418,3.66625714339,0.741265105494,0.398464037808,4.28836586961,0.533139174274,12.7715322581,8.04361426911,4.28836586961,12.7715322581,0.0889740580917,0.0401854714065,26,0.0033462033462,0.171556298646,37,37,37,1,0,0.216216216216,0.756756756757,0.027027027027,-159,-0.119369369369,6.31832545099,-8.59459459459,-9.23510971787,-4.6880952381,-0.865958744468,0.164736497713,0.106951213509,-3.68256316645,0.149223491445,0.0542380171371,-4.38705620305,-0.129999788711,-0.0633662134956,3.64776629928,0.161839271556,10.7715322581,6.31832545099,3.64776629928,10.7715322581,-0.255097336156,-0.33638356625,-784,-0.100900900901,-0.398020529704,-0.189189189189,0.216216216216,-0.027027027027,170,13,172,977,0.497076023392,0.986868686869,0.0131313131313,0.502923976608,0.928961748634,0.497076023392,0.647619047619,0.614102461691,0.48394471026,0.478873239437,27,186,0,0,0,0
848,WLNM_dir_neg,0.39165654989,0.328989832746,00:00:06,10,20,45,1234860780,threshold_sweep,0.2,0.521739130435,0.0645161290323,0.114832535885,12,11,174,361,0.0645161290323,0.970430107527,0.0295698924731,0.935483870968,0.521739130435,0.0645161290323,0.114832535885,0.668458781362,0.652927120669,0.0447504302926,0.0828681312935,0.0349462365591,342,156,186,0,342,0,156,0,186,37,342,0.256756756757,1.72528881811,18.4864864865,15.5454545455,9.77142857143,5.36771015539,0.290358590277,0.142642642643,9.50849154237,1.02869645341,0.544491860281,8.05331334643,0.871264894205,0.461830251304,0.640599570326,0.371299902718,2,1.72528881811,0.640599570326,2,0.344071394247,0.376569037657,810,0.104247104247,0.56957682835,37,37,37,1,0,0.405405405405,0.540540540541,0.0540540540541,37,0.117117117117,2.18635635636,8.43243243243,7.09090909091,4.45714285714,5.03620525429,0.597242289772,0.326923076923,6.00062559301,1.42322530091,0.680526680527,3.83793300225,0.910278981302,0.463617463617,1.32204914232,0.604681454823,4.3462962963,2.18635635636,1.32204914232,4.3462962963,0,0,0,0,0.160896782956,37,37,37,1,0,0.405405405405,0.540540540541,0.0540540540541,37,179,0.134384384384,8.30956985966,9.67567567568,6.1724137931,4.97222222222,4.5157382444,0.466710377214,0.256983240223,5.85715855226,1.21069757784,0.60727766873,3.68565924688,0.761840179522,0.40646232825,4.48552956737,0.539802859007,13.1452513966,8.30956985966,4.48552956737,13.1452513966,0.0949920508744,0.0365079365079,23,0.0029601029601,0.164616030375,37,37,37,1,0,0.216216216216,0.756756756757,0.027027027027,-163,-0.122372372372,6.58428104155,-8.81081081081,-9.37304075235,-4.79920634921,-0.851971910998,0.176351786937,0.114340597581,-3.65133299012,0.182001124427,0.0627858084488,-4.36765409956,-0.109424714683,-0.0553679230539,3.84492999704,0.16850295629,11.1452513966,6.58428104155,3.84492999704,11.1452513966,-0.249079343373,-0.340061101149,-787,-0.101287001287,-0.404960797975,-0.189189189189,0.216216216216,-0.027027027027,168,11,174,979,0.491228070175,0.988888888889,0.0111111111111,0.508771929825,0.938547486034,0.491228070175,0.644913627639,0.614945358553,0.480116959064,0.475920679887,23,186,0,0,0,0
849,WLNM_dir_neg,0.39165654989,0.328989832746,00:00:06,10,20,45,1234860780,threshold_sweep,0.3,0.733333333333,0.0591397849462,0.109452736318,11,4,175,368,0.0591397849462,0.989247311828,0.010752688172,0.940860215054,0.733333333333,0.0591397849462,0.109452736318,0.679211469534,0.65770609319,0.0628272251309,0.141030148417,0.0483870967742,342,156,186,0,342,0,156,0,186,37,342,0.256756756757,1.72528881811,18.4864864865,15.5454545455,9.77142857143,5.36771015539,0.290358590277,0.142642642643,9.50849154237,1.02869645341,0.544491860281,8.05331334643,0.871264894205,0.461830251304,0.640599570326,0.371299902718,2,1.72528881811,0.640599570326,2,0.344071394247,0.376569037657,810,0.104247104247,0.56957682835,37,37,37,1,0,0.405405405405,0.540540540541,0.0540540540541,37,0.117117117117,2.18635635636,8.43243243243,7.09090909091,4.45714285714,5.03620525429,0.597242289772,0.326923076923,6.00062559301,1.42322530091,0.680526680527,3.83793300225,0.910278981302,0.463617463617,1.32204914232,0.604681454823,4.3462962963,2.18635635636,1.32204914232,4.3462962963,0,0,0,0,0.160896782956,37,37,37,1,0,0.405405405405,0.540540540541,0.0540540540541,37,171,0.128378378378,2.22290728228,9.24324324324,7.77272727273,4.75,4.44975283587,0.481406008559,0.259206574996,6.00162640619,1.29859752649,0.649280859807,3.60055050846,0.779066484286,0.413466097677,1.41656556127,0.637258050553,4.6625,2.22290728228,1.41656556127,4.6625,0.0742713301537,0.0223752151463,13,0.0016731016731,0.176124960641,37,37,37,1,0,0.405405405405,0.567567567568,0.027027027027,-171,-0.128378378378,0.497618464167,-9.24324324324,-7.77272727273,-5.02142857143,-0.917957319527,0.191047418282,0.116563932353,-3.50686513618,0.269901073072,0.104788999526,-4.45276283798,-0.0921984099184,-0.0483641536273,0.775965990942,0.265958147835,2.6625,0.497618464167,0.775965990942,2.6625,-0.269800064094,-0.354193822511,-797,-0.102574002574,-0.393451867709,0,0.027027027027,-0.027027027027,167,4,175,986,0.488304093567,0.99595959596,0.0040404040404,0.511695906433,0.976608187135,0.488304093567,0.651072124756,0.632409509528,0.484263689527,0.482658959538,15,186,0,0,0,0
850,WLNM_dir_neg,0.39165654989,0.328989832746,00:00:06,10,20,45,1234860780,threshold_sweep,0.4,0.733333333333,0.0591397849462,0.109452736318,11,4,175,368,0.0591397849462,0.989247311828,0.010752688172,0.940860215054,0.733333333333,0.0591397849462,0.109452736318,0.679211469534,0.65770609319,0.0628272251309,0.141030148417,0.0483870967742,342,156,186,0,342,0,156,0,186,37,342,0.256756756757,1.72528881811,18.4864864865,15.5454545455,9.77142857143,5.36771015539,0.290358590277,0.142642642643,9.50849154237,1.02869645341,0.544491860281,8.05331334643,0.871264894205,0.461830251304,0.640599570326,0.371299902718,2,1.72528881811,0.640599570326,2,0.344071394247,0.376569037657,810,0.104247104247,0.56957682835,37,37,37,1,0,0.405405405405,0.540540540541,0.0540540540541,37,0.117117117117,2.18635635636,8.43243243243,7.09090909091,4.45714285714,5.03620525429,0.597242289772,0.326923076923,6.00062559301,1.42322530091,0.680526680527,3.83793300225,0.910278981302,0.463617463617,1.32204914232,0.604681454823,4.3462962963,2.18635635636,1.32204914232,4.3462962963,0,0,0,0,0.160896782956,37,37,37,1,0,0.405405405405,0.540540540541,0.0540540540541,37,171,0.128378378378,2.22290728228,9.24324324324,7.77272727273,4.75,4.44975283587,0.481406008559,0.259206574996,6.00162640619,1.29859752649,0.649280859807,3.60055050846,0.779066484286,0.413466097677,1.41656556127,0.637258050553,4.6625,2.22290728228,1.41656556127,4.6625,0.0742713301537,0.0223752151463,13,0.0016731016731,0.176124960641,37,37,37,1,0,0.405405405405,0.567567567568,0.027027027027,-171,-0.128378378378,0.497618464167,-9.24324324324,-7.77272727273,-5.02142857143,-0.917957319527,0.191047418282,0.116563932353,-3.50686513618,0.269901073072,0.104788999526,-4.45276283798,-0.0921984099184,-0.0483641536273,0.775965990942,0.265958147835,2.6625,0.497618464167,0.775965990942,2.6625,-0.269800064094,-0.354193822511,-797,-0.102574002574,-0.393451867709,0,0.027027027027,-0.027027027027,167,4,175,986,0.488304093567,0.99595959596,0.0040404040404,0.511695906433,0.976608187135,0.488304093567,0.651072124756,0.632409509528,0.484263689527,0.482658959538,15,186,0,0,0,0
851,WLNM_dir_neg,0.39165654989,0.328989832746,00:00:06,10,20,45,1234860780,threshold_sweep,0.5,0.785714285714,0.0591397849462,0.11,11,3,175,369,0.0591397849462,0.991935483871,0.00806451612903,0.940860215054,0.785714285714,0.0591397849462,0.11,0.681003584229,0.658303464755,0.0664335664336,0.153948384344,0.0510752688172,342,156,186,0,342,0,156,0,186,37,342,0.256756756757,1.72528881811,18.4864864865,15.5454545455,9.77142857143,5.36771015539,0.290358590277,0.142642642643,9.50849154237,1.02869645341,0.544491860281,8.05331334643,0.871264894205,0.461830251304,0.640599570326,0.371299902718,2,1.72528881811,0.640599570326,2,0.344071394247,0.376569037657,810,0.104247104247,0.56957682835,37,37,37,1,0,0.405405405405,0.540540540541,0.0540540540541,37,0.117117117117,2.18635635636,8.43243243243,7.09090909091,4.45714285714,5.03620525429,0.597242289772,0.326923076923,6.00062559301,1.42322530091,0.680526680527,3.83793300225,0.910278981302,0.463617463617,1.32204914232,0.604681454823,4.3462962963,2.18635635636,1.32204914232,4.3462962963,0,0,0,0,0.160896782956,37,37,37,1,0,0.405405405405,0.540540540541,0.0540540540541,37,170,0.127627627628,2.21873873874,9.18918918919,7.72727272727,4.72222222222,4.47112860372,0.486563995111,0.262957074722,6.01137560269,1.30835821941,0.651828298887,3.61677772072,0.787181033333,0.41653418124,1.40724672967,0.634255266338,4.6,2.21873873874,1.40724672967,4.6,0.0742713301537,0.0223752151463,13,0.0016731016731,0.175174828522,37,37,37,1,0,0.405405405405,0.567567567568,0.027027027027,-172,-0.129129129129,0.493449920624,-9.2972972973,-7.81818181818,-5.04920634921,-0.896581551675,0.196205404833,0.120314432079,-3.49711593968,0.279661765995,0.107336438606,-4.43653562572,-0.0840838608722,-0.0452960700639,0.766647159346,0.26295536362,2.6,0.493449920624,0.766647159346,2.6,-0.269800064094,-0.354193822511,-797,-0.102574002574,-0.394401999828,0,0.027027027027,-0.027027027027,167,3,175,987,0.488304093567,0.99696969697,0.0030303030303,0.511695906433,0.982352941176,0.488304093567,0.65234375,0.635316246621,0.485273790537,0.484057971014,14,186,0,0,0,0
852,WLNM_dir_neg,0.39165654989,0.328989832746,00:00:06,10,20,45,1234860780,threshold_sweep,0.6,0.727272727273,0.0430107526882,0.0812182741117,8,3,178,369,0.0430107526882,0.991935483871,0.00806451612903,0.956989247312,0.727272727273,0.0430107526882,0.0812182741117,0.675627240143,0.66009557945,0.0456942003515,0.118505456811,0.0349462365591,342,156,186,0,342,0,156,0,186,37,342,0.256756756757,1.72528881811,18.4864864865,15.5454545455,9.77142857143,5.36771015539,0.290358590277,0.142642642643,9.50849154237,1.02869645341,0.544491860281,8.05331334643,0.871264894205,0.461830251304,0.640599570326,0.371299902718,2,1.72528881811,0.640599570326,2,0.344071394247,0.376569037657,810,0.104247104247,0.56957682835,37,37,37,1,0,0.405405405405,0.540540540541,0.0540540540541,37,0.117117117117,2.18635635636,8.43243243243,7.09090909091,4.45714285714,5.03620525429,0.597242289772,0.326923076923,6.00062559301,1.42322530091,0.680526680527,3.83793300225,0.910278981302,0.463617463617,1.32204914232,0.604681454823,4.3462962963,2.18635635636,1.32204914232,4.3462962963,0,0,0,0,0.160896782956,37,37,37,1,0,0.405405405405,0.540540540541,0.0540540540541,37,167,0.125375375375,2.23159295659,9.02702702703,7.59090909091,4.63888888889,4.5490321711,0.503934701589,0.272859686033,5.97039744453,1.32278266735,0.655445865027,3.65620949453,0.810058391003,0.425311539084,1.43155988524,0.641496864835,4.73131313131,2.23159295659,1.43155988524,4.73131313131,0.0509652509653,0.012323943662,7,0.000900900900901,0.173227573858,37,37,37,1,0,0.405405405405,0.567567567568,0.027027027027,-175,-0.131381381381,0.506304138478,-9.45945945946,-7.95454545455,-5.13253968254,-0.818677984294,0.213576111312,0.130217043391,-3.53809409785,0.294086213936,0.110954004745,-4.39710385191,-0.0612065032019,-0.0365187122199,0.790960314916,0.270196962117,2.73131313131,0.506304138478,0.790960314916,2.73131313131,-0.293106143282,-0.364245093995,-803,-0.103346203346,-0.396349254492,0,0.027027027027,-0.027027027027,164,3,178,987,0.479532163743,0.99696969697,0.0030303030303,0.520467836257,0.982035928144,0.479532163743,0.644400785855,0.628599531422,0.476501860712,0.475362318841,11,186,0,0,0,0
853,WLNM_dir_neg,0.39165654989,0.328989832746,00:00:06,10,20,45,1234860780,threshold_sweep,0.7,0.727272727273,0.0430107526882,0.0812182741117,8,3,178,369,0.0430107526882,0.991935483871,0.00806451612903,0.956989247312,0.727272727273,0.0430107526882,0.0812182741117,0.675627240143,0.66009557945,0.0456942003515,0.118505456811,0.0349462365591,342,156,186,0,342,0,156,0,186,37,342,0.256756756757,1.72528881811,18.4864864865,15.5454545455,9.77142857143,5.36771015539,0.290358590277,0.142642642643,9.50849154237,1.02869645341,0.544491860281,8.05331334643,0.871264894205,0.461830251304,0.640599570326,0.371299902718,2,1.72528881811,0.640599570326,2,0.344071394247,0.376569037657,810,0.104247104247,0.56957682835,37,37,37,1,0,0.405405405405,0.540540540541,0.0540540540541,37,0.117117117117,2.18635635636,8.43243243243,7.09090909091,4.45714285714,5.03620525429,0.597242289772,0.326923076923,6.00062559301,1.42322530091,0.680526680527,3.83793300225,0.910278981302,0.463617463617,1.32204914232,0.604681454823,4.3462962963,2.18635635636,1.32204914232,4.3462962963,0,0,0,0,0.160896782956,37,37,37,1,0,0.405405405405,0.540540540541,0.0540540540541,37,167,0.125375375375,2.23159295659,9.02702702703,7.59090909091,4.63888888889,4.5490321711,0.503934701589,0.272859686033,5.97039744453,1.32278266735,0.655445865027,3.65620949453,0.810058391003,0.425311539084,1.43155988524,0.641496864835,4.73131313131,2.23159295659,1.43155988524,4.73131313131,0.0509652509653,0.012323943662,7,0.000900900900901,0.173227573858,37,37,37,1,0,0.405405405405,0.567567567568,0.027027027027,-175,-0.131381381381,0.506304138478,-9.45945945946,-7.95454545455,-5.13253968254,-0.818677984294,0.213576111312,0.130217043391,-3.53809409785,0.294086213936,0.110954004745,-4.39710385191,-0.0612065032019,-0.0365187122199,0.790960314916,0.270196962117,2.73131313131,0.506304138478,0.790960314916,2.73131313131,-0.293106143282,-0.364245093995,-803,-0.103346203346,-0.396349254492,0,0.027027027027,-0.027027027027,164,3,178,987,0.479532163743,0.99696969697,0.0030303030303,0.520467836257,0.982035928144,0.479532163743,0.644400785855,0.628599531422,0.476501860712,0.475362318841,11,186,0,0,0,0
854,WLNM_dir_neg,0.39165654989,0.328989832746,00:00:06,10,20,45,1234860780,threshold_sweep,0.8,0.727272727273,0.0430107526882,0.0812182741117,8,3,178,369,0.0430107526882,0.991935483871,0.00806451612903,0.956989247312,0.727272727273,0.0430107526882,0.0812182741117,0.675627240143,0.66009557945,0.0456942003515,0.118505456811,0.0349462365591,342,156,186,0,342,0,156,0,186,37,342,0.256756756757,1.72528881811,18.4864864865,15.5454545455,9.77142857143,5.36771015539,0.290358590277,0.142642642643,9.50849154237,1.02869645341,0.544491860281,8.05331334643,0.871264894205,0.461830251304,0.640599570326,0.371299902718,2,1.72528881811,0.640599570326,2,0.344071394247,0.376569037657,810,0.104247104247,0.56957682835,37,37,37,1,0,0.405405405405,0.540540540541,0.0540540540541,37,0.117117117117,2.18635635636,8.43243243243,7.09090909091,4.45714285714,5.03620525429,0.597242289772,0.326923076923,6.00062559301,1.42322530091,0.680526680527,3.83793300225,0.910278981302,0.463617463617,1.32204914232,0.604681454823,4.3462962963,2.18635635636,1.32204914232,4.3462962963,0,0,0,0,0.160896782956,37,37,37,1,0,0.405405405405,0.540540540541,0.0540540540541,37,167,0.125375375375,2.23159295659,9.02702702703,7.59090909091,4.63888888889,4.5490321711,0.503934701589,0.272859686033,5.97039744453,1.32278266735,0.655445865027,3.65620949453,0.810058391003,0.425311539084,1.43155988524,0.641496864835,4.73131313131,2.23159295659,1.43155988524,4.73131313131,0.0509652509653,0.012323943662,7,0.000900900900901,0.173227573858,37,37,37,1,0,0.405405405405,0.567567567568,0.027027027027,-175,-0.131381381381,0.506304138478,-9.45945945946,-7.95454545455,-5.13253968254,-0.818677984294,0.213576111312,0.130217043391,-3.53809409785,0.294086213936,0.110954004745,-4.39710385191,-0.0612065032019,-0.0365187122199,0.790960314916,0.270196962117,2.73131313131,0.506304138478,0.790960314916,2.73131313131,-0.293106143282,-0.364245093995,-803,-0.103346203346,-0.396349254492,0,0.027027027027,-0.027027027027,164,3,178,987,0.479532163743,0.99696969697,0.0030303030303,0.520467836257,0.982035928144,0.479532163743,0.644400785855,0.628599531422,0.476501860712,0.475362318841,11,186,0,0,0,0
855,WLNM_dir_neg,0.39165654989,0.328989832746,00:00:06,10,20,45,1234860780,threshold_sweep,0.9,0.777777777778,0.0376344086022,0.0717948717949,7,2,179,370,0.0376344086022,0.994623655914,0.00537634408602,0.962365591398,0.777777777778,0.0376344086022,0.0717948717949,0.675627240143,0.661290322581,0.042328042328,0.120714328057,0.0322580645161,342,156,186,0,342,0,156,0,186,37,342,0.256756756757,1.72528881811,18.4864864865,15.5454545455,9.77142857143,5.36771015539,0.290358590277,0.142642642643,9.50849154237,1.02869645341,0.544491860281,8.05331334643,0.871264894205,0.461830251304,0.640599570326,0.371299902718,2,1.72528881811,0.640599570326,2,0.344071394247,0.376569037657,810,0.104247104247,0.56957682835,37,37,37,1,0,0.405405405405,0.540540540541,0.0540540540541,37,0.117117117117,2.18635635636,8.43243243243,7.09090909091,4.45714285714,5.03620525429,0.597242289772,0.326923076923,6.00062559301,1.42322530091,0.680526680527,3.83793300225,0.910278981302,0.463617463617,1.32204914232,0.604681454823,4.3462962963,2.18635635636,1.32204914232,4.3462962963,0,0,0,0,0.160896782956,37,37,37,1,0,0.405405405405,0.540540540541,0.0540540540541,37,165,0.123873873874,2.25792724543,8.91891891892,7.5,4.71428571429,4.65103559781,0.521479748846,0.28321048321,5.97492256851,1.33983112142,0.659131859132,3.70131053813,0.829990847945,0.436036036036,1.49515101363,0.66217856074,5.25313131313,2.25792724543,1.49515101363,5.25313131313,0.0496782496782,0.00889152341434,5,0.000643500643501,0.172897744957,37,37,37,1,0,0.405405405405,0.540540540541,0.0540540540541,-177,-0.132882882883,0.532638427312,-9.56756756757,-8.04545454545,-5.05714285714,-0.716674557579,0.231121158569,0.140567840568,-3.53356897386,0.311134668009,0.114639998851,-4.3520028083,-0.0412740462597,-0.0257942152679,0.854551443307,0.290878658022,3.25313131313,0.532638427312,0.854551443307,3.25313131313,-0.294393144569,-0.367677514243,-805,-0.103603603604,-0.396679083393,0,0,0,163,2,179,988,0.476608187135,0.99797979798,0.0020202020202,0.523391812865,0.987878787879,0.476608187135,0.642998027613,0.629317761825,0.474587985114,0.473837209302,9,186,0,0,0,0
856,WLNM_dir_neg,0.283782807261,0.265767192552,00:00:06,10,20,46,1234860781,threshold_sweep,0.1,0.390243902439,0.0860215053763,0.140969162996,16,25,170,347,0.0860215053763,0.932795698925,0.0672043010753,0.913978494624,0.390243902439,0.0860215053763,0.140969162996,0.650537634409,0.642174432497,0.0233722871452,0.0339974107448,0.0188172043011,342,156,186,0,342,0,156,0,186,37,342,0.256756756757,1.72528881811,18.4864864865,15.5454545455,9.77142857143,5.36771015539,0.290358590277,0.142642642643,9.50849154237,1.02869645341,0.544491860281,8.05331334643,0.871264894205,0.461830251304,0.640599570326,0.371299902718,2,1.72528881811,0.640599570326,2,0.344071394247,0.376569037657,810,0.104247104247,0.56957682835,37,37,37,1,0,0.405405405405,0.540540540541,0.0540540540541,37,0.117117117117,2.21261261261,8.43243243243,7.09090909091,4.45714285714,5.04722443274,0.598549051319,0.327616077616,6.00525295579,1.42432281644,0.680873180873,3.83793300225,0.910278981302,0.463617463617,1.39215458577,0.629190386892,5.2,2.21261261261,1.39215458577,5.2,0,0,0,0,0.161113233172,37,37,37,1,0,0.405405405405,0.540540540541,0.0540540540541,37,197,0.147897897898,7.71235146906,10.6486486486,6.56666666667,5.32432432432,4.7622136322,0.447212955308,0.239950610509,5.8502329206,1.09877471097,0.571820551516,3.44846225032,0.647680727218,0.349567841954,3.58566922501,0.464925546948,10.1720280021,7.71235146906,3.58566922501,10.1720280021,0.134536825636,0.0663900414938,48,0.00617760617761,0.169443989888,37,37,37,1,0,0.189189189189,0.810810810811,0,-145,-0.108858858859,5.98706265095,-7.83783783784,-8.97878787879,-4.4471042471,-0.605496523197,0.156854365031,0.0973079678663,-3.65825862178,0.0700782575601,0.0273286912346,-4.60485109611,-0.223584166987,-0.11226240935,2.94506965468,0.0936256442304,8.17202800208,5.98706265095,2.94506965468,8.17202800208,-0.209534568612,-0.310178996163,-762,-0.0980694980695,-0.400132838462,-0.216216216216,0.27027027027,-0.0540540540541,172,25,170,965,0.502923976608,0.974747474747,0.0252525252525,0.497076023392,0.873096446701,0.502923976608,0.638218923933,0.587799066979,0.477671451356,0.468664850136,41,186,0,0,0,0
857,WLNM_dir_neg,0.283782807261,0.265767192552,00:00:06,10,20,46,1234860781,threshold_sweep,0.2,0.333333333333,0.0645161290323,0.108108108108,12,24,174,348,0.0645161290323,0.935483870968,0.0645161290323,0.935483870968,0.333333333333,0.0645161290323,0.108108108108,0.645161290323,0.645161290323,0,0,0,342,156,186,0,342,0,156,0,186,37,342,0.256756756757,1.72528881811,18.4864864865,15.5454545455,9.77142857143,5.36771015539,0.290358590277,0.142642642643,9.50849154237,1.02869645341,0.544491860281,8.05331334643,0.871264894205,0.461830251304,0.640599570326,0.371299902718,2,1.72528881811,0.640599570326,2,0.344071394247,0.376569037657,810,0.104247104247,0.56957682835,37,37,37,1,0,0.405405405405,0.540540540541,0.0540540540541,37,0.117117117117,2.21261261261,8.43243243243,7.09090909091,4.45714285714,5.04722443274,0.598549051319,0.327616077616,6.00525295579,1.42432281644,0.680873180873,3.83793300225,0.910278981302,0.463617463617,1.39215458577,0.629190386892,5.2,2.21261261261,1.39215458577,5.2,0,0,0,0,0.161113233172,37,37,37,1,0,0.405405405405,0.540540540541,0.0540540540541,37,192,0.144144144144,7.70357639605,10.3783783784,6.4,5.18918918919,4.87254981932,0.469490477382,0.25098536036,5.80152201217,1.11800163776,0.577984234234,3.55776020238,0.685610039001,0.370213963964,3.58116087262,0.464869910872,10.1590644641,7.70357639605,3.58116087262,10.1590644641,0.138795219368,0.0572792362768,40,0.00514800514801,0.171462321905,37,37,37,1,0,0.189189189189,0.810810810811,0,-150,-0.112612612613,5.97828757793,-8.10810810811,-9.14545454545,-4.58223938224,-0.495160336075,0.179131887105,0.108342717718,-3.70696953021,0.0893051843465,0.0334923739529,-4.49555314405,-0.185654855204,-0.09161628734,2.9405613023,0.093570008154,8.15906446409,5.97828757793,2.9405613023,8.15906446409,-0.205276174879,-0.31928980138,-770,-0.0990990990991,-0.398114506445,-0.216216216216,0.27027027027,-0.0540540540541,168,24,174,966,0.491228070175,0.975757575758,0.0242424242424,0.508771929825,0.875,0.491228070175,0.629213483146,0.580806063766,0.466985645933,0.459016393443,36,186,0,0,0,0
858,WLNM_dir_neg,0.283782807261,0.265767192552,00:00:06,10,20,46,1234860781,threshold_sweep,0.3,0.363636363636,0.0645161290323,0.109589041096,12,21,174,351,0.0645161290323,0.943548387097,0.0564516129032,0.935483870968,0.363636363636,0.0645161290323,0.109589041096,0.650537634409,0.646953405018,0.010152284264,0.0161164592805,0.00806451612903,342,156,186,0,342,0,156,0,186,37,342,0.256756756757,1.72528881811,18.4864864865,15.5454545455,9.77142857143,5.36771015539,0.290358590277,0.142642642643,9.50849154237,1.02869645341,0.544491860281,8.05331334643,0.871264894205,0.461830251304,0.640599570326,0.371299902718,2,1.72528881811,0.640599570326,2,0.344071394247,0.376569037657,810,0.104247104247,0.56957682835,37,37,37,1,0,0.405405405405,0.540540540541,0.0540540540541,37,0.117117117117,2.21261261261,8.43243243243,7.09090909091,4.45714285714,5.04722443274,0.598549051319,0.327616077616,6.00525295579,1.42432281644,0.680873180873,3.83793300225,0.910278981302,0.463617463617,1.39215458577,0.629190386892,5.2,2.21261261261,1.39215458577,5.2,0,0,0,0,0.161113233172,37,37,37,1,0,0.405405405405,0.540540540541,0.0540540540541,37,189,0.141891891892,5.67288511118,10.2162162162,6.51724137931,5.10810810811,4.82548290695,0.472335628458,0.253825253825,5.83944338949,1.1431714572,0.588588588589,3.60388512414,0.70552248462,0.379522379522,2.7581302285,0.486195326442,7.71792010196,5.67288511118,2.7581302285,7.71792010196,0.139236571822,0.0576638738295,39,0.00501930501931,0.184459830419,37,37,37,1,0,0.216216216216,0.783783783784,0,-153,-0.114864864865,3.94759629307,-8.27027027027,-9.02821316614,-4.66332046332,-0.542227248441,0.181977038181,0.111182611183,-3.66904815288,0.114475003788,0.0440967283073,-4.4494282223,-0.165742409585,-0.0823078717816,2.11753065817,0.114895423724,5.71792010196,3.94759629307,2.11753065817,5.71792010196,-0.204834822426,-0.318905163827,-771,-0.0992277992278,-0.385116997931,-0.189189189189,0.243243243243,-0.0540540540541,168,21,174,969,0.491228070175,0.978787878788,0.0212121212121,0.508771929825,0.888888888889,0.491228070175,0.632768361582,0.588422442024,0.470015948963,0.462809917355,33,186,0,0,0,0
859,WLNM_dir_neg,0.283782807261,0.265767192552,00:00:06,10,20,46,1234860781,threshold_sweep,0.4,0.461538461538,0.0645161290323,0.11320754717,12,14,174,358,0.0645161290323,0.962365591398,0.0376344086022,0.935483870968,0.461538461538,0.0645161290323,0.11320754717,0.663082437276,0.651135005974,0.0342465753425,0.0601232587805,0.0268817204301,342,156,186,0,342,0,156,0,186,37,342,0.256756756757,1.72528881811,18.4864864865,15.5454545455,9.77142857143,5.36771015539,0.290358590277,0.142642642643,9.50849154237,1.02869645341,0.544491860281,8.05331334643,0.871264894205,0.461830251304,0.640599570326,0.371299902718,2,1.72528881811,0.640599570326,2,0.344071394247,0.376569037657,810,0.104247104247,0.56957682835,37,37,37,1,0,0.405405405405,0.540540540541,0.0540540540541,37,0.117117117117,2.21261261261,8.43243243243,7.09090909091,4.45714285714,5.04722443274,0.598549051319,0.327616077616,6.00525295579,1.42432281644,0.680873180873,3.83793300225,0.910278981302,0.463617463617,1.39215458577,0.629190386892,5.2,2.21261261261,1.39215458577,5.2,0,0,0,0,0.161113233172,37,37,37,1,0,0.405405405405,0.540540540541,0.0540540540541,37,182,0.136636636637,2.40107054534,9.83783783784,8.27272727273,4.91891891892,4.45042765432,0.452378635192,0.241758241758,5.98785056213,1.21731027911,0.62577962578,3.41059117048,0.693361941251,0.373329373329,1.50341956893,0.626145521565,3.85929939379,2.40107054534,1.50341956893,3.85929939379,0.129730414947,0.0403009134874,25,0.0032175032175,0.185565762555,37,37,37,1,0,0.405405405405,0.594594594595,0,-160,-0.12012012012,0.675781727228,-8.64864864865,-7.27272727273,-4.85250965251,-0.917282501077,0.162020044914,0.0991155991156,-3.52064098025,0.188613825699,0.0812877654983,-4.64272217596,-0.177902952954,-0.0885008779746,0.862819998603,0.254845618847,1.85929939379,0.675781727228,0.862819998603,1.85929939379,-0.2143409793,-0.33626812417,-785,-0.10102960103,-0.384011065795,0,0.0540540540541,-0.0540540540541,168,14,174,976,0.491228070175,0.985858585859,0.0141414141414,0.508771929825,0.923076923077,0.491228070175,0.641221374046,0.6067968335,0.477086656034,0.47191011236,26,186,0,0,0,0
860,WLNM_dir_neg,0.283782807261,0.265767192552,00:00:06,10,20,46,1234860781,threshold_sweep,0.5,0.44,0.0591397849462,0.104265402844,11,14,175,358,0.0591397849462,0.962365591398,0.0376344086022,0.940860215054,0.44,0.0591397849462,0.104265402844,0.661290322581,0.651732377539,0.0274442538593,0.0490051113465,0.0215053763441,342,156,186,0,342,0,156,0,186,37,342,0.256756756757,1.72528881811,18.4864864865,15.5454545455,9.77142857143,5.36771015539,0.290358590277,0.142642642643,9.50849154237,1.02869645341,0.544491860281,8.05331334643,0.871264894205,0.461830251304,0.640599570326,0.371299902718,2,1.72528881811,0.640599570326,2,0.344071394247,0.376569037657,810,0.104247104247,0.56957682835,37,37,37,1,0,0.405405405405,0.540540540541,0.0540540540541,37,0.117117117117,2.21261261261,8.43243243243,7.09090909091,4.45714285714,5.04722443274,0.598549051319,0.327616077616,6.00525295579,1.42432281644,0.680873180873,3.83793300225,0.910278981302,0.463617463617,1.39215458577,0.629190386892,5.2,2.21261261261,1.39215458577,5.2,0,0,0,0,0.161113233172,37,37,37,1,0,0.405405405405,0.540540540541,0.0540540540541,37,181,0.135885885886,2.42288703801,9.78378378378,8.22727272727,4.89189189189,4.41673040919,0.451433771106,0.241899357921,5.98973095196,1.22442013935,0.627445124683,3.42201844095,0.699528631576,0.375989248917,1.53582090641,0.633880524482,3.95499247763,2.42288703801,1.53582090641,3.95499247763,0.128996242232,0.0375408052231,23,0.0029601029601,0.183918023569,37,37,37,1,0,0.405405405405,0.594594594595,0,-161,-0.120870870871,0.697598219893,-8.7027027027,-7.31818181818,-4.87953667954,-0.950979746198,0.161075180828,0.0992567152788,-3.51876059041,0.195723685936,0.0829532644014,-4.63129490548,-0.171736262629,-0.0858410023865,0.895221336086,0.262580621764,1.95499247763,0.697598219893,0.895221336086,1.95499247763,-0.215075152016,-0.339028232434,-787,-0.101287001287,-0.385658804781,0,0.0540540540541,-0.0540540540541,167,14,175,976,0.488304093567,0.985858585859,0.0141414141414,0.511695906433,0.922651933702,0.488304093567,0.63862332696,0.604478793545,0.474162679426,0.469101123596,25,186,0,0,0,0
861,WLNM_dir_neg,0.283782807261,0.265767192552,00:00:06,10,20,46,1234860781,threshold_sweep,0.6,0.458333333333,0.0591397849462,0.104761904762,11,13,175,359,0.0591397849462,0.965053763441,0.0349462365591,0.940860215054,0.458333333333,0.0591397849462,0.104761904762,0.663082437276,0.652329749104,0.0309278350515,0.0562148766747,0.0241935483871,342,156,186,0,342,0,156,0,186,37,342,0.256756756757,1.72528881811,18.4864864865,15.5454545455,9.77142857143,5.36771015539,0.290358590277,0.142642642643,9.50849154237,1.02869645341,0.544491860281,8.05331334643,0.871264894205,0.461830251304,0.640599570326,0.371299902718,2,1.72528881811,0.640599570326,2,0.344071394247,0.376569037657,810,0.104247104247,0.56957682835,37,37,37,1,0,0.405405405405,0.540540540541,0.0540540540541,37,0.117117117117,2.21261261261,8.43243243243,7.09090909091,4.45714285714,5.04722443274,0.598549051319,0.327616077616,6.00525295579,1.42432281644,0.680873180873,3.83793300225,0.910278981302,0.463617463617,1.39215458577,0.629190386892,5.2,2.21261261261,1.39215458577,5.2,0,0,0,0,0.161113233172,37,37,37,1,0,0.405405405405,0.540540540541,0.0540540540541,37,180,0.135135135135,2.41049309813,9.72972972973,8.18181818182,4.86486486486,4.41995882741,0.454273546151,0.243543543544,5.96360332052,1.22585179366,0.628228228228,3.4493329642,0.709029553752,0.381081081081,1.51812576617,0.629798843792,3.94207986539,2.41049309813,1.51812576617,3.94207986539,0.128996242232,0.0375408052231,23,0.0029601029601,0.184117697632,37,37,37,1,0,0.405405405405,0.594594594595,0,-162,-0.121621621622,0.685204280018,-8.75675675676,-7.36363636364,-4.90656370656,-0.947751327979,0.163914955874,0.100900900901,-3.54488822185,0.197155340248,0.0837363679469,-4.60398038224,-0.162235340453,-0.0807491702229,0.877526195846,0.258498941074,1.94207986539,0.685204280018,0.877526195846,1.94207986539,-0.215075152016,-0.339028232434,-787,-0.101287001287,-0.385459130717,0,0.0540540540541,-0.0540540540541,167,13,175,977,0.488304093567,0.986868686869,0.0131313131313,0.511695906433,0.927777777778,0.488304093567,0.639846743295,0.607183152936,0.475172780436,0.470422535211,24,186,0,0,0,0
862,WLNM_dir_neg,0.283782807261,0.265767192552,00:00:06,10,20,46,1234860781,threshold_sweep,0.7,0.5,0.0591397849462,0.105769230769,11,11,175,361,0.0591397849462,0.970430107527,0.0295698924731,0.940860215054,0.5,0.0591397849462,0.105769230769,0.666666666667,0.653524492234,0.0379310344828,0.0716281858972,0.0295698924731,342,156,186,0,342,0,156,0,186,37,342,0.256756756757,1.72528881811,18.4864864865,15.5454545455,9.77142857143,5.36771015539,0.290358590277,0.142642642643,9.50849154237,1.02869645341,0.544491860281,8.05331334643,0.871264894205,0.461830251304,0.640599570326,0.371299902718,2,1.72528881811,0.640599570326,2,0.344071394247,0.376569037657,810,0.104247104247,0.56957682835,37,37,37,1,0,0.405405405405,0.540540540541,0.0540540540541,37,0.117117117117,2.21261261261,8.43243243243,7.09090909091,4.45714285714,5.04722443274,0.598549051319,0.327616077616,6.00525295579,1.42432281644,0.680873180873,3.83793300225,0.910278981302,0.463617463617,1.39215458577,0.629190386892,5.2,2.21261261261,1.39215458577,5.2,0,0,0,0,0.161113233172,37,37,37,1,0,0.405405405405,0.540540540541,0.0540540540541,37,178,0.133633633634,2.46258622132,9.62162162162,8.09090909091,4.81081081081,4.455654032,0.463087638157,0.249468569693,5.9806996889,1.24317914882,0.6334649256,3.478807569,0.723122921645,0.386881263286,1.60304879549,0.65096148984,4.73889878839,2.46258622132,1.60304879549,4.73889878839,0.129976577035,0.0348451327434,21,0.0027027027027,0.18213935712,37,37,37,1,0,0.405405405405,0.594594594595,0,-164,-0.123123123123,0.737297403203,-8.86486486486,-7.45454545455,-4.96061776062,-0.912056123396,0.17272904788,0.106825927051,-3.52779185348,0.214482695401,0.0889730653184,-4.57450577744,-0.14814197256,-0.0749489880182,0.962449225163,0.279661587123,2.73889878839,0.737297403203,0.962449225163,2.73889878839,-0.214094817212,-0.341723904914,-789,-0.101544401544,-0.38743747123,0,0.0540540540541,-0.0540540540541,167,11,175,979,0.488304093567,0.988888888889,0.0111111111111,0.511695906433,0.938202247191,0.488304093567,0.642307692308,0.612649090503,0.477192982456,0.473087818697,22,186,0,0,0,0
863,WLNM_dir_neg,0.283782807261,0.265767192552,00:00:06,10,20,46,1234860781,threshold_sweep,0.8,0.47619047619,0.0537634408602,0.0966183574879,10,11,176,361,0.0537634408602,0.970430107527,0.0295698924731,0.94623655914,0.47619047619,0.0537634408602,0.0966183574879,0.664874551971,0.654121863799,0.0310880829016,0.0599281293413,0.0241935483871,342,156,186,0,342,0,156,0,186,37,342,0.256756756757,1.72528881811,18.4864864865,15.5454545455,9.77142857143,5.36771015539,0.290358590277,0.142642642643,9.50849154237,1.02869645341,0.544491860281,8.05331334643,0.871264894205,0.461830251304,0.640599570326,0.371299902718,2,1.72528881811,0.640599570326,2,0.344071394247,0.376569037657,810,0.104247104247,0.56957682835,37,37,37,1,0,0.405405405405,0.540540540541,0.0540540540541,37,0.117117117117,2.21261261261,8.43243243243,7.09090909091,4.45714285714,5.04722443274,0.598549051319,0.327616077616,6.00525295579,1.42432281644,0.680873180873,3.83793300225,0.910278981302,0.463617463617,1.39215458577,0.629190386892,5.2,2.21261261261,1.39215458577,5.2,0,0,0,0,0.161113233172,37,37,37,1,0,0.405405405405,0.540540540541,0.0540540540541,37,177,0.132882882883,2.4939227217,9.56756756757,8.04545454545,4.78378378378,4.37505898716,0.457280176624,0.246755229806,5.95881762664,1.24562854342,0.634295312261,3.4971030482,0.731032840584,0.389983203543,1.65049107693,0.661805220575,4.96892651082,2.4939227217,1.65049107693,4.96892651082,0.124339408163,0.0320224719101,19,0.0024453024453,0.181764395382,37,37,37,1,0,0.405405405405,0.594594594595,0,-165,-0.123873873874,0.768633903587,-8.91891891892,-7.5,-4.98764478764,-0.992651168232,0.166921586347,0.104112587163,-3.54967391574,0.216932090006,0.0898034519801,-4.55621029823,-0.140232053621,-0.0718470477614,1.00989150661,0.290505317857,2.96892651082,0.768633903587,1.00989150661,2.96892651082,-0.219731986084,-0.344546565747,-791,-0.101801801802,-0.387812432968,0,0.0540540540541,-0.0540540540541,166,11,176,979,0.485380116959,0.988888888889,0.0111111111111,0.514619883041,0.937853107345,0.485380116959,0.639691714836,0.610348341569,0.474269005848,0.470254957507,21,186,0,0,0,0
864,WLNM_dir_neg,0.283782807261,0.265767192552,00:00:06,10,20,46,1234860781,threshold_sweep,0.9,0.526315789474,0.0537634408602,0.0975609756098,10,9,176,363,0.0537634408602,0.975806451613,0.0241935483871,0.94623655914,0.526315789474,0.0537634408602,0.0975609756098,0.668458781362,0.65531660693,0.0381282495667,0.0768610838356,0.0295698924731,342,156,186,0,342,0,156,0,186,37,342,0.256756756757,1.72528881811,18.4864864865,15.5454545455,9.77142857143,5.36771015539,0.290358590277,0.142642642643,9.50849154237,1.02869645341,0.544491860281,8.05331334643,0.871264894205,0.461830251304,0.640599570326,0.371299902718,2,1.72528881811,0.640599570326,2,0.344071394247,0.376569037657,810,0.104247104247,0.56957682835,37,37,37,1,0,0.405405405405,0.540540540541,0.0540540540541,37,0.117117117117,2.21261261261,8.43243243243,7.09090909091,4.45714285714,5.04722443274,0.598549051319,0.327616077616,6.00525295579,1.42432281644,0.680873180873,3.83793300225,0.910278981302,0.463617463617,1.39215458577,0.629190386892,5.2,2.21261261261,1.39215458577,5.2,0,0,0,0,0.161113233172,37,37,37,1,0,0.405405405405,0.540540540541,0.0540540540541,37,175,0.131381381381,2.40674943549,9.45945945946,7.95454545455,4.72972972973,4.44468843174,0.469867062784,0.25528957529,5.97052318873,1.26233918847,0.639382239382,3.52490069717,0.745264718831,0.395057915058,1.53572632504,0.638091486546,4.71294146401,2.40674943549,1.53572632504,4.71294146401,0.124684558508,0.0287810383747,17,0.0021879021879,0.179972512421,37,37,37,1,0,0.405405405405,0.594594594595,0,-167,-0.125375375375,0.681460617377,-9.02702702703,-7.59090909091,-5.0416988417,-0.923021723652,0.179508472507,0.112646932647,-3.53796835365,0.233642735059,0.0948903791009,-4.52841264926,-0.126000175374,-0.066772336246,0.89512675471,0.266791583828,2.71294146401,0.681460617377,0.89512675471,2.71294146401,-0.219386835739,-0.347787999282,-793,-0.102059202059,-0.389604315929,0,0.0540540540541,-0.0540540540541,166,9,176,981,0.485380116959,0.990909090909,0.00909090909091,0.514619883041,0.948571428571,0.485380116959,0.642166344294,0.615907776482,0.476289207868,0.472934472934,19,186,0,0,0,0
865,WLNM_dir_neg,0.338608509654,0.317404214186,00:00:07,10,20,47,1234860782,threshold_sweep,0.1,0.413793103448,0.129032258065,0.196721311475,24,34,162,338,0.129032258065,0.908602150538,0.0913978494624,0.870967741935,0.413793103448,0.129032258065,0.196721311475,0.648745519713,0.63201911589,0.0454545454545,0.0581318358976,0.0376344086022,342,156,186,0,342,0,156,0,186,37,342,0.256756756757,1.72528881811,18.4864864865,15.5454545455,9.77142857143,5.36771015539,0.290358590277,0.142642642643,9.50849154237,1.02869645341,0.544491860281,8.05331334643,0.871264894205,0.461830251304,0.640599570326,0.371299902718,2,1.72528881811,0.640599570326,2,0.344071394247,0.376569037657,810,0.104247104247,0.56957682835,37,37,37,1,0,0.405405405405,0.540540540541,0.0540540540541,37,0.117117117117,2.21261261261,8.43243243243,7.09090909091,4.45714285714,5.04722443274,0.598549051319,0.327616077616,6.00525295579,1.42432281644,0.680873180873,3.83793300225,0.910278981302,0.463617463617,1.39215458577,0.629190386892,5.2,2.21261261261,1.39215458577,5.2,0,0,0,0,0.161113233172,37,37,37,1,0,0.405405405405,0.540540540541,0.0540540540541,37,214,0.160660660661,12.1735702723,11.5675675676,6.29411764706,5.78378378378,5.35174187916,0.462650583011,0.247537256883,5.93546373333,1.02622503801,0.531447335186,3.28409580939,0.567810957699,0.308411214953,3.66599867668,0.301144084658,13.3873843212,12.1735702723,3.66599867668,13.3873843212,0.2208991291,0.120739219713,98,0.0126126126126,0.156705852252,37,37,37,1,0,0.0810810810811,0.918918918919,0,-128,-0.0960960960961,10.4482814542,-6.91891891892,-9.2513368984,-3.98764478764,-0.0159682762346,0.172291992734,0.10489461424,-3.57302780904,-0.00247141540837,-0.0130445250957,-4.76921753704,-0.303453936506,-0.153419036351,3.02539910635,-0.0701558180596,11.3873843212,10.4482814542,3.02539910635,11.3873843212,-0.123172265147,-0.255829817944,-712,-0.0916344916345,-0.412870976098,-0.324324324324,0.378378378378,-0.0540540540541,180,34,162,956,0.526315789474,0.965656565657,0.0343434343434,0.473684210526,0.841121495327,0.526315789474,0.647482014388,0.585252882662,0.49197235513,0.478723404255,58,186,0,0,0,0
866,WLNM_dir_neg,0.338608509654,0.317404214186,00:00:07,10,20,47,1234860782,threshold_sweep,0.2,0.48,0.129032258065,0.203389830508,24,26,162,346,0.129032258065,0.930107526882,0.0698924731183,0.870967741935,0.48,0.129032258065,0.203389830508,0.663082437276,0.636798088411,0.0723684210526,0.0976092160358,0.0591397849462,342,156,186,0,342,0,156,0,186,37,342,0.256756756757,1.72528881811,18.4864864865,15.5454545455,9.77142857143,5.36771015539,0.290358590277,0.142642642643,9.50849154237,1.02869645341,0.544491860281,8.05331334643,0.871264894205,0.461830251304,0.640599570326,0.371299902718,2,1.72528881811,0.640599570326,2,0.344071394247,0.376569037657,810,0.104247104247,0.56957682835,37,37,37,1,0,0.405405405405,0.540540540541,0.0540540540541,37,0.117117117117,2.21261261261,8.43243243243,7.09090909091,4.45714285714,5.04722443274,0.598549051319,0.327616077616,6.00525295579,1.42432281644,0.680873180873,3.83793300225,0.910278981302,0.463617463617,1.39215458577,0.629190386892,5.2,2.21261261261,1.39215458577,5.2,0,0,0,0,0.161113233172,37,37,37,1,0,0.405405405405,0.540540540541,0.0540540540541,37,206,0.154654654655,7.24437861795,11.1351351351,6.64516129032,5.56756756757,5.22899056629,0.469593812992,0.24993440042,6.05319264035,1.08722392084,0.563106796117,3.36270840362,0.603981606476,0.327735502493,3.00097079436,0.414248198862,8.79358933433,7.24437861795,3.00097079436,8.79358933433,0.221242456617,0.117158288326,94,0.0120978120978,0.191965684718,37,37,37,1,0,0.162162162162,0.837837837838,0,-136,-0.102102102102,5.51908979984,-7.35135135135,-8.90029325513,-4.20386100386,-0.138719589104,0.179235222715,0.107291757777,-3.45529890203,0.0585274674241,0.0186149358352,-4.69060494281,-0.267283287729,-0.134094748811,2.36037122404,0.0429482961443,6.79358933433,5.51908979984,2.36037122404,6.79358933433,-0.12282893763,-0.259410749331,-716,-0.0921492921493,-0.377611143631,-0.243243243243,0.297297297297,-0.0540540540541,180,26,162,964,0.526315789474,0.973737373737,0.0262626262626,0.473684210526,0.873786407767,0.526315789474,0.656934306569,0.604148948218,0.500053163211,0.489130434783,50,186,0,0,0,0
867,WLNM_dir_neg,0.338608509654,0.317404214186,00:00:07,10,20,47,1234860782,threshold_sweep,0.3,0.479166666667,0.123655913978,0.196581196581,23,25,163,347,0.123655913978,0.932795698925,0.0672043010753,0.876344086022,0.479166666667,0.123655913978,0.196581196581,0.663082437276,0.637992831541,0.0693069306931,0.0949070752957,0.0564516129032,342,156,186,0,342,0,156,0,186,37,342,0.256756756757,1.72528881811,18.4864864865,15.5454545455,9.77142857143,5.36771015539,0.290358590277,0.142642642643,9.50849154237,1.02869645341,0.544491860281,8.05331334643,0.871264894205,0.461830251304,0.640599570326,0.371299902718,2,1.72528881811,0.640599570326,2,0.344071394247,0.376569037657,810,0.104247104247,0.56957682835,37,37,37,1,0,0.405405405405,0.540540540541,0.0540540540541,37,0.117117117117,2.21261261261,8.43243243243,7.09090909091,4.45714285714,5.04722443274,0.598549051319,0.327616077616,6.00525295579,1.42432281644,0.680873180873,3.83793300225,0.910278981302,0.463617463617,1.39215458577,0.629190386892,5.2,2.21261261261,1.39215458577,5.2,0,0,0,0,0.161113233172,37,37,37,1,0,0.405405405405,0.540540540541,0.0540540540541,37,204,0.153153153153,7.06370775702,11.027027027,6.58064516129,5.51351351351,5.1558299606,0.467563011133,0.25079491256,6.02135838136,1.09210911819,0.564122946476,3.33017868741,0.604002997227,0.328563857976,2.92348111544,0.4138734523,8.62680209093,7.06370775702,2.92348111544,8.62680209093,0.211106710154,0.109461179465,86,0.0110682110682,0.186748370438,37,37,37,1,0,0.162162162162,0.837837837838,0,-138,-0.103603603604,5.33841893891,-7.45945945946,-8.96480938416,-4.25791505792,-0.211880194797,0.177204420855,0.108152269917,-3.48713316102,0.0634126647728,0.0196310861946,-4.72313465902,-0.267261896978,-0.133266393328,2.28288154511,0.0425735495825,6.62680209093,5.33841893891,2.28288154511,6.62680209093,-0.132964684093,-0.267107858191,-724,-0.0931788931789,-0.382828457912,-0.243243243243,0.297297297297,-0.0540540540541,179,25,163,965,0.523391812865,0.974747474747,0.0252525252525,0.476608187135,0.877450980392,0.523391812865,0.655677655678,0.604243256294,0.498139287613,0.487738419619,48,186,0,0,0,0
868,WLNM_dir_neg,0.338608509654,0.317404214186,00:00:07,10,20,47,1234860782,threshold_sweep,0.4,0.575757575758,0.102150537634,0.173515981735,19,14,167,358,0.102150537634,0.962365591398,0.0376344086022,0.897849462366,0.575757575758,0.102150537634,0.173515981735,0.675627240143,0.646953405018,0.0812182741117,0.128931674244,0.0645161290323,342,156,186,0,342,0,156,0,186,37,342,0.256756756757,1.72528881811,18.4864864865,15.5454545455,9.77142857143,5.36771015539,0.290358590277,0.142642642643,9.50849154237,1.02869645341,0.544491860281,8.05331334643,0.871264894205,0.461830251304,0.640599570326,0.371299902718,2,1.72528881811,0.640599570326,2,0.344071394247,0.376569037657,810,0.104247104247,0.56957682835,37,37,37,1,0,0.405405405405,0.540540540541,0.0540540540541,37,0.117117117117,2.21261261261,8.43243243243,7.09090909091,4.45714285714,5.04722443274,0.598549051319,0.327616077616,6.00525295579,1.42432281644,0.680873180873,3.83793300225,0.910278981302,0.463617463617,1.39215458577,0.629190386892,5.2,2.21261261261,1.39215458577,5.2,0,0,0,0,0.161113233172,37,37,37,1,0,0.405405405405,0.540540540541,0.0540540540541,37,189,0.141891891892,2.3013453028,10.2162162162,8.59090909091,5.10810810811,4.51008213238,0.441463065868,0.237523237523,6.08177506884,1.19061205051,0.618046618047,3.30642290587,0.647289140302,0.350922350922,1.37910558601,0.599260608276,4.15316899833,2.3013453028,1.37910558601,4.15316899833,0.171223171765,0.0597609561753,40,0.00514800514801,0.18806248218,37,37,37,1,0,0.405405405405,0.594594594595,0,-153,-0.114864864865,0.576056484685,-8.27027027027,-6.95454545455,-4.66332046332,-0.85762802301,0.151104475591,0.0948805948806,-3.42671647353,0.161915597099,0.0735547577653,-4.74689044057,-0.223975753903,-0.110907900382,0.738506015684,0.227960705559,2.15316899833,0.576056484685,0.738506015684,2.15316899833,-0.172848222482,-0.316808081482,-770,-0.0990990990991,-0.38151434617,0,0.0540540540541,-0.0540540540541,175,14,167,976,0.511695906433,0.985858585859,0.0141414141414,0.488304093567,0.925925925926,0.511695906433,0.659133709981,0.622898499593,0.497554492291,0.491573033708,33,186,0,0,0,0
869,WLNM_dir_neg,0.338608509654,0.317404214186,00:00:07,10,20,47,1234860782,threshold_sweep,0.5,0.5625,0.0967741935484,0.165137614679,18,14,168,358,0.0967741935484,0.962365591398,0.0376344086022,0.903225806452,0.5625,0.0967741935484,0.165137614679,0.673835125448,0.647550776583,0.0745762711864,0.119905698054,0.0591397849462,342,156,186,0,342,0,156,0,186,37,342,0.256756756757,1.72528881811,18.4864864865,15.5454545455,9.77142857143,5.36771015539,0.290358590277,0.142642642643,9.50849154237,1.02869645341,0.544491860281,8.05331334643,0.871264894205,0.461830251304,0.640599570326,0.371299902718,2,1.72528881811,0.640599570326,2,0.344071394247,0.376569037657,810,0.104247104247,0.56957682835,37,37,37,1,0,0.405405405405,0.540540540541,0.0540540540541,37,0.117117117117,2.21261261261,8.43243243243,7.09090909091,4.45714285714,5.04722443274,0.598549051319,0.327616077616,6.00525295579,1.42432281644,0.680873180873,3.83793300225,0.910278981302,0.463617463617,1.39215458577,0.629190386892,5.2,2.21261261261,1.39215458577,5.2,0,0,0,0,0.161113233172,37,37,37,1,0,0.405405405405,0.540540540541,0.0540540540541,37,188,0.141141141141,2.32315019637,10.1621621622,8.54545454545,5.08108108108,4.54919720338,0.447660363098,0.241949396205,6.07992314635,1.19658061923,0.619608970673,3.30301527546,0.650061516978,0.35192639448,1.41112567531,0.607419045707,4.21173475032,2.32315019637,1.41112567531,4.21173475032,0.17233857288,0.0586466165414,39,0.00501930501931,0.186062713639,37,37,37,1,0,0.405405405405,0.594594594595,0,-154,-0.115615615616,0.597861378251,-8.32432432432,-7,-4.69034749035,-0.818512952018,0.157301772821,0.0993067535621,-3.42856839603,0.167884165813,0.0751171103915,-4.75029807098,-0.221203377226,-0.109903856824,0.770526104985,0.236119142989,2.21173475032,0.597861378251,0.770526104985,2.21173475032,-0.171732821367,-0.317922421116,-771,-0.0992277992278,-0.383514114711,0,0.0540540540541,-0.0540540540541,174,14,168,976,0.508771929825,0.985858585859,0.0141414141414,0.491228070175,0.925531914894,0.508771929825,0.656603773585,0.620611215325,0.494630515683,0.488764044944,32,186,0,0,0,0
870,WLNM_dir_neg,0.338608509654,0.317404214186,00:00:07,10,20,47,1234860782,threshold_sweep,0.6,0.533333333333,0.0860215053763,0.148148148148,16,14,170,358,0.0860215053763,0.962365591398,0.0376344086022,0.913978494624,0.533333333333,0.0860215053763,0.148148148148,0.670250896057,0.648745519713,0.0612244897959,0.101129979369,0.0483870967742,342,156,186,0,342,0,156,0,186,37,342,0.256756756757,1.72528881811,18.4864864865,15.5454545455,9.77142857143,5.36771015539,0.290358590277,0.142642642643,9.50849154237,1.02869645341,0.544491860281,8.05331334643,0.871264894205,0.461830251304,0.640599570326,0.371299902718,2,1.72528881811,0.640599570326,2,0.344071394247,0.376569037657,810,0.104247104247,0.56957682835,37,37,37,1,0,0.405405405405,0.540540540541,0.0540540540541,37,0.117117117117,2.21261261261,8.43243243243,7.09090909091,4.45714285714,5.04722443274,0.598549051319,0.327616077616,6.00525295579,1.42432281644,0.680873180873,3.83793300225,0.910278981302,0.463617463617,1.39215458577,0.629190386892,5.2,2.21261261261,1.39215458577,5.2,0,0,0,0,0.161113233172,37,37,37,1,0,0.405405405405,0.540540540541,0.0540540540541,37,186,0.13963963964,2.35132637474,10.0540540541,8.45454545455,5.02702702703,4.42810434702,0.44042973344,0.23772159256,6.04375934556,1.20225320315,0.621621621622,3.34569778876,0.665542033247,0.360069747167,1.44919641271,0.616331457971,4.25897649544,2.35132637474,1.44919641271,4.25897649544,0.169573412762,0.0556127703399,36,0.0046332046332,0.18503904218,37,37,37,1,0,0.405405405405,0.594594594595,0,-156,-0.117117117117,0.626037556625,-8.43243243243,-7.09090909091,-4.7444015444,-0.939605808372,0.150071143163,0.0950789499177,-3.46473219682,0.173556749734,0.0771297613403,-4.70761555768,-0.205722860958,-0.101760504137,0.808596842383,0.245031555253,2.25897649544,0.626037556625,0.808596842383,2.25897649544,-0.174497981485,-0.320956267317,-774,-0.0996138996139,-0.38453778617,0,0.0540540540541,-0.0540540540541,172,14,170,976,0.502923976608,0.985858585859,0.0141414141414,0.497076023392,0.924731182796,0.502923976608,0.651515151515,0.616023916123,0.488782562467,0.483146067416,30,186,0,0,0,0
871,WLNM_dir_neg,0.338608509654,0.317404214186,00:00:07,10,20,47,1234860782,threshold_sweep,0.7,0.538461538462,0.0752688172043,0.132075471698,14,12,172,360,0.0752688172043,0.967741935484,0.0322580645161,0.924731182796,0.538461538462,0.0752688172043,0.132075471698,0.670250896057,0.651135005974,0.0547945205479,0.0961972140488,0.0430107526882,342,156,186,0,342,0,156,0,186,37,342,0.256756756757,1.72528881811,18.4864864865,15.5454545455,9.77142857143,5.36771015539,0.290358590277,0.142642642643,9.50849154237,1.02869645341,0.544491860281,8.05331334643,0.871264894205,0.461830251304,0.640599570326,0.371299902718,2,1.72528881811,0.640599570326,2,0.344071394247,0.376569037657,810,0.104247104247,0.56957682835,37,37,37,1,0,0.405405405405,0.540540540541,0.0540540540541,37,0.117117117117,2.21261261261,8.43243243243,7.09090909091,4.45714285714,5.04722443274,0.598549051319,0.327616077616,6.00525295579,1.42432281644,0.680873180873,3.83793300225,0.910278981302,0.463617463617,1.39215458577,0.629190386892,5.2,2.21261261261,1.39215458577,5.2,0,0,0,0,0.161113233172,37,37,37,1,0,0.405405405405,0.540540540541,0.0540540540541,37,182,0.136636636637,2.39065632515,9.83783783784,8.27272727273,4.91891891892,4.57962585513,0.46551141934,0.250371250371,6.05703621317,1.23137549389,0.631422631423,3.38606932378,0.688376730659,0.367983367983,1.47102921603,0.615324419722,4.09710393753,2.39065632515,1.47102921603,4.09710393753,0.195953639142,0.0532915360502,34,0.0043758043758,0.180195364934,37,37,37,1,0,0.405405405405,0.594594594595,0,-160,-0.12012012012,0.665367507036,-8.64864864865,-7.27272727273,-4.85250965251,-0.788084300264,0.175152829063,0.107728607729,-3.4514553292,0.202679040472,0.0869307711413,-4.66724402265,-0.182888163546,-0.0938468833206,0.830429645703,0.244024517005,2.09710393753,0.665367507036,0.830429645703,2.09710393753,-0.148117755105,-0.323277501607,-776,-0.0998712998713,-0.389381463416,0,0.0540540540541,-0.0540540540541,170,12,172,978,0.497076023392,0.987878787879,0.0121212121212,0.502923976608,0.934065934066,0.497076023392,0.648854961832,0.616804180431,0.484954811271,0.480225988701,26,186,0,0,0,0
872,WLNM_dir_neg,0.338608509654,0.317404214186,00:00:07,10,20,47,1234860782,threshold_sweep,0.8,0.55,0.0591397849462,0.106796116505,11,9,175,363,0.0591397849462,0.975806451613,0.0241935483871,0.940860215054,0.55,0.0591397849462,0.106796116505,0.670250896057,0.654719235364,0.0449826989619,0.0886180560117,0.0349462365591,342,156,186,0,342,0,156,0,186,37,342,0.256756756757,1.72528881811,18.4864864865,15.5454545455,9.77142857143,5.36771015539,0.290358590277,0.142642642643,9.50849154237,1.02869645341,0.544491860281,8.05331334643,0.871264894205,0.461830251304,0.640599570326,0.371299902718,2,1.72528881811,0.640599570326,2,0.344071394247,0.376569037657,810,0.104247104247,0.56957682835,37,37,37,1,0,0.405405405405,0.540540540541,0.0540540540541,37,0.117117117117,2.21261261261,8.43243243243,7.09090909091,4.45714285714,5.04722443274,0.598549051319,0.327616077616,6.00525295579,1.42432281644,0.680873180873,3.83793300225,0.910278981302,0.463617463617,1.39215458577,0.629190386892,5.2,2.21261261261,1.39215458577,5.2,0,0,0,0,0.161113233172,37,37,37,1,0,0.405405405405,0.540540540541,0.0540540540541,37,176,0.132132132132,2.4196145907,9.51351351351,8,4.75675675676,4.7412001623,0.498364789787,0.266584766585,6.01112582081,1.26370258733,0.642506142506,3.52298331126,0.74062717339,0.394348894349,1.52027478075,0.628312784436,4.50695660665,2.4196145907,1.52027478075,4.50695660665,0.187222645427,0.0404530744337,25,0.0032175032175,0.17815732361,37,37,37,1,0,0.405405405405,0.594594594595,0,-166,-0.124624624625,0.694325772588,-8.97297297297,-7.54545454545,-5.01467181467,-0.626509993095,0.20800619951,0.123942123942,-3.49736572156,0.235006133915,0.0980142822248,-4.53033003517,-0.130637720815,-0.067481356955,0.879675210419,0.257012881718,2.50695660665,0.694325772588,0.879675210419,2.50695660665,-0.15684874882,-0.336115963223,-785,-0.10102960103,-0.39141950474,0,0.0540540540541,-0.0540540540541,167,9,175,981,0.488304093567,0.990909090909,0.00909090909091,0.511695906433,0.948863636364,0.488304093567,0.644787644788,0.618193105996,0.479213184476,0.475783475783,20,186,0,0,0,0
873,WLNM_dir_neg,0.338608509654,0.317404214186,00:00:07,10,20,47,1234860782,threshold_sweep,0.9,0.666666666667,0.0537634408602,0.0995024875622,10,5,176,367,0.0537634408602,0.986559139785,0.0134408602151,0.94623655914,0.666666666667,0.0537634408602,0.0995024875622,0.675627240143,0.65770609319,0.0523560209424,0.117525123681,0.0403225806452,342,156,186,0,342,0,156,0,186,37,342,0.256756756757,1.72528881811,18.4864864865,15.5454545455,9.77142857143,5.36771015539,0.290358590277,0.142642642643,9.50849154237,1.02869645341,0.544491860281,8.05331334643,0.871264894205,0.461830251304,0.640599570326,0.371299902718,2,1.72528881811,0.640599570326,2,0.344071394247,0.376569037657,810,0.104247104247,0.56957682835,37,37,37,1,0,0.405405405405,0.540540540541,0.0540540540541,37,0.117117117117,2.21261261261,8.43243243243,7.09090909091,4.45714285714,5.04722443274,0.598549051319,0.327616077616,6.00525295579,1.42432281644,0.680873180873,3.83793300225,0.910278981302,0.463617463617,1.39215458577,0.629190386892,5.2,2.21261261261,1.39215458577,5.2,0,0,0,0,0.161113233172,37,37,37,1,0,0.405405405405,0.540540540541,0.0540540540541,37,171,0.128378378378,2.38145263952,9.24324324324,7.77272727273,4.62162162162,4.80974361413,0.520352379306,0.280069543227,5.99699624512,1.29759567877,0.651177493283,3.5695576395,0.772360424922,0.405247352616,1.47135794975,0.617840525286,4.51372881602,2.38145263952,1.47135794975,4.51372881602,0.127097055038,0.026770775237,16,0.0020592020592,0.172611735236,37,37,37,1,0,0.405405405405,0.594594594595,0,-171,-0.128378378378,0.656163821408,-9.24324324324,-7.77272727273,-5.14980694981,-0.557966541266,0.229993789029,0.137426900585,-3.51149529726,0.268899225353,0.106685633001,-4.48375570693,-0.0989044692829,-0.0565828986882,0.830758379421,0.246540622568,2.51372881602,0.656163821408,0.830758379421,2.51372881602,-0.216974339209,-0.34979826242,-794,-0.102187902188,-0.396965093114,0,0.0540540540541,-0.0540540540541,166,5,176,985,0.485380116959,0.994949494949,0.00505050505051,0.514619883041,0.970760233918,0.485380116959,0.647173489279,0.627271919924,0.480329611909,0.478386167147,15,186,0,0,0,0
874,WLNM_dir_neg,0.622080587351,0.510902240465,00:00:07,10,20,48,1234860783,threshold_sweep,0.1,0.818181818182,0.290322580645,0.428571428571,54,12,132,360,0.290322580645,0.967741935484,0.0322580645161,0.709677419355,0.818181818182,0.290322580645,0.428571428571,0.741935483871,0.627240143369,0.307692307692,0.376705287478,0.258064516129,342,156,186,0,342,0,156,0,186,37,342,0.256756756757,1.72528881811,18.4864864865,15.5454545455,9.77142857143,5.36771015539,0.290358590277,0.142642642643,9.50849154237,1.02869645341,0.544491860281,8.05331334643,0.871264894205,0.461830251304,0.640599570326,0.371299902718,2,1.72528881811,0.640599570326,2,0.344071394247,0.376569037657,810,0.104247104247,0.56957682835,37,37,37,1,0,0.405405405405,0.540540540541,0.0540540540541,37,0.117117117117,2.22747747748,8.43243243243,7.09090909091,4.45714285714,5.03620525429,0.597242289772,0.326923076923,6.00525295579,1.42432281644,0.680873180873,3.83793300225,0.910278981302,0.463617463617,1.42084529335,0.637871901162,5.2,2.22747747748,1.42084529335,5.2,0,0,0,0,0.160752482811,37,37,37,1,0,0.405405405405,0.540540540541,0.0540540540541,37,222,0.166666666667,2.59700241492,12,9.25,6,5.78311719097,0.48192643258,0.244825906988,7.54983443527,1.25830573921,0.630387143901,4.22295315311,0.703825525518,0.377160944729,1.37249226846,0.528490948093,4.0093225552,2.59700241492,1.37249226846,4.0093225552,0.249552180171,0.185303514377,174,0.0223938223938,0.199186810574,37,37,37,1,0,0.351351351351,0.648648648649,0,-120,-0.0900900900901,0.871713596803,-6.48648648649,-6.29545454545,-3.77142857143,0.415407035573,0.191567842303,0.102183264345,-1.9586571071,0.229609285797,0.0858952836193,-3.83036019333,-0.167439368687,-0.0846693065754,0.731892698133,0.157191045375,2.0093225552,0.871713596803,0.731892698133,2.0093225552,-0.094519214076,-0.19126552328,-636,-0.0818532818533,-0.370390017776,-0.0540540540541,0.108108108108,-0.0540540540541,210,12,132,978,0.614035087719,0.987878787879,0.0121212121212,0.385964912281,0.945945945946,0.614035087719,0.744680851064,0.705548753143,0.601913875598,0.593220338983,66,186,0,0,0,0
875,WLNM_dir_neg,0.622080587351,0.510902240465,00:00:07,10,20,48,1234860783,threshold_sweep,0.2,0.827586206897,0.258064516129,0.393442622951,48,10,138,362,0.258064516129,0.97311827957,0.0268817204301,0.741935483871,0.827586206897,0.258064516129,0.393442622951,0.73476702509,0.63201911589,0.279220779221,0.357095563371,0.231182795699,342,156,186,0,342,0,156,0,186,37,342,0.256756756757,1.72528881811,18.4864864865,15.5454545455,9.77142857143,5.36771015539,0.290358590277,0.142642642643,9.50849154237,1.02869645341,0.544491860281,8.05331334643,0.871264894205,0.461830251304,0.640599570326,0.371299902718,2,1.72528881811,0.640599570326,2,0.344071394247,0.376569037657,810,0.104247104247,0.56957682835,37,37,37,1,0,0.405405405405,0.540540540541,0.0540540540541,37,0.117117117117,2.22747747748,8.43243243243,7.09090909091,4.45714285714,5.03620525429,0.597242289772,0.326923076923,6.00525295579,1.42432281644,0.680873180873,3.83793300225,0.910278981302,0.463617463617,1.42084529335,0.637871901162,5.2,2.22747747748,1.42084529335,5.2,0,0,0,0,0.160752482811,37,37,37,1,0,0.405405405405,0.540540540541,0.0540540540541,37,214,0.160660660661,2.17772500069,11.5675675676,9.72727272727,5.78378378378,5.7616574609,0.498087210405,0.257135640313,7.57237352756,1.30924215196,0.649406415762,4.37883251269,0.757087864343,0.401363980803,1.19223457753,0.547467920491,3.36429945766,2.17772500069,1.19223457753,3.36429945766,0.257951805536,0.164459161148,149,0.0191763191763,0.229172173862,37,37,37,1,0,0.405405405405,0.594594594595,0,-128,-0.0960960960961,0.452436182578,-6.91891891892,-5.81818181818,-3.98764478764,0.393947305503,0.207728620127,0.114492997671,-1.93611801482,0.280545698546,0.10491455548,-3.67448083375,-0.114177029862,-0.0604662705007,0.551635007205,0.176168017773,1.36429945766,0.452436182578,0.551635007205,1.36429945766,-0.0861195887118,-0.212109876509,-661,-0.0850707850708,-0.340404654487,0,0.0540540540541,-0.0540540540541,204,10,138,980,0.59649122807,0.989898989899,0.010101010101,0.40350877193,0.953271028037,0.59649122807,0.73381294964,0.69757286533,0.586390217969,0.579545454545,58,186,0,0,0,0
876,WLNM_dir_neg,0.622080587351,0.510902240465,00:00:07,10,20,48,1234860783,threshold_sweep,0.3,0.833333333333,0.241935483871,0.375,45,9,141,363,0.241935483871,0.975806451613,0.0241935483871,0.758064516129,0.833333333333,0.241935483871,0.375,0.731182795699,0.634408602151,0.264705882353,0.347182537415,0.217741935484,342,156,186,0,342,0,156,0,186,37,342,0.256756756757,1.72528881811,18.4864864865,15.5454545455,9.77142857143,5.36771015539,0.290358590277,0.142642642643,9.50849154237,1.02869645341,0.544491860281,8.05331334643,0.871264894205,0.461830251304,0.640599570326,0.371299902718,2,1.72528881811,0.640599570326,2,0.344071394247,0.376569037657,810,0.104247104247,0.56957682835,37,37,37,1,0,0.405405405405,0.540540540541,0.0540540540541,37,0.117117117117,2.22747747748,8.43243243243,7.09090909091,4.45714285714,5.03620525429,0.597242289772,0.326923076923,6.00525295579,1.42432281644,0.680873180873,3.83793300225,0.910278981302,0.463617463617,1.42084529335,0.637871901162,5.2,2.22747747748,1.42084529335,5.2,0,0,0,0,0.160752482811,37,37,37,1,0,0.405405405405,0.540540540541,0.0540540540541,37,210,0.157657657658,2.21962214081,11.3513513514,9.54545454545,5.67567567568,5.86996221934,0.517115719323,0.270785070785,7.52792598726,1.32634886442,0.654054054054,4.40992601383,0.776986964341,0.410296010296,1.24720932633,0.561901642353,3.40127930431,2.21962214081,1.24720932633,3.40127930431,0.258080505664,0.161111111111,145,0.0186615186615,0.225354617455,37,37,37,1,0,0.405405405405,0.594594594595,0,-132,-0.0990990990991,0.494333322698,-7.13513513514,-6,-4.09575289575,0.502252063945,0.226757129046,0.128142428142,-1.98056555511,0.297652411007,0.109562193773,-3.64338733261,-0.0942779298635,-0.0515342410079,0.606609756,0.190601739636,1.40127930431,0.494333322698,0.606609756,1.40127930431,-0.0859908885831,-0.215457926546,-665,-0.0855855855856,-0.344222210895,0,0.0540540540541,-0.0540540540541,201,9,141,981,0.587719298246,0.990909090909,0.00909090909091,0.412280701754,0.957142857143,0.587719298246,0.728260869565,0.693624319998,0.578628389155,0.57264957265,54,186,0,0,0,0
877,WLNM_dir_neg,0.622080587351,0.510902240465,00:00:07,10,20,48,1234860783,threshold_sweep,0.4,0.794871794872,0.166666666667,0.275555555556,31,8,155,364,0.166666666667,0.978494623656,0.0215053763441,0.833333333333,0.794871794872,0.166666666667,0.275555555556,0.707885304659,0.643369175627,0.180904522613,0.268387805663,0.145161290323,342,156,186,0,342,0,156,0,186,37,342,0.256756756757,1.72528881811,18.4864864865,15.5454545455,9.77142857143,5.36771015539,0.290358590277,0.142642642643,9.50849154237,1.02869645341,0.544491860281,8.05331334643,0.871264894205,0.461830251304,0.640599570326,0.371299902718,2,1.72528881811,0.640599570326,2,0.344071394247,0.376569037657,810,0.104247104247,0.56957682835,37,37,37,1,0,0.405405405405,0.540540540541,0.0540540540541,37,0.117117117117,2.22747747748,8.43243243243,7.09090909091,4.45714285714,5.03620525429,0.597242289772,0.326923076923,6.00525295579,1.42432281644,0.680873180873,3.83793300225,0.910278981302,0.463617463617,1.42084529335,0.637871901162,5.2,2.22747747748,1.42084529335,5.2,0,0,0,0,0.160752482811,37,37,37,1,0,0.405405405405,0.540540540541,0.0540540540541,37,195,0.146396396396,2.15473664664,10.5405405405,8.86363636364,5.27027027027,5.42931648345,0.515088999712,0.266389466389,6.97873217015,1.32416969382,0.652529452529,3.94861894738,0.749225133605,0.396396396396,1.20936995924,0.561261145824,4.04412944701,2.15473664664,1.20936995924,4.04412944701,0.223007170066,0.127217654695,98,0.0126126126126,0.19991607107,37,37,37,1,0,0.405405405405,0.594594594595,0,-147,-0.11036036036,0.429447828521,-7.94594594595,-6.68181818182,-4.50115830116,0.0616063280581,0.224730409435,0.123746823747,-2.52975937222,0.295473240409,0.108037592248,-4.10469439906,-0.1220397606,-0.0654338549075,0.568770388913,0.189961243106,2.04412944701,0.429447828521,0.568770388913,2.04412944701,-0.121064224181,-0.249351382962,-712,-0.0916344916345,-0.36966075728,0,0.0540540540541,-0.0540540540541,187,8,155,982,0.546783625731,0.991919191919,0.00808080808081,0.453216374269,0.958974358974,0.546783625731,0.696461824953,0.66570582854,0.53870281765,0.534285714286,39,186,0,0,0,0
878,WLNM_dir_neg,0.622080587351,0.510902240465,00:00:07,10,20,48,1234860783,threshold_sweep,0.5,0.764705882353,0.139784946237,0.236363636364,26,8,160,364,0.139784946237,0.978494623656,0.0215053763441,0.860215053763,0.764705882353,0.139784946237,0.236363636364,0.698924731183,0.646356033453,0.148648648649,0.233094795427,0.118279569892,342,156,186,0,342,0,156,0,186,37,342,0.256756756757,1.72528881811,18.4864864865,15.5454545455,9.77142857143,5.36771015539,0.290358590277,0.142642642643,9.50849154237,1.02869645341,0.544491860281,8.05331334643,0.871264894205,0.461830251304,0.640599570326,0.371299902718,2,1.72528881811,0.640599570326,2,0.344071394247,0.376569037657,810,0.104247104247,0.56957682835,37,37,37,1,0,0.405405405405,0.540540540541,0.0540540540541,37,0.117117117117,2.22747747748,8.43243243243,7.09090909091,4.45714285714,5.03620525429,0.597242289772,0.326923076923,6.00525295579,1.42432281644,0.680873180873,3.83793300225,0.910278981302,0.463617463617,1.42084529335,0.637871901162,5.2,2.22747747748,1.42084529335,5.2,0,0,0,0,0.160752482811,37,37,37,1,0,0.405405405405,0.540540540541,0.0540540540541,37,190,0.142642642643,2.16411283138,10.2702702703,8.63636363636,5.13513513514,5.39366216884,0.525172369071,0.277524893314,6.84820399068,1.33359761924,0.658321479374,3.98024400538,0.775100148416,0.408250355619,1.22328735808,0.565260433902,4.07036474017,2.16411283138,1.22328735808,4.07036474017,0.19966009966,0.118878005343,89,0.0114543114543,0.191277159699,37,37,37,1,0,0.405405405405,0.594594594595,0,-152,-0.114114114114,0.438824013264,-8.21621621622,-6.90909090909,-4.63629343629,0.0259520134482,0.234813778794,0.134882250672,-2.6602875517,0.304901165822,0.113829619093,-4.07306934106,-0.0961647457893,-0.0535798956852,0.582687787753,0.193960531185,2.07036474017,0.438824013264,0.582687787753,2.07036474017,-0.144411294587,-0.257691032314,-721,-0.0927927927928,-0.378299668651,0,0.0540540540541,-0.0540540540541,182,8,160,982,0.53216374269,0.991919191919,0.00808080808081,0.46783625731,0.957894736842,0.53216374269,0.684210526316,0.654667552178,0.524082934609,0.52,34,186,0,0,0,0
879,WLNM_dir_neg,0.622080587351,0.510902240465,00:00:07,10,20,48,1234860783,threshold_sweep,0.6,0.787878787879,0.139784946237,0.237442922374,26,7,160,365,0.139784946237,0.981182795699,0.0188172043011,0.860215053763,0.787878787879,0.139784946237,0.237442922374,0.700716845878,0.646953405018,0.152284263959,0.241746889208,0.120967741935,342,156,186,0,342,0,156,0,186,37,342,0.256756756757,1.72528881811,18.4864864865,15.5454545455,9.77142857143,5.36771015539,0.290358590277,0.142642642643,9.50849154237,1.02869645341,0.544491860281,8.05331334643,0.871264894205,0.461830251304,0.640599570326,0.371299902718,2,1.72528881811,0.640599570326,2,0.344071394247,0.376569037657,810,0.104247104247,0.56957682835,37,37,37,1,0,0.405405405405,0.540540540541,0.0540540540541,37,0.117117117117,2.22747747748,8.43243243243,7.09090909091,4.45714285714,5.03620525429,0.597242289772,0.326923076923,6.00525295579,1.42432281644,0.680873180873,3.83793300225,0.910278981302,0.463617463617,1.42084529335,0.637871901162,5.2,2.22747747748,1.42084529335,5.2,0,0,0,0,0.160752482811,37,37,37,1,0,0.405405405405,0.540540540541,0.0540540540541,37,189,0.141891891892,2.14478722814,10.2162162162,8.59090909091,5.10810810811,5.44740068052,0.533211177723,0.282425282425,6.86287833923,1.34352644736,0.661804661805,3.99849821658,0.78277478314,0.411268411268,1.20097954362,0.559952767278,4.00547903542,2.14478722814,1.20097954362,4.00547903542,0.208832806201,0.118015198927,88,0.0113256113256,0.190430598852,37,37,37,1,0,0.405405405405,0.594594594595,0,-153,-0.114864864865,0.419498410026,-8.27027027027,-6.95454545455,-4.66332046332,0.0796905251308,0.242852587446,0.139782639783,-2.64561320314,0.314829993948,0.117312801523,-4.05481512985,-0.088490111065,-0.0505618400355,0.560379973295,0.188652864561,2.00547903542,0.419498410026,0.560379973295,2.00547903542,-0.135238588046,-0.25855383873,-722,-0.0929214929215,-0.379146229498,0,0.0540540540541,-0.0540540540541,182,7,160,983,0.53216374269,0.992929292929,0.00707070707071,0.46783625731,0.962962962963,0.53216374269,0.68549905838,0.657374557162,0.525093035619,0.521489971347,33,186,0,0,0,0
880,WLNM_dir_neg,0.622080587351,0.510902240465,00:00:07,10,20,48,1234860783,threshold_sweep,0.7,0.774193548387,0.129032258065,0.221198156682,24,7,162,365,0.129032258065,0.981182795699,0.0188172043011,0.870967741935,0.774193548387,0.129032258065,0.221198156682,0.697132616487,0.648148148148,0.13921901528,0.226820709382,0.110215053763,342,156,186,0,342,0,156,0,186,37,342,0.256756756757,1.72528881811,18.4864864865,15.5454545455,9.77142857143,5.36771015539,0.290358590277,0.142642642643,9.50849154237,1.02869645341,0.544491860281,8.05331334643,0.871264894205,0.461830251304,0.640599570326,0.371299902718,2,1.72528881811,0.640599570326,2,0.344071394247,0.376569037657,810,0.104247104247,0.56957682835,37,37,37,1,0,0.405405405405,0.540540540541,0.0540540540541,37,0.117117117117,2.22747747748,8.43243243243,7.09090909091,4.45714285714,5.03620525429,0.597242289772,0.326923076923,6.00525295579,1.42432281644,0.680873180873,3.83793300225,0.910278981302,0.463617463617,1.42084529335,0.637871901162,5.2,2.22747747748,1.42084529335,5.2,0,0,0,0,0.160752482811,37,37,37,1,0,0.405405405405,0.540540540541,0.0540540540541,37,187,0.14039039039,2.21990812699,10.1081081081,8.5,5.05405405405,5.50143306474,0.544259420843,0.288770053476,6.87970423277,1.36122490167,0.666570313629,4.03420063641,0.798210821107,0.41653418124,1.34803063254,0.607246136068,4.69911951403,2.21990812699,1.34803063254,4.69911951403,0.206074884635,0.116742081448,86,0.0110682110682,0.188271622878,37,37,37,1,0,0.405405405405,0.594594594595,0,-155,-0.116366366366,0.494619308871,-8.37837837838,-7.04545454545,-4.71737451737,0.133722909342,0.253900830566,0.146127410833,-2.62878730961,0.332528448255,0.122078453348,-4.01911271003,-0.0730540730979,-0.0452960700639,0.707431062211,0.23594623335,2.69911951403,0.494619308871,0.707431062211,2.69911951403,-0.137996509612,-0.259826956209,-724,-0.0931788931789,-0.381305205472,0,0.0540540540541,-0.0540540540541,180,7,162,983,0.526315789474,0.992929292929,0.00707070707071,0.473684210526,0.96256684492,0.526315789474,0.680529300567,0.65294935302,0.519245082403,0.515759312321,31,186,0,0,0,0
881,WLNM_dir_neg,0.622080587351,0.510902240465,00:00:07,10,20,48,1234860783,threshold_sweep,0.8,0.666666666667,0.0537634408602,0.0995024875622,10,5,176,367,0.0537634408602,0.986559139785,0.0134408602151,0.94623655914,0.666666666667,0.0537634408602,0.0995024875622,0.675627240143,0.65770609319,0.0523560209424,0.117525123681,0.0403225806452,342,156,186,0,342,0,156,0,186,37,342,0.256756756757,1.72528881811,18.4864864865,15.5454545455,9.77142857143,5.36771015539,0.290358590277,0.142642642643,9.50849154237,1.02869645341,0.544491860281,8.05331334643,0.871264894205,0.461830251304,0.640599570326,0.371299902718,2,1.72528881811,0.640599570326,2,0.344071394247,0.376569037657,810,0.104247104247,0.56957682835,37,37,37,1,0,0.405405405405,0.540540540541,0.0540540540541,37,0.117117117117,2.22747747748,8.43243243243,7.09090909091,4.45714285714,5.03620525429,0.597242289772,0.326923076923,6.00525295579,1.42432281644,0.680873180873,3.83793300225,0.910278981302,0.463617463617,1.42084529335,0.637871901162,5.2,2.22747747748,1.42084529335,5.2,0,0,0,0,0.160752482811,37,37,37,1,0,0.405405405405,0.540540540541,0.0540540540541,37,171,0.128378378378,2.22909161801,9.24324324324,7.77272727273,4.62162162162,4.79817908404,0.519101245934,0.28307254623,6.10715132425,1.32143040349,0.655919076972,3.60825713046,0.780733998989,0.409988936305,1.34978592811,0.605531830639,4.55402298851,2.22909161801,1.34978592811,4.55402298851,0.157690140585,0.0264171711613,16,0.0020592020592,0.170075997827,37,37,37,1,0,0.405405405405,0.594594594595,0,-171,-0.128378378378,0.503802799893,-9.24324324324,-7.77272727273,-5.14980694981,-0.569531071353,0.228742655657,0.140429903588,-3.40134021812,0.292733950078,0.11142721669,-4.44505621597,-0.0905308952163,-0.0518413149992,0.709186357787,0.234231927921,2.55402298851,0.503802799893,0.709186357787,2.55402298851,-0.186381253663,-0.350151866496,-794,-0.102187902188,-0.399500830523,0,0.0540540540541,-0.0540540540541,166,5,176,985,0.485380116959,0.994949494949,0.00505050505051,0.514619883041,0.970760233918,0.485380116959,0.647173489279,0.627271919924,0.480329611909,0.478386167147,15,186,0,0,0,0
882,WLNM_dir_neg,0.622080587351,0.510902240465,00:00:07,10,20,48,1234860783,threshold_sweep,0.9,0.642857142857,0.0483870967742,0.09,9,5,177,367,0.0483870967742,0.986559139785,0.0134408602151,0.951612903226,0.642857142857,0.0483870967742,0.09,0.673835125448,0.658303464755,0.0454545454545,0.105333105077,0.0349462365591,342,156,186,0,342,0,156,0,186,37,342,0.256756756757,1.72528881811,18.4864864865,15.5454545455,9.77142857143,5.36771015539,0.290358590277,0.142642642643,9.50849154237,1.02869645341,0.544491860281,8.05331334643,0.871264894205,0.461830251304,0.640599570326,0.371299902718,2,1.72528881811,0.640599570326,2,0.344071394247,0.376569037657,810,0.104247104247,0.56957682835,37,37,37,1,0,0.405405405405,0.540540540541,0.0540540540541,37,0.117117117117,2.22747747748,8.43243243243,7.09090909091,4.45714285714,5.03620525429,0.597242289772,0.326923076923,6.00525295579,1.42432281644,0.680873180873,3.83793300225,0.910278981302,0.463617463617,1.42084529335,0.637871901162,5.2,2.22747747748,1.42084529335,5.2,0,0,0,0,0.160752482811,37,37,37,1,0,0.405405405405,0.540540540541,0.0540540540541,37,170,0.127627627628,2.22656977008,9.18918918919,7.72727272727,4.59459459459,4.81224039899,0.523684984596,0.285214626391,6.08029357597,1.32335801359,0.656915739269,3.62444983917,0.788850847348,0.41240063593,1.34642275918,0.604707194571,4.55402298851,2.22656977008,1.34642275918,4.55402298851,0.149933032828,0.023307436182,14,0.0018018018018,0.169810848043,37,37,37,1,0,0.405405405405,0.594594594595,0,-172,-0.129129129129,0.501280951965,-9.2972972973,-7.81818181818,-5.17683397683,-0.555469756405,0.233326394319,0.142571983748,-3.42819796641,0.294661560178,0.112423878987,-4.42886350727,-0.0824140468568,-0.0494296153739,0.705823188855,0.233407291853,2.55402298851,0.501280951965,0.705823188855,2.55402298851,-0.19413836142,-0.353261601475,-796,-0.102445302445,-0.399765980307,0,0.0540540540541,-0.0540540540541,165,5,177,985,0.482456140351,0.994949494949,0.00505050505051,0.517543859649,0.970588235294,0.482456140351,0.64453125,0.625015325883,0.4774056353,0.475504322767,14,186,0,0,0,0
883,WLNM_dir_neg,0.412771707712,0.321414677409,00:00:07,10,20,49,1234860784,threshold_sweep,0.1,0.461538461538,0.0967741935484,0.16,18,21,168,351,0.0967741935484,0.943548387097,0.0564516129032,0.903225806452,0.461538461538,0.0967741935484,0.16,0.661290322581,0.643369175627,0.0502512562814,0.0745521682397,0.0403225806452,342,156,186,0,342,0,156,0,186,37,342,0.256756756757,1.72528881811,18.4864864865,15.5454545455,9.77142857143,5.36771015539,0.290358590277,0.142642642643,9.50849154237,1.02869645341,0.544491860281,8.05331334643,0.871264894205,0.461830251304,0.640599570326,0.371299902718,2,1.72528881811,0.640599570326,2,0.344071394247,0.376569037657,810,0.104247104247,0.56957682835,37,37,37,1,0,0.405405405405,0.540540540541,0.0540540540541,37,0.117117117117,2.18635635636,8.43243243243,7.09090909091,4.45714285714,5.03620525429,0.597242289772,0.326923076923,6.00062559301,1.42322530091,0.680526680527,3.83793300225,0.910278981302,0.463617463617,1.32204914232,0.604681454823,4.3462962963,2.18635635636,1.32204914232,4.3462962963,0,0,0,0,0.160896782956,37,37,37,1,0,0.405405405405,0.540540540541,0.0540540540541,37,195,0.146396396396,6.74437081478,10.5405405405,6.72413793103,5.27027027027,5.05851644147,0.47991053419,0.260984060984,5.89561347599,1.11865486467,0.582397782398,3.54846327184,0.673298159272,0.359805959806,3.41611045136,0.50651284533,9.45927450785,6.74437081478,3.41611045136,9.45927450785,0.118460673105,0.066852367688,48,0.00617760617761,0.181522744738,37,37,37,1,0,0.216216216216,0.783783783784,0,-147,-0.11036036036,5.01908199666,-7.94594594595,-8.82131661442,-4.50115830116,-0.309193713927,0.189551943913,0.118341418341,-3.61287806639,0.08995841126,0.0379059221164,-4.5048500746,-0.197966734933,-0.102024291498,2.77551088103,0.135212942613,7.45927450785,5.01908199666,2.77551088103,7.45927450785,-0.225610721143,-0.309716669969,-762,-0.0980694980695,-0.388054083612,-0.189189189189,0.243243243243,-0.0540540540541,174,21,168,969,0.508771929825,0.978787878788,0.0212121212121,0.491228070175,0.892307692308,0.508771929825,0.648044692737,0.602505492306,0.487559808612,0.479338842975,39,186,0,0,0,0
884,WLNM_dir_neg,0.412771707712,0.321414677409,00:00:07,10,20,49,1234860784,threshold_sweep,0.2,0.62962962963,0.0913978494624,0.159624413146,17,10,169,362,0.0913978494624,0.97311827957,0.0268817204301,0.908602150538,0.62962962963,0.0913978494624,0.159624413146,0.679211469534,0.650537634409,0.0820512820513,0.141731734254,0.0645161290323,342,156,186,0,342,0,156,0,186,37,342,0.256756756757,1.72528881811,18.4864864865,15.5454545455,9.77142857143,5.36771015539,0.290358590277,0.142642642643,9.50849154237,1.02869645341,0.544491860281,8.05331334643,0.871264894205,0.461830251304,0.640599570326,0.371299902718,2,1.72528881811,0.640599570326,2,0.344071394247,0.376569037657,810,0.104247104247,0.56957682835,37,37,37,1,0,0.405405405405,0.540540540541,0.0540540540541,37,0.117117117117,2.18635635636,8.43243243243,7.09090909091,4.45714285714,5.03620525429,0.597242289772,0.326923076923,6.00062559301,1.42322530091,0.680526680527,3.83793300225,0.910278981302,0.463617463617,1.32204914232,0.604681454823,4.3462962963,2.18635635636,1.32204914232,4.3462962963,0,0,0,0,0.160896782956,37,37,37,1,0,0.405405405405,0.540540540541,0.0540540540541,37,183,0.137387387387,2.3737691759,9.89189189189,8.31818181818,4.94594594595,4.75385097569,0.480580563117,0.261408949934,6.01824054182,1.2168027325,0.626790725151,3.4152106324,0.690507067753,0.370993944764,1.49326702066,0.629070019031,4.22346404169,2.3737691759,1.49326702066,4.22346404169,0.0946319933936,0.037037037037,24,0.0030888030888,0.185526979033,37,37,37,1,0,0.405405405405,0.594594594595,0,-159,-0.119369369369,0.648480357787,-8.59459459459,-7.22727272727,-4.82548262548,-0.6138591797,0.190221972839,0.118766307291,-3.49025100055,0.188106279085,0.08229886487,-4.63810271403,-0.180757826452,-0.0908363065395,0.852667450334,0.257770116314,2.22346404169,0.648480357787,0.852667450334,2.22346404169,-0.249439400854,-0.33953200062,-786,-0.101158301158,-0.384049849316,0,0.0540540540541,-0.0540540540541,173,10,169,980,0.505847953216,0.989898989899,0.010101010101,0.494152046784,0.945355191257,0.505847953216,0.659047619048,0.629078925109,0.495746943115,0.491477272727,27,186,0,0,0,0
885,WLNM_dir_neg,0.412771707712,0.321414677409,00:00:07,10,20,49,1234860784,threshold_sweep,0.3,0.64,0.0860215053763,0.151658767773,16,9,170,363,0.0860215053763,0.975806451613,0.0241935483871,0.913978494624,0.64,0.0860215053763,0.151658767773,0.679211469534,0.651732377539,0.0789022298456,0.140889695121,0.0618279569892,342,156,186,0,342,0,156,0,186,37,342,0.256756756757,1.72528881811,18.4864864865,15.5454545455,9.77142857143,5.36771015539,0.290358590277,0.142642642643,9.50849154237,1.02869645341,0.544491860281,8.05331334643,0.871264894205,0.461830251304,0.640599570326,0.371299902718,2,1.72528881811,0.640599570326,2,0.344071394247,0.376569037657,810,0.104247104247,0.56957682835,37,37,37,1,0,0.405405405405,0.540540540541,0.0540540540541,37,0.117117117117,2.18635635636,8.43243243243,7.09090909091,4.45714285714,5.03620525429,0.597242289772,0.326923076923,6.00062559301,1.42322530091,0.680526680527,3.83793300225,0.910278981302,0.463617463617,1.32204914232,0.604681454823,4.3462962963,2.18635635636,1.32204914232,4.3462962963,0,0,0,0,0.160896782956,37,37,37,1,0,0.405405405405,0.540540540541,0.0540540540541,37,181,0.135885885886,2.38584262873,9.78378378378,8.22727272727,4.89189189189,4.6793585454,0.478276978397,0.260415111244,6.00362753205,1.22726087672,0.629535612961,3.42201844095,0.699528631576,0.374197401822,1.51212543569,0.633790937207,4.33513138657,2.38584262873,1.51212543569,4.33513138657,0.0822365675307,0.0328810020877,21,0.0027027027027,0.182382702675,37,37,37,1,0,0.405405405405,0.594594594595,0,-161,-0.120870870871,0.660553810613,-8.7027027027,-7.31818181818,-4.87953667954,-0.688351609995,0.18791838812,0.117772468601,-3.50486401033,0.198564423302,0.0850437526797,-4.63129490548,-0.171736262629,-0.0876328494822,0.871525865365,0.26249103449,2.33513138657,0.660553810613,0.871525865365,2.33513138657,-0.261834826717,-0.343688035569,-789,-0.101544401544,-0.387194125675,0,0.0540540540541,-0.0540540540541,172,9,170,981,0.502923976608,0.990909090909,0.00909090909091,0.497076023392,0.950276243094,0.502923976608,0.657743785851,0.629555276739,0.493833067517,0.490028490028,25,186,0,0,0,0
886,WLNM_dir_neg,0.412771707712,0.321414677409,00:00:07,10,20,49,1234860784,threshold_sweep,0.4,0.608695652174,0.0752688172043,0.133971291866,14,9,172,363,0.0752688172043,0.975806451613,0.0241935483871,0.924731182796,0.608695652174,0.0752688172043,0.133971291866,0.675627240143,0.652927120669,0.065404475043,0.121114961121,0.0510752688172,342,156,186,0,342,0,156,0,186,37,342,0.256756756757,1.72528881811,18.4864864865,15.5454545455,9.77142857143,5.36771015539,0.290358590277,0.142642642643,9.50849154237,1.02869645341,0.544491860281,8.05331334643,0.871264894205,0.461830251304,0.640599570326,0.371299902718,2,1.72528881811,0.640599570326,2,0.344071394247,0.376569037657,810,0.104247104247,0.56957682835,37,37,37,1,0,0.405405405405,0.540540540541,0.0540540540541,37,0.117117117117,2.18635635636,8.43243243243,7.09090909091,4.45714285714,5.03620525429,0.597242289772,0.326923076923,6.00062559301,1.42322530091,0.680526680527,3.83793300225,0.910278981302,0.463617463617,1.32204914232,0.604681454823,4.3462962963,2.18635635636,1.32204914232,4.3462962963,0,0,0,0,0.160896782956,37,37,37,1,0,0.405405405405,0.540540540541,0.0540540540541,37,179,0.134384384384,2.40900071227,9.67567567568,8.13636363636,4.83783783784,4.67887720419,0.483571107696,0.263173788313,6.01162537419,1.242626474,0.633549750868,3.46019840081,0.71523654095,0.380492224068,1.54822246117,0.642682442262,4.39904719505,2.40900071227,1.54822246117,4.39904719505,0.078322569499,0.0270844397238,17,0.0021879021879,0.181087172808,37,37,37,1,0,0.405405405405,0.594594594595,0,-163,-0.122372372372,0.683711894152,-8.81081081081,-7.40909090909,-4.93359073359,-0.688832951203,0.193212517419,0.120531145671,-3.49686616818,0.21393002058,0.0890578905869,-4.59311494562,-0.156028353255,-0.0813380272363,0.907622890844,0.271382539544,2.39904719505,0.683711894152,0.907622890844,2.39904719505,-0.265748824748,-0.349484597933,-793,-0.102059202059,-0.388489655542,0,0.0540540540541,-0.0540540540541,170,9,172,981,0.497076023392,0.990909090909,0.00909090909091,0.502923976608,0.949720670391,0.497076023392,0.652591170825,0.625023081183,0.487985114301,0.48433048433,23,186,0,0,0,0
887,WLNM_dir_neg,0.412771707712,0.321414677409,00:00:07,10,20,49,1234860784,threshold_sweep,0.5,0.590909090909,0.0698924731183,0.125,13,9,173,363,0.0698924731183,0.975806451613,0.0241935483871,0.930107526882,0.590909090909,0.0698924731183,0.125,0.673835125448,0.653524492234,0.0586206896552,0.110698105478,0.0456989247312,342,156,186,0,342,0,156,0,186,37,342,0.256756756757,1.72528881811,18.4864864865,15.5454545455,9.77142857143,5.36771015539,0.290358590277,0.142642642643,9.50849154237,1.02869645341,0.544491860281,8.05331334643,0.871264894205,0.461830251304,0.640599570326,0.371299902718,2,1.72528881811,0.640599570326,2,0.344071394247,0.376569037657,810,0.104247104247,0.56957682835,37,37,37,1,0,0.405405405405,0.540540540541,0.0540540540541,37,0.117117117117,2.18635635636,8.43243243243,7.09090909091,4.45714285714,5.03620525429,0.597242289772,0.326923076923,6.00062559301,1.42322530091,0.680526680527,3.83793300225,0.910278981302,0.463617463617,1.32204914232,0.604681454823,4.3462962963,2.18635635636,1.32204914232,4.3462962963,0,0,0,0,0.160896782956,37,37,37,1,0,0.405405405405,0.540540540541,0.0540540540541,37,178,0.133633633634,2.43812847839,9.62162162162,8.09090909091,4.81081081081,4.66875757534,0.485236040134,0.264348618281,6.0223557491,1.25183799279,0.636197995749,3.478807569,0.723122921645,0.383237169754,1.60301577073,0.657477973348,4.92349726086,2.43812847839,1.60301577073,4.92349726086,0.0868305118305,0.0257648953301,16,0.0020592020592,0.181217573912,37,37,37,1,0,0.405405405405,0.594594594595,0,-164,-0.123123123123,0.712839660271,-8.86486486486,-7.45454545455,-4.96061776062,-0.698952580053,0.194877449857,0.121705975639,-3.48613579327,0.223141539377,0.0917061354672,-4.57450577744,-0.14814197256,-0.0785930815499,0.962416200404,0.28617807063,2.92349726086,0.712839660271,0.962416200404,2.92349726086,-0.257240882417,-0.350804142327,-794,-0.102187902188,-0.388359254438,0,0.0540540540541,-0.0540540540541,169,9,173,981,0.494152046784,0.990909090909,0.00909090909091,0.505847953216,0.949438202247,0.494152046784,0.65,0.622750702067,0.485061137693,0.481481481481,22,186,0,0,0,0
888,WLNM_dir_neg,0.412771707712,0.321414677409,00:00:07,10,20,49,1234860784,threshold_sweep,0.6,0.590909090909,0.0698924731183,0.125,13,9,173,363,0.0698924731183,0.975806451613,0.0241935483871,0.930107526882,0.590909090909,0.0698924731183,0.125,0.673835125448,0.653524492234,0.0586206896552,0.110698105478,0.0456989247312,342,156,186,0,342,0,156,0,186,37,342,0.256756756757,1.72528881811,18.4864864865,15.5454545455,9.77142857143,5.36771015539,0.290358590277,0.142642642643,9.50849154237,1.02869645341,0.544491860281,8.05331334643,0.871264894205,0.461830251304,0.640599570326,0.371299902718,2,1.72528881811,0.640599570326,2,0.344071394247,0.376569037657,810,0.104247104247,0.56957682835,37,37,37,1,0,0.405405405405,0.540540540541,0.0540540540541,37,0.117117117117,2.18635635636,8.43243243243,7.09090909091,4.45714285714,5.03620525429,0.597242289772,0.326923076923,6.00062559301,1.42322530091,0.680526680527,3.83793300225,0.910278981302,0.463617463617,1.32204914232,0.604681454823,4.3462962963,2.18635635636,1.32204914232,4.3462962963,0,0,0,0,0.160896782956,37,37,37,1,0,0.405405405405,0.540540540541,0.0540540540541,37,178,0.133633633634,2.43812847839,9.62162162162,8.09090909091,4.81081081081,4.66875757534,0.485236040134,0.264348618281,6.0223557491,1.25183799279,0.636197995749,3.478807569,0.723122921645,0.383237169754,1.60301577073,0.657477973348,4.92349726086,2.43812847839,1.60301577073,4.92349726086,0.0868305118305,0.0257648953301,16,0.0020592020592,0.181217573912,37,37,37,1,0,0.405405405405,0.594594594595,0,-164,-0.123123123123,0.712839660271,-8.86486486486,-7.45454545455,-4.96061776062,-0.698952580053,0.194877449857,0.121705975639,-3.48613579327,0.223141539377,0.0917061354672,-4.57450577744,-0.14814197256,-0.0785930815499,0.962416200404,0.28617807063,2.92349726086,0.712839660271,0.962416200404,2.92349726086,-0.257240882417,-0.350804142327,-794,-0.102187902188,-0.388359254438,0,0.0540540540541,-0.0540540540541,169,9,173,981,0.494152046784,0.990909090909,0.00909090909091,0.505847953216,0.949438202247,0.494152046784,0.65,0.622750702067,0.485061137693,0.481481481481,22,186,0,0,0,0
889,WLNM_dir_neg,0.412771707712,0.321414677409,00:00:07,10,20,49,1234860784,threshold_sweep,0.7,0.590909090909,0.0698924731183,0.125,13,9,173,363,0.0698924731183,0.975806451613,0.0241935483871,0.930107526882,0.590909090909,0.0698924731183,0.125,0.673835125448,0.653524492234,0.0586206896552,0.110698105478,0.0456989247312,342,156,186,0,342,0,156,0,186,37,342,0.256756756757,1.72528881811,18.4864864865,15.5454545455,9.77142857143,5.36771015539,0.290358590277,0.142642642643,9.50849154237,1.02869645341,0.544491860281,8.05331334643,0.871264894205,0.461830251304,0.640599570326,0.371299902718,2,1.72528881811,0.640599570326,2,0.344071394247,0.376569037657,810,0.104247104247,0.56957682835,37,37,37,1,0,0.405405405405,0.540540540541,0.0540540540541,37,0.117117117117,2.18635635636,8.43243243243,7.09090909091,4.45714285714,5.03620525429,0.597242289772,0.326923076923,6.00062559301,1.42322530091,0.680526680527,3.83793300225,0.910278981302,0.463617463617,1.32204914232,0.604681454823,4.3462962963,2.18635635636,1.32204914232,4.3462962963,0,0,0,0,0.160896782956,37,37,37,1,0,0.405405405405,0.540540540541,0.0540540540541,37,178,0.133633633634,2.43812847839,9.62162162162,8.09090909091,4.81081081081,4.66875757534,0.485236040134,0.264348618281,6.0223557491,1.25183799279,0.636197995749,3.478807569,0.723122921645,0.383237169754,1.60301577073,0.657477973348,4.92349726086,2.43812847839,1.60301577073,4.92349726086,0.0868305118305,0.0257648953301,16,0.0020592020592,0.181217573912,37,37,37,1,0,0.405405405405,0.594594594595,0,-164,-0.123123123123,0.712839660271,-8.86486486486,-7.45454545455,-4.96061776062,-0.698952580053,0.194877449857,0.121705975639,-3.48613579327,0.223141539377,0.0917061354672,-4.57450577744,-0.14814197256,-0.0785930815499,0.962416200404,0.28617807063,2.92349726086,0.712839660271,0.962416200404,2.92349726086,-0.257240882417,-0.350804142327,-794,-0.102187902188,-0.388359254438,0,0.0540540540541,-0.0540540540541,169,9,173,981,0.494152046784,0.990909090909,0.00909090909091,0.505847953216,0.949438202247,0.494152046784,0.65,0.622750702067,0.485061137693,0.481481481481,22,186,0,0,0,0
890,WLNM_dir_neg,0.412771707712,0.321414677409,00:00:07,10,20,49,1234860784,threshold_sweep,0.8,0.590909090909,0.0698924731183,0.125,13,9,173,363,0.0698924731183,0.975806451613,0.0241935483871,0.930107526882,0.590909090909,0.0698924731183,0.125,0.673835125448,0.653524492234,0.0586206896552,0.110698105478,0.0456989247312,342,156,186,0,342,0,156,0,186,37,342,0.256756756757,1.72528881811,18.4864864865,15.5454545455,9.77142857143,5.36771015539,0.290358590277,0.142642642643,9.50849154237,1.02869645341,0.544491860281,8.05331334643,0.871264894205,0.461830251304,0.640599570326,0.371299902718,2,1.72528881811,0.640599570326,2,0.344071394247,0.376569037657,810,0.104247104247,0.56957682835,37,37,37,1,0,0.405405405405,0.540540540541,0.0540540540541,37,0.117117117117,2.18635635636,8.43243243243,7.09090909091,4.45714285714,5.03620525429,0.597242289772,0.326923076923,6.00062559301,1.42322530091,0.680526680527,3.83793300225,0.910278981302,0.463617463617,1.32204914232,0.604681454823,4.3462962963,2.18635635636,1.32204914232,4.3462962963,0,0,0,0,0.160896782956,37,37,37,1,0,0.405405405405,0.540540540541,0.0540540540541,37,178,0.133633633634,2.43812847839,9.62162162162,8.09090909091,4.81081081081,4.66875757534,0.485236040134,0.264348618281,6.0223557491,1.25183799279,0.636197995749,3.478807569,0.723122921645,0.383237169754,1.60301577073,0.657477973348,4.92349726086,2.43812847839,1.60301577073,4.92349726086,0.0868305118305,0.0257648953301,16,0.0020592020592,0.181217573912,37,37,37,1,0,0.405405405405,0.594594594595,0,-164,-0.123123123123,0.712839660271,-8.86486486486,-7.45454545455,-4.96061776062,-0.698952580053,0.194877449857,0.121705975639,-3.48613579327,0.223141539377,0.0917061354672,-4.57450577744,-0.14814197256,-0.0785930815499,0.962416200404,0.28617807063,2.92349726086,0.712839660271,0.962416200404,2.92349726086,-0.257240882417,-0.350804142327,-794,-0.102187902188,-0.388359254438,0,0.0540540540541,-0.0540540540541,169,9,173,981,0.494152046784,0.990909090909,0.00909090909091,0.505847953216,0.949438202247,0.494152046784,0.65,0.622750702067,0.485061137693,0.481481481481,22,186,0,0,0,0
891,WLNM_dir_neg,0.412771707712,0.321414677409,00:00:07,10,20,49,1234860784,threshold_sweep,0.9,0.526315789474,0.0537634408602,0.0975609756098,10,9,176,363,0.0537634408602,0.975806451613,0.0241935483871,0.94623655914,0.526315789474,0.0537634408602,0.0975609756098,0.668458781362,0.65531660693,0.0381282495667,0.0768610838356,0.0295698924731,342,156,186,0,342,0,156,0,186,37,342,0.256756756757,1.72528881811,18.4864864865,15.5454545455,9.77142857143,5.36771015539,0.290358590277,0.142642642643,9.50849154237,1.02869645341,0.544491860281,8.05331334643,0.871264894205,0.461830251304,0.640599570326,0.371299902718,2,1.72528881811,0.640599570326,2,0.344071394247,0.376569037657,810,0.104247104247,0.56957682835,37,37,37,1,0,0.405405405405,0.540540540541,0.0540540540541,37,0.117117117117,2.18635635636,8.43243243243,7.09090909091,4.45714285714,5.03620525429,0.597242289772,0.326923076923,6.00062559301,1.42322530091,0.680526680527,3.83793300225,0.910278981302,0.463617463617,1.32204914232,0.604681454823,4.3462962963,2.18635635636,1.32204914232,4.3462962963,0,0,0,0,0.160896782956,37,37,37,1,0,0.405405405405,0.540540540541,0.0540540540541,37,175,0.131381381381,2.48009746283,9.45945945946,7.95454545455,4.72972972973,4.83962001834,0.511616973367,0.27861003861,6.04450461461,1.27798097566,0.645250965251,3.5327723505,0.746929011249,0.393204633205,1.62446464119,0.655000323794,4.94830746545,2.48009746283,1.62446464119,4.94830746545,0.0732707982708,0.0211956521739,13,0.0016731016731,0.178046670741,37,37,37,1,0,0.405405405405,0.594594594595,0,-167,-0.125375375375,0.754808644715,-9.02702702703,-7.59090909091,-5.0416988417,-0.528090137053,0.22125838309,0.135967395967,-3.46398692777,0.249284522245,0.10075910497,-4.52054099593,-0.124335882956,-0.0686256180993,0.983865070868,0.283700421076,2.94830746545,0.754808644715,0.983865070868,2.94830746545,-0.270800595977,-0.355373385483,-797,-0.102574002574,-0.391530157608,0,0.0540540540541,-0.0540540540541,166,9,176,981,0.485380116959,0.990909090909,0.00909090909091,0.514619883041,0.948571428571,0.485380116959,0.642166344294,0.615907776482,0.476289207868,0.472934472934,19,186,0,0,0,0
892,WLNM_dir_neg,0.436004162331,0.323491748556,00:00:05,10,20,50,1234860785,threshold_sweep,0.1,0.421052631579,0.0860215053763,0.142857142857,16,22,170,350,0.0860215053763,0.940860215054,0.0591397849462,0.913978494624,0.421052631579,0.0860215053763,0.142857142857,0.655913978495,0.643966547192,0.0335570469799,0.0503027272866,0.0268817204301,342,156,186,0,342,0,156,0,186,37,342,0.256756756757,1.72528881811,18.4864864865,15.5454545455,9.77142857143,5.36771015539,0.290358590277,0.142642642643,9.50849154237,1.02869645341,0.544491860281,8.05331334643,0.871264894205,0.461830251304,0.640599570326,0.371299902718,2,1.72528881811,0.640599570326,2,0.344071394247,0.376569037657,810,0.104247104247,0.56957682835,37,37,37,1,0,0.405405405405,0.540540540541,0.0540540540541,37,0.117117117117,2.18635635636,8.43243243243,7.09090909091,4.45714285714,5.03620525429,0.597242289772,0.326923076923,6.00062559301,1.42322530091,0.680526680527,3.83793300225,0.910278981302,0.463617463617,1.32204914232,0.604681454823,4.3462962963,2.18635635636,1.32204914232,4.3462962963,0,0,0,0,0.160896782956,37,37,37,1,0,0.405405405405,0.540540540541,0.0540540540541,37,194,0.145645645646,10.7693524514,10.4864864865,6.0625,5.24324324324,4.95323475464,0.472344551344,0.252995263305,5.73200277877,1.09321702482,0.564224017832,3.58550635976,0.68383368717,0.368904987462,4.15285250511,0.385617661217,13.5286096612,10.7693524514,4.15285250511,13.5286096612,0.130230916454,0.0783430886988,58,0.00746460746461,0.178741250053,37,37,37,1,0,0.135135135135,0.864864864865,0,-148,-0.111111111111,9.04406363325,-8,-9.48295454545,-4.52818532819,-0.414475400757,0.181985961067,0.110352620662,-3.7764887636,0.0645205714026,0.0197321575509,-4.46780698668,-0.187431207035,-0.0929252638422,3.51225293479,0.0143177584988,11.5286096612,9.04406363325,3.51225293479,11.5286096612,-0.213840477794,-0.298225948958,-752,-0.0967824967825,-0.390835578297,-0.27027027027,0.324324324324,-0.0540540540541,172,22,170,968,0.502923976608,0.977777777778,0.0222222222222,0.497076023392,0.886597938144,0.502923976608,0.641791044776,0.595297915027,0.480701754386,0.472527472527,38,186,0,0,0,0
893,WLNM_dir_neg,0.436004162331,0.323491748556,00:00:05,10,20,50,1234860785,threshold_sweep,0.2,0.454545454545,0.0806451612903,0.13698630137,15,18,171,354,0.0806451612903,0.951612903226,0.0483870967742,0.91935483871,0.454545454545,0.0806451612903,0.13698630137,0.661290322581,0.646953405018,0.0406091370558,0.064465837122,0.0322580645161,342,156,186,0,342,0,156,0,186,37,342,0.256756756757,1.72528881811,18.4864864865,15.5454545455,9.77142857143,5.36771015539,0.290358590277,0.142642642643,9.50849154237,1.02869645341,0.544491860281,8.05331334643,0.871264894205,0.461830251304,0.640599570326,0.371299902718,2,1.72528881811,0.640599570326,2,0.344071394247,0.376569037657,810,0.104247104247,0.56957682835,37,37,37,1,0,0.405405405405,0.540540540541,0.0540540540541,37,0.117117117117,2.18635635636,8.43243243243,7.09090909091,4.45714285714,5.03620525429,0.597242289772,0.326923076923,6.00062559301,1.42322530091,0.680526680527,3.83793300225,0.910278981302,0.463617463617,1.32204914232,0.604681454823,4.3462962963,2.18635635636,1.32204914232,4.3462962963,0,0,0,0,0.160896782956,37,37,37,1,0,0.405405405405,0.540540540541,0.0540540540541,37,189,0.141891891892,10.9671420009,10.2162162162,5.90625,5.25,4.9280102765,0.482371376271,0.262262262262,5.74351703993,1.12439222475,0.573144573145,3.68769563537,0.721929833379,0.388674388674,4.23114053626,0.385801563973,13.6090682501,10.9671420009,4.23114053626,13.6090682501,0.106385797562,0.0561272217025,40,0.00514800514801,0.178421625769,37,37,37,1,0,0.135135135135,0.837837837838,0.027027027027,-153,-0.114864864865,9.24185318277,-8.27027027027,-9.63920454545,-4.52142857143,-0.439699878894,0.192012785994,0.11961961962,-3.76497450244,0.0956957713338,0.0286527128632,-4.36561771107,-0.149335060826,-0.0731558626295,3.59054096593,0.0145016612556,11.6090682501,9.24185318277,3.59054096593,11.6090682501,-0.237685596685,-0.320441815954,-770,-0.0990990990991,-0.391155202581,-0.27027027027,0.297297297297,-0.027027027027,171,18,171,972,0.5,0.981818181818,0.0181818181818,0.5,0.904761904762,0.5,0.64406779661,0.603197895268,0.481818181818,0.475,33,186,0,0,0,0
894,WLNM_dir_neg,0.436004162331,0.323491748556,00:00:05,10,20,50,1234860785,threshold_sweep,0.3,0.41935483871,0.0698924731183,0.119815668203,13,18,173,354,0.0698924731183,0.951612903226,0.0483870967742,0.930107526882,0.41935483871,0.0698924731183,0.119815668203,0.65770609319,0.648148148148,0.0271646859083,0.0442576993916,0.0215053763441,342,156,186,0,342,0,156,0,186,37,342,0.256756756757,1.72528881811,18.4864864865,15.5454545455,9.77142857143,5.36771015539,0.290358590277,0.142642642643,9.50849154237,1.02869645341,0.544491860281,8.05331334643,0.871264894205,0.461830251304,0.640599570326,0.371299902718,2,1.72528881811,0.640599570326,2,0.344071394247,0.376569037657,810,0.104247104247,0.56957682835,37,37,37,1,0,0.405405405405,0.540540540541,0.0540540540541,37,0.117117117117,2.18635635636,8.43243243243,7.09090909091,4.45714285714,5.03620525429,0.597242289772,0.326923076923,6.00062559301,1.42322530091,0.680526680527,3.83793300225,0.910278981302,0.463617463617,1.32204914232,0.604681454823,4.3462962963,2.18635635636,1.32204914232,4.3462962963,0,0,0,0,0.160896782956,37,37,37,1,0,0.405405405405,0.540540540541,0.0540540540541,37,187,0.14039039039,10.6425905939,10.1081081081,5.84375,5.19444444444,5.0595552274,0.500544233727,0.272727272727,5.77324261835,1.1422993416,0.578985402515,3.71891520881,0.73582814292,0.395143806909,4.09458567897,0.384735806836,13.2869382938,10.6425905939,4.09458567897,13.2869382938,0.102639946448,0.053697597739,38,0.0048906048906,0.176516115581,37,37,37,1,0,0.135135135135,0.837837837838,0.027027027027,-155,-0.116366366366,8.91730177579,-8.37837837838,-9.70170454545,-4.57698412698,-0.308154927994,0.21018564345,0.130084630085,-3.73524892402,0.113602888184,0.0344935422335,-4.33439813762,-0.135436751285,-0.0666864443954,3.45398610864,0.0134359041178,11.2869382938,8.91730177579,3.45398610864,11.2869382938,-0.241431447799,-0.322871439918,-772,-0.0993564993565,-0.393060712769,-0.27027027027,0.297297297297,-0.027027027027,169,18,173,972,0.494152046784,0.981818181818,0.0181818181818,0.505847953216,0.903743315508,0.494152046784,0.638941398866,0.598531335885,0.475970228602,0.469444444444,31,186,0,0,0,0
895,WLNM_dir_neg,0.436004162331,0.323491748556,00:00:05,10,20,50,1234860785,threshold_sweep,0.4,0.4,0.0645161290323,0.111111111111,12,18,174,354,0.0645161290323,0.951612903226,0.0483870967742,0.935483870968,0.4,0.0645161290323,0.111111111111,0.655913978495,0.648745519713,0.0204081632653,0.0337099931232,0.0161290322581,342,156,186,0,342,0,156,0,186,37,342,0.256756756757,1.72528881811,18.4864864865,15.5454545455,9.77142857143,5.36771015539,0.290358590277,0.142642642643,9.50849154237,1.02869645341,0.544491860281,8.05331334643,0.871264894205,0.461830251304,0.640599570326,0.371299902718,2,1.72528881811,0.640599570326,2,0.344071394247,0.376569037657,810,0.104247104247,0.56957682835,37,37,37,1,0,0.405405405405,0.540540540541,0.0540540540541,37,0.117117117117,2.18635635636,8.43243243243,7.09090909091,4.45714285714,5.03620525429,0.597242289772,0.326923076923,6.00062559301,1.42322530091,0.680526680527,3.83793300225,0.910278981302,0.463617463617,1.32204914232,0.604681454823,4.3462962963,2.18635635636,1.32204914232,4.3462962963,0,0,0,0,0.160896782956,37,37,37,1,0,0.405405405405,0.540540540541,0.0540540540541,37,186,0.13963963964,10.6379043326,10.0540540541,5.8125,5.16666666667,5.09872503642,0.507131253622,0.276954373729,5.78065012917,1.14991427301,0.58064516129,3.73784315769,0.743549445346,0.398721301947,4.09203069754,0.384665115384,13.2869382938,10.6379043326,4.09203069754,13.2869382938,0.101017647457,0.0511363636364,36,0.0046332046332,0.177920059979,37,37,37,1,0,0.135135135135,0.837837837838,0.027027027027,-156,-0.117117117117,8.91261551449,-8.43243243243,-9.73295454545,-4.60476190476,-0.268985118975,0.216772663345,0.134311731086,-3.7278414132,0.121217819593,0.036153301009,-4.31547018875,-0.127715448858,-0.0631089493568,3.45143112722,0.013365212666,11.2869382938,8.91261551449,3.45143112722,11.2869382938,-0.24305374679,-0.325432674021,-774,-0.0996138996139,-0.391656768371,-0.27027027027,0.297297297297,-0.027027027027,168,18,174,972,0.491228070175,0.981818181818,0.0181818181818,0.508771929825,0.903225806452,0.491228070175,0.636363636364,0.596191081756,0.473046251994,0.466666666667,30,186,0,0,0,0
896,WLNM_dir_neg,0.436004162331,0.323491748556,00:00:05,10,20,50,1234860785,threshold_sweep,0.5,0.413793103448,0.0645161290323,0.111627906977,12,17,174,355,0.0645161290323,0.954301075269,0.0456989247312,0.935483870968,0.413793103448,0.0645161290323,0.111627906977,0.65770609319,0.649342891278,0.0238500851789,0.0399628273921,0.0188172043011,342,156,186,0,342,0,156,0,186,37,342,0.256756756757,1.72528881811,18.4864864865,15.5454545455,9.77142857143,5.36771015539,0.290358590277,0.142642642643,9.50849154237,1.02869645341,0.544491860281,8.05331334643,0.871264894205,0.461830251304,0.640599570326,0.371299902718,2,1.72528881811,0.640599570326,2,0.344071394247,0.376569037657,810,0.104247104247,0.56957682835,37,37,37,1,0,0.405405405405,0.540540540541,0.0540540540541,37,0.117117117117,2.18635635636,8.43243243243,7.09090909091,4.45714285714,5.03620525429,0.597242289772,0.326923076923,6.00062559301,1.42322530091,0.680526680527,3.83793300225,0.910278981302,0.463617463617,1.32204914232,0.604681454823,4.3462962963,2.18635635636,1.32204914232,4.3462962963,0,0,0,0,0.160896782956,37,37,37,1,0,0.405405405405,0.540540540541,0.0540540540541,37,185,0.138888888889,10.9715832034,10,5.78125,5.13888888889,4.99444135459,0.499444135459,0.273484295106,5.76868943329,1.15373788666,0.581446311176,3.74907395973,0.749814791947,0.401168736304,4.23707227876,0.386186040814,13.6873091101,10.9715832034,4.23707227876,13.6873091101,0.0818012174049,0.0361445783133,25,0.0032175032175,0.177302633051,37,37,37,1,0,0.135135135135,0.837837837838,0.027027027027,-157,-0.117867867868,9.24629438524,-8.48648648649,-9.76420454545,-4.63253968254,-0.373268800803,0.209085545182,0.130841652463,-3.73980210908,0.125041433244,0.0369544508947,-4.3042393867,-0.121450102258,-0.0606615150001,3.59647270843,0.0148861380959,11.6873091101,9.24629438524,3.59647270843,11.6873091101,-0.262270176842,-0.340424459344,-785,-0.10102960103,-0.392274195299,-0.27027027027,0.297297297297,-0.027027027027,168,17,174,973,0.491228070175,0.982828282828,0.0171717171717,0.508771929825,0.908108108108,0.491228070175,0.637571157495,0.598815520659,0.474056353004,0.467966573816,29,186,0,0,0,0
897,WLNM_dir_neg,0.436004162331,0.323491748556,00:00:05,10,20,50,1234860785,threshold_sweep,0.6,0.647058823529,0.0591397849462,0.108374384236,11,6,175,366,0.0591397849462,0.983870967742,0.0161290322581,0.940860215054,0.647058823529,0.0591397849462,0.108374384236,0.675627240143,0.65651135006,0.055652173913,0.117972801188,0.0430107526882,342,156,186,0,342,0,156,0,186,37,342,0.256756756757,1.72528881811,18.4864864865,15.5454545455,9.77142857143,5.36771015539,0.290358590277,0.142642642643,9.50849154237,1.02869645341,0.544491860281,8.05331334643,0.871264894205,0.461830251304,0.640599570326,0.371299902718,2,1.72528881811,0.640599570326,2,0.344071394247,0.376569037657,810,0.104247104247,0.56957682835,37,37,37,1,0,0.405405405405,0.540540540541,0.0540540540541,37,0.117117117117,2.18635635636,8.43243243243,7.09090909091,4.45714285714,5.03620525429,0.597242289772,0.326923076923,6.00062559301,1.42322530091,0.680526680527,3.83793300225,0.910278981302,0.463617463617,1.32204914232,0.604681454823,4.3462962963,2.18635635636,1.32204914232,4.3462962963,0,0,0,0,0.160896782956,37,37,37,1,0,0.405405405405,0.540540540541,0.0540540540541,37,173,0.12987987988,2.45179333179,9.35135135135,7.52173913043,4.80555555556,4.68577170341,0.501079633023,0.267926886424,5.98170383593,1.27932394179,0.644274332136,3.53595856919,0.756245474335,0.401187314482,1.47448195002,0.601389167228,4.40188034188,2.45179333179,1.47448195002,4.40188034188,0.0930489312842,0.0264900662252,16,0.0020592020592,0.159287956225,37,37,37,1,0,0.378378378378,0.594594594595,0.027027027027,-169,-0.126876876877,0.726504513678,-9.13513513514,-8.02371541502,-4.96587301587,-0.681938451986,0.210721042746,0.125284243781,-3.52678770644,0.250627488374,0.0997824718543,-4.51735477725,-0.11501941987,-0.0606429368218,0.833882379698,0.230089264511,2.40188034188,0.726504513678,0.833882379698,2.40188034188,-0.251022462963,-0.350078971432,-794,-0.102187902188,-0.410288872125,-0.027027027027,0.0540540540541,-0.027027027027,167,6,175,984,0.488304093567,0.993939393939,0.00606060606061,0.511695906433,0.965317919075,0.488304093567,0.64854368932,0.62666040086,0.482243487507,0.479885057471,17,186,0,0,0,0
898,WLNM_dir_neg,0.436004162331,0.323491748556,00:00:05,10,20,50,1234860785,threshold_sweep,0.7,0.6875,0.0591397849462,0.108910891089,11,5,175,367,0.0591397849462,0.986559139785,0.0134408602151,0.940860215054,0.6875,0.0591397849462,0.108910891089,0.677419354839,0.657108721625,0.0592334494774,0.129084557087,0.0456989247312,342,156,186,0,342,0,156,0,186,37,342,0.256756756757,1.72528881811,18.4864864865,15.5454545455,9.77142857143,5.36771015539,0.290358590277,0.142642642643,9.50849154237,1.02869645341,0.544491860281,8.05331334643,0.871264894205,0.461830251304,0.640599570326,0.371299902718,2,1.72528881811,0.640599570326,2,0.344071394247,0.376569037657,810,0.104247104247,0.56957682835,37,37,37,1,0,0.405405405405,0.540540540541,0.0540540540541,37,0.117117117117,2.18635635636,8.43243243243,7.09090909091,4.45714285714,5.03620525429,0.597242289772,0.326923076923,6.00062559301,1.42322530091,0.680526680527,3.83793300225,0.910278981302,0.463617463617,1.32204914232,0.604681454823,4.3462962963,2.18635635636,1.32204914232,4.3462962963,0,0,0,0,0.160896782956,37,37,37,1,0,0.405405405405,0.540540540541,0.0540540540541,37,172,0.129129129129,2.451509977,9.2972972973,7.47826086957,4.77777777778,4.73676439534,0.509477565778,0.273255813953,5.9778118266,1.28592463712,0.645820238843,3.56071322612,0.765967380038,0.406348208674,1.47408616076,0.601297230927,4.4004456328,2.451509977,1.47408616076,4.4004456328,0.114670552906,0.0266075388027,16,0.0020592020592,0.159446800455,37,37,37,1,0,0.378378378378,0.594594594595,0.027027027027,-170,-0.127627627628,0.726221158885,-9.18918918919,-8.06719367589,-4.99365079365,-0.630945760056,0.2191189755,0.130613171311,-3.53067971578,0.257228183703,0.101328378562,-4.49260012031,-0.105297514167,-0.0554820426301,0.833486590434,0.229997328209,2.4004456328,0.726221158885,0.833486590434,2.4004456328,-0.229400841342,-0.349961498854,-794,-0.102187902188,-0.410130027895,-0.027027027027,0.0540540540541,-0.027027027027,167,5,175,985,0.488304093567,0.994949494949,0.00505050505051,0.511695906433,0.970930232558,0.488304093567,0.649805447471,0.629524330653,0.483253588517,0.481268011527,16,186,0,0,0,0
899,WLNM_dir_neg,0.436004162331,0.323491748556,00:00:05,10,20,50,1234860785,threshold_sweep,0.8,0.642857142857,0.0483870967742,0.09,9,5,177,367,0.0483870967742,0.986559139785,0.0134408602151,0.951612903226,0.642857142857,0.0483870967742,0.09,0.673835125448,0.658303464755,0.0454545454545,0.105333105077,0.0349462365591,342,156,186,0,342,0,156,0,186,37,342,0.256756756757,1.72528881811,18.4864864865,15.5454545455,9.77142857143,5.36771015539,0.290358590277,0.142642642643,9.50849154237,1.02869645341,0.544491860281,8.05331334643,0.871264894205,0.461830251304,0.640599570326,0.371299902718,2,1.72528881811,0.640599570326,2,0.344071394247,0.376569037657,810,0.104247104247,0.56957682835,37,37,37,1,0,0.405405405405,0.540540540541,0.0540540540541,37,0.117117117117,2.18635635636,8.43243243243,7.09090909091,4.45714285714,5.03620525429,0.597242289772,0.326923076923,6.00062559301,1.42322530091,0.680526680527,3.83793300225,0.910278981302,0.463617463617,1.32204914232,0.604681454823,4.3462962963,2.18635635636,1.32204914232,4.3462962963,0,0,0,0,0.160896782956,37,37,37,1,0,0.405405405405,0.540540540541,0.0540540540541,37,170,0.127627627628,2.45024604436,9.18918918919,7.39130434783,4.72222222222,4.78329174104,0.520534689466,0.281399046105,5.94633154633,1.29420157185,0.647694753577,3.58592510503,0.78046605227,0.411446740859,1.47217022245,0.600825466421,4.4004456328,2.45024604436,1.47217022245,4.4004456328,0.110723748959,0.0219347581552,13,0.0016731016731,0.158077572406,37,37,37,1,0,0.378378378378,0.594594594595,0.027027027027,-172,-0.129129129129,0.724957226249,-9.2972972973,-8.15415019763,-5.04920634921,-0.584418414356,0.230176099189,0.138756403462,-3.56215999605,0.265505118433,0.103202893296,-4.46738824141,-0.0907988419344,-0.0503835104454,0.831570652126,0.229525563704,2.4004456328,0.724957226249,0.831570652126,2.4004456328,-0.233347645288,-0.354634279502,-797,-0.102574002574,-0.411499255944,-0.027027027027,0.0540540540541,-0.027027027027,165,5,177,985,0.482456140351,0.994949494949,0.00505050505051,0.517543859649,0.970588235294,0.482456140351,0.64453125,0.625015325883,0.4774056353,0.475504322767,14,186,0,0,0,0
900,WLNM_dir_neg,0.436004162331,0.323491748556,00:00:05,10,20,50,1234860785,threshold_sweep,0.9,0.583333333333,0.0376344086022,0.0707070707071,7,5,179,367,0.0376344086022,0.986559139785,0.0134408602151,0.962365591398,0.583333333333,0.0376344086022,0.0707070707071,0.670250896057,0.659498207885,0.0315789473684,0.0786213627541,0.0241935483871,342,156,186,0,342,0,156,0,186,37,342,0.256756756757,1.72528881811,18.4864864865,15.5454545455,9.77142857143,5.36771015539,0.290358590277,0.142642642643,9.50849154237,1.02869645341,0.544491860281,8.05331334643,0.871264894205,0.461830251304,0.640599570326,0.371299902718,2,1.72528881811,0.640599570326,2,0.344071394247,0.376569037657,810,0.104247104247,0.56957682835,37,37,37,1,0,0.405405405405,0.540540540541,0.0540540540541,37,0.117117117117,2.18635635636,8.43243243243,7.09090909091,4.45714285714,5.03620525429,0.597242289772,0.326923076923,6.00062559301,1.42322530091,0.680526680527,3.83793300225,0.910278981302,0.463617463617,1.32204914232,0.604681454823,4.3462962963,2.18635635636,1.32204914232,4.3462962963,0,0,0,0,0.160896782956,37,37,37,1,0,0.405405405405,0.540540540541,0.0540540540541,37,168,0.126126126126,2.45505402132,9.08108108108,7.30434782609,4.66666666667,4.84411658256,0.533429504628,0.287966537967,5.93761359936,1.30768870938,0.650579150579,3.6254853667,0.798469991475,0.419562419562,1.47976189246,0.602741071933,4.44082998661,2.45505402132,1.47976189246,4.44082998661,0.092824336942,0.0136674259681,8,0.0010296010296,0.157418909593,37,37,37,1,0,0.378378378378,0.594594594595,0.027027027027,-174,-0.130630630631,0.729765203204,-9.40540540541,-8.24110671937,-5.10476190476,-0.52359357283,0.24307091435,0.145323895324,-3.57087794302,0.278992255967,0.106087290298,-4.42782797974,-0.0727949027296,-0.0422678317415,0.839162322138,0.231441169216,2.44082998661,0.729765203204,0.839162322138,2.44082998661,-0.251247057305,-0.362901611689,-802,-0.103217503218,-0.412157918757,-0.027027027027,0.0540540540541,-0.027027027027,163,5,179,985,0.476608187135,0.994949494949,0.00505050505051,0.523391812865,0.970238095238,0.476608187135,0.639215686275,0.620489366951,0.471557682084,0.469740634006,12,186,0,0,0,0
901,WLNM_dir_neg,0.418632211816,0.326729350064,00:00:04,10,30,1,1235778036,threshold_sweep,0.1,0.357142857143,0.134408602151,0.1953125,25,45,161,327,0.134408602151,0.879032258065,0.120967741935,0.865591397849,0.357142857143,0.134408602151,0.1953125,0.63082437276,0.624850657109,0.015923566879,0.0191291677432,0.0134408602151,342,156,186,0,342,0,156,0,186,37,342,0.256756756757,1.72528881811,18.4864864865,15.5454545455,9.77142857143,5.36771015539,0.290358590277,0.142642642643,9.50849154237,1.02869645341,0.544491860281,8.05331334643,0.871264894205,0.461830251304,0.640599570326,0.371299902718,2,1.72528881811,0.640599570326,2,0.344071394247,0.376569037657,810,0.104247104247,0.56957682835,37,37,37,1,0,0.405405405405,0.540540540541,0.0540540540541,37,0.117117117117,2.21261261261,8.43243243243,7.09090909091,4.45714285714,5.04722443274,0.598549051319,0.327616077616,6.00525295579,1.42432281644,0.680873180873,3.83793300225,0.910278981302,0.463617463617,1.39215458577,0.629190386892,5.2,2.21261261261,1.39215458577,5.2,0,0,0,0,0.161113233172,37,37,37,1,0,0.405405405405,0.540540540541,0.0540540540541,37,226,0.16966966967,NaN,12.2162162162,6.10810810811,6.10810810811,4.61961479356,0.378154308322,0.201626405166,5.3530042644,0.876376804348,0.460655345611,3.60388512414,0.59001659112,0.321932552021,NaN,NaN,NaN,NaN,NaN,NaN,0.1930776454,0.115384615385,96,0.0123552123552,0.148256289255,37,37,0,1,2,0,1,0,-116,-0.0870870870871,NaN,-6.27027027027,-9.43734643735,-3.66332046332,-0.748095361837,0.0877957180449,0.0589837625236,-4.15548727798,-0.152319649067,-0.0838365146702,-4.4494282223,-0.281248303085,-0.139897699283,NaN,NaN,NaN,NaN,NaN,NaN,-0.150993748848,-0.261184422272,-714,-0.0918918918919,-0.421320539095,-0.405405405405,0.459459459459,-0.0540540540541,181,45,161,945,0.529239766082,0.954545454545,0.0454545454545,0.470760233918,0.800884955752,0.529239766082,0.637323943662,0.563055835744,0.483785220627,0.467700258398,70,186,0,0,0,0
902,WLNM_dir_neg,0.418632211816,0.326729350064,00:00:04,10,30,1,1235778036,threshold_sweep,0.2,0.520833333333,0.134408602151,0.213675213675,25,23,161,349,0.134408602151,0.938172043011,0.0618279569892,0.865591397849,0.520833333333,0.134408602151,0.213675213675,0.670250896057,0.637992831541,0.0891089108911,0.122023382523,0.0725806451613,342,156,186,0,342,0,156,0,186,37,342,0.256756756757,1.72528881811,18.4864864865,15.5454545455,9.77142857143,5.36771015539,0.290358590277,0.142642642643,9.50849154237,1.02869645341,0.544491860281,8.05331334643,0.871264894205,0.461830251304,0.640599570326,0.371299902718,2,1.72528881811,0.640599570326,2,0.344071394247,0.376569037657,810,0.104247104247,0.56957682835,37,37,37,1,0,0.405405405405,0.540540540541,0.0540540540541,37,0.117117117117,2.21261261261,8.43243243243,7.09090909091,4.45714285714,5.04722443274,0.598549051319,0.327616077616,6.00525295579,1.42432281644,0.680873180873,3.83793300225,0.910278981302,0.463617463617,1.39215458577,0.629190386892,5.2,2.21261261261,1.39215458577,5.2,0,0,0,0,0.161113233172,37,37,37,1,0,0.405405405405,0.540540540541,0.0540540540541,37,204,0.153153153153,10.5998100468,11.027027027,6.58064516129,5.51351351351,4.6397227317,0.420759169296,0.224960254372,5.73789363995,1.04069639548,0.546899841017,3.67137290111,0.665886261475,0.36195018548,4.63282740101,0.437067021065,13.5061139674,10.5998100468,4.63282740101,13.5061139674,0.187871929668,0.103494029191,78,0.0100386100386,0.186241093542,37,37,37,1,0,0.162162162162,0.837837837838,0,-138,-0.103603603604,8.87452122868,-7.45945945946,-8.96480938416,-4.25791505792,-0.727987423696,0.130400579019,0.0823176117294,-3.77059790242,0.011999942067,0.00240798073615,-4.38194044533,-0.20537863273,-0.0998800658243,3.99222783068,0.0657671183476,11.5061139674,8.87452122868,3.99222783068,11.5061139674,-0.15619946458,-0.273075008466,-732,-0.0942084942085,-0.383335734808,-0.243243243243,0.297297297297,-0.0540540540541,181,23,161,967,0.529239766082,0.976767676768,0.0232323232323,0.470760233918,0.887254901961,0.529239766082,0.663003663004,0.613787333341,0.50600744285,0.495890410959,48,186,0,0,0,0
903,WLNM_dir_neg,0.418632211816,0.326729350064,00:00:04,10,30,1,1235778036,threshold_sweep,0.3,0.488372093023,0.112903225806,0.183406113537,21,22,165,350,0.112903225806,0.940860215054,0.0591397849462,0.887096774194,0.488372093023,0.112903225806,0.183406113537,0.664874551971,0.640979689367,0.0665557404326,0.0950335943738,0.0537634408602,342,156,186,0,342,0,156,0,186,37,342,0.256756756757,1.72528881811,18.4864864865,15.5454545455,9.77142857143,5.36771015539,0.290358590277,0.142642642643,9.50849154237,1.02869645341,0.544491860281,8.05331334643,0.871264894205,0.461830251304,0.640599570326,0.371299902718,2,1.72528881811,0.640599570326,2,0.344071394247,0.376569037657,810,0.104247104247,0.56957682835,37,37,37,1,0,0.405405405405,0.540540540541,0.0540540540541,37,0.117117117117,2.21261261261,8.43243243243,7.09090909091,4.45714285714,5.04722443274,0.598549051319,0.327616077616,6.00525295579,1.42432281644,0.680873180873,3.83793300225,0.910278981302,0.463617463617,1.39215458577,0.629190386892,5.2,2.21261261261,1.39215458577,5.2,0,0,0,0,0.161113233172,37,37,37,1,0,0.405405405405,0.540540540541,0.0540540540541,37,199,0.149399399399,9.9663861631,10.7567567568,6.41935483871,5.37837837838,4.59108680794,0.426809577623,0.228303680565,5.65857928455,1.05209765592,0.550590791797,3.67688992486,0.68364285035,0.370772782833,4.32273882107,0.433731821176,12.6810004807,9.9663861631,4.32273882107,12.6810004807,0.182403611041,0.0944774075764,69,0.00888030888031,0.181534736389,37,37,37,1,0,0.162162162162,0.837837837838,0,-143,-0.107357357357,8.24109734499,-7.72972972973,-9.12609970674,-4.39305019305,-0.776623347449,0.136450987346,0.0856610379223,-3.84991225783,0.0234012025062,0.00609893151549,-4.37642342158,-0.187622043854,-0.0910574684709,3.68213925074,0.0624319184585,10.6810004807,8.24109734499,3.68213925074,10.6810004807,-0.161667783206,-0.28209163008,-741,-0.0953667953668,-0.388042091961,-0.243243243243,0.297297297297,-0.0540540540541,177,22,165,968,0.517543859649,0.977777777778,0.0222222222222,0.482456140351,0.889447236181,0.517543859649,0.654343807763,0.606982901231,0.495321637427,0.486263736264,43,186,0,0,0,0
904,WLNM_dir_neg,0.418632211816,0.326729350064,00:00:04,10,30,1,1235778036,threshold_sweep,0.4,0.606060606061,0.10752688172,0.182648401826,20,13,166,359,0.10752688172,0.965053763441,0.0349462365591,0.89247311828,0.606060606061,0.10752688172,0.182648401826,0.679211469534,0.646953405018,0.0913705583756,0.145048133525,0.0725806451613,342,156,186,0,342,0,156,0,186,37,342,0.256756756757,1.72528881811,18.4864864865,15.5454545455,9.77142857143,5.36771015539,0.290358590277,0.142642642643,9.50849154237,1.02869645341,0.544491860281,8.05331334643,0.871264894205,0.461830251304,0.640599570326,0.371299902718,2,1.72528881811,0.640599570326,2,0.344071394247,0.376569037657,810,0.104247104247,0.56957682835,37,37,37,1,0,0.405405405405,0.540540540541,0.0540540540541,37,0.117117117117,2.21261261261,8.43243243243,7.09090909091,4.45714285714,5.04722443274,0.598549051319,0.327616077616,6.00525295579,1.42432281644,0.680873180873,3.83793300225,0.910278981302,0.463617463617,1.39215458577,0.629190386892,5.2,2.21261261261,1.39215458577,5.2,0,0,0,0,0.161113233172,37,37,37,1,0,0.405405405405,0.540540540541,0.0540540540541,37,189,0.141891891892,3.08568460455,10.2162162162,8.21739130435,5.10810810811,4.23041326544,0.414088070956,0.219791219791,5.85844017818,1.14689040525,0.598312598313,3.52596546104,0.690268370679,0.372944372944,2.23620865649,0.724704220642,6.15385072498,3.08568460455,2.23620865649,6.15385072498,0.152234822978,0.0583418628454,38,0.0048906048906,0.195467404194,37,37,37,1,0,0.378378378378,0.621621621622,0,-153,-0.114864864865,1.36039578644,-8.27027027027,-7.32806324111,-4.66332046332,-1.13729688995,0.123729480678,0.0771485771486,-3.65005136419,0.118193951837,0.0538207380313,-4.5273478854,-0.180996523525,-0.0888858783596,1.59560908616,0.353404317924,4.15385072498,1.36039578644,1.59560908616,4.15385072498,-0.19183657127,-0.318227174811,-772,-0.0993564993565,-0.374109424155,-0.027027027027,0.0810810810811,-0.0540540540541,176,13,166,977,0.514619883041,0.986868686869,0.0131313131313,0.485380116959,0.931216931217,0.514619883041,0.662900188324,0.627823650674,0.50148856991,0.495774647887,33,186,0,0,0,0
905,WLNM_dir_neg,0.418632211816,0.326729350064,00:00:04,10,30,1,1235778036,threshold_sweep,0.5,0.612903225806,0.102150537634,0.175115207373,19,12,167,360,0.102150537634,0.967741935484,0.0322580645161,0.897849462366,0.612903225806,0.102150537634,0.175115207373,0.679211469534,0.648148148148,0.088285229202,0.143837523023,0.0698924731183,342,156,186,0,342,0,156,0,186,37,342,0.256756756757,1.72528881811,18.4864864865,15.5454545455,9.77142857143,5.36771015539,0.290358590277,0.142642642643,9.50849154237,1.02869645341,0.544491860281,8.05331334643,0.871264894205,0.461830251304,0.640599570326,0.371299902718,2,1.72528881811,0.640599570326,2,0.344071394247,0.376569037657,810,0.104247104247,0.56957682835,37,37,37,1,0,0.405405405405,0.540540540541,0.0540540540541,37,0.117117117117,2.21261261261,8.43243243243,7.09090909091,4.45714285714,5.04722443274,0.598549051319,0.327616077616,6.00525295579,1.42432281644,0.680873180873,3.83793300225,0.910278981302,0.463617463617,1.39215458577,0.629190386892,5.2,2.21261261261,1.39215458577,5.2,0,0,0,0,0.161113233172,37,37,37,1,0,0.405405405405,0.540540540541,0.0540540540541,37,187,0.14039039039,3.17986709515,10.1081081081,8.13043478261,5.05405405405,4.14851903819,0.410414985061,0.216216216216,5.84971958467,1.15743114777,0.602399190634,3.53510919167,0.699460107442,0.37635496459,2.35803795872,0.74155236309,6.50762439807,3.17986709515,2.35803795872,6.50762439807,0.148097655373,0.0545171339564,35,0.0045045045045,0.19211229809,37,37,37,1,0,0.378378378378,0.621621621622,0,-155,-0.116366366366,1.45457827703,-8.37837837838,-7.41501976285,-4.71737451737,-1.21919111721,0.120056394784,0.0735735735736,-3.65877195771,0.128734694353,0.0579073303532,-4.51820415477,-0.171804786763,-0.0854752867137,1.71743838839,0.370252460372,4.50762439807,1.45457827703,1.71743838839,4.50762439807,-0.195973738874,-0.322051903701,-775,-0.0997425997426,-0.37746453026,-0.027027027027,0.0810810810811,-0.0540540540541,175,12,167,978,0.511695906433,0.987878787879,0.0121212121212,0.488304093567,0.935828877005,0.511695906433,0.661625708885,0.628213890686,0.499574694312,0.494350282486,31,186,0,0,0,0
906,WLNM_dir_neg,0.418632211816,0.326729350064,00:00:04,10,30,1,1235778036,threshold_sweep,0.6,0.612903225806,0.102150537634,0.175115207373,19,12,167,360,0.102150537634,0.967741935484,0.0322580645161,0.897849462366,0.612903225806,0.102150537634,0.175115207373,0.679211469534,0.648148148148,0.088285229202,0.143837523023,0.0698924731183,342,156,186,0,342,0,156,0,186,37,342,0.256756756757,1.72528881811,18.4864864865,15.5454545455,9.77142857143,5.36771015539,0.290358590277,0.142642642643,9.50849154237,1.02869645341,0.544491860281,8.05331334643,0.871264894205,0.461830251304,0.640599570326,0.371299902718,2,1.72528881811,0.640599570326,2,0.344071394247,0.376569037657,810,0.104247104247,0.56957682835,37,37,37,1,0,0.405405405405,0.540540540541,0.0540540540541,37,0.117117117117,2.21261261261,8.43243243243,7.09090909091,4.45714285714,5.04722443274,0.598549051319,0.327616077616,6.00525295579,1.42432281644,0.680873180873,3.83793300225,0.910278981302,0.463617463617,1.39215458577,0.629190386892,5.2,2.21261261261,1.39215458577,5.2,0,0,0,0,0.161113233172,37,37,37,1,0,0.405405405405,0.540540540541,0.0540540540541,37,187,0.14039039039,3.17986709515,10.1081081081,8.13043478261,5.05405405405,4.14851903819,0.410414985061,0.216216216216,5.84971958467,1.15743114777,0.602399190634,3.53510919167,0.699460107442,0.37635496459,2.35803795872,0.74155236309,6.50762439807,3.17986709515,2.35803795872,6.50762439807,0.148097655373,0.0545171339564,35,0.0045045045045,0.19211229809,37,37,37,1,0,0.378378378378,0.621621621622,0,-155,-0.116366366366,1.45457827703,-8.37837837838,-7.41501976285,-4.71737451737,-1.21919111721,0.120056394784,0.0735735735736,-3.65877195771,0.128734694353,0.0579073303532,-4.51820415477,-0.171804786763,-0.0854752867137,1.71743838839,0.370252460372,4.50762439807,1.45457827703,1.71743838839,4.50762439807,-0.195973738874,-0.322051903701,-775,-0.0997425997426,-0.37746453026,-0.027027027027,0.0810810810811,-0.0540540540541,175,12,167,978,0.511695906433,0.987878787879,0.0121212121212,0.488304093567,0.935828877005,0.511695906433,0.661625708885,0.628213890686,0.499574694312,0.494350282486,31,186,0,0,0,0
907,WLNM_dir_neg,0.418632211816,0.326729350064,00:00:04,10,30,1,1235778036,threshold_sweep,0.7,0.655172413793,0.102150537634,0.176744186047,19,10,167,362,0.102150537634,0.97311827957,0.0268817204301,0.897849462366,0.655172413793,0.102150537634,0.176744186047,0.682795698925,0.649342891278,0.0954003407155,0.159851309568,0.0752688172043,342,156,186,0,342,0,156,0,186,37,342,0.256756756757,1.72528881811,18.4864864865,15.5454545455,9.77142857143,5.36771015539,0.290358590277,0.142642642643,9.50849154237,1.02869645341,0.544491860281,8.05331334643,0.871264894205,0.461830251304,0.640599570326,0.371299902718,2,1.72528881811,0.640599570326,2,0.344071394247,0.376569037657,810,0.104247104247,0.56957682835,37,37,37,1,0,0.405405405405,0.540540540541,0.0540540540541,37,0.117117117117,2.21261261261,8.43243243243,7.09090909091,4.45714285714,5.04722443274,0.598549051319,0.327616077616,6.00525295579,1.42432281644,0.680873180873,3.83793300225,0.910278981302,0.463617463617,1.39215458577,0.629190386892,5.2,2.21261261261,1.39215458577,5.2,0,0,0,0,0.161113233172,37,37,37,1,0,0.405405405405,0.540540540541,0.0540540540541,37,185,0.138888888889,3.13833657375,10,8.04347826087,5,4.27525177946,0.427525177946,0.226588750913,5.88312086491,1.17662417298,0.610956902849,3.55121262544,0.710242525089,0.380131482834,2.30011651786,0.732909445436,6.32142857143,3.13833657375,2.30011651786,6.32142857143,0.134235894453,0.0487676979549,31,0.0039897039897,0.191124155797,37,37,37,1,0,0.378378378378,0.621621621622,0,-157,-0.117867867868,1.41304775563,-8.48648648649,-7.50197628458,-4.77142857143,-1.09245837593,0.137166587669,0.0839461082704,-3.62537067747,0.147927719567,0.0664650425675,-4.50210072099,-0.161022369116,-0.0816987684698,1.65951694753,0.361609542718,4.32142857143,1.41304775563,1.65951694753,4.32142857143,-0.209835499795,-0.327801339702,-779,-0.100257400257,-0.378452672552,-0.027027027027,0.0810810810811,-0.0540540540541,175,10,167,980,0.511695906433,0.989898989899,0.010101010101,0.488304093567,0.945945945946,0.511695906433,0.664136622391,0.633601484515,0.501594896332,0.497159090909,29,186,0,0,0,0
908,WLNM_dir_neg,0.418632211816,0.326729350064,00:00:04,10,30,1,1235778036,threshold_sweep,0.8,0.653846153846,0.0913978494624,0.160377358491,17,9,169,363,0.0913978494624,0.975806451613,0.0241935483871,0.908602150538,0.653846153846,0.0913978494624,0.160377358491,0.681003584229,0.651135005974,0.0856164383562,0.150308146951,0.0672043010753,342,156,186,0,342,0,156,0,186,37,342,0.256756756757,1.72528881811,18.4864864865,15.5454545455,9.77142857143,5.36771015539,0.290358590277,0.142642642643,9.50849154237,1.02869645341,0.544491860281,8.05331334643,0.871264894205,0.461830251304,0.640599570326,0.371299902718,2,1.72528881811,0.640599570326,2,0.344071394247,0.376569037657,810,0.104247104247,0.56957682835,37,37,37,1,0,0.405405405405,0.540540540541,0.0540540540541,37,0.117117117117,2.21261261261,8.43243243243,7.09090909091,4.45714285714,5.04722443274,0.598549051319,0.327616077616,6.00525295579,1.42432281644,0.680873180873,3.83793300225,0.910278981302,0.463617463617,1.39215458577,0.629190386892,5.2,2.21261261261,1.39215458577,5.2,0,0,0,0,0.161113233172,37,37,37,1,0,0.405405405405,0.540540540541,0.0540540540541,37,182,0.136636636637,3.13666767675,9.83783783784,7.91304347826,4.91891891892,4.34302450625,0.441461282228,0.234333234333,5.8517726582,1.18964608985,0.6138996139,3.60075901241,0.732022436589,0.389961389961,2.29714330956,0.732351510038,6.32142857143,3.13666767675,2.29714330956,6.32142857143,0.120070977656,0.0383182543906,24,0.0030888030888,0.18961586097,37,37,37,1,0,0.378378378378,0.621621621622,0,-160,-0.12012012012,1.41137885864,-8.64864864865,-7.63241106719,-4.85250965251,-1.02468564915,0.151102691951,0.0916905916906,-3.65671888418,0.160949636439,0.0694077536183,-4.45255433402,-0.139242457616,-0.0718688613425,1.65654373923,0.361051607321,4.32142857143,1.41137885864,1.65654373923,4.32142857143,-0.224000416591,-0.338250783266,-786,-0.101158301158,-0.37996096738,-0.027027027027,0.0810810810811,-0.0540540540541,173,9,169,981,0.505847953216,0.990909090909,0.00909090909091,0.494152046784,0.950549450549,0.505847953216,0.660305343511,0.631815200827,0.496757044125,0.492877492877,26,186,0,0,0,0
909,WLNM_dir_neg,0.418632211816,0.326729350064,00:00:04,10,30,1,1235778036,threshold_sweep,0.9,0.625,0.0806451612903,0.142857142857,15,9,171,363,0.0806451612903,0.975806451613,0.0241935483871,0.91935483871,0.625,0.0806451612903,0.142857142857,0.677419354839,0.652329749104,0.0721649484536,0.131168045574,0.0564516129032,342,156,186,0,342,0,156,0,186,37,342,0.256756756757,1.72528881811,18.4864864865,15.5454545455,9.77142857143,5.36771015539,0.290358590277,0.142642642643,9.50849154237,1.02869645341,0.544491860281,8.05331334643,0.871264894205,0.461830251304,0.640599570326,0.371299902718,2,1.72528881811,0.640599570326,2,0.344071394247,0.376569037657,810,0.104247104247,0.56957682835,37,37,37,1,0,0.405405405405,0.540540540541,0.0540540540541,37,0.117117117117,2.21261261261,8.43243243243,7.09090909091,4.45714285714,5.04722443274,0.598549051319,0.327616077616,6.00525295579,1.42432281644,0.680873180873,3.83793300225,0.910278981302,0.463617463617,1.39215458577,0.629190386892,5.2,2.21261261261,1.39215458577,5.2,0,0,0,0,0.161113233172,37,37,37,1,0,0.405405405405,0.540540540541,0.0540540540541,37,180,0.135135135135,3.13335890912,9.72972972973,7.82608695652,4.86486486486,4.41366972943,0.453627166636,0.241291291291,5.86497211399,1.20557760121,0.618918918919,3.57586168452,0.73503823515,0.388588588589,2.29630856249,0.732858452891,6.32142857143,3.13335890912,2.29630856249,6.32142857143,0.124940132525,0.0339439655172,21,0.0027027027027,0.182385729159,37,37,37,1,0,0.378378378378,0.621621621622,0,-162,-0.121621621622,1.408070091,-8.75675675676,-7.71936758893,-4.90656370656,-0.954040425964,0.163268576359,0.0986486486486,-3.64351942838,0.176881147795,0.0744270586376,-4.47745166192,-0.136226659054,-0.0732416627153,1.65570899216,0.361558550174,4.32142857143,1.408070091,1.65570899216,4.32142857143,-0.219131261722,-0.34262507214,-789,-0.101544401544,-0.387191099191,-0.027027027027,0.0810810810811,-0.0540540540541,171,9,171,981,0.5,0.990909090909,0.00909090909091,0.5,0.95,0.5,0.655172413793,0.627291254667,0.490909090909,0.487179487179,24,186,0,0,0,0
910,WLNM_dir_neg,0.432998034455,0.344277465949,00:00:05,10,30,2,1235778037,threshold_sweep,0.1,0.414634146341,0.0913978494624,0.149779735683,17,24,169,348,0.0913978494624,0.935483870968,0.0645161290323,0.908602150538,0.414634146341,0.0913978494624,0.149779735683,0.654121863799,0.642174432497,0.0333889816361,0.0485677296354,0.0268817204301,342,156,186,0,342,0,156,0,186,37,342,0.256756756757,1.72528881811,18.4864864865,15.5454545455,9.77142857143,5.36771015539,0.290358590277,0.142642642643,9.50849154237,1.02869645341,0.544491860281,8.05331334643,0.871264894205,0.461830251304,0.640599570326,0.371299902718,2,1.72528881811,0.640599570326,2,0.344071394247,0.376569037657,810,0.104247104247,0.56957682835,37,37,37,1,0,0.405405405405,0.540540540541,0.0540540540541,37,0.117117117117,2.21261261261,8.43243243243,7.09090909091,4.45714285714,5.04722443274,0.598549051319,0.327616077616,6.00525295579,1.42432281644,0.680873180873,3.83793300225,0.910278981302,0.463617463617,1.39215458577,0.629190386892,5.2,2.21261261261,1.39215458577,5.2,0,0,0,0,0.161113233172,37,37,37,1,0,0.405405405405,0.540540540541,0.0540540540541,37,197,0.147897897898,28.9547105565,10.6486486486,5.62857142857,5.47222222222,5.06741341107,0.475873848248,0.265056935108,5.66202777797,1.06342653698,0.532857730827,3.59825616757,0.675814610153,0.359720126218,7.01874574282,0.242404279232,33.1216436164,28.9547105565,7.01874574282,33.1216436164,0.0913483001718,0.0496688741722,35,0.0045045045045,0.13003016893,37,37,37,1,0,0.0540540540541,0.918918918919,0.027027027027,-145,-0.108858858859,27.2294217384,-7.83783783784,-9.91688311688,-4.29920634921,-0.300296744325,0.18551525797,0.122414292465,-3.8464637644,0.0347300835652,-0.0116341294541,-4.45505717887,-0.195450284052,-0.102110125086,6.37814617249,-0.128895623486,31.1216436164,27.2294217384,6.37814617249,31.1216436164,-0.252723094076,-0.326900163485,-775,-0.0997425997426,-0.43954665942,-0.351351351351,0.378378378378,-0.027027027027,173,24,169,966,0.505847953216,0.975757575758,0.0242424242424,0.494152046784,0.878172588832,0.505847953216,0.641929499072,0.592640150002,0.481605528974,0.472677595628,41,186,0,0,0,0
911,WLNM_dir_neg,0.432998034455,0.344277465949,00:00:05,10,30,2,1235778037,threshold_sweep,0.2,0.64,0.0860215053763,0.151658767773,16,9,170,363,0.0860215053763,0.975806451613,0.0241935483871,0.913978494624,0.64,0.0860215053763,0.151658767773,0.679211469534,0.651732377539,0.0789022298456,0.140889695121,0.0618279569892,342,156,186,0,342,0,156,0,186,37,342,0.256756756757,1.72528881811,18.4864864865,15.5454545455,9.77142857143,5.36771015539,0.290358590277,0.142642642643,9.50849154237,1.02869645341,0.544491860281,8.05331334643,0.871264894205,0.461830251304,0.640599570326,0.371299902718,2,1.72528881811,0.640599570326,2,0.344071394247,0.376569037657,810,0.104247104247,0.56957682835,37,37,37,1,0,0.405405405405,0.540540540541,0.0540540540541,37,0.117117117117,2.21261261261,8.43243243243,7.09090909091,4.45714285714,5.04722443274,0.598549051319,0.327616077616,6.00525295579,1.42432281644,0.680873180873,3.83793300225,0.910278981302,0.463617463617,1.39215458577,0.629190386892,5.2,2.21261261261,1.39215458577,5.2,0,0,0,0,0.161113233172,37,37,37,1,0,0.405405405405,0.540540540541,0.0540540540541,37,181,0.135885885886,7.20823609787,9.78378378378,6.24137931034,5.17142857143,4.85417995784,0.496145465304,0.275496490966,5.94317434721,1.21490304335,0.606838883082,3.60388512414,0.736705798857,0.392414513961,3.77751887561,0.524055930511,11.4440469762,7.20823609787,3.77751887561,11.4440469762,0.11201120907,0.0453172205438,30,0.003861003861,0.167506560538,37,37,37,1,0,0.216216216216,0.72972972973,0.0540540540541,-161,-0.120870870871,5.48294727975,-8.7027027027,-9.30407523511,-4.6,-0.513530197557,0.205786875027,0.132853848323,-3.56531719517,0.186206589937,0.0623470228006,-4.4494282223,-0.134559095348,-0.0694157373425,3.13691930529,0.152756027793,9.44404697624,5.48294727975,3.13691930529,9.44404697624,-0.232060185177,-0.331251817113,-780,-0.100386100386,-0.402070267812,-0.189189189189,0.189189189189,0,172,9,170,981,0.502923976608,0.990909090909,0.00909090909091,0.497076023392,0.950276243094,0.502923976608,0.657743785851,0.629555276739,0.493833067517,0.490028490028,25,186,0,0,0,0
912,WLNM_dir_neg,0.432998034455,0.344277465949,00:00:05,10,30,2,1235778037,threshold_sweep,0.3,0.882352941176,0.0806451612903,0.147783251232,15,2,171,370,0.0806451612903,0.994623655914,0.00537634408602,0.91935483871,0.882352941176,0.0806451612903,0.147783251232,0.689964157706,0.65651135006,0.0973913043478,0.206452402079,0.0752688172043,342,156,186,0,342,0,156,0,186,37,342,0.256756756757,1.72528881811,18.4864864865,15.5454545455,9.77142857143,5.36771015539,0.290358590277,0.142642642643,9.50849154237,1.02869645341,0.544491860281,8.05331334643,0.871264894205,0.461830251304,0.640599570326,0.371299902718,2,1.72528881811,0.640599570326,2,0.344071394247,0.376569037657,810,0.104247104247,0.56957682835,37,37,37,1,0,0.405405405405,0.540540540541,0.0540540540541,37,0.117117117117,2.21261261261,8.43243243243,7.09090909091,4.45714285714,5.04722443274,0.598549051319,0.327616077616,6.00525295579,1.42432281644,0.680873180873,3.83793300225,0.910278981302,0.463617463617,1.39215458577,0.629190386892,5.2,2.21261261261,1.39215458577,5.2,0,0,0,0,0.161113233172,37,37,37,1,0,0.405405405405,0.540540540541,0.0540540540541,37,173,0.12987987988,2.14341841842,9.35135135135,7.86363636364,4.94285714286,4.71531910206,0.504239325943,0.274957037963,6.06929455014,1.29805721593,0.64771129511,3.53595856919,0.756245474335,0.401499765662,1.24852717898,0.582493445165,4.26526315789,2.14341841842,1.24852717898,4.26526315789,0.0978264360617,0.0277626565052,17,0.0021879021879,0.175646451277,37,37,37,1,0,0.405405405405,0.540540540541,0.0540540540541,-169,-0.126876876877,0.418129600303,-9.13513513514,-7.68181818182,-4.82857142857,-0.652391053335,0.213880735666,0.13231439532,-3.43919699224,0.269360762511,0.103219434829,-4.51735477725,-0.11501941987,-0.0603304856423,0.607927608649,0.211193542447,2.26526315789,0.418129600303,0.607927608649,2.26526315789,-0.246244958186,-0.348806381152,-793,-0.102059202059,-0.393930377073,0,0,0,171,2,171,988,0.5,0.99797979798,0.0020202020202,0.5,0.988439306358,0.5,0.664077669903,0.647109246484,0.49797979798,0.497093023256,17,186,0,0,0,0
913,WLNM_dir_neg,0.432998034455,0.344277465949,00:00:05,10,30,2,1235778037,threshold_sweep,0.4,0.866666666667,0.0698924731183,0.129353233831,13,2,173,370,0.0698924731183,0.994623655914,0.00537634408602,0.930107526882,0.866666666667,0.0698924731183,0.129353233831,0.686379928315,0.65770609319,0.0837696335079,0.188040197889,0.0645161290323,342,156,186,0,342,0,156,0,186,37,342,0.256756756757,1.72528881811,18.4864864865,15.5454545455,9.77142857143,5.36771015539,0.290358590277,0.142642642643,9.50849154237,1.02869645341,0.544491860281,8.05331334643,0.871264894205,0.461830251304,0.640599570326,0.371299902718,2,1.72528881811,0.640599570326,2,0.344071394247,0.376569037657,810,0.104247104247,0.56957682835,37,37,37,1,0,0.405405405405,0.540540540541,0.0540540540541,37,0.117117117117,2.21261261261,8.43243243243,7.09090909091,4.45714285714,5.04722443274,0.598549051319,0.327616077616,6.00525295579,1.42432281644,0.680873180873,3.83793300225,0.910278981302,0.463617463617,1.39215458577,0.629190386892,5.2,2.21261261261,1.39215458577,5.2,0,0,0,0,0.161113233172,37,37,37,1,0,0.405405405405,0.540540540541,0.0540540540541,37,171,0.128378378378,2.1408008755,9.24324324324,7.77272727273,4.88571428571,4.76331703639,0.515329620896,0.280543701596,6.05691226502,1.31055996378,0.650229176545,3.5695576395,0.772360424922,0.408408408408,1.24349064571,0.580853016241,4.2407960199,2.1408008755,1.24349064571,4.2407960199,0.083891378009,0.0182320441989,11,0.0014157014157,0.175103607877,37,37,37,1,0,0.405405405405,0.540540540541,0.0540540540541,-171,-0.128378378378,0.415512057387,-9.24324324324,-7.77272727273,-4.88571428571,-0.604393119001,0.224971030619,0.137901058954,-3.45157927735,0.281863510362,0.105737316264,-4.48375570693,-0.0989044692829,-0.0534218428955,0.60289107538,0.209553113523,2.2407960199,0.415512057387,0.60289107538,2.2407960199,-0.260180016238,-0.358336993458,-799,-0.102831402831,-0.394473220473,0,0,0,169,2,173,988,0.494152046784,0.99797979798,0.0020202020202,0.505847953216,0.988304093567,0.494152046784,0.658869395712,0.642684688737,0.492131844763,0.491279069767,15,186,0,0,0,0
914,WLNM_dir_neg,0.432998034455,0.344277465949,00:00:05,10,30,2,1235778037,threshold_sweep,0.5,0.909090909091,0.0537634408602,0.10152284264,10,1,176,371,0.0537634408602,0.997311827957,0.00268817204301,0.94623655914,0.909090909091,0.0537634408602,0.10152284264,0.682795698925,0.66009557945,0.066783831283,0.173200283032,0.0510752688172,342,156,186,0,342,0,156,0,186,37,342,0.256756756757,1.72528881811,18.4864864865,15.5454545455,9.77142857143,5.36771015539,0.290358590277,0.142642642643,9.50849154237,1.02869645341,0.544491860281,8.05331334643,0.871264894205,0.461830251304,0.640599570326,0.371299902718,2,1.72528881811,0.640599570326,2,0.344071394247,0.376569037657,810,0.104247104247,0.56957682835,37,37,37,1,0,0.405405405405,0.540540540541,0.0540540540541,37,0.117117117117,2.21261261261,8.43243243243,7.09090909091,4.45714285714,5.04722443274,0.598549051319,0.327616077616,6.00525295579,1.42432281644,0.680873180873,3.83793300225,0.910278981302,0.463617463617,1.39215458577,0.629190386892,5.2,2.21261261261,1.39215458577,5.2,0,0,0,0,0.161113233172,37,37,37,1,0,0.405405405405,0.540540540541,0.0540540540541,37,167,0.125375375375,2.16560560561,9.02702702703,7.59090909091,4.77142857143,4.66956152169,0.517286755396,0.281275287263,6.01212488607,1.33202766937,0.657387926849,3.64098293827,0.80668484261,0.422398446351,1.29126339977,0.596259723577,4.48888888889,2.16560560561,1.29126339977,4.48888888889,0.0547567175018,0.0139049826188,8,0.0010296010296,0.173336111304,37,37,37,1,0,0.405405405405,0.540540540541,0.0540540540541,-175,-0.131381381381,0.440316787491,-9.45945945946,-7.95454545455,-5,-0.698148633708,0.226928165119,0.138632644621,-3.49636665631,0.303331215953,0.112896066568,-4.41233040817,-0.0645800515947,-0.0394318049534,0.650663829449,0.224959820859,2.48888888889,0.440316787491,0.650663829449,2.48888888889,-0.289314676746,-0.362664055038,-802,-0.103217503218,-0.396240717046,0,0,0,166,1,176,989,0.485380116959,0.99898989899,0.0010101010101,0.514619883041,0.994011976048,0.485380116959,0.652259332024,0.638979173355,0.484370015949,0.483965014577,11,186,0,0,0,0
915,WLNM_dir_neg,0.432998034455,0.344277465949,00:00:05,10,30,2,1235778037,threshold_sweep,0.6,0.909090909091,0.0537634408602,0.10152284264,10,1,176,371,0.0537634408602,0.997311827957,0.00268817204301,0.94623655914,0.909090909091,0.0537634408602,0.10152284264,0.682795698925,0.66009557945,0.066783831283,0.173200283032,0.0510752688172,342,156,186,0,342,0,156,0,186,37,342,0.256756756757,1.72528881811,18.4864864865,15.5454545455,9.77142857143,5.36771015539,0.290358590277,0.142642642643,9.50849154237,1.02869645341,0.544491860281,8.05331334643,0.871264894205,0.461830251304,0.640599570326,0.371299902718,2,1.72528881811,0.640599570326,2,0.344071394247,0.376569037657,810,0.104247104247,0.56957682835,37,37,37,1,0,0.405405405405,0.540540540541,0.0540540540541,37,0.117117117117,2.21261261261,8.43243243243,7.09090909091,4.45714285714,5.04722443274,0.598549051319,0.327616077616,6.00525295579,1.42432281644,0.680873180873,3.83793300225,0.910278981302,0.463617463617,1.39215458577,0.629190386892,5.2,2.21261261261,1.39215458577,5.2,0,0,0,0,0.161113233172,37,37,37,1,0,0.405405405405,0.540540540541,0.0540540540541,37,167,0.125375375375,2.16560560561,9.02702702703,7.59090909091,4.77142857143,4.66956152169,0.517286755396,0.281275287263,6.01212488607,1.33202766937,0.657387926849,3.64098293827,0.80668484261,0.422398446351,1.29126339977,0.596259723577,4.48888888889,2.16560560561,1.29126339977,4.48888888889,0.0547567175018,0.0139049826188,8,0.0010296010296,0.173336111304,37,37,37,1,0,0.405405405405,0.540540540541,0.0540540540541,-175,-0.131381381381,0.440316787491,-9.45945945946,-7.95454545455,-5,-0.698148633708,0.226928165119,0.138632644621,-3.49636665631,0.303331215953,0.112896066568,-4.41233040817,-0.0645800515947,-0.0394318049534,0.650663829449,0.224959820859,2.48888888889,0.440316787491,0.650663829449,2.48888888889,-0.289314676746,-0.362664055038,-802,-0.103217503218,-0.396240717046,0,0,0,166,1,176,989,0.485380116959,0.99898989899,0.0010101010101,0.514619883041,0.994011976048,0.485380116959,0.652259332024,0.638979173355,0.484370015949,0.483965014577,11,186,0,0,0,0
916,WLNM_dir_neg,0.432998034455,0.344277465949,00:00:05,10,30,2,1235778037,threshold_sweep,0.7,0.857142857143,0.0322580645161,0.0621761658031,6,1,180,371,0.0322580645161,0.997311827957,0.00268817204301,0.967741935484,0.857142857143,0.0322580645161,0.0621761658031,0.675627240143,0.662485065711,0.0389380530973,0.125242828695,0.0295698924731,342,156,186,0,342,0,156,0,186,37,342,0.256756756757,1.72528881811,18.4864864865,15.5454545455,9.77142857143,5.36771015539,0.290358590277,0.142642642643,9.50849154237,1.02869645341,0.544491860281,8.05331334643,0.871264894205,0.461830251304,0.640599570326,0.371299902718,2,1.72528881811,0.640599570326,2,0.344071394247,0.376569037657,810,0.104247104247,0.56957682835,37,37,37,1,0,0.405405405405,0.540540540541,0.0540540540541,37,0.117117117117,2.21261261261,8.43243243243,7.09090909091,4.45714285714,5.04722443274,0.598549051319,0.327616077616,6.00525295579,1.42432281644,0.680873180873,3.83793300225,0.910278981302,0.463617463617,1.39215458577,0.629190386892,5.2,2.21261261261,1.39215458577,5.2,0,0,0,0,0.161113233172,37,37,37,1,0,0.405405405405,0.540540540541,0.0540540540541,37,163,0.122372372372,2.18387762763,8.81081081081,7.40909090909,4.65714285714,4.78909547153,0.543547645542,0.295970817443,5.99286362388,1.36034327659,0.665892886752,3.72274883102,0.845041145692,0.440391311557,1.33077043919,0.609361267479,4.48888888889,2.18387762763,1.33077043919,4.48888888889,0.0484185340803,0.00536033353186,3,0.0003861003861,0.17078134284,37,37,37,1,0,0.405405405405,0.540540540541,0.0540540540541,-179,-0.134384384384,0.458588809513,-9.67567567568,-8.13636363636,-5.11428571429,-0.578614683863,0.253189055265,0.153328174801,-3.5156279185,0.331646823171,0.12140102647,-4.33056451541,-0.0262237485133,-0.021438939747,0.690170868865,0.238061364762,2.48888888889,0.458588809513,0.690170868865,2.48888888889,-0.295652860167,-0.371208704125,-807,-0.103861003861,-0.39879548551,0,0,0,162,1,180,989,0.473684210526,0.99898989899,0.0010101010101,0.526315789474,0.993865030675,0.473684210526,0.641584158416,0.630073780079,0.472674109516,0.472303206997,7,186,0,0,0,0
917,WLNM_dir_neg,0.432998034455,0.344277465949,00:00:05,10,30,2,1235778037,threshold_sweep,0.8,0.857142857143,0.0322580645161,0.0621761658031,6,1,180,371,0.0322580645161,0.997311827957,0.00268817204301,0.967741935484,0.857142857143,0.0322580645161,0.0621761658031,0.675627240143,0.662485065711,0.0389380530973,0.125242828695,0.0295698924731,342,156,186,0,342,0,156,0,186,37,342,0.256756756757,1.72528881811,18.4864864865,15.5454545455,9.77142857143,5.36771015539,0.290358590277,0.142642642643,9.50849154237,1.02869645341,0.544491860281,8.05331334643,0.871264894205,0.461830251304,0.640599570326,0.371299902718,2,1.72528881811,0.640599570326,2,0.344071394247,0.376569037657,810,0.104247104247,0.56957682835,37,37,37,1,0,0.405405405405,0.540540540541,0.0540540540541,37,0.117117117117,2.21261261261,8.43243243243,7.09090909091,4.45714285714,5.04722443274,0.598549051319,0.327616077616,6.00525295579,1.42432281644,0.680873180873,3.83793300225,0.910278981302,0.463617463617,1.39215458577,0.629190386892,5.2,2.21261261261,1.39215458577,5.2,0,0,0,0,0.161113233172,37,37,37,1,0,0.405405405405,0.540540540541,0.0540540540541,37,163,0.122372372372,2.18387762763,8.81081081081,7.40909090909,4.65714285714,4.78909547153,0.543547645542,0.295970817443,5.99286362388,1.36034327659,0.665892886752,3.72274883102,0.845041145692,0.440391311557,1.33077043919,0.609361267479,4.48888888889,2.18387762763,1.33077043919,4.48888888889,0.0484185340803,0.00536033353186,3,0.0003861003861,0.17078134284,37,37,37,1,0,0.405405405405,0.540540540541,0.0540540540541,-179,-0.134384384384,0.458588809513,-9.67567567568,-8.13636363636,-5.11428571429,-0.578614683863,0.253189055265,0.153328174801,-3.5156279185,0.331646823171,0.12140102647,-4.33056451541,-0.0262237485133,-0.021438939747,0.690170868865,0.238061364762,2.48888888889,0.458588809513,0.690170868865,2.48888888889,-0.295652860167,-0.371208704125,-807,-0.103861003861,-0.39879548551,0,0,0,162,1,180,989,0.473684210526,0.99898989899,0.0010101010101,0.526315789474,0.993865030675,0.473684210526,0.641584158416,0.630073780079,0.472674109516,0.472303206997,7,186,0,0,0,0
918,WLNM_dir_neg,0.432998034455,0.344277465949,00:00:05,10,30,2,1235778037,threshold_sweep,0.9,0.666666666667,0.010752688172,0.021164021164,2,1,184,371,0.010752688172,0.997311827957,0.00268817204301,0.989247311828,0.666666666667,0.010752688172,0.021164021164,0.668458781362,0.664874551971,0.0106951871658,0.051987524491,0.00806451612903,342,156,186,0,342,0,156,0,186,37,342,0.256756756757,1.72528881811,18.4864864865,15.5454545455,9.77142857143,5.36771015539,0.290358590277,0.142642642643,9.50849154237,1.02869645341,0.544491860281,8.05331334643,0.871264894205,0.461830251304,0.640599570326,0.371299902718,2,1.72528881811,0.640599570326,2,0.344071394247,0.376569037657,810,0.104247104247,0.56957682835,37,37,37,1,0,0.405405405405,0.540540540541,0.0540540540541,37,0.117117117117,2.21261261261,8.43243243243,7.09090909091,4.45714285714,5.04722443274,0.598549051319,0.327616077616,6.00525295579,1.42432281644,0.680873180873,3.83793300225,0.910278981302,0.463617463617,1.39215458577,0.629190386892,5.2,2.21261261261,1.39215458577,5.2,0,0,0,0,0.161113233172,37,37,37,1,0,0.405405405405,0.540540540541,0.0540540540541,37,159,0.119369369369,2.22282282282,8.59459459459,7.22727272727,4.54285714286,4.99699609465,0.58141149529,0.318035016148,5.99474244125,1.39500295803,0.674825769165,3.78494726857,0.880773892685,0.453510113887,1.36259542636,0.613002265572,4.48888888889,2.22282282282,1.36259542636,4.48888888889,0.0525910364146,0.00545454545455,3,0.0003861003861,0.165225787285,37,37,37,1,0,0.405405405405,0.540540540541,0.0540540540541,-183,-0.137387387387,0.497534004708,-9.89189189189,-8.31818181818,-5.22857142857,-0.370714060741,0.291052905013,0.175392373506,-3.51374910112,0.366306504612,0.130333908884,-4.26836607787,0.00950899848031,-0.00832013741646,0.72199585603,0.241702362854,2.48888888889,0.497534004708,0.72199585603,2.48888888889,-0.291480357833,-0.371114492202,-807,-0.103861003861,-0.404351041065,0,0,0,158,1,184,989,0.461988304094,0.99898989899,0.0010101010101,0.538011695906,0.993710691824,0.461988304094,0.630738522954,0.621102779527,0.460978203083,0.460641399417,3,186,0,0,0,0
919,WLNM_dir_neg,0.411673314834,0.299404445192,00:00:04,10,30,3,1235778038,threshold_sweep,0.1,0.333333333333,0.0913978494624,0.143459915612,17,34,169,338,0.0913978494624,0.908602150538,0.0913978494624,0.908602150538,0.333333333333,0.0913978494624,0.143459915612,0.636200716846,0.636200716846,0,0,0,342,156,186,0,342,0,156,0,186,37,342,0.256756756757,1.72528881811,18.4864864865,15.5454545455,9.77142857143,5.36771015539,0.290358590277,0.142642642643,9.50849154237,1.02869645341,0.544491860281,8.05331334643,0.871264894205,0.461830251304,0.640599570326,0.371299902718,2,1.72528881811,0.640599570326,2,0.344071394247,0.376569037657,810,0.104247104247,0.56957682835,37,37,37,1,0,0.405405405405,0.540540540541,0.0540540540541,37,0.117117117117,2.21261261261,8.43243243243,7.09090909091,4.45714285714,5.04722443274,0.598549051319,0.327616077616,6.00525295579,1.42432281644,0.680873180873,3.83793300225,0.910278981302,0.463617463617,1.39215458577,0.629190386892,5.2,2.21261261261,1.39215458577,5.2,0,0,0,0,0.161113233172,37,37,37,1,0,0.405405405405,0.540540540541,0.0540540540541,37,207,0.155405405405,1,11.1891891892,5.75,5.59459459459,4.97682316029,0.444788543311,0.247421334378,5.59989811147,1.00094797162,0.509988249119,3.67770655783,0.65736783884,0.35592113853,0,0,0,NaN,NaN,NaN,0.0980097733968,0.0521512385919,40,0.00514800514801,0.143017643259,37,37,0,1,3,0.027027027027,0.972972972973,0,-135,-0.101351351351,-0.725288818115,-7.2972972973,-9.79545454545,-4.17683397683,-0.390886995106,0.154429953034,0.104778691735,-3.9085934309,-0.0277484817992,-0.0345036111626,-4.3756067886,-0.213897055365,-0.105909112774,-0.640599570326,-0.371299902718,-2,NaN,NaN,NaN,-0.246061620851,-0.324417799065,-770,-0.0990990990991,-0.426559185091,-0.378378378378,0.432432432432,-0.0540540540541,173,34,169,956,0.505847953216,0.965656565657,0.0343434343434,0.494152046784,0.835748792271,0.505847953216,0.630236794171,0.568532211563,0.471504518873,0.460106382979,51,186,0,0,0,0
920,WLNM_dir_neg,0.411673314834,0.299404445192,00:00:04,10,30,3,1235778038,threshold_sweep,0.2,0.413793103448,0.0645161290323,0.111627906977,12,17,174,355,0.0645161290323,0.954301075269,0.0456989247312,0.935483870968,0.413793103448,0.0645161290323,0.111627906977,0.65770609319,0.649342891278,0.0238500851789,0.0399628273921,0.0188172043011,342,156,186,0,342,0,156,0,186,37,342,0.256756756757,1.72528881811,18.4864864865,15.5454545455,9.77142857143,5.36771015539,0.290358590277,0.142642642643,9.50849154237,1.02869645341,0.544491860281,8.05331334643,0.871264894205,0.461830251304,0.640599570326,0.371299902718,2,1.72528881811,0.640599570326,2,0.344071394247,0.376569037657,810,0.104247104247,0.56957682835,37,37,37,1,0,0.405405405405,0.540540540541,0.0540540540541,37,0.117117117117,2.21261261261,8.43243243243,7.09090909091,4.45714285714,5.04722443274,0.598549051319,0.327616077616,6.00525295579,1.42432281644,0.680873180873,3.83793300225,0.910278981302,0.463617463617,1.39215458577,0.629190386892,5.2,2.21261261261,1.39215458577,5.2,0,0,0,0,0.161113233172,37,37,37,1,0,0.405405405405,0.540540540541,0.0540540540541,37,185,0.138888888889,3.82776153807,10,6.60714285714,5,4.85912657904,0.485912657904,0.263988312637,5.81664278887,1.16332855777,0.596639883126,3.39116499156,0.678232998313,0.36669101534,2.0116673325,0.525546670683,6.1206759004,3.82776153807,2.0116673325,6.1206759004,0.0948641385948,0.0238980350505,15,0.0019305019305,0.143390233173,37,37,37,1,0,0.243243243243,0.756756756757,0,-157,-0.117867867868,2.10247271996,-8.48648648649,-8.93831168831,-4.77142857143,-0.508583576356,0.195554067627,0.121345669994,-3.6918487535,0.13463210436,0.052148022845,-4.66214835487,-0.193031895892,-0.0951392359643,1.37106776217,0.154246767965,4.1206759004,2.10247271996,1.37106776217,4.1206759004,-0.249207255653,-0.352671002606,-795,-0.102316602317,-0.426186595177,-0.162162162162,0.216216216216,-0.0540540540541,168,17,174,973,0.491228070175,0.982828282828,0.0171717171717,0.508771929825,0.908108108108,0.491228070175,0.637571157495,0.598815520659,0.474056353004,0.467966573816,29,186,0,0,0,0
921,WLNM_dir_neg,0.411673314834,0.299404445192,00:00:04,10,30,3,1235778038,threshold_sweep,0.3,0.454545454545,0.0537634408602,0.0961538461538,10,12,176,360,0.0537634408602,0.967741935484,0.0322580645161,0.94623655914,0.454545454545,0.0537634408602,0.0961538461538,0.663082437276,0.653524492234,0.0275862068966,0.0520932261071,0.0215053763441,342,156,186,0,342,0,156,0,186,37,342,0.256756756757,1.72528881811,18.4864864865,15.5454545455,9.77142857143,5.36771015539,0.290358590277,0.142642642643,9.50849154237,1.02869645341,0.544491860281,8.05331334643,0.871264894205,0.461830251304,0.640599570326,0.371299902718,2,1.72528881811,0.640599570326,2,0.344071394247,0.376569037657,810,0.104247104247,0.56957682835,37,37,37,1,0,0.405405405405,0.540540540541,0.0540540540541,37,0.117117117117,2.21261261261,8.43243243243,7.09090909091,4.45714285714,5.04722443274,0.598549051319,0.327616077616,6.00525295579,1.42432281644,0.680873180873,3.83793300225,0.910278981302,0.463617463617,1.39215458577,0.629190386892,5.2,2.21261261261,1.39215458577,5.2,0,0,0,0,0.161113233172,37,37,37,1,0,0.405405405405,0.540540540541,0.0540540540541,37,178,0.133633633634,2.73332988601,9.62162162162,7.73913043478,4.81081081081,4.55431023776,0.473341232576,0.254023686608,5.89179202053,1.22469834135,0.625569389614,3.47081352806,0.721461238978,0.384755542059,1.80542056813,0.660520553106,5.0581420068,2.73332988601,1.80542056813,5.0581420068,0.0935849735385,0.0229257641921,14,0.0018018018018,0.17039916218,37,37,37,1,0,0.378378378378,0.621621621622,0,-164,-0.123123123123,1.00804106789,-8.86486486486,-7.80632411067,-4.96061776062,-0.813399917636,0.182982642299,0.111381043965,-3.61669952184,0.196001887932,0.081077529333,-4.58249981838,-0.149803655227,-0.077074709245,1.1648209978,0.289220650389,3.0581420068,1.00804106789,1.1648209978,3.0581420068,-0.250486420709,-0.353643273465,-796,-0.102445302445,-0.39917766617,-0.027027027027,0.0810810810811,-0.0540540540541,166,12,176,978,0.485380116959,0.987878787879,0.0121212121212,0.514619883041,0.932584269663,0.485380116959,0.638461538462,0.607598284721,0.473258904838,0.468926553672,22,186,0,0,0,0
922,WLNM_dir_neg,0.411673314834,0.299404445192,00:00:04,10,30,3,1235778038,threshold_sweep,0.4,0.428571428571,0.0483870967742,0.0869565217391,9,12,177,360,0.0483870967742,0.967741935484,0.0322580645161,0.951612903226,0.428571428571,0.0483870967742,0.0869565217391,0.661290322581,0.654121863799,0.020725388601,0.0399520862276,0.0161290322581,342,156,186,0,342,0,156,0,186,37,342,0.256756756757,1.72528881811,18.4864864865,15.5454545455,9.77142857143,5.36771015539,0.290358590277,0.142642642643,9.50849154237,1.02869645341,0.544491860281,8.05331334643,0.871264894205,0.461830251304,0.640599570326,0.371299902718,2,1.72528881811,0.640599570326,2,0.344071394247,0.376569037657,810,0.104247104247,0.56957682835,37,37,37,1,0,0.405405405405,0.540540540541,0.0540540540541,37,0.117117117117,2.21261261261,8.43243243243,7.09090909091,4.45714285714,5.04722443274,0.598549051319,0.327616077616,6.00525295579,1.42432281644,0.680873180873,3.83793300225,0.910278981302,0.463617463617,1.39215458577,0.629190386892,5.2,2.21261261261,1.39215458577,5.2,0,0,0,0,0.161113233172,37,37,37,1,0,0.405405405405,0.540540540541,0.0540540540541,37,177,0.132882882883,2.68960185985,9.56756756757,7.69565217391,4.78378378378,4.57372046795,0.478044229701,0.256527714155,5.87903589571,1.22895100645,0.626355168728,3.4971030482,0.731032840584,0.389983203543,1.74631078725,0.649282264901,4.85399285608,2.68960185985,1.74631078725,4.85399285608,0.0935849735385,0.0229257641921,14,0.0018018018018,0.170386186574,37,37,37,1,0,0.378378378378,0.621621621622,0,-165,-0.123873873874,0.964313041736,-8.91891891892,-7.84980237154,-4.98764478764,-0.793989687446,0.187685639424,0.113885071512,-3.62945564666,0.200254553033,0.0818633084467,-4.55621029823,-0.140232053621,-0.0718470477614,1.10571121692,0.277982362183,2.85399285608,0.964313041736,1.10571121692,2.85399285608,-0.250486420709,-0.353643273465,-796,-0.102445302445,-0.399190641776,-0.027027027027,0.0810810810811,-0.0540540540541,165,12,177,978,0.482456140351,0.987878787879,0.0121212121212,0.517543859649,0.932203389831,0.482456140351,0.635838150289,0.605285481208,0.47033492823,0.466101694915,21,186,0,0,0,0
923,WLNM_dir_neg,0.411673314834,0.299404445192,00:00:04,10,30,3,1235778038,threshold_sweep,0.5,0.4,0.0430107526882,0.0776699029126,8,12,178,360,0.0430107526882,0.967741935484,0.0322580645161,0.956989247312,0.4,0.0430107526882,0.0776699029126,0.659498207885,0.654719235364,0.0138408304498,0.0272670941575,0.010752688172,342,156,186,0,342,0,156,0,186,37,342,0.256756756757,1.72528881811,18.4864864865,15.5454545455,9.77142857143,5.36771015539,0.290358590277,0.142642642643,9.50849154237,1.02869645341,0.544491860281,8.05331334643,0.871264894205,0.461830251304,0.640599570326,0.371299902718,2,1.72528881811,0.640599570326,2,0.344071394247,0.376569037657,810,0.104247104247,0.56957682835,37,37,37,1,0,0.405405405405,0.540540540541,0.0540540540541,37,0.117117117117,2.21261261261,8.43243243243,7.09090909091,4.45714285714,5.04722443274,0.598549051319,0.327616077616,6.00525295579,1.42432281644,0.680873180873,3.83793300225,0.910278981302,0.463617463617,1.39215458577,0.629190386892,5.2,2.21261261261,1.39215458577,5.2,0,0,0,0,0.161113233172,37,37,37,1,0,0.405405405405,0.540540540541,0.0540540540541,37,176,0.132132132132,2.6780230308,9.51351351351,7.65217391304,4.75675675676,4.6225391148,0.48589189559,0.261517199017,5.8708574303,1.23421434614,0.627457002457,3.51508973653,0.738967728702,0.392813267813,1.73120318237,0.646448205433,4.8210890439,2.6780230308,1.73120318237,4.8210890439,0.0987329786865,0.0230515916575,14,0.0018018018018,0.170027004693,37,37,37,1,0,0.378378378378,0.621621621622,0,-166,-0.124624624625,0.952734212681,-8.97297297297,-7.89328063241,-5.01467181467,-0.745171040592,0.195533305313,0.118874556375,-3.63763411207,0.205517892729,0.0829651421757,-4.5382236099,-0.132297165503,-0.0690169834907,1.09060361204,0.275148302715,2.8210890439,0.952734212681,1.09060361204,2.8210890439,-0.245338415561,-0.353517445999,-796,-0.102445302445,-0.399549823657,-0.027027027027,0.0810810810811,-0.0540540540541,164,12,178,978,0.479532163743,0.987878787879,0.0121212121212,0.520467836257,0.931818181818,0.479532163743,0.633204633205,0.602968026172,0.467410951621,0.463276836158,20,186,0,0,0,0
924,WLNM_dir_neg,0.411673314834,0.299404445192,00:00:04,10,30,3,1235778038,threshold_sweep,0.6,0.352941176471,0.0322580645161,0.0591133004926,6,11,180,361,0.0322580645161,0.970430107527,0.0295698924731,0.967741935484,0.352941176471,0.0322580645161,0.0591133004926,0.65770609319,0.65651135006,0.00347826086957,0.00737330007425,0.00268817204301,342,156,186,0,342,0,156,0,186,37,342,0.256756756757,1.72528881811,18.4864864865,15.5454545455,9.77142857143,5.36771015539,0.290358590277,0.142642642643,9.50849154237,1.02869645341,0.544491860281,8.05331334643,0.871264894205,0.461830251304,0.640599570326,0.371299902718,2,1.72528881811,0.640599570326,2,0.344071394247,0.376569037657,810,0.104247104247,0.56957682835,37,37,37,1,0,0.405405405405,0.540540540541,0.0540540540541,37,0.117117117117,2.21261261261,8.43243243243,7.09090909091,4.45714285714,5.04722443274,0.598549051319,0.327616077616,6.00525295579,1.42432281644,0.680873180873,3.83793300225,0.910278981302,0.463617463617,1.39215458577,0.629190386892,5.2,2.21261261261,1.39215458577,5.2,0,0,0,0,0.161113233172,37,37,37,1,0,0.405405405405,0.540540540541,0.0540540540541,37,173,0.12987987988,2.94272062294,9.35135135135,7.52173913043,4.67567567568,4.63810435545,0.495982257663,0.266208404937,5.87392568926,1.25627312429,0.633963443212,3.58278332255,0.766260016961,0.405249179816,2.07775348211,0.706065491202,5.6042023238,2.94272062294,2.07775348211,5.6042023238,0.0892851166071,0.0169109357384,10,0.001287001287,0.173030358388,37,37,37,1,0,0.378378378378,0.621621621622,0,-169,-0.126876876877,1.21743180482,-9.13513513514,-8.02371541502,-5.09575289575,-0.729605799947,0.205623667386,0.123565762294,-3.63456585311,0.227576670879,0.0894715829307,-4.47053002389,-0.105004877243,-0.0565810714883,1.43715391178,0.334765588484,3.6042023238,1.21743180482,1.43715391178,3.6042023238,-0.25478627764,-0.359658101918,-800,-0.10296010296,-0.396546469961,-0.027027027027,0.0810810810811,-0.0540540540541,162,11,180,979,0.473684210526,0.988888888889,0.0111111111111,0.526315789474,0.936416184971,0.473684210526,0.629126213592,0.60109934383,0.462573099415,0.458923512748,17,186,0,0,0,0
925,WLNM_dir_neg,0.411673314834,0.299404445192,00:00:04,10,30,3,1235778038,threshold_sweep,0.7,0.352941176471,0.0322580645161,0.0591133004926,6,11,180,361,0.0322580645161,0.970430107527,0.0295698924731,0.967741935484,0.352941176471,0.0322580645161,0.0591133004926,0.65770609319,0.65651135006,0.00347826086957,0.00737330007425,0.00268817204301,342,156,186,0,342,0,156,0,186,37,342,0.256756756757,1.72528881811,18.4864864865,15.5454545455,9.77142857143,5.36771015539,0.290358590277,0.142642642643,9.50849154237,1.02869645341,0.544491860281,8.05331334643,0.871264894205,0.461830251304,0.640599570326,0.371299902718,2,1.72528881811,0.640599570326,2,0.344071394247,0.376569037657,810,0.104247104247,0.56957682835,37,37,37,1,0,0.405405405405,0.540540540541,0.0540540540541,37,0.117117117117,2.21261261261,8.43243243243,7.09090909091,4.45714285714,5.04722443274,0.598549051319,0.327616077616,6.00525295579,1.42432281644,0.680873180873,3.83793300225,0.910278981302,0.463617463617,1.39215458577,0.629190386892,5.2,2.21261261261,1.39215458577,5.2,0,0,0,0,0.161113233172,37,37,37,1,0,0.405405405405,0.540540540541,0.0540540540541,37,173,0.12987987988,2.94272062294,9.35135135135,7.52173913043,4.67567567568,4.63810435545,0.495982257663,0.266208404937,5.87392568926,1.25627312429,0.633963443212,3.58278332255,0.766260016961,0.405249179816,2.07775348211,0.706065491202,5.6042023238,2.94272062294,2.07775348211,5.6042023238,0.0892851166071,0.0169109357384,10,0.001287001287,0.173030358388,37,37,37,1,0,0.378378378378,0.621621621622,0,-169,-0.126876876877,1.21743180482,-9.13513513514,-8.02371541502,-5.09575289575,-0.729605799947,0.205623667386,0.123565762294,-3.63456585311,0.227576670879,0.0894715829307,-4.47053002389,-0.105004877243,-0.0565810714883,1.43715391178,0.334765588484,3.6042023238,1.21743180482,1.43715391178,3.6042023238,-0.25478627764,-0.359658101918,-800,-0.10296010296,-0.396546469961,-0.027027027027,0.0810810810811,-0.0540540540541,162,11,180,979,0.473684210526,0.988888888889,0.0111111111111,0.526315789474,0.936416184971,0.473684210526,0.629126213592,0.60109934383,0.462573099415,0.458923512748,17,186,0,0,0,0
926,WLNM_dir_neg,0.411673314834,0.299404445192,00:00:04,10,30,3,1235778038,threshold_sweep,0.8,0.375,0.0322580645161,0.0594059405941,6,10,180,362,0.0322580645161,0.97311827957,0.0268817204301,0.967741935484,0.375,0.0322580645161,0.0594059405941,0.659498207885,0.657108721625,0.00696864111498,0.0151864184808,0.00537634408602,342,156,186,0,342,0,156,0,186,37,342,0.256756756757,1.72528881811,18.4864864865,15.5454545455,9.77142857143,5.36771015539,0.290358590277,0.142642642643,9.50849154237,1.02869645341,0.544491860281,8.05331334643,0.871264894205,0.461830251304,0.640599570326,0.371299902718,2,1.72528881811,0.640599570326,2,0.344071394247,0.376569037657,810,0.104247104247,0.56957682835,37,37,37,1,0,0.405405405405,0.540540540541,0.0540540540541,37,0.117117117117,2.21261261261,8.43243243243,7.09090909091,4.45714285714,5.04722443274,0.598549051319,0.327616077616,6.00525295579,1.42432281644,0.680873180873,3.83793300225,0.910278981302,0.463617463617,1.39215458577,0.629190386892,5.2,2.21261261261,1.39215458577,5.2,0,0,0,0,0.161113233172,37,37,37,1,0,0.405405405405,0.540540540541,0.0540540540541,37,172,0.129129129129,3.01915018326,9.2972972973,7.47826086957,4.64864864865,4.58175648551,0.492805203383,0.263670647392,5.87469250361,1.26374199206,0.635449402891,3.5917824128,0.77265086787,0.407605279698,2.17855135607,0.72157767048,5.85066898412,3.01915018326,2.17855135607,5.85066898412,0.0849629040806,0.0154462242563,9,0.0011583011583,0.171614021103,37,37,37,1,0,0.378378378378,0.621621621622,0,-170,-0.127627627628,1.29386136515,-9.18918918919,-8.06719367589,-5.12277992278,-0.785953669886,0.202446613106,0.121028004749,-3.63379903876,0.235045538642,0.0909575426099,-4.46153093363,-0.0986140263351,-0.0542249716056,1.53795178574,0.350277767762,3.85066898412,1.29386136515,1.53795178574,3.85066898412,-0.259108490167,-0.361122813401,-801,-0.103088803089,-0.397962807247,-0.027027027027,0.0810810810811,-0.0540540540541,162,10,180,980,0.473684210526,0.989898989899,0.010101010101,0.526315789474,0.941860465116,0.473684210526,0.630350194553,0.603900127975,0.463583200425,0.460227272727,16,186,0,0,0,0
927,WLNM_dir_neg,0.411673314834,0.299404445192,00:00:04,10,30,3,1235778038,threshold_sweep,0.9,0.428571428571,0.0322580645161,0.06,6,8,180,364,0.0322580645161,0.978494623656,0.0215053763441,0.967741935484,0.428571428571,0.0322580645161,0.06,0.663082437276,0.658303464755,0.013986013986,0.0324101861776,0.010752688172,342,156,186,0,342,0,156,0,186,37,342,0.256756756757,1.72528881811,18.4864864865,15.5454545455,9.77142857143,5.36771015539,0.290358590277,0.142642642643,9.50849154237,1.02869645341,0.544491860281,8.05331334643,0.871264894205,0.461830251304,0.640599570326,0.371299902718,2,1.72528881811,0.640599570326,2,0.344071394247,0.376569037657,810,0.104247104247,0.56957682835,37,37,37,1,0,0.405405405405,0.540540540541,0.0540540540541,37,0.117117117117,2.21261261261,8.43243243243,7.09090909091,4.45714285714,5.04722443274,0.598549051319,0.327616077616,6.00525295579,1.42432281644,0.680873180873,3.83793300225,0.910278981302,0.463617463617,1.39215458577,0.629190386892,5.2,2.21261261261,1.39215458577,5.2,0,0,0,0,0.161113233172,37,37,37,1,0,0.405405405405,0.540540540541,0.0540540540541,37,170,0.127627627628,3.05222179985,9.18918918919,7.39130434783,4.59459459459,4.59370243944,0.499902912527,0.268839427663,5.89472202464,1.28296891124,0.641653418124,3.60138445184,0.783830733636,0.411128775835,2.21723850535,0.726434266819,5.90957938487,3.05222179985,2.21723850535,5.90957938487,0.0565424317875,0.0122164048866,7,0.000900900900901,0.166591748689,37,37,37,1,0,0.378378378378,0.621621621622,0,-172,-0.129129129129,1.32693298174,-9.2972972973,-8.15415019763,-5.17683397683,-0.774007715955,0.20954432225,0.12619678502,-3.61376951774,0.25427245783,0.0971615578427,-4.45192889459,-0.0874341605687,-0.0507014754693,1.57663893502,0.355134364101,3.90957938487,1.32693298174,1.57663893502,3.90957938487,-0.28752896246,-0.36435263277,-803,-0.103346203346,-0.402985079661,-0.027027027027,0.0810810810811,-0.0540540540541,162,8,180,982,0.473684210526,0.991919191919,0.00808080808081,0.526315789474,0.952941176471,0.473684210526,0.6328125,0.609563944775,0.465603402446,0.462857142857,14,186,0,0,0,0
928,WLNM_dir_neg,0.284353682507,0.288363083524,00:00:06,10,30,4,1235778039,threshold_sweep,0.1,0.576923076923,0.0806451612903,0.141509433962,15,11,171,361,0.0806451612903,0.970430107527,0.0295698924731,0.91935483871,0.576923076923,0.0806451612903,0.141509433962,0.673835125448,0.651135005974,0.0650684931507,0.114234191683,0.0510752688172,342,156,186,0,342,0,156,0,186,37,342,0.256756756757,1.72528881811,18.4864864865,15.5454545455,9.77142857143,5.36771015539,0.290358590277,0.142642642643,9.50849154237,1.02869645341,0.544491860281,8.05331334643,0.871264894205,0.461830251304,0.640599570326,0.371299902718,2,1.72528881811,0.640599570326,2,0.344071394247,0.376569037657,810,0.104247104247,0.56957682835,37,37,37,1,0,0.405405405405,0.540540540541,0.0540540540541,37,0.117117117117,2.21261261261,8.43243243243,7.09090909091,4.45714285714,5.04722443274,0.598549051319,0.327616077616,6.00525295579,1.42432281644,0.680873180873,3.83793300225,0.910278981302,0.463617463617,1.39215458577,0.629190386892,5.2,2.21261261261,1.39215458577,5.2,0,0,0,0,0.161113233172,37,37,37,1,0,0.405405405405,0.540540540541,0.0540540540541,37,182,0.136636636637,4.47403321921,9.83783783784,6.5,4.91891891892,4.61587546477,0.469196132408,0.259726759727,5.87072955138,1.19349996374,0.606177606178,3.63912671437,0.73982246391,0.387585387585,2.24013514999,0.500697031119,6.37669774665,4.47403321921,2.24013514999,6.37669774665,0.0750119867767,0.0326424870466,21,0.0027027027027,0.169115535192,37,37,37,1,0,0.243243243243,0.756756756757,0,-160,-0.12012012012,2.7487444011,-8.64864864865,-9.04545454545,-4.85250965251,-0.751834690619,0.178837542131,0.117084117084,-3.63776199099,0.164803510328,0.0616857458963,-4.41418663206,-0.131442430294,-0.0742448637185,1.59953557966,0.129397128401,4.37669774665,2.7487444011,1.59953557966,4.37669774665,-0.269059407471,-0.34392655061,-789,-0.101544401544,-0.400461293158,-0.162162162162,0.216216216216,-0.0540540540541,171,11,171,979,0.5,0.988888888889,0.0111111111111,0.5,0.93956043956,0.5,0.652671755725,0.621807853896,0.488888888889,0.484419263456,26,186,0,0,0,0
929,WLNM_dir_neg,0.284353682507,0.288363083524,00:00:06,10,30,4,1235778039,threshold_sweep,0.2,0.56,0.0752688172043,0.132701421801,14,11,172,361,0.0752688172043,0.970430107527,0.0295698924731,0.924731182796,0.56,0.0752688172043,0.132701421801,0.672043010753,0.651732377539,0.0583190394511,0.104135861611,0.0456989247312,342,156,186,0,342,0,156,0,186,37,342,0.256756756757,1.72528881811,18.4864864865,15.5454545455,9.77142857143,5.36771015539,0.290358590277,0.142642642643,9.50849154237,1.02869645341,0.544491860281,8.05331334643,0.871264894205,0.461830251304,0.640599570326,0.371299902718,2,1.72528881811,0.640599570326,2,0.344071394247,0.376569037657,810,0.104247104247,0.56957682835,37,37,37,1,0,0.405405405405,0.540540540541,0.0540540540541,37,0.117117117117,2.21261261261,8.43243243243,7.09090909091,4.45714285714,5.04722443274,0.598549051319,0.327616077616,6.00525295579,1.42432281644,0.680873180873,3.83793300225,0.910278981302,0.463617463617,1.39215458577,0.629190386892,5.2,2.21261261261,1.39215458577,5.2,0,0,0,0,0.161113233172,37,37,37,1,0,0.405405405405,0.540540540541,0.0540540540541,37,181,0.135885885886,4.45374960735,9.78378378378,6.46428571429,4.89189189189,4.57125763837,0.467227990663,0.258025981783,5.85369676066,1.196612045,0.607137524265,3.61926775731,0.73985031503,0.38883081977,2.22446346522,0.499458582393,6.34023026245,4.45374960735,2.22446346522,6.34023026245,0.0750119867767,0.0326424870466,21,0.0027027027027,0.16717320944,37,37,37,1,0,0.243243243243,0.756756756757,0,-161,-0.120870870871,2.72846078923,-8.7027027027,-9.08116883117,-4.87953667954,-0.796452517019,0.176869400385,0.11538333914,-3.65479478171,0.167915591582,0.0626456639833,-4.43404558912,-0.131414579175,-0.0729994315339,1.58386389489,0.128158679675,4.34023026245,2.72846078923,1.58386389489,4.34023026245,-0.269059407471,-0.34392655061,-789,-0.101544401544,-0.40240361891,-0.162162162162,0.216216216216,-0.0540540540541,170,11,172,979,0.497076023392,0.988888888889,0.0111111111111,0.502923976608,0.939226519337,0.497076023392,0.650095602294,0.619524683462,0.485964912281,0.481586402266,25,186,0,0,0,0
930,WLNM_dir_neg,0.284353682507,0.288363083524,00:00:06,10,30,4,1235778039,threshold_sweep,0.3,0.736842105263,0.0752688172043,0.136585365854,14,5,172,367,0.0752688172043,0.986559139785,0.0134408602151,0.924731182796,0.736842105263,0.0752688172043,0.136585365854,0.682795698925,0.65531660693,0.0797227036395,0.160709538929,0.0618279569892,342,156,186,0,342,0,156,0,186,37,342,0.256756756757,1.72528881811,18.4864864865,15.5454545455,9.77142857143,5.36771015539,0.290358590277,0.142642642643,9.50849154237,1.02869645341,0.544491860281,8.05331334643,0.871264894205,0.461830251304,0.640599570326,0.371299902718,2,1.72528881811,0.640599570326,2,0.344071394247,0.376569037657,810,0.104247104247,0.56957682835,37,37,37,1,0,0.405405405405,0.540540540541,0.0540540540541,37,0.117117117117,2.21261261261,8.43243243243,7.09090909091,4.45714285714,5.04722443274,0.598549051319,0.327616077616,6.00525295579,1.42432281644,0.680873180873,3.83793300225,0.910278981302,0.463617463617,1.39215458577,0.629190386892,5.2,2.21261261261,1.39215458577,5.2,0,0,0,0,0.161113233172,37,37,37,1,0,0.405405405405,0.540540540541,0.0540540540541,37,175,0.131381381381,2.16130120268,9.45945945946,7.95454545455,4.72972972973,4.45093370101,0.470527276964,0.254671814672,5.97517386381,1.26332247406,0.64,3.65641482457,0.77307056291,0.402162162162,1.20658307054,0.558266968547,3.59273594495,2.16130120268,1.20658307054,3.59273594495,0.0715156332803,0.0249861188229,15,0.0019305019305,0.195634082979,37,37,37,1,0,0.405405405405,0.594594594595,0,-167,-0.125375375375,0.436012384566,-9.02702702703,-7.59090909091,-5.0416988417,-0.916776454381,0.180168686687,0.112029172029,-3.53331767857,0.234626020647,0.0955081397187,-4.39689852186,-0.0981943312948,-0.0596680891418,0.565983500211,0.186967065829,1.59273594495,0.436012384566,0.565983500211,1.59273594495,-0.272555760967,-0.351582918834,-795,-0.102316602317,-0.373942745371,0,0.0540540540541,-0.0540540540541,170,5,172,985,0.497076023392,0.994949494949,0.00505050505051,0.502923976608,0.971428571429,0.497076023392,0.657640232108,0.636257000931,0.492025518341,0.489913544669,19,186,0,0,0,0
931,WLNM_dir_neg,0.284353682507,0.288363083524,00:00:06,10,30,4,1235778039,threshold_sweep,0.4,0.722222222222,0.0698924731183,0.127450980392,13,5,173,367,0.0698924731183,0.986559139785,0.0134408602151,0.930107526882,0.722222222222,0.0698924731183,0.127450980392,0.681003584229,0.655913978495,0.0729166666667,0.150616019019,0.0564516129032,342,156,186,0,342,0,156,0,186,37,342,0.256756756757,1.72528881811,18.4864864865,15.5454545455,9.77142857143,5.36771015539,0.290358590277,0.142642642643,9.50849154237,1.02869645341,0.544491860281,8.05331334643,0.871264894205,0.461830251304,0.640599570326,0.371299902718,2,1.72528881811,0.640599570326,2,0.344071394247,0.376569037657,810,0.104247104247,0.56957682835,37,37,37,1,0,0.405405405405,0.540540540541,0.0540540540541,37,0.117117117117,2.21261261261,8.43243243243,7.09090909091,4.45714285714,5.04722443274,0.598549051319,0.327616077616,6.00525295579,1.42432281644,0.680873180873,3.83793300225,0.910278981302,0.463617463617,1.39215458577,0.629190386892,5.2,2.21261261261,1.39215458577,5.2,0,0,0,0,0.161113233172,37,37,37,1,0,0.405405405405,0.540540540541,0.0540540540541,37,174,0.130630630631,2.18502989903,9.40540540541,7.90909090909,4.7027027027,4.47498888552,0.475789048173,0.256756756757,5.98546788696,1.272771907,0.643056849953,3.62755553495,0.771376751685,0.403230817024,1.25720368633,0.575371388233,4.19058609919,2.18502989903,1.25720368633,4.19058609919,0.0812753930401,0.0251537171604,15,0.0019305019305,0.188902703559,37,37,37,1,0,0.405405405405,0.594594594595,0,-168,-0.126126126126,0.459741080916,-9.08108108108,-7.63636363636,-5.06872586873,-0.892721269874,0.185430457896,0.114114114114,-3.52302365542,0.244075453582,0.0985649896721,-4.42575781148,-0.0998881425197,-0.05859943428,0.616604116009,0.204071485515,2.19058609919,0.459741080916,0.616604116009,2.19058609919,-0.262796001207,-0.351415320496,-795,-0.102316602317,-0.380674124791,0,0.0540540540541,-0.0540540540541,169,5,173,985,0.494152046784,0.994949494949,0.00505050505051,0.505847953216,0.971264367816,0.494152046784,0.65503875969,0.634016818156,0.489101541733,0.487031700288,18,186,0,0,0,0
932,WLNM_dir_neg,0.284353682507,0.288363083524,00:00:06,10,30,4,1235778039,threshold_sweep,0.5,0.764705882353,0.0698924731183,0.128078817734,13,4,173,368,0.0698924731183,0.989247311828,0.010752688172,0.930107526882,0.764705882353,0.0698924731183,0.128078817734,0.682795698925,0.65651135006,0.0765217391304,0.162212601634,0.0591397849462,342,156,186,0,342,0,156,0,186,37,342,0.256756756757,1.72528881811,18.4864864865,15.5454545455,9.77142857143,5.36771015539,0.290358590277,0.142642642643,9.50849154237,1.02869645341,0.544491860281,8.05331334643,0.871264894205,0.461830251304,0.640599570326,0.371299902718,2,1.72528881811,0.640599570326,2,0.344071394247,0.376569037657,810,0.104247104247,0.56957682835,37,37,37,1,0,0.405405405405,0.540540540541,0.0540540540541,37,0.117117117117,2.21261261261,8.43243243243,7.09090909091,4.45714285714,5.04722443274,0.598549051319,0.327616077616,6.00525295579,1.42432281644,0.680873180873,3.83793300225,0.910278981302,0.463617463617,1.39215458577,0.629190386892,5.2,2.21261261261,1.39215458577,5.2,0,0,0,0,0.161113233172,37,37,37,1,0,0.405405405405,0.540540540541,0.0540540540541,37,173,0.12987987988,2.19872479183,9.35135135135,7.86363636364,4.67567567568,4.51058148639,0.482345419065,0.259334478988,6.00025024503,1.28329051483,0.646773941572,3.65189489667,0.781041105069,0.408061240431,1.28912323787,0.586304953973,4.53563218391,2.19872479183,1.28912323787,4.53563218391,0.0896838014485,0.0236220472441,14,0.0018018018018,0.188421703078,37,37,37,1,0,0.405405405405,0.594594594595,0,-169,-0.126876876877,0.473435973713,-9.13513513514,-7.68181818182,-5.09575289575,-0.857128669005,0.191986828787,0.116691836345,-3.50824129734,0.254594061419,0.10228208129,-4.40141844976,-0.0902237891364,-0.0537690108728,0.648523667546,0.215005051255,2.53563218391,0.473435973713,0.648523667546,2.53563218391,-0.254387592799,-0.352946990413,-796,-0.102445302445,-0.381155125272,0,0.0540540540541,-0.0540540540541,169,4,173,986,0.494152046784,0.99595959596,0.0040404040404,0.505847953216,0.976878612717,0.494152046784,0.656310679612,0.636884823672,0.490111642743,0.488439306358,17,186,0,0,0,0
933,WLNM_dir_neg,0.284353682507,0.288363083524,00:00:06,10,30,4,1235778039,threshold_sweep,0.6,0.764705882353,0.0698924731183,0.128078817734,13,4,173,368,0.0698924731183,0.989247311828,0.010752688172,0.930107526882,0.764705882353,0.0698924731183,0.128078817734,0.682795698925,0.65651135006,0.0765217391304,0.162212601634,0.0591397849462,342,156,186,0,342,0,156,0,186,37,342,0.256756756757,1.72528881811,18.4864864865,15.5454545455,9.77142857143,5.36771015539,0.290358590277,0.142642642643,9.50849154237,1.02869645341,0.544491860281,8.05331334643,0.871264894205,0.461830251304,0.640599570326,0.371299902718,2,1.72528881811,0.640599570326,2,0.344071394247,0.376569037657,810,0.104247104247,0.56957682835,37,37,37,1,0,0.405405405405,0.540540540541,0.0540540540541,37,0.117117117117,2.21261261261,8.43243243243,7.09090909091,4.45714285714,5.04722443274,0.598549051319,0.327616077616,6.00525295579,1.42432281644,0.680873180873,3.83793300225,0.910278981302,0.463617463617,1.39215458577,0.629190386892,5.2,2.21261261261,1.39215458577,5.2,0,0,0,0,0.161113233172,37,37,37,1,0,0.405405405405,0.540540540541,0.0540540540541,37,173,0.12987987988,2.19872479183,9.35135135135,7.86363636364,4.67567567568,4.51058148639,0.482345419065,0.259334478988,6.00025024503,1.28329051483,0.646773941572,3.65189489667,0.781041105069,0.408061240431,1.28912323787,0.586304953973,4.53563218391,2.19872479183,1.28912323787,4.53563218391,0.0896838014485,0.0236220472441,14,0.0018018018018,0.188421703078,37,37,37,1,0,0.405405405405,0.594594594595,0,-169,-0.126876876877,0.473435973713,-9.13513513514,-7.68181818182,-5.09575289575,-0.857128669005,0.191986828787,0.116691836345,-3.50824129734,0.254594061419,0.10228208129,-4.40141844976,-0.0902237891364,-0.0537690108728,0.648523667546,0.215005051255,2.53563218391,0.473435973713,0.648523667546,2.53563218391,-0.254387592799,-0.352946990413,-796,-0.102445302445,-0.381155125272,0,0.0540540540541,-0.0540540540541,169,4,173,986,0.494152046784,0.99595959596,0.0040404040404,0.505847953216,0.976878612717,0.494152046784,0.656310679612,0.636884823672,0.490111642743,0.488439306358,17,186,0,0,0,0
934,WLNM_dir_neg,0.284353682507,0.288363083524,00:00:06,10,30,4,1235778039,threshold_sweep,0.7,0.714285714286,0.0537634408602,0.1,10,4,176,368,0.0537634408602,0.989247311828,0.010752688172,0.94623655914,0.714285714286,0.0537634408602,0.1,0.677419354839,0.658303464755,0.0559440559441,0.12964074471,0.0430107526882,342,156,186,0,342,0,156,0,186,37,342,0.256756756757,1.72528881811,18.4864864865,15.5454545455,9.77142857143,5.36771015539,0.290358590277,0.142642642643,9.50849154237,1.02869645341,0.544491860281,8.05331334643,0.871264894205,0.461830251304,0.640599570326,0.371299902718,2,1.72528881811,0.640599570326,2,0.344071394247,0.376569037657,810,0.104247104247,0.56957682835,37,37,37,1,0,0.405405405405,0.540540540541,0.0540540540541,37,0.117117117117,2.21261261261,8.43243243243,7.09090909091,4.45714285714,5.04722443274,0.598549051319,0.327616077616,6.00525295579,1.42432281644,0.680873180873,3.83793300225,0.910278981302,0.463617463617,1.39215458577,0.629190386892,5.2,2.21261261261,1.39215458577,5.2,0,0,0,0,0.161113233172,37,37,37,1,0,0.405405405405,0.540540540541,0.0540540540541,37,170,0.127627627628,2.22664290836,9.18918918919,7.72727272727,4.59459459459,4.59974539053,0.500560527792,0.27027027027,5.99286362388,1.30432914167,0.652782193959,3.66256937332,0.797147451841,0.413672496025,1.34850174965,0.605621020139,4.53563218391,2.22664290836,1.34850174965,4.53563218391,0.107208468973,0.0206777713957,12,0.0015444015444,0.179181340266,37,37,37,1,0,0.405405405405,0.594594594595,0,-172,-0.129129129129,0.501354090246,-9.2972972973,-7.81818181818,-5.17683397683,-0.767964764868,0.210201937515,0.127627627628,-3.5156279185,0.275632688253,0.108290333677,-4.39074397311,-0.0741174423637,-0.0481577552785,0.707902179321,0.234321117422,2.53563218391,0.501354090246,0.707902179321,2.53563218391,-0.236862925274,-0.355891266261,-798,-0.102702702703,-0.390395488084,0,0.0540540540541,-0.0540540540541,166,4,176,986,0.485380116959,0.99595959596,0.0040404040404,0.514619883041,0.976470588235,0.485380116959,0.6484375,0.630165786252,0.481339712919,0.479768786127,14,186,0,0,0,0
935,WLNM_dir_neg,0.284353682507,0.288363083524,00:00:06,10,30,4,1235778039,threshold_sweep,0.8,0.714285714286,0.0537634408602,0.1,10,4,176,368,0.0537634408602,0.989247311828,0.010752688172,0.94623655914,0.714285714286,0.0537634408602,0.1,0.677419354839,0.658303464755,0.0559440559441,0.12964074471,0.0430107526882,342,156,186,0,342,0,156,0,186,37,342,0.256756756757,1.72528881811,18.4864864865,15.5454545455,9.77142857143,5.36771015539,0.290358590277,0.142642642643,9.50849154237,1.02869645341,0.544491860281,8.05331334643,0.871264894205,0.461830251304,0.640599570326,0.371299902718,2,1.72528881811,0.640599570326,2,0.344071394247,0.376569037657,810,0.104247104247,0.56957682835,37,37,37,1,0,0.405405405405,0.540540540541,0.0540540540541,37,0.117117117117,2.21261261261,8.43243243243,7.09090909091,4.45714285714,5.04722443274,0.598549051319,0.327616077616,6.00525295579,1.42432281644,0.680873180873,3.83793300225,0.910278981302,0.463617463617,1.39215458577,0.629190386892,5.2,2.21261261261,1.39215458577,5.2,0,0,0,0,0.161113233172,37,37,37,1,0,0.405405405405,0.540540540541,0.0540540540541,37,170,0.127627627628,2.22664290836,9.18918918919,7.72727272727,4.59459459459,4.59974539053,0.500560527792,0.27027027027,5.99286362388,1.30432914167,0.652782193959,3.66256937332,0.797147451841,0.413672496025,1.34850174965,0.605621020139,4.53563218391,2.22664290836,1.34850174965,4.53563218391,0.107208468973,0.0206777713957,12,0.0015444015444,0.179181340266,37,37,37,1,0,0.405405405405,0.594594594595,0,-172,-0.129129129129,0.501354090246,-9.2972972973,-7.81818181818,-5.17683397683,-0.767964764868,0.210201937515,0.127627627628,-3.5156279185,0.275632688253,0.108290333677,-4.39074397311,-0.0741174423637,-0.0481577552785,0.707902179321,0.234321117422,2.53563218391,0.501354090246,0.707902179321,2.53563218391,-0.236862925274,-0.355891266261,-798,-0.102702702703,-0.390395488084,0,0.0540540540541,-0.0540540540541,166,4,176,986,0.485380116959,0.99595959596,0.0040404040404,0.514619883041,0.976470588235,0.485380116959,0.6484375,0.630165786252,0.481339712919,0.479768786127,14,186,0,0,0,0
936,WLNM_dir_neg,0.284353682507,0.288363083524,00:00:06,10,30,4,1235778039,threshold_sweep,0.9,0.714285714286,0.0537634408602,0.1,10,4,176,368,0.0537634408602,0.989247311828,0.010752688172,0.94623655914,0.714285714286,0.0537634408602,0.1,0.677419354839,0.658303464755,0.0559440559441,0.12964074471,0.0430107526882,342,156,186,0,342,0,156,0,186,37,342,0.256756756757,1.72528881811,18.4864864865,15.5454545455,9.77142857143,5.36771015539,0.290358590277,0.142642642643,9.50849154237,1.02869645341,0.544491860281,8.05331334643,0.871264894205,0.461830251304,0.640599570326,0.371299902718,2,1.72528881811,0.640599570326,2,0.344071394247,0.376569037657,810,0.104247104247,0.56957682835,37,37,37,1,0,0.405405405405,0.540540540541,0.0540540540541,37,0.117117117117,2.21261261261,8.43243243243,7.09090909091,4.45714285714,5.04722443274,0.598549051319,0.327616077616,6.00525295579,1.42432281644,0.680873180873,3.83793300225,0.910278981302,0.463617463617,1.39215458577,0.629190386892,5.2,2.21261261261,1.39215458577,5.2,0,0,0,0,0.161113233172,37,37,37,1,0,0.405405405405,0.540540540541,0.0540540540541,37,170,0.127627627628,2.22664290836,9.18918918919,7.72727272727,4.59459459459,4.59974539053,0.500560527792,0.27027027027,5.99286362388,1.30432914167,0.652782193959,3.66256937332,0.797147451841,0.413672496025,1.34850174965,0.605621020139,4.53563218391,2.22664290836,1.34850174965,4.53563218391,0.107208468973,0.0206777713957,12,0.0015444015444,0.179181340266,37,37,37,1,0,0.405405405405,0.594594594595,0,-172,-0.129129129129,0.501354090246,-9.2972972973,-7.81818181818,-5.17683397683,-0.767964764868,0.210201937515,0.127627627628,-3.5156279185,0.275632688253,0.108290333677,-4.39074397311,-0.0741174423637,-0.0481577552785,0.707902179321,0.234321117422,2.53563218391,0.501354090246,0.707902179321,2.53563218391,-0.236862925274,-0.355891266261,-798,-0.102702702703,-0.390395488084,0,0.0540540540541,-0.0540540540541,166,4,176,986,0.485380116959,0.99595959596,0.0040404040404,0.514619883041,0.976470588235,0.485380116959,0.6484375,0.630165786252,0.481339712919,0.479768786127,14,186,0,0,0,0
937,WLNM_dir_neg,0.470198866921,0.312379378351,00:00:06,10,30,5,1235778040,threshold_sweep,0.1,0.333333333333,0.0322580645161,0.0588235294118,6,12,180,360,0.0322580645161,0.967741935484,0.0322580645161,0.967741935484,0.333333333333,0.0322580645161,0.0588235294118,0.655913978495,0.655913978495,0,0,0,342,156,186,0,342,0,156,0,186,37,342,0.256756756757,1.72528881811,18.4864864865,15.5454545455,9.77142857143,5.36771015539,0.290358590277,0.142642642643,9.50849154237,1.02869645341,0.544491860281,8.05331334643,0.871264894205,0.461830251304,0.640599570326,0.371299902718,2,1.72528881811,0.640599570326,2,0.344071394247,0.376569037657,810,0.104247104247,0.56957682835,37,37,37,1,0,0.405405405405,0.540540540541,0.0540540540541,37,0.117117117117,2.22747747748,8.43243243243,7.09090909091,4.45714285714,5.03620525429,0.597242289772,0.326923076923,6.00525295579,1.42432281644,0.680873180873,3.83793300225,0.910278981302,0.463617463617,1.42084529335,0.637871901162,5.2,2.22747747748,1.42084529335,5.2,0,0,0,0,0.160752482811,37,37,37,1,0,0.405405405405,0.540540540541,0.0540540540541,37,174,0.130630630631,6.08958753365,9.40540540541,6,4.97142857143,4.91855590516,0.522949909457,0.289996893445,5.79206768331,1.23164657634,0.609506057782,3.65045556415,0.776246298124,0.412861136999,2.99864783224,0.492422157604,8.25351323424,6.08958753365,2.99864783224,8.25351323424,0.0457247971954,0.0275824770146,17,0.0021879021879,0.156739908607,37,37,37,1,0,0.216216216216,0.72972972973,0.0540540540541,-168,-0.126126126126,4.36429871553,-9.08108108108,-9.54545454545,-4.8,-0.449154250232,0.23259131918,0.147354250803,-3.71642385906,0.202950122921,0.0650141975006,-4.40285778229,-0.0950185960813,-0.0489691143049,2.35804826191,0.121122254887,6.25351323424,4.36429871553,2.35804826191,6.25351323424,-0.298346597052,-0.348986560642,-793,-0.102059202059,-0.412836919743,-0.189189189189,0.189189189189,0,162,12,180,978,0.473684210526,0.987878787879,0.0121212121212,0.526315789474,0.931034482759,0.473684210526,0.627906976744,0.598318914699,0.461562998405,0.457627118644,18,186,0,0,0,0
938,WLNM_dir_neg,0.470198866921,0.312379378351,00:00:06,10,30,5,1235778040,threshold_sweep,0.2,0.375,0.0322580645161,0.0594059405941,6,10,180,362,0.0322580645161,0.97311827957,0.0268817204301,0.967741935484,0.375,0.0322580645161,0.0594059405941,0.659498207885,0.657108721625,0.00696864111498,0.0151864184808,0.00537634408602,342,156,186,0,342,0,156,0,186,37,342,0.256756756757,1.72528881811,18.4864864865,15.5454545455,9.77142857143,5.36771015539,0.290358590277,0.142642642643,9.50849154237,1.02869645341,0.544491860281,8.05331334643,0.871264894205,0.461830251304,0.640599570326,0.371299902718,2,1.72528881811,0.640599570326,2,0.344071394247,0.376569037657,810,0.104247104247,0.56957682835,37,37,37,1,0,0.405405405405,0.540540540541,0.0540540540541,37,0.117117117117,2.22747747748,8.43243243243,7.09090909091,4.45714285714,5.03620525429,0.597242289772,0.326923076923,6.00525295579,1.42432281644,0.680873180873,3.83793300225,0.910278981302,0.463617463617,1.42084529335,0.637871901162,5.2,2.22747747748,1.42084529335,5.2,0,0,0,0,0.160752482811,37,37,37,1,0,0.405405405405,0.540540540541,0.0540540540541,37,172,0.129129129129,5.91051968213,9.2972972973,5.93103448276,4.91428571429,4.94898903742,0.532304053443,0.295883092395,5.81767525265,1.25147665319,0.615650534255,3.69095152002,0.793983757213,0.420804525456,2.8915202346,0.489215904879,8.10874393476,5.91051968213,2.8915202346,8.10874393476,0.0624078668196,0.0263736263736,16,0.0020592020592,0.15756092667,37,37,37,1,0,0.216216216216,0.72972972973,0.0540540540541,-170,-0.127627627628,4.18523086402,-9.18918918919,-9.6144200627,-4.85714285714,-0.418721117974,0.241945463166,0.153240449752,-3.69081628972,0.222780199772,0.0711586739739,-4.36236182642,-0.0772811369917,-0.0410257258482,2.25092066427,0.117916002161,6.10874393476,4.18523086402,2.25092066427,6.10874393476,-0.281663527428,-0.350195411283,-794,-0.102187902188,-0.41201590168,-0.189189189189,0.189189189189,0,162,10,180,980,0.473684210526,0.989898989899,0.010101010101,0.526315789474,0.941860465116,0.473684210526,0.630350194553,0.603900127975,0.463583200425,0.460227272727,16,186,0,0,0,0
939,WLNM_dir_neg,0.470198866921,0.312379378351,00:00:06,10,30,5,1235778040,threshold_sweep,0.3,0.375,0.0322580645161,0.0594059405941,6,10,180,362,0.0322580645161,0.97311827957,0.0268817204301,0.967741935484,0.375,0.0322580645161,0.0594059405941,0.659498207885,0.657108721625,0.00696864111498,0.0151864184808,0.00537634408602,342,156,186,0,342,0,156,0,186,37,342,0.256756756757,1.72528881811,18.4864864865,15.5454545455,9.77142857143,5.36771015539,0.290358590277,0.142642642643,9.50849154237,1.02869645341,0.544491860281,8.05331334643,0.871264894205,0.461830251304,0.640599570326,0.371299902718,2,1.72528881811,0.640599570326,2,0.344071394247,0.376569037657,810,0.104247104247,0.56957682835,37,37,37,1,0,0.405405405405,0.540540540541,0.0540540540541,37,0.117117117117,2.22747747748,8.43243243243,7.09090909091,4.45714285714,5.03620525429,0.597242289772,0.326923076923,6.00525295579,1.42432281644,0.680873180873,3.83793300225,0.910278981302,0.463617463617,1.42084529335,0.637871901162,5.2,2.22747747748,1.42084529335,5.2,0,0,0,0,0.160752482811,37,37,37,1,0,0.405405405405,0.540540540541,0.0540540540541,37,172,0.129129129129,5.91051968213,9.2972972973,5.93103448276,4.91428571429,4.94898903742,0.532304053443,0.295883092395,5.81767525265,1.25147665319,0.615650534255,3.69095152002,0.793983757213,0.420804525456,2.8915202346,0.489215904879,8.10874393476,5.91051968213,2.8915202346,8.10874393476,0.0624078668196,0.0263736263736,16,0.0020592020592,0.15756092667,37,37,37,1,0,0.216216216216,0.72972972973,0.0540540540541,-170,-0.127627627628,4.18523086402,-9.18918918919,-9.6144200627,-4.85714285714,-0.418721117974,0.241945463166,0.153240449752,-3.69081628972,0.222780199772,0.0711586739739,-4.36236182642,-0.0772811369917,-0.0410257258482,2.25092066427,0.117916002161,6.10874393476,4.18523086402,2.25092066427,6.10874393476,-0.281663527428,-0.350195411283,-794,-0.102187902188,-0.41201590168,-0.189189189189,0.189189189189,0,162,10,180,980,0.473684210526,0.989898989899,0.010101010101,0.526315789474,0.941860465116,0.473684210526,0.630350194553,0.603900127975,0.463583200425,0.460227272727,16,186,0,0,0,0
940,WLNM_dir_neg,0.470198866921,0.312379378351,00:00:06,10,30,5,1235778040,threshold_sweep,0.4,0.625,0.0268817204301,0.0515463917526,5,3,181,369,0.0268817204301,0.991935483871,0.00806451612903,0.97311827957,0.625,0.0268817204301,0.0515463917526,0.670250896057,0.661887694146,0.0247349823322,0.0746202507245,0.0188172043011,342,156,186,0,342,0,156,0,186,37,342,0.256756756757,1.72528881811,18.4864864865,15.5454545455,9.77142857143,5.36771015539,0.290358590277,0.142642642643,9.50849154237,1.02869645341,0.544491860281,8.05331334643,0.871264894205,0.461830251304,0.640599570326,0.371299902718,2,1.72528881811,0.640599570326,2,0.344071394247,0.376569037657,810,0.104247104247,0.56957682835,37,37,37,1,0,0.405405405405,0.540540540541,0.0540540540541,37,0.117117117117,2.22747747748,8.43243243243,7.09090909091,4.45714285714,5.03620525429,0.597242289772,0.326923076923,6.00525295579,1.42432281644,0.680873180873,3.83793300225,0.910278981302,0.463617463617,1.42084529335,0.637871901162,5.2,2.22747747748,1.42084529335,5.2,0,0,0,0,0.160752482811,37,37,37,1,0,0.405405405405,0.540540540541,0.0540540540541,37,164,0.123123123123,2.45774197843,8.86486486486,7.13043478261,4.68571428571,4.9168766179,0.554647667263,0.302076466711,5.95137958115,1.34268929575,0.658206987475,3.70840292474,0.836651879363,0.438035596572,1.53782898597,0.62570806841,5.42333201215,2.45774197843,1.53782898597,5.42333201215,0.0290054760643,0.00178677784395,1,0.0001287001287,0.155067343143,37,37,37,1,0,0.378378378378,0.567567567568,0.0540540540541,-178,-0.133633633634,0.732453160317,-9.62162162162,-8.41501976285,-5.08571428571,-0.450833537491,0.264289076986,0.159433824068,-3.55711196123,0.313992842332,0.113715127194,-4.34491042169,-0.0346130148418,-0.0237946547318,0.897229415648,0.254408165692,3.42333201215,0.732453160317,0.897229415648,3.42333201215,-0.315065918183,-0.374782259813,-809,-0.104118404118,-0.414509485207,-0.027027027027,0.027027027027,0,161,3,181,987,0.470760233918,0.99696969697,0.0030303030303,0.529239766082,0.981707317073,0.470760233918,0.636363636364,0.621845458637,0.467729930888,0.466666666667,8,186,0,0,0,0
941,WLNM_dir_neg,0.470198866921,0.312379378351,00:00:06,10,30,5,1235778040,threshold_sweep,0.5,0.5,0.0161290322581,0.03125,3,3,183,369,0.0161290322581,0.991935483871,0.00806451612903,0.983870967742,0.5,0.0161290322581,0.03125,0.666666666667,0.663082437276,0.0106382978723,0.0368604890387,0.00806451612903,342,156,186,0,342,0,156,0,186,37,342,0.256756756757,1.72528881811,18.4864864865,15.5454545455,9.77142857143,5.36771015539,0.290358590277,0.142642642643,9.50849154237,1.02869645341,0.544491860281,8.05331334643,0.871264894205,0.461830251304,0.640599570326,0.371299902718,2,1.72528881811,0.640599570326,2,0.344071394247,0.376569037657,810,0.104247104247,0.56957682835,37,37,37,1,0,0.405405405405,0.540540540541,0.0540540540541,37,0.117117117117,2.22747747748,8.43243243243,7.09090909091,4.45714285714,5.03620525429,0.597242289772,0.326923076923,6.00525295579,1.42432281644,0.680873180873,3.83793300225,0.910278981302,0.463617463617,1.42084529335,0.637871901162,5.2,2.22747747748,1.42084529335,5.2,0,0,0,0,0.160752482811,37,37,37,1,0,0.405405405405,0.540540540541,0.0540540540541,37,162,0.121621621622,2.43124520818,8.75675675676,7.04347826087,4.62857142857,5.0464806516,0.576295629967,0.314814814815,5.97843974142,1.36544611378,0.665331998665,3.72939786137,0.851776054758,0.442108775442,1.51623290989,0.623644585411,5.42333201215,2.43124520818,1.51623290989,5.42333201215,0.0298111837328,0.00179748352307,1,0.0001287001287,0.15325574894,37,37,37,1,0,0.378378378378,0.567567567568,0.0540540540541,-180,-0.135135135135,0.705956390063,-9.72972972973,-8.50197628458,-5.14285714286,-0.321229503794,0.285937039689,0.172172172172,-3.53005180096,0.336749660365,0.120840138384,-4.32391548506,-0.019488839447,-0.0197214758618,0.875633339559,0.252344682693,3.42333201215,0.705956390063,0.875633339559,3.42333201215,-0.314260210515,-0.374771554134,-809,-0.104118404118,-0.41632107941,-0.027027027027,0.027027027027,0,159,3,183,987,0.464912280702,0.99696969697,0.0030303030303,0.535087719298,0.981481481481,0.464912280702,0.630952380952,0.617321252798,0.461881977671,0.460869565217,6,186,0,0,0,0
942,WLNM_dir_neg,0.470198866921,0.312379378351,00:00:06,10,30,5,1235778040,threshold_sweep,0.6,0.6,0.0161290322581,0.0314136125654,3,2,183,370,0.0161290322581,0.994623655914,0.00537634408602,0.983870967742,0.6,0.0161290322581,0.0314136125654,0.668458781362,0.663679808841,0.0142095914742,0.0537894898881,0.010752688172,342,156,186,0,342,0,156,0,186,37,342,0.256756756757,1.72528881811,18.4864864865,15.5454545455,9.77142857143,5.36771015539,0.290358590277,0.142642642643,9.50849154237,1.02869645341,0.544491860281,8.05331334643,0.871264894205,0.461830251304,0.640599570326,0.371299902718,2,1.72528881811,0.640599570326,2,0.344071394247,0.376569037657,810,0.104247104247,0.56957682835,37,37,37,1,0,0.405405405405,0.540540540541,0.0540540540541,37,0.117117117117,2.22747747748,8.43243243243,7.09090909091,4.45714285714,5.03620525429,0.597242289772,0.326923076923,6.00525295579,1.42432281644,0.680873180873,3.83793300225,0.910278981302,0.463617463617,1.42084529335,0.637871901162,5.2,2.22747747748,1.42084529335,5.2,0,0,0,0,0.160752482811,37,37,37,1,0,0.405405405405,0.540540540541,0.0540540540541,37,161,0.120870870871,2.46917853814,8.7027027027,7,4.6,5.0269543732,0.577631403132,0.315762967937,5.99173605067,1.3769828191,0.668457277153,3.74326221524,0.860252807228,0.444183313749,1.56435242954,0.633551768483,5.53946360153,2.46917853814,1.56435242954,5.53946360153,0.0298111837328,0.00179748352307,1,0.0001287001287,0.151312402431,37,37,37,1,0,0.378378378378,0.567567567568,0.0540540540541,-181,-0.135885885886,0.743889720029,-9.78378378378,-8.54545454545,-5.17142857143,-0.34075578219,0.287272812855,0.173120325294,-3.5167554917,0.348286365683,0.123965416872,-4.3100511312,-0.0110120869768,-0.0176469375554,0.923752859215,0.262251865765,3.53946360153,0.743889720029,0.923752859215,3.53946360153,-0.314260210515,-0.374771554134,-809,-0.104118404118,-0.418264425919,-0.027027027027,0.027027027027,0,159,2,183,988,0.464912280702,0.99797979798,0.0020202020202,0.535087719298,0.987577639752,0.464912280702,0.632206759443,0.620324613584,0.462892078682,0.462209302326,5,186,0,0,0,0
943,WLNM_dir_neg,0.470198866921,0.312379378351,00:00:06,10,30,5,1235778040,threshold_sweep,0.7,0.75,0.0161290322581,0.0315789473684,3,1,183,371,0.0161290322581,0.997311827957,0.00268817204301,0.983870967742,0.75,0.0161290322581,0.0315789473684,0.670250896057,0.664277180406,0.017793594306,0.0751052210158,0.0134408602151,342,156,186,0,342,0,156,0,186,37,342,0.256756756757,1.72528881811,18.4864864865,15.5454545455,9.77142857143,5.36771015539,0.290358590277,0.142642642643,9.50849154237,1.02869645341,0.544491860281,8.05331334643,0.871264894205,0.461830251304,0.640599570326,0.371299902718,2,1.72528881811,0.640599570326,2,0.344071394247,0.376569037657,810,0.104247104247,0.56957682835,37,37,37,1,0,0.405405405405,0.540540540541,0.0540540540541,37,0.117117117117,2.22747747748,8.43243243243,7.09090909091,4.45714285714,5.03620525429,0.597242289772,0.326923076923,6.00525295579,1.42432281644,0.680873180873,3.83793300225,0.910278981302,0.463617463617,1.42084529335,0.637871901162,5.2,2.22747747748,1.42084529335,5.2,0,0,0,0,0.160752482811,37,37,37,1,0,0.405405405405,0.540540540541,0.0540540540541,37,160,0.12012012012,2.27764611903,8.64864864865,7.27272727273,4.57142857143,5.02336881328,0.580827019036,0.317567567568,6.00950198553,1.38969733415,0.673986486486,3.76426216803,0.870485626357,0.448986486486,1.43906789571,0.631822425658,5.31034482759,2.27764611903,1.43906789571,5.31034482759,0.0298111837328,0.00181598062954,1,0.0001287001287,0.164280105982,37,37,37,1,0,0.405405405405,0.540540540541,0.0540540540541,-182,-0.136636636637,0.552357300911,-9.83783783784,-8.27272727273,-5.2,-0.344341342113,0.290468428758,0.174924924925,-3.49898955684,0.361000880739,0.129494626205,-4.2890511784,-0.000779267847698,-0.0128437648174,0.798468325387,0.26052252294,3.31034482759,0.552357300911,0.798468325387,3.31034482759,-0.314260210515,-0.374753057027,-809,-0.104118404118,-0.405296722368,0,0,0,159,1,183,989,0.464912280702,0.99898989899,0.0010101010101,0.535087719298,0.99375,0.464912280702,0.633466135458,0.623351869423,0.463902179692,0.463556851312,4,186,0,0,0,0
944,WLNM_dir_neg,0.470198866921,0.312379378351,00:00:06,10,30,5,1235778040,threshold_sweep,0.8,0.75,0.0161290322581,0.0315789473684,3,1,183,371,0.0161290322581,0.997311827957,0.00268817204301,0.983870967742,0.75,0.0161290322581,0.0315789473684,0.670250896057,0.664277180406,0.017793594306,0.0751052210158,0.0134408602151,342,156,186,0,342,0,156,0,186,37,342,0.256756756757,1.72528881811,18.4864864865,15.5454545455,9.77142857143,5.36771015539,0.290358590277,0.142642642643,9.50849154237,1.02869645341,0.544491860281,8.05331334643,0.871264894205,0.461830251304,0.640599570326,0.371299902718,2,1.72528881811,0.640599570326,2,0.344071394247,0.376569037657,810,0.104247104247,0.56957682835,37,37,37,1,0,0.405405405405,0.540540540541,0.0540540540541,37,0.117117117117,2.22747747748,8.43243243243,7.09090909091,4.45714285714,5.03620525429,0.597242289772,0.326923076923,6.00525295579,1.42432281644,0.680873180873,3.83793300225,0.910278981302,0.463617463617,1.42084529335,0.637871901162,5.2,2.22747747748,1.42084529335,5.2,0,0,0,0,0.160752482811,37,37,37,1,0,0.405405405405,0.540540540541,0.0540540540541,37,160,0.12012012012,2.27764611903,8.64864864865,7.27272727273,4.57142857143,5.02336881328,0.580827019036,0.317567567568,6.00950198553,1.38969733415,0.673986486486,3.76426216803,0.870485626357,0.448986486486,1.43906789571,0.631822425658,5.31034482759,2.27764611903,1.43906789571,5.31034482759,0.0298111837328,0.00181598062954,1,0.0001287001287,0.164280105982,37,37,37,1,0,0.405405405405,0.540540540541,0.0540540540541,-182,-0.136636636637,0.552357300911,-9.83783783784,-8.27272727273,-5.2,-0.344341342113,0.290468428758,0.174924924925,-3.49898955684,0.361000880739,0.129494626205,-4.2890511784,-0.000779267847698,-0.0128437648174,0.798468325387,0.26052252294,3.31034482759,0.552357300911,0.798468325387,3.31034482759,-0.314260210515,-0.374753057027,-809,-0.104118404118,-0.405296722368,0,0,0,159,1,183,989,0.464912280702,0.99898989899,0.0010101010101,0.535087719298,0.99375,0.464912280702,0.633466135458,0.623351869423,0.463902179692,0.463556851312,4,186,0,0,0,0
945,WLNM_dir_neg,0.470198866921,0.312379378351,00:00:06,10,30,5,1235778040,threshold_sweep,0.9,0.75,0.0161290322581,0.0315789473684,3,1,183,371,0.0161290322581,0.997311827957,0.00268817204301,0.983870967742,0.75,0.0161290322581,0.0315789473684,0.670250896057,0.664277180406,0.017793594306,0.0751052210158,0.0134408602151,342,156,186,0,342,0,156,0,186,37,342,0.256756756757,1.72528881811,18.4864864865,15.5454545455,9.77142857143,5.36771015539,0.290358590277,0.142642642643,9.50849154237,1.02869645341,0.544491860281,8.05331334643,0.871264894205,0.461830251304,0.640599570326,0.371299902718,2,1.72528881811,0.640599570326,2,0.344071394247,0.376569037657,810,0.104247104247,0.56957682835,37,37,37,1,0,0.405405405405,0.540540540541,0.0540540540541,37,0.117117117117,2.22747747748,8.43243243243,7.09090909091,4.45714285714,5.03620525429,0.597242289772,0.326923076923,6.00525295579,1.42432281644,0.680873180873,3.83793300225,0.910278981302,0.463617463617,1.42084529335,0.637871901162,5.2,2.22747747748,1.42084529335,5.2,0,0,0,0,0.160752482811,37,37,37,1,0,0.405405405405,0.540540540541,0.0540540540541,37,160,0.12012012012,2.27764611903,8.64864864865,7.27272727273,4.57142857143,5.02336881328,0.580827019036,0.317567567568,6.00950198553,1.38969733415,0.673986486486,3.76426216803,0.870485626357,0.448986486486,1.43906789571,0.631822425658,5.31034482759,2.27764611903,1.43906789571,5.31034482759,0.0298111837328,0.00181598062954,1,0.0001287001287,0.164280105982,37,37,37,1,0,0.405405405405,0.540540540541,0.0540540540541,-182,-0.136636636637,0.552357300911,-9.83783783784,-8.27272727273,-5.2,-0.344341342113,0.290468428758,0.174924924925,-3.49898955684,0.361000880739,0.129494626205,-4.2890511784,-0.000779267847698,-0.0128437648174,0.798468325387,0.26052252294,3.31034482759,0.552357300911,0.798468325387,3.31034482759,-0.314260210515,-0.374753057027,-809,-0.104118404118,-0.405296722368,0,0,0,159,1,183,989,0.464912280702,0.99898989899,0.0010101010101,0.535087719298,0.99375,0.464912280702,0.633466135458,0.623351869423,0.463902179692,0.463556851312,4,186,0,0,0,0
946,WLNM_dir_neg,0.41799630015,0.352754131141,00:00:05,10,30,6,1235778041,threshold_sweep,0.1,0.6,0.145161290323,0.233766233766,27,18,159,354,0.145161290323,0.951612903226,0.0483870967742,0.854838709677,0.6,0.145161290323,0.233766233766,0.682795698925,0.639784946237,0.119402985075,0.167541563317,0.0967741935484,342,156,186,0,342,0,156,0,186,37,342,0.256756756757,1.72528881811,18.4864864865,15.5454545455,9.77142857143,5.36771015539,0.290358590277,0.142642642643,9.50849154237,1.02869645341,0.544491860281,8.05331334643,0.871264894205,0.461830251304,0.640599570326,0.371299902718,2,1.72528881811,0.640599570326,2,0.344071394247,0.376569037657,810,0.104247104247,0.56957682835,37,37,37,1,0,0.405405405405,0.540540540541,0.0540540540541,37,0.117117117117,2.18481481481,8.43243243243,7.09090909091,4.45714285714,5.03620525429,0.597242289772,0.326923076923,6.00062559301,1.42322530091,0.680526680527,3.83793300225,0.910278981302,0.463617463617,1.318977792,0.603702328937,4.32037037037,2.18481481481,1.318977792,4.32037037037,0,0,0,0,0.160896782956,37,37,37,1,0,0.405405405405,0.540540540541,0.0540540540541,37,201,0.150900900901,6.83117577212,10.8648648649,6.7,5.43243243243,4.55315618349,0.419071589027,0.226704316257,5.86676392221,1.07995156777,0.564743848326,3.27058048314,0.602047153613,0.327820357671,3.08653666023,0.451830953147,8.87143617304,6.83117577212,3.08653666023,8.87143617304,0.147041956175,0.097027972028,74,0.00952380952381,0.157720476503,37,37,37,1,0,0.189189189189,0.810810810811,0,-141,-0.105855855856,5.10588695401,-7.62162162162,-8.84545454545,-4.338996139,-0.814553971906,0.12871299875,0.0840616736139,-3.64172762017,0.0512551143548,0.0202519880446,-4.78273286329,-0.269217740592,-0.134009893633,2.44593708991,0.0805310504291,6.87143617304,5.10588695401,2.44593708991,6.87143617304,-0.197029438072,-0.279541065629,-736,-0.0947232947233,-0.411856351846,-0.216216216216,0.27027027027,-0.0540540540541,183,18,159,972,0.535087719298,0.981818181818,0.0181818181818,0.464912280702,0.910447761194,0.535087719298,0.674033149171,0.630830683751,0.516905901116,0.508333333333,45,186,0,0,0,0
947,WLNM_dir_neg,0.41799630015,0.352754131141,00:00:05,10,30,6,1235778041,threshold_sweep,0.2,0.72972972973,0.145161290323,0.242152466368,27,10,159,362,0.145161290323,0.97311827957,0.0268817204301,0.854838709677,0.72972972973,0.145161290323,0.242152466368,0.697132616487,0.644563918757,0.147899159664,0.22408766691,0.118279569892,342,156,186,0,342,0,156,0,186,37,342,0.256756756757,1.72528881811,18.4864864865,15.5454545455,9.77142857143,5.36771015539,0.290358590277,0.142642642643,9.50849154237,1.02869645341,0.544491860281,8.05331334643,0.871264894205,0.461830251304,0.640599570326,0.371299902718,2,1.72528881811,0.640599570326,2,0.344071394247,0.376569037657,810,0.104247104247,0.56957682835,37,37,37,1,0,0.405405405405,0.540540540541,0.0540540540541,37,0.117117117117,2.18481481481,8.43243243243,7.09090909091,4.45714285714,5.03620525429,0.597242289772,0.326923076923,6.00062559301,1.42322530091,0.680526680527,3.83793300225,0.910278981302,0.463617463617,1.318977792,0.603702328937,4.32037037037,2.18481481481,1.318977792,4.32037037037,0,0,0,0,0.160896782956,37,37,37,1,0,0.405405405405,0.540540540541,0.0540540540541,37,193,0.144894894895,2.38044730059,10.4324324324,8.39130434783,5.21621621622,4.49407350815,0.430779066844,0.224898473603,6.03294259847,1.15657448779,0.602996779163,3.26713546921,0.626342032957,0.34112869346,1.35014859554,0.56718272873,3.60315604909,2.38044730059,1.35014859554,3.60315604909,0.139595927367,0.0793201133144,56,0.00720720720721,0.181495714366,37,37,37,1,0,0.378378378378,0.621621621622,0,-149,-0.111861861862,0.655158482472,-8.05405405405,-7.15415019763,-4.55521235521,-0.873636647239,0.140420476567,0.0822558309605,-3.47554894391,0.127878034374,0.0585049188812,-4.78617787722,-0.244922861247,-0.120701557844,0.709549025218,0.195882826012,1.60315604909,0.655158482472,0.709549025218,1.60315604909,-0.204475466881,-0.297248924342,-754,-0.0970398970399,-0.388081113984,-0.027027027027,0.0810810810811,-0.0540540540541,183,10,159,980,0.535087719298,0.989898989899,0.010101010101,0.464912280702,0.948186528497,0.535087719298,0.684112149533,0.651536037945,0.524986709197,0.519886363636,37,186,0,0,0,0
948,WLNM_dir_neg,0.41799630015,0.352754131141,00:00:05,10,30,6,1235778041,threshold_sweep,0.3,0.7,0.112903225806,0.194444444444,21,9,165,363,0.112903225806,0.975806451613,0.0241935483871,0.887096774194,0.7,0.112903225806,0.194444444444,0.688172043011,0.648745519713,0.112244897959,0.185404962177,0.0887096774194,342,156,186,0,342,0,156,0,186,37,342,0.256756756757,1.72528881811,18.4864864865,15.5454545455,9.77142857143,5.36771015539,0.290358590277,0.142642642643,9.50849154237,1.02869645341,0.544491860281,8.05331334643,0.871264894205,0.461830251304,0.640599570326,0.371299902718,2,1.72528881811,0.640599570326,2,0.344071394247,0.376569037657,810,0.104247104247,0.56957682835,37,37,37,1,0,0.405405405405,0.540540540541,0.0540540540541,37,0.117117117117,2.18481481481,8.43243243243,7.09090909091,4.45714285714,5.03620525429,0.597242289772,0.326923076923,6.00062559301,1.42322530091,0.680526680527,3.83793300225,0.910278981302,0.463617463617,1.318977792,0.603702328937,4.32037037037,2.18481481481,1.318977792,4.32037037037,0,0,0,0,0.160896782956,37,37,37,1,0,0.405405405405,0.540540540541,0.0540540540541,37,186,0.13963963964,2.38980468509,10.0540540541,8.08695652174,5.02702702703,4.47800765437,0.44539323444,0.232345248474,5.92305517302,1.17824215807,0.610578320256,3.4277177902,0.681857839986,0.369369369369,1.36417339879,0.570830498114,3.60315604909,2.38980468509,1.36417339879,3.60315604909,0.126116548175,0.0589420654912,39,0.00501930501931,0.18015454346,37,37,37,1,0,0.378378378378,0.621621621622,0,-156,-0.117117117117,0.664515866978,-8.43243243243,-7.45849802372,-4.7444015444,-0.889702501028,0.155034644162,0.0897026058316,-3.58543636936,0.149545704658,0.0660864599744,-4.62559555623,-0.189407054219,-0.0924608819346,0.72357382846,0.199530595396,1.60315604909,0.664515866978,0.72357382846,1.60315604909,-0.217954846072,-0.317626972166,-771,-0.0992277992278,-0.38942228489,-0.027027027027,0.0810810810811,-0.0540540540541,177,9,165,981,0.517543859649,0.990909090909,0.00909090909091,0.482456140351,0.951612903226,0.517543859649,0.670454545455,0.640814959082,0.508452950558,0.504273504274,30,186,0,0,0,0
949,WLNM_dir_neg,0.41799630015,0.352754131141,00:00:05,10,30,6,1235778041,threshold_sweep,0.4,0.653846153846,0.0913978494624,0.160377358491,17,9,169,363,0.0913978494624,0.975806451613,0.0241935483871,0.908602150538,0.653846153846,0.0913978494624,0.160377358491,0.681003584229,0.651135005974,0.0856164383562,0.150308146951,0.0672043010753,342,156,186,0,342,0,156,0,186,37,342,0.256756756757,1.72528881811,18.4864864865,15.5454545455,9.77142857143,5.36771015539,0.290358590277,0.142642642643,9.50849154237,1.02869645341,0.544491860281,8.05331334643,0.871264894205,0.461830251304,0.640599570326,0.371299902718,2,1.72528881811,0.640599570326,2,0.344071394247,0.376569037657,810,0.104247104247,0.56957682835,37,37,37,1,0,0.405405405405,0.540540540541,0.0540540540541,37,0.117117117117,2.18481481481,8.43243243243,7.09090909091,4.45714285714,5.03620525429,0.597242289772,0.326923076923,6.00062559301,1.42322530091,0.680526680527,3.83793300225,0.910278981302,0.463617463617,1.318977792,0.603702328937,4.32037037037,2.18481481481,1.318977792,4.32037037037,0,0,0,0,0.160896782956,37,37,37,1,0,0.405405405405,0.540540540541,0.0540540540541,37,182,0.136636636637,2.39866094413,9.83783783784,7.91304347826,4.91891891892,4.39389420745,0.446632103505,0.2326997327,5.84702383163,1.18868066907,0.613305613306,3.4510737329,0.701591912732,0.378675378675,1.37713578537,0.574126905572,3.60315604909,2.39866094413,1.37713578537,3.60315604909,0.111666487363,0.0457653866386,29,0.0037323037323,0.175825802372,37,37,37,1,0,0.378378378378,0.621621621622,0,-160,-0.12012012012,0.673372126011,-8.64864864865,-7.63241106719,-4.85250965251,-0.973815947938,0.156273513228,0.0900570900571,-3.66146771074,0.159984215653,0.0688137530243,-4.60223961353,-0.169672981473,-0.0831548726286,0.73653621504,0.202827002854,1.60315604909,0.673372126011,0.73653621504,1.60315604909,-0.232404906884,-0.330803651018,-781,-0.100514800515,-0.393751025978,-0.027027027027,0.0810810810811,-0.0540540540541,173,9,169,981,0.505847953216,0.990909090909,0.00909090909091,0.494152046784,0.950549450549,0.505847953216,0.660305343511,0.631815200827,0.496757044125,0.492877492877,26,186,0,0,0,0
950,WLNM_dir_neg,0.41799630015,0.352754131141,00:00:05,10,30,6,1235778041,threshold_sweep,0.5,0.64,0.0860215053763,0.151658767773,16,9,170,363,0.0860215053763,0.975806451613,0.0241935483871,0.913978494624,0.64,0.0860215053763,0.151658767773,0.679211469534,0.651732377539,0.0789022298456,0.140889695121,0.0618279569892,342,156,186,0,342,0,156,0,186,37,342,0.256756756757,1.72528881811,18.4864864865,15.5454545455,9.77142857143,5.36771015539,0.290358590277,0.142642642643,9.50849154237,1.02869645341,0.544491860281,8.05331334643,0.871264894205,0.461830251304,0.640599570326,0.371299902718,2,1.72528881811,0.640599570326,2,0.344071394247,0.376569037657,810,0.104247104247,0.56957682835,37,37,37,1,0,0.405405405405,0.540540540541,0.0540540540541,37,0.117117117117,2.18481481481,8.43243243243,7.09090909091,4.45714285714,5.03620525429,0.597242289772,0.326923076923,6.00062559301,1.42322530091,0.680526680527,3.83793300225,0.910278981302,0.463617463617,1.318977792,0.603702328937,4.32037037037,2.18481481481,1.318977792,4.32037037037,0,0,0,0,0.160896782956,37,37,37,1,0,0.405405405405,0.540540540541,0.0540540540541,37,181,0.135885885886,2.3948425964,9.78378378378,7.86956521739,4.89189189189,4.46053768019,0.455911309854,0.238614304913,5.85844017818,1.19758169388,0.616395400926,3.45433530979,0.706134842332,0.380170225474,1.37300510269,0.573317471786,3.60315604909,2.3948425964,1.37300510269,3.60315604909,0.115093443731,0.0443740095087,28,0.0036036036036,0.173469576614,37,37,37,1,0,0.378378378378,0.621621621622,0,-161,-0.120870870871,0.669553778286,-8.7027027027,-7.67588932806,-4.87953667954,-0.907172475203,0.165552719577,0.09597166227,-3.65005136419,0.168885240467,0.0719035406445,-4.59897803665,-0.165130051873,-0.0816600258298,0.732405532368,0.202017569068,1.60315604909,0.669553778286,0.732405532368,1.60315604909,-0.228977950516,-0.332195028148,-782,-0.100643500644,-0.396107251736,-0.027027027027,0.0810810810811,-0.0540540540541,172,9,170,981,0.502923976608,0.990909090909,0.00909090909091,0.497076023392,0.950276243094,0.502923976608,0.657743785851,0.629555276739,0.493833067517,0.490028490028,25,186,0,0,0,0
951,WLNM_dir_neg,0.41799630015,0.352754131141,00:00:05,10,30,6,1235778041,threshold_sweep,0.6,0.681818181818,0.0806451612903,0.144230769231,15,7,171,365,0.0806451612903,0.981182795699,0.0188172043011,0.91935483871,0.681818181818,0.0806451612903,0.144230769231,0.681003584229,0.653524492234,0.0793103448276,0.149768025058,0.0618279569892,342,156,186,0,342,0,156,0,186,37,342,0.256756756757,1.72528881811,18.4864864865,15.5454545455,9.77142857143,5.36771015539,0.290358590277,0.142642642643,9.50849154237,1.02869645341,0.544491860281,8.05331334643,0.871264894205,0.461830251304,0.640599570326,0.371299902718,2,1.72528881811,0.640599570326,2,0.344071394247,0.376569037657,810,0.104247104247,0.56957682835,37,37,37,1,0,0.405405405405,0.540540540541,0.0540540540541,37,0.117117117117,2.18481481481,8.43243243243,7.09090909091,4.45714285714,5.03620525429,0.597242289772,0.326923076923,6.00062559301,1.42322530091,0.680526680527,3.83793300225,0.910278981302,0.463617463617,1.318977792,0.603702328937,4.32037037037,2.18481481481,1.318977792,4.32037037037,0,0,0,0,0.160896782956,37,37,37,1,0,0.405405405405,0.540540540541,0.0540540540541,37,178,0.133633633634,2.16405945884,9.62162162162,8.09090909091,4.81081081081,4.37385763722,0.454586327463,0.240662010325,5.89179202053,1.22469834135,0.625265715153,3.478807569,0.723122921645,0.387184937747,1.20331744421,0.556046387402,3.35884306355,2.16405945884,1.20331744421,3.35884306355,0.112246700482,0.0394088669951,24,0.0030888030888,0.183145225315,37,37,37,1,0,0.405405405405,0.594594594595,0,-164,-0.123123123123,0.438770640726,-8.86486486486,-7.45454545455,-4.96061776062,-0.993852518178,0.164227737186,0.0980193676823,-3.61669952184,0.196001887932,0.080773854872,-4.57450577744,-0.14814197256,-0.0746453135572,0.562717873885,0.184746484684,1.35884306355,0.438770640726,0.562717873885,1.35884306355,-0.231824693765,-0.337160170662,-786,-0.101158301158,-0.386431603035,0,0.0540540540541,-0.0540540540541,171,7,171,983,0.5,0.992929292929,0.00707070707071,0.5,0.960674157303,0.5,0.657692307692,0.63285231363,0.492929292929,0.489971346705,22,186,0,0,0,0
952,WLNM_dir_neg,0.41799630015,0.352754131141,00:00:05,10,30,6,1235778041,threshold_sweep,0.7,0.684210526316,0.0698924731183,0.126829268293,13,6,173,366,0.0698924731183,0.983870967742,0.0161290322581,0.930107526882,0.684210526316,0.0698924731183,0.126829268293,0.679211469534,0.65531660693,0.0693240901213,0.139747425156,0.0537634408602,342,156,186,0,342,0,156,0,186,37,342,0.256756756757,1.72528881811,18.4864864865,15.5454545455,9.77142857143,5.36771015539,0.290358590277,0.142642642643,9.50849154237,1.02869645341,0.544491860281,8.05331334643,0.871264894205,0.461830251304,0.640599570326,0.371299902718,2,1.72528881811,0.640599570326,2,0.344071394247,0.376569037657,810,0.104247104247,0.56957682835,37,37,37,1,0,0.405405405405,0.540540540541,0.0540540540541,37,0.117117117117,2.18481481481,8.43243243243,7.09090909091,4.45714285714,5.03620525429,0.597242289772,0.326923076923,6.00062559301,1.42322530091,0.680526680527,3.83793300225,0.910278981302,0.463617463617,1.318977792,0.603702328937,4.32037037037,2.18481481481,1.318977792,4.32037037037,0,0,0,0,0.160896782956,37,37,37,1,0,0.405405405405,0.540540540541,0.0540540540541,37,175,0.131381381381,2.14195700233,9.45945945946,7.95454545455,4.72972972973,4.51906206219,0.477729418003,0.254980694981,5.90502915906,1.24849187934,0.633204633205,3.50910441763,0.741924934013,0.394131274131,1.17546238477,0.548779636327,3.28130670227,2.14195700233,1.17546238477,3.28130670227,0.0826948797537,0.025041736227,15,0.0019305019305,0.179477284309,37,37,37,1,0,0.405405405405,0.594594594595,0,-167,-0.125375375375,0.416668184219,-9.02702702703,-7.59090909091,-5.0416988417,-0.848648093204,0.187370827726,0.112338052338,-3.60346238331,0.21979542593,0.0887127729233,-4.54420892881,-0.129339960192,-0.0676989771727,0.534862814444,0.17747973361,1.28130670227,0.416668184219,0.534862814444,1.28130670227,-0.261376514494,-0.35152730143,-795,-0.102316602317,-0.390099544041,0,0.0540540540541,-0.0540540540541,169,6,173,984,0.494152046784,0.993939393939,0.00606060606061,0.505847953216,0.965714285714,0.494152046784,0.653771760155,0.631169694818,0.488091440723,0.485632183908,19,186,0,0,0,0
953,WLNM_dir_neg,0.41799630015,0.352754131141,00:00:05,10,30,6,1235778041,threshold_sweep,0.8,0.733333333333,0.0591397849462,0.109452736318,11,4,175,368,0.0591397849462,0.989247311828,0.010752688172,0.940860215054,0.733333333333,0.0591397849462,0.109452736318,0.679211469534,0.65770609319,0.0628272251309,0.141030148417,0.0483870967742,342,156,186,0,342,0,156,0,186,37,342,0.256756756757,1.72528881811,18.4864864865,15.5454545455,9.77142857143,5.36771015539,0.290358590277,0.142642642643,9.50849154237,1.02869645341,0.544491860281,8.05331334643,0.871264894205,0.461830251304,0.640599570326,0.371299902718,2,1.72528881811,0.640599570326,2,0.344071394247,0.376569037657,810,0.104247104247,0.56957682835,37,37,37,1,0,0.405405405405,0.540540540541,0.0540540540541,37,0.117117117117,2.18481481481,8.43243243243,7.09090909091,4.45714285714,5.03620525429,0.597242289772,0.326923076923,6.00062559301,1.42322530091,0.680526680527,3.83793300225,0.910278981302,0.463617463617,1.318977792,0.603702328937,4.32037037037,2.18481481481,1.318977792,4.32037037037,0,0,0,0,0.160896782956,37,37,37,1,0,0.405405405405,0.540540540541,0.0540540540541,37,171,0.128378378378,2.17358431649,9.24324324324,7.77272727273,4.75,4.49323816297,0.486110561491,0.260787102892,5.91303339784,1.27942827906,0.63948158685,3.57733102987,0.774042386581,0.409672830725,1.23539493516,0.568367615548,3.66022260258,2.17358431649,1.23539493516,3.66022260258,0.0898705428117,0.0223880597015,13,0.0016731016731,0.175881805714,37,37,37,1,0,0.405405405405,0.567567567568,0.027027027027,-171,-0.128378378378,0.448295498379,-9.24324324324,-7.77272727273,-5.02142857143,-0.874471992421,0.195751971214,0.11814446025,-3.59545814454,0.25073182565,0.0949897265687,-4.47598231656,-0.097222507624,-0.0521574205785,0.594795364833,0.197067712831,1.66022260258,0.448295498379,0.594795364833,1.66022260258,-0.254200851436,-0.354180977955,-797,-0.102574002574,-0.393695022636,0,0.027027027027,-0.027027027027,167,4,175,986,0.488304093567,0.99595959596,0.0040404040404,0.511695906433,0.976608187135,0.488304093567,0.651072124756,0.632409509528,0.484263689527,0.482658959538,15,186,0,0,0,0
954,WLNM_dir_neg,0.41799630015,0.352754131141,00:00:05,10,30,6,1235778041,threshold_sweep,0.9,0.714285714286,0.0537634408602,0.1,10,4,176,368,0.0537634408602,0.989247311828,0.010752688172,0.94623655914,0.714285714286,0.0537634408602,0.1,0.677419354839,0.658303464755,0.0559440559441,0.12964074471,0.0430107526882,342,156,186,0,342,0,156,0,186,37,342,0.256756756757,1.72528881811,18.4864864865,15.5454545455,9.77142857143,5.36771015539,0.290358590277,0.142642642643,9.50849154237,1.02869645341,0.544491860281,8.05331334643,0.871264894205,0.461830251304,0.640599570326,0.371299902718,2,1.72528881811,0.640599570326,2,0.344071394247,0.376569037657,810,0.104247104247,0.56957682835,37,37,37,1,0,0.405405405405,0.540540540541,0.0540540540541,37,0.117117117117,2.18481481481,8.43243243243,7.09090909091,4.45714285714,5.03620525429,0.597242289772,0.326923076923,6.00062559301,1.42322530091,0.680526680527,3.83793300225,0.910278981302,0.463617463617,1.318977792,0.603702328937,4.32037037037,2.18481481481,1.318977792,4.32037037037,0,0,0,0,0.160896782956,37,37,37,1,0,0.405405405405,0.540540540541,0.0540540540541,37,170,0.127627627628,2.19922482001,9.18918918919,7.72727272727,4.72222222222,4.47733699274,0.487239613916,0.262162162162,5.92292842107,1.28910795047,0.642607313196,3.59366309139,0.782150202244,0.412718600954,1.29377208099,0.588285503702,4.49033390387,2.19922482001,1.29377208099,4.49033390387,0.103384056325,0.0226480836237,13,0.0016731016731,0.174004185979,37,37,37,1,0,0.405405405405,0.567567567568,0.027027027027,-172,-0.129129129129,0.473936001893,-9.2972972973,-7.81818181818,-5.04920634921,-0.890373162655,0.196881023639,0.11951951952,-3.58556312131,0.260411497053,0.0981154529142,-4.45965025504,-0.0891146919613,-0.04911165035,0.653172510666,0.216985600984,2.49033390387,0.473936001893,0.653172510666,2.49033390387,-0.240687337922,-0.353920954033,-797,-0.102574002574,-0.395572642371,0,0.027027027027,-0.027027027027,166,4,176,986,0.485380116959,0.99595959596,0.0040404040404,0.514619883041,0.976470588235,0.485380116959,0.6484375,0.630165786252,0.481339712919,0.479768786127,14,186,0,0,0,0
955,WLNM_dir_neg,0.296457682969,0.31002775678,00:00:04,10,30,7,1235778042,threshold_sweep,0.1,0.518518518519,0.150537634409,0.233333333333,28,26,158,346,0.150537634409,0.930107526882,0.0698924731183,0.849462365591,0.518518518519,0.150537634409,0.233333333333,0.670250896057,0.634408602151,0.0980392156863,0.128586124968,0.0806451612903,342,156,186,0,342,0,156,0,186,37,342,0.256756756757,1.72528881811,18.4864864865,15.5454545455,9.77142857143,5.36771015539,0.290358590277,0.142642642643,9.50849154237,1.02869645341,0.544491860281,8.05331334643,0.871264894205,0.461830251304,0.640599570326,0.371299902718,2,1.72528881811,0.640599570326,2,0.344071394247,0.376569037657,810,0.104247104247,0.56957682835,37,37,37,1,0,0.405405405405,0.540540540541,0.0540540540541,37,0.117117117117,2.18635635636,8.43243243243,7.09090909091,4.45714285714,5.03620525429,0.597242289772,0.326923076923,6.00062559301,1.42322530091,0.680526680527,3.83793300225,0.910278981302,0.463617463617,1.32204914232,0.604681454823,4.3462962963,2.18635635636,1.32204914232,4.3462962963,0,0,0,0,0.160896782956,37,37,37,1,0,0.405405405405,0.540540540541,0.0540540540541,37,210,0.157657657658,6.71872389503,11.3513513514,7.24137931034,5.67567567568,5.12735699847,0.45169573558,0.243629343629,6.07386959787,1.07015797677,0.565508365508,3.27493896511,0.577013055758,0.317631917632,3.41419158998,0.508160722679,9.95279231312,6.71872389503,3.41419158998,9.95279231312,0.203093186065,0.133757961783,112,0.0144144144144,0.16854349154,37,37,37,1,0,0.216216216216,0.783783783784,0,-132,-0.0990990990991,4.99343507692,-7.13513513514,-8.30407523511,-4.09575289575,-0.24035315692,0.161337145303,0.100986700987,-3.43462194451,0.0414615233522,0.021016505227,-4.77837438132,-0.294251838447,-0.144198333672,2.77359201966,0.136860819961,7.95279231312,4.99343507692,2.77359201966,7.95279231312,-0.140978208182,-0.242811075873,-698,-0.0898326898327,-0.40103333681,-0.189189189189,0.243243243243,-0.0540540540541,184,26,158,964,0.538011695906,0.973737373737,0.0262626262626,0.461988304094,0.87619047619,0.538011695906,0.666666666667,0.613453482571,0.511749069644,0.5,54,186,0,0,0,0
956,WLNM_dir_neg,0.296457682969,0.31002775678,00:00:04,10,30,7,1235778042,threshold_sweep,0.2,0.56,0.150537634409,0.237288135593,28,22,158,350,0.150537634409,0.940860215054,0.0591397849462,0.849462365591,0.56,0.150537634409,0.237288135593,0.677419354839,0.636798088411,0.111842105263,0.150850606601,0.0913978494624,342,156,186,0,342,0,156,0,186,37,342,0.256756756757,1.72528881811,18.4864864865,15.5454545455,9.77142857143,5.36771015539,0.290358590277,0.142642642643,9.50849154237,1.02869645341,0.544491860281,8.05331334643,0.871264894205,0.461830251304,0.640599570326,0.371299902718,2,1.72528881811,0.640599570326,2,0.344071394247,0.376569037657,810,0.104247104247,0.56957682835,37,37,37,1,0,0.405405405405,0.540540540541,0.0540540540541,37,0.117117117117,2.18635635636,8.43243243243,7.09090909091,4.45714285714,5.03620525429,0.597242289772,0.326923076923,6.00062559301,1.42322530091,0.680526680527,3.83793300225,0.910278981302,0.463617463617,1.32204914232,0.604681454823,4.3462962963,2.18635635636,1.32204914232,4.3462962963,0,0,0,0,0.160896782956,37,37,37,1,0,0.405405405405,0.540540540541,0.0540540540541,37,206,0.154654654655,5.93516416767,11.1351351351,7.10344827586,5.56756756757,5.17559530748,0.46479860771,0.251377591183,6.06694386061,1.08969380021,0.572290737339,3.35443769539,0.60249609092,0.33062188402,2.91494319422,0.491131013713,8.26438953154,5.93516416767,2.91494319422,8.26438953154,0.184872364826,0.116803278689,95,0.0122265122265,0.167469433041,37,37,37,1,0,0.216216216216,0.783783783784,0,-136,-0.102102102102,4.20987534956,-7.35135135135,-8.44200626959,-4.20386100386,-0.192114847915,0.174440017433,0.108734948541,-3.44154768176,0.0609973467921,0.0277988770579,-4.69887565104,-0.268768803285,-0.131208367284,2.2743436239,0.119831110995,6.26438953154,4.20987534956,2.2743436239,6.26438953154,-0.159199029421,-0.259765758968,-715,-0.0920205920206,-0.402107395309,-0.189189189189,0.243243243243,-0.0540540540541,184,22,158,968,0.538011695906,0.977777777778,0.0222222222222,0.461988304094,0.893203883495,0.538011695906,0.671532846715,0.623161077569,0.515789473684,0.505494505495,50,186,0,0,0,0
957,WLNM_dir_neg,0.296457682969,0.31002775678,00:00:04,10,30,7,1235778042,threshold_sweep,0.3,0.666666666667,0.150537634409,0.245614035088,28,14,158,358,0.150537634409,0.962365591398,0.0376344086022,0.849462365591,0.666666666667,0.150537634409,0.245614035088,0.691756272401,0.641577060932,0.14,0.201736646196,0.112903225806,342,156,186,0,342,0,156,0,186,37,342,0.256756756757,1.72528881811,18.4864864865,15.5454545455,9.77142857143,5.36771015539,0.290358590277,0.142642642643,9.50849154237,1.02869645341,0.544491860281,8.05331334643,0.871264894205,0.461830251304,0.640599570326,0.371299902718,2,1.72528881811,0.640599570326,2,0.344071394247,0.376569037657,810,0.104247104247,0.56957682835,37,37,37,1,0,0.405405405405,0.540540540541,0.0540540540541,37,0.117117117117,2.18635635636,8.43243243243,7.09090909091,4.45714285714,5.03620525429,0.597242289772,0.326923076923,6.00062559301,1.42322530091,0.680526680527,3.83793300225,0.910278981302,0.463617463617,1.32204914232,0.604681454823,4.3462962963,2.18635635636,1.32204914232,4.3462962963,0,0,0,0,0.160896782956,37,37,37,1,0,0.405405405405,0.540540540541,0.0540540540541,37,198,0.148648648649,2.57758370706,10.7027027027,8.60869565217,5.35135135135,4.90388091699,0.458190893759,0.244335244335,6.20132699158,1.15883383176,0.604695604696,3.17294304512,0.59292370035,0.325143325143,1.6241401806,0.630101818285,4.90127301796,2.57758370706,1.6241401806,4.90127301796,0.165831341838,0.0871862615588,66,0.00849420849421,0.179032106249,37,37,37,1,0,0.378378378378,0.621621621622,0,-144,-0.108108108108,0.852294888947,-7.78378378378,-6.93675889328,-4.42007722008,-0.4638292384,0.167832303482,0.101692601693,-3.3071645508,0.130137378344,0.0602037444143,-4.88037030132,-0.278341193854,-0.136686926161,0.983540610276,0.258801915567,2.90127301796,0.852294888947,0.983540610276,2.90127301796,-0.17824005241,-0.289382776098,-744,-0.0957528957529,-0.390544722101,-0.027027027027,0.0810810810811,-0.0540540540541,184,14,158,976,0.538011695906,0.985858585859,0.0141414141414,0.461988304094,0.929292929293,0.538011695906,0.681481481481,0.643302575765,0.523870281765,0.516853932584,42,186,0,0,0,0
958,WLNM_dir_neg,0.296457682969,0.31002775678,00:00:04,10,30,7,1235778042,threshold_sweep,0.4,0.666666666667,0.150537634409,0.245614035088,28,14,158,358,0.150537634409,0.962365591398,0.0376344086022,0.849462365591,0.666666666667,0.150537634409,0.245614035088,0.691756272401,0.641577060932,0.14,0.201736646196,0.112903225806,342,156,186,0,342,0,156,0,186,37,342,0.256756756757,1.72528881811,18.4864864865,15.5454545455,9.77142857143,5.36771015539,0.290358590277,0.142642642643,9.50849154237,1.02869645341,0.544491860281,8.05331334643,0.871264894205,0.461830251304,0.640599570326,0.371299902718,2,1.72528881811,0.640599570326,2,0.344071394247,0.376569037657,810,0.104247104247,0.56957682835,37,37,37,1,0,0.405405405405,0.540540540541,0.0540540540541,37,0.117117117117,2.18635635636,8.43243243243,7.09090909091,4.45714285714,5.03620525429,0.597242289772,0.326923076923,6.00062559301,1.42322530091,0.680526680527,3.83793300225,0.910278981302,0.463617463617,1.32204914232,0.604681454823,4.3462962963,2.18635635636,1.32204914232,4.3462962963,0,0,0,0,0.160896782956,37,37,37,1,0,0.405405405405,0.540540540541,0.0540540540541,37,198,0.148648648649,2.57758370706,10.7027027027,8.60869565217,5.35135135135,4.90388091699,0.458190893759,0.244335244335,6.20132699158,1.15883383176,0.604695604696,3.17294304512,0.59292370035,0.325143325143,1.6241401806,0.630101818285,4.90127301796,2.57758370706,1.6241401806,4.90127301796,0.165831341838,0.0871862615588,66,0.00849420849421,0.179032106249,37,37,37,1,0,0.378378378378,0.621621621622,0,-144,-0.108108108108,0.852294888947,-7.78378378378,-6.93675889328,-4.42007722008,-0.4638292384,0.167832303482,0.101692601693,-3.3071645508,0.130137378344,0.0602037444143,-4.88037030132,-0.278341193854,-0.136686926161,0.983540610276,0.258801915567,2.90127301796,0.852294888947,0.983540610276,2.90127301796,-0.17824005241,-0.289382776098,-744,-0.0957528957529,-0.390544722101,-0.027027027027,0.0810810810811,-0.0540540540541,184,14,158,976,0.538011695906,0.985858585859,0.0141414141414,0.461988304094,0.929292929293,0.538011695906,0.681481481481,0.643302575765,0.523870281765,0.516853932584,42,186,0,0,0,0
959,WLNM_dir_neg,0.296457682969,0.31002775678,00:00:04,10,30,7,1235778042,threshold_sweep,0.5,0.682926829268,0.150537634409,0.246696035242,28,13,158,359,0.150537634409,0.965053763441,0.0349462365591,0.849462365591,0.682926829268,0.150537634409,0.246696035242,0.693548387097,0.642174432497,0.143572621035,0.208841237432,0.115591397849,342,156,186,0,342,0,156,0,186,37,342,0.256756756757,1.72528881811,18.4864864865,15.5454545455,9.77142857143,5.36771015539,0.290358590277,0.142642642643,9.50849154237,1.02869645341,0.544491860281,8.05331334643,0.871264894205,0.461830251304,0.640599570326,0.371299902718,2,1.72528881811,0.640599570326,2,0.344071394247,0.376569037657,810,0.104247104247,0.56957682835,37,37,37,1,0,0.405405405405,0.540540540541,0.0540540540541,37,0.117117117117,2.18635635636,8.43243243243,7.09090909091,4.45714285714,5.03620525429,0.597242289772,0.326923076923,6.00062559301,1.42322530091,0.680526680527,3.83793300225,0.910278981302,0.463617463617,1.32204914232,0.604681454823,4.3462962963,2.18635635636,1.32204914232,4.3462962963,0,0,0,0,0.160896782956,37,37,37,1,0,0.405405405405,0.540540540541,0.0540540540541,37,197,0.147897897898,2.56555684915,10.6486486486,8.5652173913,5.32432432432,4.91718198552,0.461765820975,0.245987103855,6.20955381316,1.16626137608,0.607216353409,3.18899195196,0.598947727018,0.32789134312,1.60471099485,0.625482532334,4.79136006287,2.56555684915,1.60471099485,4.79136006287,0.160901136907,0.0825199645075,62,0.00797940797941,0.178134412938,37,37,37,1,0,0.378378378378,0.621621621622,0,-145,-0.108858858859,0.840268031031,-7.83783783784,-6.98023715415,-4.4471042471,-0.450528169878,0.171407230698,0.103344461212,-3.29893772921,0.137564922661,0.0627244931279,-4.86432139447,-0.272317167187,-0.133938908184,0.964111424524,0.254182629616,2.79136006287,0.840268031031,0.964111424524,2.79136006287,-0.18317025734,-0.294049073149,-748,-0.0962676962677,-0.391442415412,-0.027027027027,0.0810810810811,-0.0540540540541,184,13,158,977,0.538011695906,0.986868686869,0.0131313131313,0.461988304094,0.934010152284,0.538011695906,0.682745825603,0.645892063248,0.524880382775,0.518309859155,41,186,0,0,0,0
960,WLNM_dir_neg,0.296457682969,0.31002775678,00:00:04,10,30,7,1235778042,threshold_sweep,0.6,0.694444444444,0.134408602151,0.225225225225,25,11,161,361,0.134408602151,0.970430107527,0.0295698924731,0.865591397849,0.694444444444,0.134408602151,0.225225225225,0.691756272401,0.645161290323,0.131313131313,0.201169949692,0.104838709677,342,156,186,0,342,0,156,0,186,37,342,0.256756756757,1.72528881811,18.4864864865,15.5454545455,9.77142857143,5.36771015539,0.290358590277,0.142642642643,9.50849154237,1.02869645341,0.544491860281,8.05331334643,0.871264894205,0.461830251304,0.640599570326,0.371299902718,2,1.72528881811,0.640599570326,2,0.344071394247,0.376569037657,810,0.104247104247,0.56957682835,37,37,37,1,0,0.405405405405,0.540540540541,0.0540540540541,37,0.117117117117,2.18635635636,8.43243243243,7.09090909091,4.45714285714,5.03620525429,0.597242289772,0.326923076923,6.00062559301,1.42322530091,0.680526680527,3.83793300225,0.910278981302,0.463617463617,1.32204914232,0.604681454823,4.3462962963,2.18635635636,1.32204914232,4.3462962963,0,0,0,0,0.160896782956,37,37,37,1,0,0.405405405405,0.540540540541,0.0540540540541,37,192,0.144144144144,2.59232219711,10.3783783784,8.34782608696,5.18918918919,4.84969272424,0.467288101033,0.247747747748,6.16368323253,1.18779312294,0.614583333333,3.23897993062,0.624178424131,0.34009009009,1.64365078998,0.634045718472,4.84128083017,2.59232219711,1.64365078998,4.84128083017,0.137087087087,0.0586046511628,42,0.00540540540541,0.173821642506,37,37,37,1,0,0.378378378378,0.621621621622,0,-150,-0.112612612613,0.867033378993,-8.10810810811,-7.1976284585,-4.58223938224,-0.518017431156,0.176929510756,0.105105105105,-3.34480830984,0.159096669521,0.070091473052,-4.81433341581,-0.247086470074,-0.121740161214,1.00305121965,0.262745815754,2.84128083017,0.867033378993,1.00305121965,2.84128083017,-0.20698430716,-0.317964386494,-768,-0.0988416988417,-0.395755185844,-0.027027027027,0.0810810810811,-0.0540540540541,181,11,161,979,0.529239766082,0.988888888889,0.0111111111111,0.470760233918,0.942708333333,0.529239766082,0.677902621723,0.644414378126,0.518128654971,0.512747875354,36,186,0,0,0,0
961,WLNM_dir_neg,0.296457682969,0.31002775678,00:00:04,10,30,7,1235778042,threshold_sweep,0.7,0.65625,0.112903225806,0.192660550459,21,11,165,361,0.112903225806,0.970430107527,0.0295698924731,0.887096774194,0.65625,0.112903225806,0.192660550459,0.68458781362,0.647550776583,0.105084745763,0.168958029076,0.0833333333333,342,156,186,0,342,0,156,0,186,37,342,0.256756756757,1.72528881811,18.4864864865,15.5454545455,9.77142857143,5.36771015539,0.290358590277,0.142642642643,9.50849154237,1.02869645341,0.544491860281,8.05331334643,0.871264894205,0.461830251304,0.640599570326,0.371299902718,2,1.72528881811,0.640599570326,2,0.344071394247,0.376569037657,810,0.104247104247,0.56957682835,37,37,37,1,0,0.405405405405,0.540540540541,0.0540540540541,37,0.117117117117,2.18635635636,8.43243243243,7.09090909091,4.45714285714,5.03620525429,0.597242289772,0.326923076923,6.00062559301,1.42322530091,0.680526680527,3.83793300225,0.910278981302,0.463617463617,1.32204914232,0.604681454823,4.3462962963,2.18635635636,1.32204914232,4.3462962963,0,0,0,0,0.160896782956,37,37,37,1,0,0.405405405405,0.540540540541,0.0540540540541,37,188,0.141141141141,2.61207766829,10.1621621622,8.17391304348,5.08108108108,4.61587546477,0.454221787757,0.241518113859,6.04785718884,1.19026976589,0.61385853939,3.28615258301,0.646742795592,0.350201265095,1.66974494219,0.639240158308,4.88766974662,2.61207766829,1.66974494219,4.88766974662,0.115719532515,0.0426679744973,29,0.0037323037323,0.170966910823,37,37,37,1,0,0.378378378378,0.621621621622,0,-154,-0.115615615616,0.886788850176,-8.32432432432,-7.37154150198,-4.69034749035,-0.751834690619,0.16386319748,0.0988754712159,-3.46063435354,0.161573312473,0.0693666791091,-4.76716076343,-0.224522098613,-0.111628986209,1.02914537187,0.26794025559,2.88766974662,0.886788850176,1.02914537187,2.88766974662,-0.228351861732,-0.33390106316,-781,-0.100514800515,-0.398609917527,-0.027027027027,0.0810810810811,-0.0540540540541,177,11,165,979,0.517543859649,0.988888888889,0.0111111111111,0.482456140351,0.941489361702,0.517543859649,0.667924528302,0.635419436499,0.506432748538,0.501416430595,32,186,0,0,0,0
962,WLNM_dir_neg,0.296457682969,0.31002775678,00:00:04,10,30,7,1235778042,threshold_sweep,0.8,0.655172413793,0.102150537634,0.176744186047,19,10,167,362,0.102150537634,0.97311827957,0.0268817204301,0.897849462366,0.655172413793,0.102150537634,0.176744186047,0.682795698925,0.649342891278,0.0954003407155,0.159851309568,0.0752688172043,342,156,186,0,342,0,156,0,186,37,342,0.256756756757,1.72528881811,18.4864864865,15.5454545455,9.77142857143,5.36771015539,0.290358590277,0.142642642643,9.50849154237,1.02869645341,0.544491860281,8.05331334643,0.871264894205,0.461830251304,0.640599570326,0.371299902718,2,1.72528881811,0.640599570326,2,0.344071394247,0.376569037657,810,0.104247104247,0.56957682835,37,37,37,1,0,0.405405405405,0.540540540541,0.0540540540541,37,0.117117117117,2.18635635636,8.43243243243,7.09090909091,4.45714285714,5.03620525429,0.597242289772,0.326923076923,6.00062559301,1.42322530091,0.680526680527,3.83793300225,0.910278981302,0.463617463617,1.32204914232,0.604681454823,4.3462962963,2.18635635636,1.32204914232,4.3462962963,0,0,0,0,0.160896782956,37,37,37,1,0,0.405405405405,0.540540540541,0.0540540540541,37,185,0.138888888889,2.61055000908,10,8.04347826087,5,4.61880215352,0.461880215352,0.246457268079,5.98609499869,1.19721899974,0.618261504748,3.37474278855,0.674948557711,0.365522279036,1.66609507695,0.63821611199,4.83267128671,2.61055000908,1.66609507695,4.83267128671,0.105917350345,0.0362720403023,24,0.0030888030888,0.171805965914,37,37,37,1,0,0.378378378378,0.621621621622,0,-157,-0.117867867868,0.885261190964,-8.48648648649,-7.50197628458,-4.77142857143,-0.748908001876,0.171521625075,0.103814625436,-3.52239654369,0.168522546323,0.0737696444667,-4.67857055788,-0.196316336494,-0.0963079722681,1.02549550662,0.266916209272,2.83267128671,0.885261190964,1.02549550662,2.83267128671,-0.238154043903,-0.340296997355,-786,-0.101158301158,-0.397770862436,-0.027027027027,0.0810810810811,-0.0540540540541,175,10,167,980,0.511695906433,0.989898989899,0.010101010101,0.488304093567,0.945945945946,0.511695906433,0.664136622391,0.633601484515,0.501594896332,0.497159090909,29,186,0,0,0,0
963,WLNM_dir_neg,0.296457682969,0.31002775678,00:00:04,10,30,7,1235778042,threshold_sweep,0.9,0.615384615385,0.0860215053763,0.150943396226,16,10,170,362,0.0860215053763,0.97311827957,0.0268817204301,0.913978494624,0.615384615385,0.0860215053763,0.150943396226,0.677419354839,0.651135005974,0.0753424657534,0.132271169317,0.0591397849462,342,156,186,0,342,0,156,0,186,37,342,0.256756756757,1.72528881811,18.4864864865,15.5454545455,9.77142857143,5.36771015539,0.290358590277,0.142642642643,9.50849154237,1.02869645341,0.544491860281,8.05331334643,0.871264894205,0.461830251304,0.640599570326,0.371299902718,2,1.72528881811,0.640599570326,2,0.344071394247,0.376569037657,810,0.104247104247,0.56957682835,37,37,37,1,0,0.405405405405,0.540540540541,0.0540540540541,37,0.117117117117,2.18635635636,8.43243243243,7.09090909091,4.45714285714,5.03620525429,0.597242289772,0.326923076923,6.00062559301,1.42322530091,0.680526680527,3.83793300225,0.910278981302,0.463617463617,1.32204914232,0.604681454823,4.3462962963,2.18635635636,1.32204914232,4.3462962963,0,0,0,0,0.160896782956,37,37,37,1,0,0.405405405405,0.540540540541,0.0540540540541,37,182,0.136636636637,2.63900911848,9.83783783784,7.91304347826,4.91891891892,4.66972229435,0.474669573876,0.256014256014,6.00175149611,1.22013629316,0.624888624889,3.41872603285,0.695015731953,0.374814374814,1.70949154435,0.647777808866,4.93767785611,2.63900911848,1.70949154435,4.93767785611,0.106351174463,0.029381443299,19,0.0024453024453,0.16893794022,37,37,37,1,0,0.378378378378,0.621621621622,0,-160,-0.12012012012,0.913720300368,-8.64864864865,-7.63241106719,-4.85250965251,-0.697987861048,0.184310983599,0.113371613372,-3.50674004627,0.19143983975,0.0803967646073,-4.63458731358,-0.176249162252,-0.0870158764896,1.06889197402,0.276477906148,2.93767785611,0.913720300368,1.06889197402,2.93767785611,-0.237720219785,-0.347187594358,-791,-0.101801801802,-0.40063888813,-0.027027027027,0.0810810810811,-0.0540540540541,172,10,170,980,0.502923976608,0.989898989899,0.010101010101,0.497076023392,0.945054945055,0.502923976608,0.656488549618,0.626811527361,0.492822966507,0.488636363636,26,186,0,0,0,0
964,WLNM_dir_neg,0.390868886576,0.317222184413,00:00:04,10,30,8,1235778043,threshold_sweep,0.1,0.457142857143,0.0860215053763,0.14479638009,16,19,170,353,0.0860215053763,0.948924731183,0.0510752688172,0.913978494624,0.457142857143,0.0860215053763,0.14479638009,0.661290322581,0.645758661888,0.043844856661,0.0679428073832,0.0349462365591,342,156,186,0,342,0,156,0,186,37,342,0.256756756757,1.72528881811,18.4864864865,15.5454545455,9.77142857143,5.36771015539,0.290358590277,0.142642642643,9.50849154237,1.02869645341,0.544491860281,8.05331334643,0.871264894205,0.461830251304,0.640599570326,0.371299902718,2,1.72528881811,0.640599570326,2,0.344071394247,0.376569037657,810,0.104247104247,0.56957682835,37,37,37,1,0,0.405405405405,0.540540540541,0.0540540540541,37,0.117117117117,2.18635635636,8.43243243243,7.09090909091,4.45714285714,5.03620525429,0.597242289772,0.326923076923,6.00062559301,1.42322530091,0.680526680527,3.83793300225,0.910278981302,0.463617463617,1.32204914232,0.604681454823,4.3462962963,2.18635635636,1.32204914232,4.3462962963,0,0,0,0,0.160896782956,37,37,37,1,0,0.405405405405,0.540540540541,0.0540540540541,37,191,0.143393393393,15.9439922894,10.3243243243,5.78787878788,5.30555555556,4.6669884059,0.452038144027,0.247063817744,5.78078000078,1.1198369635,0.563463987548,3.78236781743,0.732709996046,0.395358709495,5.53212496644,0.346972380947,19.0665381695,15.9439922894,5.53212496644,19.0665381695,0.142551795493,0.0708005552985,51,0.00656370656371,0.189400310987,37,37,37,1,0,0.108108108108,0.864864864865,0.027027027027,-151,-0.113363363363,14.2187034712,-8.16216216216,-9.75757575758,-4.46587301587,-0.700721749496,0.16167955375,0.104421175102,-3.72771154159,0.0911405100871,0.0189721272664,-4.27094552901,-0.138554898159,-0.0664715418091,4.89152539611,-0.0243275217707,17.0665381695,14.2187034712,4.89152539611,17.0665381695,-0.201519598754,-0.305768482358,-759,-0.0976833976834,-0.380176517363,-0.297297297297,0.324324324324,-0.027027027027,172,19,170,971,0.502923976608,0.980808080808,0.0191919191919,0.497076023392,0.900523560209,0.502923976608,0.645403377111,0.602942661923,0.483732057416,0.476454293629,35,186,0,0,0,0
965,WLNM_dir_neg,0.390868886576,0.317222184413,00:00:04,10,30,8,1235778043,threshold_sweep,0.2,0.41935483871,0.0698924731183,0.119815668203,13,18,173,354,0.0698924731183,0.951612903226,0.0483870967742,0.930107526882,0.41935483871,0.0698924731183,0.119815668203,0.65770609319,0.648148148148,0.0271646859083,0.0442576993916,0.0215053763441,342,156,186,0,342,0,156,0,186,37,342,0.256756756757,1.72528881811,18.4864864865,15.5454545455,9.77142857143,5.36771015539,0.290358590277,0.142642642643,9.50849154237,1.02869645341,0.544491860281,8.05331334643,0.871264894205,0.461830251304,0.640599570326,0.371299902718,2,1.72528881811,0.640599570326,2,0.344071394247,0.376569037657,810,0.104247104247,0.56957682835,37,37,37,1,0,0.405405405405,0.540540540541,0.0540540540541,37,0.117117117117,2.18635635636,8.43243243243,7.09090909091,4.45714285714,5.03620525429,0.597242289772,0.326923076923,6.00062559301,1.42322530091,0.680526680527,3.83793300225,0.910278981302,0.463617463617,1.32204914232,0.604681454823,4.3462962963,2.18635635636,1.32204914232,4.3462962963,0,0,0,0,0.160896782956,37,37,37,1,0,0.405405405405,0.540540540541,0.0540540540541,37,187,0.14039039039,15.7557546817,10.1081081081,5.66666666667,5.34285714286,4.84644075461,0.479460716366,0.262754733343,5.78285754981,1.14420176119,0.570313629137,3.8074922189,0.753354075398,0.407284289637,5.46527922822,0.346875115704,18.9569219884,15.7557546817,5.46527922822,18.9569219884,0.131011683953,0.0652482269504,46,0.00592020592021,0.185462690718,37,37,37,1,0,0.108108108108,0.837837837838,0.0540540540541,-155,-0.116366366366,14.0304658636,-8.37837837838,-9.87878787879,-4.42857142857,-0.521269400779,0.189102126088,0.1201120907,-3.72563399256,0.115505307778,0.0258217688558,-4.24582112753,-0.117910818807,-0.0545459616667,4.82467965789,-0.024424787014,16.9569219884,14.0304658636,4.82467965789,16.9569219884,-0.213059710295,-0.311320810707,-764,-0.0983268983269,-0.384114137632,-0.297297297297,0.297297297297,0,169,18,173,972,0.494152046784,0.981818181818,0.0181818181818,0.505847953216,0.903743315508,0.494152046784,0.638941398866,0.598531335885,0.475970228602,0.469444444444,31,186,0,0,0,0
966,WLNM_dir_neg,0.390868886576,0.317222184413,00:00:04,10,30,8,1235778043,threshold_sweep,0.3,0.407407407407,0.0591397849462,0.103286384977,11,16,175,356,0.0591397849462,0.956989247312,0.0430107526882,0.940860215054,0.407407407407,0.0591397849462,0.103286384977,0.65770609319,0.650537634409,0.0205128205128,0.0354329335635,0.0161290322581,342,156,186,0,342,0,156,0,186,37,342,0.256756756757,1.72528881811,18.4864864865,15.5454545455,9.77142857143,5.36771015539,0.290358590277,0.142642642643,9.50849154237,1.02869645341,0.544491860281,8.05331334643,0.871264894205,0.461830251304,0.640599570326,0.371299902718,2,1.72528881811,0.640599570326,2,0.344071394247,0.376569037657,810,0.104247104247,0.56957682835,37,37,37,1,0,0.405405405405,0.540540540541,0.0540540540541,37,0.117117117117,2.18635635636,8.43243243243,7.09090909091,4.45714285714,5.03620525429,0.597242289772,0.326923076923,6.00062559301,1.42322530091,0.680526680527,3.83793300225,0.910278981302,0.463617463617,1.32204914232,0.604681454823,4.3462962963,2.18635635636,1.32204914232,4.3462962963,0,0,0,0,0.160896782956,37,37,37,1,0,0.405405405405,0.540540540541,0.0540540540541,37,183,0.137387387387,16.099599659,9.89189189189,5.54545454545,5.22857142857,4.85789039595,0.491098209427,0.269384138237,5.75396455569,1.16336988284,0.574508935165,3.86541607611,0.781532212109,0.420026583961,5.59855837071,0.347745191761,19.3781851498,16.099599659,5.59855837071,19.3781851498,0.132986978575,0.0572967678746,39,0.00501930501931,0.18455818249,37,37,37,1,0,0.108108108108,0.837837837838,0.0540540540541,-159,-0.119369369369,14.3743108409,-8.59459459459,-10,-4.54285714286,-0.50981975944,0.20073961915,0.126741495594,-3.75452698669,0.134673429429,0.0300170748833,-4.18789727033,-0.0897326820954,-0.0418036673429,4.95795880039,-0.0235547109565,17.3781851498,14.3743108409,4.95795880039,17.3781851498,-0.211084415672,-0.319272269782,-771,-0.0992277992278,-0.38501864586,-0.297297297297,0.297297297297,0,167,16,175,974,0.488304093567,0.983838383838,0.0161616161616,0.511695906433,0.912568306011,0.488304093567,0.63619047619,0.599125998273,0.472142477406,0.466480446927,27,186,0,0,0,0
967,WLNM_dir_neg,0.390868886576,0.317222184413,00:00:04,10,30,8,1235778043,threshold_sweep,0.4,0.6875,0.0591397849462,0.108910891089,11,5,175,367,0.0591397849462,0.986559139785,0.0134408602151,0.940860215054,0.6875,0.0591397849462,0.108910891089,0.677419354839,0.657108721625,0.0592334494774,0.129084557087,0.0456989247312,342,156,186,0,342,0,156,0,186,37,342,0.256756756757,1.72528881811,18.4864864865,15.5454545455,9.77142857143,5.36771015539,0.290358590277,0.142642642643,9.50849154237,1.02869645341,0.544491860281,8.05331334643,0.871264894205,0.461830251304,0.640599570326,0.371299902718,2,1.72528881811,0.640599570326,2,0.344071394247,0.376569037657,810,0.104247104247,0.56957682835,37,37,37,1,0,0.405405405405,0.540540540541,0.0540540540541,37,0.117117117117,2.18635635636,8.43243243243,7.09090909091,4.45714285714,5.03620525429,0.597242289772,0.326923076923,6.00062559301,1.42322530091,0.680526680527,3.83793300225,0.910278981302,0.463617463617,1.32204914232,0.604681454823,4.3462962963,2.18635635636,1.32204914232,4.3462962963,0,0,0,0,0.160896782956,37,37,37,1,0,0.405405405405,0.540540540541,0.0540540540541,37,172,0.129129129129,2.74062850999,9.2972972973,7.47826086957,4.91428571429,4.50225168891,0.484253815377,0.260213702074,5.97316320543,1.28492464303,0.641734758014,3.64551639549,0.784209922286,0.419547454431,1.87624434958,0.684603674939,5.336,2.74062850999,1.87624434958,5.336,0.108783783784,0.030303030303,18,0.0023166023166,0.168915451556,37,37,37,1,0,0.378378378378,0.567567567568,0.0540540540541,-170,-0.127627627628,1.01533969188,-9.18918918919,-8.06719367589,-4.85714285714,-0.865458466486,0.1938952251,0.117571059432,-3.53532833695,0.256228189613,0.0972428977325,-4.40779695094,-0.0870549719191,-0.0422827968728,1.23564477926,0.313303772221,3.336,1.01533969188,1.23564477926,3.336,-0.235287610464,-0.346266007354,-792,-0.101930501931,-0.400661376794,-0.027027027027,0.027027027027,0,167,5,175,985,0.488304093567,0.994949494949,0.00505050505051,0.511695906433,0.970930232558,0.488304093567,0.649805447471,0.629524330653,0.483253588517,0.481268011527,16,186,0,0,0,0
968,WLNM_dir_neg,0.390868886576,0.317222184413,00:00:04,10,30,8,1235778043,threshold_sweep,0.5,0.6875,0.0591397849462,0.108910891089,11,5,175,367,0.0591397849462,0.986559139785,0.0134408602151,0.940860215054,0.6875,0.0591397849462,0.108910891089,0.677419354839,0.657108721625,0.0592334494774,0.129084557087,0.0456989247312,342,156,186,0,342,0,156,0,186,37,342,0.256756756757,1.72528881811,18.4864864865,15.5454545455,9.77142857143,5.36771015539,0.290358590277,0.142642642643,9.50849154237,1.02869645341,0.544491860281,8.05331334643,0.871264894205,0.461830251304,0.640599570326,0.371299902718,2,1.72528881811,0.640599570326,2,0.344071394247,0.376569037657,810,0.104247104247,0.56957682835,37,37,37,1,0,0.405405405405,0.540540540541,0.0540540540541,37,0.117117117117,2.18635635636,8.43243243243,7.09090909091,4.45714285714,5.03620525429,0.597242289772,0.326923076923,6.00062559301,1.42322530091,0.680526680527,3.83793300225,0.910278981302,0.463617463617,1.32204914232,0.604681454823,4.3462962963,2.18635635636,1.32204914232,4.3462962963,0,0,0,0,0.160896782956,37,37,37,1,0,0.405405405405,0.540540540541,0.0540540540541,37,172,0.129129129129,2.74062850999,9.2972972973,7.47826086957,4.91428571429,4.50225168891,0.484253815377,0.260213702074,5.97316320543,1.28492464303,0.641734758014,3.64551639549,0.784209922286,0.419547454431,1.87624434958,0.684603674939,5.336,2.74062850999,1.87624434958,5.336,0.108783783784,0.030303030303,18,0.0023166023166,0.168915451556,37,37,37,1,0,0.378378378378,0.567567567568,0.0540540540541,-170,-0.127627627628,1.01533969188,-9.18918918919,-8.06719367589,-4.85714285714,-0.865458466486,0.1938952251,0.117571059432,-3.53532833695,0.256228189613,0.0972428977325,-4.40779695094,-0.0870549719191,-0.0422827968728,1.23564477926,0.313303772221,3.336,1.01533969188,1.23564477926,3.336,-0.235287610464,-0.346266007354,-792,-0.101930501931,-0.400661376794,-0.027027027027,0.027027027027,0,167,5,175,985,0.488304093567,0.994949494949,0.00505050505051,0.511695906433,0.970930232558,0.488304093567,0.649805447471,0.629524330653,0.483253588517,0.481268011527,16,186,0,0,0,0
969,WLNM_dir_neg,0.390868886576,0.317222184413,00:00:04,10,30,8,1235778043,threshold_sweep,0.6,0.733333333333,0.0591397849462,0.109452736318,11,4,175,368,0.0591397849462,0.989247311828,0.010752688172,0.940860215054,0.733333333333,0.0591397849462,0.109452736318,0.679211469534,0.65770609319,0.0628272251309,0.141030148417,0.0483870967742,342,156,186,0,342,0,156,0,186,37,342,0.256756756757,1.72528881811,18.4864864865,15.5454545455,9.77142857143,5.36771015539,0.290358590277,0.142642642643,9.50849154237,1.02869645341,0.544491860281,8.05331334643,0.871264894205,0.461830251304,0.640599570326,0.371299902718,2,1.72528881811,0.640599570326,2,0.344071394247,0.376569037657,810,0.104247104247,0.56957682835,37,37,37,1,0,0.405405405405,0.540540540541,0.0540540540541,37,0.117117117117,2.18635635636,8.43243243243,7.09090909091,4.45714285714,5.03620525429,0.597242289772,0.326923076923,6.00062559301,1.42322530091,0.680526680527,3.83793300225,0.910278981302,0.463617463617,1.32204914232,0.604681454823,4.3462962963,2.18635635636,1.32204914232,4.3462962963,0,0,0,0,0.160896782956,37,37,37,1,0,0.405405405405,0.540540540541,0.0540540540541,37,171,0.128378378378,2.74773440107,9.24324324324,7.4347826087,4.88571428571,4.54853703834,0.492093188359,0.265212581002,5.98308426293,1.29458548379,0.644223170539,3.64654594065,0.789018712305,0.421052631579,1.88443549605,0.68581428224,5.336,2.74773440107,1.88443549605,5.336,0.096723193782,0.02539503386,15,0.0019305019305,0.166961125689,37,37,37,1,0,0.378378378378,0.567567567568,0.0540540540541,-171,-0.128378378378,1.02244558295,-9.24324324324,-8.11067193676,-4.88571428571,-0.819173117049,0.201734598082,0.122569938359,-3.52540727945,0.265889030377,0.0997313102576,-4.40676740578,-0.0822461818997,-0.040777619725,1.24383592573,0.314514379522,3.336,1.02244558295,1.24383592573,3.336,-0.247348200465,-0.351174003797,-795,-0.102316602317,-0.402615702661,-0.027027027027,0.027027027027,0,167,4,175,986,0.488304093567,0.99595959596,0.0040404040404,0.511695906433,0.976608187135,0.488304093567,0.651072124756,0.632409509528,0.484263689527,0.482658959538,15,186,0,0,0,0
970,WLNM_dir_neg,0.390868886576,0.317222184413,00:00:04,10,30,8,1235778043,threshold_sweep,0.7,0.692307692308,0.0483870967742,0.0904522613065,9,4,177,368,0.0483870967742,0.989247311828,0.010752688172,0.951612903226,0.692307692308,0.0483870967742,0.0904522613065,0.675627240143,0.65890083632,0.0490367775832,0.117609691438,0.0376344086022,342,156,186,0,342,0,156,0,186,37,342,0.256756756757,1.72528881811,18.4864864865,15.5454545455,9.77142857143,5.36771015539,0.290358590277,0.142642642643,9.50849154237,1.02869645341,0.544491860281,8.05331334643,0.871264894205,0.461830251304,0.640599570326,0.371299902718,2,1.72528881811,0.640599570326,2,0.344071394247,0.376569037657,810,0.104247104247,0.56957682835,37,37,37,1,0,0.405405405405,0.540540540541,0.0540540540541,37,0.117117117117,2.18635635636,8.43243243243,7.09090909091,4.45714285714,5.03620525429,0.597242289772,0.326923076923,6.00062559301,1.42322530091,0.680526680527,3.83793300225,0.910278981302,0.463617463617,1.32204914232,0.604681454823,4.3462962963,2.18635635636,1.32204914232,4.3462962963,0,0,0,0,0.160896782956,37,37,37,1,0,0.405405405405,0.540540540541,0.0540540540541,37,169,0.126876876877,2.75869088136,9.13513513514,7.34782608696,4.82857142857,4.60773602013,0.504397138299,0.271389732928,5.97931871138,1.30908161137,0.647689109228,3.64798681574,0.798671669718,0.42443627059,1.90633000384,0.691027043559,5.336,2.75869088136,1.90633000384,5.336,0.0545310015898,0.0120137299771,7,0.000900900900901,0.164239813185,37,37,37,1,0,0.378378378378,0.567567567568,0.0540540540541,-173,-0.12987987988,1.03340206324,-9.35135135135,-8.1976284585,-4.94285714286,-0.75997413526,0.214038548021,0.128747090286,-3.529172831,0.280385157952,0.103197248946,-4.40532653069,-0.0725932244868,-0.0373939807138,1.26573043351,0.319727140842,3.336,1.03340206324,1.26573043351,3.336,-0.289540392658,-0.36455530768,-803,-0.103346203346,-0.405337015165,-0.027027027027,0.027027027027,0,165,4,177,986,0.482456140351,0.99595959596,0.0040404040404,0.517543859649,0.976331360947,0.482456140351,0.645792563601,0.627917948135,0.47841573631,0.476878612717,13,186,0,0,0,0
971,WLNM_dir_neg,0.390868886576,0.317222184413,00:00:04,10,30,8,1235778043,threshold_sweep,0.8,0.636363636364,0.0376344086022,0.0710659898477,7,4,179,368,0.0376344086022,0.989247311828,0.010752688172,0.962365591398,0.636363636364,0.0376344086022,0.0710659898477,0.672043010753,0.66009557945,0.0351493848858,0.0911580437008,0.0268817204301,342,156,186,0,342,0,156,0,186,37,342,0.256756756757,1.72528881811,18.4864864865,15.5454545455,9.77142857143,5.36771015539,0.290358590277,0.142642642643,9.50849154237,1.02869645341,0.544491860281,8.05331334643,0.871264894205,0.461830251304,0.640599570326,0.371299902718,2,1.72528881811,0.640599570326,2,0.344071394247,0.376569037657,810,0.104247104247,0.56957682835,37,37,37,1,0,0.405405405405,0.540540540541,0.0540540540541,37,0.117117117117,2.18635635636,8.43243243243,7.09090909091,4.45714285714,5.03620525429,0.597242289772,0.326923076923,6.00062559301,1.42322530091,0.680526680527,3.83793300225,0.910278981302,0.463617463617,1.32204914232,0.604681454823,4.3462962963,2.18635635636,1.32204914232,4.3462962963,0,0,0,0,0.160896782956,37,37,37,1,0,0.405405405405,0.540540540541,0.0540540540541,37,167,0.125375375375,2.75765098432,9.02702702703,7.26086956522,4.77142857143,4.66360903692,0.516627348401,0.279656902411,5.96574304593,1.32175145329,0.650267033501,3.67893116741,0.815092534097,0.429843016669,1.90491819623,0.690775666343,5.336,2.75765098432,1.90491819623,5.336,0.0383362353951,0.00696459663378,4,0.000514800514801,0.163039926115,37,37,37,1,0,0.378378378378,0.567567567568,0.0540540540541,-175,-0.131381381381,1.0323621662,-9.45945945946,-8.28458498024,-5,-0.704101118473,0.226268758124,0.137014259769,-3.54274849644,0.293054999876,0.105775173219,-4.37438217903,-0.0561723601082,-0.0319872346346,1.26431862591,0.319475763625,3.336,1.0323621662,1.26431862591,3.336,-0.305735158852,-0.369604441023,-806,-0.103732303732,-0.406536902235,-0.027027027027,0.027027027027,0,163,4,179,986,0.476608187135,0.99595959596,0.0040404040404,0.523391812865,0.976047904192,0.476608187135,0.64047151277,0.623409710455,0.472567783094,0.471098265896,11,186,0,0,0,0
972,WLNM_dir_neg,0.390868886576,0.317222184413,00:00:04,10,30,8,1235778043,threshold_sweep,0.9,0.571428571429,0.0215053763441,0.0414507772021,4,3,182,369,0.0215053763441,0.991935483871,0.00806451612903,0.978494623656,0.571428571429,0.0215053763441,0.0414507772021,0.668458781362,0.662485065711,0.0176991150442,0.0569285584977,0.0134408602151,342,156,186,0,342,0,156,0,186,37,342,0.256756756757,1.72528881811,18.4864864865,15.5454545455,9.77142857143,5.36771015539,0.290358590277,0.142642642643,9.50849154237,1.02869645341,0.544491860281,8.05331334643,0.871264894205,0.461830251304,0.640599570326,0.371299902718,2,1.72528881811,0.640599570326,2,0.344071394247,0.376569037657,810,0.104247104247,0.56957682835,37,37,37,1,0,0.405405405405,0.540540540541,0.0540540540541,37,0.117117117117,2.18635635636,8.43243243243,7.09090909091,4.45714285714,5.03620525429,0.597242289772,0.326923076923,6.00062559301,1.42322530091,0.680526680527,3.83793300225,0.910278981302,0.463617463617,1.32204914232,0.604681454823,4.3462962963,2.18635635636,1.32204914232,4.3462962963,0,0,0,0,0.160896782956,37,37,37,1,0,0.405405405405,0.540540540541,0.0540540540541,37,163,0.122372372372,2.67233603604,8.81081081081,7.08695652174,4.65714285714,4.86962146508,0.552687098798,0.301442546841,5.98822668733,1.35929072044,0.663239927044,3.72274883102,0.845041145692,0.440391311557,1.83670714858,0.687303963205,5.336,2.67233603604,1.83670714858,5.336,0.0493879033095,0.00531914893617,3,0.0003861003861,0.155914322251,37,37,37,1,0,0.378378378378,0.567567567568,0.0540540540541,-179,-0.134384384384,0.947047217921,-9.67567567568,-8.45849802372,-5.11428571429,-0.498088690309,0.262328508521,0.158799904199,-3.52026485504,0.330594267022,0.118748066762,-4.33056451541,-0.0262237485133,-0.021438939747,1.19610757826,0.316004060487,3.336,0.947047217921,1.19610757826,3.336,-0.294683490938,-0.371249888721,-807,-0.103861003861,-0.413662506099,-0.027027027027,0.027027027027,0,160,3,182,987,0.46783625731,0.99696969697,0.0030303030303,0.53216374269,0.981595092025,0.46783625731,0.633663366337,0.619585542597,0.46480595428,0.463768115942,7,186,0,0,0,0
973,WLNM_dir_neg,0.436784599376,0.360610311628,00:00:04,10,30,9,1235778044,threshold_sweep,0.1,0.479166666667,0.123655913978,0.196581196581,23,25,163,347,0.123655913978,0.932795698925,0.0672043010753,0.876344086022,0.479166666667,0.123655913978,0.196581196581,0.663082437276,0.637992831541,0.0693069306931,0.0949070752957,0.0564516129032,342,156,186,0,342,0,156,0,186,37,342,0.256756756757,1.72528881811,18.4864864865,15.5454545455,9.77142857143,5.36771015539,0.290358590277,0.142642642643,9.50849154237,1.02869645341,0.544491860281,8.05331334643,0.871264894205,0.461830251304,0.640599570326,0.371299902718,2,1.72528881811,0.640599570326,2,0.344071394247,0.376569037657,810,0.104247104247,0.56957682835,37,37,37,1,0,0.405405405405,0.540540540541,0.0540540540541,37,0.117117117117,2.18635635636,8.43243243243,7.09090909091,4.45714285714,5.03620525429,0.597242289772,0.326923076923,6.00062559301,1.42322530091,0.680526680527,3.83793300225,0.910278981302,0.463617463617,1.32204914232,0.604681454823,4.3462962963,2.18635635636,1.32204914232,4.3462962963,0,0,0,0,0.160896782956,37,37,37,1,0,0.405405405405,0.540540540541,0.0540540540541,37,204,0.153153153153,9.25451360081,11.027027027,6.58064516129,5.51351351351,5.06341170933,0.459181944228,0.24920508744,6.07189162188,1.10127446083,0.568892421834,3.32182698745,0.602488228115,0.328828828829,3.94840096463,0.426645973515,11.6031327748,9.25451360081,3.94840096463,11.6031327748,0.164222991235,0.100169061708,79,0.0101673101673,0.179876732503,37,37,37,1,0,0.162162162162,0.837837837838,0,-138,-0.103603603604,7.5292247827,-7.45945945946,-8.96480938416,-4.25791505792,-0.304298446067,0.168823353951,0.106562444798,-3.43659992049,0.0725780074165,0.0244005615523,-4.73148635899,-0.268776666089,-0.133001422475,3.3078013943,0.0553460707974,9.60313277477,7.5292247827,3.3078013943,9.60313277477,-0.179848403012,-0.276399975949,-731,-0.0940797940798,-0.389700095846,-0.243243243243,0.297297297297,-0.0540540540541,179,25,163,965,0.523391812865,0.974747474747,0.0252525252525,0.476608187135,0.877450980392,0.523391812865,0.655677655678,0.604243256294,0.498139287613,0.487738419619,48,186,0,0,0,0
974,WLNM_dir_neg,0.436784599376,0.360610311628,00:00:04,10,30,9,1235778044,threshold_sweep,0.2,0.605263157895,0.123655913978,0.205357142857,23,15,163,357,0.123655913978,0.959677419355,0.0403225806452,0.876344086022,0.605263157895,0.123655913978,0.205357142857,0.681003584229,0.643966547192,0.104026845638,0.155938454588,0.0833333333333,342,156,186,0,342,0,156,0,186,37,342,0.256756756757,1.72528881811,18.4864864865,15.5454545455,9.77142857143,5.36771015539,0.290358590277,0.142642642643,9.50849154237,1.02869645341,0.544491860281,8.05331334643,0.871264894205,0.461830251304,0.640599570326,0.371299902718,2,1.72528881811,0.640599570326,2,0.344071394247,0.376569037657,810,0.104247104247,0.56957682835,37,37,37,1,0,0.405405405405,0.540540540541,0.0540540540541,37,0.117117117117,2.18635635636,8.43243243243,7.09090909091,4.45714285714,5.03620525429,0.597242289772,0.326923076923,6.00062559301,1.42322530091,0.680526680527,3.83793300225,0.910278981302,0.463617463617,1.32204914232,0.604681454823,4.3462962963,2.18635635636,1.32204914232,4.3462962963,0,0,0,0,0.160896782956,37,37,37,1,0,0.405405405405,0.540540540541,0.0540540540541,37,194,0.145645645646,2.51605527726,10.4864864865,8.4347826087,5.24324324324,4.77040425507,0.454909684117,0.244915018111,6.28227402833,1.1981656652,0.618556701031,3.1833368709,0.607131258883,0.330175536361,1.52582169858,0.606434092435,4.24482842943,2.51605527726,1.52582169858,4.24482842943,0.123606325154,0.0605918271489,43,0.00553410553411,0.17611273841,37,37,37,1,0,0.378378378378,0.621621621622,0,-148,-0.111111111111,0.790766459147,-8,-7.11067193676,-4.52818532819,-0.597305900327,0.16455109384,0.102272375468,-3.22621751405,0.169469211781,0.0740648407496,-4.86997647553,-0.264133635322,-0.131654714943,0.885222128257,0.235134189718,2.24482842943,0.790766459147,0.885222128257,2.24482842943,-0.220465069093,-0.315977210508,-767,-0.098712998713,-0.39346408994,-0.027027027027,0.0810810810811,-0.0540540540541,179,15,163,975,0.523391812865,0.984848484848,0.0151515151515,0.476608187135,0.922680412371,0.523391812865,0.667910447761,0.629401467336,0.508240297714,0.501400560224,38,186,0,0,0,0
975,WLNM_dir_neg,0.436784599376,0.360610311628,00:00:04,10,30,9,1235778044,threshold_sweep,0.3,0.605263157895,0.123655913978,0.205357142857,23,15,163,357,0.123655913978,0.959677419355,0.0403225806452,0.876344086022,0.605263157895,0.123655913978,0.205357142857,0.681003584229,0.643966547192,0.104026845638,0.155938454588,0.0833333333333,342,156,186,0,342,0,156,0,186,37,342,0.256756756757,1.72528881811,18.4864864865,15.5454545455,9.77142857143,5.36771015539,0.290358590277,0.142642642643,9.50849154237,1.02869645341,0.544491860281,8.05331334643,0.871264894205,0.461830251304,0.640599570326,0.371299902718,2,1.72528881811,0.640599570326,2,0.344071394247,0.376569037657,810,0.104247104247,0.56957682835,37,37,37,1,0,0.405405405405,0.540540540541,0.0540540540541,37,0.117117117117,2.18635635636,8.43243243243,7.09090909091,4.45714285714,5.03620525429,0.597242289772,0.326923076923,6.00062559301,1.42322530091,0.680526680527,3.83793300225,0.910278981302,0.463617463617,1.32204914232,0.604681454823,4.3462962963,2.18635635636,1.32204914232,4.3462962963,0,0,0,0,0.160896782956,37,37,37,1,0,0.405405405405,0.540540540541,0.0540540540541,37,194,0.145645645646,2.51605527726,10.4864864865,8.4347826087,5.24324324324,4.77040425507,0.454909684117,0.244915018111,6.28227402833,1.1981656652,0.618556701031,3.1833368709,0.607131258883,0.330175536361,1.52582169858,0.606434092435,4.24482842943,2.51605527726,1.52582169858,4.24482842943,0.123606325154,0.0605918271489,43,0.00553410553411,0.17611273841,37,37,37,1,0,0.378378378378,0.621621621622,0,-148,-0.111111111111,0.790766459147,-8,-7.11067193676,-4.52818532819,-0.597305900327,0.16455109384,0.102272375468,-3.22621751405,0.169469211781,0.0740648407496,-4.86997647553,-0.264133635322,-0.131654714943,0.885222128257,0.235134189718,2.24482842943,0.790766459147,0.885222128257,2.24482842943,-0.220465069093,-0.315977210508,-767,-0.098712998713,-0.39346408994,-0.027027027027,0.0810810810811,-0.0540540540541,179,15,163,975,0.523391812865,0.984848484848,0.0151515151515,0.476608187135,0.922680412371,0.523391812865,0.667910447761,0.629401467336,0.508240297714,0.501400560224,38,186,0,0,0,0
976,WLNM_dir_neg,0.436784599376,0.360610311628,00:00:04,10,30,9,1235778044,threshold_sweep,0.4,0.621621621622,0.123655913978,0.206278026906,23,14,163,358,0.123655913978,0.962365591398,0.0376344086022,0.876344086022,0.621621621622,0.123655913978,0.206278026906,0.682795698925,0.644563918757,0.10756302521,0.162972848661,0.0860215053763,342,156,186,0,342,0,156,0,186,37,342,0.256756756757,1.72528881811,18.4864864865,15.5454545455,9.77142857143,5.36771015539,0.290358590277,0.142642642643,9.50849154237,1.02869645341,0.544491860281,8.05331334643,0.871264894205,0.461830251304,0.640599570326,0.371299902718,2,1.72528881811,0.640599570326,2,0.344071394247,0.376569037657,810,0.104247104247,0.56957682835,37,37,37,1,0,0.405405405405,0.540540540541,0.0540540540541,37,0.117117117117,2.18635635636,8.43243243243,7.09090909091,4.45714285714,5.03620525429,0.597242289772,0.326923076923,6.00062559301,1.42322530091,0.680526680527,3.83793300225,0.910278981302,0.463617463617,1.32204914232,0.604681454823,4.3462962963,2.18635635636,1.32204914232,4.3462962963,0,0,0,0,0.160896782956,37,37,37,1,0,0.405405405405,0.540540540541,0.0540540540541,37,193,0.144894894895,2.52189849436,10.4324324324,8.39130434783,5.21621621622,4.72899179142,0.453297140629,0.243523316062,6.25892755783,1.19989802922,0.61952107548,3.21571778004,0.616484755758,0.335807309901,1.5345108245,0.608474459987,4.28509549928,2.52189849436,1.5345108245,4.28509549928,0.124328972936,0.0598859315589,42,0.00540540540541,0.176185850236,37,37,37,1,0,0.378378378378,0.621621621622,0,-149,-0.111861861862,0.796609676248,-8.05405405405,-7.15415019763,-4.55521235521,-0.638718363968,0.162938550352,0.10088067342,-3.24956398454,0.171201575807,0.0750292151983,-4.8375955664,-0.254780138447,-0.126022941403,0.893911254174,0.237174557269,2.28509549928,0.796609676248,0.893911254174,2.28509549928,-0.219742421312,-0.316683106098,-768,-0.0988416988417,-0.393390978113,-0.027027027027,0.0810810810811,-0.0540540540541,179,14,163,976,0.523391812865,0.985858585859,0.0141414141414,0.476608187135,0.927461139896,0.523391812865,0.669158878505,0.63200645139,0.509250398724,0.502808988764,37,186,0,0,0,0
977,WLNM_dir_neg,0.436784599376,0.360610311628,00:00:04,10,30,9,1235778044,threshold_sweep,0.5,0.638888888889,0.123655913978,0.207207207207,23,13,163,359,0.123655913978,0.965053763441,0.0349462365591,0.876344086022,0.638888888889,0.123655913978,0.207207207207,0.68458781362,0.645161290323,0.111111111111,0.170220726662,0.0887096774194,342,156,186,0,342,0,156,0,186,37,342,0.256756756757,1.72528881811,18.4864864865,15.5454545455,9.77142857143,5.36771015539,0.290358590277,0.142642642643,9.50849154237,1.02869645341,0.544491860281,8.05331334643,0.871264894205,0.461830251304,0.640599570326,0.371299902718,2,1.72528881811,0.640599570326,2,0.344071394247,0.376569037657,810,0.104247104247,0.56957682835,37,37,37,1,0,0.405405405405,0.540540540541,0.0540540540541,37,0.117117117117,2.18635635636,8.43243243243,7.09090909091,4.45714285714,5.03620525429,0.597242289772,0.326923076923,6.00062559301,1.42322530091,0.680526680527,3.83793300225,0.910278981302,0.463617463617,1.32204914232,0.604681454823,4.3462962963,2.18635635636,1.32204914232,4.3462962963,0,0,0,0,0.160896782956,37,37,37,1,0,0.405405405405,0.540540540541,0.0540540540541,37,192,0.144144144144,2.54633598386,10.3783783784,8.34782608696,5.18918918919,4.70432042176,0.453280873972,0.244087837838,6.26647977486,1.20760287328,0.621903153153,3.23039245842,0.622523546675,0.338400900901,1.57361341671,0.61799127322,4.43002611614,2.54633598386,1.57361341671,4.43002611614,0.123645361416,0.0576645843345,40,0.00514800514801,0.174907411596,37,37,37,1,0,0.378378378378,0.621621621622,0,-150,-0.112612612613,0.821047165748,-8.10810810811,-7.1976284585,-4.58223938224,-0.663389733629,0.162922283695,0.101445195195,-3.24201176751,0.178906419866,0.0774112928718,-4.82292088801,-0.24874134753,-0.123429350403,0.933013846387,0.246691370502,2.43002611614,0.821047165748,0.933013846387,2.43002611614,-0.220426032831,-0.318904453322,-770,-0.0990990990991,-0.394669416754,-0.027027027027,0.0810810810811,-0.0540540540541,179,13,163,977,0.523391812865,0.986868686869,0.0131313131313,0.476608187135,0.932291666667,0.523391812865,0.670411985019,0.634628483609,0.510260499734,0.504225352113,36,186,0,0,0,0
978,WLNM_dir_neg,0.436784599376,0.360610311628,00:00:04,10,30,9,1235778044,threshold_sweep,0.6,0.657142857143,0.123655913978,0.20814479638,23,12,163,360,0.123655913978,0.967741935484,0.0322580645161,0.876344086022,0.657142857143,0.123655913978,0.20814479638,0.686379928315,0.645758661888,0.114671163575,0.177696573156,0.0913978494624,342,156,186,0,342,0,156,0,186,37,342,0.256756756757,1.72528881811,18.4864864865,15.5454545455,9.77142857143,5.36771015539,0.290358590277,0.142642642643,9.50849154237,1.02869645341,0.544491860281,8.05331334643,0.871264894205,0.461830251304,0.640599570326,0.371299902718,2,1.72528881811,0.640599570326,2,0.344071394247,0.376569037657,810,0.104247104247,0.56957682835,37,37,37,1,0,0.405405405405,0.540540540541,0.0540540540541,37,0.117117117117,2.18635635636,8.43243243243,7.09090909091,4.45714285714,5.03620525429,0.597242289772,0.326923076923,6.00062559301,1.42322530091,0.680526680527,3.83793300225,0.910278981302,0.463617463617,1.32204914232,0.604681454823,4.3462962963,2.18635635636,1.32204914232,4.3462962963,0,0,0,0,0.160896782956,37,37,37,1,0,0.405405405405,0.540540540541,0.0540540540541,37,191,0.143393393393,2.54321553996,10.3243243243,8.30434782609,5.16216216216,4.6490982044,0.450305323462,0.24196971841,6.24728169115,1.2102064009,0.622895146455,3.26184604781,0.631875935964,0.343851705108,1.56896724598,0.616922640385,4.40852817894,2.54321553996,1.56896724598,4.40852817894,0.123645361416,0.0576645843345,40,0.00514800514801,0.174962225838,37,37,37,1,0,0.378378378378,0.621621621622,0,-151,-0.113363363363,0.817926721844,-8.16216216216,-7.24110671937,-4.60926640927,-0.718611950998,0.159946733185,0.0993270757669,-3.26120985123,0.181509947488,0.078403286174,-4.79146729862,-0.239388958241,-0.117978546196,0.928367675654,0.245622737667,2.40852817894,0.817926721844,0.928367675654,2.40852817894,-0.220426032831,-0.318904453322,-770,-0.0990990990991,-0.394614602512,-0.027027027027,0.0810810810811,-0.0540540540541,179,12,163,978,0.523391812865,0.987878787879,0.0121212121212,0.476608187135,0.937172774869,0.523391812865,0.671669793621,0.63726778544,0.511270600744,0.505649717514,35,186,0,0,0,0
979,WLNM_dir_neg,0.436784599376,0.360610311628,00:00:04,10,30,9,1235778044,threshold_sweep,0.7,0.666666666667,0.10752688172,0.185185185185,20,10,166,362,0.10752688172,0.97311827957,0.0268817204301,0.89247311828,0.666666666667,0.10752688172,0.185185185185,0.68458781362,0.648745519713,0.102040816327,0.168549965616,0.0806451612903,342,156,186,0,342,0,156,0,186,37,342,0.256756756757,1.72528881811,18.4864864865,15.5454545455,9.77142857143,5.36771015539,0.290358590277,0.142642642643,9.50849154237,1.02869645341,0.544491860281,8.05331334643,0.871264894205,0.461830251304,0.640599570326,0.371299902718,2,1.72528881811,0.640599570326,2,0.344071394247,0.376569037657,810,0.104247104247,0.56957682835,37,37,37,1,0,0.405405405405,0.540540540541,0.0540540540541,37,0.117117117117,2.18635635636,8.43243243243,7.09090909091,4.45714285714,5.03620525429,0.597242289772,0.326923076923,6.00062559301,1.42322530091,0.680526680527,3.83793300225,0.910278981302,0.463617463617,1.32204914232,0.604681454823,4.3462962963,2.18635635636,1.32204914232,4.3462962963,0,0,0,0,0.160896782956,37,37,37,1,0,0.405405405405,0.540540540541,0.0540540540541,37,186,0.13963963964,2.46102636408,10.0540540541,8.08695652174,5.02702702703,4.63049041047,0.460559530073,0.245132229003,6.14404176819,1.22220185711,0.624237140366,3.36226185845,0.668837036359,0.36181342633,1.46735073567,0.596235276908,4,2.46102636408,1.46735073567,4,0.11438838219,0.0505450941526,34,0.0043758043758,0.17226768847,37,37,37,1,0,0.378378378378,0.621621621622,0,-156,-0.117117117117,0.735737545969,-8.43243243243,-7.45849802372,-4.7444015444,-0.737219744925,0.170200939796,0.102489586361,-3.36444977419,0.193505403698,0.0797452800848,-4.69105148798,-0.202427857846,-0.100016824974,0.826751165341,0.22493537419,2,0.735737545969,0.826751165341,2,-0.229683012057,-0.326023943504,-776,-0.0998712998713,-0.39730913988,-0.027027027027,0.0810810810811,-0.0540540540541,176,10,166,980,0.514619883041,0.989898989899,0.010101010101,0.485380116959,0.94623655914,0.514619883041,0.666666666667,0.63585675049,0.50451887294,0.5,30,186,0,0,0,0
980,WLNM_dir_neg,0.436784599376,0.360610311628,00:00:04,10,30,9,1235778044,threshold_sweep,0.8,0.653846153846,0.0913978494624,0.160377358491,17,9,169,363,0.0913978494624,0.975806451613,0.0241935483871,0.908602150538,0.653846153846,0.0913978494624,0.160377358491,0.681003584229,0.651135005974,0.0856164383562,0.150308146951,0.0672043010753,342,156,186,0,342,0,156,0,186,37,342,0.256756756757,1.72528881811,18.4864864865,15.5454545455,9.77142857143,5.36771015539,0.290358590277,0.142642642643,9.50849154237,1.02869645341,0.544491860281,8.05331334643,0.871264894205,0.461830251304,0.640599570326,0.371299902718,2,1.72528881811,0.640599570326,2,0.344071394247,0.376569037657,810,0.104247104247,0.56957682835,37,37,37,1,0,0.405405405405,0.540540540541,0.0540540540541,37,0.117117117117,2.18635635636,8.43243243243,7.09090909091,4.45714285714,5.03620525429,0.597242289772,0.326923076923,6.00062559301,1.42322530091,0.680526680527,3.83793300225,0.910278981302,0.463617463617,1.32204914232,0.604681454823,4.3462962963,2.18635635636,1.32204914232,4.3462962963,0,0,0,0,0.160896782956,37,37,37,1,0,0.405405405405,0.540540540541,0.0540540540541,37,182,0.136636636637,2.47528696356,9.83783783784,7.91304347826,4.91891891892,4.5917408555,0.466742889158,0.250371250371,6.07535265725,1.23509916658,0.629640629641,3.41872603285,0.695015731953,0.373923373923,1.48889661556,0.601504648746,4,2.47528696356,1.48889661556,4,0.111259307312,0.0448684889118,29,0.0037323037323,0.170089671754,37,37,37,1,0,0.378378378378,0.621621621622,0,-160,-0.12012012012,0.749998145441,-8.64864864865,-7.63241106719,-4.85250965251,-0.775969299892,0.176384298881,0.107728607729,-3.43313888513,0.206402713168,0.0851487693593,-4.63458731358,-0.176249162252,-0.0879068773806,0.848297045234,0.230204746028,2,0.749998145441,0.848297045234,2,-0.232812086935,-0.331700548745,-781,-0.100514800515,-0.399487156596,-0.027027027027,0.0810810810811,-0.0540540540541,173,9,169,981,0.505847953216,0.990909090909,0.00909090909091,0.494152046784,0.950549450549,0.505847953216,0.660305343511,0.631815200827,0.496757044125,0.492877492877,26,186,0,0,0,0
981,WLNM_dir_neg,0.436784599376,0.360610311628,00:00:04,10,30,9,1235778044,threshold_sweep,0.9,0.68,0.0913978494624,0.161137440758,17,8,169,364,0.0913978494624,0.978494623656,0.0215053763441,0.908602150538,0.68,0.0913978494624,0.161137440758,0.682795698925,0.651732377539,0.0891938250429,0.159266611876,0.0698924731183,342,156,186,0,342,0,156,0,186,37,342,0.256756756757,1.72528881811,18.4864864865,15.5454545455,9.77142857143,5.36771015539,0.290358590277,0.142642642643,9.50849154237,1.02869645341,0.544491860281,8.05331334643,0.871264894205,0.461830251304,0.640599570326,0.371299902718,2,1.72528881811,0.640599570326,2,0.344071394247,0.376569037657,810,0.104247104247,0.56957682835,37,37,37,1,0,0.405405405405,0.540540540541,0.0540540540541,37,0.117117117117,2.18635635636,8.43243243243,7.09090909091,4.45714285714,5.03620525429,0.597242289772,0.326923076923,6.00062559301,1.42322530091,0.680526680527,3.83793300225,0.910278981302,0.463617463617,1.32204914232,0.604681454823,4.3462962963,2.18635635636,1.32204914232,4.3462962963,0,0,0,0,0.160896782956,37,37,37,1,0,0.405405405405,0.540540540541,0.0540540540541,37,181,0.135885885886,2.47872659176,9.78378378378,7.86956521739,4.89189189189,4.65555304708,0.475843819729,0.255786172913,6.08177506884,1.24323578755,0.631626101239,3.43821484514,0.70283949873,0.377781096013,1.49486771054,0.603078901685,4.0940360264,2.47872659176,1.49486771054,4.0940360264,0.115763811816,0.0435007767996,28,0.0036036036036,0.169033218326,37,37,37,1,0,0.378378378378,0.621621621622,0,-161,-0.120870870871,0.753437773645,-8.7027027027,-7.67588932806,-4.87953667954,-0.712157108313,0.185485229452,0.113143530271,-3.42671647353,0.214539334139,0.087134240958,-4.6150985013,-0.168425395475,-0.0840491552908,0.85426814021,0.231778998967,2.0940360264,0.753437773645,0.85426814021,2.0940360264,-0.228307582431,-0.333068260857,-782,-0.100643500644,-0.400543610024,-0.027027027027,0.0810810810811,-0.0540540540541,173,8,169,982,0.505847953216,0.991919191919,0.00808080808081,0.494152046784,0.955801104972,0.505847953216,0.661567877629,0.634570573378,0.497767145136,0.494285714286,25,186,0,0,0,0
982,WLNM_dir_neg,0.449408891201,0.329243868184,00:00:05,10,30,10,1235778045,threshold_sweep,0.1,0.425925925926,0.123655913978,0.191666666667,23,31,163,341,0.123655913978,0.916666666667,0.0833333333333,0.876344086022,0.425925925926,0.123655913978,0.191666666667,0.652329749104,0.634408602151,0.0490196078431,0.0642930624842,0.0403225806452,342,156,186,0,342,0,156,0,186,37,342,0.256756756757,1.72528881811,18.4864864865,15.5454545455,9.77142857143,5.36771015539,0.290358590277,0.142642642643,9.50849154237,1.02869645341,0.544491860281,8.05331334643,0.871264894205,0.461830251304,0.640599570326,0.371299902718,2,1.72528881811,0.640599570326,2,0.344071394247,0.376569037657,810,0.104247104247,0.56957682835,37,37,37,1,0,0.405405405405,0.540540540541,0.0540540540541,37,0.117117117117,2.21261261261,8.43243243243,7.09090909091,4.45714285714,5.04722443274,0.598549051319,0.327616077616,6.00525295579,1.42432281644,0.680873180873,3.83793300225,0.910278981302,0.463617463617,1.39215458577,0.629190386892,5.2,2.21261261261,1.39215458577,5.2,0,0,0,0,0.161113233172,37,37,37,1,0,0.405405405405,0.540540540541,0.0540540540541,37,210,0.157657657658,21.7200836603,11.3513513514,6,5.67567567568,5.22396303488,0.460206267358,0.249420849421,5.86446006823,1.03326201202,0.529987129987,3.44039770032,0.606165309103,0.331016731017,5.21476027351,0.240089327235,23.9857514004,21.7200836603,5.21476027351,23.9857514004,0.184551966828,0.0860215053763,64,0.00823680823681,0.153538821176,37,37,37,1,0,0.0540540540541,0.945945945946,0,-132,-0.0990990990991,19.9947948422,-7.13513513514,-9.54545454545,-4.09575289575,-0.143747120514,0.169847677081,0.106778206778,-3.64403147414,0.00456555860708,-0.0145047302942,-4.61291564612,-0.265099585102,-0.130813520287,4.57416070318,-0.131210575482,21.9857514004,19.9947948422,4.57416070318,21.9857514004,-0.15951942742,-0.290547532281,-746,-0.0960102960103,-0.416038007173,-0.351351351351,0.405405405405,-0.0540540540541,179,31,163,959,0.523391812865,0.968686868687,0.0313131313131,0.476608187135,0.852380952381,0.523391812865,0.648550724638,0.589873824504,0.492078681552,0.479892761394,54,186,0,0,0,0
983,WLNM_dir_neg,0.449408891201,0.329243868184,00:00:05,10,30,10,1235778045,threshold_sweep,0.2,0.511627906977,0.118279569892,0.192139737991,22,21,164,351,0.118279569892,0.943548387097,0.0564516129032,0.881720430108,0.511627906977,0.118279569892,0.192139737991,0.668458781362,0.640979689367,0.0765391014975,0.10928863353,0.0618279569892,342,156,186,0,342,0,156,0,186,37,342,0.256756756757,1.72528881811,18.4864864865,15.5454545455,9.77142857143,5.36771015539,0.290358590277,0.142642642643,9.50849154237,1.02869645341,0.544491860281,8.05331334643,0.871264894205,0.461830251304,0.640599570326,0.371299902718,2,1.72528881811,0.640599570326,2,0.344071394247,0.376569037657,810,0.104247104247,0.56957682835,37,37,37,1,0,0.405405405405,0.540540540541,0.0540540540541,37,0.117117117117,2.21261261261,8.43243243243,7.09090909091,4.45714285714,5.04722443274,0.598549051319,0.327616077616,6.00525295579,1.42432281644,0.680873180873,3.83793300225,0.910278981302,0.463617463617,1.39215458577,0.629190386892,5.2,2.21261261261,1.39215458577,5.2,0,0,0,0,0.161113233172,37,37,37,1,0,0.405405405405,0.540540540541,0.0540540540541,37,199,0.149399399399,6.86303514489,10.7567567568,6.86206896552,5.37837837838,4.7223193772,0.439009590343,0.240934401738,5.99699624512,1.11501940236,0.578296889855,3.41850642623,0.63560169734,0.345782968899,3.46825949874,0.505353597282,9.38374640516,6.86303514489,3.46825949874,9.38374640516,0.173715123793,0.0764331210191,56,0.00720720720721,0.178193478623,37,37,37,1,0,0.216216216216,0.783783783784,0,-143,-0.107357357357,5.13774632677,-7.72972972973,-8.68338557994,-4.39305019305,-0.645390778191,0.148651000066,0.0982917590958,-3.51149529726,0.0863229489439,0.0338050295733,-4.6348069202,-0.235663196865,-0.116047282405,2.82765992842,0.134053694565,7.38374640516,5.13774632677,2.82765992842,7.38374640516,-0.170356270455,-0.300135916638,-754,-0.0970398970399,-0.391383349727,-0.189189189189,0.243243243243,-0.0540540540541,178,21,164,969,0.520467836257,0.978787878788,0.0212121212121,0.479532163743,0.894472361809,0.520467836257,0.658040665434,0.611803845172,0.499255715045,0.490358126722,43,186,0,0,0,0
984,WLNM_dir_neg,0.449408891201,0.329243868184,00:00:05,10,30,10,1235778045,threshold_sweep,0.3,0.512195121951,0.112903225806,0.185022026432,21,20,165,352,0.112903225806,0.94623655914,0.0537634408602,0.887096774194,0.512195121951,0.112903225806,0.185022026432,0.668458781362,0.642174432497,0.0734557595993,0.106849005198,0.0591397849462,342,156,186,0,342,0,156,0,186,37,342,0.256756756757,1.72528881811,18.4864864865,15.5454545455,9.77142857143,5.36771015539,0.290358590277,0.142642642643,9.50849154237,1.02869645341,0.544491860281,8.05331334643,0.871264894205,0.461830251304,0.640599570326,0.371299902718,2,1.72528881811,0.640599570326,2,0.344071394247,0.376569037657,810,0.104247104247,0.56957682835,37,37,37,1,0,0.405405405405,0.540540540541,0.0540540540541,37,0.117117117117,2.21261261261,8.43243243243,7.09090909091,4.45714285714,5.04722443274,0.598549051319,0.327616077616,6.00525295579,1.42432281644,0.680873180873,3.83793300225,0.910278981302,0.463617463617,1.39215458577,0.629190386892,5.2,2.21261261261,1.39215458577,5.2,0,0,0,0,0.161113233172,37,37,37,1,0,0.405405405405,0.540540540541,0.0540540540541,37,197,0.147897897898,6.72182488989,10.6486486486,6.79310344828,5.32432432432,4.6798398371,0.439477345108,0.239813417478,5.95377589832,1.11822186923,0.577857044862,3.42421162098,0.643126040488,0.34874468377,3.38281881317,0.503258991209,9.16238167844,6.72182488989,3.38281881317,9.16238167844,0.160975371656,0.0690289921767,50,0.00643500643501,0.176874498892,37,37,37,1,0,0.216216216216,0.783783783784,0,-145,-0.108858858859,4.99653607177,-7.83783783784,-8.75235109718,-4.4471042471,-0.687870318294,0.149118754831,0.0971707748357,-3.55471564405,0.0895254158133,0.0333651845808,-4.62910172546,-0.228138853717,-0.113085567534,2.74221924284,0.131959088491,7.16238167844,4.99653607177,2.74221924284,7.16238167844,-0.183096022591,-0.30754004548,-760,-0.0978120978121,-0.392702329458,-0.189189189189,0.243243243243,-0.0540540540541,177,20,165,970,0.517543859649,0.979797979798,0.020202020202,0.482456140351,0.89847715736,0.517543859649,0.656771799629,0.612004482091,0.497341839447,0.488950276243,41,186,0,0,0,0
985,WLNM_dir_neg,0.449408891201,0.329243868184,00:00:05,10,30,10,1235778045,threshold_sweep,0.4,0.617647058824,0.112903225806,0.190909090909,21,13,165,359,0.112903225806,0.965053763441,0.0349462365591,0.887096774194,0.617647058824,0.112903225806,0.190909090909,0.681003584229,0.646356033453,0.097972972973,0.153630660622,0.0779569892473,342,156,186,0,342,0,156,0,186,37,342,0.256756756757,1.72528881811,18.4864864865,15.5454545455,9.77142857143,5.36771015539,0.290358590277,0.142642642643,9.50849154237,1.02869645341,0.544491860281,8.05331334643,0.871264894205,0.461830251304,0.640599570326,0.371299902718,2,1.72528881811,0.640599570326,2,0.344071394247,0.376569037657,810,0.104247104247,0.56957682835,37,37,37,1,0,0.405405405405,0.540540540541,0.0540540540541,37,0.117117117117,2.21261261261,8.43243243243,7.09090909091,4.45714285714,5.04722443274,0.598549051319,0.327616077616,6.00525295579,1.42432281644,0.680873180873,3.83793300225,0.910278981302,0.463617463617,1.39215458577,0.629190386892,5.2,2.21261261261,1.39215458577,5.2,0,0,0,0,0.161113233172,37,37,37,1,0,0.405405405405,0.540540540541,0.0540540540541,37,190,0.142642642643,2.56576197174,10.2702702703,8.26086956522,5.13513513514,4.57437699856,0.445399865649,0.238122332859,6.10174001669,1.1882335822,0.61280227596,3.35130291547,0.652622146697,0.353342816501,1.60393749508,0.625131057656,4.9342936181,2.56576197174,1.60393749508,4.9342936181,0.151243271135,0.0546528803545,37,0.0047619047619,0.180280816403,37,37,37,1,0,0.378378378378,0.621621621622,0,-152,-0.114114114114,0.84047315362,-8.21621621622,-7.28458498024,-4.63629343629,-0.793333156837,0.155041275372,0.0954796902165,-3.40675152569,0.159537128782,0.0683104156788,-4.70201043097,-0.218642747508,-0.108487434803,0.963337924758,0.253831154938,2.9342936181,0.84047315362,0.963337924758,2.9342936181,-0.192828123113,-0.321916157302,-773,-0.0994851994852,-0.389296011947,-0.027027027027,0.0810810810811,-0.0540540540541,177,13,165,977,0.517543859649,0.986868686869,0.0131313131313,0.482456140351,0.931578947368,0.517543859649,0.665413533835,0.630095935795,0.504412546518,0.498591549296,34,186,0,0,0,0
986,WLNM_dir_neg,0.449408891201,0.329243868184,00:00:05,10,30,10,1235778045,threshold_sweep,0.5,0.65625,0.112903225806,0.192660550459,21,11,165,361,0.112903225806,0.970430107527,0.0295698924731,0.887096774194,0.65625,0.112903225806,0.192660550459,0.68458781362,0.647550776583,0.105084745763,0.168958029076,0.0833333333333,342,156,186,0,342,0,156,0,186,37,342,0.256756756757,1.72528881811,18.4864864865,15.5454545455,9.77142857143,5.36771015539,0.290358590277,0.142642642643,9.50849154237,1.02869645341,0.544491860281,8.05331334643,0.871264894205,0.461830251304,0.640599570326,0.371299902718,2,1.72528881811,0.640599570326,2,0.344071394247,0.376569037657,810,0.104247104247,0.56957682835,37,37,37,1,0,0.405405405405,0.540540540541,0.0540540540541,37,0.117117117117,2.21261261261,8.43243243243,7.09090909091,4.45714285714,5.04722443274,0.598549051319,0.327616077616,6.00525295579,1.42432281644,0.680873180873,3.83793300225,0.910278981302,0.463617463617,1.39215458577,0.629190386892,5.2,2.21261261261,1.39215458577,5.2,0,0,0,0,0.161113233172,37,37,37,1,0,0.405405405405,0.540540540541,0.0540540540541,37,188,0.141141141141,2.56429271637,10.1621621622,8.17391304348,5.22222222222,4.63988453828,0.456584382756,0.244968372628,6.12090397453,1.20464599499,0.617883841288,3.40243685857,0.669628530677,0.362852213916,1.60161479455,0.624583451149,4.93290897101,2.56429271637,1.60161479455,4.93290897101,0.165282310174,0.0523690773067,35,0.0045045045045,0.17975929686,37,37,37,1,0,0.378378378378,0.594594594595,0.027027027027,-154,-0.115615615616,0.839003898256,-8.32432432432,-7.37154150198,-4.54920634921,-0.727825617118,0.166225792479,0.102325729985,-3.38758756784,0.175949541573,0.0733919810068,-4.65087648786,-0.201636363528,-0.0989780373879,0.961015224221,0.253283548431,2.93290897101,0.839003898256,0.961015224221,2.93290897101,-0.178789084073,-0.32419996035,-775,-0.0997425997426,-0.38981753149,-0.027027027027,0.0540540540541,-0.027027027027,177,11,165,979,0.517543859649,0.988888888889,0.0111111111111,0.482456140351,0.941489361702,0.517543859649,0.667924528302,0.635419436499,0.506432748538,0.501416430595,32,186,0,0,0,0
987,WLNM_dir_neg,0.449408891201,0.329243868184,00:00:05,10,30,10,1235778045,threshold_sweep,0.6,0.615384615385,0.0860215053763,0.150943396226,16,10,170,362,0.0860215053763,0.97311827957,0.0268817204301,0.913978494624,0.615384615385,0.0860215053763,0.150943396226,0.677419354839,0.651135005974,0.0753424657534,0.132271169317,0.0591397849462,342,156,186,0,342,0,156,0,186,37,342,0.256756756757,1.72528881811,18.4864864865,15.5454545455,9.77142857143,5.36771015539,0.290358590277,0.142642642643,9.50849154237,1.02869645341,0.544491860281,8.05331334643,0.871264894205,0.461830251304,0.640599570326,0.371299902718,2,1.72528881811,0.640599570326,2,0.344071394247,0.376569037657,810,0.104247104247,0.56957682835,37,37,37,1,0,0.405405405405,0.540540540541,0.0540540540541,37,0.117117117117,2.21261261261,8.43243243243,7.09090909091,4.45714285714,5.04722443274,0.598549051319,0.327616077616,6.00525295579,1.42432281644,0.680873180873,3.83793300225,0.910278981302,0.463617463617,1.39215458577,0.629190386892,5.2,2.21261261261,1.39215458577,5.2,0,0,0,0,0.161113233172,37,37,37,1,0,0.405405405405,0.540540540541,0.0540540540541,37,182,0.136636636637,2.29135640246,9.83783783784,8.27272727273,5.05555555556,4.8620612542,0.494220512103,0.266557766558,6.15258923985,1.2508011092,0.63468963469,3.43493796142,0.698311563585,0.376596376596,1.38502897454,0.604458116185,4.59105772349,2.29135640246,1.38502897454,4.59105772349,0.133450478342,0.0445468509985,29,0.0037323037323,0.183533846094,37,37,37,1,0,0.405405405405,0.567567567568,0.027027027027,-160,-0.12012012012,0.566067584344,-8.64864864865,-7.27272727273,-4.71587301587,-0.505648901188,0.203861921826,0.123915123915,-3.35590230252,0.222104655786,0.0901977744083,-4.61837538502,-0.17295333062,-0.0852338747076,0.744429404213,0.233158213467,2.59105772349,0.566067584344,0.744429404213,2.59105772349,-0.210620915905,-0.332022186658,-781,-0.100514800515,-0.386042982256,0,0.027027027027,-0.027027027027,172,10,170,980,0.502923976608,0.989898989899,0.010101010101,0.497076023392,0.945054945055,0.502923976608,0.656488549618,0.626811527361,0.492822966507,0.488636363636,26,186,0,0,0,0
988,WLNM_dir_neg,0.449408891201,0.329243868184,00:00:05,10,30,10,1235778045,threshold_sweep,0.7,0.583333333333,0.0752688172043,0.133333333333,14,10,172,362,0.0752688172043,0.97311827957,0.0268817204301,0.924731182796,0.583333333333,0.0752688172043,0.133333333333,0.673835125448,0.652329749104,0.0618556701031,0.112429753349,0.0483870967742,342,156,186,0,342,0,156,0,186,37,342,0.256756756757,1.72528881811,18.4864864865,15.5454545455,9.77142857143,5.36771015539,0.290358590277,0.142642642643,9.50849154237,1.02869645341,0.544491860281,8.05331334643,0.871264894205,0.461830251304,0.640599570326,0.371299902718,2,1.72528881811,0.640599570326,2,0.344071394247,0.376569037657,810,0.104247104247,0.56957682835,37,37,37,1,0,0.405405405405,0.540540540541,0.0540540540541,37,0.117117117117,2.21261261261,8.43243243243,7.09090909091,4.45714285714,5.04722443274,0.598549051319,0.327616077616,6.00525295579,1.42432281644,0.680873180873,3.83793300225,0.910278981302,0.463617463617,1.39215458577,0.629190386892,5.2,2.21261261261,1.39215458577,5.2,0,0,0,0,0.161113233172,37,37,37,1,0,0.405405405405,0.540540540541,0.0540540540541,37,180,0.135135135135,2.28664340914,9.72972972973,8.18181818182,5,4.87993993957,0.501549382678,0.27012012012,6.13352428218,1.26077999134,0.637237237237,3.4573766722,0.710682982618,0.381681681682,1.37584366803,0.601687024103,4.51908588266,2.28664340914,1.37584366803,4.51908588266,0.127611469872,0.0387196695922,25,0.0032175032175,0.181683555932,37,37,37,1,0,0.405405405405,0.567567567568,0.027027027027,-162,-0.121621621622,0.561354591029,-8.75675675676,-7.36363636364,-4.77142857143,-0.487770215823,0.211190792401,0.127477477477,-3.37496726019,0.232083537923,0.0927453769559,-4.59593667424,-0.160581911587,-0.0801485696223,0.735244097708,0.230387121386,2.51908588266,0.561354591029,0.735244097708,2.51908588266,-0.216459924376,-0.337849368065,-785,-0.10102960103,-0.387893272418,0,0.027027027027,-0.027027027027,170,10,172,980,0.497076023392,0.989898989899,0.010101010101,0.502923976608,0.944444444444,0.497076023392,0.651340996169,0.622264229234,0.486975013291,0.482954545455,24,186,0,0,0,0
989,WLNM_dir_neg,0.449408891201,0.329243868184,00:00:05,10,30,10,1235778045,threshold_sweep,0.8,0.565217391304,0.0698924731183,0.124401913876,13,10,173,362,0.0698924731183,0.97311827957,0.0268817204301,0.930107526882,0.565217391304,0.0698924731183,0.124401913876,0.672043010753,0.652927120669,0.0550774526678,0.101991546207,0.0430107526882,342,156,186,0,342,0,156,0,186,37,342,0.256756756757,1.72528881811,18.4864864865,15.5454545455,9.77142857143,5.36771015539,0.290358590277,0.142642642643,9.50849154237,1.02869645341,0.544491860281,8.05331334643,0.871264894205,0.461830251304,0.640599570326,0.371299902718,2,1.72528881811,0.640599570326,2,0.344071394247,0.376569037657,810,0.104247104247,0.56957682835,37,37,37,1,0,0.405405405405,0.540540540541,0.0540540540541,37,0.117117117117,2.21261261261,8.43243243243,7.09090909091,4.45714285714,5.04722443274,0.598549051319,0.327616077616,6.00525295579,1.42432281644,0.680873180873,3.83793300225,0.910278981302,0.463617463617,1.39215458577,0.629190386892,5.2,2.21261261261,1.39215458577,5.2,0,0,0,0,0.161113233172,37,37,37,1,0,0.405405405405,0.540540540541,0.0540540540541,37,179,0.134384384384,2.28345007289,9.67567567568,8.13636363636,4.97222222222,4.86514847355,0.502822607601,0.271327193115,6.09423002845,1.25970117906,0.638079420202,3.47621692132,0.718547631782,0.385021893402,1.37192838142,0.600813828911,4.51908588266,2.28345007289,1.37192838142,4.51908588266,0.0906971553256,0.0312989045383,20,0.002574002574,0.181362670002,37,37,37,1,0,0.405405405405,0.567567567568,0.027027027027,-163,-0.122372372372,0.558161254779,-8.81081081081,-7.40909090909,-4.79920634921,-0.502561681845,0.212464017324,0.128684550472,-3.41426151393,0.23100472565,0.093587559921,-4.57709642511,-0.152717262423,-0.0768083579022,0.731328811097,0.229513926194,2.51908588266,0.558161254779,0.731328811097,2.51908588266,-0.253374238922,-0.345270133119,-790,-0.101673101673,-0.388214158348,0,0.027027027027,-0.027027027027,169,10,173,980,0.494152046784,0.989898989899,0.010101010101,0.505847953216,0.944134078212,0.494152046784,0.648752399232,0.619984219868,0.484051036683,0.480113636364,23,186,0,0,0,0
990,WLNM_dir_neg,0.449408891201,0.329243868184,00:00:05,10,30,10,1235778045,threshold_sweep,0.9,0.4375,0.0376344086022,0.0693069306931,7,9,179,363,0.0376344086022,0.975806451613,0.0241935483871,0.962365591398,0.4375,0.0376344086022,0.0693069306931,0.663082437276,0.657108721625,0.0174216027875,0.0379660462019,0.0134408602151,342,156,186,0,342,0,156,0,186,37,342,0.256756756757,1.72528881811,18.4864864865,15.5454545455,9.77142857143,5.36771015539,0.290358590277,0.142642642643,9.50849154237,1.02869645341,0.544491860281,8.05331334643,0.871264894205,0.461830251304,0.640599570326,0.371299902718,2,1.72528881811,0.640599570326,2,0.344071394247,0.376569037657,810,0.104247104247,0.56957682835,37,37,37,1,0,0.405405405405,0.540540540541,0.0540540540541,37,0.117117117117,2.21261261261,8.43243243243,7.09090909091,4.45714285714,5.04722443274,0.598549051319,0.327616077616,6.00525295579,1.42432281644,0.680873180873,3.83793300225,0.910278981302,0.463617463617,1.39215458577,0.629190386892,5.2,2.21261261261,1.39215458577,5.2,0,0,0,0,0.161113233172,37,37,37,1,0,0.405405405405,0.540540540541,0.0540540540541,37,172,0.129129129129,2.27948260814,9.2972972973,7.81818181818,4.77777777778,4.70735160777,0.506313981068,0.272627278441,5.9778118266,1.28592463712,0.646763042112,3.56071322612,0.765967380038,0.405405405405,1.36736980361,0.599859721996,4.51861163015,2.27948260814,1.36736980361,4.51861163015,0.068837535014,0.0152456239413,9,0.0011583011583,0.175528025366,37,37,37,1,0,0.405405405405,0.567567567568,0.027027027027,-170,-0.127627627628,0.554193790024,-9.18918918919,-7.72727272727,-4.99365079365,-0.660358547625,0.215955390791,0.129984635799,-3.53067971578,0.257228183703,0.102271181831,-4.49260012031,-0.105297514167,-0.0564248458985,0.726770233286,0.228559819278,2.51861163015,0.554193790024,0.726770233286,2.51861163015,-0.275233859233,-0.361323413716,-801,-0.103088803089,-0.394048802984,0,0.027027027027,-0.027027027027,163,9,179,981,0.476608187135,0.990909090909,0.00909090909091,0.523391812865,0.947674418605,0.476608187135,0.634241245136,0.609024968511,0.467517278044,0.464387464387,16,186,0,0,0,0
991,WLNM_dir_neg,0.446446120939,0.326090252184,00:00:04,10,30,11,1235778046,threshold_sweep,0.1,0.487804878049,0.10752688172,0.176211453744,20,21,166,351,0.10752688172,0.943548387097,0.0564516129032,0.89247311828,0.487804878049,0.10752688172,0.176211453744,0.664874551971,0.642174432497,0.0634390651085,0.0922786863073,0.0510752688172,342,156,186,0,342,0,156,0,186,37,342,0.256756756757,1.72528881811,18.4864864865,15.5454545455,9.77142857143,5.36771015539,0.290358590277,0.142642642643,9.50849154237,1.02869645341,0.544491860281,8.05331334643,0.871264894205,0.461830251304,0.640599570326,0.371299902718,2,1.72528881811,0.640599570326,2,0.344071394247,0.376569037657,810,0.104247104247,0.56957682835,37,37,37,1,0,0.405405405405,0.540540540541,0.0540540540541,37,0.117117117117,2.21261261261,8.43243243243,7.09090909091,4.45714285714,5.04722443274,0.598549051319,0.327616077616,6.00525295579,1.42432281644,0.680873180873,3.83793300225,0.910278981302,0.463617463617,1.39215458577,0.629190386892,5.2,2.21261261261,1.39215458577,5.2,0,0,0,0,0.161113233172,37,37,37,1,0,0.405405405405,0.540540540541,0.0540540540541,37,197,0.147897897898,6.65272027085,10.6486486486,6.79310344828,5.32432432432,5.14898164806,0.483533809589,0.26327342571,6.00487789706,1.12781970655,0.583070380025,3.39978801671,0.638538866082,0.346549595281,3.35954887836,0.504988747698,9.59389793889,6.65272027085,3.35954887836,9.59389793889,0.182274944117,0.0854184641933,66,0.00849420849421,0.184852147775,37,37,37,1,0,0.216216216216,0.783783783784,0,-145,-0.108858858859,4.92743145273,-7.83783783784,-8.75235109718,-4.4471042471,-0.218728507338,0.193175219312,0.120630783067,-3.50361364532,0.099123253139,0.0385785197434,-4.65352532973,-0.232726028122,-0.115280656023,2.71894930803,0.13368884498,7.59389793889,4.92743145273,2.71894930803,7.59389793889,-0.16179645013,-0.291150573464,-744,-0.0957528957529,-0.384724680575,-0.189189189189,0.243243243243,-0.0540540540541,176,21,166,969,0.514619883041,0.978787878788,0.0212121212121,0.485380116959,0.893401015228,0.514619883041,0.65306122449,0.607163399069,0.493407761829,0.484848484848,41,186,0,0,0,0
992,WLNM_dir_neg,0.446446120939,0.326090252184,00:00:04,10,30,11,1235778046,threshold_sweep,0.2,0.606060606061,0.10752688172,0.182648401826,20,13,166,359,0.10752688172,0.965053763441,0.0349462365591,0.89247311828,0.606060606061,0.10752688172,0.182648401826,0.679211469534,0.646953405018,0.0913705583756,0.145048133525,0.0725806451613,342,156,186,0,342,0,156,0,186,37,342,0.256756756757,1.72528881811,18.4864864865,15.5454545455,9.77142857143,5.36771015539,0.290358590277,0.142642642643,9.50849154237,1.02869645341,0.544491860281,8.05331334643,0.871264894205,0.461830251304,0.640599570326,0.371299902718,2,1.72528881811,0.640599570326,2,0.344071394247,0.376569037657,810,0.104247104247,0.56957682835,37,37,37,1,0,0.405405405405,0.540540540541,0.0540540540541,37,0.117117117117,2.21261261261,8.43243243243,7.09090909091,4.45714285714,5.04722443274,0.598549051319,0.327616077616,6.00525295579,1.42432281644,0.680873180873,3.83793300225,0.910278981302,0.463617463617,1.39215458577,0.629190386892,5.2,2.21261261261,1.39215458577,5.2,0,0,0,0,0.161113233172,37,37,37,1,0,0.405405405405,0.540540540541,0.0540540540541,37,189,0.141891891892,2.64530728993,10.2162162162,8.21739130435,5.10810810811,4.9280102765,0.482371376271,0.259688259688,6.14990417172,1.20394949393,0.619190619191,3.33153104429,0.652204490153,0.352352352352,1.71140031681,0.646957093915,4.90500433938,2.64530728993,1.71140031681,4.90500433938,0.163342529132,0.0606773283161,43,0.00553410553411,0.179271574278,37,37,37,1,0,0.378378378378,0.621621621622,0,-153,-0.114864864865,0.92001847182,-8.27027027027,-7.32806324111,-4.66332046332,-0.439699878894,0.192012785994,0.117045617046,-3.35858737066,0.17525304052,0.0746987589093,-4.72178230214,-0.219060404052,-0.109477898952,1.07080074648,0.275657191197,2.90500433938,0.92001847182,1.07080074648,2.90500433938,-0.180728865115,-0.315891709341,-767,-0.098712998713,-0.390305254072,-0.027027027027,0.0810810810811,-0.0540540540541,176,13,166,977,0.514619883041,0.986868686869,0.0131313131313,0.485380116959,0.931216931217,0.514619883041,0.662900188324,0.627823650674,0.50148856991,0.495774647887,33,186,0,0,0,0
993,WLNM_dir_neg,0.446446120939,0.326090252184,00:00:04,10,30,11,1235778046,threshold_sweep,0.3,0.606060606061,0.10752688172,0.182648401826,20,13,166,359,0.10752688172,0.965053763441,0.0349462365591,0.89247311828,0.606060606061,0.10752688172,0.182648401826,0.679211469534,0.646953405018,0.0913705583756,0.145048133525,0.0725806451613,342,156,186,0,342,0,156,0,186,37,342,0.256756756757,1.72528881811,18.4864864865,15.5454545455,9.77142857143,5.36771015539,0.290358590277,0.142642642643,9.50849154237,1.02869645341,0.544491860281,8.05331334643,0.871264894205,0.461830251304,0.640599570326,0.371299902718,2,1.72528881811,0.640599570326,2,0.344071394247,0.376569037657,810,0.104247104247,0.56957682835,37,37,37,1,0,0.405405405405,0.540540540541,0.0540540540541,37,0.117117117117,2.21261261261,8.43243243243,7.09090909091,4.45714285714,5.04722443274,0.598549051319,0.327616077616,6.00525295579,1.42432281644,0.680873180873,3.83793300225,0.910278981302,0.463617463617,1.39215458577,0.629190386892,5.2,2.21261261261,1.39215458577,5.2,0,0,0,0,0.161113233172,37,37,37,1,0,0.405405405405,0.540540540541,0.0540540540541,37,189,0.141891891892,2.64530728993,10.2162162162,8.21739130435,5.10810810811,4.9280102765,0.482371376271,0.259688259688,6.14990417172,1.20394949393,0.619190619191,3.33153104429,0.652204490153,0.352352352352,1.71140031681,0.646957093915,4.90500433938,2.64530728993,1.71140031681,4.90500433938,0.163342529132,0.0606773283161,43,0.00553410553411,0.179271574278,37,37,37,1,0,0.378378378378,0.621621621622,0,-153,-0.114864864865,0.92001847182,-8.27027027027,-7.32806324111,-4.66332046332,-0.439699878894,0.192012785994,0.117045617046,-3.35858737066,0.17525304052,0.0746987589093,-4.72178230214,-0.219060404052,-0.109477898952,1.07080074648,0.275657191197,2.90500433938,0.92001847182,1.07080074648,2.90500433938,-0.180728865115,-0.315891709341,-767,-0.098712998713,-0.390305254072,-0.027027027027,0.0810810810811,-0.0540540540541,176,13,166,977,0.514619883041,0.986868686869,0.0131313131313,0.485380116959,0.931216931217,0.514619883041,0.662900188324,0.627823650674,0.50148856991,0.495774647887,33,186,0,0,0,0
994,WLNM_dir_neg,0.446446120939,0.326090252184,00:00:04,10,30,11,1235778046,threshold_sweep,0.4,0.606060606061,0.10752688172,0.182648401826,20,13,166,359,0.10752688172,0.965053763441,0.0349462365591,0.89247311828,0.606060606061,0.10752688172,0.182648401826,0.679211469534,0.646953405018,0.0913705583756,0.145048133525,0.0725806451613,342,156,186,0,342,0,156,0,186,37,342,0.256756756757,1.72528881811,18.4864864865,15.5454545455,9.77142857143,5.36771015539,0.290358590277,0.142642642643,9.50849154237,1.02869645341,0.544491860281,8.05331334643,0.871264894205,0.461830251304,0.640599570326,0.371299902718,2,1.72528881811,0.640599570326,2,0.344071394247,0.376569037657,810,0.104247104247,0.56957682835,37,37,37,1,0,0.405405405405,0.540540540541,0.0540540540541,37,0.117117117117,2.21261261261,8.43243243243,7.09090909091,4.45714285714,5.04722443274,0.598549051319,0.327616077616,6.00525295579,1.42432281644,0.680873180873,3.83793300225,0.910278981302,0.463617463617,1.39215458577,0.629190386892,5.2,2.21261261261,1.39215458577,5.2,0,0,0,0,0.161113233172,37,37,37,1,0,0.405405405405,0.540540540541,0.0540540540541,37,189,0.141891891892,2.64530728993,10.2162162162,8.21739130435,5.10810810811,4.9280102765,0.482371376271,0.259688259688,6.14990417172,1.20394949393,0.619190619191,3.33153104429,0.652204490153,0.352352352352,1.71140031681,0.646957093915,4.90500433938,2.64530728993,1.71140031681,4.90500433938,0.163342529132,0.0606773283161,43,0.00553410553411,0.179271574278,37,37,37,1,0,0.378378378378,0.621621621622,0,-153,-0.114864864865,0.92001847182,-8.27027027027,-7.32806324111,-4.66332046332,-0.439699878894,0.192012785994,0.117045617046,-3.35858737066,0.17525304052,0.0746987589093,-4.72178230214,-0.219060404052,-0.109477898952,1.07080074648,0.275657191197,2.90500433938,0.92001847182,1.07080074648,2.90500433938,-0.180728865115,-0.315891709341,-767,-0.098712998713,-0.390305254072,-0.027027027027,0.0810810810811,-0.0540540540541,176,13,166,977,0.514619883041,0.986868686869,0.0131313131313,0.485380116959,0.931216931217,0.514619883041,0.662900188324,0.627823650674,0.50148856991,0.495774647887,33,186,0,0,0,0
995,WLNM_dir_neg,0.446446120939,0.326090252184,00:00:04,10,30,11,1235778046,threshold_sweep,0.5,0.566666666667,0.0913978494624,0.157407407407,17,13,169,359,0.0913978494624,0.965053763441,0.0349462365591,0.908602150538,0.566666666667,0.0913978494624,0.157407407407,0.673835125448,0.648745519713,0.0714285714286,0.117984975931,0.0564516129032,342,156,186,0,342,0,156,0,186,37,342,0.256756756757,1.72528881811,18.4864864865,15.5454545455,9.77142857143,5.36771015539,0.290358590277,0.142642642643,9.50849154237,1.02869645341,0.544491860281,8.05331334643,0.871264894205,0.461830251304,0.640599570326,0.371299902718,2,1.72528881811,0.640599570326,2,0.344071394247,0.376569037657,810,0.104247104247,0.56957682835,37,37,37,1,0,0.405405405405,0.540540540541,0.0540540540541,37,0.117117117117,2.21261261261,8.43243243243,7.09090909091,4.45714285714,5.04722443274,0.598549051319,0.327616077616,6.00525295579,1.42432281644,0.680873180873,3.83793300225,0.910278981302,0.463617463617,1.39215458577,0.629190386892,5.2,2.21261261261,1.39215458577,5.2,0,0,0,0,0.161113233172,37,37,37,1,0,0.405405405405,0.540540540541,0.0540540540541,37,186,0.13963963964,2.6608007228,10.0540540541,8.08695652174,5.02702702703,4.91000082567,0.488360297177,0.263731473409,6.09410683678,1.21226856431,0.622493461203,3.37051336748,0.670478465574,0.359488520779,1.73590094641,0.652397953569,4.98993724211,2.6608007228,1.73590094641,4.98993724211,0.159976795581,0.0537010159652,37,0.0047619047619,0.176919439611,37,37,37,1,0,0.378378378378,0.621621621622,0,-156,-0.117117117117,0.935511904687,-8.43243243243,-7.45849802372,-4.7444015444,-0.45770932972,0.1980017069,0.121088830766,-3.41438470559,0.183572110892,0.0780016009218,-4.68279997895,-0.200786428631,-0.102341730525,1.09530137609,0.281098050851,2.98993724211,0.935511904687,1.09530137609,2.98993724211,-0.184094598667,-0.322868021692,-773,-0.0994851994852,-0.392657388739,-0.027027027027,0.0810810810811,-0.0540540540541,173,13,169,977,0.505847953216,0.986868686869,0.0131313131313,0.494152046784,0.930107526882,0.505847953216,0.655303030303,0.620982124715,0.492716640085,0.487323943662,30,186,0,0,0,0
996,WLNM_dir_neg,0.446446120939,0.326090252184,00:00:04,10,30,11,1235778046,threshold_sweep,0.6,0.571428571429,0.0860215053763,0.14953271028,16,12,170,360,0.0860215053763,0.967741935484,0.0322580645161,0.913978494624,0.571428571429,0.0860215053763,0.14953271028,0.673835125448,0.649940262843,0.0682593856655,0.116090865053,0.0537634408602,342,156,186,0,342,0,156,0,186,37,342,0.256756756757,1.72528881811,18.4864864865,15.5454545455,9.77142857143,5.36771015539,0.290358590277,0.142642642643,9.50849154237,1.02869645341,0.544491860281,8.05331334643,0.871264894205,0.461830251304,0.640599570326,0.371299902718,2,1.72528881811,0.640599570326,2,0.344071394247,0.376569037657,810,0.104247104247,0.56957682835,37,37,37,1,0,0.405405405405,0.540540540541,0.0540540540541,37,0.117117117117,2.21261261261,8.43243243243,7.09090909091,4.45714285714,5.04722443274,0.598549051319,0.327616077616,6.00525295579,1.42432281644,0.680873180873,3.83793300225,0.910278981302,0.463617463617,1.39215458577,0.629190386892,5.2,2.21261261261,1.39215458577,5.2,0,0,0,0,0.161113233172,37,37,37,1,0,0.405405405405,0.540540540541,0.0540540540541,37,184,0.138138138138,2.69278241894,9.94594594595,8,4.97297297297,4.92130259375,0.49480488035,0.267332549941,6.09410683678,1.22544539653,0.626909518214,3.39514757073,0.68271989194,0.366039952996,1.77372792269,0.658697082325,4.93648794742,2.69278241894,1.77372792269,4.93648794742,0.137203984908,0.0525291828794,36,0.0046332046332,0.174745291715,37,37,37,1,0,0.378378378378,0.621621621622,0,-158,-0.118618618619,0.967493600827,-8.54054054054,-7.54545454545,-4.79845559846,-0.446407561646,0.204446290072,0.124689907299,-3.41438470559,0.196748943112,0.0824176579325,-4.65816577571,-0.188545002265,-0.0957902983075,1.13312835237,0.287397179608,2.93648794742,0.967493600827,1.13312835237,2.93648794742,-0.20686740934,-0.324039854778,-774,-0.0996138996139,-0.394831536635,-0.027027027027,0.0810810810811,-0.0540540540541,172,12,170,978,0.502923976608,0.987878787879,0.0121212121212,0.497076023392,0.934782608696,0.502923976608,0.653992395437,0.621380750151,0.490802764487,0.485875706215,28,186,0,0,0,0
997,WLNM_dir_neg,0.446446120939,0.326090252184,00:00:04,10,30,11,1235778046,threshold_sweep,0.7,0.636363636364,0.0752688172043,0.134615384615,14,8,172,364,0.0752688172043,0.978494623656,0.0215053763441,0.924731182796,0.636363636364,0.0752688172043,0.134615384615,0.677419354839,0.653524492234,0.0689655172414,0.130233065268,0.0537634408602,342,156,186,0,342,0,156,0,186,37,342,0.256756756757,1.72528881811,18.4864864865,15.5454545455,9.77142857143,5.36771015539,0.290358590277,0.142642642643,9.50849154237,1.02869645341,0.544491860281,8.05331334643,0.871264894205,0.461830251304,0.640599570326,0.371299902718,2,1.72528881811,0.640599570326,2,0.344071394247,0.376569037657,810,0.104247104247,0.56957682835,37,37,37,1,0,0.405405405405,0.540540540541,0.0540540540541,37,0.117117117117,2.21261261261,8.43243243243,7.09090909091,4.45714285714,5.04722443274,0.598549051319,0.327616077616,6.00525295579,1.42432281644,0.680873180873,3.83793300225,0.910278981302,0.463617463617,1.39215458577,0.629190386892,5.2,2.21261261261,1.39215458577,5.2,0,0,0,0,0.161113233172,37,37,37,1,0,0.405405405405,0.540540540541,0.0540540540541,37,178,0.133633633634,2.37622452086,9.62162162162,8.09090909091,4.81081081081,4.88393825236,0.507600323981,0.276647433951,6.13658354931,1.27558197373,0.64287883389,3.42245718939,0.711409640491,0.375948982691,1.50295878518,0.632498643116,4.48084837502,2.37622452086,1.50295878518,4.48084837502,0.103645347028,0.0386597938144,25,0.0032175032175,0.17891284613,37,37,37,1,0,0.405405405405,0.594594594595,0,-164,-0.123123123123,0.650935702741,-8.86486486486,-7.45454545455,-4.96061776062,-0.483771903035,0.217241733704,0.134004791308,-3.37190799307,0.246885520318,0.0983869736087,-4.63085615704,-0.159855253714,-0.0858812686134,0.862359214854,0.261198740398,2.48084837502,0.650935702741,0.862359214854,2.48084837502,-0.24042604722,-0.337909243842,-785,-0.10102960103,-0.39066398222,0,0.0540540540541,-0.0540540540541,170,8,172,982,0.497076023392,0.991919191919,0.00808080808081,0.502923976608,0.955056179775,0.497076023392,0.653846153846,0.627801507848,0.488995215311,0.485714285714,22,186,0,0,0,0
998,WLNM_dir_neg,0.446446120939,0.326090252184,00:00:04,10,30,11,1235778046,threshold_sweep,0.8,0.555555555556,0.0537634408602,0.0980392156863,10,8,176,364,0.0537634408602,0.978494623656,0.0215053763441,0.94623655914,0.555555555556,0.0537634408602,0.0980392156863,0.670250896057,0.655913978495,0.0416666666667,0.0860662965824,0.0322580645161,342,156,186,0,342,0,156,0,186,37,342,0.256756756757,1.72528881811,18.4864864865,15.5454545455,9.77142857143,5.36771015539,0.290358590277,0.142642642643,9.50849154237,1.02869645341,0.544491860281,8.05331334643,0.871264894205,0.461830251304,0.640599570326,0.371299902718,2,1.72528881811,0.640599570326,2,0.344071394247,0.376569037657,810,0.104247104247,0.56957682835,37,37,37,1,0,0.405405405405,0.540540540541,0.0540540540541,37,0.117117117117,2.21261261261,8.43243243243,7.09090909091,4.45714285714,5.04722443274,0.598549051319,0.327616077616,6.00525295579,1.42432281644,0.680873180873,3.83793300225,0.910278981302,0.463617463617,1.39215458577,0.629190386892,5.2,2.21261261261,1.39215458577,5.2,0,0,0,0,0.161113233172,37,37,37,1,0,0.405405405405,0.540540540541,0.0540540540541,37,174,0.130630630631,2.35722613481,9.40540540541,7.90909090909,4.7027027027,4.86175242445,0.516910458921,0.280521901212,6.05009120622,1.2865136473,0.647406026716,3.51081554996,0.746552731888,0.393911152532,1.47545982315,0.625930538169,4.45809935091,2.35722613481,1.47545982315,4.45809935091,0.0860263692372,0.0257096946974,16,0.0020592020592,0.178074560685,37,37,37,1,0,0.405405405405,0.594594594595,0,-168,-0.126126126126,0.6319373167,-9.08108108108,-7.63636363636,-5.06872586873,-0.505957730944,0.226551868644,0.137879258569,-3.45840033615,0.257817193885,0.102914166435,-4.54249779648,-0.124712162317,-0.0679190987721,0.834860252824,0.254630635451,2.45809935091,0.6319373167,0.834860252824,2.45809935091,-0.25804502501,-0.35085934296,-794,-0.102187902188,-0.391502267665,0,0.0540540540541,-0.0540540540541,166,8,176,982,0.485380116959,0.991919191919,0.00808080808081,0.514619883041,0.954022988506,0.485380116959,0.643410852713,0.618717716675,0.477299308878,0.474285714286,18,186,0,0,0,0
999,WLNM_dir_neg,0.446446120939,0.326090252184,00:00:04,10,30,11,1235778046,threshold_sweep,0.9,0.5,0.0430107526882,0.0792079207921,8,8,178,364,0.0430107526882,0.978494623656,0.0215053763441,0.956989247312,0.5,0.0430107526882,0.0792079207921,0.666666666667,0.657108721625,0.0278745644599,0.0607456739231,0.0215053763441,342,156,186,0,342,0,156,0,186,37,342,0.256756756757,1.72528881811,18.4864864865,15.5454545455,9.77142857143,5.36771015539,0.290358590277,0.142642642643,9.50849154237,1.02869645341,0.544491860281,8.05331334643,0.871264894205,0.461830251304,0.640599570326,0.371299902718,2,1.72528881811,0.640599570326,2,0.344071394247,0.376569037657,810,0.104247104247,0.56957682835,37,37,37,1,0,0.405405405405,0.540540540541,0.0540540540541,37,0.117117117117,2.21261261261,8.43243243243,7.09090909091,4.45714285714,5.04722443274,0.598549051319,0.327616077616,6.00525295579,1.42432281644,0.680873180873,3.83793300225,0.910278981302,0.463617463617,1.39215458577,0.629190386892,5.2,2.21261261261,1.39215458577,5.2,0,0,0,0,0.161113233172,37,37,37,1,0,0.405405405405,0.540540540541,0.0540540540541,37,172,0.129129129129,2.36911604055,9.2972972973,7.81818181818,4.64864864865,4.73676439534,0.509477565778,0.276084223759,6.00100091751,1.29091298807,0.649277184161,3.54507652492,0.762603671059,0.400062853551,1.49177329581,0.629675064569,4.49168718292,2.36911604055,1.49177329581,4.49168718292,0.0789970196833,0.021546961326,13,0.0016731016731,0.176825304891,37,37,37,1,0,0.405405405405,0.594594594595,0,-170,-0.127627627628,0.643827222437,-9.18918918919,-7.72727272727,-5.12277992278,-0.630945760056,0.2191189755,0.133441581116,-3.50749062486,0.262216534655,0.10478532388,-4.50823682151,-0.108661223146,-0.0617673977527,0.851173725479,0.258375161851,2.49168718292,0.643827222437,0.851173725479,2.49168718292,-0.265074374564,-0.355022076331,-797,-0.102574002574,-0.392751523459,0,0.0540540540541,-0.0540540540541,164,8,178,982,0.479532163743,0.991919191919,0.00808080808081,0.520467836257,0.953488372093,0.479532163743,0.63813229572,0.614149809047,0.471451355662,0.468571428571,16,186,0,0,0,0
1000,WLNM_dir_neg,0.697703491733,0.635341327316,00:00:04,10,30,12,1235778047,threshold_sweep,0.1,0.835051546392,0.435483870968,0.572438162544,81,16,105,356,0.435483870968,0.956989247312,0.0430107526882,0.564516129032,0.835051546392,0.435483870968,0.572438162544,0.783154121864,0.608721624851,0.445801526718,0.488204218897,0.39247311828,342,156,186,0,342,0,156,0,186,37,342,0.256756756757,1.72528881811,18.4864864865,15.5454545455,9.77142857143,5.36771015539,0.290358590277,0.142642642643,9.50849154237,1.02869645341,0.544491860281,8.05331334643,0.871264894205,0.461830251304,0.640599570326,0.371299902718,2,1.72528881811,0.640599570326,2,0.344071394247,0.376569037657,810,0.104247104247,0.56957682835,37,37,37,1,0,0.405405405405,0.540540540541,0.0540540540541,37,0.117117117117,2.22747747748,8.43243243243,7.09090909091,4.45714285714,5.03620525429,0.597242289772,0.326923076923,6.00525295579,1.42432281644,0.680873180873,3.83793300225,0.910278981302,0.463617463617,1.42084529335,0.637871901162,5.2,2.22747747748,1.42084529335,5.2,0,0,0,0,0.160752482811,37,37,37,1,0,0.405405405405,0.540540540541,0.0540540540541,37,253,0.18993993994,4.74471921958,13.6756756757,9.03571428571,7.22857142857,7.24972817136,0.530118463123,0.274116013246,8.63942357103,1.26347301236,0.628992628993,5.2941976284,0.77425024605,0.416622155753,2.69767717065,0.568564133262,9.06456787089,4.74471921958,2.69767717065,9.06456787089,0.380745161293,0.309769658459,390,0.0501930501931,0.227974758176,37,37,37,1,0,0.243243243243,0.702702702703,0.0540540540541,-89,-0.0668168168168,3.01943040146,-4.81081081081,-6.50974025974,-2.54285714286,1.88201801596,0.239759872846,0.131473370604,-0.869067971346,0.234776558949,0.0845007687113,-2.75911571804,-0.0970146481547,-0.0452080955513,2.05707760032,0.197264230544,7.06456787089,3.01943040146,2.05707760032,7.06456787089,0.0366737670451,-0.0667993791978,-420,-0.0540540540541,-0.341602070174,-0.162162162162,0.162162162162,0,237,16,105,974,0.69298245614,0.983838383838,0.0161616161616,0.30701754386,0.936758893281,0.69298245614,0.796638655462,0.753760526049,0.676820839979,0.662011173184,97,186,0,0,0,0
1001,WLNM_dir_neg,0.697703491733,0.635341327316,00:00:04,10,30,12,1235778047,threshold_sweep,0.2,0.825,0.354838709677,0.496240601504,66,14,120,358,0.354838709677,0.962365591398,0.0376344086022,0.645161290323,0.825,0.354838709677,0.496240601504,0.759856630824,0.618876941458,0.369905956113,0.426685679929,0.317204301075,342,156,186,0,342,0,156,0,186,37,342,0.256756756757,1.72528881811,18.4864864865,15.5454545455,9.77142857143,5.36771015539,0.290358590277,0.142642642643,9.50849154237,1.02869645341,0.544491860281,8.05331334643,0.871264894205,0.461830251304,0.640599570326,0.371299902718,2,1.72528881811,0.640599570326,2,0.344071394247,0.376569037657,810,0.104247104247,0.56957682835,37,37,37,1,0,0.405405405405,0.540540540541,0.0540540540541,37,0.117117117117,2.22747747748,8.43243243243,7.09090909091,4.45714285714,5.03620525429,0.597242289772,0.326923076923,6.00525295579,1.42432281644,0.680873180873,3.83793300225,0.910278981302,0.463617463617,1.42084529335,0.637871901162,5.2,2.22747747748,1.42084529335,5.2,0,0,0,0,0.160752482811,37,37,37,1,0,0.405405405405,0.540540540541,0.0540540540541,37,236,0.177177177177,4.18745714684,12.7567567568,8.42857142857,6.74285714286,7.25873192708,0.56901076547,0.293518094366,8.3311708906,1.3061581481,0.640174072377,4.86113470608,0.762127051377,0.40952817224,2.1290239956,0.508428843792,6.61663737551,4.18745714684,2.1290239956,6.61663737551,0.370185081063,0.279683377309,318,0.0409266409266,0.211814144224,37,37,37,1,0,0.243243243243,0.702702702703,0.0540540540541,-106,-0.0795795795796,2.46216832873,-5.72972972973,-7.11688311688,-3.02857142857,1.89102177169,0.278652175193,0.150875451723,-1.17732065177,0.277461694688,0.0956822120961,-3.19217864036,-0.109137842828,-0.0523020790639,1.48842442527,0.137128941075,4.61663737551,2.46216832873,1.48842442527,4.61663737551,0.0261136868155,-0.0968856603482,-492,-0.0633204633205,-0.357762684126,-0.162162162162,0.162162162162,0,222,14,120,976,0.649122807018,0.985858585859,0.0141414141414,0.350877192982,0.940677966102,0.649122807018,0.768166089965,0.726491221553,0.634981392876,0.623595505618,80,186,0,0,0,0
1002,WLNM_dir_neg,0.697703491733,0.635341327316,00:00:04,10,30,12,1235778047,threshold_sweep,0.3,0.904109589041,0.354838709677,0.509652509653,66,7,120,365,0.354838709677,0.981182795699,0.0188172043011,0.645161290323,0.904109589041,0.354838709677,0.509652509653,0.772401433692,0.623058542413,0.396196513471,0.469745594549,0.336021505376,342,156,186,0,342,0,156,0,186,37,342,0.256756756757,1.72528881811,18.4864864865,15.5454545455,9.77142857143,5.36771015539,0.290358590277,0.142642642643,9.50849154237,1.02869645341,0.544491860281,8.05331334643,0.871264894205,0.461830251304,0.640599570326,0.371299902718,2,1.72528881811,0.640599570326,2,0.344071394247,0.376569037657,810,0.104247104247,0.56957682835,37,37,37,1,0,0.405405405405,0.540540540541,0.0540540540541,37,0.117117117117,2.22747747748,8.43243243243,7.09090909091,4.45714285714,5.03620525429,0.597242289772,0.326923076923,6.00525295579,1.42432281644,0.680873180873,3.83793300225,0.910278981302,0.463617463617,1.42084529335,0.637871901162,5.2,2.22747747748,1.42084529335,5.2,0,0,0,0,0.160752482811,37,37,37,1,0,0.405405405405,0.540540540541,0.0540540540541,37,229,0.171921921922,1.99246840566,12.3783783784,10.4090909091,6.54285714286,6.82459339998,0.551331781221,0.288799716747,8.44866142533,1.36506756654,0.667532160982,4.81800925832,0.778455644357,0.41756166647,1.01973783244,0.511796237041,3.36621513944,1.99246840566,1.01973783244,3.36621513944,0.355811552565,0.279069767442,312,0.0401544401544,0.252800293647,37,37,37,1,0,0.405405405405,0.540540540541,0.0540540540541,-113,-0.0848348348348,0.267179587542,-6.10810810811,-5.13636363636,-3.22857142857,1.45688324459,0.260973190944,0.146157074105,-1.05983011704,0.336371113123,0.123040300701,-3.23530408812,-0.0928092498482,-0.044268584834,0.379138262112,0.140496334323,1.36621513944,0.267179587542,0.379138262112,1.36621513944,0.0117401583173,-0.097499270215,-498,-0.0640926640927,-0.316776534703,0,0,0,222,7,120,983,0.649122807018,0.992929292929,0.00707070707071,0.350877192982,0.96943231441,0.649122807018,0.777583187391,0.743353556637,0.642052099947,0.636103151862,73,186,0,0,0,0
1003,WLNM_dir_neg,0.697703491733,0.635341327316,00:00:04,10,30,12,1235778047,threshold_sweep,0.4,0.902777777778,0.349462365591,0.503875968992,65,7,121,365,0.349462365591,0.981182795699,0.0188172043011,0.650537634409,0.902777777778,0.349462365591,0.503875968992,0.770609318996,0.623655913978,0.390476190476,0.464949441917,0.33064516129,342,156,186,0,342,0,156,0,186,37,342,0.256756756757,1.72528881811,18.4864864865,15.5454545455,9.77142857143,5.36771015539,0.290358590277,0.142642642643,9.50849154237,1.02869645341,0.544491860281,8.05331334643,0.871264894205,0.461830251304,0.640599570326,0.371299902718,2,1.72528881811,0.640599570326,2,0.344071394247,0.376569037657,810,0.104247104247,0.56957682835,37,37,37,1,0,0.405405405405,0.540540540541,0.0540540540541,37,0.117117117117,2.22747747748,8.43243243243,7.09090909091,4.45714285714,5.03620525429,0.597242289772,0.326923076923,6.00525295579,1.42432281644,0.680873180873,3.83793300225,0.910278981302,0.463617463617,1.42084529335,0.637871901162,5.2,2.22747747748,1.42084529335,5.2,0,0,0,0,0.160752482811,37,37,37,1,0,0.405405405405,0.540540540541,0.0540540540541,37,228,0.171171171171,1.99123760643,12.3243243243,10.3636363636,6.51428571429,6.73322629475,0.546336344092,0.286391654813,8.39150864967,1.36177991245,0.666429587482,4.83341099658,0.784369328392,0.419630156472,1.01788998506,0.511184592824,3.35568503413,1.99123760643,1.01788998506,3.35568503413,0.344177654801,0.266545784225,294,0.0378378378378,0.253397548686,37,37,37,1,0,0.405405405405,0.540540540541,0.0540540540541,-114,-0.0855855855856,0.265948788311,-6.16216216216,-5.18181818182,-3.25714285714,1.36551613936,0.255977753815,0.14374901217,-1.11698289271,0.333083459031,0.121937727201,-3.21990234985,-0.0868955658125,-0.0422000948317,0.377290414731,0.139884690106,1.35568503413,0.265948788311,0.377290414731,1.35568503413,0.000106260553223,-0.110023253432,-516,-0.0664092664093,-0.316179279664,0,0,0,221,7,121,983,0.646198830409,0.992929292929,0.00707070707071,0.353801169591,0.969298245614,0.646198830409,0.775438596491,0.741253263119,0.639128123339,0.63323782235,72,186,0,0,0,0
1004,WLNM_dir_neg,0.697703491733,0.635341327316,00:00:04,10,30,12,1235778047,threshold_sweep,0.5,0.913043478261,0.338709677419,0.494117647059,63,6,123,366,0.338709677419,0.983870967742,0.0161290322581,0.661290322581,0.913043478261,0.338709677419,0.494117647059,0.768817204301,0.625448028674,0.382775119617,0.4619418117,0.322580645161,342,156,186,0,342,0,156,0,186,37,342,0.256756756757,1.72528881811,18.4864864865,15.5454545455,9.77142857143,5.36771015539,0.290358590277,0.142642642643,9.50849154237,1.02869645341,0.544491860281,8.05331334643,0.871264894205,0.461830251304,0.640599570326,0.371299902718,2,1.72528881811,0.640599570326,2,0.344071394247,0.376569037657,810,0.104247104247,0.56957682835,37,37,37,1,0,0.405405405405,0.540540540541,0.0540540540541,37,0.117117117117,2.22747747748,8.43243243243,7.09090909091,4.45714285714,5.03620525429,0.597242289772,0.326923076923,6.00525295579,1.42432281644,0.680873180873,3.83793300225,0.910278981302,0.463617463617,1.42084529335,0.637871901162,5.2,2.22747747748,1.42084529335,5.2,0,0,0,0,0.160752482811,37,37,37,1,0,0.405405405405,0.540540540541,0.0540540540541,37,225,0.168918918919,1.98673254357,12.1621621622,10.2272727273,6.42857142857,6.59340374715,0.542124308099,0.286366366366,8.17645120785,1.3445719764,0.662822822823,4.91244665438,0.807824560943,0.432432432432,1.01231399829,0.509537129983,3.34345290172,1.98673254357,1.01231399829,3.34345290172,0.328760909088,0.257330006238,275,0.0353925353925,0.255893504628,37,37,37,1,0,0.405405405405,0.540540540541,0.0540540540541,-117,-0.0878378378378,0.261443725452,-6.32432432432,-5.31818181818,-3.34285714286,1.22569359176,0.251765717822,0.143723723724,-1.33204033452,0.315875522987,0.118330962541,-3.14086669205,-0.0634403332623,-0.0293978188715,0.371714427967,0.138237227265,1.34345290172,0.261443725452,0.371714427967,1.34345290172,-0.0153104851593,-0.119239031419,-535,-0.0688545688546,-0.313683323722,0,0,0,219,6,123,984,0.640350877193,0.993939393939,0.00606060606061,0.359649122807,0.973333333333,0.640350877193,0.772486772487,0.739526312655,0.634290271132,0.629310344828,69,186,0,0,0,0
1005,WLNM_dir_neg,0.697703491733,0.635341327316,00:00:04,10,30,12,1235778047,threshold_sweep,0.6,0.921568627451,0.252688172043,0.396624472574,47,4,139,368,0.252688172043,0.989247311828,0.010752688172,0.747311827957,0.921568627451,0.252688172043,0.396624472574,0.743727598566,0.636200716846,0.295566502463,0.395765965713,0.241935483871,342,156,186,0,342,0,156,0,186,37,342,0.256756756757,1.72528881811,18.4864864865,15.5454545455,9.77142857143,5.36771015539,0.290358590277,0.142642642643,9.50849154237,1.02869645341,0.544491860281,8.05331334643,0.871264894205,0.461830251304,0.640599570326,0.371299902718,2,1.72528881811,0.640599570326,2,0.344071394247,0.376569037657,810,0.104247104247,0.56957682835,37,37,37,1,0,0.405405405405,0.540540540541,0.0540540540541,37,0.117117117117,2.22747747748,8.43243243243,7.09090909091,4.45714285714,5.03620525429,0.597242289772,0.326923076923,6.00525295579,1.42432281644,0.680873180873,3.83793300225,0.910278981302,0.463617463617,1.42084529335,0.637871901162,5.2,2.22747747748,1.42084529335,5.2,0,0,0,0,0.160752482811,37,37,37,1,0,0.405405405405,0.540540540541,0.0540540540541,37,207,0.155405405405,2.0644167568,11.1891891892,9.40909090909,5.91428571429,6.04996711579,0.540697544165,0.285676981329,7.67557257893,1.37196224841,0.669539104322,4.51207921682,0.806506913151,0.431387909649,1.14405915591,0.55418032824,3.93222675209,2.0644167568,1.14405915591,3.93222675209,0.273137712348,0.184818481848,168,0.0216216216216,0.22704682414,37,37,37,1,0,0.405405405405,0.540540540541,0.0540540540541,-135,-0.101351351351,0.339127938687,-7.2972972973,-6.13636363636,-3.85714285714,0.682256960394,0.250338953887,0.143034338687,-1.83291896345,0.343265794993,0.12504724404,-3.54123412961,-0.0647579810535,-0.0304423416552,0.503459585583,0.182880425523,1.93222675209,0.339127938687,0.503459585583,1.93222675209,-0.0709336818992,-0.191750555809,-642,-0.0826254826255,-0.34253000421,0,0,0,203,4,139,986,0.593567251462,0.99595959596,0.0040404040404,0.406432748538,0.980676328502,0.593567251462,0.739526411658,0.710841548543,0.589526847422,0.586705202312,51,186,0,0,0,0
1006,WLNM_dir_neg,0.697703491733,0.635341327316,00:00:04,10,30,12,1235778047,threshold_sweep,0.7,0.921568627451,0.252688172043,0.396624472574,47,4,139,368,0.252688172043,0.989247311828,0.010752688172,0.747311827957,0.921568627451,0.252688172043,0.396624472574,0.743727598566,0.636200716846,0.295566502463,0.395765965713,0.241935483871,342,156,186,0,342,0,156,0,186,37,342,0.256756756757,1.72528881811,18.4864864865,15.5454545455,9.77142857143,5.36771015539,0.290358590277,0.142642642643,9.50849154237,1.02869645341,0.544491860281,8.05331334643,0.871264894205,0.461830251304,0.640599570326,0.371299902718,2,1.72528881811,0.640599570326,2,0.344071394247,0.376569037657,810,0.104247104247,0.56957682835,37,37,37,1,0,0.405405405405,0.540540540541,0.0540540540541,37,0.117117117117,2.22747747748,8.43243243243,7.09090909091,4.45714285714,5.03620525429,0.597242289772,0.326923076923,6.00525295579,1.42432281644,0.680873180873,3.83793300225,0.910278981302,0.463617463617,1.42084529335,0.637871901162,5.2,2.22747747748,1.42084529335,5.2,0,0,0,0,0.160752482811,37,37,37,1,0,0.405405405405,0.540540540541,0.0540540540541,37,207,0.155405405405,2.0644167568,11.1891891892,9.40909090909,5.91428571429,6.04996711579,0.540697544165,0.285676981329,7.67557257893,1.37196224841,0.669539104322,4.51207921682,0.806506913151,0.431387909649,1.14405915591,0.55418032824,3.93222675209,2.0644167568,1.14405915591,3.93222675209,0.273137712348,0.184818481848,168,0.0216216216216,0.22704682414,37,37,37,1,0,0.405405405405,0.540540540541,0.0540540540541,-135,-0.101351351351,0.339127938687,-7.2972972973,-6.13636363636,-3.85714285714,0.682256960394,0.250338953887,0.143034338687,-1.83291896345,0.343265794993,0.12504724404,-3.54123412961,-0.0647579810535,-0.0304423416552,0.503459585583,0.182880425523,1.93222675209,0.339127938687,0.503459585583,1.93222675209,-0.0709336818992,-0.191750555809,-642,-0.0826254826255,-0.34253000421,0,0,0,203,4,139,986,0.593567251462,0.99595959596,0.0040404040404,0.406432748538,0.980676328502,0.593567251462,0.739526411658,0.710841548543,0.589526847422,0.586705202312,51,186,0,0,0,0
1007,WLNM_dir_neg,0.697703491733,0.635341327316,00:00:04,10,30,12,1235778047,threshold_sweep,0.8,0.958333333333,0.247311827957,0.393162393162,46,2,140,370,0.247311827957,0.994623655914,0.00537634408602,0.752688172043,0.958333333333,0.247311827957,0.393162393162,0.745519713262,0.637992831541,0.29702970297,0.40674460841,0.241935483871,342,156,186,0,342,0,156,0,186,37,342,0.256756756757,1.72528881811,18.4864864865,15.5454545455,9.77142857143,5.36771015539,0.290358590277,0.142642642643,9.50849154237,1.02869645341,0.544491860281,8.05331334643,0.871264894205,0.461830251304,0.640599570326,0.371299902718,2,1.72528881811,0.640599570326,2,0.344071394247,0.376569037657,810,0.104247104247,0.56957682835,37,37,37,1,0,0.405405405405,0.540540540541,0.0540540540541,37,0.117117117117,2.22747747748,8.43243243243,7.09090909091,4.45714285714,5.03620525429,0.597242289772,0.326923076923,6.00525295579,1.42432281644,0.680873180873,3.83793300225,0.910278981302,0.463617463617,1.42084529335,0.637871901162,5.2,2.22747747748,1.42084529335,5.2,0,0,0,0,0.160752482811,37,37,37,1,0,0.405405405405,0.540540540541,0.0540540540541,37,204,0.153153153153,2.00711237484,11.027027027,9.27272727273,5.82857142857,6.05753198041,0.549335008027,0.293057763646,7.62168551503,1.38236452969,0.671436142024,4.51307742764,0.818548356974,0.435347111818,1.0449654659,0.520631270572,3.47816748233,2.00711237484,1.0449654659,3.47816748233,0.270276651546,0.183673469388,165,0.0212355212355,0.223488049738,37,37,37,1,0,0.405405405405,0.540540540541,0.0540540540541,-138,-0.103603603604,0.281823556728,-7.45945945946,-6.27272727273,-3.94285714286,0.689821825017,0.25897641775,0.150415121003,-1.88680602734,0.353668076273,0.126944281743,-3.54023591879,-0.0527165372311,-0.0264831394862,0.404365895569,0.149331367854,1.47816748233,0.281823556728,0.404365895569,1.47816748233,-0.0737947427014,-0.192895568269,-645,-0.0830115830116,-0.346088778612,0,0,0,202,2,140,988,0.590643274854,0.99797979798,0.0020202020202,0.409356725146,0.990196078431,0.590643274854,0.739926739927,0.714000142336,0.588623072834,0.587209302326,48,186,0,0,0,0
1008,WLNM_dir_neg,0.697703491733,0.635341327316,00:00:04,10,30,12,1235778047,threshold_sweep,0.9,0.977777777778,0.236559139785,0.380952380952,44,1,142,371,0.236559139785,0.997311827957,0.00268817204301,0.763440860215,0.977777777778,0.236559139785,0.380952380952,0.743727598566,0.639784946237,0.28855721393,0.404892111349,0.233870967742,342,156,186,0,342,0,156,0,186,37,342,0.256756756757,1.72528881811,18.4864864865,15.5454545455,9.77142857143,5.36771015539,0.290358590277,0.142642642643,9.50849154237,1.02869645341,0.544491860281,8.05331334643,0.871264894205,0.461830251304,0.640599570326,0.371299902718,2,1.72528881811,0.640599570326,2,0.344071394247,0.376569037657,810,0.104247104247,0.56957682835,37,37,37,1,0,0.405405405405,0.540540540541,0.0540540540541,37,0.117117117117,2.22747747748,8.43243243243,7.09090909091,4.45714285714,5.03620525429,0.597242289772,0.326923076923,6.00525295579,1.42432281644,0.680873180873,3.83793300225,0.910278981302,0.463617463617,1.42084529335,0.637871901162,5.2,2.22747747748,1.42084529335,5.2,0,0,0,0,0.160752482811,37,37,37,1,0,0.405405405405,0.540540540541,0.0540540540541,37,201,0.150900900901,1.9820876432,10.8648648649,9.13636363636,5.74285714286,5.96360332052,0.548888862834,0.29501142934,7.4964456042,1.37994272316,0.671776253866,4.56155760764,0.839689708869,0.443996235041,0.998369749023,0.503696066342,3.47735042735,1.9820876432,0.998369749023,3.47735042735,0.237157119066,0.164116296863,143,0.0184041184041,0.223302780264,37,37,37,1,0,0.405405405405,0.540540540541,0.0540540540541,-141,-0.105855855856,0.256798825084,-7.62162162162,-6.40909090909,-4.02857142857,0.595893165131,0.258530272557,0.152368786697,-2.01204593818,0.351246269746,0.127284393584,-3.4917557388,-0.031575185336,-0.0178340162629,0.357770178697,0.132396163624,1.47735042735,0.256798825084,0.357770178697,1.47735042735,-0.106914275182,-0.212452740794,-667,-0.085842985843,-0.346274048086,0,0,0,200,1,142,989,0.584795321637,0.99898989899,0.0010101010101,0.415204678363,0.995024875622,0.584795321637,0.73664825046,0.712450039934,0.583785220627,0.583090379009,45,186,0,0,0,0
1009,WLNM_dir_neg,0.536680541103,0.342798613046,00:00:04,10,30,13,1235778048,threshold_sweep,0.1,0.379310344828,0.0591397849462,0.102325581395,11,18,175,354,0.0591397849462,0.951612903226,0.0483870967742,0.940860215054,0.379310344828,0.0591397849462,0.102325581395,0.654121863799,0.649342891278,0.0136286201022,0.0228359013669,0.010752688172,342,156,186,0,342,0,156,0,186,37,342,0.256756756757,1.72528881811,18.4864864865,15.5454545455,9.77142857143,5.36771015539,0.290358590277,0.142642642643,9.50849154237,1.02869645341,0.544491860281,8.05331334643,0.871264894205,0.461830251304,0.640599570326,0.371299902718,2,1.72528881811,0.640599570326,2,0.344071394247,0.376569037657,810,0.104247104247,0.56957682835,37,37,37,1,0,0.405405405405,0.540540540541,0.0540540540541,37,0.117117117117,2.22747747748,8.43243243243,7.09090909091,4.45714285714,5.03620525429,0.597242289772,0.326923076923,6.00525295579,1.42432281644,0.680873180873,3.83793300225,0.910278981302,0.463617463617,1.42084529335,0.637871901162,5.2,2.22747747748,1.42084529335,5.2,0,0,0,0,0.160752482811,37,37,37,1,0,0.405405405405,0.540540540541,0.0540540540541,37,185,0.138888888889,10.3107930182,10,5.78125,5.13888888889,5.03322295685,0.503322295685,0.276406135866,5.7879184514,1.15758369028,0.580277574872,3.55121262544,0.710242525089,0.378670562454,3.93646439317,0.381780953825,12.3901005982,10.3107930182,3.93646439317,12.3901005982,0.0803611771878,0.0421103581801,29,0.0037323037323,0.16591960709,37,37,37,1,0,0.135135135135,0.837837837838,0.027027027027,-157,-0.117867867868,8.58550420006,-8.48648648649,-9.76420454545,-4.63253968254,-0.334487198546,0.212963705408,0.133763493223,-3.72057309098,0.128887236864,0.0357857145908,-4.50210072099,-0.161022369116,-0.0831596888496,3.29586482284,0.0104810511071,10.3901005982,8.58550420006,3.29586482284,10.3901005982,-0.26371021706,-0.334458679477,-781,-0.100514800515,-0.40365722126,-0.27027027027,0.297297297297,-0.027027027027,167,18,175,972,0.488304093567,0.981818181818,0.0181818181818,0.511695906433,0.902702702703,0.488304093567,0.633776091082,0.593846097251,0.470122275385,0.463888888889,29,186,0,0,0,0
1010,WLNM_dir_neg,0.536680541103,0.342798613046,00:00:04,10,30,13,1235778048,threshold_sweep,0.2,0.272727272727,0.0322580645161,0.0576923076923,6,16,180,356,0.0322580645161,0.956989247312,0.0430107526882,0.967741935484,0.272727272727,0.0322580645161,0.0576923076923,0.648745519713,0.653524492234,-0.0137931034483,-0.0260466130535,-0.010752688172,342,156,186,0,342,0,156,0,186,37,342,0.256756756757,1.72528881811,18.4864864865,15.5454545455,9.77142857143,5.36771015539,0.290358590277,0.142642642643,9.50849154237,1.02869645341,0.544491860281,8.05331334643,0.871264894205,0.461830251304,0.640599570326,0.371299902718,2,1.72528881811,0.640599570326,2,0.344071394247,0.376569037657,810,0.104247104247,0.56957682835,37,37,37,1,0,0.405405405405,0.540540540541,0.0540540540541,37,0.117117117117,2.22747747748,8.43243243243,7.09090909091,4.45714285714,5.03620525429,0.597242289772,0.326923076923,6.00525295579,1.42432281644,0.680873180873,3.83793300225,0.910278981302,0.463617463617,1.42084529335,0.637871901162,5.2,2.22747747748,1.42084529335,5.2,0,0,0,0,0.160752482811,37,37,37,1,0,0.405405405405,0.540540540541,0.0540540540541,37,178,0.133633633634,10.2862371393,9.62162162162,5.5625,5.08571428571,5.11181285168,0.531283919978,0.294412389918,5.74861257579,1.19493632193,0.590343152141,3.67300843873,0.763490518163,0.402976009718,3.92582303004,0.381657838224,12.3432791189,10.2862371393,3.92582303004,12.3432791189,0.0552622023468,0.0353302611367,23,0.0029601029601,0.163774669814,37,37,37,1,0,0.135135135135,0.810810810811,0.0540540540541,-164,-0.123123123123,8.5609483212,-8.86486486486,-9.98295454545,-4.68571428571,-0.25589730371,0.240925329701,0.151769747275,-3.75987896658,0.166239868519,0.0458512918596,-4.3803049077,-0.107774376042,-0.0588542415864,3.28522345972,0.0103579355058,10.3432791189,8.5609483212,3.28522345972,10.3432791189,-0.288809191901,-0.34123877652,-787,-0.101287001287,-0.405802158536,-0.27027027027,0.27027027027,0,162,16,180,974,0.473684210526,0.983838383838,0.0161616161616,0.526315789474,0.910112359551,0.473684210526,0.623076923077,0.587395061594,0.457522594365,0.45251396648,22,186,0,0,0,0
1011,WLNM_dir_neg,0.536680541103,0.342798613046,00:00:04,10,30,13,1235778048,threshold_sweep,0.3,0.238095238095,0.0268817204301,0.048309178744,5,16,181,356,0.0268817204301,0.956989247312,0.0430107526882,0.97311827957,0.238095238095,0.0268817204301,0.048309178744,0.646953405018,0.654121863799,-0.020725388601,-0.0399520862276,-0.0161290322581,342,156,186,0,342,0,156,0,186,37,342,0.256756756757,1.72528881811,18.4864864865,15.5454545455,9.77142857143,5.36771015539,0.290358590277,0.142642642643,9.50849154237,1.02869645341,0.544491860281,8.05331334643,0.871264894205,0.461830251304,0.640599570326,0.371299902718,2,1.72528881811,0.640599570326,2,0.344071394247,0.376569037657,810,0.104247104247,0.56957682835,37,37,37,1,0,0.405405405405,0.540540540541,0.0540540540541,37,0.117117117117,2.22747747748,8.43243243243,7.09090909091,4.45714285714,5.03620525429,0.597242289772,0.326923076923,6.00525295579,1.42432281644,0.680873180873,3.83793300225,0.910278981302,0.463617463617,1.42084529335,0.637871901162,5.2,2.22747747748,1.42084529335,5.2,0,0,0,0,0.160752482811,37,37,37,1,0,0.405405405405,0.540540540541,0.0540540540541,37,177,0.132882882883,10.3000698769,9.56756756757,5.53125,5.05714285714,5.16688462196,0.54004161303,0.299435028249,5.76452337403,1.20501336067,0.593373034051,3.69786075646,0.772999141181,0.408612001832,3.93229157795,0.381773291343,12.3625260515,10.3000698769,3.93229157795,12.3625260515,0.0589659060505,0.0354391371341,23,0.0029601029601,0.172175207449,37,37,37,1,0,0.135135135135,0.810810810811,0.0540540540541,-165,-0.123873873874,8.57478105875,-8.91891891892,-10.0142045455,-4.71428571429,-0.200825533428,0.249683022753,0.156792385606,-3.74396816835,0.176316907258,0.0488811737697,-4.35545258997,-0.0982657530238,-0.0532182494716,3.29169200763,0.0104733886254,10.3625260515,8.57478105875,3.29169200763,10.3625260515,-0.285105488197,-0.341129900523,-787,-0.101287001287,-0.397401620901,-0.27027027027,0.27027027027,0,161,16,181,974,0.470760233918,0.983838383838,0.0161616161616,0.529239766082,0.909604519774,0.470760233918,0.6204238921,0.585034039766,0.454598617757,0.449720670391,21,186,0,0,0,0
1012,WLNM_dir_neg,0.536680541103,0.342798613046,00:00:04,10,30,13,1235778048,threshold_sweep,0.4,0.210526315789,0.0215053763441,0.0390243902439,4,15,182,357,0.0215053763441,0.959677419355,0.0403225806452,0.978494623656,0.210526315789,0.0215053763441,0.0390243902439,0.646953405018,0.65531660693,-0.0242634315425,-0.0489115988045,-0.0188172043011,342,156,186,0,342,0,156,0,186,37,342,0.256756756757,1.72528881811,18.4864864865,15.5454545455,9.77142857143,5.36771015539,0.290358590277,0.142642642643,9.50849154237,1.02869645341,0.544491860281,8.05331334643,0.871264894205,0.461830251304,0.640599570326,0.371299902718,2,1.72528881811,0.640599570326,2,0.344071394247,0.376569037657,810,0.104247104247,0.56957682835,37,37,37,1,0,0.405405405405,0.540540540541,0.0540540540541,37,0.117117117117,2.22747747748,8.43243243243,7.09090909091,4.45714285714,5.03620525429,0.597242289772,0.326923076923,6.00525295579,1.42432281644,0.680873180873,3.83793300225,0.910278981302,0.463617463617,1.42084529335,0.637871901162,5.2,2.22747747748,1.42084529335,5.2,0,0,0,0,0.160752482811,37,37,37,1,0,0.405405405405,0.540540540541,0.0540540540541,37,175,0.131381381381,10.9558369314,9.45945945946,5.46875,5,5.12940647744,0.542251541901,0.300849420849,5.79103065404,1.22438933828,0.59861003861,3.70921261972,0.784233525311,0.411737451737,4.2313742237,0.386220993449,13.2699610797,10.9558369314,4.2313742237,13.2699610797,0.0475717138707,0.0330361824856,21,0.0027027027027,0.169181415846,37,37,37,1,0,0.135135135135,0.810810810811,0.0540540540541,-167,-0.125375375375,9.23054811325,-9.02702702703,-10.0767045455,-4.77142857143,-0.238303677953,0.251892951624,0.158206778207,-3.71746088833,0.195692884868,0.0541181783287,-4.34410072672,-0.0870313688936,-0.0500927995665,3.59077465337,0.0149210907313,11.2699610797,9.23054811325,3.59077465337,11.2699610797,-0.296499680377,-0.343532855171,-789,-0.101544401544,-0.400395412504,-0.27027027027,0.27027027027,0,160,15,182,975,0.46783625731,0.984848484848,0.0151515151515,0.53216374269,0.914285714286,0.46783625731,0.618955512573,0.585383939808,0.452684742158,0.448179271709,19,186,0,0,0,0
1013,WLNM_dir_neg,0.536680541103,0.342798613046,00:00:04,10,30,13,1235778048,threshold_sweep,0.5,0.4,0.0215053763441,0.0408163265306,4,6,182,366,0.0215053763441,0.983870967742,0.0161290322581,0.978494623656,0.4,0.0215053763441,0.0408163265306,0.663082437276,0.660692951016,0.00704225352113,0.0191040179975,0.00537634408602,342,156,186,0,342,0,156,0,186,37,342,0.256756756757,1.72528881811,18.4864864865,15.5454545455,9.77142857143,5.36771015539,0.290358590277,0.142642642643,9.50849154237,1.02869645341,0.544491860281,8.05331334643,0.871264894205,0.461830251304,0.640599570326,0.371299902718,2,1.72528881811,0.640599570326,2,0.344071394247,0.376569037657,810,0.104247104247,0.56957682835,37,37,37,1,0,0.405405405405,0.540540540541,0.0540540540541,37,0.117117117117,2.22747747748,8.43243243243,7.09090909091,4.45714285714,5.03620525429,0.597242289772,0.326923076923,6.00525295579,1.42432281644,0.680873180873,3.83793300225,0.910278981302,0.463617463617,1.42084529335,0.637871901162,5.2,2.22747747748,1.42084529335,5.2,0,0,0,0,0.160752482811,37,37,37,1,0,0.405405405405,0.540540540541,0.0540540540541,37,166,0.124624624625,2.42514766583,8.97297297297,7.21739130435,4.74285714286,5.00270197264,0.557530039119,0.302507326604,5.96574304593,1.32971381144,0.657440573103,3.64860415944,0.81324309578,0.42396613481,1.47717287101,0.609106361572,4.73927181419,2.42514766583,1.47717287101,4.73927181419,0.029271060276,0.00518433179724,3,0.0003861003861,0.15381020656,37,37,37,1,0,0.378378378378,0.567567567568,0.0540540540541,-176,-0.132132132132,0.699858847711,-9.51351351351,-8.32806324111,-5.02857142857,-0.365008182756,0.267171448842,0.159864683961,-3.54274849644,0.301017358028,0.112948712822,-4.40470918699,-0.0580217984252,-0.0378641164944,0.836573300681,0.237806458855,2.73927181419,0.699858847711,0.836573300681,2.73927181419,-0.314800333971,-0.37138470586,-807,-0.103861003861,-0.41576662179,-0.027027027027,0.027027027027,0,160,6,182,984,0.46783625731,0.993939393939,0.00606060606061,0.53216374269,0.963855421687,0.46783625731,0.629921259843,0.610742806694,0.461775651249,0.459770114943,10,186,0,0,0,0
1014,WLNM_dir_neg,0.536680541103,0.342798613046,00:00:04,10,30,13,1235778048,threshold_sweep,0.6,0.4,0.0215053763441,0.0408163265306,4,6,182,366,0.0215053763441,0.983870967742,0.0161290322581,0.978494623656,0.4,0.0215053763441,0.0408163265306,0.663082437276,0.660692951016,0.00704225352113,0.0191040179975,0.00537634408602,342,156,186,0,342,0,156,0,186,37,342,0.256756756757,1.72528881811,18.4864864865,15.5454545455,9.77142857143,5.36771015539,0.290358590277,0.142642642643,9.50849154237,1.02869645341,0.544491860281,8.05331334643,0.871264894205,0.461830251304,0.640599570326,0.371299902718,2,1.72528881811,0.640599570326,2,0.344071394247,0.376569037657,810,0.104247104247,0.56957682835,37,37,37,1,0,0.405405405405,0.540540540541,0.0540540540541,37,0.117117117117,2.22747747748,8.43243243243,7.09090909091,4.45714285714,5.03620525429,0.597242289772,0.326923076923,6.00525295579,1.42432281644,0.680873180873,3.83793300225,0.910278981302,0.463617463617,1.42084529335,0.637871901162,5.2,2.22747747748,1.42084529335,5.2,0,0,0,0,0.160752482811,37,37,37,1,0,0.405405405405,0.540540540541,0.0540540540541,37,166,0.124624624625,2.42514766583,8.97297297297,7.21739130435,4.74285714286,5.00270197264,0.557530039119,0.302507326604,5.96574304593,1.32971381144,0.657440573103,3.64860415944,0.81324309578,0.42396613481,1.47717287101,0.609106361572,4.73927181419,2.42514766583,1.47717287101,4.73927181419,0.029271060276,0.00518433179724,3,0.0003861003861,0.15381020656,37,37,37,1,0,0.378378378378,0.567567567568,0.0540540540541,-176,-0.132132132132,0.699858847711,-9.51351351351,-8.32806324111,-5.02857142857,-0.365008182756,0.267171448842,0.159864683961,-3.54274849644,0.301017358028,0.112948712822,-4.40470918699,-0.0580217984252,-0.0378641164944,0.836573300681,0.237806458855,2.73927181419,0.699858847711,0.836573300681,2.73927181419,-0.314800333971,-0.37138470586,-807,-0.103861003861,-0.41576662179,-0.027027027027,0.027027027027,0,160,6,182,984,0.46783625731,0.993939393939,0.00606060606061,0.53216374269,0.963855421687,0.46783625731,0.629921259843,0.610742806694,0.461775651249,0.459770114943,10,186,0,0,0,0
1015,WLNM_dir_neg,0.536680541103,0.342798613046,00:00:04,10,30,13,1235778048,threshold_sweep,0.7,0.4,0.0215053763441,0.0408163265306,4,6,182,366,0.0215053763441,0.983870967742,0.0161290322581,0.978494623656,0.4,0.0215053763441,0.0408163265306,0.663082437276,0.660692951016,0.00704225352113,0.0191040179975,0.00537634408602,342,156,186,0,342,0,156,0,186,37,342,0.256756756757,1.72528881811,18.4864864865,15.5454545455,9.77142857143,5.36771015539,0.290358590277,0.142642642643,9.50849154237,1.02869645341,0.544491860281,8.05331334643,0.871264894205,0.461830251304,0.640599570326,0.371299902718,2,1.72528881811,0.640599570326,2,0.344071394247,0.376569037657,810,0.104247104247,0.56957682835,37,37,37,1,0,0.405405405405,0.540540540541,0.0540540540541,37,0.117117117117,2.22747747748,8.43243243243,7.09090909091,4.45714285714,5.03620525429,0.597242289772,0.326923076923,6.00525295579,1.42432281644,0.680873180873,3.83793300225,0.910278981302,0.463617463617,1.42084529335,0.637871901162,5.2,2.22747747748,1.42084529335,5.2,0,0,0,0,0.160752482811,37,37,37,1,0,0.405405405405,0.540540540541,0.0540540540541,37,166,0.124624624625,2.42514766583,8.97297297297,7.21739130435,4.74285714286,5.00270197264,0.557530039119,0.302507326604,5.96574304593,1.32971381144,0.657440573103,3.64860415944,0.81324309578,0.42396613481,1.47717287101,0.609106361572,4.73927181419,2.42514766583,1.47717287101,4.73927181419,0.029271060276,0.00518433179724,3,0.0003861003861,0.15381020656,37,37,37,1,0,0.378378378378,0.567567567568,0.0540540540541,-176,-0.132132132132,0.699858847711,-9.51351351351,-8.32806324111,-5.02857142857,-0.365008182756,0.267171448842,0.159864683961,-3.54274849644,0.301017358028,0.112948712822,-4.40470918699,-0.0580217984252,-0.0378641164944,0.836573300681,0.237806458855,2.73927181419,0.699858847711,0.836573300681,2.73927181419,-0.314800333971,-0.37138470586,-807,-0.103861003861,-0.41576662179,-0.027027027027,0.027027027027,0,160,6,182,984,0.46783625731,0.993939393939,0.00606060606061,0.53216374269,0.963855421687,0.46783625731,0.629921259843,0.610742806694,0.461775651249,0.459770114943,10,186,0,0,0,0
1016,WLNM_dir_neg,0.536680541103,0.342798613046,00:00:04,10,30,13,1235778048,threshold_sweep,0.8,0.444444444444,0.0215053763441,0.0410256410256,4,5,182,367,0.0215053763441,0.986559139785,0.0134408602151,0.978494623656,0.444444444444,0.0215053763441,0.0410256410256,0.664874551971,0.661290322581,0.010582010582,0.0301785820142,0.00806451612903,342,156,186,0,342,0,156,0,186,37,342,0.256756756757,1.72528881811,18.4864864865,15.5454545455,9.77142857143,5.36771015539,0.290358590277,0.142642642643,9.50849154237,1.02869645341,0.544491860281,8.05331334643,0.871264894205,0.461830251304,0.640599570326,0.371299902718,2,1.72528881811,0.640599570326,2,0.344071394247,0.376569037657,810,0.104247104247,0.56957682835,37,37,37,1,0,0.405405405405,0.540540540541,0.0540540540541,37,0.117117117117,2.22747747748,8.43243243243,7.09090909091,4.45714285714,5.03620525429,0.597242289772,0.326923076923,6.00525295579,1.42432281644,0.680873180873,3.83793300225,0.910278981302,0.463617463617,1.42084529335,0.637871901162,5.2,2.22747747748,1.42084529335,5.2,0,0,0,0,0.160752482811,37,37,37,1,0,0.405405405405,0.540540540541,0.0540540540541,37,165,0.123873873874,2.40198164266,8.91891891892,7.17391304348,4.71428571429,5.05183343164,0.56641768779,0.307944307944,5.9609590699,1.33669991264,0.658804258804,3.67116840767,0.823231703538,0.429484029484,1.43509400849,0.597462521363,4.70408035154,2.40198164266,1.43509400849,4.70408035154,0.029271060276,0.00518433179724,3,0.0003861003861,0.153700412972,37,37,37,1,0,0.378378378378,0.567567567568,0.0540540540541,-177,-0.132882882883,0.676692824545,-9.56756756757,-8.37154150198,-5.05714285714,-0.315876723755,0.276059097513,0.165301665302,-3.54753247247,0.30800345923,0.114312398523,-4.38214493876,-0.0480331906667,-0.0323462218199,0.794494438164,0.226162618645,2.70408035154,0.676692824545,0.794494438164,2.70408035154,-0.314800333971,-0.37138470586,-807,-0.103861003861,-0.415876415378,-0.027027027027,0.027027027027,0,160,5,182,985,0.46783625731,0.994949494949,0.00505050505051,0.53216374269,0.969696969697,0.46783625731,0.631163708087,0.613667650575,0.462785752259,0.461095100865,9,186,0,0,0,0
1017,WLNM_dir_neg,0.536680541103,0.342798613046,00:00:04,10,30,13,1235778048,threshold_sweep,0.9,0.444444444444,0.0215053763441,0.0410256410256,4,5,182,367,0.0215053763441,0.986559139785,0.0134408602151,0.978494623656,0.444444444444,0.0215053763441,0.0410256410256,0.664874551971,0.661290322581,0.010582010582,0.0301785820142,0.00806451612903,342,156,186,0,342,0,156,0,186,37,342,0.256756756757,1.72528881811,18.4864864865,15.5454545455,9.77142857143,5.36771015539,0.290358590277,0.142642642643,9.50849154237,1.02869645341,0.544491860281,8.05331334643,0.871264894205,0.461830251304,0.640599570326,0.371299902718,2,1.72528881811,0.640599570326,2,0.344071394247,0.376569037657,810,0.104247104247,0.56957682835,37,37,37,1,0,0.405405405405,0.540540540541,0.0540540540541,37,0.117117117117,2.22747747748,8.43243243243,7.09090909091,4.45714285714,5.03620525429,0.597242289772,0.326923076923,6.00525295579,1.42432281644,0.680873180873,3.83793300225,0.910278981302,0.463617463617,1.42084529335,0.637871901162,5.2,2.22747747748,1.42084529335,5.2,0,0,0,0,0.160752482811,37,37,37,1,0,0.405405405405,0.540540540541,0.0540540540541,37,165,0.123873873874,2.40198164266,8.91891891892,7.17391304348,4.71428571429,5.05183343164,0.56641768779,0.307944307944,5.9609590699,1.33669991264,0.658804258804,3.67116840767,0.823231703538,0.429484029484,1.43509400849,0.597462521363,4.70408035154,2.40198164266,1.43509400849,4.70408035154,0.029271060276,0.00518433179724,3,0.0003861003861,0.153700412972,37,37,37,1,0,0.378378378378,0.567567567568,0.0540540540541,-177,-0.132882882883,0.676692824545,-9.56756756757,-8.37154150198,-5.05714285714,-0.315876723755,0.276059097513,0.165301665302,-3.54753247247,0.30800345923,0.114312398523,-4.38214493876,-0.0480331906667,-0.0323462218199,0.794494438164,0.226162618645,2.70408035154,0.676692824545,0.794494438164,2.70408035154,-0.314800333971,-0.37138470586,-807,-0.103861003861,-0.415876415378,-0.027027027027,0.027027027027,0,160,5,182,985,0.46783625731,0.994949494949,0.00505050505051,0.53216374269,0.969696969697,0.46783625731,0.631163708087,0.613667650575,0.462785752259,0.461095100865,9,186,0,0,0,0
1018,WLNM_dir_neg,0.42632818823,0.347628019633,00:00:06,10,30,14,1235778049,threshold_sweep,0.1,0.574074074074,0.166666666667,0.258333333333,31,23,155,349,0.166666666667,0.938172043011,0.0618279569892,0.833333333333,0.574074074074,0.166666666667,0.258333333333,0.681003584229,0.634408602151,0.127450980392,0.167161962459,0.104838709677,342,156,186,0,342,0,156,0,186,37,342,0.256756756757,1.72528881811,18.4864864865,15.5454545455,9.77142857143,5.36771015539,0.290358590277,0.142642642643,9.50849154237,1.02869645341,0.544491860281,8.05331334643,0.871264894205,0.461830251304,0.640599570326,0.371299902718,2,1.72528881811,0.640599570326,2,0.344071394247,0.376569037657,810,0.104247104247,0.56957682835,37,37,37,1,0,0.405405405405,0.540540540541,0.0540540540541,37,0.117117117117,2.18481481481,8.43243243243,7.09090909091,4.45714285714,5.03620525429,0.597242289772,0.326923076923,6.00062559301,1.42322530091,0.680526680527,3.83793300225,0.910278981302,0.463617463617,1.318977792,0.603702328937,4.32037037037,2.18481481481,1.318977792,4.32037037037,0,0,0,0,0.160896782956,37,37,37,1,0,0.405405405405,0.540540540541,0.0540540540541,37,210,0.157657657658,7.73200449729,11.3513513514,7,5.83333333333,4.62611077482,0.407538330163,0.212226512227,5.84072890264,1.02908080666,0.545688545689,3.25793095601,0.574016406535,0.316602316602,3.58789511762,0.464031690473,9.9155202719,7.73200449729,3.58789511762,9.9155202719,0.185900735901,0.118357487923,98,0.0126126126126,0.172613057717,37,37,37,1,0,0.189189189189,0.783783783784,0.027027027027,-132,-0.0990990990991,6.00671567917,-7.13513513514,-8.54545454545,-3.9380952381,-0.741599380574,0.117179739886,0.0695838695839,-3.66776263974,0.000384353240507,0.00119668540721,-4.79538239043,-0.29724848767,-0.145227934702,2.94729554729,0.0927317877548,7.9155202719,6.00671567917,2.94729554729,7.9155202719,-0.158170658347,-0.258211549734,-712,-0.0916344916345,-0.396963770633,-0.216216216216,0.243243243243,-0.027027027027,187,23,155,967,0.546783625731,0.976767676768,0.0232323232323,0.453216374269,0.890476190476,0.546783625731,0.677536231884,0.627601277411,0.523551302499,0.512328767123,54,186,0,0,0,0
1019,WLNM_dir_neg,0.42632818823,0.347628019633,00:00:06,10,30,14,1235778049,threshold_sweep,0.2,0.557692307692,0.155913978495,0.243697478992,29,23,157,349,0.155913978495,0.938172043011,0.0618279569892,0.844086021505,0.557692307692,0.155913978495,0.243697478992,0.677419354839,0.635603345281,0.114754098361,0.152572448636,0.0940860215054,342,156,186,0,342,0,156,0,186,37,342,0.256756756757,1.72528881811,18.4864864865,15.5454545455,9.77142857143,5.36771015539,0.290358590277,0.142642642643,9.50849154237,1.02869645341,0.544491860281,8.05331334643,0.871264894205,0.461830251304,0.640599570326,0.371299902718,2,1.72528881811,0.640599570326,2,0.344071394247,0.376569037657,810,0.104247104247,0.56957682835,37,37,37,1,0,0.405405405405,0.540540540541,0.0540540540541,37,0.117117117117,2.18481481481,8.43243243243,7.09090909091,4.45714285714,5.03620525429,0.597242289772,0.326923076923,6.00062559301,1.42322530091,0.680526680527,3.83793300225,0.910278981302,0.463617463617,1.318977792,0.603702328937,4.32037037037,2.18481481481,1.318977792,4.32037037037,0,0,0,0,0.160896782956,37,37,37,1,0,0.405405405405,0.540540540541,0.0540540540541,37,208,0.156156156156,7.67379250084,11.2432432432,6.93333333333,5.77777777778,4.6750246904,0.415807484483,0.216216216216,5.82786101104,1.03668681446,0.547557172557,3.26897326177,0.581500051373,0.320686070686,3.55592679169,0.463385841003,9.86172679044,7.67379250084,3.55592679169,9.86172679044,0.185852191115,0.112515287403,92,0.0118404118404,0.1718328777,37,37,37,1,0,0.189189189189,0.783783783784,0.027027027027,-134,-0.100600600601,5.94850368273,-7.24324324324,-8.61212121212,-3.99365079365,-0.692685464993,0.125448894206,0.0735735735736,-3.68063053134,0.00799036104849,0.00306531227584,-4.78434008466,-0.289764842832,-0.141144180618,2.91532722136,0.0920859382854,7.86172679044,5.94850368273,2.91532722136,7.86172679044,-0.158219203132,-0.264053750254,-718,-0.0924066924067,-0.39774395065,-0.216216216216,0.243243243243,-0.027027027027,185,23,157,967,0.540935672515,0.976767676768,0.0232323232323,0.459064327485,0.889423076923,0.540935672515,0.672727272727,0.623012559595,0.517703349282,0.506849315068,52,186,0,0,0,0
1020,WLNM_dir_neg,0.42632818823,0.347628019633,00:00:06,10,30,14,1235778049,threshold_sweep,0.3,0.625,0.134408602151,0.221238938053,25,15,161,357,0.134408602151,0.959677419355,0.0403225806452,0.865591397849,0.625,0.134408602151,0.221238938053,0.68458781362,0.642771804062,0.117056856187,0.171932576351,0.0940860215054,342,156,186,0,342,0,156,0,186,37,342,0.256756756757,1.72528881811,18.4864864865,15.5454545455,9.77142857143,5.36771015539,0.290358590277,0.142642642643,9.50849154237,1.02869645341,0.544491860281,8.05331334643,0.871264894205,0.461830251304,0.640599570326,0.371299902718,2,1.72528881811,0.640599570326,2,0.344071394247,0.376569037657,810,0.104247104247,0.56957682835,37,37,37,1,0,0.405405405405,0.540540540541,0.0540540540541,37,0.117117117117,2.18481481481,8.43243243243,7.09090909091,4.45714285714,5.03620525429,0.597242289772,0.326923076923,6.00062559301,1.42322530091,0.680526680527,3.83793300225,0.910278981302,0.463617463617,1.318977792,0.603702328937,4.32037037037,2.18481481481,1.318977792,4.32037037037,0,0,0,0,0.160896782956,37,37,37,1,0,0.405405405405,0.540540540541,0.0540540540541,37,196,0.147147147147,2.67063281056,10.5945945946,8.52173913043,5.44444444444,4.50591869693,0.425303550475,0.219249862107,5.971529047,1.12727844255,0.592388306674,3.18734358976,0.601692412352,0.329288472146,1.68947987105,0.632614062244,4.69650925953,2.67063281056,1.68947987105,4.69650925953,0.141896664265,0.0768526989936,56,0.00720720720721,0.181495272082,37,37,37,1,0,0.378378378378,0.594594594595,0.027027027027,-146,-0.10960960961,0.945343992441,-7.89189189189,-7.02371541502,-4.32698412698,-0.861791458468,0.134944960198,0.0766072194644,-3.53696249538,0.098581989131,0.0478964463927,-4.86596975668,-0.269572481853,-0.132541779158,1.04888030072,0.261314159526,2.69650925953,0.945343992441,1.04888030072,2.69650925953,-0.202174729982,-0.299716338663,-754,-0.0970398970399,-0.388081556268,-0.027027027027,0.0540540540541,-0.027027027027,181,15,161,975,0.529239766082,0.984848484848,0.0151515151515,0.470760233918,0.923469387755,0.529239766082,0.672862453532,0.633944338218,0.51408825093,0.50700280112,40,186,0,0,0,0
1021,WLNM_dir_neg,0.42632818823,0.347628019633,00:00:06,10,30,14,1235778049,threshold_sweep,0.4,0.583333333333,0.112903225806,0.189189189189,21,15,165,357,0.112903225806,0.959677419355,0.0403225806452,0.887096774194,0.583333333333,0.112903225806,0.189189189189,0.677419354839,0.645161290323,0.0909090909091,0.139271503633,0.0725806451613,342,156,186,0,342,0,156,0,186,37,342,0.256756756757,1.72528881811,18.4864864865,15.5454545455,9.77142857143,5.36771015539,0.290358590277,0.142642642643,9.50849154237,1.02869645341,0.544491860281,8.05331334643,0.871264894205,0.461830251304,0.640599570326,0.371299902718,2,1.72528881811,0.640599570326,2,0.344071394247,0.376569037657,810,0.104247104247,0.56957682835,37,37,37,1,0,0.405405405405,0.540540540541,0.0540540540541,37,0.117117117117,2.18481481481,8.43243243243,7.09090909091,4.45714285714,5.03620525429,0.597242289772,0.326923076923,6.00062559301,1.42322530091,0.680526680527,3.83793300225,0.910278981302,0.463617463617,1.318977792,0.603702328937,4.32037037037,2.18481481481,1.318977792,4.32037037037,0,0,0,0,0.160896782956,37,37,37,1,0,0.405405405405,0.540540540541,0.0540540540541,37,192,0.144144144144,2.66315688563,10.3783783784,8.34782608696,5.33333333333,4.455654032,0.429320831208,0.222972972973,5.90121380093,1.13721307622,0.596002252252,3.23897993062,0.624178424131,0.339808558559,1.67887993034,0.63040969888,4.68151015124,2.66315688563,1.67887993034,4.68151015124,0.13395718001,0.0642857142857,45,0.00579150579151,0.17909059475,37,37,37,1,0,0.378378378378,0.594594594595,0.027027027027,-150,-0.112612612613,0.93786806752,-8.10810810811,-7.1976284585,-4.4380952381,-0.912056123396,0.138962240931,0.0803303303303,-3.60727774144,0.108516622807,0.0515103919709,-4.81433341581,-0.247086470074,-0.122021692745,1.03828036002,0.259109796162,2.68151015124,0.93786806752,1.03828036002,2.68151015124,-0.210114214238,-0.312283323371,-765,-0.0984555984556,-0.3904862336,-0.027027027027,0.0540540540541,-0.027027027027,177,15,165,975,0.517543859649,0.984848484848,0.0151515151515,0.482456140351,0.921875,0.517543859649,0.662921348315,0.624842589092,0.502392344498,0.495798319328,36,186,0,0,0,0
1022,WLNM_dir_neg,0.42632818823,0.347628019633,00:00:06,10,30,14,1235778049,threshold_sweep,0.5,0.6,0.112903225806,0.190045248869,21,14,165,358,0.112903225806,0.962365591398,0.0376344086022,0.887096774194,0.6,0.112903225806,0.190045248869,0.679211469534,0.645758661888,0.0944350758853,0.146338354364,0.0752688172043,342,156,186,0,342,0,156,0,186,37,342,0.256756756757,1.72528881811,18.4864864865,15.5454545455,9.77142857143,5.36771015539,0.290358590277,0.142642642643,9.50849154237,1.02869645341,0.544491860281,8.05331334643,0.871264894205,0.461830251304,0.640599570326,0.371299902718,2,1.72528881811,0.640599570326,2,0.344071394247,0.376569037657,810,0.104247104247,0.56957682835,37,37,37,1,0,0.405405405405,0.540540540541,0.0540540540541,37,0.117117117117,2.18481481481,8.43243243243,7.09090909091,4.45714285714,5.03620525429,0.597242289772,0.326923076923,6.00062559301,1.42322530091,0.680526680527,3.83793300225,0.910278981302,0.463617463617,1.318977792,0.603702328937,4.32037037037,2.18481481481,1.318977792,4.32037037037,0,0,0,0,0.160896782956,37,37,37,1,0,0.405405405405,0.540540540541,0.0540540540541,37,191,0.143393393393,2.41885819046,10.3243243243,8.30434782609,5.30555555556,4.50958272308,0.436792043859,0.227960945238,5.9184903927,1.14651384571,0.600254704967,3.26184604781,0.631875935964,0.344134710627,1.39577519446,0.577038868988,3.94151933118,2.41885819046,1.39577519446,3.94151933118,0.125205571258,0.0617520344663,43,0.00553410553411,0.17788536059,37,37,37,1,0,0.378378378378,0.594594594595,0.027027027027,-151,-0.113363363363,0.693569372345,-8.16216216216,-7.24110671937,-4.46587301587,-0.858127432309,0.146433453582,0.0853183025958,-3.59000114967,0.117817392292,0.0557628446854,-4.79146729862,-0.239388958241,-0.117695540677,0.755175624139,0.20573896627,1.94151933118,0.693569372345,0.755175624139,1.94151933118,-0.218865822989,-0.314817003191,-767,-0.098712998713,-0.39169146776,-0.027027027027,0.0540540540541,-0.027027027027,177,14,165,976,0.517543859649,0.985858585859,0.0141414141414,0.482456140351,0.926701570681,0.517543859649,0.664165103189,0.627460607292,0.503402445508,0.497191011236,35,186,0,0,0,0
1023,WLNM_dir_neg,0.42632818823,0.347628019633,00:00:06,10,30,14,1235778049,threshold_sweep,0.6,0.6,0.112903225806,0.190045248869,21,14,165,358,0.112903225806,0.962365591398,0.0376344086022,0.887096774194,0.6,0.112903225806,0.190045248869,0.679211469534,0.645758661888,0.0944350758853,0.146338354364,0.0752688172043,342,156,186,0,342,0,156,0,186,37,342,0.256756756757,1.72528881811,18.4864864865,15.5454545455,9.77142857143,5.36771015539,0.290358590277,0.142642642643,9.50849154237,1.02869645341,0.544491860281,8.05331334643,0.871264894205,0.461830251304,0.640599570326,0.371299902718,2,1.72528881811,0.640599570326,2,0.344071394247,0.376569037657,810,0.104247104247,0.56957682835,37,37,37,1,0,0.405405405405,0.540540540541,0.0540540540541,37,0.117117117117,2.18481481481,8.43243243243,7.09090909091,4.45714285714,5.03620525429,0.597242289772,0.326923076923,6.00062559301,1.42322530091,0.680526680527,3.83793300225,0.910278981302,0.463617463617,1.318977792,0.603702328937,4.32037037037,2.18481481481,1.318977792,4.32037037037,0,0,0,0,0.160896782956,37,37,37,1,0,0.405405405405,0.540540540541,0.0540540540541,37,191,0.143393393393,2.41885819046,10.3243243243,8.30434782609,5.30555555556,4.50958272308,0.436792043859,0.227960945238,5.9184903927,1.14651384571,0.600254704967,3.26184604781,0.631875935964,0.344134710627,1.39577519446,0.577038868988,3.94151933118,2.41885819046,1.39577519446,3.94151933118,0.125205571258,0.0617520344663,43,0.00553410553411,0.17788536059,37,37,37,1,0,0.378378378378,0.594594594595,0.027027027027,-151,-0.113363363363,0.693569372345,-8.16216216216,-7.24110671937,-4.46587301587,-0.858127432309,0.146433453582,0.0853183025958,-3.59000114967,0.117817392292,0.0557628446854,-4.79146729862,-0.239388958241,-0.117695540677,0.755175624139,0.20573896627,1.94151933118,0.693569372345,0.755175624139,1.94151933118,-0.218865822989,-0.314817003191,-767,-0.098712998713,-0.39169146776,-0.027027027027,0.0540540540541,-0.027027027027,177,14,165,976,0.517543859649,0.985858585859,0.0141414141414,0.482456140351,0.926701570681,0.517543859649,0.664165103189,0.627460607292,0.503402445508,0.497191011236,35,186,0,0,0,0
1024,WLNM_dir_neg,0.42632818823,0.347628019633,00:00:06,10,30,14,1235778049,threshold_sweep,0.7,0.612903225806,0.102150537634,0.175115207373,19,12,167,360,0.102150537634,0.967741935484,0.0322580645161,0.897849462366,0.612903225806,0.102150537634,0.175115207373,0.679211469534,0.648148148148,0.088285229202,0.143837523023,0.0698924731183,342,156,186,0,342,0,156,0,186,37,342,0.256756756757,1.72528881811,18.4864864865,15.5454545455,9.77142857143,5.36771015539,0.290358590277,0.142642642643,9.50849154237,1.02869645341,0.544491860281,8.05331334643,0.871264894205,0.461830251304,0.640599570326,0.371299902718,2,1.72528881811,0.640599570326,2,0.344071394247,0.376569037657,810,0.104247104247,0.56957682835,37,37,37,1,0,0.405405405405,0.540540540541,0.0540540540541,37,0.117117117117,2.18481481481,8.43243243243,7.09090909091,4.45714285714,5.03620525429,0.597242289772,0.326923076923,6.00062559301,1.42322530091,0.680526680527,3.83793300225,0.910278981302,0.463617463617,1.318977792,0.603702328937,4.32037037037,2.18481481481,1.318977792,4.32037037037,0,0,0,0,0.160896782956,37,37,37,1,0,0.405405405405,0.540540540541,0.0540540540541,37,187,0.14039039039,2.40745783357,10.1081081081,8.13043478261,5.19444444444,4.47079276952,0.442297680407,0.229657464952,5.86394797776,1.16024639132,0.605000722648,3.33288285244,0.659447409307,0.35843329961,1.3791717705,0.572874735859,3.89493404105,2.40745783357,1.3791717705,3.89493404105,0.116979539348,0.0548418972332,37,0.0047619047619,0.175936619246,37,37,37,1,0,0.378378378378,0.594594594595,0.027027027027,-155,-0.116366366366,0.682169015457,-8.37837837838,-7.41501976285,-4.57698412698,-0.896917385874,0.15193909013,0.0870148223089,-3.64454356461,0.131549937907,0.0605088623664,-4.72043049399,-0.211817484898,-0.103396951694,0.738572200174,0.201574833142,1.89493404105,0.682169015457,0.738572200174,1.89493404105,-0.227091854899,-0.321727140424,-773,-0.0994851994852,-0.393640209104,-0.027027027027,0.0540540540541,-0.027027027027,175,12,167,978,0.511695906433,0.987878787879,0.0121212121212,0.488304093567,0.935828877005,0.511695906433,0.661625708885,0.628213890686,0.499574694312,0.494350282486,31,186,0,0,0,0
1025,WLNM_dir_neg,0.42632818823,0.347628019633,00:00:06,10,30,14,1235778049,threshold_sweep,0.8,0.612903225806,0.102150537634,0.175115207373,19,12,167,360,0.102150537634,0.967741935484,0.0322580645161,0.897849462366,0.612903225806,0.102150537634,0.175115207373,0.679211469534,0.648148148148,0.088285229202,0.143837523023,0.0698924731183,342,156,186,0,342,0,156,0,186,37,342,0.256756756757,1.72528881811,18.4864864865,15.5454545455,9.77142857143,5.36771015539,0.290358590277,0.142642642643,9.50849154237,1.02869645341,0.544491860281,8.05331334643,0.871264894205,0.461830251304,0.640599570326,0.371299902718,2,1.72528881811,0.640599570326,2,0.344071394247,0.376569037657,810,0.104247104247,0.56957682835,37,37,37,1,0,0.405405405405,0.540540540541,0.0540540540541,37,0.117117117117,2.18481481481,8.43243243243,7.09090909091,4.45714285714,5.03620525429,0.597242289772,0.326923076923,6.00062559301,1.42322530091,0.680526680527,3.83793300225,0.910278981302,0.463617463617,1.318977792,0.603702328937,4.32037037037,2.18481481481,1.318977792,4.32037037037,0,0,0,0,0.160896782956,37,37,37,1,0,0.405405405405,0.540540540541,0.0540540540541,37,187,0.14039039039,2.40745783357,10.1081081081,8.13043478261,5.19444444444,4.47079276952,0.442297680407,0.229657464952,5.86394797776,1.16024639132,0.605000722648,3.33288285244,0.659447409307,0.35843329961,1.3791717705,0.572874735859,3.89493404105,2.40745783357,1.3791717705,3.89493404105,0.116979539348,0.0548418972332,37,0.0047619047619,0.175936619246,37,37,37,1,0,0.378378378378,0.594594594595,0.027027027027,-155,-0.116366366366,0.682169015457,-8.37837837838,-7.41501976285,-4.57698412698,-0.896917385874,0.15193909013,0.0870148223089,-3.64454356461,0.131549937907,0.0605088623664,-4.72043049399,-0.211817484898,-0.103396951694,0.738572200174,0.201574833142,1.89493404105,0.682169015457,0.738572200174,1.89493404105,-0.227091854899,-0.321727140424,-773,-0.0994851994852,-0.393640209104,-0.027027027027,0.0540540540541,-0.027027027027,175,12,167,978,0.511695906433,0.987878787879,0.0121212121212,0.488304093567,0.935828877005,0.511695906433,0.661625708885,0.628213890686,0.499574694312,0.494350282486,31,186,0,0,0,0
1026,WLNM_dir_neg,0.42632818823,0.347628019633,00:00:06,10,30,14,1235778049,threshold_sweep,0.9,0.592592592593,0.0860215053763,0.150234741784,16,11,170,361,0.0860215053763,0.970430107527,0.0295698924731,0.913978494624,0.592592592593,0.0860215053763,0.150234741784,0.675627240143,0.650537634409,0.0717948717949,0.124015267472,0.0564516129032,342,156,186,0,342,0,156,0,186,37,342,0.256756756757,1.72528881811,18.4864864865,15.5454545455,9.77142857143,5.36771015539,0.290358590277,0.142642642643,9.50849154237,1.02869645341,0.544491860281,8.05331334643,0.871264894205,0.461830251304,0.640599570326,0.371299902718,2,1.72528881811,0.640599570326,2,0.344071394247,0.376569037657,810,0.104247104247,0.56957682835,37,37,37,1,0,0.405405405405,0.540540540541,0.0540540540541,37,0.117117117117,2.18481481481,8.43243243243,7.09090909091,4.45714285714,5.03620525429,0.597242289772,0.326923076923,6.00062559301,1.42322530091,0.680526680527,3.83793300225,0.910278981302,0.463617463617,1.318977792,0.603702328937,4.32037037037,2.18481481481,1.318977792,4.32037037037,0,0,0,0,0.160896782956,37,37,37,1,0,0.405405405405,0.540540540541,0.0540540540541,37,183,0.137387387387,2.40562772215,9.89189189189,7.95652173913,5.08333333333,4.47079276952,0.451965389268,0.234972677596,5.84496909005,1.18176970673,0.61113572589,3.42333451757,0.692149601914,0.375719982277,1.37515867704,0.571642346976,3.60315604909,2.40562772215,1.37515867704,3.60315604909,0.110411694313,0.0477167778348,31,0.0039897039897,0.175314576663,37,37,37,1,0,0.378378378378,0.594594594595,0.027027027027,-159,-0.119369369369,0.680338904038,-8.59459459459,-7.58893280632,-4.6880952381,-0.896917385874,0.161606798991,0.092330034953,-3.66352245232,0.153073253317,0.0666438656085,-4.62997882886,-0.179115292291,-0.0861102690266,0.734559106716,0.200342444258,1.60315604909,0.680338904038,0.734559106716,1.60315604909,-0.233659699935,-0.328852259822,-779,-0.100257400257,-0.394262251687,-0.027027027027,0.0540540540541,-0.027027027027,172,11,170,979,0.502923976608,0.988888888889,0.0111111111111,0.497076023392,0.939890710383,0.502923976608,0.655238095238,0.624086770636,0.491812865497,0.487252124646,27,186,0,0,0,0
1027,WLNM_dir_neg,0.225105503526,0.280944490857,00:00:05,10,30,15,1235778050,threshold_sweep,0.1,0.5,0.102150537634,0.169642857143,19,19,167,353,0.102150537634,0.948924731183,0.0510752688172,0.897849462366,0.5,0.102150537634,0.169642857143,0.666666666667,0.643966547192,0.0637583892617,0.0955751818445,0.0510752688172,342,156,186,0,342,0,156,0,186,37,342,0.256756756757,1.72528881811,18.4864864865,15.5454545455,9.77142857143,5.36771015539,0.290358590277,0.142642642643,9.50849154237,1.02869645341,0.544491860281,8.05331334643,0.871264894205,0.461830251304,0.640599570326,0.371299902718,2,1.72528881811,0.640599570326,2,0.344071394247,0.376569037657,810,0.104247104247,0.56957682835,37,37,37,1,0,0.405405405405,0.540540540541,0.0540540540541,37,0.117117117117,2.18635635636,8.43243243243,7.09090909091,4.45714285714,5.03620525429,0.597242289772,0.326923076923,6.00062559301,1.42322530091,0.680526680527,3.83793300225,0.910278981302,0.463617463617,1.32204914232,0.604681454823,4.3462962963,2.18635635636,1.32204914232,4.3462962963,0,0,0,0,0.160896782956,37,37,37,1,0,0.405405405405,0.540540540541,0.0540540540541,37,194,0.145645645646,10.2041199636,10.4864864865,6.25806451613,5.24324324324,5.22080039426,0.497859831412,0.270130955698,5.96473621194,1.13760432908,0.578434104207,3.64695767734,0.695553783822,0.371969908052,4.47262211543,0.43831532081,14.5127079111,10.2041199636,4.47262211543,14.5127079111,0.134602470671,0.0625850340136,46,0.00592020592021,0.193635864627,37,37,37,1,0,0.162162162162,0.837837837838,0,-148,-0.111111111111,8.47883114548,-8,-9.28739002933,-4.52818532819,-0.146909761128,0.207501241135,0.127488313055,-3.54375533043,0.108907875667,0.033942243926,-4.4063556691,-0.175711110383,-0.0898603432516,3.8320225451,0.0670154180923,12.5127079111,8.47883114548,3.8320225451,12.5127079111,-0.209468923577,-0.313984003643,-764,-0.0983268983269,-0.375940963723,-0.243243243243,0.297297297297,-0.0540540540541,175,19,167,971,0.511695906433,0.980808080808,0.0191919191919,0.488304093567,0.90206185567,0.511695906433,0.652985074627,0.609913723159,0.492503987241,0.484764542936,38,186,0,0,0,0
1028,WLNM_dir_neg,0.225105503526,0.280944490857,00:00:05,10,30,15,1235778050,threshold_sweep,0.2,0.457142857143,0.0860215053763,0.14479638009,16,19,170,353,0.0860215053763,0.948924731183,0.0510752688172,0.913978494624,0.457142857143,0.0860215053763,0.14479638009,0.661290322581,0.645758661888,0.043844856661,0.0679428073832,0.0349462365591,342,156,186,0,342,0,156,0,186,37,342,0.256756756757,1.72528881811,18.4864864865,15.5454545455,9.77142857143,5.36771015539,0.290358590277,0.142642642643,9.50849154237,1.02869645341,0.544491860281,8.05331334643,0.871264894205,0.461830251304,0.640599570326,0.371299902718,2,1.72528881811,0.640599570326,2,0.344071394247,0.376569037657,810,0.104247104247,0.56957682835,37,37,37,1,0,0.405405405405,0.540540540541,0.0540540540541,37,0.117117117117,2.18635635636,8.43243243243,7.09090909091,4.45714285714,5.03620525429,0.597242289772,0.326923076923,6.00062559301,1.42322530091,0.680526680527,3.83793300225,0.910278981302,0.463617463617,1.32204914232,0.604681454823,4.3462962963,2.18635635636,1.32204914232,4.3462962963,0,0,0,0,0.160896782956,37,37,37,1,0,0.405405405405,0.540540540541,0.0540540540541,37,191,0.143393393393,10.8622289947,10.3243243243,6.16129032258,5.16216216216,5.10475842313,0.494439951979,0.269421253714,5.95591915433,1.15376444351,0.582142351776,3.69318827568,0.715434378012,0.38007641149,4.80273146854,0.442149716315,15.4669883607,10.8622289947,4.80273146854,15.4669883607,0.109563853991,0.042194092827,30,0.003861003861,0.193403155808,37,37,37,1,0,0.162162162162,0.837837837838,0,-151,-0.113363363363,9.13694017656,-8.16216216216,-9.38416422287,-4.60926640927,-0.262951732259,0.204081361702,0.126778611072,-3.55257238804,0.125067990095,0.0376504914945,-4.36012507075,-0.155830516193,-0.0817538398139,4.16213189822,0.0708498135971,13.4669883607,9.13694017656,4.16213189822,13.4669883607,-0.234507540256,-0.33437494483,-780,-0.100386100386,-0.376173672542,-0.243243243243,0.297297297297,-0.0540540540541,172,19,170,971,0.502923976608,0.980808080808,0.0191919191919,0.497076023392,0.900523560209,0.502923976608,0.645403377111,0.602942661923,0.483732057416,0.476454293629,35,186,0,0,0,0
1029,WLNM_dir_neg,0.225105503526,0.280944490857,00:00:05,10,30,15,1235778050,threshold_sweep,0.3,0.4375,0.0752688172043,0.128440366972,14,18,172,354,0.0752688172043,0.951612903226,0.0483870967742,0.924731182796,0.4375,0.0752688172043,0.128440366972,0.659498207885,0.647550776583,0.0338983050847,0.0545025900246,0.0268817204301,342,156,186,0,342,0,156,0,186,37,342,0.256756756757,1.72528881811,18.4864864865,15.5454545455,9.77142857143,5.36771015539,0.290358590277,0.142642642643,9.50849154237,1.02869645341,0.544491860281,8.05331334643,0.871264894205,0.461830251304,0.640599570326,0.371299902718,2,1.72528881811,0.640599570326,2,0.344071394247,0.376569037657,810,0.104247104247,0.56957682835,37,37,37,1,0,0.405405405405,0.540540540541,0.0540540540541,37,0.117117117117,2.18635635636,8.43243243243,7.09090909091,4.45714285714,5.03620525429,0.597242289772,0.326923076923,6.00062559301,1.42322530091,0.680526680527,3.83793300225,0.910278981302,0.463617463617,1.32204914232,0.604681454823,4.3462962963,2.18635635636,1.32204914232,4.3462962963,0,0,0,0,0.160896782956,37,37,37,1,0,0.405405405405,0.540540540541,0.0540540540541,37,188,0.141141141141,10.8953185366,10.1621621622,6.06451612903,5.08108108108,5.09636860647,0.501504357551,0.273289246694,5.8517726582,1.15167866145,0.583668775158,3.77402215723,0.74275967988,0.395629672225,4.81911229594,0.44231036291,15.5115564873,10.8953185366,4.81911229594,15.5115564873,0.100563825254,0.0375722543353,26,0.0033462033462,0.193844116387,37,37,37,1,0,0.162162162162,0.837837837838,0,-154,-0.115615615616,9.17002971848,-8.32432432432,-9.48093841642,-4.69034749035,-0.271341548927,0.211145767274,0.130646604051,-3.65671888418,0.122982208039,0.0391769148768,-4.27929118921,-0.128505214325,-0.0662005790785,4.17851272561,0.0710104601918,13.5115564873,9.17002971848,4.17851272561,13.5115564873,-0.243507568993,-0.338996783322,-784,-0.100900900901,-0.375732711963,-0.243243243243,0.297297297297,-0.0540540540541,170,18,172,972,0.497076023392,0.981818181818,0.0181818181818,0.502923976608,0.904255319149,0.497076023392,0.641509433962,0.600866920427,0.47889420521,0.472222222222,32,186,0,0,0,0
1030,WLNM_dir_neg,0.225105503526,0.280944490857,00:00:05,10,30,15,1235778050,threshold_sweep,0.4,0.41935483871,0.0698924731183,0.119815668203,13,18,173,354,0.0698924731183,0.951612903226,0.0483870967742,0.930107526882,0.41935483871,0.0698924731183,0.119815668203,0.65770609319,0.648148148148,0.0271646859083,0.0442576993916,0.0215053763441,342,156,186,0,342,0,156,0,186,37,342,0.256756756757,1.72528881811,18.4864864865,15.5454545455,9.77142857143,5.36771015539,0.290358590277,0.142642642643,9.50849154237,1.02869645341,0.544491860281,8.05331334643,0.871264894205,0.461830251304,0.640599570326,0.371299902718,2,1.72528881811,0.640599570326,2,0.344071394247,0.376569037657,810,0.104247104247,0.56957682835,37,37,37,1,0,0.405405405405,0.540540540541,0.0540540540541,37,0.117117117117,2.18635635636,8.43243243243,7.09090909091,4.45714285714,5.03620525429,0.597242289772,0.326923076923,6.00062559301,1.42322530091,0.680526680527,3.83793300225,0.910278981302,0.463617463617,1.32204914232,0.604681454823,4.3462962963,2.18635635636,1.32204914232,4.3462962963,0,0,0,0,0.160896782956,37,37,37,1,0,0.405405405405,0.540540540541,0.0540540540541,37,187,0.14039039039,10.8119148262,10.1081081081,6.03225806452,5.05405405405,5.05406208347,0.500000794354,0.273449920509,5.83545649907,1.15460903992,0.584477525654,3.79287303846,0.750461510284,0.398901575372,4.77722738015,0.441848410475,15.3873987393,10.8119148262,4.77722738015,15.3873987393,0.0873017593606,0.0336257309942,23,0.0029601029601,0.193588782431,37,37,37,1,0,0.162162162162,0.837837837838,0,-155,-0.116366366366,9.08662600808,-8.37837837838,-9.51319648094,-4.71737451737,-0.313648071926,0.209642204077,0.130807277866,-3.6730350433,0.125912586508,0.0399856653727,-4.26044030797,-0.120803383921,-0.0629286759318,4.13662780982,0.0705485077571,13.3873987393,9.08662600808,4.13662780982,13.3873987393,-0.256769634887,-0.342943306663,-787,-0.101287001287,-0.375988045919,-0.243243243243,0.297297297297,-0.0540540540541,169,18,173,972,0.494152046784,0.981818181818,0.0181818181818,0.505847953216,0.903743315508,0.494152046784,0.638941398866,0.598531335885,0.475970228602,0.469444444444,31,186,0,0,0,0
1031,WLNM_dir_neg,0.225105503526,0.280944490857,00:00:05,10,30,15,1235778050,threshold_sweep,0.5,0.55,0.0591397849462,0.106796116505,11,9,175,363,0.0591397849462,0.975806451613,0.0241935483871,0.940860215054,0.55,0.0591397849462,0.106796116505,0.670250896057,0.654719235364,0.0449826989619,0.0886180560117,0.0349462365591,342,156,186,0,342,0,156,0,186,37,342,0.256756756757,1.72528881811,18.4864864865,15.5454545455,9.77142857143,5.36771015539,0.290358590277,0.142642642643,9.50849154237,1.02869645341,0.544491860281,8.05331334643,0.871264894205,0.461830251304,0.640599570326,0.371299902718,2,1.72528881811,0.640599570326,2,0.344071394247,0.376569037657,810,0.104247104247,0.56957682835,37,37,37,1,0,0.405405405405,0.540540540541,0.0540540540541,37,0.117117117117,2.18635635636,8.43243243243,7.09090909091,4.45714285714,5.03620525429,0.597242289772,0.326923076923,6.00062559301,1.42322530091,0.680526680527,3.83793300225,0.910278981302,0.463617463617,1.32204914232,0.604681454823,4.3462962963,2.18635635636,1.32204914232,4.3462962963,0,0,0,0,0.160896782956,37,37,37,1,0,0.405405405405,0.540540540541,0.0540540540541,37,176,0.132132132132,2.20985268127,9.51351351351,8,4.75675675676,4.60447621356,0.483993238357,0.260595823096,5.97404295174,1.2559067569,0.637592137592,3.51508973653,0.738967728702,0.394041769042,1.32372964871,0.599012621938,3.82340053256,2.20985268127,1.32372964871,3.82340053256,0.053823150882,0.0166852057842,10,0.001287001287,0.180739554422,37,37,37,1,0,0.405405405405,0.594594594595,0,-166,-0.124624624625,0.484563863159,-8.97297297297,-7.54545454545,-5.01467181467,-0.763233941837,0.19363464808,0.117953180453,-3.53444859064,0.227210303484,0.0931002773108,-4.5382236099,-0.132297165503,-0.0677884822622,0.683130078381,0.22771271922,1.82340053256,0.484563863159,0.683130078381,1.82340053256,-0.290248243365,-0.359883831873,-800,-0.10296010296,-0.388837273928,0,0.0540540540541,-0.0540540540541,167,9,175,981,0.488304093567,0.990909090909,0.00909090909091,0.511695906433,0.948863636364,0.488304093567,0.644787644788,0.618193105996,0.479213184476,0.475783475783,20,186,0,0,0,0
1032,WLNM_dir_neg,0.225105503526,0.280944490857,00:00:05,10,30,15,1235778050,threshold_sweep,0.6,0.55,0.0591397849462,0.106796116505,11,9,175,363,0.0591397849462,0.975806451613,0.0241935483871,0.940860215054,0.55,0.0591397849462,0.106796116505,0.670250896057,0.654719235364,0.0449826989619,0.0886180560117,0.0349462365591,342,156,186,0,342,0,156,0,186,37,342,0.256756756757,1.72528881811,18.4864864865,15.5454545455,9.77142857143,5.36771015539,0.290358590277,0.142642642643,9.50849154237,1.02869645341,0.544491860281,8.05331334643,0.871264894205,0.461830251304,0.640599570326,0.371299902718,2,1.72528881811,0.640599570326,2,0.344071394247,0.376569037657,810,0.104247104247,0.56957682835,37,37,37,1,0,0.405405405405,0.540540540541,0.0540540540541,37,0.117117117117,2.18635635636,8.43243243243,7.09090909091,4.45714285714,5.03620525429,0.597242289772,0.326923076923,6.00062559301,1.42322530091,0.680526680527,3.83793300225,0.910278981302,0.463617463617,1.32204914232,0.604681454823,4.3462962963,2.18635635636,1.32204914232,4.3462962963,0,0,0,0,0.160896782956,37,37,37,1,0,0.405405405405,0.540540540541,0.0540540540541,37,176,0.132132132132,2.20985268127,9.51351351351,8,4.75675675676,4.60447621356,0.483993238357,0.260595823096,5.97404295174,1.2559067569,0.637592137592,3.51508973653,0.738967728702,0.394041769042,1.32372964871,0.599012621938,3.82340053256,2.20985268127,1.32372964871,3.82340053256,0.053823150882,0.0166852057842,10,0.001287001287,0.180739554422,37,37,37,1,0,0.405405405405,0.594594594595,0,-166,-0.124624624625,0.484563863159,-8.97297297297,-7.54545454545,-5.01467181467,-0.763233941837,0.19363464808,0.117953180453,-3.53444859064,0.227210303484,0.0931002773108,-4.5382236099,-0.132297165503,-0.0677884822622,0.683130078381,0.22771271922,1.82340053256,0.484563863159,0.683130078381,1.82340053256,-0.290248243365,-0.359883831873,-800,-0.10296010296,-0.388837273928,0,0.0540540540541,-0.0540540540541,167,9,175,981,0.488304093567,0.990909090909,0.00909090909091,0.511695906433,0.948863636364,0.488304093567,0.644787644788,0.618193105996,0.479213184476,0.475783475783,20,186,0,0,0,0
1033,WLNM_dir_neg,0.225105503526,0.280944490857,00:00:05,10,30,15,1235778050,threshold_sweep,0.7,0.578947368421,0.0591397849462,0.107317073171,11,8,175,364,0.0591397849462,0.978494623656,0.0215053763441,0.940860215054,0.578947368421,0.0591397849462,0.107317073171,0.672043010753,0.65531660693,0.0485268630849,0.0978231976089,0.0376344086022,342,156,186,0,342,0,156,0,186,37,342,0.256756756757,1.72528881811,18.4864864865,15.5454545455,9.77142857143,5.36771015539,0.290358590277,0.142642642643,9.50849154237,1.02869645341,0.544491860281,8.05331334643,0.871264894205,0.461830251304,0.640599570326,0.371299902718,2,1.72528881811,0.640599570326,2,0.344071394247,0.376569037657,810,0.104247104247,0.56957682835,37,37,37,1,0,0.405405405405,0.540540540541,0.0540540540541,37,0.117117117117,2.18635635636,8.43243243243,7.09090909091,4.45714285714,5.03620525429,0.597242289772,0.326923076923,6.00062559301,1.42322530091,0.680526680527,3.83793300225,0.910278981302,0.463617463617,1.32204914232,0.604681454823,4.3462962963,2.18635635636,1.32204914232,4.3462962963,0,0,0,0,0.160896782956,37,37,37,1,0,0.405405405405,0.540540540541,0.0540540540541,37,175,0.131381381381,2.1478975255,9.45945945946,7.95454545455,4.72972972973,4.62237670105,0.488651251253,0.263011583012,5.98910422095,1.26626774957,0.641544401544,3.51701142582,0.74359670146,0.395366795367,1.24837697078,0.581208812783,3.7537808642,2.1478975255,1.24837697078,3.7537808642,0.054874201933,0.01679731243,10,0.001287001287,0.179940750052,37,37,37,1,0,0.405405405405,0.594594594595,0,-167,-0.125375375375,0.422608707387,-9.02702702703,-7.59090909091,-5.0416988417,-0.745333454348,0.198292660976,0.120368940369,-3.51938732143,0.237571296157,0.0970525412631,-4.53630192061,-0.127668192745,-0.0664634559371,0.60777740045,0.209908910065,1.7537808642,0.422608707387,0.60777740045,1.7537808642,-0.289197192314,-0.359771725227,-800,-0.10296010296,-0.389636078298,0,0.0540540540541,-0.0540540540541,167,8,175,982,0.488304093567,0.991919191919,0.00808080808081,0.511695906433,0.954285714286,0.488304093567,0.646034816248,0.620995082594,0.480223285486,0.477142857143,19,186,0,0,0,0
1034,WLNM_dir_neg,0.225105503526,0.280944490857,00:00:05,10,30,15,1235778050,threshold_sweep,0.8,0.611111111111,0.0591397849462,0.107843137255,11,7,175,365,0.0591397849462,0.981182795699,0.0188172043011,0.940860215054,0.611111111111,0.0591397849462,0.107843137255,0.673835125448,0.655913978495,0.0520833333333,0.107582870728,0.0403225806452,342,156,186,0,342,0,156,0,186,37,342,0.256756756757,1.72528881811,18.4864864865,15.5454545455,9.77142857143,5.36771015539,0.290358590277,0.142642642643,9.50849154237,1.02869645341,0.544491860281,8.05331334643,0.871264894205,0.461830251304,0.640599570326,0.371299902718,2,1.72528881811,0.640599570326,2,0.344071394247,0.376569037657,810,0.104247104247,0.56957682835,37,37,37,1,0,0.405405405405,0.540540540541,0.0540540540541,37,0.117117117117,2.18635635636,8.43243243243,7.09090909091,4.45714285714,5.03620525429,0.597242289772,0.326923076923,6.00062559301,1.42322530091,0.680526680527,3.83793300225,0.910278981302,0.463617463617,1.32204914232,0.604681454823,4.3462962963,2.18635635636,1.32204914232,4.3462962963,0,0,0,0,0.160896782956,37,37,37,1,0,0.405405405405,0.540540540541,0.0540540540541,37,174,0.130630630631,2.12801566883,9.40540540541,7.90909090909,4.7027027027,4.6335698948,0.492649672723,0.266853059957,5.98546788696,1.272771907,0.643056849953,3.51871871302,0.748233289551,0.396396396396,1.21468817204,0.570807907964,3.68886270814,2.12801566883,1.21468817204,3.68886270814,0.054874201933,0.01679731243,10,0.001287001287,0.178333098444,37,37,37,1,0,0.405405405405,0.594594594595,0,-168,-0.126126126126,0.402726850711,-9.08108108108,-7.63636363636,-5.06872586873,-0.734140260596,0.202291082446,0.124210417314,-3.52302365542,0.244075453582,0.0985649896721,-4.53459463341,-0.123031604654,-0.0654338549075,0.574088601711,0.199508005246,1.68886270814,0.402726850711,0.574088601711,1.68886270814,-0.289197192314,-0.359771725227,-800,-0.10296010296,-0.391243729906,0,0.0540540540541,-0.0540540540541,167,7,175,983,0.488304093567,0.992929292929,0.00707070707071,0.511695906433,0.959770114943,0.488304093567,0.647286821705,0.623817417169,0.481233386497,0.478510028653,18,186,0,0,0,0
1035,WLNM_dir_neg,0.225105503526,0.280944490857,00:00:05,10,30,15,1235778050,threshold_sweep,0.9,0.6,0.0483870967742,0.089552238806,9,6,177,366,0.0483870967742,0.983870967742,0.0161290322581,0.951612903226,0.6,0.0483870967742,0.089552238806,0.672043010753,0.65770609319,0.0418848167539,0.0940200989445,0.0322580645161,342,156,186,0,342,0,156,0,186,37,342,0.256756756757,1.72528881811,18.4864864865,15.5454545455,9.77142857143,5.36771015539,0.290358590277,0.142642642643,9.50849154237,1.02869645341,0.544491860281,8.05331334643,0.871264894205,0.461830251304,0.640599570326,0.371299902718,2,1.72528881811,0.640599570326,2,0.344071394247,0.376569037657,810,0.104247104247,0.56957682835,37,37,37,1,0,0.405405405405,0.540540540541,0.0540540540541,37,0.117117117117,2.18635635636,8.43243243243,7.09090909091,4.45714285714,5.03620525429,0.597242289772,0.326923076923,6.00062559301,1.42322530091,0.680526680527,3.83793300225,0.910278981302,0.463617463617,1.32204914232,0.604681454823,4.3462962963,2.18635635636,1.32204914232,4.3462962963,0,0,0,0,0.160896782956,37,37,37,1,0,0.405405405405,0.540540540541,0.0540540540541,37,171,0.128378378378,2.10354835222,9.24324324324,7.77272727273,4.62162162162,4.68096265862,0.506419936751,0.274063537221,5.95516279912,1.28854399747,0.646752015173,3.5695576395,0.772360424922,0.406511774933,1.17656885707,0.559325796256,3.6098132969,2.10354835222,1.17656885707,3.6098132969,0.0526862997451,0.0136286201022,8,0.0010296010296,0.176618783418,37,37,37,1,0,0.405405405405,0.594594594595,0,-171,-0.128378378378,0.378259534101,-9.24324324324,-7.77272727273,-5.14980694981,-0.686747496772,0.216061346474,0.131420894579,-3.55332874326,0.259847544055,0.102260154892,-4.48375570693,-0.0989044692829,-0.0553184763711,0.53596928674,0.188025893538,1.6098132969,0.378259534101,0.53596928674,1.6098132969,-0.291385094502,-0.362940417555,-802,-0.103217503218,-0.392958044932,0,0.0540540540541,-0.0540540540541,165,6,177,984,0.482456140351,0.993939393939,0.00606060606061,0.517543859649,0.964912280702,0.482456140351,0.643274853801,0.62213433032,0.47639553429,0.474137931034,15,186,0,0,0,0
1036,WLNM_dir_neg,0.454517863337,0.359562917024,00:00:05,10,30,16,1235778051,threshold_sweep,0.1,0.537037037037,0.155913978495,0.241666666667,29,25,157,347,0.155913978495,0.932795698925,0.0672043010753,0.844086021505,0.537037037037,0.155913978495,0.241666666667,0.673835125448,0.634408602151,0.107843137255,0.141444737465,0.0887096774194,342,156,186,0,342,0,156,0,186,37,342,0.256756756757,1.72528881811,18.4864864865,15.5454545455,9.77142857143,5.36771015539,0.290358590277,0.142642642643,9.50849154237,1.02869645341,0.544491860281,8.05331334643,0.871264894205,0.461830251304,0.640599570326,0.371299902718,2,1.72528881811,0.640599570326,2,0.344071394247,0.376569037657,810,0.104247104247,0.56957682835,37,37,37,1,0,0.405405405405,0.540540540541,0.0540540540541,37,0.117117117117,2.18481481481,8.43243243243,7.09090909091,4.45714285714,5.03620525429,0.597242289772,0.326923076923,6.00062559301,1.42322530091,0.680526680527,3.83793300225,0.910278981302,0.463617463617,1.318977792,0.603702328937,4.32037037037,2.18481481481,1.318977792,4.32037037037,0,0,0,0,0.160896782956,37,37,37,1,0,0.405405405405,0.540540540541,0.0540540540541,37,210,0.157657657658,10.4014883556,11.3513513514,6.77419354839,5.83333333333,5.06192879475,0.445931822395,0.231016731017,5.81212360336,1.02404082535,0.543114543115,3.59825616757,0.633978467619,0.343371943372,4.60103868497,0.442344261483,14.2893689604,10.4014883556,4.60103868497,14.2893689604,0.215752072285,0.144592476489,123,0.0158301158301,0.197250049203,37,37,37,1,0,0.162162162162,0.810810810811,0.027027027027,-132,-0.0990990990991,8.67619953745,-7.13513513514,-8.77126099707,-3.9380952381,-0.305781360643,0.155573232118,0.0883740883741,-3.69636793901,-0.0046556280602,-0.00137731716679,-4.45505717887,-0.237286426586,-0.118458307932,3.96043911464,0.0710443587654,12.2893689604,8.67619953745,3.96043911464,12.2893689604,-0.128319321963,-0.231976561168,-687,-0.088416988417,-0.372326779147,-0.243243243243,0.27027027027,-0.027027027027,185,25,157,965,0.540935672515,0.974747474747,0.0252525252525,0.459064327485,0.880952380952,0.540935672515,0.670289855072,0.618169414184,0.515683147262,0.50408719346,54,186,0,0,0,0
1037,WLNM_dir_neg,0.454517863337,0.359562917024,00:00:05,10,30,16,1235778051,threshold_sweep,0.2,0.547169811321,0.155913978495,0.242677824268,29,24,157,348,0.155913978495,0.935483870968,0.0645161290323,0.844086021505,0.547169811321,0.155913978495,0.242677824268,0.675627240143,0.635005973716,0.111292962357,0.146953622221,0.0913978494624,342,156,186,0,342,0,156,0,186,37,342,0.256756756757,1.72528881811,18.4864864865,15.5454545455,9.77142857143,5.36771015539,0.290358590277,0.142642642643,9.50849154237,1.02869645341,0.544491860281,8.05331334643,0.871264894205,0.461830251304,0.640599570326,0.371299902718,2,1.72528881811,0.640599570326,2,0.344071394247,0.376569037657,810,0.104247104247,0.56957682835,37,37,37,1,0,0.405405405405,0.540540540541,0.0540540540541,37,0.117117117117,2.18481481481,8.43243243243,7.09090909091,4.45714285714,5.03620525429,0.597242289772,0.326923076923,6.00062559301,1.42322530091,0.680526680527,3.83793300225,0.910278981302,0.463617463617,1.318977792,0.603702328937,4.32037037037,2.18481481481,1.318977792,4.32037037037,0,0,0,0,0.160896782956,37,37,37,1,0,0.405405405405,0.540540540541,0.0540540540541,37,209,0.156906906907,9.65249885646,11.2972972973,6.74193548387,5.80555555556,5.12003073377,0.45320846208,0.235742919953,5.83198182542,1.03245611263,0.546747704642,3.62258514367,0.641318901032,0.346566662356,4.17980947045,0.433028745469,12.7955420779,9.65249885646,4.17980947045,12.7955420779,0.20742751396,0.141676505313,120,0.015444015444,0.205895373412,37,37,37,1,0,0.162162162162,0.810810810811,0.027027027027,-133,-0.0998498498498,7.92721003834,-7.18918918919,-8.80351906158,-3.96587301587,-0.247679421627,0.162849871803,0.0931002773108,-3.67650971696,0.00375965921909,0.00225584436111,-4.43072820277,-0.229945993173,-0.115263588948,3.53920990012,0.0617288427511,10.7955420779,7.92721003834,3.53920990012,10.7955420779,-0.136643880287,-0.234892532344,-690,-0.0888030888031,-0.363681454938,-0.243243243243,0.27027027027,-0.027027027027,185,24,157,966,0.540935672515,0.975757575758,0.0242424242424,0.459064327485,0.885167464115,0.540935672515,0.671506352087,0.620583773334,0.516693248272,0.505464480874,53,186,0,0,0,0
1038,WLNM_dir_neg,0.454517863337,0.359562917024,00:00:05,10,30,16,1235778051,threshold_sweep,0.3,0.551020408163,0.145161290323,0.229787234043,27,22,159,350,0.145161290323,0.940860215054,0.0591397849462,0.854838709677,0.551020408163,0.145161290323,0.229787234043,0.675627240143,0.637395459976,0.105436573311,0.143277517899,0.0860215053763,342,156,186,0,342,0,156,0,186,37,342,0.256756756757,1.72528881811,18.4864864865,15.5454545455,9.77142857143,5.36771015539,0.290358590277,0.142642642643,9.50849154237,1.02869645341,0.544491860281,8.05331334643,0.871264894205,0.461830251304,0.640599570326,0.371299902718,2,1.72528881811,0.640599570326,2,0.344071394247,0.376569037657,810,0.104247104247,0.56957682835,37,37,37,1,0,0.405405405405,0.540540540541,0.0540540540541,37,0.117117117117,2.18481481481,8.43243243243,7.09090909091,4.45714285714,5.03620525429,0.597242289772,0.326923076923,6.00062559301,1.42322530091,0.680526680527,3.83793300225,0.910278981302,0.463617463617,1.318977792,0.603702328937,4.32037037037,2.18481481481,1.318977792,4.32037037037,0,0,0,0,0.160896782956,37,37,37,1,0,0.405405405405,0.540540540541,0.0540540540541,37,205,0.153903903904,9.54873799193,11.0810810811,6.61290322581,5.69444444444,5.09563199863,0.45984971695,0.241924851681,5.83378376639,1.05292682613,0.552142386289,3.60242660959,0.650194070999,0.35069215557,4.12973020395,0.432489634487,12.6693735726,9.54873799193,4.12973020395,12.6693735726,0.203801269807,0.13148371532,109,0.0140283140283,0.201595582346,37,37,37,1,0,0.162162162162,0.810810810811,0.027027027027,-137,-0.102852852853,7.82344917381,-7.40540540541,-8.93255131965,-4.07698412698,-0.272078156763,0.169491126672,0.0992822090383,-3.67470777598,0.0242303727147,0.00765052600739,-4.45088673684,-0.221070823206,-0.111138095734,3.48913063362,0.0611897317696,10.6693735726,7.82344917381,3.48913063362,10.6693735726,-0.14027012444,-0.245085322337,-701,-0.0902187902188,-0.367981246004,-0.243243243243,0.27027027027,-0.027027027027,183,22,159,968,0.535087719298,0.977777777778,0.0222222222222,0.464912280702,0.892682926829,0.535087719298,0.669104204753,0.620862236144,0.512865497076,0.502747252747,49,186,0,0,0,0
1039,WLNM_dir_neg,0.454517863337,0.359562917024,00:00:05,10,30,16,1235778051,threshold_sweep,0.4,0.541666666667,0.139784946237,0.222222222222,26,22,160,350,0.139784946237,0.940860215054,0.0591397849462,0.860215053763,0.541666666667,0.139784946237,0.222222222222,0.673835125448,0.637992831541,0.0990099009901,0.135581536137,0.0806451612903,342,156,186,0,342,0,156,0,186,37,342,0.256756756757,1.72528881811,18.4864864865,15.5454545455,9.77142857143,5.36771015539,0.290358590277,0.142642642643,9.50849154237,1.02869645341,0.544491860281,8.05331334643,0.871264894205,0.461830251304,0.640599570326,0.371299902718,2,1.72528881811,0.640599570326,2,0.344071394247,0.376569037657,810,0.104247104247,0.56957682835,37,37,37,1,0,0.405405405405,0.540540540541,0.0540540540541,37,0.117117117117,2.18481481481,8.43243243243,7.09090909091,4.45714285714,5.03620525429,0.597242289772,0.326923076923,6.00062559301,1.42322530091,0.680526680527,3.83793300225,0.910278981302,0.463617463617,1.318977792,0.603702328937,4.32037037037,2.18481481481,1.318977792,4.32037037037,0,0,0,0,0.160896782956,37,37,37,1,0,0.405405405405,0.540540540541,0.0540540540541,37,204,0.153153153153,9.83950354691,11.027027027,6.58064516129,5.66666666667,4.97486173167,0.451151676647,0.238738738739,5.80048667317,1.05204905347,0.552464228935,3.61802295323,0.656210045439,0.353206147324,4.27341866766,0.434312427176,13.0702609781,9.83950354691,4.27341866766,13.0702609781,0.192325070034,0.119018404908,97,0.0124839124839,0.201286329612,37,37,37,1,0,0.162162162162,0.810810810811,0.027027027027,-138,-0.103603603604,8.11421472879,-7.45945945946,-8.96480938416,-4.10476190476,-0.392848423722,0.16079308637,0.0960960960961,-3.7080048692,0.0233526000527,0.00797236865348,-4.43529039321,-0.215054848766,-0.10862410398,3.63281909734,0.0630125244581,11.0702609781,8.11421472879,3.63281909734,11.0702609781,-0.151746324213,-0.257550632749,-713,-0.0917631917632,-0.368290498738,-0.243243243243,0.27027027027,-0.027027027027,182,22,160,968,0.53216374269,0.977777777778,0.0222222222222,0.46783625731,0.892156862745,0.53216374269,0.666666666667,0.618559371864,0.509941520468,0.5,48,186,0,0,0,0
1040,WLNM_dir_neg,0.454517863337,0.359562917024,00:00:05,10,30,16,1235778051,threshold_sweep,0.5,0.648648648649,0.129032258065,0.215246636771,24,13,162,359,0.129032258065,0.965053763441,0.0349462365591,0.870967741935,0.648648648649,0.129032258065,0.215246636771,0.686379928315,0.644563918757,0.117647058824,0.178251553224,0.0940860215054,342,156,186,0,342,0,156,0,186,37,342,0.256756756757,1.72528881811,18.4864864865,15.5454545455,9.77142857143,5.36771015539,0.290358590277,0.142642642643,9.50849154237,1.02869645341,0.544491860281,8.05331334643,0.871264894205,0.461830251304,0.640599570326,0.371299902718,2,1.72528881811,0.640599570326,2,0.344071394247,0.376569037657,810,0.104247104247,0.56957682835,37,37,37,1,0,0.405405405405,0.540540540541,0.0540540540541,37,0.117117117117,2.18481481481,8.43243243243,7.09090909091,4.45714285714,5.03620525429,0.597242289772,0.326923076923,6.00062559301,1.42322530091,0.680526680527,3.83793300225,0.910278981302,0.463617463617,1.318977792,0.603702328937,4.32037037037,2.18481481481,1.318977792,4.32037037037,0,0,0,0,0.160896782956,37,37,37,1,0,0.405405405405,0.540540540541,0.0540540540541,37,193,0.144894894895,2.29104233071,10.4324324324,8.77272727273,5.36111111111,4.56764308625,0.437831073034,0.232180366895,6.01449700093,1.15303828515,0.602156560706,3.41674906515,0.655024432178,0.351211314942,1.32585799475,0.578713879259,3.54409313216,2.29104233071,1.32585799475,3.54409313216,0.153710425073,0.0722222222222,52,0.00669240669241,0.209503485277,37,37,37,1,0,0.405405405405,0.567567567568,0.027027027027,-149,-0.111861861862,0.565753512596,-8.05405405405,-6.77272727273,-4.41031746032,-0.800067069144,0.147472482757,0.0895377242528,-3.49399454145,0.124341831737,0.0576647004244,-4.63656428129,-0.216240462027,-0.110618936362,0.685258424427,0.207413976542,1.54409313216,0.565753512596,0.685258424427,1.54409313216,-0.190360969175,-0.304346815435,-758,-0.0975546975547,-0.360073343072,0,0.027027027027,-0.027027027027,180,13,162,977,0.526315789474,0.986868686869,0.0131313131313,0.473684210526,0.932642487047,0.526315789474,0.672897196262,0.636888848028,0.513184476342,0.507042253521,37,186,0,0,0,0
1041,WLNM_dir_neg,0.454517863337,0.359562917024,00:00:05,10,30,16,1235778051,threshold_sweep,0.6,0.648648648649,0.129032258065,0.215246636771,24,13,162,359,0.129032258065,0.965053763441,0.0349462365591,0.870967741935,0.648648648649,0.129032258065,0.215246636771,0.686379928315,0.644563918757,0.117647058824,0.178251553224,0.0940860215054,342,156,186,0,342,0,156,0,186,37,342,0.256756756757,1.72528881811,18.4864864865,15.5454545455,9.77142857143,5.36771015539,0.290358590277,0.142642642643,9.50849154237,1.02869645341,0.544491860281,8.05331334643,0.871264894205,0.461830251304,0.640599570326,0.371299902718,2,1.72528881811,0.640599570326,2,0.344071394247,0.376569037657,810,0.104247104247,0.56957682835,37,37,37,1,0,0.405405405405,0.540540540541,0.0540540540541,37,0.117117117117,2.18481481481,8.43243243243,7.09090909091,4.45714285714,5.03620525429,0.597242289772,0.326923076923,6.00062559301,1.42322530091,0.680526680527,3.83793300225,0.910278981302,0.463617463617,1.318977792,0.603702328937,4.32037037037,2.18481481481,1.318977792,4.32037037037,0,0,0,0,0.160896782956,37,37,37,1,0,0.405405405405,0.540540540541,0.0540540540541,37,193,0.144894894895,2.29104233071,10.4324324324,8.77272727273,5.36111111111,4.56764308625,0.437831073034,0.232180366895,6.01449700093,1.15303828515,0.602156560706,3.41674906515,0.655024432178,0.351211314942,1.32585799475,0.578713879259,3.54409313216,2.29104233071,1.32585799475,3.54409313216,0.153710425073,0.0722222222222,52,0.00669240669241,0.209503485277,37,37,37,1,0,0.405405405405,0.567567567568,0.027027027027,-149,-0.111861861862,0.565753512596,-8.05405405405,-6.77272727273,-4.41031746032,-0.800067069144,0.147472482757,0.0895377242528,-3.49399454145,0.124341831737,0.0576647004244,-4.63656428129,-0.216240462027,-0.110618936362,0.685258424427,0.207413976542,1.54409313216,0.565753512596,0.685258424427,1.54409313216,-0.190360969175,-0.304346815435,-758,-0.0975546975547,-0.360073343072,0,0.027027027027,-0.027027027027,180,13,162,977,0.526315789474,0.986868686869,0.0131313131313,0.473684210526,0.932642487047,0.526315789474,0.672897196262,0.636888848028,0.513184476342,0.507042253521,37,186,0,0,0,0
1042,WLNM_dir_neg,0.454517863337,0.359562917024,00:00:05,10,30,16,1235778051,threshold_sweep,0.7,0.638888888889,0.123655913978,0.207207207207,23,13,163,359,0.123655913978,0.965053763441,0.0349462365591,0.876344086022,0.638888888889,0.123655913978,0.207207207207,0.68458781362,0.645161290323,0.111111111111,0.170220726662,0.0887096774194,342,156,186,0,342,0,156,0,186,37,342,0.256756756757,1.72528881811,18.4864864865,15.5454545455,9.77142857143,5.36771015539,0.290358590277,0.142642642643,9.50849154237,1.02869645341,0.544491860281,8.05331334643,0.871264894205,0.461830251304,0.640599570326,0.371299902718,2,1.72528881811,0.640599570326,2,0.344071394247,0.376569037657,810,0.104247104247,0.56957682835,37,37,37,1,0,0.405405405405,0.540540540541,0.0540540540541,37,0.117117117117,2.18481481481,8.43243243243,7.09090909091,4.45714285714,5.03620525429,0.597242289772,0.326923076923,6.00062559301,1.42322530091,0.680526680527,3.83793300225,0.910278981302,0.463617463617,1.318977792,0.603702328937,4.32037037037,2.18481481481,1.318977792,4.32037037037,0,0,0,0,0.160896782956,37,37,37,1,0,0.405405405405,0.540540540541,0.0540540540541,37,192,0.144144144144,2.28759732592,10.3783783784,8.72727272727,5.33333333333,4.57257131256,0.440586298345,0.23338963964,6.0223557491,1.16055813915,0.60472972973,3.38163206683,0.651668679546,0.347972972973,1.32070385271,0.577332311831,3.52977687405,2.28759732592,1.32070385271,3.52977687405,0.149071370434,0.0672268907563,48,0.00617760617761,0.204201379975,37,37,37,1,0,0.405405405405,0.567567567568,0.027027027027,-150,-0.112612612613,0.56230850781,-8.10810810811,-6.81818181818,-4.4380952381,-0.795138842837,0.150227708068,0.090746996997,-3.48613579327,0.131861685735,0.0602378694484,-4.6716812796,-0.219596214659,-0.113857278331,0.680104282388,0.206032409113,1.52977687405,0.56230850781,0.680104282388,1.52977687405,-0.195000023814,-0.309342146901,-762,-0.0980694980695,-0.365375448375,0,0.027027027027,-0.027027027027,179,13,163,977,0.523391812865,0.986868686869,0.0131313131313,0.476608187135,0.932291666667,0.523391812865,0.670411985019,0.634628483609,0.510260499734,0.504225352113,36,186,0,0,0,0
1043,WLNM_dir_neg,0.454517863337,0.359562917024,00:00:05,10,30,16,1235778051,threshold_sweep,0.8,0.657142857143,0.123655913978,0.20814479638,23,12,163,360,0.123655913978,0.967741935484,0.0322580645161,0.876344086022,0.657142857143,0.123655913978,0.20814479638,0.686379928315,0.645758661888,0.114671163575,0.177696573156,0.0913978494624,342,156,186,0,342,0,156,0,186,37,342,0.256756756757,1.72528881811,18.4864864865,15.5454545455,9.77142857143,5.36771015539,0.290358590277,0.142642642643,9.50849154237,1.02869645341,0.544491860281,8.05331334643,0.871264894205,0.461830251304,0.640599570326,0.371299902718,2,1.72528881811,0.640599570326,2,0.344071394247,0.376569037657,810,0.104247104247,0.56957682835,37,37,37,1,0,0.405405405405,0.540540540541,0.0540540540541,37,0.117117117117,2.18481481481,8.43243243243,7.09090909091,4.45714285714,5.03620525429,0.597242289772,0.326923076923,6.00062559301,1.42322530091,0.680526680527,3.83793300225,0.910278981302,0.463617463617,1.318977792,0.603702328937,4.32037037037,2.18481481481,1.318977792,4.32037037037,0,0,0,0,0.160896782956,37,37,37,1,0,0.405405405405,0.540540540541,0.0540540540541,37,191,0.143393393393,2.30128420392,10.3243243243,8.68181818182,5.30555555556,4.55249659256,0.440948622839,0.233904061129,6.02547145926,1.16723792666,0.606480826376,3.40353993426,0.659324489882,0.350643837555,1.34100352999,0.582719651797,3.55831553371,2.30128420392,1.34100352999,3.55831553371,0.155399757644,0.0679245283019,48,0.00617760617761,0.203877177584,37,37,37,1,0,0.405405405405,0.567567567568,0.027027027027,-151,-0.113363363363,0.575995385807,-8.16216216216,-6.86363636364,-4.46587301587,-0.815213562838,0.150590032562,0.0912614184865,-3.48302008312,0.138541473247,0.0619889660948,-4.64977341218,-0.211940404323,-0.111186413749,0.700403959669,0.211419749079,1.55831553371,0.575995385807,0.700403959669,1.55831553371,-0.188671636603,-0.308644509355,-762,-0.0980694980695,-0.365699650766,0,0.027027027027,-0.027027027027,179,12,163,978,0.523391812865,0.987878787879,0.0121212121212,0.476608187135,0.937172774869,0.523391812865,0.671669793621,0.63726778544,0.511270600744,0.505649717514,35,186,0,0,0,0
1044,WLNM_dir_neg,0.454517863337,0.359562917024,00:00:05,10,30,16,1235778051,threshold_sweep,0.9,0.785714285714,0.118279569892,0.205607476636,22,6,164,366,0.118279569892,0.983870967742,0.0161290322581,0.881720430108,0.785714285714,0.118279569892,0.205607476636,0.695340501792,0.649940262843,0.129692832765,0.220572643601,0.102150537634,342,156,186,0,342,0,156,0,186,37,342,0.256756756757,1.72528881811,18.4864864865,15.5454545455,9.77142857143,5.36771015539,0.290358590277,0.142642642643,9.50849154237,1.02869645341,0.544491860281,8.05331334643,0.871264894205,0.461830251304,0.640599570326,0.371299902718,2,1.72528881811,0.640599570326,2,0.344071394247,0.376569037657,810,0.104247104247,0.56957682835,37,37,37,1,0,0.405405405405,0.540540540541,0.0540540540541,37,0.117117117117,2.18481481481,8.43243243243,7.09090909091,4.45714285714,5.03620525429,0.597242289772,0.326923076923,6.00062559301,1.42322530091,0.680526680527,3.83793300225,0.910278981302,0.463617463617,1.318977792,0.603702328937,4.32037037037,2.18481481481,1.318977792,4.32037037037,0,0,0,0,0.160896782956,37,37,37,1,0,0.405405405405,0.540540540541,0.0540540540541,37,184,0.138138138138,2.33519388894,9.94594594595,8.36363636364,5.11111111111,4.4218268343,0.444585850188,0.238102232667,5.94645779943,1.19575510097,0.615746180964,3.49989274825,0.703782780898,0.378378378378,1.38517160047,0.593171987571,3.67671812959,2.33519388894,1.38517160047,3.67671812959,0.145343820963,0.0548223350254,36,0.0046332046332,0.196058252435,37,37,37,1,0,0.405405405405,0.567567567568,0.027027027027,-158,-0.118618618619,0.609905070823,-8.54054054054,-7.18181818182,-4.66031746032,-0.945883321091,0.154227259911,0.0954595900248,-3.56203374295,0.167058647557,0.0712543206822,-4.55342059818,-0.167482113307,-0.0834518729256,0.74457203014,0.221872084854,1.67671812959,0.609905070823,0.74457203014,1.67671812959,-0.198727573284,-0.321746702632,-774,-0.0996138996139,-0.373518575915,0,0.027027027027,-0.027027027027,178,6,164,984,0.520467836257,0.993939393939,0.00606060606061,0.479532163743,0.967391304348,0.520467836257,0.67680608365,0.651265179643,0.514407230197,0.511494252874,28,186,0,0,0,0
1045,WLNM_dir_neg,0.419564400509,0.339479865339,00:00:04,10,30,17,1235778052,threshold_sweep,0.1,0.521739130435,0.129032258065,0.206896551724,24,22,162,350,0.129032258065,0.940860215054,0.0591397849462,0.870967741935,0.521739130435,0.129032258065,0.206896551724,0.670250896057,0.639187574671,0.0860927152318,0.119796589376,0.0698924731183,342,156,186,0,342,0,156,0,186,37,342,0.256756756757,1.72528881811,18.4864864865,15.5454545455,9.77142857143,5.36771015539,0.290358590277,0.142642642643,9.50849154237,1.02869645341,0.544491860281,8.05331334643,0.871264894205,0.461830251304,0.640599570326,0.371299902718,2,1.72528881811,0.640599570326,2,0.344071394247,0.376569037657,810,0.104247104247,0.56957682835,37,37,37,1,0,0.405405405405,0.540540540541,0.0540540540541,37,0.117117117117,2.18481481481,8.43243243243,7.09090909091,4.45714285714,5.03620525429,0.597242289772,0.326923076923,6.00062559301,1.42322530091,0.680526680527,3.83793300225,0.910278981302,0.463617463617,1.318977792,0.603702328937,4.32037037037,2.18481481481,1.318977792,4.32037037037,0,0,0,0,0.160896782956,37,37,37,1,0,0.405405405405,0.540540540541,0.0540540540541,37,202,0.151651651652,7.60896873966,10.9189189189,6.73333333333,5.61111111111,4.66296506991,0.427053731651,0.230398715547,5.82902028453,1.0676918343,0.56114530372,3.4042016081,0.623541878711,0.341717955579,3.51798899208,0.46234767318,10.1176701811,7.60896873966,3.51798899208,10.1176701811,0.133610926955,0.0729765590447,55,0.00707850707851,0.170539933073,37,37,37,1,0,0.189189189189,0.783783783784,0.027027027027,-140,-0.105105105105,5.88367992154,-7.56756756757,-8.81212121212,-4.16031746032,-0.704745085479,0.136695141373,0.0877560729046,-3.67947125784,0.0389953808805,0.0166534434382,-4.64911173833,-0.247723015494,-0.120112295725,2.87738942175,0.091047770462,8.11767018111,5.88367992154,2.87738942175,8.11767018111,-0.210460467293,-0.303592478612,-755,-0.0971685971686,-0.399036895277,-0.216216216216,0.243243243243,-0.027027027027,180,22,162,968,0.526315789474,0.977777777778,0.0222222222222,0.473684210526,0.891089108911,0.526315789474,0.661764705882,0.613941370431,0.504093567251,0.494505494505,46,186,0,0,0,0
1046,WLNM_dir_neg,0.419564400509,0.339479865339,00:00:04,10,30,17,1235778052,threshold_sweep,0.2,0.512195121951,0.112903225806,0.185022026432,21,20,165,352,0.112903225806,0.94623655914,0.0537634408602,0.887096774194,0.512195121951,0.112903225806,0.185022026432,0.668458781362,0.642174432497,0.0734557595993,0.106849005198,0.0591397849462,342,156,186,0,342,0,156,0,186,37,342,0.256756756757,1.72528881811,18.4864864865,15.5454545455,9.77142857143,5.36771015539,0.290358590277,0.142642642643,9.50849154237,1.02869645341,0.544491860281,8.05331334643,0.871264894205,0.461830251304,0.640599570326,0.371299902718,2,1.72528881811,0.640599570326,2,0.344071394247,0.376569037657,810,0.104247104247,0.56957682835,37,37,37,1,0,0.405405405405,0.540540540541,0.0540540540541,37,0.117117117117,2.18481481481,8.43243243243,7.09090909091,4.45714285714,5.03620525429,0.597242289772,0.326923076923,6.00062559301,1.42322530091,0.680526680527,3.83793300225,0.910278981302,0.463617463617,1.318977792,0.603702328937,4.32037037037,2.18481481481,1.318977792,4.32037037037,0,0,0,0,0.160896782956,37,37,37,1,0,0.405405405405,0.540540540541,0.0540540540541,37,197,0.147897897898,5.82225006265,10.6486486486,6.79310344828,5.47222222222,4.70352241656,0.441701343688,0.23789271505,5.84072890264,1.09698969237,0.571820551516,3.51231210691,0.659672832262,0.360543284401,2.84683473774,0.488957826804,8.07059768201,5.82225006265,2.84683473774,8.07059768201,0.118911440274,0.0610583446404,45,0.00579150579151,0.181798395042,37,37,37,1,0,0.216216216216,0.756756756757,0.027027027027,-145,-0.108858858859,4.09696124453,-7.83783783784,-8.75235109718,-4.29920634921,-0.664187738829,0.15134275341,0.0952500724074,-3.66776263974,0.0682932389589,0.0273286912346,-4.54100123953,-0.211592061943,-0.101286966903,2.20623516742,0.117657924087,6.07059768201,4.09696124453,2.20623516742,6.07059768201,-0.225159953974,-0.315510693016,-765,-0.0984555984556,-0.387778433308,-0.189189189189,0.216216216216,-0.027027027027,177,20,165,970,0.517543859649,0.979797979798,0.020202020202,0.482456140351,0.89847715736,0.517543859649,0.656771799629,0.612004482091,0.497341839447,0.488950276243,41,186,0,0,0,0
1047,WLNM_dir_neg,0.419564400509,0.339479865339,00:00:04,10,30,17,1235778052,threshold_sweep,0.3,0.645161290323,0.10752688172,0.184331797235,20,11,166,361,0.10752688172,0.970430107527,0.0295698924731,0.89247311828,0.645161290323,0.10752688172,0.184331797235,0.682795698925,0.648148148148,0.0984719864177,0.160434160295,0.0779569892473,342,156,186,0,342,0,156,0,186,37,342,0.256756756757,1.72528881811,18.4864864865,15.5454545455,9.77142857143,5.36771015539,0.290358590277,0.142642642643,9.50849154237,1.02869645341,0.544491860281,8.05331334643,0.871264894205,0.461830251304,0.640599570326,0.371299902718,2,1.72528881811,0.640599570326,2,0.344071394247,0.376569037657,810,0.104247104247,0.56957682835,37,37,37,1,0,0.405405405405,0.540540540541,0.0540540540541,37,0.117117117117,2.18481481481,8.43243243243,7.09090909091,4.45714285714,5.03620525429,0.597242289772,0.326923076923,6.00062559301,1.42322530091,0.680526680527,3.83793300225,0.910278981302,0.463617463617,1.318977792,0.603702328937,4.32037037037,2.18481481481,1.318977792,4.32037037037,0,0,0,0,0.160896782956,37,37,37,1,0,0.405405405405,0.540540540541,0.0540540540541,37,187,0.14039039039,2.31389478345,10.1081081081,8.5,5.19444444444,4.45834912012,0.441066624183,0.235005058534,6.01824054182,1.19077486656,0.614250614251,3.34120691722,0.661094416776,0.35958953606,1.37339725861,0.593543521696,3.75647331478,2.31389478345,1.37339725861,3.75647331478,0.108221825404,0.0495991983968,33,0.0042471042471,0.190978613668,37,37,37,1,0,0.405405405405,0.567567567568,0.027027027027,-155,-0.116366366366,0.58860596534,-8.37837837838,-7.04545454545,-4.57698412698,-0.909361035273,0.150708033906,0.0923624158918,-3.49025100055,0.162078413149,0.0697587539693,-4.71210642922,-0.210170477429,-0.102240715244,0.732797688279,0.222243618978,1.75647331478,0.58860596534,0.732797688279,1.75647331478,-0.235849568843,-0.32696983926,-777,-0.1,-0.378598214682,0,0.027027027027,-0.027027027027,176,11,166,979,0.514619883041,0.988888888889,0.0111111111111,0.485380116959,0.941176470588,0.514619883041,0.665406427221,0.633160983152,0.50350877193,0.498583569405,31,186,0,0,0,0
1048,WLNM_dir_neg,0.419564400509,0.339479865339,00:00:04,10,30,17,1235778052,threshold_sweep,0.4,0.645161290323,0.10752688172,0.184331797235,20,11,166,361,0.10752688172,0.970430107527,0.0295698924731,0.89247311828,0.645161290323,0.10752688172,0.184331797235,0.682795698925,0.648148148148,0.0984719864177,0.160434160295,0.0779569892473,342,156,186,0,342,0,156,0,186,37,342,0.256756756757,1.72528881811,18.4864864865,15.5454545455,9.77142857143,5.36771015539,0.290358590277,0.142642642643,9.50849154237,1.02869645341,0.544491860281,8.05331334643,0.871264894205,0.461830251304,0.640599570326,0.371299902718,2,1.72528881811,0.640599570326,2,0.344071394247,0.376569037657,810,0.104247104247,0.56957682835,37,37,37,1,0,0.405405405405,0.540540540541,0.0540540540541,37,0.117117117117,2.18481481481,8.43243243243,7.09090909091,4.45714285714,5.03620525429,0.597242289772,0.326923076923,6.00062559301,1.42322530091,0.680526680527,3.83793300225,0.910278981302,0.463617463617,1.318977792,0.603702328937,4.32037037037,2.18481481481,1.318977792,4.32037037037,0,0,0,0,0.160896782956,37,37,37,1,0,0.405405405405,0.540540540541,0.0540540540541,37,187,0.14039039039,2.31389478345,10.1081081081,8.5,5.19444444444,4.45834912012,0.441066624183,0.235005058534,6.01824054182,1.19077486656,0.614250614251,3.34120691722,0.661094416776,0.35958953606,1.37339725861,0.593543521696,3.75647331478,2.31389478345,1.37339725861,3.75647331478,0.108221825404,0.0495991983968,33,0.0042471042471,0.190978613668,37,37,37,1,0,0.405405405405,0.567567567568,0.027027027027,-155,-0.116366366366,0.58860596534,-8.37837837838,-7.04545454545,-4.57698412698,-0.909361035273,0.150708033906,0.0923624158918,-3.49025100055,0.162078413149,0.0697587539693,-4.71210642922,-0.210170477429,-0.102240715244,0.732797688279,0.222243618978,1.75647331478,0.58860596534,0.732797688279,1.75647331478,-0.235849568843,-0.32696983926,-777,-0.1,-0.378598214682,0,0.027027027027,-0.027027027027,176,11,166,979,0.514619883041,0.988888888889,0.0111111111111,0.485380116959,0.941176470588,0.514619883041,0.665406427221,0.633160983152,0.50350877193,0.498583569405,31,186,0,0,0,0
1049,WLNM_dir_neg,0.419564400509,0.339479865339,00:00:04,10,30,17,1235778052,threshold_sweep,0.5,0.620689655172,0.0967741935484,0.167441860465,18,11,168,361,0.0967741935484,0.970430107527,0.0295698924731,0.903225806452,0.620689655172,0.0967741935484,0.167441860465,0.679211469534,0.649342891278,0.0851788756388,0.142724383543,0.0672043010753,342,156,186,0,342,0,156,0,186,37,342,0.256756756757,1.72528881811,18.4864864865,15.5454545455,9.77142857143,5.36771015539,0.290358590277,0.142642642643,9.50849154237,1.02869645341,0.544491860281,8.05331334643,0.871264894205,0.461830251304,0.640599570326,0.371299902718,2,1.72528881811,0.640599570326,2,0.344071394247,0.376569037657,810,0.104247104247,0.56957682835,37,37,37,1,0,0.405405405405,0.540540540541,0.0540540540541,37,0.117117117117,2.18481481481,8.43243243243,7.09090909091,4.45714285714,5.03620525429,0.597242289772,0.326923076923,6.00062559301,1.42322530091,0.680526680527,3.83793300225,0.910278981302,0.463617463617,1.318977792,0.603702328937,4.32037037037,2.18481481481,1.318977792,4.32037037037,0,0,0,0,0.160896782956,37,37,37,1,0,0.405405405405,0.540540540541,0.0540540540541,37,185,0.138888888889,2.29852952055,10,8.40909090909,5.13888888889,4.51540572805,0.451540572805,0.242512783053,6.02310366653,1.20462073331,0.617677136596,3.35824027993,0.671648055987,0.36376917458,1.35034604787,0.587482577792,3.70360108242,2.29852952055,1.35034604787,3.70360108242,0.098490973878,0.0395939086294,26,0.0033462033462,0.189303701278,37,37,37,1,0,0.405405405405,0.567567567568,0.027027027027,-157,-0.117867867868,0.573240702438,-8.48648648649,-7.13636363636,-4.63253968254,-0.852304427345,0.161181982528,0.0998701404107,-3.48538787584,0.175924279891,0.0731852763147,-4.6950730665,-0.199616838218,-0.098061076724,0.70974647754,0.216182675075,1.70360108242,0.573240702438,0.70974647754,1.70360108242,-0.245580420369,-0.336975129027,-784,-0.100900900901,-0.380273127071,0,0.027027027027,-0.027027027027,174,11,168,979,0.508771929825,0.988888888889,0.0111111111111,0.491228070175,0.940540540541,0.508771929825,0.660341555977,0.628632061107,0.497660818713,0.492917847025,29,186,0,0,0,0
1050,WLNM_dir_neg,0.419564400509,0.339479865339,00:00:04,10,30,17,1235778052,threshold_sweep,0.6,0.607142857143,0.0913978494624,0.158878504673,17,11,169,361,0.0913978494624,0.970430107527,0.0295698924731,0.908602150538,0.607142857143,0.0913978494624,0.158878504673,0.677419354839,0.649940262843,0.0784982935154,0.133504494811,0.0618279569892,342,156,186,0,342,0,156,0,186,37,342,0.256756756757,1.72528881811,18.4864864865,15.5454545455,9.77142857143,5.36771015539,0.290358590277,0.142642642643,9.50849154237,1.02869645341,0.544491860281,8.05331334643,0.871264894205,0.461830251304,0.640599570326,0.371299902718,2,1.72528881811,0.640599570326,2,0.344071394247,0.376569037657,810,0.104247104247,0.56957682835,37,37,37,1,0,0.405405405405,0.540540540541,0.0540540540541,37,0.117117117117,2.18481481481,8.43243243243,7.09090909091,4.45714285714,5.03620525429,0.597242289772,0.326923076923,6.00062559301,1.42322530091,0.680526680527,3.83793300225,0.910278981302,0.463617463617,1.318977792,0.603702328937,4.32037037037,2.18481481481,1.318977792,4.32037037037,0,0,0,0,0.160896782956,37,37,37,1,0,0.405405405405,0.540540540541,0.0540540540541,37,184,0.138138138138,2.31106523122,9.94594594595,8.36363636364,5.11111111111,4.49039682697,0.451480115755,0.24294947121,6.02534686178,1.21161866242,0.619271445358,3.37874472488,0.67942149359,0.367508813161,1.36921807671,0.592461890825,3.7465172801,2.31106523122,1.36921807671,3.7465172801,0.102995478382,0.0400410677618,26,0.0033462033462,0.188527385242,37,37,37,1,0,0.405405405405,0.567567567568,0.027027027027,-158,-0.118618618619,0.585776413107,-8.54054054054,-7.18181818182,-4.66031746032,-0.877313328423,0.161121525478,0.100306828568,-3.48314468059,0.182922209009,0.0747795850771,-4.67456862155,-0.191843400615,-0.0943214381429,0.728618506385,0.221161988108,1.7465172801,0.585776413107,0.728618506385,1.7465172801,-0.241075915865,-0.336527969895,-784,-0.100900900901,-0.381049443107,0,0.027027027027,-0.027027027027,173,11,169,979,0.505847953216,0.988888888889,0.0111111111111,0.494152046784,0.940217391304,0.505847953216,0.657794676806,0.6263614884,0.494736842105,0.490084985836,28,186,0,0,0,0
1051,WLNM_dir_neg,0.419564400509,0.339479865339,00:00:04,10,30,17,1235778052,threshold_sweep,0.7,0.62962962963,0.0913978494624,0.159624413146,17,10,169,362,0.0913978494624,0.97311827957,0.0268817204301,0.908602150538,0.62962962963,0.0913978494624,0.159624413146,0.679211469534,0.650537634409,0.0820512820513,0.141731734254,0.0645161290323,342,156,186,0,342,0,156,0,186,37,342,0.256756756757,1.72528881811,18.4864864865,15.5454545455,9.77142857143,5.36771015539,0.290358590277,0.142642642643,9.50849154237,1.02869645341,0.544491860281,8.05331334643,0.871264894205,0.461830251304,0.640599570326,0.371299902718,2,1.72528881811,0.640599570326,2,0.344071394247,0.376569037657,810,0.104247104247,0.56957682835,37,37,37,1,0,0.405405405405,0.540540540541,0.0540540540541,37,0.117117117117,2.18481481481,8.43243243243,7.09090909091,4.45714285714,5.03620525429,0.597242289772,0.326923076923,6.00062559301,1.42322530091,0.680526680527,3.83793300225,0.910278981302,0.463617463617,1.318977792,0.603702328937,4.32037037037,2.18481481481,1.318977792,4.32037037037,0,0,0,0,0.160896782956,37,37,37,1,0,0.405405405405,0.540540540541,0.0540540540541,37,183,0.137387387387,2.32816270612,9.89189189189,8.31818181818,5.08333333333,4.46457528018,0.451336845265,0.24368630926,6.03667470065,1.22052985751,0.622360064983,3.38251998389,0.683897483082,0.368926303353,1.39345346284,0.598520652867,3.80505074755,2.32816270612,1.39345346284,3.80505074755,0.10258575692,0.0389408099688,25,0.0032175032175,0.185981518411,37,37,37,1,0,0.405405405405,0.567567567568,0.027027027027,-159,-0.119369369369,0.602873888002,-8.59459459459,-7.22727272727,-4.6880952381,-0.903134875209,0.160978254987,0.101043666617,-3.47181684173,0.191833404093,0.0778682047017,-4.67079336254,-0.187367411123,-0.0929039479514,0.752853892519,0.227220750149,1.80505074755,0.602873888002,0.752853892519,1.80505074755,-0.241485637327,-0.337628227688,-785,-0.10102960103,-0.383595309939,0,0.027027027027,-0.027027027027,173,10,169,980,0.505847953216,0.989898989899,0.010101010101,0.494152046784,0.945355191257,0.505847953216,0.659047619048,0.629078925109,0.495746943115,0.491477272727,27,186,0,0,0,0
1052,WLNM_dir_neg,0.419564400509,0.339479865339,00:00:04,10,30,17,1235778052,threshold_sweep,0.8,0.68,0.0913978494624,0.161137440758,17,8,169,364,0.0913978494624,0.978494623656,0.0215053763441,0.908602150538,0.68,0.0913978494624,0.161137440758,0.682795698925,0.651732377539,0.0891938250429,0.159266611876,0.0698924731183,342,156,186,0,342,0,156,0,186,37,342,0.256756756757,1.72528881811,18.4864864865,15.5454545455,9.77142857143,5.36771015539,0.290358590277,0.142642642643,9.50849154237,1.02869645341,0.544491860281,8.05331334643,0.871264894205,0.461830251304,0.640599570326,0.371299902718,2,1.72528881811,0.640599570326,2,0.344071394247,0.376569037657,810,0.104247104247,0.56957682835,37,37,37,1,0,0.405405405405,0.540540540541,0.0540540540541,37,0.117117117117,2.18481481481,8.43243243243,7.09090909091,4.45714285714,5.03620525429,0.597242289772,0.326923076923,6.00062559301,1.42322530091,0.680526680527,3.83793300225,0.910278981302,0.463617463617,1.318977792,0.603702328937,4.32037037037,2.18481481481,1.318977792,4.32037037037,0,0,0,0,0.160896782956,37,37,37,1,0,0.405405405405,0.540540540541,0.0540540540541,37,181,0.135885885886,2.38475863323,9.78378378378,8.22727272727,5.02777777778,4.60757308458,0.470939790413,0.255487531731,6.06805745864,1.24043163519,0.630730177692,3.41389142397,0.697867307662,0.374794684187,1.47589990307,0.618888587929,3.93294595165,2.38475863323,1.47589990307,3.93294595165,0.101508208784,0.0376569037657,24,0.0030888030888,0.182157564587,37,37,37,1,0,0.405405405405,0.567567567568,0.027027027027,-161,-0.120870870871,0.659469815115,-8.7027027027,-7.31818181818,-4.74365079365,-0.760137070815,0.180581200136,0.112844889088,-3.44043408374,0.211735181776,0.0862383174102,-4.63942192246,-0.173397586543,-0.087035567117,0.835300332746,0.247588685211,1.93294595165,0.659469815115,0.835300332746,1.93294595165,-0.242563185464,-0.338912133891,-786,-0.101158301158,-0.387419263763,0,0.027027027027,-0.027027027027,173,8,169,982,0.505847953216,0.991919191919,0.00808080808081,0.494152046784,0.955801104972,0.505847953216,0.661567877629,0.634570573378,0.497767145136,0.494285714286,25,186,0,0,0,0
1053,WLNM_dir_neg,0.419564400509,0.339479865339,00:00:04,10,30,17,1235778052,threshold_sweep,0.9,0.68,0.0913978494624,0.161137440758,17,8,169,364,0.0913978494624,0.978494623656,0.0215053763441,0.908602150538,0.68,0.0913978494624,0.161137440758,0.682795698925,0.651732377539,0.0891938250429,0.159266611876,0.0698924731183,342,156,186,0,342,0,156,0,186,37,342,0.256756756757,1.72528881811,18.4864864865,15.5454545455,9.77142857143,5.36771015539,0.290358590277,0.142642642643,9.50849154237,1.02869645341,0.544491860281,8.05331334643,0.871264894205,0.461830251304,0.640599570326,0.371299902718,2,1.72528881811,0.640599570326,2,0.344071394247,0.376569037657,810,0.104247104247,0.56957682835,37,37,37,1,0,0.405405405405,0.540540540541,0.0540540540541,37,0.117117117117,2.18481481481,8.43243243243,7.09090909091,4.45714285714,5.03620525429,0.597242289772,0.326923076923,6.00062559301,1.42322530091,0.680526680527,3.83793300225,0.910278981302,0.463617463617,1.318977792,0.603702328937,4.32037037037,2.18481481481,1.318977792,4.32037037037,0,0,0,0,0.160896782956,37,37,37,1,0,0.405405405405,0.540540540541,0.0540540540541,37,181,0.135885885886,2.38475863323,9.78378378378,8.22727272727,5.02777777778,4.60757308458,0.470939790413,0.255487531731,6.06805745864,1.24043163519,0.630730177692,3.41389142397,0.697867307662,0.374794684187,1.47589990307,0.618888587929,3.93294595165,2.38475863323,1.47589990307,3.93294595165,0.101508208784,0.0376569037657,24,0.0030888030888,0.182157564587,37,37,37,1,0,0.405405405405,0.567567567568,0.027027027027,-161,-0.120870870871,0.659469815115,-8.7027027027,-7.31818181818,-4.74365079365,-0.760137070815,0.180581200136,0.112844889088,-3.44043408374,0.211735181776,0.0862383174102,-4.63942192246,-0.173397586543,-0.087035567117,0.835300332746,0.247588685211,1.93294595165,0.659469815115,0.835300332746,1.93294595165,-0.242563185464,-0.338912133891,-786,-0.101158301158,-0.387419263763,0,0.027027027027,-0.027027027027,173,8,169,982,0.505847953216,0.991919191919,0.00808080808081,0.494152046784,0.955801104972,0.505847953216,0.661567877629,0.634570573378,0.497767145136,0.494285714286,25,186,0,0,0,0
1054,WLNM_dir_neg,0.542642212973,0.362531757923,00:00:05,10,30,18,1235778053,threshold_sweep,0.1,0.432432432432,0.0860215053763,0.143497757848,16,21,170,351,0.0860215053763,0.943548387097,0.0564516129032,0.913978494624,0.432432432432,0.0860215053763,0.143497757848,0.65770609319,0.644563918757,0.036974789916,0.0560219167274,0.0295698924731,342,156,186,0,342,0,156,0,186,37,342,0.256756756757,1.72528881811,18.4864864865,15.5454545455,9.77142857143,5.36771015539,0.290358590277,0.142642642643,9.50849154237,1.02869645341,0.544491860281,8.05331334643,0.871264894205,0.461830251304,0.640599570326,0.371299902718,2,1.72528881811,0.640599570326,2,0.344071394247,0.376569037657,810,0.104247104247,0.56957682835,37,37,37,1,0,0.405405405405,0.540540540541,0.0540540540541,37,0.117117117117,2.22747747748,8.43243243243,7.09090909091,4.45714285714,5.03620525429,0.597242289772,0.326923076923,6.00525295579,1.42432281644,0.680873180873,3.83793300225,0.910278981302,0.463617463617,1.42084529335,0.637871901162,5.2,2.22747747748,1.42084529335,5.2,0,0,0,0,0.160752482811,37,37,37,1,0,0.405405405405,0.540540540541,0.0540540540541,37,193,0.144894894895,6.43450912557,10.4324324324,6.65517241379,5.21621621622,4.48788827191,0.430186181504,0.2337207674,5.70640544152,1.09397410019,0.571908696261,3.58341189941,0.686975338229,0.363534518975,3.19417455682,0.49641308987,8.72621112396,6.43450912557,3.19417455682,8.72621112396,0.13805731267,0.0679886685552,48,0.00617760617761,0.166644111828,37,37,37,1,0,0.216216216216,0.783783783784,0,-149,-0.111861861862,4.70922030745,-8.05405405405,-8.89028213166,-4.55521235521,-0.879821883484,0.139827591227,0.0910781247569,-3.80208610085,0.0652776467739,0.0274168359797,-4.46990144702,-0.184289555976,-0.098295732329,2.55357498649,0.125113187152,6.72621112396,4.70922030745,2.55357498649,6.72621112396,-0.206014081577,-0.308580369102,-762,-0.0980694980695,-0.402932716521,-0.189189189189,0.243243243243,-0.0540540540541,172,21,170,969,0.502923976608,0.978787878788,0.0212121212121,0.497076023392,0.891191709845,0.502923976608,0.642990654206,0.597829674918,0.481711855396,0.473829201102,37,186,0,0,0,0
1055,WLNM_dir_neg,0.542642212973,0.362531757923,00:00:05,10,30,18,1235778053,threshold_sweep,0.2,0.428571428571,0.0806451612903,0.135746606335,15,20,171,352,0.0806451612903,0.94623655914,0.0537634408602,0.91935483871,0.428571428571,0.0806451612903,0.135746606335,0.65770609319,0.645758661888,0.0337268128162,0.0522636979871,0.0268817204301,342,156,186,0,342,0,156,0,186,37,342,0.256756756757,1.72528881811,18.4864864865,15.5454545455,9.77142857143,5.36771015539,0.290358590277,0.142642642643,9.50849154237,1.02869645341,0.544491860281,8.05331334643,0.871264894205,0.461830251304,0.640599570326,0.371299902718,2,1.72528881811,0.640599570326,2,0.344071394247,0.376569037657,810,0.104247104247,0.56957682835,37,37,37,1,0,0.405405405405,0.540540540541,0.0540540540541,37,0.117117117117,2.22747747748,8.43243243243,7.09090909091,4.45714285714,5.03620525429,0.597242289772,0.326923076923,6.00525295579,1.42432281644,0.680873180873,3.83793300225,0.910278981302,0.463617463617,1.42084529335,0.637871901162,5.2,2.22747747748,1.42084529335,5.2,0,0,0,0,0.160752482811,37,37,37,1,0,0.405405405405,0.540540540541,0.0540540540541,37,191,0.143393393393,6.4080540841,10.3243243243,6.58620689655,5.16216216216,4.56468359652,0.442129039453,0.240979199094,5.72282716415,1.10861049777,0.57733125796,3.5630317421,0.690220808679,0.366209141078,3.1768490243,0.495758772102,8.70269291806,6.4080540841,3.1768490243,8.70269291806,0.138106763029,0.0630372492837,44,0.00566280566281,0.165783819958,37,37,37,1,0,0.216216216216,0.783783783784,0,-151,-0.113363363363,4.68276526598,-8.16216216216,-8.9592476489,-4.60926640927,-0.803026558874,0.151770449176,0.0983365564517,-3.78566437822,0.0799140443528,0.0328393976782,-4.49028160434,-0.181044085526,-0.0956211102257,2.53624945397,0.124458869384,6.70269291806,4.68276526598,2.53624945397,6.70269291806,-0.205964631218,-0.313531788373,-766,-0.0985842985843,-0.403793008392,-0.189189189189,0.243243243243,-0.0540540540541,171,20,171,970,0.5,0.979797979798,0.020202020202,0.5,0.895287958115,0.5,0.641651031895,0.59803907285,0.479797979798,0.472375690608,35,186,0,0,0,0
1056,WLNM_dir_neg,0.542642212973,0.362531757923,00:00:05,10,30,18,1235778053,threshold_sweep,0.3,0.555555555556,0.0806451612903,0.140845070423,15,12,171,360,0.0806451612903,0.967741935484,0.0322580645161,0.91935483871,0.555555555556,0.0806451612903,0.140845070423,0.672043010753,0.650537634409,0.0615384615385,0.106298800691,0.0483870967742,342,156,186,0,342,0,156,0,186,37,342,0.256756756757,1.72528881811,18.4864864865,15.5454545455,9.77142857143,5.36771015539,0.290358590277,0.142642642643,9.50849154237,1.02869645341,0.544491860281,8.05331334643,0.871264894205,0.461830251304,0.640599570326,0.371299902718,2,1.72528881811,0.640599570326,2,0.344071394247,0.376569037657,810,0.104247104247,0.56957682835,37,37,37,1,0,0.405405405405,0.540540540541,0.0540540540541,37,0.117117117117,2.22747747748,8.43243243243,7.09090909091,4.45714285714,5.03620525429,0.597242289772,0.326923076923,6.00525295579,1.42432281644,0.680873180873,3.83793300225,0.910278981302,0.463617463617,1.42084529335,0.637871901162,5.2,2.22747747748,1.42084529335,5.2,0,0,0,0,0.160752482811,37,37,37,1,0,0.405405405405,0.540540540541,0.0540540540541,37,183,0.137387387387,2.56733112817,9.89189189189,7.95652173913,4.94594594595,4.54473922845,0.459440850964,0.242947865899,5.87341442408,1.18752094913,0.614975631369,3.61283165295,0.730463230378,0.38369517058,1.5648775913,0.609534771003,4.35609683263,2.56733112817,1.5648775913,4.35609683263,0.115856839309,0.0402476780186,26,0.0033462033462,0.188766738119,37,37,37,1,0,0.378378378378,0.621621621622,0,-159,-0.119369369369,0.842042310055,-8.59459459459,-7.58893280632,-4.82548262548,-0.822970926939,0.169082260687,0.100305223256,-3.63507711829,0.158824495716,0.0704837710877,-4.44048169348,-0.140801663827,-0.0781350807235,0.924278020972,0.238234868285,2.35609683263,0.842042310055,0.924278020972,2.35609683263,-0.228214554939,-0.336321359638,-784,-0.100900900901,-0.380810090231,-0.027027027027,0.0810810810811,-0.0540540540541,171,12,171,978,0.5,0.987878787879,0.0121212121212,0.5,0.934426229508,0.5,0.651428571429,0.619094616164,0.487878787879,0.483050847458,27,186,0,0,0,0
1057,WLNM_dir_neg,0.542642212973,0.362531757923,00:00:05,10,30,18,1235778053,threshold_sweep,0.4,0.576923076923,0.0806451612903,0.141509433962,15,11,171,361,0.0806451612903,0.970430107527,0.0295698924731,0.91935483871,0.576923076923,0.0806451612903,0.141509433962,0.673835125448,0.651135005974,0.0650684931507,0.114234191683,0.0510752688172,342,156,186,0,342,0,156,0,186,37,342,0.256756756757,1.72528881811,18.4864864865,15.5454545455,9.77142857143,5.36771015539,0.290358590277,0.142642642643,9.50849154237,1.02869645341,0.544491860281,8.05331334643,0.871264894205,0.461830251304,0.640599570326,0.371299902718,2,1.72528881811,0.640599570326,2,0.344071394247,0.376569037657,810,0.104247104247,0.56957682835,37,37,37,1,0,0.405405405405,0.540540540541,0.0540540540541,37,0.117117117117,2.22747747748,8.43243243243,7.09090909091,4.45714285714,5.03620525429,0.597242289772,0.326923076923,6.00525295579,1.42432281644,0.680873180873,3.83793300225,0.910278981302,0.463617463617,1.42084529335,0.637871901162,5.2,2.22747747748,1.42084529335,5.2,0,0,0,0,0.160752482811,37,37,37,1,0,0.405405405405,0.540540540541,0.0540540540541,37,182,0.136636636637,2.53196123384,9.83783783784,7.91304347826,4.91891891892,4.60985365828,0.468584025704,0.248589248589,5.88962542847,1.19734143326,0.618948618949,3.63912671437,0.73982246391,0.389367389367,1.53276374946,0.605366199517,4.28721861735,2.53196123384,1.53276374946,4.28721861735,0.13747846093,0.0403935784568,26,0.0033462033462,0.188351090964,37,37,37,1,0,0.378378378378,0.621621621622,0,-160,-0.12012012012,0.806672415726,-8.64864864865,-7.63241106719,-4.85250965251,-0.757856497114,0.178225435427,0.105946605947,-3.6188661139,0.168644979846,0.0744567586673,-4.41418663206,-0.131442430294,-0.0724628619365,0.892164179129,0.2340662968,2.28721861735,0.806672415726,0.892164179129,2.28721861735,-0.206592933317,-0.3361754592,-784,-0.100900900901,-0.381225737386,-0.027027027027,0.0810810810811,-0.0540540540541,171,11,171,979,0.5,0.988888888889,0.0111111111111,0.5,0.93956043956,0.5,0.652671755725,0.621807853896,0.488888888889,0.484419263456,26,186,0,0,0,0
1058,WLNM_dir_neg,0.542642212973,0.362531757923,00:00:05,10,30,18,1235778053,threshold_sweep,0.5,0.576923076923,0.0806451612903,0.141509433962,15,11,171,361,0.0806451612903,0.970430107527,0.0295698924731,0.91935483871,0.576923076923,0.0806451612903,0.141509433962,0.673835125448,0.651135005974,0.0650684931507,0.114234191683,0.0510752688172,342,156,186,0,342,0,156,0,186,37,342,0.256756756757,1.72528881811,18.4864864865,15.5454545455,9.77142857143,5.36771015539,0.290358590277,0.142642642643,9.50849154237,1.02869645341,0.544491860281,8.05331334643,0.871264894205,0.461830251304,0.640599570326,0.371299902718,2,1.72528881811,0.640599570326,2,0.344071394247,0.376569037657,810,0.104247104247,0.56957682835,37,37,37,1,0,0.405405405405,0.540540540541,0.0540540540541,37,0.117117117117,2.22747747748,8.43243243243,7.09090909091,4.45714285714,5.03620525429,0.597242289772,0.326923076923,6.00525295579,1.42432281644,0.680873180873,3.83793300225,0.910278981302,0.463617463617,1.42084529335,0.637871901162,5.2,2.22747747748,1.42084529335,5.2,0,0,0,0,0.160752482811,37,37,37,1,0,0.405405405405,0.540540540541,0.0540540540541,37,182,0.136636636637,2.53196123384,9.83783783784,7.91304347826,4.91891891892,4.60985365828,0.468584025704,0.248589248589,5.88962542847,1.19734143326,0.618948618949,3.63912671437,0.73982246391,0.389367389367,1.53276374946,0.605366199517,4.28721861735,2.53196123384,1.53276374946,4.28721861735,0.13747846093,0.0403935784568,26,0.0033462033462,0.188351090964,37,37,37,1,0,0.378378378378,0.621621621622,0,-160,-0.12012012012,0.806672415726,-8.64864864865,-7.63241106719,-4.85250965251,-0.757856497114,0.178225435427,0.105946605947,-3.6188661139,0.168644979846,0.0744567586673,-4.41418663206,-0.131442430294,-0.0724628619365,0.892164179129,0.2340662968,2.28721861735,0.806672415726,0.892164179129,2.28721861735,-0.206592933317,-0.3361754592,-784,-0.100900900901,-0.381225737386,-0.027027027027,0.0810810810811,-0.0540540540541,171,11,171,979,0.5,0.988888888889,0.0111111111111,0.5,0.93956043956,0.5,0.652671755725,0.621807853896,0.488888888889,0.484419263456,26,186,0,0,0,0
1059,WLNM_dir_neg,0.542642212973,0.362531757923,00:00:05,10,30,18,1235778053,threshold_sweep,0.6,0.576923076923,0.0806451612903,0.141509433962,15,11,171,361,0.0806451612903,0.970430107527,0.0295698924731,0.91935483871,0.576923076923,0.0806451612903,0.141509433962,0.673835125448,0.651135005974,0.0650684931507,0.114234191683,0.0510752688172,342,156,186,0,342,0,156,0,186,37,342,0.256756756757,1.72528881811,18.4864864865,15.5454545455,9.77142857143,5.36771015539,0.290358590277,0.142642642643,9.50849154237,1.02869645341,0.544491860281,8.05331334643,0.871264894205,0.461830251304,0.640599570326,0.371299902718,2,1.72528881811,0.640599570326,2,0.344071394247,0.376569037657,810,0.104247104247,0.56957682835,37,37,37,1,0,0.405405405405,0.540540540541,0.0540540540541,37,0.117117117117,2.22747747748,8.43243243243,7.09090909091,4.45714285714,5.03620525429,0.597242289772,0.326923076923,6.00525295579,1.42432281644,0.680873180873,3.83793300225,0.910278981302,0.463617463617,1.42084529335,0.637871901162,5.2,2.22747747748,1.42084529335,5.2,0,0,0,0,0.160752482811,37,37,37,1,0,0.405405405405,0.540540540541,0.0540540540541,37,182,0.136636636637,2.53196123384,9.83783783784,7.91304347826,4.91891891892,4.60985365828,0.468584025704,0.248589248589,5.88962542847,1.19734143326,0.618948618949,3.63912671437,0.73982246391,0.389367389367,1.53276374946,0.605366199517,4.28721861735,2.53196123384,1.53276374946,4.28721861735,0.13747846093,0.0403935784568,26,0.0033462033462,0.188351090964,37,37,37,1,0,0.378378378378,0.621621621622,0,-160,-0.12012012012,0.806672415726,-8.64864864865,-7.63241106719,-4.85250965251,-0.757856497114,0.178225435427,0.105946605947,-3.6188661139,0.168644979846,0.0744567586673,-4.41418663206,-0.131442430294,-0.0724628619365,0.892164179129,0.2340662968,2.28721861735,0.806672415726,0.892164179129,2.28721861735,-0.206592933317,-0.3361754592,-784,-0.100900900901,-0.381225737386,-0.027027027027,0.0810810810811,-0.0540540540541,171,11,171,979,0.5,0.988888888889,0.0111111111111,0.5,0.93956043956,0.5,0.652671755725,0.621807853896,0.488888888889,0.484419263456,26,186,0,0,0,0
1060,WLNM_dir_neg,0.542642212973,0.362531757923,00:00:05,10,30,18,1235778053,threshold_sweep,0.7,0.56,0.0752688172043,0.132701421801,14,11,172,361,0.0752688172043,0.970430107527,0.0295698924731,0.924731182796,0.56,0.0752688172043,0.132701421801,0.672043010753,0.651732377539,0.0583190394511,0.104135861611,0.0456989247312,342,156,186,0,342,0,156,0,186,37,342,0.256756756757,1.72528881811,18.4864864865,15.5454545455,9.77142857143,5.36771015539,0.290358590277,0.142642642643,9.50849154237,1.02869645341,0.544491860281,8.05331334643,0.871264894205,0.461830251304,0.640599570326,0.371299902718,2,1.72528881811,0.640599570326,2,0.344071394247,0.376569037657,810,0.104247104247,0.56957682835,37,37,37,1,0,0.405405405405,0.540540540541,0.0540540540541,37,0.117117117117,2.22747747748,8.43243243243,7.09090909091,4.45714285714,5.03620525429,0.597242289772,0.326923076923,6.00525295579,1.42432281644,0.680873180873,3.83793300225,0.910278981302,0.463617463617,1.42084529335,0.637871901162,5.2,2.22747747748,1.42084529335,5.2,0,0,0,0,0.160752482811,37,37,37,1,0,0.405405405405,0.540540540541,0.0540540540541,37,181,0.135885885886,2.54022133837,9.78378378378,7.86956521739,4.89189189189,4.57125763837,0.467227990663,0.248917425713,5.88682041977,1.20338317973,0.620576377482,3.6498385336,0.746099589741,0.391219949231,1.54320813626,0.607509319345,4.30100319901,2.54022133837,1.54320813626,4.30100319901,0.13243082353,0.0377358490566,24,0.0030888030888,0.187727490054,37,37,37,1,0,0.378378378378,0.621621621622,0,-161,-0.120870870871,0.814932520256,-8.7027027027,-7.67588932806,-4.87953667954,-0.796452517019,0.176869400385,0.10627478307,-3.6216711226,0.174686726318,0.0760845172011,-4.40347481284,-0.125165304464,-0.0706103020729,0.902608565934,0.236209416628,2.30100319901,0.814932520256,0.902608565934,2.30100319901,-0.211640570718,-0.3388331886,-786,-0.101158301158,-0.381849338296,-0.027027027027,0.0810810810811,-0.0540540540541,170,11,172,979,0.497076023392,0.988888888889,0.0111111111111,0.502923976608,0.939226519337,0.497076023392,0.650095602294,0.619524683462,0.485964912281,0.481586402266,25,186,0,0,0,0
1061,WLNM_dir_neg,0.542642212973,0.362531757923,00:00:05,10,30,18,1235778053,threshold_sweep,0.8,0.571428571429,0.0645161290323,0.115942028986,12,9,174,363,0.0645161290323,0.975806451613,0.0241935483871,0.935483870968,0.571428571429,0.0645161290323,0.115942028986,0.672043010753,0.654121863799,0.0518134715026,0.0998802155689,0.0403225806452,342,156,186,0,342,0,156,0,186,37,342,0.256756756757,1.72528881811,18.4864864865,15.5454545455,9.77142857143,5.36771015539,0.290358590277,0.142642642643,9.50849154237,1.02869645341,0.544491860281,8.05331334643,0.871264894205,0.461830251304,0.640599570326,0.371299902718,2,1.72528881811,0.640599570326,2,0.344071394247,0.376569037657,810,0.104247104247,0.56957682835,37,37,37,1,0,0.405405405405,0.540540540541,0.0540540540541,37,0.117117117117,2.22747747748,8.43243243243,7.09090909091,4.45714285714,5.03620525429,0.597242289772,0.326923076923,6.00525295579,1.42432281644,0.680873180873,3.83793300225,0.910278981302,0.463617463617,1.42084529335,0.637871901162,5.2,2.22747747748,1.42084529335,5.2,0,0,0,0,0.160752482811,37,37,37,1,0,0.405405405405,0.540540540541,0.0540540540541,37,177,0.132882882883,2.58327374994,9.56756756757,7.69565217391,4.78378378378,4.71722929825,0.493043740212,0.265384028096,5.92609640646,1.23878851434,0.631546801038,3.71285406194,0.776133334982,0.404947320202,1.59429600779,0.617161076261,4.43790784832,2.58327374994,1.59429600779,4.43790784832,0.124151287309,0.0273899033298,17,0.0021879021879,0.191976225121,37,37,37,1,0,0.378378378378,0.621621621622,0,-165,-0.123873873874,0.857984931825,-8.91891891892,-7.84980237154,-4.98764478764,-0.650480857145,0.202685149935,0.122741385453,-3.58239513592,0.210092060929,0.087054940757,-4.34045928449,-0.0951315592225,-0.0568829311024,0.953696437465,0.245861173544,2.43790784832,0.857984931825,0.953696437465,2.43790784832,-0.219920106938,-0.349179134327,-793,-0.102059202059,-0.377600603229,-0.027027027027,0.0810810810811,-0.0540540540541,168,9,174,981,0.491228070175,0.990909090909,0.00909090909091,0.508771929825,0.949152542373,0.491228070175,0.647398843931,0.62047406229,0.482137161085,0.478632478632,21,186,0,0,0,0
1062,WLNM_dir_neg,0.542642212973,0.362531757923,00:00:05,10,30,18,1235778053,threshold_sweep,0.9,0.526315789474,0.0537634408602,0.0975609756098,10,9,176,363,0.0537634408602,0.975806451613,0.0241935483871,0.94623655914,0.526315789474,0.0537634408602,0.0975609756098,0.668458781362,0.65531660693,0.0381282495667,0.0768610838356,0.0295698924731,342,156,186,0,342,0,156,0,186,37,342,0.256756756757,1.72528881811,18.4864864865,15.5454545455,9.77142857143,5.36771015539,0.290358590277,0.142642642643,9.50849154237,1.02869645341,0.544491860281,8.05331334643,0.871264894205,0.461830251304,0.640599570326,0.371299902718,2,1.72528881811,0.640599570326,2,0.344071394247,0.376569037657,810,0.104247104247,0.56957682835,37,37,37,1,0,0.405405405405,0.540540540541,0.0540540540541,37,0.117117117117,2.22747747748,8.43243243243,7.09090909091,4.45714285714,5.03620525429,0.597242289772,0.326923076923,6.00525295579,1.42432281644,0.680873180873,3.83793300225,0.910278981302,0.463617463617,1.42084529335,0.637871901162,5.2,2.22747747748,1.42084529335,5.2,0,0,0,0,0.160752482811,37,37,37,1,0,0.405405405405,0.540540540541,0.0540540540541,37,175,0.131381381381,2.59104662371,9.45945945946,7.60869565217,4.72972972973,4.67614866812,0.494335716344,0.266718146718,5.91442985253,1.25047945453,0.63444015444,3.67913522938,0.77787430564,0.403088803089,1.60406855171,0.61908131526,4.40280426151,2.59104662371,1.60406855171,4.40280426151,0.0884106795872,0.0181119648738,11,0.0014157014157,0.186876812018,37,37,37,1,0,0.378378378378,0.621621621622,0,-167,-0.125375375375,0.865757805596,-9.02702702703,-7.93675889328,-5.0416988417,-0.691561487273,0.203977126067,0.124075504076,-3.59406168985,0.22178300112,0.0899482941588,-4.37417811706,-0.0933905885654,-0.0587414482151,0.963468981381,0.247781412542,2.40280426151,0.865757805596,0.963468981381,2.40280426151,-0.25566071466,-0.358457072783,-799,-0.102831402831,-0.382700016332,-0.027027027027,0.0810810810811,-0.0540540540541,166,9,176,981,0.485380116959,0.990909090909,0.00909090909091,0.514619883041,0.948571428571,0.485380116959,0.642166344294,0.615907776482,0.476289207868,0.472934472934,19,186,0,0,0,0
1063,WLNM_dir_neg,0.425193664007,0.34418240607,00:00:04,10,30,19,1235778054,threshold_sweep,0.1,0.566666666667,0.0913978494624,0.157407407407,17,13,169,359,0.0913978494624,0.965053763441,0.0349462365591,0.908602150538,0.566666666667,0.0913978494624,0.157407407407,0.673835125448,0.648745519713,0.0714285714286,0.117984975931,0.0564516129032,342,156,186,0,342,0,156,0,186,37,342,0.256756756757,1.72528881811,18.4864864865,15.5454545455,9.77142857143,5.36771015539,0.290358590277,0.142642642643,9.50849154237,1.02869645341,0.544491860281,8.05331334643,0.871264894205,0.461830251304,0.640599570326,0.371299902718,2,1.72528881811,0.640599570326,2,0.344071394247,0.376569037657,810,0.104247104247,0.56957682835,37,37,37,1,0,0.405405405405,0.540540540541,0.0540540540541,37,0.117117117117,2.18635635636,8.43243243243,7.09090909091,4.45714285714,5.03620525429,0.597242289772,0.326923076923,6.00062559301,1.42322530091,0.680526680527,3.83793300225,0.910278981302,0.463617463617,1.32204914232,0.604681454823,4.3462962963,2.18635635636,1.32204914232,4.3462962963,0,0,0,0,0.160896782956,37,37,37,1,0,0.405405405405,0.540540540541,0.0540540540541,37,186,0.13963963964,4.75053563849,10.0540540541,6.88888888889,5.02702702703,4.73137251608,0.470593502943,0.257919209532,6.01150048974,1.19583611893,0.609125254287,3.35399004907,0.667191568901,0.357163615228,2.69148849287,0.566565267096,7.562932237,4.75053563849,2.69148849287,7.562932237,0.128491160844,0.0459713297084,31,0.0039897039897,0.145442140025,37,37,37,1,0,0.27027027027,0.72972972973,0,-156,-0.117117117117,3.02524682038,-8.43243243243,-8.65656565657,-4.7444015444,-0.636337639317,0.180234912666,0.115276566889,-3.49699105264,0.167139665512,0.0646333940052,-4.69932329737,-0.204073325304,-0.104666636076,2.05088892255,0.195265364379,5.562932237,3.02524682038,2.05088892255,5.562932237,-0.215580233403,-0.330597707949,-779,-0.100257400257,-0.424134688325,-0.135135135135,0.189189189189,-0.0540540540541,173,13,169,977,0.505847953216,0.986868686869,0.0131313131313,0.494152046784,0.930107526882,0.505847953216,0.655303030303,0.620982124715,0.492716640085,0.487323943662,30,186,0,0,0,0
1064,WLNM_dir_neg,0.425193664007,0.34418240607,00:00:04,10,30,19,1235778054,threshold_sweep,0.2,0.695652173913,0.0860215053763,0.153110047847,16,7,170,365,0.0860215053763,0.981182795699,0.0188172043011,0.913978494624,0.695652173913,0.0860215053763,0.153110047847,0.682795698925,0.652927120669,0.0860585197935,0.159361790949,0.0672043010753,342,156,186,0,342,0,156,0,186,37,342,0.256756756757,1.72528881811,18.4864864865,15.5454545455,9.77142857143,5.36771015539,0.290358590277,0.142642642643,9.50849154237,1.02869645341,0.544491860281,8.05331334643,0.871264894205,0.461830251304,0.640599570326,0.371299902718,2,1.72528881811,0.640599570326,2,0.344071394247,0.376569037657,810,0.104247104247,0.56957682835,37,37,37,1,0,0.405405405405,0.540540540541,0.0540540540541,37,0.117117117117,2.18635635636,8.43243243243,7.09090909091,4.45714285714,5.03620525429,0.597242289772,0.326923076923,6.00062559301,1.42322530091,0.680526680527,3.83793300225,0.910278981302,0.463617463617,1.32204914232,0.604681454823,4.3462962963,2.18635635636,1.32204914232,4.3462962963,0,0,0,0,0.160896782956,37,37,37,1,0,0.405405405405,0.540540540541,0.0540540540541,37,179,0.134384384384,2.49013426799,9.67567567568,7.78260869565,4.83783783784,4.80193279405,0.496289143519,0.268609391514,6.12151721169,1.26534154655,0.638381398158,3.41982385441,0.706890964319,0.374452664955,1.50912705021,0.606042441009,4,2.49013426799,1.50912705021,4,0.0971690824632,0.0376963350785,24,0.0030888030888,0.162991969409,37,37,37,1,0,0.378378378378,0.621621621622,0,-163,-0.122372372372,0.764845449877,-8.81081081081,-7.7628458498,-4.93359073359,-0.565777361345,0.205930553242,0.125966748872,-3.38697433069,0.236645093135,0.0938895378766,-4.63348949202,-0.164373929885,-0.0873775863485,0.868527479888,0.234742538291,2,0.764845449877,0.868527479888,2,-0.246902311784,-0.338872702578,-786,-0.101158301158,-0.406584858941,-0.027027027027,0.0810810810811,-0.0540540540541,172,7,170,983,0.502923976608,0.992929292929,0.00707070707071,0.497076023392,0.960893854749,0.502923976608,0.660268714012,0.635100803812,0.495853269537,0.492836676218,23,186,0,0,0,0
1065,WLNM_dir_neg,0.425193664007,0.34418240607,00:00:04,10,30,19,1235778054,threshold_sweep,0.3,0.761904761905,0.0860215053763,0.154589371981,16,5,170,367,0.0860215053763,0.986559139785,0.0134408602151,0.913978494624,0.761904761905,0.0860215053763,0.154589371981,0.686379928315,0.654121863799,0.0932642487047,0.179784388024,0.0725806451613,342,156,186,0,342,0,156,0,186,37,342,0.256756756757,1.72528881811,18.4864864865,15.5454545455,9.77142857143,5.36771015539,0.290358590277,0.142642642643,9.50849154237,1.02869645341,0.544491860281,8.05331334643,0.871264894205,0.461830251304,0.640599570326,0.371299902718,2,1.72528881811,0.640599570326,2,0.344071394247,0.376569037657,810,0.104247104247,0.56957682835,37,37,37,1,0,0.405405405405,0.540540540541,0.0540540540541,37,0.117117117117,2.18635635636,8.43243243243,7.09090909091,4.45714285714,5.03620525429,0.597242289772,0.326923076923,6.00062559301,1.42322530091,0.680526680527,3.83793300225,0.910278981302,0.463617463617,1.32204914232,0.604681454823,4.3462962963,2.18635635636,1.32204914232,4.3462962963,0,0,0,0,0.160896782956,37,37,37,1,0,0.405405405405,0.540540540541,0.0540540540541,37,177,0.132882882883,2.49731777887,9.56756756757,7.69565217391,4.78378378378,4.83356631933,0.505203259365,0.275003817377,6.13792914379,1.28306993401,0.643151626202,3.47319205675,0.726034497738,0.38570774164,1.52040457274,0.6088150197,4.03703703704,2.49731777887,1.52040457274,4.03703703704,0.0909056761998,0.0362776025237,23,0.0029601029601,0.162313601883,37,37,37,1,0,0.378378378378,0.621621621622,0,-165,-0.123873873874,0.772028960759,-8.91891891892,-7.84980237154,-4.98764478764,-0.534143836063,0.214844669088,0.132361174734,-3.37056239859,0.254373480598,0.0986597659211,-4.58012128969,-0.145230396466,-0.076122509664,0.879805002415,0.237515116982,2.03703703704,0.772028960759,0.879805002415,2.03703703704,-0.253165718048,-0.340291435133,-787,-0.101287001287,-0.407263226467,-0.027027027027,0.0810810810811,-0.0540540540541,172,5,170,985,0.502923976608,0.994949494949,0.00505050505051,0.497076023392,0.971751412429,0.502923976608,0.662813102119,0.640725503732,0.497873471558,0.495677233429,21,186,0,0,0,0
1066,WLNM_dir_neg,0.425193664007,0.34418240607,00:00:04,10,30,19,1235778054,threshold_sweep,0.4,0.761904761905,0.0860215053763,0.154589371981,16,5,170,367,0.0860215053763,0.986559139785,0.0134408602151,0.913978494624,0.761904761905,0.0860215053763,0.154589371981,0.686379928315,0.654121863799,0.0932642487047,0.179784388024,0.0725806451613,342,156,186,0,342,0,156,0,186,37,342,0.256756756757,1.72528881811,18.4864864865,15.5454545455,9.77142857143,5.36771015539,0.290358590277,0.142642642643,9.50849154237,1.02869645341,0.544491860281,8.05331334643,0.871264894205,0.461830251304,0.640599570326,0.371299902718,2,1.72528881811,0.640599570326,2,0.344071394247,0.376569037657,810,0.104247104247,0.56957682835,37,37,37,1,0,0.405405405405,0.540540540541,0.0540540540541,37,0.117117117117,2.18635635636,8.43243243243,7.09090909091,4.45714285714,5.03620525429,0.597242289772,0.326923076923,6.00062559301,1.42322530091,0.680526680527,3.83793300225,0.910278981302,0.463617463617,1.32204914232,0.604681454823,4.3462962963,2.18635635636,1.32204914232,4.3462962963,0,0,0,0,0.160896782956,37,37,37,1,0,0.405405405405,0.540540540541,0.0540540540541,37,177,0.132882882883,2.49731777887,9.56756756757,7.69565217391,4.78378378378,4.83356631933,0.505203259365,0.275003817377,6.13792914379,1.28306993401,0.643151626202,3.47319205675,0.726034497738,0.38570774164,1.52040457274,0.6088150197,4.03703703704,2.49731777887,1.52040457274,4.03703703704,0.0909056761998,0.0362776025237,23,0.0029601029601,0.162313601883,37,37,37,1,0,0.378378378378,0.621621621622,0,-165,-0.123873873874,0.772028960759,-8.91891891892,-7.84980237154,-4.98764478764,-0.534143836063,0.214844669088,0.132361174734,-3.37056239859,0.254373480598,0.0986597659211,-4.58012128969,-0.145230396466,-0.076122509664,0.879805002415,0.237515116982,2.03703703704,0.772028960759,0.879805002415,2.03703703704,-0.253165718048,-0.340291435133,-787,-0.101287001287,-0.407263226467,-0.027027027027,0.0810810810811,-0.0540540540541,172,5,170,985,0.502923976608,0.994949494949,0.00505050505051,0.497076023392,0.971751412429,0.502923976608,0.662813102119,0.640725503732,0.497873471558,0.495677233429,21,186,0,0,0,0
1067,WLNM_dir_neg,0.425193664007,0.34418240607,00:00:04,10,30,19,1235778054,threshold_sweep,0.5,0.75,0.0806451612903,0.145631067961,15,5,171,367,0.0806451612903,0.986559139785,0.0134408602151,0.91935483871,0.75,0.0806451612903,0.145631067961,0.68458781362,0.654719235364,0.0865051903114,0.170419338484,0.0672043010753,342,156,186,0,342,0,156,0,186,37,342,0.256756756757,1.72528881811,18.4864864865,15.5454545455,9.77142857143,5.36771015539,0.290358590277,0.142642642643,9.50849154237,1.02869645341,0.544491860281,8.05331334643,0.871264894205,0.461830251304,0.640599570326,0.371299902718,2,1.72528881811,0.640599570326,2,0.344071394247,0.376569037657,810,0.104247104247,0.56957682835,37,37,37,1,0,0.405405405405,0.540540540541,0.0540540540541,37,0.117117117117,2.18635635636,8.43243243243,7.09090909091,4.45714285714,5.03620525429,0.597242289772,0.326923076923,6.00062559301,1.42322530091,0.680526680527,3.83793300225,0.910278981302,0.463617463617,1.32204914232,0.604681454823,4.3462962963,2.18635635636,1.32204914232,4.3462962963,0,0,0,0,0.160896782956,37,37,37,1,0,0.405405405405,0.540540540541,0.0540540540541,37,176,0.132132132132,2.45877231699,9.51351351351,7.65217391304,4.75675675676,4.86838794687,0.511733960324,0.27933046683,6.14367518223,1.29156807808,0.644963144963,3.47535294295,0.730613970961,0.386977886978,1.47261060806,0.598921094843,4,2.45877231699,1.47261060806,4,0.087270528447,0.0333333333333,21,0.0027027027027,0.160446326646,37,37,37,1,0,0.378378378378,0.621621621622,0,-166,-0.124624624625,0.733483498871,-8.97297297297,-7.89328063241,-5.01467181467,-0.499322208526,0.221375370047,0.136687824188,-3.36481636015,0.262871624668,0.100471284682,-4.57796040348,-0.140650923244,-0.074852364326,0.832011037732,0.227621192125,2,0.733483498871,0.832011037732,2,-0.2568008658,-0.343235704324,-789,-0.101544401544,-0.409130501704,-0.027027027027,0.0810810810811,-0.0540540540541,171,5,171,985,0.5,0.994949494949,0.00505050505051,0.5,0.971590909091,0.5,0.660231660232,0.638493212427,0.494949494949,0.492795389049,20,186,0,0,0,0
1068,WLNM_dir_neg,0.425193664007,0.34418240607,00:00:04,10,30,19,1235778054,threshold_sweep,0.6,0.705882352941,0.0645161290323,0.118226600985,12,5,174,367,0.0645161290323,0.986559139785,0.0134408602151,0.935483870968,0.705882352941,0.0645161290323,0.118226600985,0.679211469534,0.65651135006,0.0660869565217,0.140092701411,0.0510752688172,342,156,186,0,342,0,156,0,186,37,342,0.256756756757,1.72528881811,18.4864864865,15.5454545455,9.77142857143,5.36771015539,0.290358590277,0.142642642643,9.50849154237,1.02869645341,0.544491860281,8.05331334643,0.871264894205,0.461830251304,0.640599570326,0.371299902718,2,1.72528881811,0.640599570326,2,0.344071394247,0.376569037657,810,0.104247104247,0.56957682835,37,37,37,1,0,0.405405405405,0.540540540541,0.0540540540541,37,0.117117117117,2.18635635636,8.43243243243,7.09090909091,4.45714285714,5.03620525429,0.597242289772,0.326923076923,6.00062559301,1.42322530091,0.680526680527,3.83793300225,0.910278981302,0.463617463617,1.32204914232,0.604681454823,4.3462962963,2.18635635636,1.32204914232,4.3462962963,0,0,0,0,0.160896782956,37,37,37,1,0,0.405405405405,0.540540540541,0.0540540540541,37,173,0.12987987988,2.45771771772,9.35135135135,7.52173913043,4.67567567568,4.84318660145,0.517913018074,0.281674738322,6.06013409301,1.29609804301,0.64802374629,3.54380566038,0.757923753955,0.400562412123,1.47080432993,0.598443148833,4,2.45771771772,1.47080432993,4,0.0757073918839,0.0261580381471,16,0.0020592020592,0.160097060835,37,37,37,1,0,0.378378378378,0.621621621622,0,-169,-0.126876876877,0.732428899603,-9.13513513514,-8.02371541502,-5.09575289575,-0.524523553944,0.227554427797,0.139032095679,-3.44835744937,0.267401589598,0.103531886008,-4.50950768605,-0.11334114025,-0.0612678391808,0.830204759607,0.227143246115,2,0.732428899603,0.830204759607,2,-0.268364002364,-0.35041099951,-794,-0.102187902188,-0.409479767515,-0.027027027027,0.0810810810811,-0.0540540540541,168,5,174,985,0.491228070175,0.994949494949,0.00505050505051,0.508771929825,0.971098265896,0.491228070175,0.652427184466,0.631772612266,0.486177565125,0.484149855908,17,186,0,0,0,0
1069,WLNM_dir_neg,0.425193664007,0.34418240607,00:00:04,10,30,19,1235778054,threshold_sweep,0.7,0.6875,0.0591397849462,0.108910891089,11,5,175,367,0.0591397849462,0.986559139785,0.0134408602151,0.940860215054,0.6875,0.0591397849462,0.108910891089,0.677419354839,0.657108721625,0.0592334494774,0.129084557087,0.0456989247312,342,156,186,0,342,0,156,0,186,37,342,0.256756756757,1.72528881811,18.4864864865,15.5454545455,9.77142857143,5.36771015539,0.290358590277,0.142642642643,9.50849154237,1.02869645341,0.544491860281,8.05331334643,0.871264894205,0.461830251304,0.640599570326,0.371299902718,2,1.72528881811,0.640599570326,2,0.344071394247,0.376569037657,810,0.104247104247,0.56957682835,37,37,37,1,0,0.405405405405,0.540540540541,0.0540540540541,37,0.117117117117,2.18635635636,8.43243243243,7.09090909091,4.45714285714,5.03620525429,0.597242289772,0.326923076923,6.00062559301,1.42322530091,0.680526680527,3.83793300225,0.910278981302,0.463617463617,1.32204914232,0.604681454823,4.3462962963,2.18635635636,1.32204914232,4.3462962963,0,0,0,0,0.160896782956,37,37,37,1,0,0.405405405405,0.540540540541,0.0540540540541,37,172,0.129129129129,2.4597010197,9.2972972973,7.47826086957,4.64864864865,4.8754764147,0.524397172511,0.285983658077,6.06087734856,1.30379338312,0.649591451917,3.55290347788,0.764287376055,0.402262727844,1.47364962063,0.599117375983,4,2.4597010197,1.47364962063,4,0.0675727866904,0.0213815789474,13,0.0016731016731,0.159584266647,37,37,37,1,0,0.378378378378,0.621621621622,0,-170,-0.127627627628,0.734412201586,-9.18918918919,-8.06719367589,-5.12277992278,-0.492233740696,0.234038582234,0.143341015434,-3.44761419382,0.275096929705,0.105099591636,-4.50040986856,-0.10697751815,-0.0595675234598,0.833050050301,0.227817473266,2,0.734412201586,0.833050050301,2,-0.276498607557,-0.35518745871,-797,-0.102574002574,-0.409992561703,-0.027027027027,0.0810810810811,-0.0540540540541,167,5,175,985,0.488304093567,0.994949494949,0.00505050505051,0.511695906433,0.970930232558,0.488304093567,0.649805447471,0.629524330653,0.483253588517,0.481268011527,16,186,0,0,0,0
1070,WLNM_dir_neg,0.425193664007,0.34418240607,00:00:04,10,30,19,1235778054,threshold_sweep,0.8,0.642857142857,0.0483870967742,0.09,9,5,177,367,0.0483870967742,0.986559139785,0.0134408602151,0.951612903226,0.642857142857,0.0483870967742,0.09,0.673835125448,0.658303464755,0.0454545454545,0.105333105077,0.0349462365591,342,156,186,0,342,0,156,0,186,37,342,0.256756756757,1.72528881811,18.4864864865,15.5454545455,9.77142857143,5.36771015539,0.290358590277,0.142642642643,9.50849154237,1.02869645341,0.544491860281,8.05331334643,0.871264894205,0.461830251304,0.640599570326,0.371299902718,2,1.72528881811,0.640599570326,2,0.344071394247,0.376569037657,810,0.104247104247,0.56957682835,37,37,37,1,0,0.405405405405,0.540540540541,0.0540540540541,37,0.117117117117,2.18635635636,8.43243243243,7.09090909091,4.45714285714,5.03620525429,0.597242289772,0.326923076923,6.00062559301,1.42322530091,0.680526680527,3.83793300225,0.910278981302,0.463617463617,1.32204914232,0.604681454823,4.3462962963,2.18635635636,1.32204914232,4.3462962963,0,0,0,0,0.160896782956,37,37,37,1,0,0.405405405405,0.540540540541,0.0540540540541,37,170,0.127627627628,2.45770622374,9.18918918919,7.39130434783,4.59459459459,4.90372782142,0.533640968801,0.289666136725,6.01137560269,1.30835821941,0.651510333863,3.59366309139,0.782150202244,0.410174880763,1.47098497303,0.598519448264,4,2.45770622374,1.47098497303,4,0.0583112524289,0.0150334075724,9,0.0011583011583,0.159254043575,37,37,37,1,0,0.378378378378,0.621621621622,0,-172,-0.129129129129,0.732417405629,-9.2972972973,-8.15415019763,-5.17683397683,-0.463982333976,0.243282378524,0.147023494082,-3.49711593968,0.279661765995,0.107018473582,-4.45965025504,-0.0891146919613,-0.0516553705408,0.830385402704,0.227219545546,2,0.732417405629,0.830385402704,2,-0.285760141819,-0.361535630085,-801,-0.103088803089,-0.410322784775,-0.027027027027,0.0810810810811,-0.0540540540541,165,5,177,985,0.482456140351,0.994949494949,0.00505050505051,0.517543859649,0.970588235294,0.482456140351,0.64453125,0.625015325883,0.4774056353,0.475504322767,14,186,0,0,0,0
1071,WLNM_dir_neg,0.425193664007,0.34418240607,00:00:04,10,30,19,1235778054,threshold_sweep,0.9,0.583333333333,0.0376344086022,0.0707070707071,7,5,179,367,0.0376344086022,0.986559139785,0.0134408602151,0.962365591398,0.583333333333,0.0376344086022,0.0707070707071,0.670250896057,0.659498207885,0.0315789473684,0.0786213627541,0.0241935483871,342,156,186,0,342,0,156,0,186,37,342,0.256756756757,1.72528881811,18.4864864865,15.5454545455,9.77142857143,5.36771015539,0.290358590277,0.142642642643,9.50849154237,1.02869645341,0.544491860281,8.05331334643,0.871264894205,0.461830251304,0.640599570326,0.371299902718,2,1.72528881811,0.640599570326,2,0.344071394247,0.376569037657,810,0.104247104247,0.56957682835,37,37,37,1,0,0.405405405405,0.540540540541,0.0540540540541,37,0.117117117117,2.18635635636,8.43243243243,7.09090909091,4.45714285714,5.03620525429,0.597242289772,0.326923076923,6.00062559301,1.42322530091,0.680526680527,3.83793300225,0.910278981302,0.463617463617,1.32204914232,0.604681454823,4.3462962963,2.18635635636,1.32204914232,4.3462962963,0,0,0,0,0.160896782956,37,37,37,1,0,0.405405405405,0.540540540541,0.0540540540541,37,168,0.126126126126,2.46859193688,9.08108108108,7.30434782609,4.54054054054,4.81535955954,0.53026280864,0.287966537967,5.97956982192,1.31692906792,0.653796653797,3.6254853667,0.798469991475,0.41537966538,1.48636018734,0.602108499638,4,2.46859193688,1.48636018734,4,0.0544881015469,0.0137299771167,8,0.0010296010296,0.157966820696,37,37,37,1,0,0.378378378378,0.621621621622,0,-174,-0.130630630631,0.74330311877,-9.40540540541,-8.24110671937,-5.23088803089,-0.55235059585,0.239904218363,0.145323895324,-3.52892172045,0.288232614509,0.109304793515,-4.42782797974,-0.0727949027296,-0.0464505859243,0.845760617009,0.23080859692,2,0.74330311877,0.845760617009,2,-0.2895832927,-0.36283906054,-802,-0.103217503218,-0.411610007653,-0.027027027027,0.0810810810811,-0.0540540540541,163,5,179,985,0.476608187135,0.994949494949,0.00505050505051,0.523391812865,0.970238095238,0.476608187135,0.639215686275,0.620489366951,0.471557682084,0.469740634006,12,186,0,0,0,0
1072,WLNM_dir_neg,0.432571684588,0.315296210519,00:00:05,10,30,20,1235778055,threshold_sweep,0.1,0.361111111111,0.0698924731183,0.117117117117,13,23,173,349,0.0698924731183,0.938172043011,0.0618279569892,0.930107526882,0.361111111111,0.0698924731183,0.117117117117,0.648745519713,0.645161290323,0.010101010101,0.0154746115148,0.00806451612903,342,156,186,0,342,0,156,0,186,37,342,0.256756756757,1.72528881811,18.4864864865,15.5454545455,9.77142857143,5.36771015539,0.290358590277,0.142642642643,9.50849154237,1.02869645341,0.544491860281,8.05331334643,0.871264894205,0.461830251304,0.640599570326,0.371299902718,2,1.72528881811,0.640599570326,2,0.344071394247,0.376569037657,810,0.104247104247,0.56957682835,37,37,37,1,0,0.405405405405,0.540540540541,0.0540540540541,37,0.117117117117,2.18635635636,8.43243243243,7.09090909091,4.45714285714,5.03620525429,0.597242289772,0.326923076923,6.00062559301,1.42322530091,0.680526680527,3.83793300225,0.910278981302,0.463617463617,1.32204914232,0.604681454823,4.3462962963,2.18635635636,1.32204914232,4.3462962963,0,0,0,0,0.160896782956,37,37,37,1,0,0.405405405405,0.540540540541,0.0540540540541,37,192,0.144144144144,7.27348702248,10.3783783784,6.62068965517,5.48571428571,4.75132350773,0.457809817151,0.246762387387,5.79193806481,1.11615473124,0.57911036036,3.55776020238,0.685610039001,0.37134009009,3.79256809022,0.521423641577,11.5430312026,7.27348702248,3.79256809022,11.5430312026,0.107886800998,0.0603649976603,43,0.00553410553411,0.170199305307,37,37,37,1,0,0.216216216216,0.72972972973,0.0540540540541,-150,-0.112612612613,5.54819820436,-8.10810810811,-8.92476489028,-4.28571428571,-0.616386647667,0.167451226874,0.104119744745,-3.71655347757,0.0874582778238,0.034618500079,-4.49555314405,-0.185654855204,-0.0904901612138,3.1519685199,0.150123738859,9.54303120264,5.54819820436,3.1519685199,9.54303120264,-0.236184593249,-0.316204039997,-767,-0.098712998713,-0.399377523043,-0.189189189189,0.189189189189,0,169,23,173,967,0.494152046784,0.976767676768,0.0232323232323,0.505847953216,0.880208333333,0.494152046784,0.632958801498,0.585699011024,0.470919723551,0.46301369863,36,186,0,0,0,0
1073,WLNM_dir_neg,0.432571684588,0.315296210519,00:00:05,10,30,20,1235778055,threshold_sweep,0.2,0.375,0.0645161290323,0.110091743119,12,20,174,352,0.0645161290323,0.94623655914,0.0537634408602,0.935483870968,0.375,0.0645161290323,0.110091743119,0.652329749104,0.647550776583,0.0135593220339,0.0218010360098,0.010752688172,342,156,186,0,342,0,156,0,186,37,342,0.256756756757,1.72528881811,18.4864864865,15.5454545455,9.77142857143,5.36771015539,0.290358590277,0.142642642643,9.50849154237,1.02869645341,0.544491860281,8.05331334643,0.871264894205,0.461830251304,0.640599570326,0.371299902718,2,1.72528881811,0.640599570326,2,0.344071394247,0.376569037657,810,0.104247104247,0.56957682835,37,37,37,1,0,0.405405405405,0.540540540541,0.0540540540541,37,0.117117117117,2.18635635636,8.43243243243,7.09090909091,4.45714285714,5.03620525429,0.597242289772,0.326923076923,6.00062559301,1.42322530091,0.680526680527,3.83793300225,0.910278981302,0.463617463617,1.32204914232,0.604681454823,4.3462962963,2.18635635636,1.32204914232,4.3462962963,0,0,0,0,0.160896782956,37,37,37,1,0,0.405405405405,0.540540540541,0.0540540540541,37,188,0.141141141141,6.88946970499,10.1621621622,6.48275862069,5.37142857143,4.71117768665,0.463599931931,0.252012650949,5.80410955166,1.14229815644,0.585393904543,3.55417108932,0.699491118642,0.378090856814,3.55620957412,0.516180450223,10.8622070989,6.88946970499,3.55620957412,10.8622070989,0.0944008993545,0.0433734939759,30,0.003861003861,0.164196072087,37,37,37,1,0,0.216216216216,0.72972972973,0.0540540540541,-154,-0.115615615616,5.16418088687,-8.32432432432,-9.06269592476,-4.4,-0.656532468743,0.173241341654,0.109370008306,-3.70438199071,0.113601703029,0.0409020442615,-4.49914225712,-0.171773775563,-0.0837393944897,2.91561000379,0.144880547505,8.86220709888,5.16418088687,2.91561000379,8.86220709888,-0.249670494893,-0.333195543681,-780,-0.100386100386,-0.405380756263,-0.189189189189,0.189189189189,0,168,20,174,970,0.491228070175,0.979797979798,0.020202020202,0.508771929825,0.893617021277,0.491228070175,0.633962264151,0.590994772977,0.471026049973,0.46408839779,32,186,0,0,0,0
1074,WLNM_dir_neg,0.432571684588,0.315296210519,00:00:05,10,30,20,1235778055,threshold_sweep,0.3,0.521739130435,0.0645161290323,0.114832535885,12,11,174,361,0.0645161290323,0.970430107527,0.0295698924731,0.935483870968,0.521739130435,0.0645161290323,0.114832535885,0.668458781362,0.652927120669,0.0447504302926,0.0828681312935,0.0349462365591,342,156,186,0,342,0,156,0,186,37,342,0.256756756757,1.72528881811,18.4864864865,15.5454545455,9.77142857143,5.36771015539,0.290358590277,0.142642642643,9.50849154237,1.02869645341,0.544491860281,8.05331334643,0.871264894205,0.461830251304,0.640599570326,0.371299902718,2,1.72528881811,0.640599570326,2,0.344071394247,0.376569037657,810,0.104247104247,0.56957682835,37,37,37,1,0,0.405405405405,0.540540540541,0.0540540540541,37,0.117117117117,2.18635635636,8.43243243243,7.09090909091,4.45714285714,5.03620525429,0.597242289772,0.326923076923,6.00062559301,1.42322530091,0.680526680527,3.83793300225,0.910278981302,0.463617463617,1.32204914232,0.604681454823,4.3462962963,2.18635635636,1.32204914232,4.3462962963,0,0,0,0,0.160896782956,37,37,37,1,0,0.405405405405,0.540540540541,0.0540540540541,37,179,0.134384384384,3.32997062275,9.67567567568,7.78260869565,5.11428571429,4.69665397475,0.485408371692,0.257738185112,5.96989444125,1.23400052696,0.628718103578,3.4841985649,0.720197468722,0.38653178318,2.68675251383,0.806839704671,8.08837328548,3.32997062275,2.68675251383,8.08837328548,0.0854582377802,0.0342679127726,22,0.0028314028314,0.174776995525,37,37,37,1,0,0.378378378378,0.567567567568,0.0540540540541,-163,-0.122372372372,1.60468180464,-8.81081081081,-7.7628458498,-4.65714285714,-0.671056180641,0.195049781415,0.11509554247,-3.53859710113,0.205304073547,0.0842262432971,-4.56911478154,-0.151067425483,-0.0752984681241,2.0461529435,0.435539801954,6.08837328548,1.60468180464,2.0461529435,6.08837328548,-0.258613156467,-0.342301124884,-788,-0.101415701416,-0.394799832825,-0.027027027027,0.027027027027,0,168,11,174,979,0.491228070175,0.988888888889,0.0111111111111,0.508771929825,0.938547486034,0.491228070175,0.644913627639,0.614945358553,0.480116959064,0.475920679887,23,186,0,0,0,0
1075,WLNM_dir_neg,0.432571684588,0.315296210519,00:00:05,10,30,20,1235778055,threshold_sweep,0.4,0.47619047619,0.0537634408602,0.0966183574879,10,11,176,361,0.0537634408602,0.970430107527,0.0295698924731,0.94623655914,0.47619047619,0.0537634408602,0.0966183574879,0.664874551971,0.654121863799,0.0310880829016,0.0599281293413,0.0241935483871,342,156,186,0,342,0,156,0,186,37,342,0.256756756757,1.72528881811,18.4864864865,15.5454545455,9.77142857143,5.36771015539,0.290358590277,0.142642642643,9.50849154237,1.02869645341,0.544491860281,8.05331334643,0.871264894205,0.461830251304,0.640599570326,0.371299902718,2,1.72528881811,0.640599570326,2,0.344071394247,0.376569037657,810,0.104247104247,0.56957682835,37,37,37,1,0,0.405405405405,0.540540540541,0.0540540540541,37,0.117117117117,2.18635635636,8.43243243243,7.09090909091,4.45714285714,5.03620525429,0.597242289772,0.326923076923,6.00062559301,1.42322530091,0.680526680527,3.83793300225,0.910278981302,0.463617463617,1.32204914232,0.604681454823,4.3462962963,2.18635635636,1.32204914232,4.3462962963,0,0,0,0,0.160896782956,37,37,37,1,0,0.405405405405,0.540540540541,0.0540540540541,37,177,0.132882882883,3.3704073069,9.56756756757,7.69565217391,5.05714285714,4.6758275592,0.488716439803,0.259734310582,5.94481630001,1.24270171243,0.630936020767,3.51295329329,0.734346168654,0.391510154222,2.7379915078,0.812362203877,8.22069780418,3.3704073069,2.7379915078,8.22069780418,0.0773052464229,0.027027027027,17,0.0021879021879,0.173559076422,37,37,37,1,0,0.378378378378,0.567567567568,0.0540540540541,-165,-0.123873873874,1.64511848879,-8.91891891892,-7.84980237154,-4.71428571429,-0.691882596194,0.198357849526,0.117091667939,-3.56367524237,0.214005259016,0.0864441604852,-4.54036005314,-0.136918725551,-0.0703200970819,2.09739193747,0.441062301159,6.22069780418,1.64511848879,2.09739193747,6.22069780418,-0.266766147825,-0.34954201063,-793,-0.102059202059,-0.396017751928,-0.027027027027,0.027027027027,0,166,11,176,979,0.485380116959,0.988888888889,0.0111111111111,0.514619883041,0.937853107345,0.485380116959,0.639691714836,0.610348341569,0.474269005848,0.470254957507,21,186,0,0,0,0
1076,WLNM_dir_neg,0.432571684588,0.315296210519,00:00:05,10,30,20,1235778055,threshold_sweep,0.5,0.45,0.0483870967742,0.0873786407767,9,11,177,361,0.0483870967742,0.970430107527,0.0295698924731,0.951612903226,0.45,0.0483870967742,0.0873786407767,0.663082437276,0.654719235364,0.0242214532872,0.0477174147756,0.0188172043011,342,156,186,0,342,0,156,0,186,37,342,0.256756756757,1.72528881811,18.4864864865,15.5454545455,9.77142857143,5.36771015539,0.290358590277,0.142642642643,9.50849154237,1.02869645341,0.544491860281,8.05331334643,0.871264894205,0.461830251304,0.640599570326,0.371299902718,2,1.72528881811,0.640599570326,2,0.344071394247,0.376569037657,810,0.104247104247,0.56957682835,37,37,37,1,0,0.405405405405,0.540540540541,0.0540540540541,37,0.117117117117,2.18635635636,8.43243243243,7.09090909091,4.45714285714,5.03620525429,0.597242289772,0.326923076923,6.00062559301,1.42322530091,0.680526680527,3.83793300225,0.910278981302,0.463617463617,1.32204914232,0.604681454823,4.3462962963,2.18635635636,1.32204914232,4.3462962963,0,0,0,0,0.160896782956,37,37,37,1,0,0.405405405405,0.540540540541,0.0540540540541,37,176,0.132132132132,3.29281089135,9.51351351351,7.65217391304,5.02857142857,4.7059160262,0.494655945936,0.263820638821,5.95541492819,1.25199063831,0.633906633907,3.50717839585,0.737304549127,0.392506142506,2.65187863852,0.805354065577,8.17010421736,3.29281089135,2.65187863852,8.17010421736,0.0768547959724,0.0256,16,0.0020592020592,0.16981922499,37,37,37,1,0,0.378378378378,0.567567567568,0.0540540540541,-166,-0.124624624625,1.56752207323,-8.97297297297,-7.89328063241,-4.74285714286,-0.661794129193,0.204297355659,0.121177996178,-3.55307661418,0.223294184899,0.0894147736253,-4.54613495059,-0.133960345078,-0.0693241087978,2.01127906819,0.434054162859,6.17010421736,1.56752207323,2.01127906819,6.17010421736,-0.267216598275,-0.350969037657,-794,-0.102187902188,-0.39975760336,-0.027027027027,0.027027027027,0,165,11,177,979,0.482456140351,0.988888888889,0.0111111111111,0.517543859649,0.9375,0.482456140351,0.637065637066,0.60804305278,0.47134502924,0.467422096317,20,186,0,0,0,0
1077,WLNM_dir_neg,0.432571684588,0.315296210519,00:00:05,10,30,20,1235778055,threshold_sweep,0.6,0.473684210526,0.0483870967742,0.0878048780488,9,10,177,362,0.0483870967742,0.97311827957,0.0268817204301,0.951612903226,0.473684210526,0.0483870967742,0.0878048780488,0.664874551971,0.65531660693,0.0277296360485,0.0558989700622,0.0215053763441,342,156,186,0,342,0,156,0,186,37,342,0.256756756757,1.72528881811,18.4864864865,15.5454545455,9.77142857143,5.36771015539,0.290358590277,0.142642642643,9.50849154237,1.02869645341,0.544491860281,8.05331334643,0.871264894205,0.461830251304,0.640599570326,0.371299902718,2,1.72528881811,0.640599570326,2,0.344071394247,0.376569037657,810,0.104247104247,0.56957682835,37,37,37,1,0,0.405405405405,0.540540540541,0.0540540540541,37,0.117117117117,2.18635635636,8.43243243243,7.09090909091,4.45714285714,5.03620525429,0.597242289772,0.326923076923,6.00062559301,1.42322530091,0.680526680527,3.83793300225,0.910278981302,0.463617463617,1.32204914232,0.604681454823,4.3462962963,2.18635635636,1.32204914232,4.3462962963,0,0,0,0,0.160896782956,37,37,37,1,0,0.405405405405,0.540540540541,0.0540540540541,37,175,0.131381381381,2.48592587115,9.45945945946,7.95454545455,5,4.75858635985,0.503050558041,0.268725868726,5.97517386381,1.26332247406,0.638764478764,3.50910441763,0.741924934013,0.393822393822,1.60303408795,0.64484388153,4.75206915675,2.48592587115,1.60303408795,4.75206915675,0.0768547959724,0.0256,16,0.0020592020592,0.176757275277,37,37,37,1,0,0.405405405405,0.540540540541,0.0540540540541,-167,-0.125375375375,0.760637053034,-9.02702702703,-7.59090909091,-4.77142857143,-0.609123795544,0.212691967764,0.126083226083,-3.53331767857,0.234626020647,0.0942726184831,-4.54420892881,-0.129339960192,-0.0680078574815,0.962434517623,0.273543978813,2.75206915675,0.760637053034,0.962434517623,2.75206915675,-0.267216598275,-0.350969037657,-794,-0.102187902188,-0.392819553073,0,0,0,165,10,177,980,0.482456140351,0.989898989899,0.010101010101,0.517543859649,0.942857142857,0.482456140351,0.63829787234,0.610820470369,0.47235513025,0.46875,19,186,0,0,0,0
1078,WLNM_dir_neg,0.432571684588,0.315296210519,00:00:05,10,30,20,1235778055,threshold_sweep,0.7,0.473684210526,0.0483870967742,0.0878048780488,9,10,177,362,0.0483870967742,0.97311827957,0.0268817204301,0.951612903226,0.473684210526,0.0483870967742,0.0878048780488,0.664874551971,0.65531660693,0.0277296360485,0.0558989700622,0.0215053763441,342,156,186,0,342,0,156,0,186,37,342,0.256756756757,1.72528881811,18.4864864865,15.5454545455,9.77142857143,5.36771015539,0.290358590277,0.142642642643,9.50849154237,1.02869645341,0.544491860281,8.05331334643,0.871264894205,0.461830251304,0.640599570326,0.371299902718,2,1.72528881811,0.640599570326,2,0.344071394247,0.376569037657,810,0.104247104247,0.56957682835,37,37,37,1,0,0.405405405405,0.540540540541,0.0540540540541,37,0.117117117117,2.18635635636,8.43243243243,7.09090909091,4.45714285714,5.03620525429,0.597242289772,0.326923076923,6.00062559301,1.42322530091,0.680526680527,3.83793300225,0.910278981302,0.463617463617,1.32204914232,0.604681454823,4.3462962963,2.18635635636,1.32204914232,4.3462962963,0,0,0,0,0.160896782956,37,37,37,1,0,0.405405405405,0.540540540541,0.0540540540541,37,175,0.131381381381,2.48592587115,9.45945945946,7.95454545455,5,4.75858635985,0.503050558041,0.268725868726,5.97517386381,1.26332247406,0.638764478764,3.50910441763,0.741924934013,0.393822393822,1.60303408795,0.64484388153,4.75206915675,2.48592587115,1.60303408795,4.75206915675,0.0768547959724,0.0256,16,0.0020592020592,0.176757275277,37,37,37,1,0,0.405405405405,0.540540540541,0.0540540540541,-167,-0.125375375375,0.760637053034,-9.02702702703,-7.59090909091,-4.77142857143,-0.609123795544,0.212691967764,0.126083226083,-3.53331767857,0.234626020647,0.0942726184831,-4.54420892881,-0.129339960192,-0.0680078574815,0.962434517623,0.273543978813,2.75206915675,0.760637053034,0.962434517623,2.75206915675,-0.267216598275,-0.350969037657,-794,-0.102187902188,-0.392819553073,0,0,0,165,10,177,980,0.482456140351,0.989898989899,0.010101010101,0.517543859649,0.942857142857,0.482456140351,0.63829787234,0.610820470369,0.47235513025,0.46875,19,186,0,0,0,0
1079,WLNM_dir_neg,0.432571684588,0.315296210519,00:00:05,10,30,20,1235778055,threshold_sweep,0.8,0.583333333333,0.0376344086022,0.0707070707071,7,5,179,367,0.0376344086022,0.986559139785,0.0134408602151,0.962365591398,0.583333333333,0.0376344086022,0.0707070707071,0.670250896057,0.659498207885,0.0315789473684,0.0786213627541,0.0241935483871,342,156,186,0,342,0,156,0,186,37,342,0.256756756757,1.72528881811,18.4864864865,15.5454545455,9.77142857143,5.36771015539,0.290358590277,0.142642642643,9.50849154237,1.02869645341,0.544491860281,8.05331334643,0.871264894205,0.461830251304,0.640599570326,0.371299902718,2,1.72528881811,0.640599570326,2,0.344071394247,0.376569037657,810,0.104247104247,0.56957682835,37,37,37,1,0,0.405405405405,0.540540540541,0.0540540540541,37,0.117117117117,2.18635635636,8.43243243243,7.09090909091,4.45714285714,5.03620525429,0.597242289772,0.326923076923,6.00062559301,1.42322530091,0.680526680527,3.83793300225,0.910278981302,0.463617463617,1.32204914232,0.604681454823,4.3462962963,2.18635635636,1.32204914232,4.3462962963,0,0,0,0,0.160896782956,37,37,37,1,0,0.405405405405,0.540540540541,0.0540540540541,37,168,0.126126126126,2.37481970761,9.08108108108,7.63636363636,4.8,4.99098286011,0.549602279238,0.298101673102,6.00275212157,1.32203469344,0.65444015444,3.64839838982,0.803516312043,0.424066924067,1.46598870135,0.617305261806,4.52488236922,2.37481970761,1.46598870135,4.52488236922,0.0534715738147,0.0117056856187,7,0.000900900900901,0.176130521079,37,37,37,1,0,0.405405405405,0.540540540541,0.0540540540541,-174,-0.130630630631,0.649530889497,-9.40540540541,-7.90909090909,-4.97142857143,-0.376727295283,0.259243688961,0.155459030459,-3.5057394208,0.293338240027,0.109948294159,-4.40491495662,-0.0677485821621,-0.037763327237,0.825389131023,0.246005359088,2.52488236922,0.649530889497,0.825389131023,2.52488236922,-0.290599820433,-0.364863352038,-803,-0.103346203346,-0.393446307271,0,0,0,163,5,179,985,0.476608187135,0.994949494949,0.00505050505051,0.523391812865,0.970238095238,0.476608187135,0.639215686275,0.620489366951,0.471557682084,0.469740634006,12,186,0,0,0,0
1080,WLNM_dir_neg,0.432571684588,0.315296210519,00:00:05,10,30,20,1235778055,threshold_sweep,0.9,0.444444444444,0.0215053763441,0.0410256410256,4,5,182,367,0.0215053763441,0.986559139785,0.0134408602151,0.978494623656,0.444444444444,0.0215053763441,0.0410256410256,0.664874551971,0.661290322581,0.010582010582,0.0301785820142,0.00806451612903,342,156,186,0,342,0,156,0,186,37,342,0.256756756757,1.72528881811,18.4864864865,15.5454545455,9.77142857143,5.36771015539,0.290358590277,0.142642642643,9.50849154237,1.02869645341,0.544491860281,8.05331334643,0.871264894205,0.461830251304,0.640599570326,0.371299902718,2,1.72528881811,0.640599570326,2,0.344071394247,0.376569037657,810,0.104247104247,0.56957682835,37,37,37,1,0,0.405405405405,0.540540540541,0.0540540540541,37,0.117117117117,2.18635635636,8.43243243243,7.09090909091,4.45714285714,5.03620525429,0.597242289772,0.326923076923,6.00062559301,1.42322530091,0.680526680527,3.83793300225,0.910278981302,0.463617463617,1.32204914232,0.604681454823,4.3462962963,2.18635635636,1.32204914232,4.3462962963,0,0,0,0,0.160896782956,37,37,37,1,0,0.405405405405,0.540540540541,0.0540540540541,37,165,0.123873873874,2.43994492932,8.91891891892,7.5,4.71428571429,4.95747683571,0.555838311882,0.301392301392,5.97027169768,1.33878819887,0.659459459459,3.70880779433,0.831672050849,0.436691236691,1.57030398275,0.643581731654,4.7885518882,2.43994492932,1.57030398275,4.7885518882,0.0429232804233,0.00690448791715,4,0.000514800514801,0.17522973836,37,37,37,1,0,0.405405405405,0.540540540541,0.0540540540541,-177,-0.132882882883,0.714656111203,-9.56756756757,-8.04545454545,-5.05714285714,-0.410233319686,0.265479721605,0.15874965875,-3.53821984469,0.310091745459,0.114967599178,-4.34450555211,-0.039592843356,-0.0251390146127,0.929704412426,0.272281828937,2.7885518882,0.714656111203,0.929704412426,2.7885518882,-0.301148113824,-0.36966454974,-806,-0.103732303732,-0.39434708999,0,0,0,160,5,182,985,0.46783625731,0.994949494949,0.00505050505051,0.53216374269,0.969696969697,0.46783625731,0.631163708087,0.613667650575,0.462785752259,0.461095100865,9,186,0,0,0,0
1081,WLNM_dir_neg,0.468883685975,0.365932854555,00:00:05,10,30,21,1235778056,threshold_sweep,0.1,0.541666666667,0.139784946237,0.222222222222,26,22,160,350,0.139784946237,0.940860215054,0.0591397849462,0.860215053763,0.541666666667,0.139784946237,0.222222222222,0.673835125448,0.637992831541,0.0990099009901,0.135581536137,0.0806451612903,342,156,186,0,342,0,156,0,186,37,342,0.256756756757,1.72528881811,18.4864864865,15.5454545455,9.77142857143,5.36771015539,0.290358590277,0.142642642643,9.50849154237,1.02869645341,0.544491860281,8.05331334643,0.871264894205,0.461830251304,0.640599570326,0.371299902718,2,1.72528881811,0.640599570326,2,0.344071394247,0.376569037657,810,0.104247104247,0.56957682835,37,37,37,1,0,0.405405405405,0.540540540541,0.0540540540541,37,0.117117117117,2.18481481481,8.43243243243,7.09090909091,4.45714285714,5.03620525429,0.597242289772,0.326923076923,6.00062559301,1.42322530091,0.680526680527,3.83793300225,0.910278981302,0.463617463617,1.318977792,0.603702328937,4.32037037037,2.18481481481,1.318977792,4.32037037037,0,0,0,0,0.160896782956,37,37,37,1,0,0.405405405405,0.540540540541,0.0540540540541,37,204,0.153153153153,9.37852012738,11.027027027,6.58064516129,5.82857142857,4.87332014639,0.44194324857,0.237546369899,5.74756770595,1.04245100549,0.543720190779,3.61802295323,0.656210045439,0.358240593535,3.99720510798,0.426208511971,11.768671774,9.37852012738,3.99720510798,11.768671774,0.144237881124,0.0659477395272,53,0.00682110682111,0.185662277928,37,37,37,1,0,0.162162162162,0.783783783784,0.0540540540541,-138,-0.103603603604,7.65323130927,-7.45945945946,-8.96480938416,-3.94285714286,-0.494390008999,0.151584658293,0.0949037272567,-3.76092383642,0.013754552077,-0.00077166950232,-4.43529039321,-0.215054848766,-0.103589657769,3.35660553765,0.0549086092528,9.76867177401,7.65323130927,3.35660553765,9.76867177401,-0.199833513124,-0.31062129813,-757,-0.097425997426,-0.383914550422,-0.243243243243,0.243243243243,0,182,22,160,968,0.53216374269,0.977777777778,0.0222222222222,0.46783625731,0.892156862745,0.53216374269,0.666666666667,0.618559371864,0.509941520468,0.5,48,186,0,0,0,0
1082,WLNM_dir_neg,0.468883685975,0.365932854555,00:00:05,10,30,21,1235778056,threshold_sweep,0.2,0.575,0.123655913978,0.203539823009,23,17,163,355,0.123655913978,0.954301075269,0.0456989247312,0.876344086022,0.575,0.123655913978,0.203539823009,0.677419354839,0.642771804062,0.0969899665552,0.142458420405,0.0779569892473,342,156,186,0,342,0,156,0,186,37,342,0.256756756757,1.72528881811,18.4864864865,15.5454545455,9.77142857143,5.36771015539,0.290358590277,0.142642642643,9.50849154237,1.02869645341,0.544491860281,8.05331334643,0.871264894205,0.461830251304,0.640599570326,0.371299902718,2,1.72528881811,0.640599570326,2,0.344071394247,0.376569037657,810,0.104247104247,0.56957682835,37,37,37,1,0,0.405405405405,0.540540540541,0.0540540540541,37,0.117117117117,2.18481481481,8.43243243243,7.09090909091,4.45714285714,5.03620525429,0.597242289772,0.326923076923,6.00062559301,1.42322530091,0.680526680527,3.83793300225,0.910278981302,0.463617463617,1.318977792,0.603702328937,4.32037037037,2.18481481481,1.318977792,4.32037037037,0,0,0,0,0.160896782956,37,37,37,1,0,0.405405405405,0.540540540541,0.0540540540541,37,196,0.147147147147,9.54209046458,10.5945945946,6.32258064516,5.6,4.95232526451,0.467438864252,0.251792608935,5.72453231891,1.08065150918,0.558466629895,3.75547648157,0.708941988867,0.38554881412,4.08665164041,0.428276346318,11.9517460317,9.54209046458,4.08665164041,11.9517460317,0.133525236466,0.0499780797896,38,0.0048906048906,0.185210643237,37,37,37,1,0,0.162162162162,0.783783783784,0.0540540540541,-146,-0.10960960961,7.81680164647,-7.89189189189,-9.22287390029,-4.17142857143,-0.415384890881,0.177080273975,0.109149966293,-3.78395922346,0.0519550557676,0.0139747696139,-4.29783686487,-0.162322905338,-0.0762814371837,3.44605207008,0.0569764436,9.95174603175,7.81680164647,3.44605207008,9.95174603175,-0.210546157781,-0.326590957867,-772,-0.0993564993565,-0.384366185112,-0.243243243243,0.243243243243,0,179,17,163,973,0.523391812865,0.982828282828,0.0171717171717,0.476608187135,0.913265306122,0.523391812865,0.665427509294,0.624241777509,0.506220095694,0.49860724234,40,186,0,0,0,0
1083,WLNM_dir_neg,0.468883685975,0.365932854555,00:00:05,10,30,21,1235778056,threshold_sweep,0.3,0.564102564103,0.118279569892,0.195555555556,22,17,164,355,0.118279569892,0.954301075269,0.0456989247312,0.881720430108,0.564102564103,0.118279569892,0.195555555556,0.675627240143,0.643369175627,0.0904522613065,0.134193902831,0.0725806451613,342,156,186,0,342,0,156,0,186,37,342,0.256756756757,1.72528881811,18.4864864865,15.5454545455,9.77142857143,5.36771015539,0.290358590277,0.142642642643,9.50849154237,1.02869645341,0.544491860281,8.05331334643,0.871264894205,0.461830251304,0.640599570326,0.371299902718,2,1.72528881811,0.640599570326,2,0.344071394247,0.376569037657,810,0.104247104247,0.56957682835,37,37,37,1,0,0.405405405405,0.540540540541,0.0540540540541,37,0.117117117117,2.18481481481,8.43243243243,7.09090909091,4.45714285714,5.03620525429,0.597242289772,0.326923076923,6.00062559301,1.42322530091,0.680526680527,3.83793300225,0.910278981302,0.463617463617,1.318977792,0.603702328937,4.32037037037,2.18481481481,1.318977792,4.32037037037,0,0,0,0,0.160896782956,37,37,37,1,0,0.405405405405,0.540540540541,0.0540540540541,37,195,0.146396396396,9.53404740034,10.5405405405,6.29032258065,5.57142857143,5.00885102479,0.475198686968,0.256826056826,5.74286343913,1.08967152435,0.562162162162,3.75387687486,0.712274073691,0.387248787249,4.08026745778,0.427968027266,11.9046968725,9.53404740034,4.08026745778,11.9046968725,0.124880877822,0.0488556338028,37,0.0047619047619,0.183732148614,37,37,37,1,0,0.162162162162,0.783783783784,0.0540540540541,-147,-0.11036036036,7.80875858223,-7.94594594595,-9.25513196481,-4.2,-0.358859130598,0.184840096691,0.114183414183,-3.76562810325,0.0609750709327,0.0176703018808,-4.29943647158,-0.158990820514,-0.0745814640551,3.43966788746,0.0566681245481,9.90469687246,7.80875858223,3.43966788746,9.90469687246,-0.219190516425,-0.327713403854,-773,-0.0994851994852,-0.385844679736,-0.243243243243,0.243243243243,0,178,17,164,973,0.520467836257,0.982828282828,0.0171717171717,0.479532163743,0.912820512821,0.520467836257,0.662942271881,0.621951749609,0.503296119086,0.495821727019,39,186,0,0,0,0
1084,WLNM_dir_neg,0.468883685975,0.365932854555,00:00:05,10,30,21,1235778056,threshold_sweep,0.4,0.75,0.112903225806,0.196261682243,21,7,165,365,0.112903225806,0.981182795699,0.0188172043011,0.887096774194,0.75,0.112903225806,0.196261682243,0.691756272401,0.649940262843,0.119453924915,0.203159013843,0.0940860215054,342,156,186,0,342,0,156,0,186,37,342,0.256756756757,1.72528881811,18.4864864865,15.5454545455,9.77142857143,5.36771015539,0.290358590277,0.142642642643,9.50849154237,1.02869645341,0.544491860281,8.05331334643,0.871264894205,0.461830251304,0.640599570326,0.371299902718,2,1.72528881811,0.640599570326,2,0.344071394247,0.376569037657,810,0.104247104247,0.56957682835,37,37,37,1,0,0.405405405405,0.540540540541,0.0540540540541,37,0.117117117117,2.18481481481,8.43243243243,7.09090909091,4.45714285714,5.03620525429,0.597242289772,0.326923076923,6.00062559301,1.42322530091,0.680526680527,3.83793300225,0.910278981302,0.463617463617,1.318977792,0.603702328937,4.32037037037,2.18481481481,1.318977792,4.32037037037,0,0,0,0,0.160896782956,37,37,37,1,0,0.405405405405,0.540540540541,0.0540540540541,37,184,0.138138138138,2.65273639666,9.94594594595,8,5.25714285714,4.91565495775,0.494237047383,0.260282021152,5.94645779943,1.19575510097,0.614571092832,3.61698528924,0.727328563597,0.393948296122,1.68488531945,0.635149923516,4.62662337662,2.65273639666,1.68488531945,4.62662337662,0.117151208947,0.0367107195301,25,0.0032175032175,0.194101882884,37,37,37,1,0,0.378378378378,0.567567567568,0.0540540540541,-158,-0.118618618619,0.927447578545,-8.54054054054,-7.54545454545,-4.51428571429,-0.452055197642,0.203878457105,0.117639378509,-3.56203374295,0.167058647557,0.0700792325506,-4.43632805719,-0.143936330608,-0.0678819551817,1.04428574912,0.263850020798,2.62662337662,0.927447578545,1.04428574912,2.62662337662,-0.226920185301,-0.339858318127,-785,-0.10102960103,-0.375474945466,-0.027027027027,0.027027027027,0,177,7,165,983,0.517543859649,0.992929292929,0.00707070707071,0.482456140351,0.961956521739,0.517543859649,0.673003802281,0.646284441394,0.510473152578,0.507163323782,28,186,0,0,0,0
1085,WLNM_dir_neg,0.468883685975,0.365932854555,00:00:05,10,30,21,1235778056,threshold_sweep,0.5,0.730769230769,0.102150537634,0.179245283019,19,7,167,365,0.102150537634,0.981182795699,0.0188172043011,0.897849462366,0.730769230769,0.102150537634,0.179245283019,0.688172043011,0.651135005974,0.106164383562,0.18638210222,0.0833333333333,342,156,186,0,342,0,156,0,186,37,342,0.256756756757,1.72528881811,18.4864864865,15.5454545455,9.77142857143,5.36771015539,0.290358590277,0.142642642643,9.50849154237,1.02869645341,0.544491860281,8.05331334643,0.871264894205,0.461830251304,0.640599570326,0.371299902718,2,1.72528881811,0.640599570326,2,0.344071394247,0.376569037657,810,0.104247104247,0.56957682835,37,37,37,1,0,0.405405405405,0.540540540541,0.0540540540541,37,0.117117117117,2.18481481481,8.43243243243,7.09090909091,4.45714285714,5.03620525429,0.597242289772,0.326923076923,6.00062559301,1.42322530091,0.680526680527,3.83793300225,0.910278981302,0.463617463617,1.318977792,0.603702328937,4.32037037037,2.18481481481,1.318977792,4.32037037037,0,0,0,0,0.160896782956,37,37,37,1,0,0.405405405405,0.540540540541,0.0540540540541,37,182,0.136636636637,2.65946781332,9.83783783784,7.91304347826,5.2,4.8045898976,0.488378643437,0.255717255717,5.88962542847,1.19734143326,0.615978615979,3.6314856034,0.73826905124,0.399465399465,1.69240182309,0.636368605259,4.62662337662,2.65946781332,1.69240182309,4.62662337662,0.111271953068,0.0347432024169,23,0.0029601029601,0.192333019917,37,37,37,1,0,0.378378378378,0.567567567568,0.0540540540541,-160,-0.12012012012,0.934178995207,-8.64864864865,-7.63241106719,-4.57142857143,-0.563120257797,0.19802005316,0.113074613075,-3.6188661139,0.168644979846,0.0714867556973,-4.42182774304,-0.132995842965,-0.0623648518385,1.05180225277,0.265068702541,2.62662337662,0.934178995207,1.05180225277,2.62662337662,-0.23279944118,-0.34182583524,-787,-0.101287001287,-0.377243808433,-0.027027027027,0.027027027027,0,175,7,167,983,0.511695906433,0.992929292929,0.00707070707071,0.488304093567,0.961538461538,0.511695906433,0.667938931298,0.641822547758,0.504625199362,0.501432664756,26,186,0,0,0,0
1086,WLNM_dir_neg,0.468883685975,0.365932854555,00:00:05,10,30,21,1235778056,threshold_sweep,0.6,0.75,0.0967741935484,0.171428571429,18,6,168,366,0.0967741935484,0.983870967742,0.0161290322581,0.903225806452,0.75,0.0967741935484,0.171428571429,0.688172043011,0.652329749104,0.103092783505,0.187382922249,0.0806451612903,342,156,186,0,342,0,156,0,186,37,342,0.256756756757,1.72528881811,18.4864864865,15.5454545455,9.77142857143,5.36771015539,0.290358590277,0.142642642643,9.50849154237,1.02869645341,0.544491860281,8.05331334643,0.871264894205,0.461830251304,0.640599570326,0.371299902718,2,1.72528881811,0.640599570326,2,0.344071394247,0.376569037657,810,0.104247104247,0.56957682835,37,37,37,1,0,0.405405405405,0.540540540541,0.0540540540541,37,0.117117117117,2.18481481481,8.43243243243,7.09090909091,4.45714285714,5.03620525429,0.597242289772,0.326923076923,6.00062559301,1.42322530091,0.680526680527,3.83793300225,0.910278981302,0.463617463617,1.318977792,0.603702328937,4.32037037037,2.18481481481,1.318977792,4.32037037037,0,0,0,0,0.160896782956,37,37,37,1,0,0.405405405405,0.540540540541,0.0540540540541,37,180,0.135135135135,2.42533077456,9.72972972973,7.82608695652,5.14285714286,4.79958706933,0.493290893236,0.26036036036,5.90744427802,1.21430799048,0.621621621622,3.63747594236,0.747703388151,0.403903903904,1.4104331496,0.581542593858,3.75858379986,2.42533077456,1.4104331496,3.75858379986,0.0998661863987,0.0276923076923,18,0.0023166023166,0.189932048781,37,37,37,1,0,0.378378378378,0.567567567568,0.0540540540541,-162,-0.121621621622,0.700041956441,-8.75675675676,-7.71936758893,-4.62857142857,-0.568123086068,0.202932302959,0.117717717718,-3.60104726436,0.185611537067,0.0771297613403,-4.41583740408,-0.123561506054,-0.0579263474,0.769833579274,0.21024269114,1.75858379986,0.700041956441,0.769833579274,1.75858379986,-0.244205207849,-0.348876729965,-792,-0.101930501931,-0.379644779569,-0.027027027027,0.027027027027,0,174,6,168,984,0.508771929825,0.993939393939,0.00606060606061,0.491228070175,0.966666666667,0.508771929825,0.666666666667,0.642372330965,0.502711323764,0.5,24,186,0,0,0,0
1087,WLNM_dir_neg,0.468883685975,0.365932854555,00:00:05,10,30,21,1235778056,threshold_sweep,0.7,0.684210526316,0.0698924731183,0.126829268293,13,6,173,366,0.0698924731183,0.983870967742,0.0161290322581,0.930107526882,0.684210526316,0.0698924731183,0.126829268293,0.679211469534,0.65531660693,0.0693240901213,0.139747425156,0.0537634408602,342,156,186,0,342,0,156,0,186,37,342,0.256756756757,1.72528881811,18.4864864865,15.5454545455,9.77142857143,5.36771015539,0.290358590277,0.142642642643,9.50849154237,1.02869645341,0.544491860281,8.05331334643,0.871264894205,0.461830251304,0.640599570326,0.371299902718,2,1.72528881811,0.640599570326,2,0.344071394247,0.376569037657,810,0.104247104247,0.56957682835,37,37,37,1,0,0.405405405405,0.540540540541,0.0540540540541,37,0.117117117117,2.18481481481,8.43243243243,7.09090909091,4.45714285714,5.03620525429,0.597242289772,0.326923076923,6.00062559301,1.42322530091,0.680526680527,3.83793300225,0.910278981302,0.463617463617,1.318977792,0.603702328937,4.32037037037,2.18481481481,1.318977792,4.32037037037,0,0,0,0,0.160896782956,37,37,37,1,0,0.405405405405,0.540540540541,0.0540540540541,37,175,0.131381381381,2.42361735366,9.45945945946,7.60869565217,5,4.7992742194,0.507351846051,0.268725868726,5.85779940027,1.23850615891,0.627335907336,3.67913522938,0.77787430564,0.417915057915,1.40759410504,0.58078231818,3.71547775432,2.42361735366,1.40759410504,3.71547775432,0.101113110014,0.0241805480924,15,0.0019305019305,0.183299386318,37,37,37,1,0,0.378378378378,0.567567567568,0.0540540540541,-167,-0.125375375375,0.698328535541,-9.02702702703,-7.93675889328,-4.77142857143,-0.56843593599,0.216993255774,0.126083226083,-3.6506921421,0.2098097055,0.0828440470546,-4.37417811706,-0.0933905885654,-0.0439151933889,0.766994534712,0.209482415463,1.71547775432,0.698328535541,0.766994534712,1.71547775432,-0.242958284233,-0.352388489564,-795,-0.102316602317,-0.386277442032,-0.027027027027,0.027027027027,0,169,6,173,984,0.494152046784,0.993939393939,0.00606060606061,0.505847953216,0.965714285714,0.494152046784,0.653771760155,0.631169694818,0.488091440723,0.485632183908,19,186,0,0,0,0
1088,WLNM_dir_neg,0.468883685975,0.365932854555,00:00:05,10,30,21,1235778056,threshold_sweep,0.8,0.666666666667,0.0645161290323,0.117647058824,12,6,174,366,0.0645161290323,0.983870967742,0.0161290322581,0.935483870968,0.666666666667,0.0645161290323,0.117647058824,0.677419354839,0.655913978495,0.0625,0.129099444874,0.0483870967742,342,156,186,0,342,0,156,0,186,37,342,0.256756756757,1.72528881811,18.4864864865,15.5454545455,9.77142857143,5.36771015539,0.290358590277,0.142642642643,9.50849154237,1.02869645341,0.544491860281,8.05331334643,0.871264894205,0.461830251304,0.640599570326,0.371299902718,2,1.72528881811,0.640599570326,2,0.344071394247,0.376569037657,810,0.104247104247,0.56957682835,37,37,37,1,0,0.405405405405,0.540540540541,0.0540540540541,37,0.117117117117,2.18481481481,8.43243243243,7.09090909091,4.45714285714,5.03620525429,0.597242289772,0.326923076923,6.00062559301,1.42322530091,0.680526680527,3.83793300225,0.910278981302,0.463617463617,1.318977792,0.603702328937,4.32037037037,2.18481481481,1.318977792,4.32037037037,0,0,0,0,0.160896782956,37,37,37,1,0,0.405405405405,0.540540540541,0.0540540540541,37,174,0.130630630631,2.41550331856,9.40540540541,7.5652173913,4.97142857143,4.82159182716,0.512640510359,0.272444858652,5.85882461129,1.24584201504,0.628766697732,3.66564277268,0.779475762008,0.41907424666,1.39662868564,0.578193652191,3.69458128079,2.41550331856,1.39662868564,3.69458128079,0.099464313938,0.0211038961039,13,0.0016731016731,0.181049630896,37,37,37,1,0,0.378378378378,0.567567567568,0.0540540540541,-168,-0.126126126126,0.690214500443,-9.08108108108,-7.98023715415,-4.8,-0.546118328232,0.222281920082,0.129802216009,-3.64966693109,0.217145561629,0.0842748374509,-4.38767057375,-0.0917891321972,-0.0427560046435,0.75602911531,0.206893749473,1.69458128079,0.690214500443,0.75602911531,1.69458128079,-0.244607080309,-0.355465141553,-797,-0.102574002574,-0.388527197454,-0.027027027027,0.027027027027,0,168,6,174,984,0.491228070175,0.993939393939,0.00606060606061,0.508771929825,0.965517241379,0.491228070175,0.651162790698,0.628917117663,0.485167464115,0.48275862069,18,186,0,0,0,0
1089,WLNM_dir_neg,0.468883685975,0.365932854555,00:00:05,10,30,21,1235778056,threshold_sweep,0.9,0.714285714286,0.0537634408602,0.1,10,4,176,368,0.0537634408602,0.989247311828,0.010752688172,0.94623655914,0.714285714286,0.0537634408602,0.1,0.677419354839,0.658303464755,0.0559440559441,0.12964074471,0.0430107526882,342,156,186,0,342,0,156,0,186,37,342,0.256756756757,1.72528881811,18.4864864865,15.5454545455,9.77142857143,5.36771015539,0.290358590277,0.142642642643,9.50849154237,1.02869645341,0.544491860281,8.05331334643,0.871264894205,0.461830251304,0.640599570326,0.371299902718,2,1.72528881811,0.640599570326,2,0.344071394247,0.376569037657,810,0.104247104247,0.56957682835,37,37,37,1,0,0.405405405405,0.540540540541,0.0540540540541,37,0.117117117117,2.18481481481,8.43243243243,7.09090909091,4.45714285714,5.03620525429,0.597242289772,0.326923076923,6.00062559301,1.42322530091,0.680526680527,3.83793300225,0.910278981302,0.463617463617,1.318977792,0.603702328937,4.32037037037,2.18481481481,1.318977792,4.32037037037,0,0,0,0,0.160896782956,37,37,37,1,0,0.405405405405,0.540540540541,0.0540540540541,37,170,0.127627627628,2.48747854998,9.18918918919,7.39130434783,4.85714285714,4.75416681471,0.517365212189,0.277742448331,5.8758425375,1.2788598464,0.637519872814,3.71527970728,0.808619700996,0.430842607313,1.49212128045,0.59985292354,4.14285714286,2.48747854998,1.49212128045,4.14285714286,0.062374437684,0.0118845500849,7,0.000900900900901,0.174390876245,37,37,37,1,0,0.378378378378,0.567567567568,0.0540540540541,-172,-0.129129129129,0.762189731864,-9.2972972973,-8.15415019763,-4.91428571429,-0.613543340682,0.227006621912,0.135099805688,-3.63264900487,0.250163392983,0.0930280125327,-4.33803363916,-0.0626451932093,-0.0309876439907,0.851521710122,0.228553020823,2.14285714286,0.762189731864,0.851521710122,2.14285714286,-0.281696956563,-0.364684487572,-803,-0.103346203346,-0.395185952105,-0.027027027027,0.027027027027,0,166,4,176,986,0.485380116959,0.99595959596,0.0040404040404,0.514619883041,0.976470588235,0.485380116959,0.6484375,0.630165786252,0.481339712919,0.479768786127,14,186,0,0,0,0
1090,WLNM_dir_neg,0.414079662389,0.324993804735,00:00:05,10,30,22,1235778057,threshold_sweep,0.1,0.377049180328,0.123655913978,0.186234817814,23,38,163,334,0.123655913978,0.897849462366,0.102150537634,0.876344086022,0.377049180328,0.123655913978,0.186234817814,0.639784946237,0.630227001195,0.0258481421648,0.0324886658439,0.0215053763441,342,156,186,0,342,0,156,0,186,37,342,0.256756756757,1.72528881811,18.4864864865,15.5454545455,9.77142857143,5.36771015539,0.290358590277,0.142642642643,9.50849154237,1.02869645341,0.544491860281,8.05331334643,0.871264894205,0.461830251304,0.640599570326,0.371299902718,2,1.72528881811,0.640599570326,2,0.344071394247,0.376569037657,810,0.104247104247,0.56957682835,37,37,37,1,0,0.405405405405,0.540540540541,0.0540540540541,37,0.117117117117,2.21261261261,8.43243243243,7.09090909091,4.45714285714,5.04722443274,0.598549051319,0.327616077616,6.00525295579,1.42432281644,0.680873180873,3.83793300225,0.910278981302,0.463617463617,1.39215458577,0.629190386892,5.2,2.21261261261,1.39215458577,5.2,0,0,0,0,0.161113233172,37,37,37,1,0,0.405405405405,0.540540540541,0.0540540540541,37,217,0.162912912913,NaN,11.7297297297,5.86486486486,5.86486486486,4.83993026034,0.412620782563,0.223813675427,5.37050671188,0.915708517694,0.474529829369,3.78712850882,0.645731589062,0.346244862374,NaN,NaN,NaN,NaN,NaN,NaN,0.142847440912,0.0883435582822,72,0.00926640926641,0.15451152935,37,37,0,1,2,0,1,0,-125,-0.0938438438438,NaN,-6.75675675676,-9.68058968059,-3.90656370656,-0.527779895056,0.122262192286,0.0811710327839,-4.1379848305,-0.112987935721,-0.0699620309128,-4.26618483761,-0.225533305143,-0.11558538893,NaN,NaN,NaN,NaN,NaN,NaN,-0.201223953335,-0.288225479375,-738,-0.0949806949807,-0.415065299,-0.405405405405,0.459459459459,-0.0540540540541,179,38,163,952,0.523391812865,0.961616161616,0.0383838383838,0.476608187135,0.824884792627,0.523391812865,0.640429338104,0.573736168796,0.485007974482,0.471052631579,61,186,0,0,0,0
1091,WLNM_dir_neg,0.414079662389,0.324993804735,00:00:05,10,30,22,1235778057,threshold_sweep,0.2,0.487179487179,0.102150537634,0.168888888889,19,20,167,352,0.102150537634,0.94623655914,0.0537634408602,0.897849462366,0.487179487179,0.102150537634,0.168888888889,0.664874551971,0.643369175627,0.0603015075377,0.0894626018876,0.0483870967742,342,156,186,0,342,0,156,0,186,37,342,0.256756756757,1.72528881811,18.4864864865,15.5454545455,9.77142857143,5.36771015539,0.290358590277,0.142642642643,9.50849154237,1.02869645341,0.544491860281,8.05331334643,0.871264894205,0.461830251304,0.640599570326,0.371299902718,2,1.72528881811,0.640599570326,2,0.344071394247,0.376569037657,810,0.104247104247,0.56957682835,37,37,37,1,0,0.405405405405,0.540540540541,0.0540540540541,37,0.117117117117,2.21261261261,8.43243243243,7.09090909091,4.45714285714,5.04722443274,0.598549051319,0.327616077616,6.00525295579,1.42432281644,0.680873180873,3.83793300225,0.910278981302,0.463617463617,1.39215458577,0.629190386892,5.2,2.21261261261,1.39215458577,5.2,0,0,0,0,0.161113233172,37,37,37,1,0,0.405405405405,0.540540540541,0.0540540540541,37,195,0.146396396396,12.7800480011,10.5405405405,6.09375,5.27027027027,4.49440760275,0.426392516159,0.228413028413,5.70890458771,1.08322804998,0.561884961885,3.73161157209,0.708049375216,0.376715176715,5.01238318252,0.392203783748,15.5105086012,12.7800480011,5.01238318252,15.5105086012,0.150257650799,0.0777417862101,56,0.00720720720721,0.191831086395,37,37,37,1,0,0.135135135135,0.864864864865,0,-147,-0.11036036036,11.054759183,-7.94594594595,-9.45170454545,-4.50115830116,-0.873302552639,0.136033925882,0.0857703857704,-3.79958695466,0.0545315965612,0.0173931016036,-4.32170177435,-0.163215518989,-0.0851150745888,4.37178361219,0.0209038810307,13.5105086012,11.054759183,4.37178361219,13.5105086012,-0.193813743448,-0.298827251447,-754,-0.0970398970399,-0.377745741955,-0.27027027027,0.324324324324,-0.0540540540541,175,20,167,970,0.511695906433,0.979797979798,0.020202020202,0.488304093567,0.897435897436,0.511695906433,0.651769087523,0.607367056632,0.491493886231,0.483425414365,39,186,0,0,0,0
1092,WLNM_dir_neg,0.414079662389,0.324993804735,00:00:05,10,30,22,1235778057,threshold_sweep,0.3,0.5,0.102150537634,0.169642857143,19,19,167,353,0.102150537634,0.948924731183,0.0510752688172,0.897849462366,0.5,0.102150537634,0.169642857143,0.666666666667,0.643966547192,0.0637583892617,0.0955751818445,0.0510752688172,342,156,186,0,342,0,156,0,186,37,342,0.256756756757,1.72528881811,18.4864864865,15.5454545455,9.77142857143,5.36771015539,0.290358590277,0.142642642643,9.50849154237,1.02869645341,0.544491860281,8.05331334643,0.871264894205,0.461830251304,0.640599570326,0.371299902718,2,1.72528881811,0.640599570326,2,0.344071394247,0.376569037657,810,0.104247104247,0.56957682835,37,37,37,1,0,0.405405405405,0.540540540541,0.0540540540541,37,0.117117117117,2.21261261261,8.43243243243,7.09090909091,4.45714285714,5.04722443274,0.598549051319,0.327616077616,6.00525295579,1.42432281644,0.680873180873,3.83793300225,0.910278981302,0.463617463617,1.39215458577,0.629190386892,5.2,2.21261261261,1.39215458577,5.2,0,0,0,0,0.161113233172,37,37,37,1,0,0.405405405405,0.540540540541,0.0540540540541,37,194,0.145645645646,14.8047280257,10.4864864865,6.0625,5.24324324324,4.48839009508,0.428016581232,0.229590415157,5.7271546426,1.09229238029,0.565059905266,3.75947252066,0.717012800333,0.382000557258,5.95844377896,0.402468979411,19.4631934099,14.8047280257,5.95844377896,19.4631934099,0.153861254403,0.0785046728972,56,0.00720720720721,0.200906867245,37,37,37,1,0,0.135135135135,0.864864864865,0,-148,-0.111111111111,13.0794392076,-8,-9.48295454545,-4.52818532819,-0.87932006031,0.137657990955,0.0869477725148,-3.78133689977,0.0635959268756,0.0205680449848,-4.29384082577,-0.154252093872,-0.0798296940456,5.31784420864,0.0311690766928,17.4631934099,13.0794392076,5.31784420864,17.4631934099,-0.190210139844,-0.29806436476,-754,-0.0970398970399,-0.368669961105,-0.27027027027,0.324324324324,-0.0540540540541,175,19,167,971,0.511695906433,0.980808080808,0.0191919191919,0.488304093567,0.90206185567,0.511695906433,0.652985074627,0.609913723159,0.492503987241,0.484764542936,38,186,0,0,0,0
1093,WLNM_dir_neg,0.414079662389,0.324993804735,00:00:05,10,30,22,1235778057,threshold_sweep,0.4,0.678571428571,0.102150537634,0.177570093458,19,9,167,363,0.102150537634,0.975806451613,0.0241935483871,0.897849462366,0.678571428571,0.102150537634,0.177570093458,0.68458781362,0.649940262843,0.098976109215,0.168331754327,0.0779569892473,342,156,186,0,342,0,156,0,186,37,342,0.256756756757,1.72528881811,18.4864864865,15.5454545455,9.77142857143,5.36771015539,0.290358590277,0.142642642643,9.50849154237,1.02869645341,0.544491860281,8.05331334643,0.871264894205,0.461830251304,0.640599570326,0.371299902718,2,1.72528881811,0.640599570326,2,0.344071394247,0.376569037657,810,0.104247104247,0.56957682835,37,37,37,1,0,0.405405405405,0.540540540541,0.0540540540541,37,0.117117117117,2.21261261261,8.43243243243,7.09090909091,4.45714285714,5.04722443274,0.598549051319,0.327616077616,6.00525295579,1.42432281644,0.680873180873,3.83793300225,0.910278981302,0.463617463617,1.39215458577,0.629190386892,5.2,2.21261261261,1.39215458577,5.2,0,0,0,0,0.161113233172,37,37,37,1,0,0.405405405405,0.540540540541,0.0540540540541,37,184,0.138138138138,2.11858298657,9.94594594595,8.36363636364,4.97297297297,4.12274144193,0.414514764542,0.220475910693,5.94645779943,1.19575510097,0.620740305523,3.45998142646,0.695757134669,0.372209165687,1.18038752711,0.557158975879,3.44392362592,2.11858298657,1.18038752711,3.44392362592,0.137292009351,0.0550026191723,35,0.0045045045045,0.19425120509,37,37,37,1,0,0.405405405405,0.594594594595,0,-158,-0.118618618619,0.393294168455,-8.54054054054,-7.18181818182,-4.79845559846,-1.24496871346,0.124156174265,0.0778332680507,-3.56203374295,0.167058647557,0.0762484452416,-4.59333191997,-0.175507759536,-0.0896210856165,0.539787956786,0.185859073161,1.44392362592,0.393294168455,0.539787956786,1.44392362592,-0.206779384897,-0.321566418485,-775,-0.0997425997426,-0.37532562326,0,0.0540540540541,-0.0540540540541,175,9,167,981,0.511695906433,0.990909090909,0.00909090909091,0.488304093567,0.951086956522,0.511695906433,0.665399239544,0.636322964897,0.502604997342,0.498575498575,28,186,0,0,0,0
1094,WLNM_dir_neg,0.414079662389,0.324993804735,00:00:05,10,30,22,1235778057,threshold_sweep,0.5,0.678571428571,0.102150537634,0.177570093458,19,9,167,363,0.102150537634,0.975806451613,0.0241935483871,0.897849462366,0.678571428571,0.102150537634,0.177570093458,0.68458781362,0.649940262843,0.098976109215,0.168331754327,0.0779569892473,342,156,186,0,342,0,156,0,186,37,342,0.256756756757,1.72528881811,18.4864864865,15.5454545455,9.77142857143,5.36771015539,0.290358590277,0.142642642643,9.50849154237,1.02869645341,0.544491860281,8.05331334643,0.871264894205,0.461830251304,0.640599570326,0.371299902718,2,1.72528881811,0.640599570326,2,0.344071394247,0.376569037657,810,0.104247104247,0.56957682835,37,37,37,1,0,0.405405405405,0.540540540541,0.0540540540541,37,0.117117117117,2.21261261261,8.43243243243,7.09090909091,4.45714285714,5.04722443274,0.598549051319,0.327616077616,6.00525295579,1.42432281644,0.680873180873,3.83793300225,0.910278981302,0.463617463617,1.39215458577,0.629190386892,5.2,2.21261261261,1.39215458577,5.2,0,0,0,0,0.161113233172,37,37,37,1,0,0.405405405405,0.540540540541,0.0540540540541,37,184,0.138138138138,2.11858298657,9.94594594595,8.36363636364,4.97297297297,4.12274144193,0.414514764542,0.220475910693,5.94645779943,1.19575510097,0.620740305523,3.45998142646,0.695757134669,0.372209165687,1.18038752711,0.557158975879,3.44392362592,2.11858298657,1.18038752711,3.44392362592,0.137292009351,0.0550026191723,35,0.0045045045045,0.19425120509,37,37,37,1,0,0.405405405405,0.594594594595,0,-158,-0.118618618619,0.393294168455,-8.54054054054,-7.18181818182,-4.79845559846,-1.24496871346,0.124156174265,0.0778332680507,-3.56203374295,0.167058647557,0.0762484452416,-4.59333191997,-0.175507759536,-0.0896210856165,0.539787956786,0.185859073161,1.44392362592,0.393294168455,0.539787956786,1.44392362592,-0.206779384897,-0.321566418485,-775,-0.0997425997426,-0.37532562326,0,0.0540540540541,-0.0540540540541,175,9,167,981,0.511695906433,0.990909090909,0.00909090909091,0.488304093567,0.951086956522,0.511695906433,0.665399239544,0.636322964897,0.502604997342,0.498575498575,28,186,0,0,0,0
1095,WLNM_dir_neg,0.414079662389,0.324993804735,00:00:05,10,30,22,1235778057,threshold_sweep,0.6,0.692307692308,0.0967741935484,0.169811320755,18,8,168,364,0.0967741935484,0.978494623656,0.0215053763441,0.903225806452,0.692307692308,0.0967741935484,0.169811320755,0.68458781362,0.651135005974,0.0958904109589,0.168345124585,0.0752688172043,342,156,186,0,342,0,156,0,186,37,342,0.256756756757,1.72528881811,18.4864864865,15.5454545455,9.77142857143,5.36771015539,0.290358590277,0.142642642643,9.50849154237,1.02869645341,0.544491860281,8.05331334643,0.871264894205,0.461830251304,0.640599570326,0.371299902718,2,1.72528881811,0.640599570326,2,0.344071394247,0.376569037657,810,0.104247104247,0.56957682835,37,37,37,1,0,0.405405405405,0.540540540541,0.0540540540541,37,0.117117117117,2.21261261261,8.43243243243,7.09090909091,4.45714285714,5.04722443274,0.598549051319,0.327616077616,6.00525295579,1.42432281644,0.680873180873,3.83793300225,0.910278981302,0.463617463617,1.39215458577,0.629190386892,5.2,2.21261261261,1.39215458577,5.2,0,0,0,0,0.161113233172,37,37,37,1,0,0.405405405405,0.540540540541,0.0540540540541,37,182,0.136636636637,2.13026384892,9.83783783784,8.27272727273,4.91891891892,4.19995709974,0.426918716182,0.227205227205,5.95062264893,1.20974196709,0.624888624889,3.4751369148,0.706483878283,0.375705375705,1.20303093565,0.564733301115,3.66832247835,2.13026384892,1.20303093565,3.66832247835,0.135086557145,0.0477707006369,30,0.003861003861,0.191713754945,37,37,37,1,0,0.405405405405,0.594594594595,0,-160,-0.12012012012,0.404975030805,-8.64864864865,-7.27272727273,-4.85250965251,-1.16775305566,0.136560125905,0.0845625845626,-3.55786889345,0.181045513675,0.0803967646073,-4.57817643164,-0.164781015922,-0.0861248755986,0.56243136532,0.193433398397,1.66832247835,0.404975030805,0.56243136532,1.66832247835,-0.208984837102,-0.32879833702,-780,-0.100386100386,-0.377863073405,0,0.0540540540541,-0.0540540540541,174,8,168,982,0.508771929825,0.991919191919,0.00808080808081,0.491228070175,0.956043956044,0.508771929825,0.664122137405,0.636818874292,0.500691121744,0.497142857143,26,186,0,0,0,0
1096,WLNM_dir_neg,0.414079662389,0.324993804735,00:00:05,10,30,22,1235778057,threshold_sweep,0.7,0.692307692308,0.0967741935484,0.169811320755,18,8,168,364,0.0967741935484,0.978494623656,0.0215053763441,0.903225806452,0.692307692308,0.0967741935484,0.169811320755,0.68458781362,0.651135005974,0.0958904109589,0.168345124585,0.0752688172043,342,156,186,0,342,0,156,0,186,37,342,0.256756756757,1.72528881811,18.4864864865,15.5454545455,9.77142857143,5.36771015539,0.290358590277,0.142642642643,9.50849154237,1.02869645341,0.544491860281,8.05331334643,0.871264894205,0.461830251304,0.640599570326,0.371299902718,2,1.72528881811,0.640599570326,2,0.344071394247,0.376569037657,810,0.104247104247,0.56957682835,37,37,37,1,0,0.405405405405,0.540540540541,0.0540540540541,37,0.117117117117,2.21261261261,8.43243243243,7.09090909091,4.45714285714,5.04722443274,0.598549051319,0.327616077616,6.00525295579,1.42432281644,0.680873180873,3.83793300225,0.910278981302,0.463617463617,1.39215458577,0.629190386892,5.2,2.21261261261,1.39215458577,5.2,0,0,0,0,0.161113233172,37,37,37,1,0,0.405405405405,0.540540540541,0.0540540540541,37,182,0.136636636637,2.13026384892,9.83783783784,8.27272727273,4.91891891892,4.19995709974,0.426918716182,0.227205227205,5.95062264893,1.20974196709,0.624888624889,3.4751369148,0.706483878283,0.375705375705,1.20303093565,0.564733301115,3.66832247835,2.13026384892,1.20303093565,3.66832247835,0.135086557145,0.0477707006369,30,0.003861003861,0.191713754945,37,37,37,1,0,0.405405405405,0.594594594595,0,-160,-0.12012012012,0.404975030805,-8.64864864865,-7.27272727273,-4.85250965251,-1.16775305566,0.136560125905,0.0845625845626,-3.55786889345,0.181045513675,0.0803967646073,-4.57817643164,-0.164781015922,-0.0861248755986,0.56243136532,0.193433398397,1.66832247835,0.404975030805,0.56243136532,1.66832247835,-0.208984837102,-0.32879833702,-780,-0.100386100386,-0.377863073405,0,0.0540540540541,-0.0540540540541,174,8,168,982,0.508771929825,0.991919191919,0.00808080808081,0.491228070175,0.956043956044,0.508771929825,0.664122137405,0.636818874292,0.500691121744,0.497142857143,26,186,0,0,0,0
1097,WLNM_dir_neg,0.414079662389,0.324993804735,00:00:05,10,30,22,1235778057,threshold_sweep,0.8,0.72,0.0967741935484,0.170616113744,18,7,168,365,0.0967741935484,0.981182795699,0.0188172043011,0.903225806452,0.72,0.0967741935484,0.170616113744,0.686379928315,0.651732377539,0.0994854202401,0.177643528631,0.0779569892473,342,156,186,0,342,0,156,0,186,37,342,0.256756756757,1.72528881811,18.4864864865,15.5454545455,9.77142857143,5.36771015539,0.290358590277,0.142642642643,9.50849154237,1.02869645341,0.544491860281,8.05331334643,0.871264894205,0.461830251304,0.640599570326,0.371299902718,2,1.72528881811,0.640599570326,2,0.344071394247,0.376569037657,810,0.104247104247,0.56957682835,37,37,37,1,0,0.405405405405,0.540540540541,0.0540540540541,37,0.117117117117,2.21261261261,8.43243243243,7.09090909091,4.45714285714,5.04722443274,0.598549051319,0.327616077616,6.00525295579,1.42432281644,0.680873180873,3.83793300225,0.910278981302,0.463617463617,1.39215458577,0.629190386892,5.2,2.21261261261,1.39215458577,5.2,0,0,0,0,0.161113233172,37,37,37,1,0,0.405405405405,0.540540540541,0.0540540540541,37,181,0.135885885886,2.13189218913,9.78378378378,8.22727272727,4.89189189189,4.22384195264,0.431718652617,0.229057787069,5.93381919258,1.21299066368,0.625653277587,3.49431112098,0.714306693239,0.378677019561,1.20591376621,0.565654197882,3.68191579888,2.13189218913,1.20591376621,3.68191579888,0.127493249552,0.0449438202247,28,0.0036036036036,0.191142128399,37,37,37,1,0,0.405405405405,0.594594594595,0,-161,-0.120870870871,0.406603371012,-8.7027027027,-7.31818181818,-4.87953667954,-1.14386820276,0.14136006234,0.0864151444262,-3.5746723498,0.184294210261,0.0811614173056,-4.55900222545,-0.156958200966,-0.0831532317429,0.565314195885,0.194354295164,1.68191579888,0.406603371012,0.565314195885,1.68191579888,-0.216578144695,-0.331625217432,-782,-0.100643500644,-0.378434699951,0,0.0540540540541,-0.0540540540541,174,7,168,983,0.508771929825,0.992929292929,0.00707070707071,0.491228070175,0.961325966851,0.508771929825,0.665391969407,0.639585870017,0.501701222754,0.498567335244,25,186,0,0,0,0
1098,WLNM_dir_neg,0.414079662389,0.324993804735,00:00:05,10,30,22,1235778057,threshold_sweep,0.9,0.761904761905,0.0860215053763,0.154589371981,16,5,170,367,0.0860215053763,0.986559139785,0.0134408602151,0.913978494624,0.761904761905,0.0860215053763,0.154589371981,0.686379928315,0.654121863799,0.0932642487047,0.179784388024,0.0725806451613,342,156,186,0,342,0,156,0,186,37,342,0.256756756757,1.72528881811,18.4864864865,15.5454545455,9.77142857143,5.36771015539,0.290358590277,0.142642642643,9.50849154237,1.02869645341,0.544491860281,8.05331334643,0.871264894205,0.461830251304,0.640599570326,0.371299902718,2,1.72528881811,0.640599570326,2,0.344071394247,0.376569037657,810,0.104247104247,0.56957682835,37,37,37,1,0,0.405405405405,0.540540540541,0.0540540540541,37,0.117117117117,2.21261261261,8.43243243243,7.09090909091,4.45714285714,5.04722443274,0.598549051319,0.327616077616,6.00525295579,1.42432281644,0.680873180873,3.83793300225,0.910278981302,0.463617463617,1.39215458577,0.629190386892,5.2,2.21261261261,1.39215458577,5.2,0,0,0,0,0.161113233172,37,37,37,1,0,0.405405405405,0.540540540541,0.0540540540541,37,177,0.132882882883,2.18221325741,9.56756756757,8.04545454545,4.78378378378,4.4066902454,0.460586268587,0.245839059398,5.96813359591,1.24757594943,0.637043823485,3.53659546846,0.739288318265,0.392120934494,1.30994991251,0.600285012503,4.48539801189,2.18221325741,1.30994991251,4.48539801189,0.128372700432,0.0345016429354,21,0.0027027027027,0.185482736906,37,37,37,1,0,0.405405405405,0.594594594595,0,-165,-0.123873873874,0.456924439291,-8.91891891892,-7.5,-4.98764478764,-0.961019909992,0.17022767831,0.103196416756,-3.54035794647,0.218879496013,0.0925519632032,-4.51671787798,-0.13197657594,-0.0697093168101,0.66935034218,0.228985109785,2.48539801189,0.456924439291,0.66935034218,2.48539801189,-0.215698693816,-0.342067394722,-789,-0.101544401544,-0.384094091444,0,0.0540540540541,-0.0540540540541,172,5,170,985,0.502923976608,0.994949494949,0.00505050505051,0.497076023392,0.971751412429,0.502923976608,0.662813102119,0.640725503732,0.497873471558,0.495677233429,21,186,0,0,0,0
1099,WLNM_dir_neg,0.436285986819,0.371170423204,00:00:05,10,30,23,1235778058,threshold_sweep,0.1,0.5625,0.145161290323,0.230769230769,27,21,159,351,0.145161290323,0.943548387097,0.0564516129032,0.854838709677,0.5625,0.145161290323,0.230769230769,0.677419354839,0.637992831541,0.108910891089,0.14913968975,0.0887096774194,342,156,186,0,342,0,156,0,186,37,342,0.256756756757,1.72528881811,18.4864864865,15.5454545455,9.77142857143,5.36771015539,0.290358590277,0.142642642643,9.50849154237,1.02869645341,0.544491860281,8.05331334643,0.871264894205,0.461830251304,0.640599570326,0.371299902718,2,1.72528881811,0.640599570326,2,0.344071394247,0.376569037657,810,0.104247104247,0.56957682835,37,37,37,1,0,0.405405405405,0.540540540541,0.0540540540541,37,0.117117117117,2.18635635636,8.43243243243,7.09090909091,4.45714285714,5.03620525429,0.597242289772,0.326923076923,6.00062559301,1.42322530091,0.680526680527,3.83793300225,0.910278981302,0.463617463617,1.32204914232,0.604681454823,4.3462962963,2.18635635636,1.32204914232,4.3462962963,0,0,0,0,0.160896782956,37,37,37,1,0,0.405405405405,0.540540540541,0.0540540540541,37,204,0.153153153153,1,11.027027027,6.375,5.66666666667,5.26247980459,0.477234688161,0.253312135665,6.18969404028,1.12264058574,0.571012188659,3.4449771941,0.624824295008,0.338367779544,0,0,0,NaN,NaN,NaN,0.210161978701,0.12643207856,103,0.0132561132561,0.179458222847,37,37,0,1,2,0.135135135135,0.837837837838,0.027027027027,-138,-0.103603603604,-0.725288818115,-7.45945945946,-9.17045454545,-4.10476190476,-0.105230350806,0.186876097884,0.110669493022,-3.31879750209,0.0939441323228,0.0265203283779,-4.60833615233,-0.246440599197,-0.12346247176,-0.640599570326,-0.371299902718,-2,NaN,NaN,NaN,-0.133909415547,-0.250136959097,-707,-0.090990990991,-0.390118605502,-0.27027027027,0.297297297297,-0.027027027027,183,21,159,969,0.535087719298,0.978787878788,0.0212121212121,0.464912280702,0.897058823529,0.535087719298,0.67032967033,0.623331410388,0.513875598086,0.504132231405,48,186,0,0,0,0
1100,WLNM_dir_neg,0.436285986819,0.371170423204,00:00:05,10,30,23,1235778058,threshold_sweep,0.2,0.577777777778,0.139784946237,0.225108225108,26,19,160,353,0.139784946237,0.948924731183,0.0510752688172,0.860215053763,0.577777777778,0.139784946237,0.225108225108,0.679211469534,0.639784946237,0.109452736318,0.153579766374,0.0887096774194,342,156,186,0,342,0,156,0,186,37,342,0.256756756757,1.72528881811,18.4864864865,15.5454545455,9.77142857143,5.36771015539,0.290358590277,0.142642642643,9.50849154237,1.02869645341,0.544491860281,8.05331334643,0.871264894205,0.461830251304,0.640599570326,0.371299902718,2,1.72528881811,0.640599570326,2,0.344071394247,0.376569037657,810,0.104247104247,0.56957682835,37,37,37,1,0,0.405405405405,0.540540540541,0.0540540540541,37,0.117117117117,2.18635635636,8.43243243243,7.09090909091,4.45714285714,5.03620525429,0.597242289772,0.326923076923,6.00062559301,1.42322530091,0.680526680527,3.83793300225,0.910278981302,0.463617463617,1.32204914232,0.604681454823,4.3462962963,2.18635635636,1.32204914232,4.3462962963,0,0,0,0,0.160896782956,37,37,37,1,0,0.405405405405,0.540540540541,0.0540540540541,37,201,0.150900900901,1,10.8648648649,6.28125,5.58333333333,5.11078468732,0.470395605549,0.251714400968,6.10346231677,1.12352291403,0.570660212451,3.49237694081,0.642875357263,0.346376226973,0,0,0,NaN,NaN,NaN,0.202785011605,0.114552397115,90,0.011583011583,0.178720086335,37,37,0,1,2,0.135135135135,0.837837837838,0.027027027027,-141,-0.105855855856,-0.725288818115,-7.62162162162,-9.26420454545,-4.1880952381,-0.256925468076,0.180037015272,0.109071758325,-3.4050292256,0.0948264606178,0.0261683521699,-4.56093640562,-0.228389536941,-0.115454024331,-0.640599570326,-0.371299902718,-2,NaN,NaN,NaN,-0.141286382642,-0.262016640542,-720,-0.0926640926641,-0.390856742015,-0.27027027027,0.297297297297,-0.027027027027,182,19,160,971,0.53216374269,0.980808080808,0.0191919191919,0.46783625731,0.905472636816,0.53216374269,0.670349907919,0.626029545152,0.512971823498,0.504155124654,45,186,0,0,0,0
1101,WLNM_dir_neg,0.436285986819,0.371170423204,00:00:05,10,30,23,1235778058,threshold_sweep,0.3,0.6,0.129032258065,0.212389380531,24,16,162,356,0.129032258065,0.956989247312,0.0430107526882,0.870967741935,0.6,0.129032258065,0.212389380531,0.681003584229,0.642771804062,0.107023411371,0.157195498378,0.0860215053763,342,156,186,0,342,0,156,0,186,37,342,0.256756756757,1.72528881811,18.4864864865,15.5454545455,9.77142857143,5.36771015539,0.290358590277,0.142642642643,9.50849154237,1.02869645341,0.544491860281,8.05331334643,0.871264894205,0.461830251304,0.640599570326,0.371299902718,2,1.72528881811,0.640599570326,2,0.344071394247,0.376569037657,810,0.104247104247,0.56957682835,37,37,37,1,0,0.405405405405,0.540540540541,0.0540540540541,37,0.117117117117,2.18635635636,8.43243243243,7.09090909091,4.45714285714,5.03620525429,0.597242289772,0.326923076923,6.00062559301,1.42322530091,0.680526680527,3.83793300225,0.910278981302,0.463617463617,1.32204914232,0.604681454823,4.3462962963,2.18635635636,1.32204914232,4.3462962963,0,0,0,0,0.160896782956,37,37,37,1,0,0.405405405405,0.540540540541,0.0540540540541,37,196,0.147147147147,1,10.5945945946,6.125,5.44444444444,5.06874660959,0.47842761366,0.259652509653,6.00862743092,1.1342817089,0.573359073359,3.5735514926,0.674599006256,0.365416436845,0,0,0,NaN,NaN,NaN,0.187498522406,0.101896779885,77,0.00990990990991,0.178544972086,37,37,0,1,2,0.135135135135,0.837837837838,0.027027027027,-146,-0.10960960961,-0.725288818115,-7.89189189189,-9.42045454545,-4.32698412698,-0.298963545807,0.188069023383,0.11700986701,-3.49986411145,0.105585255483,0.0288672130777,-4.47976185383,-0.196665887949,-0.0964138144589,-0.640599570326,-0.371299902718,-2,NaN,NaN,NaN,-0.156572871842,-0.274672257772,-733,-0.0943371943372,-0.391031856264,-0.27027027027,0.297297297297,-0.027027027027,180,16,162,974,0.526315789474,0.983838383838,0.0161616161616,0.473684210526,0.918367346939,0.526315789474,0.669144981413,0.629093057863,0.510154173312,0.502793296089,40,186,0,0,0,0
1102,WLNM_dir_neg,0.436285986819,0.371170423204,00:00:05,10,30,23,1235778058,threshold_sweep,0.4,0.766666666667,0.123655913978,0.212962962963,23,7,163,365,0.123655913978,0.981182795699,0.0188172043011,0.876344086022,0.766666666667,0.123655913978,0.212962962963,0.695340501792,0.648745519713,0.132653061224,0.219114955301,0.104838709677,342,156,186,0,342,0,156,0,186,37,342,0.256756756757,1.72528881811,18.4864864865,15.5454545455,9.77142857143,5.36771015539,0.290358590277,0.142642642643,9.50849154237,1.02869645341,0.544491860281,8.05331334643,0.871264894205,0.461830251304,0.640599570326,0.371299902718,2,1.72528881811,0.640599570326,2,0.344071394247,0.376569037657,810,0.104247104247,0.56957682835,37,37,37,1,0,0.405405405405,0.540540540541,0.0540540540541,37,0.117117117117,2.18635635636,8.43243243243,7.09090909091,4.45714285714,5.03620525429,0.597242289772,0.326923076923,6.00062559301,1.42322530091,0.680526680527,3.83793300225,0.910278981302,0.463617463617,1.32204914232,0.604681454823,4.3462962963,2.18635635636,1.32204914232,4.3462962963,0,0,0,0,0.160896782956,37,37,37,1,0,0.405405405405,0.540540540541,0.0540540540541,37,186,0.13963963964,1,10.0540540541,8.08695652174,5.16666666667,4.62448763496,0.459962479821,0.246585294972,6.1756083213,1.22848122521,0.625399593142,3.41960431829,0.680243869768,0.366463237431,0,0,0,NaN,NaN,NaN,0.155160719402,0.0566318926975,38,0.0048906048906,0.183926082249,37,37,0,1,2,0.378378378378,0.594594594595,0.027027027027,-156,-0.117117117117,-0.725288818115,-8.43243243243,-7.45849802372,-4.60476190476,-0.743222520435,0.169603889544,0.10394265233,-3.33288322107,0.19978477179,0.0809077328602,-4.63370902814,-0.191021024437,-0.095367013873,-0.640599570326,-0.371299902718,-2,NaN,NaN,NaN,-0.188910674845,-0.319937144959,-772,-0.0993564993565,-0.385650746101,-0.027027027027,0.0540540540541,-0.027027027027,179,7,163,983,0.523391812865,0.992929292929,0.00707070707071,0.476608187135,0.962365591398,0.523391812865,0.67803030303,0.650731376266,0.516321105795,0.512893982808,30,186,0,0,0,0
1103,WLNM_dir_neg,0.436285986819,0.371170423204,00:00:05,10,30,23,1235778058,threshold_sweep,0.5,0.793103448276,0.123655913978,0.213953488372,23,6,163,366,0.123655913978,0.983870967742,0.0161290322581,0.876344086022,0.793103448276,0.123655913978,0.213953488372,0.697132616487,0.649342891278,0.136286201022,0.228359013669,0.10752688172,342,156,186,0,342,0,156,0,186,37,342,0.256756756757,1.72528881811,18.4864864865,15.5454545455,9.77142857143,5.36771015539,0.290358590277,0.142642642643,9.50849154237,1.02869645341,0.544491860281,8.05331334643,0.871264894205,0.461830251304,0.640599570326,0.371299902718,2,1.72528881811,0.640599570326,2,0.344071394247,0.376569037657,810,0.104247104247,0.56957682835,37,37,37,1,0,0.405405405405,0.540540540541,0.0540540540541,37,0.117117117117,2.18635635636,8.43243243243,7.09090909091,4.45714285714,5.03620525429,0.597242289772,0.326923076923,6.00062559301,1.42322530091,0.680526680527,3.83793300225,0.910278981302,0.463617463617,1.32204914232,0.604681454823,4.3462962963,2.18635635636,1.32204914232,4.3462962963,0,0,0,0,0.160896782956,37,37,37,1,0,0.405405405405,0.540540540541,0.0540540540541,37,185,0.138888888889,1,10,8.04347826087,5.13888888889,4.67855628254,0.467855628254,0.251570489408,6.17791766428,1.23558353286,0.626734842951,3.44802681093,0.689605362186,0.371950328707,0,0,0,NaN,NaN,NaN,0.161290378473,0.0553892215569,37,0.0047619047619,0.183984220848,37,37,0,1,2,0.378378378378,0.594594594595,0.027027027027,-157,-0.117867867868,-0.725288818115,-8.48648648649,-7.50197628458,-4.63253968254,-0.689153872854,0.177497037977,0.108927846766,-3.33057387809,0.206887079442,0.0822429826697,-4.6052865355,-0.181659532019,-0.0898799225969,-0.640599570326,-0.371299902718,-2,NaN,NaN,NaN,-0.182781015774,-0.3211798161,-773,-0.0994851994852,-0.385592607502,-0.027027027027,0.0540540540541,-0.027027027027,179,6,163,984,0.523391812865,0.993939393939,0.00606060606061,0.476608187135,0.967567567568,0.523391812865,0.679316888046,0.653479178147,0.517331206805,0.514367816092,29,186,0,0,0,0
1104,WLNM_dir_neg,0.436285986819,0.371170423204,00:00:05,10,30,23,1235778058,threshold_sweep,0.6,0.76,0.102150537634,0.18009478673,19,6,167,366,0.102150537634,0.983870967742,0.0161290322581,0.897849462366,0.76,0.102150537634,0.18009478673,0.689964157706,0.651732377539,0.109777015437,0.196020445386,0.0860215053763,342,156,186,0,342,0,156,0,186,37,342,0.256756756757,1.72528881811,18.4864864865,15.5454545455,9.77142857143,5.36771015539,0.290358590277,0.142642642643,9.50849154237,1.02869645341,0.544491860281,8.05331334643,0.871264894205,0.461830251304,0.640599570326,0.371299902718,2,1.72528881811,0.640599570326,2,0.344071394247,0.376569037657,810,0.104247104247,0.56957682835,37,37,37,1,0,0.405405405405,0.540540540541,0.0540540540541,37,0.117117117117,2.18635635636,8.43243243243,7.09090909091,4.45714285714,5.03620525429,0.597242289772,0.326923076923,6.00062559301,1.42322530091,0.680526680527,3.83793300225,0.910278981302,0.463617463617,1.32204914232,0.604681454823,4.3462962963,2.18635635636,1.32204914232,4.3462962963,0,0,0,0,0.160896782956,37,37,37,1,0,0.405405405405,0.540540540541,0.0540540540541,37,181,0.135885885886,1,9.78378378378,7.86956521739,5.02777777778,4.50391888085,0.460345299976,0.249066746304,6.08634073508,1.24416910054,0.630730177692,3.49431112098,0.714306693239,0.381066149022,0,0,0,NaN,NaN,NaN,0.144859905154,0.0409879138203,26,0.0033462033462,0.180240131423,37,37,0,1,2,0.378378378378,0.594594594595,0.027027027027,-161,-0.120870870871,-0.725288818115,-8.7027027027,-7.67588932806,-4.74365079365,-0.863791274542,0.169986709699,0.106424103662,-3.42215080729,0.215472647127,0.0862383174102,-4.55900222545,-0.156958200966,-0.080764102282,-0.640599570326,-0.371299902718,-2,NaN,NaN,NaN,-0.199211489093,-0.335581123837,-784,-0.100900900901,-0.389336696927,-0.027027027027,0.0540540540541,-0.027027027027,175,6,167,984,0.511695906433,0.993939393939,0.00606060606061,0.488304093567,0.966850828729,0.511695906433,0.669216061185,0.644601166656,0.505635300372,0.502873563218,25,186,0,0,0,0
1105,WLNM_dir_neg,0.436285986819,0.371170423204,00:00:05,10,30,23,1235778058,threshold_sweep,0.7,0.791666666667,0.102150537634,0.180952380952,19,5,167,367,0.102150537634,0.986559139785,0.0134408602151,0.897849462366,0.791666666667,0.102150537634,0.180952380952,0.691756272401,0.652329749104,0.113402061856,0.206121214474,0.0887096774194,342,156,186,0,342,0,156,0,186,37,342,0.256756756757,1.72528881811,18.4864864865,15.5454545455,9.77142857143,5.36771015539,0.290358590277,0.142642642643,9.50849154237,1.02869645341,0.544491860281,8.05331334643,0.871264894205,0.461830251304,0.640599570326,0.371299902718,2,1.72528881811,0.640599570326,2,0.344071394247,0.376569037657,810,0.104247104247,0.56957682835,37,37,37,1,0,0.405405405405,0.540540540541,0.0540540540541,37,0.117117117117,2.18635635636,8.43243243243,7.09090909091,4.45714285714,5.03620525429,0.597242289772,0.326923076923,6.00062559301,1.42322530091,0.680526680527,3.83793300225,0.910278981302,0.463617463617,1.32204914232,0.604681454823,4.3462962963,2.18635635636,1.32204914232,4.3462962963,0,0,0,0,0.160896782956,37,37,37,1,0,0.405405405405,0.540540540541,0.0540540540541,37,180,0.135135135135,1,9.72972972973,7.82608695652,5,4.51324377464,0.463861165727,0.250600600601,6.09262834252,1.25237360374,0.633033033033,3.51316699608,0.722150993639,0.384384384384,0,0,0,NaN,NaN,NaN,0.144859905154,0.0409879138203,26,0.0033462033462,0.17929313866,37,37,0,1,2,0.378378378378,0.594594594595,0.027027027027,-162,-0.121621621622,-0.725288818115,-8.75675675676,-7.71936758893,-4.77142857143,-0.854466380749,0.17350257545,0.107957957958,-3.41586319985,0.223677150326,0.0885411727517,-4.54014635035,-0.149113900566,-0.0774458669196,-0.640599570326,-0.371299902718,-2,NaN,NaN,NaN,-0.199211489093,-0.335581123837,-784,-0.100900900901,-0.39028368969,-0.027027027027,0.0540540540541,-0.027027027027,175,5,167,985,0.511695906433,0.994949494949,0.00505050505051,0.488304093567,0.972222222222,0.511695906433,0.670498084291,0.647399356398,0.506645401382,0.504322766571,24,186,0,0,0,0
1106,WLNM_dir_neg,0.436285986819,0.371170423204,00:00:05,10,30,23,1235778058,threshold_sweep,0.8,0.75,0.0806451612903,0.145631067961,15,5,171,367,0.0806451612903,0.986559139785,0.0134408602151,0.91935483871,0.75,0.0806451612903,0.145631067961,0.68458781362,0.654719235364,0.0865051903114,0.170419338484,0.0672043010753,342,156,186,0,342,0,156,0,186,37,342,0.256756756757,1.72528881811,18.4864864865,15.5454545455,9.77142857143,5.36771015539,0.290358590277,0.142642642643,9.50849154237,1.02869645341,0.544491860281,8.05331334643,0.871264894205,0.461830251304,0.640599570326,0.371299902718,2,1.72528881811,0.640599570326,2,0.344071394247,0.376569037657,810,0.104247104247,0.56957682835,37,37,37,1,0,0.405405405405,0.540540540541,0.0540540540541,37,0.117117117117,2.18635635636,8.43243243243,7.09090909091,4.45714285714,5.03620525429,0.597242289772,0.326923076923,6.00062559301,1.42322530091,0.680526680527,3.83793300225,0.910278981302,0.463617463617,1.32204914232,0.604681454823,4.3462962963,2.18635635636,1.32204914232,4.3462962963,0,0,0,0,0.160896782956,37,37,37,1,0,0.405405405405,0.540540540541,0.0540540540541,37,176,0.132132132132,1,9.51351351351,7.65217391304,4.88888888889,4.61050504357,0.484626950602,0.263052825553,6.04338667657,1.27048469905,0.639434889435,3.50717839585,0.737304549127,0.391277641278,0,0,0,NaN,NaN,NaN,0.123989612225,0.0292207792208,18,0.0023166023166,0.17005301236,37,37,0,1,2,0.378378378378,0.594594594595,0.027027027027,-166,-0.124624624625,-0.725288818115,-8.97297297297,-7.89328063241,-4.88253968254,-0.757205111826,0.194268360325,0.12041018291,-3.46510486581,0.241788245636,0.0949430291536,-4.54613495059,-0.133960345078,-0.0705526100263,-0.640599570326,-0.371299902718,-2,NaN,NaN,NaN,-0.220081782023,-0.347348258436,-792,-0.101930501931,-0.39952381599,-0.027027027027,0.0540540540541,-0.027027027027,171,5,171,985,0.5,0.994949494949,0.00505050505051,0.5,0.971590909091,0.5,0.660231660232,0.638493212427,0.494949494949,0.492795389049,20,186,0,0,0,0
1107,WLNM_dir_neg,0.436285986819,0.371170423204,00:00:05,10,30,23,1235778058,threshold_sweep,0.9,0.823529411765,0.0752688172043,0.137931034483,14,3,172,369,0.0752688172043,0.991935483871,0.00806451612903,0.924731182796,0.823529411765,0.0752688172043,0.137931034483,0.686379928315,0.65651135006,0.0869565217391,0.184332501856,0.0672043010753,342,156,186,0,342,0,156,0,186,37,342,0.256756756757,1.72528881811,18.4864864865,15.5454545455,9.77142857143,5.36771015539,0.290358590277,0.142642642643,9.50849154237,1.02869645341,0.544491860281,8.05331334643,0.871264894205,0.461830251304,0.640599570326,0.371299902718,2,1.72528881811,0.640599570326,2,0.344071394247,0.376569037657,810,0.104247104247,0.56957682835,37,37,37,1,0,0.405405405405,0.540540540541,0.0540540540541,37,0.117117117117,2.18635635636,8.43243243243,7.09090909091,4.45714285714,5.03620525429,0.597242289772,0.326923076923,6.00062559301,1.42322530091,0.680526680527,3.83793300225,0.910278981302,0.463617463617,1.32204914232,0.604681454823,4.3462962963,2.18635635636,1.32204914232,4.3462962963,0,0,0,0,0.160896782956,37,37,37,1,0,0.405405405405,0.540540540541,0.0540540540541,37,173,0.12987987988,2.16685558286,9.35135135135,7.86363636364,4.80555555556,4.64408953053,0.496622290837,0.269645367911,6.05095976801,1.29413590414,0.647398843931,3.53595856919,0.756245474335,0.397750351508,1.31169608851,0.605345413368,4.74207407407,2.16685558286,1.31169608851,4.74207407407,0.120917842977,0.0248344370861,15,0.0019305019305,0.174183906451,37,37,37,1,0,0.405405405405,0.567567567568,0.027027027027,-169,-0.126876876877,0.441566764741,-9.13513513514,-7.68181818182,-4.96587301587,-0.723620624864,0.20626370056,0.127002725269,-3.45753177436,0.265439450727,0.102906983649,-4.51735477725,-0.11501941987,-0.0640798997964,0.671096518187,0.234045510651,2.74207407407,0.441566764741,0.671096518187,2.74207407407,-0.223153551271,-0.351734600571,-795,-0.102316602317,-0.395392921899,0,0.027027027027,-0.027027027027,170,3,172,987,0.497076023392,0.99696969697,0.0030303030303,0.502923976608,0.982658959538,0.497076023392,0.660194174757,0.641997035078,0.494045720362,0.492753623188,17,186,0,0,0,0
1108,WLNM_dir_neg,0.478855937103,0.339003516019,00:00:04,10,30,24,1235778059,threshold_sweep,0.1,0.510204081633,0.134408602151,0.212765957447,25,24,161,348,0.134408602151,0.935483870968,0.0645161290323,0.865591397849,0.510204081633,0.134408602151,0.212765957447,0.668458781362,0.637395459976,0.0856672158155,0.116412983293,0.0698924731183,342,156,186,0,342,0,156,0,186,37,342,0.256756756757,1.72528881811,18.4864864865,15.5454545455,9.77142857143,5.36771015539,0.290358590277,0.142642642643,9.50849154237,1.02869645341,0.544491860281,8.05331334643,0.871264894205,0.461830251304,0.640599570326,0.371299902718,2,1.72528881811,0.640599570326,2,0.344071394247,0.376569037657,810,0.104247104247,0.56957682835,37,37,37,1,0,0.405405405405,0.540540540541,0.0540540540541,37,0.117117117117,2.18635635636,8.43243243243,7.09090909091,4.45714285714,5.03620525429,0.597242289772,0.326923076923,6.00062559301,1.42322530091,0.680526680527,3.83793300225,0.910278981302,0.463617463617,1.32204914232,0.604681454823,4.3462962963,2.18635635636,1.32204914232,4.3462962963,0,0,0,0,0.160896782956,37,37,37,1,0,0.405405405405,0.540540540541,0.0540540540541,37,205,0.153903903904,12.7985851507,11.0810810811,6.40625,5.69444444444,4.93501310579,0.445354841255,0.239419907713,5.86228337479,1.05807065789,0.550823994726,3.61781544424,0.652971567985,0.352274225445,5.00763112522,0.39126443011,15.3899160114,12.7985851507,5.00763112522,15.3899160114,0.139130935958,0.0797733217088,61,0.00785070785071,0.185251600076,37,37,37,1,0,0.135135135135,0.837837837838,0.027027027027,-137,-0.102852852853,11.0732963326,-7.40540540541,-9.13920454545,-4.07698412698,-0.4326970496,0.154996250977,0.0967772650699,-3.64620816758,0.0293742044745,0.0063321344451,-4.43549790219,-0.21829332622,-0.109556025859,4.36703155489,0.0199645273922,13.3899160114,11.0732963326,4.36703155489,13.3899160114,-0.20494045829,-0.296795715948,-749,-0.0963963963964,-0.384325228274,-0.27027027027,0.297297297297,-0.027027027027,181,24,161,966,0.529239766082,0.975757575758,0.0242424242424,0.470760233918,0.882926829268,0.529239766082,0.661791590494,0.611337242783,0.504997341839,0.494535519126,49,186,0,0,0,0
1109,WLNM_dir_neg,0.478855937103,0.339003516019,00:00:04,10,30,24,1235778059,threshold_sweep,0.2,0.488888888889,0.118279569892,0.190476190476,22,23,164,349,0.118279569892,0.938172043011,0.0618279569892,0.881720430108,0.488888888889,0.118279569892,0.190476190476,0.664874551971,0.639784946237,0.0696517412935,0.0977325786014,0.0564516129032,342,156,186,0,342,0,156,0,186,37,342,0.256756756757,1.72528881811,18.4864864865,15.5454545455,9.77142857143,5.36771015539,0.290358590277,0.142642642643,9.50849154237,1.02869645341,0.544491860281,8.05331334643,0.871264894205,0.461830251304,0.640599570326,0.371299902718,2,1.72528881811,0.640599570326,2,0.344071394247,0.376569037657,810,0.104247104247,0.56957682835,37,37,37,1,0,0.405405405405,0.540540540541,0.0540540540541,37,0.117117117117,2.18635635636,8.43243243243,7.09090909091,4.45714285714,5.03620525429,0.597242289772,0.326923076923,6.00062559301,1.42322530091,0.680526680527,3.83793300225,0.910278981302,0.463617463617,1.32204914232,0.604681454823,4.3462962963,2.18635635636,1.32204914232,4.3462962963,0,0,0,0,0.160896782956,37,37,37,1,0,0.405405405405,0.540540540541,0.0540540540541,37,201,0.150900900901,12.1081428835,10.8648648649,6.28125,5.58333333333,4.95626518303,0.456173661125,0.247008202232,5.85254237509,1.07733367104,0.556676079064,3.64798681574,0.671519961106,0.362511765497,4.71688590921,0.389563119183,14.6521187048,12.1081428835,4.71688590921,14.6521187048,0.12430277469,0.0652173913043,49,0.00630630630631,0.183446643259,37,37,37,1,0,0.135135135135,0.837837837838,0.027027027027,-141,-0.105855855856,10.3828540654,-7.62162162162,-9.26420454545,-4.1880952381,-0.411444972358,0.165815070848,0.104365559589,-3.65594916728,0.0486372176221,0.0121842187828,-4.40532653069,-0.199744933099,-0.0993184858071,4.07628633888,0.0182632164654,12.6521187048,10.3828540654,4.07628633888,12.6521187048,-0.219768619558,-0.311351646353,-761,-0.0979407979408,-0.386130185091,-0.27027027027,0.297297297297,-0.027027027027,178,23,164,967,0.520467836257,0.976767676768,0.0232323232323,0.479532163743,0.885572139303,0.520467836257,0.65561694291,0.606824990757,0.497235513025,0.487671232877,45,186,0,0,0,0
1110,WLNM_dir_neg,0.478855937103,0.339003516019,00:00:04,10,30,24,1235778059,threshold_sweep,0.3,0.488888888889,0.118279569892,0.190476190476,22,23,164,349,0.118279569892,0.938172043011,0.0618279569892,0.881720430108,0.488888888889,0.118279569892,0.190476190476,0.664874551971,0.639784946237,0.0696517412935,0.0977325786014,0.0564516129032,342,156,186,0,342,0,156,0,186,37,342,0.256756756757,1.72528881811,18.4864864865,15.5454545455,9.77142857143,5.36771015539,0.290358590277,0.142642642643,9.50849154237,1.02869645341,0.544491860281,8.05331334643,0.871264894205,0.461830251304,0.640599570326,0.371299902718,2,1.72528881811,0.640599570326,2,0.344071394247,0.376569037657,810,0.104247104247,0.56957682835,37,37,37,1,0,0.405405405405,0.540540540541,0.0540540540541,37,0.117117117117,2.18635635636,8.43243243243,7.09090909091,4.45714285714,5.03620525429,0.597242289772,0.326923076923,6.00062559301,1.42322530091,0.680526680527,3.83793300225,0.910278981302,0.463617463617,1.32204914232,0.604681454823,4.3462962963,2.18635635636,1.32204914232,4.3462962963,0,0,0,0,0.160896782956,37,37,37,1,0,0.405405405405,0.540540540541,0.0540540540541,37,201,0.150900900901,12.1081428835,10.8648648649,6.28125,5.58333333333,4.95626518303,0.456173661125,0.247008202232,5.85254237509,1.07733367104,0.556676079064,3.64798681574,0.671519961106,0.362511765497,4.71688590921,0.389563119183,14.6521187048,12.1081428835,4.71688590921,14.6521187048,0.12430277469,0.0652173913043,49,0.00630630630631,0.183446643259,37,37,37,1,0,0.135135135135,0.837837837838,0.027027027027,-141,-0.105855855856,10.3828540654,-7.62162162162,-9.26420454545,-4.1880952381,-0.411444972358,0.165815070848,0.104365559589,-3.65594916728,0.0486372176221,0.0121842187828,-4.40532653069,-0.199744933099,-0.0993184858071,4.07628633888,0.0182632164654,12.6521187048,10.3828540654,4.07628633888,12.6521187048,-0.219768619558,-0.311351646353,-761,-0.0979407979408,-0.386130185091,-0.27027027027,0.297297297297,-0.027027027027,178,23,164,967,0.520467836257,0.976767676768,0.0232323232323,0.479532163743,0.885572139303,0.520467836257,0.65561694291,0.606824990757,0.497235513025,0.487671232877,45,186,0,0,0,0
1111,WLNM_dir_neg,0.478855937103,0.339003516019,00:00:04,10,30,24,1235778059,threshold_sweep,0.4,0.488372093023,0.112903225806,0.183406113537,21,22,165,350,0.112903225806,0.940860215054,0.0591397849462,0.887096774194,0.488372093023,0.112903225806,0.183406113537,0.664874551971,0.640979689367,0.0665557404326,0.0950335943738,0.0537634408602,342,156,186,0,342,0,156,0,186,37,342,0.256756756757,1.72528881811,18.4864864865,15.5454545455,9.77142857143,5.36771015539,0.290358590277,0.142642642643,9.50849154237,1.02869645341,0.544491860281,8.05331334643,0.871264894205,0.461830251304,0.640599570326,0.371299902718,2,1.72528881811,0.640599570326,2,0.344071394247,0.376569037657,810,0.104247104247,0.56957682835,37,37,37,1,0,0.405405405405,0.540540540541,0.0540540540541,37,0.117117117117,2.18635635636,8.43243243243,7.09090909091,4.45714285714,5.03620525429,0.597242289772,0.326923076923,6.00062559301,1.42322530091,0.680526680527,3.83793300225,0.910278981302,0.463617463617,1.32204914232,0.604681454823,4.3462962963,2.18635635636,1.32204914232,4.3462962963,0,0,0,0,0.160896782956,37,37,37,1,0,0.405405405405,0.540540540541,0.0540540540541,37,199,0.149399399399,11.9172663222,10.7567567568,6.21875,5.52777777778,4.95202206402,0.460363860223,0.250848838789,5.86113068041,1.0897579657,0.559826157816,3.60825713046,0.67088197903,0.3634388157,4.63138040889,0.388627751003,14.3868382144,11.9172663222,4.63138040889,14.3868382144,0.123916674304,0.0628342245989,47,0.00604890604891,0.179078664074,37,37,37,1,0,0.135135135135,0.837837837838,0.027027027027,-143,-0.107357357357,10.191977504,-7.72972972973,-9.32670454545,-4.24365079365,-0.415688091375,0.170005269946,0.108206196146,-3.64736086196,0.0610615122897,0.0153342975348,-4.44505621597,-0.200382915175,-0.0983914356038,3.99078083856,0.0173278482855,12.3868382144,10.191977504,3.99078083856,12.3868382144,-0.220154719944,-0.313734813058,-763,-0.0981981981982,-0.390498164276,-0.27027027027,0.297297297297,-0.027027027027,177,22,165,968,0.517543859649,0.977777777778,0.0222222222222,0.482456140351,0.889447236181,0.517543859649,0.654343807763,0.606982901231,0.495321637427,0.486263736264,43,186,0,0,0,0
1112,WLNM_dir_neg,0.478855937103,0.339003516019,00:00:04,10,30,24,1235778059,threshold_sweep,0.5,0.612903225806,0.102150537634,0.175115207373,19,12,167,360,0.102150537634,0.967741935484,0.0322580645161,0.897849462366,0.612903225806,0.102150537634,0.175115207373,0.679211469534,0.648148148148,0.088285229202,0.143837523023,0.0698924731183,342,156,186,0,342,0,156,0,186,37,342,0.256756756757,1.72528881811,18.4864864865,15.5454545455,9.77142857143,5.36771015539,0.290358590277,0.142642642643,9.50849154237,1.02869645341,0.544491860281,8.05331334643,0.871264894205,0.461830251304,0.640599570326,0.371299902718,2,1.72528881811,0.640599570326,2,0.344071394247,0.376569037657,810,0.104247104247,0.56957682835,37,37,37,1,0,0.405405405405,0.540540540541,0.0540540540541,37,0.117117117117,2.18635635636,8.43243243243,7.09090909091,4.45714285714,5.03620525429,0.597242289772,0.326923076923,6.00062559301,1.42322530091,0.680526680527,3.83793300225,0.910278981302,0.463617463617,1.32204914232,0.604681454823,4.3462962963,2.18635635636,1.32204914232,4.3462962963,0,0,0,0,0.160896782956,37,37,37,1,0,0.405405405405,0.540540540541,0.0540540540541,37,187,0.14039039039,2.71577606764,10.1081081081,8.13043478261,5.19444444444,4.64150229382,0.459186055806,0.247001011707,6.0779471404,1.20258847163,0.614828732476,3.37429783598,0.667641817814,0.36074577251,1.76947334425,0.651553478704,5.02065181733,2.71577606764,1.76947334425,5.02065181733,0.104583192818,0.0350609756098,23,0.0029601029601,0.179315504499,37,37,37,1,0,0.378378378378,0.594594594595,0.027027027027,-155,-0.116366366366,0.990487249525,-8.37837837838,-7.41501976285,-4.57698412698,-0.726207861573,0.168827465529,0.104358369064,-3.43054440198,0.173892018214,0.0703368721945,-4.67901551046,-0.203623076391,-0.101084478793,1.12887377392,0.280253575986,3.02065181733,0.990487249525,1.12887377392,3.02065181733,-0.239488201429,-0.341508062047,-787,-0.101287001287,-0.390261323851,-0.027027027027,0.0540540540541,-0.027027027027,175,12,167,978,0.511695906433,0.987878787879,0.0121212121212,0.488304093567,0.935828877005,0.511695906433,0.661625708885,0.628213890686,0.499574694312,0.494350282486,31,186,0,0,0,0
1113,WLNM_dir_neg,0.478855937103,0.339003516019,00:00:04,10,30,24,1235778059,threshold_sweep,0.6,0.612903225806,0.102150537634,0.175115207373,19,12,167,360,0.102150537634,0.967741935484,0.0322580645161,0.897849462366,0.612903225806,0.102150537634,0.175115207373,0.679211469534,0.648148148148,0.088285229202,0.143837523023,0.0698924731183,342,156,186,0,342,0,156,0,186,37,342,0.256756756757,1.72528881811,18.4864864865,15.5454545455,9.77142857143,5.36771015539,0.290358590277,0.142642642643,9.50849154237,1.02869645341,0.544491860281,8.05331334643,0.871264894205,0.461830251304,0.640599570326,0.371299902718,2,1.72528881811,0.640599570326,2,0.344071394247,0.376569037657,810,0.104247104247,0.56957682835,37,37,37,1,0,0.405405405405,0.540540540541,0.0540540540541,37,0.117117117117,2.18635635636,8.43243243243,7.09090909091,4.45714285714,5.03620525429,0.597242289772,0.326923076923,6.00062559301,1.42322530091,0.680526680527,3.83793300225,0.910278981302,0.463617463617,1.32204914232,0.604681454823,4.3462962963,2.18635635636,1.32204914232,4.3462962963,0,0,0,0,0.160896782956,37,37,37,1,0,0.405405405405,0.540540540541,0.0540540540541,37,187,0.14039039039,2.71577606764,10.1081081081,8.13043478261,5.19444444444,4.64150229382,0.459186055806,0.247001011707,6.0779471404,1.20258847163,0.614828732476,3.37429783598,0.667641817814,0.36074577251,1.76947334425,0.651553478704,5.02065181733,2.71577606764,1.76947334425,5.02065181733,0.104583192818,0.0350609756098,23,0.0029601029601,0.179315504499,37,37,37,1,0,0.378378378378,0.594594594595,0.027027027027,-155,-0.116366366366,0.990487249525,-8.37837837838,-7.41501976285,-4.57698412698,-0.726207861573,0.168827465529,0.104358369064,-3.43054440198,0.173892018214,0.0703368721945,-4.67901551046,-0.203623076391,-0.101084478793,1.12887377392,0.280253575986,3.02065181733,0.990487249525,1.12887377392,3.02065181733,-0.239488201429,-0.341508062047,-787,-0.101287001287,-0.390261323851,-0.027027027027,0.0540540540541,-0.027027027027,175,12,167,978,0.511695906433,0.987878787879,0.0121212121212,0.488304093567,0.935828877005,0.511695906433,0.661625708885,0.628213890686,0.499574694312,0.494350282486,31,186,0,0,0,0
1114,WLNM_dir_neg,0.478855937103,0.339003516019,00:00:04,10,30,24,1235778059,threshold_sweep,0.7,0.583333333333,0.0752688172043,0.133333333333,14,10,172,362,0.0752688172043,0.97311827957,0.0268817204301,0.924731182796,0.583333333333,0.0752688172043,0.133333333333,0.673835125448,0.652329749104,0.0618556701031,0.112429753349,0.0483870967742,342,156,186,0,342,0,156,0,186,37,342,0.256756756757,1.72528881811,18.4864864865,15.5454545455,9.77142857143,5.36771015539,0.290358590277,0.142642642643,9.50849154237,1.02869645341,0.544491860281,8.05331334643,0.871264894205,0.461830251304,0.640599570326,0.371299902718,2,1.72528881811,0.640599570326,2,0.344071394247,0.376569037657,810,0.104247104247,0.56957682835,37,37,37,1,0,0.405405405405,0.540540540541,0.0540540540541,37,0.117117117117,2.18635635636,8.43243243243,7.09090909091,4.45714285714,5.03620525429,0.597242289772,0.326923076923,6.00062559301,1.42322530091,0.680526680527,3.83793300225,0.910278981302,0.463617463617,1.32204914232,0.604681454823,4.3462962963,2.18635635636,1.32204914232,4.3462962963,0,0,0,0,0.160896782956,37,37,37,1,0,0.405405405405,0.540540540541,0.0540540540541,37,180,0.135135135135,2.75877358229,9.72972972973,7.82608695652,5,4.64667532668,0.477574964131,0.257057057057,6.02846102603,1.23918365535,0.629129129129,3.4493329642,0.709029553752,0.37987987988,1.84957916714,0.670435290164,5.62121143683,2.75877358229,1.84957916714,5.62121143683,0.0708409899586,0.0207006369427,13,0.0016731016731,0.170685193607,37,37,37,1,0,0.378378378378,0.594594594595,0.027027027027,-162,-0.121621621622,1.03348476418,-8.75675675676,-7.71936758893,-4.77142857143,-0.721034828712,0.187216373854,0.114414414414,-3.48003051635,0.210487201935,0.0846372688478,-4.60398038224,-0.162235340453,-0.0819503714241,1.20897959681,0.299135387446,3.62121143683,1.03348476418,1.20897959681,3.62121143683,-0.273230404289,-0.355868400714,-797,-0.102574002574,-0.398891634743,-0.027027027027,0.0540540540541,-0.027027027027,170,10,172,980,0.497076023392,0.989898989899,0.010101010101,0.502923976608,0.944444444444,0.497076023392,0.651340996169,0.622264229234,0.486975013291,0.482954545455,24,186,0,0,0,0
1115,WLNM_dir_neg,0.478855937103,0.339003516019,00:00:04,10,30,24,1235778059,threshold_sweep,0.8,0.583333333333,0.0752688172043,0.133333333333,14,10,172,362,0.0752688172043,0.97311827957,0.0268817204301,0.924731182796,0.583333333333,0.0752688172043,0.133333333333,0.673835125448,0.652329749104,0.0618556701031,0.112429753349,0.0483870967742,342,156,186,0,342,0,156,0,186,37,342,0.256756756757,1.72528881811,18.4864864865,15.5454545455,9.77142857143,5.36771015539,0.290358590277,0.142642642643,9.50849154237,1.02869645341,0.544491860281,8.05331334643,0.871264894205,0.461830251304,0.640599570326,0.371299902718,2,1.72528881811,0.640599570326,2,0.344071394247,0.376569037657,810,0.104247104247,0.56957682835,37,37,37,1,0,0.405405405405,0.540540540541,0.0540540540541,37,0.117117117117,2.18635635636,8.43243243243,7.09090909091,4.45714285714,5.03620525429,0.597242289772,0.326923076923,6.00062559301,1.42322530091,0.680526680527,3.83793300225,0.910278981302,0.463617463617,1.32204914232,0.604681454823,4.3462962963,2.18635635636,1.32204914232,4.3462962963,0,0,0,0,0.160896782956,37,37,37,1,0,0.405405405405,0.540540540541,0.0540540540541,37,180,0.135135135135,2.75877358229,9.72972972973,7.82608695652,5,4.64667532668,0.477574964131,0.257057057057,6.02846102603,1.23918365535,0.629129129129,3.4493329642,0.709029553752,0.37987987988,1.84957916714,0.670435290164,5.62121143683,2.75877358229,1.84957916714,5.62121143683,0.0708409899586,0.0207006369427,13,0.0016731016731,0.170685193607,37,37,37,1,0,0.378378378378,0.594594594595,0.027027027027,-162,-0.121621621622,1.03348476418,-8.75675675676,-7.71936758893,-4.77142857143,-0.721034828712,0.187216373854,0.114414414414,-3.48003051635,0.210487201935,0.0846372688478,-4.60398038224,-0.162235340453,-0.0819503714241,1.20897959681,0.299135387446,3.62121143683,1.03348476418,1.20897959681,3.62121143683,-0.273230404289,-0.355868400714,-797,-0.102574002574,-0.398891634743,-0.027027027027,0.0540540540541,-0.027027027027,170,10,172,980,0.497076023392,0.989898989899,0.010101010101,0.502923976608,0.944444444444,0.497076023392,0.651340996169,0.622264229234,0.486975013291,0.482954545455,24,186,0,0,0,0
1116,WLNM_dir_neg,0.478855937103,0.339003516019,00:00:04,10,30,24,1235778059,threshold_sweep,0.9,0.578947368421,0.0591397849462,0.107317073171,11,8,175,364,0.0591397849462,0.978494623656,0.0215053763441,0.940860215054,0.578947368421,0.0591397849462,0.107317073171,0.672043010753,0.65531660693,0.0485268630849,0.0978231976089,0.0376344086022,342,156,186,0,342,0,156,0,186,37,342,0.256756756757,1.72528881811,18.4864864865,15.5454545455,9.77142857143,5.36771015539,0.290358590277,0.142642642643,9.50849154237,1.02869645341,0.544491860281,8.05331334643,0.871264894205,0.461830251304,0.640599570326,0.371299902718,2,1.72528881811,0.640599570326,2,0.344071394247,0.376569037657,810,0.104247104247,0.56957682835,37,37,37,1,0,0.405405405405,0.540540540541,0.0540540540541,37,0.117117117117,2.18635635636,8.43243243243,7.09090909091,4.45714285714,5.03620525429,0.597242289772,0.326923076923,6.00062559301,1.42322530091,0.680526680527,3.83793300225,0.910278981302,0.463617463617,1.32204914232,0.604681454823,4.3462962963,2.18635635636,1.32204914232,4.3462962963,0,0,0,0,0.160896782956,37,37,37,1,0,0.405405405405,0.540540540541,0.0540540540541,37,175,0.131381381381,2.57454477212,9.45945945946,7.60869565217,4.86111111111,4.62237670105,0.488651251253,0.263166023166,5.96586888823,1.26135513637,0.636293436293,3.50910441763,0.741924934013,0.394749034749,1.63044593545,0.633294846184,4.88846236079,2.57454477212,1.63044593545,4.88846236079,0.0622422843011,0.0181618051734,11,0.0014157014157,0.16546548694,37,37,37,1,0,0.378378378378,0.594594594595,0.027027027027,-167,-0.125375375375,0.849255954004,-9.02702702703,-7.93675889328,-4.91031746032,-0.745333454348,0.198292660976,0.120523380523,-3.54262265414,0.232658682955,0.0918015760121,-4.54420892881,-0.129339960192,-0.0670812165549,0.989846365126,0.261994943466,2.88846236079,0.849255954004,0.989846365126,2.88846236079,-0.281829109946,-0.358407232484,-799,-0.102831402831,-0.40411134141,-0.027027027027,0.0540540540541,-0.027027027027,167,8,175,982,0.488304093567,0.991919191919,0.00808080808081,0.511695906433,0.954285714286,0.488304093567,0.646034816248,0.620995082594,0.480223285486,0.477142857143,19,186,0,0,0,0
1117,WLNM_dir_neg,0.495042779512,0.372494780779,00:00:04,10,30,25,1235778060,threshold_sweep,0.1,0.43137254902,0.118279569892,0.185654008439,22,29,164,343,0.118279569892,0.922043010753,0.0779569892473,0.881720430108,0.43137254902,0.118279569892,0.185654008439,0.654121863799,0.636200716846,0.0492610837438,0.0659609942856,0.0403225806452,342,156,186,0,342,0,156,0,186,37,342,0.256756756757,1.72528881811,18.4864864865,15.5454545455,9.77142857143,5.36771015539,0.290358590277,0.142642642643,9.50849154237,1.02869645341,0.544491860281,8.05331334643,0.871264894205,0.461830251304,0.640599570326,0.371299902718,2,1.72528881811,0.640599570326,2,0.344071394247,0.376569037657,810,0.104247104247,0.56957682835,37,37,37,1,0,0.405405405405,0.540540540541,0.0540540540541,37,0.117117117117,2.21261261261,8.43243243243,7.09090909091,4.45714285714,5.04722443274,0.598549051319,0.327616077616,6.00525295579,1.42432281644,0.680873180873,3.83793300225,0.910278981302,0.463617463617,1.39215458577,0.629190386892,5.2,2.21261261261,1.39215458577,5.2,0,0,0,0,0.161113233172,37,37,37,1,0,0.405405405405,0.540540540541,0.0540540540541,37,207,0.155405405405,10.6539407382,11.1891891892,6.67741935484,5.59459459459,5.23257870269,0.467645922704,0.256822039431,6.20689338764,1.1094447118,0.56613134874,3.3537662035,0.599465456664,0.32458545502,4.64379192137,0.435875516438,13.8839745683,10.6539407382,4.64379192137,13.8839745683,0.196972262762,0.0999593661113,82,0.0105534105534,0.154035134616,37,37,37,1,0,0.162162162162,0.837837837838,0,-135,-0.101351351351,8.92865192009,-7.2972972973,-8.86803519062,-4.17683397683,-0.1351314527,0.177287332427,0.114179396788,-3.30159815474,0.0807482583855,0.0216394884587,-4.69954714293,-0.27179943754,-0.137244796284,4.00319235104,0.0645756137204,11.8839745683,8.92865192009,4.00319235104,11.8839745683,-0.147099131486,-0.276609671546,-728,-0.0936936936937,-0.415541693734,-0.243243243243,0.297297297297,-0.0540540540541,178,29,164,961,0.520467836257,0.970707070707,0.0292929292929,0.479532163743,0.859903381643,0.520467836257,0.648451730419,0.592250434393,0.491174906964,0.479784366577,51,186,0,0,0,0
1118,WLNM_dir_neg,0.495042779512,0.372494780779,00:00:04,10,30,25,1235778060,threshold_sweep,0.2,0.575757575758,0.102150537634,0.173515981735,19,14,167,358,0.102150537634,0.962365591398,0.0376344086022,0.897849462366,0.575757575758,0.102150537634,0.173515981735,0.675627240143,0.646953405018,0.0812182741117,0.128931674244,0.0645161290323,342,156,186,0,342,0,156,0,186,37,342,0.256756756757,1.72528881811,18.4864864865,15.5454545455,9.77142857143,5.36771015539,0.290358590277,0.142642642643,9.50849154237,1.02869645341,0.544491860281,8.05331334643,0.871264894205,0.461830251304,0.640599570326,0.371299902718,2,1.72528881811,0.640599570326,2,0.344071394247,0.376569037657,810,0.104247104247,0.56957682835,37,37,37,1,0,0.405405405405,0.540540540541,0.0540540540541,37,0.117117117117,2.21261261261,8.43243243243,7.09090909091,4.45714285714,5.04722443274,0.598549051319,0.327616077616,6.00525295579,1.42432281644,0.680873180873,3.83793300225,0.910278981302,0.463617463617,1.39215458577,0.629190386892,5.2,2.21261261261,1.39215458577,5.2,0,0,0,0,0.161113233172,37,37,37,1,0,0.405405405405,0.540540540541,0.0540540540541,37,189,0.141891891892,2.59898277731,10.2162162162,8.21739130435,5.10810810811,4.950505783,0.484573317384,0.26169026169,6.3630172079,1.24567003541,0.631774631775,3.18663688779,0.623838967452,0.330902330902,1.65268332169,0.635896219137,4.8733255078,2.59898277731,1.65268332169,4.8733255078,0.140640125547,0.0448408871745,31,0.0039897039897,0.165964813851,37,37,37,1,0,0.378378378378,0.621621621622,0,-153,-0.114864864865,0.873693959191,-8.27027027027,-7.32806324111,-4.66332046332,-0.417204372394,0.194214727106,0.119047619048,-3.14547433448,0.216973581994,0.0872827714933,-4.86667645864,-0.247425926753,-0.130927920402,1.01208375136,0.264596316419,2.8733255078,0.873693959191,1.01208375136,2.8733255078,-0.2034312687,-0.331728150482,-779,-0.100257400257,-0.403612014498,-0.027027027027,0.0810810810811,-0.0540540540541,175,14,167,976,0.511695906433,0.985858585859,0.0141414141414,0.488304093567,0.925925925926,0.511695906433,0.659133709981,0.622898499593,0.497554492291,0.491573033708,33,186,0,0,0,0
1119,WLNM_dir_neg,0.495042779512,0.372494780779,00:00:04,10,30,25,1235778060,threshold_sweep,0.3,0.58064516129,0.0967741935484,0.165898617512,18,13,168,359,0.0967741935484,0.965053763441,0.0349462365591,0.903225806452,0.58064516129,0.0967741935484,0.165898617512,0.675627240143,0.648148148148,0.0780984719864,0.127240885751,0.0618279569892,342,156,186,0,342,0,156,0,186,37,342,0.256756756757,1.72528881811,18.4864864865,15.5454545455,9.77142857143,5.36771015539,0.290358590277,0.142642642643,9.50849154237,1.02869645341,0.544491860281,8.05331334643,0.871264894205,0.461830251304,0.640599570326,0.371299902718,2,1.72528881811,0.640599570326,2,0.344071394247,0.376569037657,810,0.104247104247,0.56957682835,37,37,37,1,0,0.405405405405,0.540540540541,0.0540540540541,37,0.117117117117,2.21261261261,8.43243243243,7.09090909091,4.45714285714,5.04722443274,0.598549051319,0.327616077616,6.00525295579,1.42432281644,0.680873180873,3.83793300225,0.910278981302,0.463617463617,1.39215458577,0.629190386892,5.2,2.21261261261,1.39215458577,5.2,0,0,0,0,0.161113233172,37,37,37,1,0,0.405405405405,0.540540540541,0.0540540540541,37,187,0.14039039039,2.6093692825,10.1081081081,8.13043478261,5.05405405405,4.93166516719,0.487892008519,0.26405549935,6.3287086007,1.25220437554,0.633328515681,3.23132193405,0.639352468234,0.339355398179,1.66287643756,0.637271408348,4.88842006295,2.6093692825,1.66287643756,4.88842006295,0.133565403767,0.0427728613569,29,0.0037323037323,0.165791373864,37,37,37,1,0,0.378378378378,0.621621621622,0,-155,-0.116366366366,0.88408046438,-8.37837837838,-7.41501976285,-4.71737451737,-0.436044988199,0.197533418242,0.121412856707,-3.17978294168,0.223507922124,0.0888366554001,-4.82199141239,-0.231912425971,-0.122474853125,1.02227686723,0.26597150563,2.88842006295,0.88408046438,1.02227686723,2.88842006295,-0.210505990481,-0.3337961763,-781,-0.100514800515,-0.403785454485,-0.027027027027,0.0810810810811,-0.0540540540541,174,13,168,977,0.508771929825,0.986868686869,0.0131313131313,0.491228070175,0.930481283422,0.508771929825,0.657844990548,0.623266798219,0.495640616693,0.49014084507,31,186,0,0,0,0
1120,WLNM_dir_neg,0.495042779512,0.372494780779,00:00:04,10,30,25,1235778060,threshold_sweep,0.4,0.58064516129,0.0967741935484,0.165898617512,18,13,168,359,0.0967741935484,0.965053763441,0.0349462365591,0.903225806452,0.58064516129,0.0967741935484,0.165898617512,0.675627240143,0.648148148148,0.0780984719864,0.127240885751,0.0618279569892,342,156,186,0,342,0,156,0,186,37,342,0.256756756757,1.72528881811,18.4864864865,15.5454545455,9.77142857143,5.36771015539,0.290358590277,0.142642642643,9.50849154237,1.02869645341,0.544491860281,8.05331334643,0.871264894205,0.461830251304,0.640599570326,0.371299902718,2,1.72528881811,0.640599570326,2,0.344071394247,0.376569037657,810,0.104247104247,0.56957682835,37,37,37,1,0,0.405405405405,0.540540540541,0.0540540540541,37,0.117117117117,2.21261261261,8.43243243243,7.09090909091,4.45714285714,5.04722443274,0.598549051319,0.327616077616,6.00525295579,1.42432281644,0.680873180873,3.83793300225,0.910278981302,0.463617463617,1.39215458577,0.629190386892,5.2,2.21261261261,1.39215458577,5.2,0,0,0,0,0.161113233172,37,37,37,1,0,0.405405405405,0.540540540541,0.0540540540541,37,187,0.14039039039,2.6093692825,10.1081081081,8.13043478261,5.05405405405,4.93166516719,0.487892008519,0.26405549935,6.3287086007,1.25220437554,0.633328515681,3.23132193405,0.639352468234,0.339355398179,1.66287643756,0.637271408348,4.88842006295,2.6093692825,1.66287643756,4.88842006295,0.133565403767,0.0427728613569,29,0.0037323037323,0.165791373864,37,37,37,1,0,0.378378378378,0.621621621622,0,-155,-0.116366366366,0.88408046438,-8.37837837838,-7.41501976285,-4.71737451737,-0.436044988199,0.197533418242,0.121412856707,-3.17978294168,0.223507922124,0.0888366554001,-4.82199141239,-0.231912425971,-0.122474853125,1.02227686723,0.26597150563,2.88842006295,0.88408046438,1.02227686723,2.88842006295,-0.210505990481,-0.3337961763,-781,-0.100514800515,-0.403785454485,-0.027027027027,0.0810810810811,-0.0540540540541,174,13,168,977,0.508771929825,0.986868686869,0.0131313131313,0.491228070175,0.930481283422,0.508771929825,0.657844990548,0.623266798219,0.495640616693,0.49014084507,31,186,0,0,0,0
1121,WLNM_dir_neg,0.495042779512,0.372494780779,00:00:04,10,30,25,1235778060,threshold_sweep,0.5,0.551724137931,0.0860215053763,0.148837209302,16,13,170,359,0.0860215053763,0.965053763441,0.0349462365591,0.913978494624,0.551724137931,0.0860215053763,0.148837209302,0.672043010753,0.649342891278,0.0647359454855,0.108470531493,0.0510752688172,342,156,186,0,342,0,156,0,186,37,342,0.256756756757,1.72528881811,18.4864864865,15.5454545455,9.77142857143,5.36771015539,0.290358590277,0.142642642643,9.50849154237,1.02869645341,0.544491860281,8.05331334643,0.871264894205,0.461830251304,0.640599570326,0.371299902718,2,1.72528881811,0.640599570326,2,0.344071394247,0.376569037657,810,0.104247104247,0.56957682835,37,37,37,1,0,0.405405405405,0.540540540541,0.0540540540541,37,0.117117117117,2.21261261261,8.43243243243,7.09090909091,4.45714285714,5.04722443274,0.598549051319,0.327616077616,6.00525295579,1.42432281644,0.680873180873,3.83793300225,0.910278981302,0.463617463617,1.39215458577,0.629190386892,5.2,2.21261261261,1.39215458577,5.2,0,0,0,0,0.161113233172,37,37,37,1,0,0.405405405405,0.540540540541,0.0540540540541,37,185,0.138888888889,2.55844294689,10,8.04347826087,5,5.07170801823,0.507170801823,0.275091307524,6.35959467611,1.27191893522,0.639298758218,3.26598632371,0.653197264742,0.345069393718,1.61195512573,0.630053184374,4.79994972733,2.55844294689,1.61195512573,4.79994972733,0.138970809172,0.0430054374691,29,0.0037323037323,0.161532951128,37,37,37,1,0,0.378378378378,0.621621621622,0,-157,-0.117867867868,0.833154128773,-8.48648648649,-7.50197628458,-4.77142857143,-0.296002137159,0.216812211546,0.132448664881,-3.14889686626,0.243222481808,0.0948068979363,-4.78732702272,-0.218067629463,-0.116760857586,0.9713555554,0.258753281656,2.79994972733,0.833154128773,0.9713555554,2.79994972733,-0.205100585075,-0.333563600188,-781,-0.100514800515,-0.408043877222,-0.027027027027,0.0810810810811,-0.0540540540541,172,13,170,977,0.502923976608,0.986868686869,0.0131313131313,0.497076023392,0.92972972973,0.502923976608,0.65275142315,0.618693214291,0.489792663477,0.484507042254,29,186,0,0,0,0
1122,WLNM_dir_neg,0.495042779512,0.372494780779,00:00:04,10,30,25,1235778060,threshold_sweep,0.6,0.571428571429,0.0860215053763,0.14953271028,16,12,170,360,0.0860215053763,0.967741935484,0.0322580645161,0.913978494624,0.571428571429,0.0860215053763,0.14953271028,0.673835125448,0.649940262843,0.0682593856655,0.116090865053,0.0537634408602,342,156,186,0,342,0,156,0,186,37,342,0.256756756757,1.72528881811,18.4864864865,15.5454545455,9.77142857143,5.36771015539,0.290358590277,0.142642642643,9.50849154237,1.02869645341,0.544491860281,8.05331334643,0.871264894205,0.461830251304,0.640599570326,0.371299902718,2,1.72528881811,0.640599570326,2,0.344071394247,0.376569037657,810,0.104247104247,0.56957682835,37,37,37,1,0,0.405405405405,0.540540540541,0.0540540540541,37,0.117117117117,2.21261261261,8.43243243243,7.09090909091,4.45714285714,5.04722443274,0.598549051319,0.327616077616,6.00525295579,1.42432281644,0.680873180873,3.83793300225,0.910278981302,0.463617463617,1.39215458577,0.629190386892,5.2,2.21261261261,1.39215458577,5.2,0,0,0,0,0.161113233172,37,37,37,1,0,0.405405405405,0.540540540541,0.0540540540541,37,184,0.138138138138,2.2832659383,9.94594594595,8.36363636364,4.97297297297,5.06593166788,0.509346390521,0.276586368978,6.3791608926,1.28276604906,0.643948296122,3.27860477174,0.659284655186,0.346650998825,1.41904204581,0.621496612378,4.49465055898,2.2832659383,1.41904204581,4.49465055898,0.138970809172,0.0430054374691,29,0.0037323037323,0.173616175911,37,37,37,1,0,0.405405405405,0.594594594595,0,-158,-0.118618618619,0.557977120184,-8.54054054054,-7.18181818182,-4.79845559846,-0.30177848751,0.218987800244,0.133943726335,-3.12933064977,0.254069595641,0.0994564358409,-4.7747085747,-0.211980239019,-0.115179252479,0.778442475484,0.25019670966,2.49465055898,0.557977120184,0.778442475484,2.49465055898,-0.205100585075,-0.333563600188,-781,-0.100514800515,-0.395960652439,0,0.0540540540541,-0.0540540540541,172,12,170,978,0.502923976608,0.987878787879,0.0121212121212,0.497076023392,0.934782608696,0.502923976608,0.653992395437,0.621380750151,0.490802764487,0.485875706215,28,186,0,0,0,0
1123,WLNM_dir_neg,0.495042779512,0.372494780779,00:00:04,10,30,25,1235778060,threshold_sweep,0.7,0.64,0.0860215053763,0.151658767773,16,9,170,363,0.0860215053763,0.975806451613,0.0241935483871,0.913978494624,0.64,0.0860215053763,0.151658767773,0.679211469534,0.651732377539,0.0789022298456,0.140889695121,0.0618279569892,342,156,186,0,342,0,156,0,186,37,342,0.256756756757,1.72528881811,18.4864864865,15.5454545455,9.77142857143,5.36771015539,0.290358590277,0.142642642643,9.50849154237,1.02869645341,0.544491860281,8.05331334643,0.871264894205,0.461830251304,0.640599570326,0.371299902718,2,1.72528881811,0.640599570326,2,0.344071394247,0.376569037657,810,0.104247104247,0.56957682835,37,37,37,1,0,0.405405405405,0.540540540541,0.0540540540541,37,0.117117117117,2.21261261261,8.43243243243,7.09090909091,4.45714285714,5.04722443274,0.598549051319,0.327616077616,6.00525295579,1.42432281644,0.680873180873,3.83793300225,0.910278981302,0.463617463617,1.39215458577,0.629190386892,5.2,2.21261261261,1.39215458577,5.2,0,0,0,0,0.161113233172,37,37,37,1,0,0.405405405405,0.540540540541,0.0540540540541,37,181,0.135885885886,2.31409260333,9.78378378378,8.22727272727,4.89189189189,4.98405867149,0.50942036145,0.276840376288,6.30601028906,1.28907392649,0.647454083918,3.36471712352,0.687815102598,0.364939525161,1.47919567319,0.639211961986,4.95052291878,2.31409260333,1.47919567319,4.95052291878,0.149117494319,0.0398365679265,26,0.0033462033462,0.173538013332,37,37,37,1,0,0.405405405405,0.594594594595,0,-161,-0.120870870871,0.588803785216,-8.7027027027,-7.31818181818,-4.87953667954,-0.383651483905,0.219061771173,0.134197733645,-3.20248125331,0.260377473079,0.102962223637,-4.68859622291,-0.183449791606,-0.0968907261434,0.838596102866,0.267912059268,2.95052291878,0.588803785216,0.838596102866,2.95052291878,-0.194953899929,-0.33673246973,-784,-0.100900900901,-0.396038815018,0,0.0540540540541,-0.0540540540541,172,9,170,981,0.502923976608,0.990909090909,0.00909090909091,0.497076023392,0.950276243094,0.502923976608,0.657743785851,0.629555276739,0.493833067517,0.490028490028,25,186,0,0,0,0
1124,WLNM_dir_neg,0.495042779512,0.372494780779,00:00:04,10,30,25,1235778060,threshold_sweep,0.8,0.666666666667,0.0752688172043,0.135265700483,14,7,172,365,0.0752688172043,0.981182795699,0.0188172043011,0.924731182796,0.666666666667,0.0752688172043,0.135265700483,0.679211469534,0.654121863799,0.0725388601036,0.139832301796,0.0564516129032,342,156,186,0,342,0,156,0,186,37,342,0.256756756757,1.72528881811,18.4864864865,15.5454545455,9.77142857143,5.36771015539,0.290358590277,0.142642642643,9.50849154237,1.02869645341,0.544491860281,8.05331334643,0.871264894205,0.461830251304,0.640599570326,0.371299902718,2,1.72528881811,0.640599570326,2,0.344071394247,0.376569037657,810,0.104247104247,0.56957682835,37,37,37,1,0,0.405405405405,0.540540540541,0.0540540540541,37,0.117117117117,2.21261261261,8.43243243243,7.09090909091,4.45714285714,5.04722443274,0.598549051319,0.327616077616,6.00525295579,1.42432281644,0.680873180873,3.83793300225,0.910278981302,0.463617463617,1.39215458577,0.629190386892,5.2,2.21261261261,1.39215458577,5.2,0,0,0,0,0.161113233172,37,37,37,1,0,0.405405405405,0.540540540541,0.0540540540541,37,177,0.132882882883,2.27952214125,9.56756756757,8.04545454545,4.91666666667,5.03068661395,0.525806228012,0.286150557337,6.28549978184,1.31391803349,0.654145671095,3.45715952076,0.722683063661,0.383264620553,1.43489259456,0.629470786264,4.85914734035,2.27952214125,1.43489259456,4.85914734035,0.151522719092,0.0341085271318,22,0.0028314028314,0.172319456757,37,37,37,1,0,0.405405405405,0.567567567568,0.027027027027,-165,-0.123873873874,0.554233323132,-8.91891891892,-7.5,-4.85476190476,-0.33702354144,0.235447637735,0.143507914694,-3.22299176053,0.285221580077,0.109653810813,-4.59615382568,-0.148581830544,-0.0785656307512,0.794293024231,0.258170883546,2.85914734035,0.554233323132,0.794293024231,2.85914734035,-0.192548675155,-0.342460510525,-788,-0.101415701416,-0.397257371593,0,0.027027027027,-0.027027027027,170,7,172,983,0.497076023392,0.992929292929,0.00707070707071,0.502923976608,0.960451977401,0.497076023392,0.655105973025,0.630599783011,0.490005316321,0.487106017192,21,186,0,0,0,0
1125,WLNM_dir_neg,0.495042779512,0.372494780779,00:00:04,10,30,25,1235778060,threshold_sweep,0.9,0.666666666667,0.0645161290323,0.117647058824,12,6,174,366,0.0645161290323,0.983870967742,0.0161290322581,0.935483870968,0.666666666667,0.0645161290323,0.117647058824,0.677419354839,0.655913978495,0.0625,0.129099444874,0.0483870967742,342,156,186,0,342,0,156,0,186,37,342,0.256756756757,1.72528881811,18.4864864865,15.5454545455,9.77142857143,5.36771015539,0.290358590277,0.142642642643,9.50849154237,1.02869645341,0.544491860281,8.05331334643,0.871264894205,0.461830251304,0.640599570326,0.371299902718,2,1.72528881811,0.640599570326,2,0.344071394247,0.376569037657,810,0.104247104247,0.56957682835,37,37,37,1,0,0.405405405405,0.540540540541,0.0540540540541,37,0.117117117117,2.21261261261,8.43243243243,7.09090909091,4.45714285714,5.04722443274,0.598549051319,0.327616077616,6.00525295579,1.42432281644,0.680873180873,3.83793300225,0.910278981302,0.463617463617,1.39215458577,0.629190386892,5.2,2.21261261261,1.39215458577,5.2,0,0,0,0,0.161113233172,37,37,37,1,0,0.405405405405,0.540540540541,0.0540540540541,37,174,0.130630630631,2.31631175841,9.40540540541,7.90909090909,4.83333333333,4.97471082051,0.528920403331,0.286735010873,6.2710306829,1.33349503027,0.658278968624,3.50289455597,0.744868382592,0.390804597701,1.50366905848,0.649165231329,5.05210213685,2.31631175841,1.50366905848,5.05210213685,0.12107780049,0.0271855010661,17,0.0021879021879,0.169833613935,37,37,37,1,0,0.405405405405,0.567567567568,0.027027027027,-168,-0.126126126126,0.591022940299,-9.08108108108,-7.63636363636,-4.9380952381,-0.392999334878,0.238561813053,0.14409236823,-3.23746085948,0.304798576856,0.113787108342,-4.55041879046,-0.126396511613,-0.0710256536028,0.863069488155,0.277865328611,3.05210213685,0.591022940299,0.863069488155,3.05210213685,-0.222993593758,-0.349383536591,-793,-0.102059202059,-0.399743214415,0,0.027027027027,-0.027027027027,168,6,174,984,0.491228070175,0.993939393939,0.00606060606061,0.508771929825,0.965517241379,0.491228070175,0.651162790698,0.628917117663,0.485167464115,0.48275862069,18,186,0,0,0,0
1126,WLNM_dir_neg,0.28196178749,0.32947261928,00:00:05,10,30,26,1235778061,threshold_sweep,0.1,0.528301886792,0.150537634409,0.234309623431,28,25,158,347,0.150537634409,0.932795698925,0.0672043010753,0.849462365591,0.528301886792,0.150537634409,0.234309623431,0.672043010753,0.635005973716,0.10147299509,0.133987126143,0.0833333333333,342,156,186,0,342,0,156,0,186,37,342,0.256756756757,1.72528881811,18.4864864865,15.5454545455,9.77142857143,5.36771015539,0.290358590277,0.142642642643,9.50849154237,1.02869645341,0.544491860281,8.05331334643,0.871264894205,0.461830251304,0.640599570326,0.371299902718,2,1.72528881811,0.640599570326,2,0.344071394247,0.376569037657,810,0.104247104247,0.56957682835,37,37,37,1,0,0.405405405405,0.540540540541,0.0540540540541,37,0.117117117117,2.18635635636,8.43243243243,7.09090909091,4.45714285714,5.03620525429,0.597242289772,0.326923076923,6.00062559301,1.42322530091,0.680526680527,3.83793300225,0.910278981302,0.463617463617,1.32204914232,0.604681454823,4.3462962963,2.18635635636,1.32204914232,4.3462962963,0,0,0,0,0.160896782956,37,37,37,1,0,0.405405405405,0.540540540541,0.0540540540541,37,209,0.156906906907,11.8987109128,11.2972972973,6.53125,5.64864864865,4.72502125136,0.418243507896,0.221776800724,5.71652680206,1.01201670658,0.536402431139,3.57628155908,0.633121615722,0.346308030519,4.62206146409,0.388450605947,14.1939004263,11.8987109128,4.62206146409,14.1939004263,0.200714724012,0.126050420168,100,0.01287001287,0.191596443497,37,37,37,1,0,0.135135135135,0.864864864865,0,-133,-0.0998498498498,10.1734220947,-7.18918918919,-9.01420454545,-4.12277992278,-0.642688904031,0.127884917619,0.0791341580815,-3.79196474031,-0.0166797468299,-0.00808942914206,-4.47703178736,-0.238143278483,-0.115522220785,3.98146189376,0.0171507032297,12.1939004263,10.1734220947,3.98146189376,12.1939004263,-0.143356670235,-0.250518617489,-710,-0.0913770913771,-0.377980384853,-0.27027027027,0.324324324324,-0.0540540540541,184,25,158,965,0.538011695906,0.974747474747,0.0252525252525,0.461988304094,0.88038277512,0.538011695906,0.667876588022,0.61585867824,0.512759170654,0.50136239782,53,186,0,0,0,0
1127,WLNM_dir_neg,0.28196178749,0.32947261928,00:00:05,10,30,26,1235778061,threshold_sweep,0.2,0.510204081633,0.134408602151,0.212765957447,25,24,161,348,0.134408602151,0.935483870968,0.0645161290323,0.865591397849,0.510204081633,0.134408602151,0.212765957447,0.668458781362,0.637395459976,0.0856672158155,0.116412983293,0.0698924731183,342,156,186,0,342,0,156,0,186,37,342,0.256756756757,1.72528881811,18.4864864865,15.5454545455,9.77142857143,5.36771015539,0.290358590277,0.142642642643,9.50849154237,1.02869645341,0.544491860281,8.05331334643,0.871264894205,0.461830251304,0.640599570326,0.371299902718,2,1.72528881811,0.640599570326,2,0.344071394247,0.376569037657,810,0.104247104247,0.56957682835,37,37,37,1,0,0.405405405405,0.540540540541,0.0540540540541,37,0.117117117117,2.18635635636,8.43243243243,7.09090909091,4.45714285714,5.03620525429,0.597242289772,0.326923076923,6.00062559301,1.42322530091,0.680526680527,3.83793300225,0.910278981302,0.463617463617,1.32204914232,0.604681454823,4.3462962963,2.18635635636,1.32204914232,4.3462962963,0,0,0,0,0.160896782956,37,37,37,1,0,0.405405405405,0.540540540541,0.0540540540541,37,205,0.153903903904,12.4950418654,11.0810810811,6.40625,5.54054054054,4.48068929704,0.404354887781,0.215557020435,5.65977323159,1.02152004668,0.540276862228,3.61012922664,0.651584299442,0.35491100857,4.88350976767,0.390835806738,14.804892989,12.4950418654,4.88350976767,14.804892989,0.17718808934,0.105217010083,80,0.010296010296,0.190077252398,37,37,37,1,0,0.135135135135,0.864864864865,0,-137,-0.102852852853,10.7697530472,-7.40540540541,-9.13920454545,-4.23088803089,-0.887020858357,0.113996297504,0.0729143777924,-3.84871831078,-0.00717640673742,-0.00421499805325,-4.4431841198,-0.219680594763,-0.106919242734,4.24291019734,0.0195359040198,12.804892989,10.7697530472,4.24291019734,12.804892989,-0.166883304908,-0.271352027574,-730,-0.0939510939511,-0.379499575952,-0.27027027027,0.324324324324,-0.0540540540541,181,24,161,966,0.529239766082,0.975757575758,0.0242424242424,0.470760233918,0.882926829268,0.529239766082,0.661791590494,0.611337242783,0.504997341839,0.494535519126,49,186,0,0,0,0
1128,WLNM_dir_neg,0.28196178749,0.32947261928,00:00:05,10,30,26,1235778061,threshold_sweep,0.3,0.648648648649,0.129032258065,0.215246636771,24,13,162,359,0.129032258065,0.965053763441,0.0349462365591,0.870967741935,0.648648648649,0.129032258065,0.215246636771,0.686379928315,0.644563918757,0.117647058824,0.178251553224,0.0940860215054,342,156,186,0,342,0,156,0,186,37,342,0.256756756757,1.72528881811,18.4864864865,15.5454545455,9.77142857143,5.36771015539,0.290358590277,0.142642642643,9.50849154237,1.02869645341,0.544491860281,8.05331334643,0.871264894205,0.461830251304,0.640599570326,0.371299902718,2,1.72528881811,0.640599570326,2,0.344071394247,0.376569037657,810,0.104247104247,0.56957682835,37,37,37,1,0,0.405405405405,0.540540540541,0.0540540540541,37,0.117117117117,2.18635635636,8.43243243243,7.09090909091,4.45714285714,5.03620525429,0.597242289772,0.326923076923,6.00062559301,1.42322530091,0.680526680527,3.83793300225,0.910278981302,0.463617463617,1.32204914232,0.604681454823,4.3462962963,2.18635635636,1.32204914232,4.3462962963,0,0,0,0,0.160896782956,37,37,37,1,0,0.405405405405,0.540540540541,0.0540540540541,37,193,0.144894894895,3.32133466934,10.4324324324,8.39130434783,5.21621621622,4.09973265077,0.392979554608,0.209214395743,5.90261305193,1.13158903068,0.596275031508,3.44911530634,0.661229359246,0.359333426691,2.50313372345,0.753652965646,6.42857142857,3.32133466934,2.50313372345,6.42857142857,0.15413465011,0.0728805156173,49,0.00630630630631,0.196014142088,37,37,37,1,0,0.378378378378,0.621621621622,0,-149,-0.111861861862,1.59604585122,-8.05405405405,-7.15415019763,-4.55521235521,-1.26797750462,0.102620964331,0.0665717531003,-3.60587849044,0.102892577267,0.0517831712269,-4.6041980401,-0.210035534959,-0.102496824613,1.86253415312,0.382353062928,4.42857142857,1.59604585122,1.86253415312,4.42857142857,-0.189936744138,-0.30368852204,-761,-0.0979407979408,-0.373562686262,-0.027027027027,0.0810810810811,-0.0540540540541,180,13,162,977,0.526315789474,0.986868686869,0.0131313131313,0.473684210526,0.932642487047,0.526315789474,0.672897196262,0.636888848028,0.513184476342,0.507042253521,37,186,0,0,0,0
1129,WLNM_dir_neg,0.28196178749,0.32947261928,00:00:05,10,30,26,1235778061,threshold_sweep,0.4,0.657142857143,0.123655913978,0.20814479638,23,12,163,360,0.123655913978,0.967741935484,0.0322580645161,0.876344086022,0.657142857143,0.123655913978,0.20814479638,0.686379928315,0.645758661888,0.114671163575,0.177696573156,0.0913978494624,342,156,186,0,342,0,156,0,186,37,342,0.256756756757,1.72528881811,18.4864864865,15.5454545455,9.77142857143,5.36771015539,0.290358590277,0.142642642643,9.50849154237,1.02869645341,0.544491860281,8.05331334643,0.871264894205,0.461830251304,0.640599570326,0.371299902718,2,1.72528881811,0.640599570326,2,0.344071394247,0.376569037657,810,0.104247104247,0.56957682835,37,37,37,1,0,0.405405405405,0.540540540541,0.0540540540541,37,0.117117117117,2.18635635636,8.43243243243,7.09090909091,4.45714285714,5.03620525429,0.597242289772,0.326923076923,6.00062559301,1.42322530091,0.680526680527,3.83793300225,0.910278981302,0.463617463617,1.32204914232,0.604681454823,4.3462962963,2.18635635636,1.32204914232,4.3462962963,0,0,0,0,0.160896782956,37,37,37,1,0,0.405405405405,0.540540540541,0.0540540540541,37,191,0.143393393393,5.49557396642,10.3243243243,8.30434782609,5.16216216216,4.03494495387,0.390819275637,0.206311023065,5.91379514128,1.14560429438,0.601386727041,3.46821690909,0.671853537364,0.363662091411,5.46048136944,0.993614389109,15.9642857143,5.49557396642,5.46048136944,15.9642857143,0.140200041825,0.0623416117587,41,0.00527670527671,0.192884240418,37,37,37,1,0,0.378378378378,0.621621621622,0,-151,-0.113363363363,3.7702851483,-8.16216216216,-7.24110671937,-4.60926640927,-1.33276520152,0.10046068536,0.0636683804223,-3.5946964011,0.116907840968,0.0568948667598,-4.58509643734,-0.199411356841,-0.0981681598932,4.81988179912,0.622314486391,13.9642857143,3.7702851483,4.81988179912,13.9642857143,-0.203871352422,-0.314227425898,-769,-0.0989703989704,-0.376692587931,-0.027027027027,0.0810810810811,-0.0540540540541,179,12,163,978,0.523391812865,0.987878787879,0.0121212121212,0.476608187135,0.937172774869,0.523391812865,0.671669793621,0.63726778544,0.511270600744,0.505649717514,35,186,0,0,0,0
1130,WLNM_dir_neg,0.28196178749,0.32947261928,00:00:05,10,30,26,1235778061,threshold_sweep,0.5,0.657142857143,0.123655913978,0.20814479638,23,12,163,360,0.123655913978,0.967741935484,0.0322580645161,0.876344086022,0.657142857143,0.123655913978,0.20814479638,0.686379928315,0.645758661888,0.114671163575,0.177696573156,0.0913978494624,342,156,186,0,342,0,156,0,186,37,342,0.256756756757,1.72528881811,18.4864864865,15.5454545455,9.77142857143,5.36771015539,0.290358590277,0.142642642643,9.50849154237,1.02869645341,0.544491860281,8.05331334643,0.871264894205,0.461830251304,0.640599570326,0.371299902718,2,1.72528881811,0.640599570326,2,0.344071394247,0.376569037657,810,0.104247104247,0.56957682835,37,37,37,1,0,0.405405405405,0.540540540541,0.0540540540541,37,0.117117117117,2.18635635636,8.43243243243,7.09090909091,4.45714285714,5.03620525429,0.597242289772,0.326923076923,6.00062559301,1.42322530091,0.680526680527,3.83793300225,0.910278981302,0.463617463617,1.32204914232,0.604681454823,4.3462962963,2.18635635636,1.32204914232,4.3462962963,0,0,0,0,0.160896782956,37,37,37,1,0,0.405405405405,0.540540540541,0.0540540540541,37,191,0.143393393393,5.49557396642,10.3243243243,8.30434782609,5.16216216216,4.03494495387,0.390819275637,0.206311023065,5.91379514128,1.14560429438,0.601386727041,3.46821690909,0.671853537364,0.363662091411,5.46048136944,0.993614389109,15.9642857143,5.49557396642,5.46048136944,15.9642857143,0.140200041825,0.0623416117587,41,0.00527670527671,0.192884240418,37,37,37,1,0,0.378378378378,0.621621621622,0,-151,-0.113363363363,3.7702851483,-8.16216216216,-7.24110671937,-4.60926640927,-1.33276520152,0.10046068536,0.0636683804223,-3.5946964011,0.116907840968,0.0568948667598,-4.58509643734,-0.199411356841,-0.0981681598932,4.81988179912,0.622314486391,13.9642857143,3.7702851483,4.81988179912,13.9642857143,-0.203871352422,-0.314227425898,-769,-0.0989703989704,-0.376692587931,-0.027027027027,0.0810810810811,-0.0540540540541,179,12,163,978,0.523391812865,0.987878787879,0.0121212121212,0.476608187135,0.937172774869,0.523391812865,0.671669793621,0.63726778544,0.511270600744,0.505649717514,35,186,0,0,0,0
1131,WLNM_dir_neg,0.28196178749,0.32947261928,00:00:05,10,30,26,1235778061,threshold_sweep,0.6,0.657142857143,0.123655913978,0.20814479638,23,12,163,360,0.123655913978,0.967741935484,0.0322580645161,0.876344086022,0.657142857143,0.123655913978,0.20814479638,0.686379928315,0.645758661888,0.114671163575,0.177696573156,0.0913978494624,342,156,186,0,342,0,156,0,186,37,342,0.256756756757,1.72528881811,18.4864864865,15.5454545455,9.77142857143,5.36771015539,0.290358590277,0.142642642643,9.50849154237,1.02869645341,0.544491860281,8.05331334643,0.871264894205,0.461830251304,0.640599570326,0.371299902718,2,1.72528881811,0.640599570326,2,0.344071394247,0.376569037657,810,0.104247104247,0.56957682835,37,37,37,1,0,0.405405405405,0.540540540541,0.0540540540541,37,0.117117117117,2.18635635636,8.43243243243,7.09090909091,4.45714285714,5.03620525429,0.597242289772,0.326923076923,6.00062559301,1.42322530091,0.680526680527,3.83793300225,0.910278981302,0.463617463617,1.32204914232,0.604681454823,4.3462962963,2.18635635636,1.32204914232,4.3462962963,0,0,0,0,0.160896782956,37,37,37,1,0,0.405405405405,0.540540540541,0.0540540540541,37,191,0.143393393393,5.49557396642,10.3243243243,8.30434782609,5.16216216216,4.03494495387,0.390819275637,0.206311023065,5.91379514128,1.14560429438,0.601386727041,3.46821690909,0.671853537364,0.363662091411,5.46048136944,0.993614389109,15.9642857143,5.49557396642,5.46048136944,15.9642857143,0.140200041825,0.0623416117587,41,0.00527670527671,0.192884240418,37,37,37,1,0,0.378378378378,0.621621621622,0,-151,-0.113363363363,3.7702851483,-8.16216216216,-7.24110671937,-4.60926640927,-1.33276520152,0.10046068536,0.0636683804223,-3.5946964011,0.116907840968,0.0568948667598,-4.58509643734,-0.199411356841,-0.0981681598932,4.81988179912,0.622314486391,13.9642857143,3.7702851483,4.81988179912,13.9642857143,-0.203871352422,-0.314227425898,-769,-0.0989703989704,-0.376692587931,-0.027027027027,0.0810810810811,-0.0540540540541,179,12,163,978,0.523391812865,0.987878787879,0.0121212121212,0.476608187135,0.937172774869,0.523391812865,0.671669793621,0.63726778544,0.511270600744,0.505649717514,35,186,0,0,0,0
1132,WLNM_dir_neg,0.28196178749,0.32947261928,00:00:05,10,30,26,1235778061,threshold_sweep,0.7,0.645161290323,0.10752688172,0.184331797235,20,11,166,361,0.10752688172,0.970430107527,0.0295698924731,0.89247311828,0.645161290323,0.10752688172,0.184331797235,0.682795698925,0.648148148148,0.0984719864177,0.160434160295,0.0779569892473,342,156,186,0,342,0,156,0,186,37,342,0.256756756757,1.72528881811,18.4864864865,15.5454545455,9.77142857143,5.36771015539,0.290358590277,0.142642642643,9.50849154237,1.02869645341,0.544491860281,8.05331334643,0.871264894205,0.461830251304,0.640599570326,0.371299902718,2,1.72528881811,0.640599570326,2,0.344071394247,0.376569037657,810,0.104247104247,0.56957682835,37,37,37,1,0,0.405405405405,0.540540540541,0.0540540540541,37,0.117117117117,2.18635635636,8.43243243243,7.09090909091,4.45714285714,5.03620525429,0.597242289772,0.326923076923,6.00062559301,1.42322530091,0.680526680527,3.83793300225,0.910278981302,0.463617463617,1.32204914232,0.604681454823,4.3462962963,2.18635635636,1.32204914232,4.3462962963,0,0,0,0,0.160896782956,37,37,37,1,0,0.405405405405,0.540540540541,0.0540540540541,37,187,0.14039039039,1,10.1081081081,8.13043478261,5.05405405405,4.03308390264,0.398994931545,0.207255383726,5.89230169112,1.16585648434,0.608758491111,3.48764442908,0.690068683828,0.370284723226,0,0,0,NaN,NaN,NaN,0.13031117141,0.0501305483029,32,0.0041184041184,0.188324055325,37,37,0,1,2,0.378378378378,0.621621621622,0,-155,-0.116366366366,-0.725288818115,-8.37837837838,-7.41501976285,-4.71737451737,-1.33462625275,0.108636341268,0.0646127410833,-3.61618985125,0.137160030925,0.0642666308301,-4.56566891736,-0.181196210377,-0.091545528078,-0.640599570326,-0.371299902718,-2,NaN,NaN,NaN,-0.213760222837,-0.326438489354,-778,-0.100128700129,-0.381252773025,-0.027027027027,0.0810810810811,-0.0540540540541,176,11,166,979,0.514619883041,0.988888888889,0.0111111111111,0.485380116959,0.941176470588,0.514619883041,0.665406427221,0.633160983152,0.50350877193,0.498583569405,31,186,0,0,0,0
1133,WLNM_dir_neg,0.28196178749,0.32947261928,00:00:05,10,30,26,1235778061,threshold_sweep,0.8,0.633333333333,0.102150537634,0.175925925926,19,11,167,361,0.102150537634,0.970430107527,0.0295698924731,0.897849462366,0.633333333333,0.102150537634,0.175925925926,0.681003584229,0.648745519713,0.0918367346939,0.151694969054,0.0725806451613,342,156,186,0,342,0,156,0,186,37,342,0.256756756757,1.72528881811,18.4864864865,15.5454545455,9.77142857143,5.36771015539,0.290358590277,0.142642642643,9.50849154237,1.02869645341,0.544491860281,8.05331334643,0.871264894205,0.461830251304,0.640599570326,0.371299902718,2,1.72528881811,0.640599570326,2,0.344071394247,0.376569037657,810,0.104247104247,0.56957682835,37,37,37,1,0,0.405405405405,0.540540540541,0.0540540540541,37,0.117117117117,2.18635635636,8.43243243243,7.09090909091,4.45714285714,5.03620525429,0.597242289772,0.326923076923,6.00062559301,1.42322530091,0.680526680527,3.83793300225,0.910278981302,0.463617463617,1.32204914232,0.604681454823,4.3462962963,2.18635635636,1.32204914232,4.3462962963,0,0,0,0,0.160896782956,37,37,37,1,0,0.405405405405,0.540540540541,0.0540540540541,37,186,0.13963963964,1,10.0540540541,8.08695652174,5.02702702703,3.98571021098,0.396428166146,0.207352513804,5.89484938308,1.17263132889,0.61086893345,3.49989274825,0.696215224114,0.372856727695,0,0,0,NaN,NaN,NaN,0.125584197643,0.0460074034902,29,0.0037323037323,0.187870351896,37,37,0,1,2,0.378378378378,0.621621621622,0,-156,-0.117117117117,-0.725288818115,-8.43243243243,-7.45849802372,-4.7444015444,-1.38199994442,0.106069575868,0.0647098711615,-3.61364215929,0.143934875478,0.0663770731682,-4.55342059818,-0.175049670091,-0.0889735236085,-0.640599570326,-0.371299902718,-2,NaN,NaN,NaN,-0.218487196604,-0.330561634167,-781,-0.100514800515,-0.381706476454,-0.027027027027,0.0810810810811,-0.0540540540541,175,11,167,979,0.511695906433,0.988888888889,0.0111111111111,0.488304093567,0.940860215054,0.511695906433,0.662878787879,0.630898541898,0.500584795322,0.495750708215,30,186,0,0,0,0
1134,WLNM_dir_neg,0.28196178749,0.32947261928,00:00:05,10,30,26,1235778061,threshold_sweep,0.9,0.653846153846,0.0913978494624,0.160377358491,17,9,169,363,0.0913978494624,0.975806451613,0.0241935483871,0.908602150538,0.653846153846,0.0913978494624,0.160377358491,0.681003584229,0.651135005974,0.0856164383562,0.150308146951,0.0672043010753,342,156,186,0,342,0,156,0,186,37,342,0.256756756757,1.72528881811,18.4864864865,15.5454545455,9.77142857143,5.36771015539,0.290358590277,0.142642642643,9.50849154237,1.02869645341,0.544491860281,8.05331334643,0.871264894205,0.461830251304,0.640599570326,0.371299902718,2,1.72528881811,0.640599570326,2,0.344071394247,0.376569037657,810,0.104247104247,0.56957682835,37,37,37,1,0,0.405405405405,0.540540540541,0.0540540540541,37,0.117117117117,2.18635635636,8.43243243243,7.09090909091,4.45714285714,5.03620525429,0.597242289772,0.326923076923,6.00062559301,1.42322530091,0.680526680527,3.83793300225,0.910278981302,0.463617463617,1.32204914232,0.604681454823,4.3462962963,2.18635635636,1.32204914232,4.3462962963,0,0,0,0,0.160896782956,37,37,37,1,0,0.405405405405,0.540540540541,0.0540540540541,37,182,0.136636636637,1,9.83783783784,7.91304347826,5.05555555556,4.12656376766,0.419458404954,0.22081972082,5.9272364667,1.20498763334,0.621027621028,3.4990346159,0.711342202133,0.384318384318,0,0,0,NaN,NaN,NaN,0.104005476064,0.0387931034483,24,0.0030888030888,0.178587541137,37,37,0,1,2,0.378378378378,0.594594594595,0.027027027027,-160,-0.12012012012,-0.725288818115,-8.64864864865,-7.63241106719,-4.71587301587,-1.24114638774,0.129099814677,0.0781770781771,-3.58125507568,0.176291179925,0.0765357607463,-4.55427873054,-0.159922692072,-0.0775118669856,-0.640599570326,-0.371299902718,-2,NaN,NaN,NaN,-0.240065918183,-0.337775934209,-786,-0.101158301158,-0.390989287213,-0.027027027027,0.0540540540541,-0.027027027027,173,9,169,981,0.505847953216,0.990909090909,0.00909090909091,0.494152046784,0.950549450549,0.505847953216,0.660305343511,0.631815200827,0.496757044125,0.492877492877,26,186,0,0,0,0
1135,WLNM_dir_neg,0.469721933171,0.3558330394,00:00:04,10,30,27,1235778062,threshold_sweep,0.1,0.433333333333,0.0698924731183,0.12037037037,13,17,173,355,0.0698924731183,0.954301075269,0.0456989247312,0.930107526882,0.433333333333,0.0698924731183,0.12037037037,0.659498207885,0.648745519713,0.030612244898,0.0505649896847,0.0241935483871,342,156,186,0,342,0,156,0,186,37,342,0.256756756757,1.72528881811,18.4864864865,15.5454545455,9.77142857143,5.36771015539,0.290358590277,0.142642642643,9.50849154237,1.02869645341,0.544491860281,8.05331334643,0.871264894205,0.461830251304,0.640599570326,0.371299902718,2,1.72528881811,0.640599570326,2,0.344071394247,0.376569037657,810,0.104247104247,0.56957682835,37,37,37,1,0,0.405405405405,0.540540540541,0.0540540540541,37,0.117117117117,2.22747747748,8.43243243243,7.09090909091,4.45714285714,5.03620525429,0.597242289772,0.326923076923,6.00525295579,1.42432281644,0.680873180873,3.83793300225,0.910278981302,0.463617463617,1.42084529335,0.637871901162,5.2,2.22747747748,1.42084529335,5.2,0,0,0,0,0.160752482811,37,37,37,1,0,0.405405405405,0.540540540541,0.0540540540541,37,186,0.13963963964,10.116107001,10.0540540541,5.8125,5.16666666667,5.05495326908,0.502777610096,0.274629468178,5.76139685265,1.14608432015,0.57832025574,3.68545554614,0.733128253802,0.395524556815,3.84539040238,0.38012551686,11.9261029258,10.116107001,3.84539040238,11.9261029258,0.152330813786,0.0676258992806,47,0.00604890604891,0.182712009445,37,37,37,1,0,0.135135135135,0.837837837838,0.027027027027,-156,-0.117117117117,8.39081818293,-8.43243243243,-9.73295454545,-4.60476190476,-0.312756886316,0.212419019819,0.131986825535,-3.74709468973,0.117387866735,0.0338283954583,-4.36785780029,-0.138136640403,-0.0663056944891,3.20479083205,0.00882561414187,9.92610292579,8.39081818293,3.20479083205,9.92610292579,-0.191740580461,-0.308943138376,-763,-0.0981981981982,-0.386864818905,-0.27027027027,0.297297297297,-0.027027027027,169,17,173,973,0.494152046784,0.982828282828,0.0171717171717,0.505847953216,0.908602150538,0.494152046784,0.640151515152,0.601149290348,0.476980329612,0.470752089136,30,186,0,0,0,0
1136,WLNM_dir_neg,0.469721933171,0.3558330394,00:00:04,10,30,27,1235778062,threshold_sweep,0.2,0.4,0.0537634408602,0.0947867298578,10,15,176,357,0.0537634408602,0.959677419355,0.0403225806452,0.94623655914,0.4,0.0537634408602,0.0947867298578,0.65770609319,0.651732377539,0.0171526586621,0.0306281945916,0.0134408602151,342,156,186,0,342,0,156,0,186,37,342,0.256756756757,1.72528881811,18.4864864865,15.5454545455,9.77142857143,5.36771015539,0.290358590277,0.142642642643,9.50849154237,1.02869645341,0.544491860281,8.05331334643,0.871264894205,0.461830251304,0.640599570326,0.371299902718,2,1.72528881811,0.640599570326,2,0.344071394247,0.376569037657,810,0.104247104247,0.56957682835,37,37,37,1,0,0.405405405405,0.540540540541,0.0540540540541,37,0.117117117117,2.22747747748,8.43243243243,7.09090909091,4.45714285714,5.03620525429,0.597242289772,0.326923076923,6.00525295579,1.42432281644,0.680873180873,3.83793300225,0.910278981302,0.463617463617,1.42084529335,0.637871901162,5.2,2.22747747748,1.42084529335,5.2,0,0,0,0,0.160752482811,37,37,37,1,0,0.405405405405,0.540540540541,0.0540540540541,37,181,0.135885885886,10.3420433878,9.78378378378,5.65625,5.02777777778,4.81972299305,0.492623620837,0.271912796775,5.728989555,1.1711194118,0.582947588472,3.74747162011,0.766057734498,0.408541137823,3.94458050839,0.381412102083,12.2378316674,10.3420433878,3.94458050839,12.2378316674,0.120012870013,0.0440060698027,29,0.0037323037323,0.181064249075,37,37,37,1,0,0.135135135135,0.837837837838,0.027027027027,-161,-0.120870870871,8.61675456973,-8.7027027027,-9.88920454545,-4.74365079365,-0.547987162344,0.202265030559,0.129270154132,-3.77950198737,0.142422958381,0.0384557281911,-4.30584172632,-0.105207159707,-0.053289113481,3.30398093806,0.0101121993651,10.2378316674,8.61675456973,3.30398093806,10.2378316674,-0.224058524235,-0.332562967854,-781,-0.100514800515,-0.388512579275,-0.27027027027,0.297297297297,-0.027027027027,166,15,176,975,0.485380116959,0.984848484848,0.0151515151515,0.514619883041,0.917127071823,0.485380116959,0.634799235182,0.599463496906,0.470228601808,0.464985994398,25,186,0,0,0,0
1137,WLNM_dir_neg,0.469721933171,0.3558330394,00:00:04,10,30,27,1235778062,threshold_sweep,0.3,0.375,0.0483870967742,0.0857142857143,9,15,177,357,0.0483870967742,0.959677419355,0.0403225806452,0.951612903226,0.375,0.0483870967742,0.0857142857143,0.655913978495,0.652329749104,0.0103092783505,0.0187382922249,0.00806451612903,342,156,186,0,342,0,156,0,186,37,342,0.256756756757,1.72528881811,18.4864864865,15.5454545455,9.77142857143,5.36771015539,0.290358590277,0.142642642643,9.50849154237,1.02869645341,0.544491860281,8.05331334643,0.871264894205,0.461830251304,0.640599570326,0.371299902718,2,1.72528881811,0.640599570326,2,0.344071394247,0.376569037657,810,0.104247104247,0.56957682835,37,37,37,1,0,0.405405405405,0.540540540541,0.0540540540541,37,0.117117117117,2.22747747748,8.43243243243,7.09090909091,4.45714285714,5.03620525429,0.597242289772,0.326923076923,6.00525295579,1.42432281644,0.680873180873,3.83793300225,0.910278981302,0.463617463617,1.42084529335,0.637871901162,5.2,2.22747747748,1.42084529335,5.2,0,0,0,0,0.160752482811,37,37,37,1,0,0.405405405405,0.540540540541,0.0540540540541,37,180,0.135135135135,10.5530626198,9.72972972973,5.625,5,4.79958706933,0.493290893236,0.272522522523,5.7356689146,1.17899861022,0.584384384384,3.76505985021,0.77392896921,0.411711711712,4.03822812072,0.382659353611,12.5288103538,10.5530626198,4.03822812072,12.5288103538,0.111551467434,0.0414110429448,27,0.0034749034749,0.180565817175,37,37,37,1,0,0.135135135135,0.837837837838,0.027027027027,-162,-0.121621621622,8.82777380171,-8.75675675676,-9.92045454545,-4.77142857143,-0.568123086068,0.202932302959,0.12987987988,-3.77282262778,0.150302156808,0.0398925241031,-4.28825349622,-0.0973359249947,-0.0501185395922,3.39762855039,0.0113594508928,10.5288103538,8.82777380171,3.39762855039,10.5288103538,-0.232519926814,-0.335157994712,-783,-0.100772200772,-0.389011011175,-0.27027027027,0.297297297297,-0.027027027027,165,15,177,975,0.482456140351,0.984848484848,0.0151515151515,0.517543859649,0.916666666667,0.482456140351,0.632183908046,0.597129102071,0.467304625199,0.46218487395,24,186,0,0,0,0
1138,WLNM_dir_neg,0.469721933171,0.3558330394,00:00:04,10,30,27,1235778062,threshold_sweep,0.4,0.692307692308,0.0483870967742,0.0904522613065,9,4,177,368,0.0483870967742,0.989247311828,0.010752688172,0.951612903226,0.692307692308,0.0483870967742,0.0904522613065,0.675627240143,0.65890083632,0.0490367775832,0.117609691438,0.0376344086022,342,156,186,0,342,0,156,0,186,37,342,0.256756756757,1.72528881811,18.4864864865,15.5454545455,9.77142857143,5.36771015539,0.290358590277,0.142642642643,9.50849154237,1.02869645341,0.544491860281,8.05331334643,0.871264894205,0.461830251304,0.640599570326,0.371299902718,2,1.72528881811,0.640599570326,2,0.344071394247,0.376569037657,810,0.104247104247,0.56957682835,37,37,37,1,0,0.405405405405,0.540540540541,0.0540540540541,37,0.117117117117,2.22747747748,8.43243243243,7.09090909091,4.45714285714,5.03620525429,0.597242289772,0.326923076923,6.00525295579,1.42432281644,0.680873180873,3.83793300225,0.910278981302,0.463617463617,1.42084529335,0.637871901162,5.2,2.22747747748,1.42084529335,5.2,0,0,0,0,0.160752482811,37,37,37,1,0,0.405405405405,0.540540540541,0.0540540540541,37,169,0.126876876877,2.51512158055,9.13513513514,7.34782608696,4.69444444444,4.72088834721,0.516783635641,0.278266432113,5.94671029758,1.30194249119,0.648648648649,3.61740039055,0.791975233435,0.417719494643,1.53949588095,0.612096008742,4.48051334009,2.51512158055,1.53949588095,4.48051334009,0.101731773791,0.0137457044674,8,0.0010296010296,0.1608787035,37,37,37,1,0,0.378378378378,0.594594594595,0.027027027027,-173,-0.12987987988,0.789832762432,-9.35135135135,-8.1976284585,-5.07698412698,-0.646821808187,0.226425045364,0.13562378947,-3.56178124479,0.273246037772,0.104156788367,-4.43591295588,-0.0792896607698,-0.0441107566614,0.898896310628,0.240796106024,2.48051334009,0.789832762432,0.898896310628,2.48051334009,-0.242339620457,-0.36282333319,-802,-0.103217503218,-0.40869812485,-0.027027027027,0.0540540540541,-0.027027027027,165,4,177,986,0.482456140351,0.99595959596,0.0040404040404,0.517543859649,0.976331360947,0.482456140351,0.645792563601,0.627917948135,0.47841573631,0.476878612717,13,186,0,0,0,0
1139,WLNM_dir_neg,0.469721933171,0.3558330394,00:00:04,10,30,27,1235778062,threshold_sweep,0.5,0.692307692308,0.0483870967742,0.0904522613065,9,4,177,368,0.0483870967742,0.989247311828,0.010752688172,0.951612903226,0.692307692308,0.0483870967742,0.0904522613065,0.675627240143,0.65890083632,0.0490367775832,0.117609691438,0.0376344086022,342,156,186,0,342,0,156,0,186,37,342,0.256756756757,1.72528881811,18.4864864865,15.5454545455,9.77142857143,5.36771015539,0.290358590277,0.142642642643,9.50849154237,1.02869645341,0.544491860281,8.05331334643,0.871264894205,0.461830251304,0.640599570326,0.371299902718,2,1.72528881811,0.640599570326,2,0.344071394247,0.376569037657,810,0.104247104247,0.56957682835,37,37,37,1,0,0.405405405405,0.540540540541,0.0540540540541,37,0.117117117117,2.22747747748,8.43243243243,7.09090909091,4.45714285714,5.03620525429,0.597242289772,0.326923076923,6.00525295579,1.42432281644,0.680873180873,3.83793300225,0.910278981302,0.463617463617,1.42084529335,0.637871901162,5.2,2.22747747748,1.42084529335,5.2,0,0,0,0,0.160752482811,37,37,37,1,0,0.405405405405,0.540540540541,0.0540540540541,37,169,0.126876876877,2.51512158055,9.13513513514,7.34782608696,4.69444444444,4.72088834721,0.516783635641,0.278266432113,5.94671029758,1.30194249119,0.648648648649,3.61740039055,0.791975233435,0.417719494643,1.53949588095,0.612096008742,4.48051334009,2.51512158055,1.53949588095,4.48051334009,0.101731773791,0.0137457044674,8,0.0010296010296,0.1608787035,37,37,37,1,0,0.378378378378,0.594594594595,0.027027027027,-173,-0.12987987988,0.789832762432,-9.35135135135,-8.1976284585,-5.07698412698,-0.646821808187,0.226425045364,0.13562378947,-3.56178124479,0.273246037772,0.104156788367,-4.43591295588,-0.0792896607698,-0.0441107566614,0.898896310628,0.240796106024,2.48051334009,0.789832762432,0.898896310628,2.48051334009,-0.242339620457,-0.36282333319,-802,-0.103217503218,-0.40869812485,-0.027027027027,0.0540540540541,-0.027027027027,165,4,177,986,0.482456140351,0.99595959596,0.0040404040404,0.517543859649,0.976331360947,0.482456140351,0.645792563601,0.627917948135,0.47841573631,0.476878612717,13,186,0,0,0,0
1140,WLNM_dir_neg,0.469721933171,0.3558330394,00:00:04,10,30,27,1235778062,threshold_sweep,0.6,0.692307692308,0.0483870967742,0.0904522613065,9,4,177,368,0.0483870967742,0.989247311828,0.010752688172,0.951612903226,0.692307692308,0.0483870967742,0.0904522613065,0.675627240143,0.65890083632,0.0490367775832,0.117609691438,0.0376344086022,342,156,186,0,342,0,156,0,186,37,342,0.256756756757,1.72528881811,18.4864864865,15.5454545455,9.77142857143,5.36771015539,0.290358590277,0.142642642643,9.50849154237,1.02869645341,0.544491860281,8.05331334643,0.871264894205,0.461830251304,0.640599570326,0.371299902718,2,1.72528881811,0.640599570326,2,0.344071394247,0.376569037657,810,0.104247104247,0.56957682835,37,37,37,1,0,0.405405405405,0.540540540541,0.0540540540541,37,0.117117117117,2.22747747748,8.43243243243,7.09090909091,4.45714285714,5.03620525429,0.597242289772,0.326923076923,6.00525295579,1.42432281644,0.680873180873,3.83793300225,0.910278981302,0.463617463617,1.42084529335,0.637871901162,5.2,2.22747747748,1.42084529335,5.2,0,0,0,0,0.160752482811,37,37,37,1,0,0.405405405405,0.540540540541,0.0540540540541,37,169,0.126876876877,2.51512158055,9.13513513514,7.34782608696,4.69444444444,4.72088834721,0.516783635641,0.278266432113,5.94671029758,1.30194249119,0.648648648649,3.61740039055,0.791975233435,0.417719494643,1.53949588095,0.612096008742,4.48051334009,2.51512158055,1.53949588095,4.48051334009,0.101731773791,0.0137457044674,8,0.0010296010296,0.1608787035,37,37,37,1,0,0.378378378378,0.594594594595,0.027027027027,-173,-0.12987987988,0.789832762432,-9.35135135135,-8.1976284585,-5.07698412698,-0.646821808187,0.226425045364,0.13562378947,-3.56178124479,0.273246037772,0.104156788367,-4.43591295588,-0.0792896607698,-0.0441107566614,0.898896310628,0.240796106024,2.48051334009,0.789832762432,0.898896310628,2.48051334009,-0.242339620457,-0.36282333319,-802,-0.103217503218,-0.40869812485,-0.027027027027,0.0540540540541,-0.027027027027,165,4,177,986,0.482456140351,0.99595959596,0.0040404040404,0.517543859649,0.976331360947,0.482456140351,0.645792563601,0.627917948135,0.47841573631,0.476878612717,13,186,0,0,0,0
1141,WLNM_dir_neg,0.469721933171,0.3558330394,00:00:04,10,30,27,1235778062,threshold_sweep,0.7,0.7,0.0376344086022,0.0714285714286,7,3,179,369,0.0376344086022,0.991935483871,0.00806451612903,0.962365591398,0.7,0.0376344086022,0.0714285714286,0.673835125448,0.660692951016,0.0387323943662,0.105072098986,0.0295698924731,342,156,186,0,342,0,156,0,186,37,342,0.256756756757,1.72528881811,18.4864864865,15.5454545455,9.77142857143,5.36771015539,0.290358590277,0.142642642643,9.50849154237,1.02869645341,0.544491860281,8.05331334643,0.871264894205,0.461830251304,0.640599570326,0.371299902718,2,1.72528881811,0.640599570326,2,0.344071394247,0.376569037657,810,0.104247104247,0.56957682835,37,37,37,1,0,0.405405405405,0.540540540541,0.0540540540541,37,0.117117117117,2.22747747748,8.43243243243,7.09090909091,4.45714285714,5.03620525429,0.597242289772,0.326923076923,6.00525295579,1.42432281644,0.680873180873,3.83793300225,0.910278981302,0.463617463617,1.42084529335,0.637871901162,5.2,2.22747747748,1.42084529335,5.2,0,0,0,0,0.160752482811,37,37,37,1,0,0.405405405405,0.540540540541,0.0540540540541,37,166,0.124624624625,2.47332073715,8.97297297297,7.21739130435,4.74285714286,4.92999034531,0.549426634868,0.297297297297,5.98433892024,1.33385867499,0.658417453598,3.67137290111,0.818318056271,0.430478671443,1.50049490689,0.606672189479,4.35001688619,2.47332073715,1.50049490689,4.35001688619,0.0719460006225,0.0103866128102,6,0.000772200772201,0.158422879273,37,37,37,1,0,0.378378378378,0.567567567568,0.0540540540541,-176,-0.132132132132,0.748031919036,-9.51351351351,-8.32806324111,-5.02857142857,-0.437719810088,0.259068044591,0.154654654655,-3.52415262213,0.305162221579,0.113925593317,-4.38194044533,-0.0529468379342,-0.0313515798614,0.859895336564,0.235372286761,2.35001688619,0.748031919036,0.859895336564,2.35001688619,-0.272125393625,-0.366182424847,-804,-0.103474903475,-0.411153949077,-0.027027027027,0.027027027027,0,163,3,179,987,0.476608187135,0.99696969697,0.0030303030303,0.523391812865,0.981927710843,0.476608187135,0.641732283465,0.626352397194,0.473577884104,0.472463768116,10,186,0,0,0,0
1142,WLNM_dir_neg,0.469721933171,0.3558330394,00:00:04,10,30,27,1235778062,threshold_sweep,0.8,0.833333333333,0.0268817204301,0.0520833333333,5,1,181,371,0.0268817204301,0.997311827957,0.00268817204301,0.97311827957,0.833333333333,0.0268817204301,0.0520833333333,0.673835125448,0.663082437276,0.031914893617,0.110581467116,0.0241935483871,342,156,186,0,342,0,156,0,186,37,342,0.256756756757,1.72528881811,18.4864864865,15.5454545455,9.77142857143,5.36771015539,0.290358590277,0.142642642643,9.50849154237,1.02869645341,0.544491860281,8.05331334643,0.871264894205,0.461830251304,0.640599570326,0.371299902718,2,1.72528881811,0.640599570326,2,0.344071394247,0.376569037657,810,0.104247104247,0.56957682835,37,37,37,1,0,0.405405405405,0.540540540541,0.0540540540541,37,0.117117117117,2.22747747748,8.43243243243,7.09090909091,4.45714285714,5.03620525429,0.597242289772,0.326923076923,6.00525295579,1.42432281644,0.680873180873,3.83793300225,0.910278981302,0.463617463617,1.42084529335,0.637871901162,5.2,2.22747747748,1.42084529335,5.2,0,0,0,0,0.160752482811,37,37,37,1,0,0.405405405405,0.540540540541,0.0540540540541,37,162,0.121621621622,2.27472581277,8.75675675676,7.36363636364,4.62857142857,4.92953347694,0.562940551379,0.305805805806,6.03853988676,1.37917269019,0.672339005672,3.72939786137,0.851776054758,0.442108775442,1.50070689935,0.659730896326,5.49130434783,2.27472581277,1.50070689935,5.49130434783,0.102320002075,0.00888625592417,5,0.000643500643501,0.165376710831,37,37,37,1,0,0.405405405405,0.540540540541,0.0540540540541,-180,-0.135135135135,0.549436994654,-9.72972972973,-8.18181818182,-5.14285714286,-0.43817667845,0.272581961102,0.163163163163,-3.46995165562,0.350476236771,0.127847145391,-4.32391548506,-0.019488839447,-0.0197214758618,0.860107329027,0.288430993608,3.49130434783,0.549436994654,0.860107329027,3.49130434783,-0.241751392173,-0.367682781733,-805,-0.103603603604,-0.404200117519,0,0,0,161,1,181,989,0.470760233918,0.99898989899,0.0010101010101,0.529239766082,0.993827160494,0.470760233918,0.638888888889,0.627837314655,0.469750132908,0.469387755102,6,186,0,0,0,0
1143,WLNM_dir_neg,0.469721933171,0.3558330394,00:00:04,10,30,27,1235778062,threshold_sweep,0.9,0.8,0.0215053763441,0.0418848167539,4,1,182,371,0.0215053763441,0.997311827957,0.00268817204301,0.978494623656,0.8,0.0215053763441,0.0418848167539,0.672043010753,0.663679808841,0.0248667850799,0.0941316073042,0.0188172043011,342,156,186,0,342,0,156,0,186,37,342,0.256756756757,1.72528881811,18.4864864865,15.5454545455,9.77142857143,5.36771015539,0.290358590277,0.142642642643,9.50849154237,1.02869645341,0.544491860281,8.05331334643,0.871264894205,0.461830251304,0.640599570326,0.371299902718,2,1.72528881811,0.640599570326,2,0.344071394247,0.376569037657,810,0.104247104247,0.56957682835,37,37,37,1,0,0.405405405405,0.540540540541,0.0540540540541,37,0.117117117117,2.22747747748,8.43243243243,7.09090909091,4.45714285714,5.03620525429,0.597242289772,0.326923076923,6.00525295579,1.42432281644,0.680873180873,3.83793300225,0.910278981302,0.463617463617,1.42084529335,0.637871901162,5.2,2.22747747748,1.42084529335,5.2,0,0,0,0,0.160752482811,37,37,37,1,0,0.405405405405,0.540540540541,0.0540540540541,37,161,0.120870870871,2.2693525824,8.7027027027,7.31818181818,4.6,4.93775063985,0.567381284704,0.309551787813,6.02410074532,1.38442066818,0.673493369146,3.74326221524,0.860252807228,0.444183313749,1.49361408745,0.658167487517,5.49130434783,2.2693525824,1.49361408745,5.49130434783,0.069824411246,0.00537955768081,3,0.0003861003861,0.164562289562,37,37,37,1,0,0.405405405405,0.540540540541,0.0540540540541,-181,-0.135885885886,0.544063764281,-9.78378378378,-8.22727272727,-5.17142857143,-0.429959515539,0.277022694427,0.16690914517,-3.48439079705,0.355724214765,0.129001508864,-4.3100511312,-0.0110120869768,-0.0176469375554,0.85301451712,0.286867584799,3.49130434783,0.544063764281,0.85301451712,3.49130434783,-0.274246983001,-0.371189479976,-807,-0.103861003861,-0.405014538788,0,0,0,160,1,182,989,0.46783625731,0.99898989899,0.0010101010101,0.53216374269,0.993788819876,0.46783625731,0.636182902584,0.625596695978,0.4668261563,0.466472303207,5,186,0,0,0,0
1144,WLNM_dir_neg,0.702646259683,0.482834892071,00:00:04,10,30,28,1235778063,threshold_sweep,0.1,0.6,0.129032258065,0.212389380531,24,16,162,356,0.129032258065,0.956989247312,0.0430107526882,0.870967741935,0.6,0.129032258065,0.212389380531,0.681003584229,0.642771804062,0.107023411371,0.157195498378,0.0860215053763,342,156,186,0,342,0,156,0,186,37,342,0.256756756757,1.72528881811,18.4864864865,15.5454545455,9.77142857143,5.36771015539,0.290358590277,0.142642642643,9.50849154237,1.02869645341,0.544491860281,8.05331334643,0.871264894205,0.461830251304,0.640599570326,0.371299902718,2,1.72528881811,0.640599570326,2,0.344071394247,0.376569037657,810,0.104247104247,0.56957682835,37,37,37,1,0,0.405405405405,0.540540540541,0.0540540540541,37,0.117117117117,2.22747747748,8.43243243243,7.09090909091,4.45714285714,5.03620525429,0.597242289772,0.326923076923,6.00525295579,1.42432281644,0.680873180873,3.83793300225,0.910278981302,0.463617463617,1.42084529335,0.637871901162,5.2,2.22747747748,1.42084529335,5.2,0,0,0,0,0.160752482811,37,37,37,1,0,0.405405405405,0.540540540541,0.0540540540541,37,196,0.147147147147,6.14781794114,10.5945945946,7,5.2972972973,4.43132447883,0.418262769685,0.227385548814,5.79206768331,1.09340053205,0.570601213458,3.66564277268,0.691983584639,0.375344732488,3.38428393558,0.550485386519,8.83700391827,6.14781794114,3.38428393558,8.83700391827,0.17861010005,0.0803571428571,57,0.00733590733591,0.170197370742,37,37,37,1,0,0.243243243243,0.756756756757,0,-146,-0.10960960961,4.42252912303,-7.89189189189,-8.54545454545,-4.47413127413,-0.936385676568,0.127904179408,0.0847429061715,-3.71642385906,0.0647040786387,0.026109353177,-4.38767057375,-0.179281309565,-0.0864855188163,2.74368436525,0.179185483801,6.83700391827,4.42252912303,2.74368436525,6.83700391827,-0.165461294198,-0.2962118948,-753,-0.0969111969112,-0.399379457608,-0.162162162162,0.216216216216,-0.0540540540541,180,16,162,974,0.526315789474,0.983838383838,0.0161616161616,0.473684210526,0.918367346939,0.526315789474,0.669144981413,0.629093057863,0.510154173312,0.502793296089,40,186,0,0,0,0
1145,WLNM_dir_neg,0.702646259683,0.482834892071,00:00:04,10,30,28,1235778063,threshold_sweep,0.2,0.5,0.0860215053763,0.146788990826,16,16,170,356,0.0860215053763,0.956989247312,0.0430107526882,0.913978494624,0.5,0.0860215053763,0.146788990826,0.666666666667,0.647550776583,0.0542372881356,0.0872041440394,0.0430107526882,342,156,186,0,342,0,156,0,186,37,342,0.256756756757,1.72528881811,18.4864864865,15.5454545455,9.77142857143,5.36771015539,0.290358590277,0.142642642643,9.50849154237,1.02869645341,0.544491860281,8.05331334643,0.871264894205,0.461830251304,0.640599570326,0.371299902718,2,1.72528881811,0.640599570326,2,0.344071394247,0.376569037657,810,0.104247104247,0.56957682835,37,37,37,1,0,0.405405405405,0.540540540541,0.0540540540541,37,0.117117117117,2.22747747748,8.43243243243,7.09090909091,4.45714285714,5.03620525429,0.597242289772,0.326923076923,6.00525295579,1.42432281644,0.680873180873,3.83793300225,0.910278981302,0.463617463617,1.42084529335,0.637871901162,5.2,2.22747747748,1.42084529335,5.2,0,0,0,0,0.160752482811,37,37,37,1,0,0.405405405405,0.540540540541,0.0540540540541,37,188,0.141141141141,6.30093766876,10.1621621622,6.71428571429,5.08108108108,4.33662383731,0.42674223931,0.233036227717,5.7221712001,1.12617199151,0.581656124209,3.65436100493,0.719209346715,0.386716503738,3.49939235299,0.555376443469,9.28910565455,6.30093766876,3.49939235299,9.28910565455,0.156090592855,0.0573440643863,38,0.0048906048906,0.166556782793,37,37,37,1,0,0.243243243243,0.756756756757,0,-154,-0.115615615616,4.57564885064,-8.32432432432,-8.83116883117,-4.69034749035,-1.03108631809,0.136383649032,0.0903935850744,-3.78632034228,0.0974755380941,0.037164263928,-4.3989523415,-0.15205554749,-0.0751137475662,2.85879278267,0.184076540751,7.28910565455,4.57564885064,2.85879278267,7.28910565455,-0.187980801392,-0.319224973271,-772,-0.0993564993565,-0.403020045556,-0.162162162162,0.216216216216,-0.0540540540541,172,16,170,974,0.502923976608,0.983838383838,0.0161616161616,0.497076023392,0.914893617021,0.502923976608,0.649056603774,0.610739067876,0.486762360447,0.480446927374,32,186,0,0,0,0
1146,WLNM_dir_neg,0.702646259683,0.482834892071,00:00:04,10,30,28,1235778063,threshold_sweep,0.3,0.592592592593,0.0860215053763,0.150234741784,16,11,170,361,0.0860215053763,0.970430107527,0.0295698924731,0.913978494624,0.592592592593,0.0860215053763,0.150234741784,0.675627240143,0.650537634409,0.0717948717949,0.124015267472,0.0564516129032,342,156,186,0,342,0,156,0,186,37,342,0.256756756757,1.72528881811,18.4864864865,15.5454545455,9.77142857143,5.36771015539,0.290358590277,0.142642642643,9.50849154237,1.02869645341,0.544491860281,8.05331334643,0.871264894205,0.461830251304,0.640599570326,0.371299902718,2,1.72528881811,0.640599570326,2,0.344071394247,0.376569037657,810,0.104247104247,0.56957682835,37,37,37,1,0,0.405405405405,0.540540540541,0.0540540540541,37,0.117117117117,2.22747747748,8.43243243243,7.09090909091,4.45714285714,5.03620525429,0.597242289772,0.326923076923,6.00525295579,1.42432281644,0.680873180873,3.83793300225,0.910278981302,0.463617463617,1.42084529335,0.637871901162,5.2,2.22747747748,1.42084529335,5.2,0,0,0,0,0.160752482811,37,37,37,1,0,0.405405405405,0.540540540541,0.0540540540541,37,183,0.137387387387,3.0757200368,9.89189189189,7.95652173913,4.94594594595,4.33835467906,0.43857683914,0.23201890415,5.83069438378,1.17888356393,0.6078865751,3.71143837006,0.750400107608,0.399645547187,2.22807690593,0.724408229382,6.0638880226,3.0757200368,2.22807690593,6.0638880226,0.148161849632,0.0443740095087,28,0.0036036036036,0.199440568759,37,37,37,1,0,0.378378378378,0.621621621622,0,-159,-0.119369369369,1.35043121869,-8.59459459459,-7.58893280632,-4.82548262548,-1.02935547633,0.148218248863,0.0893762615074,-3.6777971586,0.150187110518,0.0633947148184,-4.34187497637,-0.120864786597,-0.0621847041174,1.58747733561,0.353108326665,4.0638880226,1.35043121869,1.58747733561,4.0638880226,-0.195909544615,-0.332195028148,-782,-0.100643500644,-0.370136259591,-0.027027027027,0.0810810810811,-0.0540540540541,172,11,170,979,0.502923976608,0.988888888889,0.0111111111111,0.497076023392,0.939890710383,0.502923976608,0.655238095238,0.624086770636,0.491812865497,0.487252124646,27,186,0,0,0,0
1147,WLNM_dir_neg,0.702646259683,0.482834892071,00:00:04,10,30,28,1235778063,threshold_sweep,0.4,0.576923076923,0.0806451612903,0.141509433962,15,11,171,361,0.0806451612903,0.970430107527,0.0295698924731,0.91935483871,0.576923076923,0.0806451612903,0.141509433962,0.673835125448,0.651135005974,0.0650684931507,0.114234191683,0.0510752688172,342,156,186,0,342,0,156,0,186,37,342,0.256756756757,1.72528881811,18.4864864865,15.5454545455,9.77142857143,5.36771015539,0.290358590277,0.142642642643,9.50849154237,1.02869645341,0.544491860281,8.05331334643,0.871264894205,0.461830251304,0.640599570326,0.371299902718,2,1.72528881811,0.640599570326,2,0.344071394247,0.376569037657,810,0.104247104247,0.56957682835,37,37,37,1,0,0.405405405405,0.540540540541,0.0540540540541,37,0.117117117117,2.22747747748,8.43243243243,7.09090909091,4.45714285714,5.03620525429,0.597242289772,0.326923076923,6.00525295579,1.42432281644,0.680873180873,3.83793300225,0.910278981302,0.463617463617,1.42084529335,0.637871901162,5.2,2.22747747748,1.42084529335,5.2,0,0,0,0,0.160752482811,37,37,37,1,0,0.405405405405,0.540540540541,0.0540540540541,37,182,0.136636636637,3.06479742454,9.83783783784,7.91304347826,4.91891891892,4.3237940741,0.439506540499,0.233293733294,5.8232216092,1.18384175572,0.608850608851,3.66195438392,0.744463253874,0.396495396495,2.21299459809,0.722068799839,6.05824464375,3.06479742454,2.21299459809,6.05824464375,0.121980823451,0.0384204909285,24,0.0030888030888,0.194846348749,37,37,37,1,0,0.378378378378,0.621621621622,0,-160,-0.12012012012,1.33950860643,-8.64864864865,-7.63241106719,-4.85250965251,-1.0439160813,0.149147950222,0.0906510906511,-3.68526993317,0.155145302303,0.0643587485693,-4.39135896251,-0.126801640331,-0.0653348548085,1.57239502776,0.350768897122,4.05824464375,1.33950860643,1.57239502776,4.05824464375,-0.222090570796,-0.338148546728,-786,-0.101158301158,-0.374730479601,-0.027027027027,0.0810810810811,-0.0540540540541,171,11,171,979,0.5,0.988888888889,0.0111111111111,0.5,0.93956043956,0.5,0.652671755725,0.621807853896,0.488888888889,0.484419263456,26,186,0,0,0,0
1148,WLNM_dir_neg,0.702646259683,0.482834892071,00:00:04,10,30,28,1235778063,threshold_sweep,0.5,0.65,0.0698924731183,0.126213592233,13,7,173,365,0.0698924731183,0.981182795699,0.0188172043011,0.930107526882,0.65,0.0698924731183,0.126213592233,0.677419354839,0.654719235364,0.0657439446367,0.129518697248,0.0510752688172,342,156,186,0,342,0,156,0,186,37,342,0.256756756757,1.72528881811,18.4864864865,15.5454545455,9.77142857143,5.36771015539,0.290358590277,0.142642642643,9.50849154237,1.02869645341,0.544491860281,8.05331334643,0.871264894205,0.461830251304,0.640599570326,0.371299902718,2,1.72528881811,0.640599570326,2,0.344071394247,0.376569037657,810,0.104247104247,0.56957682835,37,37,37,1,0,0.405405405405,0.540540540541,0.0540540540541,37,0.117117117117,2.22747747748,8.43243243243,7.09090909091,4.45714285714,5.03620525429,0.597242289772,0.326923076923,6.00525295579,1.42432281644,0.680873180873,3.83793300225,0.910278981302,0.463617463617,1.42084529335,0.637871901162,5.2,2.22747747748,1.42084529335,5.2,0,0,0,0,0.160752482811,37,37,37,1,0,0.405405405405,0.540540540541,0.0540540540541,37,176,0.132132132132,3.10493143469,9.51351351351,7.65217391304,4.88888888889,4.3819175256,0.460599285362,0.246928746929,5.85190095138,1.23022917728,0.624385749386,3.71487554304,0.780968153935,0.411547911548,2.25749427476,0.727067351483,6.00803893093,3.10493143469,2.25749427476,6.00803893093,0.0815946198299,0.0233722871452,14,0.0018018018018,0.187935112329,37,37,37,1,0,0.378378378378,0.594594594595,0.027027027027,-166,-0.124624624625,1.37964261658,-8.97297297297,-7.89328063241,-4.88253968254,-0.985792629789,0.170240695085,0.104286104286,-3.656590591,0.201532723864,0.0798938891044,-4.33843780339,-0.0902967402697,-0.050282339756,1.61689470443,0.355767448765,4.00803893093,1.37964261658,1.61689470443,4.00803893093,-0.262476774418,-0.353196750512,-796,-0.102445302445,-0.381641716021,-0.027027027027,0.0540540540541,-0.027027027027,169,7,173,983,0.494152046784,0.992929292929,0.00707070707071,0.505847953216,0.960227272727,0.494152046784,0.65250965251,0.628343159212,0.487081339713,0.484240687679,20,186,0,0,0,0
1149,WLNM_dir_neg,0.702646259683,0.482834892071,00:00:04,10,30,28,1235778063,threshold_sweep,0.6,0.684210526316,0.0698924731183,0.126829268293,13,6,173,366,0.0698924731183,0.983870967742,0.0161290322581,0.930107526882,0.684210526316,0.0698924731183,0.126829268293,0.679211469534,0.65531660693,0.0693240901213,0.139747425156,0.0537634408602,342,156,186,0,342,0,156,0,186,37,342,0.256756756757,1.72528881811,18.4864864865,15.5454545455,9.77142857143,5.36771015539,0.290358590277,0.142642642643,9.50849154237,1.02869645341,0.544491860281,8.05331334643,0.871264894205,0.461830251304,0.640599570326,0.371299902718,2,1.72528881811,0.640599570326,2,0.344071394247,0.376569037657,810,0.104247104247,0.56957682835,37,37,37,1,0,0.405405405405,0.540540540541,0.0540540540541,37,0.117117117117,2.22747747748,8.43243243243,7.09090909091,4.45714285714,5.03620525429,0.597242289772,0.326923076923,6.00525295579,1.42432281644,0.680873180873,3.83793300225,0.910278981302,0.463617463617,1.42084529335,0.637871901162,5.2,2.22747747748,1.42084529335,5.2,0,0,0,0,0.160752482811,37,37,37,1,0,0.405405405405,0.540540540541,0.0540540540541,37,175,0.131381381381,3.0796724145,9.45945945946,7.60869565217,4.86111111111,4.42589974904,0.467880830613,0.251428571429,5.85305546345,1.23750315513,0.625791505792,3.73904807143,0.790541592246,0.416370656371,2.23473043877,0.725639008958,5.97110754414,3.0796724145,2.23473043877,5.97110754414,0.0807366189719,0.021836506159,13,0.0016731016731,0.188982444098,37,37,37,1,0,0.378378378378,0.594594594595,0.027027027027,-167,-0.125375375375,1.35438359638,-9.02702702703,-7.93675889328,-4.91031746032,-0.941810406349,0.177522240336,0.108785928786,-3.65543607892,0.208806701715,0.0812996455102,-4.314265275,-0.0807233019592,-0.0454595949333,1.59413086844,0.354339106241,3.97110754414,1.35438359638,1.59413086844,3.97110754414,-0.263334775276,-0.354732531498,-797,-0.102574002574,-0.380594384252,-0.027027027027,0.0540540540541,-0.027027027027,169,6,173,984,0.494152046784,0.993939393939,0.00606060606061,0.505847953216,0.965714285714,0.494152046784,0.653771760155,0.631169694818,0.488091440723,0.485632183908,19,186,0,0,0,0
1150,WLNM_dir_neg,0.702646259683,0.482834892071,00:00:04,10,30,28,1235778063,threshold_sweep,0.7,0.684210526316,0.0698924731183,0.126829268293,13,6,173,366,0.0698924731183,0.983870967742,0.0161290322581,0.930107526882,0.684210526316,0.0698924731183,0.126829268293,0.679211469534,0.65531660693,0.0693240901213,0.139747425156,0.0537634408602,342,156,186,0,342,0,156,0,186,37,342,0.256756756757,1.72528881811,18.4864864865,15.5454545455,9.77142857143,5.36771015539,0.290358590277,0.142642642643,9.50849154237,1.02869645341,0.544491860281,8.05331334643,0.871264894205,0.461830251304,0.640599570326,0.371299902718,2,1.72528881811,0.640599570326,2,0.344071394247,0.376569037657,810,0.104247104247,0.56957682835,37,37,37,1,0,0.405405405405,0.540540540541,0.0540540540541,37,0.117117117117,2.22747747748,8.43243243243,7.09090909091,4.45714285714,5.03620525429,0.597242289772,0.326923076923,6.00525295579,1.42432281644,0.680873180873,3.83793300225,0.910278981302,0.463617463617,1.42084529335,0.637871901162,5.2,2.22747747748,1.42084529335,5.2,0,0,0,0,0.160752482811,37,37,37,1,0,0.405405405405,0.540540540541,0.0540540540541,37,175,0.131381381381,3.0796724145,9.45945945946,7.60869565217,4.86111111111,4.42589974904,0.467880830613,0.251428571429,5.85305546345,1.23750315513,0.625791505792,3.73904807143,0.790541592246,0.416370656371,2.23473043877,0.725639008958,5.97110754414,3.0796724145,2.23473043877,5.97110754414,0.0807366189719,0.021836506159,13,0.0016731016731,0.188982444098,37,37,37,1,0,0.378378378378,0.594594594595,0.027027027027,-167,-0.125375375375,1.35438359638,-9.02702702703,-7.93675889328,-4.91031746032,-0.941810406349,0.177522240336,0.108785928786,-3.65543607892,0.208806701715,0.0812996455102,-4.314265275,-0.0807233019592,-0.0454595949333,1.59413086844,0.354339106241,3.97110754414,1.35438359638,1.59413086844,3.97110754414,-0.263334775276,-0.354732531498,-797,-0.102574002574,-0.380594384252,-0.027027027027,0.0540540540541,-0.027027027027,169,6,173,984,0.494152046784,0.993939393939,0.00606060606061,0.505847953216,0.965714285714,0.494152046784,0.653771760155,0.631169694818,0.488091440723,0.485632183908,19,186,0,0,0,0
1151,WLNM_dir_neg,0.702646259683,0.482834892071,00:00:04,10,30,28,1235778063,threshold_sweep,0.8,0.6875,0.0591397849462,0.108910891089,11,5,175,367,0.0591397849462,0.986559139785,0.0134408602151,0.940860215054,0.6875,0.0591397849462,0.108910891089,0.677419354839,0.657108721625,0.0592334494774,0.129084557087,0.0456989247312,342,156,186,0,342,0,156,0,186,37,342,0.256756756757,1.72528881811,18.4864864865,15.5454545455,9.77142857143,5.36771015539,0.290358590277,0.142642642643,9.50849154237,1.02869645341,0.544491860281,8.05331334643,0.871264894205,0.461830251304,0.640599570326,0.371299902718,2,1.72528881811,0.640599570326,2,0.344071394247,0.376569037657,810,0.104247104247,0.56957682835,37,37,37,1,0,0.405405405405,0.540540540541,0.0540540540541,37,0.117117117117,2.22747747748,8.43243243243,7.09090909091,4.45714285714,5.03620525429,0.597242289772,0.326923076923,6.00525295579,1.42432281644,0.680873180873,3.83793300225,0.910278981302,0.463617463617,1.42084529335,0.637871901162,5.2,2.22747747748,1.42084529335,5.2,0,0,0,0,0.160752482811,37,37,37,1,0,0.405405405405,0.540540540541,0.0540540540541,37,172,0.129129129129,1,9.2972972973,7.47826086957,4.77777777778,4.48370422794,0.482258884981,0.260685103708,5.86996221934,1.2627244309,0.633563796354,3.77282841304,0.811596809782,0.424261470773,0,0,0,NaN,NaN,NaN,0.0734814646579,0.018665158371,11,0.0014157014157,0.187682174319,37,37,0,1,2,0.378378378378,0.594594594595,0.027027027027,-170,-0.127627627628,-0.725288818115,-9.18918918919,-8.06719367589,-4.99365079365,-0.884005927458,0.191900294704,0.118042461066,-3.63852932304,0.234027977489,0.0890719360732,-4.2804849334,-0.0596680844232,-0.0375687805308,-0.640599570326,-0.371299902718,-2,NaN,NaN,NaN,-0.270589929589,-0.357903879286,-799,-0.102831402831,-0.381894654031,-0.027027027027,0.0540540540541,-0.027027027027,167,5,175,985,0.488304093567,0.994949494949,0.00505050505051,0.511695906433,0.970930232558,0.488304093567,0.649805447471,0.629524330653,0.483253588517,0.481268011527,16,186,0,0,0,0
1152,WLNM_dir_neg,0.702646259683,0.482834892071,00:00:04,10,30,28,1235778063,threshold_sweep,0.9,0.714285714286,0.0537634408602,0.1,10,4,176,368,0.0537634408602,0.989247311828,0.010752688172,0.94623655914,0.714285714286,0.0537634408602,0.1,0.677419354839,0.658303464755,0.0559440559441,0.12964074471,0.0430107526882,342,156,186,0,342,0,156,0,186,37,342,0.256756756757,1.72528881811,18.4864864865,15.5454545455,9.77142857143,5.36771015539,0.290358590277,0.142642642643,9.50849154237,1.02869645341,0.544491860281,8.05331334643,0.871264894205,0.461830251304,0.640599570326,0.371299902718,2,1.72528881811,0.640599570326,2,0.344071394247,0.376569037657,810,0.104247104247,0.56957682835,37,37,37,1,0,0.405405405405,0.540540540541,0.0540540540541,37,0.117117117117,2.22747747748,8.43243243243,7.09090909091,4.45714285714,5.03620525429,0.597242289772,0.326923076923,6.00525295579,1.42432281644,0.680873180873,3.83793300225,0.910278981302,0.463617463617,1.42084529335,0.637871901162,5.2,2.22747747748,1.42084529335,5.2,0,0,0,0,0.160752482811,37,37,37,1,0,0.405405405405,0.540540540541,0.0540540540541,37,170,0.127627627628,2.10471408808,9.18918918919,7.72727272727,4.72222222222,4.48353678496,0.487914297187,0.263275039746,5.89472202464,1.28296891124,0.640381558029,3.75247665963,0.816715508273,0.423529411765,1.14477841085,0.543911601738,3.60349563046,2.10471408808,1.14477841085,3.60349563046,0.0675574734398,0.0171624713959,10,0.001287001287,0.191066527621,37,37,37,1,0,0.405405405405,0.567567567568,0.027027027027,-172,-0.129129129129,0.37942526997,-9.2972972973,-7.81818181818,-5.04920634921,-0.884173370432,0.19755570691,0.120632397103,-3.61376951774,0.25427245783,0.0958896977473,-4.3008366868,-0.0545493859321,-0.0383008395392,0.504178840524,0.17261169902,1.60349563046,0.37942526997,0.504178840524,1.60349563046,-0.276513920808,-0.359406566261,-800,-0.10296010296,-0.378510300729,0,0.027027027027,-0.027027027027,166,4,176,986,0.485380116959,0.99595959596,0.0040404040404,0.514619883041,0.976470588235,0.485380116959,0.6484375,0.630165786252,0.481339712919,0.479768786127,14,186,0,0,0,0
1153,WLNM_dir_neg,0.488278991791,0.32320246911,00:00:05,10,30,29,1235778064,threshold_sweep,0.1,0.416666666667,0.0806451612903,0.135135135135,15,21,171,351,0.0806451612903,0.943548387097,0.0564516129032,0.91935483871,0.416666666667,0.0806451612903,0.135135135135,0.655913978495,0.645161290323,0.030303030303,0.0464238345443,0.0241935483871,342,156,186,0,342,0,156,0,186,37,342,0.256756756757,1.72528881811,18.4864864865,15.5454545455,9.77142857143,5.36771015539,0.290358590277,0.142642642643,9.50849154237,1.02869645341,0.544491860281,8.05331334643,0.871264894205,0.461830251304,0.640599570326,0.371299902718,2,1.72528881811,0.640599570326,2,0.344071394247,0.376569037657,810,0.104247104247,0.56957682835,37,37,37,1,0,0.405405405405,0.540540540541,0.0540540540541,37,0.117117117117,2.22747747748,8.43243243243,7.09090909091,4.45714285714,5.03620525429,0.597242289772,0.326923076923,6.00525295579,1.42432281644,0.680873180873,3.83793300225,0.910278981302,0.463617463617,1.42084529335,0.637871901162,5.2,2.22747747748,1.42084529335,5.2,0,0,0,0,0.160752482811,37,37,37,1,0,0.405405405405,0.540540540541,0.0540540540541,37,192,0.144144144144,16.0365055307,10.3783783784,6,5.33333333333,4.55431023776,0.438826767701,0.239724099099,5.66587169834,1.09186069187,0.560529279279,3.92171899553,0.75574793143,0.402871621622,6.45403873207,0.402459171652,19.9857746699,16.0365055307,6.45403873207,19.9857746699,0.13731832834,0.0623791102515,43,0.00553410553411,0.194625203888,37,37,37,1,0,0.135135135135,0.837837837838,0.027027027027,-150,-0.112612612613,14.3112167126,-8.10810810811,-9.54545454545,-4.4380952381,-0.813399917636,0.148468177423,0.0970814564565,-3.84261984403,0.0631642384537,0.0160374189979,-4.13159435091,-0.115516962775,-0.0589586296823,5.81343916174,0.0311592689339,17.9857746699,14.3112167126,5.81343916174,17.9857746699,-0.206753065907,-0.314189927405,-767,-0.098712998713,-0.374951624462,-0.27027027027,0.297297297297,-0.027027027027,171,21,171,969,0.5,0.978787878788,0.0212121212121,0.5,0.890625,0.5,0.640449438202,0.595484905541,0.478787878788,0.471074380165,36,186,0,0,0,0
1154,WLNM_dir_neg,0.488278991791,0.32320246911,00:00:05,10,30,29,1235778064,threshold_sweep,0.2,0.424242424242,0.0752688172043,0.127853881279,14,19,172,353,0.0752688172043,0.948924731183,0.0510752688172,0.924731182796,0.424242424242,0.0752688172043,0.127853881279,0.65770609319,0.646953405018,0.0304568527919,0.0483493778415,0.0241935483871,342,156,186,0,342,0,156,0,186,37,342,0.256756756757,1.72528881811,18.4864864865,15.5454545455,9.77142857143,5.36771015539,0.290358590277,0.142642642643,9.50849154237,1.02869645341,0.544491860281,8.05331334643,0.871264894205,0.461830251304,0.640599570326,0.371299902718,2,1.72528881811,0.640599570326,2,0.344071394247,0.376569037657,810,0.104247104247,0.56957682835,37,37,37,1,0,0.405405405405,0.540540540541,0.0540540540541,37,0.117117117117,2.22747747748,8.43243243243,7.09090909091,4.45714285714,5.03620525429,0.597242289772,0.326923076923,6.00525295579,1.42432281644,0.680873180873,3.83793300225,0.910278981302,0.463617463617,1.42084529335,0.637871901162,5.2,2.22747747748,1.42084529335,5.2,0,0,0,0,0.160752482811,37,37,37,1,0,0.405405405405,0.540540540541,0.0540540540541,37,189,0.141891891892,17.7487947319,10.2162162162,5.90625,5.25,4.42301515519,0.432940636884,0.238524238524,5.65087890796,1.10625671743,0.563992563993,3.91424594543,0.76628095228,0.40898040898,7.30334025081,0.411483729522,23.6828382861,17.7487947319,7.30334025081,23.6828382861,0.129696464991,0.0602350636631,41,0.00527670527671,0.193914728471,37,37,37,1,0,0.135135135135,0.837837837838,0.027027027027,-153,-0.114864864865,16.0235059138,-8.27027027027,-9.63920454545,-4.52142857143,-0.944695000201,0.142582046607,0.0958815958816,-3.85761263441,0.0775602640166,0.0195007037112,-4.139067401,-0.104983941925,-0.0528498423235,6.66274068048,0.0401838268038,21.6828382861,16.0235059138,6.66274068048,21.6828382861,-0.214374929257,-0.316333973994,-769,-0.0989703989704,-0.375662099879,-0.27027027027,0.297297297297,-0.027027027027,170,19,172,971,0.497076023392,0.980808080808,0.0191919191919,0.502923976608,0.899470899471,0.497076023392,0.640301318267,0.598272744187,0.4778841042,0.470914127424,33,186,0,0,0,0
1155,WLNM_dir_neg,0.488278991791,0.32320246911,00:00:05,10,30,29,1235778064,threshold_sweep,0.3,0.565217391304,0.0698924731183,0.124401913876,13,10,173,362,0.0698924731183,0.97311827957,0.0268817204301,0.930107526882,0.565217391304,0.0698924731183,0.124401913876,0.672043010753,0.652927120669,0.0550774526678,0.101991546207,0.0430107526882,342,156,186,0,342,0,156,0,186,37,342,0.256756756757,1.72528881811,18.4864864865,15.5454545455,9.77142857143,5.36771015539,0.290358590277,0.142642642643,9.50849154237,1.02869645341,0.544491860281,8.05331334643,0.871264894205,0.461830251304,0.640599570326,0.371299902718,2,1.72528881811,0.640599570326,2,0.344071394247,0.376569037657,810,0.104247104247,0.56957682835,37,37,37,1,0,0.405405405405,0.540540540541,0.0540540540541,37,0.117117117117,2.22747747748,8.43243243243,7.09090909091,4.45714285714,5.03620525429,0.597242289772,0.326923076923,6.00525295579,1.42432281644,0.680873180873,3.83793300225,0.910278981302,0.463617463617,1.42084529335,0.637871901162,5.2,2.22747747748,1.42084529335,5.2,0,0,0,0,0.160752482811,37,37,37,1,0,0.405405405405,0.540540540541,0.0540540540541,37,179,0.134384384384,4.21182000369,9.67567567568,7.78260869565,4.97222222222,4.20353061957,0.434443108727,0.232070058886,5.84291362589,1.20775309585,0.617544919221,3.69318827568,0.763396459219,0.406160350294,3.68119968366,0.87401638257,10.0292816995,4.21182000369,3.68119968366,10.0292816995,0.0996972908738,0.0311475409836,19,0.0024453024453,0.194986977556,37,37,37,1,0,0.378378378378,0.594594594595,0.027027027027,-163,-0.122372372372,2.48653118558,-8.81081081081,-7.7628458498,-4.79920634921,-1.16417953582,0.144084518449,0.0894274162431,-3.66557791648,0.17905664244,0.0730530589396,-4.36012507075,-0.107868434986,-0.0556699010095,3.04060011334,0.502716479853,8.02928169945,2.48653118558,3.04060011334,8.02928169945,-0.244374103374,-0.345421496673,-791,-0.101801801802,-0.374589850794,-0.027027027027,0.0540540540541,-0.027027027027,169,10,173,980,0.494152046784,0.989898989899,0.010101010101,0.505847953216,0.944134078212,0.494152046784,0.648752399232,0.619984219868,0.484051036683,0.480113636364,23,186,0,0,0,0
1156,WLNM_dir_neg,0.488278991791,0.32320246911,00:00:05,10,30,29,1235778064,threshold_sweep,0.4,0.55,0.0591397849462,0.106796116505,11,9,175,363,0.0591397849462,0.975806451613,0.0241935483871,0.940860215054,0.55,0.0591397849462,0.106796116505,0.670250896057,0.654719235364,0.0449826989619,0.0886180560117,0.0349462365591,342,156,186,0,342,0,156,0,186,37,342,0.256756756757,1.72528881811,18.4864864865,15.5454545455,9.77142857143,5.36771015539,0.290358590277,0.142642642643,9.50849154237,1.02869645341,0.544491860281,8.05331334643,0.871264894205,0.461830251304,0.640599570326,0.371299902718,2,1.72528881811,0.640599570326,2,0.344071394247,0.376569037657,810,0.104247104247,0.56957682835,37,37,37,1,0,0.405405405405,0.540540540541,0.0540540540541,37,0.117117117117,2.22747747748,8.43243243243,7.09090909091,4.45714285714,5.03620525429,0.597242289772,0.326923076923,6.00525295579,1.42432281644,0.680873180873,3.83793300225,0.910278981302,0.463617463617,1.42084529335,0.637871901162,5.2,2.22747747748,1.42084529335,5.2,0,0,0,0,0.160752482811,37,37,37,1,0,0.405405405405,0.540540540541,0.0540540540541,37,176,0.132132132132,4.10935976373,9.51351351351,7.65217391304,4.88888888889,4.2922515564,0.451174169281,0.241554054054,5.84715222901,1.22923086633,0.624385749386,3.65456643883,0.768289535437,0.408476658477,3.55975215947,0.866254687868,9.88184848972,4.10935976373,3.55975215947,9.88184848972,0.0989426401191,0.0251256281407,15,0.0019305019305,0.183449143474,37,37,37,1,0,0.378378378378,0.594594594595,0.027027027027,-166,-0.124624624625,2.38407094562,-8.97297297297,-7.89328063241,-4.88253968254,-1.07545859899,0.160815579004,0.0989114114114,-3.66133931337,0.200534412911,0.0798938891044,-4.3987469076,-0.102975358768,-0.0533535928273,2.91915258914,0.49495478515,7.88184848972,2.38407094562,2.91915258914,7.88184848972,-0.245128754128,-0.351443409516,-795,-0.102316602317,-0.386127684876,-0.027027027027,0.0540540540541,-0.027027027027,167,9,175,981,0.488304093567,0.990909090909,0.00909090909091,0.511695906433,0.948863636364,0.488304093567,0.644787644788,0.618193105996,0.479213184476,0.475783475783,20,186,0,0,0,0
1157,WLNM_dir_neg,0.488278991791,0.32320246911,00:00:05,10,30,29,1235778064,threshold_sweep,0.5,0.55,0.0591397849462,0.106796116505,11,9,175,363,0.0591397849462,0.975806451613,0.0241935483871,0.940860215054,0.55,0.0591397849462,0.106796116505,0.670250896057,0.654719235364,0.0449826989619,0.0886180560117,0.0349462365591,342,156,186,0,342,0,156,0,186,37,342,0.256756756757,1.72528881811,18.4864864865,15.5454545455,9.77142857143,5.36771015539,0.290358590277,0.142642642643,9.50849154237,1.02869645341,0.544491860281,8.05331334643,0.871264894205,0.461830251304,0.640599570326,0.371299902718,2,1.72528881811,0.640599570326,2,0.344071394247,0.376569037657,810,0.104247104247,0.56957682835,37,37,37,1,0,0.405405405405,0.540540540541,0.0540540540541,37,0.117117117117,2.22747747748,8.43243243243,7.09090909091,4.45714285714,5.03620525429,0.597242289772,0.326923076923,6.00525295579,1.42432281644,0.680873180873,3.83793300225,0.910278981302,0.463617463617,1.42084529335,0.637871901162,5.2,2.22747747748,1.42084529335,5.2,0,0,0,0,0.160752482811,37,37,37,1,0,0.405405405405,0.540540540541,0.0540540540541,37,176,0.132132132132,4.10935976373,9.51351351351,7.65217391304,4.88888888889,4.2922515564,0.451174169281,0.241554054054,5.84715222901,1.22923086633,0.624385749386,3.65456643883,0.768289535437,0.408476658477,3.55975215947,0.866254687868,9.88184848972,4.10935976373,3.55975215947,9.88184848972,0.0989426401191,0.0251256281407,15,0.0019305019305,0.183449143474,37,37,37,1,0,0.378378378378,0.594594594595,0.027027027027,-166,-0.124624624625,2.38407094562,-8.97297297297,-7.89328063241,-4.88253968254,-1.07545859899,0.160815579004,0.0989114114114,-3.66133931337,0.200534412911,0.0798938891044,-4.3987469076,-0.102975358768,-0.0533535928273,2.91915258914,0.49495478515,7.88184848972,2.38407094562,2.91915258914,7.88184848972,-0.245128754128,-0.351443409516,-795,-0.102316602317,-0.386127684876,-0.027027027027,0.0540540540541,-0.027027027027,167,9,175,981,0.488304093567,0.990909090909,0.00909090909091,0.511695906433,0.948863636364,0.488304093567,0.644787644788,0.618193105996,0.479213184476,0.475783475783,20,186,0,0,0,0
1158,WLNM_dir_neg,0.488278991791,0.32320246911,00:00:05,10,30,29,1235778064,threshold_sweep,0.6,0.5,0.0483870967742,0.0882352941176,9,9,177,363,0.0483870967742,0.975806451613,0.0241935483871,0.951612903226,0.5,0.0483870967742,0.0882352941176,0.666666666667,0.655913978495,0.03125,0.0645497224368,0.0241935483871,342,156,186,0,342,0,156,0,186,37,342,0.256756756757,1.72528881811,18.4864864865,15.5454545455,9.77142857143,5.36771015539,0.290358590277,0.142642642643,9.50849154237,1.02869645341,0.544491860281,8.05331334643,0.871264894205,0.461830251304,0.640599570326,0.371299902718,2,1.72528881811,0.640599570326,2,0.344071394247,0.376569037657,810,0.104247104247,0.56957682835,37,37,37,1,0,0.405405405405,0.540540540541,0.0540540540541,37,0.117117117117,2.22747747748,8.43243243243,7.09090909091,4.45714285714,5.03620525429,0.597242289772,0.326923076923,6.00525295579,1.42432281644,0.680873180873,3.83793300225,0.910278981302,0.463617463617,1.42084529335,0.637871901162,5.2,2.22747747748,1.42084529335,5.2,0,0,0,0,0.160752482811,37,37,37,1,0,0.405405405405,0.540540540541,0.0540540540541,37,174,0.130630630631,3.81519370353,9.40540540541,7.5652173913,4.83333333333,4.33627758605,0.461041007713,0.245107176142,5.86356388056,1.24684979069,0.630009319664,3.61988999883,0.769746723888,0.410686548618,3.1947222534,0.837368296776,9.15395923167,3.81519370353,3.1947222534,9.15395923167,0.0710412092765,0.013597733711,8,0.0010296010296,0.173989806726,37,37,37,1,0,0.378378378378,0.594594594595,0.027027027027,-168,-0.126126126126,2.08990488542,-9.08108108108,-7.98023715415,-4.9380952381,-1.03143256934,0.170682417435,0.102464533499,-3.64492766182,0.218153337279,0.0855174593832,-4.43342334761,-0.101518170316,-0.0511437026864,2.55412268307,0.466068394058,7.15395923167,2.08990488542,2.55412268307,7.15395923167,-0.273030184971,-0.362971303946,-802,-0.103217503218,-0.395587021623,-0.027027027027,0.0540540540541,-0.027027027027,165,9,177,981,0.482456140351,0.990909090909,0.00909090909091,0.517543859649,0.948275862069,0.482456140351,0.639534883721,0.613618016181,0.47336523126,0.470085470085,18,186,0,0,0,0
1159,WLNM_dir_neg,0.488278991791,0.32320246911,00:00:05,10,30,29,1235778064,threshold_sweep,0.7,0.5,0.0483870967742,0.0882352941176,9,9,177,363,0.0483870967742,0.975806451613,0.0241935483871,0.951612903226,0.5,0.0483870967742,0.0882352941176,0.666666666667,0.655913978495,0.03125,0.0645497224368,0.0241935483871,342,156,186,0,342,0,156,0,186,37,342,0.256756756757,1.72528881811,18.4864864865,15.5454545455,9.77142857143,5.36771015539,0.290358590277,0.142642642643,9.50849154237,1.02869645341,0.544491860281,8.05331334643,0.871264894205,0.461830251304,0.640599570326,0.371299902718,2,1.72528881811,0.640599570326,2,0.344071394247,0.376569037657,810,0.104247104247,0.56957682835,37,37,37,1,0,0.405405405405,0.540540540541,0.0540540540541,37,0.117117117117,2.22747747748,8.43243243243,7.09090909091,4.45714285714,5.03620525429,0.597242289772,0.326923076923,6.00525295579,1.42432281644,0.680873180873,3.83793300225,0.910278981302,0.463617463617,1.42084529335,0.637871901162,5.2,2.22747747748,1.42084529335,5.2,0,0,0,0,0.160752482811,37,37,37,1,0,0.405405405405,0.540540540541,0.0540540540541,37,174,0.130630630631,3.81519370353,9.40540540541,7.5652173913,4.83333333333,4.33627758605,0.461041007713,0.245107176142,5.86356388056,1.24684979069,0.630009319664,3.61988999883,0.769746723888,0.410686548618,3.1947222534,0.837368296776,9.15395923167,3.81519370353,3.1947222534,9.15395923167,0.0710412092765,0.013597733711,8,0.0010296010296,0.173989806726,37,37,37,1,0,0.378378378378,0.594594594595,0.027027027027,-168,-0.126126126126,2.08990488542,-9.08108108108,-7.98023715415,-4.9380952381,-1.03143256934,0.170682417435,0.102464533499,-3.64492766182,0.218153337279,0.0855174593832,-4.43342334761,-0.101518170316,-0.0511437026864,2.55412268307,0.466068394058,7.15395923167,2.08990488542,2.55412268307,7.15395923167,-0.273030184971,-0.362971303946,-802,-0.103217503218,-0.395587021623,-0.027027027027,0.0540540540541,-0.027027027027,165,9,177,981,0.482456140351,0.990909090909,0.00909090909091,0.517543859649,0.948275862069,0.482456140351,0.639534883721,0.613618016181,0.47336523126,0.470085470085,18,186,0,0,0,0
1160,WLNM_dir_neg,0.488278991791,0.32320246911,00:00:05,10,30,29,1235778064,threshold_sweep,0.8,0.5,0.0430107526882,0.0792079207921,8,8,178,364,0.0430107526882,0.978494623656,0.0215053763441,0.956989247312,0.5,0.0430107526882,0.0792079207921,0.666666666667,0.657108721625,0.0278745644599,0.0607456739231,0.0215053763441,342,156,186,0,342,0,156,0,186,37,342,0.256756756757,1.72528881811,18.4864864865,15.5454545455,9.77142857143,5.36771015539,0.290358590277,0.142642642643,9.50849154237,1.02869645341,0.544491860281,8.05331334643,0.871264894205,0.461830251304,0.640599570326,0.371299902718,2,1.72528881811,0.640599570326,2,0.344071394247,0.376569037657,810,0.104247104247,0.56957682835,37,37,37,1,0,0.405405405405,0.540540540541,0.0540540540541,37,0.117117117117,2.22747747748,8.43243243243,7.09090909091,4.45714285714,5.03620525429,0.597242289772,0.326923076923,6.00525295579,1.42432281644,0.680873180873,3.83793300225,0.910278981302,0.463617463617,1.42084529335,0.637871901162,5.2,2.22747747748,1.42084529335,5.2,0,0,0,0,0.160752482811,37,37,37,1,0,0.405405405405,0.540540540541,0.0540540540541,37,172,0.129129129129,3.60447259538,9.2972972973,7.47826086957,4.77777777778,4.43386503619,0.476898274241,0.25487115022,5.88414166409,1.2657746603,0.63639220616,3.6302449888,0.780924794101,0.415461973602,2.92225836327,0.810731191858,8.06521177686,3.60447259538,2.92225836327,8.06521177686,0.0656522068287,0.0102974828375,6,0.000772200772201,0.174577202422,37,37,37,1,0,0.378378378378,0.594594594595,0.027027027027,-170,-0.127627627628,1.87918377727,-9.18918918919,-8.06719367589,-4.99365079365,-0.933845119202,0.186539683964,0.112228507577,-3.62434987828,0.237078206884,0.0919003458783,-4.42306835764,-0.0903401001034,-0.0463682777024,2.28165879295,0.43943128914,6.06521177686,1.87918377727,2.28165879295,6.06521177686,-0.278419187419,-0.366271554819,-804,-0.103474903475,-0.394999625927,-0.027027027027,0.0540540540541,-0.027027027027,164,8,178,982,0.479532163743,0.991919191919,0.00808080808081,0.520467836257,0.953488372093,0.479532163743,0.63813229572,0.614149809047,0.471451355662,0.468571428571,16,186,0,0,0,0
1161,WLNM_dir_neg,0.488278991791,0.32320246911,00:00:05,10,30,29,1235778064,threshold_sweep,0.9,0.333333333333,0.0215053763441,0.040404040404,4,8,182,364,0.0215053763441,0.978494623656,0.0215053763441,0.978494623656,0.333333333333,0.0215053763441,0.040404040404,0.659498207885,0.659498207885,0,0,0,342,156,186,0,342,0,156,0,186,37,342,0.256756756757,1.72528881811,18.4864864865,15.5454545455,9.77142857143,5.36771015539,0.290358590277,0.142642642643,9.50849154237,1.02869645341,0.544491860281,8.05331334643,0.871264894205,0.461830251304,0.640599570326,0.371299902718,2,1.72528881811,0.640599570326,2,0.344071394247,0.376569037657,810,0.104247104247,0.56957682835,37,37,37,1,0,0.405405405405,0.540540540541,0.0540540540541,37,0.117117117117,2.22747747748,8.43243243243,7.09090909091,4.45714285714,5.03620525429,0.597242289772,0.326923076923,6.00525295579,1.42432281644,0.680873180873,3.83793300225,0.910278981302,0.463617463617,1.42084529335,0.637871901162,5.2,2.22747747748,1.42084529335,5.2,0,0,0,0,0.160752482811,37,37,37,1,0,0.405405405405,0.540540540541,0.0540540540541,37,168,0.126126126126,3.56148448552,9.08108108108,7.30434782609,4.66666666667,4.63308379651,0.510190775211,0.275418275418,5.89535878936,1.29838259051,0.645431145431,3.68627028154,0.81185714534,0.42824967825,2.8708931705,0.806094532258,8.06521177686,3.56148448552,2.8708931705,8.06521177686,0.0456393368158,0.00700525394046,4,0.000514800514801,0.169441261353,37,37,37,1,0,0.378378378378,0.594594594595,0.027027027027,-174,-0.130630630631,1.8361956674,-9.40540540541,-8.24110671937,-5.10476190476,-0.734626358885,0.219832184934,0.132775632776,-3.61313275302,0.269686137098,0.10093928515,-4.36704306489,-0.059407748865,-0.0335805730543,2.23029360017,0.43479462954,6.06521177686,1.8361956674,2.23029360017,6.06521177686,-0.298432057432,-0.369563783716,-806,-0.103732303732,-0.400135566997,-0.027027027027,0.0540540540541,-0.027027027027,160,8,182,982,0.46783625731,0.991919191919,0.00808080808081,0.53216374269,0.952380952381,0.46783625731,0.627450980392,0.604959644351,0.459755449229,0.457142857143,12,186,0,0,0,0
1162,WLNM_dir_neg,0.369912706671,0.303221505211,00:00:04,10,30,30,1235778065,threshold_sweep,0.1,0.368421052632,0.0752688172043,0.125,14,24,172,348,0.0752688172043,0.935483870968,0.0645161290323,0.924731182796,0.368421052632,0.0752688172043,0.125,0.648745519713,0.643966547192,0.0134228187919,0.0201210909146,0.010752688172,342,156,186,0,342,0,156,0,186,37,342,0.256756756757,1.72528881811,18.4864864865,15.5454545455,9.77142857143,5.36771015539,0.290358590277,0.142642642643,9.50849154237,1.02869645341,0.544491860281,8.05331334643,0.871264894205,0.461830251304,0.640599570326,0.371299902718,2,1.72528881811,0.640599570326,2,0.344071394247,0.376569037657,810,0.104247104247,0.56957682835,37,37,37,1,0,0.405405405405,0.540540540541,0.0540540540541,37,0.117117117117,2.21261261261,8.43243243243,7.09090909091,4.45714285714,5.04722443274,0.598549051319,0.327616077616,6.00525295579,1.42432281644,0.680873180873,3.83793300225,0.910278981302,0.463617463617,1.39215458577,0.629190386892,5.2,2.21261261261,1.39215458577,5.2,0,0,0,0,0.161113233172,37,37,37,1,0,0.405405405405,0.540540540541,0.0540540540541,37,194,0.145645645646,16.242048222,10.4864864865,5.70588235294,5.38888888889,5.12413473249,0.488641714181,0.267901922541,5.59962997491,1.06797066532,0.537754249094,3.61636254793,0.689718630276,0.373363053775,4.78963159154,0.294890861428,18.6263484776,16.242048222,4.78963159154,18.6263484776,0.128467133653,0.0544384502207,37,0.0047619047619,0.145883148809,37,37,37,1,0,0.0810810810811,0.891891891892,0.027027027027,-148,-0.111111111111,14.5167594039,-8,-9.83957219251,-4.38253968254,-0.243575422899,0.198283123904,0.125259279898,-3.90886156747,0.0392742119021,-0.00673761118688,-4.4369507985,-0.181546263929,-0.0884671975285,4.14903202121,-0.0764090412897,16.6263484776,14.5167594039,4.14903202121,16.6263484776,-0.215604260595,-0.322130587436,-773,-0.0994851994852,-0.423693679541,-0.324324324324,0.351351351351,-0.027027027027,170,24,172,966,0.497076023392,0.975757575758,0.0242424242424,0.502923976608,0.876288659794,0.497076023392,0.634328358209,0.585554042938,0.472833599149,0.464480874317,38,186,0,0,0,0
1163,WLNM_dir_neg,0.369912706671,0.303221505211,00:00:04,10,30,30,1235778065,threshold_sweep,0.2,0.764705882353,0.0698924731183,0.128078817734,13,4,173,368,0.0698924731183,0.989247311828,0.010752688172,0.930107526882,0.764705882353,0.0698924731183,0.128078817734,0.682795698925,0.65651135006,0.0765217391304,0.162212601634,0.0591397849462,342,156,186,0,342,0,156,0,186,37,342,0.256756756757,1.72528881811,18.4864864865,15.5454545455,9.77142857143,5.36771015539,0.290358590277,0.142642642643,9.50849154237,1.02869645341,0.544491860281,8.05331334643,0.871264894205,0.461830251304,0.640599570326,0.371299902718,2,1.72528881811,0.640599570326,2,0.344071394247,0.376569037657,810,0.104247104247,0.56957682835,37,37,37,1,0,0.405405405405,0.540540540541,0.0540540540541,37,0.117117117117,2.21261261261,8.43243243243,7.09090909091,4.45714285714,5.04722443274,0.598549051319,0.327616077616,6.00525295579,1.42432281644,0.680873180873,3.83793300225,0.910278981302,0.463617463617,1.39215458577,0.629190386892,5.2,2.21261261261,1.39215458577,5.2,0,0,0,0,0.161113233172,37,37,37,1,0,0.405405405405,0.540540540541,0.0540540540541,37,173,0.12987987988,2.20121716544,9.35135135135,7.86363636364,4.80555555556,4.52901887963,0.484317047821,0.260428058116,5.95843964499,1.27434836338,0.6417747227,3.53595856919,0.756245474335,0.401187314482,1.26742434824,0.575783420254,3.8409642401,2.20121716544,1.26742434824,3.8409642401,0.10684192596,0.026936026936,16,0.0020592020592,0.173642294383,37,37,37,1,0,0.405405405405,0.567567567568,0.027027027027,-169,-0.126876876877,0.475928347326,-9.13513513514,-7.68181818182,-4.96587301587,-0.838691275767,0.193958457544,0.117785415473,-3.55005189738,0.245651909965,0.0972828624182,-4.51735477725,-0.11501941987,-0.0606429368218,0.626824777914,0.204483517536,1.8409642401,0.475928347326,0.626824777914,1.8409642401,-0.237229468288,-0.349633010721,-794,-0.102187902188,-0.395934533967,0,0.027027027027,-0.027027027027,169,4,173,986,0.494152046784,0.99595959596,0.0040404040404,0.505847953216,0.976878612717,0.494152046784,0.656310679612,0.636884823672,0.490111642743,0.488439306358,17,186,0,0,0,0
1164,WLNM_dir_neg,0.369912706671,0.303221505211,00:00:04,10,30,30,1235778065,threshold_sweep,0.3,0.764705882353,0.0698924731183,0.128078817734,13,4,173,368,0.0698924731183,0.989247311828,0.010752688172,0.930107526882,0.764705882353,0.0698924731183,0.128078817734,0.682795698925,0.65651135006,0.0765217391304,0.162212601634,0.0591397849462,342,156,186,0,342,0,156,0,186,37,342,0.256756756757,1.72528881811,18.4864864865,15.5454545455,9.77142857143,5.36771015539,0.290358590277,0.142642642643,9.50849154237,1.02869645341,0.544491860281,8.05331334643,0.871264894205,0.461830251304,0.640599570326,0.371299902718,2,1.72528881811,0.640599570326,2,0.344071394247,0.376569037657,810,0.104247104247,0.56957682835,37,37,37,1,0,0.405405405405,0.540540540541,0.0540540540541,37,0.117117117117,2.21261261261,8.43243243243,7.09090909091,4.45714285714,5.04722443274,0.598549051319,0.327616077616,6.00525295579,1.42432281644,0.680873180873,3.83793300225,0.910278981302,0.463617463617,1.39215458577,0.629190386892,5.2,2.21261261261,1.39215458577,5.2,0,0,0,0,0.161113233172,37,37,37,1,0,0.405405405405,0.540540540541,0.0540540540541,37,173,0.12987987988,2.20121716544,9.35135135135,7.86363636364,4.80555555556,4.52901887963,0.484317047821,0.260428058116,5.95843964499,1.27434836338,0.6417747227,3.53595856919,0.756245474335,0.401187314482,1.26742434824,0.575783420254,3.8409642401,2.20121716544,1.26742434824,3.8409642401,0.10684192596,0.026936026936,16,0.0020592020592,0.173642294383,37,37,37,1,0,0.405405405405,0.567567567568,0.027027027027,-169,-0.126876876877,0.475928347326,-9.13513513514,-7.68181818182,-4.96587301587,-0.838691275767,0.193958457544,0.117785415473,-3.55005189738,0.245651909965,0.0972828624182,-4.51735477725,-0.11501941987,-0.0606429368218,0.626824777914,0.204483517536,1.8409642401,0.475928347326,0.626824777914,1.8409642401,-0.237229468288,-0.349633010721,-794,-0.102187902188,-0.395934533967,0,0.027027027027,-0.027027027027,169,4,173,986,0.494152046784,0.99595959596,0.0040404040404,0.505847953216,0.976878612717,0.494152046784,0.656310679612,0.636884823672,0.490111642743,0.488439306358,17,186,0,0,0,0
1165,WLNM_dir_neg,0.369912706671,0.303221505211,00:00:04,10,30,30,1235778065,threshold_sweep,0.4,0.8125,0.0698924731183,0.128712871287,13,3,173,369,0.0698924731183,0.991935483871,0.00806451612903,0.930107526882,0.8125,0.0698924731183,0.128712871287,0.68458781362,0.657108721625,0.0801393728223,0.174643812529,0.0618279569892,342,156,186,0,342,0,156,0,186,37,342,0.256756756757,1.72528881811,18.4864864865,15.5454545455,9.77142857143,5.36771015539,0.290358590277,0.142642642643,9.50849154237,1.02869645341,0.544491860281,8.05331334643,0.871264894205,0.461830251304,0.640599570326,0.371299902718,2,1.72528881811,0.640599570326,2,0.344071394247,0.376569037657,810,0.104247104247,0.56957682835,37,37,37,1,0,0.405405405405,0.540540540541,0.0540540540541,37,0.117117117117,2.21261261261,8.43243243243,7.09090909091,4.45714285714,5.04722443274,0.598549051319,0.327616077616,6.00525295579,1.42432281644,0.680873180873,3.83793300225,0.910278981302,0.463617463617,1.39215458577,0.629190386892,5.2,2.21261261261,1.39215458577,5.2,0,0,0,0,0.161113233172,37,37,37,1,0,0.405405405405,0.540540540541,0.0540540540541,37,172,0.129129129129,2.13788371705,9.2972972973,7.81818181818,4.77777777778,4.50225168891,0.484253815377,0.260999371464,5.97316320543,1.28492464303,0.645820238843,3.55290347788,0.764287376055,0.404462602137,1.21733653953,0.56941195156,3.81141975309,2.13788371705,1.21733653953,3.81141975309,0.10684192596,0.026936026936,16,0.0020592020592,0.17293883118,37,37,37,1,0,0.405405405405,0.567567567568,0.027027027027,-170,-0.127627627628,0.412594898935,-9.18918918919,-7.72727272727,-4.99365079365,-0.865458466486,0.1938952251,0.118356728822,-3.53532833695,0.256228189613,0.101328378562,-4.50040986856,-0.10697751815,-0.0573676491669,0.576736969208,0.198112048843,1.81141975309,0.412594898935,0.576736969208,1.81141975309,-0.237229468288,-0.349633010721,-794,-0.102187902188,-0.39663799717,0,0.027027027027,-0.027027027027,169,3,173,987,0.494152046784,0.99696969697,0.0030303030303,0.505847953216,0.982558139535,0.494152046784,0.657587548638,0.639774011724,0.491121743753,0.489855072464,16,186,0,0,0,0
1166,WLNM_dir_neg,0.369912706671,0.303221505211,00:00:04,10,30,30,1235778065,threshold_sweep,0.5,0.8,0.0645161290323,0.119402985075,12,3,174,369,0.0645161290323,0.991935483871,0.00806451612903,0.935483870968,0.8,0.0645161290323,0.119402985075,0.682795698925,0.65770609319,0.0732984293194,0.164535173153,0.0564516129032,342,156,186,0,342,0,156,0,186,37,342,0.256756756757,1.72528881811,18.4864864865,15.5454545455,9.77142857143,5.36771015539,0.290358590277,0.142642642643,9.50849154237,1.02869645341,0.544491860281,8.05331334643,0.871264894205,0.461830251304,0.640599570326,0.371299902718,2,1.72528881811,0.640599570326,2,0.344071394247,0.376569037657,810,0.104247104247,0.56957682835,37,37,37,1,0,0.405405405405,0.540540540541,0.0540540540541,37,0.117117117117,2.21261261261,8.43243243243,7.09090909091,4.45714285714,5.04722443274,0.598549051319,0.327616077616,6.00525295579,1.42432281644,0.680873180873,3.83793300225,0.910278981302,0.463617463617,1.39215458577,0.629190386892,5.2,2.21261261261,1.39215458577,5.2,0,0,0,0,0.161113233172,37,37,37,1,0,0.405405405405,0.540540540541,0.0540540540541,37,171,0.128378378378,2.14521783688,9.24324324324,7.77272727273,4.75,4.44975283587,0.481406008559,0.258416311048,5.95982546049,1.28955287742,0.647068120752,3.5695576395,0.772360424922,0.407460091671,1.23144486991,0.574041875254,3.87172251617,2.14521783688,1.23144486991,3.87172251617,0.100997425997,0.0239179954442,14,0.0018018018018,0.172431534244,37,37,37,1,0,0.405405405405,0.567567567568,0.027027027027,-171,-0.128378378378,0.41992901877,-9.24324324324,-7.77272727273,-5.02142857143,-0.917957319527,0.191047418282,0.115773668405,-3.54866608188,0.260856424001,0.102576260471,-4.48375570693,-0.0989044692829,-0.0543701596333,0.590845299586,0.202741972536,1.87172251617,0.41992901877,0.590845299586,1.87172251617,-0.24307396825,-0.352651042213,-796,-0.102445302445,-0.397145294106,0,0.027027027027,-0.027027027027,168,3,174,987,0.491228070175,0.99696969697,0.0030303030303,0.508771929825,0.982456140351,0.491228070175,0.654970760234,0.637547099133,0.488197767145,0.486956521739,15,186,0,0,0,0
1167,WLNM_dir_neg,0.369912706671,0.303221505211,00:00:04,10,30,30,1235778065,threshold_sweep,0.6,0.8,0.0645161290323,0.119402985075,12,3,174,369,0.0645161290323,0.991935483871,0.00806451612903,0.935483870968,0.8,0.0645161290323,0.119402985075,0.682795698925,0.65770609319,0.0732984293194,0.164535173153,0.0564516129032,342,156,186,0,342,0,156,0,186,37,342,0.256756756757,1.72528881811,18.4864864865,15.5454545455,9.77142857143,5.36771015539,0.290358590277,0.142642642643,9.50849154237,1.02869645341,0.544491860281,8.05331334643,0.871264894205,0.461830251304,0.640599570326,0.371299902718,2,1.72528881811,0.640599570326,2,0.344071394247,0.376569037657,810,0.104247104247,0.56957682835,37,37,37,1,0,0.405405405405,0.540540540541,0.0540540540541,37,0.117117117117,2.21261261261,8.43243243243,7.09090909091,4.45714285714,5.04722443274,0.598549051319,0.327616077616,6.00525295579,1.42432281644,0.680873180873,3.83793300225,0.910278981302,0.463617463617,1.39215458577,0.629190386892,5.2,2.21261261261,1.39215458577,5.2,0,0,0,0,0.161113233172,37,37,37,1,0,0.405405405405,0.540540540541,0.0540540540541,37,171,0.128378378378,2.14521783688,9.24324324324,7.77272727273,4.75,4.44975283587,0.481406008559,0.258416311048,5.95982546049,1.28955287742,0.647068120752,3.5695576395,0.772360424922,0.407460091671,1.23144486991,0.574041875254,3.87172251617,2.14521783688,1.23144486991,3.87172251617,0.100997425997,0.0239179954442,14,0.0018018018018,0.172431534244,37,37,37,1,0,0.405405405405,0.567567567568,0.027027027027,-171,-0.128378378378,0.41992901877,-9.24324324324,-7.77272727273,-5.02142857143,-0.917957319527,0.191047418282,0.115773668405,-3.54866608188,0.260856424001,0.102576260471,-4.48375570693,-0.0989044692829,-0.0543701596333,0.590845299586,0.202741972536,1.87172251617,0.41992901877,0.590845299586,1.87172251617,-0.24307396825,-0.352651042213,-796,-0.102445302445,-0.397145294106,0,0.027027027027,-0.027027027027,168,3,174,987,0.491228070175,0.99696969697,0.0030303030303,0.508771929825,0.982456140351,0.491228070175,0.654970760234,0.637547099133,0.488197767145,0.486956521739,15,186,0,0,0,0
1168,WLNM_dir_neg,0.369912706671,0.303221505211,00:00:04,10,30,30,1235778065,threshold_sweep,0.7,0.75,0.0483870967742,0.0909090909091,9,3,177,369,0.0483870967742,0.991935483871,0.00806451612903,0.951612903226,0.75,0.0483870967742,0.0909090909091,0.677419354839,0.659498207885,0.0526315789474,0.13103560459,0.0403225806452,342,156,186,0,342,0,156,0,186,37,342,0.256756756757,1.72528881811,18.4864864865,15.5454545455,9.77142857143,5.36771015539,0.290358590277,0.142642642643,9.50849154237,1.02869645341,0.544491860281,8.05331334643,0.871264894205,0.461830251304,0.640599570326,0.371299902718,2,1.72528881811,0.640599570326,2,0.344071394247,0.376569037657,810,0.104247104247,0.56957682835,37,37,37,1,0,0.405405405405,0.540540540541,0.0540540540541,37,0.117117117117,2.21261261261,8.43243243243,7.09090909091,4.45714285714,5.04722443274,0.598549051319,0.327616077616,6.00525295579,1.42432281644,0.680873180873,3.83793300225,0.910278981302,0.463617463617,1.39215458577,0.629190386892,5.2,2.21261261261,1.39215458577,5.2,0,0,0,0,0.161113233172,37,37,37,1,0,0.405405405405,0.540540540541,0.0540540540541,37,168,0.126126126126,2.1890259009,9.08108108108,7.63636363636,4.66666666667,4.55447507878,0.50153445808,0.270752895753,5.9609590699,1.31283027135,0.653474903475,3.61012922664,0.795087984438,0.414414414414,1.31904003229,0.602569403928,4.15,2.1890259009,1.31904003229,4.15,0.0852531102531,0.01393728223,8,0.0010296010296,0.169771099441,37,37,37,1,0,0.405405405405,0.567567567568,0.027027027027,-174,-0.130630630631,0.463737082786,-9.40540540541,-7.90909090909,-5.10476190476,-0.813235076612,0.211175867803,0.12811025311,-3.54753247247,0.284133817932,0.108983043194,-4.4431841198,-0.0761769097665,-0.0474158368895,0.678440461964,0.231269501211,2.15,0.463737082786,0.678440461964,2.15,-0.258818283994,-0.362631755427,-802,-0.103217503218,-0.399805728909,0,0.027027027027,-0.027027027027,165,3,177,987,0.482456140351,0.99696969697,0.0030303030303,0.517543859649,0.982142857143,0.482456140351,0.647058823529,0.630842515351,0.479425837321,0.478260869565,12,186,0,0,0,0
1169,WLNM_dir_neg,0.369912706671,0.303221505211,00:00:04,10,30,30,1235778065,threshold_sweep,0.8,0.75,0.0483870967742,0.0909090909091,9,3,177,369,0.0483870967742,0.991935483871,0.00806451612903,0.951612903226,0.75,0.0483870967742,0.0909090909091,0.677419354839,0.659498207885,0.0526315789474,0.13103560459,0.0403225806452,342,156,186,0,342,0,156,0,186,37,342,0.256756756757,1.72528881811,18.4864864865,15.5454545455,9.77142857143,5.36771015539,0.290358590277,0.142642642643,9.50849154237,1.02869645341,0.544491860281,8.05331334643,0.871264894205,0.461830251304,0.640599570326,0.371299902718,2,1.72528881811,0.640599570326,2,0.344071394247,0.376569037657,810,0.104247104247,0.56957682835,37,37,37,1,0,0.405405405405,0.540540540541,0.0540540540541,37,0.117117117117,2.21261261261,8.43243243243,7.09090909091,4.45714285714,5.04722443274,0.598549051319,0.327616077616,6.00525295579,1.42432281644,0.680873180873,3.83793300225,0.910278981302,0.463617463617,1.39215458577,0.629190386892,5.2,2.21261261261,1.39215458577,5.2,0,0,0,0,0.161113233172,37,37,37,1,0,0.405405405405,0.540540540541,0.0540540540541,37,168,0.126126126126,2.1890259009,9.08108108108,7.63636363636,4.66666666667,4.55447507878,0.50153445808,0.270752895753,5.9609590699,1.31283027135,0.653474903475,3.61012922664,0.795087984438,0.414414414414,1.31904003229,0.602569403928,4.15,2.1890259009,1.31904003229,4.15,0.0852531102531,0.01393728223,8,0.0010296010296,0.169771099441,37,37,37,1,0,0.405405405405,0.567567567568,0.027027027027,-174,-0.130630630631,0.463737082786,-9.40540540541,-7.90909090909,-5.10476190476,-0.813235076612,0.211175867803,0.12811025311,-3.54753247247,0.284133817932,0.108983043194,-4.4431841198,-0.0761769097665,-0.0474158368895,0.678440461964,0.231269501211,2.15,0.463737082786,0.678440461964,2.15,-0.258818283994,-0.362631755427,-802,-0.103217503218,-0.399805728909,0,0.027027027027,-0.027027027027,165,3,177,987,0.482456140351,0.99696969697,0.0030303030303,0.517543859649,0.982142857143,0.482456140351,0.647058823529,0.630842515351,0.479425837321,0.478260869565,12,186,0,0,0,0
1170,WLNM_dir_neg,0.369912706671,0.303221505211,00:00:04,10,30,30,1235778065,threshold_sweep,0.9,0.818181818182,0.0483870967742,0.0913705583756,9,2,177,370,0.0483870967742,0.994623655914,0.00537634408602,0.951612903226,0.818181818182,0.0483870967742,0.0913705583756,0.679211469534,0.66009557945,0.0562390158172,0.145852869921,0.0430107526882,342,156,186,0,342,0,156,0,186,37,342,0.256756756757,1.72528881811,18.4864864865,15.5454545455,9.77142857143,5.36771015539,0.290358590277,0.142642642643,9.50849154237,1.02869645341,0.544491860281,8.05331334643,0.871264894205,0.461830251304,0.640599570326,0.371299902718,2,1.72528881811,0.640599570326,2,0.344071394247,0.376569037657,810,0.104247104247,0.56957682835,37,37,37,1,0,0.405405405405,0.540540540541,0.0540540540541,37,0.117117117117,2.21261261261,8.43243243243,7.09090909091,4.45714285714,5.04722443274,0.598549051319,0.327616077616,6.00525295579,1.42432281644,0.680873180873,3.83793300225,0.910278981302,0.463617463617,1.39215458577,0.629190386892,5.2,2.21261261261,1.39215458577,5.2,0,0,0,0,0.161113233172,37,37,37,1,0,0.405405405405,0.540540540541,0.0540540540541,37,167,0.125375375375,2.11772522523,9.02702702703,7.59090909091,4.63888888889,4.62172698895,0.511987720332,0.277067486648,5.97504821748,1.32381307812,0.657064249879,3.62569243671,0.803297126697,0.416572260884,1.20419148208,0.568624988612,4.15,2.11772522523,1.20419148208,4.15,0.0929751179751,0.0122306348282,7,0.000900900900901,0.168688848358,37,37,37,1,0,0.405405405405,0.567567567568,0.027027027027,-175,-0.131381381381,0.39243640711,-9.45945945946,-7.95454545455,-5.13253968254,-0.745983166446,0.221629130055,0.134424844006,-3.5334433249,0.295116624709,0.112572389597,-4.42762090972,-0.0679677675077,-0.0452579904203,0.56359191175,0.197325085894,2.15,0.39243640711,0.56359191175,2.15,-0.251096276272,-0.364338402829,-803,-0.103346203346,-0.400887979991,0,0.027027027027,-0.027027027027,165,2,177,988,0.482456140351,0.99797979798,0.0020202020202,0.517543859649,0.988023952096,0.482456140351,0.648330058939,0.633789352389,0.480435938331,0.479651162791,11,186,0,0,0,0
1171,WLNM_dir_neg,0.506460284426,0.351995685658,00:00:04,10,30,31,1235778066,threshold_sweep,0.1,0.46875,0.0806451612903,0.137614678899,15,17,171,355,0.0806451612903,0.954301075269,0.0456989247312,0.91935483871,0.46875,0.0806451612903,0.137614678899,0.663082437276,0.647550776583,0.0440677966102,0.070853367032,0.0349462365591,342,156,186,0,342,0,156,0,186,37,342,0.256756756757,1.72528881811,18.4864864865,15.5454545455,9.77142857143,5.36771015539,0.290358590277,0.142642642643,9.50849154237,1.02869645341,0.544491860281,8.05331334643,0.871264894205,0.461830251304,0.640599570326,0.371299902718,2,1.72528881811,0.640599570326,2,0.344071394247,0.376569037657,810,0.104247104247,0.56957682835,37,37,37,1,0,0.405405405405,0.540540540541,0.0540540540541,37,0.117117117117,2.22747747748,8.43243243243,7.09090909091,4.45714285714,5.03620525429,0.597242289772,0.326923076923,6.00525295579,1.42432281644,0.680873180873,3.83793300225,0.910278981302,0.463617463617,1.42084529335,0.637871901162,5.2,2.22747747748,1.42084529335,5.2,0,0,0,0,0.160752482811,37,37,37,1,0,0.405405405405,0.540540540541,0.0540540540541,37,188,0.141141141141,6.54942928917,10.1621621622,6.26666666667,5.08108108108,4.62188942553,0.454813587087,0.248562392179,5.74155601431,1.12998708792,0.581081081081,3.64675181481,0.71771179334,0.385566417481,2.94407552472,0.449516346346,8.45844290627,6.54942928917,2.94407552472,8.45844290627,0.120893549454,0.0575221238938,39,0.00501930501931,0.193074970295,37,37,37,1,0,0.189189189189,0.810810810811,0,-154,-0.115615615616,4.82414047105,-8.32432432432,-9.27878787879,-4.69034749035,-0.745820729859,0.16445499681,0.105919749537,-3.76693552806,0.101290634508,0.0365892207997,-4.40656153163,-0.153553100865,-0.0762638338226,2.30347595439,0.0782164436283,6.45844290627,4.82414047105,2.30347595439,6.45844290627,-0.223177844793,-0.319046913763,-771,-0.0992277992278,-0.376501858055,-0.216216216216,0.27027027027,-0.0540540540541,171,17,171,973,0.5,0.982828282828,0.0171717171717,0.5,0.909574468085,0.5,0.645283018868,0.605802994151,0.482828282828,0.476323119777,32,186,0,0,0,0
1172,WLNM_dir_neg,0.506460284426,0.351995685658,00:00:04,10,30,31,1235778066,threshold_sweep,0.2,0.392857142857,0.0591397849462,0.102803738318,11,17,175,355,0.0591397849462,0.954301075269,0.0456989247312,0.940860215054,0.392857142857,0.0591397849462,0.102803738318,0.655913978495,0.649940262843,0.0170648464164,0.0290227162633,0.0134408602151,342,156,186,0,342,0,156,0,186,37,342,0.256756756757,1.72528881811,18.4864864865,15.5454545455,9.77142857143,5.36771015539,0.290358590277,0.142642642643,9.50849154237,1.02869645341,0.544491860281,8.05331334643,0.871264894205,0.461830251304,0.640599570326,0.371299902718,2,1.72528881811,0.640599570326,2,0.344071394247,0.376569037657,810,0.104247104247,0.56957682835,37,37,37,1,0,0.405405405405,0.540540540541,0.0540540540541,37,0.117117117117,2.22747747748,8.43243243243,7.09090909091,4.45714285714,5.03620525429,0.597242289772,0.326923076923,6.00525295579,1.42432281644,0.680873180873,3.83793300225,0.910278981302,0.463617463617,1.42084529335,0.637871901162,5.2,2.22747747748,1.42084529335,5.2,0,0,0,0,0.160752482811,37,37,37,1,0,0.405405405405,0.540540540541,0.0540540540541,37,184,0.138138138138,6.78229669632,9.94594594595,6.13333333333,4.97297297297,4.55183690604,0.45765751501,0.252203290247,5.71783994999,1.14978303342,0.585487661575,3.68545554614,0.74109703917,0.394242068155,3.0669585601,0.45220058889,8.74901621958,6.78229669632,3.0669585601,8.74901621958,0.114830797184,0.0508474576271,33,0.0042471042471,0.190216051736,37,37,37,1,0,0.189189189189,0.810810810811,0,-158,-0.118618618619,5.0570078782,-8.54054054054,-9.41212121212,-4.79845559846,-0.81587324935,0.167298924733,0.109560647604,-3.79065159239,0.121086580007,0.0409958012933,-4.36785780029,-0.130167855035,-0.0675881831488,2.42635898977,0.0809006861719,6.74901621958,5.0570078782,2.42635898977,6.74901621958,-0.229240597064,-0.32572158003,-777,-0.1,-0.379360776614,-0.216216216216,0.27027027027,-0.0540540540541,167,17,175,973,0.488304093567,0.982828282828,0.0171717171717,0.511695906433,0.907608695652,0.488304093567,0.634980988593,0.596477058908,0.471132376396,0.465181058496,28,186,0,0,0,0
1173,WLNM_dir_neg,0.506460284426,0.351995685658,00:00:04,10,30,31,1235778066,threshold_sweep,0.3,0.5,0.0430107526882,0.0792079207921,8,8,178,364,0.0430107526882,0.978494623656,0.0215053763441,0.956989247312,0.5,0.0430107526882,0.0792079207921,0.666666666667,0.657108721625,0.0278745644599,0.0607456739231,0.0215053763441,342,156,186,0,342,0,156,0,186,37,342,0.256756756757,1.72528881811,18.4864864865,15.5454545455,9.77142857143,5.36771015539,0.290358590277,0.142642642643,9.50849154237,1.02869645341,0.544491860281,8.05331334643,0.871264894205,0.461830251304,0.640599570326,0.371299902718,2,1.72528881811,0.640599570326,2,0.344071394247,0.376569037657,810,0.104247104247,0.56957682835,37,37,37,1,0,0.405405405405,0.540540540541,0.0540540540541,37,0.117117117117,2.22747747748,8.43243243243,7.09090909091,4.45714285714,5.03620525429,0.597242289772,0.326923076923,6.00525295579,1.42432281644,0.680873180873,3.83793300225,0.910278981302,0.463617463617,1.42084529335,0.637871901162,5.2,2.22747747748,1.42084529335,5.2,0,0,0,0,0.160752482811,37,37,37,1,0,0.405405405405,0.540540540541,0.0540540540541,37,172,0.129129129129,2.41575687251,9.2972972973,7.81818181818,4.64864864865,4.45262010796,0.478915534868,0.255813953488,5.92178753144,1.27387289921,0.642363293526,3.56850588261,0.767643707306,0.403834066625,1.58202579501,0.654877903073,4.98147948515,2.41575687251,1.58202579501,4.98147948515,0.0989224518636,0.0206777713957,12,0.0015444015444,0.174115475536,37,37,37,1,0,0.405405405405,0.594594594595,0,-170,-0.127627627628,0.690468054399,-9.18918918919,-7.72727272727,-5.12277992278,-0.915090047431,0.188556944591,0.113171310846,-3.58670401093,0.245176445791,0.0978714332448,-4.48480746382,-0.103621186899,-0.0579961846792,0.941426224681,0.283578000356,2.98147948515,0.690468054399,0.941426224681,2.98147948515,-0.245148942384,-0.355891266261,-798,-0.102702702703,-0.395461352814,0,0.0540540540541,-0.0540540540541,164,8,178,982,0.479532163743,0.991919191919,0.00808080808081,0.520467836257,0.953488372093,0.479532163743,0.63813229572,0.614149809047,0.471451355662,0.468571428571,16,186,0,0,0,0
1174,WLNM_dir_neg,0.506460284426,0.351995685658,00:00:04,10,30,31,1235778066,threshold_sweep,0.4,0.5,0.0430107526882,0.0792079207921,8,8,178,364,0.0430107526882,0.978494623656,0.0215053763441,0.956989247312,0.5,0.0430107526882,0.0792079207921,0.666666666667,0.657108721625,0.0278745644599,0.0607456739231,0.0215053763441,342,156,186,0,342,0,156,0,186,37,342,0.256756756757,1.72528881811,18.4864864865,15.5454545455,9.77142857143,5.36771015539,0.290358590277,0.142642642643,9.50849154237,1.02869645341,0.544491860281,8.05331334643,0.871264894205,0.461830251304,0.640599570326,0.371299902718,2,1.72528881811,0.640599570326,2,0.344071394247,0.376569037657,810,0.104247104247,0.56957682835,37,37,37,1,0,0.405405405405,0.540540540541,0.0540540540541,37,0.117117117117,2.22747747748,8.43243243243,7.09090909091,4.45714285714,5.03620525429,0.597242289772,0.326923076923,6.00525295579,1.42432281644,0.680873180873,3.83793300225,0.910278981302,0.463617463617,1.42084529335,0.637871901162,5.2,2.22747747748,1.42084529335,5.2,0,0,0,0,0.160752482811,37,37,37,1,0,0.405405405405,0.540540540541,0.0540540540541,37,172,0.129129129129,2.41575687251,9.2972972973,7.81818181818,4.64864864865,4.45262010796,0.478915534868,0.255813953488,5.92178753144,1.27387289921,0.642363293526,3.56850588261,0.767643707306,0.403834066625,1.58202579501,0.654877903073,4.98147948515,2.41575687251,1.58202579501,4.98147948515,0.0989224518636,0.0206777713957,12,0.0015444015444,0.174115475536,37,37,37,1,0,0.405405405405,0.594594594595,0,-170,-0.127627627628,0.690468054399,-9.18918918919,-7.72727272727,-5.12277992278,-0.915090047431,0.188556944591,0.113171310846,-3.58670401093,0.245176445791,0.0978714332448,-4.48480746382,-0.103621186899,-0.0579961846792,0.941426224681,0.283578000356,2.98147948515,0.690468054399,0.941426224681,2.98147948515,-0.245148942384,-0.355891266261,-798,-0.102702702703,-0.395461352814,0,0.0540540540541,-0.0540540540541,164,8,178,982,0.479532163743,0.991919191919,0.00808080808081,0.520467836257,0.953488372093,0.479532163743,0.63813229572,0.614149809047,0.471451355662,0.468571428571,16,186,0,0,0,0
1175,WLNM_dir_neg,0.506460284426,0.351995685658,00:00:04,10,30,31,1235778066,threshold_sweep,0.5,0.533333333333,0.0430107526882,0.0796019900498,8,7,178,365,0.0430107526882,0.981182795699,0.0188172043011,0.956989247312,0.533333333333,0.0430107526882,0.0796019900498,0.668458781362,0.65770609319,0.0314136125654,0.0705150742083,0.0241935483871,342,156,186,0,342,0,156,0,186,37,342,0.256756756757,1.72528881811,18.4864864865,15.5454545455,9.77142857143,5.36771015539,0.290358590277,0.142642642643,9.50849154237,1.02869645341,0.544491860281,8.05331334643,0.871264894205,0.461830251304,0.640599570326,0.371299902718,2,1.72528881811,0.640599570326,2,0.344071394247,0.376569037657,810,0.104247104247,0.56957682835,37,37,37,1,0,0.405405405405,0.540540540541,0.0540540540541,37,0.117117117117,2.22747747748,8.43243243243,7.09090909091,4.45714285714,5.03620525429,0.597242289772,0.326923076923,6.00525295579,1.42432281644,0.680873180873,3.83793300225,0.910278981302,0.463617463617,1.42084529335,0.637871901162,5.2,2.22747747748,1.42084529335,5.2,0,0,0,0,0.160752482811,37,37,37,1,0,0.405405405405,0.540540540541,0.0540540540541,37,171,0.128378378378,2.44381272955,9.24324324324,7.77272727273,4.62162162162,4.51789900412,0.488778547229,0.261577366841,5.93647553198,1.2845005537,0.646119804015,3.58508756558,0.775720701324,0.406511774933,1.61667579083,0.661538329546,5.03907065846,2.44381272955,1.61667579083,5.03907065846,0.0951201201201,0.0190311418685,11,0.0014157014157,0.174656601077,37,37,37,1,0,0.405405405405,0.594594594595,0,-171,-0.128378378378,0.718523911434,-9.24324324324,-7.77272727273,-5.14980694981,-0.849811151275,0.198419956952,0.118934724198,-3.5720160104,0.255804100287,0.101627943733,-4.46822578086,-0.0955441928813,-0.0553184763711,0.976076220504,0.290238426829,3.03907065846,0.718523911434,0.976076220504,3.03907065846,-0.248951274127,-0.357537895788,-799,-0.102831402831,-0.394920227272,0,0.0540540540541,-0.0540540540541,164,7,178,983,0.479532163743,0.992929292929,0.00707070707071,0.520467836257,0.959064327485,0.479532163743,0.639376218324,0.616996740716,0.472461456672,0.469914040115,15,186,0,0,0,0
1176,WLNM_dir_neg,0.506460284426,0.351995685658,00:00:04,10,30,31,1235778066,threshold_sweep,0.6,0.533333333333,0.0430107526882,0.0796019900498,8,7,178,365,0.0430107526882,0.981182795699,0.0188172043011,0.956989247312,0.533333333333,0.0430107526882,0.0796019900498,0.668458781362,0.65770609319,0.0314136125654,0.0705150742083,0.0241935483871,342,156,186,0,342,0,156,0,186,37,342,0.256756756757,1.72528881811,18.4864864865,15.5454545455,9.77142857143,5.36771015539,0.290358590277,0.142642642643,9.50849154237,1.02869645341,0.544491860281,8.05331334643,0.871264894205,0.461830251304,0.640599570326,0.371299902718,2,1.72528881811,0.640599570326,2,0.344071394247,0.376569037657,810,0.104247104247,0.56957682835,37,37,37,1,0,0.405405405405,0.540540540541,0.0540540540541,37,0.117117117117,2.22747747748,8.43243243243,7.09090909091,4.45714285714,5.03620525429,0.597242289772,0.326923076923,6.00525295579,1.42432281644,0.680873180873,3.83793300225,0.910278981302,0.463617463617,1.42084529335,0.637871901162,5.2,2.22747747748,1.42084529335,5.2,0,0,0,0,0.160752482811,37,37,37,1,0,0.405405405405,0.540540540541,0.0540540540541,37,171,0.128378378378,2.44381272955,9.24324324324,7.77272727273,4.62162162162,4.51789900412,0.488778547229,0.261577366841,5.93647553198,1.2845005537,0.646119804015,3.58508756558,0.775720701324,0.406511774933,1.61667579083,0.661538329546,5.03907065846,2.44381272955,1.61667579083,5.03907065846,0.0951201201201,0.0190311418685,11,0.0014157014157,0.174656601077,37,37,37,1,0,0.405405405405,0.594594594595,0,-171,-0.128378378378,0.718523911434,-9.24324324324,-7.77272727273,-5.14980694981,-0.849811151275,0.198419956952,0.118934724198,-3.5720160104,0.255804100287,0.101627943733,-4.46822578086,-0.0955441928813,-0.0553184763711,0.976076220504,0.290238426829,3.03907065846,0.718523911434,0.976076220504,3.03907065846,-0.248951274127,-0.357537895788,-799,-0.102831402831,-0.394920227272,0,0.0540540540541,-0.0540540540541,164,7,178,983,0.479532163743,0.992929292929,0.00707070707071,0.520467836257,0.959064327485,0.479532163743,0.639376218324,0.616996740716,0.472461456672,0.469914040115,15,186,0,0,0,0
1177,WLNM_dir_neg,0.506460284426,0.351995685658,00:00:04,10,30,31,1235778066,threshold_sweep,0.7,0.538461538462,0.0376344086022,0.070351758794,7,6,179,366,0.0376344086022,0.983870967742,0.0161290322581,0.962365591398,0.538461538462,0.0376344086022,0.070351758794,0.668458781362,0.65890083632,0.0280210157618,0.0672055379645,0.0215053763441,342,156,186,0,342,0,156,0,186,37,342,0.256756756757,1.72528881811,18.4864864865,15.5454545455,9.77142857143,5.36771015539,0.290358590277,0.142642642643,9.50849154237,1.02869645341,0.544491860281,8.05331334643,0.871264894205,0.461830251304,0.640599570326,0.371299902718,2,1.72528881811,0.640599570326,2,0.344071394247,0.376569037657,810,0.104247104247,0.56957682835,37,37,37,1,0,0.405405405405,0.540540540541,0.0540540540541,37,0.117117117117,2.22747747748,8.43243243243,7.09090909091,4.45714285714,5.03620525429,0.597242289772,0.326923076923,6.00525295579,1.42432281644,0.680873180873,3.83793300225,0.910278981302,0.463617463617,1.42084529335,0.637871901162,5.2,2.22747747748,1.42084529335,5.2,0,0,0,0,0.160752482811,37,37,37,1,0,0.405405405405,0.540540540541,0.0540540540541,37,169,0.126876876877,2.40544645882,9.13513513514,7.68181818182,4.56756756757,4.61376059054,0.505056632692,0.271709579402,5.94671029758,1.30194249119,0.651207420438,3.60971328917,0.790292258576,0.412921797537,1.57855198709,0.656240749531,4.92505483046,2.40544645882,1.57855198709,4.92505483046,0.0643816084993,0.0104895104895,6,0.000772200772201,0.174473425734,37,37,37,1,0,0.405405405405,0.594594594595,0,-173,-0.12987987988,0.6801576407,-9.35135135135,-7.86363636364,-5.20386100386,-0.753949564857,0.214698042415,0.129066936759,-3.56178124479,0.273246037772,0.106715560157,-4.44360005726,-0.0809726356286,-0.0489084537668,0.937952416764,0.284940846813,2.92505483046,0.6801576407,0.937952416764,2.92505483046,-0.279689785748,-0.366079527167,-804,-0.103474903475,-0.395103402616,0,0.0540540540541,-0.0540540540541,163,6,179,984,0.476608187135,0.993939393939,0.00606060606061,0.523391812865,0.96449704142,0.476608187135,0.637964774951,0.617591038887,0.470547581074,0.468390804598,13,186,0,0,0,0
1178,WLNM_dir_neg,0.506460284426,0.351995685658,00:00:04,10,30,31,1235778066,threshold_sweep,0.8,0.538461538462,0.0376344086022,0.070351758794,7,6,179,366,0.0376344086022,0.983870967742,0.0161290322581,0.962365591398,0.538461538462,0.0376344086022,0.070351758794,0.668458781362,0.65890083632,0.0280210157618,0.0672055379645,0.0215053763441,342,156,186,0,342,0,156,0,186,37,342,0.256756756757,1.72528881811,18.4864864865,15.5454545455,9.77142857143,5.36771015539,0.290358590277,0.142642642643,9.50849154237,1.02869645341,0.544491860281,8.05331334643,0.871264894205,0.461830251304,0.640599570326,0.371299902718,2,1.72528881811,0.640599570326,2,0.344071394247,0.376569037657,810,0.104247104247,0.56957682835,37,37,37,1,0,0.405405405405,0.540540540541,0.0540540540541,37,0.117117117117,2.22747747748,8.43243243243,7.09090909091,4.45714285714,5.03620525429,0.597242289772,0.326923076923,6.00525295579,1.42432281644,0.680873180873,3.83793300225,0.910278981302,0.463617463617,1.42084529335,0.637871901162,5.2,2.22747747748,1.42084529335,5.2,0,0,0,0,0.160752482811,37,37,37,1,0,0.405405405405,0.540540540541,0.0540540540541,37,169,0.126876876877,2.40544645882,9.13513513514,7.68181818182,4.56756756757,4.61376059054,0.505056632692,0.271709579402,5.94671029758,1.30194249119,0.651207420438,3.60971328917,0.790292258576,0.412921797537,1.57855198709,0.656240749531,4.92505483046,2.40544645882,1.57855198709,4.92505483046,0.0643816084993,0.0104895104895,6,0.000772200772201,0.174473425734,37,37,37,1,0,0.405405405405,0.594594594595,0,-173,-0.12987987988,0.6801576407,-9.35135135135,-7.86363636364,-5.20386100386,-0.753949564857,0.214698042415,0.129066936759,-3.56178124479,0.273246037772,0.106715560157,-4.44360005726,-0.0809726356286,-0.0489084537668,0.937952416764,0.284940846813,2.92505483046,0.6801576407,0.937952416764,2.92505483046,-0.279689785748,-0.366079527167,-804,-0.103474903475,-0.395103402616,0,0.0540540540541,-0.0540540540541,163,6,179,984,0.476608187135,0.993939393939,0.00606060606061,0.523391812865,0.96449704142,0.476608187135,0.637964774951,0.617591038887,0.470547581074,0.468390804598,13,186,0,0,0,0
1179,WLNM_dir_neg,0.506460284426,0.351995685658,00:00:04,10,30,31,1235778066,threshold_sweep,0.9,0.583333333333,0.0376344086022,0.0707070707071,7,5,179,367,0.0376344086022,0.986559139785,0.0134408602151,0.962365591398,0.583333333333,0.0376344086022,0.0707070707071,0.670250896057,0.659498207885,0.0315789473684,0.0786213627541,0.0241935483871,342,156,186,0,342,0,156,0,186,37,342,0.256756756757,1.72528881811,18.4864864865,15.5454545455,9.77142857143,5.36771015539,0.290358590277,0.142642642643,9.50849154237,1.02869645341,0.544491860281,8.05331334643,0.871264894205,0.461830251304,0.640599570326,0.371299902718,2,1.72528881811,0.640599570326,2,0.344071394247,0.376569037657,810,0.104247104247,0.56957682835,37,37,37,1,0,0.405405405405,0.540540540541,0.0540540540541,37,0.117117117117,2.22747747748,8.43243243243,7.09090909091,4.45714285714,5.03620525429,0.597242289772,0.326923076923,6.00525295579,1.42432281644,0.680873180873,3.83793300225,0.910278981302,0.463617463617,1.42084529335,0.637871901162,5.2,2.22747747748,1.42084529335,5.2,0,0,0,0,0.160752482811,37,37,37,1,0,0.405405405405,0.540540540541,0.0540540540541,37,168,0.126126126126,2.43367391903,9.08108108108,7.63636363636,4.54054054054,4.5848687027,0.504881375,0.272200772201,5.95629729593,1.31180357113,0.654118404118,3.63313909721,0.800155634505,0.417631917632,1.61359489412,0.66302838745,4.96250813572,2.43367391903,1.61359489412,4.96250813572,0.0643816084993,0.0104895104895,6,0.000772200772201,0.175282991985,37,37,37,1,0,0.405405405405,0.594594594595,0,-174,-0.130630630631,0.70838510092,-9.40540540541,-7.90909090909,-5.23088803089,-0.782841452691,0.214522784723,0.129558129558,-3.55219424645,0.283107117712,0.109626543837,-4.42017424922,-0.0711092596996,-0.044198333672,0.97299532379,0.291728484732,2.96250813572,0.70838510092,0.97299532379,2.96250813572,-0.279689785748,-0.366079527167,-804,-0.103474903475,-0.394293836365,0,0.0540540540541,-0.0540540540541,163,5,179,985,0.476608187135,0.994949494949,0.00505050505051,0.523391812865,0.970238095238,0.476608187135,0.639215686275,0.620489366951,0.471557682084,0.469740634006,12,186,0,0,0,0
1180,WLNM_dir_neg,0.424413226963,0.328277642838,00:00:04,10,30,32,1235778067,threshold_sweep,0.1,0.461538461538,0.0967741935484,0.16,18,21,168,351,0.0967741935484,0.943548387097,0.0564516129032,0.903225806452,0.461538461538,0.0967741935484,0.16,0.661290322581,0.643369175627,0.0502512562814,0.0745521682397,0.0403225806452,342,156,186,0,342,0,156,0,186,37,342,0.256756756757,1.72528881811,18.4864864865,15.5454545455,9.77142857143,5.36771015539,0.290358590277,0.142642642643,9.50849154237,1.02869645341,0.544491860281,8.05331334643,0.871264894205,0.461830251304,0.640599570326,0.371299902718,2,1.72528881811,0.640599570326,2,0.344071394247,0.376569037657,810,0.104247104247,0.56957682835,37,37,37,1,0,0.405405405405,0.540540540541,0.0540540540541,37,0.117117117117,2.18481481481,8.43243243243,7.09090909091,4.45714285714,5.03620525429,0.597242289772,0.326923076923,6.00062559301,1.42322530091,0.680526680527,3.83793300225,0.910278981302,0.463617463617,1.318977792,0.603702328937,4.32037037037,2.18481481481,1.318977792,4.32037037037,0,0,0,0,0.160896782956,37,37,37,1,0,0.405405405405,0.540540540541,0.0540540540541,37,195,0.146396396396,7.11497377692,10.5405405405,6.5,5.27027027027,4.61636337508,0.437962679175,0.239362439362,5.80540288892,1.10153798405,0.574636174636,3.36360131612,0.638221788187,0.345114345114,3.25444634165,0.45740805851,9.10221645823,7.11497377692,3.25444634165,9.10221645823,0.154056040279,0.091454965358,66,0.00849420849421,0.158056751677,37,37,37,1,0,0.189189189189,0.810810810811,0,-147,-0.11036036036,5.3896849588,-7.94594594595,-9.04545454545,-4.50115830116,-0.75134678031,0.147604088897,0.0967197967198,-3.70308865345,0.072841530637,0.0301443143548,-4.68971203031,-0.233043106018,-0.11671590619,2.61384677132,0.0861081557923,7.10221645823,5.3896849588,2.61384677132,7.10221645823,-0.190015353968,-0.285114072299,-744,-0.0957528957529,-0.411520076672,-0.216216216216,0.27027027027,-0.0540540540541,174,21,168,969,0.508771929825,0.978787878788,0.0212121212121,0.491228070175,0.892307692308,0.508771929825,0.648044692737,0.602505492306,0.487559808612,0.479338842975,39,186,0,0,0,0
1181,WLNM_dir_neg,0.424413226963,0.328277642838,00:00:04,10,30,32,1235778067,threshold_sweep,0.2,0.5,0.0967741935484,0.162162162162,18,18,168,354,0.0967741935484,0.951612903226,0.0483870967742,0.903225806452,0.5,0.0967741935484,0.162162162162,0.666666666667,0.645161290323,0.0606060606061,0.0928476690885,0.0483870967742,342,156,186,0,342,0,156,0,186,37,342,0.256756756757,1.72528881811,18.4864864865,15.5454545455,9.77142857143,5.36771015539,0.290358590277,0.142642642643,9.50849154237,1.02869645341,0.544491860281,8.05331334643,0.871264894205,0.461830251304,0.640599570326,0.371299902718,2,1.72528881811,0.640599570326,2,0.344071394247,0.376569037657,810,0.104247104247,0.56957682835,37,37,37,1,0,0.405405405405,0.540540540541,0.0540540540541,37,0.117117117117,2.18481481481,8.43243243243,7.09090909091,4.45714285714,5.03620525429,0.597242289772,0.326923076923,6.00062559301,1.42322530091,0.680526680527,3.83793300225,0.910278981302,0.463617463617,1.318977792,0.603702328937,4.32037037037,2.18481481481,1.318977792,4.32037037037,0,0,0,0,0.160896782956,37,37,37,1,0,0.405405405405,0.540540540541,0.0540540540541,37,192,0.144144144144,7.06013323135,10.3783783784,6.4,5.18918918919,4.69249608626,0.452141549978,0.247606981982,5.79673201917,1.11707856619,0.577984234234,3.42245718939,0.659536020872,0.356137387387,3.22290979974,0.456494189859,9.02096524169,7.06013323135,3.22290979974,9.02096524169,0.141477036523,0.0805463966086,57,0.00733590733591,0.157382713072,37,37,37,1,0,0.189189189189,0.810810810811,0,-150,-0.112612612613,5.33484441323,-8.10810810811,-9.14545454545,-4.58223938224,-0.675214069138,0.161782959701,0.104964339339,-3.7117595232,0.0883821127799,0.0334923739529,-4.63085615704,-0.211728873333,-0.105692863917,2.58231022942,0.0851942871416,7.02096524169,5.33484441323,2.58231022942,7.02096524169,-0.202594357724,-0.296022641048,-753,-0.0969111969112,-0.412194115278,-0.216216216216,0.27027027027,-0.0540540540541,174,18,168,972,0.508771929825,0.981818181818,0.0181818181818,0.491228070175,0.90625,0.508771929825,0.651685393258,0.610163747317,0.490590111643,0.483333333333,36,186,0,0,0,0
1182,WLNM_dir_neg,0.424413226963,0.328277642838,00:00:04,10,30,32,1235778067,threshold_sweep,0.3,0.62962962963,0.0913978494624,0.159624413146,17,10,169,362,0.0913978494624,0.97311827957,0.0268817204301,0.908602150538,0.62962962963,0.0913978494624,0.159624413146,0.679211469534,0.650537634409,0.0820512820513,0.141731734254,0.0645161290323,342,156,186,0,342,0,156,0,186,37,342,0.256756756757,1.72528881811,18.4864864865,15.5454545455,9.77142857143,5.36771015539,0.290358590277,0.142642642643,9.50849154237,1.02869645341,0.544491860281,8.05331334643,0.871264894205,0.461830251304,0.640599570326,0.371299902718,2,1.72528881811,0.640599570326,2,0.344071394247,0.376569037657,810,0.104247104247,0.56957682835,37,37,37,1,0,0.405405405405,0.540540540541,0.0540540540541,37,0.117117117117,2.18481481481,8.43243243243,7.09090909091,4.45714285714,5.03620525429,0.597242289772,0.326923076923,6.00062559301,1.42322530091,0.680526680527,3.83793300225,0.910278981302,0.463617463617,1.318977792,0.603702328937,4.32037037037,2.18481481481,1.318977792,4.32037037037,0,0,0,0,0.160896782956,37,37,37,1,0,0.405405405405,0.540540540541,0.0540540540541,37,183,0.137387387387,2.53061675,9.89189189189,7.95652173913,4.94594594595,4.51407541772,0.456340957529,0.246787771378,5.96725297839,1.20649377159,0.621769310294,3.37429783598,0.682235081591,0.365972529907,1.54797177661,0.611697435661,4.41460723772,2.53061675,1.54797177661,4.41460723772,0.120214118666,0.0497925311203,32,0.0041184041184,0.170394531906,37,37,37,1,0,0.378378378378,0.621621621622,0,-159,-0.119369369369,0.805327931881,-8.59459459459,-7.58893280632,-4.82548262548,-0.853634737672,0.165982367252,0.104145128735,-3.54123856398,0.177797318172,0.0772774500126,-4.67901551046,-0.189029812614,-0.095857721397,0.907372206288,0.240397532943,2.41460723772,0.805327931881,0.907372206288,2.41460723772,-0.223857275581,-0.326776506537,-778,-0.100128700129,-0.399182296443,-0.027027027027,0.0810810810811,-0.0540540540541,173,10,169,980,0.505847953216,0.989898989899,0.010101010101,0.494152046784,0.945355191257,0.505847953216,0.659047619048,0.629078925109,0.495746943115,0.491477272727,27,186,0,0,0,0
1183,WLNM_dir_neg,0.424413226963,0.328277642838,00:00:04,10,30,32,1235778067,threshold_sweep,0.4,0.62962962963,0.0913978494624,0.159624413146,17,10,169,362,0.0913978494624,0.97311827957,0.0268817204301,0.908602150538,0.62962962963,0.0913978494624,0.159624413146,0.679211469534,0.650537634409,0.0820512820513,0.141731734254,0.0645161290323,342,156,186,0,342,0,156,0,186,37,342,0.256756756757,1.72528881811,18.4864864865,15.5454545455,9.77142857143,5.36771015539,0.290358590277,0.142642642643,9.50849154237,1.02869645341,0.544491860281,8.05331334643,0.871264894205,0.461830251304,0.640599570326,0.371299902718,2,1.72528881811,0.640599570326,2,0.344071394247,0.376569037657,810,0.104247104247,0.56957682835,37,37,37,1,0,0.405405405405,0.540540540541,0.0540540540541,37,0.117117117117,2.18481481481,8.43243243243,7.09090909091,4.45714285714,5.03620525429,0.597242289772,0.326923076923,6.00062559301,1.42322530091,0.680526680527,3.83793300225,0.910278981302,0.463617463617,1.318977792,0.603702328937,4.32037037037,2.18481481481,1.318977792,4.32037037037,0,0,0,0,0.160896782956,37,37,37,1,0,0.405405405405,0.540540540541,0.0540540540541,37,183,0.137387387387,2.53061675,9.89189189189,7.95652173913,4.94594594595,4.51407541772,0.456340957529,0.246787771378,5.96725297839,1.20649377159,0.621769310294,3.37429783598,0.682235081591,0.365972529907,1.54797177661,0.611697435661,4.41460723772,2.53061675,1.54797177661,4.41460723772,0.120214118666,0.0497925311203,32,0.0041184041184,0.170394531906,37,37,37,1,0,0.378378378378,0.621621621622,0,-159,-0.119369369369,0.805327931881,-8.59459459459,-7.58893280632,-4.82548262548,-0.853634737672,0.165982367252,0.104145128735,-3.54123856398,0.177797318172,0.0772774500126,-4.67901551046,-0.189029812614,-0.095857721397,0.907372206288,0.240397532943,2.41460723772,0.805327931881,0.907372206288,2.41460723772,-0.223857275581,-0.326776506537,-778,-0.100128700129,-0.399182296443,-0.027027027027,0.0810810810811,-0.0540540540541,173,10,169,980,0.505847953216,0.989898989899,0.010101010101,0.494152046784,0.945355191257,0.505847953216,0.659047619048,0.629078925109,0.495746943115,0.491477272727,27,186,0,0,0,0
1184,WLNM_dir_neg,0.424413226963,0.328277642838,00:00:04,10,30,32,1235778067,threshold_sweep,0.5,0.64,0.0860215053763,0.151658767773,16,9,170,363,0.0860215053763,0.975806451613,0.0241935483871,0.913978494624,0.64,0.0860215053763,0.151658767773,0.679211469534,0.651732377539,0.0789022298456,0.140889695121,0.0618279569892,342,156,186,0,342,0,156,0,186,37,342,0.256756756757,1.72528881811,18.4864864865,15.5454545455,9.77142857143,5.36771015539,0.290358590277,0.142642642643,9.50849154237,1.02869645341,0.544491860281,8.05331334643,0.871264894205,0.461830251304,0.640599570326,0.371299902718,2,1.72528881811,0.640599570326,2,0.344071394247,0.376569037657,810,0.104247104247,0.56957682835,37,37,37,1,0,0.405405405405,0.540540540541,0.0540540540541,37,0.117117117117,2.18481481481,8.43243243243,7.09090909091,4.45714285714,5.03620525429,0.597242289772,0.326923076923,6.00062559301,1.42322530091,0.680526680527,3.83793300225,0.910278981302,0.463617463617,1.318977792,0.603702328937,4.32037037037,2.18481481481,1.318977792,4.32037037037,0,0,0,0,0.160896782956,37,37,37,1,0,0.405405405405,0.540540540541,0.0540540540541,37,181,0.135885885886,2.54032500151,9.78378378378,7.86956521739,4.89189189189,4.48537831388,0.458450269651,0.247125578617,5.92913607996,1.21203334231,0.623562789309,3.42201844095,0.699528631576,0.37509332537,1.56180799305,0.614806370098,4.46531444671,2.54032500151,1.56180799305,4.46531444671,0.111037696254,0.0460561143462,29,0.0037323037323,0.170230823195,37,37,37,1,0,0.378378378378,0.621621621622,0,-161,-0.120870870871,0.815036183393,-8.7027027027,-7.67588932806,-4.87953667954,-0.882331841514,0.168091679374,0.104482935975,-3.57935546242,0.183336888897,0.0790709290273,-4.63129490548,-0.171736262629,-0.0867369259344,0.921208422719,0.24350646738,2.46531444671,0.815036183393,0.921208422719,2.46531444671,-0.233033697993,-0.330512923311,-781,-0.100514800515,-0.399346005155,-0.027027027027,0.0810810810811,-0.0540540540541,172,9,170,981,0.502923976608,0.990909090909,0.00909090909091,0.497076023392,0.950276243094,0.502923976608,0.657743785851,0.629555276739,0.493833067517,0.490028490028,25,186,0,0,0,0
1185,WLNM_dir_neg,0.424413226963,0.328277642838,00:00:04,10,30,32,1235778067,threshold_sweep,0.6,0.64,0.0860215053763,0.151658767773,16,9,170,363,0.0860215053763,0.975806451613,0.0241935483871,0.913978494624,0.64,0.0860215053763,0.151658767773,0.679211469534,0.651732377539,0.0789022298456,0.140889695121,0.0618279569892,342,156,186,0,342,0,156,0,186,37,342,0.256756756757,1.72528881811,18.4864864865,15.5454545455,9.77142857143,5.36771015539,0.290358590277,0.142642642643,9.50849154237,1.02869645341,0.544491860281,8.05331334643,0.871264894205,0.461830251304,0.640599570326,0.371299902718,2,1.72528881811,0.640599570326,2,0.344071394247,0.376569037657,810,0.104247104247,0.56957682835,37,37,37,1,0,0.405405405405,0.540540540541,0.0540540540541,37,0.117117117117,2.18481481481,8.43243243243,7.09090909091,4.45714285714,5.03620525429,0.597242289772,0.326923076923,6.00062559301,1.42322530091,0.680526680527,3.83793300225,0.910278981302,0.463617463617,1.318977792,0.603702328937,4.32037037037,2.18481481481,1.318977792,4.32037037037,0,0,0,0,0.160896782956,37,37,37,1,0,0.405405405405,0.540540540541,0.0540540540541,37,181,0.135885885886,2.54032500151,9.78378378378,7.86956521739,4.89189189189,4.48537831388,0.458450269651,0.247125578617,5.92913607996,1.21203334231,0.623562789309,3.42201844095,0.699528631576,0.37509332537,1.56180799305,0.614806370098,4.46531444671,2.54032500151,1.56180799305,4.46531444671,0.111037696254,0.0460561143462,29,0.0037323037323,0.170230823195,37,37,37,1,0,0.378378378378,0.621621621622,0,-161,-0.120870870871,0.815036183393,-8.7027027027,-7.67588932806,-4.87953667954,-0.882331841514,0.168091679374,0.104482935975,-3.57935546242,0.183336888897,0.0790709290273,-4.63129490548,-0.171736262629,-0.0867369259344,0.921208422719,0.24350646738,2.46531444671,0.815036183393,0.921208422719,2.46531444671,-0.233033697993,-0.330512923311,-781,-0.100514800515,-0.399346005155,-0.027027027027,0.0810810810811,-0.0540540540541,172,9,170,981,0.502923976608,0.990909090909,0.00909090909091,0.497076023392,0.950276243094,0.502923976608,0.657743785851,0.629555276739,0.493833067517,0.490028490028,25,186,0,0,0,0
1186,WLNM_dir_neg,0.424413226963,0.328277642838,00:00:04,10,30,32,1235778067,threshold_sweep,0.7,0.64,0.0860215053763,0.151658767773,16,9,170,363,0.0860215053763,0.975806451613,0.0241935483871,0.913978494624,0.64,0.0860215053763,0.151658767773,0.679211469534,0.651732377539,0.0789022298456,0.140889695121,0.0618279569892,342,156,186,0,342,0,156,0,186,37,342,0.256756756757,1.72528881811,18.4864864865,15.5454545455,9.77142857143,5.36771015539,0.290358590277,0.142642642643,9.50849154237,1.02869645341,0.544491860281,8.05331334643,0.871264894205,0.461830251304,0.640599570326,0.371299902718,2,1.72528881811,0.640599570326,2,0.344071394247,0.376569037657,810,0.104247104247,0.56957682835,37,37,37,1,0,0.405405405405,0.540540540541,0.0540540540541,37,0.117117117117,2.18481481481,8.43243243243,7.09090909091,4.45714285714,5.03620525429,0.597242289772,0.326923076923,6.00062559301,1.42322530091,0.680526680527,3.83793300225,0.910278981302,0.463617463617,1.318977792,0.603702328937,4.32037037037,2.18481481481,1.318977792,4.32037037037,0,0,0,0,0.160896782956,37,37,37,1,0,0.405405405405,0.540540540541,0.0540540540541,37,181,0.135885885886,2.54032500151,9.78378378378,7.86956521739,4.89189189189,4.48537831388,0.458450269651,0.247125578617,5.92913607996,1.21203334231,0.623562789309,3.42201844095,0.699528631576,0.37509332537,1.56180799305,0.614806370098,4.46531444671,2.54032500151,1.56180799305,4.46531444671,0.111037696254,0.0460561143462,29,0.0037323037323,0.170230823195,37,37,37,1,0,0.378378378378,0.621621621622,0,-161,-0.120870870871,0.815036183393,-8.7027027027,-7.67588932806,-4.87953667954,-0.882331841514,0.168091679374,0.104482935975,-3.57935546242,0.183336888897,0.0790709290273,-4.63129490548,-0.171736262629,-0.0867369259344,0.921208422719,0.24350646738,2.46531444671,0.815036183393,0.921208422719,2.46531444671,-0.233033697993,-0.330512923311,-781,-0.100514800515,-0.399346005155,-0.027027027027,0.0810810810811,-0.0540540540541,172,9,170,981,0.502923976608,0.990909090909,0.00909090909091,0.497076023392,0.950276243094,0.502923976608,0.657743785851,0.629555276739,0.493833067517,0.490028490028,25,186,0,0,0,0
1187,WLNM_dir_neg,0.424413226963,0.328277642838,00:00:04,10,30,32,1235778067,threshold_sweep,0.8,0.608695652174,0.0752688172043,0.133971291866,14,9,172,363,0.0752688172043,0.975806451613,0.0241935483871,0.924731182796,0.608695652174,0.0752688172043,0.133971291866,0.675627240143,0.652927120669,0.065404475043,0.121114961121,0.0510752688172,342,156,186,0,342,0,156,0,186,37,342,0.256756756757,1.72528881811,18.4864864865,15.5454545455,9.77142857143,5.36771015539,0.290358590277,0.142642642643,9.50849154237,1.02869645341,0.544491860281,8.05331334643,0.871264894205,0.461830251304,0.640599570326,0.371299902718,2,1.72528881811,0.640599570326,2,0.344071394247,0.376569037657,810,0.104247104247,0.56957682835,37,37,37,1,0,0.405405405405,0.540540540541,0.0540540540541,37,0.117117117117,2.18481481481,8.43243243243,7.09090909091,4.45714285714,5.03620525429,0.597242289772,0.326923076923,6.00062559301,1.42322530091,0.680526680527,3.83793300225,0.910278981302,0.463617463617,1.318977792,0.603702328937,4.32037037037,2.18481481481,1.318977792,4.32037037037,0,0,0,0,0.160896782956,37,37,37,1,0,0.405405405405,0.540540540541,0.0540540540541,37,179,0.134384384384,2.54651604679,9.67567567568,7.78260869565,4.83783783784,4.43505013158,0.458371102985,0.246263022799,5.92318192225,1.22434486661,0.627510191756,3.4279368067,0.708567943285,0.378076400423,1.57109292327,0.616957794258,4.49556851687,2.54651604679,1.57109292327,4.49556851687,0.0942078633255,0.0341093665403,21,0.0027027027027,0.166779301068,37,37,37,1,0,0.378378378378,0.621621621622,0,-163,-0.122372372372,0.821227228673,-8.81081081081,-7.7628458498,-4.93359073359,-0.932660023809,0.168012512708,0.103620380157,-3.58530962012,0.195648413196,0.0830183314747,-4.62537653973,-0.16269695092,-0.0837538508812,0.930493352943,0.24565789154,2.49556851687,0.821227228673,0.930493352943,2.49556851687,-0.249863530922,-0.342459671117,-789,-0.101544401544,-0.402797527282,-0.027027027027,0.0810810810811,-0.0540540540541,170,9,172,981,0.497076023392,0.990909090909,0.00909090909091,0.502923976608,0.949720670391,0.497076023392,0.652591170825,0.625023081183,0.487985114301,0.48433048433,23,186,0,0,0,0
1188,WLNM_dir_neg,0.424413226963,0.328277642838,00:00:04,10,30,32,1235778067,threshold_sweep,0.9,0.608695652174,0.0752688172043,0.133971291866,14,9,172,363,0.0752688172043,0.975806451613,0.0241935483871,0.924731182796,0.608695652174,0.0752688172043,0.133971291866,0.675627240143,0.652927120669,0.065404475043,0.121114961121,0.0510752688172,342,156,186,0,342,0,156,0,186,37,342,0.256756756757,1.72528881811,18.4864864865,15.5454545455,9.77142857143,5.36771015539,0.290358590277,0.142642642643,9.50849154237,1.02869645341,0.544491860281,8.05331334643,0.871264894205,0.461830251304,0.640599570326,0.371299902718,2,1.72528881811,0.640599570326,2,0.344071394247,0.376569037657,810,0.104247104247,0.56957682835,37,37,37,1,0,0.405405405405,0.540540540541,0.0540540540541,37,0.117117117117,2.18481481481,8.43243243243,7.09090909091,4.45714285714,5.03620525429,0.597242289772,0.326923076923,6.00062559301,1.42322530091,0.680526680527,3.83793300225,0.910278981302,0.463617463617,1.318977792,0.603702328937,4.32037037037,2.18481481481,1.318977792,4.32037037037,0,0,0,0,0.160896782956,37,37,37,1,0,0.405405405405,0.540540540541,0.0540540540541,37,179,0.134384384384,2.54651604679,9.67567567568,7.78260869565,4.83783783784,4.43505013158,0.458371102985,0.246263022799,5.92318192225,1.22434486661,0.627510191756,3.4279368067,0.708567943285,0.378076400423,1.57109292327,0.616957794258,4.49556851687,2.54651604679,1.57109292327,4.49556851687,0.0942078633255,0.0341093665403,21,0.0027027027027,0.166779301068,37,37,37,1,0,0.378378378378,0.621621621622,0,-163,-0.122372372372,0.821227228673,-8.81081081081,-7.7628458498,-4.93359073359,-0.932660023809,0.168012512708,0.103620380157,-3.58530962012,0.195648413196,0.0830183314747,-4.62537653973,-0.16269695092,-0.0837538508812,0.930493352943,0.24565789154,2.49556851687,0.821227228673,0.930493352943,2.49556851687,-0.249863530922,-0.342459671117,-789,-0.101544401544,-0.402797527282,-0.027027027027,0.0810810810811,-0.0540540540541,170,9,172,981,0.497076023392,0.990909090909,0.00909090909091,0.502923976608,0.949720670391,0.497076023392,0.652591170825,0.625023081183,0.487985114301,0.48433048433,23,186,0,0,0,0
1189,WLNM_dir_neg,0.538378714302,0.361892142749,00:00:04,10,30,33,1235778068,threshold_sweep,0.1,0.470588235294,0.0860215053763,0.145454545455,16,18,170,354,0.0860215053763,0.951612903226,0.0483870967742,0.913978494624,0.470588235294,0.0860215053763,0.145454545455,0.663082437276,0.646356033453,0.0472972972973,0.0741665258177,0.0376344086022,342,156,186,0,342,0,156,0,186,37,342,0.256756756757,1.72528881811,18.4864864865,15.5454545455,9.77142857143,5.36771015539,0.290358590277,0.142642642643,9.50849154237,1.02869645341,0.544491860281,8.05331334643,0.871264894205,0.461830251304,0.640599570326,0.371299902718,2,1.72528881811,0.640599570326,2,0.344071394247,0.376569037657,810,0.104247104247,0.56957682835,37,37,37,1,0,0.405405405405,0.540540540541,0.0540540540541,37,0.117117117117,2.22747747748,8.43243243243,7.09090909091,4.45714285714,5.03620525429,0.597242289772,0.326923076923,6.00525295579,1.42432281644,0.680873180873,3.83793300225,0.910278981302,0.463617463617,1.42084529335,0.637871901162,5.2,2.22747747748,1.42084529335,5.2,0,0,0,0,0.160752482811,37,37,37,1,0,0.405405405405,0.540540540541,0.0540540540541,37,190,0.142642642643,11.4874296703,10.2702702703,5.9375,5.13513513514,5.00915078547,0.487733102796,0.268990042674,5.86023398358,1.14120345996,0.576955903272,3.71305625958,0.723068850549,0.386059743954,4.45857563658,0.388126479514,13.8856676409,11.4874296703,4.45857563658,13.8856676409,0.144233614822,0.0579368817711,41,0.00527670527671,0.172942224182,37,37,37,1,0,0.135135135135,0.864864864865,0,-152,-0.114114114114,9.76214085214,-8.21621621622,-9.60795454545,-4.63629343629,-0.358559369922,0.197374512519,0.126347400032,-3.64825755879,0.112507006546,0.0324640429904,-4.34025708686,-0.148196043656,-0.0757705073495,3.81797606625,0.0168265767962,11.8856676409,9.76214085214,3.81797606625,11.8856676409,-0.199837779426,-0.318632155886,-769,-0.0989703989704,-0.396634604168,-0.27027027027,0.324324324324,-0.0540540540541,172,18,170,972,0.502923976608,0.981818181818,0.0181818181818,0.497076023392,0.905263157895,0.502923976608,0.646616541353,0.605524319412,0.484742158426,0.477777777778,34,186,0,0,0,0
1190,WLNM_dir_neg,0.538378714302,0.361892142749,00:00:04,10,30,33,1235778068,threshold_sweep,0.2,0.41935483871,0.0698924731183,0.119815668203,13,18,173,354,0.0698924731183,0.951612903226,0.0483870967742,0.930107526882,0.41935483871,0.0698924731183,0.119815668203,0.65770609319,0.648148148148,0.0271646859083,0.0442576993916,0.0215053763441,342,156,186,0,342,0,156,0,186,37,342,0.256756756757,1.72528881811,18.4864864865,15.5454545455,9.77142857143,5.36771015539,0.290358590277,0.142642642643,9.50849154237,1.02869645341,0.544491860281,8.05331334643,0.871264894205,0.461830251304,0.640599570326,0.371299902718,2,1.72528881811,0.640599570326,2,0.344071394247,0.376569037657,810,0.104247104247,0.56957682835,37,37,37,1,0,0.405405405405,0.540540540541,0.0540540540541,37,0.117117117117,2.22747747748,8.43243243243,7.09090909091,4.45714285714,5.03620525429,0.597242289772,0.326923076923,6.00525295579,1.42432281644,0.680873180873,3.83793300225,0.910278981302,0.463617463617,1.42084529335,0.637871901162,5.2,2.22747747748,1.42084529335,5.2,0,0,0,0,0.160752482811,37,37,37,1,0,0.405405405405,0.540540540541,0.0540540540541,37,187,0.14039039039,11.5402346241,10.1081081081,5.84375,5.05405405405,4.84644075461,0.479460716366,0.263043792456,5.78285754981,1.14420176119,0.57840728429,3.69643932233,0.731381042386,0.387339210869,4.481587663,0.388344588214,13.9313800749,11.5402346241,4.481587663,13.9313800749,0.139478963705,0.055152394775,38,0.0048906048906,0.170747767768,37,37,37,1,0,0.135135135135,0.864864864865,0,-155,-0.116366366366,9.81494580599,-8.37837837838,-9.70170454545,-4.71737451737,-0.521269400779,0.189102126088,0.120401149813,-3.72563399256,0.115505307778,0.0339154240083,-4.3568740241,-0.139883851819,-0.0744910404353,3.84098809267,0.0170446854967,11.9313800749,9.81494580599,3.84098809267,11.9313800749,-0.204592430542,-0.321416642882,-772,-0.0993564993565,-0.398829060582,-0.27027027027,0.324324324324,-0.0540540540541,169,18,173,972,0.494152046784,0.981818181818,0.0181818181818,0.505847953216,0.903743315508,0.494152046784,0.638941398866,0.598531335885,0.475970228602,0.469444444444,31,186,0,0,0,0
1191,WLNM_dir_neg,0.538378714302,0.361892142749,00:00:04,10,30,33,1235778068,threshold_sweep,0.3,0.413793103448,0.0645161290323,0.111627906977,12,17,174,355,0.0645161290323,0.954301075269,0.0456989247312,0.935483870968,0.413793103448,0.0645161290323,0.111627906977,0.65770609319,0.649342891278,0.0238500851789,0.0399628273921,0.0188172043011,342,156,186,0,342,0,156,0,186,37,342,0.256756756757,1.72528881811,18.4864864865,15.5454545455,9.77142857143,5.36771015539,0.290358590277,0.142642642643,9.50849154237,1.02869645341,0.544491860281,8.05331334643,0.871264894205,0.461830251304,0.640599570326,0.371299902718,2,1.72528881811,0.640599570326,2,0.344071394247,0.376569037657,810,0.104247104247,0.56957682835,37,37,37,1,0,0.405405405405,0.540540540541,0.0540540540541,37,0.117117117117,2.22747747748,8.43243243243,7.09090909091,4.45714285714,5.03620525429,0.597242289772,0.326923076923,6.00525295579,1.42432281644,0.680873180873,3.83793300225,0.910278981302,0.463617463617,1.42084529335,0.637871901162,5.2,2.22747747748,1.42084529335,5.2,0,0,0,0,0.160752482811,37,37,37,1,0,0.405405405405,0.540540540541,0.0540540540541,37,185,0.138888888889,11.6099630456,10,5.78125,5,4.88762609954,0.488762609954,0.26880934989,5.80708379673,1.16141675935,0.583783783784,3.71931893407,0.743863786814,0.391234477721,4.51010179845,0.388468230324,13.9925741659,11.6099630456,4.51010179845,13.9925741659,0.152686399358,0.0529931305201,36,0.0046332046332,0.172579290333,37,37,37,1,0,0.135135135135,0.864864864865,0,-157,-0.117867867868,9.88467422748,-8.48648648649,-9.76420454545,-4.77142857143,-0.480084055855,0.198404019677,0.126166707248,-3.70140774565,0.132720305931,0.0392919235024,-4.33399441236,-0.127401107391,-0.070595773583,3.86950222813,0.0171683276064,11.9925741659,9.88467422748,3.86950222813,11.9925741659,-0.191384994889,-0.323575907137,-774,-0.0996138996139,-0.396997538017,-0.27027027027,0.324324324324,-0.0540540540541,168,17,174,973,0.491228070175,0.982828282828,0.0171717171717,0.508771929825,0.908108108108,0.491228070175,0.637571157495,0.598815520659,0.474056353004,0.467966573816,29,186,0,0,0,0
1192,WLNM_dir_neg,0.538378714302,0.361892142749,00:00:04,10,30,33,1235778068,threshold_sweep,0.4,0.6,0.0645161290323,0.116504854369,12,8,174,364,0.0645161290323,0.978494623656,0.0215053763441,0.935483870968,0.6,0.0645161290323,0.116504854369,0.673835125448,0.654719235364,0.0553633217993,0.10906837663,0.0430107526882,342,156,186,0,342,0,156,0,186,37,342,0.256756756757,1.72528881811,18.4864864865,15.5454545455,9.77142857143,5.36771015539,0.290358590277,0.142642642643,9.50849154237,1.02869645341,0.544491860281,8.05331334643,0.871264894205,0.461830251304,0.640599570326,0.371299902718,2,1.72528881811,0.640599570326,2,0.344071394247,0.376569037657,810,0.104247104247,0.56957682835,37,37,37,1,0,0.405405405405,0.540540540541,0.0540540540541,37,0.117117117117,2.22747747748,8.43243243243,7.09090909091,4.45714285714,5.03620525429,0.597242289772,0.326923076923,6.00525295579,1.42432281644,0.680873180873,3.83793300225,0.910278981302,0.463617463617,1.42084529335,0.637871901162,5.2,2.22747747748,1.42084529335,5.2,0,0,0,0,0.160752482811,37,37,37,1,0,0.405405405405,0.540540540541,0.0540540540541,37,176,0.132132132132,2.72083715558,9.51351351351,7.65217391304,4.75675675676,4.65248811343,0.489039943742,0.263820638821,5.99261307039,1.2598107023,0.638513513514,3.67729826401,0.773068385048,0.404176904177,1.80818677602,0.664570010119,5.10344827586,2.72083715558,1.80818677602,5.10344827586,0.138222045575,0.0294920808301,18,0.0023166023166,0.178258213459,37,37,37,1,0,0.378378378378,0.621621621622,0,-166,-0.124624624625,0.995548337467,-8.97297297297,-7.89328063241,-5.01467181467,-0.715222041959,0.198681353465,0.121177996178,-3.51587847198,0.231114248883,0.0940216532322,-4.37601508242,-0.0981965091564,-0.057653347127,1.16758720569,0.293270107402,3.10344827586,0.995548337467,1.16758720569,3.10344827586,-0.205849348672,-0.347076956827,-792,-0.101930501931,-0.391318614891,-0.027027027027,0.0810810810811,-0.0540540540541,168,8,174,982,0.491228070175,0.991919191919,0.00808080808081,0.508771929825,0.954545454545,0.491228070175,0.648648648649,0.623268132604,0.483147262095,0.48,20,186,0,0,0,0
1193,WLNM_dir_neg,0.538378714302,0.361892142749,00:00:04,10,30,33,1235778068,threshold_sweep,0.5,0.611111111111,0.0591397849462,0.107843137255,11,7,175,365,0.0591397849462,0.981182795699,0.0188172043011,0.940860215054,0.611111111111,0.0591397849462,0.107843137255,0.673835125448,0.655913978495,0.0520833333333,0.107582870728,0.0403225806452,342,156,186,0,342,0,156,0,186,37,342,0.256756756757,1.72528881811,18.4864864865,15.5454545455,9.77142857143,5.36771015539,0.290358590277,0.142642642643,9.50849154237,1.02869645341,0.544491860281,8.05331334643,0.871264894205,0.461830251304,0.640599570326,0.371299902718,2,1.72528881811,0.640599570326,2,0.344071394247,0.376569037657,810,0.104247104247,0.56957682835,37,37,37,1,0,0.405405405405,0.540540540541,0.0540540540541,37,0.117117117117,2.22747747748,8.43243243243,7.09090909091,4.45714285714,5.03620525429,0.597242289772,0.326923076923,6.00525295579,1.42432281644,0.680873180873,3.83793300225,0.910278981302,0.463617463617,1.42084529335,0.637871901162,5.2,2.22747747748,1.42084529335,5.2,0,0,0,0,0.160752482811,37,37,37,1,0,0.405405405405,0.540540540541,0.0540540540541,37,174,0.130630630631,2.67558948822,9.40540540541,7.5652173913,4.7027027027,4.69905108305,0.499611753083,0.269804287046,5.99937434175,1.27572902669,0.642124883504,3.65805705004,0.777862706044,0.403541472507,1.76107122395,0.658199335773,5.10344827586,2.67558948822,1.76107122395,5.10344827586,0.128344310697,0.0231404958678,14,0.0018018018018,0.173384153611,37,37,37,1,0,0.378378378378,0.621621621622,0,-168,-0.126126126126,0.950300670106,-9.08108108108,-7.98023715415,-5.06872586873,-0.668659072347,0.209253162805,0.127161644403,-3.50911720062,0.24703257328,0.0976330232229,-4.39525629639,-0.0934021881609,-0.0582887787969,1.12047165362,0.286899433055,3.10344827586,0.950300670106,1.12047165362,3.10344827586,-0.21572708355,-0.353428541789,-796,-0.102445302445,-0.396192674738,-0.027027027027,0.0810810810811,-0.0540540540541,167,7,175,983,0.488304093567,0.992929292929,0.00707070707071,0.511695906433,0.959770114943,0.488304093567,0.647286821705,0.623817417169,0.481233386497,0.478510028653,18,186,0,0,0,0
1194,WLNM_dir_neg,0.538378714302,0.361892142749,00:00:04,10,30,33,1235778068,threshold_sweep,0.6,0.611111111111,0.0591397849462,0.107843137255,11,7,175,365,0.0591397849462,0.981182795699,0.0188172043011,0.940860215054,0.611111111111,0.0591397849462,0.107843137255,0.673835125448,0.655913978495,0.0520833333333,0.107582870728,0.0403225806452,342,156,186,0,342,0,156,0,186,37,342,0.256756756757,1.72528881811,18.4864864865,15.5454545455,9.77142857143,5.36771015539,0.290358590277,0.142642642643,9.50849154237,1.02869645341,0.544491860281,8.05331334643,0.871264894205,0.461830251304,0.640599570326,0.371299902718,2,1.72528881811,0.640599570326,2,0.344071394247,0.376569037657,810,0.104247104247,0.56957682835,37,37,37,1,0,0.405405405405,0.540540540541,0.0540540540541,37,0.117117117117,2.22747747748,8.43243243243,7.09090909091,4.45714285714,5.03620525429,0.597242289772,0.326923076923,6.00525295579,1.42432281644,0.680873180873,3.83793300225,0.910278981302,0.463617463617,1.42084529335,0.637871901162,5.2,2.22747747748,1.42084529335,5.2,0,0,0,0,0.160752482811,37,37,37,1,0,0.405405405405,0.540540540541,0.0540540540541,37,174,0.130630630631,2.67558948822,9.40540540541,7.5652173913,4.7027027027,4.69905108305,0.499611753083,0.269804287046,5.99937434175,1.27572902669,0.642124883504,3.65805705004,0.777862706044,0.403541472507,1.76107122395,0.658199335773,5.10344827586,2.67558948822,1.76107122395,5.10344827586,0.128344310697,0.0231404958678,14,0.0018018018018,0.173384153611,37,37,37,1,0,0.378378378378,0.621621621622,0,-168,-0.126126126126,0.950300670106,-9.08108108108,-7.98023715415,-5.06872586873,-0.668659072347,0.209253162805,0.127161644403,-3.50911720062,0.24703257328,0.0976330232229,-4.39525629639,-0.0934021881609,-0.0582887787969,1.12047165362,0.286899433055,3.10344827586,0.950300670106,1.12047165362,3.10344827586,-0.21572708355,-0.353428541789,-796,-0.102445302445,-0.396192674738,-0.027027027027,0.0810810810811,-0.0540540540541,167,7,175,983,0.488304093567,0.992929292929,0.00707070707071,0.511695906433,0.959770114943,0.488304093567,0.647286821705,0.623817417169,0.481233386497,0.478510028653,18,186,0,0,0,0
1195,WLNM_dir_neg,0.538378714302,0.361892142749,00:00:04,10,30,33,1235778068,threshold_sweep,0.7,0.588235294118,0.0537634408602,0.0985221674877,10,7,176,365,0.0537634408602,0.981182795699,0.0188172043011,0.94623655914,0.588235294118,0.0537634408602,0.0985221674877,0.672043010753,0.65651135006,0.0452173913043,0.0958529009653,0.0349462365591,342,156,186,0,342,0,156,0,186,37,342,0.256756756757,1.72528881811,18.4864864865,15.5454545455,9.77142857143,5.36771015539,0.290358590277,0.142642642643,9.50849154237,1.02869645341,0.544491860281,8.05331334643,0.871264894205,0.461830251304,0.640599570326,0.371299902718,2,1.72528881811,0.640599570326,2,0.344071394247,0.376569037657,810,0.104247104247,0.56957682835,37,37,37,1,0,0.405405405405,0.540540540541,0.0540540540541,37,0.117117117117,2.22747747748,8.43243243243,7.09090909091,4.45714285714,5.03620525429,0.597242289772,0.326923076923,6.00525295579,1.42432281644,0.680873180873,3.83793300225,0.910278981302,0.463617463617,1.42084529335,0.637871901162,5.2,2.22747747748,1.42084529335,5.2,0,0,0,0,0.160752482811,37,37,37,1,0,0.405405405405,0.540540540541,0.0540540540541,37,173,0.12987987988,2.71668218336,9.35135135135,7.52173913043,4.67567567568,4.6798398371,0.500445300499,0.27058272145,6.00950198553,1.28526921078,0.644899234495,3.6746432484,0.785906359484,0.405874082175,1.82606451451,0.672167147742,5.12296113848,2.71668218336,1.82606451451,5.12296113848,0.124559643677,0.0200557103064,12,0.0015444015444,0.17406399316,37,37,37,1,0,0.378378378378,0.621621621622,0,-169,-0.126876876877,0.991393365246,-9.13513513514,-8.02371541502,-5.09575289575,-0.687870318294,0.210086710222,0.127940078807,-3.49898955684,0.256572757364,0.100407374213,-4.37867009804,-0.0853585347207,-0.0559561691293,1.18546494419,0.300867245024,3.12296113848,0.991393365246,1.18546494419,3.12296113848,-0.21951175057,-0.35651332735,-798,-0.102702702703,-0.39551283519,-0.027027027027,0.0810810810811,-0.0540540540541,166,7,176,983,0.485380116959,0.992929292929,0.00707070707071,0.514619883041,0.959537572254,0.485380116959,0.644660194175,0.621548189454,0.478309409888,0.47564469914,17,186,0,0,0,0
1196,WLNM_dir_neg,0.538378714302,0.361892142749,00:00:04,10,30,33,1235778068,threshold_sweep,0.8,0.533333333333,0.0430107526882,0.0796019900498,8,7,178,365,0.0430107526882,0.981182795699,0.0188172043011,0.956989247312,0.533333333333,0.0430107526882,0.0796019900498,0.668458781362,0.65770609319,0.0314136125654,0.0705150742083,0.0241935483871,342,156,186,0,342,0,156,0,186,37,342,0.256756756757,1.72528881811,18.4864864865,15.5454545455,9.77142857143,5.36771015539,0.290358590277,0.142642642643,9.50849154237,1.02869645341,0.544491860281,8.05331334643,0.871264894205,0.461830251304,0.640599570326,0.371299902718,2,1.72528881811,0.640599570326,2,0.344071394247,0.376569037657,810,0.104247104247,0.56957682835,37,37,37,1,0,0.405405405405,0.540540540541,0.0540540540541,37,0.117117117117,2.22747747748,8.43243243243,7.09090909091,4.45714285714,5.03620525429,0.597242289772,0.326923076923,6.00525295579,1.42432281644,0.680873180873,3.83793300225,0.910278981302,0.463617463617,1.42084529335,0.637871901162,5.2,2.22747747748,1.42084529335,5.2,0,0,0,0,0.160752482811,37,37,37,1,0,0.405405405405,0.540540540541,0.0540540540541,37,171,0.128378378378,2.71631798825,9.24324324324,7.4347826087,4.62162162162,4.75748185847,0.514698329717,0.278172909752,6.03853988676,1.30658465386,0.651493598862,3.62362120408,0.784058389186,0.408092302829,1.82537645978,0.672003965543,5.14897828863,2.71631798825,1.82537645978,5.14897828863,0.130587099705,0.0152027027027,9,0.0011583011583,0.160251959783,37,37,37,1,0,0.378378378378,0.621621621622,0,-171,-0.128378378378,0.991029170132,-9.24324324324,-8.11067193676,-5.14980694981,-0.610228296927,0.22433973944,0.135530267109,-3.46995165562,0.277888200445,0.107001738581,-4.42969214236,-0.0872065050188,-0.0537379484748,1.18477688945,0.300704062826,3.14897828863,0.991029170132,1.18477688945,3.14897828863,-0.213484294543,-0.361366334954,-801,-0.103088803089,-0.409324868567,-0.027027027027,0.0810810810811,-0.0540540540541,164,7,178,983,0.479532163743,0.992929292929,0.00707070707071,0.520467836257,0.959064327485,0.479532163743,0.639376218324,0.616996740716,0.472461456672,0.469914040115,15,186,0,0,0,0
1197,WLNM_dir_neg,0.538378714302,0.361892142749,00:00:04,10,30,33,1235778068,threshold_sweep,0.9,0.538461538462,0.0376344086022,0.070351758794,7,6,179,366,0.0376344086022,0.983870967742,0.0161290322581,0.962365591398,0.538461538462,0.0376344086022,0.070351758794,0.668458781362,0.65890083632,0.0280210157618,0.0672055379645,0.0215053763441,342,156,186,0,342,0,156,0,186,37,342,0.256756756757,1.72528881811,18.4864864865,15.5454545455,9.77142857143,5.36771015539,0.290358590277,0.142642642643,9.50849154237,1.02869645341,0.544491860281,8.05331334643,0.871264894205,0.461830251304,0.640599570326,0.371299902718,2,1.72528881811,0.640599570326,2,0.344071394247,0.376569037657,810,0.104247104247,0.56957682835,37,37,37,1,0,0.405405405405,0.540540540541,0.0540540540541,37,0.117117117117,2.22747747748,8.43243243243,7.09090909091,4.45714285714,5.03620525429,0.597242289772,0.326923076923,6.00525295579,1.42432281644,0.680873180873,3.83793300225,0.910278981302,0.463617463617,1.42084529335,0.637871901162,5.2,2.22747747748,1.42084529335,5.2,0,0,0,0,0.160752482811,37,37,37,1,0,0.405405405405,0.540540540541,0.0540540540541,37,169,0.126876876877,2.87366634492,9.13513513514,7.34782608696,4.56756756757,4.78517480327,0.523820910418,0.283863745402,6.05319264035,1.32525519345,0.656005117544,3.66318425948,0.801998920715,0.415160722853,2.06894558696,0.719967226056,6.28571428571,2.87366634492,2.06894558696,6.28571428571,0.125648547707,0.0137142857143,8,0.0010296010296,0.160836264651,37,37,37,1,0,0.378378378378,0.621621621622,0,-173,-0.12987987988,1.1483775268,-9.35135135135,-8.1976284585,-5.20386100386,-0.582535352118,0.233462320141,0.14122110276,-3.45529890203,0.296558740034,0.111513257262,-4.39012908695,-0.0692659734898,-0.0466695284509,1.42834601663,0.348667323338,4.28571428571,1.1483775268,1.42834601663,4.28571428571,-0.21842284654,-0.362854751943,-802,-0.103217503218,-0.408740563699,-0.027027027027,0.0810810810811,-0.0540540540541,163,6,179,984,0.476608187135,0.993939393939,0.00606060606061,0.523391812865,0.96449704142,0.476608187135,0.637964774951,0.617591038887,0.470547581074,0.468390804598,13,186,0,0,0,0
1198,WLNM_dir_neg,0.449914730027,0.360969436125,00:00:06,10,30,34,1235778069,threshold_sweep,0.1,0.555555555556,0.10752688172,0.18018018018,20,16,166,356,0.10752688172,0.956989247312,0.0430107526882,0.89247311828,0.555555555556,0.10752688172,0.18018018018,0.673835125448,0.645161290323,0.0808080808081,0.123796892118,0.0645161290323,342,156,186,0,342,0,156,0,186,37,342,0.256756756757,1.72528881811,18.4864864865,15.5454545455,9.77142857143,5.36771015539,0.290358590277,0.142642642643,9.50849154237,1.02869645341,0.544491860281,8.05331334643,0.871264894205,0.461830251304,0.640599570326,0.371299902718,2,1.72528881811,0.640599570326,2,0.344071394247,0.376569037657,810,0.104247104247,0.56957682835,37,37,37,1,0,0.405405405405,0.540540540541,0.0540540540541,37,0.117117117117,2.22747747748,8.43243243243,7.09090909091,4.45714285714,5.03620525429,0.597242289772,0.326923076923,6.00525295579,1.42432281644,0.680873180873,3.83793300225,0.910278981302,0.463617463617,1.42084529335,0.637871901162,5.2,2.22747747748,1.42084529335,5.2,0,0,0,0,0.160752482811,37,37,37,1,0,0.405405405405,0.540540540541,0.0540540540541,37,192,0.144144144144,7.21926022605,10.3783783784,6.4,5.33333333333,4.82672738999,0.46507529539,0.254082207207,5.87763103185,1.1326684801,0.581644144144,3.60430173418,0.694578980024,0.376126126126,3.30775476632,0.458184725684,9.38292897762,7.21926022605,3.30775476632,9.38292897762,0.137043272647,0.0574437529919,40,0.00514800514801,0.171176225238,37,37,37,1,0,0.189189189189,0.783783783784,0.027027027027,-150,-0.112612612613,5.49397140794,-8.10810810811,-9.14545454545,-4.4380952381,-0.540982765401,0.174716705113,0.111439564565,-3.63086051053,0.103972026681,0.0371522838628,-4.44901161226,-0.176685914181,-0.0857041251778,2.66715519599,0.0868848229663,7.38292897762,5.49397140794,2.66715519599,7.38292897762,-0.2070281216,-0.319125284665,-770,-0.0990990990991,-0.398400603112,-0.216216216216,0.243243243243,-0.027027027027,176,16,166,974,0.514619883041,0.983838383838,0.0161616161616,0.485380116959,0.916666666667,0.514619883041,0.659176029963,0.619949641834,0.498458266879,0.491620111732,36,186,0,0,0,0
1199,WLNM_dir_neg,0.449914730027,0.360969436125,00:00:06,10,30,34,1235778069,threshold_sweep,0.2,0.739130434783,0.0913978494624,0.162679425837,17,6,169,366,0.0913978494624,0.983870967742,0.0161290322581,0.908602150538,0.739130434783,0.0913978494624,0.162679425837,0.686379928315,0.652927120669,0.0963855421687,0.178485205863,0.0752688172043,342,156,186,0,342,0,156,0,186,37,342,0.256756756757,1.72528881811,18.4864864865,15.5454545455,9.77142857143,5.36771015539,0.290358590277,0.142642642643,9.50849154237,1.02869645341,0.544491860281,8.05331334643,0.871264894205,0.461830251304,0.640599570326,0.371299902718,2,1.72528881811,0.640599570326,2,0.344071394247,0.376569037657,810,0.104247104247,0.56957682835,37,37,37,1,0,0.405405405405,0.540540540541,0.0540540540541,37,0.117117117117,2.22747747748,8.43243243243,7.09090909091,4.45714285714,5.03620525429,0.597242289772,0.326923076923,6.00525295579,1.42432281644,0.680873180873,3.83793300225,0.910278981302,0.463617463617,1.42084529335,0.637871901162,5.2,2.22747747748,1.42084529335,5.2,0,0,0,0,0.160752482811,37,37,37,1,0,0.405405405405,0.540540540541,0.0540540540541,37,179,0.134384384384,2.50742510957,9.67567567568,7.78260869565,4.97222222222,4.7084678686,0.486629360722,0.258342141024,5.98383708888,1.23688252675,0.630831949268,3.57081933886,0.73810232144,0.395289143892,1.52424894165,0.607894104524,4.64479395462,2.50742510957,1.52424894165,4.64479395462,0.13766004958,0.0351250665247,22,0.0028314028314,0.178540569097,37,37,37,1,0,0.378378378378,0.594594594595,0.027027027027,-163,-0.122372372372,0.782136291457,-8.81081081081,-7.7628458498,-4.79920634921,-0.65924228679,0.196270770444,0.115699498381,-3.52465445349,0.208186073338,0.0863400889864,-4.48249400758,-0.133162572765,-0.0665411074114,0.883649371319,0.236594201807,2.64479395462,0.782136291457,0.883649371319,2.64479395462,-0.206411344668,-0.341443971132,-788,-0.101415701416,-0.391036259253,-0.027027027027,0.0540540540541,-0.027027027027,173,6,169,984,0.505847953216,0.993939393939,0.00606060606061,0.494152046784,0.966480446927,0.505847953216,0.664107485605,0.640139665127,0.499787347156,0.497126436782,23,186,0,0,0,0
1200,WLNM_dir_neg,0.449914730027,0.360969436125,00:00:06,10,30,34,1235778069,threshold_sweep,0.3,0.809523809524,0.0913978494624,0.164251207729,17,4,169,368,0.0913978494624,0.989247311828,0.010752688172,0.908602150538,0.809523809524,0.0913978494624,0.164251207729,0.689964157706,0.654121863799,0.103626943005,0.199760431138,0.0806451612903,342,156,186,0,342,0,156,0,186,37,342,0.256756756757,1.72528881811,18.4864864865,15.5454545455,9.77142857143,5.36771015539,0.290358590277,0.142642642643,9.50849154237,1.02869645341,0.544491860281,8.05331334643,0.871264894205,0.461830251304,0.640599570326,0.371299902718,2,1.72528881811,0.640599570326,2,0.344071394247,0.376569037657,810,0.104247104247,0.56957682835,37,37,37,1,0,0.405405405405,0.540540540541,0.0540540540541,37,0.117117117117,2.22747747748,8.43243243243,7.09090909091,4.45714285714,5.03620525429,0.597242289772,0.326923076923,6.00525295579,1.42432281644,0.680873180873,3.83793300225,0.910278981302,0.463617463617,1.42084529335,0.637871901162,5.2,2.22747747748,1.42084529335,5.2,0,0,0,0,0.160752482811,37,37,37,1,0,0.405405405405,0.540540540541,0.0540540540541,37,177,0.132882882883,2.5371070081,9.56756756757,7.69565217391,4.91666666667,4.71722929825,0.493043740212,0.263704382348,6.00062559301,1.25436806182,0.636127653077,3.56787467966,0.745826910437,0.399755687891,1.56373153059,0.616344334551,4.64404556444,2.5371070081,1.56373153059,4.64404556444,0.129324491554,0.030563002681,19,0.0024453024453,0.174706886888,37,37,37,1,0,0.378378378378,0.594594594595,0.027027027027,-165,-0.123873873874,0.811818189985,-8.91891891892,-7.84980237154,-4.85476190476,-0.650480857145,0.202685149935,0.121061739706,-3.50786594936,0.225671608401,0.0916357927955,-4.48543866678,-0.125437983768,-0.0620745634127,0.923131960266,0.245044431833,2.64404556444,0.811818189985,0.923131960266,2.64404556444,-0.214746902694,-0.346006034976,-791,-0.101801801802,-0.394869941462,-0.027027027027,0.0540540540541,-0.027027027027,173,4,169,986,0.505847953216,0.99595959596,0.0040404040404,0.494152046784,0.977401129944,0.505847953216,0.666666666667,0.645788364092,0.501807549176,0.5,21,186,0,0,0,0
1201,WLNM_dir_neg,0.449914730027,0.360969436125,00:00:06,10,30,34,1235778069,threshold_sweep,0.4,0.789473684211,0.0806451612903,0.146341463415,15,4,171,368,0.0806451612903,0.989247311828,0.010752688172,0.91935483871,0.789473684211,0.0806451612903,0.146341463415,0.686379928315,0.65531660693,0.0901213171577,0.181671652702,0.0698924731183,342,156,186,0,342,0,156,0,186,37,342,0.256756756757,1.72528881811,18.4864864865,15.5454545455,9.77142857143,5.36771015539,0.290358590277,0.142642642643,9.50849154237,1.02869645341,0.544491860281,8.05331334643,0.871264894205,0.461830251304,0.640599570326,0.371299902718,2,1.72528881811,0.640599570326,2,0.344071394247,0.376569037657,810,0.104247104247,0.56957682835,37,37,37,1,0,0.405405405405,0.540540540541,0.0540540540541,37,0.117117117117,2.22747747748,8.43243243243,7.09090909091,4.45714285714,5.03620525429,0.597242289772,0.326923076923,6.00525295579,1.42432281644,0.680873180873,3.83793300225,0.910278981302,0.463617463617,1.42084529335,0.637871901162,5.2,2.22747747748,1.42084529335,5.2,0,0,0,0,0.160752482811,37,37,37,1,0,0.405405405405,0.540540540541,0.0540540540541,37,175,0.131381381381,2.55211653064,9.45945945946,7.60869565217,4.86111111111,4.71754758908,0.498712173703,0.268416988417,6.01224975755,1.27116137731,0.640617760618,3.5640851144,0.753549424188,0.40277992278,1.59303719598,0.624202373542,4.73001006142,2.55211653064,1.59303719598,4.73001006142,0.11938011551,0.0229508196721,14,0.0018018018018,0.170761506054,37,37,37,1,0,0.378378378378,0.594594594595,0.027027027027,-167,-0.125375375375,0.826827712526,-9.02702702703,-7.93675889328,-4.91031746032,-0.650162566311,0.208353583426,0.125774345774,-3.49624178483,0.242464923896,0.0961259003364,-4.48922823203,-0.117715470017,-0.059050328524,0.952437625655,0.252902470824,2.73001006142,0.826827712526,0.952437625655,2.73001006142,-0.224691278737,-0.353618217985,-796,-0.102445302445,-0.398815322295,-0.027027027027,0.0540540540541,-0.027027027027,171,4,171,986,0.5,0.99595959596,0.0040404040404,0.5,0.977142857143,0.5,0.661508704062,0.641344307043,0.49595959596,0.494219653179,19,186,0,0,0,0
1202,WLNM_dir_neg,0.449914730027,0.360969436125,00:00:06,10,30,34,1235778069,threshold_sweep,0.5,0.789473684211,0.0806451612903,0.146341463415,15,4,171,368,0.0806451612903,0.989247311828,0.010752688172,0.91935483871,0.789473684211,0.0806451612903,0.146341463415,0.686379928315,0.65531660693,0.0901213171577,0.181671652702,0.0698924731183,342,156,186,0,342,0,156,0,186,37,342,0.256756756757,1.72528881811,18.4864864865,15.5454545455,9.77142857143,5.36771015539,0.290358590277,0.142642642643,9.50849154237,1.02869645341,0.544491860281,8.05331334643,0.871264894205,0.461830251304,0.640599570326,0.371299902718,2,1.72528881811,0.640599570326,2,0.344071394247,0.376569037657,810,0.104247104247,0.56957682835,37,37,37,1,0,0.405405405405,0.540540540541,0.0540540540541,37,0.117117117117,2.22747747748,8.43243243243,7.09090909091,4.45714285714,5.03620525429,0.597242289772,0.326923076923,6.00525295579,1.42432281644,0.680873180873,3.83793300225,0.910278981302,0.463617463617,1.42084529335,0.637871901162,5.2,2.22747747748,1.42084529335,5.2,0,0,0,0,0.160752482811,37,37,37,1,0,0.405405405405,0.540540540541,0.0540540540541,37,175,0.131381381381,2.55211653064,9.45945945946,7.60869565217,4.86111111111,4.71754758908,0.498712173703,0.268416988417,6.01224975755,1.27116137731,0.640617760618,3.5640851144,0.753549424188,0.40277992278,1.59303719598,0.624202373542,4.73001006142,2.55211653064,1.59303719598,4.73001006142,0.11938011551,0.0229508196721,14,0.0018018018018,0.170761506054,37,37,37,1,0,0.378378378378,0.594594594595,0.027027027027,-167,-0.125375375375,0.826827712526,-9.02702702703,-7.93675889328,-4.91031746032,-0.650162566311,0.208353583426,0.125774345774,-3.49624178483,0.242464923896,0.0961259003364,-4.48922823203,-0.117715470017,-0.059050328524,0.952437625655,0.252902470824,2.73001006142,0.826827712526,0.952437625655,2.73001006142,-0.224691278737,-0.353618217985,-796,-0.102445302445,-0.398815322295,-0.027027027027,0.0540540540541,-0.027027027027,171,4,171,986,0.5,0.99595959596,0.0040404040404,0.5,0.977142857143,0.5,0.661508704062,0.641344307043,0.49595959596,0.494219653179,19,186,0,0,0,0
1203,WLNM_dir_neg,0.449914730027,0.360969436125,00:00:06,10,30,34,1235778069,threshold_sweep,0.6,0.733333333333,0.0591397849462,0.109452736318,11,4,175,368,0.0591397849462,0.989247311828,0.010752688172,0.940860215054,0.733333333333,0.0591397849462,0.109452736318,0.679211469534,0.65770609319,0.0628272251309,0.141030148417,0.0483870967742,342,156,186,0,342,0,156,0,186,37,342,0.256756756757,1.72528881811,18.4864864865,15.5454545455,9.77142857143,5.36771015539,0.290358590277,0.142642642643,9.50849154237,1.02869645341,0.544491860281,8.05331334643,0.871264894205,0.461830251304,0.640599570326,0.371299902718,2,1.72528881811,0.640599570326,2,0.344071394247,0.376569037657,810,0.104247104247,0.56957682835,37,37,37,1,0,0.405405405405,0.540540540541,0.0540540540541,37,0.117117117117,2.22747747748,8.43243243243,7.09090909091,4.45714285714,5.03620525429,0.597242289772,0.326923076923,6.00525295579,1.42432281644,0.680873180873,3.83793300225,0.910278981302,0.463617463617,1.42084529335,0.637871901162,5.2,2.22747747748,1.42084529335,5.2,0,0,0,0,0.160752482811,37,37,37,1,0,0.405405405405,0.540540540541,0.0540540540541,37,171,0.128378378378,2.5040523258,9.24324324324,7.4347826087,4.75,4.84427156206,0.524087859053,0.282440335072,5.98308426293,1.29458548379,0.647700331911,3.60055050846,0.779066484286,0.413466097677,1.53943254627,0.614776508625,4.63644081633,2.5040523258,1.53943254627,4.63644081633,0.0898336859637,0.0183333333333,11,0.0014157014157,0.165619492497,37,37,37,1,0,0.378378378378,0.594594594595,0.027027027027,-171,-0.128378378378,0.77876350768,-9.24324324324,-8.11067193676,-5.02142857143,-0.523438593335,0.233729268776,0.139797692429,-3.52540727945,0.265889030377,0.10320847163,-4.45276283798,-0.0921984099184,-0.0483641536273,0.898832975942,0.243476605908,2.63644081633,0.77876350768,0.898832975942,2.63644081633,-0.254237708284,-0.358235704324,-799,-0.102831402831,-0.403957335853,-0.027027027027,0.0540540540541,-0.027027027027,167,4,175,986,0.488304093567,0.99595959596,0.0040404040404,0.511695906433,0.976608187135,0.488304093567,0.651072124756,0.632409509528,0.484263689527,0.482658959538,15,186,0,0,0,0
1204,WLNM_dir_neg,0.449914730027,0.360969436125,00:00:06,10,30,34,1235778069,threshold_sweep,0.7,0.785714285714,0.0591397849462,0.11,11,3,175,369,0.0591397849462,0.991935483871,0.00806451612903,0.940860215054,0.785714285714,0.0591397849462,0.11,0.681003584229,0.658303464755,0.0664335664336,0.153948384344,0.0510752688172,342,156,186,0,342,0,156,0,186,37,342,0.256756756757,1.72528881811,18.4864864865,15.5454545455,9.77142857143,5.36771015539,0.290358590277,0.142642642643,9.50849154237,1.02869645341,0.544491860281,8.05331334643,0.871264894205,0.461830251304,0.640599570326,0.371299902718,2,1.72528881811,0.640599570326,2,0.344071394247,0.376569037657,810,0.104247104247,0.56957682835,37,37,37,1,0,0.405405405405,0.540540540541,0.0540540540541,37,0.117117117117,2.22747747748,8.43243243243,7.09090909091,4.45714285714,5.03620525429,0.597242289772,0.326923076923,6.00525295579,1.42432281644,0.680873180873,3.83793300225,0.910278981302,0.463617463617,1.42084529335,0.637871901162,5.2,2.22747747748,1.42084529335,5.2,0,0,0,0,0.160752482811,37,37,37,1,0,0.405405405405,0.540540540541,0.0540540540541,37,170,0.127627627628,2.47547686462,9.18918918919,7.39130434783,4.72222222222,4.8923854545,0.532406652402,0.287440381558,5.98822668733,1.30331992607,0.649920508744,3.62444983917,0.788850847348,0.418124006359,1.50361302231,0.607403383082,4.51988208617,2.47547686462,1.50361302231,4.51988208617,0.0918928880229,0.0184254606365,11,0.0014157014157,0.166268557968,37,37,37,1,0,0.378378378378,0.594594594595,0.027027027027,-172,-0.129129129129,0.750188046505,-9.2972972973,-8.15415019763,-5.04920634921,-0.47532470089,0.242048062125,0.144797738915,-3.52026485504,0.274623472651,0.105428648463,-4.42886350727,-0.0824140468568,-0.0437062449446,0.863013451985,0.236103480364,2.51988208617,0.750188046505,0.863013451985,2.51988208617,-0.252178506224,-0.35814357702,-799,-0.102831402831,-0.403308270382,-0.027027027027,0.0540540540541,-0.027027027027,167,3,175,987,0.488304093567,0.99696969697,0.0030303030303,0.511695906433,0.982352941176,0.488304093567,0.65234375,0.635316246621,0.485273790537,0.484057971014,14,186,0,0,0,0
1205,WLNM_dir_neg,0.449914730027,0.360969436125,00:00:06,10,30,34,1235778069,threshold_sweep,0.8,0.769230769231,0.0537634408602,0.100502512563,10,3,176,369,0.0537634408602,0.991935483871,0.00806451612903,0.94623655914,0.769230769231,0.0537634408602,0.100502512563,0.679211469534,0.65890083632,0.0595446584939,0.142811768175,0.0456989247312,342,156,186,0,342,0,156,0,186,37,342,0.256756756757,1.72528881811,18.4864864865,15.5454545455,9.77142857143,5.36771015539,0.290358590277,0.142642642643,9.50849154237,1.02869645341,0.544491860281,8.05331334643,0.871264894205,0.461830251304,0.640599570326,0.371299902718,2,1.72528881811,0.640599570326,2,0.344071394247,0.376569037657,810,0.104247104247,0.56957682835,37,37,37,1,0,0.405405405405,0.540540540541,0.0540540540541,37,0.117117117117,2.22747747748,8.43243243243,7.09090909091,4.45714285714,5.03620525429,0.597242289772,0.326923076923,6.00525295579,1.42432281644,0.680873180873,3.83793300225,0.910278981302,0.463617463617,1.42084529335,0.637871901162,5.2,2.22747747748,1.42084529335,5.2,0,0,0,0,0.160752482811,37,37,37,1,0,0.405405405405,0.540540540541,0.0540540540541,37,169,0.126876876877,2.50998767911,9.13513513514,7.34782608696,4.69444444444,4.86005351001,0.532017691924,0.287701903087,5.99323943447,1.31212934364,0.651847113386,3.64036430213,0.797002835378,0.421237805853,1.56221988684,0.622401416488,4.84494984127,2.50998767911,1.56221988684,4.84494984127,0.0870350890475,0.0152628603731,9,0.0011583011583,0.165358554489,37,37,37,1,0,0.378378378378,0.594594594595,0.027027027027,-173,-0.12987987988,0.784698860993,-9.35135135135,-8.1976284585,-5.07698412698,-0.507656645387,0.241659101647,0.145059260444,-3.5152521079,0.283432890227,0.107355253104,-4.4129490443,-0.0742620588264,-0.0405924454507,0.921620316517,0.25110151377,2.84494984127,0.784698860993,0.921620316517,2.84494984127,-0.2570363052,-0.361306177284,-801,-0.103088803089,-0.404218273861,-0.027027027027,0.0540540540541,-0.027027027027,166,3,176,987,0.485380116959,0.99696969697,0.0030303030303,0.514619883041,0.98224852071,0.485380116959,0.649706457926,0.633081402759,0.482349813929,0.48115942029,13,186,0,0,0,0
1206,WLNM_dir_neg,0.449914730027,0.360969436125,00:00:06,10,30,34,1235778069,threshold_sweep,0.9,0.8,0.0430107526882,0.0816326530612,8,2,178,370,0.0430107526882,0.994623655914,0.00537634408602,0.956989247312,0.8,0.0430107526882,0.0816326530612,0.677419354839,0.660692951016,0.0492957746479,0.133728125983,0.0376344086022,342,156,186,0,342,0,156,0,186,37,342,0.256756756757,1.72528881811,18.4864864865,15.5454545455,9.77142857143,5.36771015539,0.290358590277,0.142642642643,9.50849154237,1.02869645341,0.544491860281,8.05331334643,0.871264894205,0.461830251304,0.640599570326,0.371299902718,2,1.72528881811,0.640599570326,2,0.344071394247,0.376569037657,810,0.104247104247,0.56957682835,37,37,37,1,0,0.405405405405,0.540540540541,0.0540540540541,37,0.117117117117,2.22747747748,8.43243243243,7.09090909091,4.45714285714,5.03620525429,0.597242289772,0.326923076923,6.00525295579,1.42432281644,0.680873180873,3.83793300225,0.910278981302,0.463617463617,1.42084529335,0.637871901162,5.2,2.22747747748,1.42084529335,5.2,0,0,0,0,0.160752482811,37,37,37,1,0,0.405405405405,0.540540540541,0.0540540540541,37,166,0.124624624625,2.13988514287,8.97297297297,7.54545454545,4.61111111111,4.72279629084,0.526335731208,0.285411917942,5.97969537324,1.33282366753,0.659068707261,3.66379904245,0.816629907051,0.427222403126,1.27194989753,0.594401013424,4.52556701031,2.13988514287,1.27194989753,4.52556701031,0.0779758750347,0.00873616773442,5,0.000643500643501,0.172564076136,37,37,37,1,0,0.405405405405,0.567567567568,0.027027027027,-176,-0.132132132132,0.41459632476,-9.51351351351,-8,-5.16031746032,-0.64491386455,0.235977140931,0.142769275299,-3.52879616913,0.304127214115,0.11457684698,-4.38951430399,-0.0546349871538,-0.0346078481779,0.631350327209,0.223101110706,2.52556701031,0.41459632476,0.631350327209,2.52556701031,-0.266095519213,-0.367832869922,-805,-0.103603603604,-0.397012752214,0,0.027027027027,-0.027027027027,164,2,178,988,0.479532163743,0.99797979798,0.0020202020202,0.520467836257,0.987951807229,0.479532163743,0.645669291339,0.631555594027,0.477511961722,0.476744186047,10,186,0,0,0,0
1207,WLNM_dir_neg,0.418372066135,0.33489591724,00:00:04,10,30,35,1235778070,threshold_sweep,0.1,0.527272727273,0.155913978495,0.240663900415,29,26,157,346,0.155913978495,0.930107526882,0.0698924731183,0.844086021505,0.527272727273,0.155913978495,0.240663900415,0.672043010753,0.633811230585,0.1044045677,0.136040945984,0.0860215053763,342,156,186,0,342,0,156,0,186,37,342,0.256756756757,1.72528881811,18.4864864865,15.5454545455,9.77142857143,5.36771015539,0.290358590277,0.142642642643,9.50849154237,1.02869645341,0.544491860281,8.05331334643,0.871264894205,0.461830251304,0.640599570326,0.371299902718,2,1.72528881811,0.640599570326,2,0.344071394247,0.376569037657,810,0.104247104247,0.56957682835,37,37,37,1,0,0.405405405405,0.540540540541,0.0540540540541,37,0.117117117117,2.18635635636,8.43243243243,7.09090909091,4.45714285714,5.03620525429,0.597242289772,0.326923076923,6.00062559301,1.42322530091,0.680526680527,3.83793300225,0.910278981302,0.463617463617,1.32204914232,0.604681454823,4.3462962963,2.18635635636,1.32204914232,4.3462962963,0,0,0,0,0.160896782956,37,37,37,1,0,0.405405405405,0.540540540541,0.0540540540541,37,211,0.158408408408,9.09002473348,11.4054054054,6.8064516129,5.7027027027,5.13949554085,0.450619277278,0.240937620085,6.00862743092,1.05364556846,0.554374279493,3.43886984718,0.603024570358,0.32842320994,3.85823116756,0.424446718318,11.4468211099,9.09002473348,3.85823116756,11.4468211099,0.180334251464,0.125,105,0.0135135135135,0.185682944858,37,37,37,1,0,0.162162162162,0.837837837838,0,-131,-0.0983483483483,7.36473591536,-7.08108108108,-8.73900293255,-4.06872586873,-0.228214614544,0.160260687001,0.0982949774419,-3.49986411145,0.0249491150403,0.00988241921143,-4.61444349926,-0.268240323847,-0.133407041364,3.21763159723,0.0531468156004,9.44682110994,7.36473591536,3.21763159723,9.44682110994,-0.163737142783,-0.251569037657,-705,-0.0907335907336,-0.383893883492,-0.243243243243,0.297297297297,-0.0540540540541,185,26,157,964,0.540935672515,0.973737373737,0.0262626262626,0.459064327485,0.876777251185,0.540935672515,0.669077757685,0.615769311595,0.514673046252,0.502717391304,55,186,0,0,0,0
1208,WLNM_dir_neg,0.418372066135,0.33489591724,00:00:04,10,30,35,1235778070,threshold_sweep,0.2,0.581395348837,0.134408602151,0.218340611354,25,18,161,354,0.134408602151,0.951612903226,0.0483870967742,0.865591397849,0.581395348837,0.134408602151,0.218340611354,0.679211469534,0.640979689367,0.106489184692,0.152053750998,0.0860215053763,342,156,186,0,342,0,156,0,186,37,342,0.256756756757,1.72528881811,18.4864864865,15.5454545455,9.77142857143,5.36771015539,0.290358590277,0.142642642643,9.50849154237,1.02869645341,0.544491860281,8.05331334643,0.871264894205,0.461830251304,0.640599570326,0.371299902718,2,1.72528881811,0.640599570326,2,0.344071394247,0.376569037657,810,0.104247104247,0.56957682835,37,37,37,1,0,0.405405405405,0.540540540541,0.0540540540541,37,0.117117117117,2.18635635636,8.43243243243,7.09090909091,4.45714285714,5.03620525429,0.597242289772,0.326923076923,6.00062559301,1.42322530091,0.680526680527,3.83793300225,0.910278981302,0.463617463617,1.32204914232,0.604681454823,4.3462962963,2.18635635636,1.32204914232,4.3462962963,0,0,0,0,0.160896782956,37,37,37,1,0,0.405405405405,0.540540540541,0.0540540540541,37,199,0.149399399399,2.75248531408,10.7567567568,8.65217391304,5.37837837838,4.55463991384,0.423421298523,0.225859024854,6.08436681336,1.13126418138,0.59405133777,3.24338087796,0.603040665751,0.327583865272,1.78834008908,0.649718303647,5.14292283377,2.75248531408,1.78834008908,5.14292283377,0.145582373214,0.0834473324213,61,0.00785070785071,0.191523935002,37,37,37,1,0,0.378378378378,0.621621621622,0,-143,-0.107357357357,1.02719649596,-7.72972972973,-6.89328063241,-4.39305019305,-0.813070241553,0.133062708246,0.0832163822114,-3.42412472901,0.102567727964,0.0495594774886,-4.80993246847,-0.268224228453,-0.134246386032,1.14774051875,0.278418400929,3.14292283377,1.02719649596,1.14774051875,3.14292283377,-0.198489021033,-0.293121705236,-749,-0.0963963963964,-0.378052893348,-0.027027027027,0.0810810810811,-0.0540540540541,181,18,161,972,0.529239766082,0.981818181818,0.0181818181818,0.470760233918,0.909547738693,0.529239766082,0.669131238447,0.626266676992,0.5110579479,0.502777777778,43,186,0,0,0,0
1209,WLNM_dir_neg,0.418372066135,0.33489591724,00:00:04,10,30,35,1235778070,threshold_sweep,0.3,0.585365853659,0.129032258065,0.211453744493,24,17,162,355,0.129032258065,0.954301075269,0.0456989247312,0.870967741935,0.585365853659,0.129032258065,0.211453744493,0.679211469534,0.642174432497,0.103505843072,0.15055996187,0.0833333333333,342,156,186,0,342,0,156,0,186,37,342,0.256756756757,1.72528881811,18.4864864865,15.5454545455,9.77142857143,5.36771015539,0.290358590277,0.142642642643,9.50849154237,1.02869645341,0.544491860281,8.05331334643,0.871264894205,0.461830251304,0.640599570326,0.371299902718,2,1.72528881811,0.640599570326,2,0.344071394247,0.376569037657,810,0.104247104247,0.56957682835,37,37,37,1,0,0.405405405405,0.540540540541,0.0540540540541,37,0.117117117117,2.18635635636,8.43243243243,7.09090909091,4.45714285714,5.03620525429,0.597242289772,0.326923076923,6.00062559301,1.42322530091,0.680526680527,3.83793300225,0.910278981302,0.463617463617,1.32204914232,0.604681454823,4.3462962963,2.18635635636,1.32204914232,4.3462962963,0,0,0,0,0.160896782956,37,37,37,1,0,0.405405405405,0.540540540541,0.0540540540541,37,197,0.147897897898,2.74422271455,10.6486486486,8.5652173913,5.32432432432,4.62611077482,0.434431722508,0.232267800796,6.07386959787,1.14077753869,0.596789683084,3.27493896511,0.615090059438,0.333379064344,1.77838703461,0.648047633009,5.12228851413,2.74422271455,1.77838703461,5.12228851413,0.137776310145,0.0747922437673,54,0.00694980694981,0.190666039442,37,37,37,1,0,0.378378378378,0.621621621622,0,-145,-0.108858858859,1.01893389644,-7.83783783784,-6.98023715415,-4.4471042471,-0.741599380574,0.144073132231,0.0896251581531,-3.43462194451,0.112081085271,0.0522978228028,-4.77837438132,-0.256174834767,-0.12845118696,1.13778746429,0.276747730291,3.12228851413,1.01893389644,1.13778746429,3.12228851413,-0.206295084103,-0.30177679389,-756,-0.0972972972973,-0.378910788907,-0.027027027027,0.0810810810811,-0.0540540540541,180,17,162,973,0.526315789474,0.982828282828,0.0171717171717,0.473684210526,0.913705583756,0.526315789474,0.667903525046,0.626527731159,0.509144072302,0.50139275766,41,186,0,0,0,0
1210,WLNM_dir_neg,0.418372066135,0.33489591724,00:00:04,10,30,35,1235778070,threshold_sweep,0.4,0.552631578947,0.112903225806,0.1875,21,17,165,355,0.112903225806,0.954301075269,0.0456989247312,0.887096774194,0.552631578947,0.112903225806,0.1875,0.673835125448,0.643966547192,0.0838926174497,0.125756818216,0.0672043010753,342,156,186,0,342,0,156,0,186,37,342,0.256756756757,1.72528881811,18.4864864865,15.5454545455,9.77142857143,5.36771015539,0.290358590277,0.142642642643,9.50849154237,1.02869645341,0.544491860281,8.05331334643,0.871264894205,0.461830251304,0.640599570326,0.371299902718,2,1.72528881811,0.640599570326,2,0.344071394247,0.376569037657,810,0.104247104247,0.56957682835,37,37,37,1,0,0.405405405405,0.540540540541,0.0540540540541,37,0.117117117117,2.18635635636,8.43243243243,7.09090909091,4.45714285714,5.03620525429,0.597242289772,0.326923076923,6.00062559301,1.42322530091,0.680526680527,3.83793300225,0.910278981302,0.463617463617,1.32204914232,0.604681454823,4.3462962963,2.18635635636,1.32204914232,4.3462962963,0,0,0,0,0.160896782956,37,37,37,1,0,0.405405405405,0.540540540541,0.0540540540541,37,194,0.145645645646,2.83355988169,10.4864864865,8.4347826087,5.24324324324,4.45733865304,0.425055490109,0.228475898579,6.04798132256,1.15348097389,0.600724435776,3.30324256018,0.629999869726,0.339370298133,1.9006409718,0.670760827775,5.32374610133,2.83355988169,1.9006409718,5.32374610133,0.13497720007,0.0661236224245,46,0.00592020592021,0.186859969257,37,37,37,1,0,0.378378378378,0.621621621622,0,-148,-0.111111111111,1.10827106358,-8,-7.11067193676,-4.52818532819,-0.910371502355,0.134696899832,0.0858332559363,-3.46051021981,0.124784520476,0.0562325754946,-4.75007078625,-0.241265024479,-0.122459953171,1.26004140147,0.299460925057,3.32374610133,1.10827106358,1.26004140147,3.32374610133,-0.209094194177,-0.310445415232,-764,-0.0983268983269,-0.382716859093,-0.027027027027,0.0810810810811,-0.0540540540541,177,17,165,973,0.517543859649,0.982828282828,0.0171717171717,0.482456140351,0.912371134021,0.517543859649,0.660447761194,0.619657595248,0.500372142477,0.493036211699,38,186,0,0,0,0
1211,WLNM_dir_neg,0.418372066135,0.33489591724,00:00:04,10,30,35,1235778070,threshold_sweep,0.5,0.575757575758,0.102150537634,0.173515981735,19,14,167,358,0.102150537634,0.962365591398,0.0376344086022,0.897849462366,0.575757575758,0.102150537634,0.173515981735,0.675627240143,0.646953405018,0.0812182741117,0.128931674244,0.0645161290323,342,156,186,0,342,0,156,0,186,37,342,0.256756756757,1.72528881811,18.4864864865,15.5454545455,9.77142857143,5.36771015539,0.290358590277,0.142642642643,9.50849154237,1.02869645341,0.544491860281,8.05331334643,0.871264894205,0.461830251304,0.640599570326,0.371299902718,2,1.72528881811,0.640599570326,2,0.344071394247,0.376569037657,810,0.104247104247,0.56957682835,37,37,37,1,0,0.405405405405,0.540540540541,0.0540540540541,37,0.117117117117,2.18635635636,8.43243243243,7.09090909091,4.45714285714,5.03620525429,0.597242289772,0.326923076923,6.00062559301,1.42322530091,0.680526680527,3.83793300225,0.910278981302,0.463617463617,1.32204914232,0.604681454823,4.3462962963,2.18635635636,1.32204914232,4.3462962963,0,0,0,0,0.160896782956,37,37,37,1,0,0.405405405405,0.540540540541,0.0540540540541,37,189,0.141891891892,2.80248545578,10.2162162162,8.21739130435,5.4,4.53465137172,0.443867991412,0.238953238953,5.97115187,1.16895565709,0.607750607751,3.46236739645,0.677817955918,0.36751036751,1.86352918133,0.664955879606,5.25186890867,2.80248545578,1.86352918133,5.25186890867,0.134654064221,0.0523690773067,35,0.0045045045045,0.188522055265,37,37,37,1,0,0.378378378378,0.567567567568,0.0540540540541,-153,-0.114864864865,1.07719663767,-8.27027027027,-7.32806324111,-4.37142857143,-0.833058783671,0.153509401135,0.0963105963106,-3.53733967237,0.140259203676,0.0632587474693,-4.59094594999,-0.193446938286,-0.0943198837936,1.22292961101,0.293655976889,3.25186890867,1.07719663767,1.22292961101,3.25186890867,-0.209417330027,-0.32419996035,-775,-0.0997425997426,-0.381054773085,-0.027027027027,0.027027027027,0,175,14,167,976,0.511695906433,0.985858585859,0.0141414141414,0.488304093567,0.925925925926,0.511695906433,0.659133709981,0.622898499593,0.497554492291,0.491573033708,33,186,0,0,0,0
1212,WLNM_dir_neg,0.418372066135,0.33489591724,00:00:04,10,30,35,1235778070,threshold_sweep,0.6,0.6,0.0967741935484,0.166666666667,18,12,168,360,0.0967741935484,0.967741935484,0.0322580645161,0.903225806452,0.6,0.0967741935484,0.166666666667,0.677419354839,0.648745519713,0.0816326530612,0.134839972493,0.0645161290323,342,156,186,0,342,0,156,0,186,37,342,0.256756756757,1.72528881811,18.4864864865,15.5454545455,9.77142857143,5.36771015539,0.290358590277,0.142642642643,9.50849154237,1.02869645341,0.544491860281,8.05331334643,0.871264894205,0.461830251304,0.640599570326,0.371299902718,2,1.72528881811,0.640599570326,2,0.344071394247,0.376569037657,810,0.104247104247,0.56957682835,37,37,37,1,0,0.405405405405,0.540540540541,0.0540540540541,37,0.117117117117,2.18635635636,8.43243243243,7.09090909091,4.45714285714,5.03620525429,0.597242289772,0.326923076923,6.00062559301,1.42322530091,0.680526680527,3.83793300225,0.910278981302,0.463617463617,1.32204914232,0.604681454823,4.3462962963,2.18635635636,1.32204914232,4.3462962963,0,0,0,0,0.160896782956,37,37,37,1,0,0.405405405405,0.540540540541,0.0540540540541,37,186,0.13963963964,2.70862630327,10.0540540541,8.08695652174,5.31428571429,4.62448763496,0.459962479821,0.247893054345,5.9697686838,1.18753463065,0.612612612613,3.4919469775,0.694634613804,0.378378378378,1.75915224388,0.64946288152,5.06946362126,2.70862630327,1.75915224388,5.06946362126,0.119886768881,0.0427046263345,28,0.0036036036036,0.185305722272,37,37,37,1,0,0.378378378378,0.567567567568,0.0540540540541,-156,-0.117117117117,0.983337485156,-8.43243243243,-7.45849802372,-4.45714285714,-0.743222520435,0.169603889544,0.105250411702,-3.53872285857,0.158838177235,0.0681207523313,-4.56136636893,-0.1766302804,-0.0834518729256,1.11855267356,0.278162978802,3.06946362126,0.983337485156,1.11855267356,3.06946362126,-0.224184625367,-0.333864411322,-782,-0.100643500644,-0.384271106078,-0.027027027027,0.027027027027,0,174,12,168,978,0.508771929825,0.987878787879,0.0121212121212,0.491228070175,0.935483870968,0.508771929825,0.659090909091,0.625940333307,0.496650717703,0.491525423729,30,186,0,0,0,0
1213,WLNM_dir_neg,0.418372066135,0.33489591724,00:00:04,10,30,35,1235778070,threshold_sweep,0.7,0.642857142857,0.0967741935484,0.168224299065,18,10,168,362,0.0967741935484,0.97311827957,0.0268817204301,0.903225806452,0.642857142857,0.0967741935484,0.168224299065,0.681003584229,0.649940262843,0.0887372013652,0.150918124569,0.0698924731183,342,156,186,0,342,0,156,0,186,37,342,0.256756756757,1.72528881811,18.4864864865,15.5454545455,9.77142857143,5.36771015539,0.290358590277,0.142642642643,9.50849154237,1.02869645341,0.544491860281,8.05331334643,0.871264894205,0.461830251304,0.640599570326,0.371299902718,2,1.72528881811,0.640599570326,2,0.344071394247,0.376569037657,810,0.104247104247,0.56957682835,37,37,37,1,0,0.405405405405,0.540540540541,0.0540540540541,37,0.117117117117,2.18635635636,8.43243243243,7.09090909091,4.45714285714,5.03620525429,0.597242289772,0.326923076923,6.00062559301,1.42322530091,0.680526680527,3.83793300225,0.910278981302,0.463617463617,1.32204914232,0.604681454823,4.3462962963,2.18635635636,1.32204914232,4.3462962963,0,0,0,0,0.160896782956,37,37,37,1,0,0.405405405405,0.540540540541,0.0540540540541,37,184,0.138138138138,2.76272182405,9.94594594595,8,5.25714285714,4.61847705746,0.464357747626,0.250734430082,5.98835205715,1.20417948975,0.61839012926,3.4919469775,0.702184990041,0.383078730905,1.83272242474,0.663375664096,5.09025072191,2.76272182405,1.83272242474,5.09025072191,0.112236980658,0.0372670807453,24,0.0030888030888,0.183617479165,37,37,37,1,0,0.378378378378,0.567567567568,0.0540540540541,-158,-0.118618618619,1.03743300594,-8.54054054054,-7.54545454545,-4.51428571429,-0.749233097928,0.173999157348,0.10809178744,-3.52013948523,0.175483036338,0.0738982689784,-4.56136636893,-0.169079904163,-0.0787515203991,1.19212285442,0.292075761378,3.09025072191,1.03743300594,1.19212285442,3.09025072191,-0.231834413589,-0.339301956912,-786,-0.101158301158,-0.385959349185,-0.027027027027,0.027027027027,0,174,10,168,980,0.508771929825,0.989898989899,0.010101010101,0.491228070175,0.945652173913,0.508771929825,0.661596958175,0.631342226648,0.498670919724,0.494318181818,28,186,0,0,0,0
1214,WLNM_dir_neg,0.418372066135,0.33489591724,00:00:04,10,30,35,1235778070,threshold_sweep,0.8,0.62962962963,0.0913978494624,0.159624413146,17,10,169,362,0.0913978494624,0.97311827957,0.0268817204301,0.908602150538,0.62962962963,0.0913978494624,0.159624413146,0.679211469534,0.650537634409,0.0820512820513,0.141731734254,0.0645161290323,342,156,186,0,342,0,156,0,186,37,342,0.256756756757,1.72528881811,18.4864864865,15.5454545455,9.77142857143,5.36771015539,0.290358590277,0.142642642643,9.50849154237,1.02869645341,0.544491860281,8.05331334643,0.871264894205,0.461830251304,0.640599570326,0.371299902718,2,1.72528881811,0.640599570326,2,0.344071394247,0.376569037657,810,0.104247104247,0.56957682835,37,37,37,1,0,0.405405405405,0.540540540541,0.0540540540541,37,0.117117117117,2.18635635636,8.43243243243,7.09090909091,4.45714285714,5.03620525429,0.597242289772,0.326923076923,6.00062559301,1.42322530091,0.680526680527,3.83793300225,0.910278981302,0.463617463617,1.32204914232,0.604681454823,4.3462962963,2.18635635636,1.32204914232,4.3462962963,0,0,0,0,0.160896782956,37,37,37,1,0,0.405405405405,0.540540540541,0.0540540540541,37,183,0.137387387387,2.76188940801,9.89189189189,7.95652173913,5.22857142857,4.6534562053,0.470431365017,0.255058337026,5.98584416188,1.21025264475,0.619701668882,3.50353746587,0.708365498564,0.386058189337,1.83176680627,0.663229599619,5.08852697153,2.76188940801,1.83176680627,5.08852697153,0.104370467528,0.03125,20,0.002574002574,0.183016850106,37,37,37,1,0,0.378378378378,0.567567567568,0.0540540540541,-159,-0.119369369369,1.03660058989,-8.59459459459,-7.58893280632,-4.54285714286,-0.714253950092,0.18007277474,0.112415694383,-3.52264738049,0.181556191337,0.0752098086007,-4.54977588056,-0.16289939564,-0.0757720619671,1.19116723594,0.291929696901,3.08852697153,1.03660058989,1.19116723594,3.08852697153,-0.239700926719,-0.345319037657,-790,-0.101673101673,-0.386559978244,-0.027027027027,0.027027027027,0,173,10,169,980,0.505847953216,0.989898989899,0.010101010101,0.494152046784,0.945355191257,0.505847953216,0.659047619048,0.629078925109,0.495746943115,0.491477272727,27,186,0,0,0,0
1215,WLNM_dir_neg,0.418372066135,0.33489591724,00:00:04,10,30,35,1235778070,threshold_sweep,0.9,0.615384615385,0.0860215053763,0.150943396226,16,10,170,362,0.0860215053763,0.97311827957,0.0268817204301,0.913978494624,0.615384615385,0.0860215053763,0.150943396226,0.677419354839,0.651135005974,0.0753424657534,0.132271169317,0.0591397849462,342,156,186,0,342,0,156,0,186,37,342,0.256756756757,1.72528881811,18.4864864865,15.5454545455,9.77142857143,5.36771015539,0.290358590277,0.142642642643,9.50849154237,1.02869645341,0.544491860281,8.05331334643,0.871264894205,0.461830251304,0.640599570326,0.371299902718,2,1.72528881811,0.640599570326,2,0.344071394247,0.376569037657,810,0.104247104247,0.56957682835,37,37,37,1,0,0.405405405405,0.540540540541,0.0540540540541,37,0.117117117117,2.18635635636,8.43243243243,7.09090909091,4.45714285714,5.03620525429,0.597242289772,0.326923076923,6.00062559301,1.42322530091,0.680526680527,3.83793300225,0.910278981302,0.463617463617,1.32204914232,0.604681454823,4.3462962963,2.18635635636,1.32204914232,4.3462962963,0,0,0,0,0.160896782956,37,37,37,1,0,0.405405405405,0.540540540541,0.0540540540541,37,182,0.136636636637,2.75638112062,9.83783783784,7.91304347826,5.2,4.68160415001,0.475877344919,0.257499257499,5.95528886499,1.21069059343,0.620433620434,3.52277020396,0.716167568937,0.389664389664,1.82561970895,0.662324848801,5.08852697153,2.75638112062,1.82561970895,5.08852697153,0.0983917615497,0.0299055613851,19,0.0024453024453,0.182963609539,37,37,37,1,0,0.378378378378,0.567567567568,0.0540540540541,-160,-0.12012012012,1.03109230251,-8.64864864865,-7.63241106719,-4.57142857143,-0.68610600538,0.185518754642,0.114856614857,-3.55320267739,0.181994140017,0.0759417601523,-4.53054314247,-0.155097325268,-0.0721658616395,1.18502013863,0.291024946083,3.08852697153,1.03109230251,1.18502013863,3.08852697153,-0.245679632698,-0.346663476272,-791,-0.101801801802,-0.386613218811,-0.027027027027,0.027027027027,0,172,10,170,980,0.502923976608,0.989898989899,0.010101010101,0.497076023392,0.945054945055,0.502923976608,0.656488549618,0.626811527361,0.492822966507,0.488636363636,26,186,0,0,0,0
1216,WLNM_dir_neg,0.282207480634,0.278959337379,00:00:06,10,30,36,1235778071,threshold_sweep,0.1,0.421052631579,0.0860215053763,0.142857142857,16,22,170,350,0.0860215053763,0.940860215054,0.0591397849462,0.913978494624,0.421052631579,0.0860215053763,0.142857142857,0.655913978495,0.643966547192,0.0335570469799,0.0503027272866,0.0268817204301,342,156,186,0,342,0,156,0,186,37,342,0.256756756757,1.72528881811,18.4864864865,15.5454545455,9.77142857143,5.36771015539,0.290358590277,0.142642642643,9.50849154237,1.02869645341,0.544491860281,8.05331334643,0.871264894205,0.461830251304,0.640599570326,0.371299902718,2,1.72528881811,0.640599570326,2,0.344071394247,0.376569037657,810,0.104247104247,0.56957682835,37,37,37,1,0,0.405405405405,0.540540540541,0.0540540540541,37,0.117117117117,2.21261261261,8.43243243243,7.09090909091,4.45714285714,5.04722443274,0.598549051319,0.327616077616,6.00525295579,1.42432281644,0.680873180873,3.83793300225,0.910278981302,0.463617463617,1.39215458577,0.629190386892,5.2,2.21261261261,1.39215458577,5.2,0,0,0,0,0.161113233172,37,37,37,1,0,0.405405405405,0.540540540541,0.0540540540541,37,194,0.145645645646,8.95492758937,10.4864864865,6.25806451613,5.24324324324,4.77040425507,0.454909684117,0.248815826135,5.77064123822,1.10058621554,0.567288938423,3.54655862465,0.676405510887,0.367233212594,4.24366967097,0.473892125717,13.7660095466,8.95492758937,4.24366967097,13.7660095466,0.146353399759,0.0620272314675,41,0.00527670527671,0.143238992061,37,37,37,1,0,0.162162162162,0.837837837838,0,-148,-0.111111111111,7.22963877125,-8,-9.28739002933,-4.52818532819,-0.597305900327,0.16455109384,0.106173183493,-3.73785030415,0.0718897621229,0.0227970781416,-4.50675472178,-0.194859383318,-0.0945970387099,3.60307010064,0.102592222999,11.7660095466,7.22963877125,3.60307010064,11.7660095466,-0.197717994488,-0.314541806189,-769,-0.0989703989704,-0.426337836289,-0.243243243243,0.297297297297,-0.0540540540541,172,22,170,968,0.502923976608,0.977777777778,0.0222222222222,0.497076023392,0.886597938144,0.502923976608,0.641791044776,0.595297915027,0.480701754386,0.472527472527,38,186,0,0,0,0
1217,WLNM_dir_neg,0.282207480634,0.278959337379,00:00:06,10,30,36,1235778071,threshold_sweep,0.2,0.5,0.0698924731183,0.122641509434,13,13,173,359,0.0698924731183,0.965053763441,0.0349462365591,0.930107526882,0.5,0.0698924731183,0.122641509434,0.666666666667,0.651135005974,0.0445205479452,0.0781602364146,0.0349462365591,342,156,186,0,342,0,156,0,186,37,342,0.256756756757,1.72528881811,18.4864864865,15.5454545455,9.77142857143,5.36771015539,0.290358590277,0.142642642643,9.50849154237,1.02869645341,0.544491860281,8.05331334643,0.871264894205,0.461830251304,0.640599570326,0.371299902718,2,1.72528881811,0.640599570326,2,0.344071394247,0.376569037657,810,0.104247104247,0.56957682835,37,37,37,1,0,0.405405405405,0.540540540541,0.0540540540541,37,0.117117117117,2.21261261261,8.43243243243,7.09090909091,4.45714285714,5.04722443274,0.598549051319,0.327616077616,6.00525295579,1.42432281644,0.680873180873,3.83793300225,0.910278981302,0.463617463617,1.39215458577,0.629190386892,5.2,2.21261261261,1.39215458577,5.2,0,0,0,0,0.161113233172,37,37,37,1,0,0.405405405405,0.540540540541,0.0540540540541,37,182,0.136636636637,5.44878891018,9.83783783784,6.74074074074,4.91891891892,4.67566699647,0.475273843048,0.261508761509,5.88018508013,1.19542224156,0.609741609742,3.6770941001,0.747541108263,0.39798039798,3.27974910352,0.601922584557,9.08495853242,5.44878891018,3.27974910352,9.08495853242,0.133876523582,0.0519140010488,33,0.0042471042471,0.173851714129,37,37,37,1,0,0.27027027027,0.72972972973,0,-160,-0.12012012012,3.72350009207,-8.64864864865,-8.80471380471,-4.85250965251,-0.692043158925,0.18491525277,0.118866118866,-3.62830646225,0.16672578815,0.0652497494603,-4.37621924633,-0.123723785942,-0.0638498533235,2.6391495332,0.23062268184,7.08495853242,3.72350009207,2.6391495332,7.08495853242,-0.210194870665,-0.324655036608,-777,-0.1,-0.39572511422,-0.135135135135,0.189189189189,-0.0540540540541,169,13,173,977,0.494152046784,0.986868686869,0.0131313131313,0.505847953216,0.928571428571,0.494152046784,0.645038167939,0.611800506965,0.481020733652,0.476056338028,26,186,0,0,0,0
1218,WLNM_dir_neg,0.282207480634,0.278959337379,00:00:06,10,30,36,1235778071,threshold_sweep,0.3,0.578947368421,0.0591397849462,0.107317073171,11,8,175,364,0.0591397849462,0.978494623656,0.0215053763441,0.940860215054,0.578947368421,0.0591397849462,0.107317073171,0.672043010753,0.65531660693,0.0485268630849,0.0978231976089,0.0376344086022,342,156,186,0,342,0,156,0,186,37,342,0.256756756757,1.72528881811,18.4864864865,15.5454545455,9.77142857143,5.36771015539,0.290358590277,0.142642642643,9.50849154237,1.02869645341,0.544491860281,8.05331334643,0.871264894205,0.461830251304,0.640599570326,0.371299902718,2,1.72528881811,0.640599570326,2,0.344071394247,0.376569037657,810,0.104247104247,0.56957682835,37,37,37,1,0,0.405405405405,0.540540540541,0.0540540540541,37,0.117117117117,2.21261261261,8.43243243243,7.09090909091,4.45714285714,5.04722443274,0.598549051319,0.327616077616,6.00525295579,1.42432281644,0.680873180873,3.83793300225,0.910278981302,0.463617463617,1.39215458577,0.629190386892,5.2,2.21261261261,1.39215458577,5.2,0,0,0,0,0.161113233172,37,37,37,1,0,0.405405405405,0.540540540541,0.0540540540541,37,175,0.131381381381,2.37843841386,9.45945945946,7.95454545455,4.72972972973,4.48822282693,0.474469270275,0.258841698842,5.95654937699,1.25938472542,0.638764478764,3.5327723505,0.746929011249,0.39722007722,1.5051994139,0.632851960821,4.57942793587,2.37843841386,1.5051994139,4.57942793587,0.0933492315845,0.0169587337479,10,0.001287001287,0.180361767862,37,37,37,1,0,0.405405405405,0.594594594595,0,-167,-0.125375375375,0.653149595746,-9.02702702703,-7.59090909091,-5.0416988417,-0.879487328467,0.184110679998,0.116199056199,-3.55194216539,0.230688272005,0.0942726184831,-4.52054099593,-0.124335882956,-0.0646101740839,0.864599843578,0.261552058103,2.57942793587,0.653149595746,0.864599843578,2.57942793587,-0.250722162663,-0.359610303909,-800,-0.10296010296,-0.389215060488,0,0.0540540540541,-0.0540540540541,167,8,175,982,0.488304093567,0.991919191919,0.00808080808081,0.511695906433,0.954285714286,0.488304093567,0.646034816248,0.620995082594,0.480223285486,0.477142857143,19,186,0,0,0,0
1219,WLNM_dir_neg,0.282207480634,0.278959337379,00:00:06,10,30,36,1235778071,threshold_sweep,0.4,0.75,0.0483870967742,0.0909090909091,9,3,177,369,0.0483870967742,0.991935483871,0.00806451612903,0.951612903226,0.75,0.0483870967742,0.0909090909091,0.677419354839,0.659498207885,0.0526315789474,0.13103560459,0.0403225806452,342,156,186,0,342,0,156,0,186,37,342,0.256756756757,1.72528881811,18.4864864865,15.5454545455,9.77142857143,5.36771015539,0.290358590277,0.142642642643,9.50849154237,1.02869645341,0.544491860281,8.05331334643,0.871264894205,0.461830251304,0.640599570326,0.371299902718,2,1.72528881811,0.640599570326,2,0.344071394247,0.376569037657,810,0.104247104247,0.56957682835,37,37,37,1,0,0.405405405405,0.540540540541,0.0540540540541,37,0.117117117117,2.21261261261,8.43243243243,7.09090909091,4.45714285714,5.04722443274,0.598549051319,0.327616077616,6.00525295579,1.42432281644,0.680873180873,3.83793300225,0.910278981302,0.463617463617,1.39215458577,0.629190386892,5.2,2.21261261261,1.39215458577,5.2,0,0,0,0,0.161113233172,37,37,37,1,0,0.405405405405,0.540540540541,0.0540540540541,37,168,0.126126126126,2.3220296648,9.08108108108,7.63636363636,4.8,4.5848687027,0.504881375,0.275418275418,5.92356215369,1.30459404575,0.64897039897,3.66359412625,0.806862992092,0.427284427284,1.42551717493,0.613909975631,4.01035097598,2.3220296648,1.42551717493,4.01035097598,0.0876599288364,0.0140927774516,8,0.0010296010296,0.176957500172,37,37,37,1,0,0.405405405405,0.540540540541,0.0540540540541,-174,-0.130630630631,0.596740846685,-9.40540540541,-7.90909090909,-4.97142857143,-0.782841452691,0.214522784723,0.132775632776,-3.58492938869,0.275897592338,0.104478538689,-4.38971922018,-0.0644019021132,-0.0345458240195,0.784917604605,0.242610072913,2.01035097598,0.596740846685,0.784917604605,2.01035097598,-0.256411465411,-0.362476260205,-802,-0.103217503218,-0.392619328178,0,0,0,165,3,177,987,0.482456140351,0.99696969697,0.0030303030303,0.517543859649,0.982142857143,0.482456140351,0.647058823529,0.630842515351,0.479425837321,0.478260869565,12,186,0,0,0,0
1220,WLNM_dir_neg,0.282207480634,0.278959337379,00:00:06,10,30,36,1235778071,threshold_sweep,0.5,0.8,0.0430107526882,0.0816326530612,8,2,178,370,0.0430107526882,0.994623655914,0.00537634408602,0.956989247312,0.8,0.0430107526882,0.0816326530612,0.677419354839,0.660692951016,0.0492957746479,0.133728125983,0.0376344086022,342,156,186,0,342,0,156,0,186,37,342,0.256756756757,1.72528881811,18.4864864865,15.5454545455,9.77142857143,5.36771015539,0.290358590277,0.142642642643,9.50849154237,1.02869645341,0.544491860281,8.05331334643,0.871264894205,0.461830251304,0.640599570326,0.371299902718,2,1.72528881811,0.640599570326,2,0.344071394247,0.376569037657,810,0.104247104247,0.56957682835,37,37,37,1,0,0.405405405405,0.540540540541,0.0540540540541,37,0.117117117117,2.21261261261,8.43243243243,7.09090909091,4.45714285714,5.04722443274,0.598549051319,0.327616077616,6.00525295579,1.42432281644,0.680873180873,3.83793300225,0.910278981302,0.463617463617,1.39215458577,0.629190386892,5.2,2.21261261261,1.39215458577,5.2,0,0,0,0,0.161113233172,37,37,37,1,0,0.405405405405,0.540540540541,0.0540540540541,37,166,0.124624624625,2.3254079568,8.97297297297,7.54545454545,4.74285714286,4.6397227317,0.517077533352,0.281341582546,5.93306002002,1.32242904061,0.652556170628,3.67137290111,0.818318056271,0.430478671443,1.42706092819,0.61368196665,4.08076716257,2.3254079568,1.42706092819,4.08076716257,0.0850379791556,0.0124040165387,7,0.000900900900901,0.172192563894,37,37,37,1,0,0.405405405405,0.540540540541,0.0540540540541,-176,-0.132132132132,0.600119138686,-9.51351351351,-8,-5.02857142857,-0.727987423696,0.226718943075,0.138698939904,-3.57543152235,0.293732587193,0.108064310347,-4.38194044533,-0.0529468379342,-0.0313515798614,0.786461357867,0.242382063932,2.08076716257,0.600119138686,0.786461357867,2.08076716257,-0.259033415092,-0.364165021118,-803,-0.103346203346,-0.397384264456,0,0,0,164,2,178,988,0.479532163743,0.99797979798,0.0020202020202,0.520467836257,0.987951807229,0.479532163743,0.645669291339,0.631555594027,0.477511961722,0.476744186047,10,186,0,0,0,0
1221,WLNM_dir_neg,0.282207480634,0.278959337379,00:00:06,10,30,36,1235778071,threshold_sweep,0.6,0.8,0.0430107526882,0.0816326530612,8,2,178,370,0.0430107526882,0.994623655914,0.00537634408602,0.956989247312,0.8,0.0430107526882,0.0816326530612,0.677419354839,0.660692951016,0.0492957746479,0.133728125983,0.0376344086022,342,156,186,0,342,0,156,0,186,37,342,0.256756756757,1.72528881811,18.4864864865,15.5454545455,9.77142857143,5.36771015539,0.290358590277,0.142642642643,9.50849154237,1.02869645341,0.544491860281,8.05331334643,0.871264894205,0.461830251304,0.640599570326,0.371299902718,2,1.72528881811,0.640599570326,2,0.344071394247,0.376569037657,810,0.104247104247,0.56957682835,37,37,37,1,0,0.405405405405,0.540540540541,0.0540540540541,37,0.117117117117,2.21261261261,8.43243243243,7.09090909091,4.45714285714,5.04722443274,0.598549051319,0.327616077616,6.00525295579,1.42432281644,0.680873180873,3.83793300225,0.910278981302,0.463617463617,1.39215458577,0.629190386892,5.2,2.21261261261,1.39215458577,5.2,0,0,0,0,0.161113233172,37,37,37,1,0,0.405405405405,0.540540540541,0.0540540540541,37,166,0.124624624625,2.3254079568,8.97297297297,7.54545454545,4.74285714286,4.6397227317,0.517077533352,0.281341582546,5.93306002002,1.32242904061,0.652556170628,3.67137290111,0.818318056271,0.430478671443,1.42706092819,0.61368196665,4.08076716257,2.3254079568,1.42706092819,4.08076716257,0.0850379791556,0.0124040165387,7,0.000900900900901,0.172192563894,37,37,37,1,0,0.405405405405,0.540540540541,0.0540540540541,-176,-0.132132132132,0.600119138686,-9.51351351351,-8,-5.02857142857,-0.727987423696,0.226718943075,0.138698939904,-3.57543152235,0.293732587193,0.108064310347,-4.38194044533,-0.0529468379342,-0.0313515798614,0.786461357867,0.242382063932,2.08076716257,0.600119138686,0.786461357867,2.08076716257,-0.259033415092,-0.364165021118,-803,-0.103346203346,-0.397384264456,0,0,0,164,2,178,988,0.479532163743,0.99797979798,0.0020202020202,0.520467836257,0.987951807229,0.479532163743,0.645669291339,0.631555594027,0.477511961722,0.476744186047,10,186,0,0,0,0
1222,WLNM_dir_neg,0.282207480634,0.278959337379,00:00:06,10,30,36,1235778071,threshold_sweep,0.7,0.75,0.0322580645161,0.0618556701031,6,2,180,370,0.0322580645161,0.994623655914,0.00537634408602,0.967741935484,0.75,0.0322580645161,0.0618556701031,0.673835125448,0.661887694146,0.0353356890459,0.106600358178,0.0268817204301,342,156,186,0,342,0,156,0,186,37,342,0.256756756757,1.72528881811,18.4864864865,15.5454545455,9.77142857143,5.36771015539,0.290358590277,0.142642642643,9.50849154237,1.02869645341,0.544491860281,8.05331334643,0.871264894205,0.461830251304,0.640599570326,0.371299902718,2,1.72528881811,0.640599570326,2,0.344071394247,0.376569037657,810,0.104247104247,0.56957682835,37,37,37,1,0,0.405405405405,0.540540540541,0.0540540540541,37,0.117117117117,2.21261261261,8.43243243243,7.09090909091,4.45714285714,5.04722443274,0.598549051319,0.327616077616,6.00525295579,1.42432281644,0.680873180873,3.83793300225,0.910278981302,0.463617463617,1.39215458577,0.629190386892,5.2,2.21261261261,1.39215458577,5.2,0,0,0,0,0.161113233172,37,37,37,1,0,0.405405405405,0.540540540541,0.0540540540541,37,164,0.123123123123,2.34460258789,8.86486486486,7.45454545455,4.68571428571,4.77355075251,0.538479810497,0.293836519446,5.9560452042,1.34374190583,0.659525379038,3.7158858712,0.838340105089,0.440013183916,1.4611054679,0.623178305548,4.26438429826,2.34460258789,1.4611054679,4.26438429826,0.0790319731496,0.00891265597148,5,0.000643500643501,0.173274814976,37,37,37,1,0,0.405405405405,0.540540540541,0.0540540540541,-178,-0.133633633634,0.619313769775,-9.62162162162,-8.09090909091,-5.08571428571,-0.594159402884,0.248121220219,0.151193876804,-3.55244633817,0.315045452411,0.115033518756,-4.33742747523,-0.0329247891163,-0.0218170673883,0.820505897579,0.25187840283,2.26438429826,0.619313769775,0.820505897579,2.26438429826,-0.265039421098,-0.367656381685,-805,-0.103603603604,-0.396302013373,0,0,0,162,2,180,988,0.473684210526,0.99797979798,0.0020202020202,0.526315789474,0.987804878049,0.473684210526,0.640316205534,0.627075802345,0.471664008506,0.470930232558,8,186,0,0,0,0
1223,WLNM_dir_neg,0.282207480634,0.278959337379,00:00:06,10,30,36,1235778071,threshold_sweep,0.8,0.75,0.0322580645161,0.0618556701031,6,2,180,370,0.0322580645161,0.994623655914,0.00537634408602,0.967741935484,0.75,0.0322580645161,0.0618556701031,0.673835125448,0.661887694146,0.0353356890459,0.106600358178,0.0268817204301,342,156,186,0,342,0,156,0,186,37,342,0.256756756757,1.72528881811,18.4864864865,15.5454545455,9.77142857143,5.36771015539,0.290358590277,0.142642642643,9.50849154237,1.02869645341,0.544491860281,8.05331334643,0.871264894205,0.461830251304,0.640599570326,0.371299902718,2,1.72528881811,0.640599570326,2,0.344071394247,0.376569037657,810,0.104247104247,0.56957682835,37,37,37,1,0,0.405405405405,0.540540540541,0.0540540540541,37,0.117117117117,2.21261261261,8.43243243243,7.09090909091,4.45714285714,5.04722443274,0.598549051319,0.327616077616,6.00525295579,1.42432281644,0.680873180873,3.83793300225,0.910278981302,0.463617463617,1.39215458577,0.629190386892,5.2,2.21261261261,1.39215458577,5.2,0,0,0,0,0.161113233172,37,37,37,1,0,0.405405405405,0.540540540541,0.0540540540541,37,164,0.123123123123,2.34460258789,8.86486486486,7.45454545455,4.68571428571,4.77355075251,0.538479810497,0.293836519446,5.9560452042,1.34374190583,0.659525379038,3.7158858712,0.838340105089,0.440013183916,1.4611054679,0.623178305548,4.26438429826,2.34460258789,1.4611054679,4.26438429826,0.0790319731496,0.00891265597148,5,0.000643500643501,0.173274814976,37,37,37,1,0,0.405405405405,0.540540540541,0.0540540540541,-178,-0.133633633634,0.619313769775,-9.62162162162,-8.09090909091,-5.08571428571,-0.594159402884,0.248121220219,0.151193876804,-3.55244633817,0.315045452411,0.115033518756,-4.33742747523,-0.0329247891163,-0.0218170673883,0.820505897579,0.25187840283,2.26438429826,0.619313769775,0.820505897579,2.26438429826,-0.265039421098,-0.367656381685,-805,-0.103603603604,-0.396302013373,0,0,0,162,2,180,988,0.473684210526,0.99797979798,0.0020202020202,0.526315789474,0.987804878049,0.473684210526,0.640316205534,0.627075802345,0.471664008506,0.470930232558,8,186,0,0,0,0
1224,WLNM_dir_neg,0.282207480634,0.278959337379,00:00:06,10,30,36,1235778071,threshold_sweep,0.9,0.75,0.0322580645161,0.0618556701031,6,2,180,370,0.0322580645161,0.994623655914,0.00537634408602,0.967741935484,0.75,0.0322580645161,0.0618556701031,0.673835125448,0.661887694146,0.0353356890459,0.106600358178,0.0268817204301,342,156,186,0,342,0,156,0,186,37,342,0.256756756757,1.72528881811,18.4864864865,15.5454545455,9.77142857143,5.36771015539,0.290358590277,0.142642642643,9.50849154237,1.02869645341,0.544491860281,8.05331334643,0.871264894205,0.461830251304,0.640599570326,0.371299902718,2,1.72528881811,0.640599570326,2,0.344071394247,0.376569037657,810,0.104247104247,0.56957682835,37,37,37,1,0,0.405405405405,0.540540540541,0.0540540540541,37,0.117117117117,2.21261261261,8.43243243243,7.09090909091,4.45714285714,5.04722443274,0.598549051319,0.327616077616,6.00525295579,1.42432281644,0.680873180873,3.83793300225,0.910278981302,0.463617463617,1.39215458577,0.629190386892,5.2,2.21261261261,1.39215458577,5.2,0,0,0,0,0.161113233172,37,37,37,1,0,0.405405405405,0.540540540541,0.0540540540541,37,164,0.123123123123,2.34460258789,8.86486486486,7.45454545455,4.68571428571,4.77355075251,0.538479810497,0.293836519446,5.9560452042,1.34374190583,0.659525379038,3.7158858712,0.838340105089,0.440013183916,1.4611054679,0.623178305548,4.26438429826,2.34460258789,1.4611054679,4.26438429826,0.0790319731496,0.00891265597148,5,0.000643500643501,0.173274814976,37,37,37,1,0,0.405405405405,0.540540540541,0.0540540540541,-178,-0.133633633634,0.619313769775,-9.62162162162,-8.09090909091,-5.08571428571,-0.594159402884,0.248121220219,0.151193876804,-3.55244633817,0.315045452411,0.115033518756,-4.33742747523,-0.0329247891163,-0.0218170673883,0.820505897579,0.25187840283,2.26438429826,0.619313769775,0.820505897579,2.26438429826,-0.265039421098,-0.367656381685,-805,-0.103603603604,-0.396302013373,0,0,0,162,2,180,988,0.473684210526,0.99797979798,0.0020202020202,0.526315789474,0.987804878049,0.473684210526,0.640316205534,0.627075802345,0.471664008506,0.470930232558,8,186,0,0,0,0
1225,WLNM_dir_neg,0.385637067869,0.308884987127,00:00:04,10,30,37,1235778072,threshold_sweep,0.1,0.529411764706,0.0967741935484,0.163636363636,18,16,168,356,0.0967741935484,0.956989247312,0.0430107526882,0.903225806452,0.529411764706,0.0967741935484,0.163636363636,0.670250896057,0.646356033453,0.0675675675676,0.10595217974,0.0537634408602,342,156,186,0,342,0,156,0,186,37,342,0.256756756757,1.72528881811,18.4864864865,15.5454545455,9.77142857143,5.36771015539,0.290358590277,0.142642642643,9.50849154237,1.02869645341,0.544491860281,8.05331334643,0.871264894205,0.461830251304,0.640599570326,0.371299902718,2,1.72528881811,0.640599570326,2,0.344071394247,0.376569037657,810,0.104247104247,0.56957682835,37,37,37,1,0,0.405405405405,0.540540540541,0.0540540540541,37,0.117117117117,2.21261261261,8.43243243243,7.09090909091,4.45714285714,5.04722443274,0.598549051319,0.327616077616,6.00525295579,1.42432281644,0.680873180873,3.83793300225,0.910278981302,0.463617463617,1.39215458577,0.629190386892,5.2,2.21261261261,1.39215458577,5.2,0,0,0,0,0.161113233172,37,37,37,1,0,0.405405405405,0.540540540541,0.0540540540541,37,190,0.142642642643,7.09514718526,10.2702702703,6.55172413793,5.27777777778,4.80537111903,0.467891398432,0.254196301565,5.77428284225,1.12446560612,0.583214793741,3.74286107263,0.728872945723,0.392603129445,3.63615381998,0.512484621536,9.85000978613,7.09514718526,3.63615381998,9.85000978613,0.157462615203,0.0738916256158,50,0.00643500643501,0.179832456453,37,37,37,1,0,0.216216216216,0.756756756757,0.027027027027,-152,-0.114114114114,5.36985836714,-8.21621621622,-8.99373040752,-4.49365079365,-0.562339036365,0.177532808155,0.111553658922,-3.73420870012,0.0957691527082,0.0387229334598,-4.3104522738,-0.142391948482,-0.0692271218587,2.99555424965,0.141184718818,7.85000978613,5.36985836714,2.99555424965,7.85000978613,-0.186608779045,-0.302677412041,-760,-0.0978120978121,-0.389744371897,-0.189189189189,0.216216216216,-0.027027027027,174,16,168,974,0.508771929825,0.983838383838,0.0161616161616,0.491228070175,0.915789473684,0.508771929825,0.654135338346,0.615352965965,0.492610313663,0.486033519553,34,186,0,0,0,0
1226,WLNM_dir_neg,0.385637067869,0.308884987127,00:00:04,10,30,37,1235778072,threshold_sweep,0.2,0.653846153846,0.0913978494624,0.160377358491,17,9,169,363,0.0913978494624,0.975806451613,0.0241935483871,0.908602150538,0.653846153846,0.0913978494624,0.160377358491,0.681003584229,0.651135005974,0.0856164383562,0.150308146951,0.0672043010753,342,156,186,0,342,0,156,0,186,37,342,0.256756756757,1.72528881811,18.4864864865,15.5454545455,9.77142857143,5.36771015539,0.290358590277,0.142642642643,9.50849154237,1.02869645341,0.544491860281,8.05331334643,0.871264894205,0.461830251304,0.640599570326,0.371299902718,2,1.72528881811,0.640599570326,2,0.344071394247,0.376569037657,810,0.104247104247,0.56957682835,37,37,37,1,0,0.405405405405,0.540540540541,0.0540540540541,37,0.117117117117,2.21261261261,8.43243243243,7.09090909091,4.45714285714,5.04722443274,0.598549051319,0.327616077616,6.00525295579,1.42432281644,0.680873180873,3.83793300225,0.910278981302,0.463617463617,1.39215458577,0.629190386892,5.2,2.21261261261,1.39215458577,5.2,0,0,0,0,0.161113233172,37,37,37,1,0,0.405405405405,0.540540540541,0.0540540540541,37,182,0.136636636637,3.18415277075,9.83783783784,7.91304347826,5.05555555556,4.46289339077,0.453645756755,0.245916245916,5.92254814895,1.2040345138,0.621324621325,3.51487615064,0.714562733922,0.385209385209,2.33358307363,0.732874092933,6.04621980083,3.18415277075,2.33358307363,6.04621980083,0.135175167528,0.0423223005969,26,0.0033462033462,0.180303031916,37,37,37,1,0,0.378378378378,0.594594594595,0.027027027027,-160,-0.12012012012,1.45886395264,-8.64864864865,-7.63241106719,-4.71587301587,-0.904816764619,0.163287166477,0.103273603274,-3.58594339343,0.175338060382,0.0768327610433,-4.53843719579,-0.156702160283,-0.0766208660946,1.6929835033,0.361574190215,4.04621980083,1.45886395264,1.6929835033,4.04621980083,-0.208896226719,-0.33424673706,-784,-0.100900900901,-0.389273796434,-0.027027027027,0.0540540540541,-0.027027027027,173,9,169,981,0.505847953216,0.990909090909,0.00909090909091,0.494152046784,0.950549450549,0.505847953216,0.660305343511,0.631815200827,0.496757044125,0.492877492877,26,186,0,0,0,0
1227,WLNM_dir_neg,0.385637067869,0.308884987127,00:00:04,10,30,37,1235778072,threshold_sweep,0.3,0.681818181818,0.0806451612903,0.144230769231,15,7,171,365,0.0806451612903,0.981182795699,0.0188172043011,0.91935483871,0.681818181818,0.0806451612903,0.144230769231,0.681003584229,0.653524492234,0.0793103448276,0.149768025058,0.0618279569892,342,156,186,0,342,0,156,0,186,37,342,0.256756756757,1.72528881811,18.4864864865,15.5454545455,9.77142857143,5.36771015539,0.290358590277,0.142642642643,9.50849154237,1.02869645341,0.544491860281,8.05331334643,0.871264894205,0.461830251304,0.640599570326,0.371299902718,2,1.72528881811,0.640599570326,2,0.344071394247,0.376569037657,810,0.104247104247,0.56957682835,37,37,37,1,0,0.405405405405,0.540540540541,0.0540540540541,37,0.117117117117,2.21261261261,8.43243243243,7.09090909091,4.45714285714,5.04722443274,0.598549051319,0.327616077616,6.00525295579,1.42432281644,0.680873180873,3.83793300225,0.910278981302,0.463617463617,1.39215458577,0.629190386892,5.2,2.21261261261,1.39215458577,5.2,0,0,0,0,0.161113233172,37,37,37,1,0,0.405405405405,0.540540540541,0.0540540540541,37,178,0.133633633634,2.40718087309,9.62162162162,8.09090909091,4.94444444444,4.4054975211,0.457874742361,0.246431825084,5.92470270158,1.23153932561,0.629820832068,3.52639127657,0.733013917039,0.392651078044,1.51848600746,0.630815085163,4.20437696785,2.40718087309,1.51848600746,4.20437696785,0.1209230621,0.0366259711432,22,0.0028314028314,0.183898678847,37,37,37,1,0,0.405405405405,0.567567567568,0.027027027027,-164,-0.123123123123,0.681892054975,-8.86486486486,-7.45454545455,-4.82698412698,-0.962212634294,0.167516152084,0.103789182441,-3.5837888408,0.202842872194,0.0853289717867,-4.52692206987,-0.138250977166,-0.0691791732596,0.877886437136,0.259515182446,2.20437696785,0.681892054975,0.877886437136,2.20437696785,-0.223148332148,-0.339943066514,-788,-0.101415701416,-0.385678149503,0,0.027027027027,-0.027027027027,171,7,171,983,0.5,0.992929292929,0.00707070707071,0.5,0.960674157303,0.5,0.657692307692,0.63285231363,0.492929292929,0.489971346705,22,186,0,0,0,0
1228,WLNM_dir_neg,0.385637067869,0.308884987127,00:00:04,10,30,37,1235778072,threshold_sweep,0.4,0.666666666667,0.0752688172043,0.135265700483,14,7,172,365,0.0752688172043,0.981182795699,0.0188172043011,0.924731182796,0.666666666667,0.0752688172043,0.135265700483,0.679211469534,0.654121863799,0.0725388601036,0.139832301796,0.0564516129032,342,156,186,0,342,0,156,0,186,37,342,0.256756756757,1.72528881811,18.4864864865,15.5454545455,9.77142857143,5.36771015539,0.290358590277,0.142642642643,9.50849154237,1.02869645341,0.544491860281,8.05331334643,0.871264894205,0.461830251304,0.640599570326,0.371299902718,2,1.72528881811,0.640599570326,2,0.344071394247,0.376569037657,810,0.104247104247,0.56957682835,37,37,37,1,0,0.405405405405,0.540540540541,0.0540540540541,37,0.117117117117,2.21261261261,8.43243243243,7.09090909091,4.45714285714,5.04722443274,0.598549051319,0.327616077616,6.00525295579,1.42432281644,0.680873180873,3.83793300225,0.910278981302,0.463617463617,1.39215458577,0.629190386892,5.2,2.21261261261,1.39215458577,5.2,0,0,0,0,0.161113233172,37,37,37,1,0,0.405405405405,0.540540540541,0.0540540540541,37,177,0.132882882883,2.40777141321,9.56756756757,8.04545454545,4.91666666667,4.43183270681,0.463214152972,0.248282180486,5.92609640646,1.23878851434,0.631241410902,3.52085165782,0.735997239206,0.393647885173,1.51937586315,0.631029945292,4.20437696785,2.40777141321,1.51937586315,4.20437696785,0.119895411072,0.0335382895472,20,0.002574002574,0.181515852438,37,37,37,1,0,0.405405405405,0.567567567568,0.027027027027,-165,-0.123873873874,0.682482595097,-8.91891891892,-7.5,-4.85476190476,-0.935877448584,0.172855562694,0.105639537843,-3.58239513592,0.210092060929,0.0867495506211,-4.53246168861,-0.135267654999,-0.0681823661306,0.878776292829,0.259730042574,2.20437696785,0.682482595097,0.878776292829,2.20437696785,-0.224175983176,-0.34303074811,-790,-0.101673101673,-0.388060975912,0,0.027027027027,-0.027027027027,170,7,172,983,0.497076023392,0.992929292929,0.00707070707071,0.502923976608,0.960451977401,0.497076023392,0.655105973025,0.630599783011,0.490005316321,0.487106017192,21,186,0,0,0,0
1229,WLNM_dir_neg,0.385637067869,0.308884987127,00:00:04,10,30,37,1235778072,threshold_sweep,0.5,0.666666666667,0.0752688172043,0.135265700483,14,7,172,365,0.0752688172043,0.981182795699,0.0188172043011,0.924731182796,0.666666666667,0.0752688172043,0.135265700483,0.679211469534,0.654121863799,0.0725388601036,0.139832301796,0.0564516129032,342,156,186,0,342,0,156,0,186,37,342,0.256756756757,1.72528881811,18.4864864865,15.5454545455,9.77142857143,5.36771015539,0.290358590277,0.142642642643,9.50849154237,1.02869645341,0.544491860281,8.05331334643,0.871264894205,0.461830251304,0.640599570326,0.371299902718,2,1.72528881811,0.640599570326,2,0.344071394247,0.376569037657,810,0.104247104247,0.56957682835,37,37,37,1,0,0.405405405405,0.540540540541,0.0540540540541,37,0.117117117117,2.21261261261,8.43243243243,7.09090909091,4.45714285714,5.04722443274,0.598549051319,0.327616077616,6.00525295579,1.42432281644,0.680873180873,3.83793300225,0.910278981302,0.463617463617,1.39215458577,0.629190386892,5.2,2.21261261261,1.39215458577,5.2,0,0,0,0,0.161113233172,37,37,37,1,0,0.405405405405,0.540540540541,0.0540540540541,37,177,0.132882882883,2.40777141321,9.56756756757,8.04545454545,4.91666666667,4.43183270681,0.463214152972,0.248282180486,5.92609640646,1.23878851434,0.631241410902,3.52085165782,0.735997239206,0.393647885173,1.51937586315,0.631029945292,4.20437696785,2.40777141321,1.51937586315,4.20437696785,0.119895411072,0.0335382895472,20,0.002574002574,0.181515852438,37,37,37,1,0,0.405405405405,0.567567567568,0.027027027027,-165,-0.123873873874,0.682482595097,-8.91891891892,-7.5,-4.85476190476,-0.935877448584,0.172855562694,0.105639537843,-3.58239513592,0.210092060929,0.0867495506211,-4.53246168861,-0.135267654999,-0.0681823661306,0.878776292829,0.259730042574,2.20437696785,0.682482595097,0.878776292829,2.20437696785,-0.224175983176,-0.34303074811,-790,-0.101673101673,-0.388060975912,0,0.027027027027,-0.027027027027,170,7,172,983,0.497076023392,0.992929292929,0.00707070707071,0.502923976608,0.960451977401,0.497076023392,0.655105973025,0.630599783011,0.490005316321,0.487106017192,21,186,0,0,0,0
1230,WLNM_dir_neg,0.385637067869,0.308884987127,00:00:04,10,30,37,1235778072,threshold_sweep,0.6,0.647058823529,0.0591397849462,0.108374384236,11,6,175,366,0.0591397849462,0.983870967742,0.0161290322581,0.940860215054,0.647058823529,0.0591397849462,0.108374384236,0.675627240143,0.65651135006,0.055652173913,0.117972801188,0.0430107526882,342,156,186,0,342,0,156,0,186,37,342,0.256756756757,1.72528881811,18.4864864865,15.5454545455,9.77142857143,5.36771015539,0.290358590277,0.142642642643,9.50849154237,1.02869645341,0.544491860281,8.05331334643,0.871264894205,0.461830251304,0.640599570326,0.371299902718,2,1.72528881811,0.640599570326,2,0.344071394247,0.376569037657,810,0.104247104247,0.56957682835,37,37,37,1,0,0.405405405405,0.540540540541,0.0540540540541,37,0.117117117117,2.21261261261,8.43243243243,7.09090909091,4.45714285714,5.04722443274,0.598549051319,0.327616077616,6.00525295579,1.42432281644,0.680873180873,3.83793300225,0.910278981302,0.463617463617,1.39215458577,0.629190386892,5.2,2.21261261261,1.39215458577,5.2,0,0,0,0,0.161113233172,37,37,37,1,0,0.405405405405,0.540540540541,0.0540540540541,37,173,0.12987987988,2.33210482239,9.35135135135,7.86363636364,4.80555555556,4.5778222395,0.489535904224,0.264489923449,5.95377589832,1.27335091467,0.64146227152,3.57502178746,0.764600035467,0.407123886893,1.41651856046,0.607399181572,3.81937404637,2.33210482239,1.41651856046,3.81937404637,0.101795492972,0.0287162162162,17,0.0021879021879,0.177504587694,37,37,37,1,0,0.405405405405,0.567567567568,0.027027027027,-169,-0.126876876877,0.606816004275,-9.13513513514,-7.68181818182,-4.96587301587,-0.789887915894,0.199177313947,0.121847280807,-3.55471564405,0.244654461255,0.0969704112387,-4.47829155898,-0.106664858738,-0.0547063644113,0.775918990132,0.236099278854,1.81937404637,0.606816004275,0.775918990132,1.81937404637,-0.242275901275,-0.347852821441,-793,-0.102059202059,-0.392072240656,0,0.027027027027,-0.027027027027,167,6,175,984,0.488304093567,0.993939393939,0.00606060606061,0.511695906433,0.965317919075,0.488304093567,0.64854368932,0.62666040086,0.482243487507,0.479885057471,17,186,0,0,0,0
1231,WLNM_dir_neg,0.385637067869,0.308884987127,00:00:04,10,30,37,1235778072,threshold_sweep,0.7,0.6,0.0483870967742,0.089552238806,9,6,177,366,0.0483870967742,0.983870967742,0.0161290322581,0.951612903226,0.6,0.0483870967742,0.089552238806,0.672043010753,0.65770609319,0.0418848167539,0.0940200989445,0.0322580645161,342,156,186,0,342,0,156,0,186,37,342,0.256756756757,1.72528881811,18.4864864865,15.5454545455,9.77142857143,5.36771015539,0.290358590277,0.142642642643,9.50849154237,1.02869645341,0.544491860281,8.05331334643,0.871264894205,0.461830251304,0.640599570326,0.371299902718,2,1.72528881811,0.640599570326,2,0.344071394247,0.376569037657,810,0.104247104247,0.56957682835,37,37,37,1,0,0.405405405405,0.540540540541,0.0540540540541,37,0.117117117117,2.21261261261,8.43243243243,7.09090909091,4.45714285714,5.04722443274,0.598549051319,0.327616077616,6.00525295579,1.42432281644,0.680873180873,3.83793300225,0.910278981302,0.463617463617,1.39215458577,0.629190386892,5.2,2.21261261261,1.39215458577,5.2,0,0,0,0,0.161113233172,37,37,37,1,0,0.405405405405,0.540540540541,0.0540540540541,37,171,0.128378378378,2.33125740217,9.24324324324,7.77272727273,4.75,4.53630665609,0.490770018349,0.264106211475,5.93179451652,1.2834877024,0.64390706496,3.60825713046,0.780733998989,0.414414414414,1.415277829,0.607087757739,3.81914493417,2.33125740217,1.415277829,3.81914493417,0.0917859035506,0.0207134637514,12,0.0015444015444,0.176068457686,37,37,37,1,0,0.405405405405,0.567567567568,0.027027027027,-171,-0.128378378378,0.605968584056,-9.24324324324,-7.77272727273,-5.02142857143,-0.831403499304,0.200411428072,0.121463568832,-3.57669702586,0.25479124899,0.0994152046784,-4.44505621597,-0.0905308952163,-0.0474158368895,0.77467825867,0.235787855021,1.81914493417,0.605968584056,0.77467825867,1.81914493417,-0.252285490697,-0.355855573905,-798,-0.102702702703,-0.393508370664,0,0.027027027027,-0.027027027027,165,6,177,984,0.482456140351,0.993939393939,0.00606060606061,0.517543859649,0.964912280702,0.482456140351,0.643274853801,0.62213433032,0.47639553429,0.474137931034,15,186,0,0,0,0
1232,WLNM_dir_neg,0.385637067869,0.308884987127,00:00:04,10,30,37,1235778072,threshold_sweep,0.8,0.615384615385,0.0430107526882,0.0804020100503,8,5,178,367,0.0430107526882,0.986559139785,0.0134408602151,0.956989247312,0.615384615385,0.0430107526882,0.0804020100503,0.672043010753,0.65890083632,0.0385288966725,0.0924076147012,0.0295698924731,342,156,186,0,342,0,156,0,186,37,342,0.256756756757,1.72528881811,18.4864864865,15.5454545455,9.77142857143,5.36771015539,0.290358590277,0.142642642643,9.50849154237,1.02869645341,0.544491860281,8.05331334643,0.871264894205,0.461830251304,0.640599570326,0.371299902718,2,1.72528881811,0.640599570326,2,0.344071394247,0.376569037657,810,0.104247104247,0.56957682835,37,37,37,1,0,0.405405405405,0.540540540541,0.0540540540541,37,0.117117117117,2.21261261261,8.43243243243,7.09090909091,4.45714285714,5.04722443274,0.598549051319,0.327616077616,6.00525295579,1.42432281644,0.680873180873,3.83793300225,0.910278981302,0.463617463617,1.39215458577,0.629190386892,5.2,2.21261261261,1.39215458577,5.2,0,0,0,0,0.161113233172,37,37,37,1,0,0.405405405405,0.540540540541,0.0540540540541,37,169,0.126876876877,2.35537454054,9.13513513514,7.68181818182,4.69444444444,4.61977730441,0.505715267051,0.271869502639,5.93268039732,1.29887085622,0.648968495122,3.64036430213,0.797002835378,0.421237805853,1.46148658694,0.620490101164,4.46388083981,2.35537454054,1.46148658694,4.46388083981,0.0845143462791,0.0157159487776,9,0.0011583011583,0.174751172278,37,37,37,1,0,0.405405405405,0.567567567568,0.027027027027,-173,-0.12987987988,0.630085722421,-9.35135135135,-7.86363636364,-5.07698412698,-0.747932850983,0.215356676774,0.129226859996,-3.57581114506,0.270174402802,0.104476634841,-4.4129490443,-0.0742620588264,-0.0405924454507,0.82088701661,0.249190198446,2.46388083981,0.630085722421,0.82088701661,2.46388083981,-0.259557047968,-0.360853088879,-801,-0.103088803089,-0.394825656072,0,0.027027027027,-0.027027027027,164,5,178,985,0.479532163743,0.994949494949,0.00505050505051,0.520467836257,0.970414201183,0.479532163743,0.641878669276,0.622754493511,0.474481658692,0.472622478386,13,186,0,0,0,0
1233,WLNM_dir_neg,0.385637067869,0.308884987127,00:00:04,10,30,37,1235778072,threshold_sweep,0.9,0.583333333333,0.0376344086022,0.0707070707071,7,5,179,367,0.0376344086022,0.986559139785,0.0134408602151,0.962365591398,0.583333333333,0.0376344086022,0.0707070707071,0.670250896057,0.659498207885,0.0315789473684,0.0786213627541,0.0241935483871,342,156,186,0,342,0,156,0,186,37,342,0.256756756757,1.72528881811,18.4864864865,15.5454545455,9.77142857143,5.36771015539,0.290358590277,0.142642642643,9.50849154237,1.02869645341,0.544491860281,8.05331334643,0.871264894205,0.461830251304,0.640599570326,0.371299902718,2,1.72528881811,0.640599570326,2,0.344071394247,0.376569037657,810,0.104247104247,0.56957682835,37,37,37,1,0,0.405405405405,0.540540540541,0.0540540540541,37,0.117117117117,2.21261261261,8.43243243243,7.09090909091,4.45714285714,5.04722443274,0.598549051319,0.327616077616,6.00525295579,1.42432281644,0.680873180873,3.83793300225,0.910278981302,0.463617463617,1.39215458577,0.629190386892,5.2,2.21261261261,1.39215458577,5.2,0,0,0,0,0.161113233172,37,37,37,1,0,0.405405405405,0.540540540541,0.0540540540541,37,168,0.126126126126,2.39126612877,9.08108108108,7.63636363636,4.66666666667,4.66891837568,0.514136844941,0.277187902188,5.94696278502,1.30974775622,0.652831402831,3.6407767379,0.801837733943,0.422458172458,1.52860504625,0.639245054266,4.75363247863,2.39126612877,1.52860504625,4.75363247863,0.0569677871148,0.0140350877193,8,0.0010296010296,0.171756944284,37,37,37,1,0,0.405405405405,0.567567567568,0.027027027027,-174,-0.130630630631,0.665977310651,-9.40540540541,-7.90909090909,-5.10476190476,-0.698791779709,0.223778254664,0.134545259545,-3.56152875736,0.281051302809,0.10833954255,-4.41253660853,-0.069427160262,-0.0393720788458,0.888005475921,0.267945151548,2.75363247863,0.665977310651,0.888005475921,2.75363247863,-0.287103607133,-0.362533949938,-802,-0.103217503218,-0.397819884066,0,0.027027027027,-0.027027027027,163,5,179,985,0.476608187135,0.994949494949,0.00505050505051,0.523391812865,0.970238095238,0.476608187135,0.639215686275,0.620489366951,0.471557682084,0.469740634006,12,186,0,0,0,0
1234,WLNM_dir_neg,0.433915770609,0.356011076972,00:00:06,10,30,38,1235778073,threshold_sweep,0.1,0.533333333333,0.129032258065,0.207792207792,24,21,162,351,0.129032258065,0.943548387097,0.0564516129032,0.870967741935,0.533333333333,0.129032258065,0.207792207792,0.672043010753,0.639784946237,0.089552238806,0.125656172488,0.0725806451613,342,156,186,0,342,0,156,0,186,37,342,0.256756756757,1.72528881811,18.4864864865,15.5454545455,9.77142857143,5.36771015539,0.290358590277,0.142642642643,9.50849154237,1.02869645341,0.544491860281,8.05331334643,0.871264894205,0.461830251304,0.640599570326,0.371299902718,2,1.72528881811,0.640599570326,2,0.344071394247,0.376569037657,810,0.104247104247,0.56957682835,37,37,37,1,0,0.405405405405,0.540540540541,0.0540540540541,37,0.117117117117,2.18481481481,8.43243243243,7.09090909091,4.45714285714,5.03620525429,0.597242289772,0.326923076923,6.00062559301,1.42322530091,0.680526680527,3.83793300225,0.910278981302,0.463617463617,1.318977792,0.603702328937,4.32037037037,2.18481481481,1.318977792,4.32037037037,0,0,0,0,0.160896782956,37,37,37,1,0,0.405405405405,0.540540540541,0.0540540540541,37,201,0.150900900901,8.44542534413,10.8648648649,6.93103448276,5.43243243243,5.00090081975,0.460281916246,0.244856797096,6.01175025605,1.1066405944,0.574963022724,3.39558979119,0.625058817284,0.339115234638,4.6660534018,0.552494778139,15.1143502911,8.44542534413,4.6660534018,15.1143502911,0.163220464536,0.0868625756266,67,0.00862290862291,0.170093468422,37,37,37,1,0,0.216216216216,0.783783783784,0,-141,-0.105855855856,6.72013652602,-7.62162162162,-8.6144200627,-4.338996139,-0.36680933564,0.169923325969,0.102214154453,-3.49674128632,0.0779441409828,0.0304711624429,-4.65772355524,-0.246206076921,-0.122715016666,4.02545383147,0.181194875422,13.1143502911,6.72013652602,4.02545383147,13.1143502911,-0.180850929711,-0.28970646203,-743,-0.0956241956242,-0.399483359928,-0.189189189189,0.243243243243,-0.0540540540541,180,21,162,969,0.526315789474,0.978787878788,0.0212121212121,0.473684210526,0.89552238806,0.526315789474,0.662983425414,0.616427267955,0.505103668262,0.495867768595,45,186,0,0,0,0
1235,WLNM_dir_neg,0.433915770609,0.356011076972,00:00:06,10,30,38,1235778073,threshold_sweep,0.2,0.648648648649,0.129032258065,0.215246636771,24,13,162,359,0.129032258065,0.965053763441,0.0349462365591,0.870967741935,0.648648648649,0.129032258065,0.215246636771,0.686379928315,0.644563918757,0.117647058824,0.178251553224,0.0940860215054,342,156,186,0,342,0,156,0,186,37,342,0.256756756757,1.72528881811,18.4864864865,15.5454545455,9.77142857143,5.36771015539,0.290358590277,0.142642642643,9.50849154237,1.02869645341,0.544491860281,8.05331334643,0.871264894205,0.461830251304,0.640599570326,0.371299902718,2,1.72528881811,0.640599570326,2,0.344071394247,0.376569037657,810,0.104247104247,0.56957682835,37,37,37,1,0,0.405405405405,0.540540540541,0.0540540540541,37,0.117117117117,2.18481481481,8.43243243243,7.09090909091,4.45714285714,5.03620525429,0.597242289772,0.326923076923,6.00062559301,1.42322530091,0.680526680527,3.83793300225,0.910278981302,0.463617463617,1.318977792,0.603702328937,4.32037037037,2.18481481481,1.318977792,4.32037037037,0,0,0,0,0.160896782956,37,37,37,1,0,0.405405405405,0.540540540541,0.0540540540541,37,193,0.144894894895,1,10.4324324324,8.39130434783,5.21621621622,4.71133703917,0.451604845724,0.238482005321,6.13340187976,1.17583352099,0.609438453998,3.3009690087,0.632828255554,0.342809130374,0,0,0,NaN,NaN,NaN,0.146708550656,0.0657649253731,47,0.00604890604891,0.184206940467,37,37,0,1,2,0.378378378378,0.621621621622,0,-149,-0.111861861862,-0.725288818115,-8.05405405405,-7.15415019763,-4.55521235521,-0.656373116219,0.161246255447,0.0958393626787,-3.37508966262,0.147137067575,0.0649465937167,-4.75234433773,-0.238436638651,-0.11902112093,-0.640599570326,-0.371299902718,-2,NaN,NaN,NaN,-0.197362843591,-0.310804112284,-763,-0.0981981981982,-0.385369887883,-0.027027027027,0.0810810810811,-0.0540540540541,180,13,162,977,0.526315789474,0.986868686869,0.0131313131313,0.473684210526,0.932642487047,0.526315789474,0.672897196262,0.636888848028,0.513184476342,0.507042253521,37,186,0,0,0,0
1236,WLNM_dir_neg,0.433915770609,0.356011076972,00:00:06,10,30,38,1235778073,threshold_sweep,0.3,0.636363636364,0.112903225806,0.191780821918,21,12,165,360,0.112903225806,0.967741935484,0.0322580645161,0.887096774194,0.636363636364,0.112903225806,0.191780821918,0.682795698925,0.646953405018,0.10152284264,0.161164592805,0.0806451612903,342,156,186,0,342,0,156,0,186,37,342,0.256756756757,1.72528881811,18.4864864865,15.5454545455,9.77142857143,5.36771015539,0.290358590277,0.142642642643,9.50849154237,1.02869645341,0.544491860281,8.05331334643,0.871264894205,0.461830251304,0.640599570326,0.371299902718,2,1.72528881811,0.640599570326,2,0.344071394247,0.376569037657,810,0.104247104247,0.56957682835,37,37,37,1,0,0.405405405405,0.540540540541,0.0540540540541,37,0.117117117117,2.18481481481,8.43243243243,7.09090909091,4.45714285714,5.03620525429,0.597242289772,0.326923076923,6.00062559301,1.42322530091,0.680526680527,3.83793300225,0.910278981302,0.463617463617,1.318977792,0.603702328937,4.32037037037,2.18481481481,1.318977792,4.32037037037,0,0,0,0,0.160896782956,37,37,37,1,0,0.405405405405,0.540540540541,0.0540540540541,37,189,0.141891891892,2.1026377839,10.2162162162,8.59090909091,5.10810810811,4.76174066641,0.466096308617,0.247962247962,6.1136631308,1.19685468698,0.617760617761,3.30642290587,0.647289140302,0.350922350922,1.13585645355,0.540205480113,3.24532861296,2.1026377839,1.13585645355,3.24532861296,0.140291530771,0.0574712643678,40,0.00514800514801,0.188593999442,37,37,37,1,0,0.405405405405,0.594594594595,0,-153,-0.114864864865,0.377348965784,-8.27027027027,-6.95454545455,-4.66332046332,-0.60596948898,0.17573771834,0.10531960532,-3.39482841158,0.168158233567,0.0732687574793,-4.74689044057,-0.223975753903,-0.110907900382,0.495256883229,0.168905577395,1.24532861296,0.377348965784,0.495256883229,1.24532861296,-0.203779863476,-0.319097773289,-770,-0.0990990990991,-0.380982828908,0,0.0540540540541,-0.0540540540541,177,12,165,978,0.517543859649,0.987878787879,0.0121212121212,0.482456140351,0.936507936508,0.517543859649,0.666666666667,0.632748801756,0.505422647528,0.5,33,186,0,0,0,0
1237,WLNM_dir_neg,0.433915770609,0.356011076972,00:00:06,10,30,38,1235778073,threshold_sweep,0.4,0.620689655172,0.0967741935484,0.167441860465,18,11,168,361,0.0967741935484,0.970430107527,0.0295698924731,0.903225806452,0.620689655172,0.0967741935484,0.167441860465,0.679211469534,0.649342891278,0.0851788756388,0.142724383543,0.0672043010753,342,156,186,0,342,0,156,0,186,37,342,0.256756756757,1.72528881811,18.4864864865,15.5454545455,9.77142857143,5.36771015539,0.290358590277,0.142642642643,9.50849154237,1.02869645341,0.544491860281,8.05331334643,0.871264894205,0.461830251304,0.640599570326,0.371299902718,2,1.72528881811,0.640599570326,2,0.344071394247,0.376569037657,810,0.104247104247,0.56957682835,37,37,37,1,0,0.405405405405,0.540540540541,0.0540540540541,37,0.117117117117,2.18481481481,8.43243243243,7.09090909091,4.45714285714,5.03620525429,0.597242289772,0.326923076923,6.00062559301,1.42322530091,0.680526680527,3.83793300225,0.910278981302,0.463617463617,1.318977792,0.603702328937,4.32037037037,2.18481481481,1.318977792,4.32037037037,0,0,0,0,0.160896782956,37,37,37,1,0,0.405405405405,0.540540540541,0.0540540540541,37,185,0.138888888889,2.1346734189,10,8.40909090909,5,4.60675832036,0.460675832036,0.247333820307,6.0598863209,1.21197726418,0.623228634039,3.33333333333,0.666666666667,0.358217677137,1.19548499599,0.560031799435,3.76572795337,2.1346734189,1.19548499599,3.76572795337,0.115032760776,0.0437405731523,29,0.0037323037323,0.182945971428,37,37,37,1,0,0.405405405405,0.594594594595,0,-157,-0.117867867868,0.409384600785,-8.48648648649,-7.13636363636,-4.77142857143,-0.760951835032,0.170317241759,0.104691177664,-3.44860522148,0.183280810765,0.0787367737581,-4.7199800131,-0.204598227538,-0.103612574167,0.554885425666,0.188731896717,1.76572795337,0.409384600785,0.554885425666,1.76572795337,-0.229038633472,-0.332828464505,-781,-0.100514800515,-0.386630856922,0,0.0540540540541,-0.0540540540541,174,11,168,979,0.508771929825,0.988888888889,0.0111111111111,0.491228070175,0.940540540541,0.508771929825,0.660341555977,0.628632061107,0.497660818713,0.492917847025,29,186,0,0,0,0
1238,WLNM_dir_neg,0.433915770609,0.356011076972,00:00:06,10,30,38,1235778073,threshold_sweep,0.5,0.620689655172,0.0967741935484,0.167441860465,18,11,168,361,0.0967741935484,0.970430107527,0.0295698924731,0.903225806452,0.620689655172,0.0967741935484,0.167441860465,0.679211469534,0.649342891278,0.0851788756388,0.142724383543,0.0672043010753,342,156,186,0,342,0,156,0,186,37,342,0.256756756757,1.72528881811,18.4864864865,15.5454545455,9.77142857143,5.36771015539,0.290358590277,0.142642642643,9.50849154237,1.02869645341,0.544491860281,8.05331334643,0.871264894205,0.461830251304,0.640599570326,0.371299902718,2,1.72528881811,0.640599570326,2,0.344071394247,0.376569037657,810,0.104247104247,0.56957682835,37,37,37,1,0,0.405405405405,0.540540540541,0.0540540540541,37,0.117117117117,2.18481481481,8.43243243243,7.09090909091,4.45714285714,5.03620525429,0.597242289772,0.326923076923,6.00062559301,1.42322530091,0.680526680527,3.83793300225,0.910278981302,0.463617463617,1.318977792,0.603702328937,4.32037037037,2.18481481481,1.318977792,4.32037037037,0,0,0,0,0.160896782956,37,37,37,1,0,0.405405405405,0.540540540541,0.0540540540541,37,185,0.138888888889,2.1346734189,10,8.40909090909,5,4.60675832036,0.460675832036,0.247333820307,6.0598863209,1.21197726418,0.623228634039,3.33333333333,0.666666666667,0.358217677137,1.19548499599,0.560031799435,3.76572795337,2.1346734189,1.19548499599,3.76572795337,0.115032760776,0.0437405731523,29,0.0037323037323,0.182945971428,37,37,37,1,0,0.405405405405,0.594594594595,0,-157,-0.117867867868,0.409384600785,-8.48648648649,-7.13636363636,-4.77142857143,-0.760951835032,0.170317241759,0.104691177664,-3.44860522148,0.183280810765,0.0787367737581,-4.7199800131,-0.204598227538,-0.103612574167,0.554885425666,0.188731896717,1.76572795337,0.409384600785,0.554885425666,1.76572795337,-0.229038633472,-0.332828464505,-781,-0.100514800515,-0.386630856922,0,0.0540540540541,-0.0540540540541,174,11,168,979,0.508771929825,0.988888888889,0.0111111111111,0.491228070175,0.940540540541,0.508771929825,0.660341555977,0.628632061107,0.497660818713,0.492917847025,29,186,0,0,0,0
1239,WLNM_dir_neg,0.433915770609,0.356011076972,00:00:06,10,30,38,1235778073,threshold_sweep,0.6,0.68,0.0913978494624,0.161137440758,17,8,169,364,0.0913978494624,0.978494623656,0.0215053763441,0.908602150538,0.68,0.0913978494624,0.161137440758,0.682795698925,0.651732377539,0.0891938250429,0.159266611876,0.0698924731183,342,156,186,0,342,0,156,0,186,37,342,0.256756756757,1.72528881811,18.4864864865,15.5454545455,9.77142857143,5.36771015539,0.290358590277,0.142642642643,9.50849154237,1.02869645341,0.544491860281,8.05331334643,0.871264894205,0.461830251304,0.640599570326,0.371299902718,2,1.72528881811,0.640599570326,2,0.344071394247,0.376569037657,810,0.104247104247,0.56957682835,37,37,37,1,0,0.405405405405,0.540540540541,0.0540540540541,37,0.117117117117,2.18481481481,8.43243243243,7.09090909091,4.45714285714,5.03620525429,0.597242289772,0.326923076923,6.00062559301,1.42322530091,0.680526680527,3.83793300225,0.910278981302,0.463617463617,1.318977792,0.603702328937,4.32037037037,2.18481481481,1.318977792,4.32037037037,0,0,0,0,0.160896782956,37,37,37,1,0,0.405405405405,0.540540540541,0.0540540540541,37,181,0.135885885886,2.13516538394,9.78378378378,8.22727272727,4.89189189189,4.73834907451,0.484306397119,0.262804240705,6.04052878381,1.23480422652,0.629236971778,3.42201844095,0.699528631576,0.374197401822,1.19876214419,0.561437607225,3.73547527356,2.13516538394,1.19876214419,3.73547527356,0.117982963726,0.038304392237,25,0.0032175032175,0.182598171712,37,37,37,1,0,0.405405405405,0.594594594595,0,-161,-0.120870870871,0.409876565822,-8.7027027027,-7.31818181818,-4.87953667954,-0.629361080879,0.193947806842,0.120161598062,-3.46796275857,0.206107773109,0.0847451114971,-4.63129490548,-0.171736262629,-0.0876328494822,0.558162573862,0.190137704508,1.73547527356,0.409876565822,0.558162573862,1.73547527356,-0.226088430521,-0.33826464542,-785,-0.10102960103,-0.386978656638,0,0.0540540540541,-0.0540540540541,173,8,169,982,0.505847953216,0.991919191919,0.00808080808081,0.494152046784,0.955801104972,0.505847953216,0.661567877629,0.634570573378,0.497767145136,0.494285714286,25,186,0,0,0,0
1240,WLNM_dir_neg,0.433915770609,0.356011076972,00:00:06,10,30,38,1235778073,threshold_sweep,0.7,0.695652173913,0.0860215053763,0.153110047847,16,7,170,365,0.0860215053763,0.981182795699,0.0188172043011,0.913978494624,0.695652173913,0.0860215053763,0.153110047847,0.682795698925,0.652927120669,0.0860585197935,0.159361790949,0.0672043010753,342,156,186,0,342,0,156,0,186,37,342,0.256756756757,1.72528881811,18.4864864865,15.5454545455,9.77142857143,5.36771015539,0.290358590277,0.142642642643,9.50849154237,1.02869645341,0.544491860281,8.05331334643,0.871264894205,0.461830251304,0.640599570326,0.371299902718,2,1.72528881811,0.640599570326,2,0.344071394247,0.376569037657,810,0.104247104247,0.56957682835,37,37,37,1,0,0.405405405405,0.540540540541,0.0540540540541,37,0.117117117117,2.18481481481,8.43243243243,7.09090909091,4.45714285714,5.03620525429,0.597242289772,0.326923076923,6.00062559301,1.42322530091,0.680526680527,3.83793300225,0.910278981302,0.463617463617,1.318977792,0.603702328937,4.32037037037,2.18481481481,1.318977792,4.32037037037,0,0,0,0,0.160896782956,37,37,37,1,0,0.405405405405,0.540540540541,0.0540540540541,37,179,0.134384384384,2.16093824271,9.67567567568,8.13636363636,4.83783783784,4.6490982044,0.48049338984,0.261512909558,6.03007975585,1.24644106685,0.633851728824,3.45216126759,0.713575234082,0.379586290201,1.23804524952,0.572920236709,3.8015015084,2.16093824271,1.23804524952,3.8015015084,0.110563845781,0.0330361824856,21,0.0027027027027,0.181906543079,37,37,37,1,0,0.405405405405,0.594594594595,0,-163,-0.122372372372,0.435649424593,-8.81081081081,-7.40909090909,-4.93359073359,-0.718611950998,0.190134799563,0.118870266915,-3.47841178653,0.217744613436,0.0893598685425,-4.60115207885,-0.157689660123,-0.0822439611031,0.597445679199,0.201620333991,1.8015015084,0.435649424593,0.597445679199,1.8015015084,-0.233507548467,-0.343532855171,-789,-0.101544401544,-0.387670285271,0,0.0540540540541,-0.0540540540541,172,7,170,983,0.502923976608,0.992929292929,0.00707070707071,0.497076023392,0.960893854749,0.502923976608,0.660268714012,0.635100803812,0.495853269537,0.492836676218,23,186,0,0,0,0
1241,WLNM_dir_neg,0.433915770609,0.356011076972,00:00:06,10,30,38,1235778073,threshold_sweep,0.8,0.736842105263,0.0752688172043,0.136585365854,14,5,172,367,0.0752688172043,0.986559139785,0.0134408602151,0.924731182796,0.736842105263,0.0752688172043,0.136585365854,0.682795698925,0.65531660693,0.0797227036395,0.160709538929,0.0618279569892,342,156,186,0,342,0,156,0,186,37,342,0.256756756757,1.72528881811,18.4864864865,15.5454545455,9.77142857143,5.36771015539,0.290358590277,0.142642642643,9.50849154237,1.02869645341,0.544491860281,8.05331334643,0.871264894205,0.461830251304,0.640599570326,0.371299902718,2,1.72528881811,0.640599570326,2,0.344071394247,0.376569037657,810,0.104247104247,0.56957682835,37,37,37,1,0,0.405405405405,0.540540540541,0.0540540540541,37,0.117117117117,2.18481481481,8.43243243243,7.09090909091,4.45714285714,5.03620525429,0.597242289772,0.326923076923,6.00062559301,1.42322530091,0.680526680527,3.83793300225,0.910278981302,0.463617463617,1.318977792,0.603702328937,4.32037037037,2.18481481481,1.318977792,4.32037037037,0,0,0,0,0.160896782956,37,37,37,1,0,0.405405405405,0.540540540541,0.0540540540541,37,175,0.131381381381,2.12073284637,9.45945945946,7.95454545455,4.72972972973,4.62237670105,0.488651251253,0.265328185328,5.99837315282,1.2682274666,0.640617760618,3.52490069717,0.745264718831,0.39444015444,1.19359384057,0.562821405161,3.73899671641,2.12073284637,1.19359384057,3.73899671641,0.0859458771223,0.0245365321701,15,0.0019305019305,0.181164724843,37,37,37,1,0,0.405405405405,0.594594594595,0,-167,-0.125375375375,0.395444028259,-9.02702702703,-7.59090909091,-5.0416988417,-0.745333454348,0.198292660976,0.122685542686,-3.51011838955,0.239531013182,0.0961259003364,-4.52841264926,-0.126000175374,-0.0673900968638,0.552994270241,0.191521502443,1.73899671641,0.395444028259,0.552994270241,1.73899671641,-0.258125517125,-0.352032505487,-795,-0.102316602317,-0.388412103507,0,0.0540540540541,-0.0540540540541,170,5,172,985,0.497076023392,0.994949494949,0.00505050505051,0.502923976608,0.971428571429,0.497076023392,0.657640232108,0.636257000931,0.492025518341,0.489913544669,19,186,0,0,0,0
1242,WLNM_dir_neg,0.433915770609,0.356011076972,00:00:06,10,30,38,1235778073,threshold_sweep,0.9,0.733333333333,0.0591397849462,0.109452736318,11,4,175,368,0.0591397849462,0.989247311828,0.010752688172,0.940860215054,0.733333333333,0.0591397849462,0.109452736318,0.679211469534,0.65770609319,0.0628272251309,0.141030148417,0.0483870967742,342,156,186,0,342,0,156,0,186,37,342,0.256756756757,1.72528881811,18.4864864865,15.5454545455,9.77142857143,5.36771015539,0.290358590277,0.142642642643,9.50849154237,1.02869645341,0.544491860281,8.05331334643,0.871264894205,0.461830251304,0.640599570326,0.371299902718,2,1.72528881811,0.640599570326,2,0.344071394247,0.376569037657,810,0.104247104247,0.56957682835,37,37,37,1,0,0.405405405405,0.540540540541,0.0540540540541,37,0.117117117117,2.18481481481,8.43243243243,7.09090909091,4.45714285714,5.03620525429,0.597242289772,0.326923076923,6.00062559301,1.42322530091,0.680526680527,3.83793300225,0.910278981302,0.463617463617,1.318977792,0.603702328937,4.32037037037,2.18481481481,1.318977792,4.32037037037,0,0,0,0,0.160896782956,37,37,37,1,0,0.405405405405,0.540540540541,0.0540540540541,37,171,0.128378378378,2.11078831727,9.24324324324,7.77272727273,4.62162162162,4.60317164455,0.498003949849,0.269954164691,5.98308426293,1.29458548379,0.648332543069,3.61594732748,0.782397959746,0.41188556978,1.1864329021,0.562080475996,3.74920634921,2.11078831727,1.1864329021,3.74920634921,0.0802382214147,0.0204081632653,12,0.0015444015444,0.179423661108,37,37,37,1,0,0.405405405405,0.594594594595,0,-171,-0.128378378378,0.38549949916,-9.24324324324,-7.77272727273,-5.14980694981,-0.764538510843,0.207645359572,0.127311522048,-3.52540727945,0.265889030377,0.103840682788,-4.43736601896,-0.0888669344588,-0.0499446815236,0.545833331775,0.190780573278,1.74920634921,0.38549949916,0.545833331775,1.74920634921,-0.263833172833,-0.356160874392,-798,-0.102702702703,-0.390153167242,0,0.0540540540541,-0.0540540540541,167,4,175,986,0.488304093567,0.99595959596,0.0040404040404,0.511695906433,0.976608187135,0.488304093567,0.651072124756,0.632409509528,0.484263689527,0.482658959538,15,186,0,0,0,0
1243,WLNM_dir_neg,0.370187304891,0.277466040712,00:00:05,10,30,39,1235778074,threshold_sweep,0.1,0.372093023256,0.0860215053763,0.139737991266,16,27,170,345,0.0860215053763,0.927419354839,0.0725806451613,0.913978494624,0.372093023256,0.0860215053763,0.139737991266,0.646953405018,0.640979689367,0.0166389351082,0.0237583985935,0.0134408602151,342,156,186,0,342,0,156,0,186,37,342,0.256756756757,1.72528881811,18.4864864865,15.5454545455,9.77142857143,5.36771015539,0.290358590277,0.142642642643,9.50849154237,1.02869645341,0.544491860281,8.05331334643,0.871264894205,0.461830251304,0.640599570326,0.371299902718,2,1.72528881811,0.640599570326,2,0.344071394247,0.376569037657,810,0.104247104247,0.56957682835,37,37,37,1,0,0.405405405405,0.540540540541,0.0540540540541,37,0.117117117117,2.18635635636,8.43243243243,7.09090909091,4.45714285714,5.03620525429,0.597242289772,0.326923076923,6.00062559301,1.42322530091,0.680526680527,3.83793300225,0.910278981302,0.463617463617,1.32204914232,0.604681454823,4.3462962963,2.18635635636,1.32204914232,4.3462962963,0,0,0,0,0.160896782956,37,37,37,1,0,0.405405405405,0.540540540541,0.0540540540541,37,199,0.149399399399,12.3837660235,10.7567567568,6.21875,5.37837837838,4.98556474794,0.463482149934,0.253836751324,5.87060166967,1.09151890341,0.560097786228,3.75167630201,0.697547855148,0.370501154421,4.8382747964,0.390694945884,15.4565144997,12.3837660235,4.8382747964,15.4565144997,0.126456841627,0.0558263181214,42,0.00540540540541,0.207163729067,37,37,37,1,0,0.135135135135,0.864864864865,0,-143,-0.107357357357,10.6584772054,-7.72972972973,-9.32670454545,-4.39305019305,-0.382145407458,0.173123559657,0.111194108682,-3.6378898727,0.0628224499917,0.0156059259471,-4.30163704442,-0.173717039057,-0.0913290968832,4.19767522608,0.0193950431666,13.4565144997,10.6584772054,4.19767522608,13.4565144997,-0.21761455262,-0.320742719536,-768,-0.0988416988417,-0.362413099283,-0.27027027027,0.324324324324,-0.0540540540541,172,27,170,963,0.502923976608,0.972727272727,0.0272727272727,0.497076023392,0.86432160804,0.502923976608,0.635859519409,0.58287818153,0.475651249335,0.466124661247,43,186,0,0,0,0
1244,WLNM_dir_neg,0.370187304891,0.277466040712,00:00:05,10,30,39,1235778074,threshold_sweep,0.2,0.333333333333,0.0698924731183,0.115555555556,13,26,173,346,0.0698924731183,0.930107526882,0.0698924731183,0.930107526882,0.333333333333,0.0698924731183,0.115555555556,0.643369175627,0.643369175627,0,0,0,342,156,186,0,342,0,156,0,186,37,342,0.256756756757,1.72528881811,18.4864864865,15.5454545455,9.77142857143,5.36771015539,0.290358590277,0.142642642643,9.50849154237,1.02869645341,0.544491860281,8.05331334643,0.871264894205,0.461830251304,0.640599570326,0.371299902718,2,1.72528881811,0.640599570326,2,0.344071394247,0.376569037657,810,0.104247104247,0.56957682835,37,37,37,1,0,0.405405405405,0.540540540541,0.0540540540541,37,0.117117117117,2.18635635636,8.43243243243,7.09090909091,4.45714285714,5.03620525429,0.597242289772,0.326923076923,6.00062559301,1.42322530091,0.680526680527,3.83793300225,0.910278981302,0.463617463617,1.32204914232,0.604681454823,4.3462962963,2.18635635636,1.32204914232,4.3462962963,0,0,0,0,0.160896782956,37,37,37,1,0,0.405405405405,0.540540540541,0.0540540540541,37,195,0.146396396396,12.2813820654,10.5405405405,6.09375,5.27027027027,4.7468972006,0.450346657493,0.247262647263,5.79103065404,1.09881094461,0.561884961885,3.81261538003,0.723419328518,0.381427581428,4.79668601586,0.390565653793,15.2754293695,12.2813820654,4.79668601586,15.2754293695,0.121890485048,0.0510814542108,37,0.0047619047619,0.205522590879,37,37,37,1,0,0.135135135135,0.864864864865,0,-147,-0.11036036036,10.5560932473,-7.94594594595,-9.45170454545,-4.50115830116,-0.620812954797,0.159988067215,0.10462000462,-3.71746088833,0.070114491198,0.0173931016036,-4.2406979664,-0.147845565686,-0.0804026698764,4.15608644554,0.0192657510753,13.2754293695,10.5560932473,4.15608644554,13.2754293695,-0.222180909199,-0.325487583446,-773,-0.0994851994852,-0.364054237471,-0.27027027027,0.324324324324,-0.0540540540541,169,26,173,964,0.494152046784,0.973737373737,0.0262626262626,0.505847953216,0.866666666667,0.494152046784,0.629422718808,0.578197670678,0.467889420521,0.459239130435,39,186,0,0,0,0
1245,WLNM_dir_neg,0.370187304891,0.277466040712,00:00:05,10,30,39,1235778074,threshold_sweep,0.3,0.333333333333,0.0698924731183,0.115555555556,13,26,173,346,0.0698924731183,0.930107526882,0.0698924731183,0.930107526882,0.333333333333,0.0698924731183,0.115555555556,0.643369175627,0.643369175627,0,0,0,342,156,186,0,342,0,156,0,186,37,342,0.256756756757,1.72528881811,18.4864864865,15.5454545455,9.77142857143,5.36771015539,0.290358590277,0.142642642643,9.50849154237,1.02869645341,0.544491860281,8.05331334643,0.871264894205,0.461830251304,0.640599570326,0.371299902718,2,1.72528881811,0.640599570326,2,0.344071394247,0.376569037657,810,0.104247104247,0.56957682835,37,37,37,1,0,0.405405405405,0.540540540541,0.0540540540541,37,0.117117117117,2.18635635636,8.43243243243,7.09090909091,4.45714285714,5.03620525429,0.597242289772,0.326923076923,6.00062559301,1.42322530091,0.680526680527,3.83793300225,0.910278981302,0.463617463617,1.32204914232,0.604681454823,4.3462962963,2.18635635636,1.32204914232,4.3462962963,0,0,0,0,0.160896782956,37,37,37,1,0,0.405405405405,0.540540540541,0.0540540540541,37,195,0.146396396396,12.2813820654,10.5405405405,6.09375,5.27027027027,4.7468972006,0.450346657493,0.247262647263,5.79103065404,1.09881094461,0.561884961885,3.81261538003,0.723419328518,0.381427581428,4.79668601586,0.390565653793,15.2754293695,12.2813820654,4.79668601586,15.2754293695,0.121890485048,0.0510814542108,37,0.0047619047619,0.205522590879,37,37,37,1,0,0.135135135135,0.864864864865,0,-147,-0.11036036036,10.5560932473,-7.94594594595,-9.45170454545,-4.50115830116,-0.620812954797,0.159988067215,0.10462000462,-3.71746088833,0.070114491198,0.0173931016036,-4.2406979664,-0.147845565686,-0.0804026698764,4.15608644554,0.0192657510753,13.2754293695,10.5560932473,4.15608644554,13.2754293695,-0.222180909199,-0.325487583446,-773,-0.0994851994852,-0.364054237471,-0.27027027027,0.324324324324,-0.0540540540541,169,26,173,964,0.494152046784,0.973737373737,0.0262626262626,0.505847953216,0.866666666667,0.494152046784,0.629422718808,0.578197670678,0.467889420521,0.459239130435,39,186,0,0,0,0
1246,WLNM_dir_neg,0.370187304891,0.277466040712,00:00:05,10,30,39,1235778074,threshold_sweep,0.4,0.375,0.0483870967742,0.0857142857143,9,15,177,357,0.0483870967742,0.959677419355,0.0403225806452,0.951612903226,0.375,0.0483870967742,0.0857142857143,0.655913978495,0.652329749104,0.0103092783505,0.0187382922249,0.00806451612903,342,156,186,0,342,0,156,0,186,37,342,0.256756756757,1.72528881811,18.4864864865,15.5454545455,9.77142857143,5.36771015539,0.290358590277,0.142642642643,9.50849154237,1.02869645341,0.544491860281,8.05331334643,0.871264894205,0.461830251304,0.640599570326,0.371299902718,2,1.72528881811,0.640599570326,2,0.344071394247,0.376569037657,810,0.104247104247,0.56957682835,37,37,37,1,0,0.405405405405,0.540540540541,0.0540540540541,37,0.117117117117,2.18635635636,8.43243243243,7.09090909091,4.45714285714,5.03620525429,0.597242289772,0.326923076923,6.00062559301,1.42322530091,0.680526680527,3.83793300225,0.910278981302,0.463617463617,1.32204914232,0.604681454823,4.3462962963,2.18635635636,1.32204914232,4.3462962963,0,0,0,0,0.160896782956,37,37,37,1,0,0.405405405405,0.540540540541,0.0540540540541,37,180,0.135135135135,2.73773272659,9.72972972973,7.82608695652,4.86486486486,4.39474843578,0.451682478122,0.245045045045,5.95894361519,1.22489396534,0.625225225225,3.44127045469,0.707372260131,0.379279279279,1.84587436252,0.674234684999,5.10330966515,2.73773272659,1.84587436252,5.10330966515,0.0881010881011,0.0309278350515,19,0.0024453024453,0.167285164847,37,37,37,1,0,0.378378378378,0.621621621622,0,-162,-0.121621621622,1.01244390847,-8.75675675676,-7.71936758893,-4.90656370656,-0.972961719611,0.161323887845,0.102402402402,-3.54954792719,0.19619751193,0.0807333649439,-4.61204289174,-0.163892634074,-0.0825509720247,1.2052747922,0.302934782281,3.10330966515,1.01244390847,1.2052747922,3.10330966515,-0.255970306146,-0.345641202605,-791,-0.101801801802,-0.402291663503,-0.027027027027,0.0810810810811,-0.0540540540541,165,15,177,975,0.482456140351,0.984848484848,0.0151515151515,0.517543859649,0.916666666667,0.482456140351,0.632183908046,0.597129102071,0.467304625199,0.46218487395,24,186,0,0,0,0
1247,WLNM_dir_neg,0.370187304891,0.277466040712,00:00:05,10,30,39,1235778074,threshold_sweep,0.5,0.318181818182,0.0376344086022,0.0673076923077,7,15,179,357,0.0376344086022,0.959677419355,0.0403225806452,0.962365591398,0.318181818182,0.0376344086022,0.0673076923077,0.652329749104,0.653524492234,-0.00344827586207,-0.00651165326338,-0.00268817204301,342,156,186,0,342,0,156,0,186,37,342,0.256756756757,1.72528881811,18.4864864865,15.5454545455,9.77142857143,5.36771015539,0.290358590277,0.142642642643,9.50849154237,1.02869645341,0.544491860281,8.05331334643,0.871264894205,0.461830251304,0.640599570326,0.371299902718,2,1.72528881811,0.640599570326,2,0.344071394247,0.376569037657,810,0.104247104247,0.56957682835,37,37,37,1,0,0.405405405405,0.540540540541,0.0540540540541,37,0.117117117117,2.18635635636,8.43243243243,7.09090909091,4.45714285714,5.03620525429,0.597242289772,0.326923076923,6.00062559301,1.42322530091,0.680526680527,3.83793300225,0.910278981302,0.463617463617,1.32204914232,0.604681454823,4.3462962963,2.18635635636,1.32204914232,4.3462962963,0,0,0,0,0.160896782956,37,37,37,1,0,0.405405405405,0.540540540541,0.0540540540541,37,178,0.133633633634,2.75901759444,9.62162162162,7.73913043478,4.81081081081,4.27103520727,0.443899726598,0.240206498633,5.91062056263,1.22861213942,0.626784087458,3.478807569,0.723122921645,0.38505921652,1.87487078009,0.679542886522,5.17070954121,2.75901759444,1.87487078009,5.17070954121,0.08486764075,0.0284757118928,17,0.0021879021879,0.166625657468,37,37,37,1,0,0.378378378378,0.621621621622,0,-164,-0.123123123123,1.03372877633,-8.86486486486,-7.80632411067,-4.96061776062,-1.09667494812,0.153541136321,0.0975638559908,-3.59787097974,0.199915686009,0.0822922271769,-4.57450577744,-0.14814197256,-0.076771034784,1.23427120977,0.308242983804,3.17070954121,1.03372877633,1.23427120977,3.17070954121,-0.259203753497,-0.348093325764,-793,-0.102059202059,-0.402951170882,-0.027027027027,0.0810810810811,-0.0540540540541,163,15,179,975,0.476608187135,0.984848484848,0.0151515151515,0.523391812865,0.915730337079,0.476608187135,0.626923076923,0.592445867376,0.461456671983,0.456582633053,22,186,0,0,0,0
1248,WLNM_dir_neg,0.370187304891,0.277466040712,00:00:05,10,30,39,1235778074,threshold_sweep,0.6,0.318181818182,0.0376344086022,0.0673076923077,7,15,179,357,0.0376344086022,0.959677419355,0.0403225806452,0.962365591398,0.318181818182,0.0376344086022,0.0673076923077,0.652329749104,0.653524492234,-0.00344827586207,-0.00651165326338,-0.00268817204301,342,156,186,0,342,0,156,0,186,37,342,0.256756756757,1.72528881811,18.4864864865,15.5454545455,9.77142857143,5.36771015539,0.290358590277,0.142642642643,9.50849154237,1.02869645341,0.544491860281,8.05331334643,0.871264894205,0.461830251304,0.640599570326,0.371299902718,2,1.72528881811,0.640599570326,2,0.344071394247,0.376569037657,810,0.104247104247,0.56957682835,37,37,37,1,0,0.405405405405,0.540540540541,0.0540540540541,37,0.117117117117,2.18635635636,8.43243243243,7.09090909091,4.45714285714,5.03620525429,0.597242289772,0.326923076923,6.00062559301,1.42322530091,0.680526680527,3.83793300225,0.910278981302,0.463617463617,1.32204914232,0.604681454823,4.3462962963,2.18635635636,1.32204914232,4.3462962963,0,0,0,0,0.160896782956,37,37,37,1,0,0.405405405405,0.540540540541,0.0540540540541,37,178,0.133633633634,2.75901759444,9.62162162162,7.73913043478,4.81081081081,4.27103520727,0.443899726598,0.240206498633,5.91062056263,1.22861213942,0.626784087458,3.478807569,0.723122921645,0.38505921652,1.87487078009,0.679542886522,5.17070954121,2.75901759444,1.87487078009,5.17070954121,0.08486764075,0.0284757118928,17,0.0021879021879,0.166625657468,37,37,37,1,0,0.378378378378,0.621621621622,0,-164,-0.123123123123,1.03372877633,-8.86486486486,-7.80632411067,-4.96061776062,-1.09667494812,0.153541136321,0.0975638559908,-3.59787097974,0.199915686009,0.0822922271769,-4.57450577744,-0.14814197256,-0.076771034784,1.23427120977,0.308242983804,3.17070954121,1.03372877633,1.23427120977,3.17070954121,-0.259203753497,-0.348093325764,-793,-0.102059202059,-0.402951170882,-0.027027027027,0.0810810810811,-0.0540540540541,163,15,179,975,0.476608187135,0.984848484848,0.0151515151515,0.523391812865,0.915730337079,0.476608187135,0.626923076923,0.592445867376,0.461456671983,0.456582633053,22,186,0,0,0,0
1249,WLNM_dir_neg,0.370187304891,0.277466040712,00:00:05,10,30,39,1235778074,threshold_sweep,0.7,0.318181818182,0.0376344086022,0.0673076923077,7,15,179,357,0.0376344086022,0.959677419355,0.0403225806452,0.962365591398,0.318181818182,0.0376344086022,0.0673076923077,0.652329749104,0.653524492234,-0.00344827586207,-0.00651165326338,-0.00268817204301,342,156,186,0,342,0,156,0,186,37,342,0.256756756757,1.72528881811,18.4864864865,15.5454545455,9.77142857143,5.36771015539,0.290358590277,0.142642642643,9.50849154237,1.02869645341,0.544491860281,8.05331334643,0.871264894205,0.461830251304,0.640599570326,0.371299902718,2,1.72528881811,0.640599570326,2,0.344071394247,0.376569037657,810,0.104247104247,0.56957682835,37,37,37,1,0,0.405405405405,0.540540540541,0.0540540540541,37,0.117117117117,2.18635635636,8.43243243243,7.09090909091,4.45714285714,5.03620525429,0.597242289772,0.326923076923,6.00062559301,1.42322530091,0.680526680527,3.83793300225,0.910278981302,0.463617463617,1.32204914232,0.604681454823,4.3462962963,2.18635635636,1.32204914232,4.3462962963,0,0,0,0,0.160896782956,37,37,37,1,0,0.405405405405,0.540540540541,0.0540540540541,37,178,0.133633633634,2.75901759444,9.62162162162,7.73913043478,4.81081081081,4.27103520727,0.443899726598,0.240206498633,5.91062056263,1.22861213942,0.626784087458,3.478807569,0.723122921645,0.38505921652,1.87487078009,0.679542886522,5.17070954121,2.75901759444,1.87487078009,5.17070954121,0.08486764075,0.0284757118928,17,0.0021879021879,0.166625657468,37,37,37,1,0,0.378378378378,0.621621621622,0,-164,-0.123123123123,1.03372877633,-8.86486486486,-7.80632411067,-4.96061776062,-1.09667494812,0.153541136321,0.0975638559908,-3.59787097974,0.199915686009,0.0822922271769,-4.57450577744,-0.14814197256,-0.076771034784,1.23427120977,0.308242983804,3.17070954121,1.03372877633,1.23427120977,3.17070954121,-0.259203753497,-0.348093325764,-793,-0.102059202059,-0.402951170882,-0.027027027027,0.0810810810811,-0.0540540540541,163,15,179,975,0.476608187135,0.984848484848,0.0151515151515,0.523391812865,0.915730337079,0.476608187135,0.626923076923,0.592445867376,0.461456671983,0.456582633053,22,186,0,0,0,0
1250,WLNM_dir_neg,0.370187304891,0.277466040712,00:00:05,10,30,39,1235778074,threshold_sweep,0.8,0.25,0.0268817204301,0.0485436893204,5,15,181,357,0.0268817204301,0.959677419355,0.0403225806452,0.97311827957,0.25,0.0268817204301,0.0485436893204,0.648745519713,0.654719235364,-0.0173010380623,-0.0340838676968,-0.0134408602151,342,156,186,0,342,0,156,0,186,37,342,0.256756756757,1.72528881811,18.4864864865,15.5454545455,9.77142857143,5.36771015539,0.290358590277,0.142642642643,9.50849154237,1.02869645341,0.544491860281,8.05331334643,0.871264894205,0.461830251304,0.640599570326,0.371299902718,2,1.72528881811,0.640599570326,2,0.344071394247,0.376569037657,810,0.104247104247,0.56957682835,37,37,37,1,0,0.405405405405,0.540540540541,0.0540540540541,37,0.117117117117,2.18635635636,8.43243243243,7.09090909091,4.45714285714,5.03620525429,0.597242289772,0.326923076923,6.00062559301,1.42322530091,0.680526680527,3.83793300225,0.910278981302,0.463617463617,1.32204914232,0.604681454823,4.3462962963,2.18635635636,1.32204914232,4.3462962963,0,0,0,0,0.160896782956,37,37,37,1,0,0.405405405405,0.540540540541,0.0540540540541,37,176,0.132132132132,2.70529634801,9.51351351351,7.65217391304,4.75675675676,4.40720131415,0.463256956317,0.251535626536,5.94140558288,1.24904549186,0.634828009828,3.50717839585,0.737304549127,0.390049140049,1.81581797098,0.671208524832,5.06473448976,2.70529634801,1.81581797098,5.06473448976,0.0889860448684,0.0287162162162,17,0.0021879021879,0.163496540208,37,37,37,1,0,0.378378378378,0.621621621622,0,-166,-0.124624624625,0.980007529893,-8.97297297297,-7.89328063241,-5.01467181467,-0.960508841246,0.17289836604,0.108892983893,-3.56708595949,0.220349038441,0.0903361495467,-4.54613495059,-0.133960345078,-0.0717811112548,1.17521840065,0.299908622114,3.06473448976,0.980007529893,1.17521840065,3.06473448976,-0.255085349379,-0.347852821441,-793,-0.102059202059,-0.406080288142,-0.027027027027,0.0810810810811,-0.0540540540541,161,15,181,975,0.470760233918,0.984848484848,0.0151515151515,0.529239766082,0.914772727273,0.470760233918,0.621621621622,0.587742946348,0.455608718767,0.450980392157,20,186,0,0,0,0
1251,WLNM_dir_neg,0.370187304891,0.277466040712,00:00:05,10,30,39,1235778074,threshold_sweep,0.9,0.294117647059,0.0268817204301,0.0492610837438,5,12,181,360,0.0268817204301,0.967741935484,0.0322580645161,0.97311827957,0.294117647059,0.0268817204301,0.0492610837438,0.654121863799,0.65651135006,-0.00695652173913,-0.0147466001485,-0.00537634408602,342,156,186,0,342,0,156,0,186,37,342,0.256756756757,1.72528881811,18.4864864865,15.5454545455,9.77142857143,5.36771015539,0.290358590277,0.142642642643,9.50849154237,1.02869645341,0.544491860281,8.05331334643,0.871264894205,0.461830251304,0.640599570326,0.371299902718,2,1.72528881811,0.640599570326,2,0.344071394247,0.376569037657,810,0.104247104247,0.56957682835,37,37,37,1,0,0.405405405405,0.540540540541,0.0540540540541,37,0.117117117117,2.18635635636,8.43243243243,7.09090909091,4.45714285714,5.03620525429,0.597242289772,0.326923076923,6.00062559301,1.42322530091,0.680526680527,3.83793300225,0.910278981302,0.463617463617,1.32204914232,0.604681454823,4.3462962963,2.18635635636,1.32204914232,4.3462962963,0,0,0,0,0.160896782956,37,37,37,1,0,0.405405405405,0.540540540541,0.0540540540541,37,173,0.12987987988,2.7902354847,9.35135135135,7.52173913043,4.67567567568,4.51673564656,0.483003522898,0.262615216372,5.96309974414,1.27534503198,0.642087173879,3.54380566038,0.757923753955,0.399000156226,1.95928951675,0.702195039629,5.6918092438,2.7902354847,1.95928951675,5.6918092438,0.0735205794029,0.0187606594656,11,0.0014157014157,0.161193726641,37,37,37,1,0,0.378378378378,0.621621621622,0,-169,-0.126876876877,1.06494666658,-9.13513513514,-8.02371541502,-5.09575289575,-0.850974508834,0.192644932621,0.11997257373,-3.54539179824,0.246648578569,0.0975953135977,-4.50950768605,-0.11334114025,-0.0628300950783,1.31868994643,0.330895136912,3.6918092438,1.06494666658,1.31868994643,3.6918092438,-0.270550814844,-0.357808378191,-799,-0.102831402831,-0.408383101709,-0.027027027027,0.0810810810811,-0.0540540540541,161,12,181,978,0.470760233918,0.987878787879,0.0121212121212,0.529239766082,0.93063583815,0.470760233918,0.625242718447,0.595987132424,0.458639021797,0.454802259887,17,186,0,0,0,0
1252,WLNM_dir_neg,0.567392184068,0.366991650642,00:00:04,10,30,40,1235778075,threshold_sweep,0.1,0.448979591837,0.118279569892,0.187234042553,22,27,164,345,0.118279569892,0.927419354839,0.0725806451613,0.881720430108,0.448979591837,0.118279569892,0.187234042553,0.65770609319,0.637395459976,0.0560131795717,0.0761161813837,0.0456989247312,342,156,186,0,342,0,156,0,186,37,342,0.256756756757,1.72528881811,18.4864864865,15.5454545455,9.77142857143,5.36771015539,0.290358590277,0.142642642643,9.50849154237,1.02869645341,0.544491860281,8.05331334643,0.871264894205,0.461830251304,0.640599570326,0.371299902718,2,1.72528881811,0.640599570326,2,0.344071394247,0.376569037657,810,0.104247104247,0.56957682835,37,37,37,1,0,0.405405405405,0.540540540541,0.0540540540541,37,0.117117117117,2.22747747748,8.43243243243,7.09090909091,4.45714285714,5.03620525429,0.597242289772,0.326923076923,6.00525295579,1.42432281644,0.680873180873,3.83793300225,0.910278981302,0.463617463617,1.42084529335,0.637871901162,5.2,2.22747747748,1.42084529335,5.2,0,0,0,0,0.160752482811,37,37,37,1,0,0.405405405405,0.540540540541,0.0540540540541,37,205,0.153903903904,5.10990806284,11.0810810811,7.59259259259,5.54054054054,4.72216039529,0.426146182014,0.231641397495,5.81470642516,1.04948359869,0.562425840475,3.36315488951,0.607008443472,0.329334212261,2.95801895647,0.578879095298,7.8061292636,5.10990806284,2.95801895647,7.8061292636,0.222272101684,0.1125,87,0.0111969111969,0.177463958529,37,37,37,1,0,0.27027027027,0.72972972973,0,-137,-0.102852852853,3.38461924472,-7.40540540541,-7.95286195286,-4.23088803089,-0.645549760108,0.135787591736,0.0889987548524,-3.69378511721,0.0207871452728,0.0179339801933,-4.69015845693,-0.264256450733,-0.132496039043,2.31741938615,0.207579192581,5.8061292636,3.38461924472,2.31741938615,5.8061292636,-0.121799292564,-0.264069037657,-723,-0.0930501930502,-0.392112869821,-0.135135135135,0.189189189189,-0.0540540540541,178,27,164,963,0.520467836257,0.972727272727,0.0272727272727,0.479532163743,0.868292682927,0.520467836257,0.650822669104,0.597049752742,0.493195108985,0.482384823848,49,186,0,0,0,0
1253,WLNM_dir_neg,0.567392184068,0.366991650642,00:00:04,10,30,40,1235778075,threshold_sweep,0.2,0.486486486486,0.0967741935484,0.161434977578,18,19,168,353,0.0967741935484,0.948924731183,0.0510752688172,0.903225806452,0.486486486486,0.0967741935484,0.161434977578,0.664874551971,0.644563918757,0.0571428571429,0.0865793258514,0.0456989247312,342,156,186,0,342,0,156,0,186,37,342,0.256756756757,1.72528881811,18.4864864865,15.5454545455,9.77142857143,5.36771015539,0.290358590277,0.142642642643,9.50849154237,1.02869645341,0.544491860281,8.05331334643,0.871264894205,0.461830251304,0.640599570326,0.371299902718,2,1.72528881811,0.640599570326,2,0.344071394247,0.376569037657,810,0.104247104247,0.56957682835,37,37,37,1,0,0.405405405405,0.540540540541,0.0540540540541,37,0.117117117117,2.22747747748,8.43243243243,7.09090909091,4.45714285714,5.03620525429,0.597242289772,0.326923076923,6.00525295579,1.42432281644,0.680873180873,3.83793300225,0.910278981302,0.463617463617,1.42084529335,0.637871901162,5.2,2.22747747748,1.42084529335,5.2,0,0,0,0,0.160752482811,37,37,37,1,0,0.405405405405,0.540540540541,0.0540540540541,37,193,0.144894894895,2.89614937854,10.4324324324,8.39130434783,5.21621621622,4.52487286832,0.433731337119,0.228539420249,5.86010587284,1.12343998598,0.592354012043,3.42486930112,0.656581161354,0.355692480045,1.98487604125,0.685350022329,5.49935981845,2.89614937854,1.98487604125,5.49935981845,0.181461231152,0.0722543352601,50,0.00643500643501,0.19239839436,37,37,37,1,0,0.378378378378,0.621621621622,0,-149,-0.111861861862,1.17086056042,-8.05405405405,-7.15415019763,-4.55521235521,-0.842837287072,0.143372746842,0.0858967776066,-3.64838566954,0.0947435325692,0.0478621517618,-4.62844404532,-0.214683732851,-0.106137771259,1.34427647092,0.314050119611,3.49935981845,1.17086056042,1.34427647092,3.49935981845,-0.162610163096,-0.304314702397,-760,-0.0978120978121,-0.37717843399,-0.027027027027,0.0810810810811,-0.0540540540541,174,19,168,971,0.508771929825,0.980808080808,0.0191919191919,0.491228070175,0.901554404145,0.508771929825,0.65046728972,0.607594468196,0.489580010633,0.481994459834,37,186,0,0,0,0
1254,WLNM_dir_neg,0.567392184068,0.366991650642,00:00:04,10,30,40,1235778075,threshold_sweep,0.3,0.484848484848,0.0860215053763,0.146118721461,16,17,170,355,0.0860215053763,0.954301075269,0.0456989247312,0.913978494624,0.484848484848,0.0860215053763,0.146118721461,0.664874551971,0.646953405018,0.0507614213198,0.0805822964025,0.0403225806452,342,156,186,0,342,0,156,0,186,37,342,0.256756756757,1.72528881811,18.4864864865,15.5454545455,9.77142857143,5.36771015539,0.290358590277,0.142642642643,9.50849154237,1.02869645341,0.544491860281,8.05331334643,0.871264894205,0.461830251304,0.640599570326,0.371299902718,2,1.72528881811,0.640599570326,2,0.344071394247,0.376569037657,810,0.104247104247,0.56957682835,37,37,37,1,0,0.405405405405,0.540540540541,0.0540540540541,37,0.117117117117,2.22747747748,8.43243243243,7.09090909091,4.45714285714,5.03620525429,0.597242289772,0.326923076923,6.00525295579,1.42432281644,0.680873180873,3.83793300225,0.910278981302,0.463617463617,1.42084529335,0.637871901162,5.2,2.22747747748,1.42084529335,5.2,0,0,0,0,0.160752482811,37,37,37,1,0,0.405405405405,0.540540540541,0.0540540540541,37,189,0.141891891892,2.93040299609,10.2162162162,8.21739130435,5.10810810811,4.4729752411,0.437830909843,0.232518232518,5.84419837571,1.14410232752,0.597454597455,3.47837592838,0.680951901322,0.365222365222,2.0350514455,0.694461290209,5.66895295986,2.93040299609,2.0350514455,5.66895295986,0.166268211469,0.0581222056632,39,0.00501930501931,0.190472366362,37,37,37,1,0,0.378378378378,0.621621621622,0,-153,-0.114864864865,1.20511417797,-8.27027027027,-7.32806324111,-4.66332046332,-0.894734914292,0.147472319566,0.0898755898756,-3.66429316666,0.115405874105,0.0529627371733,-4.57493741806,-0.190312992883,-0.0966078860816,1.39445187517,0.323161387491,3.66895295986,1.20511417797,1.39445187517,3.66895295986,-0.177803182778,-0.318446831994,-771,-0.0992277992278,-0.379104461988,-0.027027027027,0.0810810810811,-0.0540540540541,172,17,170,973,0.502923976608,0.982828282828,0.0171717171717,0.497076023392,0.910052910053,0.502923976608,0.647834274953,0.608123046349,0.485752259436,0.479108635097,33,186,0,0,0,0
1255,WLNM_dir_neg,0.567392184068,0.366991650642,00:00:04,10,30,40,1235778075,threshold_sweep,0.4,0.46875,0.0806451612903,0.137614678899,15,17,171,355,0.0806451612903,0.954301075269,0.0456989247312,0.91935483871,0.46875,0.0806451612903,0.137614678899,0.663082437276,0.647550776583,0.0440677966102,0.070853367032,0.0349462365591,342,156,186,0,342,0,156,0,186,37,342,0.256756756757,1.72528881811,18.4864864865,15.5454545455,9.77142857143,5.36771015539,0.290358590277,0.142642642643,9.50849154237,1.02869645341,0.544491860281,8.05331334643,0.871264894205,0.461830251304,0.640599570326,0.371299902718,2,1.72528881811,0.640599570326,2,0.344071394247,0.376569037657,810,0.104247104247,0.56957682835,37,37,37,1,0,0.405405405405,0.540540540541,0.0540540540541,37,0.117117117117,2.22747747748,8.43243243243,7.09090909091,4.45714285714,5.03620525429,0.597242289772,0.326923076923,6.00525295579,1.42432281644,0.680873180873,3.83793300225,0.910278981302,0.463617463617,1.42084529335,0.637871901162,5.2,2.22747747748,1.42084529335,5.2,0,0,0,0,0.160752482811,37,37,37,1,0,0.405405405405,0.540540540541,0.0540540540541,37,188,0.141141141141,2.91702984114,10.1621621622,8.17391304348,5.08108108108,4.43792690287,0.436710892037,0.231311098332,5.8232216092,1.14605957202,0.598044853364,3.44301529976,0.67761471325,0.361989649224,2.01957550369,0.692339678944,5.64611805833,2.91702984114,2.01957550369,5.64611805833,0.123733171876,0.0497487437186,33,0.0042471042471,0.187944541749,37,37,37,1,0,0.378378378378,0.621621621622,0,-154,-0.115615615616,1.19174102303,-8.32432432432,-7.37154150198,-4.69034749035,-0.929783252526,0.14635230176,0.0886684556897,-3.68526993317,0.11736311861,0.0535529930827,-4.61029804668,-0.193650180955,-0.0998406020802,1.37897593336,0.321039776226,3.64611805833,1.19174102303,1.37897593336,3.64611805833,-0.220338222372,-0.326820293938,-777,-0.1,-0.381632286601,-0.027027027027,0.0810810810811,-0.0540540540541,171,17,171,973,0.5,0.982828282828,0.0171717171717,0.5,0.909574468085,0.5,0.645283018868,0.605802994151,0.482828282828,0.476323119777,32,186,0,0,0,0
1256,WLNM_dir_neg,0.567392184068,0.366991650642,00:00:04,10,30,40,1235778075,threshold_sweep,0.5,0.448275862069,0.0698924731183,0.120930232558,13,16,173,356,0.0698924731183,0.956989247312,0.0430107526882,0.930107526882,0.448275862069,0.0698924731183,0.120930232558,0.661290322581,0.649342891278,0.0340715502555,0.0570897534173,0.0268817204301,342,156,186,0,342,0,156,0,186,37,342,0.256756756757,1.72528881811,18.4864864865,15.5454545455,9.77142857143,5.36771015539,0.290358590277,0.142642642643,9.50849154237,1.02869645341,0.544491860281,8.05331334643,0.871264894205,0.461830251304,0.640599570326,0.371299902718,2,1.72528881811,0.640599570326,2,0.344071394247,0.376569037657,810,0.104247104247,0.56957682835,37,37,37,1,0,0.405405405405,0.540540540541,0.0540540540541,37,0.117117117117,2.22747747748,8.43243243243,7.09090909091,4.45714285714,5.03620525429,0.597242289772,0.326923076923,6.00525295579,1.42432281644,0.680873180873,3.83793300225,0.910278981302,0.463617463617,1.42084529335,0.637871901162,5.2,2.22747747748,1.42084529335,5.2,0,0,0,0,0.160752482811,37,37,37,1,0,0.405405405405,0.540540540541,0.0540540540541,37,185,0.138888888889,2.9213402949,10,8.04347826087,5,4.39064662411,0.439064662411,0.231994156318,5.80229839518,1.16045967904,0.60219138057,3.48807492274,0.697614984549,0.370489408327,2.02498967543,0.693171445641,5.66560792334,2.9213402949,2.02498967543,5.66560792334,0.11967752703,0.0420342501297,27,0.0034749034749,0.185811350468,37,37,37,1,0,0.378378378378,0.621621621622,0,-157,-0.117867867868,1.19605147679,-8.48648648649,-7.50197628458,-4.77142857143,-0.977063531287,0.148706072134,0.0893515136758,-3.7061931472,0.13176322562,0.0576995202884,-4.56523842369,-0.173649909656,-0.0913408429767,1.3843901051,0.321871542924,3.66560792334,1.19605147679,1.3843901051,3.66560792334,-0.224393867217,-0.334534787527,-783,-0.100772200772,-0.383765477882,-0.027027027027,0.0810810810811,-0.0540540540541,169,16,173,974,0.494152046784,0.983838383838,0.0161616161616,0.505847953216,0.913513513514,0.494152046784,0.641366223909,0.603784944067,0.477990430622,0.472067039106,29,186,0,0,0,0
1257,WLNM_dir_neg,0.567392184068,0.366991650642,00:00:04,10,30,40,1235778075,threshold_sweep,0.6,0.448275862069,0.0698924731183,0.120930232558,13,16,173,356,0.0698924731183,0.956989247312,0.0430107526882,0.930107526882,0.448275862069,0.0698924731183,0.120930232558,0.661290322581,0.649342891278,0.0340715502555,0.0570897534173,0.0268817204301,342,156,186,0,342,0,156,0,186,37,342,0.256756756757,1.72528881811,18.4864864865,15.5454545455,9.77142857143,5.36771015539,0.290358590277,0.142642642643,9.50849154237,1.02869645341,0.544491860281,8.05331334643,0.871264894205,0.461830251304,0.640599570326,0.371299902718,2,1.72528881811,0.640599570326,2,0.344071394247,0.376569037657,810,0.104247104247,0.56957682835,37,37,37,1,0,0.405405405405,0.540540540541,0.0540540540541,37,0.117117117117,2.22747747748,8.43243243243,7.09090909091,4.45714285714,5.03620525429,0.597242289772,0.326923076923,6.00525295579,1.42432281644,0.680873180873,3.83793300225,0.910278981302,0.463617463617,1.42084529335,0.637871901162,5.2,2.22747747748,1.42084529335,5.2,0,0,0,0,0.160752482811,37,37,37,1,0,0.405405405405,0.540540540541,0.0540540540541,37,185,0.138888888889,2.9213402949,10,8.04347826087,5,4.39064662411,0.439064662411,0.231994156318,5.80229839518,1.16045967904,0.60219138057,3.48807492274,0.697614984549,0.370489408327,2.02498967543,0.693171445641,5.66560792334,2.9213402949,2.02498967543,5.66560792334,0.11967752703,0.0420342501297,27,0.0034749034749,0.185811350468,37,37,37,1,0,0.378378378378,0.621621621622,0,-157,-0.117867867868,1.19605147679,-8.48648648649,-7.50197628458,-4.77142857143,-0.977063531287,0.148706072134,0.0893515136758,-3.7061931472,0.13176322562,0.0576995202884,-4.56523842369,-0.173649909656,-0.0913408429767,1.3843901051,0.321871542924,3.66560792334,1.19605147679,1.3843901051,3.66560792334,-0.224393867217,-0.334534787527,-783,-0.100772200772,-0.383765477882,-0.027027027027,0.0810810810811,-0.0540540540541,169,16,173,974,0.494152046784,0.983838383838,0.0161616161616,0.505847953216,0.913513513514,0.494152046784,0.641366223909,0.603784944067,0.477990430622,0.472067039106,29,186,0,0,0,0
1258,WLNM_dir_neg,0.567392184068,0.366991650642,00:00:04,10,30,40,1235778075,threshold_sweep,0.7,0.448275862069,0.0698924731183,0.120930232558,13,16,173,356,0.0698924731183,0.956989247312,0.0430107526882,0.930107526882,0.448275862069,0.0698924731183,0.120930232558,0.661290322581,0.649342891278,0.0340715502555,0.0570897534173,0.0268817204301,342,156,186,0,342,0,156,0,186,37,342,0.256756756757,1.72528881811,18.4864864865,15.5454545455,9.77142857143,5.36771015539,0.290358590277,0.142642642643,9.50849154237,1.02869645341,0.544491860281,8.05331334643,0.871264894205,0.461830251304,0.640599570326,0.371299902718,2,1.72528881811,0.640599570326,2,0.344071394247,0.376569037657,810,0.104247104247,0.56957682835,37,37,37,1,0,0.405405405405,0.540540540541,0.0540540540541,37,0.117117117117,2.22747747748,8.43243243243,7.09090909091,4.45714285714,5.03620525429,0.597242289772,0.326923076923,6.00525295579,1.42432281644,0.680873180873,3.83793300225,0.910278981302,0.463617463617,1.42084529335,0.637871901162,5.2,2.22747747748,1.42084529335,5.2,0,0,0,0,0.160752482811,37,37,37,1,0,0.405405405405,0.540540540541,0.0540540540541,37,185,0.138888888889,2.9213402949,10,8.04347826087,5,4.39064662411,0.439064662411,0.231994156318,5.80229839518,1.16045967904,0.60219138057,3.48807492274,0.697614984549,0.370489408327,2.02498967543,0.693171445641,5.66560792334,2.9213402949,2.02498967543,5.66560792334,0.11967752703,0.0420342501297,27,0.0034749034749,0.185811350468,37,37,37,1,0,0.378378378378,0.621621621622,0,-157,-0.117867867868,1.19605147679,-8.48648648649,-7.50197628458,-4.77142857143,-0.977063531287,0.148706072134,0.0893515136758,-3.7061931472,0.13176322562,0.0576995202884,-4.56523842369,-0.173649909656,-0.0913408429767,1.3843901051,0.321871542924,3.66560792334,1.19605147679,1.3843901051,3.66560792334,-0.224393867217,-0.334534787527,-783,-0.100772200772,-0.383765477882,-0.027027027027,0.0810810810811,-0.0540540540541,169,16,173,974,0.494152046784,0.983838383838,0.0161616161616,0.505847953216,0.913513513514,0.494152046784,0.641366223909,0.603784944067,0.477990430622,0.472067039106,29,186,0,0,0,0
1259,WLNM_dir_neg,0.567392184068,0.366991650642,00:00:04,10,30,40,1235778075,threshold_sweep,0.8,0.448275862069,0.0698924731183,0.120930232558,13,16,173,356,0.0698924731183,0.956989247312,0.0430107526882,0.930107526882,0.448275862069,0.0698924731183,0.120930232558,0.661290322581,0.649342891278,0.0340715502555,0.0570897534173,0.0268817204301,342,156,186,0,342,0,156,0,186,37,342,0.256756756757,1.72528881811,18.4864864865,15.5454545455,9.77142857143,5.36771015539,0.290358590277,0.142642642643,9.50849154237,1.02869645341,0.544491860281,8.05331334643,0.871264894205,0.461830251304,0.640599570326,0.371299902718,2,1.72528881811,0.640599570326,2,0.344071394247,0.376569037657,810,0.104247104247,0.56957682835,37,37,37,1,0,0.405405405405,0.540540540541,0.0540540540541,37,0.117117117117,2.22747747748,8.43243243243,7.09090909091,4.45714285714,5.03620525429,0.597242289772,0.326923076923,6.00525295579,1.42432281644,0.680873180873,3.83793300225,0.910278981302,0.463617463617,1.42084529335,0.637871901162,5.2,2.22747747748,1.42084529335,5.2,0,0,0,0,0.160752482811,37,37,37,1,0,0.405405405405,0.540540540541,0.0540540540541,37,185,0.138888888889,2.9213402949,10,8.04347826087,5,4.39064662411,0.439064662411,0.231994156318,5.80229839518,1.16045967904,0.60219138057,3.48807492274,0.697614984549,0.370489408327,2.02498967543,0.693171445641,5.66560792334,2.9213402949,2.02498967543,5.66560792334,0.11967752703,0.0420342501297,27,0.0034749034749,0.185811350468,37,37,37,1,0,0.378378378378,0.621621621622,0,-157,-0.117867867868,1.19605147679,-8.48648648649,-7.50197628458,-4.77142857143,-0.977063531287,0.148706072134,0.0893515136758,-3.7061931472,0.13176322562,0.0576995202884,-4.56523842369,-0.173649909656,-0.0913408429767,1.3843901051,0.321871542924,3.66560792334,1.19605147679,1.3843901051,3.66560792334,-0.224393867217,-0.334534787527,-783,-0.100772200772,-0.383765477882,-0.027027027027,0.0810810810811,-0.0540540540541,169,16,173,974,0.494152046784,0.983838383838,0.0161616161616,0.505847953216,0.913513513514,0.494152046784,0.641366223909,0.603784944067,0.477990430622,0.472067039106,29,186,0,0,0,0
1260,WLNM_dir_neg,0.567392184068,0.366991650642,00:00:04,10,30,40,1235778075,threshold_sweep,0.9,0.478260869565,0.0591397849462,0.105263157895,11,12,175,360,0.0591397849462,0.967741935484,0.0322580645161,0.940860215054,0.478260869565,0.0591397849462,0.105263157895,0.664874551971,0.652927120669,0.0344234079174,0.0637447163796,0.0268817204301,342,156,186,0,342,0,156,0,186,37,342,0.256756756757,1.72528881811,18.4864864865,15.5454545455,9.77142857143,5.36771015539,0.290358590277,0.142642642643,9.50849154237,1.02869645341,0.544491860281,8.05331334643,0.871264894205,0.461830251304,0.640599570326,0.371299902718,2,1.72528881811,0.640599570326,2,0.344071394247,0.376569037657,810,0.104247104247,0.56957682835,37,37,37,1,0,0.405405405405,0.540540540541,0.0540540540541,37,0.117117117117,2.22747747748,8.43243243243,7.09090909091,4.45714285714,5.03620525429,0.597242289772,0.326923076923,6.00525295579,1.42432281644,0.680873180873,3.83793300225,0.910278981302,0.463617463617,1.42084529335,0.637871901162,5.2,2.22747747748,1.42084529335,5.2,0,0,0,0,0.160752482811,37,37,37,1,0,0.405405405405,0.540540540541,0.0540540540541,37,179,0.134384384384,2.88657677106,9.67567567568,7.78260869565,4.83783783784,4.53415466857,0.468613750663,0.250641703156,5.82386619158,1.2038159167,0.615431073532,3.60950530247,0.746098861404,0.391665408425,1.97504182434,0.684215934993,5.43302433367,2.88657677106,1.97504182434,5.43302433367,0.099764221823,0.032310177706,20,0.002574002574,0.185640729175,37,37,37,1,0,0.378378378378,0.621621621622,0,-163,-0.122372372372,1.16128795294,-8.81081081081,-7.7628458498,-4.93359073359,-0.833555486819,0.178255160386,0.107999060513,-3.6846253508,0.17511946328,0.0709392132503,-4.44380804397,-0.125166032801,-0.0701648428788,1.33444225401,0.312916032275,3.43302433367,1.16128795294,1.33444225401,3.43302433367,-0.244307172424,-0.344258859951,-790,-0.101673101673,-0.383936099175,-0.027027027027,0.0810810810811,-0.0540540540541,167,12,175,978,0.488304093567,0.987878787879,0.0121212121212,0.511695906433,0.932960893855,0.488304093567,0.641074856046,0.609906497239,0.476182881446,0.471751412429,23,186,0,0,0,0
1261,WLNM_dir_neg,0.577378887733,0.439452597329,00:00:05,10,30,41,1235778076,threshold_sweep,0.1,0.558823529412,0.102150537634,0.172727272727,19,15,167,357,0.102150537634,0.959677419355,0.0403225806452,0.897849462366,0.558823529412,0.102150537634,0.172727272727,0.673835125448,0.646356033453,0.0777027027027,0.1218450067,0.0618279569892,342,156,186,0,342,0,156,0,186,37,342,0.256756756757,1.72528881811,18.4864864865,15.5454545455,9.77142857143,5.36771015539,0.290358590277,0.142642642643,9.50849154237,1.02869645341,0.544491860281,8.05331334643,0.871264894205,0.461830251304,0.640599570326,0.371299902718,2,1.72528881811,0.640599570326,2,0.344071394247,0.376569037657,810,0.104247104247,0.56957682835,37,37,37,1,0,0.405405405405,0.540540540541,0.0540540540541,37,0.117117117117,2.22747747748,8.43243243243,7.09090909091,4.45714285714,5.03620525429,0.597242289772,0.326923076923,6.00525295579,1.42432281644,0.680873180873,3.83793300225,0.910278981302,0.463617463617,1.42084529335,0.637871901162,5.2,2.22747747748,1.42084529335,5.2,0,0,0,0,0.160752482811,37,37,37,1,0,0.405405405405,0.540540540541,0.0540540540541,37,190,0.142642642643,4.12077218869,10.2702702703,6.78571428571,5.13513513514,4.59255828396,0.447170148702,0.245945945946,5.9355902176,1.15587809501,0.594310099573,3.56808509305,0.694837623383,0.368421052632,2.15507504631,0.522978448608,5.9852411027,4.12077218869,2.15507504631,5.9852411027,0.183934204677,0.0649350649351,45,0.00579150579151,0.175650843622,37,37,37,1,0,0.243243243243,0.756756756757,0,-152,-0.114114114114,2.39548337057,-8.21621621622,-8.75974025974,-4.63629343629,-0.775151871431,0.156811558424,0.103303303303,-3.57290132478,0.127181641591,0.0498182392919,-4.48522825339,-0.176427270822,-0.0934091986724,1.51447547598,0.15167854589,3.9852411027,2.39548337057,1.51447547598,3.9852411027,-0.16013718957,-0.311633972722,-765,-0.0984555984556,-0.393925984728,-0.162162162162,0.216216216216,-0.0540540540541,175,15,167,975,0.511695906433,0.984848484848,0.0151515151515,0.488304093567,0.921052631579,0.511695906433,0.657894736842,0.620267289242,0.496544391281,0.490196078431,34,186,0,0,0,0
1262,WLNM_dir_neg,0.577378887733,0.439452597329,00:00:05,10,30,41,1235778076,threshold_sweep,0.2,0.68,0.0913978494624,0.161137440758,17,8,169,364,0.0913978494624,0.978494623656,0.0215053763441,0.908602150538,0.68,0.0913978494624,0.161137440758,0.682795698925,0.651732377539,0.0891938250429,0.159266611876,0.0698924731183,342,156,186,0,342,0,156,0,186,37,342,0.256756756757,1.72528881811,18.4864864865,15.5454545455,9.77142857143,5.36771015539,0.290358590277,0.142642642643,9.50849154237,1.02869645341,0.544491860281,8.05331334643,0.871264894205,0.461830251304,0.640599570326,0.371299902718,2,1.72528881811,0.640599570326,2,0.344071394247,0.376569037657,810,0.104247104247,0.56957682835,37,37,37,1,0,0.405405405405,0.540540540541,0.0540540540541,37,0.117117117117,2.22747747748,8.43243243243,7.09090909091,4.45714285714,5.03620525429,0.597242289772,0.326923076923,6.00525295579,1.42432281644,0.680873180873,3.83793300225,0.910278981302,0.463617463617,1.42084529335,0.637871901162,5.2,2.22747747748,1.42084529335,5.2,0,0,0,0,0.160752482811,37,37,37,1,0,0.405405405405,0.540540540541,0.0540540540541,37,181,0.135885885886,2.14258546194,9.78378378378,8.22727272727,4.89189189189,4.50391888085,0.460345299976,0.250709272809,6.07720597252,1.24230177339,0.632223383605,3.5338347426,0.722386107603,0.381364790205,1.20965527355,0.564577373944,3.68637906222,2.14258546194,1.20965527355,3.68637906222,0.174970374042,0.0440251572327,28,0.0036036036036,0.192327971124,37,37,37,1,0,0.405405405405,0.594594594595,0,-161,-0.120870870871,0.417296643821,-8.7027027027,-7.31818181818,-4.87953667954,-0.863791274542,0.169986709699,0.108066630166,-3.43128556985,0.213605319973,0.0877315233233,-4.51947860384,-0.148878786602,-0.0804654610994,0.569055703225,0.193277471227,1.68637906222,0.417296643821,0.569055703225,1.68637906222,-0.169101020206,-0.332543880424,-782,-0.100643500644,-0.377248857226,0,0.0540540540541,-0.0540540540541,173,8,169,982,0.505847953216,0.991919191919,0.00808080808081,0.494152046784,0.955801104972,0.505847953216,0.661567877629,0.634570573378,0.497767145136,0.494285714286,25,186,0,0,0,0
1263,WLNM_dir_neg,0.577378887733,0.439452597329,00:00:05,10,30,41,1235778076,threshold_sweep,0.3,0.666666666667,0.0860215053763,0.152380952381,16,8,170,364,0.0860215053763,0.978494623656,0.0215053763441,0.913978494624,0.666666666667,0.0860215053763,0.152380952381,0.681003584229,0.652329749104,0.0824742268041,0.149906337799,0.0645161290323,342,156,186,0,342,0,156,0,186,37,342,0.256756756757,1.72528881811,18.4864864865,15.5454545455,9.77142857143,5.36771015539,0.290358590277,0.142642642643,9.50849154237,1.02869645341,0.544491860281,8.05331334643,0.871264894205,0.461830251304,0.640599570326,0.371299902718,2,1.72528881811,0.640599570326,2,0.344071394247,0.376569037657,810,0.104247104247,0.56957682835,37,37,37,1,0,0.405405405405,0.540540540541,0.0540540540541,37,0.117117117117,2.22747747748,8.43243243243,7.09090909091,4.45714285714,5.03620525429,0.597242289772,0.326923076923,6.00525295579,1.42432281644,0.680873180873,3.83793300225,0.910278981302,0.463617463617,1.42084529335,0.637871901162,5.2,2.22747747748,1.42084529335,5.2,0,0,0,0,0.160752482811,37,37,37,1,0,0.405405405405,0.540540540541,0.0540540540541,37,180,0.135135135135,2.19121852553,9.72972972973,8.18181818182,4.86486486486,4.54391319758,0.467013300862,0.253453453453,6.09262834252,1.25237360374,0.635735735736,3.50525131578,0.720523881577,0.382282282282,1.30735741359,0.596634885273,4.39106524663,2.19121852553,1.30735741359,4.39106524663,0.17987912895,0.0427215189873,27,0.0034749034749,0.185248939045,37,37,37,1,0,0.405405405405,0.594594594595,0,-162,-0.121621621622,0.465929707416,-8.75675675676,-7.36363636364,-4.90656370656,-0.823796957813,0.176654710585,0.110810810811,-3.41586319985,0.223677150326,0.0912438754544,-4.54806203065,-0.150741012628,-0.0795479690217,0.666757843261,0.225334982555,2.39106524663,0.465929707416,0.666757843261,2.39106524663,-0.164192265297,-0.33384751867,-783,-0.100772200772,-0.384327889305,0,0.0540540540541,-0.0540540540541,172,8,170,982,0.502923976608,0.991919191919,0.00808080808081,0.497076023392,0.955555555556,0.502923976608,0.659003831418,0.6323182801,0.494843168527,0.491428571429,24,186,0,0,0,0
1264,WLNM_dir_neg,0.577378887733,0.439452597329,00:00:05,10,30,41,1235778076,threshold_sweep,0.4,0.652173913043,0.0806451612903,0.143540669856,15,8,171,364,0.0806451612903,0.978494623656,0.0215053763441,0.91935483871,0.652173913043,0.0806451612903,0.143540669856,0.679211469534,0.652927120669,0.0757314974182,0.140238376035,0.0591397849462,342,156,186,0,342,0,156,0,186,37,342,0.256756756757,1.72528881811,18.4864864865,15.5454545455,9.77142857143,5.36771015539,0.290358590277,0.142642642643,9.50849154237,1.02869645341,0.544491860281,8.05331334643,0.871264894205,0.461830251304,0.640599570326,0.371299902718,2,1.72528881811,0.640599570326,2,0.344071394247,0.376569037657,810,0.104247104247,0.56957682835,37,37,37,1,0,0.405405405405,0.540540540541,0.0540540540541,37,0.117117117117,2.22747747748,8.43243243243,7.09090909091,4.45714285714,5.03620525429,0.597242289772,0.326923076923,6.00525295579,1.42432281644,0.680873180873,3.83793300225,0.910278981302,0.463617463617,1.42084529335,0.637871901162,5.2,2.22747747748,1.42084529335,5.2,0,0,0,0,0.160752482811,37,37,37,1,0,0.405405405405,0.540540540541,0.0540540540541,37,179,0.134384384384,2.18541664245,9.67567567568,8.13636363636,4.83783783784,4.54639083996,0.469878382901,0.25517137249,6.05765591588,1.25214116697,0.636569530424,3.52383561158,0.728390601276,0.385323871357,1.29825820476,0.594055238504,4.3701218638,2.18541664245,1.29825820476,4.3701218638,0.173140522212,0.0382978723404,24,0.0030888030888,0.185074284265,37,37,37,1,0,0.405405405405,0.594594594595,0,-163,-0.122372372372,0.460127824334,-8.81081081081,-7.40909090909,-4.93359073359,-0.821319315434,0.179519792624,0.112528729847,-3.45083562649,0.223444713555,0.0920776701429,-4.52947773486,-0.142874292929,-0.0765063799465,0.657658634435,0.222755335786,2.3701218638,0.460127824334,0.657658634435,2.3701218638,-0.170930872036,-0.338271165316,-786,-0.101158301158,-0.384502544085,0,0.0540540540541,-0.0540540540541,171,8,171,982,0.5,0.991919191919,0.00808080808081,0.5,0.95530726257,0.5,0.656429942418,0.630061942497,0.491919191919,0.488571428571,23,186,0,0,0,0
1265,WLNM_dir_neg,0.577378887733,0.439452597329,00:00:05,10,30,41,1235778076,threshold_sweep,0.5,0.652173913043,0.0806451612903,0.143540669856,15,8,171,364,0.0806451612903,0.978494623656,0.0215053763441,0.91935483871,0.652173913043,0.0806451612903,0.143540669856,0.679211469534,0.652927120669,0.0757314974182,0.140238376035,0.0591397849462,342,156,186,0,342,0,156,0,186,37,342,0.256756756757,1.72528881811,18.4864864865,15.5454545455,9.77142857143,5.36771015539,0.290358590277,0.142642642643,9.50849154237,1.02869645341,0.544491860281,8.05331334643,0.871264894205,0.461830251304,0.640599570326,0.371299902718,2,1.72528881811,0.640599570326,2,0.344071394247,0.376569037657,810,0.104247104247,0.56957682835,37,37,37,1,0,0.405405405405,0.540540540541,0.0540540540541,37,0.117117117117,2.22747747748,8.43243243243,7.09090909091,4.45714285714,5.03620525429,0.597242289772,0.326923076923,6.00525295579,1.42432281644,0.680873180873,3.83793300225,0.910278981302,0.463617463617,1.42084529335,0.637871901162,5.2,2.22747747748,1.42084529335,5.2,0,0,0,0,0.160752482811,37,37,37,1,0,0.405405405405,0.540540540541,0.0540540540541,37,179,0.134384384384,2.18541664245,9.67567567568,8.13636363636,4.83783783784,4.54639083996,0.469878382901,0.25517137249,6.05765591588,1.25214116697,0.636569530424,3.52383561158,0.728390601276,0.385323871357,1.29825820476,0.594055238504,4.3701218638,2.18541664245,1.29825820476,4.3701218638,0.173140522212,0.0382978723404,24,0.0030888030888,0.185074284265,37,37,37,1,0,0.405405405405,0.594594594595,0,-163,-0.122372372372,0.460127824334,-8.81081081081,-7.40909090909,-4.93359073359,-0.821319315434,0.179519792624,0.112528729847,-3.45083562649,0.223444713555,0.0920776701429,-4.52947773486,-0.142874292929,-0.0765063799465,0.657658634435,0.222755335786,2.3701218638,0.460127824334,0.657658634435,2.3701218638,-0.170930872036,-0.338271165316,-786,-0.101158301158,-0.384502544085,0,0.0540540540541,-0.0540540540541,171,8,171,982,0.5,0.991919191919,0.00808080808081,0.5,0.95530726257,0.5,0.656429942418,0.630061942497,0.491919191919,0.488571428571,23,186,0,0,0,0
1266,WLNM_dir_neg,0.577378887733,0.439452597329,00:00:05,10,30,41,1235778076,threshold_sweep,0.6,0.681818181818,0.0806451612903,0.144230769231,15,7,171,365,0.0806451612903,0.981182795699,0.0188172043011,0.91935483871,0.681818181818,0.0806451612903,0.144230769231,0.681003584229,0.653524492234,0.0793103448276,0.149768025058,0.0618279569892,342,156,186,0,342,0,156,0,186,37,342,0.256756756757,1.72528881811,18.4864864865,15.5454545455,9.77142857143,5.36771015539,0.290358590277,0.142642642643,9.50849154237,1.02869645341,0.544491860281,8.05331334643,0.871264894205,0.461830251304,0.640599570326,0.371299902718,2,1.72528881811,0.640599570326,2,0.344071394247,0.376569037657,810,0.104247104247,0.56957682835,37,37,37,1,0,0.405405405405,0.540540540541,0.0540540540541,37,0.117117117117,2.22747747748,8.43243243243,7.09090909091,4.45714285714,5.03620525429,0.597242289772,0.326923076923,6.00525295579,1.42432281644,0.680873180873,3.83793300225,0.910278981302,0.463617463617,1.42084529335,0.637871901162,5.2,2.22747747748,1.42084529335,5.2,0,0,0,0,0.160752482811,37,37,37,1,0,0.405405405405,0.540540540541,0.0540540540541,37,178,0.133633633634,2.14117005092,9.62162162162,8.09090909091,4.81081081081,4.57864215286,0.475870111393,0.257971454601,6.0728806904,1.26234036823,0.63984208928,3.53425961002,0.734649469498,0.387184937747,1.23686661341,0.57765921622,4.21040246022,2.14117005092,1.23686661341,4.21040246022,0.173140522212,0.0382978723404,24,0.0030888030888,0.181959806151,37,37,37,1,0,0.405405405405,0.594594594595,0,-164,-0.123123123123,0.415881232802,-8.86486486486,-7.45454545455,-4.96061776062,-0.789068002531,0.185511521116,0.115328811958,-3.43561085197,0.233643914815,0.095350228999,-4.51905373642,-0.136615424707,-0.0746453135572,0.59626704308,0.206359313502,2.21040246022,0.415881232802,0.59626704308,2.21040246022,-0.170930872036,-0.338271165316,-786,-0.101158301158,-0.387617022199,0,0.0540540540541,-0.0540540540541,171,7,171,983,0.5,0.992929292929,0.00707070707071,0.5,0.960674157303,0.5,0.657692307692,0.63285231363,0.492929292929,0.489971346705,22,186,0,0,0,0
1267,WLNM_dir_neg,0.577378887733,0.439452597329,00:00:05,10,30,41,1235778076,threshold_sweep,0.7,0.631578947368,0.0645161290323,0.117073170732,12,7,174,365,0.0645161290323,0.981182795699,0.0188172043011,0.935483870968,0.631578947368,0.0645161290323,0.117073170732,0.675627240143,0.65531660693,0.0589254766031,0.118785311382,0.0456989247312,342,156,186,0,342,0,156,0,186,37,342,0.256756756757,1.72528881811,18.4864864865,15.5454545455,9.77142857143,5.36771015539,0.290358590277,0.142642642643,9.50849154237,1.02869645341,0.544491860281,8.05331334643,0.871264894205,0.461830251304,0.640599570326,0.371299902718,2,1.72528881811,0.640599570326,2,0.344071394247,0.376569037657,810,0.104247104247,0.56957682835,37,37,37,1,0,0.405405405405,0.540540540541,0.0540540540541,37,0.117117117117,2.22747747748,8.43243243243,7.09090909091,4.45714285714,5.03620525429,0.597242289772,0.326923076923,6.00525295579,1.42432281644,0.680873180873,3.83793300225,0.910278981302,0.463617463617,1.42084529335,0.637871901162,5.2,2.22747747748,1.42084529335,5.2,0,0,0,0,0.160752482811,37,37,37,1,0,0.405405405405,0.540540540541,0.0540540540541,37,175,0.131381381381,2.13300695432,9.45945945946,7.95454545455,4.72972972973,4.67614866812,0.494335716344,0.269343629344,6.0582755552,1.28089254596,0.646177606178,3.51701142582,0.74359670146,0.391969111969,1.229120221,0.576238262376,4.18093567251,2.13300695432,1.229120221,4.18093567251,0.152917051988,0.0309278350515,19,0.0024453024453,0.174679588654,37,37,37,1,0,0.405405405405,0.594594594595,0,-167,-0.125375375375,0.407718136208,-9.02702702703,-7.59090909091,-5.0416988417,-0.691561487273,0.203977126067,0.126700986701,-3.45021598718,0.252196092541,0.101685745896,-4.53630192061,-0.127668192745,-0.0698611393348,0.588520650669,0.204938359658,2.18093567251,0.407718136208,0.588520650669,2.18093567251,-0.191154342259,-0.345641202605,-791,-0.101801801802,-0.394897239696,0,0.0540540540541,-0.0540540540541,168,7,174,983,0.491228070175,0.992929292929,0.00707070707071,0.508771929825,0.96,0.491228070175,0.649903288201,0.626082388706,0.484157363105,0.481375358166,19,186,0,0,0,0
1268,WLNM_dir_neg,0.577378887733,0.439452597329,00:00:05,10,30,41,1235778076,threshold_sweep,0.8,0.666666666667,0.0537634408602,0.0995024875622,10,5,176,367,0.0537634408602,0.986559139785,0.0134408602151,0.94623655914,0.666666666667,0.0537634408602,0.0995024875622,0.675627240143,0.65770609319,0.0523560209424,0.117525123681,0.0403225806452,342,156,186,0,342,0,156,0,186,37,342,0.256756756757,1.72528881811,18.4864864865,15.5454545455,9.77142857143,5.36771015539,0.290358590277,0.142642642643,9.50849154237,1.02869645341,0.544491860281,8.05331334643,0.871264894205,0.461830251304,0.640599570326,0.371299902718,2,1.72528881811,0.640599570326,2,0.344071394247,0.376569037657,810,0.104247104247,0.56957682835,37,37,37,1,0,0.405405405405,0.540540540541,0.0540540540541,37,0.117117117117,2.22747747748,8.43243243243,7.09090909091,4.45714285714,5.03620525429,0.597242289772,0.326923076923,6.00525295579,1.42432281644,0.680873180873,3.83793300225,0.910278981302,0.463617463617,1.42084529335,0.637871901162,5.2,2.22747747748,1.42084529335,5.2,0,0,0,0,0.160752482811,37,37,37,1,0,0.405405405405,0.540540540541,0.0540540540541,37,171,0.128378378378,2.17754998774,9.24324324324,7.77272727273,4.75,4.8385340147,0.523467130245,0.282756440651,6.06149665856,1.31155190858,0.654654654655,3.60055050846,0.779066484286,0.409672830725,1.27460223516,0.585337761398,4.30318471338,2.17754998774,1.27460223516,4.30318471338,0.157872006943,0.0280065897858,17,0.0021879021879,0.169870741332,37,37,37,1,0,0.405405405405,0.567567567568,0.027027027027,-171,-0.128378378378,0.452261169626,-9.24324324324,-7.77272727273,-5.02142857143,-0.529176140693,0.233108539968,0.140113798009,-3.44699488381,0.282855455163,0.110162794373,-4.45276283798,-0.0921984099184,-0.0521574205785,0.63400266483,0.21403785868,2.30318471338,0.452261169626,0.63400266483,2.30318471338,-0.186199387304,-0.348562447871,-793,-0.102059202059,-0.399706087018,0,0.027027027027,-0.027027027027,166,5,176,985,0.485380116959,0.994949494949,0.00505050505051,0.514619883041,0.970760233918,0.485380116959,0.647173489279,0.627271919924,0.480329611909,0.478386167147,15,186,0,0,0,0
1269,WLNM_dir_neg,0.577378887733,0.439452597329,00:00:05,10,30,41,1235778076,threshold_sweep,0.9,0.857142857143,0.0322580645161,0.0621761658031,6,1,180,371,0.0322580645161,0.997311827957,0.00268817204301,0.967741935484,0.857142857143,0.0322580645161,0.0621761658031,0.675627240143,0.662485065711,0.0389380530973,0.125242828695,0.0295698924731,342,156,186,0,342,0,156,0,186,37,342,0.256756756757,1.72528881811,18.4864864865,15.5454545455,9.77142857143,5.36771015539,0.290358590277,0.142642642643,9.50849154237,1.02869645341,0.544491860281,8.05331334643,0.871264894205,0.461830251304,0.640599570326,0.371299902718,2,1.72528881811,0.640599570326,2,0.344071394247,0.376569037657,810,0.104247104247,0.56957682835,37,37,37,1,0,0.405405405405,0.540540540541,0.0540540540541,37,0.117117117117,2.22747747748,8.43243243243,7.09090909091,4.45714285714,5.03620525429,0.597242289772,0.326923076923,6.00525295579,1.42432281644,0.680873180873,3.83793300225,0.910278981302,0.463617463617,1.42084529335,0.637871901162,5.2,2.22747747748,1.42084529335,5.2,0,0,0,0,0.160752482811,37,37,37,1,0,0.405405405405,0.540540540541,0.0540540540541,37,163,0.122372372372,2.18180055055,8.81081081081,7.40909090909,4.52777777778,4.81224039899,0.546174523812,0.297463107279,6.01599469682,1.36559388824,0.668214226496,3.72274883102,0.845041145692,0.437075111922,1.29485768137,0.593481233217,4.38481481481,2.18180055055,1.29485768137,4.38481481481,0.124635349635,0.00891265597148,5,0.000643500643501,0.164289710375,37,37,37,1,0,0.405405405405,0.567567567568,0.027027027027,-179,-0.134384384384,0.456511732436,-9.67567567568,-8.13636363636,-5.24365079365,-0.555469756405,0.255815933534,0.154820464636,-3.49249684555,0.336897434821,0.123722366215,-4.33056451541,-0.0262237485133,-0.0247551393822,0.654258111047,0.222181330499,2.38481481481,0.456511732436,0.654258111047,2.38481481481,-0.219436044612,-0.367656381685,-805,-0.103603603604,-0.405287117975,0,0.027027027027,-0.027027027027,162,1,180,989,0.473684210526,0.99898989899,0.0010101010101,0.526315789474,0.993865030675,0.473684210526,0.641584158416,0.630073780079,0.472674109516,0.472303206997,7,186,0,0,0,0
1270,WLNM_dir_neg,0.499624234015,0.378516006256,00:00:06,10,30,42,1235778077,threshold_sweep,0.1,0.568181818182,0.134408602151,0.217391304348,25,19,161,353,0.134408602151,0.948924731183,0.0510752688172,0.865591397849,0.568181818182,0.134408602151,0.217391304348,0.677419354839,0.640382317802,0.102990033223,0.145760147216,0.0833333333333,342,156,186,0,342,0,156,0,186,37,342,0.256756756757,1.72528881811,18.4864864865,15.5454545455,9.77142857143,5.36771015539,0.290358590277,0.142642642643,9.50849154237,1.02869645341,0.544491860281,8.05331334643,0.871264894205,0.461830251304,0.640599570326,0.371299902718,2,1.72528881811,0.640599570326,2,0.344071394247,0.376569037657,810,0.104247104247,0.56957682835,37,37,37,1,0,0.405405405405,0.540540540541,0.0540540540541,37,0.117117117117,2.18481481481,8.43243243243,7.09090909091,4.45714285714,5.03620525429,0.597242289772,0.326923076923,6.00062559301,1.42322530091,0.680526680527,3.83793300225,0.910278981302,0.463617463617,1.318977792,0.603702328937,4.32037037037,2.18481481481,1.318977792,4.32037037037,0,0,0,0,0.160896782956,37,37,37,1,0,0.405405405405,0.540540540541,0.0540540540541,37,200,0.15015015015,5.99426237919,10.8108108108,6.89655172414,5.40540540541,4.72486236036,0.437049768333,0.232972972973,5.91823669056,1.09487378775,0.571891891892,3.36203856363,0.621977134271,0.338108108108,2.93091727948,0.488953785149,8.06264293792,5.99426237919,2.93091727948,8.06264293792,0.169773144696,0.101627804663,77,0.00990990990991,0.160393364244,37,37,37,1,0,0.216216216216,0.783783783784,0,-142,-0.106606606607,4.26897356107,-7.67567567568,-8.64890282132,-4.36602316602,-0.642847795036,0.146691178056,0.0903303303303,-3.59025485181,0.0661773343393,0.0274000316106,-4.69127478281,-0.249287759934,-0.123722143196,2.29031770916,0.117653882432,6.06264293792,4.26897356107,2.29031770916,6.06264293792,-0.174298249552,-0.274941232993,-733,-0.0943371943372,-0.409183464106,-0.189189189189,0.243243243243,-0.0540540540541,181,19,161,971,0.529239766082,0.980808080808,0.0191919191919,0.470760233918,0.905,0.529239766082,0.667896678967,0.623739657764,0.51004784689,0.501385041551,44,186,0,0,0,0
1271,WLNM_dir_neg,0.499624234015,0.378516006256,00:00:06,10,30,42,1235778077,threshold_sweep,0.2,0.705882352941,0.129032258065,0.218181818182,24,10,162,362,0.129032258065,0.97311827957,0.0268817204301,0.870967741935,0.705882352941,0.129032258065,0.218181818182,0.691756272401,0.646356033453,0.128378378378,0.201309141505,0.102150537634,342,156,186,0,342,0,156,0,186,37,342,0.256756756757,1.72528881811,18.4864864865,15.5454545455,9.77142857143,5.36771015539,0.290358590277,0.142642642643,9.50849154237,1.02869645341,0.544491860281,8.05331334643,0.871264894205,0.461830251304,0.640599570326,0.371299902718,2,1.72528881811,0.640599570326,2,0.344071394247,0.376569037657,810,0.104247104247,0.56957682835,37,37,37,1,0,0.405405405405,0.540540540541,0.0540540540541,37,0.117117117117,2.18481481481,8.43243243243,7.09090909091,4.45714285714,5.03620525429,0.597242289772,0.326923076923,6.00062559301,1.42322530091,0.680526680527,3.83793300225,0.910278981302,0.463617463617,1.318977792,0.603702328937,4.32037037037,2.18481481481,1.318977792,4.32037037037,0,0,0,0,0.160896782956,37,37,37,1,0,0.405405405405,0.540540540541,0.0540540540541,37,190,0.142642642643,2.54079856277,10.2702702703,8.26086956522,5.27777777778,4.43251025347,0.43158652468,0.228022759602,6.03306703907,1.1748604234,0.607396870555,3.36783941754,0.65584241289,0.356187766714,1.55113585726,0.610491473031,4.23566344021,2.54079856277,1.55113585726,4.23566344021,0.150782990566,0.064453125,44,0.00566280566281,0.179393914771,37,37,37,1,0,0.378378378378,0.594594594595,0.027027027027,-152,-0.114114114114,0.815509744653,-8.21621621622,-7.28458498024,-4.49365079365,-0.93519990192,0.141227934403,0.0853801169591,-3.47542450331,0.146163969983,0.0629050102734,-4.68547392889,-0.215422481315,-0.10564248459,0.910536286933,0.239191570313,2.23566344021,0.815509744653,0.910536286933,2.23566344021,-0.193288403681,-0.312115912657,-766,-0.0985842985843,-0.390182913579,-0.027027027027,0.0540540540541,-0.027027027027,180,10,162,980,0.526315789474,0.989898989899,0.010101010101,0.473684210526,0.947368421053,0.526315789474,0.676691729323,0.644838905625,0.516214779373,0.511363636364,34,186,0,0,0,0
1272,WLNM_dir_neg,0.499624234015,0.378516006256,00:00:06,10,30,42,1235778077,threshold_sweep,0.3,0.69696969697,0.123655913978,0.2100456621,23,10,163,362,0.123655913978,0.97311827957,0.0268817204301,0.876344086022,0.69696969697,0.123655913978,0.2100456621,0.689964157706,0.646953405018,0.121827411168,0.193397511366,0.0967741935484,342,156,186,0,342,0,156,0,186,37,342,0.256756756757,1.72528881811,18.4864864865,15.5454545455,9.77142857143,5.36771015539,0.290358590277,0.142642642643,9.50849154237,1.02869645341,0.544491860281,8.05331334643,0.871264894205,0.461830251304,0.640599570326,0.371299902718,2,1.72528881811,0.640599570326,2,0.344071394247,0.376569037657,810,0.104247104247,0.56957682835,37,37,37,1,0,0.405405405405,0.540540540541,0.0540540540541,37,0.117117117117,2.18481481481,8.43243243243,7.09090909091,4.45714285714,5.03620525429,0.597242289772,0.326923076923,6.00062559301,1.42322530091,0.680526680527,3.83793300225,0.910278981302,0.463617463617,1.318977792,0.603702328937,4.32037037037,2.18481481481,1.318977792,4.32037037037,0,0,0,0,0.160896782956,37,37,37,1,0,0.405405405405,0.540540540541,0.0540540540541,37,189,0.141891891892,2.54286455996,10.2162162162,8.21739130435,5.25,4.46676078965,0.437222616976,0.232232232232,6.03592846482,1.18163678941,0.608608608609,3.34816520056,0.655460912278,0.356928356928,1.55466209868,0.61138218809,4.29632714641,2.54286455996,1.55466209868,4.29632714641,0.156874796658,0.0633906633907,43,0.00553410553411,0.176757315187,37,37,37,1,0,0.378378378378,0.594594594595,0.027027027027,-153,-0.114864864865,0.817575741842,-8.27027027027,-7.32806324111,-4.52142857143,-0.900949365744,0.146864026699,0.0895895895896,-3.47256307755,0.152940335995,0.0641167483273,-4.70514814588,-0.215803981927,-0.104901894376,0.914062528357,0.240082285372,2.29632714641,0.817575741842,0.914062528357,2.29632714641,-0.187196597589,-0.313178374266,-767,-0.098712998713,-0.392819513163,-0.027027027027,0.0540540540541,-0.027027027027,179,10,163,980,0.523391812865,0.989898989899,0.010101010101,0.476608187135,0.94708994709,0.523391812865,0.674199623352,0.642599103918,0.513290802764,0.508522727273,33,186,0,0,0,0
1273,WLNM_dir_neg,0.499624234015,0.378516006256,00:00:06,10,30,42,1235778077,threshold_sweep,0.4,0.6875,0.118279569892,0.201834862385,22,10,164,362,0.118279569892,0.97311827957,0.0268817204301,0.881720430108,0.6875,0.118279569892,0.201834862385,0.688172043011,0.647550776583,0.115254237288,0.185308806084,0.0913978494624,342,156,186,0,342,0,156,0,186,37,342,0.256756756757,1.72528881811,18.4864864865,15.5454545455,9.77142857143,5.36771015539,0.290358590277,0.142642642643,9.50849154237,1.02869645341,0.544491860281,8.05331334643,0.871264894205,0.461830251304,0.640599570326,0.371299902718,2,1.72528881811,0.640599570326,2,0.344071394247,0.376569037657,810,0.104247104247,0.56957682835,37,37,37,1,0,0.405405405405,0.540540540541,0.0540540540541,37,0.117117117117,2.18481481481,8.43243243243,7.09090909091,4.45714285714,5.03620525429,0.597242289772,0.326923076923,6.00062559301,1.42322530091,0.680526680527,3.83793300225,0.910278981302,0.463617463617,1.318977792,0.603702328937,4.32037037037,2.18481481481,1.318977792,4.32037037037,0,0,0,0,0.160896782956,37,37,37,1,0,0.405405405405,0.540540540541,0.0540540540541,37,188,0.141141141141,2.54267836172,10.1621621622,8.17391304348,5.22222222222,4.48772098505,0.441610841614,0.235623921794,6.04326244846,1.18936548188,0.611558366878,3.35309457714,0.659917549756,0.35825186889,1.55440270656,0.61132494379,4.2952452922,2.54267836172,1.55440270656,4.2952452922,0.14847858563,0.0564356435644,38,0.0048906048906,0.175080467661,37,37,37,1,0,0.378378378378,0.594594594595,0.027027027027,-154,-0.115615615616,0.817389543607,-8.32432432432,-7.37154150198,-4.54920634921,-0.879989170345,0.151252251337,0.0929812791515,-3.46522909391,0.160669028464,0.0670665065962,-4.70021876929,-0.211347344449,-0.103578382414,0.91380313623,0.240025041072,2.2952452922,0.817389543607,0.91380313623,2.2952452922,-0.195592808617,-0.320133394093,-772,-0.0993564993565,-0.394496360689,-0.027027027027,0.0540540540541,-0.027027027027,178,10,164,980,0.520467836257,0.989898989899,0.010101010101,0.479532163743,0.946808510638,0.520467836257,0.671698113208,0.640355510224,0.510366826156,0.505681818182,32,186,0,0,0,0
1274,WLNM_dir_neg,0.499624234015,0.378516006256,00:00:06,10,30,42,1235778077,threshold_sweep,0.5,0.689655172414,0.10752688172,0.186046511628,20,9,166,363,0.10752688172,0.975806451613,0.0241935483871,0.89247311828,0.689655172414,0.10752688172,0.186046511628,0.686379928315,0.649342891278,0.105621805792,0.176978235594,0.0833333333333,342,156,186,0,342,0,156,0,186,37,342,0.256756756757,1.72528881811,18.4864864865,15.5454545455,9.77142857143,5.36771015539,0.290358590277,0.142642642643,9.50849154237,1.02869645341,0.544491860281,8.05331334643,0.871264894205,0.461830251304,0.640599570326,0.371299902718,2,1.72528881811,0.640599570326,2,0.344071394247,0.376569037657,810,0.104247104247,0.56957682835,37,37,37,1,0,0.405405405405,0.540540540541,0.0540540540541,37,0.117117117117,2.18481481481,8.43243243243,7.09090909091,4.45714285714,5.03620525429,0.597242289772,0.326923076923,6.00062559301,1.42322530091,0.680526680527,3.83793300225,0.910278981302,0.463617463617,1.318977792,0.603702328937,4.32037037037,2.18481481481,1.318977792,4.32037037037,0,0,0,0,0.160896782956,37,37,37,1,0,0.405405405405,0.540540540541,0.0540540540541,37,185,0.138888888889,2.53336363785,10,8.04347826087,5.13888888889,4.46592033566,0.446592033566,0.237545653762,5.95818764391,1.19163752878,0.613878743608,3.43996124009,0.687992248018,0.373703433163,1.54114596266,0.608339813376,4.24363488829,2.53336363785,1.54114596266,4.24363488829,0.141384000904,0.051567239636,34,0.0043758043758,0.17549874239,37,37,37,1,0,0.378378378378,0.594594594595,0.027027027027,-157,-0.117867867868,0.808074819732,-8.48648648649,-7.50197628458,-4.63253968254,-0.901789819735,0.156233443289,0.0949030111192,-3.55030389847,0.162941075366,0.0693868833271,-4.61335210634,-0.183272646187,-0.088126818141,0.900546392336,0.237039910658,2.24363488829,0.808074819732,0.900546392336,2.24363488829,-0.202687393343,-0.325001798021,-776,-0.0998712998713,-0.39407808596,-0.027027027027,0.0540540540541,-0.027027027027,176,9,166,981,0.514619883041,0.990909090909,0.00909090909091,0.485380116959,0.951351351351,0.514619883041,0.667931688805,0.638570907923,0.50552897395,0.501424501425,29,186,0,0,0,0
1275,WLNM_dir_neg,0.499624234015,0.378516006256,00:00:06,10,30,42,1235778077,threshold_sweep,0.6,0.653846153846,0.0913978494624,0.160377358491,17,9,169,363,0.0913978494624,0.975806451613,0.0241935483871,0.908602150538,0.653846153846,0.0913978494624,0.160377358491,0.681003584229,0.651135005974,0.0856164383562,0.150308146951,0.0672043010753,342,156,186,0,342,0,156,0,186,37,342,0.256756756757,1.72528881811,18.4864864865,15.5454545455,9.77142857143,5.36771015539,0.290358590277,0.142642642643,9.50849154237,1.02869645341,0.544491860281,8.05331334643,0.871264894205,0.461830251304,0.640599570326,0.371299902718,2,1.72528881811,0.640599570326,2,0.344071394247,0.376569037657,810,0.104247104247,0.56957682835,37,37,37,1,0,0.405405405405,0.540540540541,0.0540540540541,37,0.117117117117,2.18481481481,8.43243243243,7.09090909091,4.45714285714,5.03620525429,0.597242289772,0.326923076923,6.00062559301,1.42322530091,0.680526680527,3.83793300225,0.910278981302,0.463617463617,1.318977792,0.603702328937,4.32037037037,2.18481481481,1.318977792,4.32037037037,0,0,0,0,0.160896782956,37,37,37,1,0,0.405405405405,0.540540540541,0.0540540540541,37,182,0.136636636637,2.54003147952,9.83783783784,7.91304347826,5.05555555556,4.43166330396,0.450471269908,0.238342738343,5.89433993279,1.19829987645,0.616275616276,3.48312103323,0.708107023239,0.38313038313,1.55118769214,0.61069624713,4.29503386488,2.54003147952,1.55118769214,4.29503386488,0.123395133302,0.039082855654,25,0.0032175032175,0.173853193811,37,37,37,1,0,0.378378378378,0.594594594595,0.027027027027,-160,-0.12012012012,0.81474266141,-8.64864864865,-7.63241106719,-4.71587301587,-0.936046851436,0.160112679631,0.0957000957001,-3.61415160959,0.169603423031,0.0717837559943,-4.5701923132,-0.163157870966,-0.0786998681736,0.910588121812,0.239396344413,2.29503386488,0.81474266141,0.910588121812,2.29503386488,-0.220676260945,-0.337486182003,-785,-0.10102960103,-0.395723634539,-0.027027027027,0.0540540540541,-0.027027027027,173,9,169,981,0.505847953216,0.990909090909,0.00909090909091,0.494152046784,0.950549450549,0.505847953216,0.660305343511,0.631815200827,0.496757044125,0.492877492877,26,186,0,0,0,0
1276,WLNM_dir_neg,0.499624234015,0.378516006256,00:00:06,10,30,42,1235778077,threshold_sweep,0.7,0.608695652174,0.0752688172043,0.133971291866,14,9,172,363,0.0752688172043,0.975806451613,0.0241935483871,0.924731182796,0.608695652174,0.0752688172043,0.133971291866,0.675627240143,0.652927120669,0.065404475043,0.121114961121,0.0510752688172,342,156,186,0,342,0,156,0,186,37,342,0.256756756757,1.72528881811,18.4864864865,15.5454545455,9.77142857143,5.36771015539,0.290358590277,0.142642642643,9.50849154237,1.02869645341,0.544491860281,8.05331334643,0.871264894205,0.461830251304,0.640599570326,0.371299902718,2,1.72528881811,0.640599570326,2,0.344071394247,0.376569037657,810,0.104247104247,0.56957682835,37,37,37,1,0,0.405405405405,0.540540540541,0.0540540540541,37,0.117117117117,2.18481481481,8.43243243243,7.09090909091,4.45714285714,5.03620525429,0.597242289772,0.326923076923,6.00062559301,1.42322530091,0.680526680527,3.83793300225,0.910278981302,0.463617463617,1.318977792,0.603702328937,4.32037037037,2.18481481481,1.318977792,4.32037037037,0,0,0,0,0.160896782956,37,37,37,1,0,0.405405405405,0.540540540541,0.0540540540541,37,179,0.134384384384,2.55065316639,9.67567567568,7.78260869565,4.97222222222,4.40992601383,0.45577447629,0.243696210177,5.87136891815,1.21363491604,0.620866676733,3.53170963883,0.7300181935,0.392571342292,1.5654365989,0.613739499956,4.33319615912,2.55065316639,1.5654365989,4.33319615912,0.116967963098,0.0338527673294,21,0.0027027027027,0.171988342588,37,37,37,1,0,0.378378378378,0.594594594595,0.027027027027,-163,-0.122372372372,0.825364348279,-8.81081081081,-7.7628458498,-4.79920634921,-0.957784141564,0.165415886012,0.101053567534,-3.63712262423,0.184938462627,0.0763748164513,-4.52160370761,-0.141246700705,-0.0692589090119,0.924837028577,0.242439597238,2.33319615912,0.825364348279,0.924837028577,2.33319615912,-0.227103431149,-0.342716270328,-789,-0.101544401544,-0.397588485762,-0.027027027027,0.0540540540541,-0.027027027027,170,9,172,981,0.497076023392,0.990909090909,0.00909090909091,0.502923976608,0.949720670391,0.497076023392,0.652591170825,0.625023081183,0.487985114301,0.48433048433,23,186,0,0,0,0
1277,WLNM_dir_neg,0.499624234015,0.378516006256,00:00:06,10,30,42,1235778077,threshold_sweep,0.8,0.65,0.0698924731183,0.126213592233,13,7,173,365,0.0698924731183,0.981182795699,0.0188172043011,0.930107526882,0.65,0.0698924731183,0.126213592233,0.677419354839,0.654719235364,0.0657439446367,0.129518697248,0.0510752688172,342,156,186,0,342,0,156,0,186,37,342,0.256756756757,1.72528881811,18.4864864865,15.5454545455,9.77142857143,5.36771015539,0.290358590277,0.142642642643,9.50849154237,1.02869645341,0.544491860281,8.05331334643,0.871264894205,0.461830251304,0.640599570326,0.371299902718,2,1.72528881811,0.640599570326,2,0.344071394247,0.376569037657,810,0.104247104247,0.56957682835,37,37,37,1,0,0.405405405405,0.540540540541,0.0540540540541,37,0.117117117117,2.18481481481,8.43243243243,7.09090909091,4.45714285714,5.03620525429,0.597242289772,0.326923076923,6.00062559301,1.42322530091,0.680526680527,3.83793300225,0.910278981302,0.463617463617,1.318977792,0.603702328937,4.32037037037,2.18481481481,1.318977792,4.32037037037,0,0,0,0,0.160896782956,37,37,37,1,0,0.405405405405,0.540540540541,0.0540540540541,37,176,0.132132132132,2.535189861,9.51351351351,7.65217391304,4.88888888889,4.55595837961,0.478893352402,0.257063882064,5.90388481052,1.24115760221,0.630835380835,3.58550635976,0.753771223358,0.402948402948,1.55054710867,0.611609857126,4.56507005539,2.535189861,1.55054710867,4.56507005539,0.120678816809,0.0308775731311,19,0.0024453024453,0.171755008148,37,37,37,1,0,0.378378378378,0.594594594595,0.027027027027,-166,-0.124624624625,0.809901042881,-8.97297297297,-7.89328063241,-4.88253968254,-0.811751775781,0.188534762125,0.114421239421,-3.60460673186,0.212461148796,0.086343520554,-4.46780698668,-0.117493670847,-0.0588818483555,0.909947538346,0.240309954408,2.56507005539,0.809901042881,0.909947538346,2.56507005539,-0.223392577439,-0.345691464526,-791,-0.101801801802,-0.397821820202,-0.027027027027,0.0540540540541,-0.027027027027,169,7,173,983,0.494152046784,0.992929292929,0.00707070707071,0.505847953216,0.960227272727,0.494152046784,0.65250965251,0.628343159212,0.487081339713,0.484240687679,20,186,0,0,0,0
1278,WLNM_dir_neg,0.499624234015,0.378516006256,00:00:06,10,30,42,1235778077,threshold_sweep,0.9,0.65,0.0698924731183,0.126213592233,13,7,173,365,0.0698924731183,0.981182795699,0.0188172043011,0.930107526882,0.65,0.0698924731183,0.126213592233,0.677419354839,0.654719235364,0.0657439446367,0.129518697248,0.0510752688172,342,156,186,0,342,0,156,0,186,37,342,0.256756756757,1.72528881811,18.4864864865,15.5454545455,9.77142857143,5.36771015539,0.290358590277,0.142642642643,9.50849154237,1.02869645341,0.544491860281,8.05331334643,0.871264894205,0.461830251304,0.640599570326,0.371299902718,2,1.72528881811,0.640599570326,2,0.344071394247,0.376569037657,810,0.104247104247,0.56957682835,37,37,37,1,0,0.405405405405,0.540540540541,0.0540540540541,37,0.117117117117,2.18481481481,8.43243243243,7.09090909091,4.45714285714,5.03620525429,0.597242289772,0.326923076923,6.00062559301,1.42322530091,0.680526680527,3.83793300225,0.910278981302,0.463617463617,1.318977792,0.603702328937,4.32037037037,2.18481481481,1.318977792,4.32037037037,0,0,0,0,0.160896782956,37,37,37,1,0,0.405405405405,0.540540540541,0.0540540540541,37,176,0.132132132132,2.535189861,9.51351351351,7.65217391304,4.88888888889,4.55595837961,0.478893352402,0.257063882064,5.90388481052,1.24115760221,0.630835380835,3.58550635976,0.753771223358,0.402948402948,1.55054710867,0.611609857126,4.56507005539,2.535189861,1.55054710867,4.56507005539,0.120678816809,0.0308775731311,19,0.0024453024453,0.171755008148,37,37,37,1,0,0.378378378378,0.594594594595,0.027027027027,-166,-0.124624624625,0.809901042881,-8.97297297297,-7.89328063241,-4.88253968254,-0.811751775781,0.188534762125,0.114421239421,-3.60460673186,0.212461148796,0.086343520554,-4.46780698668,-0.117493670847,-0.0588818483555,0.909947538346,0.240309954408,2.56507005539,0.809901042881,0.909947538346,2.56507005539,-0.223392577439,-0.345691464526,-791,-0.101801801802,-0.397821820202,-0.027027027027,0.0540540540541,-0.027027027027,169,7,173,983,0.494152046784,0.992929292929,0.00707070707071,0.505847953216,0.960227272727,0.494152046784,0.65250965251,0.628343159212,0.487081339713,0.484240687679,20,186,0,0,0,0
1279,WLNM_dir_neg,0.44129379119,0.312866127917,00:00:04,10,30,43,1235778078,threshold_sweep,0.1,0.404255319149,0.102150537634,0.163090128755,19,28,167,344,0.102150537634,0.924731182796,0.0752688172043,0.897849462366,0.404255319149,0.102150537634,0.163090128755,0.650537634409,0.638590203106,0.0330578512397,0.0456273896189,0.0268817204301,342,156,186,0,342,0,156,0,186,37,342,0.256756756757,1.72528881811,18.4864864865,15.5454545455,9.77142857143,5.36771015539,0.290358590277,0.142642642643,9.50849154237,1.02869645341,0.544491860281,8.05331334643,0.871264894205,0.461830251304,0.640599570326,0.371299902718,2,1.72528881811,0.640599570326,2,0.344071394247,0.376569037657,810,0.104247104247,0.56957682835,37,37,37,1,0,0.405405405405,0.540540540541,0.0540540540541,37,0.117117117117,2.21261261261,8.43243243243,7.09090909091,4.45714285714,5.04722443274,0.598549051319,0.327616077616,6.00525295579,1.42432281644,0.680873180873,3.83793300225,0.910278981302,0.463617463617,1.39215458577,0.629190386892,5.2,2.21261261261,1.39215458577,5.2,0,0,0,0,0.161113233172,37,37,37,1,0,0.405405405405,0.540540540541,0.0540540540541,37,203,0.152402402402,22.9396873404,10.972972973,5.8,5.48648648649,5.56520183565,0.507173566303,0.274663826388,5.7956958245,1.05635835225,0.532818532819,3.78316168202,0.689541784408,0.370922646785,5.63434371785,0.24561554106,27.1129605585,22.9396873404,5.63434371785,27.1129605585,0.147460197925,0.0556844547564,40,0.00514800514801,0.16804467691,37,37,37,1,0,0.0540540540541,0.945945945946,0,-139,-0.104354354354,21.2143985223,-7.51351351351,-9.74545454545,-4.28494208494,0.197491680252,0.216814976026,0.132021183745,-3.71279571788,0.0276618988334,-0.0116733274628,-4.27015166441,-0.181723109797,-0.0909076045192,4.99374414752,-0.125684361658,25.1129605585,21.2143985223,4.99374414752,25.1129605585,-0.196611196323,-0.320884582901,-770,-0.0990990990991,-0.40153215144,-0.351351351351,0.405405405405,-0.0540540540541,175,28,167,962,0.511695906433,0.971717171717,0.0282828282828,0.488304093567,0.862068965517,0.511695906433,0.642201834862,0.587562480948,0.48341307815,0.472972972973,47,186,0,0,0,0
1280,WLNM_dir_neg,0.44129379119,0.312866127917,00:00:04,10,30,43,1235778078,threshold_sweep,0.2,0.447368421053,0.0913978494624,0.151785714286,17,21,169,351,0.0913978494624,0.943548387097,0.0564516129032,0.908602150538,0.447368421053,0.0913978494624,0.151785714286,0.659498207885,0.643966547192,0.0436241610738,0.0653935454726,0.0349462365591,342,156,186,0,342,0,156,0,186,37,342,0.256756756757,1.72528881811,18.4864864865,15.5454545455,9.77142857143,5.36771015539,0.290358590277,0.142642642643,9.50849154237,1.02869645341,0.544491860281,8.05331334643,0.871264894205,0.461830251304,0.640599570326,0.371299902718,2,1.72528881811,0.640599570326,2,0.344071394247,0.376569037657,810,0.104247104247,0.56957682835,37,37,37,1,0,0.405405405405,0.540540540541,0.0540540540541,37,0.117117117117,2.21261261261,8.43243243243,7.09090909091,4.45714285714,5.04722443274,0.598549051319,0.327616077616,6.00525295579,1.42432281644,0.680873180873,3.83793300225,0.910278981302,0.463617463617,1.39215458577,0.629190386892,5.2,2.21261261261,1.39215458577,5.2,0,0,0,0,0.161113233172,37,37,37,1,0,0.405405405405,0.540540540541,0.0540540540541,37,194,0.145645645646,6.79160138004,10.4864864865,6.0625,5.24324324324,5.19947444792,0.49582617158,0.268180551686,5.85664582336,1.11698915188,0.568682084146,3.48333656623,0.664347695621,0.359431596545,2.54027574052,0.37403192537,8.80564941836,6.79160138004,2.54027574052,8.80564941836,0.111893174509,0.0401028277635,26,0.0033462033462,0.18117423841,37,37,37,1,0,0.135135135135,0.864864864865,0,-148,-0.111111111111,5.06631256192,-8,-9.48295454545,-4.52818532819,-0.168235707477,0.205467581303,0.125537909043,-3.65184571901,0.0882926984635,0.0241902238647,-4.5699767802,-0.206917198584,-0.102398654759,1.8996761702,0.0027320226524,6.80564941836,5.06631256192,1.8996761702,6.80564941836,-0.232178219738,-0.336466209893,-784,-0.100900900901,-0.38840258994,-0.27027027027,0.324324324324,-0.0540540540541,173,21,169,969,0.505847953216,0.978787878788,0.0212121212121,0.494152046784,0.89175257732,0.505847953216,0.64552238806,0.600169851071,0.484635832004,0.476584022039,38,186,0,0,0,0
1281,WLNM_dir_neg,0.44129379119,0.312866127917,00:00:04,10,30,43,1235778078,threshold_sweep,0.3,0.416666666667,0.0806451612903,0.135135135135,15,21,171,351,0.0806451612903,0.943548387097,0.0564516129032,0.91935483871,0.416666666667,0.0806451612903,0.135135135135,0.655913978495,0.645161290323,0.030303030303,0.0464238345443,0.0241935483871,342,156,186,0,342,0,156,0,186,37,342,0.256756756757,1.72528881811,18.4864864865,15.5454545455,9.77142857143,5.36771015539,0.290358590277,0.142642642643,9.50849154237,1.02869645341,0.544491860281,8.05331334643,0.871264894205,0.461830251304,0.640599570326,0.371299902718,2,1.72528881811,0.640599570326,2,0.344071394247,0.376569037657,810,0.104247104247,0.56957682835,37,37,37,1,0,0.405405405405,0.540540540541,0.0540540540541,37,0.117117117117,2.21261261261,8.43243243243,7.09090909091,4.45714285714,5.04722443274,0.598549051319,0.327616077616,6.00525295579,1.42432281644,0.680873180873,3.83793300225,0.910278981302,0.463617463617,1.39215458577,0.629190386892,5.2,2.21261261261,1.39215458577,5.2,0,0,0,0,0.161113233172,37,37,37,1,0,0.405405405405,0.540540540541,0.0540540540541,37,192,0.144144144144,6.79672705019,10.3783783784,6,5.18918918919,5.10637592379,0.492020596824,0.265061936937,5.79193806481,1.11615473124,0.569538288288,3.53425961002,0.681081279014,0.368243243243,2.54385712038,0.374276780808,8.80915209111,6.79672705019,2.54385712038,8.80915209111,0.109727331167,0.0380952380952,24,0.0030888030888,0.181025002192,37,37,37,1,0,0.135135135135,0.864864864865,0,-150,-0.112612612613,5.07143823208,-8.10810810811,-9.54545454545,-4.58223938224,-0.261334231602,0.201662006547,0.122419294294,-3.71655347757,0.0874582778238,0.025046428007,-4.51905373642,-0.190183615191,-0.0935870080607,1.90325755005,0.00297687809026,6.80915209111,5.07143823208,1.90325755005,6.80915209111,-0.23434406308,-0.338473799562,-786,-0.101158301158,-0.388551826158,-0.27027027027,0.324324324324,-0.0540540540541,171,21,171,969,0.5,0.978787878788,0.0212121212121,0.5,0.890625,0.5,0.640449438202,0.595484905541,0.478787878788,0.471074380165,36,186,0,0,0,0
1282,WLNM_dir_neg,0.44129379119,0.312866127917,00:00:04,10,30,43,1235778078,threshold_sweep,0.4,0.428571428571,0.0806451612903,0.135746606335,15,20,171,352,0.0806451612903,0.94623655914,0.0537634408602,0.91935483871,0.428571428571,0.0806451612903,0.135746606335,0.65770609319,0.645758661888,0.0337268128162,0.0522636979871,0.0268817204301,342,156,186,0,342,0,156,0,186,37,342,0.256756756757,1.72528881811,18.4864864865,15.5454545455,9.77142857143,5.36771015539,0.290358590277,0.142642642643,9.50849154237,1.02869645341,0.544491860281,8.05331334643,0.871264894205,0.461830251304,0.640599570326,0.371299902718,2,1.72528881811,0.640599570326,2,0.344071394247,0.376569037657,810,0.104247104247,0.56957682835,37,37,37,1,0,0.405405405405,0.540540540541,0.0540540540541,37,0.117117117117,2.21261261261,8.43243243243,7.09090909091,4.45714285714,5.04722443274,0.598549051319,0.327616077616,6.00525295579,1.42432281644,0.680873180873,3.83793300225,0.910278981302,0.463617463617,1.39215458577,0.629190386892,5.2,2.21261261261,1.39215458577,5.2,0,0,0,0,0.161113233172,37,37,37,1,0,0.405405405405,0.540540540541,0.0540540540541,37,191,0.143393393393,6.73986726201,10.3243243243,5.96875,5.16216216216,5.08840759884,0.492856233395,0.265600679213,5.79996893437,1.12355419147,0.571388142069,3.52383561158,0.682627840986,0.369322201783,2.50087339238,0.371056772361,8.45594025603,6.73986726201,2.50087339238,8.45594025603,0.109727331167,0.0380952380952,24,0.0030888030888,0.179126480687,37,37,37,1,0,0.135135135135,0.864864864865,0,-151,-0.113363363363,5.0145784439,-8.16216216216,-9.57670454545,-4.60926640927,-0.279302556557,0.202497643118,0.122958036571,-3.70852260801,0.0948577380597,0.0268962817874,-4.52947773486,-0.188637053219,-0.092508049521,1.86027382205,-0.00024313035709,6.45594025603,5.0145784439,1.86027382205,6.45594025603,-0.23434406308,-0.338473799562,-786,-0.101158301158,-0.390450347663,-0.27027027027,0.324324324324,-0.0540540540541,171,20,171,970,0.5,0.979797979798,0.020202020202,0.5,0.895287958115,0.5,0.641651031895,0.59803907285,0.479797979798,0.472375690608,35,186,0,0,0,0
1283,WLNM_dir_neg,0.44129379119,0.312866127917,00:00:04,10,30,43,1235778078,threshold_sweep,0.5,0.571428571429,0.0645161290323,0.115942028986,12,9,174,363,0.0645161290323,0.975806451613,0.0241935483871,0.935483870968,0.571428571429,0.0645161290323,0.115942028986,0.672043010753,0.654121863799,0.0518134715026,0.0998802155689,0.0403225806452,342,156,186,0,342,0,156,0,186,37,342,0.256756756757,1.72528881811,18.4864864865,15.5454545455,9.77142857143,5.36771015539,0.290358590277,0.142642642643,9.50849154237,1.02869645341,0.544491860281,8.05331334643,0.871264894205,0.461830251304,0.640599570326,0.371299902718,2,1.72528881811,0.640599570326,2,0.344071394247,0.376569037657,810,0.104247104247,0.56957682835,37,37,37,1,0,0.405405405405,0.540540540541,0.0540540540541,37,0.117117117117,2.21261261261,8.43243243243,7.09090909091,4.45714285714,5.04722443274,0.598549051319,0.327616077616,6.00525295579,1.42432281644,0.680873180873,3.83793300225,0.910278981302,0.463617463617,1.39215458577,0.629190386892,5.2,2.21261261261,1.39215458577,5.2,0,0,0,0,0.161113233172,37,37,37,1,0,0.405405405405,0.540540540541,0.0540540540541,37,177,0.132882882883,2.35885453135,9.56756756757,8.04545454545,4.78378378378,4.47549215506,0.467777428637,0.251488776913,5.96347743041,1.2466026267,0.635211482669,3.4971030482,0.731032840584,0.389983203543,1.46596982775,0.621475300094,3.95568093392,2.35885453135,1.46596982775,3.95568093392,0.0957586069041,0.0281612368857,17,0.0021879021879,0.18158587223,37,37,37,1,0,0.405405405405,0.594594594595,0,-165,-0.123873873874,0.633565713231,-8.91891891892,-7.5,-4.98764478764,-0.89221800033,0.177418838359,0.10884613427,-3.54501411196,0.217906173282,0.0907196223878,-4.55621029823,-0.140232053621,-0.0718470477614,0.825370257421,0.250175397377,1.95568093392,0.633565713231,0.825370257421,1.95568093392,-0.248312787343,-0.348407800771,-793,-0.102059202059,-0.38799095612,0,0.0540540540541,-0.0540540540541,168,9,174,981,0.491228070175,0.990909090909,0.00909090909091,0.508771929825,0.949152542373,0.491228070175,0.647398843931,0.62047406229,0.482137161085,0.478632478632,21,186,0,0,0,0
1284,WLNM_dir_neg,0.44129379119,0.312866127917,00:00:04,10,30,43,1235778078,threshold_sweep,0.6,0.571428571429,0.0645161290323,0.115942028986,12,9,174,363,0.0645161290323,0.975806451613,0.0241935483871,0.935483870968,0.571428571429,0.0645161290323,0.115942028986,0.672043010753,0.654121863799,0.0518134715026,0.0998802155689,0.0403225806452,342,156,186,0,342,0,156,0,186,37,342,0.256756756757,1.72528881811,18.4864864865,15.5454545455,9.77142857143,5.36771015539,0.290358590277,0.142642642643,9.50849154237,1.02869645341,0.544491860281,8.05331334643,0.871264894205,0.461830251304,0.640599570326,0.371299902718,2,1.72528881811,0.640599570326,2,0.344071394247,0.376569037657,810,0.104247104247,0.56957682835,37,37,37,1,0,0.405405405405,0.540540540541,0.0540540540541,37,0.117117117117,2.21261261261,8.43243243243,7.09090909091,4.45714285714,5.04722443274,0.598549051319,0.327616077616,6.00525295579,1.42432281644,0.680873180873,3.83793300225,0.910278981302,0.463617463617,1.39215458577,0.629190386892,5.2,2.21261261261,1.39215458577,5.2,0,0,0,0,0.161113233172,37,37,37,1,0,0.405405405405,0.540540540541,0.0540540540541,37,177,0.132882882883,2.35885453135,9.56756756757,8.04545454545,4.78378378378,4.47549215506,0.467777428637,0.251488776913,5.96347743041,1.2466026267,0.635211482669,3.4971030482,0.731032840584,0.389983203543,1.46596982775,0.621475300094,3.95568093392,2.35885453135,1.46596982775,3.95568093392,0.0957586069041,0.0281612368857,17,0.0021879021879,0.18158587223,37,37,37,1,0,0.405405405405,0.594594594595,0,-165,-0.123873873874,0.633565713231,-8.91891891892,-7.5,-4.98764478764,-0.89221800033,0.177418838359,0.10884613427,-3.54501411196,0.217906173282,0.0907196223878,-4.55621029823,-0.140232053621,-0.0718470477614,0.825370257421,0.250175397377,1.95568093392,0.633565713231,0.825370257421,1.95568093392,-0.248312787343,-0.348407800771,-793,-0.102059202059,-0.38799095612,0,0.0540540540541,-0.0540540540541,168,9,174,981,0.491228070175,0.990909090909,0.00909090909091,0.508771929825,0.949152542373,0.491228070175,0.647398843931,0.62047406229,0.482137161085,0.478632478632,21,186,0,0,0,0
1285,WLNM_dir_neg,0.44129379119,0.312866127917,00:00:04,10,30,43,1235778078,threshold_sweep,0.7,0.571428571429,0.0645161290323,0.115942028986,12,9,174,363,0.0645161290323,0.975806451613,0.0241935483871,0.935483870968,0.571428571429,0.0645161290323,0.115942028986,0.672043010753,0.654121863799,0.0518134715026,0.0998802155689,0.0403225806452,342,156,186,0,342,0,156,0,186,37,342,0.256756756757,1.72528881811,18.4864864865,15.5454545455,9.77142857143,5.36771015539,0.290358590277,0.142642642643,9.50849154237,1.02869645341,0.544491860281,8.05331334643,0.871264894205,0.461830251304,0.640599570326,0.371299902718,2,1.72528881811,0.640599570326,2,0.344071394247,0.376569037657,810,0.104247104247,0.56957682835,37,37,37,1,0,0.405405405405,0.540540540541,0.0540540540541,37,0.117117117117,2.21261261261,8.43243243243,7.09090909091,4.45714285714,5.04722443274,0.598549051319,0.327616077616,6.00525295579,1.42432281644,0.680873180873,3.83793300225,0.910278981302,0.463617463617,1.39215458577,0.629190386892,5.2,2.21261261261,1.39215458577,5.2,0,0,0,0,0.161113233172,37,37,37,1,0,0.405405405405,0.540540540541,0.0540540540541,37,177,0.132882882883,2.35885453135,9.56756756757,8.04545454545,4.78378378378,4.47549215506,0.467777428637,0.251488776913,5.96347743041,1.2466026267,0.635211482669,3.4971030482,0.731032840584,0.389983203543,1.46596982775,0.621475300094,3.95568093392,2.35885453135,1.46596982775,3.95568093392,0.0957586069041,0.0281612368857,17,0.0021879021879,0.18158587223,37,37,37,1,0,0.405405405405,0.594594594595,0,-165,-0.123873873874,0.633565713231,-8.91891891892,-7.5,-4.98764478764,-0.89221800033,0.177418838359,0.10884613427,-3.54501411196,0.217906173282,0.0907196223878,-4.55621029823,-0.140232053621,-0.0718470477614,0.825370257421,0.250175397377,1.95568093392,0.633565713231,0.825370257421,1.95568093392,-0.248312787343,-0.348407800771,-793,-0.102059202059,-0.38799095612,0,0.0540540540541,-0.0540540540541,168,9,174,981,0.491228070175,0.990909090909,0.00909090909091,0.508771929825,0.949152542373,0.491228070175,0.647398843931,0.62047406229,0.482137161085,0.478632478632,21,186,0,0,0,0
1286,WLNM_dir_neg,0.44129379119,0.312866127917,00:00:04,10,30,43,1235778078,threshold_sweep,0.8,0.571428571429,0.0645161290323,0.115942028986,12,9,174,363,0.0645161290323,0.975806451613,0.0241935483871,0.935483870968,0.571428571429,0.0645161290323,0.115942028986,0.672043010753,0.654121863799,0.0518134715026,0.0998802155689,0.0403225806452,342,156,186,0,342,0,156,0,186,37,342,0.256756756757,1.72528881811,18.4864864865,15.5454545455,9.77142857143,5.36771015539,0.290358590277,0.142642642643,9.50849154237,1.02869645341,0.544491860281,8.05331334643,0.871264894205,0.461830251304,0.640599570326,0.371299902718,2,1.72528881811,0.640599570326,2,0.344071394247,0.376569037657,810,0.104247104247,0.56957682835,37,37,37,1,0,0.405405405405,0.540540540541,0.0540540540541,37,0.117117117117,2.21261261261,8.43243243243,7.09090909091,4.45714285714,5.04722443274,0.598549051319,0.327616077616,6.00525295579,1.42432281644,0.680873180873,3.83793300225,0.910278981302,0.463617463617,1.39215458577,0.629190386892,5.2,2.21261261261,1.39215458577,5.2,0,0,0,0,0.161113233172,37,37,37,1,0,0.405405405405,0.540540540541,0.0540540540541,37,177,0.132882882883,2.35885453135,9.56756756757,8.04545454545,4.78378378378,4.47549215506,0.467777428637,0.251488776913,5.96347743041,1.2466026267,0.635211482669,3.4971030482,0.731032840584,0.389983203543,1.46596982775,0.621475300094,3.95568093392,2.35885453135,1.46596982775,3.95568093392,0.0957586069041,0.0281612368857,17,0.0021879021879,0.18158587223,37,37,37,1,0,0.405405405405,0.594594594595,0,-165,-0.123873873874,0.633565713231,-8.91891891892,-7.5,-4.98764478764,-0.89221800033,0.177418838359,0.10884613427,-3.54501411196,0.217906173282,0.0907196223878,-4.55621029823,-0.140232053621,-0.0718470477614,0.825370257421,0.250175397377,1.95568093392,0.633565713231,0.825370257421,1.95568093392,-0.248312787343,-0.348407800771,-793,-0.102059202059,-0.38799095612,0,0.0540540540541,-0.0540540540541,168,9,174,981,0.491228070175,0.990909090909,0.00909090909091,0.508771929825,0.949152542373,0.491228070175,0.647398843931,0.62047406229,0.482137161085,0.478632478632,21,186,0,0,0,0
1287,WLNM_dir_neg,0.44129379119,0.312866127917,00:00:04,10,30,43,1235778078,threshold_sweep,0.9,0.470588235294,0.0430107526882,0.0788177339901,8,9,178,363,0.0430107526882,0.975806451613,0.0241935483871,0.956989247312,0.470588235294,0.0430107526882,0.0788177339901,0.664874551971,0.65651135006,0.024347826087,0.0516131005198,0.0188172043011,342,156,186,0,342,0,156,0,186,37,342,0.256756756757,1.72528881811,18.4864864865,15.5454545455,9.77142857143,5.36771015539,0.290358590277,0.142642642643,9.50849154237,1.02869645341,0.544491860281,8.05331334643,0.871264894205,0.461830251304,0.640599570326,0.371299902718,2,1.72528881811,0.640599570326,2,0.344071394247,0.376569037657,810,0.104247104247,0.56957682835,37,37,37,1,0,0.405405405405,0.540540540541,0.0540540540541,37,0.117117117117,2.21261261261,8.43243243243,7.09090909091,4.45714285714,5.04722443274,0.598549051319,0.327616077616,6.00525295579,1.42432281644,0.680873180873,3.83793300225,0.910278981302,0.463617463617,1.39215458577,0.629190386892,5.2,2.21261261261,1.39215458577,5.2,0,0,0,0,0.161113233172,37,37,37,1,0,0.405405405405,0.540540540541,0.0540540540541,37,173,0.12987987988,2.43518423874,9.35135135135,7.86363636364,4.67567567568,4.77386528819,0.510500045269,0.275269489142,6.01873950468,1.28724486516,0.648961099828,3.57502178746,0.764600035467,0.404936728636,1.55243110001,0.637500471346,4.79644048943,2.43518423874,1.55243110001,4.79644048943,0.108289319435,0.0251396648045,15,0.0019305019305,0.179668741742,37,37,37,1,0,0.405405405405,0.594594594595,0,-169,-0.126876876877,0.709895420629,-9.13513513514,-7.68181818182,-5.09575289575,-0.593844867203,0.220141454992,0.1326268465,-3.48975203769,0.258548411748,0.104469239547,-4.47829155898,-0.106664858738,-0.0568935226678,0.911831529687,0.266200568628,2.79644048943,0.709895420629,0.911831529687,2.79644048943,-0.235782074813,-0.351429372852,-795,-0.102316602317,-0.389908086608,0,0.0540540540541,-0.0540540540541,164,9,178,981,0.479532163743,0.990909090909,0.00909090909091,0.520467836257,0.947976878613,0.479532163743,0.636893203883,0.611323766642,0.470441254652,0.467236467236,17,186,0,0,0,0
1288,WLNM_dir_neg,0.421399872818,0.362066451749,00:00:05,10,30,44,1235778079,threshold_sweep,0.1,0.479166666667,0.123655913978,0.196581196581,23,25,163,347,0.123655913978,0.932795698925,0.0672043010753,0.876344086022,0.479166666667,0.123655913978,0.196581196581,0.663082437276,0.637992831541,0.0693069306931,0.0949070752957,0.0564516129032,342,156,186,0,342,0,156,0,186,37,342,0.256756756757,1.72528881811,18.4864864865,15.5454545455,9.77142857143,5.36771015539,0.290358590277,0.142642642643,9.50849154237,1.02869645341,0.544491860281,8.05331334643,0.871264894205,0.461830251304,0.640599570326,0.371299902718,2,1.72528881811,0.640599570326,2,0.344071394247,0.376569037657,810,0.104247104247,0.56957682835,37,37,37,1,0,0.405405405405,0.540540540541,0.0540540540541,37,0.117117117117,2.18481481481,8.43243243243,7.09090909091,4.45714285714,5.03620525429,0.597242289772,0.326923076923,6.00062559301,1.42322530091,0.680526680527,3.83793300225,0.910278981302,0.463617463617,1.318977792,0.603702328937,4.32037037037,2.18481481481,1.318977792,4.32037037037,0,0,0,0,0.160896782956,37,37,37,1,0,0.405405405405,0.540540540541,0.0540540540541,37,204,0.153153153153,11.3685567445,11.027027027,6.375,5.51351351351,5.52009705272,0.500597036644,0.260201377848,5.97969537324,1.08455259221,0.557763645999,3.51679795665,0.637850609784,0.338367779544,4.42763118297,0.389462909186,14.4602573649,11.3685567445,4.42763118297,14.4602573649,0.169921721981,0.110746513536,90,0.011583011583,0.198535640218,37,37,37,1,0,0.135135135135,0.864864864865,0,-138,-0.103603603604,9.64326792641,-7.45945945946,-9.17045454545,-4.25791505792,0.152386897329,0.210238446367,0.117558735206,-3.52879616913,0.0558561387906,0.0132717857176,-4.53651538979,-0.233414284421,-0.12346247176,3.78703161265,0.0181630064685,12.4602573649,9.64326792641,3.78703161265,12.4602573649,-0.174149672267,-0.265822524121,-720,-0.0926640926641,-0.371041188132,-0.27027027027,0.324324324324,-0.0540540540541,179,25,163,965,0.523391812865,0.974747474747,0.0252525252525,0.476608187135,0.877450980392,0.523391812865,0.655677655678,0.604243256294,0.498139287613,0.487738419619,48,186,0,0,0,0
1289,WLNM_dir_neg,0.421399872818,0.362066451749,00:00:05,10,30,44,1235778079,threshold_sweep,0.2,0.621621621622,0.123655913978,0.206278026906,23,14,163,358,0.123655913978,0.962365591398,0.0376344086022,0.876344086022,0.621621621622,0.123655913978,0.206278026906,0.682795698925,0.644563918757,0.10756302521,0.162972848661,0.0860215053763,342,156,186,0,342,0,156,0,186,37,342,0.256756756757,1.72528881811,18.4864864865,15.5454545455,9.77142857143,5.36771015539,0.290358590277,0.142642642643,9.50849154237,1.02869645341,0.544491860281,8.05331334643,0.871264894205,0.461830251304,0.640599570326,0.371299902718,2,1.72528881811,0.640599570326,2,0.344071394247,0.376569037657,810,0.104247104247,0.56957682835,37,37,37,1,0,0.405405405405,0.540540540541,0.0540540540541,37,0.117117117117,2.18481481481,8.43243243243,7.09090909091,4.45714285714,5.03620525429,0.597242289772,0.326923076923,6.00062559301,1.42322530091,0.680526680527,3.83793300225,0.910278981302,0.463617463617,1.318977792,0.603702328937,4.32037037037,2.18481481481,1.318977792,4.32037037037,0,0,0,0,0.160896782956,37,37,37,1,0,0.405405405405,0.540540540541,0.0540540540541,37,193,0.144894894895,2.08235478344,10.4324324324,8.77272727273,5.21621621622,4.89637360446,0.469341511309,0.250245063717,6.21438803251,1.19135936375,0.613079400644,3.13701145054,0.601395977565,0.322643887411,1.10546849094,0.530874229372,3.11461075012,2.08235478344,1.10546849094,3.11461075012,0.122601472292,0.057476635514,41,0.00527670527671,0.189165009438,37,37,37,1,0,0.405405405405,0.594594594595,0,-149,-0.111861861862,0.357065965322,-8.05405405405,-6.77272727273,-4.55521235521,-0.471336550931,0.178982921031,0.107602421074,-3.29410350986,0.162662910331,0.0685875403628,-4.91630189589,-0.26986891664,-0.139186363893,0.46486892061,0.159574326654,1.11461075012,0.357065965322,0.46486892061,1.11461075012,-0.221469921956,-0.319092402143,-769,-0.0989703989704,-0.380411818912,0,0.0540540540541,-0.0540540540541,179,14,163,976,0.523391812865,0.985858585859,0.0141414141414,0.476608187135,0.927461139896,0.523391812865,0.669158878505,0.63200645139,0.509250398724,0.502808988764,37,186,0,0,0,0
1290,WLNM_dir_neg,0.421399872818,0.362066451749,00:00:05,10,30,44,1235778079,threshold_sweep,0.3,0.611111111111,0.118279569892,0.198198198198,22,14,164,358,0.118279569892,0.962365591398,0.0376344086022,0.881720430108,0.611111111111,0.118279569892,0.198198198198,0.681003584229,0.645161290323,0.10101010101,0.154746115148,0.0806451612903,342,156,186,0,342,0,156,0,186,37,342,0.256756756757,1.72528881811,18.4864864865,15.5454545455,9.77142857143,5.36771015539,0.290358590277,0.142642642643,9.50849154237,1.02869645341,0.544491860281,8.05331334643,0.871264894205,0.461830251304,0.640599570326,0.371299902718,2,1.72528881811,0.640599570326,2,0.344071394247,0.376569037657,810,0.104247104247,0.56957682835,37,37,37,1,0,0.405405405405,0.540540540541,0.0540540540541,37,0.117117117117,2.18481481481,8.43243243243,7.09090909091,4.45714285714,5.03620525429,0.597242289772,0.326923076923,6.00062559301,1.42322530091,0.680526680527,3.83793300225,0.910278981302,0.463617463617,1.318977792,0.603702328937,4.32037037037,2.18481481481,1.318977792,4.32037037037,0,0,0,0,0.160896782956,37,37,37,1,0,0.405405405405,0.540540540541,0.0540540540541,37,192,0.144144144144,2.08852848888,10.3783783784,8.72727272727,5.18918918919,4.85541708559,0.467839667101,0.250422297297,6.2085865176,1.19644636016,0.614301801802,3.14322762139,0.605726156206,0.323761261261,1.11732273609,0.534980845145,3.30360698274,2.08852848888,1.11732273609,3.30360698274,0.118900692275,0.0539262062441,38,0.0048906048906,0.187422241624,37,37,37,1,0,0.405405405405,0.594594594595,0,-150,-0.112612612613,0.363239670763,-8.10810810811,-6.81818181818,-4.58223938224,-0.5122930698,0.177481076824,0.107779654655,-3.29990502477,0.167749906748,0.0698099415205,-4.91008572504,-0.265538737999,-0.138068990043,0.476723165764,0.163680942427,1.30360698274,0.363239670763,0.476723165764,1.30360698274,-0.225170701972,-0.322642831413,-772,-0.0993564993565,-0.382154586726,0,0.0540540540541,-0.0540540540541,178,14,164,976,0.520467836257,0.985858585859,0.0141414141414,0.479532163743,0.927083333333,0.520467836257,0.666666666667,0.629735536351,0.506326422116,0.5,36,186,0,0,0,0
1291,WLNM_dir_neg,0.421399872818,0.362066451749,00:00:05,10,30,44,1235778079,threshold_sweep,0.4,0.6,0.112903225806,0.190045248869,21,14,165,358,0.112903225806,0.962365591398,0.0376344086022,0.887096774194,0.6,0.112903225806,0.190045248869,0.679211469534,0.645758661888,0.0944350758853,0.146338354364,0.0752688172043,342,156,186,0,342,0,156,0,186,37,342,0.256756756757,1.72528881811,18.4864864865,15.5454545455,9.77142857143,5.36771015539,0.290358590277,0.142642642643,9.50849154237,1.02869645341,0.544491860281,8.05331334643,0.871264894205,0.461830251304,0.640599570326,0.371299902718,2,1.72528881811,0.640599570326,2,0.344071394247,0.376569037657,810,0.104247104247,0.56957682835,37,37,37,1,0,0.405405405405,0.540540540541,0.0540540540541,37,0.117117117117,2.18481481481,8.43243243243,7.09090909091,4.45714285714,5.03620525429,0.597242289772,0.326923076923,6.00062559301,1.42322530091,0.680526680527,3.83793300225,0.910278981302,0.463617463617,1.318977792,0.603702328937,4.32037037037,2.18481481481,1.318977792,4.32037037037,0,0,0,0,0.160896782956,37,37,37,1,0,0.405405405405,0.540540540541,0.0540540540541,37,191,0.143393393393,2.09275358371,10.3243243243,8.68181818182,5.16216216216,4.76709819756,0.461734642173,0.247488326022,6.17123035416,1.19547394295,0.614970991934,3.15800142067,0.611759437513,0.326022357436,1.12485309266,0.537499064111,3.32139391138,2.09275358371,1.12485309266,3.32139391138,0.113006278486,0.0504080652904,35,0.0045045045045,0.186892484266,37,37,37,1,0,0.405405405405,0.594594594595,0,-151,-0.113363363363,0.367464765599,-8.16216216216,-6.86363636364,-4.60926640927,-0.600611957829,0.171376051895,0.10484568338,-3.33726118822,0.166777489537,0.070479131653,-4.89531192576,-0.259505456692,-0.135807893868,0.484253522336,0.166199161394,1.32139391138,0.367464765599,0.484253522336,1.32139391138,-0.231065115761,-0.326160972366,-775,-0.0997425997426,-0.382684344083,0,0.0540540540541,-0.0540540540541,177,14,165,976,0.517543859649,0.985858585859,0.0141414141414,0.482456140351,0.926701570681,0.517543859649,0.664165103189,0.627460607292,0.503402445508,0.497191011236,35,186,0,0,0,0
1292,WLNM_dir_neg,0.421399872818,0.362066451749,00:00:05,10,30,44,1235778079,threshold_sweep,0.5,0.7,0.112903225806,0.194444444444,21,9,165,363,0.112903225806,0.975806451613,0.0241935483871,0.887096774194,0.7,0.112903225806,0.194444444444,0.688172043011,0.648745519713,0.112244897959,0.185404962177,0.0887096774194,342,156,186,0,342,0,156,0,186,37,342,0.256756756757,1.72528881811,18.4864864865,15.5454545455,9.77142857143,5.36771015539,0.290358590277,0.142642642643,9.50849154237,1.02869645341,0.544491860281,8.05331334643,0.871264894205,0.461830251304,0.640599570326,0.371299902718,2,1.72528881811,0.640599570326,2,0.344071394247,0.376569037657,810,0.104247104247,0.56957682835,37,37,37,1,0,0.405405405405,0.540540540541,0.0540540540541,37,0.117117117117,2.18481481481,8.43243243243,7.09090909091,4.45714285714,5.03620525429,0.597242289772,0.326923076923,6.00062559301,1.42322530091,0.680526680527,3.83793300225,0.910278981302,0.463617463617,1.318977792,0.603702328937,4.32037037037,2.18481481481,1.318977792,4.32037037037,0,0,0,0,0.160896782956,37,37,37,1,0,0.405405405405,0.540540540541,0.0540540540541,37,186,0.13963963964,2.08277908216,10.0540540541,8.45454545455,5.02702702703,4.80708935928,0.478124479283,0.258209822726,6.11685506743,1.21679374997,0.625399593142,3.30392432055,0.657232257314,0.353966870096,1.12250466894,0.538945622488,3.35859785939,2.08277908216,1.12250466894,3.35859785939,0.115301083413,0.0463840399002,31,0.0039897039897,0.184921578294,37,37,37,1,0,0.405405405405,0.594594594595,0,-156,-0.117117117117,0.357490264042,-8.43243243243,-7.09090909091,-4.7444015444,-0.560620796113,0.187765889006,0.115567180083,-3.39163647495,0.188097296557,0.0809077328602,-4.74938902589,-0.214032636891,-0.107863381208,0.481905098612,0.16764571977,1.35859785939,0.357490264042,0.481905098612,1.35859785939,-0.228770310835,-0.330184997757,-779,-0.100257400257,-0.384655250055,0,0.0540540540541,-0.0540540540541,177,9,165,981,0.517543859649,0.990909090909,0.00909090909091,0.482456140351,0.951612903226,0.517543859649,0.670454545455,0.640814959082,0.508452950558,0.504273504274,30,186,0,0,0,0
1293,WLNM_dir_neg,0.421399872818,0.362066451749,00:00:05,10,30,44,1235778079,threshold_sweep,0.6,0.666666666667,0.0967741935484,0.169014084507,18,9,168,363,0.0967741935484,0.975806451613,0.0241935483871,0.903225806452,0.666666666667,0.0967741935484,0.169014084507,0.682795698925,0.650537634409,0.0923076923077,0.159448201036,0.0725806451613,342,156,186,0,342,0,156,0,186,37,342,0.256756756757,1.72528881811,18.4864864865,15.5454545455,9.77142857143,5.36771015539,0.290358590277,0.142642642643,9.50849154237,1.02869645341,0.544491860281,8.05331334643,0.871264894205,0.461830251304,0.640599570326,0.371299902718,2,1.72528881811,0.640599570326,2,0.344071394247,0.376569037657,810,0.104247104247,0.56957682835,37,37,37,1,0,0.405405405405,0.540540540541,0.0540540540541,37,0.117117117117,2.18481481481,8.43243243243,7.09090909091,4.45714285714,5.03620525429,0.597242289772,0.326923076923,6.00062559301,1.42322530091,0.680526680527,3.83793300225,0.910278981302,0.463617463617,1.318977792,0.603702328937,4.32037037037,2.18481481481,1.318977792,4.32037037037,0,0,0,0,0.160896782956,37,37,37,1,0,0.405405405405,0.540540540541,0.0540540540541,37,183,0.137387387387,2.08665663635,9.89189189189,8.31818181818,4.94594594595,4.94853392309,0.500261626105,0.272042534338,6.12347915788,1.23808048547,0.630926007975,3.37429783598,0.682235081591,0.367154039285,1.13050452719,0.541777936769,3.47202261415,2.08665663635,1.13050452719,3.47202261415,0.119509890253,0.0379362670713,25,0.0032175032175,0.184747281692,37,37,37,1,0,0.405405405405,0.594594594595,0,-159,-0.119369369369,0.361367818231,-8.59459459459,-7.22727272727,-4.82548262548,-0.419176232302,0.209903035828,0.129399891695,-3.38501238449,0.209384032058,0.0864341476939,-4.67901551046,-0.189029812614,-0.0946762120187,0.489904956859,0.170478034051,1.47202261415,0.361367818231,0.489904956859,1.47202261415,-0.224561503994,-0.338632770586,-785,-0.10102960103,-0.384829546658,0,0.0540540540541,-0.0540540540541,174,9,168,981,0.508771929825,0.990909090909,0.00909090909091,0.491228070175,0.950819672131,0.508771929825,0.662857142857,0.634071079582,0.499681020734,0.495726495726,27,186,0,0,0,0
1294,WLNM_dir_neg,0.421399872818,0.362066451749,00:00:05,10,30,44,1235778079,threshold_sweep,0.7,0.64,0.0860215053763,0.151658767773,16,9,170,363,0.0860215053763,0.975806451613,0.0241935483871,0.913978494624,0.64,0.0860215053763,0.151658767773,0.679211469534,0.651732377539,0.0789022298456,0.140889695121,0.0618279569892,342,156,186,0,342,0,156,0,186,37,342,0.256756756757,1.72528881811,18.4864864865,15.5454545455,9.77142857143,5.36771015539,0.290358590277,0.142642642643,9.50849154237,1.02869645341,0.544491860281,8.05331334643,0.871264894205,0.461830251304,0.640599570326,0.371299902718,2,1.72528881811,0.640599570326,2,0.344071394247,0.376569037657,810,0.104247104247,0.56957682835,37,37,37,1,0,0.405405405405,0.540540540541,0.0540540540541,37,0.117117117117,2.18481481481,8.43243243243,7.09090909091,4.45714285714,5.03620525429,0.597242289772,0.326923076923,6.00062559301,1.42322530091,0.680526680527,3.83793300225,0.910278981302,0.463617463617,1.318977792,0.603702328937,4.32037037037,2.18481481481,1.318977792,4.32037037037,0,0,0,0,0.160896782956,37,37,37,1,0,0.405405405405,0.540540540541,0.0540540540541,37,181,0.135885885886,2.08340568203,9.78378378378,8.22727272727,4.89189189189,4.95611370562,0.506564108033,0.275347170375,6.05889513114,1.23855867322,0.632522024787,3.41389142397,0.697867307662,0.373898760639,1.12505117567,0.540005811339,3.46758521143,2.08340568203,1.12505117567,3.46758521143,0.110096358471,0.0308641975309,20,0.002574002574,0.184101885792,37,37,37,1,0,0.405405405405,0.594594594595,0,-161,-0.120870870871,0.358116863918,-8.7027027027,-7.31818181818,-4.87953667954,-0.41159644977,0.216205517756,0.132704527732,-3.44959641123,0.209862219803,0.0880301645059,-4.63942192246,-0.173397586543,-0.0879314906648,0.484451605348,0.168705908621,1.46758521143,0.358116863918,0.484451605348,1.46758521143,-0.233975035776,-0.345704840126,-790,-0.101673101673,-0.385474942558,0,0.0540540540541,-0.0540540540541,172,9,170,981,0.502923976608,0.990909090909,0.00909090909091,0.497076023392,0.950276243094,0.502923976608,0.657743785851,0.629555276739,0.493833067517,0.490028490028,25,186,0,0,0,0
1295,WLNM_dir_neg,0.421399872818,0.362066451749,00:00:05,10,30,44,1235778079,threshold_sweep,0.8,0.666666666667,0.0860215053763,0.152380952381,16,8,170,364,0.0860215053763,0.978494623656,0.0215053763441,0.913978494624,0.666666666667,0.0860215053763,0.152380952381,0.681003584229,0.652329749104,0.0824742268041,0.149906337799,0.0645161290323,342,156,186,0,342,0,156,0,186,37,342,0.256756756757,1.72528881811,18.4864864865,15.5454545455,9.77142857143,5.36771015539,0.290358590277,0.142642642643,9.50849154237,1.02869645341,0.544491860281,8.05331334643,0.871264894205,0.461830251304,0.640599570326,0.371299902718,2,1.72528881811,0.640599570326,2,0.344071394247,0.376569037657,810,0.104247104247,0.56957682835,37,37,37,1,0,0.405405405405,0.540540540541,0.0540540540541,37,0.117117117117,2.18481481481,8.43243243243,7.09090909091,4.45714285714,5.03620525429,0.597242289772,0.326923076923,6.00062559301,1.42322530091,0.680526680527,3.83793300225,0.910278981302,0.463617463617,1.318977792,0.603702328937,4.32037037037,2.18481481481,1.318977792,4.32037037037,0,0,0,0,0.160896782956,37,37,37,1,0,0.405405405405,0.540540540541,0.0540540540541,37,180,0.135135135135,2.06857694493,9.72972972973,8.18181818182,4.86486486486,4.93653414547,0.507366009395,0.274474474474,6.05604455694,1.24485360337,0.633933933934,3.42508849977,0.704045969396,0.376276276276,1.09856904436,0.531074779234,3.36029106029,2.06857694493,1.09856904436,3.36029106029,0.110096358471,0.0308641975309,20,0.002574002574,0.183532349508,37,37,37,1,0,0.405405405405,0.594594594595,0,-162,-0.121621621622,0.343288126813,-8.75675675676,-7.36363636364,-4.90656370656,-0.431176009926,0.217007419118,0.131831831832,-3.45244698543,0.216157149957,0.0894420736526,-4.62822484667,-0.167218924808,-0.0855539750277,0.45796947403,0.159774876516,1.36029106029,0.343288126813,0.45796947403,1.36029106029,-0.233975035776,-0.345704840126,-790,-0.101673101673,-0.386044478842,0,0.0540540540541,-0.0540540540541,172,8,170,982,0.502923976608,0.991919191919,0.00808080808081,0.497076023392,0.955555555556,0.502923976608,0.659003831418,0.6323182801,0.494843168527,0.491428571429,24,186,0,0,0,0
1296,WLNM_dir_neg,0.421399872818,0.362066451749,00:00:05,10,30,44,1235778079,threshold_sweep,0.9,0.695652173913,0.0860215053763,0.153110047847,16,7,170,365,0.0860215053763,0.981182795699,0.0188172043011,0.913978494624,0.695652173913,0.0860215053763,0.153110047847,0.682795698925,0.652927120669,0.0860585197935,0.159361790949,0.0672043010753,342,156,186,0,342,0,156,0,186,37,342,0.256756756757,1.72528881811,18.4864864865,15.5454545455,9.77142857143,5.36771015539,0.290358590277,0.142642642643,9.50849154237,1.02869645341,0.544491860281,8.05331334643,0.871264894205,0.461830251304,0.640599570326,0.371299902718,2,1.72528881811,0.640599570326,2,0.344071394247,0.376569037657,810,0.104247104247,0.56957682835,37,37,37,1,0,0.405405405405,0.540540540541,0.0540540540541,37,0.117117117117,2.18481481481,8.43243243243,7.09090909091,4.45714285714,5.03620525429,0.597242289772,0.326923076923,6.00062559301,1.42322530091,0.680526680527,3.83793300225,0.910278981302,0.463617463617,1.318977792,0.603702328937,4.32037037037,2.18481481481,1.318977792,4.32037037037,0,0,0,0,0.160896782956,37,37,37,1,0,0.405405405405,0.540540540541,0.0540540540541,37,179,0.134384384384,2.07522303645,9.67567567568,8.13636363636,4.83783783784,4.86514847355,0.502822607601,0.272082138004,6.03468453338,1.24739289237,0.635059640646,3.4279368067,0.708567943285,0.377472444512,1.11179246371,0.535746010997,3.40837922471,2.07522303645,1.11179246371,3.40837922471,0.100928167724,0.026617954071,17,0.0021879021879,0.182120214406,37,37,37,1,0,0.405405405405,0.594594594595,0,-163,-0.122372372372,0.349934218333,-8.81081081081,-7.40909090909,-4.93359073359,-0.502561681845,0.212464017324,0.129439495361,-3.47380700899,0.21869643896,0.0905677803649,-4.62537653973,-0.16269695092,-0.0843578067924,0.47119289338,0.164446108279,1.40837922471,0.349934218333,0.47119289338,1.40837922471,-0.243143226524,-0.349951083586,-793,-0.102059202059,-0.387456613944,0,0.0540540540541,-0.0540540540541,172,7,170,983,0.502923976608,0.992929292929,0.00707070707071,0.497076023392,0.960893854749,0.502923976608,0.660268714012,0.635100803812,0.495853269537,0.492836676218,23,186,0,0,0,0
1297,WLNM_dir_neg,0.258570354954,0.321311181572,00:00:04,10,30,45,1235778080,threshold_sweep,0.1,0.54347826087,0.134408602151,0.215517241379,25,21,161,351,0.134408602151,0.943548387097,0.0564516129032,0.865591397849,0.54347826087,0.134408602151,0.215517241379,0.673835125448,0.639187574671,0.0960264900662,0.133619272765,0.0779569892473,342,156,186,0,342,0,156,0,186,37,342,0.256756756757,1.72528881811,18.4864864865,15.5454545455,9.77142857143,5.36771015539,0.290358590277,0.142642642643,9.50849154237,1.02869645341,0.544491860281,8.05331334643,0.871264894205,0.461830251304,0.640599570326,0.371299902718,2,1.72528881811,0.640599570326,2,0.344071394247,0.376569037657,810,0.104247104247,0.56957682835,37,37,37,1,0,0.405405405405,0.540540540541,0.0540540540541,37,0.117117117117,2.18481481481,8.43243243243,7.09090909091,4.45714285714,5.03620525429,0.597242289772,0.326923076923,6.00062559301,1.42322530091,0.680526680527,3.83793300225,0.910278981302,0.463617463617,1.318977792,0.603702328937,4.32037037037,2.18481481481,1.318977792,4.32037037037,0,0,0,0,0.160896782956,37,37,37,1,0,0.405405405405,0.540540540541,0.0540540540541,37,202,0.151651651652,9.50137438344,10.9189189189,6.3125,5.45945945946,5.14445968645,0.471151010887,0.253010436179,5.91887092553,1.08414962497,0.559272143431,3.61012922664,0.661261293988,0.356168049237,3.81548716843,0.401572132036,11.6020251471,9.50137438344,3.81548716843,11.6020251471,0.172478692626,0.0967741935484,77,0.00990990990991,0.193590695687,37,37,37,1,0,0.135135135135,0.864864864865,0,-140,-0.105105105105,7.77608556532,-7.56756756757,-9.23295454545,-4.31196911197,-0.223250468948,0.18079242061,0.110367793536,-3.58962061685,0.0554531715577,0.0147802831492,-4.4431841198,-0.210003600217,-0.105662202067,3.1748875981,0.0302722293181,9.60202514709,7.77608556532,3.1748875981,9.60202514709,-0.171592701621,-0.279794844109,-733,-0.0943371943372,-0.375986132663,-0.27027027027,0.324324324324,-0.0540540540541,181,21,161,969,0.529239766082,0.978787878788,0.0212121212121,0.470760233918,0.89603960396,0.529239766082,0.665441176471,0.618732728943,0.50802764487,0.498622589532,46,186,0,0,0,0
1298,WLNM_dir_neg,0.258570354954,0.321311181572,00:00:04,10,30,45,1235778080,threshold_sweep,0.2,0.560975609756,0.123655913978,0.202643171806,23,18,163,354,0.123655913978,0.951612903226,0.0483870967742,0.876344086022,0.560975609756,0.123655913978,0.202643171806,0.675627240143,0.642174432497,0.093489148581,0.135989642979,0.0752688172043,342,156,186,0,342,0,156,0,186,37,342,0.256756756757,1.72528881811,18.4864864865,15.5454545455,9.77142857143,5.36771015539,0.290358590277,0.142642642643,9.50849154237,1.02869645341,0.544491860281,8.05331334643,0.871264894205,0.461830251304,0.640599570326,0.371299902718,2,1.72528881811,0.640599570326,2,0.344071394247,0.376569037657,810,0.104247104247,0.56957682835,37,37,37,1,0,0.405405405405,0.540540540541,0.0540540540541,37,0.117117117117,2.18481481481,8.43243243243,7.09090909091,4.45714285714,5.03620525429,0.597242289772,0.326923076923,6.00062559301,1.42322530091,0.680526680527,3.83793300225,0.910278981302,0.463617463617,1.318977792,0.603702328937,4.32037037037,2.18481481481,1.318977792,4.32037037037,0,0,0,0,0.160896782956,37,37,37,1,0,0.405405405405,0.540540540541,0.0540540540541,37,197,0.147897897898,9.31280343357,10.6486486486,6.15625,5.32432432432,4.93410025692,0.463354592655,0.251612018109,5.84548284316,1.09788256445,0.561393881191,3.59052807981,0.674363141893,0.364384689258,3.75321426852,0.403016588431,11.3932131985,9.31280343357,3.75321426852,11.3932131985,0.148317483612,0.0812611012433,61,0.00785070785071,0.190539982794,37,37,37,1,0,0.135135135135,0.864864864865,0,-145,-0.108858858859,7.58751461546,-7.83783783784,-9.38920454545,-4.4471042471,-0.433609898473,0.172996002378,0.108969375467,-3.66300869922,0.0691861110364,0.0169020209095,-4.46278526663,-0.196901752312,-0.0974455620461,3.1126146982,0.0317166857128,9.39321319848,7.58751461546,3.1126146982,9.39321319848,-0.195753910636,-0.295307936414,-749,-0.0963963963964,-0.379036845556,-0.27027027027,0.324324324324,-0.0540540540541,179,18,163,972,0.523391812865,0.981818181818,0.0181818181818,0.476608187135,0.908629441624,0.523391812865,0.664192949907,0.621686648136,0.505209994684,0.497222222222,41,186,0,0,0,0
1299,WLNM_dir_neg,0.258570354954,0.321311181572,00:00:04,10,30,45,1235778080,threshold_sweep,0.3,0.758620689655,0.118279569892,0.204651162791,22,7,164,365,0.118279569892,0.981182795699,0.0188172043011,0.881720430108,0.758620689655,0.118279569892,0.204651162791,0.693548387097,0.649342891278,0.126064735945,0.211232087644,0.0994623655914,342,156,186,0,342,0,156,0,186,37,342,0.256756756757,1.72528881811,18.4864864865,15.5454545455,9.77142857143,5.36771015539,0.290358590277,0.142642642643,9.50849154237,1.02869645341,0.544491860281,8.05331334643,0.871264894205,0.461830251304,0.640599570326,0.371299902718,2,1.72528881811,0.640599570326,2,0.344071394247,0.376569037657,810,0.104247104247,0.56957682835,37,37,37,1,0,0.405405405405,0.540540540541,0.0540540540541,37,0.117117117117,2.18481481481,8.43243243243,7.09090909091,4.45714285714,5.03620525429,0.597242289772,0.326923076923,6.00062559301,1.42322530091,0.680526680527,3.83793300225,0.910278981302,0.463617463617,1.318977792,0.603702328937,4.32037037037,2.18481481481,1.318977792,4.32037037037,0,0,0,0,0.160896782956,37,37,37,1,0,0.405405405405,0.540540540541,0.0540540540541,37,185,0.138888888889,2.14411679081,10,8.40909090909,5,4.63680924775,0.463680924775,0.245726807889,6.0736223861,1.21472447722,0.620014609204,3.37474278855,0.674948557711,0.36376917458,1.17068695904,0.545999622808,3.3805228554,2.14411679081,1.17068695904,3.3805228554,0.133942495552,0.0557228915663,37,0.0047619047619,0.188261819879,37,37,37,1,0,0.405405405405,0.594594594595,0,-157,-0.117867867868,0.418827972696,-8.48648648649,-7.13636363636,-4.77142857143,-0.730900907645,0.173322334498,0.103084165246,-3.43486915628,0.186028023804,0.0755227489225,-4.67857055788,-0.196316336494,-0.098061076724,0.530087388714,0.174699720091,1.3805228554,0.418827972696,0.530087388714,1.3805228554,-0.210128898695,-0.320846146091,-773,-0.0994851994852,-0.38131500847,0,0.0540540540541,-0.0540540540541,178,7,164,983,0.520467836257,0.992929292929,0.00707070707071,0.479532163743,0.962162162162,0.520467836257,0.675521821632,0.648509754739,0.513397129187,0.510028653295,29,186,0,0,0,0
1300,WLNM_dir_neg,0.258570354954,0.321311181572,00:00:04,10,30,45,1235778080,threshold_sweep,0.4,0.777777777778,0.112903225806,0.197183098592,21,6,165,366,0.112903225806,0.983870967742,0.0161290322581,0.887096774194,0.777777777778,0.112903225806,0.197183098592,0.693548387097,0.650537634409,0.123076923077,0.212597601381,0.0967741935484,342,156,186,0,342,0,156,0,186,37,342,0.256756756757,1.72528881811,18.4864864865,15.5454545455,9.77142857143,5.36771015539,0.290358590277,0.142642642643,9.50849154237,1.02869645341,0.544491860281,8.05331334643,0.871264894205,0.461830251304,0.640599570326,0.371299902718,2,1.72528881811,0.640599570326,2,0.344071394247,0.376569037657,810,0.104247104247,0.56957682835,37,37,37,1,0,0.405405405405,0.540540540541,0.0540540540541,37,0.117117117117,2.18481481481,8.43243243243,7.09090909091,4.45714285714,5.03620525429,0.597242289772,0.326923076923,6.00062559301,1.42322530091,0.680526680527,3.83793300225,0.910278981302,0.463617463617,1.318977792,0.603702328937,4.32037037037,2.18481481481,1.318977792,4.32037037037,0,0,0,0,0.160896782956,37,37,37,1,0,0.405405405405,0.540540540541,0.0540540540541,37,183,0.137387387387,2.13197645018,9.89189189189,8.31818181818,4.94594594595,4.71277096942,0.476427666308,0.253581450303,6.0458707026,1.22238915845,0.623541574361,3.4152106324,0.690507067753,0.370993944764,1.16036188125,0.544265806101,3.36725794302,2.13197645018,1.16036188125,3.36725794302,0.114391528943,0.0518292682927,34,0.0043758043758,0.187914408188,37,37,37,1,0,0.405405405405,0.594594594595,0,-159,-0.119369369369,0.406687632068,-8.59459459459,-7.22727272727,-4.82548262548,-0.654939185973,0.18606907603,0.11093880766,-3.46262083978,0.193692705034,0.0790497140799,-4.63810271403,-0.180757826452,-0.0908363065395,0.519762310921,0.172965903383,1.36725794302,0.406687632068,0.519762310921,1.36725794302,-0.229679865305,-0.324739769364,-776,-0.0998712998713,-0.381662420162,0,0.0540540540541,-0.0540540540541,177,6,165,984,0.517543859649,0.993939393939,0.00606060606061,0.482456140351,0.967213114754,0.517543859649,0.674285714286,0.649047543,0.511483253589,0.508620689655,27,186,0,0,0,0
1301,WLNM_dir_neg,0.258570354954,0.321311181572,00:00:04,10,30,45,1235778080,threshold_sweep,0.5,0.782608695652,0.0967741935484,0.172248803828,18,5,168,367,0.0967741935484,0.986559139785,0.0134408602151,0.903225806452,0.782608695652,0.0967741935484,0.172248803828,0.689964157706,0.652927120669,0.106712564544,0.197608620777,0.0833333333333,342,156,186,0,342,0,156,0,186,37,342,0.256756756757,1.72528881811,18.4864864865,15.5454545455,9.77142857143,5.36771015539,0.290358590277,0.142642642643,9.50849154237,1.02869645341,0.544491860281,8.05331334643,0.871264894205,0.461830251304,0.640599570326,0.371299902718,2,1.72528881811,0.640599570326,2,0.344071394247,0.376569037657,810,0.104247104247,0.56957682835,37,37,37,1,0,0.405405405405,0.540540540541,0.0540540540541,37,0.117117117117,2.18481481481,8.43243243243,7.09090909091,4.45714285714,5.03620525429,0.597242289772,0.326923076923,6.00062559301,1.42322530091,0.680526680527,3.83793300225,0.910278981302,0.463617463617,1.318977792,0.603702328937,4.32037037037,2.18481481481,1.318977792,4.32037037037,0,0,0,0,0.160896782956,37,37,37,1,0,0.405405405405,0.540540540541,0.0540540540541,37,179,0.134384384384,2.12854482518,9.67567567568,8.13636363636,4.97222222222,4.66103263507,0.481726836586,0.257738185112,5.98383708888,1.23688252675,0.628114147667,3.46019840081,0.71523654095,0.383813981579,1.1531886259,0.541773239755,3.33227908468,2.12854482518,1.1531886259,3.33227908468,0.0905973169905,0.0361635220126,23,0.0029601029601,0.184905380178,37,37,37,1,0,0.405405405405,0.567567567568,0.027027027027,-163,-0.122372372372,0.403256007062,-8.81081081081,-7.40909090909,-4.79920634921,-0.706677520319,0.191368246309,0.11509554247,-3.52465445349,0.208186073338,0.0836222873859,-4.59311494562,-0.156028353255,-0.0780162697246,0.512589055573,0.170473337037,1.33227908468,0.403256007062,0.512589055573,1.33227908468,-0.253474077257,-0.340405515644,-787,-0.101287001287,-0.384671448171,0,0.027027027027,-0.027027027027,174,5,168,985,0.508771929825,0.994949494949,0.00505050505051,0.491228070175,0.972067039106,0.508771929825,0.667946257198,0.645178526441,0.503721424774,0.50144092219,23,186,0,0,0,0
1302,WLNM_dir_neg,0.258570354954,0.321311181572,00:00:04,10,30,45,1235778080,threshold_sweep,0.6,0.761904761905,0.0860215053763,0.154589371981,16,5,170,367,0.0860215053763,0.986559139785,0.0134408602151,0.913978494624,0.761904761905,0.0860215053763,0.154589371981,0.686379928315,0.654121863799,0.0932642487047,0.179784388024,0.0725806451613,342,156,186,0,342,0,156,0,186,37,342,0.256756756757,1.72528881811,18.4864864865,15.5454545455,9.77142857143,5.36771015539,0.290358590277,0.142642642643,9.50849154237,1.02869645341,0.544491860281,8.05331334643,0.871264894205,0.461830251304,0.640599570326,0.371299902718,2,1.72528881811,0.640599570326,2,0.344071394247,0.376569037657,810,0.104247104247,0.56957682835,37,37,37,1,0,0.405405405405,0.540540540541,0.0540540540541,37,0.117117117117,2.18481481481,8.43243243243,7.09090909091,4.45714285714,5.03620525429,0.597242289772,0.326923076923,6.00062559301,1.42322530091,0.680526680527,3.83793300225,0.910278981302,0.463617463617,1.318977792,0.603702328937,4.32037037037,2.18481481481,1.318977792,4.32037037037,0,0,0,0,0.160896782956,37,37,37,1,0,0.405405405405,0.540540540541,0.0540540540541,37,177,0.132882882883,2.12928704689,9.56756756757,8.04545454545,4.91666666667,4.65797130699,0.486850108357,0.258512750038,5.93546373333,1.24074665612,0.629714460223,3.51295329329,0.734346168654,0.394564055581,1.15436261907,0.542135744807,3.33227908468,2.12928704689,1.15436261907,3.33227908468,0.0939893453825,0.0336718332443,21,0.0027027027027,0.184745583265,37,37,37,1,0,0.405405405405,0.567567567568,0.027027027027,-165,-0.123873873874,0.40399822877,-8.91891891892,-7.5,-4.85476190476,-0.709738848408,0.19649151808,0.115870107396,-3.57302780904,0.212050202706,0.0852225999416,-4.54036005314,-0.136918725551,-0.0672661957229,0.513763048744,0.170835842089,1.33227908468,0.40399822877,0.513763048744,1.33227908468,-0.250082048865,-0.342897204413,-789,-0.101544401544,-0.384831245084,0,0.027027027027,-0.027027027027,172,5,170,985,0.502923976608,0.994949494949,0.00505050505051,0.497076023392,0.971751412429,0.502923976608,0.662813102119,0.640725503732,0.497873471558,0.495677233429,21,186,0,0,0,0
1303,WLNM_dir_neg,0.258570354954,0.321311181572,00:00:04,10,30,45,1235778080,threshold_sweep,0.7,0.761904761905,0.0860215053763,0.154589371981,16,5,170,367,0.0860215053763,0.986559139785,0.0134408602151,0.913978494624,0.761904761905,0.0860215053763,0.154589371981,0.686379928315,0.654121863799,0.0932642487047,0.179784388024,0.0725806451613,342,156,186,0,342,0,156,0,186,37,342,0.256756756757,1.72528881811,18.4864864865,15.5454545455,9.77142857143,5.36771015539,0.290358590277,0.142642642643,9.50849154237,1.02869645341,0.544491860281,8.05331334643,0.871264894205,0.461830251304,0.640599570326,0.371299902718,2,1.72528881811,0.640599570326,2,0.344071394247,0.376569037657,810,0.104247104247,0.56957682835,37,37,37,1,0,0.405405405405,0.540540540541,0.0540540540541,37,0.117117117117,2.18481481481,8.43243243243,7.09090909091,4.45714285714,5.03620525429,0.597242289772,0.326923076923,6.00062559301,1.42322530091,0.680526680527,3.83793300225,0.910278981302,0.463617463617,1.318977792,0.603702328937,4.32037037037,2.18481481481,1.318977792,4.32037037037,0,0,0,0,0.160896782956,37,37,37,1,0,0.405405405405,0.540540540541,0.0540540540541,37,177,0.132882882883,2.12928704689,9.56756756757,8.04545454545,4.91666666667,4.65797130699,0.486850108357,0.258512750038,5.93546373333,1.24074665612,0.629714460223,3.51295329329,0.734346168654,0.394564055581,1.15436261907,0.542135744807,3.33227908468,2.12928704689,1.15436261907,3.33227908468,0.0939893453825,0.0336718332443,21,0.0027027027027,0.184745583265,37,37,37,1,0,0.405405405405,0.567567567568,0.027027027027,-165,-0.123873873874,0.40399822877,-8.91891891892,-7.5,-4.85476190476,-0.709738848408,0.19649151808,0.115870107396,-3.57302780904,0.212050202706,0.0852225999416,-4.54036005314,-0.136918725551,-0.0672661957229,0.513763048744,0.170835842089,1.33227908468,0.40399822877,0.513763048744,1.33227908468,-0.250082048865,-0.342897204413,-789,-0.101544401544,-0.384831245084,0,0.027027027027,-0.027027027027,172,5,170,985,0.502923976608,0.994949494949,0.00505050505051,0.497076023392,0.971751412429,0.502923976608,0.662813102119,0.640725503732,0.497873471558,0.495677233429,21,186,0,0,0,0
1304,WLNM_dir_neg,0.258570354954,0.321311181572,00:00:04,10,30,45,1235778080,threshold_sweep,0.8,0.705882352941,0.0645161290323,0.118226600985,12,5,174,367,0.0645161290323,0.986559139785,0.0134408602151,0.935483870968,0.705882352941,0.0645161290323,0.118226600985,0.679211469534,0.65651135006,0.0660869565217,0.140092701411,0.0510752688172,342,156,186,0,342,0,156,0,186,37,342,0.256756756757,1.72528881811,18.4864864865,15.5454545455,9.77142857143,5.36771015539,0.290358590277,0.142642642643,9.50849154237,1.02869645341,0.544491860281,8.05331334643,0.871264894205,0.461830251304,0.640599570326,0.371299902718,2,1.72528881811,0.640599570326,2,0.344071394247,0.376569037657,810,0.104247104247,0.56957682835,37,37,37,1,0,0.405405405405,0.540540540541,0.0540540540541,37,0.117117117117,2.18481481481,8.43243243243,7.09090909091,4.45714285714,5.03620525429,0.597242289772,0.326923076923,6.00062559301,1.42322530091,0.680526680527,3.83793300225,0.910278981302,0.463617463617,1.318977792,0.603702328937,4.32037037037,2.18481481481,1.318977792,4.32037037037,0,0,0,0,0.160896782956,37,37,37,1,0,0.405405405405,0.540540540541,0.0540540540541,37,173,0.12987987988,2.15561362839,9.35135135135,7.86363636364,4.80555555556,4.50441891811,0.481686416098,0.256991095141,5.89752327514,1.26132000682,0.634588345571,3.56724336501,0.762936442228,0.406498984534,1.20497815792,0.558995425732,3.82426966501,2.15561362839,1.20497815792,3.82426966501,0.0947018447018,0.027027027027,16,0.0020592020592,0.180793618924,37,37,37,1,0,0.405405405405,0.567567567568,0.027027027027,-169,-0.126876876877,0.43032481028,-9.13513513514,-7.68181818182,-4.96587301587,-0.863291237287,0.191327825821,0.114348452499,-3.61096826724,0.232623553406,0.0900964852897,-4.48606998142,-0.108328451977,-0.0553312667703,0.564378587593,0.187695523015,1.82426966501,0.43032481028,0.564378587593,1.82426966501,-0.249369549546,-0.34954201063,-794,-0.102187902188,-0.388783209426,0,0.027027027027,-0.027027027027,168,5,174,985,0.491228070175,0.994949494949,0.00505050505051,0.508771929825,0.971098265896,0.491228070175,0.652427184466,0.631772612266,0.486177565125,0.484149855908,17,186,0,0,0,0
1305,WLNM_dir_neg,0.258570354954,0.321311181572,00:00:04,10,30,45,1235778080,threshold_sweep,0.9,0.785714285714,0.0591397849462,0.11,11,3,175,369,0.0591397849462,0.991935483871,0.00806451612903,0.940860215054,0.785714285714,0.0591397849462,0.11,0.681003584229,0.658303464755,0.0664335664336,0.153948384344,0.0510752688172,342,156,186,0,342,0,156,0,186,37,342,0.256756756757,1.72528881811,18.4864864865,15.5454545455,9.77142857143,5.36771015539,0.290358590277,0.142642642643,9.50849154237,1.02869645341,0.544491860281,8.05331334643,0.871264894205,0.461830251304,0.640599570326,0.371299902718,2,1.72528881811,0.640599570326,2,0.344071394247,0.376569037657,810,0.104247104247,0.56957682835,37,37,37,1,0,0.405405405405,0.540540540541,0.0540540540541,37,0.117117117117,2.18481481481,8.43243243243,7.09090909091,4.45714285714,5.03620525429,0.597242289772,0.326923076923,6.00062559301,1.42322530091,0.680526680527,3.83793300225,0.910278981302,0.463617463617,1.318977792,0.603702328937,4.32037037037,2.18481481481,1.318977792,4.32037037037,0,0,0,0,0.160896782956,37,37,37,1,0,0.405405405405,0.540540540541,0.0540540540541,37,170,0.127627627628,2.16678647171,9.18918918919,7.72727272727,4.85714285714,4.62984183698,0.503835729318,0.270747217806,5.93230075032,1.29114781036,0.64546899841,3.63974556085,0.792179916186,0.422257551669,1.22440124348,0.565077020495,3.86331293228,2.16678647171,1.22440124348,3.86331293228,0.0870769929593,0.0240687679083,14,0.0018018018018,0.180776440335,37,37,37,1,0,0.405405405405,0.540540540541,0.0540540540541,-172,-0.129129129129,0.441497653598,-9.2972972973,-7.81818181818,-4.91428571429,-0.737868318415,0.213477139041,0.128104575163,-3.57619079206,0.262451356948,0.100977138129,-4.41356778558,-0.0790849780193,-0.0395726996346,0.583801673157,0.193777117777,1.86331293228,0.441497653598,0.583801673157,1.86331293228,-0.256994401288,-0.352500269749,-796,-0.102445302445,-0.388800388015,0,0,0,167,3,175,987,0.488304093567,0.99696969697,0.0030303030303,0.511695906433,0.982352941176,0.488304093567,0.65234375,0.635316246621,0.485273790537,0.484057971014,14,186,0,0,0,0
1306,WLNM_dir_neg,0.367513585386,0.302871968707,00:00:05,10,30,46,1235778081,threshold_sweep,0.1,0.422222222222,0.102150537634,0.164502164502,19,26,167,346,0.102150537634,0.930107526882,0.0698924731183,0.897849462366,0.422222222222,0.102150537634,0.164502164502,0.654121863799,0.639784946237,0.0398009950249,0.0558471877722,0.0322580645161,342,156,186,0,342,0,156,0,186,37,342,0.256756756757,1.72528881811,18.4864864865,15.5454545455,9.77142857143,5.36771015539,0.290358590277,0.142642642643,9.50849154237,1.02869645341,0.544491860281,8.05331334643,0.871264894205,0.461830251304,0.640599570326,0.371299902718,2,1.72528881811,0.640599570326,2,0.344071394247,0.376569037657,810,0.104247104247,0.56957682835,37,37,37,1,0,0.405405405405,0.540540540541,0.0540540540541,37,0.117117117117,2.18635635636,8.43243243243,7.09090909091,4.45714285714,5.03620525429,0.597242289772,0.326923076923,6.00062559301,1.42322530091,0.680526680527,3.83793300225,0.910278981302,0.463617463617,1.32204914232,0.604681454823,4.3462962963,2.18635635636,1.32204914232,4.3462962963,0,0,0,0,0.160896782956,37,37,37,1,0,0.405405405405,0.540540540541,0.0540540540541,37,201,0.150900900901,11.4707862416,10.8648648649,6.48387096774,5.43243243243,4.78517480327,0.44042653662,0.232889606024,5.78090986947,1.06414758791,0.55748285599,3.78990281714,0.69764380216,0.372193088611,5.08311342742,0.443135572432,15.0985405514,11.4707862416,5.08311342742,15.0985405514,0.171274675222,0.0897959183673,66,0.00849420849421,0.209268438709,37,37,37,1,0,0.162162162162,0.837837837838,0,-141,-0.105855855856,9.74549742349,-7.62162162162,-9.06158357771,-4.338996139,-0.582535352118,0.150067946343,0.0902469633813,-3.72758167291,0.0354511344973,0.012990995709,-4.26341052929,-0.173621092045,-0.0896371626929,4.4425138571,0.0718356697146,13.0985405514,9.74549742349,4.4425138571,13.0985405514,-0.172796719025,-0.28677311929,-744,-0.0957528957529,-0.360308389641,-0.243243243243,0.297297297297,-0.0540540540541,175,26,167,964,0.511695906433,0.973737373737,0.0262626262626,0.488304093567,0.870646766169,0.511695906433,0.644567219153,0.59242157496,0.48543328017,0.475543478261,45,186,0,0,0,0
1307,WLNM_dir_neg,0.367513585386,0.302871968707,00:00:05,10,30,46,1235778081,threshold_sweep,0.2,0.404761904762,0.0913978494624,0.149122807018,17,25,169,347,0.0913978494624,0.932795698925,0.0672043010753,0.908602150538,0.404761904762,0.0913978494624,0.149122807018,0.652329749104,0.641577060932,0.03,0.0432292813278,0.0241935483871,342,156,186,0,342,0,156,0,186,37,342,0.256756756757,1.72528881811,18.4864864865,15.5454545455,9.77142857143,5.36771015539,0.290358590277,0.142642642643,9.50849154237,1.02869645341,0.544491860281,8.05331334643,0.871264894205,0.461830251304,0.640599570326,0.371299902718,2,1.72528881811,0.640599570326,2,0.344071394247,0.376569037657,810,0.104247104247,0.56957682835,37,37,37,1,0,0.405405405405,0.540540540541,0.0540540540541,37,0.117117117117,2.18635635636,8.43243243243,7.09090909091,4.45714285714,5.03620525429,0.597242289772,0.326923076923,6.00062559301,1.42322530091,0.680526680527,3.83793300225,0.910278981302,0.463617463617,1.32204914232,0.604681454823,4.3462962963,2.18635635636,1.32204914232,4.3462962963,0,0,0,0,0.160896782956,37,37,37,1,0,0.405405405405,0.540540540541,0.0540540540541,37,198,0.148648648649,11.0713449597,10.7027027027,6.38709677419,5.35135135135,4.74847849822,0.443670970793,0.238056238056,5.7793512526,1.07997977953,0.561561561562,3.85296578564,0.719998656913,0.383565383565,4.88677671803,0.441389617595,14.5551369483,11.0713449597,4.88677671803,14.5551369483,0.171637309176,0.0879926672777,64,0.00823680823681,0.210036750445,37,37,37,1,0,0.162162162162,0.837837837838,0,-144,-0.108108108108,9.34605614161,-7.78378378378,-9.15835777126,-4.42007722008,-0.619231657174,0.153312380516,0.0954135954136,-3.72914028978,0.051283326111,0.0170697012802,-4.20034756079,-0.151266237292,-0.0782648677386,4.24617714771,0.0700897148769,12.5551369483,9.34605614161,4.24617714771,12.5551369483,-0.172434085071,-0.288576370379,-746,-0.0960102960103,-0.359540077905,-0.243243243243,0.297297297297,-0.0540540540541,173,25,169,965,0.505847953216,0.974747474747,0.0252525252525,0.494152046784,0.873737373737,0.505847953216,0.640740740741,0.590161892116,0.480595427964,0.471389645777,42,186,0,0,0,0
1308,WLNM_dir_neg,0.367513585386,0.302871968707,00:00:05,10,30,46,1235778081,threshold_sweep,0.3,0.390243902439,0.0860215053763,0.140969162996,16,25,170,347,0.0860215053763,0.932795698925,0.0672043010753,0.913978494624,0.390243902439,0.0860215053763,0.140969162996,0.650537634409,0.642174432497,0.0233722871452,0.0339974107448,0.0188172043011,342,156,186,0,342,0,156,0,186,37,342,0.256756756757,1.72528881811,18.4864864865,15.5454545455,9.77142857143,5.36771015539,0.290358590277,0.142642642643,9.50849154237,1.02869645341,0.544491860281,8.05331334643,0.871264894205,0.461830251304,0.640599570326,0.371299902718,2,1.72528881811,0.640599570326,2,0.344071394247,0.376569037657,810,0.104247104247,0.56957682835,37,37,37,1,0,0.405405405405,0.540540540541,0.0540540540541,37,0.117117117117,2.18635635636,8.43243243243,7.09090909091,4.45714285714,5.03620525429,0.597242289772,0.326923076923,6.00062559301,1.42322530091,0.680526680527,3.83793300225,0.910278981302,0.463617463617,1.32204914232,0.604681454823,4.3462962963,2.18635635636,1.32204914232,4.3462962963,0,0,0,0,0.160896782956,37,37,37,1,0,0.405405405405,0.540540540541,0.0540540540541,37,197,0.147897897898,10.9343386222,10.6486486486,6.35483870968,5.32432432432,4.81442402356,0.452115961604,0.243243243243,5.78817786553,1.08711970063,0.563314583619,3.85900141123,0.724787067084,0.384963643847,4.81805538267,0.440635282036,14.3833981802,10.9343386222,4.81805538267,14.3833981802,0.166827457307,0.0855565777369,62,0.00797940797941,0.210603059882,37,37,37,1,0,0.162162162162,0.837837837838,0,-145,-0.108858858859,9.20904980408,-7.83783783784,-9.19061583578,-4.4471042471,-0.553286131828,0.161757371327,0.100600600601,-3.72031367685,0.0584232472176,0.0188227233378,-4.1943119352,-0.146477827121,-0.076866607457,4.17745581234,0.0693353793182,12.3833981802,9.20904980408,4.17745581234,12.3833981802,-0.17724393694,-0.29101245992,-748,-0.0962676962677,-0.358973768468,-0.243243243243,0.297297297297,-0.0540540540541,172,25,170,965,0.502923976608,0.974747474747,0.0252525252525,0.497076023392,0.873096446701,0.502923976608,0.638218923933,0.587799066979,0.477671451356,0.468664850136,41,186,0,0,0,0
1309,WLNM_dir_neg,0.367513585386,0.302871968707,00:00:05,10,30,46,1235778081,threshold_sweep,0.4,0.5,0.0860215053763,0.146788990826,16,16,170,356,0.0860215053763,0.956989247312,0.0430107526882,0.913978494624,0.5,0.0860215053763,0.146788990826,0.666666666667,0.647550776583,0.0542372881356,0.0872041440394,0.0430107526882,342,156,186,0,342,0,156,0,186,37,342,0.256756756757,1.72528881811,18.4864864865,15.5454545455,9.77142857143,5.36771015539,0.290358590277,0.142642642643,9.50849154237,1.02869645341,0.544491860281,8.05331334643,0.871264894205,0.461830251304,0.640599570326,0.371299902718,2,1.72528881811,0.640599570326,2,0.344071394247,0.376569037657,810,0.104247104247,0.56957682835,37,37,37,1,0,0.405405405405,0.540540540541,0.0540540540541,37,0.117117117117,2.18635635636,8.43243243243,7.09090909091,4.45714285714,5.03620525429,0.597242289772,0.326923076923,6.00062559301,1.42322530091,0.680526680527,3.83793300225,0.910278981302,0.463617463617,1.32204914232,0.604681454823,4.3462962963,2.18635635636,1.32204914232,4.3462962963,0,0,0,0,0.160896782956,37,37,37,1,0,0.405405405405,0.540540540541,0.0540540540541,37,188,0.141141141141,2.56349820948,10.1621621622,8.54545454545,5.08108108108,4.40021157012,0.432999542805,0.232604945371,5.98785056213,1.17845995106,0.610983323749,3.42684158421,0.674431588381,0.364864864865,1.71830149424,0.670295570281,5.11007892303,2.56349820948,1.71830149424,5.11007892303,0.14219534057,0.0552712384852,36,0.0046332046332,0.19759614095,37,37,37,1,0,0.405405405405,0.594594594595,0,-154,-0.115615615616,0.838209391369,-8.32432432432,-7,-4.69034749035,-0.967498585268,0.142640952528,0.0899623027283,-3.52064098025,0.149763497642,0.0664914634679,-4.62647176223,-0.196833305824,-0.0969653864391,1.07770192391,0.298995667563,3.11007892303,0.838209391369,1.07770192391,3.11007892303,-0.201876053677,-0.321297799172,-774,-0.0996138996139,-0.3719806874,0,0.0540540540541,-0.0540540540541,172,16,170,974,0.502923976608,0.983838383838,0.0161616161616,0.497076023392,0.914893617021,0.502923976608,0.649056603774,0.610739067876,0.486762360447,0.480446927374,32,186,0,0,0,0
1310,WLNM_dir_neg,0.367513585386,0.302871968707,00:00:05,10,30,46,1235778081,threshold_sweep,0.5,0.483870967742,0.0806451612903,0.138248847926,15,16,171,356,0.0806451612903,0.956989247312,0.0430107526882,0.91935483871,0.483870967742,0.0806451612903,0.138248847926,0.664874551971,0.648148148148,0.0475382003396,0.0774509739353,0.0376344086022,342,156,186,0,342,0,156,0,186,37,342,0.256756756757,1.72528881811,18.4864864865,15.5454545455,9.77142857143,5.36771015539,0.290358590277,0.142642642643,9.50849154237,1.02869645341,0.544491860281,8.05331334643,0.871264894205,0.461830251304,0.640599570326,0.371299902718,2,1.72528881811,0.640599570326,2,0.344071394247,0.376569037657,810,0.104247104247,0.56957682835,37,37,37,1,0,0.405405405405,0.540540540541,0.0540540540541,37,0.117117117117,2.18635635636,8.43243243243,7.09090909091,4.45714285714,5.03620525429,0.597242289772,0.326923076923,6.00062559301,1.42322530091,0.680526680527,3.83793300225,0.910278981302,0.463617463617,1.32204914232,0.604681454823,4.3462962963,2.18635635636,1.32204914232,4.3462962963,0,0,0,0,0.160896782956,37,37,37,1,0,0.405405405405,0.540540540541,0.0540540540541,37,187,0.14039039039,2.55620347073,10.1081081081,8.5,5.05405405405,4.34475279813,0.429828485377,0.231391819627,5.95793563216,1.17884287909,0.611649082237,3.4152106324,0.675736863095,0.365948836537,1.7084671644,0.668361178584,5.09073750938,2.55620347073,1.7084671644,5.09073750938,0.14219534057,0.0552712384852,36,0.0046332046332,0.195832478856,37,37,37,1,0,0.405405405405,0.594594594595,0,-155,-0.116366366366,0.830914652618,-8.37837837838,-7.04545454545,-4.71737451737,-1.02295735726,0.1394698951,0.0887491769845,-3.55055591021,0.150146425676,0.067157221956,-4.63810271403,-0.19552803111,-0.0958814147669,1.06786759407,0.297061275866,3.09073750938,0.830914652618,1.06786759407,3.09073750938,-0.201876053677,-0.321297799172,-774,-0.0996138996139,-0.373744349494,0,0.0540540540541,-0.0540540540541,171,16,171,974,0.5,0.983838383838,0.0161616161616,0.5,0.914438502674,0.5,0.646502835539,0.608425520818,0.483838383838,0.477653631285,31,186,0,0,0,0
1311,WLNM_dir_neg,0.367513585386,0.302871968707,00:00:05,10,30,46,1235778081,threshold_sweep,0.6,0.483870967742,0.0806451612903,0.138248847926,15,16,171,356,0.0806451612903,0.956989247312,0.0430107526882,0.91935483871,0.483870967742,0.0806451612903,0.138248847926,0.664874551971,0.648148148148,0.0475382003396,0.0774509739353,0.0376344086022,342,156,186,0,342,0,156,0,186,37,342,0.256756756757,1.72528881811,18.4864864865,15.5454545455,9.77142857143,5.36771015539,0.290358590277,0.142642642643,9.50849154237,1.02869645341,0.544491860281,8.05331334643,0.871264894205,0.461830251304,0.640599570326,0.371299902718,2,1.72528881811,0.640599570326,2,0.344071394247,0.376569037657,810,0.104247104247,0.56957682835,37,37,37,1,0,0.405405405405,0.540540540541,0.0540540540541,37,0.117117117117,2.18635635636,8.43243243243,7.09090909091,4.45714285714,5.03620525429,0.597242289772,0.326923076923,6.00062559301,1.42322530091,0.680526680527,3.83793300225,0.910278981302,0.463617463617,1.32204914232,0.604681454823,4.3462962963,2.18635635636,1.32204914232,4.3462962963,0,0,0,0,0.160896782956,37,37,37,1,0,0.405405405405,0.540540540541,0.0540540540541,37,187,0.14039039039,2.55620347073,10.1081081081,8.5,5.05405405405,4.34475279813,0.429828485377,0.231391819627,5.95793563216,1.17884287909,0.611649082237,3.4152106324,0.675736863095,0.365948836537,1.7084671644,0.668361178584,5.09073750938,2.55620347073,1.7084671644,5.09073750938,0.14219534057,0.0552712384852,36,0.0046332046332,0.195832478856,37,37,37,1,0,0.405405405405,0.594594594595,0,-155,-0.116366366366,0.830914652618,-8.37837837838,-7.04545454545,-4.71737451737,-1.02295735726,0.1394698951,0.0887491769845,-3.55055591021,0.150146425676,0.067157221956,-4.63810271403,-0.19552803111,-0.0958814147669,1.06786759407,0.297061275866,3.09073750938,0.830914652618,1.06786759407,3.09073750938,-0.201876053677,-0.321297799172,-774,-0.0996138996139,-0.373744349494,0,0.0540540540541,-0.0540540540541,171,16,171,974,0.5,0.983838383838,0.0161616161616,0.5,0.914438502674,0.5,0.646502835539,0.608425520818,0.483838383838,0.477653631285,31,186,0,0,0,0
1312,WLNM_dir_neg,0.367513585386,0.302871968707,00:00:05,10,30,46,1235778081,threshold_sweep,0.7,0.5,0.0698924731183,0.122641509434,13,13,173,359,0.0698924731183,0.965053763441,0.0349462365591,0.930107526882,0.5,0.0698924731183,0.122641509434,0.666666666667,0.651135005974,0.0445205479452,0.0781602364146,0.0349462365591,342,156,186,0,342,0,156,0,186,37,342,0.256756756757,1.72528881811,18.4864864865,15.5454545455,9.77142857143,5.36771015539,0.290358590277,0.142642642643,9.50849154237,1.02869645341,0.544491860281,8.05331334643,0.871264894205,0.461830251304,0.640599570326,0.371299902718,2,1.72528881811,0.640599570326,2,0.344071394247,0.376569037657,810,0.104247104247,0.56957682835,37,37,37,1,0,0.405405405405,0.540540540541,0.0540540540541,37,0.117117117117,2.18635635636,8.43243243243,7.09090909091,4.45714285714,5.03620525429,0.597242289772,0.326923076923,6.00062559301,1.42322530091,0.680526680527,3.83793300225,0.910278981302,0.463617463617,1.32204914232,0.604681454823,4.3462962963,2.18635635636,1.32204914232,4.3462962963,0,0,0,0,0.160896782956,37,37,37,1,0,0.405405405405,0.540540540541,0.0540540540541,37,182,0.136636636637,2.57892073126,9.83783783784,8.27272727273,4.91891891892,4.29801965712,0.436886613498,0.23566973567,5.9272364667,1.20498763334,0.621621621622,3.4990346159,0.711342202133,0.382833382833,1.74247381736,0.675660091541,5.15552148364,2.57892073126,1.74247381736,5.15552148364,0.11937123787,0.0403225806452,25,0.0032175032175,0.192756284221,37,37,37,1,0,0.405405405405,0.594594594595,0,-160,-0.12012012012,0.853631913142,-8.64864864865,-7.27272727273,-4.85250965251,-1.06969049828,0.146528023221,0.0930270930271,-3.58125507568,0.176291179925,0.0771297613403,-4.55427873054,-0.159922692072,-0.0789968684706,1.10187424703,0.304360188824,3.15552148364,0.853631913142,1.10187424703,3.15552148364,-0.224700156378,-0.336246457012,-785,-0.10102960103,-0.376820544129,0,0.0540540540541,-0.0540540540541,169,13,173,977,0.494152046784,0.986868686869,0.0131313131313,0.505847953216,0.928571428571,0.494152046784,0.645038167939,0.611800506965,0.481020733652,0.476056338028,26,186,0,0,0,0
1313,WLNM_dir_neg,0.367513585386,0.302871968707,00:00:05,10,30,46,1235778081,threshold_sweep,0.8,0.52,0.0698924731183,0.123222748815,13,12,173,360,0.0698924731183,0.967741935484,0.0322580645161,0.930107526882,0.52,0.0698924731183,0.123222748815,0.668458781362,0.651732377539,0.0480274442539,0.0857589448564,0.0376344086022,342,156,186,0,342,0,156,0,186,37,342,0.256756756757,1.72528881811,18.4864864865,15.5454545455,9.77142857143,5.36771015539,0.290358590277,0.142642642643,9.50849154237,1.02869645341,0.544491860281,8.05331334643,0.871264894205,0.461830251304,0.640599570326,0.371299902718,2,1.72528881811,0.640599570326,2,0.344071394247,0.376569037657,810,0.104247104247,0.56957682835,37,37,37,1,0,0.405405405405,0.540540540541,0.0540540540541,37,0.117117117117,2.18635635636,8.43243243243,7.09090909091,4.45714285714,5.03620525429,0.597242289772,0.326923076923,6.00062559301,1.42322530091,0.680526680527,3.83793300225,0.910278981302,0.463617463617,1.32204914232,0.604681454823,4.3462962963,2.18635635636,1.32204914232,4.3462962963,0,0,0,0,0.160896782956,37,37,37,1,0,0.405405405405,0.540540540541,0.0540540540541,37,181,0.135885885886,2.70565350351,9.78378378378,8.22727272727,4.89189189189,4.26311789353,0.435733044367,0.235777213678,5.93849861209,1.2139472301,0.624757354039,3.51017397308,0.717549375713,0.385247125579,1.9568632294,0.723249753472,6.08423191936,2.70565350351,1.9568632294,6.08423191936,0.123912931266,0.040827436037,25,0.0032175032175,0.190806358245,37,37,37,1,0,0.405405405405,0.594594594595,0,-161,-0.120870870871,0.9803646854,-8.7027027027,-7.31818181818,-4.87953667954,-1.10459226186,0.14537445409,0.0931345710351,-3.56999293029,0.18525077668,0.0802654937578,-4.54313937335,-0.153715518491,-0.0765831257253,1.31626365907,0.351949850754,4.08423191936,0.9803646854,1.31626365907,4.08423191936,-0.220158462982,-0.33574160162,-785,-0.10102960103,-0.378770470104,0,0.0540540540541,-0.0540540540541,169,12,173,978,0.494152046784,0.987878787879,0.0121212121212,0.505847953216,0.933701657459,0.494152046784,0.646271510516,0.614509386823,0.482030834662,0.477401129944,25,186,0,0,0,0
1314,WLNM_dir_neg,0.367513585386,0.302871968707,00:00:05,10,30,46,1235778081,threshold_sweep,0.9,0.5,0.0483870967742,0.0882352941176,9,9,177,363,0.0483870967742,0.975806451613,0.0241935483871,0.951612903226,0.5,0.0483870967742,0.0882352941176,0.666666666667,0.655913978495,0.03125,0.0645497224368,0.0241935483871,342,156,186,0,342,0,156,0,186,37,342,0.256756756757,1.72528881811,18.4864864865,15.5454545455,9.77142857143,5.36771015539,0.290358590277,0.142642642643,9.50849154237,1.02869645341,0.544491860281,8.05331334643,0.871264894205,0.461830251304,0.640599570326,0.371299902718,2,1.72528881811,0.640599570326,2,0.344071394247,0.376569037657,810,0.104247104247,0.56957682835,37,37,37,1,0,0.405405405405,0.540540540541,0.0540540540541,37,0.117117117117,2.18635635636,8.43243243243,7.09090909091,4.45714285714,5.03620525429,0.597242289772,0.326923076923,6.00062559301,1.42322530091,0.680526680527,3.83793300225,0.910278981302,0.463617463617,1.32204914232,0.604681454823,4.3462962963,2.18635635636,1.32204914232,4.3462962963,0,0,0,0,0.160896782956,37,37,37,1,0,0.405405405405,0.540540540541,0.0540540540541,37,174,0.130630630631,2.54252035383,9.40540540541,7.90909090909,4.83333333333,4.4187696846,0.469811719339,0.253960857409,5.93887786289,1.26286483291,0.637775706741,3.58906413726,0.763191799303,0.40789064927,1.76759971957,0.695215563134,5.56667580481,2.54252035383,1.76759971957,5.56667580481,0.0939782792724,0.0284757118928,17,0.0021879021879,0.183518653567,37,37,37,1,0,0.405405405405,0.567567567568,0.027027027027,-168,-0.126126126126,0.817231535716,-9.08108108108,-7.63636363636,-4.9380952381,-0.948940470795,0.179453129062,0.111318214766,-3.56961367949,0.234168379498,0.0932838464599,-4.46424920917,-0.108073094902,-0.053939602034,1.12700014924,0.323915660416,3.56667580481,0.817231535716,1.12700014924,3.56667580481,-0.250093114975,-0.348093325764,-793,-0.102059202059,-0.386058174783,0,0.027027027027,-0.027027027027,165,9,177,981,0.482456140351,0.990909090909,0.00909090909091,0.517543859649,0.948275862069,0.482456140351,0.639534883721,0.613618016181,0.47336523126,0.470085470085,18,186,0,0,0,0
1315,WLNM_dir_neg,0.3888166262,0.339683880379,00:00:05,10,30,47,1235778082,threshold_sweep,0.1,0.487804878049,0.10752688172,0.176211453744,20,21,166,351,0.10752688172,0.943548387097,0.0564516129032,0.89247311828,0.487804878049,0.10752688172,0.176211453744,0.664874551971,0.642174432497,0.0634390651085,0.0922786863073,0.0510752688172,342,156,186,0,342,0,156,0,186,37,342,0.256756756757,1.72528881811,18.4864864865,15.5454545455,9.77142857143,5.36771015539,0.290358590277,0.142642642643,9.50849154237,1.02869645341,0.544491860281,8.05331334643,0.871264894205,0.461830251304,0.640599570326,0.371299902718,2,1.72528881811,0.640599570326,2,0.344071394247,0.376569037657,810,0.104247104247,0.56957682835,37,37,37,1,0,0.405405405405,0.540540540541,0.0540540540541,37,0.117117117117,2.21261261261,8.43243243243,7.09090909091,4.45714285714,5.04722443274,0.598549051319,0.327616077616,6.00525295579,1.42432281644,0.680873180873,3.83793300225,0.910278981302,0.463617463617,1.39215458577,0.629190386892,5.2,2.21261261261,1.39215458577,5.2,0,0,0,0,0.161113233172,37,37,37,1,0,0.405405405405,0.540540540541,0.0540540540541,37,197,0.147897897898,11.2551462276,10.6486486486,5.9696969697,5.32432432432,5.05094169557,0.47432701202,0.260117986006,5.91163661328,1.11030738422,0.561942653313,3.3916077313,0.6370024673,0.343256962546,3.97660896282,0.353314731094,14.5040322091,11.2551462276,3.97660896282,14.5040322091,0.197190744482,0.0810433162552,58,0.00746460746461,0.13853298995,37,37,37,1,0,0.108108108108,0.891891891892,0,-145,-0.108858858859,9.52985740948,-7.83783783784,-9.57575757576,-4.4471042471,-0.316768459827,0.183968421743,0.117475343364,-3.5968549291,0.0816109308049,0.0174507930319,-4.66170561514,-0.234262426905,-0.118573288758,3.33600939249,-0.0179851716241,12.5040322091,9.52985740948,3.33600939249,12.5040322091,-0.146880649766,-0.295525721402,-752,-0.0967824967825,-0.4310438384,-0.297297297297,0.351351351351,-0.0540540540541,176,21,166,969,0.514619883041,0.978787878788,0.0212121212121,0.485380116959,0.893401015228,0.514619883041,0.65306122449,0.607163399069,0.493407761829,0.484848484848,41,186,0,0,0,0
1316,WLNM_dir_neg,0.3888166262,0.339683880379,00:00:05,10,30,47,1235778082,threshold_sweep,0.2,0.475,0.102150537634,0.16814159292,19,21,167,351,0.102150537634,0.943548387097,0.0564516129032,0.897849462366,0.475,0.102150537634,0.16814159292,0.663082437276,0.642771804062,0.056856187291,0.0835101085135,0.0456989247312,342,156,186,0,342,0,156,0,186,37,342,0.256756756757,1.72528881811,18.4864864865,15.5454545455,9.77142857143,5.36771015539,0.290358590277,0.142642642643,9.50849154237,1.02869645341,0.544491860281,8.05331334643,0.871264894205,0.461830251304,0.640599570326,0.371299902718,2,1.72528881811,0.640599570326,2,0.344071394247,0.376569037657,810,0.104247104247,0.56957682835,37,37,37,1,0,0.405405405405,0.540540540541,0.0540540540541,37,0.117117117117,2.21261261261,8.43243243243,7.09090909091,4.45714285714,5.04722443274,0.598549051319,0.327616077616,6.00525295579,1.42432281644,0.680873180873,3.83793300225,0.910278981302,0.463617463617,1.39215458577,0.629190386892,5.2,2.21261261261,1.39215458577,5.2,0,0,0,0,0.161113233172,37,37,37,1,0,0.405405405405,0.540540540541,0.0540540540541,37,196,0.147147147147,11.2220297868,10.5945945946,5.93939393939,5.2972972973,5.02471369809,0.474271445993,0.260479867623,5.86356388056,1.10689726317,0.559845559846,3.39824190546,0.641504849501,0.34473248759,3.9587944549,0.352769911514,14.4244356965,11.2220297868,3.9587944549,14.4244356965,0.197190744482,0.0810433162552,58,0.00746460746461,0.138392193036,37,37,37,1,0,0.108108108108,0.891891891892,0,-146,-0.10960960961,9.49674096868,-7.89189189189,-9.60606060606,-4.47413127413,-0.342996457306,0.183912855716,0.11783722498,-3.64492766182,0.0782008097517,0.0153536995642,-4.65507144097,-0.229760044704,-0.117097763714,3.31819488457,-0.0185299912035,12.4244356965,9.49674096868,3.31819488457,12.4244356965,-0.146880649766,-0.295525721402,-752,-0.0967824967825,-0.431184635314,-0.297297297297,0.351351351351,-0.0540540540541,175,21,167,969,0.511695906433,0.978787878788,0.0212121212121,0.488304093567,0.892857142857,0.511695906433,0.650557620818,0.604836656091,0.490483785221,0.482093663912,40,186,0,0,0,0
1317,WLNM_dir_neg,0.3888166262,0.339683880379,00:00:05,10,30,47,1235778082,threshold_sweep,0.3,0.655172413793,0.102150537634,0.176744186047,19,10,167,362,0.102150537634,0.97311827957,0.0268817204301,0.897849462366,0.655172413793,0.102150537634,0.176744186047,0.682795698925,0.649342891278,0.0954003407155,0.159851309568,0.0752688172043,342,156,186,0,342,0,156,0,186,37,342,0.256756756757,1.72528881811,18.4864864865,15.5454545455,9.77142857143,5.36771015539,0.290358590277,0.142642642643,9.50849154237,1.02869645341,0.544491860281,8.05331334643,0.871264894205,0.461830251304,0.640599570326,0.371299902718,2,1.72528881811,0.640599570326,2,0.344071394247,0.376569037657,810,0.104247104247,0.56957682835,37,37,37,1,0,0.405405405405,0.540540540541,0.0540540540541,37,0.117117117117,2.21261261261,8.43243243243,7.09090909091,4.45714285714,5.04722443274,0.598549051319,0.327616077616,6.00525295579,1.42432281644,0.680873180873,3.83793300225,0.910278981302,0.463617463617,1.39215458577,0.629190386892,5.2,2.21261261261,1.39215458577,5.2,0,0,0,0,0.161113233172,37,37,37,1,0,0.405405405405,0.540540540541,0.0540540540541,37,185,0.138888888889,5.64058075211,10,6.60714285714,5.13888888889,4.96655480858,0.496655480858,0.274506939372,6.03692342542,1.20738468508,0.607450693937,3.54338193758,0.708676387516,0.380131482834,3.09741749161,0.54913095437,9.30592204551,5.64058075211,3.09741749161,9.30592204551,0.15409416493,0.0714285714286,50,0.00643500643501,0.165741558437,37,37,37,1,0,0.243243243243,0.72972972973,0.027027027027,-157,-0.117867867868,3.915291934,-8.48648648649,-8.93831168831,-4.63253968254,-0.40115534681,0.206296890581,0.131864296729,-3.47156811695,0.17868823167,0.0629588336558,-4.50993140886,-0.162588506689,-0.0816987684698,2.45681792128,0.177831051652,7.30592204551,3.915291934,2.45681792128,7.30592204551,-0.189977229317,-0.305140466228,-760,-0.0978120978121,-0.403835269913,-0.162162162162,0.189189189189,-0.027027027027,175,10,167,980,0.511695906433,0.989898989899,0.010101010101,0.488304093567,0.945945945946,0.511695906433,0.664136622391,0.633601484515,0.501594896332,0.497159090909,29,186,0,0,0,0
1318,WLNM_dir_neg,0.3888166262,0.339683880379,00:00:05,10,30,47,1235778082,threshold_sweep,0.4,0.863636363636,0.102150537634,0.182692307692,19,3,167,369,0.102150537634,0.991935483871,0.00806451612903,0.897849462366,0.863636363636,0.102150537634,0.182692307692,0.695340501792,0.653524492234,0.120689655172,0.227907864218,0.0940860215054,342,156,186,0,342,0,156,0,186,37,342,0.256756756757,1.72528881811,18.4864864865,15.5454545455,9.77142857143,5.36771015539,0.290358590277,0.142642642643,9.50849154237,1.02869645341,0.544491860281,8.05331334643,0.871264894205,0.461830251304,0.640599570326,0.371299902718,2,1.72528881811,0.640599570326,2,0.344071394247,0.376569037657,810,0.104247104247,0.56957682835,37,37,37,1,0,0.405405405405,0.540540540541,0.0540540540541,37,0.117117117117,2.21261261261,8.43243243243,7.09090909091,4.45714285714,5.04722443274,0.598549051319,0.327616077616,6.00525295579,1.42432281644,0.680873180873,3.83793300225,0.910278981302,0.463617463617,1.39215458577,0.629190386892,5.2,2.21261261261,1.39215458577,5.2,0,0,0,0,0.161113233172,37,37,37,1,0,0.405405405405,0.540540540541,0.0540540540541,37,178,0.133633633634,2.0476117475,9.62162162162,8.09090909091,4.94444444444,4.91229382576,0.510547392003,0.275280898876,6.16368323253,1.28121505395,0.641664136046,3.45476995405,0.718126338764,0.383844518676,1.09656058305,0.535531496335,3.68034296957,2.0476117475,1.09656058305,3.68034296957,0.127999051683,0.0428571428571,28,0.0036036036036,0.18161853038,37,37,37,1,0,0.405405405405,0.567567567568,0.027027027027,-164,-0.123123123123,0.32232292939,-8.86486486486,-7.45454545455,-4.82698412698,-0.45541632963,0.220188801726,0.132638256234,-3.34480830984,0.252518600538,0.0971722757648,-4.59854339238,-0.153138555441,-0.077985732628,0.455961012727,0.164231593617,1.68034296957,0.32232292939,0.455961012727,1.68034296957,-0.216072342564,-0.3337118948,-782,-0.100643500644,-0.38795829797,0,0.027027027027,-0.027027027027,175,3,167,987,0.511695906433,0.99696969697,0.0030303030303,0.488304093567,0.983146067416,0.511695906433,0.673076923077,0.653055536757,0.508665603402,0.507246376812,22,186,0,0,0,0
1319,WLNM_dir_neg,0.3888166262,0.339683880379,00:00:05,10,30,47,1235778082,threshold_sweep,0.5,0.863636363636,0.102150537634,0.182692307692,19,3,167,369,0.102150537634,0.991935483871,0.00806451612903,0.897849462366,0.863636363636,0.102150537634,0.182692307692,0.695340501792,0.653524492234,0.120689655172,0.227907864218,0.0940860215054,342,156,186,0,342,0,156,0,186,37,342,0.256756756757,1.72528881811,18.4864864865,15.5454545455,9.77142857143,5.36771015539,0.290358590277,0.142642642643,9.50849154237,1.02869645341,0.544491860281,8.05331334643,0.871264894205,0.461830251304,0.640599570326,0.371299902718,2,1.72528881811,0.640599570326,2,0.344071394247,0.376569037657,810,0.104247104247,0.56957682835,37,37,37,1,0,0.405405405405,0.540540540541,0.0540540540541,37,0.117117117117,2.21261261261,8.43243243243,7.09090909091,4.45714285714,5.04722443274,0.598549051319,0.327616077616,6.00525295579,1.42432281644,0.680873180873,3.83793300225,0.910278981302,0.463617463617,1.39215458577,0.629190386892,5.2,2.21261261261,1.39215458577,5.2,0,0,0,0,0.161113233172,37,37,37,1,0,0.405405405405,0.540540540541,0.0540540540541,37,178,0.133633633634,2.0476117475,9.62162162162,8.09090909091,4.94444444444,4.91229382576,0.510547392003,0.275280898876,6.16368323253,1.28121505395,0.641664136046,3.45476995405,0.718126338764,0.383844518676,1.09656058305,0.535531496335,3.68034296957,2.0476117475,1.09656058305,3.68034296957,0.127999051683,0.0428571428571,28,0.0036036036036,0.18161853038,37,37,37,1,0,0.405405405405,0.567567567568,0.027027027027,-164,-0.123123123123,0.32232292939,-8.86486486486,-7.45454545455,-4.82698412698,-0.45541632963,0.220188801726,0.132638256234,-3.34480830984,0.252518600538,0.0971722757648,-4.59854339238,-0.153138555441,-0.077985732628,0.455961012727,0.164231593617,1.68034296957,0.32232292939,0.455961012727,1.68034296957,-0.216072342564,-0.3337118948,-782,-0.100643500644,-0.38795829797,0,0.027027027027,-0.027027027027,175,3,167,987,0.511695906433,0.99696969697,0.0030303030303,0.488304093567,0.983146067416,0.511695906433,0.673076923077,0.653055536757,0.508665603402,0.507246376812,22,186,0,0,0,0
1320,WLNM_dir_neg,0.3888166262,0.339683880379,00:00:05,10,30,47,1235778082,threshold_sweep,0.6,0.857142857143,0.0967741935484,0.173913043478,18,3,168,369,0.0967741935484,0.991935483871,0.00806451612903,0.903225806452,0.857142857143,0.0967741935484,0.173913043478,0.693548387097,0.654121863799,0.113989637306,0.219736474252,0.0887096774194,342,156,186,0,342,0,156,0,186,37,342,0.256756756757,1.72528881811,18.4864864865,15.5454545455,9.77142857143,5.36771015539,0.290358590277,0.142642642643,9.50849154237,1.02869645341,0.544491860281,8.05331334643,0.871264894205,0.461830251304,0.640599570326,0.371299902718,2,1.72528881811,0.640599570326,2,0.344071394247,0.376569037657,810,0.104247104247,0.56957682835,37,37,37,1,0,0.405405405405,0.540540540541,0.0540540540541,37,0.117117117117,2.21261261261,8.43243243243,7.09090909091,4.45714285714,5.04722443274,0.598549051319,0.327616077616,6.00525295579,1.42432281644,0.680873180873,3.83793300225,0.910278981302,0.463617463617,1.39215458577,0.629190386892,5.2,2.21261261261,1.39215458577,5.2,0,0,0,0,0.161113233172,37,37,37,1,0,0.405405405405,0.540540540541,0.0540540540541,37,177,0.132882882883,2.06393380269,9.56756756757,8.04545454545,4.91666666667,4.88501416204,0.510580576259,0.275461902581,6.16502291216,1.28873360311,0.643151626202,3.47319205675,0.726034497738,0.387234692319,1.13285359891,0.548880781657,3.80673865227,2.06393380269,1.13285359891,3.80673865227,0.127469109977,0.0402476780186,26,0.0033462033462,0.181034054165,37,37,37,1,0,0.405405405405,0.567567567568,0.027027027027,-165,-0.123873873874,0.338644984571,-8.91891891892,-7.5,-4.85476190476,-0.48269599335,0.220221985982,0.132819259938,-3.34346863021,0.260037149693,0.0986597659211,-4.58012128969,-0.145230396466,-0.0745955589845,0.49225402858,0.177580878939,1.80673865227,0.338644984571,0.49225402858,1.80673865227,-0.216602284271,-0.336321359638,-784,-0.100900900901,-0.388542774185,0,0.027027027027,-0.027027027027,174,3,168,987,0.508771929825,0.99696969697,0.0030303030303,0.491228070175,0.983050847458,0.508771929825,0.670520231214,0.650851224453,0.505741626794,0.504347826087,21,186,0,0,0,0
1321,WLNM_dir_neg,0.3888166262,0.339683880379,00:00:05,10,30,47,1235778082,threshold_sweep,0.7,0.833333333333,0.0806451612903,0.147058823529,15,3,171,369,0.0806451612903,0.991935483871,0.00806451612903,0.91935483871,0.833333333333,0.0806451612903,0.147058823529,0.688172043011,0.655913978495,0.09375,0.19364916731,0.0725806451613,342,156,186,0,342,0,156,0,186,37,342,0.256756756757,1.72528881811,18.4864864865,15.5454545455,9.77142857143,5.36771015539,0.290358590277,0.142642642643,9.50849154237,1.02869645341,0.544491860281,8.05331334643,0.871264894205,0.461830251304,0.640599570326,0.371299902718,2,1.72528881811,0.640599570326,2,0.344071394247,0.376569037657,810,0.104247104247,0.56957682835,37,37,37,1,0,0.405405405405,0.540540540541,0.0540540540541,37,0.117117117117,2.21261261261,8.43243243243,7.09090909091,4.45714285714,5.04722443274,0.598549051319,0.327616077616,6.00525295579,1.42432281644,0.680873180873,3.83793300225,0.910278981302,0.463617463617,1.39215458577,0.629190386892,5.2,2.21261261261,1.39215458577,5.2,0,0,0,0,0.161113233172,37,37,37,1,0,0.405405405405,0.540540540541,0.0540540540541,37,174,0.130630630631,2.06233193056,9.40540540541,7.90909090909,4.83333333333,4.78109389772,0.508334696022,0.275551413482,6.04549816376,1.28553696586,0.644299471886,3.53447202457,0.751583131662,0.398881640261,1.12988300094,0.547866705741,3.79267008255,2.06233193056,1.12988300094,3.79267008255,0.105564924296,0.0273311897106,17,0.0021879021879,0.180319878534,37,37,37,1,0,0.405405405405,0.567567567568,0.027027027027,-168,-0.126126126126,0.337043112449,-9.08108108108,-7.63636363636,-4.9380952381,-0.586616257669,0.217976105745,0.13290877084,-3.46299337861,0.256840512443,0.0998076116043,-4.51884132186,-0.119681762543,-0.062948611043,0.489283430617,0.176566803023,1.79267008255,0.337043112449,0.489283430617,1.79267008255,-0.238506469952,-0.349237847946,-793,-0.102059202059,-0.389256949816,0,0.027027027027,-0.027027027027,171,3,171,987,0.5,0.99696969697,0.0030303030303,0.5,0.98275862069,0.5,0.662790697674,0.644216219144,0.49696969697,0.495652173913,18,186,0,0,0,0
1322,WLNM_dir_neg,0.3888166262,0.339683880379,00:00:05,10,30,47,1235778082,threshold_sweep,0.8,0.8,0.0645161290323,0.119402985075,12,3,174,369,0.0645161290323,0.991935483871,0.00806451612903,0.935483870968,0.8,0.0645161290323,0.119402985075,0.682795698925,0.65770609319,0.0732984293194,0.164535173153,0.0564516129032,342,156,186,0,342,0,156,0,186,37,342,0.256756756757,1.72528881811,18.4864864865,15.5454545455,9.77142857143,5.36771015539,0.290358590277,0.142642642643,9.50849154237,1.02869645341,0.544491860281,8.05331334643,0.871264894205,0.461830251304,0.640599570326,0.371299902718,2,1.72528881811,0.640599570326,2,0.344071394247,0.376569037657,810,0.104247104247,0.56957682835,37,37,37,1,0,0.405405405405,0.540540540541,0.0540540540541,37,0.117117117117,2.21261261261,8.43243243243,7.09090909091,4.45714285714,5.04722443274,0.598549051319,0.327616077616,6.00525295579,1.42432281644,0.680873180873,3.83793300225,0.910278981302,0.463617463617,1.39215458577,0.629190386892,5.2,2.21261261261,1.39215458577,5.2,0,0,0,0,0.161113233172,37,37,37,1,0,0.405405405405,0.540540540541,0.0540540540541,37,171,0.128378378378,2.07364213952,9.24324324324,7.77272727273,4.75,4.61522483746,0.499307950251,0.271218587008,5.98308426293,1.29458548379,0.647384226332,3.59282735578,0.77739539277,0.411569464201,1.14939986466,0.554290368024,3.84711508794,2.07364213952,1.14939986466,3.84711508794,0.100242452255,0.0235294117647,14,0.0018018018018,0.179031424324,37,37,37,1,0,0.405405405405,0.567567567568,0.027027027027,-171,-0.128378378378,0.348353321402,-9.24324324324,-7.77272727273,-5.02142857143,-0.752485317934,0.208949359974,0.128575944365,-3.52540727945,0.265889030377,0.10289236605,-4.46048599066,-0.0938695014347,-0.0502607871029,0.508800294336,0.182990465306,1.84711508794,0.348353321402,0.508800294336,1.84711508794,-0.243828941993,-0.353039625892,-796,-0.102445302445,-0.390545404026,0,0.027027027027,-0.027027027027,168,3,174,987,0.491228070175,0.99696969697,0.0030303030303,0.508771929825,0.982456140351,0.491228070175,0.654970760234,0.637547099133,0.488197767145,0.486956521739,15,186,0,0,0,0
1323,WLNM_dir_neg,0.3888166262,0.339683880379,00:00:05,10,30,47,1235778082,threshold_sweep,0.9,0.769230769231,0.0537634408602,0.100502512563,10,3,176,369,0.0537634408602,0.991935483871,0.00806451612903,0.94623655914,0.769230769231,0.0537634408602,0.100502512563,0.679211469534,0.65890083632,0.0595446584939,0.142811768175,0.0456989247312,342,156,186,0,342,0,156,0,186,37,342,0.256756756757,1.72528881811,18.4864864865,15.5454545455,9.77142857143,5.36771015539,0.290358590277,0.142642642643,9.50849154237,1.02869645341,0.544491860281,8.05331334643,0.871264894205,0.461830251304,0.640599570326,0.371299902718,2,1.72528881811,0.640599570326,2,0.344071394247,0.376569037657,810,0.104247104247,0.56957682835,37,37,37,1,0,0.405405405405,0.540540540541,0.0540540540541,37,0.117117117117,2.21261261261,8.43243243243,7.09090909091,4.45714285714,5.04722443274,0.598549051319,0.327616077616,6.00525295579,1.42432281644,0.680873180873,3.83793300225,0.910278981302,0.463617463617,1.39215458577,0.629190386892,5.2,2.21261261261,1.39215458577,5.2,0,0,0,0,0.161113233172,37,37,37,1,0,0.405405405405,0.540540540541,0.0540540540541,37,169,0.126876876877,2.10055981563,9.13513513514,7.68181818182,4.69444444444,4.75606140836,0.520633941152,0.284183591876,6.00712789822,1.31517001322,0.654086038701,3.64036430213,0.797002835378,0.421237805853,1.20241454774,0.572425759454,3.88530232558,2.10055981563,1.20241454774,3.88530232558,0.0886594406718,0.0202931228861,12,0.0015444015444,0.177949173241,37,37,37,1,0,0.405405405405,0.567567567568,0.027027027027,-173,-0.12987987988,0.375270997515,-9.35135135135,-7.86363636364,-5.07698412698,-0.61164874703,0.230275350875,0.141540949233,-3.50136364415,0.286473559805,0.10959417842,-4.4129490443,-0.0742620588264,-0.0405924454507,0.561814977414,0.201125856736,1.88530232558,0.375270997515,0.561814977414,1.88530232558,-0.255411953576,-0.356275914771,-798,-0.102702702703,-0.391627655108,0,0.027027027027,-0.027027027027,166,3,176,987,0.485380116959,0.99696969697,0.0030303030303,0.514619883041,0.98224852071,0.485380116959,0.649706457926,0.633081402759,0.482349813929,0.48115942029,13,186,0,0,0,0
1324,WLNM_dir_neg,0.314097005434,0.267100010739,00:00:05,10,30,48,1235778083,threshold_sweep,0.1,0.275,0.0591397849462,0.0973451327434,11,29,175,343,0.0591397849462,0.922043010753,0.0779569892473,0.940860215054,0.275,0.0591397849462,0.0973451327434,0.634408602151,0.642771804062,-0.0234113712375,-0.0343865152703,-0.0188172043011,342,156,186,0,342,0,156,0,186,37,342,0.256756756757,1.72528881811,18.4864864865,15.5454545455,9.77142857143,5.36771015539,0.290358590277,0.142642642643,9.50849154237,1.02869645341,0.544491860281,8.05331334643,0.871264894205,0.461830251304,0.640599570326,0.371299902718,2,1.72528881811,0.640599570326,2,0.344071394247,0.376569037657,810,0.104247104247,0.56957682835,37,37,37,1,0,0.405405405405,0.540540540541,0.0540540540541,37,0.117117117117,2.21261261261,8.43243243243,7.09090909091,4.45714285714,5.04722443274,0.598549051319,0.327616077616,6.00525295579,1.42432281644,0.680873180873,3.83793300225,0.910278981302,0.463617463617,1.39215458577,0.629190386892,5.2,2.21261261261,1.39215458577,5.2,0,0,0,0,0.161113233172,37,37,37,1,0,0.405405405405,0.540540540541,0.0540540540541,37,196,0.147147147147,11.2885291185,10.5945945946,5.93939393939,5.44444444444,5.42862505336,0.512395732077,0.277992277992,5.60686516129,1.05843883147,0.541919470491,3.81419035289,0.720025729882,0.38361831219,3.93048963618,0.34818439098,13.3602262154,11.2885291185,3.93048963618,13.3602262154,0.141102856505,0.0709802028006,49,0.00630630630631,0.162922542247,37,37,37,1,0,0.108108108108,0.864864864865,0.027027027027,-146,-0.10960960961,9.56324030037,-7.89189189189,-9.60606060606,-4.32698412698,0.0609148979669,0.2220371418,0.13534963535,-3.90162638108,0.029742378054,-0.00257238979043,-4.23912299355,-0.151239164323,-0.0782119391142,3.28989006585,-0.0231155117377,11.3602262154,9.56324030037,3.28989006585,11.3602262154,-0.202968537742,-0.305588834856,-761,-0.0979407979408,-0.406654286103,-0.297297297297,0.324324324324,-0.027027027027,167,29,175,961,0.488304093567,0.970707070707,0.0292929292929,0.511695906433,0.852040816327,0.488304093567,0.620817843866,0.566026413255,0.459011164274,0.450134770889,40,186,0,0,0,0
1325,WLNM_dir_neg,0.314097005434,0.267100010739,00:00:05,10,30,48,1235778083,threshold_sweep,0.2,0.322580645161,0.0537634408602,0.0921658986175,10,21,176,351,0.0537634408602,0.943548387097,0.0564516129032,0.94623655914,0.322580645161,0.0537634408602,0.0921658986175,0.646953405018,0.648148148148,-0.00339558573854,-0.00553221242395,-0.00268817204301,342,156,186,0,342,0,156,0,186,37,342,0.256756756757,1.72528881811,18.4864864865,15.5454545455,9.77142857143,5.36771015539,0.290358590277,0.142642642643,9.50849154237,1.02869645341,0.544491860281,8.05331334643,0.871264894205,0.461830251304,0.640599570326,0.371299902718,2,1.72528881811,0.640599570326,2,0.344071394247,0.376569037657,810,0.104247104247,0.56957682835,37,37,37,1,0,0.405405405405,0.540540540541,0.0540540540541,37,0.117117117117,2.21261261261,8.43243243243,7.09090909091,4.45714285714,5.04722443274,0.598549051319,0.327616077616,6.00525295579,1.42432281644,0.680873180873,3.83793300225,0.910278981302,0.463617463617,1.39215458577,0.629190386892,5.2,2.21261261261,1.39215458577,5.2,0,0,0,0,0.161113233172,37,37,37,1,0,0.405405405405,0.540540540541,0.0540540540541,37,187,0.14039039039,8.49211466796,10.1081081081,6.03225806452,5.19444444444,5.0650424139,0.501087083729,0.270703858939,5.73946351512,1.13561577572,0.579274461627,3.86541607611,0.76481494554,0.403237462061,3.64579988245,0.429315903635,11.1357615375,8.49211466796,3.64579988245,11.1357615375,0.127471334669,0.0533596837945,36,0.0046332046332,0.193045981182,37,37,37,1,0,0.162162162162,0.810810810811,0.027027027027,-155,-0.116366366366,6.76682584985,-8.37837837838,-9.51319648094,-4.57698412698,-0.302667741488,0.210728493451,0.128061216297,-3.76902802725,0.106919322305,0.0347826013461,-4.18789727033,-0.106449948665,-0.0585927892429,3.00520031212,0.0580160009172,9.1357615375,6.76682584985,3.00520031212,9.1357615375,-0.216600059578,-0.323209353862,-774,-0.0996138996139,-0.376530847168,-0.243243243243,0.27027027027,-0.027027027027,166,21,176,969,0.485380116959,0.978787878788,0.0212121212121,0.514619883041,0.887700534759,0.485380116959,0.627599243856,0.583690058484,0.464167995747,0.457300275482,31,186,0,0,0,0
1326,WLNM_dir_neg,0.314097005434,0.267100010739,00:00:05,10,30,48,1235778083,threshold_sweep,0.3,0.47619047619,0.0537634408602,0.0966183574879,10,11,176,361,0.0537634408602,0.970430107527,0.0295698924731,0.94623655914,0.47619047619,0.0537634408602,0.0966183574879,0.664874551971,0.654121863799,0.0310880829016,0.0599281293413,0.0241935483871,342,156,186,0,342,0,156,0,186,37,342,0.256756756757,1.72528881811,18.4864864865,15.5454545455,9.77142857143,5.36771015539,0.290358590277,0.142642642643,9.50849154237,1.02869645341,0.544491860281,8.05331334643,0.871264894205,0.461830251304,0.640599570326,0.371299902718,2,1.72528881811,0.640599570326,2,0.344071394247,0.376569037657,810,0.104247104247,0.56957682835,37,37,37,1,0,0.405405405405,0.540540540541,0.0540540540541,37,0.117117117117,2.21261261261,8.43243243243,7.09090909091,4.45714285714,5.04722443274,0.598549051319,0.327616077616,6.00525295579,1.42432281644,0.680873180873,3.83793300225,0.910278981302,0.463617463617,1.39215458577,0.629190386892,5.2,2.21261261261,1.39215458577,5.2,0,0,0,0,0.161113233172,37,37,37,1,0,0.405405405405,0.540540540541,0.0540540540541,37,177,0.132882882883,2.36417440656,9.56756756757,8.04545454545,4.91666666667,4.56764308625,0.477409023139,0.257291189495,5.92609640646,1.23878851434,0.631852191174,3.48118063574,0.727704426679,0.388150862727,1.47249938428,0.622838729747,4.48818440277,2.36417440656,1.47249938428,4.48818440277,0.113685171038,0.0298672566372,18,0.0023166023166,0.178570505337,37,37,37,1,0,0.405405405405,0.567567567568,0.027027027027,-165,-0.123873873874,0.638885588443,-8.91891891892,-7.5,-4.85476190476,-0.800067069144,0.187050432862,0.114648546852,-3.58239513592,0.210092060929,0.0873603308929,-4.5721327107,-0.143560467526,-0.0736793885768,0.831899813954,0.251538827029,2.48818440277,0.638885588443,0.831899813954,2.48818440277,-0.230386223209,-0.34670178102,-792,-0.101930501931,-0.391006323013,0,0.027027027027,-0.027027027027,166,11,176,979,0.485380116959,0.988888888889,0.0111111111111,0.514619883041,0.937853107345,0.485380116959,0.639691714836,0.610348341569,0.474269005848,0.470254957507,21,186,0,0,0,0
1327,WLNM_dir_neg,0.314097005434,0.267100010739,00:00:05,10,30,48,1235778083,threshold_sweep,0.4,0.47619047619,0.0537634408602,0.0966183574879,10,11,176,361,0.0537634408602,0.970430107527,0.0295698924731,0.94623655914,0.47619047619,0.0537634408602,0.0966183574879,0.664874551971,0.654121863799,0.0310880829016,0.0599281293413,0.0241935483871,342,156,186,0,342,0,156,0,186,37,342,0.256756756757,1.72528881811,18.4864864865,15.5454545455,9.77142857143,5.36771015539,0.290358590277,0.142642642643,9.50849154237,1.02869645341,0.544491860281,8.05331334643,0.871264894205,0.461830251304,0.640599570326,0.371299902718,2,1.72528881811,0.640599570326,2,0.344071394247,0.376569037657,810,0.104247104247,0.56957682835,37,37,37,1,0,0.405405405405,0.540540540541,0.0540540540541,37,0.117117117117,2.21261261261,8.43243243243,7.09090909091,4.45714285714,5.04722443274,0.598549051319,0.327616077616,6.00525295579,1.42432281644,0.680873180873,3.83793300225,0.910278981302,0.463617463617,1.39215458577,0.629190386892,5.2,2.21261261261,1.39215458577,5.2,0,0,0,0,0.161113233172,37,37,37,1,0,0.405405405405,0.540540540541,0.0540540540541,37,177,0.132882882883,2.36417440656,9.56756756757,8.04545454545,4.91666666667,4.56764308625,0.477409023139,0.257291189495,5.92609640646,1.23878851434,0.631852191174,3.48118063574,0.727704426679,0.388150862727,1.47249938428,0.622838729747,4.48818440277,2.36417440656,1.47249938428,4.48818440277,0.113685171038,0.0298672566372,18,0.0023166023166,0.178570505337,37,37,37,1,0,0.405405405405,0.567567567568,0.027027027027,-165,-0.123873873874,0.638885588443,-8.91891891892,-7.5,-4.85476190476,-0.800067069144,0.187050432862,0.114648546852,-3.58239513592,0.210092060929,0.0873603308929,-4.5721327107,-0.143560467526,-0.0736793885768,0.831899813954,0.251538827029,2.48818440277,0.638885588443,0.831899813954,2.48818440277,-0.230386223209,-0.34670178102,-792,-0.101930501931,-0.391006323013,0,0.027027027027,-0.027027027027,166,11,176,979,0.485380116959,0.988888888889,0.0111111111111,0.514619883041,0.937853107345,0.485380116959,0.639691714836,0.610348341569,0.474269005848,0.470254957507,21,186,0,0,0,0
1328,WLNM_dir_neg,0.314097005434,0.267100010739,00:00:05,10,30,48,1235778083,threshold_sweep,0.5,0.526315789474,0.0537634408602,0.0975609756098,10,9,176,363,0.0537634408602,0.975806451613,0.0241935483871,0.94623655914,0.526315789474,0.0537634408602,0.0975609756098,0.668458781362,0.65531660693,0.0381282495667,0.0768610838356,0.0295698924731,342,156,186,0,342,0,156,0,186,37,342,0.256756756757,1.72528881811,18.4864864865,15.5454545455,9.77142857143,5.36771015539,0.290358590277,0.142642642643,9.50849154237,1.02869645341,0.544491860281,8.05331334643,0.871264894205,0.461830251304,0.640599570326,0.371299902718,2,1.72528881811,0.640599570326,2,0.344071394247,0.376569037657,810,0.104247104247,0.56957682835,37,37,37,1,0,0.405405405405,0.540540540541,0.0540540540541,37,0.117117117117,2.21261261261,8.43243243243,7.09090909091,4.45714285714,5.04722443274,0.598549051319,0.327616077616,6.00525295579,1.42432281644,0.680873180873,3.83793300225,0.910278981302,0.463617463617,1.39215458577,0.629190386892,5.2,2.21261261261,1.39215458577,5.2,0,0,0,0,0.161113233172,37,37,37,1,0,0.405405405405,0.540540540541,0.0540540540541,37,175,0.131381381381,2.35354015654,9.45945945946,7.95454545455,4.86111111111,4.53746499585,0.47967487099,0.259613899614,5.9378664736,1.25543462585,0.636911196911,3.49323670866,0.738570046973,0.391351351351,1.455595559,0.618470670642,4.38116412325,2.35354015654,1.455595559,4.38116412325,0.116770188829,0.0285394515949,17,0.0021879021879,0.174284539344,37,37,37,1,0,0.405405405405,0.567567567568,0.027027027027,-167,-0.125375375375,0.628251338425,-9.02702702703,-7.59090909091,-4.91031746032,-0.830245159541,0.189316280713,0.116971256971,-3.57062506878,0.226738172431,0.0924193366299,-4.56007663778,-0.132694847232,-0.0704788999526,0.814995988671,0.247170767924,2.38116412325,0.628251338425,0.814995988671,2.38116412325,-0.227301205418,-0.348029586062,-793,-0.102059202059,-0.395292289006,0,0.027027027027,-0.027027027027,166,9,176,981,0.485380116959,0.990909090909,0.00909090909091,0.514619883041,0.948571428571,0.485380116959,0.642166344294,0.615907776482,0.476289207868,0.472934472934,19,186,0,0,0,0
1329,WLNM_dir_neg,0.314097005434,0.267100010739,00:00:05,10,30,48,1235778083,threshold_sweep,0.6,0.526315789474,0.0537634408602,0.0975609756098,10,9,176,363,0.0537634408602,0.975806451613,0.0241935483871,0.94623655914,0.526315789474,0.0537634408602,0.0975609756098,0.668458781362,0.65531660693,0.0381282495667,0.0768610838356,0.0295698924731,342,156,186,0,342,0,156,0,186,37,342,0.256756756757,1.72528881811,18.4864864865,15.5454545455,9.77142857143,5.36771015539,0.290358590277,0.142642642643,9.50849154237,1.02869645341,0.544491860281,8.05331334643,0.871264894205,0.461830251304,0.640599570326,0.371299902718,2,1.72528881811,0.640599570326,2,0.344071394247,0.376569037657,810,0.104247104247,0.56957682835,37,37,37,1,0,0.405405405405,0.540540540541,0.0540540540541,37,0.117117117117,2.21261261261,8.43243243243,7.09090909091,4.45714285714,5.04722443274,0.598549051319,0.327616077616,6.00525295579,1.42432281644,0.680873180873,3.83793300225,0.910278981302,0.463617463617,1.39215458577,0.629190386892,5.2,2.21261261261,1.39215458577,5.2,0,0,0,0,0.161113233172,37,37,37,1,0,0.405405405405,0.540540540541,0.0540540540541,37,175,0.131381381381,2.35354015654,9.45945945946,7.95454545455,4.86111111111,4.53746499585,0.47967487099,0.259613899614,5.9378664736,1.25543462585,0.636911196911,3.49323670866,0.738570046973,0.391351351351,1.455595559,0.618470670642,4.38116412325,2.35354015654,1.455595559,4.38116412325,0.116770188829,0.0285394515949,17,0.0021879021879,0.174284539344,37,37,37,1,0,0.405405405405,0.567567567568,0.027027027027,-167,-0.125375375375,0.628251338425,-9.02702702703,-7.59090909091,-4.91031746032,-0.830245159541,0.189316280713,0.116971256971,-3.57062506878,0.226738172431,0.0924193366299,-4.56007663778,-0.132694847232,-0.0704788999526,0.814995988671,0.247170767924,2.38116412325,0.628251338425,0.814995988671,2.38116412325,-0.227301205418,-0.348029586062,-793,-0.102059202059,-0.395292289006,0,0.027027027027,-0.027027027027,166,9,176,981,0.485380116959,0.990909090909,0.00909090909091,0.514619883041,0.948571428571,0.485380116959,0.642166344294,0.615907776482,0.476289207868,0.472934472934,19,186,0,0,0,0
1330,WLNM_dir_neg,0.314097005434,0.267100010739,00:00:05,10,30,48,1235778083,threshold_sweep,0.7,0.526315789474,0.0537634408602,0.0975609756098,10,9,176,363,0.0537634408602,0.975806451613,0.0241935483871,0.94623655914,0.526315789474,0.0537634408602,0.0975609756098,0.668458781362,0.65531660693,0.0381282495667,0.0768610838356,0.0295698924731,342,156,186,0,342,0,156,0,186,37,342,0.256756756757,1.72528881811,18.4864864865,15.5454545455,9.77142857143,5.36771015539,0.290358590277,0.142642642643,9.50849154237,1.02869645341,0.544491860281,8.05331334643,0.871264894205,0.461830251304,0.640599570326,0.371299902718,2,1.72528881811,0.640599570326,2,0.344071394247,0.376569037657,810,0.104247104247,0.56957682835,37,37,37,1,0,0.405405405405,0.540540540541,0.0540540540541,37,0.117117117117,2.21261261261,8.43243243243,7.09090909091,4.45714285714,5.04722443274,0.598549051319,0.327616077616,6.00525295579,1.42432281644,0.680873180873,3.83793300225,0.910278981302,0.463617463617,1.39215458577,0.629190386892,5.2,2.21261261261,1.39215458577,5.2,0,0,0,0,0.161113233172,37,37,37,1,0,0.405405405405,0.540540540541,0.0540540540541,37,175,0.131381381381,2.35354015654,9.45945945946,7.95454545455,4.86111111111,4.53746499585,0.47967487099,0.259613899614,5.9378664736,1.25543462585,0.636911196911,3.49323670866,0.738570046973,0.391351351351,1.455595559,0.618470670642,4.38116412325,2.35354015654,1.455595559,4.38116412325,0.116770188829,0.0285394515949,17,0.0021879021879,0.174284539344,37,37,37,1,0,0.405405405405,0.567567567568,0.027027027027,-167,-0.125375375375,0.628251338425,-9.02702702703,-7.59090909091,-4.91031746032,-0.830245159541,0.189316280713,0.116971256971,-3.57062506878,0.226738172431,0.0924193366299,-4.56007663778,-0.132694847232,-0.0704788999526,0.814995988671,0.247170767924,2.38116412325,0.628251338425,0.814995988671,2.38116412325,-0.227301205418,-0.348029586062,-793,-0.102059202059,-0.395292289006,0,0.027027027027,-0.027027027027,166,9,176,981,0.485380116959,0.990909090909,0.00909090909091,0.514619883041,0.948571428571,0.485380116959,0.642166344294,0.615907776482,0.476289207868,0.472934472934,19,186,0,0,0,0
1331,WLNM_dir_neg,0.314097005434,0.267100010739,00:00:05,10,30,48,1235778083,threshold_sweep,0.8,0.526315789474,0.0537634408602,0.0975609756098,10,9,176,363,0.0537634408602,0.975806451613,0.0241935483871,0.94623655914,0.526315789474,0.0537634408602,0.0975609756098,0.668458781362,0.65531660693,0.0381282495667,0.0768610838356,0.0295698924731,342,156,186,0,342,0,156,0,186,37,342,0.256756756757,1.72528881811,18.4864864865,15.5454545455,9.77142857143,5.36771015539,0.290358590277,0.142642642643,9.50849154237,1.02869645341,0.544491860281,8.05331334643,0.871264894205,0.461830251304,0.640599570326,0.371299902718,2,1.72528881811,0.640599570326,2,0.344071394247,0.376569037657,810,0.104247104247,0.56957682835,37,37,37,1,0,0.405405405405,0.540540540541,0.0540540540541,37,0.117117117117,2.21261261261,8.43243243243,7.09090909091,4.45714285714,5.04722443274,0.598549051319,0.327616077616,6.00525295579,1.42432281644,0.680873180873,3.83793300225,0.910278981302,0.463617463617,1.39215458577,0.629190386892,5.2,2.21261261261,1.39215458577,5.2,0,0,0,0,0.161113233172,37,37,37,1,0,0.405405405405,0.540540540541,0.0540540540541,37,175,0.131381381381,2.35354015654,9.45945945946,7.95454545455,4.86111111111,4.53746499585,0.47967487099,0.259613899614,5.9378664736,1.25543462585,0.636911196911,3.49323670866,0.738570046973,0.391351351351,1.455595559,0.618470670642,4.38116412325,2.35354015654,1.455595559,4.38116412325,0.116770188829,0.0285394515949,17,0.0021879021879,0.174284539344,37,37,37,1,0,0.405405405405,0.567567567568,0.027027027027,-167,-0.125375375375,0.628251338425,-9.02702702703,-7.59090909091,-4.91031746032,-0.830245159541,0.189316280713,0.116971256971,-3.57062506878,0.226738172431,0.0924193366299,-4.56007663778,-0.132694847232,-0.0704788999526,0.814995988671,0.247170767924,2.38116412325,0.628251338425,0.814995988671,2.38116412325,-0.227301205418,-0.348029586062,-793,-0.102059202059,-0.395292289006,0,0.027027027027,-0.027027027027,166,9,176,981,0.485380116959,0.990909090909,0.00909090909091,0.514619883041,0.948571428571,0.485380116959,0.642166344294,0.615907776482,0.476289207868,0.472934472934,19,186,0,0,0,0
1332,WLNM_dir_neg,0.314097005434,0.267100010739,00:00:05,10,30,48,1235778083,threshold_sweep,0.9,0.625,0.0537634408602,0.0990099009901,10,6,176,366,0.0537634408602,0.983870967742,0.0161290322581,0.94623655914,0.625,0.0537634408602,0.0990099009901,0.673835125448,0.657108721625,0.0487804878049,0.106304929365,0.0376344086022,342,156,186,0,342,0,156,0,186,37,342,0.256756756757,1.72528881811,18.4864864865,15.5454545455,9.77142857143,5.36771015539,0.290358590277,0.142642642643,9.50849154237,1.02869645341,0.544491860281,8.05331334643,0.871264894205,0.461830251304,0.640599570326,0.371299902718,2,1.72528881811,0.640599570326,2,0.344071394247,0.376569037657,810,0.104247104247,0.56957682835,37,37,37,1,0,0.405405405405,0.540540540541,0.0540540540541,37,0.117117117117,2.21261261261,8.43243243243,7.09090909091,4.45714285714,5.04722443274,0.598549051319,0.327616077616,6.00525295579,1.42432281644,0.680873180873,3.83793300225,0.910278981302,0.463617463617,1.39215458577,0.629190386892,5.2,2.21261261261,1.39215458577,5.2,0,0,0,0,0.161113233172,37,37,37,1,0,0.405405405405,0.540540540541,0.0540540540541,37,172,0.129129129129,2.33572322961,9.2972972973,7.81818181818,4.77777777778,4.63599962171,0.498639494196,0.270898805783,5.93116166351,1.27588942762,0.641734758014,3.55290347788,0.764287376055,0.404462602137,1.43424570295,0.614047796748,4.35692861598,2.33572322961,1.43424570295,4.35692861598,0.115237831414,0.0220588235294,13,0.0016731016731,0.172928615891,37,37,37,1,0,0.405405405405,0.567567567568,0.027027027027,-170,-0.127627627628,0.610434411493,-9.18918918919,-7.72727272727,-4.99365079365,-0.731710533684,0.208280903918,0.12825616314,-3.57732987887,0.2471929742,0.0972428977325,-4.50040986856,-0.10697751815,-0.0573676491669,0.793646132628,0.24274789403,2.35692861598,0.610434411493,0.793646132628,2.35692861598,-0.228833562833,-0.354510214127,-797,-0.102574002574,-0.396648212459,0,0.027027027027,-0.027027027027,166,6,176,984,0.485380116959,0.993939393939,0.00606060606061,0.514619883041,0.96511627907,0.485380116959,0.645914396887,0.624399490118,0.479319510898,0.477011494253,16,186,0,0,0,0
1333,WLNM_dir_neg,0.590769164065,0.406662014678,00:00:05,10,30,49,1235778084,threshold_sweep,0.1,0.538461538462,0.112903225806,0.186666666667,21,18,165,354,0.112903225806,0.951612903226,0.0483870967742,0.887096774194,0.538461538462,0.112903225806,0.186666666667,0.672043010753,0.643369175627,0.0804020100503,0.119283469184,0.0645161290323,342,156,186,0,342,0,156,0,186,37,342,0.256756756757,1.72528881811,18.4864864865,15.5454545455,9.77142857143,5.36771015539,0.290358590277,0.142642642643,9.50849154237,1.02869645341,0.544491860281,8.05331334643,0.871264894205,0.461830251304,0.640599570326,0.371299902718,2,1.72528881811,0.640599570326,2,0.344071394247,0.376569037657,810,0.104247104247,0.56957682835,37,37,37,1,0,0.405405405405,0.540540540541,0.0540540540541,37,0.117117117117,2.22747747748,8.43243243243,7.09090909091,4.45714285714,5.03620525429,0.597242289772,0.326923076923,6.00525295579,1.42432281644,0.680873180873,3.83793300225,0.910278981302,0.463617463617,1.42084529335,0.637871901162,5.2,2.22747747748,1.42084529335,5.2,0,0,0,0,0.160752482811,37,37,37,1,0,0.405405405405,0.540540540541,0.0540540540541,37,195,0.146396396396,4.92909919358,10.5405405405,6.96428571429,5.41666666667,5.20466988277,0.493776373493,0.267221067221,6.1447748745,1.16593164285,0.593762993763,3.31368080546,0.628749691293,0.338461538462,2.55509320922,0.518369200714,7.30955735832,4.92909919358,2.55509320922,7.30955735832,0.179099477629,0.0898678414097,68,0.00875160875161,0.156815990189,37,37,37,1,0,0.243243243243,0.72972972973,0.027027027027,-147,-0.11036036036,3.20381037547,-7.94594594595,-8.58116883117,-4.35476190476,-0.163040272626,0.203417783216,0.124578424578,-3.36371666788,0.137235189439,0.0492711334817,-4.73963254097,-0.242515202912,-0.123368712842,1.91449363889,0.147069297997,5.30955735832,3.20381037547,1.91449363889,5.30955735832,-0.164971916619,-0.286701196247,-742,-0.0954954954955,-0.412760838161,-0.162162162162,0.189189189189,-0.027027027027,177,18,165,972,0.517543859649,0.981818181818,0.0181818181818,0.482456140351,0.907692307692,0.517543859649,0.659217877095,0.617090185283,0.499362041467,0.491666666667,39,186,0,0,0,0
1334,WLNM_dir_neg,0.590769164065,0.406662014678,00:00:05,10,30,49,1235778084,threshold_sweep,0.2,0.62962962963,0.0913978494624,0.159624413146,17,10,169,362,0.0913978494624,0.97311827957,0.0268817204301,0.908602150538,0.62962962963,0.0913978494624,0.159624413146,0.679211469534,0.650537634409,0.0820512820513,0.141731734254,0.0645161290323,342,156,186,0,342,0,156,0,186,37,342,0.256756756757,1.72528881811,18.4864864865,15.5454545455,9.77142857143,5.36771015539,0.290358590277,0.142642642643,9.50849154237,1.02869645341,0.544491860281,8.05331334643,0.871264894205,0.461830251304,0.640599570326,0.371299902718,2,1.72528881811,0.640599570326,2,0.344071394247,0.376569037657,810,0.104247104247,0.56957682835,37,37,37,1,0,0.405405405405,0.540540540541,0.0540540540541,37,0.117117117117,2.22747747748,8.43243243243,7.09090909091,4.45714285714,5.03620525429,0.597242289772,0.326923076923,6.00525295579,1.42432281644,0.680873180873,3.83793300225,0.910278981302,0.463617463617,1.42084529335,0.637871901162,5.2,2.22747747748,1.42084529335,5.2,0,0,0,0,0.160752482811,37,37,37,1,0,0.405405405405,0.540540540541,0.0540540540541,37,183,0.137387387387,2.56018755709,9.89189189189,7.95652173913,5.08333333333,4.92602941178,0.49798657988,0.268645694875,6.0870807907,1.23072125277,0.626495347807,3.38251998389,0.683897483082,0.365086397873,1.61342778806,0.630199058499,4.92820154398,2.56018755709,1.61342778806,4.92820154398,0.126014420132,0.0401387512389,27,0.0034749034749,0.169608448895,37,37,37,1,0,0.378378378378,0.594594594595,0.027027027027,-159,-0.119369369369,0.834898738973,-8.59459459459,-7.58893280632,-4.6880952381,-0.441680743609,0.207627989603,0.126003052233,-3.42141075167,0.20202479935,0.0820034875255,-4.67079336254,-0.187367411123,-0.0967438534307,0.97282821773,0.258899155781,2.92820154398,0.834898738973,0.97282821773,2.92820154398,-0.218056974115,-0.336430286418,-783,-0.100772200772,-0.399968379455,-0.027027027027,0.0540540540541,-0.027027027027,173,10,169,980,0.505847953216,0.989898989899,0.010101010101,0.494152046784,0.945355191257,0.505847953216,0.659047619048,0.629078925109,0.495746943115,0.491477272727,27,186,0,0,0,0
1335,WLNM_dir_neg,0.590769164065,0.406662014678,00:00:05,10,30,49,1235778084,threshold_sweep,0.3,0.727272727273,0.0860215053763,0.153846153846,16,6,170,366,0.0860215053763,0.983870967742,0.0161290322581,0.913978494624,0.727272727273,0.0860215053763,0.153846153846,0.68458781362,0.653524492234,0.0896551724138,0.169302984848,0.0698924731183,342,156,186,0,342,0,156,0,186,37,342,0.256756756757,1.72528881811,18.4864864865,15.5454545455,9.77142857143,5.36771015539,0.290358590277,0.142642642643,9.50849154237,1.02869645341,0.544491860281,8.05331334643,0.871264894205,0.461830251304,0.640599570326,0.371299902718,2,1.72528881811,0.640599570326,2,0.344071394247,0.376569037657,810,0.104247104247,0.56957682835,37,37,37,1,0,0.405405405405,0.540540540541,0.0540540540541,37,0.117117117117,2.22747747748,8.43243243243,7.09090909091,4.45714285714,5.03620525429,0.597242289772,0.326923076923,6.00525295579,1.42432281644,0.680873180873,3.83793300225,0.910278981302,0.463617463617,1.42084529335,0.637871901162,5.2,2.22747747748,1.42084529335,5.2,0,0,0,0,0.160752482811,37,37,37,1,0,0.405405405405,0.540540540541,0.0540540540541,37,178,0.133633633634,2.56678343921,9.62162162162,7.73913043478,4.94444444444,4.88393825236,0.507600323981,0.27315517765,6.02696642801,1.25279639234,0.634679623444,3.51060170403,0.729731814882,0.3914363802,1.62214570767,0.631976068915,4.93081127425,2.56678343921,1.62214570767,4.93081127425,0.128865247983,0.0343929129755,22,0.0028314028314,0.169376610026,37,37,37,1,0,0.378378378378,0.594594594595,0.027027027027,-164,-0.123123123123,0.841494621095,-8.86486486486,-7.80632411067,-4.82698412698,-0.483771903035,0.217241733704,0.130512535007,-3.48152511437,0.224099938924,0.0901877631623,-4.54271164241,-0.141533079323,-0.0703938711035,0.981546137341,0.260676166197,2.93081127425,0.841494621095,0.981546137341,2.93081127425,-0.215206146265,-0.342176124681,-788,-0.101415701416,-0.400200218323,-0.027027027027,0.0540540540541,-0.027027027027,172,6,170,984,0.502923976608,0.993939393939,0.00606060606061,0.497076023392,0.966292134831,0.502923976608,0.661538461538,0.637903119412,0.496863370548,0.494252873563,22,186,0,0,0,0
1336,WLNM_dir_neg,0.590769164065,0.406662014678,00:00:05,10,30,49,1235778084,threshold_sweep,0.4,0.714285714286,0.0806451612903,0.144927536232,15,6,171,366,0.0806451612903,0.983870967742,0.0161290322581,0.91935483871,0.714285714286,0.0806451612903,0.144927536232,0.682795698925,0.654121863799,0.0829015544041,0.15980834491,0.0645161290323,342,156,186,0,342,0,156,0,186,37,342,0.256756756757,1.72528881811,18.4864864865,15.5454545455,9.77142857143,5.36771015539,0.290358590277,0.142642642643,9.50849154237,1.02869645341,0.544491860281,8.05331334643,0.871264894205,0.461830251304,0.640599570326,0.371299902718,2,1.72528881811,0.640599570326,2,0.344071394247,0.376569037657,810,0.104247104247,0.56957682835,37,37,37,1,0,0.405405405405,0.540540540541,0.0540540540541,37,0.117117117117,2.22747747748,8.43243243243,7.09090909091,4.45714285714,5.03620525429,0.597242289772,0.326923076923,6.00525295579,1.42432281644,0.680873180873,3.83793300225,0.910278981302,0.463617463617,1.42084529335,0.637871901162,5.2,2.22747747748,1.42084529335,5.2,0,0,0,0,0.160752482811,37,37,37,1,0,0.405405405405,0.540540540541,0.0540540540541,37,177,0.132882882883,2.56142192634,9.56756756757,7.69565217391,4.91666666667,4.92465757716,0.514724097048,0.277599633532,6.02833649035,1.26016073527,0.636127653077,3.51295329329,0.734346168654,0.392731714766,1.6159586713,0.630883438094,4.91741407764,2.56142192634,1.6159586713,4.91741407764,0.129589501648,0.0330015715034,21,0.0027027027027,0.168607064291,37,37,37,1,0,0.378378378378,0.594594594595,0.027027027027,-165,-0.123873873874,0.836133108224,-8.91891891892,-7.84980237154,-4.85476190476,-0.443052578236,0.22436550677,0.134956990889,-3.48015505203,0.231464281855,0.0916357927955,-4.54036005314,-0.136918725551,-0.0690985365383,0.975359100973,0.259583535377,2.91741407764,0.836133108224,0.975359100973,2.91741407764,-0.214481892599,-0.343567466153,-789,-0.101544401544,-0.400969764059,-0.027027027027,0.0540540540541,-0.027027027027,171,6,171,984,0.5,0.993939393939,0.00606060606061,0.5,0.966101694915,0.5,0.658959537572,0.635662643371,0.493939393939,0.491379310345,21,186,0,0,0,0
1337,WLNM_dir_neg,0.590769164065,0.406662014678,00:00:05,10,30,49,1235778084,threshold_sweep,0.5,0.75,0.0806451612903,0.145631067961,15,5,171,367,0.0806451612903,0.986559139785,0.0134408602151,0.91935483871,0.75,0.0806451612903,0.145631067961,0.68458781362,0.654719235364,0.0865051903114,0.170419338484,0.0672043010753,342,156,186,0,342,0,156,0,186,37,342,0.256756756757,1.72528881811,18.4864864865,15.5454545455,9.77142857143,5.36771015539,0.290358590277,0.142642642643,9.50849154237,1.02869645341,0.544491860281,8.05331334643,0.871264894205,0.461830251304,0.640599570326,0.371299902718,2,1.72528881811,0.640599570326,2,0.344071394247,0.376569037657,810,0.104247104247,0.56957682835,37,37,37,1,0,0.405405405405,0.540540540541,0.0540540540541,37,0.117117117117,2.22747747748,8.43243243243,7.09090909091,4.45714285714,5.03620525429,0.597242289772,0.326923076923,6.00525295579,1.42432281644,0.680873180873,3.83793300225,0.910278981302,0.463617463617,1.42084529335,0.637871901162,5.2,2.22747747748,1.42084529335,5.2,0,0,0,0,0.160752482811,37,37,37,1,0,0.405405405405,0.540540540541,0.0540540540541,37,176,0.132132132132,2.55906185111,9.51351351351,7.65217391304,4.88888888889,4.8968335666,0.514723982853,0.278562653563,6.04338667657,1.27048469905,0.639742014742,3.50717839585,0.737304549127,0.393734643735,1.61437502529,0.630846427019,4.9170799071,2.55906185111,1.61437502529,4.9170799071,0.128430379437,0.0302226935313,19,0.0024453024453,0.166947853936,37,37,37,1,0,0.378378378378,0.594594594595,0.027027027027,-166,-0.124624624625,0.833773032997,-8.97297297297,-7.89328063241,-4.88253968254,-0.470876588793,0.224365392576,0.13592001092,-3.46510486581,0.241788245636,0.0952501544607,-4.54613495059,-0.133960345078,-0.0680956075693,0.973775454968,0.259546524301,2.9170799071,0.833773032997,0.973775454968,2.9170799071,-0.215641014811,-0.346346344126,-791,-0.101801801802,-0.402628974414,-0.027027027027,0.0540540540541,-0.027027027027,171,5,171,985,0.5,0.994949494949,0.00505050505051,0.5,0.971590909091,0.5,0.660231660232,0.638493212427,0.494949494949,0.492795389049,20,186,0,0,0,0
1338,WLNM_dir_neg,0.590769164065,0.406662014678,00:00:05,10,30,49,1235778084,threshold_sweep,0.6,0.736842105263,0.0752688172043,0.136585365854,14,5,172,367,0.0752688172043,0.986559139785,0.0134408602151,0.924731182796,0.736842105263,0.0752688172043,0.136585365854,0.682795698925,0.65531660693,0.0797227036395,0.160709538929,0.0618279569892,342,156,186,0,342,0,156,0,186,37,342,0.256756756757,1.72528881811,18.4864864865,15.5454545455,9.77142857143,5.36771015539,0.290358590277,0.142642642643,9.50849154237,1.02869645341,0.544491860281,8.05331334643,0.871264894205,0.461830251304,0.640599570326,0.371299902718,2,1.72528881811,0.640599570326,2,0.344071394247,0.376569037657,810,0.104247104247,0.56957682835,37,37,37,1,0,0.405405405405,0.540540540541,0.0540540540541,37,0.117117117117,2.22747747748,8.43243243243,7.09090909091,4.45714285714,5.03620525429,0.597242289772,0.326923076923,6.00525295579,1.42432281644,0.680873180873,3.83793300225,0.910278981302,0.463617463617,1.42084529335,0.637871901162,5.2,2.22747747748,1.42084529335,5.2,0,0,0,0,0.160752482811,37,37,37,1,0,0.405405405405,0.540540540541,0.0540540540541,37,175,0.131381381381,2.5706802829,9.45945945946,7.60869565217,4.86111111111,4.83962001834,0.511616973367,0.276138996139,6.03530653115,1.27603623801,0.640926640927,3.50910441763,0.741924934013,0.394749034749,1.62980501589,0.633997555716,4.92326081258,2.5706802829,1.62980501589,4.92326081258,0.118205800791,0.024219590958,15,0.0019305019305,0.16563111512,37,37,37,1,0,0.378378378378,0.594594594595,0.027027027027,-167,-0.125375375375,0.845391464789,-9.02702702703,-7.93675889328,-4.91031746032,-0.528090137053,0.22125838309,0.133496353496,-3.47318501123,0.247339784599,0.0964347806453,-4.54420892881,-0.129339960192,-0.0670812165549,0.989205445564,0.262697652999,2.92326081258,0.845391464789,0.989205445564,2.92326081258,-0.225865593456,-0.352349446699,-795,-0.102316602317,-0.40394571323,-0.027027027027,0.0540540540541,-0.027027027027,170,5,172,985,0.497076023392,0.994949494949,0.00505050505051,0.502923976608,0.971428571429,0.497076023392,0.657640232108,0.636257000931,0.492025518341,0.489913544669,19,186,0,0,0,0
1339,WLNM_dir_neg,0.590769164065,0.406662014678,00:00:05,10,30,49,1235778084,threshold_sweep,0.7,0.722222222222,0.0698924731183,0.127450980392,13,5,173,367,0.0698924731183,0.986559139785,0.0134408602151,0.930107526882,0.722222222222,0.0698924731183,0.127450980392,0.681003584229,0.655913978495,0.0729166666667,0.150616019019,0.0564516129032,342,156,186,0,342,0,156,0,186,37,342,0.256756756757,1.72528881811,18.4864864865,15.5454545455,9.77142857143,5.36771015539,0.290358590277,0.142642642643,9.50849154237,1.02869645341,0.544491860281,8.05331334643,0.871264894205,0.461830251304,0.640599570326,0.371299902718,2,1.72528881811,0.640599570326,2,0.344071394247,0.376569037657,810,0.104247104247,0.56957682835,37,37,37,1,0,0.405405405405,0.540540540541,0.0540540540541,37,0.117117117117,2.22747747748,8.43243243243,7.09090909091,4.45714285714,5.03620525429,0.597242289772,0.326923076923,6.00525295579,1.42432281644,0.680873180873,3.83793300225,0.910278981302,0.463617463617,1.42084529335,0.637871901162,5.2,2.22747747748,1.42084529335,5.2,0,0,0,0,0.160752482811,37,37,37,1,0,0.405405405405,0.540540540541,0.0540540540541,37,174,0.130630630631,2.64238833197,9.40540540541,7.5652173913,4.83333333333,4.79849200536,0.510184494823,0.276172724449,6.0409016291,1.28455954182,0.643056849953,3.51871871302,0.748233289551,0.397017707363,1.73794798541,0.657718611753,5.25292169995,2.64238833197,1.73794798541,5.25292169995,0.106038525156,0.0196185286104,12,0.0015444015444,0.164158553864,37,37,37,1,0,0.378378378378,0.594594594595,0.027027027027,-168,-0.126126126126,0.917099513854,-9.08108108108,-7.98023715415,-4.9380952381,-0.569218150031,0.219825904546,0.133530081806,-3.46758991327,0.255863088406,0.0985649896721,-4.53459463341,-0.123031604654,-0.0648125439414,1.09734841509,0.286418709035,3.25292169995,0.917099513854,1.09734841509,3.25292169995,-0.238032869091,-0.356950509047,-798,-0.102702702703,-0.405418274485,-0.027027027027,0.0540540540541,-0.027027027027,169,5,173,985,0.494152046784,0.994949494949,0.00505050505051,0.505847953216,0.971264367816,0.494152046784,0.65503875969,0.634016818156,0.489101541733,0.487031700288,18,186,0,0,0,0
1340,WLNM_dir_neg,0.590769164065,0.406662014678,00:00:05,10,30,49,1235778084,threshold_sweep,0.8,0.6875,0.0591397849462,0.108910891089,11,5,175,367,0.0591397849462,0.986559139785,0.0134408602151,0.940860215054,0.6875,0.0591397849462,0.108910891089,0.677419354839,0.657108721625,0.0592334494774,0.129084557087,0.0456989247312,342,156,186,0,342,0,156,0,186,37,342,0.256756756757,1.72528881811,18.4864864865,15.5454545455,9.77142857143,5.36771015539,0.290358590277,0.142642642643,9.50849154237,1.02869645341,0.544491860281,8.05331334643,0.871264894205,0.461830251304,0.640599570326,0.371299902718,2,1.72528881811,0.640599570326,2,0.344071394247,0.376569037657,810,0.104247104247,0.56957682835,37,37,37,1,0,0.405405405405,0.540540540541,0.0540540540541,37,0.117117117117,2.22747747748,8.43243243243,7.09090909091,4.45714285714,5.03620525429,0.597242289772,0.326923076923,6.00525295579,1.42432281644,0.680873180873,3.83793300225,0.910278981302,0.463617463617,1.42084529335,0.637871901162,5.2,2.22747747748,1.42084529335,5.2,0,0,0,0,0.160752482811,37,37,37,1,0,0.405405405405,0.540540540541,0.0540540540541,37,172,0.129129129129,2.6467189476,9.2972972973,7.47826086957,4.77777777778,4.7834486912,0.514498841786,0.277027027027,5.9824568356,1.28692385417,0.644877435575,3.56850588261,0.767643707306,0.407605279698,1.74257254486,0.658389719256,5.25292169995,2.6467189476,1.74257254486,5.25292169995,0.113266207384,0.016694490818,10,0.001287001287,0.164022622602,37,37,37,1,0,0.378378378378,0.594594594595,0.027027027027,-170,-0.127627627628,0.921430129489,-9.18918918919,-8.06719367589,-4.99365079365,-0.584261464189,0.224140251509,0.134384384384,-3.52603470678,0.258227400754,0.100385575294,-4.48480746382,-0.103621186899,-0.0542249716056,1.10197297454,0.287089816538,3.25292169995,0.921430129489,1.10197297454,3.25292169995,-0.230805186864,-0.359874546839,-800,-0.10296010296,-0.405554205748,-0.027027027027,0.0540540540541,-0.027027027027,167,5,175,985,0.488304093567,0.994949494949,0.00505050505051,0.511695906433,0.970930232558,0.488304093567,0.649805447471,0.629524330653,0.483253588517,0.481268011527,16,186,0,0,0,0
1341,WLNM_dir_neg,0.590769164065,0.406662014678,00:00:05,10,30,49,1235778084,threshold_sweep,0.9,0.642857142857,0.0483870967742,0.09,9,5,177,367,0.0483870967742,0.986559139785,0.0134408602151,0.951612903226,0.642857142857,0.0483870967742,0.09,0.673835125448,0.658303464755,0.0454545454545,0.105333105077,0.0349462365591,342,156,186,0,342,0,156,0,186,37,342,0.256756756757,1.72528881811,18.4864864865,15.5454545455,9.77142857143,5.36771015539,0.290358590277,0.142642642643,9.50849154237,1.02869645341,0.544491860281,8.05331334643,0.871264894205,0.461830251304,0.640599570326,0.371299902718,2,1.72528881811,0.640599570326,2,0.344071394247,0.376569037657,810,0.104247104247,0.56957682835,37,37,37,1,0,0.405405405405,0.540540540541,0.0540540540541,37,0.117117117117,2.22747747748,8.43243243243,7.09090909091,4.45714285714,5.03620525429,0.597242289772,0.326923076923,6.00525295579,1.42432281644,0.680873180873,3.83793300225,0.910278981302,0.463617463617,1.42084529335,0.637871901162,5.2,2.22747747748,1.42084529335,5.2,0,0,0,0,0.160752482811,37,37,37,1,0,0.405405405405,0.540540540541,0.0540540540541,37,170,0.127627627628,2.69370046506,9.18918918919,7.39130434783,4.72222222222,4.76583814383,0.518635327417,0.279173290938,5.96964292371,1.29927522457,0.648648648649,3.60138445184,0.783830733636,0.413354531002,1.80923497941,0.67165410664,5.38529180586,2.69370046506,1.80923497941,5.38529180586,0.0873974815151,0.0136363636364,8,0.0010296010296,0.162279997638,37,37,37,1,0,0.378378378378,0.594594594595,0.027027027027,-172,-0.129129129129,0.96841164694,-9.2972972973,-8.15415019763,-5.04920634921,-0.60187201156,0.22827673714,0.136530648295,-3.53884861866,0.270578771158,0.104156788367,-4.45192889459,-0.0874341605687,-0.0484757203023,1.16863540909,0.300354203922,3.38529180586,0.96841164694,1.16863540909,3.38529180586,-0.256673912732,-0.362932674021,-802,-0.103217503218,-0.407296830712,-0.027027027027,0.0540540540541,-0.027027027027,165,5,177,985,0.482456140351,0.994949494949,0.00505050505051,0.517543859649,0.970588235294,0.482456140351,0.64453125,0.625015325883,0.4774056353,0.475504322767,14,186,0,0,0,0
1342,WLNM_dir_neg,0.432318765175,0.350469288775,00:00:04,10,30,50,1235778085,threshold_sweep,0.1,0.574468085106,0.145161290323,0.231759656652,27,20,159,352,0.145161290323,0.94623655914,0.0537634408602,0.854838709677,0.574468085106,0.145161290323,0.231759656652,0.679211469534,0.638590203106,0.112396694215,0.155133124704,0.0913978494624,342,156,186,0,342,0,156,0,186,37,342,0.256756756757,1.72528881811,18.4864864865,15.5454545455,9.77142857143,5.36771015539,0.290358590277,0.142642642643,9.50849154237,1.02869645341,0.544491860281,8.05331334643,0.871264894205,0.461830251304,0.640599570326,0.371299902718,2,1.72528881811,0.640599570326,2,0.344071394247,0.376569037657,810,0.104247104247,0.56957682835,37,37,37,1,0,0.405405405405,0.540540540541,0.0540540540541,37,0.117117117117,2.18635635636,8.43243243243,7.09090909091,4.45714285714,5.03620525429,0.597242289772,0.326923076923,6.00062559301,1.42322530091,0.680526680527,3.83793300225,0.910278981302,0.463617463617,1.32204914232,0.604681454823,4.3462962963,2.18635635636,1.32204914232,4.3462962963,0,0,0,0,0.160896782956,37,37,37,1,0,0.405405405405,0.540540540541,0.0540540540541,37,203,0.152402402402,4.87495409308,10.972972973,7.25,5.48648648649,5.11254712821,0.46592178262,0.248701903874,6.01212488607,1.09580601372,0.573558780455,3.46106616218,0.630834719215,0.345360138464,2.45750110389,0.504107537625,6.73638875719,4.87495409308,2.45750110389,6.73638875719,0.215644337394,0.12177589852,96,0.0123552123552,0.192312350291,37,37,37,1,0,0.243243243243,0.756756756757,0,-139,-0.104354354354,3.14966527496,-7.51351351351,-8.29545454545,-4.28494208494,-0.255163027186,0.175563192343,0.106059261232,-3.49636665631,0.0671095603015,0.029066920174,-4.59224718426,-0.24043017499,-0.11647011284,1.81690153357,0.132807634907,4.73638875719,3.14966527496,1.81690153357,4.73638875719,-0.128427056854,-0.254793139137,-714,-0.0918918918919,-0.377264478059,-0.162162162162,0.216216216216,-0.0540540540541,183,20,159,970,0.535087719298,0.979797979798,0.020202020202,0.464912280702,0.901477832512,0.535087719298,0.671559633028,0.625815751455,0.514885699096,0.505524861878,47,186,0,0,0,0
1343,WLNM_dir_neg,0.432318765175,0.350469288775,00:00:04,10,30,50,1235778085,threshold_sweep,0.2,0.53488372093,0.123655913978,0.200873362445,23,20,163,352,0.123655913978,0.94623655914,0.0537634408602,0.876344086022,0.53488372093,0.123655913978,0.200873362445,0.672043010753,0.640979689367,0.0865224625624,0.123543672686,0.0698924731183,342,156,186,0,342,0,156,0,186,37,342,0.256756756757,1.72528881811,18.4864864865,15.5454545455,9.77142857143,5.36771015539,0.290358590277,0.142642642643,9.50849154237,1.02869645341,0.544491860281,8.05331334643,0.871264894205,0.461830251304,0.640599570326,0.371299902718,2,1.72528881811,0.640599570326,2,0.344071394247,0.376569037657,810,0.104247104247,0.56957682835,37,37,37,1,0,0.405405405405,0.540540540541,0.0540540540541,37,0.117117117117,2.18635635636,8.43243243243,7.09090909091,4.45714285714,5.03620525429,0.597242289772,0.326923076923,6.00062559301,1.42322530091,0.680526680527,3.83793300225,0.910278981302,0.463617463617,1.32204914232,0.604681454823,4.3462962963,2.18635635636,1.32204914232,4.3462962963,0,0,0,0,0.160896782956,37,37,37,1,0,0.405405405405,0.540540540541,0.0540540540541,37,199,0.149399399399,5.01326020858,10.7567567568,7.10714285714,5.37837837838,4.83278965566,0.44927944035,0.241070215945,5.92242138615,1.10115372506,0.577482004618,3.51466255178,0.653479971938,0.355833220155,2.55802991188,0.510252770742,6.98948167805,5.01326020858,2.55802991188,6.98948167805,0.203866173526,0.103078982597,77,0.00990990990991,0.19053330576,37,37,37,1,0,0.243243243243,0.756756756757,0,-143,-0.107357357357,3.28797139047,-7.72972972973,-8.43831168831,-4.39305019305,-0.534920499733,0.158920850073,0.0984275733019,-3.58607015623,0.0724572716474,0.0329901443363,-4.53865079466,-0.217784922267,-0.105997031149,1.91743034155,0.138952868025,4.98948167805,3.28797139047,1.91743034155,4.98948167805,-0.140205220722,-0.27349005506,-733,-0.0943371943372,-0.379043522589,-0.162162162162,0.216216216216,-0.0540540540541,179,20,163,970,0.523391812865,0.979797979798,0.020202020202,0.476608187135,0.899497487437,0.523391812865,0.661737523105,0.616624789112,0.503189792663,0.494475138122,43,186,0,0,0,0
1344,WLNM_dir_neg,0.432318765175,0.350469288775,00:00:04,10,30,50,1235778085,threshold_sweep,0.3,0.666666666667,0.118279569892,0.200913242009,22,11,164,361,0.118279569892,0.970430107527,0.0295698924731,0.881720430108,0.666666666667,0.118279569892,0.200913242009,0.686379928315,0.646953405018,0.111675126904,0.177281052086,0.0887096774194,342,156,186,0,342,0,156,0,186,37,342,0.256756756757,1.72528881811,18.4864864865,15.5454545455,9.77142857143,5.36771015539,0.290358590277,0.142642642643,9.50849154237,1.02869645341,0.544491860281,8.05331334643,0.871264894205,0.461830251304,0.640599570326,0.371299902718,2,1.72528881811,0.640599570326,2,0.344071394247,0.376569037657,810,0.104247104247,0.56957682835,37,37,37,1,0,0.405405405405,0.540540540541,0.0540540540541,37,0.117117117117,2.18635635636,8.43243243243,7.09090909091,4.45714285714,5.03620525429,0.597242289772,0.326923076923,6.00062559301,1.42322530091,0.680526680527,3.83793300225,0.910278981302,0.463617463617,1.32204914232,0.604681454823,4.3462962963,2.18635635636,1.32204914232,4.3462962963,0,0,0,0,0.160896782956,37,37,37,1,0,0.405405405405,0.540540540541,0.0540540540541,37,189,0.141891891892,2.41369813681,10.2162162162,8.59090909091,5.10810810811,4.55908820767,0.446259956835,0.238524238524,6.04512560197,1.18343728716,0.612040612041,3.38939345429,0.663532051898,0.361218361218,1.50263651056,0.622545333089,4.13095620346,2.41369813681,1.50263651056,4.13095620346,0.176532553622,0.0690837824596,47,0.00604890604891,0.19558471476,37,37,37,1,0,0.405405405405,0.594594594595,0,-153,-0.114864864865,0.688409318698,-8.27027027027,-6.95454545455,-4.66332046332,-0.808621947727,0.155901366558,0.0958815958816,-3.46336594041,0.154740833743,0.0675487517593,-4.66391989214,-0.207732842307,-0.100611890086,0.862036940233,0.251245430371,2.13095620346,0.688409318698,0.862036940233,2.13095620346,-0.167538840625,-0.307485255197,-763,-0.0981981981982,-0.37399211359,0,0.0540540540541,-0.0540540540541,178,11,164,979,0.520467836257,0.988888888889,0.0111111111111,0.479532163743,0.941798941799,0.520467836257,0.670433145009,0.637673952837,0.509356725146,0.504249291785,33,186,0,0,0,0
1345,WLNM_dir_neg,0.432318765175,0.350469288775,00:00:04,10,30,50,1235778085,threshold_sweep,0.4,0.666666666667,0.118279569892,0.200913242009,22,11,164,361,0.118279569892,0.970430107527,0.0295698924731,0.881720430108,0.666666666667,0.118279569892,0.200913242009,0.686379928315,0.646953405018,0.111675126904,0.177281052086,0.0887096774194,342,156,186,0,342,0,156,0,186,37,342,0.256756756757,1.72528881811,18.4864864865,15.5454545455,9.77142857143,5.36771015539,0.290358590277,0.142642642643,9.50849154237,1.02869645341,0.544491860281,8.05331334643,0.871264894205,0.461830251304,0.640599570326,0.371299902718,2,1.72528881811,0.640599570326,2,0.344071394247,0.376569037657,810,0.104247104247,0.56957682835,37,37,37,1,0,0.405405405405,0.540540540541,0.0540540540541,37,0.117117117117,2.18635635636,8.43243243243,7.09090909091,4.45714285714,5.03620525429,0.597242289772,0.326923076923,6.00062559301,1.42322530091,0.680526680527,3.83793300225,0.910278981302,0.463617463617,1.32204914232,0.604681454823,4.3462962963,2.18635635636,1.32204914232,4.3462962963,0,0,0,0,0.160896782956,37,37,37,1,0,0.405405405405,0.540540540541,0.0540540540541,37,189,0.141891891892,2.41369813681,10.2162162162,8.59090909091,5.10810810811,4.55908820767,0.446259956835,0.238524238524,6.04512560197,1.18343728716,0.612040612041,3.38939345429,0.663532051898,0.361218361218,1.50263651056,0.622545333089,4.13095620346,2.41369813681,1.50263651056,4.13095620346,0.176532553622,0.0690837824596,47,0.00604890604891,0.19558471476,37,37,37,1,0,0.405405405405,0.594594594595,0,-153,-0.114864864865,0.688409318698,-8.27027027027,-6.95454545455,-4.66332046332,-0.808621947727,0.155901366558,0.0958815958816,-3.46336594041,0.154740833743,0.0675487517593,-4.66391989214,-0.207732842307,-0.100611890086,0.862036940233,0.251245430371,2.13095620346,0.688409318698,0.862036940233,2.13095620346,-0.167538840625,-0.307485255197,-763,-0.0981981981982,-0.37399211359,0,0.0540540540541,-0.0540540540541,178,11,164,979,0.520467836257,0.988888888889,0.0111111111111,0.479532163743,0.941798941799,0.520467836257,0.670433145009,0.637673952837,0.509356725146,0.504249291785,33,186,0,0,0,0
1346,WLNM_dir_neg,0.432318765175,0.350469288775,00:00:04,10,30,50,1235778085,threshold_sweep,0.5,0.65625,0.112903225806,0.192660550459,21,11,165,361,0.112903225806,0.970430107527,0.0295698924731,0.887096774194,0.65625,0.112903225806,0.192660550459,0.68458781362,0.647550776583,0.105084745763,0.168958029076,0.0833333333333,342,156,186,0,342,0,156,0,186,37,342,0.256756756757,1.72528881811,18.4864864865,15.5454545455,9.77142857143,5.36771015539,0.290358590277,0.142642642643,9.50849154237,1.02869645341,0.544491860281,8.05331334643,0.871264894205,0.461830251304,0.640599570326,0.371299902718,2,1.72528881811,0.640599570326,2,0.344071394247,0.376569037657,810,0.104247104247,0.56957682835,37,37,37,1,0,0.405405405405,0.540540540541,0.0540540540541,37,0.117117117117,2.18635635636,8.43243243243,7.09090909091,4.45714285714,5.03620525429,0.597242289772,0.326923076923,6.00062559301,1.42322530091,0.680526680527,3.83793300225,0.910278981302,0.463617463617,1.32204914232,0.604681454823,4.3462962963,2.18635635636,1.32204914232,4.3462962963,0,0,0,0,0.160896782956,37,37,37,1,0,0.405405405405,0.540540540541,0.0540540540541,37,188,0.141141141141,2.43447274304,10.1621621622,8.54545454545,5.08108108108,4.4815269813,0.441001325287,0.235623921794,6.02023614514,1.18483370942,0.612995974698,3.41059117048,0.671233368658,0.365152386429,1.53117376937,0.628954985732,4.24951436038,2.43447274304,1.53117376937,4.24951436038,0.173655921334,0.0656389855793,44,0.00566280566281,0.195298958391,37,37,37,1,0,0.405405405405,0.594594594595,0,-154,-0.115615615616,0.709183924928,-8.32432432432,-7,-4.69034749035,-0.886183174097,0.15064273501,0.0929812791515,-3.48825539724,0.156137256001,0.0685041144168,-4.64272217596,-0.200031525547,-0.096677864875,0.890574199039,0.257655083014,2.24951436038,0.709183924928,0.890574199039,2.24951436038,-0.170415472913,-0.310930052078,-766,-0.0985842985843,-0.374277869959,0,0.0540540540541,-0.0540540540541,177,11,165,979,0.517543859649,0.988888888889,0.0111111111111,0.482456140351,0.941489361702,0.517543859649,0.667924528302,0.635419436499,0.506432748538,0.501416430595,32,186,0,0,0,0
1347,WLNM_dir_neg,0.432318765175,0.350469288775,00:00:04,10,30,50,1235778085,threshold_sweep,0.6,0.65625,0.112903225806,0.192660550459,21,11,165,361,0.112903225806,0.970430107527,0.0295698924731,0.887096774194,0.65625,0.112903225806,0.192660550459,0.68458781362,0.647550776583,0.105084745763,0.168958029076,0.0833333333333,342,156,186,0,342,0,156,0,186,37,342,0.256756756757,1.72528881811,18.4864864865,15.5454545455,9.77142857143,5.36771015539,0.290358590277,0.142642642643,9.50849154237,1.02869645341,0.544491860281,8.05331334643,0.871264894205,0.461830251304,0.640599570326,0.371299902718,2,1.72528881811,0.640599570326,2,0.344071394247,0.376569037657,810,0.104247104247,0.56957682835,37,37,37,1,0,0.405405405405,0.540540540541,0.0540540540541,37,0.117117117117,2.18635635636,8.43243243243,7.09090909091,4.45714285714,5.03620525429,0.597242289772,0.326923076923,6.00062559301,1.42322530091,0.680526680527,3.83793300225,0.910278981302,0.463617463617,1.32204914232,0.604681454823,4.3462962963,2.18635635636,1.32204914232,4.3462962963,0,0,0,0,0.160896782956,37,37,37,1,0,0.405405405405,0.540540540541,0.0540540540541,37,188,0.141141141141,2.43447274304,10.1621621622,8.54545454545,5.08108108108,4.4815269813,0.441001325287,0.235623921794,6.02023614514,1.18483370942,0.612995974698,3.41059117048,0.671233368658,0.365152386429,1.53117376937,0.628954985732,4.24951436038,2.43447274304,1.53117376937,4.24951436038,0.173655921334,0.0656389855793,44,0.00566280566281,0.195298958391,37,37,37,1,0,0.405405405405,0.594594594595,0,-154,-0.115615615616,0.709183924928,-8.32432432432,-7,-4.69034749035,-0.886183174097,0.15064273501,0.0929812791515,-3.48825539724,0.156137256001,0.0685041144168,-4.64272217596,-0.200031525547,-0.096677864875,0.890574199039,0.257655083014,2.24951436038,0.709183924928,0.890574199039,2.24951436038,-0.170415472913,-0.310930052078,-766,-0.0985842985843,-0.374277869959,0,0.0540540540541,-0.0540540540541,177,11,165,979,0.517543859649,0.988888888889,0.0111111111111,0.482456140351,0.941489361702,0.517543859649,0.667924528302,0.635419436499,0.506432748538,0.501416430595,32,186,0,0,0,0
1348,WLNM_dir_neg,0.432318765175,0.350469288775,00:00:04,10,30,50,1235778085,threshold_sweep,0.7,0.666666666667,0.10752688172,0.185185185185,20,10,166,362,0.10752688172,0.97311827957,0.0268817204301,0.89247311828,0.666666666667,0.10752688172,0.185185185185,0.68458781362,0.648745519713,0.102040816327,0.168549965616,0.0806451612903,342,156,186,0,342,0,156,0,186,37,342,0.256756756757,1.72528881811,18.4864864865,15.5454545455,9.77142857143,5.36771015539,0.290358590277,0.142642642643,9.50849154237,1.02869645341,0.544491860281,8.05331334643,0.871264894205,0.461830251304,0.640599570326,0.371299902718,2,1.72528881811,0.640599570326,2,0.344071394247,0.376569037657,810,0.104247104247,0.56957682835,37,37,37,1,0,0.405405405405,0.540540540541,0.0540540540541,37,0.117117117117,2.18635635636,8.43243243243,7.09090909091,4.45714285714,5.03620525429,0.597242289772,0.326923076923,6.00062559301,1.42322530091,0.680526680527,3.83793300225,0.910278981302,0.463617463617,1.32204914232,0.604681454823,4.3462962963,2.18635635636,1.32204914232,4.3462962963,0,0,0,0,0.160896782956,37,37,37,1,0,0.405405405405,0.540540540541,0.0540540540541,37,186,0.13963963964,2.43955976342,10.0540540541,8.45454545455,5.02702702703,4.40924499676,0.43855393785,0.235251380413,6.01611948798,1.19675495191,0.617843650102,3.41960431829,0.680243869768,0.368206916594,1.5360589665,0.629645967085,4.23545544138,2.43955976342,1.5360589665,4.23545544138,0.152967576961,0.0564885496183,37,0.0047619047619,0.193642449916,37,37,37,1,0,0.405405405405,0.594594594595,0,-156,-0.117117117117,0.714270945303,-8.43243243243,-7.09090909091,-4.7444015444,-0.958465158635,0.148195347573,0.09260873777,-3.49237205439,0.168058498496,0.0733517898204,-4.63370902814,-0.191021024437,-0.0936233347099,0.895459396173,0.258346064367,2.23545544138,0.714270945303,0.895459396173,2.23545544138,-0.191103817286,-0.320080488039,-773,-0.0994851994852,-0.375934378434,0,0.0540540540541,-0.0540540540541,176,10,166,980,0.514619883041,0.989898989899,0.010101010101,0.485380116959,0.94623655914,0.514619883041,0.666666666667,0.63585675049,0.50451887294,0.5,30,186,0,0,0,0
1349,WLNM_dir_neg,0.432318765175,0.350469288775,00:00:04,10,30,50,1235778085,threshold_sweep,0.8,0.666666666667,0.10752688172,0.185185185185,20,10,166,362,0.10752688172,0.97311827957,0.0268817204301,0.89247311828,0.666666666667,0.10752688172,0.185185185185,0.68458781362,0.648745519713,0.102040816327,0.168549965616,0.0806451612903,342,156,186,0,342,0,156,0,186,37,342,0.256756756757,1.72528881811,18.4864864865,15.5454545455,9.77142857143,5.36771015539,0.290358590277,0.142642642643,9.50849154237,1.02869645341,0.544491860281,8.05331334643,0.871264894205,0.461830251304,0.640599570326,0.371299902718,2,1.72528881811,0.640599570326,2,0.344071394247,0.376569037657,810,0.104247104247,0.56957682835,37,37,37,1,0,0.405405405405,0.540540540541,0.0540540540541,37,0.117117117117,2.18635635636,8.43243243243,7.09090909091,4.45714285714,5.03620525429,0.597242289772,0.326923076923,6.00062559301,1.42322530091,0.680526680527,3.83793300225,0.910278981302,0.463617463617,1.32204914232,0.604681454823,4.3462962963,2.18635635636,1.32204914232,4.3462962963,0,0,0,0,0.160896782956,37,37,37,1,0,0.405405405405,0.540540540541,0.0540540540541,37,186,0.13963963964,2.43955976342,10.0540540541,8.45454545455,5.02702702703,4.40924499676,0.43855393785,0.235251380413,6.01611948798,1.19675495191,0.617843650102,3.41960431829,0.680243869768,0.368206916594,1.5360589665,0.629645967085,4.23545544138,2.43955976342,1.5360589665,4.23545544138,0.152967576961,0.0564885496183,37,0.0047619047619,0.193642449916,37,37,37,1,0,0.405405405405,0.594594594595,0,-156,-0.117117117117,0.714270945303,-8.43243243243,-7.09090909091,-4.7444015444,-0.958465158635,0.148195347573,0.09260873777,-3.49237205439,0.168058498496,0.0733517898204,-4.63370902814,-0.191021024437,-0.0936233347099,0.895459396173,0.258346064367,2.23545544138,0.714270945303,0.895459396173,2.23545544138,-0.191103817286,-0.320080488039,-773,-0.0994851994852,-0.375934378434,0,0.0540540540541,-0.0540540540541,176,10,166,980,0.514619883041,0.989898989899,0.010101010101,0.485380116959,0.94623655914,0.514619883041,0.666666666667,0.63585675049,0.50451887294,0.5,30,186,0,0,0,0
1350,WLNM_dir_neg,0.432318765175,0.350469288775,00:00:04,10,30,50,1235778085,threshold_sweep,0.9,0.655172413793,0.102150537634,0.176744186047,19,10,167,362,0.102150537634,0.97311827957,0.0268817204301,0.897849462366,0.655172413793,0.102150537634,0.176744186047,0.682795698925,0.649342891278,0.0954003407155,0.159851309568,0.0752688172043,342,156,186,0,342,0,156,0,186,37,342,0.256756756757,1.72528881811,18.4864864865,15.5454545455,9.77142857143,5.36771015539,0.290358590277,0.142642642643,9.50849154237,1.02869645341,0.544491860281,8.05331334643,0.871264894205,0.461830251304,0.640599570326,0.371299902718,2,1.72528881811,0.640599570326,2,0.344071394247,0.376569037657,810,0.104247104247,0.56957682835,37,37,37,1,0,0.405405405405,0.540540540541,0.0540540540541,37,0.117117117117,2.18635635636,8.43243243243,7.09090909091,4.45714285714,5.03620525429,0.597242289772,0.326923076923,6.00062559301,1.42322530091,0.680526680527,3.83793300225,0.910278981302,0.463617463617,1.32204914232,0.604681454823,4.3462962963,2.18635635636,1.32204914232,4.3462962963,0,0,0,0,0.160896782956,37,37,37,1,0,0.405405405405,0.540540540541,0.0540540540541,37,185,0.138888888889,2.45275806349,10,8.40909090909,5,4.37162568287,0.437162568287,0.235354273192,6.01387285089,1.20277457018,0.619138056976,3.43187671366,0.686375342732,0.370781592403,1.5544896104,0.633772092545,4.26835751408,2.45275806349,1.5544896104,4.26835751408,0.150819652832,0.0540958268934,35,0.0045045045045,0.192856139065,37,37,37,1,0,0.405405405405,0.594594594595,0,-157,-0.117867867868,0.727469245375,-8.48648648649,-7.13636363636,-4.77142857143,-0.996084472525,0.14680397801,0.0927116305495,-3.49461869149,0.174078116763,0.0746461966946,-4.62143663277,-0.184889551472,-0.0910486589007,0.913890040079,0.262472189827,2.26835751408,0.727469245375,0.913890040079,2.26835751408,-0.193251741415,-0.322473210764,-775,-0.0997425997426,-0.376720689285,0,0.0540540540541,-0.0540540540541,175,10,167,980,0.511695906433,0.989898989899,0.010101010101,0.488304093567,0.945945945946,0.511695906433,0.664136622391,0.633601484515,0.501594896332,0.497159090909,29,186,0,0,0,0
1351,WLNM_dir_neg,0.421999653139,0.322620047976,00:00:04,10,40,1,1236695336,threshold_sweep,0.1,0.435897435897,0.0913978494624,0.151111111111,17,22,169,350,0.0913978494624,0.940860215054,0.0591397849462,0.908602150538,0.435897435897,0.0913978494624,0.151111111111,0.65770609319,0.643369175627,0.0402010050251,0.0596417345918,0.0322580645161,342,156,186,0,342,0,156,0,186,37,342,0.256756756757,1.72528881811,18.4864864865,15.5454545455,9.77142857143,5.36771015539,0.290358590277,0.142642642643,9.50849154237,1.02869645341,0.544491860281,8.05331334643,0.871264894205,0.461830251304,0.640599570326,0.371299902718,2,1.72528881811,0.640599570326,2,0.344071394247,0.376569037657,810,0.104247104247,0.56957682835,37,37,37,1,0,0.405405405405,0.540540540541,0.0540540540541,37,0.117117117117,2.18635635636,8.43243243243,7.09090909091,4.45714285714,5.03620525429,0.597242289772,0.326923076923,6.00062559301,1.42322530091,0.680526680527,3.83793300225,0.910278981302,0.463617463617,1.32204914232,0.604681454823,4.3462962963,2.18635635636,1.32204914232,4.3462962963,0,0,0,0,0.160896782956,37,37,37,1,0,0.405405405405,0.540540540541,0.0540540540541,37,195,0.146396396396,12.3115153385,10.5405405405,6.09375,5.27027027027,4.75858635985,0.451455629011,0.241718641719,5.65512868823,1.07302441777,0.554954954955,3.67157738315,0.696658272701,0.375606375606,4.80086895985,0.389949476393,14.930678317,12.3115153385,4.80086895985,14.930678317,0.163245164871,0.0770642201835,56,0.00720720720721,0.184639611588,37,37,37,1,0,0.135135135135,0.864864864865,0,-147,-0.11036036036,10.5862265204,-7.94594594595,-9.45170454545,-4.50115830116,-0.609123795544,0.161097038734,0.099075999076,-3.85336285414,0.0443279643526,0.0104630946736,-4.38173596328,-0.174606621504,-0.0862238756976,4.16026938952,0.0186495736751,12.930678317,10.5862265204,4.16026938952,12.930678317,-0.180826229377,-0.299504817473,-754,-0.0970398970399,-0.384937216762,-0.27027027027,0.324324324324,-0.0540540540541,173,22,169,968,0.505847953216,0.977777777778,0.0222222222222,0.494152046784,0.887179487179,0.505847953216,0.644320297952,0.597643927981,0.483625730994,0.475274725275,39,186,0,0,0,0
1352,WLNM_dir_neg,0.421999653139,0.322620047976,00:00:04,10,40,1,1236695336,threshold_sweep,0.2,0.428571428571,0.0806451612903,0.135746606335,15,20,171,352,0.0806451612903,0.94623655914,0.0537634408602,0.91935483871,0.428571428571,0.0806451612903,0.135746606335,0.65770609319,0.645758661888,0.0337268128162,0.0522636979871,0.0268817204301,342,156,186,0,342,0,156,0,186,37,342,0.256756756757,1.72528881811,18.4864864865,15.5454545455,9.77142857143,5.36771015539,0.290358590277,0.142642642643,9.50849154237,1.02869645341,0.544491860281,8.05331334643,0.871264894205,0.461830251304,0.640599570326,0.371299902718,2,1.72528881811,0.640599570326,2,0.344071394247,0.376569037657,810,0.104247104247,0.56957682835,37,37,37,1,0,0.405405405405,0.540540540541,0.0540540540541,37,0.117117117117,2.18635635636,8.43243243243,7.09090909091,4.45714285714,5.03620525429,0.597242289772,0.326923076923,6.00062559301,1.42322530091,0.680526680527,3.83793300225,0.910278981302,0.463617463617,1.32204914232,0.604681454823,4.3462962963,2.18635635636,1.32204914232,4.3462962963,0,0,0,0,0.160896782956,37,37,37,1,0,0.405405405405,0.540540540541,0.0540540540541,37,191,0.143393393393,13.2663612173,10.3243243243,5.96875,5.16216216216,4.67293658595,0.45261427665,0.243667751521,5.64955019603,1.094415483,0.561199943399,3.70820047338,0.718342500078,0.383472477713,5.23294908229,0.394452479964,16.4088988947,13.2663612173,5.23294908229,16.4088988947,0.154041801642,0.0695693327023,49,0.00630630630631,0.187660059442,37,37,37,1,0,0.135135135135,0.864864864865,0,-151,-0.113363363363,11.5410723992,-8.16216216216,-9.57670454545,-4.60926640927,-0.69477356944,0.162255686373,0.101025108879,-3.85894134635,0.065719029585,0.0167080831176,-4.34511287306,-0.152922394127,-0.0783577735906,4.59234951196,0.0231525772467,14.4088988947,11.5410723992,4.59234951196,14.4088988947,-0.190029592605,-0.306999704955,-761,-0.0979407979408,-0.381916768908,-0.27027027027,0.324324324324,-0.0540540540541,171,20,171,970,0.5,0.979797979798,0.020202020202,0.5,0.895287958115,0.5,0.641651031895,0.59803907285,0.479797979798,0.472375690608,35,186,0,0,0,0
1353,WLNM_dir_neg,0.421999653139,0.322620047976,00:00:04,10,40,1,1236695336,threshold_sweep,0.3,0.441176470588,0.0806451612903,0.136363636364,15,19,171,353,0.0806451612903,0.948924731183,0.0510752688172,0.91935483871,0.441176470588,0.0806451612903,0.136363636364,0.659498207885,0.646356033453,0.0371621621622,0.0582736988567,0.0295698924731,342,156,186,0,342,0,156,0,186,37,342,0.256756756757,1.72528881811,18.4864864865,15.5454545455,9.77142857143,5.36771015539,0.290358590277,0.142642642643,9.50849154237,1.02869645341,0.544491860281,8.05331334643,0.871264894205,0.461830251304,0.640599570326,0.371299902718,2,1.72528881811,0.640599570326,2,0.344071394247,0.376569037657,810,0.104247104247,0.56957682835,37,37,37,1,0,0.405405405405,0.540540540541,0.0540540540541,37,0.117117117117,2.18635635636,8.43243243243,7.09090909091,4.45714285714,5.03620525429,0.597242289772,0.326923076923,6.00062559301,1.42322530091,0.680526680527,3.83793300225,0.910278981302,0.463617463617,1.32204914232,0.604681454823,4.3462962963,2.18635635636,1.32204914232,4.3462962963,0,0,0,0,0.160896782956,37,37,37,1,0,0.405405405405,0.540540540541,0.0540540540541,37,190,0.142642642643,12.8085568827,10.2702702703,5.9375,5.13513513514,4.72962676851,0.460516290618,0.248648648649,5.66746152348,1.10366355984,0.565007112376,3.72798845195,0.725976698538,0.38719772404,5.02237308256,0.392110768493,15.5067566442,12.8085568827,5.02237308256,15.5067566442,0.144131891733,0.0670470756063,47,0.00604890604891,0.196676236477,37,37,37,1,0,0.135135135135,0.864864864865,0,-152,-0.114114114114,11.0832680646,-8.21621621622,-9.60795454545,-4.63629343629,-0.638083386887,0.170157700341,0.106006006006,-3.8410300189,0.0749671064207,0.0205152520942,-4.32532489448,-0.145288195667,-0.0746325272641,4.38177351223,0.0208108657749,13.5067566442,11.0832680646,4.38177351223,13.5067566442,-0.199939502515,-0.309521962051,-763,-0.0981981981982,-0.372900591873,-0.27027027027,0.324324324324,-0.0540540540541,171,19,171,971,0.5,0.980808080808,0.0191919191919,0.5,0.9,0.5,0.642857142857,0.600609996135,0.480808080808,0.473684210526,34,186,0,0,0,0
1354,WLNM_dir_neg,0.421999653139,0.322620047976,00:00:04,10,40,1,1236695336,threshold_sweep,0.4,0.466666666667,0.0752688172043,0.12962962963,14,16,172,356,0.0752688172043,0.956989247312,0.0430107526882,0.924731182796,0.466666666667,0.0752688172043,0.12962962963,0.663082437276,0.648745519713,0.0408163265306,0.0674199862463,0.0322580645161,342,156,186,0,342,0,156,0,186,37,342,0.256756756757,1.72528881811,18.4864864865,15.5454545455,9.77142857143,5.36771015539,0.290358590277,0.142642642643,9.50849154237,1.02869645341,0.544491860281,8.05331334643,0.871264894205,0.461830251304,0.640599570326,0.371299902718,2,1.72528881811,0.640599570326,2,0.344071394247,0.376569037657,810,0.104247104247,0.56957682835,37,37,37,1,0,0.405405405405,0.540540540541,0.0540540540541,37,0.117117117117,2.18635635636,8.43243243243,7.09090909091,4.45714285714,5.03620525429,0.597242289772,0.326923076923,6.00062559301,1.42322530091,0.680526680527,3.83793300225,0.910278981302,0.463617463617,1.32204914232,0.604681454823,4.3462962963,2.18635635636,1.32204914232,4.3462962963,0,0,0,0,0.160896782956,37,37,37,1,0,0.405405405405,0.540540540541,0.0540540540541,37,186,0.13963963964,12.2448108535,10.0540540541,5.8125,5.16666666667,4.82439372095,0.47984561203,0.261551874455,5.68861673523,1.13160655486,0.571345539087,3.82598198351,0.76108243758,0.406277244987,4.78432708239,0.390722824519,14.8701187161,12.2448108535,4.78432708239,14.8701187161,0.140509627274,0.0602055800294,41,0.00527670527671,0.196031510723,37,37,37,1,0,0.135135135135,0.837837837838,0.027027027027,-156,-0.117117117117,10.5195220354,-8.43243243243,-9.73295454545,-4.60476190476,-0.54331643444,0.189487021753,0.118909231812,-3.81987480714,0.102910101443,0.0268536788061,-4.22733136292,-0.110182456625,-0.055553006317,4.14372751207,0.0194229218009,12.8701187161,10.5195220354,4.14372751207,12.8701187161,-0.203561766973,-0.316363457628,-769,-0.0989703989704,-0.373545317627,-0.27027027027,0.297297297297,-0.027027027027,170,16,172,974,0.497076023392,0.983838383838,0.0161616161616,0.502923976608,0.913978494624,0.497076023392,0.643939393939,0.606107498939,0.48091440723,0.474860335196,30,186,0,0,0,0
1355,WLNM_dir_neg,0.421999653139,0.322620047976,00:00:04,10,40,1,1236695336,threshold_sweep,0.5,0.448275862069,0.0698924731183,0.120930232558,13,16,173,356,0.0698924731183,0.956989247312,0.0430107526882,0.930107526882,0.448275862069,0.0698924731183,0.120930232558,0.661290322581,0.649342891278,0.0340715502555,0.0570897534173,0.0268817204301,342,156,186,0,342,0,156,0,186,37,342,0.256756756757,1.72528881811,18.4864864865,15.5454545455,9.77142857143,5.36771015539,0.290358590277,0.142642642643,9.50849154237,1.02869645341,0.544491860281,8.05331334643,0.871264894205,0.461830251304,0.640599570326,0.371299902718,2,1.72528881811,0.640599570326,2,0.344071394247,0.376569037657,810,0.104247104247,0.56957682835,37,37,37,1,0,0.405405405405,0.540540540541,0.0540540540541,37,0.117117117117,2.18635635636,8.43243243243,7.09090909091,4.45714285714,5.03620525429,0.597242289772,0.326923076923,6.00062559301,1.42322530091,0.680526680527,3.83793300225,0.910278981302,0.463617463617,1.32204914232,0.604681454823,4.3462962963,2.18635635636,1.32204914232,4.3462962963,0,0,0,0,0.160896782956,37,37,37,1,0,0.405405405405,0.540540540541,0.0540540540541,37,185,0.138888888889,12.2387569841,10,5.78125,5.13888888889,4.87624627944,0.487624627944,0.266325785245,5.69600249688,1.13920049938,0.572972972973,3.84418753156,0.768837506311,0.409934258583,4.7809209673,0.390637788913,14.8701187161,12.2387569841,4.7809209673,14.8701187161,0.142697529462,0.0575221238938,39,0.00501930501931,0.197389997666,37,37,37,1,0,0.135135135135,0.837837837838,0.027027027027,-157,-0.117867867868,10.513468166,-8.48648648649,-9.76420454545,-4.63253968254,-0.491463875951,0.197266037667,0.123683142602,-3.8124890455,0.110504045961,0.0284811126916,-4.20912581488,-0.102427387893,-0.051895992721,4.14032139698,0.0193378861948,12.8701187161,10.513468166,4.14032139698,12.8701187161,-0.201373864785,-0.319046913763,-771,-0.0992277992278,-0.372186830684,-0.27027027027,0.297297297297,-0.027027027027,169,16,173,974,0.494152046784,0.983838383838,0.0161616161616,0.505847953216,0.913513513514,0.494152046784,0.641366223909,0.603784944067,0.477990430622,0.472067039106,29,186,0,0,0,0
1356,WLNM_dir_neg,0.421999653139,0.322620047976,00:00:04,10,40,1,1236695336,threshold_sweep,0.6,0.428571428571,0.0645161290323,0.11214953271,12,16,174,356,0.0645161290323,0.956989247312,0.0430107526882,0.935483870968,0.428571428571,0.0645161290323,0.11214953271,0.659498207885,0.649940262843,0.0273037542662,0.0464363460213,0.0215053763441,342,156,186,0,342,0,156,0,186,37,342,0.256756756757,1.72528881811,18.4864864865,15.5454545455,9.77142857143,5.36771015539,0.290358590277,0.142642642643,9.50849154237,1.02869645341,0.544491860281,8.05331334643,0.871264894205,0.461830251304,0.640599570326,0.371299902718,2,1.72528881811,0.640599570326,2,0.344071394247,0.376569037657,810,0.104247104247,0.56957682835,37,37,37,1,0,0.405405405405,0.540540540541,0.0540540540541,37,0.117117117117,2.18635635636,8.43243243243,7.09090909091,4.45714285714,5.03620525429,0.597242289772,0.326923076923,6.00062559301,1.42322530091,0.680526680527,3.83793300225,0.910278981302,0.463617463617,1.32204914232,0.604681454823,4.3462962963,2.18635635636,1.32204914232,4.3462962963,0,0,0,0,0.160896782956,37,37,37,1,0,0.405405405405,0.540540540541,0.0540540540541,37,184,0.138138138138,12.0871510569,9.94594594595,5.75,5.11111111111,4.84163623597,0.486794947638,0.267038777908,5.68373159155,1.14292428743,0.573443008226,3.86929857616,0.778065474554,0.414512338425,4.71499000244,0.390082822682,14.6819393711,12.0871510569,4.71499000244,14.6819393711,0.137596940151,0.0567164179104,38,0.0048906048906,0.197361872789,37,37,37,1,0,0.135135135135,0.837837837838,0.027027027027,-158,-0.118618618619,10.3618622387,-8.54054054054,-9.79545454545,-4.66031746032,-0.526073919425,0.196436357361,0.124396135266,-3.82475995082,0.114227834017,0.0289511479443,-4.18401477027,-0.093199419651,-0.0473179128786,4.07439043212,0.018782919964,12.6819393711,10.3618622387,4.07439043212,12.6819393711,-0.206474454096,-0.319852619746,-772,-0.0993564993565,-0.372214955561,-0.27027027027,0.297297297297,-0.027027027027,168,16,174,974,0.491228070175,0.983838383838,0.0161616161616,0.508771929825,0.913043478261,0.491228070175,0.638783269962,0.601457797157,0.475066454014,0.469273743017,28,186,0,0,0,0
1357,WLNM_dir_neg,0.421999653139,0.322620047976,00:00:04,10,40,1,1236695336,threshold_sweep,0.7,0.647058823529,0.0591397849462,0.108374384236,11,6,175,366,0.0591397849462,0.983870967742,0.0161290322581,0.940860215054,0.647058823529,0.0591397849462,0.108374384236,0.675627240143,0.65651135006,0.055652173913,0.117972801188,0.0430107526882,342,156,186,0,342,0,156,0,186,37,342,0.256756756757,1.72528881811,18.4864864865,15.5454545455,9.77142857143,5.36771015539,0.290358590277,0.142642642643,9.50849154237,1.02869645341,0.544491860281,8.05331334643,0.871264894205,0.461830251304,0.640599570326,0.371299902718,2,1.72528881811,0.640599570326,2,0.344071394247,0.376569037657,810,0.104247104247,0.56957682835,37,37,37,1,0,0.405405405405,0.540540540541,0.0540540540541,37,0.117117117117,2.18635635636,8.43243243243,7.09090909091,4.45714285714,5.03620525429,0.597242289772,0.326923076923,6.00062559301,1.42322530091,0.680526680527,3.83793300225,0.910278981302,0.463617463617,1.32204914232,0.604681454823,4.3462962963,2.18635635636,1.32204914232,4.3462962963,0,0,0,0,0.160896782956,37,37,37,1,0,0.405405405405,0.540540540541,0.0540540540541,37,173,0.12987987988,2.21017436894,9.35135135135,7.86363636364,4.80555555556,4.51673564656,0.483003522898,0.259490704577,5.88337608131,1.25829430641,0.633963443212,3.57502178746,0.764600035467,0.408061240431,1.25667872256,0.568588044556,3.70346791337,2.21017436894,1.25667872256,3.70346791337,0.0940148131325,0.0220963172805,13,0.0016731016731,0.178679148427,37,37,37,1,0,0.405405405405,0.567567567568,0.027027027027,-169,-0.126876876877,0.484885550825,-9.13513513514,-7.68181818182,-4.96587301587,-0.850974508834,0.192644932621,0.116848061935,-3.62511546107,0.229597852992,0.0894715829307,-4.47829155898,-0.106664858738,-0.0537690108728,0.616079152237,0.197288141838,1.70346791337,0.484885550825,0.616079152237,1.70346791337,-0.250056581115,-0.354472720376,-797,-0.102574002574,-0.390897679923,0,0.027027027027,-0.027027027027,167,6,175,984,0.488304093567,0.993939393939,0.00606060606061,0.511695906433,0.965317919075,0.488304093567,0.64854368932,0.62666040086,0.482243487507,0.479885057471,17,186,0,0,0,0
1358,WLNM_dir_neg,0.421999653139,0.322620047976,00:00:04,10,40,1,1236695336,threshold_sweep,0.8,0.571428571429,0.0430107526882,0.08,8,6,178,366,0.0430107526882,0.983870967742,0.0161290322581,0.956989247312,0.571428571429,0.0430107526882,0.08,0.670250896057,0.658303464755,0.034965034965,0.081025465444,0.0268817204301,342,156,186,0,342,0,156,0,186,37,342,0.256756756757,1.72528881811,18.4864864865,15.5454545455,9.77142857143,5.36771015539,0.290358590277,0.142642642643,9.50849154237,1.02869645341,0.544491860281,8.05331334643,0.871264894205,0.461830251304,0.640599570326,0.371299902718,2,1.72528881811,0.640599570326,2,0.344071394247,0.376569037657,810,0.104247104247,0.56957682835,37,37,37,1,0,0.405405405405,0.540540540541,0.0540540540541,37,0.117117117117,2.18635635636,8.43243243243,7.09090909091,4.45714285714,5.03620525429,0.597242289772,0.326923076923,6.00062559301,1.42322530091,0.680526680527,3.83793300225,0.910278981302,0.463617463617,1.32204914232,0.604681454823,4.3462962963,2.18635635636,1.32204914232,4.3462962963,0,0,0,0,0.160896782956,37,37,37,1,0,0.405405405405,0.540540540541,0.0540540540541,37,170,0.127627627628,2.26568277223,9.18918918919,7.72727272727,4.72222222222,4.51440803205,0.491273815253,0.265659777424,5.90413912936,1.28501851639,0.640699523052,3.63210575179,0.790517134213,0.419077901431,1.35232388915,0.596872565624,4.30018895,2.26568277223,1.35232388915,4.30018895,0.103361975421,0.0192419825073,11,0.0014157014157,0.176701892878,37,37,37,1,0,0.405405405405,0.567567567568,0.027027027027,-172,-0.129129129129,0.540393954117,-9.2972972973,-7.81818181818,-5.04920634921,-0.853302123339,0.200915224976,0.123017134782,-3.60435241301,0.256322062976,0.0962076627711,-4.42120759464,-0.0807477599916,-0.0427523498731,0.711724318826,0.225572662906,2.30018895,0.540393954117,0.711724318826,2.30018895,-0.240709418827,-0.35732705515,-799,-0.102831402831,-0.392874935472,0,0.027027027027,-0.027027027027,164,6,178,984,0.479532163743,0.993939393939,0.00606060606061,0.520467836257,0.964705882353,0.479532163743,0.640625,0.619864865513,0.473471557682,0.471264367816,14,186,0,0,0,0
1359,WLNM_dir_neg,0.421999653139,0.322620047976,00:00:04,10,40,1,1236695336,threshold_sweep,0.9,0.538461538462,0.0376344086022,0.070351758794,7,6,179,366,0.0376344086022,0.983870967742,0.0161290322581,0.962365591398,0.538461538462,0.0376344086022,0.070351758794,0.668458781362,0.65890083632,0.0280210157618,0.0672055379645,0.0215053763441,342,156,186,0,342,0,156,0,186,37,342,0.256756756757,1.72528881811,18.4864864865,15.5454545455,9.77142857143,5.36771015539,0.290358590277,0.142642642643,9.50849154237,1.02869645341,0.544491860281,8.05331334643,0.871264894205,0.461830251304,0.640599570326,0.371299902718,2,1.72528881811,0.640599570326,2,0.344071394247,0.376569037657,810,0.104247104247,0.56957682835,37,37,37,1,0,0.405405405405,0.540540540541,0.0540540540541,37,0.117117117117,2.18635635636,8.43243243243,7.09090909091,4.45714285714,5.03620525429,0.597242289772,0.326923076923,6.00062559301,1.42322530091,0.680526680527,3.83793300225,0.910278981302,0.463617463617,1.32204914232,0.604681454823,4.3462962963,2.18635635636,1.32204914232,4.3462962963,0,0,0,0,0.160896782956,37,37,37,1,0,0.405405405405,0.540540540541,0.0540540540541,37,169,0.126876876877,2.28729285015,9.13513513514,7.68181818182,4.69444444444,4.46070598649,0.488302134616,0.262913801375,5.89981421808,1.29167530218,0.641931872701,3.64798681574,0.798671669718,0.421877498801,1.38444871786,0.605278295593,4.42888071952,2.28729285015,1.38444871786,4.42888071952,0.094734650617,0.0177514792899,10,0.001287001287,0.176167794942,37,37,37,1,0,0.405405405405,0.567567567568,0.027027027027,-173,-0.12987987988,0.562004032035,-9.35135135135,-7.86363636364,-5.07698412698,-0.907004168904,0.197943544339,0.120271158733,-3.6086773243,0.262978848767,0.0974400124198,-4.40532653069,-0.0725932244868,-0.0399527525034,0.743849147535,0.233978392875,2.42888071952,0.562004032035,0.743849147535,2.42888071952,-0.24933674363,-0.358817558367,-800,-0.10296010296,-0.393409033408,0,0.027027027027,-0.027027027027,163,6,179,984,0.476608187135,0.993939393939,0.00606060606061,0.523391812865,0.96449704142,0.476608187135,0.637964774951,0.617591038887,0.470547581074,0.468390804598,13,186,0,0,0,0
1360,WLNM_dir_neg,0.476427910741,0.410821196454,00:00:04,10,40,2,1236695337,threshold_sweep,0.1,0.529411764706,0.145161290323,0.227848101266,27,24,159,348,0.145161290323,0.935483870968,0.0645161290323,0.854838709677,0.529411764706,0.145161290323,0.227848101266,0.672043010753,0.636200716846,0.0985221674877,0.131921988571,0.0806451612903,342,156,186,0,342,0,156,0,186,37,342,0.256756756757,1.72528881811,18.4864864865,15.5454545455,9.77142857143,5.36771015539,0.290358590277,0.142642642643,9.50849154237,1.02869645341,0.544491860281,8.05331334643,0.871264894205,0.461830251304,0.640599570326,0.371299902718,2,1.72528881811,0.640599570326,2,0.344071394247,0.376569037657,810,0.104247104247,0.56957682835,37,37,37,1,0,0.405405405405,0.540540540541,0.0540540540541,37,0.117117117117,2.21261261261,8.43243243243,7.09090909091,4.45714285714,5.04722443274,0.598549051319,0.327616077616,6.00525295579,1.42432281644,0.680873180873,3.83793300225,0.910278981302,0.463617463617,1.39215458577,0.629190386892,5.2,2.21261261261,1.39215458577,5.2,0,0,0,0,0.161113233172,37,37,37,1,0,0.405405405405,0.540540540541,0.0540540540541,37,207,0.155405405405,12.3177026586,11.1891891892,6.27272727273,5.75,4.90938917811,0.438761834758,0.239195717457,5.8758425375,1.05027137144,0.544718631675,3.47578495898,0.621275572378,0.338947643295,4.32236793604,0.350906987759,14.7946691168,12.3177026586,4.32236793604,14.7946691168,0.165835959799,0.0935852372583,71,0.00913770913771,0.14781429283,37,37,37,1,0,0.108108108108,0.864864864865,0.027027027027,-135,-0.101351351351,10.5924138405,-7.2972972973,-9.27272727273,-4.02142857143,-0.458320977288,0.148403244481,0.0965530748139,-3.63264900487,0.0215749180229,0.00022677139382,-4.57752838745,-0.249989321827,-0.122882608008,3.68176836571,-0.0203929149591,12.7946691168,10.5924138405,3.68176836571,12.7946691168,-0.178235434449,-0.282983800399,-739,-0.0951093951094,-0.421762535519,-0.297297297297,0.324324324324,-0.027027027027,183,24,159,966,0.535087719298,0.975757575758,0.0242424242424,0.464912280702,0.884057971014,0.535087719298,0.666666666667,0.615968657223,0.510845295056,0.5,51,186,0,0,0,0
1361,WLNM_dir_neg,0.476427910741,0.410821196454,00:00:04,10,40,2,1236695337,threshold_sweep,0.2,0.604651162791,0.139784946237,0.227074235808,26,17,160,355,0.139784946237,0.954301075269,0.0456989247312,0.860215053763,0.604651162791,0.139784946237,0.227074235808,0.682795698925,0.640979689367,0.116472545757,0.166308790154,0.0940860215054,342,156,186,0,342,0,156,0,186,37,342,0.256756756757,1.72528881811,18.4864864865,15.5454545455,9.77142857143,5.36771015539,0.290358590277,0.142642642643,9.50849154237,1.02869645341,0.544491860281,8.05331334643,0.871264894205,0.461830251304,0.640599570326,0.371299902718,2,1.72528881811,0.640599570326,2,0.344071394247,0.376569037657,810,0.104247104247,0.56957682835,37,37,37,1,0,0.405405405405,0.540540540541,0.0540540540541,37,0.117117117117,2.21261261261,8.43243243243,7.09090909091,4.45714285714,5.04722443274,0.598549051319,0.327616077616,6.00525295579,1.42432281644,0.680873180873,3.83793300225,0.910278981302,0.463617463617,1.39215458577,0.629190386892,5.2,2.21261261261,1.39215458577,5.2,0,0,0,0,0.161113233172,37,37,37,1,0,0.405405405405,0.540540540541,0.0540540540541,37,199,0.149399399399,9.07502731187,10.7567567568,6.86206896552,5.52777777778,4.6392372781,0.431285877612,0.234007877224,6.03853988676,1.12274359704,0.582642944452,3.52255708377,0.654947799495,0.356104848567,5.0842011088,0.560240860339,15.5778609961,9.07502731187,5.0842011088,15.5778609961,0.165835959799,0.0935852372583,71,0.00913770913771,0.177284008601,37,37,37,1,0,0.216216216216,0.756756756757,0.027027027027,-143,-0.107357357357,7.34973849375,-7.72972972973,-8.68338557994,-4.24365079365,-0.728472877292,0.140927287335,0.0913652345813,-3.46995165562,0.0940471436205,0.0381510841707,-4.53075626267,-0.21631709471,-0.105725402737,4.44360153848,0.188940957622,13.5778609961,7.34973849375,4.44360153848,13.5778609961,-0.178235434449,-0.282983800399,-739,-0.0951093951094,-0.392292819749,-0.189189189189,0.216216216216,-0.027027027027,182,17,160,973,0.53216374269,0.982828282828,0.0171717171717,0.46783625731,0.914572864322,0.53216374269,0.672828096118,0.631087620932,0.514992025518,0.506963788301,43,186,0,0,0,0
1362,WLNM_dir_neg,0.476427910741,0.410821196454,00:00:04,10,40,2,1236695337,threshold_sweep,0.3,0.615384615385,0.129032258065,0.213333333333,24,15,162,357,0.129032258065,0.959677419355,0.0403225806452,0.870967741935,0.615384615385,0.129032258065,0.213333333333,0.682795698925,0.643369175627,0.110552763819,0.164014770127,0.0887096774194,342,156,186,0,342,0,156,0,186,37,342,0.256756756757,1.72528881811,18.4864864865,15.5454545455,9.77142857143,5.36771015539,0.290358590277,0.142642642643,9.50849154237,1.02869645341,0.544491860281,8.05331334643,0.871264894205,0.461830251304,0.640599570326,0.371299902718,2,1.72528881811,0.640599570326,2,0.344071394247,0.376569037657,810,0.104247104247,0.56957682835,37,37,37,1,0,0.405405405405,0.540540540541,0.0540540540541,37,0.117117117117,2.21261261261,8.43243243243,7.09090909091,4.45714285714,5.04722443274,0.598549051319,0.327616077616,6.00525295579,1.42432281644,0.680873180873,3.83793300225,0.910278981302,0.463617463617,1.39215458577,0.629190386892,5.2,2.21261261261,1.39215458577,5.2,0,0,0,0,0.161113233172,37,37,37,1,0,0.405405405405,0.540540540541,0.0540540540541,37,195,0.146396396396,8.83872306423,10.5405405405,6.72413793103,5.41666666667,4.69984984745,0.445883190656,0.242688842689,6.02609440797,1.1434127851,0.588496188496,3.46128306853,0.656756274541,0.352875952876,4.93564318008,0.558411338857,15.2704290092,8.83872306423,4.93564318008,15.2704290092,0.160291760137,0.0846394984326,63,0.00810810810811,0.164459820588,37,37,37,1,0,0.216216216216,0.756756756757,0.027027027027,-147,-0.11036036036,7.11343424611,-7.94594594595,-8.82131661442,-4.35476190476,-0.667860307942,0.155524600379,0.100046200046,-3.4823971344,0.114716331688,0.0440043282149,-4.59203027791,-0.214508619664,-0.108954298428,4.29504360976,0.187111436139,13.2704290092,7.11343424611,4.29504360976,13.2704290092,-0.18377963411,-0.291929539224,-747,-0.096138996139,-0.405117007762,-0.189189189189,0.216216216216,-0.027027027027,180,15,162,975,0.526315789474,0.984848484848,0.0151515151515,0.473684210526,0.923076923077,0.526315789474,0.670391061453,0.63167487826,0.511164274322,0.504201680672,39,186,0,0,0,0
1363,WLNM_dir_neg,0.476427910741,0.410821196454,00:00:04,10,40,2,1236695337,threshold_sweep,0.4,0.741935483871,0.123655913978,0.21198156682,23,8,163,364,0.123655913978,0.978494623656,0.0215053763441,0.876344086022,0.741935483871,0.123655913978,0.21198156682,0.693548387097,0.648148148148,0.129032258065,0.21022407211,0.102150537634,342,156,186,0,342,0,156,0,186,37,342,0.256756756757,1.72528881811,18.4864864865,15.5454545455,9.77142857143,5.36771015539,0.290358590277,0.142642642643,9.50849154237,1.02869645341,0.544491860281,8.05331334643,0.871264894205,0.461830251304,0.640599570326,0.371299902718,2,1.72528881811,0.640599570326,2,0.344071394247,0.376569037657,810,0.104247104247,0.56957682835,37,37,37,1,0,0.405405405405,0.540540540541,0.0540540540541,37,0.117117117117,2.21261261261,8.43243243243,7.09090909091,4.45714285714,5.04722443274,0.598549051319,0.327616077616,6.00525295579,1.42432281644,0.680873180873,3.83793300225,0.910278981302,0.463617463617,1.39215458577,0.629190386892,5.2,2.21261261261,1.39215458577,5.2,0,0,0,0,0.161113233172,37,37,37,1,0,0.405405405405,0.540540540541,0.0540540540541,37,187,0.14039039039,1,10.1081081081,8.13043478261,5.19444444444,4.52636586988,0.447795553972,0.238618297442,6.15515116678,1.2178641346,0.624367683191,3.45563907858,0.683736074372,0.3673941321,0,0,0,NaN,NaN,NaN,0.141504994601,0.05712890625,39,0.00501930501931,0.18854591088,37,37,0,1,2,0.378378378378,0.594594594595,0.027027027027,-155,-0.116366366366,-0.725288818115,-8.37837837838,-7.41501976285,-4.57698412698,-0.841344285516,0.157436963695,0.0959756547992,-3.3533403756,0.189167681188,0.0798758229099,-4.59767426785,-0.187528819833,-0.0944361192039,-0.640599570326,-0.371299902718,-2,NaN,NaN,NaN,-0.202566399646,-0.319440131407,-771,-0.0992277992278,-0.38103091747,-0.027027027027,0.0540540540541,-0.027027027027,179,8,163,982,0.523391812865,0.991919191919,0.00808080808081,0.476608187135,0.957219251337,0.523391812865,0.676748582231,0.648002260553,0.515311004785,0.511428571429,31,186,0,0,0,0
1364,WLNM_dir_neg,0.476427910741,0.410821196454,00:00:04,10,40,2,1236695337,threshold_sweep,0.5,0.75,0.112903225806,0.196261682243,21,7,165,365,0.112903225806,0.981182795699,0.0188172043011,0.887096774194,0.75,0.112903225806,0.196261682243,0.691756272401,0.649940262843,0.119453924915,0.203159013843,0.0940860215054,342,156,186,0,342,0,156,0,186,37,342,0.256756756757,1.72528881811,18.4864864865,15.5454545455,9.77142857143,5.36771015539,0.290358590277,0.142642642643,9.50849154237,1.02869645341,0.544491860281,8.05331334643,0.871264894205,0.461830251304,0.640599570326,0.371299902718,2,1.72528881811,0.640599570326,2,0.344071394247,0.376569037657,810,0.104247104247,0.56957682835,37,37,37,1,0,0.405405405405,0.540540540541,0.0540540540541,37,0.117117117117,2.21261261261,8.43243243243,7.09090909091,4.45714285714,5.04722443274,0.598549051319,0.327616077616,6.00525295579,1.42432281644,0.680873180873,3.83793300225,0.910278981302,0.463617463617,1.39215458577,0.629190386892,5.2,2.21261261261,1.39215458577,5.2,0,0,0,0,0.161113233172,37,37,37,1,0,0.405405405405,0.540540540541,0.0540540540541,37,184,0.138138138138,1,9.94594594595,8,5.11111111111,4.49039682697,0.451480115755,0.240599294947,6.07127337223,1.22085388463,0.626028202115,3.47600094686,0.698978451271,0.377203290247,0,0,0,NaN,NaN,NaN,0.127936456342,0.0483383685801,32,0.0041184041184,0.184492548128,37,37,0,1,2,0.378378378378,0.594594594595,0.027027027027,-158,-0.118618618619,-0.725288818115,-8.54054054054,-7.54545454545,-4.66031746032,-0.877313328423,0.161121525478,0.0979566523045,-3.43721817014,0.192157431219,0.0815363418338,-4.57731239957,-0.172286442934,-0.0846269610572,-0.640599570326,-0.371299902718,-2,NaN,NaN,NaN,-0.216134937905,-0.328230669077,-778,-0.100128700129,-0.385084280222,-0.027027027027,0.0540540540541,-0.027027027027,177,7,165,983,0.517543859649,0.992929292929,0.00707070707071,0.482456140351,0.961956521739,0.517543859649,0.673003802281,0.646284441394,0.510473152578,0.507163323782,28,186,0,0,0,0
1365,WLNM_dir_neg,0.476427910741,0.410821196454,00:00:04,10,40,2,1236695337,threshold_sweep,0.6,0.769230769231,0.10752688172,0.188679245283,20,6,166,366,0.10752688172,0.983870967742,0.0161290322581,0.89247311828,0.769230769231,0.10752688172,0.188679245283,0.691756272401,0.651135005974,0.116438356164,0.204419079854,0.0913978494624,342,156,186,0,342,0,156,0,186,37,342,0.256756756757,1.72528881811,18.4864864865,15.5454545455,9.77142857143,5.36771015539,0.290358590277,0.142642642643,9.50849154237,1.02869645341,0.544491860281,8.05331334643,0.871264894205,0.461830251304,0.640599570326,0.371299902718,2,1.72528881811,0.640599570326,2,0.344071394247,0.376569037657,810,0.104247104247,0.56957682835,37,37,37,1,0,0.405405405405,0.540540540541,0.0540540540541,37,0.117117117117,2.21261261261,8.43243243243,7.09090909091,4.45714285714,5.04722443274,0.598549051319,0.327616077616,6.00525295579,1.42432281644,0.680873180873,3.83793300225,0.910278981302,0.463617463617,1.39215458577,0.629190386892,5.2,2.21261261261,1.39215458577,5.2,0,0,0,0,0.161113233172,37,37,37,1,0,0.405405405405,0.540540540541,0.0540540540541,37,182,0.136636636637,1,9.83783783784,7.91304347826,5.05555555556,4.47532440484,0.454909348843,0.243243243243,6.03866421201,1.22764052662,0.62874962875,3.50696432813,0.712954286489,0.38313038313,0,0,0,NaN,NaN,NaN,0.116064789207,0.0447070914697,29,0.0037323037323,0.182859979541,37,37,0,1,2,0.378378378378,0.594594594595,0.027027027027,-160,-0.12012012012,-0.725288818115,-8.64864864865,-7.63241106719,-4.71587301587,-0.892385750556,0.164550758566,0.100600600601,-3.46982733036,0.198944073204,0.0842577684683,-4.5463490183,-0.158310607716,-0.0786998681736,-0.640599570326,-0.371299902718,-2,NaN,NaN,NaN,-0.22800660504,-0.331861946187,-781,-0.100514800515,-0.386716848809,-0.027027027027,0.0540540540541,-0.027027027027,176,6,166,984,0.514619883041,0.993939393939,0.00606060606061,0.485380116959,0.967032967033,0.514619883041,0.671755725191,0.646826221223,0.50855927698,0.505747126437,26,186,0,0,0,0
1366,WLNM_dir_neg,0.476427910741,0.410821196454,00:00:04,10,40,2,1236695337,threshold_sweep,0.7,0.857142857143,0.0967741935484,0.173913043478,18,3,168,369,0.0967741935484,0.991935483871,0.00806451612903,0.903225806452,0.857142857143,0.0967741935484,0.173913043478,0.693548387097,0.654121863799,0.113989637306,0.219736474252,0.0887096774194,342,156,186,0,342,0,156,0,186,37,342,0.256756756757,1.72528881811,18.4864864865,15.5454545455,9.77142857143,5.36771015539,0.290358590277,0.142642642643,9.50849154237,1.02869645341,0.544491860281,8.05331334643,0.871264894205,0.461830251304,0.640599570326,0.371299902718,2,1.72528881811,0.640599570326,2,0.344071394247,0.376569037657,810,0.104247104247,0.56957682835,37,37,37,1,0,0.405405405405,0.540540540541,0.0540540540541,37,0.117117117117,2.21261261261,8.43243243243,7.09090909091,4.45714285714,5.04722443274,0.598549051319,0.327616077616,6.00525295579,1.42432281644,0.680873180873,3.83793300225,0.910278981302,0.463617463617,1.39215458577,0.629190386892,5.2,2.21261261261,1.39215458577,5.2,0,0,0,0,0.161113233172,37,37,37,1,0,0.405405405405,0.540540540541,0.0540540540541,37,177,0.132882882883,1,9.56756756757,7.69565217391,5.05714285714,4.78156494919,0.49976808791,0.267979844251,6.07424039666,1.2697564671,0.640708505115,3.62196336517,0.757133584809,0.406168880745,0,0,0,NaN,NaN,NaN,0.146330769473,0.0361824855794,23,0.0029601029601,0.181231476231,37,37,0,1,2,0.378378378378,0.567567567568,0.0540540540541,-165,-0.123873873874,-0.725288818115,-8.91891891892,-7.84980237154,-4.71428571429,-0.586145206199,0.209409497633,0.125337201608,-3.43425114572,0.241060013683,0.096216644834,-4.43134998127,-0.114131309396,-0.0556613705588,-0.640599570326,-0.371299902718,-2,NaN,NaN,NaN,-0.197740624774,-0.340386552077,-787,-0.101287001287,-0.388345352119,-0.027027027027,0.027027027027,0,174,3,168,987,0.508771929825,0.99696969697,0.0030303030303,0.491228070175,0.983050847458,0.508771929825,0.670520231214,0.650851224453,0.505741626794,0.504347826087,21,186,0,0,0,0
1367,WLNM_dir_neg,0.476427910741,0.410821196454,00:00:04,10,40,2,1236695337,threshold_sweep,0.8,0.842105263158,0.0860215053763,0.156097560976,16,3,170,369,0.0860215053763,0.991935483871,0.00806451612903,0.913978494624,0.842105263158,0.0860215053763,0.156097560976,0.689964157706,0.65531660693,0.100519930676,0.202633766476,0.0779569892473,342,156,186,0,342,0,156,0,186,37,342,0.256756756757,1.72528881811,18.4864864865,15.5454545455,9.77142857143,5.36771015539,0.290358590277,0.142642642643,9.50849154237,1.02869645341,0.544491860281,8.05331334643,0.871264894205,0.461830251304,0.640599570326,0.371299902718,2,1.72528881811,0.640599570326,2,0.344071394247,0.376569037657,810,0.104247104247,0.56957682835,37,37,37,1,0,0.405405405405,0.540540540541,0.0540540540541,37,0.117117117117,2.21261261261,8.43243243243,7.09090909091,4.45714285714,5.04722443274,0.598549051319,0.327616077616,6.00525295579,1.42432281644,0.680873180873,3.83793300225,0.910278981302,0.463617463617,1.39215458577,0.629190386892,5.2,2.21261261261,1.39215458577,5.2,0,0,0,0,0.161113233172,37,37,37,1,0,0.405405405405,0.540540540541,0.0540540540541,37,175,0.131381381381,1,9.45945945946,7.60869565217,5,4.66425291502,0.493078165302,0.263166023166,6.0168681806,1.2721378439,0.642471042471,3.64880991747,0.771462668265,0.411428571429,0,0,0,NaN,NaN,NaN,0.141171423524,0.030794165316,19,0.0024453024453,0.180092277911,37,37,0,1,2,0.378378378378,0.567567567568,0.0540540540541,-167,-0.125375375375,-0.725288818115,-9.02702702703,-7.93675889328,-4.77142857143,-0.703457240375,0.202719575025,0.120523380523,-3.49162336178,0.243441390483,0.0979791821897,-4.40450342897,-0.0998022259402,-0.0504016798754,-0.640599570326,-0.371299902718,-2,NaN,NaN,NaN,-0.202899970723,-0.345774872341,-791,-0.101801801802,-0.389484550439,-0.027027027027,0.027027027027,0,172,3,170,987,0.502923976608,0.99696969697,0.0030303030303,0.497076023392,0.982857142857,0.502923976608,0.665377176015,0.646431613155,0.499893673578,0.498550724638,19,186,0,0,0,0
1368,WLNM_dir_neg,0.476427910741,0.410821196454,00:00:04,10,40,2,1236695337,threshold_sweep,0.9,0.8125,0.0698924731183,0.128712871287,13,3,173,369,0.0698924731183,0.991935483871,0.00806451612903,0.930107526882,0.8125,0.0698924731183,0.128712871287,0.68458781362,0.657108721625,0.0801393728223,0.174643812529,0.0618279569892,342,156,186,0,342,0,156,0,186,37,342,0.256756756757,1.72528881811,18.4864864865,15.5454545455,9.77142857143,5.36771015539,0.290358590277,0.142642642643,9.50849154237,1.02869645341,0.544491860281,8.05331334643,0.871264894205,0.461830251304,0.640599570326,0.371299902718,2,1.72528881811,0.640599570326,2,0.344071394247,0.376569037657,810,0.104247104247,0.56957682835,37,37,37,1,0,0.405405405405,0.540540540541,0.0540540540541,37,0.117117117117,2.21261261261,8.43243243243,7.09090909091,4.45714285714,5.04722443274,0.598549051319,0.327616077616,6.00525295579,1.42432281644,0.680873180873,3.83793300225,0.910278981302,0.463617463617,1.39215458577,0.629190386892,5.2,2.21261261261,1.39215458577,5.2,0,0,0,0,0.161113233172,37,37,37,1,0,0.405405405405,0.540540540541,0.0540540540541,37,172,0.129129129129,1,9.2972972973,7.47826086957,4.91428571429,4.53299548291,0.487560560661,0.25895663105,5.96385509277,1.28292231647,0.645505971087,3.7059727784,0.797215074423,0.42206159648,0,0,0,NaN,NaN,NaN,0.127934867641,0.0253378378378,15,0.0019305019305,0.178882639942,37,37,0,1,2,0.378378378378,0.567567567568,0.0540540540541,-170,-0.127627627628,-0.725288818115,-9.18918918919,-8.06719367589,-4.85714285714,-0.834714672487,0.197201970384,0.116313988407,-3.5446364496,0.254225863053,0.101014110806,-4.34734056804,-0.0740498197818,-0.0397686548237,-0.640599570326,-0.371299902718,-2,NaN,NaN,NaN,-0.216136526607,-0.351231199819,-795,-0.102316602317,-0.390694188408,-0.027027027027,0.027027027027,0,169,3,173,987,0.494152046784,0.99696969697,0.0030303030303,0.505847953216,0.982558139535,0.494152046784,0.657587548638,0.639774011724,0.491121743753,0.489855072464,16,186,0,0,0,0
1369,WLNM_dir_neg,0.552094172737,0.439132605995,00:00:04,10,40,3,1236695338,threshold_sweep,0.1,0.594594594595,0.118279569892,0.19730941704,22,15,164,357,0.118279569892,0.959677419355,0.0403225806452,0.881720430108,0.594594594595,0.118279569892,0.19730941704,0.679211469534,0.644563918757,0.0974789915966,0.147694144099,0.0779569892473,342,156,186,0,342,0,156,0,186,37,342,0.256756756757,1.72528881811,18.4864864865,15.5454545455,9.77142857143,5.36771015539,0.290358590277,0.142642642643,9.50849154237,1.02869645341,0.544491860281,8.05331334643,0.871264894205,0.461830251304,0.640599570326,0.371299902718,2,1.72528881811,0.640599570326,2,0.344071394247,0.376569037657,810,0.104247104247,0.56957682835,37,37,37,1,0,0.405405405405,0.540540540541,0.0540540540541,37,0.117117117117,2.22747747748,8.43243243243,7.09090909091,4.45714285714,5.03620525429,0.597242289772,0.326923076923,6.00525295579,1.42432281644,0.680873180873,3.83793300225,0.910278981302,0.463617463617,1.42084529335,0.637871901162,5.2,2.22747747748,1.42084529335,5.2,0,0,0,0,0.160752482811,37,37,37,1,0,0.405405405405,0.540540540541,0.0540540540541,37,193,0.144894894895,6.29737538326,10.4324324324,6.89285714286,5.21621621622,4.72311420652,0.452733745184,0.249124772441,5.91201758725,1.13339197269,0.585632264389,3.75007507432,0.718926309585,0.384820053214,3.48510969605,0.553422574318,9.24219533728,6.29737538326,3.48510969605,9.24219533728,0.186843827246,0.0711237553343,50,0.00643500643501,0.176593318972,37,37,37,1,0,0.243243243243,0.756756756757,0,-149,-0.111861861862,4.57208656514,-8.05405405405,-8.6525974026,-4.55521235521,-0.644595948876,0.162375154907,0.106482129798,-3.59647395512,0.10469551927,0.0411404041074,-4.30323827211,-0.15233858462,-0.0770101980901,2.84451012572,0.1821226716,7.24219533728,4.57208656514,2.84451012572,7.24219533728,-0.157227567001,-0.305445282323,-760,-0.0978120978121,-0.392983509378,-0.162162162162,0.216216216216,-0.0540540540541,178,15,164,975,0.520467836257,0.984848484848,0.0151515151515,0.479532163743,0.922279792746,0.520467836257,0.665420560748,0.627124054751,0.505316321106,0.498599439776,37,186,0,0,0,0
1370,WLNM_dir_neg,0.552094172737,0.439132605995,00:00:04,10,40,3,1236695338,threshold_sweep,0.2,0.583333333333,0.112903225806,0.189189189189,21,15,165,357,0.112903225806,0.959677419355,0.0403225806452,0.887096774194,0.583333333333,0.112903225806,0.189189189189,0.677419354839,0.645161290323,0.0909090909091,0.139271503633,0.0725806451613,342,156,186,0,342,0,156,0,186,37,342,0.256756756757,1.72528881811,18.4864864865,15.5454545455,9.77142857143,5.36771015539,0.290358590277,0.142642642643,9.50849154237,1.02869645341,0.544491860281,8.05331334643,0.871264894205,0.461830251304,0.640599570326,0.371299902718,2,1.72528881811,0.640599570326,2,0.344071394247,0.376569037657,810,0.104247104247,0.56957682835,37,37,37,1,0,0.405405405405,0.540540540541,0.0540540540541,37,0.117117117117,2.22747747748,8.43243243243,7.09090909091,4.45714285714,5.03620525429,0.597242289772,0.326923076923,6.00525295579,1.42432281644,0.680873180873,3.83793300225,0.910278981302,0.463617463617,1.42084529335,0.637871901162,5.2,2.22747747748,1.42084529335,5.2,0,0,0,0,0.160752482811,37,37,37,1,0,0.405405405405,0.540540540541,0.0540540540541,37,192,0.144144144144,6.29940031026,10.3783783784,6.85714285714,5.18918918919,4.7804657569,0.460617794284,0.254222972973,5.92470270158,1.14173958312,0.588963963964,3.77004153999,0.726518421768,0.38795045045,3.48715213777,0.553568905931,9.24272993752,6.29940031026,3.48715213777,9.24272993752,0.197455909917,0.0699666825321,49,0.00630630630631,0.179545596749,37,37,37,1,0,0.243243243243,0.756756756757,0,-150,-0.112612612613,4.57411149215,-8.10810810811,-8.68831168831,-4.58223938224,-0.587244398498,0.170259204007,0.11158033033,-3.5837888408,0.113043129702,0.0444721036826,-4.28327180645,-0.144746472437,-0.0738798008535,2.84655256745,0.182269003213,7.24272993752,4.57411149215,2.84655256745,7.24272993752,-0.14661548433,-0.306602355125,-761,-0.0979407979408,-0.390031231601,-0.162162162162,0.216216216216,-0.0540540540541,177,15,165,975,0.517543859649,0.984848484848,0.0151515151515,0.482456140351,0.921875,0.517543859649,0.662921348315,0.624842589092,0.502392344498,0.495798319328,36,186,0,0,0,0
1371,WLNM_dir_neg,0.552094172737,0.439132605995,00:00:04,10,40,3,1236695338,threshold_sweep,0.3,0.689655172414,0.10752688172,0.186046511628,20,9,166,363,0.10752688172,0.975806451613,0.0241935483871,0.89247311828,0.689655172414,0.10752688172,0.186046511628,0.686379928315,0.649342891278,0.105621805792,0.176978235594,0.0833333333333,342,156,186,0,342,0,156,0,186,37,342,0.256756756757,1.72528881811,18.4864864865,15.5454545455,9.77142857143,5.36771015539,0.290358590277,0.142642642643,9.50849154237,1.02869645341,0.544491860281,8.05331334643,0.871264894205,0.461830251304,0.640599570326,0.371299902718,2,1.72528881811,0.640599570326,2,0.344071394247,0.376569037657,810,0.104247104247,0.56957682835,37,37,37,1,0,0.405405405405,0.540540540541,0.0540540540541,37,0.117117117117,2.22747747748,8.43243243243,7.09090909091,4.45714285714,5.03620525429,0.597242289772,0.326923076923,6.00525295579,1.42432281644,0.680873180873,3.83793300225,0.910278981302,0.463617463617,1.42084529335,0.637871901162,5.2,2.22747747748,1.42084529335,5.2,0,0,0,0,0.160752482811,37,37,37,1,0,0.405405405405,0.540540540541,0.0540540540541,37,185,0.138888888889,2.83739059397,10,8.04347826087,5,4.57043640027,0.457043640027,0.247479912345,6.02310366653,1.20462073331,0.617969320672,3.63623737155,0.727247474309,0.388897005113,1.91190045856,0.673823499178,5.18475704214,2.83739059397,1.91190045856,5.18475704214,0.150904243164,0.0446841294299,29,0.0037323037323,0.198938344227,37,37,37,1,0,0.378378378378,0.621621621622,0,-157,-0.117867867868,1.11210177586,-8.48648648649,-7.50197628458,-4.77142857143,-0.797273755126,0.16668504975,0.104837269702,-3.48538787584,0.175924279891,0.0734774603907,-4.41707597489,-0.144017419896,-0.0729332461907,1.27130088824,0.30252359646,3.18475704214,1.11210177586,1.27130088824,3.18475704214,-0.193167151083,-0.331884908227,-781,-0.100514800515,-0.370638484123,-0.027027027027,0.0810810810811,-0.0540540540541,176,9,166,981,0.514619883041,0.990909090909,0.00909090909091,0.485380116959,0.951351351351,0.514619883041,0.667931688805,0.638570907923,0.50552897395,0.501424501425,29,186,0,0,0,0
1372,WLNM_dir_neg,0.552094172737,0.439132605995,00:00:04,10,40,3,1236695338,threshold_sweep,0.4,0.666666666667,0.0967741935484,0.169014084507,18,9,168,363,0.0967741935484,0.975806451613,0.0241935483871,0.903225806452,0.666666666667,0.0967741935484,0.169014084507,0.682795698925,0.650537634409,0.0923076923077,0.159448201036,0.0725806451613,342,156,186,0,342,0,156,0,186,37,342,0.256756756757,1.72528881811,18.4864864865,15.5454545455,9.77142857143,5.36771015539,0.290358590277,0.142642642643,9.50849154237,1.02869645341,0.544491860281,8.05331334643,0.871264894205,0.461830251304,0.640599570326,0.371299902718,2,1.72528881811,0.640599570326,2,0.344071394247,0.376569037657,810,0.104247104247,0.56957682835,37,37,37,1,0,0.405405405405,0.540540540541,0.0540540540541,37,0.117117117117,2.22747747748,8.43243243243,7.09090909091,4.45714285714,5.03620525429,0.597242289772,0.326923076923,6.00525295579,1.42432281644,0.680873180873,3.83793300225,0.910278981302,0.463617463617,1.42084529335,0.637871901162,5.2,2.22747747748,1.42084529335,5.2,0,0,0,0,0.160752482811,37,37,37,1,0,0.405405405405,0.540540540541,0.0540540540541,37,183,0.137387387387,2.82351483688,9.89189189189,7.95652173913,4.94594594595,4.58732422481,0.463745891579,0.251366120219,5.99974974453,1.213064156,0.622064687638,3.6434564324,0.736655125676,0.391965736228,1.89774249913,0.672120604556,5.15842868253,2.82351483688,1.89774249913,5.15842868253,0.149266138895,0.0417956656347,27,0.0034749034749,0.194975461714,37,37,37,1,0,0.378378378378,0.621621621622,0,-159,-0.119369369369,1.09822601876,-8.59459459459,-7.58893280632,-4.82548262548,-0.780385930582,0.173387301302,0.108723477576,-3.50874179784,0.184367702583,0.0775728273571,-4.40985691404,-0.134609768529,-0.0698645150759,1.25714292881,0.300820701838,3.15842868253,1.09822601876,1.25714292881,3.15842868253,-0.194805255353,-0.334773372022,-783,-0.100772200772,-0.374601366636,-0.027027027027,0.0810810810811,-0.0540540540541,174,9,168,981,0.508771929825,0.990909090909,0.00909090909091,0.491228070175,0.950819672131,0.508771929825,0.662857142857,0.634071079582,0.499681020734,0.495726495726,27,186,0,0,0,0
1373,WLNM_dir_neg,0.552094172737,0.439132605995,00:00:04,10,40,3,1236695338,threshold_sweep,0.5,0.695652173913,0.0860215053763,0.153110047847,16,7,170,365,0.0860215053763,0.981182795699,0.0188172043011,0.913978494624,0.695652173913,0.0860215053763,0.153110047847,0.682795698925,0.652927120669,0.0860585197935,0.159361790949,0.0672043010753,342,156,186,0,342,0,156,0,186,37,342,0.256756756757,1.72528881811,18.4864864865,15.5454545455,9.77142857143,5.36771015539,0.290358590277,0.142642642643,9.50849154237,1.02869645341,0.544491860281,8.05331334643,0.871264894205,0.461830251304,0.640599570326,0.371299902718,2,1.72528881811,0.640599570326,2,0.344071394247,0.376569037657,810,0.104247104247,0.56957682835,37,37,37,1,0,0.405405405405,0.540540540541,0.0540540540541,37,0.117117117117,2.22747747748,8.43243243243,7.09090909091,4.45714285714,5.03620525429,0.597242289772,0.326923076923,6.00525295579,1.42432281644,0.680873180873,3.83793300225,0.910278981302,0.463617463617,1.42084529335,0.637871901162,5.2,2.22747747748,1.42084529335,5.2,0,0,0,0,0.160752482811,37,37,37,1,0,0.405405405405,0.540540540541,0.0540540540541,37,179,0.134384384384,2.79383758194,9.67567567568,7.78260869565,4.83783783784,4.61310966494,0.476773903919,0.257285218179,6.01624427656,1.24358121918,0.628718103578,3.6629793089,0.757152147649,0.399516835271,1.87575593413,0.671390472463,5.14886862851,2.79383758194,1.87575593413,5.14886862851,0.128392510668,0.0302226935313,19,0.0024453024453,0.187655077878,37,37,37,1,0,0.378378378378,0.621621621622,0,-163,-0.122372372372,1.06854876383,-8.81081081081,-7.7628458498,-4.93359073359,-0.754600490451,0.186415313641,0.114642575536,-3.49224726582,0.214884765762,0.0842262432971,-4.39033403754,-0.114112746555,-0.0623134160329,1.2351563638,0.300090569746,3.14886862851,1.06854876383,1.2351563638,3.14886862851,-0.215678883579,-0.346346344126,-791,-0.101801801802,-0.381921750472,-0.027027027027,0.0810810810811,-0.0540540540541,172,7,170,983,0.502923976608,0.992929292929,0.00707070707071,0.497076023392,0.960893854749,0.502923976608,0.660268714012,0.635100803812,0.495853269537,0.492836676218,23,186,0,0,0,0
1374,WLNM_dir_neg,0.552094172737,0.439132605995,00:00:04,10,40,3,1236695338,threshold_sweep,0.6,0.695652173913,0.0860215053763,0.153110047847,16,7,170,365,0.0860215053763,0.981182795699,0.0188172043011,0.913978494624,0.695652173913,0.0860215053763,0.153110047847,0.682795698925,0.652927120669,0.0860585197935,0.159361790949,0.0672043010753,342,156,186,0,342,0,156,0,186,37,342,0.256756756757,1.72528881811,18.4864864865,15.5454545455,9.77142857143,5.36771015539,0.290358590277,0.142642642643,9.50849154237,1.02869645341,0.544491860281,8.05331334643,0.871264894205,0.461830251304,0.640599570326,0.371299902718,2,1.72528881811,0.640599570326,2,0.344071394247,0.376569037657,810,0.104247104247,0.56957682835,37,37,37,1,0,0.405405405405,0.540540540541,0.0540540540541,37,0.117117117117,2.22747747748,8.43243243243,7.09090909091,4.45714285714,5.03620525429,0.597242289772,0.326923076923,6.00525295579,1.42432281644,0.680873180873,3.83793300225,0.910278981302,0.463617463617,1.42084529335,0.637871901162,5.2,2.22747747748,1.42084529335,5.2,0,0,0,0,0.160752482811,37,37,37,1,0,0.405405405405,0.540540540541,0.0540540540541,37,179,0.134384384384,2.79383758194,9.67567567568,7.78260869565,4.83783783784,4.61310966494,0.476773903919,0.257285218179,6.01624427656,1.24358121918,0.628718103578,3.6629793089,0.757152147649,0.399516835271,1.87575593413,0.671390472463,5.14886862851,2.79383758194,1.87575593413,5.14886862851,0.128392510668,0.0302226935313,19,0.0024453024453,0.187655077878,37,37,37,1,0,0.378378378378,0.621621621622,0,-163,-0.122372372372,1.06854876383,-8.81081081081,-7.7628458498,-4.93359073359,-0.754600490451,0.186415313641,0.114642575536,-3.49224726582,0.214884765762,0.0842262432971,-4.39033403754,-0.114112746555,-0.0623134160329,1.2351563638,0.300090569746,3.14886862851,1.06854876383,1.2351563638,3.14886862851,-0.215678883579,-0.346346344126,-791,-0.101801801802,-0.381921750472,-0.027027027027,0.0810810810811,-0.0540540540541,172,7,170,983,0.502923976608,0.992929292929,0.00707070707071,0.497076023392,0.960893854749,0.502923976608,0.660268714012,0.635100803812,0.495853269537,0.492836676218,23,186,0,0,0,0
1375,WLNM_dir_neg,0.552094172737,0.439132605995,00:00:04,10,40,3,1236695338,threshold_sweep,0.7,0.695652173913,0.0860215053763,0.153110047847,16,7,170,365,0.0860215053763,0.981182795699,0.0188172043011,0.913978494624,0.695652173913,0.0860215053763,0.153110047847,0.682795698925,0.652927120669,0.0860585197935,0.159361790949,0.0672043010753,342,156,186,0,342,0,156,0,186,37,342,0.256756756757,1.72528881811,18.4864864865,15.5454545455,9.77142857143,5.36771015539,0.290358590277,0.142642642643,9.50849154237,1.02869645341,0.544491860281,8.05331334643,0.871264894205,0.461830251304,0.640599570326,0.371299902718,2,1.72528881811,0.640599570326,2,0.344071394247,0.376569037657,810,0.104247104247,0.56957682835,37,37,37,1,0,0.405405405405,0.540540540541,0.0540540540541,37,0.117117117117,2.22747747748,8.43243243243,7.09090909091,4.45714285714,5.03620525429,0.597242289772,0.326923076923,6.00525295579,1.42432281644,0.680873180873,3.83793300225,0.910278981302,0.463617463617,1.42084529335,0.637871901162,5.2,2.22747747748,1.42084529335,5.2,0,0,0,0,0.160752482811,37,37,37,1,0,0.405405405405,0.540540540541,0.0540540540541,37,179,0.134384384384,2.79383758194,9.67567567568,7.78260869565,4.83783783784,4.61310966494,0.476773903919,0.257285218179,6.01624427656,1.24358121918,0.628718103578,3.6629793089,0.757152147649,0.399516835271,1.87575593413,0.671390472463,5.14886862851,2.79383758194,1.87575593413,5.14886862851,0.128392510668,0.0302226935313,19,0.0024453024453,0.187655077878,37,37,37,1,0,0.378378378378,0.621621621622,0,-163,-0.122372372372,1.06854876383,-8.81081081081,-7.7628458498,-4.93359073359,-0.754600490451,0.186415313641,0.114642575536,-3.49224726582,0.214884765762,0.0842262432971,-4.39033403754,-0.114112746555,-0.0623134160329,1.2351563638,0.300090569746,3.14886862851,1.06854876383,1.2351563638,3.14886862851,-0.215678883579,-0.346346344126,-791,-0.101801801802,-0.381921750472,-0.027027027027,0.0810810810811,-0.0540540540541,172,7,170,983,0.502923976608,0.992929292929,0.00707070707071,0.497076023392,0.960893854749,0.502923976608,0.660268714012,0.635100803812,0.495853269537,0.492836676218,23,186,0,0,0,0
1376,WLNM_dir_neg,0.552094172737,0.439132605995,00:00:04,10,40,3,1236695338,threshold_sweep,0.8,0.684210526316,0.0698924731183,0.126829268293,13,6,173,366,0.0698924731183,0.983870967742,0.0161290322581,0.930107526882,0.684210526316,0.0698924731183,0.126829268293,0.679211469534,0.65531660693,0.0693240901213,0.139747425156,0.0537634408602,342,156,186,0,342,0,156,0,186,37,342,0.256756756757,1.72528881811,18.4864864865,15.5454545455,9.77142857143,5.36771015539,0.290358590277,0.142642642643,9.50849154237,1.02869645341,0.544491860281,8.05331334643,0.871264894205,0.461830251304,0.640599570326,0.371299902718,2,1.72528881811,0.640599570326,2,0.344071394247,0.376569037657,810,0.104247104247,0.56957682835,37,37,37,1,0,0.405405405405,0.540540540541,0.0540540540541,37,0.117117117117,2.22747747748,8.43243243243,7.09090909091,4.45714285714,5.03620525429,0.597242289772,0.326923076923,6.00525295579,1.42432281644,0.680873180873,3.83793300225,0.910278981302,0.463617463617,1.42084529335,0.637871901162,5.2,2.22747747748,1.42084529335,5.2,0,0,0,0,0.160752482811,37,37,37,1,0,0.405405405405,0.540540540541,0.0540540540541,37,175,0.131381381381,3.06865176865,9.45945945946,7.60869565217,4.72972972973,4.59827621442,0.486103485525,0.260231660232,5.94721526173,1.25741122677,0.63444015444,3.6942045351,0.781060387421,0.408030888031,2.2325677552,0.727540276158,6.28571428571,3.06865176865,2.2325677552,6.28571428571,0.0708009092684,0.0165380374862,10,0.001287001287,0.186884302013,37,37,37,1,0,0.378378378378,0.621621621622,0,-167,-0.125375375375,1.34336295054,-9.02702702703,-7.93675889328,-5.0416988417,-0.769433940969,0.195744895248,0.117589017589,-3.56127628064,0.228714773351,0.0899482941588,-4.35910881134,-0.0902045067839,-0.053799363273,1.59196818487,0.35624037344,4.28571428571,1.34336295054,1.59196818487,4.28571428571,-0.273270484979,-0.360031000171,-800,-0.10296010296,-0.382692526336,-0.027027027027,0.0810810810811,-0.0540540540541,169,6,173,984,0.494152046784,0.993939393939,0.00606060606061,0.505847953216,0.965714285714,0.494152046784,0.653771760155,0.631169694818,0.488091440723,0.485632183908,19,186,0,0,0,0
1377,WLNM_dir_neg,0.552094172737,0.439132605995,00:00:04,10,40,3,1236695338,threshold_sweep,0.9,0.705882352941,0.0645161290323,0.118226600985,12,5,174,367,0.0645161290323,0.986559139785,0.0134408602151,0.935483870968,0.705882352941,0.0645161290323,0.118226600985,0.679211469534,0.65651135006,0.0660869565217,0.140092701411,0.0510752688172,342,156,186,0,342,0,156,0,186,37,342,0.256756756757,1.72528881811,18.4864864865,15.5454545455,9.77142857143,5.36771015539,0.290358590277,0.142642642643,9.50849154237,1.02869645341,0.544491860281,8.05331334643,0.871264894205,0.461830251304,0.640599570326,0.371299902718,2,1.72528881811,0.640599570326,2,0.344071394247,0.376569037657,810,0.104247104247,0.56957682835,37,37,37,1,0,0.405405405405,0.540540540541,0.0540540540541,37,0.117117117117,2.22747747748,8.43243243243,7.09090909091,4.45714285714,5.03620525429,0.597242289772,0.326923076923,6.00525295579,1.42432281644,0.680873180873,3.83793300225,0.910278981302,0.463617463617,1.42084529335,0.637871901162,5.2,2.22747747748,1.42084529335,5.2,0,0,0,0,0.160752482811,37,37,37,1,0,0.405405405405,0.540540540541,0.0540540540541,37,173,0.12987987988,3.00792390792,9.35135135135,7.52173913043,4.67567567568,4.70942445302,0.5036089733,0.27042649586,5.96775620431,1.27634092231,0.639900015623,3.71972261551,0.79554761141,0.413997812842,2.19686237181,0.730358359807,6.28571428571,3.00792390792,2.19686237181,6.28571428571,0.0767911099954,0.0133407448583,8,0.0010296010296,0.185224422587,37,37,37,1,0,0.378378378378,0.621621621622,0,-169,-0.126876876877,1.28263508981,-9.13513513514,-8.02371541502,-5.09575289575,-0.658285702376,0.213250383022,0.127783853217,-3.54073533806,0.247644468895,0.0954081553412,-4.33359073092,-0.0757172827952,-0.0478324384622,1.55626280149,0.359058457089,4.28571428571,1.28263508981,1.55626280149,4.28571428571,-0.267280284252,-0.363228292799,-802,-0.103217503218,-0.384352405763,-0.027027027027,0.0810810810811,-0.0540540540541,168,5,174,985,0.491228070175,0.994949494949,0.00505050505051,0.508771929825,0.971098265896,0.491228070175,0.652427184466,0.631772612266,0.486177565125,0.484149855908,17,186,0,0,0,0
1378,WLNM_dir_neg,0.63096167187,0.51363908237,00:00:05,10,40,4,1236695339,threshold_sweep,0.1,0.626865671642,0.225806451613,0.332015810277,42,25,144,347,0.225806451613,0.932795698925,0.0672043010753,0.774193548387,0.626865671642,0.225806451613,0.332015810277,0.697132616487,0.626642771804,0.1888,0.230016434108,0.158602150538,342,156,186,0,342,0,156,0,186,37,342,0.256756756757,1.72528881811,18.4864864865,15.5454545455,9.77142857143,5.36771015539,0.290358590277,0.142642642643,9.50849154237,1.02869645341,0.544491860281,8.05331334643,0.871264894205,0.461830251304,0.640599570326,0.371299902718,2,1.72528881811,0.640599570326,2,0.344071394247,0.376569037657,810,0.104247104247,0.56957682835,37,37,37,1,0,0.405405405405,0.540540540541,0.0540540540541,37,0.117117117117,2.21261261261,8.43243243243,7.09090909091,4.45714285714,5.04722443274,0.598549051319,0.327616077616,6.00525295579,1.42432281644,0.680873180873,3.83793300225,0.910278981302,0.463617463617,1.39215458577,0.629190386892,5.2,2.21261261261,1.39215458577,5.2,0,0,0,0,0.161113233172,37,37,37,1,0,0.405405405405,0.540540540541,0.0540540540541,37,223,0.167417417417,10.453201411,12.0540540541,6.96875,6.02702702703,6.03207144237,0.500418482887,0.261907647558,7.06511966749,1.17223958609,0.576899769725,3.99643234291,0.663085186941,0.357774815174,4.2113188463,0.402873596395,14.0948236785,10.453201411,4.2113188463,14.0948236785,0.291710862751,0.210526315789,196,0.0252252252252,0.165767944324,37,37,37,1,0,0.135135135135,0.864864864865,0,-119,-0.0893393393393,8.7279125929,-6.43243243243,-8.57670454545,-3.7444015444,0.664361286979,0.21005989261,0.119265004915,-2.44337187489,0.143543132671,0.0324079094435,-4.05688100352,-0.208179707264,-0.10405543613,3.57071927597,0.0315736936776,12.0948236785,8.7279125929,3.57071927597,12.0948236785,-0.0523605314964,-0.166042721867,-614,-0.0790218790219,-0.403808884025,-0.27027027027,0.324324324324,-0.0540540540541,198,25,144,965,0.578947368421,0.974747474747,0.0252525252525,0.421052631579,0.887892376682,0.578947368421,0.700884955752,0.647862622183,0.553694843169,0.539509536785,67,186,0,0,0,0
1379,WLNM_dir_neg,0.63096167187,0.51363908237,00:00:05,10,40,4,1236695339,threshold_sweep,0.2,0.684210526316,0.209677419355,0.320987654321,39,18,147,354,0.209677419355,0.951612903226,0.0483870967742,0.790322580645,0.684210526316,0.209677419355,0.320987654321,0.704301075269,0.632616487455,0.19512195122,0.251061408971,0.161290322581,342,156,186,0,342,0,156,0,186,37,342,0.256756756757,1.72528881811,18.4864864865,15.5454545455,9.77142857143,5.36771015539,0.290358590277,0.142642642643,9.50849154237,1.02869645341,0.544491860281,8.05331334643,0.871264894205,0.461830251304,0.640599570326,0.371299902718,2,1.72528881811,0.640599570326,2,0.344071394247,0.376569037657,810,0.104247104247,0.56957682835,37,37,37,1,0,0.405405405405,0.540540540541,0.0540540540541,37,0.117117117117,2.21261261261,8.43243243243,7.09090909091,4.45714285714,5.04722443274,0.598549051319,0.327616077616,6.00525295579,1.42432281644,0.680873180873,3.83793300225,0.910278981302,0.463617463617,1.39215458577,0.629190386892,5.2,2.21261261261,1.39215458577,5.2,0,0,0,0,0.161113233172,37,37,37,1,0,0.405405405405,0.540540540541,0.0540540540541,37,213,0.15990990991,8.7909983124,11.5135135135,7.1,5.75675675676,5.86714780992,0.509587955322,0.262403248319,7.18178794438,1.24754062884,0.609313538891,4.00974788211,0.696528974826,0.37101890623,4.24577609517,0.482968594042,12.5000694889,8.7909983124,4.24577609517,12.5000694889,0.274721338236,0.195796460177,177,0.0227799227799,0.186906551107,37,37,37,1,0,0.189189189189,0.810810810811,0,-129,-0.0968468468468,7.06570949428,-6.97297297297,-8.44545454545,-4.01467181467,0.499437654525,0.219229365044,0.119760605676,-2.32670359799,0.218844175422,0.0648216786097,-4.04356546433,-0.174735919378,-0.0908113450738,3.60517652484,0.111668691325,10.5000694889,7.06570949428,3.60517652484,10.5000694889,-0.0693500560111,-0.18077257748,-633,-0.0814671814672,-0.382670277243,-0.216216216216,0.27027027027,-0.0540540540541,195,18,147,972,0.570175438596,0.981818181818,0.0181818181818,0.429824561404,0.915492957746,0.570175438596,0.702702702703,0.657899965778,0.551993620415,0.541666666667,57,186,0,0,0,0
1380,WLNM_dir_neg,0.63096167187,0.51363908237,00:00:05,10,40,4,1236695339,threshold_sweep,0.3,0.791666666667,0.204301075269,0.324786324786,38,10,148,362,0.204301075269,0.97311827957,0.0268817204301,0.795698924731,0.791666666667,0.204301075269,0.324786324786,0.716845878136,0.637992831541,0.217821782178,0.298279379501,0.177419354839,342,156,186,0,342,0,156,0,186,37,342,0.256756756757,1.72528881811,18.4864864865,15.5454545455,9.77142857143,5.36771015539,0.290358590277,0.142642642643,9.50849154237,1.02869645341,0.544491860281,8.05331334643,0.871264894205,0.461830251304,0.640599570326,0.371299902718,2,1.72528881811,0.640599570326,2,0.344071394247,0.376569037657,810,0.104247104247,0.56957682835,37,37,37,1,0,0.405405405405,0.540540540541,0.0540540540541,37,0.117117117117,2.21261261261,8.43243243243,7.09090909091,4.45714285714,5.04722443274,0.598549051319,0.327616077616,6.00525295579,1.42432281644,0.680873180873,3.83793300225,0.910278981302,0.463617463617,1.39215458577,0.629190386892,5.2,2.21261261261,1.39215458577,5.2,0,0,0,0,0.161113233172,37,37,37,1,0,0.405405405405,0.540540540541,0.0540540540541,37,204,0.153153153153,2.94523033784,11.027027027,8.86956521739,5.51351351351,5.65433209773,0.512770312785,0.258611552729,7.34703878981,1.33255115305,0.650768415474,3.79781824518,0.688819975842,0.368044515103,2.11238340537,0.717221800358,6,2.94523033784,2.11238340537,6,0.276865749421,0.18112754898,151,0.0194337194337,0.188544336604,37,37,37,1,0,0.378378378378,0.621621621622,0,-138,-0.103603603604,1.21994151972,-7.45945945946,-6.67588932806,-4.25791505792,0.286621942341,0.222411722508,0.115968910087,-2.16145275256,0.303854699639,0.106276555193,-4.25549510125,-0.182444918363,-0.0937857362006,1.47178383505,0.345921897641,4,1.21994151972,1.47178383505,4,-0.067205644826,-0.195441488676,-659,-0.0848133848134,-0.381032491746,-0.027027027027,0.0810810810811,-0.0540540540541,194,10,148,980,0.567251461988,0.989898989899,0.010101010101,0.432748538012,0.950980392157,0.567251461988,0.710622710623,0.675823834147,0.557150451887,0.551136363636,48,186,0,0,0,0
1381,WLNM_dir_neg,0.63096167187,0.51363908237,00:00:05,10,40,4,1236695339,threshold_sweep,0.4,0.782608695652,0.193548387097,0.310344827586,36,10,150,362,0.193548387097,0.97311827957,0.0268817204301,0.806451612903,0.782608695652,0.193548387097,0.310344827586,0.713261648746,0.639187574671,0.205298013245,0.28566879005,0.166666666667,342,156,186,0,342,0,156,0,186,37,342,0.256756756757,1.72528881811,18.4864864865,15.5454545455,9.77142857143,5.36771015539,0.290358590277,0.142642642643,9.50849154237,1.02869645341,0.544491860281,8.05331334643,0.871264894205,0.461830251304,0.640599570326,0.371299902718,2,1.72528881811,0.640599570326,2,0.344071394247,0.376569037657,810,0.104247104247,0.56957682835,37,37,37,1,0,0.405405405405,0.540540540541,0.0540540540541,37,0.117117117117,2.21261261261,8.43243243243,7.09090909091,4.45714285714,5.04722443274,0.598549051319,0.327616077616,6.00525295579,1.42432281644,0.680873180873,3.83793300225,0.910278981302,0.463617463617,1.39215458577,0.629190386892,5.2,2.21261261261,1.39215458577,5.2,0,0,0,0,0.161113233172,37,37,37,1,0,0.405405405405,0.540540540541,0.0540540540541,37,202,0.151651651652,3.01651459278,10.9189189189,8.78260869565,5.45945945946,5.66852115919,0.519146739826,0.263045223441,7.35071649794,1.34641836843,0.654000535189,3.81950109158,0.699611586082,0.373026491838,2.23717626622,0.741642779244,6.98345256514,3.01651459278,2.23717626622,6.98345256514,0.280662403218,0.181118314425,149,0.0191763191763,0.186437397274,37,37,37,1,0,0.378378378378,0.621621621622,0,-140,-0.105105105105,1.29122577466,-7.56756756757,-6.7628458498,-4.31196911197,0.300811003792,0.228788149549,0.120402580799,-2.15777504444,0.317721915019,0.109508674907,-4.23381225485,-0.171653308123,-0.0888037594656,1.59657669589,0.370342876526,4.98345256514,1.29122577466,1.59657669589,4.98345256514,-0.0634089910293,-0.195450723232,-661,-0.0850707850708,-0.383139431076,-0.027027027027,0.0810810810811,-0.0540540540541,192,10,150,980,0.561403508772,0.989898989899,0.010101010101,0.438596491228,0.950495049505,0.561403508772,0.705882352941,0.671437672577,0.551302498671,0.545454545455,46,186,0,0,0,0
1382,WLNM_dir_neg,0.63096167187,0.51363908237,00:00:05,10,40,4,1236695339,threshold_sweep,0.5,0.790697674419,0.182795698925,0.296943231441,34,9,152,363,0.182795698925,0.975806451613,0.0241935483871,0.817204301075,0.790697674419,0.182795698925,0.296943231441,0.71146953405,0.640979689367,0.196339434276,0.280349103403,0.158602150538,342,156,186,0,342,0,156,0,186,37,342,0.256756756757,1.72528881811,18.4864864865,15.5454545455,9.77142857143,5.36771015539,0.290358590277,0.142642642643,9.50849154237,1.02869645341,0.544491860281,8.05331334643,0.871264894205,0.461830251304,0.640599570326,0.371299902718,2,1.72528881811,0.640599570326,2,0.344071394247,0.376569037657,810,0.104247104247,0.56957682835,37,37,37,1,0,0.405405405405,0.540540540541,0.0540540540541,37,0.117117117117,2.21261261261,8.43243243243,7.09090909091,4.45714285714,5.04722443274,0.598549051319,0.327616077616,6.00525295579,1.42432281644,0.680873180873,3.83793300225,0.910278981302,0.463617463617,1.39215458577,0.629190386892,5.2,2.21261261261,1.39215458577,5.2,0,0,0,0,0.161113233172,37,37,37,1,0,0.405405405405,0.540540540541,0.0540540540541,37,199,0.149399399399,3.00406020578,10.7567567568,8.65217391304,5.37837837838,5.83764319551,0.542695472949,0.277875865816,7.37243873171,1.37075494007,0.660328670379,3.88981113046,0.723231215211,0.385440717099,2.21990796473,0.738969199239,6.74798420043,3.00406020578,2.21990796473,6.74798420043,0.291496991472,0.178484107579,146,0.0187902187902,0.189240051701,37,37,37,1,0,0.378378378378,0.621621621622,0,-143,-0.107357357357,1.27877138766,-7.72972972973,-6.89328063241,-4.39305019305,0.469933040116,0.252336882672,0.135233223173,-2.13605281066,0.342058486652,0.115836810098,-4.16350221598,-0.148033678994,-0.0763895342049,1.57930839441,0.367669296522,4.74798420043,1.27877138766,1.57930839441,4.74798420043,-0.0525744027754,-0.198084930077,-664,-0.0854568854569,-0.380336776649,-0.027027027027,0.0810810810811,-0.0540540540541,190,9,152,981,0.555555555556,0.990909090909,0.00909090909091,0.444444444444,0.954773869347,0.555555555556,0.702402957486,0.669655172454,0.546464646465,0.541310541311,43,186,0,0,0,0
1383,WLNM_dir_neg,0.63096167187,0.51363908237,00:00:05,10,40,4,1236695339,threshold_sweep,0.6,0.829268292683,0.182795698925,0.299559471366,34,7,152,365,0.182795698925,0.981182795699,0.0188172043011,0.817204301075,0.829268292683,0.182795698925,0.299559471366,0.715053763441,0.642174432497,0.20367278798,0.296263150776,0.163978494624,342,156,186,0,342,0,156,0,186,37,342,0.256756756757,1.72528881811,18.4864864865,15.5454545455,9.77142857143,5.36771015539,0.290358590277,0.142642642643,9.50849154237,1.02869645341,0.544491860281,8.05331334643,0.871264894205,0.461830251304,0.640599570326,0.371299902718,2,1.72528881811,0.640599570326,2,0.344071394247,0.376569037657,810,0.104247104247,0.56957682835,37,37,37,1,0,0.405405405405,0.540540540541,0.0540540540541,37,0.117117117117,2.21261261261,8.43243243243,7.09090909091,4.45714285714,5.04722443274,0.598549051319,0.327616077616,6.00525295579,1.42432281644,0.680873180873,3.83793300225,0.910278981302,0.463617463617,1.39215458577,0.629190386892,5.2,2.21261261261,1.39215458577,5.2,0,0,0,0,0.161113233172,37,37,37,1,0,0.405405405405,0.540540540541,0.0540540540541,37,197,0.147897897898,3.02395488571,10.6486486486,8.5652173913,5.32432432432,5.86049019668,0.550350602226,0.28179448484,7.39389408023,1.38870091862,0.665660584442,3.90906392641,0.734189671458,0.388530662642,2.25290556294,0.74501956811,6.90369200114,3.02395488571,2.25290556294,6.90369200114,0.288080965475,0.177121771218,144,0.0185328185328,0.186984086694,37,37,37,1,0,0.378378378378,0.621621621622,0,-145,-0.108858858859,1.2986660676,-7.83783783784,-6.98023715415,-4.4471042471,0.492780041284,0.259992011949,0.139151842198,-2.11459746214,0.360004465207,0.121168724161,-4.14424942002,-0.137075222747,-0.0732995886616,1.61230599261,0.373719665392,4.90369200114,1.2986660676,1.61230599261,4.90369200114,-0.0559904287721,-0.199447266439,-666,-0.0857142857143,-0.382592741656,-0.027027027027,0.0810810810811,-0.0540540540541,190,7,152,983,0.555555555556,0.992929292929,0.00707070707071,0.444444444444,0.964467005076,0.555555555556,0.705009276438,0.674938561383,0.548484848485,0.54441260745,41,186,0,0,0,0
1384,WLNM_dir_neg,0.63096167187,0.51363908237,00:00:05,10,40,4,1236695339,threshold_sweep,0.7,0.85,0.182795698925,0.300884955752,34,6,152,366,0.182795698925,0.983870967742,0.0161290322581,0.817204301075,0.85,0.182795698925,0.300884955752,0.716845878136,0.642771804062,0.207357859532,0.304566278108,0.166666666667,342,156,186,0,342,0,156,0,186,37,342,0.256756756757,1.72528881811,18.4864864865,15.5454545455,9.77142857143,5.36771015539,0.290358590277,0.142642642643,9.50849154237,1.02869645341,0.544491860281,8.05331334643,0.871264894205,0.461830251304,0.640599570326,0.371299902718,2,1.72528881811,0.640599570326,2,0.344071394247,0.376569037657,810,0.104247104247,0.56957682835,37,37,37,1,0,0.405405405405,0.540540540541,0.0540540540541,37,0.117117117117,2.21261261261,8.43243243243,7.09090909091,4.45714285714,5.04722443274,0.598549051319,0.327616077616,6.00525295579,1.42432281644,0.680873180873,3.83793300225,0.910278981302,0.463617463617,1.39215458577,0.629190386892,5.2,2.21261261261,1.39215458577,5.2,0,0,0,0,0.161113233172,37,37,37,1,0,0.405405405405,0.540540540541,0.0540540540541,37,196,0.147147147147,1,10.5945945946,8.52173913043,5.2972972973,5.8521575293,0.552372011694,0.282818532819,7.40819690487,1.39848615041,0.668781025924,3.92898675703,0.741696479644,0.391891891892,0,0,0,NaN,NaN,NaN,0.291181124458,0.178660049628,144,0.0185328185328,0.190842091709,37,37,0,1,2,0.378378378378,0.621621621622,0,-146,-0.10960960961,-0.725288818115,-7.89189189189,-7.02371541502,-4.47413127413,0.484447373907,0.262013421417,0.140175890176,-2.1002946375,0.369789696995,0.124289165643,-4.1243265894,-0.129568414561,-0.069938359412,-0.640599570326,-0.371299902718,-2,NaN,NaN,NaN,-0.0528902697896,-0.197908988029,-666,-0.0857142857143,-0.378734736641,-0.027027027027,0.0810810810811,-0.0540540540541,190,6,152,984,0.555555555556,0.993939393939,0.00606060606061,0.444444444444,0.969387755102,0.555555555556,0.706319702602,0.677605861409,0.549494949495,0.545977011494,40,186,0,0,0,0
1385,WLNM_dir_neg,0.63096167187,0.51363908237,00:00:05,10,40,4,1236695339,threshold_sweep,0.8,0.857142857143,0.161290322581,0.27149321267,30,5,156,367,0.161290322581,0.986559139785,0.0134408602151,0.838709677419,0.857142857143,0.161290322581,0.27149321267,0.71146953405,0.645758661888,0.185497470489,0.287450338929,0.147849462366,342,156,186,0,342,0,156,0,186,37,342,0.256756756757,1.72528881811,18.4864864865,15.5454545455,9.77142857143,5.36771015539,0.290358590277,0.142642642643,9.50849154237,1.02869645341,0.544491860281,8.05331334643,0.871264894205,0.461830251304,0.640599570326,0.371299902718,2,1.72528881811,0.640599570326,2,0.344071394247,0.376569037657,810,0.104247104247,0.56957682835,37,37,37,1,0,0.405405405405,0.540540540541,0.0540540540541,37,0.117117117117,2.21261261261,8.43243243243,7.09090909091,4.45714285714,5.04722443274,0.598549051319,0.327616077616,6.00525295579,1.42432281644,0.680873180873,3.83793300225,0.910278981302,0.463617463617,1.39215458577,0.629190386892,5.2,2.21261261261,1.39215458577,5.2,0,0,0,0,0.161113233172,37,37,37,1,0,0.405405405405,0.540540540541,0.0540540540541,37,191,0.143393393393,1,10.3243243243,8.30434782609,5.16216216216,5.57800269936,0.540277748368,0.286826093109,7.05735830933,1.36713223793,0.665345974246,3.9757145655,0.770164601693,0.406961935758,0,0,0,NaN,NaN,NaN,0.253963603964,0.15873015873,120,0.015444015444,0.185042985696,37,37,0,1,2,0.378378378378,0.621621621622,0,-151,-0.113363363363,-0.725288818115,-8.16216216216,-7.24110671937,-4.60926640927,0.210292543971,0.249919158091,0.144183450466,-2.45113323304,0.338435784519,0.120854113965,-4.07759878094,-0.101100292512,-0.0548683155462,-0.640599570326,-0.371299902718,-2,NaN,NaN,NaN,-0.0901077902838,-0.217838878927,-690,-0.0888030888031,-0.384533842653,-0.027027027027,0.0810810810811,-0.0540540540541,186,5,156,985,0.543859649123,0.994949494949,0.00505050505051,0.456140350877,0.973821989529,0.543859649123,0.697936210131,0.671592908956,0.538809144072,0.536023054755,35,186,0,0,0,0
1386,WLNM_dir_neg,0.63096167187,0.51363908237,00:00:05,10,40,4,1236695339,threshold_sweep,0.9,0.722222222222,0.0698924731183,0.127450980392,13,5,173,367,0.0698924731183,0.986559139785,0.0134408602151,0.930107526882,0.722222222222,0.0698924731183,0.127450980392,0.681003584229,0.655913978495,0.0729166666667,0.150616019019,0.0564516129032,342,156,186,0,342,0,156,0,186,37,342,0.256756756757,1.72528881811,18.4864864865,15.5454545455,9.77142857143,5.36771015539,0.290358590277,0.142642642643,9.50849154237,1.02869645341,0.544491860281,8.05331334643,0.871264894205,0.461830251304,0.640599570326,0.371299902718,2,1.72528881811,0.640599570326,2,0.344071394247,0.376569037657,810,0.104247104247,0.56957682835,37,37,37,1,0,0.405405405405,0.540540540541,0.0540540540541,37,0.117117117117,2.21261261261,8.43243243243,7.09090909091,4.45714285714,5.04722443274,0.598549051319,0.327616077616,6.00525295579,1.42432281644,0.680873180873,3.83793300225,0.910278981302,0.463617463617,1.39215458577,0.629190386892,5.2,2.21261261261,1.39215458577,5.2,0,0,0,0,0.161113233172,37,37,37,1,0,0.405405405405,0.540540540541,0.0540540540541,37,174,0.130630630631,1,9.40540540541,7.5652173913,4.7027027027,4.68721345471,0.498353154667,0.271668219944,6.08671077414,1.29430056692,0.648027337683,3.58131621416,0.761544252437,0.404162783473,0,0,0,NaN,NaN,NaN,0.138835657424,0.0315964523282,19,0.0024453024453,0.168282600531,37,37,0,1,2,0.378378378378,0.621621621622,0,-168,-0.126126126126,-0.725288818115,-9.08108108108,-7.98023715415,-5.06872586873,-0.680496700688,0.20799456439,0.129025577301,-3.42178076823,0.2656041135,0.103535477401,-4.47199713227,-0.109720641768,-0.0576674678308,-0.640599570326,-0.371299902718,-2,NaN,NaN,NaN,-0.205235736823,-0.344972585329,-791,-0.101801801802,-0.401294227819,-0.027027027027,0.0810810810811,-0.0540540540541,169,5,173,985,0.494152046784,0.994949494949,0.00505050505051,0.505847953216,0.971264367816,0.494152046784,0.65503875969,0.634016818156,0.489101541733,0.487031700288,18,186,0,0,0,0
1387,WLNM_dir_neg,0.489348479593,0.398349261676,00:00:05,10,40,5,1236695340,threshold_sweep,0.1,0.604166666667,0.155913978495,0.247863247863,29,19,157,353,0.155913978495,0.948924731183,0.0510752688172,0.844086021505,0.604166666667,0.155913978495,0.247863247863,0.68458781362,0.637992831541,0.128712871287,0.176255996978,0.104838709677,342,156,186,0,342,0,156,0,186,37,342,0.256756756757,1.72528881811,18.4864864865,15.5454545455,9.77142857143,5.36771015539,0.290358590277,0.142642642643,9.50849154237,1.02869645341,0.544491860281,8.05331334643,0.871264894205,0.461830251304,0.640599570326,0.371299902718,2,1.72528881811,0.640599570326,2,0.344071394247,0.376569037657,810,0.104247104247,0.56957682835,37,37,37,1,0,0.405405405405,0.540540540541,0.0540540540541,37,0.117117117117,2.18481481481,8.43243243243,7.09090909091,4.45714285714,5.03620525429,0.597242289772,0.326923076923,6.00062559301,1.42322530091,0.680526680527,3.83793300225,0.910278981302,0.463617463617,1.318977792,0.603702328937,4.32037037037,2.18481481481,1.318977792,4.32037037037,0,0,0,0,0.160896782956,37,37,37,1,0,0.405405405405,0.540540540541,0.0540540540541,37,204,0.153153153153,8.38543177832,11.027027027,6.8,5.51351351351,4.74626453403,0.43042104843,0.23012718601,6.04438040948,1.09628468211,0.572337042925,3.31345423674,0.600969640978,0.328298887122,4.00562710094,0.477688830681,12.0524001361,8.38543177832,4.00562710094,12.0524001361,0.164501941127,0.102661596958,81,0.0104247104247,0.167060177331,37,37,37,1,0,0.189189189189,0.810810810811,0,-138,-0.103603603604,6.6601429602,-7.45945945946,-8.74545454545,-4.25791505792,-0.62144562136,0.140062458152,0.0874845433669,-3.46411113289,0.0675882286972,0.0278451826439,-4.73985910969,-0.270295253227,-0.133531364182,3.36502753061,0.106388927963,10.0524001361,6.6601429602,3.36502753061,10.0524001361,-0.17956945312,-0.273907440699,-729,-0.0938223938224,-0.402516651019,-0.216216216216,0.27027027027,-0.0540540540541,185,19,157,971,0.540935672515,0.980808080808,0.0191919191919,0.459064327485,0.906862745098,0.540935672515,0.677655677656,0.632875487435,0.521743753323,0.512465373961,48,186,0,0,0,0
1388,WLNM_dir_neg,0.489348479593,0.398349261676,00:00:05,10,40,5,1236695340,threshold_sweep,0.2,0.625,0.134408602151,0.221238938053,25,15,161,357,0.134408602151,0.959677419355,0.0403225806452,0.865591397849,0.625,0.134408602151,0.221238938053,0.68458781362,0.642771804062,0.117056856187,0.171932576351,0.0940860215054,342,156,186,0,342,0,156,0,186,37,342,0.256756756757,1.72528881811,18.4864864865,15.5454545455,9.77142857143,5.36771015539,0.290358590277,0.142642642643,9.50849154237,1.02869645341,0.544491860281,8.05331334643,0.871264894205,0.461830251304,0.640599570326,0.371299902718,2,1.72528881811,0.640599570326,2,0.344071394247,0.376569037657,810,0.104247104247,0.56957682835,37,37,37,1,0,0.405405405405,0.540540540541,0.0540540540541,37,0.117117117117,2.18481481481,8.43243243243,7.09090909091,4.45714285714,5.03620525429,0.597242289772,0.326923076923,6.00062559301,1.42322530091,0.680526680527,3.83793300225,0.910278981302,0.463617463617,1.318977792,0.603702328937,4.32037037037,2.18481481481,1.318977792,4.32037037037,0,0,0,0,0.160896782956,37,37,37,1,0,0.405405405405,0.540540540541,0.0540540540541,37,196,0.147147147147,8.57500547934,10.5945945946,6.53333333333,5.44444444444,4.66940074349,0.44073425385,0.239244346387,6.06842861257,1.14557070747,0.585769442912,3.43886984718,0.649174409926,0.351351351351,4.12557279756,0.481116053803,12.3271604938,8.57500547934,4.12557279756,12.3271604938,0.158438126317,0.0769230769231,57,0.00733590733591,0.161587054467,37,37,37,1,0,0.189189189189,0.783783783784,0.027027027027,-146,-0.10960960961,6.84971666122,-7.89189189189,-9.01212121212,-4.32698412698,-0.698309411903,0.150375663573,0.0966017037446,-3.44006292981,0.11687425406,0.041277582631,-4.61444349926,-0.222090484279,-0.110478899953,3.48497322723,0.109816151086,10.3271604938,6.84971666122,3.48497322723,10.3271604938,-0.18563326793,-0.299645960734,-753,-0.0969111969112,-0.407989773883,-0.216216216216,0.243243243243,-0.027027027027,181,15,161,975,0.529239766082,0.984848484848,0.0151515151515,0.470760233918,0.923469387755,0.529239766082,0.672862453532,0.633944338218,0.51408825093,0.50700280112,40,186,0,0,0,0
1389,WLNM_dir_neg,0.489348479593,0.398349261676,00:00:05,10,40,5,1236695340,threshold_sweep,0.3,0.806451612903,0.134408602151,0.230414746544,25,6,161,366,0.134408602151,0.983870967742,0.0161290322581,0.865591397849,0.806451612903,0.134408602151,0.230414746544,0.700716845878,0.648148148148,0.149405772496,0.243417346654,0.118279569892,342,156,186,0,342,0,156,0,186,37,342,0.256756756757,1.72528881811,18.4864864865,15.5454545455,9.77142857143,5.36771015539,0.290358590277,0.142642642643,9.50849154237,1.02869645341,0.544491860281,8.05331334643,0.871264894205,0.461830251304,0.640599570326,0.371299902718,2,1.72528881811,0.640599570326,2,0.344071394247,0.376569037657,810,0.104247104247,0.56957682835,37,37,37,1,0,0.405405405405,0.540540540541,0.0540540540541,37,0.117117117117,2.18481481481,8.43243243243,7.09090909091,4.45714285714,5.03620525429,0.597242289772,0.326923076923,6.00062559301,1.42322530091,0.680526680527,3.83793300225,0.910278981302,0.463617463617,1.318977792,0.603702328937,4.32037037037,2.18481481481,1.318977792,4.32037037037,0,0,0,0,0.160896782956,37,37,37,1,0,0.405405405405,0.540540540541,0.0540540540541,37,187,0.14039039039,1,10.1081081081,8.13043478261,5.19444444444,4.52636586988,0.447795553972,0.236594883654,6.24475756111,1.23559374204,0.630148865443,3.39072219402,0.670891557105,0.361034831623,0,0,0,NaN,NaN,NaN,0.15276585741,0.0615234375,42,0.00540540540541,0.1818175724,37,37,0,1,2,0.378378378378,0.594594594595,0.027027027027,-155,-0.116366366366,-0.725288818115,-8.37837837838,-7.41501976285,-4.57698412698,-0.841344285516,0.157436963695,0.0939522410111,-3.26373398127,0.206897288622,0.0856570051616,-4.66259115242,-0.2003733371,-0.100795419681,-0.640599570326,-0.371299902718,-2,NaN,NaN,NaN,-0.191305536838,-0.315045600157,-768,-0.0988416988417,-0.387759255949,-0.027027027027,0.0540540540541,-0.027027027027,181,6,161,984,0.529239766082,0.993939393939,0.00606060606061,0.470760233918,0.967914438503,0.529239766082,0.684310018904,0.657896445487,0.523179160021,0.520114942529,31,186,0,0,0,0
1390,WLNM_dir_neg,0.489348479593,0.398349261676,00:00:05,10,40,5,1236695340,threshold_sweep,0.4,0.857142857143,0.129032258065,0.224299065421,24,4,162,368,0.129032258065,0.989247311828,0.010752688172,0.870967741935,0.857142857143,0.129032258065,0.224299065421,0.702508960573,0.649940262843,0.150170648464,0.255399903117,0.118279569892,342,156,186,0,342,0,156,0,186,37,342,0.256756756757,1.72528881811,18.4864864865,15.5454545455,9.77142857143,5.36771015539,0.290358590277,0.142642642643,9.50849154237,1.02869645341,0.544491860281,8.05331334643,0.871264894205,0.461830251304,0.640599570326,0.371299902718,2,1.72528881811,0.640599570326,2,0.344071394247,0.376569037657,810,0.104247104247,0.56957682835,37,37,37,1,0,0.405405405405,0.540540540541,0.0540540540541,37,0.117117117117,2.18481481481,8.43243243243,7.09090909091,4.45714285714,5.03620525429,0.597242289772,0.326923076923,6.00062559301,1.42322530091,0.680526680527,3.83793300225,0.910278981302,0.463617463617,1.318977792,0.603702328937,4.32037037037,2.18481481481,1.318977792,4.32037037037,0,0,0,0,0.160896782956,37,37,37,1,0,0.405405405405,0.540540540541,0.0540540540541,37,184,0.138138138138,1,9.94594594595,8,5.11111111111,4.48420651934,0.450857720695,0.23883666275,6.2471615176,1.25622269647,0.635428907168,3.45194378806,0.694140870425,0.372209165687,0,0,0,NaN,NaN,NaN,0.152617599909,0.055919395466,37,0.0047619047619,0.180706588516,37,37,0,1,2,0.378378378378,0.594594594595,0.027027027027,-158,-0.118618618619,-0.725288818115,-8.54054054054,-7.54545454545,-4.66031746032,-0.883503636051,0.160499130418,0.0961940201071,-3.26133002477,0.22752624306,0.0909370468867,-4.60136955838,-0.17712402378,-0.0896210856165,-0.640599570326,-0.371299902718,-2,NaN,NaN,NaN,-0.191453794339,-0.320649642191,-773,-0.0994851994852,-0.388870239834,-0.027027027027,0.0540540540541,-0.027027027027,180,4,162,986,0.526315789474,0.99595959596,0.0040404040404,0.473684210526,0.978260869565,0.526315789474,0.684410646388,0.66122665614,0.522275385433,0.520231213873,28,186,0,0,0,0
1391,WLNM_dir_neg,0.489348479593,0.398349261676,00:00:05,10,40,5,1236695340,threshold_sweep,0.5,0.851851851852,0.123655913978,0.215962441315,23,4,163,368,0.123655913978,0.989247311828,0.010752688172,0.876344086022,0.851851851852,0.123655913978,0.215962441315,0.700716845878,0.650537634409,0.14358974359,0.248030534945,0.112903225806,342,156,186,0,342,0,156,0,186,37,342,0.256756756757,1.72528881811,18.4864864865,15.5454545455,9.77142857143,5.36771015539,0.290358590277,0.142642642643,9.50849154237,1.02869645341,0.544491860281,8.05331334643,0.871264894205,0.461830251304,0.640599570326,0.371299902718,2,1.72528881811,0.640599570326,2,0.344071394247,0.376569037657,810,0.104247104247,0.56957682835,37,37,37,1,0,0.405405405405,0.540540540541,0.0540540540541,37,0.117117117117,2.18481481481,8.43243243243,7.09090909091,4.45714285714,5.03620525429,0.597242289772,0.326923076923,6.00062559301,1.42322530091,0.680526680527,3.83793300225,0.910278981302,0.463617463617,1.318977792,0.603702328937,4.32037037037,2.18481481481,1.318977792,4.32037037037,0,0,0,0,0.160896782956,37,37,37,1,0,0.405405405405,0.540540540541,0.0540540540541,37,183,0.137387387387,1,9.89189189189,7.95652173913,5.08333333333,4.52022482101,0.456962618517,0.242800177226,6.25808786001,1.26529645257,0.638605818934,3.45563907858,0.698681125178,0.373356963521,0,0,0,NaN,NaN,NaN,0.145812265162,0.0501773948302,33,0.0042471042471,0.178624846728,37,37,0,1,2,0.378378378378,0.594594594595,0.027027027027,-159,-0.119369369369,-0.725288818115,-8.59459459459,-7.58893280632,-4.6880952381,-0.847485334388,0.16660402824,0.100157534584,-3.25040368236,0.236599999156,0.0941139586524,-4.59767426785,-0.172583769027,-0.088473287783,-0.640599570326,-0.371299902718,-2,NaN,NaN,NaN,-0.198259129085,-0.326391642827,-777,-0.1,-0.390951981622,-0.027027027027,0.0540540540541,-0.027027027027,179,4,163,986,0.523391812865,0.99595959596,0.0040404040404,0.476608187135,0.978142076503,0.523391812865,0.681904761905,0.659031851945,0.519351408825,0.517341040462,27,186,0,0,0,0
1392,WLNM_dir_neg,0.489348479593,0.398349261676,00:00:05,10,40,5,1236695340,threshold_sweep,0.6,0.846153846154,0.118279569892,0.207547169811,22,4,164,368,0.118279569892,0.989247311828,0.010752688172,0.881720430108,0.846153846154,0.118279569892,0.207547169811,0.698924731183,0.651135005974,0.13698630137,0.240493035122,0.10752688172,342,156,186,0,342,0,156,0,186,37,342,0.256756756757,1.72528881811,18.4864864865,15.5454545455,9.77142857143,5.36771015539,0.290358590277,0.142642642643,9.50849154237,1.02869645341,0.544491860281,8.05331334643,0.871264894205,0.461830251304,0.640599570326,0.371299902718,2,1.72528881811,0.640599570326,2,0.344071394247,0.376569037657,810,0.104247104247,0.56957682835,37,37,37,1,0,0.405405405405,0.540540540541,0.0540540540541,37,0.117117117117,2.18481481481,8.43243243243,7.09090909091,4.45714285714,5.03620525429,0.597242289772,0.326923076923,6.00062559301,1.42322530091,0.680526680527,3.83793300225,0.910278981302,0.463617463617,1.318977792,0.603702328937,4.32037037037,2.18481481481,1.318977792,4.32037037037,0,0,0,0,0.160896782956,37,37,37,1,0,0.405405405405,0.540540540541,0.0540540540541,37,182,0.136636636637,1,9.83783783784,7.91304347826,5.05555555556,4.54919720338,0.462418397046,0.24651024651,6.25556809028,1.27173637,0.640035640036,3.43493796142,0.698311563585,0.37422037422,0,0,0,NaN,NaN,NaN,0.145426164776,0.0489795918367,32,0.0041184041184,0.175773808185,37,37,0,1,2,0.378378378378,0.594594594595,0.027027027027,-160,-0.12012012012,-0.725288818115,-8.64864864865,-7.63241106719,-4.71587301587,-0.818512952018,0.172059806769,0.103867603868,-3.25292345209,0.243039916587,0.0955437797543,-4.61837538502,-0.17295333062,-0.0876098770836,-0.640599570326,-0.371299902718,-2,NaN,NaN,NaN,-0.198645229471,-0.32758944582,-778,-0.100128700129,-0.393803020165,-0.027027027027,0.0540540540541,-0.027027027027,178,4,164,986,0.520467836257,0.99595959596,0.0040404040404,0.479532163743,0.978021978022,0.520467836257,0.679389312977,0.656833568154,0.516427432217,0.514450867052,26,186,0,0,0,0
1393,WLNM_dir_neg,0.489348479593,0.398349261676,00:00:05,10,40,5,1236695340,threshold_sweep,0.7,0.8,0.0860215053763,0.155339805825,16,4,170,368,0.0860215053763,0.989247311828,0.010752688172,0.913978494624,0.8,0.0860215053763,0.155339805825,0.688172043011,0.654719235364,0.0968858131488,0.190869659102,0.0752688172043,342,156,186,0,342,0,156,0,186,37,342,0.256756756757,1.72528881811,18.4864864865,15.5454545455,9.77142857143,5.36771015539,0.290358590277,0.142642642643,9.50849154237,1.02869645341,0.544491860281,8.05331334643,0.871264894205,0.461830251304,0.640599570326,0.371299902718,2,1.72528881811,0.640599570326,2,0.344071394247,0.376569037657,810,0.104247104247,0.56957682835,37,37,37,1,0,0.405405405405,0.540540540541,0.0540540540541,37,0.117117117117,2.18481481481,8.43243243243,7.09090909091,4.45714285714,5.03620525429,0.597242289772,0.326923076923,6.00062559301,1.42322530091,0.680526680527,3.83793300225,0.910278981302,0.463617463617,1.318977792,0.603702328937,4.32037037037,2.18481481481,1.318977792,4.32037037037,0,0,0,0,0.160896782956,37,37,37,1,0,0.405405405405,0.540540540541,0.0540540540541,37,176,0.132132132132,1,9.51351351351,7.65217391304,4.88888888889,4.59239480991,0.482723318087,0.260442260442,6.1797402202,1.29914993266,0.644041769042,3.49130193326,0.733966883697,0.391277641278,0,0,0,NaN,NaN,NaN,0.108917530976,0.0355029585799,22,0.0028314028314,0.166221010007,37,37,0,1,2,0.378378378378,0.594594594595,0.027027027027,-166,-0.124624624625,-0.725288818115,-8.97297297297,-7.89328063241,-4.88253968254,-0.775315345483,0.19236472781,0.1177996178,-3.32875132217,0.270453479241,0.0995499087604,-4.56201141317,-0.137298010508,-0.0705526100263,-0.640599570326,-0.371299902718,-2,NaN,NaN,NaN,-0.235153863271,-0.341066079077,-788,-0.101415701416,-0.403355818343,-0.027027027027,0.0540540540541,-0.027027027027,172,4,170,986,0.502923976608,0.99595959596,0.0040404040404,0.497076023392,0.977272727273,0.502923976608,0.664092664093,0.643568239035,0.498883572568,0.49710982659,20,186,0,0,0,0
1394,WLNM_dir_neg,0.489348479593,0.398349261676,00:00:05,10,40,5,1236695340,threshold_sweep,0.8,0.842105263158,0.0860215053763,0.156097560976,16,3,170,369,0.0860215053763,0.991935483871,0.00806451612903,0.913978494624,0.842105263158,0.0860215053763,0.156097560976,0.689964157706,0.65531660693,0.100519930676,0.202633766476,0.0779569892473,342,156,186,0,342,0,156,0,186,37,342,0.256756756757,1.72528881811,18.4864864865,15.5454545455,9.77142857143,5.36771015539,0.290358590277,0.142642642643,9.50849154237,1.02869645341,0.544491860281,8.05331334643,0.871264894205,0.461830251304,0.640599570326,0.371299902718,2,1.72528881811,0.640599570326,2,0.344071394247,0.376569037657,810,0.104247104247,0.56957682835,37,37,37,1,0,0.405405405405,0.540540540541,0.0540540540541,37,0.117117117117,2.18481481481,8.43243243243,7.09090909091,4.45714285714,5.03620525429,0.597242289772,0.326923076923,6.00062559301,1.42322530091,0.680526680527,3.83793300225,0.910278981302,0.463617463617,1.318977792,0.603702328937,4.32037037037,2.18481481481,1.318977792,4.32037037037,0,0,0,0,0.160896782956,37,37,37,1,0,0.405405405405,0.540540540541,0.0540540540541,37,175,0.131381381381,2.1417039897,9.45945945946,7.95454545455,4.86111111111,4.64635218086,0.491185801977,0.265637065637,6.19878414892,1.3106000772,0.648957528958,3.49323670866,0.738570046973,0.392277992278,1.25145012983,0.584324507891,4.00222222222,2.1417039897,1.25145012983,4.00222222222,0.108917530976,0.0355029585799,22,0.0028314028314,0.172816373153,37,37,37,1,0,0.405405405405,0.567567567568,0.027027027027,-167,-0.125375375375,0.416415171589,-9.02702702703,-7.59090909091,-4.91031746032,-0.721357974533,0.2008272117,0.122994422994,-3.30970739345,0.281903623786,0.104465668676,-4.56007663778,-0.132694847232,-0.0695522590259,0.610850559505,0.213024605173,2.00222222222,0.416415171589,0.610850559505,2.00222222222,-0.235153863271,-0.341066079077,-788,-0.101415701416,-0.396760455197,0,0.027027027027,-0.027027027027,172,3,170,987,0.502923976608,0.99696969697,0.0030303030303,0.497076023392,0.982857142857,0.502923976608,0.665377176015,0.646431613155,0.499893673578,0.498550724638,19,186,0,0,0,0
1395,WLNM_dir_neg,0.489348479593,0.398349261676,00:00:05,10,40,5,1236695340,threshold_sweep,0.9,0.857142857143,0.0645161290323,0.12,12,2,174,370,0.0645161290323,0.994623655914,0.00537634408602,0.935483870968,0.857142857143,0.0645161290323,0.12,0.68458781362,0.658303464755,0.0769230769231,0.178256023977,0.0591397849462,342,156,186,0,342,0,156,0,186,37,342,0.256756756757,1.72528881811,18.4864864865,15.5454545455,9.77142857143,5.36771015539,0.290358590277,0.142642642643,9.50849154237,1.02869645341,0.544491860281,8.05331334643,0.871264894205,0.461830251304,0.640599570326,0.371299902718,2,1.72528881811,0.640599570326,2,0.344071394247,0.376569037657,810,0.104247104247,0.56957682835,37,37,37,1,0,0.405405405405,0.540540540541,0.0540540540541,37,0.117117117117,2.18481481481,8.43243243243,7.09090909091,4.45714285714,5.03620525429,0.597242289772,0.326923076923,6.00062559301,1.42322530091,0.680526680527,3.83793300225,0.910278981302,0.463617463617,1.318977792,0.603702328937,4.32037037037,2.18481481481,1.318977792,4.32037037037,0,0,0,0,0.160896782956,37,37,37,1,0,0.405405405405,0.540540540541,0.0540540540541,37,170,0.127627627628,2.10998677249,9.18918918919,7.72727272727,4.72222222222,4.63583767953,0.504488218067,0.27440381558,6.09854016894,1.32732933089,0.655643879173,3.59366309139,0.782150202244,0.413036565978,1.19833620311,0.56793541018,3.93555555556,2.10998677249,1.19833620311,3.93555555556,0.0759872171637,0.0220214568041,13,0.0016731016731,0.171996199412,37,37,37,1,0,0.405405405405,0.567567567568,0.027027027027,-172,-0.129129129129,0.384697954372,-9.2972972973,-7.81818181818,-5.04920634921,-0.731872475859,0.21412962779,0.131761172938,-3.40995137343,0.298632877472,0.111152018892,-4.45965025504,-0.0891146919613,-0.0487936853262,0.557736632781,0.196635507462,1.93555555556,0.384697954372,0.557736632781,1.93555555556,-0.268084177084,-0.354547580853,-797,-0.102574002574,-0.397580628938,0,0.027027027027,-0.027027027027,168,2,174,988,0.491228070175,0.99797979798,0.0020202020202,0.508771929825,0.988235294118,0.491228070175,0.65625,0.64046670699,0.489207868155,0.488372093023,14,186,0,0,0,0
1396,WLNM_dir_neg,0.409917331483,0.339088892173,00:00:04,10,40,6,1236695341,threshold_sweep,0.1,0.514285714286,0.0967741935484,0.162895927602,18,17,168,355,0.0967741935484,0.954301075269,0.0456989247312,0.903225806452,0.514285714286,0.0967741935484,0.162895927602,0.668458781362,0.645758661888,0.0640809443508,0.0993010261755,0.0510752688172,342,156,186,0,342,0,156,0,186,37,342,0.256756756757,1.72528881811,18.4864864865,15.5454545455,9.77142857143,5.36771015539,0.290358590277,0.142642642643,9.50849154237,1.02869645341,0.544491860281,8.05331334643,0.871264894205,0.461830251304,0.640599570326,0.371299902718,2,1.72528881811,0.640599570326,2,0.344071394247,0.376569037657,810,0.104247104247,0.56957682835,37,37,37,1,0,0.405405405405,0.540540540541,0.0540540540541,37,0.117117117117,2.18635635636,8.43243243243,7.09090909091,4.45714285714,5.03620525429,0.597242289772,0.326923076923,6.00062559301,1.42322530091,0.680526680527,3.83793300225,0.910278981302,0.463617463617,1.32204914232,0.604681454823,4.3462962963,2.18635635636,1.32204914232,4.3462962963,0,0,0,0,0.160896782956,37,37,37,1,0,0.405405405405,0.540540540541,0.0540540540541,37,191,0.143393393393,9.72795385308,10.3243243243,6.16129032258,5.16216216216,4.9836067598,0.482705366787,0.265034668176,5.88082341888,1.13921710209,0.57931229659,3.59408088632,0.696235564366,0.374982312155,4.20557778246,0.432318845872,12.4457133932,9.72795385308,4.20557778246,12.4457133932,0.131564618407,0.0672268907563,48,0.00617760617761,0.187309731171,37,37,37,1,0,0.162162162162,0.837837837838,0,-151,-0.113363363363,8.00266503496,-8.16216216216,-9.38416422287,-4.60926640927,-0.384103395592,0.19234677651,0.122392025533,-3.62766812349,0.110520648672,0.0348204363084,-4.45923246011,-0.175029329839,-0.0868479391488,3.56497821214,0.0610189431546,10.4457133932,8.00266503496,3.56497821214,10.4457133932,-0.212506775841,-0.309342146901,-762,-0.0980694980695,-0.382267097179,-0.243243243243,0.297297297297,-0.0540540540541,174,17,168,973,0.508771929825,0.982828282828,0.0171717171717,0.491228070175,0.910994764398,0.508771929825,0.652908067542,0.612749840071,0.491600212653,0.484679665738,35,186,0,0,0,0
1397,WLNM_dir_neg,0.409917331483,0.339088892173,00:00:04,10,40,6,1236695341,threshold_sweep,0.2,0.5,0.0806451612903,0.138888888889,15,15,171,357,0.0806451612903,0.959677419355,0.0403225806452,0.91935483871,0.5,0.0806451612903,0.138888888889,0.666666666667,0.648745519713,0.0510204081633,0.0842749828079,0.0403225806452,342,156,186,0,342,0,156,0,186,37,342,0.256756756757,1.72528881811,18.4864864865,15.5454545455,9.77142857143,5.36771015539,0.290358590277,0.142642642643,9.50849154237,1.02869645341,0.544491860281,8.05331334643,0.871264894205,0.461830251304,0.640599570326,0.371299902718,2,1.72528881811,0.640599570326,2,0.344071394247,0.376569037657,810,0.104247104247,0.56957682835,37,37,37,1,0,0.405405405405,0.540540540541,0.0540540540541,37,0.117117117117,2.18635635636,8.43243243243,7.09090909091,4.45714285714,5.03620525429,0.597242289772,0.326923076923,6.00062559301,1.42322530091,0.680526680527,3.83793300225,0.910278981302,0.463617463617,1.32204914232,0.604681454823,4.3462962963,2.18635635636,1.32204914232,4.3462962963,0,0,0,0,0.160896782956,37,37,37,1,0,0.405405405405,0.540540540541,0.0540540540541,37,186,0.13963963964,10.252968603,10.0540540541,6,5.02702702703,4.81286439282,0.47869887778,0.2641673932,5.80941040462,1.15563540307,0.583841906423,3.69298499024,0.734626046446,0.393780877652,4.46275090843,0.435264271377,13.0442368717,10.252968603,4.46275090843,13.0442368717,0.0968886571828,0.0385756676558,26,0.0033462033462,0.186137705151,37,37,37,1,0,0.162162162162,0.837837837838,0,-156,-0.117117117117,8.52767978488,-8.43243243243,-9.54545454545,-4.7444015444,-0.554845762574,0.188340287503,0.121524750557,-3.69908113776,0.126938949654,0.0393500461412,-4.36032835619,-0.136638847759,-0.0680493736521,3.82215133811,0.0639643686594,11.0442368717,8.52767978488,3.82215133811,11.0442368717,-0.247182737065,-0.337993370001,-784,-0.100900900901,-0.383439123199,-0.243243243243,0.297297297297,-0.0540540540541,171,15,171,975,0.5,0.984848484848,0.0151515151515,0.5,0.91935483871,0.5,0.647727272727,0.611065707531,0.484848484848,0.478991596639,30,186,0,0,0,0
1398,WLNM_dir_neg,0.409917331483,0.339088892173,00:00:04,10,40,6,1236695341,threshold_sweep,0.3,0.764705882353,0.0698924731183,0.128078817734,13,4,173,368,0.0698924731183,0.989247311828,0.010752688172,0.930107526882,0.764705882353,0.0698924731183,0.128078817734,0.682795698925,0.65651135006,0.0765217391304,0.162212601634,0.0591397849462,342,156,186,0,342,0,156,0,186,37,342,0.256756756757,1.72528881811,18.4864864865,15.5454545455,9.77142857143,5.36771015539,0.290358590277,0.142642642643,9.50849154237,1.02869645341,0.544491860281,8.05331334643,0.871264894205,0.461830251304,0.640599570326,0.371299902718,2,1.72528881811,0.640599570326,2,0.344071394247,0.376569037657,810,0.104247104247,0.56957682835,37,37,37,1,0,0.405405405405,0.540540540541,0.0540540540541,37,0.117117117117,2.18635635636,8.43243243243,7.09090909091,4.45714285714,5.03620525429,0.597242289772,0.326923076923,6.00062559301,1.42322530091,0.680526680527,3.83793300225,0.910278981302,0.463617463617,1.32204914232,0.604681454823,4.3462962963,2.18635635636,1.32204914232,4.3462962963,0,0,0,0,0.160896782956,37,37,37,1,0,0.405405405405,0.540540540541,0.0540540540541,37,173,0.12987987988,2.35390930256,9.35135135135,7.86363636364,4.94285714286,4.54738151893,0.48628068266,0.260271832526,5.96309974414,1.27534503198,0.642087173879,3.61366276215,0.772864290171,0.414622715201,1.47553375767,0.626843929826,4.62393474503,2.35390930256,1.47553375767,4.62393474503,0.0821428571429,0.0254381006218,15,0.0019305019305,0.182614190693,37,37,37,1,0,0.405405405405,0.540540540541,0.0540540540541,-169,-0.126876876877,0.628620484446,-9.13513513514,-7.68181818182,-4.82857142857,-0.820328636466,0.195922092383,0.117629189884,-3.54539179824,0.246648578569,0.0975953135977,-4.43965058428,-0.0984006040338,-0.0472075361032,0.834934187346,0.255544027109,2.62393474503,0.628620484446,0.834934187346,2.62393474503,-0.261928537105,-0.351130937035,-795,-0.102316602317,-0.386962637657,0,0,0,169,4,173,986,0.494152046784,0.99595959596,0.0040404040404,0.505847953216,0.976878612717,0.494152046784,0.656310679612,0.636884823672,0.490111642743,0.488439306358,17,186,0,0,0,0
1399,WLNM_dir_neg,0.409917331483,0.339088892173,00:00:04,10,40,6,1236695341,threshold_sweep,0.4,0.75,0.0645161290323,0.118811881188,12,4,174,368,0.0645161290323,0.989247311828,0.010752688172,0.935483870968,0.75,0.0645161290323,0.118811881188,0.681003584229,0.657108721625,0.0696864111498,0.151864184808,0.0537634408602,342,156,186,0,342,0,156,0,186,37,342,0.256756756757,1.72528881811,18.4864864865,15.5454545455,9.77142857143,5.36771015539,0.290358590277,0.142642642643,9.50849154237,1.02869645341,0.544491860281,8.05331334643,0.871264894205,0.461830251304,0.640599570326,0.371299902718,2,1.72528881811,0.640599570326,2,0.344071394247,0.376569037657,810,0.104247104247,0.56957682835,37,37,37,1,0,0.405405405405,0.540540540541,0.0540540540541,37,0.117117117117,2.18635635636,8.43243243243,7.09090909091,4.45714285714,5.03620525429,0.597242289772,0.326923076923,6.00062559301,1.42322530091,0.680526680527,3.83793300225,0.910278981302,0.463617463617,1.32204914232,0.604681454823,4.3462962963,2.18635635636,1.32204914232,4.3462962963,0,0,0,0,0.160896782956,37,37,37,1,0,0.405405405405,0.540540540541,0.0540540540541,37,172,0.129129129129,2.35532314924,9.2972972973,7.81818181818,4.91428571429,4.58175648551,0.492805203383,0.264770584538,5.96385509277,1.28292231647,0.643620364551,3.62258514367,0.779277036719,0.416719044626,1.47765530242,0.627368394396,4.6302173913,2.35532314924,1.47765530242,4.6302173913,0.0707207207207,0.018771331058,11,0.0014157014157,0.182028244652,37,37,37,1,0,0.405405405405,0.540540540541,0.0540540540541,-170,-0.127627627628,0.630034331121,-9.18918918919,-7.72727272727,-4.85714285714,-0.785953669886,0.202446613106,0.122127941895,-3.5446364496,0.254225863053,0.0991285042693,-4.43072820277,-0.0919878574856,-0.0451112066779,0.837055732093,0.256068491678,2.6302173913,0.630034331121,0.837055732093,2.6302173913,-0.273350673527,-0.357797706599,-799,-0.102831402831,-0.387548583697,0,0,0,168,4,174,986,0.491228070175,0.99595959596,0.0040404040404,0.508771929825,0.976744186047,0.491228070175,0.653696498054,0.634649171189,0.487187666135,0.485549132948,16,186,0,0,0,0
1400,WLNM_dir_neg,0.409917331483,0.339088892173,00:00:04,10,40,6,1236695341,threshold_sweep,0.5,0.769230769231,0.0537634408602,0.100502512563,10,3,176,369,0.0537634408602,0.991935483871,0.00806451612903,0.94623655914,0.769230769231,0.0537634408602,0.100502512563,0.679211469534,0.65890083632,0.0595446584939,0.142811768175,0.0456989247312,342,156,186,0,342,0,156,0,186,37,342,0.256756756757,1.72528881811,18.4864864865,15.5454545455,9.77142857143,5.36771015539,0.290358590277,0.142642642643,9.50849154237,1.02869645341,0.544491860281,8.05331334643,0.871264894205,0.461830251304,0.640599570326,0.371299902718,2,1.72528881811,0.640599570326,2,0.344071394247,0.376569037657,810,0.104247104247,0.56957682835,37,37,37,1,0,0.405405405405,0.540540540541,0.0540540540541,37,0.117117117117,2.18635635636,8.43243243243,7.09090909091,4.45714285714,5.03620525429,0.597242289772,0.326923076923,6.00062559301,1.42322530091,0.680526680527,3.83793300225,0.910278981302,0.463617463617,1.32204914232,0.604681454823,4.3462962963,2.18635635636,1.32204914232,4.3462962963,0,0,0,0,0.160896782956,37,37,37,1,0,0.405405405405,0.540540540541,0.0540540540541,37,169,0.126876876877,2.38256362973,9.13513513514,7.68181818182,4.82857142857,4.60773602013,0.504397138299,0.273468735007,5.94203734487,1.3009194187,0.648328802175,3.67075938662,0.803657380503,0.426035502959,1.51328340848,0.635149210538,4.65144278607,2.38256362973,1.51328340848,4.65144278607,0.0636851136851,0.0138488170802,8,0.0010296010296,0.180857179702,37,37,37,1,0,0.405405405405,0.540540540541,0.0540540540541,-173,-0.12987987988,0.657274811613,-9.35135135135,-7.86363636364,-4.94285714286,-0.75997413526,0.214038548021,0.130826092365,-3.56645419751,0.272222965284,0.103836941894,-4.38255395981,-0.0676075137018,-0.0357947483454,0.872683838152,0.26384930782,2.65144278607,0.657274811613,0.872683838152,2.65144278607,-0.280386280562,-0.362720220577,-802,-0.103217503218,-0.388719648648,0,0,0,166,3,176,987,0.485380116959,0.99696969697,0.0030303030303,0.514619883041,0.98224852071,0.485380116959,0.649706457926,0.633081402759,0.482349813929,0.48115942029,13,186,0,0,0,0
1401,WLNM_dir_neg,0.409917331483,0.339088892173,00:00:04,10,40,6,1236695341,threshold_sweep,0.6,0.769230769231,0.0537634408602,0.100502512563,10,3,176,369,0.0537634408602,0.991935483871,0.00806451612903,0.94623655914,0.769230769231,0.0537634408602,0.100502512563,0.679211469534,0.65890083632,0.0595446584939,0.142811768175,0.0456989247312,342,156,186,0,342,0,156,0,186,37,342,0.256756756757,1.72528881811,18.4864864865,15.5454545455,9.77142857143,5.36771015539,0.290358590277,0.142642642643,9.50849154237,1.02869645341,0.544491860281,8.05331334643,0.871264894205,0.461830251304,0.640599570326,0.371299902718,2,1.72528881811,0.640599570326,2,0.344071394247,0.376569037657,810,0.104247104247,0.56957682835,37,37,37,1,0,0.405405405405,0.540540540541,0.0540540540541,37,0.117117117117,2.18635635636,8.43243243243,7.09090909091,4.45714285714,5.03620525429,0.597242289772,0.326923076923,6.00062559301,1.42322530091,0.680526680527,3.83793300225,0.910278981302,0.463617463617,1.32204914232,0.604681454823,4.3462962963,2.18635635636,1.32204914232,4.3462962963,0,0,0,0,0.160896782956,37,37,37,1,0,0.405405405405,0.540540540541,0.0540540540541,37,169,0.126876876877,2.38256362973,9.13513513514,7.68181818182,4.82857142857,4.60773602013,0.504397138299,0.273468735007,5.94203734487,1.3009194187,0.648328802175,3.67075938662,0.803657380503,0.426035502959,1.51328340848,0.635149210538,4.65144278607,2.38256362973,1.51328340848,4.65144278607,0.0636851136851,0.0138488170802,8,0.0010296010296,0.180857179702,37,37,37,1,0,0.405405405405,0.540540540541,0.0540540540541,-173,-0.12987987988,0.657274811613,-9.35135135135,-7.86363636364,-4.94285714286,-0.75997413526,0.214038548021,0.130826092365,-3.56645419751,0.272222965284,0.103836941894,-4.38255395981,-0.0676075137018,-0.0357947483454,0.872683838152,0.26384930782,2.65144278607,0.657274811613,0.872683838152,2.65144278607,-0.280386280562,-0.362720220577,-802,-0.103217503218,-0.388719648648,0,0,0,166,3,176,987,0.485380116959,0.99696969697,0.0030303030303,0.514619883041,0.98224852071,0.485380116959,0.649706457926,0.633081402759,0.482349813929,0.48115942029,13,186,0,0,0,0
1402,WLNM_dir_neg,0.409917331483,0.339088892173,00:00:04,10,40,6,1236695341,threshold_sweep,0.7,0.769230769231,0.0537634408602,0.100502512563,10,3,176,369,0.0537634408602,0.991935483871,0.00806451612903,0.94623655914,0.769230769231,0.0537634408602,0.100502512563,0.679211469534,0.65890083632,0.0595446584939,0.142811768175,0.0456989247312,342,156,186,0,342,0,156,0,186,37,342,0.256756756757,1.72528881811,18.4864864865,15.5454545455,9.77142857143,5.36771015539,0.290358590277,0.142642642643,9.50849154237,1.02869645341,0.544491860281,8.05331334643,0.871264894205,0.461830251304,0.640599570326,0.371299902718,2,1.72528881811,0.640599570326,2,0.344071394247,0.376569037657,810,0.104247104247,0.56957682835,37,37,37,1,0,0.405405405405,0.540540540541,0.0540540540541,37,0.117117117117,2.18635635636,8.43243243243,7.09090909091,4.45714285714,5.03620525429,0.597242289772,0.326923076923,6.00062559301,1.42322530091,0.680526680527,3.83793300225,0.910278981302,0.463617463617,1.32204914232,0.604681454823,4.3462962963,2.18635635636,1.32204914232,4.3462962963,0,0,0,0,0.160896782956,37,37,37,1,0,0.405405405405,0.540540540541,0.0540540540541,37,169,0.126876876877,2.38256362973,9.13513513514,7.68181818182,4.82857142857,4.60773602013,0.504397138299,0.273468735007,5.94203734487,1.3009194187,0.648328802175,3.67075938662,0.803657380503,0.426035502959,1.51328340848,0.635149210538,4.65144278607,2.38256362973,1.51328340848,4.65144278607,0.0636851136851,0.0138488170802,8,0.0010296010296,0.180857179702,37,37,37,1,0,0.405405405405,0.540540540541,0.0540540540541,-173,-0.12987987988,0.657274811613,-9.35135135135,-7.86363636364,-4.94285714286,-0.75997413526,0.214038548021,0.130826092365,-3.56645419751,0.272222965284,0.103836941894,-4.38255395981,-0.0676075137018,-0.0357947483454,0.872683838152,0.26384930782,2.65144278607,0.657274811613,0.872683838152,2.65144278607,-0.280386280562,-0.362720220577,-802,-0.103217503218,-0.388719648648,0,0,0,166,3,176,987,0.485380116959,0.99696969697,0.0030303030303,0.514619883041,0.98224852071,0.485380116959,0.649706457926,0.633081402759,0.482349813929,0.48115942029,13,186,0,0,0,0
1403,WLNM_dir_neg,0.409917331483,0.339088892173,00:00:04,10,40,6,1236695341,threshold_sweep,0.8,0.727272727273,0.0430107526882,0.0812182741117,8,3,178,369,0.0430107526882,0.991935483871,0.00806451612903,0.956989247312,0.727272727273,0.0430107526882,0.0812182741117,0.675627240143,0.66009557945,0.0456942003515,0.118505456811,0.0349462365591,342,156,186,0,342,0,156,0,186,37,342,0.256756756757,1.72528881811,18.4864864865,15.5454545455,9.77142857143,5.36771015539,0.290358590277,0.142642642643,9.50849154237,1.02869645341,0.544491860281,8.05331334643,0.871264894205,0.461830251304,0.640599570326,0.371299902718,2,1.72528881811,0.640599570326,2,0.344071394247,0.376569037657,810,0.104247104247,0.56957682835,37,37,37,1,0,0.405405405405,0.540540540541,0.0540540540541,37,0.117117117117,2.18635635636,8.43243243243,7.09090909091,4.45714285714,5.03620525429,0.597242289772,0.326923076923,6.00062559301,1.42322530091,0.680526680527,3.83793300225,0.910278981302,0.463617463617,1.32204914232,0.604681454823,4.3462962963,2.18635635636,1.32204914232,4.3462962963,0,0,0,0,0.160896782956,37,37,37,1,0,0.405405405405,0.540540540541,0.0540540540541,37,167,0.125375375375,2.5357953668,9.02702702703,7.59090909091,4.77142857143,4.56122843155,0.505285784334,0.27463990937,5.95642333779,1.31968660777,0.652532772293,3.70901021254,0.821756753677,0.433403463344,1.75386002189,0.691640991564,5.2695,2.5357953668,1.75386002189,5.2695,0.0762977262977,0.0141760189014,8,0.0010296010296,0.180013711001,37,37,37,1,0,0.405405405405,0.540540540541,0.0540540540541,-175,-0.131381381381,0.81050654868,-9.45945945946,-7.95454545455,-5,-0.806481723841,0.214927194057,0.131997266728,-3.55206820458,0.290990154359,0.108040912012,-4.34430313389,-0.0495081405274,-0.0284267879604,1.11326045157,0.320341088846,3.2695,0.81050654868,1.11326045157,3.2695,-0.26777366795,-0.362393018756,-802,-0.103217503218,-0.389563117349,0,0,0,164,3,178,987,0.479532163743,0.99696969697,0.0030303030303,0.520467836257,0.982035928144,0.479532163743,0.644400785855,0.628599531422,0.476501860712,0.475362318841,11,186,0,0,0,0
1404,WLNM_dir_neg,0.409917331483,0.339088892173,00:00:04,10,40,6,1236695341,threshold_sweep,0.9,0.7,0.0376344086022,0.0714285714286,7,3,179,369,0.0376344086022,0.991935483871,0.00806451612903,0.962365591398,0.7,0.0376344086022,0.0714285714286,0.673835125448,0.660692951016,0.0387323943662,0.105072098986,0.0295698924731,342,156,186,0,342,0,156,0,186,37,342,0.256756756757,1.72528881811,18.4864864865,15.5454545455,9.77142857143,5.36771015539,0.290358590277,0.142642642643,9.50849154237,1.02869645341,0.544491860281,8.05331334643,0.871264894205,0.461830251304,0.640599570326,0.371299902718,2,1.72528881811,0.640599570326,2,0.344071394247,0.376569037657,810,0.104247104247,0.56957682835,37,37,37,1,0,0.405405405405,0.540540540541,0.0540540540541,37,0.117117117117,2.18635635636,8.43243243243,7.09090909091,4.45714285714,5.03620525429,0.597242289772,0.326923076923,6.00062559301,1.42322530091,0.680526680527,3.83793300225,0.910278981302,0.463617463617,1.32204914232,0.604681454823,4.3462962963,2.18635635636,1.32204914232,4.3462962963,0,0,0,0,0.160896782956,37,37,37,1,0,0.405405405405,0.540540540541,0.0540540540541,37,166,0.124624624625,2.54473131955,8.97297297297,7.54545454545,4.74285714286,4.58552363717,0.511037272817,0.276457180072,5.94708902471,1.32555598744,0.653858677955,3.73141037993,0.83169990396,0.43796808857,1.76889773807,0.695121612439,5.35023529412,2.54473131955,1.76889773807,5.35023529412,0.0728442728443,0.01249256395,7,0.000900900900901,0.17984390726,37,37,37,1,0,0.405405405405,0.540540540541,0.0540540540541,-176,-0.132132132132,0.81944250144,-9.51351351351,-8,-5.02857142857,-0.782186518225,0.22067868254,0.133814537429,-3.56140251766,0.296859534021,0.109366817674,-4.32190296651,-0.0395649902453,-0.0238621627334,1.12829816775,0.323821709721,3.35023529412,0.81944250144,1.12829816775,3.35023529412,-0.271227121403,-0.364076473707,-803,-0.103346203346,-0.38973292109,0,0,0,163,3,179,987,0.476608187135,0.99696969697,0.0030303030303,0.523391812865,0.981927710843,0.476608187135,0.641732283465,0.626352397194,0.473577884104,0.472463768116,10,186,0,0,0,0
1405,WLNM_dir_neg,0.614904902301,0.47429253717,00:00:04,10,40,7,1236695342,threshold_sweep,0.1,0.666666666667,0.268817204301,0.383141762452,50,25,136,347,0.268817204301,0.932795698925,0.0672043010753,0.731182795699,0.666666666667,0.268817204301,0.383141762452,0.71146953405,0.621863799283,0.236966824645,0.278639106288,0.201612903226,342,156,186,0,342,0,156,0,186,37,342,0.256756756757,1.72528881811,18.4864864865,15.5454545455,9.77142857143,5.36771015539,0.290358590277,0.142642642643,9.50849154237,1.02869645341,0.544491860281,8.05331334643,0.871264894205,0.461830251304,0.640599570326,0.371299902718,2,1.72528881811,0.640599570326,2,0.344071394247,0.376569037657,810,0.104247104247,0.56957682835,37,37,37,1,0,0.405405405405,0.540540540541,0.0540540540541,37,0.117117117117,2.22747747748,8.43243243243,7.09090909091,4.45714285714,5.03620525429,0.597242289772,0.326923076923,6.00525295579,1.42432281644,0.680873180873,3.83793300225,0.910278981302,0.463617463617,1.42084529335,0.637871901162,5.2,2.22747747748,1.42084529335,5.2,0,0,0,0,0.160752482811,37,37,37,1,0,0.405405405405,0.540540540541,0.0540540540541,37,231,0.173423423423,14.6511197626,12.4864864865,6.79411764706,6.24324324324,7.1942168967,0.576160227658,0.285948285948,7.33865490781,1.175455548,0.581724581725,4.71054022265,0.754502113584,0.398268398268,4.31756436218,0.294691766372,17.2636362209,14.6511197626,4.31756436218,17.2636362209,0.272953493572,0.203425375743,194,0.0249678249678,0.229621706626,37,37,37,1,0,0.0810810810811,0.918918918919,0,-111,-0.0833333333333,12.9258309445,-6,-8.7513368984,-3.52818532819,1.82650674131,0.285801637381,0.143305643306,-2.16983663457,0.146759094589,0.0372327214432,-3.34277312379,-0.11676278062,-0.0635618530355,3.67696479185,-0.076608136346,15.2636362209,12.9258309445,3.67696479185,15.2636362209,-0.0711179006753,-0.173143661914,-616,-0.0792792792793,-0.339955121724,-0.324324324324,0.378378378378,-0.0540540540541,206,25,136,965,0.602339181287,0.974747474747,0.0252525252525,0.397660818713,0.891774891775,0.602339181287,0.719022687609,0.665843298603,0.577086656034,0.561307901907,75,186,0,0,0,0
1406,WLNM_dir_neg,0.614904902301,0.47429253717,00:00:04,10,40,7,1236695342,threshold_sweep,0.2,0.652777777778,0.252688172043,0.364341085271,47,25,139,347,0.252688172043,0.932795698925,0.0672043010753,0.747311827957,0.652777777778,0.252688172043,0.364341085271,0.706093189964,0.623655913978,0.219047619048,0.260825296685,0.185483870968,342,156,186,0,342,0,156,0,186,37,342,0.256756756757,1.72528881811,18.4864864865,15.5454545455,9.77142857143,5.36771015539,0.290358590277,0.142642642643,9.50849154237,1.02869645341,0.544491860281,8.05331334643,0.871264894205,0.461830251304,0.640599570326,0.371299902718,2,1.72528881811,0.640599570326,2,0.344071394247,0.376569037657,810,0.104247104247,0.56957682835,37,37,37,1,0,0.405405405405,0.540540540541,0.0540540540541,37,0.117117117117,2.22747747748,8.43243243243,7.09090909091,4.45714285714,5.03620525429,0.597242289772,0.326923076923,6.00525295579,1.42432281644,0.680873180873,3.83793300225,0.910278981302,0.463617463617,1.42084529335,0.637871901162,5.2,2.22747747748,1.42084529335,5.2,0,0,0,0,0.160752482811,37,37,37,1,0,0.405405405405,0.540540540541,0.0540540540541,37,228,0.171171171171,14.407264704,12.3243243243,6.70588235294,6.16216216216,7.02793653158,0.570249236115,0.283191085823,7.18993707867,1.1667880347,0.581081081081,4.71117768665,0.764533221079,0.402086296823,4.23956230361,0.294265593833,17.0385752805,14.407264704,4.23956230361,17.0385752805,0.24470393229,0.171926006529,158,0.0203346203346,0.235256463394,37,37,37,1,0,0.0810810810811,0.918918918919,0,-114,-0.0855855855856,12.6819758858,-6.16216216216,-8.83957219251,-3.60926640927,1.66022637618,0.279890645838,0.14054844318,-2.31855446371,0.138091581281,0.0365892207997,-3.34213565978,-0.106731673126,-0.0597439544808,3.59896273329,-0.0770343088852,15.0385752805,12.6819758858,3.59896273329,15.0385752805,-0.0993674619577,-0.204643031128,-652,-0.0839124839125,-0.334320364956,-0.324324324324,0.378378378378,-0.0540540540541,203,25,139,965,0.593567251462,0.974747474747,0.0252525252525,0.406432748538,0.890350877193,0.593567251462,0.712280701754,0.659124719908,0.568314726209,0.553133514986,72,186,0,0,0,0
1407,WLNM_dir_neg,0.614904902301,0.47429253717,00:00:04,10,40,7,1236695342,threshold_sweep,0.3,0.803921568627,0.220430107527,0.345991561181,41,10,145,362,0.220430107527,0.97311827957,0.0268817204301,0.779569892473,0.803921568627,0.220430107527,0.345991561181,0.722222222222,0.636200716846,0.23645320197,0.316612772571,0.193548387097,342,156,186,0,342,0,156,0,186,37,342,0.256756756757,1.72528881811,18.4864864865,15.5454545455,9.77142857143,5.36771015539,0.290358590277,0.142642642643,9.50849154237,1.02869645341,0.544491860281,8.05331334643,0.871264894205,0.461830251304,0.640599570326,0.371299902718,2,1.72528881811,0.640599570326,2,0.344071394247,0.376569037657,810,0.104247104247,0.56957682835,37,37,37,1,0,0.405405405405,0.540540540541,0.0540540540541,37,0.117117117117,2.22747747748,8.43243243243,7.09090909091,4.45714285714,5.03620525429,0.597242289772,0.326923076923,6.00525295579,1.42432281644,0.680873180873,3.83793300225,0.910278981302,0.463617463617,1.42084529335,0.637871901162,5.2,2.22747747748,1.42084529335,5.2,0,0,0,0,0.160752482811,37,37,37,1,0,0.405405405405,0.540540540541,0.0540540540541,37,207,0.155405405405,2.67745385184,11.1891891892,9,5.75,5.74861257579,0.513764892039,0.273273273273,7.16650953107,1.28097030265,0.643687165426,4.54886713284,0.81308253099,0.429821125473,1.81268952934,0.677019896381,5.28571428571,2.67745385184,1.81268952934,5.28571428571,0.212421775432,0.119298245614,102,0.0131274131274,0.228843582694,37,37,37,1,0,0.378378378378,0.594594594595,0.027027027027,-135,-0.101351351351,0.952165033722,-7.2972972973,-6.54545454545,-4.02142857143,0.380902420398,0.223406301762,0.130630630631,-2.34198201131,0.252273849239,0.099195305145,-3.5044462136,-0.0581823632149,-0.0320091258306,1.17208995901,0.305719993663,3.28571428571,0.952165033722,1.17208995901,3.28571428571,-0.131649618816,-0.257270792043,-708,-0.0911196911197,-0.340733245656,-0.027027027027,0.0540540540541,-0.027027027027,197,10,145,980,0.576023391813,0.989898989899,0.010101010101,0.423976608187,0.951690821256,0.576023391813,0.71766848816,0.682379681147,0.565922381712,0.559659090909,51,186,0,0,0,0
1408,WLNM_dir_neg,0.614904902301,0.47429253717,00:00:04,10,40,7,1236695342,threshold_sweep,0.4,0.816326530612,0.215053763441,0.340425531915,40,9,146,363,0.215053763441,0.975806451613,0.0241935483871,0.784946236559,0.816326530612,0.215053763441,0.340425531915,0.722222222222,0.637395459976,0.233937397035,0.317896992838,0.190860215054,342,156,186,0,342,0,156,0,186,37,342,0.256756756757,1.72528881811,18.4864864865,15.5454545455,9.77142857143,5.36771015539,0.290358590277,0.142642642643,9.50849154237,1.02869645341,0.544491860281,8.05331334643,0.871264894205,0.461830251304,0.640599570326,0.371299902718,2,1.72528881811,0.640599570326,2,0.344071394247,0.376569037657,810,0.104247104247,0.56957682835,37,37,37,1,0,0.405405405405,0.540540540541,0.0540540540541,37,0.117117117117,2.22747747748,8.43243243243,7.09090909091,4.45714285714,5.03620525429,0.597242289772,0.326923076923,6.00525295579,1.42432281644,0.680873180873,3.83793300225,0.910278981302,0.463617463617,1.42084529335,0.637871901162,5.2,2.22747747748,1.42084529335,5.2,0,0,0,0,0.160752482811,37,37,37,1,0,0.405405405405,0.540540540541,0.0540540540541,37,205,0.153903903904,2.67923439542,11.0810810811,8.91304347826,5.69444444444,5.6929702186,0.513755848996,0.274752801582,7.10475034589,1.28232079414,0.643638760712,4.58011762704,0.826655376587,0.435596572182,1.81735574624,0.678311591307,5.28571428571,2.67923439542,1.81735574624,5.28571428571,0.211352063526,0.118017309205,100,0.01287001287,0.228130382044,37,37,37,1,0,0.378378378378,0.594594594595,0.027027027027,-137,-0.102852852853,0.953945577304,-7.40540540541,-6.63241106719,-4.07698412698,0.325260063211,0.223397258719,0.132110158939,-2.40374119648,0.253624340722,0.0991469004306,-3.4731957194,-0.0446095176181,-0.026233679122,1.17675617591,0.307011688589,3.28571428571,0.953945577304,1.17675617591,3.28571428571,-0.132719330721,-0.258551728452,-710,-0.0913770913771,-0.341446446306,-0.027027027027,0.0540540540541,-0.027027027027,196,9,146,981,0.573099415205,0.990909090909,0.00909090909091,0.426900584795,0.956097560976,0.573099415205,0.716636197441,0.682774692987,0.564008506114,0.558404558405,49,186,0,0,0,0
1409,WLNM_dir_neg,0.614904902301,0.47429253717,00:00:04,10,40,7,1236695342,threshold_sweep,0.5,0.829787234043,0.209677419355,0.334763948498,39,8,147,364,0.209677419355,0.978494623656,0.0215053763441,0.790322580645,0.829787234043,0.209677419355,0.334763948498,0.722222222222,0.638590203106,0.231404958678,0.319391727332,0.188172043011,342,156,186,0,342,0,156,0,186,37,342,0.256756756757,1.72528881811,18.4864864865,15.5454545455,9.77142857143,5.36771015539,0.290358590277,0.142642642643,9.50849154237,1.02869645341,0.544491860281,8.05331334643,0.871264894205,0.461830251304,0.640599570326,0.371299902718,2,1.72528881811,0.640599570326,2,0.344071394247,0.376569037657,810,0.104247104247,0.56957682835,37,37,37,1,0,0.405405405405,0.540540540541,0.0540540540541,37,0.117117117117,2.22747747748,8.43243243243,7.09090909091,4.45714285714,5.03620525429,0.597242289772,0.326923076923,6.00525295579,1.42432281644,0.680873180873,3.83793300225,0.910278981302,0.463617463617,1.42084529335,0.637871901162,5.2,2.22747747748,1.42084529335,5.2,0,0,0,0,0.160752482811,37,37,37,1,0,0.405405405405,0.540540540541,0.0540540540541,37,203,0.152402402402,2.68592771475,10.972972973,8.82608695652,5.63888888889,5.54520055988,0.505350789939,0.272001065105,7.04202315319,1.28352146142,0.64358940221,4.59843947939,0.838139215456,0.439089335641,1.8243594072,0.679228780873,5.28571428571,2.68592771475,1.8243594072,5.28571428571,0.170916860495,0.099474322685,82,0.0105534105534,0.227063207359,37,37,37,1,0,0.378378378378,0.594594594595,0.027027027027,-139,-0.104354354354,0.960638896635,-7.51351351351,-6.71936758893,-4.13253968254,0.177490404483,0.214992199662,0.129358422462,-2.46646838918,0.254825008004,0.0990975419288,-3.45487386704,-0.0331256787489,-0.0227409156629,1.18375983688,0.307928878155,3.28571428571,0.960638896635,1.18375983688,3.28571428571,-0.173154533753,-0.277094714972,-728,-0.0936936936937,-0.34251362099,-0.027027027027,0.0540540540541,-0.027027027027,195,8,147,982,0.570175438596,0.991919191919,0.00808080808081,0.429824561404,0.960591133005,0.570175438596,0.715596330275,0.683195657216,0.562094630516,0.557142857143,47,186,0,0,0,0
1410,WLNM_dir_neg,0.614904902301,0.47429253717,00:00:04,10,40,7,1236695342,threshold_sweep,0.6,0.847826086957,0.209677419355,0.336206896552,39,7,147,365,0.209677419355,0.981182795699,0.0188172043011,0.790322580645,0.847826086957,0.209677419355,0.336206896552,0.724014336918,0.639187574671,0.235099337748,0.327136840219,0.190860215054,342,156,186,0,342,0,156,0,186,37,342,0.256756756757,1.72528881811,18.4864864865,15.5454545455,9.77142857143,5.36771015539,0.290358590277,0.142642642643,9.50849154237,1.02869645341,0.544491860281,8.05331334643,0.871264894205,0.461830251304,0.640599570326,0.371299902718,2,1.72528881811,0.640599570326,2,0.344071394247,0.376569037657,810,0.104247104247,0.56957682835,37,37,37,1,0,0.405405405405,0.540540540541,0.0540540540541,37,0.117117117117,2.22747747748,8.43243243243,7.09090909091,4.45714285714,5.03620525429,0.597242289772,0.326923076923,6.00525295579,1.42432281644,0.680873180873,3.83793300225,0.910278981302,0.463617463617,1.42084529335,0.637871901162,5.2,2.22747747748,1.42084529335,5.2,0,0,0,0,0.160752482811,37,37,37,1,0,0.405405405405,0.540540540541,0.0540540540541,37,202,0.151651651652,2.69921859338,10.9189189189,8.78260869565,5.61111111111,5.50947859188,0.504580960147,0.27254482205,7.05374051516,1.29202177753,0.646507894033,4.61034220587,0.844468621868,0.440995450896,1.83933531928,0.681432516727,5.28571428571,2.69921859338,1.83933531928,5.28571428571,0.170916860495,0.099474322685,82,0.0105534105534,0.224640761558,37,37,37,1,0,0.378378378378,0.594594594595,0.027027027027,-140,-0.105105105105,0.973929775265,-7.56756756757,-6.7628458498,-4.16031746032,0.141768436484,0.21422236987,0.129902179407,-2.45475102721,0.263325324115,0.102016033751,-3.44297114056,-0.026796272337,-0.0208348004075,1.19873574896,0.31013261401,3.28571428571,0.973929775265,1.19873574896,3.28571428571,-0.173154533753,-0.277094714972,-728,-0.0936936936937,-0.344936066792,-0.027027027027,0.0540540540541,-0.027027027027,195,7,147,983,0.570175438596,0.992929292929,0.00707070707071,0.429824561404,0.965346534653,0.570175438596,0.716911764706,0.685811748113,0.563104731526,0.558739255014,46,186,0,0,0,0
1411,WLNM_dir_neg,0.614904902301,0.47429253717,00:00:04,10,40,7,1236695342,threshold_sweep,0.7,0.847826086957,0.209677419355,0.336206896552,39,7,147,365,0.209677419355,0.981182795699,0.0188172043011,0.790322580645,0.847826086957,0.209677419355,0.336206896552,0.724014336918,0.639187574671,0.235099337748,0.327136840219,0.190860215054,342,156,186,0,342,0,156,0,186,37,342,0.256756756757,1.72528881811,18.4864864865,15.5454545455,9.77142857143,5.36771015539,0.290358590277,0.142642642643,9.50849154237,1.02869645341,0.544491860281,8.05331334643,0.871264894205,0.461830251304,0.640599570326,0.371299902718,2,1.72528881811,0.640599570326,2,0.344071394247,0.376569037657,810,0.104247104247,0.56957682835,37,37,37,1,0,0.405405405405,0.540540540541,0.0540540540541,37,0.117117117117,2.22747747748,8.43243243243,7.09090909091,4.45714285714,5.03620525429,0.597242289772,0.326923076923,6.00525295579,1.42432281644,0.680873180873,3.83793300225,0.910278981302,0.463617463617,1.42084529335,0.637871901162,5.2,2.22747747748,1.42084529335,5.2,0,0,0,0,0.160752482811,37,37,37,1,0,0.405405405405,0.540540540541,0.0540540540541,37,202,0.151651651652,2.69921859338,10.9189189189,8.78260869565,5.61111111111,5.50947859188,0.504580960147,0.27254482205,7.05374051516,1.29202177753,0.646507894033,4.61034220587,0.844468621868,0.440995450896,1.83933531928,0.681432516727,5.28571428571,2.69921859338,1.83933531928,5.28571428571,0.170916860495,0.099474322685,82,0.0105534105534,0.224640761558,37,37,37,1,0,0.378378378378,0.594594594595,0.027027027027,-140,-0.105105105105,0.973929775265,-7.56756756757,-6.7628458498,-4.16031746032,0.141768436484,0.21422236987,0.129902179407,-2.45475102721,0.263325324115,0.102016033751,-3.44297114056,-0.026796272337,-0.0208348004075,1.19873574896,0.31013261401,3.28571428571,0.973929775265,1.19873574896,3.28571428571,-0.173154533753,-0.277094714972,-728,-0.0936936936937,-0.344936066792,-0.027027027027,0.0540540540541,-0.027027027027,195,7,147,983,0.570175438596,0.992929292929,0.00707070707071,0.429824561404,0.965346534653,0.570175438596,0.716911764706,0.685811748113,0.563104731526,0.558739255014,46,186,0,0,0,0
1412,WLNM_dir_neg,0.614904902301,0.47429253717,00:00:04,10,40,7,1236695342,threshold_sweep,0.8,0.860465116279,0.198924731183,0.323144104803,37,6,149,366,0.198924731183,0.983870967742,0.0161290322581,0.801075268817,0.860465116279,0.198924731183,0.323144104803,0.722222222222,0.640979689367,0.226289517471,0.323114220871,0.182795698925,342,156,186,0,342,0,156,0,186,37,342,0.256756756757,1.72528881811,18.4864864865,15.5454545455,9.77142857143,5.36771015539,0.290358590277,0.142642642643,9.50849154237,1.02869645341,0.544491860281,8.05331334643,0.871264894205,0.461830251304,0.640599570326,0.371299902718,2,1.72528881811,0.640599570326,2,0.344071394247,0.376569037657,810,0.104247104247,0.56957682835,37,37,37,1,0,0.405405405405,0.540540540541,0.0540540540541,37,0.117117117117,2.22747747748,8.43243243243,7.09090909091,4.45714285714,5.03620525429,0.597242289772,0.326923076923,6.00525295579,1.42432281644,0.680873180873,3.83793300225,0.910278981302,0.463617463617,1.42084529335,0.637871901162,5.2,2.22747747748,1.42084529335,5.2,0,0,0,0,0.160752482811,37,37,37,1,0,0.405405405405,0.540540540541,0.0540540540541,37,199,0.149399399399,2.10829571178,10.7567567568,9.04545454545,5.52777777778,5.54479438255,0.515470834559,0.280727964145,7.02911149495,1.3069202277,0.652723074834,4.59075974922,0.853558345333,0.4449273394,1.17252822563,0.55614979392,4.50893266044,2.10829571178,1.17252822563,4.50893266044,0.173077377873,0.0985626283368,80,0.010296010296,0.231191275209,37,37,37,1,0,0.405405405405,0.567567567568,0.027027027027,-143,-0.107357357357,0.383006893669,-7.72972972973,-6.5,-4.24365079365,0.177084227156,0.225112244281,0.138085321502,-2.47938004743,0.278223774289,0.108231214552,-3.46255359721,-0.0177065488722,-0.0169029119042,0.531928655305,0.184849891202,2.50893266044,0.383006893669,0.531928655305,2.50893266044,-0.170994016375,-0.27800640932,-730,-0.0939510939511,-0.338385553141,0,0.027027027027,-0.027027027027,193,6,149,984,0.56432748538,0.993939393939,0.00606060606061,0.43567251462,0.969849246231,0.56432748538,0.713493530499,0.684118004275,0.55826687932,0.554597701149,43,186,0,0,0,0
1413,WLNM_dir_neg,0.614904902301,0.47429253717,00:00:04,10,40,7,1236695342,threshold_sweep,0.9,0.821428571429,0.123655913978,0.214953271028,23,5,163,367,0.123655913978,0.986559139785,0.0134408602151,0.876344086022,0.821428571429,0.123655913978,0.214953271028,0.698924731183,0.649940262843,0.139931740614,0.237986273359,0.110215053763,342,156,186,0,342,0,156,0,186,37,342,0.256756756757,1.72528881811,18.4864864865,15.5454545455,9.77142857143,5.36771015539,0.290358590277,0.142642642643,9.50849154237,1.02869645341,0.544491860281,8.05331334643,0.871264894205,0.461830251304,0.640599570326,0.371299902718,2,1.72528881811,0.640599570326,2,0.344071394247,0.376569037657,810,0.104247104247,0.56957682835,37,37,37,1,0,0.405405405405,0.540540540541,0.0540540540541,37,0.117117117117,2.22747747748,8.43243243243,7.09090909091,4.45714285714,5.03620525429,0.597242289772,0.326923076923,6.00525295579,1.42432281644,0.680873180873,3.83793300225,0.910278981302,0.463617463617,1.42084529335,0.637871901162,5.2,2.22747747748,1.42084529335,5.2,0,0,0,0,0.160752482811,37,37,37,1,0,0.405405405405,0.540540540541,0.0540540540541,37,184,0.138138138138,2.24614407511,9.94594594595,8.36363636364,5.11111111111,5.1529168975,0.518092188064,0.281286721504,6.58485841612,1.32412913802,0.656286721504,4.13310810197,0.831114129201,0.43419506463,1.40236541304,0.62434348205,4.95948613928,2.24614407511,1.40236541304,4.95948613928,0.157096653069,0.074569789675,52,0.00669240669241,0.202536202527,37,37,37,1,0,0.405405405405,0.567567567568,0.027027027027,-158,-0.118618618619,0.520855256995,-8.54054054054,-7.18181818182,-4.66031746032,-0.214793257892,0.227733597787,0.138644078861,-2.92363312625,0.29543268461,0.111794861223,-3.92020524446,-0.0401507650041,-0.0276351866741,0.761765842714,0.253043579332,2.95948613928,0.520855256995,0.761765842714,2.95948613928,-0.186974741179,-0.301999247982,-758,-0.0975546975547,-0.367040625822,0,0.027027027027,-0.027027027027,179,5,163,985,0.523391812865,0.994949494949,0.00505050505051,0.476608187135,0.972826086957,0.523391812865,0.680608365019,0.656245917891,0.518341307815,0.515850144092,28,186,0,0,0,0
1414,WLNM_dir_neg,0.412829517863,0.357658087984,00:00:04,10,40,8,1236695343,threshold_sweep,0.1,0.611111111111,0.118279569892,0.198198198198,22,14,164,358,0.118279569892,0.962365591398,0.0376344086022,0.881720430108,0.611111111111,0.118279569892,0.198198198198,0.681003584229,0.645161290323,0.10101010101,0.154746115148,0.0806451612903,342,156,186,0,342,0,156,0,186,37,342,0.256756756757,1.72528881811,18.4864864865,15.5454545455,9.77142857143,5.36771015539,0.290358590277,0.142642642643,9.50849154237,1.02869645341,0.544491860281,8.05331334643,0.871264894205,0.461830251304,0.640599570326,0.371299902718,2,1.72528881811,0.640599570326,2,0.344071394247,0.376569037657,810,0.104247104247,0.56957682835,37,37,37,1,0,0.405405405405,0.540540540541,0.0540540540541,37,0.117117117117,2.18481481481,8.43243243243,7.09090909091,4.45714285714,5.03620525429,0.597242289772,0.326923076923,6.00062559301,1.42322530091,0.680526680527,3.83793300225,0.910278981302,0.463617463617,1.318977792,0.603702328937,4.32037037037,2.18481481481,1.318977792,4.32037037037,0,0,0,0,0.160896782956,37,37,37,1,0,0.405405405405,0.540540540541,0.0540540540541,37,192,0.144144144144,5.16683025387,10.3783783784,6.62068965517,5.33333333333,4.52371130422,0.435878432959,0.237612612613,5.91531833387,1.13993113726,0.587837837838,3.51060170403,0.67652220338,0.364864864865,2.74523553841,0.531319088015,7.4453550371,5.16683025387,2.74523553841,7.4453550371,0.124504756858,0.054441260745,38,0.0048906048906,0.168471295104,37,37,37,1,0,0.216216216216,0.756756756757,0.027027027027,-150,-0.112612612613,3.44154143576,-8.10810810811,-8.92476489028,-4.4380952381,-0.843998851169,0.145519842682,0.09496996997,-3.59317320851,0.111234683841,0.0433459775565,-4.54271164241,-0.194742690824,-0.0969653864391,2.10463596809,0.160019185297,5.4453550371,3.44154143576,2.10463596809,5.4453550371,-0.21956663739,-0.322127776912,-772,-0.0993564993565,-0.401105533245,-0.189189189189,0.216216216216,-0.027027027027,178,14,164,976,0.520467836257,0.985858585859,0.0141414141414,0.479532163743,0.927083333333,0.520467836257,0.666666666667,0.629735536351,0.506326422116,0.5,36,186,0,0,0,0
1415,WLNM_dir_neg,0.412829517863,0.357658087984,00:00:04,10,40,8,1236695343,threshold_sweep,0.2,0.708333333333,0.0913978494624,0.161904761905,17,7,169,365,0.0913978494624,0.981182795699,0.0188172043011,0.908602150538,0.708333333333,0.0913978494624,0.161904761905,0.68458781362,0.652329749104,0.0927835051546,0.168644630024,0.0725806451613,342,156,186,0,342,0,156,0,186,37,342,0.256756756757,1.72528881811,18.4864864865,15.5454545455,9.77142857143,5.36771015539,0.290358590277,0.142642642643,9.50849154237,1.02869645341,0.544491860281,8.05331334643,0.871264894205,0.461830251304,0.640599570326,0.371299902718,2,1.72528881811,0.640599570326,2,0.344071394247,0.376569037657,810,0.104247104247,0.56957682835,37,37,37,1,0,0.405405405405,0.540540540541,0.0540540540541,37,0.117117117117,2.18481481481,8.43243243243,7.09090909091,4.45714285714,5.03620525429,0.597242289772,0.326923076923,6.00062559301,1.42322530091,0.680526680527,3.83793300225,0.910278981302,0.463617463617,1.318977792,0.603702328937,4.32037037037,2.18481481481,1.318977792,4.32037037037,0,0,0,0,0.160896782956,37,37,37,1,0,0.405405405405,0.540540540541,0.0540540540541,37,180,0.135135135135,2.1569406024,9.72972972973,8.18181818182,5,4.64667532668,0.477574964131,0.256756756757,6.08806739159,1.25143607494,0.636036036036,3.44127045469,0.707372260131,0.379279279279,1.24250702495,0.576050644866,3.6696969697,2.1569406024,1.24250702495,3.6696969697,0.0986920339862,0.0347368421053,22,0.0028314028314,0.181704730609,37,37,37,1,0,0.405405405405,0.567567567568,0.027027027027,-162,-0.121621621622,0.43165178428,-8.75675675676,-7.36363636364,-4.77142857143,-0.721034828712,0.187216373854,0.114114114114,-3.42042415078,0.222739621524,0.0915441757547,-4.61204289174,-0.163892634074,-0.0825509720247,0.601907454622,0.204750742148,1.6696969697,0.43165178428,0.601907454622,1.6696969697,-0.245379360261,-0.341832195552,-788,-0.101415701416,-0.387872097741,0,0.027027027027,-0.027027027027,173,7,169,983,0.505847953216,0.992929292929,0.00707070707071,0.494152046784,0.961111111111,0.505847953216,0.662835249042,0.637345305532,0.498777246146,0.495702005731,24,186,0,0,0,0
1416,WLNM_dir_neg,0.412829517863,0.357658087984,00:00:04,10,40,8,1236695343,threshold_sweep,0.3,0.708333333333,0.0913978494624,0.161904761905,17,7,169,365,0.0913978494624,0.981182795699,0.0188172043011,0.908602150538,0.708333333333,0.0913978494624,0.161904761905,0.68458781362,0.652329749104,0.0927835051546,0.168644630024,0.0725806451613,342,156,186,0,342,0,156,0,186,37,342,0.256756756757,1.72528881811,18.4864864865,15.5454545455,9.77142857143,5.36771015539,0.290358590277,0.142642642643,9.50849154237,1.02869645341,0.544491860281,8.05331334643,0.871264894205,0.461830251304,0.640599570326,0.371299902718,2,1.72528881811,0.640599570326,2,0.344071394247,0.376569037657,810,0.104247104247,0.56957682835,37,37,37,1,0,0.405405405405,0.540540540541,0.0540540540541,37,0.117117117117,2.18481481481,8.43243243243,7.09090909091,4.45714285714,5.03620525429,0.597242289772,0.326923076923,6.00062559301,1.42322530091,0.680526680527,3.83793300225,0.910278981302,0.463617463617,1.318977792,0.603702328937,4.32037037037,2.18481481481,1.318977792,4.32037037037,0,0,0,0,0.160896782956,37,37,37,1,0,0.405405405405,0.540540540541,0.0540540540541,37,180,0.135135135135,2.1569406024,9.72972972973,8.18181818182,5,4.64667532668,0.477574964131,0.256756756757,6.08806739159,1.25143607494,0.636036036036,3.44127045469,0.707372260131,0.379279279279,1.24250702495,0.576050644866,3.6696969697,2.1569406024,1.24250702495,3.6696969697,0.0986920339862,0.0347368421053,22,0.0028314028314,0.181704730609,37,37,37,1,0,0.405405405405,0.567567567568,0.027027027027,-162,-0.121621621622,0.43165178428,-8.75675675676,-7.36363636364,-4.77142857143,-0.721034828712,0.187216373854,0.114114114114,-3.42042415078,0.222739621524,0.0915441757547,-4.61204289174,-0.163892634074,-0.0825509720247,0.601907454622,0.204750742148,1.6696969697,0.43165178428,0.601907454622,1.6696969697,-0.245379360261,-0.341832195552,-788,-0.101415701416,-0.387872097741,0,0.027027027027,-0.027027027027,173,7,169,983,0.505847953216,0.992929292929,0.00707070707071,0.494152046784,0.961111111111,0.505847953216,0.662835249042,0.637345305532,0.498777246146,0.495702005731,24,186,0,0,0,0
1417,WLNM_dir_neg,0.412829517863,0.357658087984,00:00:04,10,40,8,1236695343,threshold_sweep,0.4,0.695652173913,0.0860215053763,0.153110047847,16,7,170,365,0.0860215053763,0.981182795699,0.0188172043011,0.913978494624,0.695652173913,0.0860215053763,0.153110047847,0.682795698925,0.652927120669,0.0860585197935,0.159361790949,0.0672043010753,342,156,186,0,342,0,156,0,186,37,342,0.256756756757,1.72528881811,18.4864864865,15.5454545455,9.77142857143,5.36771015539,0.290358590277,0.142642642643,9.50849154237,1.02869645341,0.544491860281,8.05331334643,0.871264894205,0.461830251304,0.640599570326,0.371299902718,2,1.72528881811,0.640599570326,2,0.344071394247,0.376569037657,810,0.104247104247,0.56957682835,37,37,37,1,0,0.405405405405,0.540540540541,0.0540540540541,37,0.117117117117,2.18481481481,8.43243243243,7.09090909091,4.45714285714,5.03620525429,0.597242289772,0.326923076923,6.00062559301,1.42322530091,0.680526680527,3.83793300225,0.910278981302,0.463617463617,1.318977792,0.603702328937,4.32037037037,2.18481481481,1.318977792,4.32037037037,0,0,0,0,0.160896782956,37,37,37,1,0,0.405405405405,0.540540540541,0.0540540540541,37,179,0.134384384384,2.18123972669,9.67567567568,8.13636363636,4.97222222222,4.63713305858,0.479256768624,0.258191152046,6.09878637068,1.26064299282,0.638985354069,3.46019840081,0.71523654095,0.382908047713,1.29848389793,0.595296281303,4.50454545455,2.18123972669,1.29848389793,4.50454545455,0.1122055475,0.0351063829787,22,0.0028314028314,0.180080825414,37,37,37,1,0,0.405405405405,0.567567567568,0.027027027027,-163,-0.122372372372,0.455950908579,-8.81081081081,-7.40909090909,-4.79920634921,-0.73057709681,0.188898178347,0.115548509403,-3.40970517169,0.231946539407,0.0944934937878,-4.59311494562,-0.156028353255,-0.0789222035914,0.657884327606,0.223996378586,2.50454545455,0.455950908579,0.657884327606,2.50454545455,-0.231865846748,-0.341462654678,-788,-0.101415701416,-0.389496002936,0,0.027027027027,-0.027027027027,172,7,170,983,0.502923976608,0.992929292929,0.00707070707071,0.497076023392,0.960893854749,0.502923976608,0.660268714012,0.635100803812,0.495853269537,0.492836676218,23,186,0,0,0,0
1418,WLNM_dir_neg,0.412829517863,0.357658087984,00:00:04,10,40,8,1236695343,threshold_sweep,0.5,0.695652173913,0.0860215053763,0.153110047847,16,7,170,365,0.0860215053763,0.981182795699,0.0188172043011,0.913978494624,0.695652173913,0.0860215053763,0.153110047847,0.682795698925,0.652927120669,0.0860585197935,0.159361790949,0.0672043010753,342,156,186,0,342,0,156,0,186,37,342,0.256756756757,1.72528881811,18.4864864865,15.5454545455,9.77142857143,5.36771015539,0.290358590277,0.142642642643,9.50849154237,1.02869645341,0.544491860281,8.05331334643,0.871264894205,0.461830251304,0.640599570326,0.371299902718,2,1.72528881811,0.640599570326,2,0.344071394247,0.376569037657,810,0.104247104247,0.56957682835,37,37,37,1,0,0.405405405405,0.540540540541,0.0540540540541,37,0.117117117117,2.18481481481,8.43243243243,7.09090909091,4.45714285714,5.03620525429,0.597242289772,0.326923076923,6.00062559301,1.42322530091,0.680526680527,3.83793300225,0.910278981302,0.463617463617,1.318977792,0.603702328937,4.32037037037,2.18481481481,1.318977792,4.32037037037,0,0,0,0,0.160896782956,37,37,37,1,0,0.405405405405,0.540540540541,0.0540540540541,37,179,0.134384384384,2.18123972669,9.67567567568,8.13636363636,4.97222222222,4.63713305858,0.479256768624,0.258191152046,6.09878637068,1.26064299282,0.638985354069,3.46019840081,0.71523654095,0.382908047713,1.29848389793,0.595296281303,4.50454545455,2.18123972669,1.29848389793,4.50454545455,0.1122055475,0.0351063829787,22,0.0028314028314,0.180080825414,37,37,37,1,0,0.405405405405,0.567567567568,0.027027027027,-163,-0.122372372372,0.455950908579,-8.81081081081,-7.40909090909,-4.79920634921,-0.73057709681,0.188898178347,0.115548509403,-3.40970517169,0.231946539407,0.0944934937878,-4.59311494562,-0.156028353255,-0.0789222035914,0.657884327606,0.223996378586,2.50454545455,0.455950908579,0.657884327606,2.50454545455,-0.231865846748,-0.341462654678,-788,-0.101415701416,-0.389496002936,0,0.027027027027,-0.027027027027,172,7,170,983,0.502923976608,0.992929292929,0.00707070707071,0.497076023392,0.960893854749,0.502923976608,0.660268714012,0.635100803812,0.495853269537,0.492836676218,23,186,0,0,0,0
1419,WLNM_dir_neg,0.412829517863,0.357658087984,00:00:04,10,40,8,1236695343,threshold_sweep,0.6,0.727272727273,0.0860215053763,0.153846153846,16,6,170,366,0.0860215053763,0.983870967742,0.0161290322581,0.913978494624,0.727272727273,0.0860215053763,0.153846153846,0.68458781362,0.653524492234,0.0896551724138,0.169302984848,0.0698924731183,342,156,186,0,342,0,156,0,186,37,342,0.256756756757,1.72528881811,18.4864864865,15.5454545455,9.77142857143,5.36771015539,0.290358590277,0.142642642643,9.50849154237,1.02869645341,0.544491860281,8.05331334643,0.871264894205,0.461830251304,0.640599570326,0.371299902718,2,1.72528881811,0.640599570326,2,0.344071394247,0.376569037657,810,0.104247104247,0.56957682835,37,37,37,1,0,0.405405405405,0.540540540541,0.0540540540541,37,0.117117117117,2.18481481481,8.43243243243,7.09090909091,4.45714285714,5.03620525429,0.597242289772,0.326923076923,6.00062559301,1.42322530091,0.680526680527,3.83793300225,0.910278981302,0.463617463617,1.318977792,0.603702328937,4.32037037037,2.18481481481,1.318977792,4.32037037037,0,0,0,0,0.160896782956,37,37,37,1,0,0.405405405405,0.540540540541,0.0540540540541,37,178,0.133633633634,2.20544342801,9.62162162162,8.09090909091,4.94444444444,4.6148994894,0.479638430078,0.258730640753,6.10481521168,1.26897844288,0.641056787124,3.478807569,0.723122921645,0.386273914364,1.34282369307,0.608867892967,4.62642393655,2.20544342801,1.34282369307,4.62642393655,0.119434835611,0.0355029585799,22,0.0028314028314,0.179232203137,37,37,37,1,0,0.405405405405,0.567567567568,0.027027027027,-164,-0.123123123123,0.480154609895,-8.86486486486,-7.45454545455,-4.82698412698,-0.75281066599,0.189279839801,0.11608799811,-3.40367633069,0.240281989463,0.0965649268429,-4.57450577744,-0.14814197256,-0.0755563369401,0.702224122745,0.23756799025,2.62642393655,0.480154609895,0.702224122745,2.62642393655,-0.224636558636,-0.341066079077,-788,-0.101415701416,-0.390344625213,0,0.027027027027,-0.027027027027,172,6,170,984,0.502923976608,0.993939393939,0.00606060606061,0.497076023392,0.966292134831,0.502923976608,0.661538461538,0.637903119412,0.496863370548,0.494252873563,22,186,0,0,0,0
1420,WLNM_dir_neg,0.412829517863,0.357658087984,00:00:04,10,40,8,1236695343,threshold_sweep,0.7,0.727272727273,0.0860215053763,0.153846153846,16,6,170,366,0.0860215053763,0.983870967742,0.0161290322581,0.913978494624,0.727272727273,0.0860215053763,0.153846153846,0.68458781362,0.653524492234,0.0896551724138,0.169302984848,0.0698924731183,342,156,186,0,342,0,156,0,186,37,342,0.256756756757,1.72528881811,18.4864864865,15.5454545455,9.77142857143,5.36771015539,0.290358590277,0.142642642643,9.50849154237,1.02869645341,0.544491860281,8.05331334643,0.871264894205,0.461830251304,0.640599570326,0.371299902718,2,1.72528881811,0.640599570326,2,0.344071394247,0.376569037657,810,0.104247104247,0.56957682835,37,37,37,1,0,0.405405405405,0.540540540541,0.0540540540541,37,0.117117117117,2.18481481481,8.43243243243,7.09090909091,4.45714285714,5.03620525429,0.597242289772,0.326923076923,6.00062559301,1.42322530091,0.680526680527,3.83793300225,0.910278981302,0.463617463617,1.318977792,0.603702328937,4.32037037037,2.18481481481,1.318977792,4.32037037037,0,0,0,0,0.160896782956,37,37,37,1,0,0.405405405405,0.540540540541,0.0540540540541,37,178,0.133633633634,2.20544342801,9.62162162162,8.09090909091,4.94444444444,4.6148994894,0.479638430078,0.258730640753,6.10481521168,1.26897844288,0.641056787124,3.478807569,0.723122921645,0.386273914364,1.34282369307,0.608867892967,4.62642393655,2.20544342801,1.34282369307,4.62642393655,0.119434835611,0.0355029585799,22,0.0028314028314,0.179232203137,37,37,37,1,0,0.405405405405,0.567567567568,0.027027027027,-164,-0.123123123123,0.480154609895,-8.86486486486,-7.45454545455,-4.82698412698,-0.75281066599,0.189279839801,0.11608799811,-3.40367633069,0.240281989463,0.0965649268429,-4.57450577744,-0.14814197256,-0.0755563369401,0.702224122745,0.23756799025,2.62642393655,0.480154609895,0.702224122745,2.62642393655,-0.224636558636,-0.341066079077,-788,-0.101415701416,-0.390344625213,0,0.027027027027,-0.027027027027,172,6,170,984,0.502923976608,0.993939393939,0.00606060606061,0.497076023392,0.966292134831,0.502923976608,0.661538461538,0.637903119412,0.496863370548,0.494252873563,22,186,0,0,0,0
1421,WLNM_dir_neg,0.412829517863,0.357658087984,00:00:04,10,40,8,1236695343,threshold_sweep,0.8,0.7,0.0752688172043,0.135922330097,14,6,172,366,0.0752688172043,0.983870967742,0.0161290322581,0.924731182796,0.7,0.0752688172043,0.135922330097,0.681003584229,0.654719235364,0.076124567474,0.149969017866,0.0591397849462,342,156,186,0,342,0,156,0,186,37,342,0.256756756757,1.72528881811,18.4864864865,15.5454545455,9.77142857143,5.36771015539,0.290358590277,0.142642642643,9.50849154237,1.02869645341,0.544491860281,8.05331334643,0.871264894205,0.461830251304,0.640599570326,0.371299902718,2,1.72528881811,0.640599570326,2,0.344071394247,0.376569037657,810,0.104247104247,0.56957682835,37,37,37,1,0,0.405405405405,0.540540540541,0.0540540540541,37,0.117117117117,2.18481481481,8.43243243243,7.09090909091,4.45714285714,5.03620525429,0.597242289772,0.326923076923,6.00062559301,1.42322530091,0.680526680527,3.83793300225,0.910278981302,0.463617463617,1.318977792,0.603702328937,4.32037037037,2.18481481481,1.318977792,4.32037037037,0,0,0,0,0.160896782956,37,37,37,1,0,0.405405405405,0.540540540541,0.0540540540541,37,176,0.132132132132,2.2536795239,9.51351351351,8,4.88888888889,4.76457775686,0.500822093761,0.27027027027,6.13009609044,1.28871338265,0.647113022113,3.50717839585,0.737304549127,0.391277641278,1.38903904377,0.616342753721,4.7092766162,2.2536795239,1.38903904377,4.7092766162,0.114930331107,0.0340909090909,21,0.0027027027027,0.174455292372,37,37,37,1,0,0.405405405405,0.567567567568,0.027027027027,-166,-0.124624624625,0.528390705788,-8.97297297297,-7.54545454545,-4.88253968254,-0.60313239853,0.210463503484,0.127627627628,-3.37839545193,0.260016929235,0.102621161832,-4.54613495059,-0.133960345078,-0.0705526100263,0.74843947344,0.245042851003,2.7092766162,0.528390705788,0.74843947344,2.7092766162,-0.229141063141,-0.342478128566,-789,-0.101544401544,-0.395121535978,0,0.027027027027,-0.027027027027,170,6,172,984,0.497076023392,0.993939393939,0.00606060606061,0.502923976608,0.965909090909,0.497076023392,0.656370656371,0.633418185819,0.491015417331,0.488505747126,20,186,0,0,0,0
1422,WLNM_dir_neg,0.412829517863,0.357658087984,00:00:04,10,40,8,1236695343,threshold_sweep,0.9,0.666666666667,0.0645161290323,0.117647058824,12,6,174,366,0.0645161290323,0.983870967742,0.0161290322581,0.935483870968,0.666666666667,0.0645161290323,0.117647058824,0.677419354839,0.655913978495,0.0625,0.129099444874,0.0483870967742,342,156,186,0,342,0,156,0,186,37,342,0.256756756757,1.72528881811,18.4864864865,15.5454545455,9.77142857143,5.36771015539,0.290358590277,0.142642642643,9.50849154237,1.02869645341,0.544491860281,8.05331334643,0.871264894205,0.461830251304,0.640599570326,0.371299902718,2,1.72528881811,0.640599570326,2,0.344071394247,0.376569037657,810,0.104247104247,0.56957682835,37,37,37,1,0,0.405405405405,0.540540540541,0.0540540540541,37,0.117117117117,2.18481481481,8.43243243243,7.09090909091,4.45714285714,5.03620525429,0.597242289772,0.326923076923,6.00062559301,1.42322530091,0.680526680527,3.83793300225,0.910278981302,0.463617463617,1.318977792,0.603702328937,4.32037037037,2.18481481481,1.318977792,4.32037037037,0,0,0,0,0.160896782956,37,37,37,1,0,0.405405405405,0.540540540541,0.0540540540541,37,174,0.130630630631,2.33704668384,9.40540540541,7.90909090909,4.83333333333,4.77528044237,0.507716598758,0.275862068966,6.15478524251,1.30877617226,0.652687169929,3.51871871302,0.748233289551,0.395153774464,1.54764829821,0.662223955091,5.07601677149,2.33704668384,1.54764829821,5.07601677149,0.116952019893,0.0280528052805,17,0.0021879021879,0.17021588099,37,37,37,1,0,0.405405405405,0.567567567568,0.027027027027,-168,-0.126126126126,0.611757865724,-9.08108108108,-7.63636363636,-4.9380952381,-0.592429713021,0.217358008481,0.133219426323,-3.35370629987,0.280079718842,0.108195309647,-4.53459463341,-0.123031604654,-0.0666764768398,0.907048727879,0.290924052374,3.07601677149,0.611757865724,0.907048727879,3.07601677149,-0.227119374354,-0.348516232376,-793,-0.102059202059,-0.39936094736,0,0.027027027027,-0.027027027027,168,6,174,984,0.491228070175,0.993939393939,0.00606060606061,0.508771929825,0.965517241379,0.491228070175,0.651162790698,0.628917117663,0.485167464115,0.48275862069,18,186,0,0,0,0
1423,WLNM_dir_neg,0.482808706209,0.363925054991,00:00:04,10,40,9,1236695344,threshold_sweep,0.1,0.4,0.10752688172,0.169491525424,20,30,166,342,0.10752688172,0.91935483871,0.0806451612903,0.89247311828,0.4,0.10752688172,0.169491525424,0.648745519713,0.636798088411,0.0328947368421,0.0443678254708,0.0268817204301,342,156,186,0,342,0,156,0,186,37,342,0.256756756757,1.72528881811,18.4864864865,15.5454545455,9.77142857143,5.36771015539,0.290358590277,0.142642642643,9.50849154237,1.02869645341,0.544491860281,8.05331334643,0.871264894205,0.461830251304,0.640599570326,0.371299902718,2,1.72528881811,0.640599570326,2,0.344071394247,0.376569037657,810,0.104247104247,0.56957682835,37,37,37,1,0,0.405405405405,0.540540540541,0.0540540540541,37,0.117117117117,2.21261261261,8.43243243243,7.09090909091,4.45714285714,5.04722443274,0.598549051319,0.327616077616,6.00525295579,1.42432281644,0.680873180873,3.83793300225,0.910278981302,0.463617463617,1.39215458577,0.629190386892,5.2,2.21261261261,1.39215458577,5.2,0,0,0,0,0.161113233172,37,37,37,1,0,0.405405405405,0.540540540541,0.0540540540541,37,206,0.154654654655,27.2746926904,11.1351351351,5.88571428571,5.56756756757,4.71500066079,0.423434525362,0.230123327211,5.59037138769,1.00409583177,0.519023878247,3.51615747135,0.631542846797,0.341905011808,6.6435495062,0.243579261611,30.388503538,27.2746926904,6.6435495062,30.388503538,0.141107988089,0.0599144079886,42,0.00540540540541,0.146512382952,37,37,37,1,0,0.0540540540541,0.945945945946,0,-136,-0.102102102102,25.5494038723,-7.35135135135,-9.65974025974,-4.20386100386,-0.652709494605,0.133075935085,0.0874806845681,-3.91812015469,-0.0246006216461,-0.0254679820342,-4.53715587508,-0.239722047408,-0.119925239496,6.00294993587,-0.127720641107,28.388503538,25.5494038723,6.00294993587,28.388503538,-0.202963406158,-0.316654629668,-768,-0.0988416988417,-0.423064445398,-0.351351351351,0.405405405405,-0.0540540540541,176,30,166,960,0.514619883041,0.969696969697,0.030303030303,0.485380116959,0.854368932039,0.514619883041,0.642335766423,0.585136818867,0.484316852738,0.47311827957,50,186,0,0,0,0
1424,WLNM_dir_neg,0.482808706209,0.363925054991,00:00:04,10,40,9,1236695344,threshold_sweep,0.2,0.395833333333,0.102150537634,0.162393162393,19,29,167,343,0.102150537634,0.922043010753,0.0779569892473,0.897849462366,0.395833333333,0.102150537634,0.162393162393,0.648745519713,0.637992831541,0.029702970297,0.040674460841,0.0241935483871,342,156,186,0,342,0,156,0,186,37,342,0.256756756757,1.72528881811,18.4864864865,15.5454545455,9.77142857143,5.36771015539,0.290358590277,0.142642642643,9.50849154237,1.02869645341,0.544491860281,8.05331334643,0.871264894205,0.461830251304,0.640599570326,0.371299902718,2,1.72528881811,0.640599570326,2,0.344071394247,0.376569037657,810,0.104247104247,0.56957682835,37,37,37,1,0,0.405405405405,0.540540540541,0.0540540540541,37,0.117117117117,2.21261261261,8.43243243243,7.09090909091,4.45714285714,5.04722443274,0.598549051319,0.327616077616,6.00525295579,1.42432281644,0.680873180873,3.83793300225,0.910278981302,0.463617463617,1.39215458577,0.629190386892,5.2,2.21261261261,1.39215458577,5.2,0,0,0,0,0.161113233172,37,37,37,1,0,0.405405405405,0.540540540541,0.0540540540541,37,204,0.153153153153,27.6364046722,11.027027027,5.82857142857,5.51351351351,4.61571281654,0.418581799539,0.228007419184,5.60070244415,1.0158136786,0.52146263911,3.47708068501,0.630646986988,0.340752517223,6.74130706368,0.243928511817,30.6960153626,27.6364046722,6.74130706368,30.6960153626,0.125914092091,0.0511695906433,35,0.0045045045045,0.142730299709,37,37,37,1,0,0.0540540540541,0.945945945946,0,-138,-0.103603603604,25.9111158541,-7.45945945946,-9.71688311688,-4.25791505792,-0.75199733885,0.128223209262,0.0853647765412,-3.90778909823,-0.0128827748196,-0.0230292211716,-4.57623266142,-0.240617907217,-0.121077734081,6.10070749335,-0.1273713909,28.6960153626,25.9111158541,6.10070749335,28.6960153626,-0.218157302157,-0.325399447014,-775,-0.0997425997426,-0.426846528641,-0.351351351351,0.405405405405,-0.0540540540541,175,29,167,961,0.511695906433,0.970707070707,0.0292929292929,0.488304093567,0.857843137255,0.511695906433,0.641025641026,0.585155102199,0.48240297714,0.471698113208,48,186,0,0,0,0
1425,WLNM_dir_neg,0.482808706209,0.363925054991,00:00:04,10,40,9,1236695344,threshold_sweep,0.3,0.487179487179,0.102150537634,0.168888888889,19,20,167,352,0.102150537634,0.94623655914,0.0537634408602,0.897849462366,0.487179487179,0.102150537634,0.168888888889,0.664874551971,0.643369175627,0.0603015075377,0.0894626018876,0.0483870967742,342,156,186,0,342,0,156,0,186,37,342,0.256756756757,1.72528881811,18.4864864865,15.5454545455,9.77142857143,5.36771015539,0.290358590277,0.142642642643,9.50849154237,1.02869645341,0.544491860281,8.05331334643,0.871264894205,0.461830251304,0.640599570326,0.371299902718,2,1.72528881811,0.640599570326,2,0.344071394247,0.376569037657,810,0.104247104247,0.56957682835,37,37,37,1,0,0.405405405405,0.540540540541,0.0540540540541,37,0.117117117117,2.21261261261,8.43243243243,7.09090909091,4.45714285714,5.04722443274,0.598549051319,0.327616077616,6.00525295579,1.42432281644,0.680873180873,3.83793300225,0.910278981302,0.463617463617,1.39215458577,0.629190386892,5.2,2.21261261261,1.39215458577,5.2,0,0,0,0,0.161113233172,37,37,37,1,0,0.405405405405,0.540540540541,0.0540540540541,37,195,0.146396396396,4.69969272734,10.5405405405,6.5,5.27027027027,4.52520468901,0.429314291009,0.230630630631,5.79103065404,1.09881094461,0.569369369369,3.36360131612,0.638221788187,0.346223146223,2.16618746348,0.460921083388,6.86009755168,4.69969272734,2.16618746348,6.86009755168,0.132445623622,0.0427666314678,27,0.0034749034749,0.155802211076,37,37,37,1,0,0.189189189189,0.810810810811,0,-147,-0.11036036036,2.97440390923,-7.94594594595,-9.04545454545,-4.50115830116,-0.842505466379,0.138955700732,0.087987987988,-3.71746088833,0.070114491198,0.024877509088,-4.68971203031,-0.233043106018,-0.115607105081,1.52558789315,0.0896211806706,4.86009755168,2.97440390923,1.52558789315,4.86009755168,-0.211625770625,-0.333802406189,-783,-0.100772200772,-0.413774617274,-0.216216216216,0.27027027027,-0.0540540540541,175,20,167,970,0.511695906433,0.979797979798,0.020202020202,0.488304093567,0.897435897436,0.511695906433,0.651769087523,0.607367056632,0.491493886231,0.483425414365,39,186,0,0,0,0
1426,WLNM_dir_neg,0.482808706209,0.363925054991,00:00:04,10,40,9,1236695344,threshold_sweep,0.4,0.64,0.0860215053763,0.151658767773,16,9,170,363,0.0860215053763,0.975806451613,0.0241935483871,0.913978494624,0.64,0.0860215053763,0.151658767773,0.679211469534,0.651732377539,0.0789022298456,0.140889695121,0.0618279569892,342,156,186,0,342,0,156,0,186,37,342,0.256756756757,1.72528881811,18.4864864865,15.5454545455,9.77142857143,5.36771015539,0.290358590277,0.142642642643,9.50849154237,1.02869645341,0.544491860281,8.05331334643,0.871264894205,0.461830251304,0.640599570326,0.371299902718,2,1.72528881811,0.640599570326,2,0.344071394247,0.376569037657,810,0.104247104247,0.56957682835,37,37,37,1,0,0.405405405405,0.540540540541,0.0540540540541,37,0.117117117117,2.21261261261,8.43243243243,7.09090909091,4.45714285714,5.04722443274,0.598549051319,0.327616077616,6.00525295579,1.42432281644,0.680873180873,3.83793300225,0.910278981302,0.463617463617,1.39215458577,0.629190386892,5.2,2.21261261261,1.39215458577,5.2,0,0,0,0,0.161113233172,37,37,37,1,0,0.405405405405,0.540540540541,0.0540540540541,37,181,0.135885885886,2.24587729645,9.78378378378,8.22727272727,4.89189189189,4.33419949763,0.442998291195,0.238166343139,5.98973095196,1.22442013935,0.624458712857,3.4301262026,0.701186019316,0.376586531283,1.3287440952,0.591636995173,3.88817022229,2.24587729645,1.3287440952,3.88817022229,0.110824002,0.0326619488296,20,0.002574002574,0.183821662432,37,37,37,1,0,0.405405405405,0.594594594595,0,-161,-0.120870870871,0.520588478334,-8.7027027027,-7.31818181818,-4.87953667954,-1.03351065776,0.152639700917,0.0955237004961,-3.51876059041,0.195723685936,0.0799668525752,-4.62318714383,-0.170078874889,-0.0852437200213,0.688144524872,0.220337092455,1.88817022229,0.520588478334,0.688144524872,1.88817022229,-0.233247392247,-0.343907088827,-790,-0.101673101673,-0.385755165918,0,0.0540540540541,-0.0540540540541,172,9,170,981,0.502923976608,0.990909090909,0.00909090909091,0.497076023392,0.950276243094,0.502923976608,0.657743785851,0.629555276739,0.493833067517,0.490028490028,25,186,0,0,0,0
1427,WLNM_dir_neg,0.482808706209,0.363925054991,00:00:04,10,40,9,1236695344,threshold_sweep,0.5,0.695652173913,0.0860215053763,0.153110047847,16,7,170,365,0.0860215053763,0.981182795699,0.0188172043011,0.913978494624,0.695652173913,0.0860215053763,0.153110047847,0.682795698925,0.652927120669,0.0860585197935,0.159361790949,0.0672043010753,342,156,186,0,342,0,156,0,186,37,342,0.256756756757,1.72528881811,18.4864864865,15.5454545455,9.77142857143,5.36771015539,0.290358590277,0.142642642643,9.50849154237,1.02869645341,0.544491860281,8.05331334643,0.871264894205,0.461830251304,0.640599570326,0.371299902718,2,1.72528881811,0.640599570326,2,0.344071394247,0.376569037657,810,0.104247104247,0.56957682835,37,37,37,1,0,0.405405405405,0.540540540541,0.0540540540541,37,0.117117117117,2.21261261261,8.43243243243,7.09090909091,4.45714285714,5.04722443274,0.598549051319,0.327616077616,6.00525295579,1.42432281644,0.680873180873,3.83793300225,0.910278981302,0.463617463617,1.39215458577,0.629190386892,5.2,2.21261261261,1.39215458577,5.2,0,0,0,0,0.161113233172,37,37,37,1,0,0.405405405405,0.540540540541,0.0540540540541,37,179,0.134384384384,2.25284250476,9.67567567568,8.13636363636,4.83783783784,4.47867821556,0.46288015077,0.249584780311,6.01624427656,1.24358121918,0.631435905179,3.47621692132,0.718547631782,0.385323871357,1.33791568158,0.593878923516,3.89050138364,2.25284250476,1.33791568158,3.89050138364,0.107021670257,0.03125,19,0.0024453024453,0.182797010147,37,37,37,1,0,0.405405405405,0.594594594595,0,-163,-0.122372372372,0.527553686643,-8.81081081081,-7.40909090909,-4.93359073359,-0.88903193983,0.172521560493,0.106942137668,-3.49224726582,0.214884765762,0.0869440448976,-4.57709642511,-0.152717262423,-0.0765063799465,0.697316111252,0.222579020799,1.89050138364,0.527553686643,0.697316111252,1.89050138364,-0.23704972399,-0.345319037657,-791,-0.101801801802,-0.386779818203,0,0.0540540540541,-0.0540540540541,172,7,170,983,0.502923976608,0.992929292929,0.00707070707071,0.497076023392,0.960893854749,0.502923976608,0.660268714012,0.635100803812,0.495853269537,0.492836676218,23,186,0,0,0,0
1428,WLNM_dir_neg,0.482808706209,0.363925054991,00:00:04,10,40,9,1236695344,threshold_sweep,0.6,0.789473684211,0.0806451612903,0.146341463415,15,4,171,368,0.0806451612903,0.989247311828,0.010752688172,0.91935483871,0.789473684211,0.0806451612903,0.146341463415,0.686379928315,0.65531660693,0.0901213171577,0.181671652702,0.0698924731183,342,156,186,0,342,0,156,0,186,37,342,0.256756756757,1.72528881811,18.4864864865,15.5454545455,9.77142857143,5.36771015539,0.290358590277,0.142642642643,9.50849154237,1.02869645341,0.544491860281,8.05331334643,0.871264894205,0.461830251304,0.640599570326,0.371299902718,2,1.72528881811,0.640599570326,2,0.344071394247,0.376569037657,810,0.104247104247,0.56957682835,37,37,37,1,0,0.405405405405,0.540540540541,0.0540540540541,37,0.117117117117,2.21261261261,8.43243243243,7.09090909091,4.45714285714,5.04722443274,0.598549051319,0.327616077616,6.00525295579,1.42432281644,0.680873180873,3.83793300225,0.910278981302,0.463617463617,1.39215458577,0.629190386892,5.2,2.21261261261,1.39215458577,5.2,0,0,0,0,0.161113233172,37,37,37,1,0,0.405405405405,0.540540540541,0.0540540540541,37,175,0.131381381381,2.08512020313,9.45945945946,7.95454545455,4.72972972973,4.5129110745,0.477079170733,0.256216216216,6.03070222854,1.27506275689,0.644015444015,3.52490069717,0.745264718831,0.395984555985,1.15094096175,0.55197823129,3.66395012351,2.08512020313,1.15094096175,3.66395012351,0.107021670257,0.03125,19,0.0024453024453,0.178292795026,37,37,37,1,0,0.405405405405,0.594594594595,0,-167,-0.125375375375,0.35983138502,-9.02702702703,-7.59090909091,-5.0416988417,-0.854799080891,0.186720580456,0.113573573574,-3.47778931383,0.246366303477,0.0995235837341,-4.52841264926,-0.126000175374,-0.0658456953194,0.510341391426,0.180678328572,1.66395012351,0.35983138502,0.510341391426,1.66395012351,-0.23704972399,-0.345319037657,-791,-0.101801801802,-0.391284033324,0,0.0540540540541,-0.0540540540541,171,4,171,986,0.5,0.99595959596,0.0040404040404,0.5,0.977142857143,0.5,0.661508704062,0.641344307043,0.49595959596,0.494219653179,19,186,0,0,0,0
1429,WLNM_dir_neg,0.482808706209,0.363925054991,00:00:04,10,40,9,1236695344,threshold_sweep,0.7,0.777777777778,0.0752688172043,0.137254901961,14,4,172,368,0.0752688172043,0.989247311828,0.010752688172,0.924731182796,0.777777777778,0.0752688172043,0.137254901961,0.68458781362,0.655913978495,0.0833333333333,0.172132593165,0.0645161290323,342,156,186,0,342,0,156,0,186,37,342,0.256756756757,1.72528881811,18.4864864865,15.5454545455,9.77142857143,5.36771015539,0.290358590277,0.142642642643,9.50849154237,1.02869645341,0.544491860281,8.05331334643,0.871264894205,0.461830251304,0.640599570326,0.371299902718,2,1.72528881811,0.640599570326,2,0.344071394247,0.376569037657,810,0.104247104247,0.56957682835,37,37,37,1,0,0.405405405405,0.540540540541,0.0540540540541,37,0.117117117117,2.21261261261,8.43243243243,7.09090909091,4.45714285714,5.04722443274,0.598549051319,0.327616077616,6.00525295579,1.42432281644,0.680873180873,3.83793300225,0.910278981302,0.463617463617,1.39215458577,0.629190386892,5.2,2.21261261261,1.39215458577,5.2,0,0,0,0,0.161113233172,37,37,37,1,0,0.405405405405,0.540540540541,0.0540540540541,37,174,0.130630630631,2.08026267175,9.40540540541,7.90909090909,4.7027027027,4.50591869693,0.479077562604,0.257378067723,6.00400266889,1.2767132112,0.644920782852,3.54232240882,0.753252466244,0.399192295744,1.14282627182,0.549366331156,3.64952540624,2.08026267175,1.14282627182,3.64952540624,0.0949570081923,0.0249169435216,15,0.0019305019305,0.177842531004,37,37,37,1,0,0.405405405405,0.594594594595,0,-168,-0.126126126126,0.354973853636,-9.08108108108,-7.63636363636,-5.06872586873,-0.861791458468,0.188718972327,0.11473542508,-3.50448887348,0.248016757786,0.10042892257,-4.51099093761,-0.118012427961,-0.0626379555599,0.502226701494,0.178066428438,1.64952540624,0.354973853636,0.502226701494,1.64952540624,-0.249114386055,-0.351652094135,-795,-0.102316602317,-0.391734297346,0,0.0540540540541,-0.0540540540541,170,4,172,986,0.497076023392,0.99595959596,0.0040404040404,0.502923976608,0.977011494253,0.497076023392,0.658914728682,0.63911651865,0.493035619351,0.491329479769,18,186,0,0,0,0
1430,WLNM_dir_neg,0.482808706209,0.363925054991,00:00:04,10,40,9,1236695344,threshold_sweep,0.8,0.733333333333,0.0591397849462,0.109452736318,11,4,175,368,0.0591397849462,0.989247311828,0.010752688172,0.940860215054,0.733333333333,0.0591397849462,0.109452736318,0.679211469534,0.65770609319,0.0628272251309,0.141030148417,0.0483870967742,342,156,186,0,342,0,156,0,186,37,342,0.256756756757,1.72528881811,18.4864864865,15.5454545455,9.77142857143,5.36771015539,0.290358590277,0.142642642643,9.50849154237,1.02869645341,0.544491860281,8.05331334643,0.871264894205,0.461830251304,0.640599570326,0.371299902718,2,1.72528881811,0.640599570326,2,0.344071394247,0.376569037657,810,0.104247104247,0.56957682835,37,37,37,1,0,0.405405405405,0.540540540541,0.0540540540541,37,0.117117117117,2.21261261261,8.43243243243,7.09090909091,4.45714285714,5.04722443274,0.598549051319,0.327616077616,6.00525295579,1.42432281644,0.680873180873,3.83793300225,0.910278981302,0.463617463617,1.39215458577,0.629190386892,5.2,2.21261261261,1.39215458577,5.2,0,0,0,0,0.161113233172,37,37,37,1,0,0.405405405405,0.540540540541,0.0540540540541,37,171,0.128378378378,2.07541161203,9.24324324324,7.77272727273,4.62162162162,4.5789700771,0.495385651616,0.267425320057,5.97843974142,1.29358052884,0.649280859807,3.58508756558,0.775720701324,0.406511774933,1.13443266704,0.546606109587,3.64326374391,2.07541161203,1.13443266704,3.64326374391,0.0886409518762,0.0219224283305,13,0.0016731016731,0.175864722857,37,37,37,1,0,0.405405405405,0.594594594595,0,-171,-0.128378378378,0.350122793915,-9.24324324324,-7.77272727273,-5.14980694981,-0.788740078294,0.205027061339,0.124782677414,-3.53005180096,0.26488407543,0.104788999526,-4.46822578086,-0.0955441928813,-0.0553184763711,0.493833096717,0.175306206869,1.64326374391,0.350122793915,0.493833096717,1.64326374391,-0.255430442371,-0.354646609326,-797,-0.102574002574,-0.393712105493,0,0.0540540540541,-0.0540540540541,167,4,175,986,0.488304093567,0.99595959596,0.0040404040404,0.511695906433,0.976608187135,0.488304093567,0.651072124756,0.632409509528,0.484263689527,0.482658959538,15,186,0,0,0,0
1431,WLNM_dir_neg,0.482808706209,0.363925054991,00:00:04,10,40,9,1236695344,threshold_sweep,0.9,0.625,0.0268817204301,0.0515463917526,5,3,181,369,0.0268817204301,0.991935483871,0.00806451612903,0.97311827957,0.625,0.0268817204301,0.0515463917526,0.670250896057,0.661887694146,0.0247349823322,0.0746202507245,0.0188172043011,342,156,186,0,342,0,156,0,186,37,342,0.256756756757,1.72528881811,18.4864864865,15.5454545455,9.77142857143,5.36771015539,0.290358590277,0.142642642643,9.50849154237,1.02869645341,0.544491860281,8.05331334643,0.871264894205,0.461830251304,0.640599570326,0.371299902718,2,1.72528881811,0.640599570326,2,0.344071394247,0.376569037657,810,0.104247104247,0.56957682835,37,37,37,1,0,0.405405405405,0.540540540541,0.0540540540541,37,0.117117117117,2.21261261261,8.43243243243,7.09090909091,4.45714285714,5.04722443274,0.598549051319,0.327616077616,6.00525295579,1.42432281644,0.680873180873,3.83793300225,0.910278981302,0.463617463617,1.39215458577,0.629190386892,5.2,2.21261261261,1.39215458577,5.2,0,0,0,0,0.161113233172,37,37,37,1,0,0.405405405405,0.540540540541,0.0540540540541,37,164,0.123123123123,2.14746531428,8.86486486486,7.45454545455,4.43243243243,4.82563848488,0.544355560795,0.29614370468,5.98396255067,1.35004033155,0.664469347396,3.7158858712,0.838340105089,0.432762030323,1.29100795494,0.601177558654,4.74454614798,2.14746531428,1.29100795494,4.74454614798,0.0161537763253,0.00528789659224,3,0.0003861003861,0.171102178245,37,37,37,1,0,0.405405405405,0.594594594595,0,-178,-0.133633633634,0.42217649617,-9.62162162162,-8.09090909091,-5.338996139,-0.54207167051,0.253996970518,0.153501062038,-3.52452899171,0.321343878139,0.119977487115,-4.33742747523,-0.0329247891163,-0.0290682209809,0.65040838461,0.229877655936,2.74454614798,0.42217649617,0.65040838461,2.74454614798,-0.327917617922,-0.371281141065,-807,-0.103861003861,-0.398474650105,0,0.0540540540541,-0.0540540540541,161,3,181,987,0.470760233918,0.99696969697,0.0030303030303,0.529239766082,0.981707317073,0.470760233918,0.636363636364,0.621845458637,0.467729930888,0.466666666667,8,186,0,0,0,0
1432,WLNM_dir_neg,0.508794369291,0.335413030551,00:00:04,10,40,10,1236695345,threshold_sweep,0.1,0.313725490196,0.0860215053763,0.135021097046,16,35,170,337,0.0860215053763,0.905913978495,0.0940860215054,0.913978494624,0.313725490196,0.0860215053763,0.135021097046,0.632616487455,0.636200716846,-0.00985221674877,-0.0131921988571,-0.00806451612903,342,156,186,0,342,0,156,0,186,37,342,0.256756756757,1.72528881811,18.4864864865,15.5454545455,9.77142857143,5.36771015539,0.290358590277,0.142642642643,9.50849154237,1.02869645341,0.544491860281,8.05331334643,0.871264894205,0.461830251304,0.640599570326,0.371299902718,2,1.72528881811,0.640599570326,2,0.344071394247,0.376569037657,810,0.104247104247,0.56957682835,37,37,37,1,0,0.405405405405,0.540540540541,0.0540540540541,37,0.117117117117,2.21261261261,8.43243243243,7.09090909091,4.45714285714,5.04722443274,0.598549051319,0.327616077616,6.00525295579,1.42432281644,0.680873180873,3.83793300225,0.910278981302,0.463617463617,1.39215458577,0.629190386892,5.2,2.21261261261,1.39215458577,5.2,0,0,0,0,0.161113233172,37,37,37,1,0,0.405405405405,0.540540540541,0.0540540540541,37,207,0.155405405405,24.9571699806,11.1891891892,5.91428571429,5.59459459459,4.85819947121,0.434186909263,0.234756495626,5.52499099778,0.987558777381,0.509988249119,3.45172629483,0.616975231443,0.331897114506,5.95835061816,0.238743039487,27.2716666669,24.9571699806,5.95835061816,27.2716666669,0.195016392694,0.0872093023256,65,0.00836550836551,0.150220397908,37,37,37,1,0,0.0540540540541,0.945945945946,0,-135,-0.101351351351,23.2318811625,-7.2972972973,-9.63116883117,-4.17683397683,-0.509510684179,0.143828318986,0.0921138529834,-3.9835005446,-0.0411376760342,-0.0345036111626,-4.60158705161,-0.254289662762,-0.129933136798,5.31775104783,-0.132556863231,25.2716666669,23.2318811625,5.31775104783,25.2716666669,-0.149055001553,-0.289359735331,-745,-0.0958815958816,-0.419356430442,-0.351351351351,0.405405405405,-0.0540540540541,172,35,170,955,0.502923976608,0.964646464646,0.0353535353535,0.497076023392,0.830917874396,0.502923976608,0.626593806922,0.563788566997,0.467570441255,0.456233421751,51,186,0,0,0,0
1433,WLNM_dir_neg,0.508794369291,0.335413030551,00:00:04,10,40,10,1236695345,threshold_sweep,0.2,0.368421052632,0.0752688172043,0.125,14,24,172,348,0.0752688172043,0.935483870968,0.0645161290323,0.924731182796,0.368421052632,0.0752688172043,0.125,0.648745519713,0.643966547192,0.0134228187919,0.0201210909146,0.010752688172,342,156,186,0,342,0,156,0,186,37,342,0.256756756757,1.72528881811,18.4864864865,15.5454545455,9.77142857143,5.36771015539,0.290358590277,0.142642642643,9.50849154237,1.02869645341,0.544491860281,8.05331334643,0.871264894205,0.461830251304,0.640599570326,0.371299902718,2,1.72528881811,0.640599570326,2,0.344071394247,0.376569037657,810,0.104247104247,0.56957682835,37,37,37,1,0,0.405405405405,0.540540540541,0.0540540540541,37,0.117117117117,2.21261261261,8.43243243243,7.09090909091,4.45714285714,5.04722443274,0.598549051319,0.327616077616,6.00525295579,1.42432281644,0.680873180873,3.83793300225,0.910278981302,0.463617463617,1.39215458577,0.629190386892,5.2,2.21261261261,1.39215458577,5.2,0,0,0,0,0.161113233172,37,37,37,1,0,0.405405405405,0.540540540541,0.0540540540541,37,194,0.145645645646,14.9173553312,10.4864864865,5.87878787879,5.24324324324,4.47599536802,0.426834609837,0.230008358874,5.66375123731,1.08019997825,0.55502925606,3.51508973653,0.670403712637,0.360824742268,5.12239066751,0.343384638481,17.2101145643,14.9173553312,5.12239066751,17.2101145643,0.171941246864,0.0697026022305,50,0.00643500643501,0.174808361687,37,37,37,1,0,0.108108108108,0.891891891892,0,-148,-0.111111111111,13.1920665131,-8,-9.66666666667,-4.52818532819,-0.891714787374,0.13647601956,0.0873657162317,-3.84474030507,0.0515035248342,0.0105373957788,-4.5382236099,-0.200861181568,-0.101005509036,4.48179109718,-0.0279152642366,15.2101145643,13.1920665131,4.48179109718,15.2101145643,-0.172130147384,-0.306866435426,-760,-0.0978120978121,-0.394768466663,-0.297297297297,0.351351351351,-0.0540540540541,170,24,172,966,0.497076023392,0.975757575758,0.0242424242424,0.502923976608,0.876288659794,0.497076023392,0.634328358209,0.585554042938,0.472833599149,0.464480874317,38,186,0,0,0,0
1434,WLNM_dir_neg,0.508794369291,0.335413030551,00:00:04,10,40,10,1236695345,threshold_sweep,0.3,0.363636363636,0.0645161290323,0.109589041096,12,21,174,351,0.0645161290323,0.943548387097,0.0564516129032,0.935483870968,0.363636363636,0.0645161290323,0.109589041096,0.650537634409,0.646953405018,0.010152284264,0.0161164592805,0.00806451612903,342,156,186,0,342,0,156,0,186,37,342,0.256756756757,1.72528881811,18.4864864865,15.5454545455,9.77142857143,5.36771015539,0.290358590277,0.142642642643,9.50849154237,1.02869645341,0.544491860281,8.05331334643,0.871264894205,0.461830251304,0.640599570326,0.371299902718,2,1.72528881811,0.640599570326,2,0.344071394247,0.376569037657,810,0.104247104247,0.56957682835,37,37,37,1,0,0.405405405405,0.540540540541,0.0540540540541,37,0.117117117117,2.21261261261,8.43243243243,7.09090909091,4.45714285714,5.04722443274,0.598549051319,0.327616077616,6.00525295579,1.42432281644,0.680873180873,3.83793300225,0.910278981302,0.463617463617,1.39215458577,0.629190386892,5.2,2.21261261261,1.39215458577,5.2,0,0,0,0,0.161113233172,37,37,37,1,0,0.405405405405,0.540540540541,0.0540540540541,37,189,0.141891891892,14.0547872452,10.2162162162,5.72727272727,5.10810810811,4.71484143209,0.461505642823,0.251537251537,5.70956207595,1.11774495667,0.567138567139,3.58068726941,0.700981105652,0.374374374374,4.80514324419,0.341886587137,16.1242363282,14.0547872452,4.80514324419,16.1242363282,0.150168877413,0.0568990042674,40,0.00514800514801,0.184153875623,37,37,37,1,0,0.108108108108,0.891891891892,0,-153,-0.114864864865,12.329498427,-8.27027027027,-9.81818181818,-4.66332046332,-0.652868723306,0.171147052546,0.108894608895,-3.79892946643,0.0890485032522,0.0226467068572,-4.47262607702,-0.170283788553,-0.0874558769296,4.16454367386,-0.0294133155807,14.1242363282,12.329498427,4.16454367386,14.1242363282,-0.193902516834,-0.319670033389,-770,-0.0990990990991,-0.385422952727,-0.297297297297,0.351351351351,-0.0540540540541,168,21,174,969,0.491228070175,0.978787878788,0.0212121212121,0.508771929825,0.888888888889,0.491228070175,0.632768361582,0.588422442024,0.470015948963,0.462809917355,33,186,0,0,0,0
1435,WLNM_dir_neg,0.508794369291,0.335413030551,00:00:04,10,40,10,1236695345,threshold_sweep,0.4,0.45,0.0483870967742,0.0873786407767,9,11,177,361,0.0483870967742,0.970430107527,0.0295698924731,0.951612903226,0.45,0.0483870967742,0.0873786407767,0.663082437276,0.654719235364,0.0242214532872,0.0477174147756,0.0188172043011,342,156,186,0,342,0,156,0,186,37,342,0.256756756757,1.72528881811,18.4864864865,15.5454545455,9.77142857143,5.36771015539,0.290358590277,0.142642642643,9.50849154237,1.02869645341,0.544491860281,8.05331334643,0.871264894205,0.461830251304,0.640599570326,0.371299902718,2,1.72528881811,0.640599570326,2,0.344071394247,0.376569037657,810,0.104247104247,0.56957682835,37,37,37,1,0,0.405405405405,0.540540540541,0.0540540540541,37,0.117117117117,2.21261261261,8.43243243243,7.09090909091,4.45714285714,5.04722443274,0.598549051319,0.327616077616,6.00525295579,1.42432281644,0.680873180873,3.83793300225,0.910278981302,0.463617463617,1.39215458577,0.629190386892,5.2,2.21261261261,1.39215458577,5.2,0,0,0,0,0.161113233172,37,37,37,1,0,0.405405405405,0.540540540541,0.0540540540541,37,176,0.132132132132,2.5284739522,9.51351351351,7.65217391304,4.75675675676,4.49457464074,0.472441084396,0.250614250614,5.88975289712,1.2381866886,0.630528255528,3.46735093732,0.728931731141,0.384520884521,1.55418489888,0.61467309067,4.57391023188,2.5284739522,1.55418489888,4.57391023188,0.0986423398188,0.0196828868234,12,0.0015444015444,0.159706122238,37,37,37,1,0,0.378378378378,0.621621621622,0,-166,-0.124624624625,0.803185134087,-8.97297297297,-7.89328063241,-5.01467181467,-0.873135514651,0.182082494119,0.107971607972,-3.61873864525,0.209490235185,0.0860363952469,-4.58596240912,-0.142333163064,-0.0773093667831,0.913585328553,0.243373187953,2.57391023188,0.803185134087,0.913585328553,2.57391023188,-0.245429054429,-0.356886150834,-798,-0.102702702703,-0.409870706112,-0.027027027027,0.0810810810811,-0.0540540540541,165,11,177,979,0.482456140351,0.988888888889,0.0111111111111,0.517543859649,0.9375,0.482456140351,0.637065637066,0.60804305278,0.47134502924,0.467422096317,20,186,0,0,0,0
1436,WLNM_dir_neg,0.508794369291,0.335413030551,00:00:04,10,40,10,1236695345,threshold_sweep,0.5,0.5,0.0483870967742,0.0882352941176,9,9,177,363,0.0483870967742,0.975806451613,0.0241935483871,0.951612903226,0.5,0.0483870967742,0.0882352941176,0.666666666667,0.655913978495,0.03125,0.0645497224368,0.0241935483871,342,156,186,0,342,0,156,0,186,37,342,0.256756756757,1.72528881811,18.4864864865,15.5454545455,9.77142857143,5.36771015539,0.290358590277,0.142642642643,9.50849154237,1.02869645341,0.544491860281,8.05331334643,0.871264894205,0.461830251304,0.640599570326,0.371299902718,2,1.72528881811,0.640599570326,2,0.344071394247,0.376569037657,810,0.104247104247,0.56957682835,37,37,37,1,0,0.405405405405,0.540540540541,0.0540540540541,37,0.117117117117,2.21261261261,8.43243243243,7.09090909091,4.45714285714,5.04722443274,0.598549051319,0.327616077616,6.00525295579,1.42432281644,0.680873180873,3.83793300225,0.910278981302,0.463617463617,1.39215458577,0.629190386892,5.2,2.21261261261,1.39215458577,5.2,0,0,0,0,0.161113233172,37,37,37,1,0,0.405405405405,0.540540540541,0.0540540540541,37,174,0.130630630631,2.46882365612,9.40540540541,7.5652173913,4.97142857143,4.57929797785,0.486879382703,0.260018639329,5.90604617163,1.25588338132,0.63560111836,3.53447202457,0.751583131662,0.39981360671,1.47942721297,0.599243777213,4.55099138315,2.46882365612,1.47942721297,4.55099138315,0.0586809498574,0.016583747927,10,0.001287001287,0.161611040991,37,37,37,1,0,0.378378378378,0.567567567568,0.0540540540541,-168,-0.126126126126,0.743534838007,-9.08108108108,-7.98023715415,-4.8,-0.78841217754,0.196520792426,0.117375996686,-3.60244537075,0.227186927908,0.0911092580784,-4.51884132186,-0.119681762543,-0.0620166445938,0.838827642642,0.227943874495,2.55099138315,0.743534838007,0.838827642642,2.55099138315,-0.28539044439,-0.35998528973,-800,-0.10296010296,-0.407965787359,-0.027027027027,0.027027027027,0,165,9,177,981,0.482456140351,0.990909090909,0.00909090909091,0.517543859649,0.948275862069,0.482456140351,0.639534883721,0.613618016181,0.47336523126,0.470085470085,18,186,0,0,0,0
1437,WLNM_dir_neg,0.508794369291,0.335413030551,00:00:04,10,40,10,1236695345,threshold_sweep,0.6,0.470588235294,0.0430107526882,0.0788177339901,8,9,178,363,0.0430107526882,0.975806451613,0.0241935483871,0.956989247312,0.470588235294,0.0430107526882,0.0788177339901,0.664874551971,0.65651135006,0.024347826087,0.0516131005198,0.0188172043011,342,156,186,0,342,0,156,0,186,37,342,0.256756756757,1.72528881811,18.4864864865,15.5454545455,9.77142857143,5.36771015539,0.290358590277,0.142642642643,9.50849154237,1.02869645341,0.544491860281,8.05331334643,0.871264894205,0.461830251304,0.640599570326,0.371299902718,2,1.72528881811,0.640599570326,2,0.344071394247,0.376569037657,810,0.104247104247,0.56957682835,37,37,37,1,0,0.405405405405,0.540540540541,0.0540540540541,37,0.117117117117,2.21261261261,8.43243243243,7.09090909091,4.45714285714,5.04722443274,0.598549051319,0.327616077616,6.00525295579,1.42432281644,0.680873180873,3.83793300225,0.910278981302,0.463617463617,1.39215458577,0.629190386892,5.2,2.21261261261,1.39215458577,5.2,0,0,0,0,0.161113233172,37,37,37,1,0,0.405405405405,0.540540540541,0.0540540540541,37,173,0.12987987988,2.44564879017,9.35135135135,7.52173913043,4.94285714286,4.6140860189,0.49341382283,0.26417747227,5.91163661328,1.26433846642,0.637712857366,3.53595856919,0.756245474335,0.400874863303,1.45144727452,0.593481484485,4.48696958002,2.44564879017,1.45144727452,4.48696958002,0.0546597017185,0.0133555926544,8,0.0010296010296,0.159606523769,37,37,37,1,0,0.378378378378,0.567567567568,0.0540540540541,-169,-0.126876876877,0.720359972056,-9.13513513514,-8.02371541502,-4.82857142857,-0.753624136495,0.203055232553,0.121534829627,-3.5968549291,0.235642013009,0.0932209970847,-4.51735477725,-0.11501941987,-0.0609553880013,0.810847704193,0.222181581767,2.48696958002,0.720359972056,0.810847704193,2.48696958002,-0.289411692529,-0.363213445002,-802,-0.103217503218,-0.409970304581,-0.027027027027,0.027027027027,0,164,9,178,981,0.479532163743,0.990909090909,0.00909090909091,0.520467836257,0.947976878613,0.479532163743,0.636893203883,0.611323766642,0.470441254652,0.467236467236,17,186,0,0,0,0
1438,WLNM_dir_neg,0.508794369291,0.335413030551,00:00:04,10,40,10,1236695345,threshold_sweep,0.7,0.571428571429,0.0430107526882,0.08,8,6,178,366,0.0430107526882,0.983870967742,0.0161290322581,0.956989247312,0.571428571429,0.0430107526882,0.08,0.670250896057,0.658303464755,0.034965034965,0.081025465444,0.0268817204301,342,156,186,0,342,0,156,0,186,37,342,0.256756756757,1.72528881811,18.4864864865,15.5454545455,9.77142857143,5.36771015539,0.290358590277,0.142642642643,9.50849154237,1.02869645341,0.544491860281,8.05331334643,0.871264894205,0.461830251304,0.640599570326,0.371299902718,2,1.72528881811,0.640599570326,2,0.344071394247,0.376569037657,810,0.104247104247,0.56957682835,37,37,37,1,0,0.405405405405,0.540540540541,0.0540540540541,37,0.117117117117,2.21261261261,8.43243243243,7.09090909091,4.45714285714,5.04722443274,0.598549051319,0.327616077616,6.00525295579,1.42432281644,0.680873180873,3.83793300225,0.910278981302,0.463617463617,1.39215458577,0.629190386892,5.2,2.21261261261,1.39215458577,5.2,0,0,0,0,0.161113233172,37,37,37,1,0,0.405405405405,0.540540540541,0.0540540540541,37,170,0.127627627628,2.48447933736,9.18918918919,7.39130434783,4.85714285714,4.67759338548,0.509032221361,0.274562798092,5.92292842107,1.28910795047,0.645151033386,3.59366309139,0.782150202244,0.41240063593,1.49997777934,0.603739285244,4.50053255226,2.48447933736,1.49997777934,4.50053255226,0.0616038307215,0.0118176702307,7,0.000900900900901,0.158777582179,37,37,37,1,0,0.378378378378,0.567567567568,0.0540540540541,-172,-0.129129129129,0.75919051924,-9.2972972973,-8.15415019763,-4.91428571429,-0.690116769914,0.218673631084,0.13192015545,-3.58556312131,0.260411497053,0.100659173105,-4.45965025504,-0.0891146919613,-0.0494296153739,0.859378209011,0.232439382526,2.50053255226,0.75919051924,0.859378209011,2.50053255226,-0.282467563526,-0.364751367426,-803,-0.103346203346,-0.410799246171,-0.027027027027,0.027027027027,0,164,6,178,984,0.479532163743,0.993939393939,0.00606060606061,0.520467836257,0.964705882353,0.479532163743,0.640625,0.619864865513,0.473471557682,0.471264367816,14,186,0,0,0,0
1439,WLNM_dir_neg,0.508794369291,0.335413030551,00:00:04,10,40,10,1236695345,threshold_sweep,0.8,0.615384615385,0.0430107526882,0.0804020100503,8,5,178,367,0.0430107526882,0.986559139785,0.0134408602151,0.956989247312,0.615384615385,0.0430107526882,0.0804020100503,0.672043010753,0.65890083632,0.0385288966725,0.0924076147012,0.0295698924731,342,156,186,0,342,0,156,0,186,37,342,0.256756756757,1.72528881811,18.4864864865,15.5454545455,9.77142857143,5.36771015539,0.290358590277,0.142642642643,9.50849154237,1.02869645341,0.544491860281,8.05331334643,0.871264894205,0.461830251304,0.640599570326,0.371299902718,2,1.72528881811,0.640599570326,2,0.344071394247,0.376569037657,810,0.104247104247,0.56957682835,37,37,37,1,0,0.405405405405,0.540540540541,0.0540540540541,37,0.117117117117,2.21261261261,8.43243243243,7.09090909091,4.45714285714,5.04722443274,0.598549051319,0.327616077616,6.00525295579,1.42432281644,0.680873180873,3.83793300225,0.910278981302,0.463617463617,1.39215458577,0.629190386892,5.2,2.21261261261,1.39215458577,5.2,0,0,0,0,0.161113233172,37,37,37,1,0,0.405405405405,0.540540540541,0.0540540540541,37,169,0.126876876877,2.15032812736,9.13513513514,7.68181818182,4.82857142857,4.65571430349,0.509649198902,0.275387813849,5.94203734487,1.3009194187,0.650247881017,3.60971328917,0.790292258576,0.414840876379,1.23871725597,0.576059644205,4.15315315315,2.15032812736,1.23871725597,4.15315315315,0.0560217780806,0.0102505694761,6,0.000772200772201,0.171013253786,37,37,37,1,0,0.405405405405,0.540540540541,0.0540540540541,-173,-0.12987987988,0.42503930924,-9.35135135135,-7.86363636364,-4.94285714286,-0.711995851908,0.219290608625,0.132745171207,-3.56645419751,0.272222965284,0.105756020736,-4.44360005726,-0.0809726356286,-0.0469893749246,0.598117685642,0.204759741487,2.15315315315,0.42503930924,0.598117685642,2.15315315315,-0.288049616167,-0.366318468181,-804,-0.103474903475,-0.398563574564,0,0,0,164,5,178,985,0.479532163743,0.994949494949,0.00505050505051,0.520467836257,0.970414201183,0.479532163743,0.641878669276,0.622754493511,0.474481658692,0.472622478386,13,186,0,0,0,0
1440,WLNM_dir_neg,0.508794369291,0.335413030551,00:00:04,10,40,10,1236695345,threshold_sweep,0.9,0.8,0.0430107526882,0.0816326530612,8,2,178,370,0.0430107526882,0.994623655914,0.00537634408602,0.956989247312,0.8,0.0430107526882,0.0816326530612,0.677419354839,0.660692951016,0.0492957746479,0.133728125983,0.0376344086022,342,156,186,0,342,0,156,0,186,37,342,0.256756756757,1.72528881811,18.4864864865,15.5454545455,9.77142857143,5.36771015539,0.290358590277,0.142642642643,9.50849154237,1.02869645341,0.544491860281,8.05331334643,0.871264894205,0.461830251304,0.640599570326,0.371299902718,2,1.72528881811,0.640599570326,2,0.344071394247,0.376569037657,810,0.104247104247,0.56957682835,37,37,37,1,0,0.405405405405,0.540540540541,0.0540540540541,37,0.117117117117,2.21261261261,8.43243243243,7.09090909091,4.45714285714,5.04722443274,0.598549051319,0.327616077616,6.00525295579,1.42432281644,0.680873180873,3.83793300225,0.910278981302,0.463617463617,1.39215458577,0.629190386892,5.2,2.21261261261,1.39215458577,5.2,0,0,0,0,0.161113233172,37,37,37,1,0,0.405405405405,0.540540540541,0.0540540540541,37,166,0.124624624625,2.11427856428,8.97297297297,7.54545454545,4.74285714286,4.69921084679,0.523707232925,0.284109410615,5.97039744453,1.33075123764,0.65874308043,3.67893116741,0.820002730085,0.431129925106,1.19857477331,0.566895390969,4.13271604938,2.11427856428,1.19857477331,4.13271604938,0.0560217780806,0.0105140186916,6,0.000772200772201,0.172732830506,37,37,37,1,0,0.405405405405,0.540540540541,0.0540540540541,-176,-0.132132132132,0.388989746164,-9.51351351351,-8,-5.02857142857,-0.668499308604,0.233348642648,0.141466767973,-3.53809409785,0.302054784221,0.114251220148,-4.37438217903,-0.0512621641197,-0.0307003261981,0.557975202989,0.195595488252,2.13271604938,0.388989746164,0.557975202989,2.13271604938,-0.288049616167,-0.366055018965,-804,-0.103474903475,-0.396843997844,0,0,0,164,2,178,988,0.479532163743,0.99797979798,0.0020202020202,0.520467836257,0.987951807229,0.479532163743,0.645669291339,0.631555594027,0.477511961722,0.476744186047,10,186,0,0,0,0
1441,WLNM_dir_neg,0.406000693722,0.360312663232,00:00:04,10,40,11,1236695346,threshold_sweep,0.1,0.540540540541,0.10752688172,0.179372197309,20,17,166,355,0.10752688172,0.954301075269,0.0456989247312,0.89247311828,0.540540540541,0.10752688172,0.179372197309,0.672043010753,0.644563918757,0.0773109243697,0.117136734975,0.0618279569892,342,156,186,0,342,0,156,0,186,37,342,0.256756756757,1.72528881811,18.4864864865,15.5454545455,9.77142857143,5.36771015539,0.290358590277,0.142642642643,9.50849154237,1.02869645341,0.544491860281,8.05331334643,0.871264894205,0.461830251304,0.640599570326,0.371299902718,2,1.72528881811,0.640599570326,2,0.344071394247,0.376569037657,810,0.104247104247,0.56957682835,37,37,37,1,0,0.405405405405,0.540540540541,0.0540540540541,37,0.117117117117,2.18481481481,8.43243243243,7.09090909091,4.45714285714,5.03620525429,0.597242289772,0.326923076923,6.00062559301,1.42322530091,0.680526680527,3.83793300225,0.910278981302,0.463617463617,1.318977792,0.603702328937,4.32037037037,2.18481481481,1.318977792,4.32037037037,0,0,0,0,0.160896782956,37,37,37,1,0,0.405405405405,0.540540540541,0.0540540540541,37,193,0.144894894895,7.76058306295,10.4324324324,6.03125,5.36111111111,5.2310002259,0.501417120099,0.269990197451,5.82683035208,1.11706074107,0.571068477804,3.7426604852,0.717504859858,0.388180927041,3.48487240903,0.449047755917,9.75278797997,7.76058306295,3.48487240903,9.75278797997,0.15563660138,0.09906291834,74,0.00952380952381,0.193860190923,37,37,37,1,0,0.135135135135,0.837837837838,0.027027027027,-149,-0.111861861862,6.03529424484,-8.05405405405,-9.51420454545,-4.41031746032,-0.136709929494,0.211058529822,0.127347554809,-3.68166119029,0.088364287658,0.0265766175229,-4.31065286123,-0.153760034347,-0.0736493242629,2.8442728387,0.0777478531994,7.75278797997,6.03529424484,2.8442728387,7.75278797997,-0.188434792868,-0.277506119317,-736,-0.0947232947233,-0.375716637427,-0.27027027027,0.297297297297,-0.027027027027,176,17,166,973,0.514619883041,0.982828282828,0.0171717171717,0.485380116959,0.911917098446,0.514619883041,0.657943925234,0.617359261473,0.497448165869,0.490250696379,37,186,0,0,0,0
1442,WLNM_dir_neg,0.406000693722,0.360312663232,00:00:04,10,40,11,1236695346,threshold_sweep,0.2,0.5,0.0913978494624,0.154545454545,17,17,169,355,0.0913978494624,0.954301075269,0.0456989247312,0.908602150538,0.5,0.0913978494624,0.154545454545,0.666666666667,0.646356033453,0.0574324324324,0.0900593527786,0.0456989247312,342,156,186,0,342,0,156,0,186,37,342,0.256756756757,1.72528881811,18.4864864865,15.5454545455,9.77142857143,5.36771015539,0.290358590277,0.142642642643,9.50849154237,1.02869645341,0.544491860281,8.05331334643,0.871264894205,0.461830251304,0.640599570326,0.371299902718,2,1.72528881811,0.640599570326,2,0.344071394247,0.376569037657,810,0.104247104247,0.56957682835,37,37,37,1,0,0.405405405405,0.540540540541,0.0540540540541,37,0.117117117117,2.18481481481,8.43243243243,7.09090909091,4.45714285714,5.03620525429,0.597242289772,0.326923076923,6.00062559301,1.42322530091,0.680526680527,3.83793300225,0.910278981302,0.463617463617,1.318977792,0.603702328937,4.32037037037,2.18481481481,1.318977792,4.32037037037,0,0,0,0,0.160896782956,37,37,37,1,0,0.405405405405,0.540540540541,0.0540540540541,37,190,0.142642642643,7.62763826067,10.2702702703,5.9375,5.27777777778,5.17820565581,0.504193708592,0.271266002845,5.78389604449,1.12633765077,0.573541963016,3.77978660599,0.736063707481,0.396017069701,3.41200538597,0.447321342383,9.5734439834,7.62763826067,3.41200538597,9.5734439834,0.1414467964,0.0896964121435,65,0.00836550836551,0.193219827031,37,37,37,1,0,0.135135135135,0.837837837838,0.027027027027,-152,-0.114114114114,5.90234944255,-8.21621621622,-9.60795454545,-4.49365079365,-0.189504499588,0.213835118314,0.128623360202,-3.72459549789,0.0976411973541,0.0290501027343,-4.27352674045,-0.135201186724,-0.0658131816027,2.77140581565,0.0760214396652,7.5734439834,5.90234944255,2.77140581565,7.5734439834,-0.202624597847,-0.286872625513,-745,-0.0958815958816,-0.376357001318,-0.27027027027,0.297297297297,-0.027027027027,173,17,169,973,0.505847953216,0.982828282828,0.0171717171717,0.494152046784,0.910526315789,0.505847953216,0.65037593985,0.610438642688,0.488676236045,0.481894150418,34,186,0,0,0,0
1443,WLNM_dir_neg,0.406000693722,0.360312663232,00:00:04,10,40,11,1236695346,threshold_sweep,0.3,0.516129032258,0.0860215053763,0.147465437788,16,15,170,357,0.0860215053763,0.959677419355,0.0403225806452,0.913978494624,0.516129032258,0.0860215053763,0.147465437788,0.668458781362,0.648148148148,0.0577249575552,0.0940476112072,0.0456989247312,342,156,186,0,342,0,156,0,186,37,342,0.256756756757,1.72528881811,18.4864864865,15.5454545455,9.77142857143,5.36771015539,0.290358590277,0.142642642643,9.50849154237,1.02869645341,0.544491860281,8.05331334643,0.871264894205,0.461830251304,0.640599570326,0.371299902718,2,1.72528881811,0.640599570326,2,0.344071394247,0.376569037657,810,0.104247104247,0.56957682835,37,37,37,1,0,0.405405405405,0.540540540541,0.0540540540541,37,0.117117117117,2.18481481481,8.43243243243,7.09090909091,4.45714285714,5.03620525429,0.597242289772,0.326923076923,6.00062559301,1.42322530091,0.680526680527,3.83793300225,0.910278981302,0.463617463617,1.318977792,0.603702328937,4.32037037037,2.18481481481,1.318977792,4.32037037037,0,0,0,0,0.160896782956,37,37,37,1,0,0.405405405405,0.540540540541,0.0540540540541,37,187,0.14039039039,7.55186203825,10.1081081081,5.84375,5.19444444444,5.05406208347,0.500000794354,0.272438213615,5.77324261835,1.1422993416,0.577251047839,3.7412560721,0.740248527634,0.39861251626,3.3687604313,0.446083418134,9.48340675477,7.55186203825,3.3687604313,9.48340675477,0.121351736522,0.0706214689266,50,0.00643500643501,0.188075606892,37,37,37,1,0,0.135135135135,0.837837837838,0.027027027027,-155,-0.116366366366,5.82657322013,-8.37837837838,-9.70170454545,-4.57698412698,-0.313648071926,0.209642204077,0.129795570972,-3.73524892402,0.113602888184,0.0327591875579,-4.31205727434,-0.131016366571,-0.0632177350444,2.72816086097,0.0747835154161,7.48340675477,5.82657322013,2.72816086097,7.48340675477,-0.222719657725,-0.30594756873,-760,-0.0978120978121,-0.381501221458,-0.27027027027,0.297297297297,-0.027027027027,172,15,170,975,0.502923976608,0.984848484848,0.0151515151515,0.497076023392,0.919786096257,0.502923976608,0.650283553875,0.613372613285,0.487772461457,0.481792717087,31,186,0,0,0,0
1444,WLNM_dir_neg,0.406000693722,0.360312663232,00:00:04,10,40,11,1236695346,threshold_sweep,0.4,0.761904761905,0.0860215053763,0.154589371981,16,5,170,367,0.0860215053763,0.986559139785,0.0134408602151,0.913978494624,0.761904761905,0.0860215053763,0.154589371981,0.686379928315,0.654121863799,0.0932642487047,0.179784388024,0.0725806451613,342,156,186,0,342,0,156,0,186,37,342,0.256756756757,1.72528881811,18.4864864865,15.5454545455,9.77142857143,5.36771015539,0.290358590277,0.142642642643,9.50849154237,1.02869645341,0.544491860281,8.05331334643,0.871264894205,0.461830251304,0.640599570326,0.371299902718,2,1.72528881811,0.640599570326,2,0.344071394247,0.376569037657,810,0.104247104247,0.56957682835,37,37,37,1,0,0.405405405405,0.540540540541,0.0540540540541,37,0.117117117117,2.18481481481,8.43243243243,7.09090909091,4.45714285714,5.03620525429,0.597242289772,0.326923076923,6.00062559301,1.42322530091,0.680526680527,3.83793300225,0.910278981302,0.463617463617,1.318977792,0.603702328937,4.32037037037,2.18481481481,1.318977792,4.32037037037,0,0,0,0,0.160896782956,37,37,37,1,0,0.405405405405,0.540540540541,0.0540540540541,37,177,0.132882882883,2.06430622931,9.56756756757,8.04545454545,4.91666666667,4.66393098708,0.487473012774,0.261261261261,5.98208034761,1.2504913721,0.635822262941,3.50503713037,0.732691377535,0.393647885173,1.08747418494,0.526798868064,3.10269230769,2.06430622931,1.08747418494,3.10269230769,0.0988154613542,0.0319318786589,20,0.002574002574,0.182573116483,37,37,37,1,0,0.405405405405,0.567567567568,0.027027027027,-165,-0.123873873874,0.339017411191,-8.91891891892,-7.5,-4.85476190476,-0.703779168313,0.197114422497,0.118618618619,-3.52641119476,0.221794918685,0.0913304026596,-4.54827621606,-0.13857351667,-0.0681823661306,0.44687461461,0.155498965346,1.10269230769,0.339017411191,0.44687461461,1.10269230769,-0.245255932893,-0.344637158998,-790,-0.101673101673,-0.387003711867,0,0.027027027027,-0.027027027027,172,5,170,985,0.502923976608,0.994949494949,0.00505050505051,0.497076023392,0.971751412429,0.502923976608,0.662813102119,0.640725503732,0.497873471558,0.495677233429,21,186,0,0,0,0
1445,WLNM_dir_neg,0.406000693722,0.360312663232,00:00:04,10,40,11,1236695346,threshold_sweep,0.5,0.736842105263,0.0752688172043,0.136585365854,14,5,172,367,0.0752688172043,0.986559139785,0.0134408602151,0.924731182796,0.736842105263,0.0752688172043,0.136585365854,0.682795698925,0.65531660693,0.0797227036395,0.160709538929,0.0618279569892,342,156,186,0,342,0,156,0,186,37,342,0.256756756757,1.72528881811,18.4864864865,15.5454545455,9.77142857143,5.36771015539,0.290358590277,0.142642642643,9.50849154237,1.02869645341,0.544491860281,8.05331334643,0.871264894205,0.461830251304,0.640599570326,0.371299902718,2,1.72528881811,0.640599570326,2,0.344071394247,0.376569037657,810,0.104247104247,0.56957682835,37,37,37,1,0,0.405405405405,0.540540540541,0.0540540540541,37,0.117117117117,2.18481481481,8.43243243243,7.09090909091,4.45714285714,5.03620525429,0.597242289772,0.326923076923,6.00062559301,1.42322530091,0.680526680527,3.83793300225,0.910278981302,0.463617463617,1.318977792,0.603702328937,4.32037037037,2.18481481481,1.318977792,4.32037037037,0,0,0,0,0.160896782956,37,37,37,1,0,0.405405405405,0.540540540541,0.0540540540541,37,175,0.131381381381,2.09314027478,9.45945945946,7.95454545455,4.86111111111,4.67614866812,0.494335716344,0.266254826255,5.99374047861,1.26724798691,0.640308880309,3.51701142582,0.74359670146,0.396911196911,1.14323950618,0.546183894104,3.59676413255,2.09314027478,1.14323950618,3.59676413255,0.101262647393,0.0292524377031,18,0.0023166023166,0.178913764771,37,37,37,1,0,0.405405405405,0.567567567568,0.027027027027,-167,-0.125375375375,0.367851456663,-9.02702702703,-7.59090909091,-4.91031746032,-0.691561487273,0.203977126067,0.123612183612,-3.51475106376,0.238551533491,0.0958170200275,-4.53630192061,-0.127668192745,-0.0649190543927,0.502639935858,0.174883991386,1.59676413255,0.367851456663,0.502639935858,1.59676413255,-0.242808746855,-0.347316599954,-792,-0.101930501931,-0.390663063579,0,0.027027027027,-0.027027027027,170,5,172,985,0.497076023392,0.994949494949,0.00505050505051,0.502923976608,0.971428571429,0.497076023392,0.657640232108,0.636257000931,0.492025518341,0.489913544669,19,186,0,0,0,0
1446,WLNM_dir_neg,0.406000693722,0.360312663232,00:00:04,10,40,11,1236695346,threshold_sweep,0.6,0.777777777778,0.0752688172043,0.137254901961,14,4,172,368,0.0752688172043,0.989247311828,0.010752688172,0.924731182796,0.777777777778,0.0752688172043,0.137254901961,0.68458781362,0.655913978495,0.0833333333333,0.172132593165,0.0645161290323,342,156,186,0,342,0,156,0,186,37,342,0.256756756757,1.72528881811,18.4864864865,15.5454545455,9.77142857143,5.36771015539,0.290358590277,0.142642642643,9.50849154237,1.02869645341,0.544491860281,8.05331334643,0.871264894205,0.461830251304,0.640599570326,0.371299902718,2,1.72528881811,0.640599570326,2,0.344071394247,0.376569037657,810,0.104247104247,0.56957682835,37,37,37,1,0,0.405405405405,0.540540540541,0.0540540540541,37,0.117117117117,2.18481481481,8.43243243243,7.09090909091,4.45714285714,5.03620525429,0.597242289772,0.326923076923,6.00062559301,1.42322530091,0.680526680527,3.83793300225,0.910278981302,0.463617463617,1.318977792,0.603702328937,4.32037037037,2.18481481481,1.318977792,4.32037037037,0,0,0,0,0.160896782956,37,37,37,1,0,0.405405405405,0.540540540541,0.0540540540541,37,174,0.130630630631,2.07126981078,9.40540540541,7.90909090909,4.83333333333,4.68128341531,0.497722661972,0.267629698664,5.99937434175,1.27572902669,0.642124883504,3.53447202457,0.751583131662,0.400745573159,1.10773762024,0.534810875183,3.5252151141,2.07126981078,1.10773762024,3.5252151141,0.101262647393,0.0292524377031,18,0.0023166023166,0.178093032438,37,37,37,1,0,0.405405405405,0.567567567568,0.027027027027,-168,-0.126126126126,0.345980992661,-9.08108108108,-7.63636363636,-4.9380952381,-0.686426740088,0.207364071695,0.124987056022,-3.50911720062,0.24703257328,0.0976330232229,-4.51884132186,-0.119681762543,-0.0610846781446,0.467138049915,0.163510972465,1.5252151141,0.345980992661,0.467138049915,1.5252151141,-0.242808746855,-0.347316599954,-792,-0.101930501931,-0.391483795912,0,0.027027027027,-0.027027027027,170,4,172,986,0.497076023392,0.99595959596,0.0040404040404,0.502923976608,0.977011494253,0.497076023392,0.658914728682,0.63911651865,0.493035619351,0.491329479769,18,186,0,0,0,0
1447,WLNM_dir_neg,0.406000693722,0.360312663232,00:00:04,10,40,11,1236695346,threshold_sweep,0.7,0.75,0.0645161290323,0.118811881188,12,4,174,368,0.0645161290323,0.989247311828,0.010752688172,0.935483870968,0.75,0.0645161290323,0.118811881188,0.681003584229,0.657108721625,0.0696864111498,0.151864184808,0.0537634408602,342,156,186,0,342,0,156,0,186,37,342,0.256756756757,1.72528881811,18.4864864865,15.5454545455,9.77142857143,5.36771015539,0.290358590277,0.142642642643,9.50849154237,1.02869645341,0.544491860281,8.05331334643,0.871264894205,0.461830251304,0.640599570326,0.371299902718,2,1.72528881811,0.640599570326,2,0.344071394247,0.376569037657,810,0.104247104247,0.56957682835,37,37,37,1,0,0.405405405405,0.540540540541,0.0540540540541,37,0.117117117117,2.18481481481,8.43243243243,7.09090909091,4.45714285714,5.03620525429,0.597242289772,0.326923076923,6.00062559301,1.42322530091,0.680526680527,3.83793300225,0.910278981302,0.463617463617,1.318977792,0.603702328937,4.32037037037,2.18481481481,1.318977792,4.32037037037,0,0,0,0,0.160896782956,37,37,37,1,0,0.405405405405,0.540540540541,0.0540540540541,37,172,0.129129129129,2.0705269483,9.2972972973,7.81818181818,4.77777777778,4.74262506345,0.510107928337,0.275612822124,5.96851096364,1.28392387009,0.644563167819,3.56850588261,0.767643707306,0.407605279698,1.10634505965,0.534330190946,3.5252151141,2.0705269483,1.10634505965,3.5252151141,0.0969336430637,0.0247116968699,15,0.0019305019305,0.176984544966,37,37,37,1,0,0.405405405405,0.567567567568,0.027027027027,-170,-0.127627627628,0.34523813019,-9.18918918919,-7.72727272727,-4.99365079365,-0.62508509194,0.219749338059,0.132970179482,-3.53998057873,0.255227416671,0.100071307538,-4.48480746382,-0.103621186899,-0.0542249716056,0.465745489321,0.163030288228,1.5252151141,0.34523813019,0.465745489321,1.5252151141,-0.247137751184,-0.351857340787,-795,-0.102316602317,-0.392592283384,0,0.027027027027,-0.027027027027,168,4,174,986,0.491228070175,0.99595959596,0.0040404040404,0.508771929825,0.976744186047,0.491228070175,0.653696498054,0.634649171189,0.487187666135,0.485549132948,16,186,0,0,0,0
1448,WLNM_dir_neg,0.406000693722,0.360312663232,00:00:04,10,40,11,1236695346,threshold_sweep,0.8,0.75,0.0645161290323,0.118811881188,12,4,174,368,0.0645161290323,0.989247311828,0.010752688172,0.935483870968,0.75,0.0645161290323,0.118811881188,0.681003584229,0.657108721625,0.0696864111498,0.151864184808,0.0537634408602,342,156,186,0,342,0,156,0,186,37,342,0.256756756757,1.72528881811,18.4864864865,15.5454545455,9.77142857143,5.36771015539,0.290358590277,0.142642642643,9.50849154237,1.02869645341,0.544491860281,8.05331334643,0.871264894205,0.461830251304,0.640599570326,0.371299902718,2,1.72528881811,0.640599570326,2,0.344071394247,0.376569037657,810,0.104247104247,0.56957682835,37,37,37,1,0,0.405405405405,0.540540540541,0.0540540540541,37,0.117117117117,2.18481481481,8.43243243243,7.09090909091,4.45714285714,5.03620525429,0.597242289772,0.326923076923,6.00062559301,1.42322530091,0.680526680527,3.83793300225,0.910278981302,0.463617463617,1.318977792,0.603702328937,4.32037037037,2.18481481481,1.318977792,4.32037037037,0,0,0,0,0.160896782956,37,37,37,1,0,0.405405405405,0.540540540541,0.0540540540541,37,172,0.129129129129,2.0705269483,9.2972972973,7.81818181818,4.77777777778,4.74262506345,0.510107928337,0.275612822124,5.96851096364,1.28392387009,0.644563167819,3.56850588261,0.767643707306,0.407605279698,1.10634505965,0.534330190946,3.5252151141,2.0705269483,1.10634505965,3.5252151141,0.0969336430637,0.0247116968699,15,0.0019305019305,0.176984544966,37,37,37,1,0,0.405405405405,0.567567567568,0.027027027027,-170,-0.127627627628,0.34523813019,-9.18918918919,-7.72727272727,-4.99365079365,-0.62508509194,0.219749338059,0.132970179482,-3.53998057873,0.255227416671,0.100071307538,-4.48480746382,-0.103621186899,-0.0542249716056,0.465745489321,0.163030288228,1.5252151141,0.34523813019,0.465745489321,1.5252151141,-0.247137751184,-0.351857340787,-795,-0.102316602317,-0.392592283384,0,0.027027027027,-0.027027027027,168,4,174,986,0.491228070175,0.99595959596,0.0040404040404,0.508771929825,0.976744186047,0.491228070175,0.653696498054,0.634649171189,0.487187666135,0.485549132948,16,186,0,0,0,0
1449,WLNM_dir_neg,0.406000693722,0.360312663232,00:00:04,10,40,11,1236695346,threshold_sweep,0.9,0.714285714286,0.0537634408602,0.1,10,4,176,368,0.0537634408602,0.989247311828,0.010752688172,0.94623655914,0.714285714286,0.0537634408602,0.1,0.677419354839,0.658303464755,0.0559440559441,0.12964074471,0.0430107526882,342,156,186,0,342,0,156,0,186,37,342,0.256756756757,1.72528881811,18.4864864865,15.5454545455,9.77142857143,5.36771015539,0.290358590277,0.142642642643,9.50849154237,1.02869645341,0.544491860281,8.05331334643,0.871264894205,0.461830251304,0.640599570326,0.371299902718,2,1.72528881811,0.640599570326,2,0.344071394247,0.376569037657,810,0.104247104247,0.56957682835,37,37,37,1,0,0.405405405405,0.540540540541,0.0540540540541,37,0.117117117117,2.18481481481,8.43243243243,7.09090909091,4.45714285714,5.03620525429,0.597242289772,0.326923076923,6.00062559301,1.42322530091,0.680526680527,3.83793300225,0.910278981302,0.463617463617,1.318977792,0.603702328937,4.32037037037,2.18481481481,1.318977792,4.32037037037,0,0,0,0,0.160896782956,37,37,37,1,0,0.405405405405,0.540540540541,0.0540540540541,37,170,0.127627627628,2.07303351589,9.18918918919,7.72727272727,4.72222222222,4.70719212033,0.512253260153,0.274880763116,5.93698136663,1.29216653274,0.646422893482,3.60138445184,0.783830733636,0.414626391097,1.11105218946,0.535954764332,3.5455026455,2.07303351589,1.11105218946,3.5455026455,0.0782913165266,0.0185393258427,11,0.0014157014157,0.175523632141,37,37,37,1,0,0.405405405405,0.567567567568,0.027027027027,-172,-0.129129129129,0.347744697776,-9.2972972973,-7.81818181818,-5.04920634921,-0.660518035067,0.221894669876,0.132238120473,-3.57151017574,0.263470079323,0.1019310332,-4.45192889459,-0.0874341605687,-0.047203860207,0.470452619136,0.164654861615,1.5455026455,0.347744697776,0.470452619136,1.5455026455,-0.265780077721,-0.358029711814,-799,-0.102831402831,-0.394053196209,0,0.027027027027,-0.027027027027,166,4,176,986,0.485380116959,0.99595959596,0.0040404040404,0.514619883041,0.976470588235,0.485380116959,0.6484375,0.630165786252,0.481339712919,0.479768786127,14,186,0,0,0,0
1450,WLNM_dir_neg,0.423199213782,0.312655914146,00:00:04,10,40,12,1236695347,threshold_sweep,0.1,0.31914893617,0.0806451612903,0.128755364807,15,32,171,340,0.0806451612903,0.913978494624,0.0860215053763,0.91935483871,0.31914893617,0.0806451612903,0.128755364807,0.636200716846,0.638590203106,-0.00661157024793,-0.00912547792377,-0.00537634408602,342,156,186,0,342,0,156,0,186,37,342,0.256756756757,1.72528881811,18.4864864865,15.5454545455,9.77142857143,5.36771015539,0.290358590277,0.142642642643,9.50849154237,1.02869645341,0.544491860281,8.05331334643,0.871264894205,0.461830251304,0.640599570326,0.371299902718,2,1.72528881811,0.640599570326,2,0.344071394247,0.376569037657,810,0.104247104247,0.56957682835,37,37,37,1,0,0.405405405405,0.540540540541,0.0540540540541,37,0.117117117117,2.21261261261,8.43243243243,7.09090909091,4.45714285714,5.04722443274,0.598549051319,0.327616077616,6.00525295579,1.42432281644,0.680873180873,3.83793300225,0.910278981302,0.463617463617,1.39215458577,0.629190386892,5.2,2.21261261261,1.39215458577,5.2,0,0,0,0,0.161113233172,37,37,37,1,0,0.405405405405,0.540540540541,0.0540540540541,37,203,0.152402402402,26.2422290478,10.972972973,5.8,5.48648648649,5.12340211668,0.466911030338,0.251098389029,5.50061421632,1.00257500494,0.512847823193,3.70901021254,0.676026491942,0.359739049394,6.30999337463,0.240451882465,28.8465152428,26.2422290478,6.30999337463,28.8465152428,0.144767350882,0.0708333333333,51,0.00656370656371,0.159896649322,37,37,37,1,0,0.0540540540541,0.945945945946,0,-139,-0.104354354354,24.5169402297,-7.51351351351,-9.74545454545,-4.28494208494,-0.244308038709,0.176552440061,0.108455746387,-4.00787732606,-0.0261214484702,-0.0316440370887,-4.34430313389,-0.195238402263,-0.10209120191,5.66939380431,-0.130848020252,26.8465152428,24.5169402297,5.66939380431,26.8465152428,-0.199304043366,-0.305735704324,-759,-0.0976833976834,-0.409680179028,-0.351351351351,0.405405405405,-0.0540540540541,171,32,171,958,0.5,0.967676767677,0.0323232323232,0.5,0.84236453202,0.5,0.62752293578,0.568435845694,0.467676767677,0.457219251337,47,186,0,0,0,0
1451,WLNM_dir_neg,0.423199213782,0.312655914146,00:00:04,10,40,12,1236695347,threshold_sweep,0.2,0.538461538462,0.0752688172043,0.132075471698,14,12,172,360,0.0752688172043,0.967741935484,0.0322580645161,0.924731182796,0.538461538462,0.0752688172043,0.132075471698,0.670250896057,0.651135005974,0.0547945205479,0.0961972140488,0.0430107526882,342,156,186,0,342,0,156,0,186,37,342,0.256756756757,1.72528881811,18.4864864865,15.5454545455,9.77142857143,5.36771015539,0.290358590277,0.142642642643,9.50849154237,1.02869645341,0.544491860281,8.05331334643,0.871264894205,0.461830251304,0.640599570326,0.371299902718,2,1.72528881811,0.640599570326,2,0.344071394247,0.376569037657,810,0.104247104247,0.56957682835,37,37,37,1,0,0.405405405405,0.540540540541,0.0540540540541,37,0.117117117117,2.21261261261,8.43243243243,7.09090909091,4.45714285714,5.04722443274,0.598549051319,0.327616077616,6.00525295579,1.42432281644,0.680873180873,3.83793300225,0.910278981302,0.463617463617,1.39215458577,0.629190386892,5.2,2.21261261261,1.39215458577,5.2,0,0,0,0,0.161113233172,37,37,37,1,0,0.405405405405,0.540540540541,0.0540540540541,37,182,0.136636636637,2.61368093441,9.83783783784,7.91304347826,4.91891891892,4.36217016272,0.44340740665,0.234927234927,5.88490714728,1.19638222225,0.615384615385,3.37785581544,0.686706951491,0.367389367389,1.66527137554,0.637136443709,4.76468767904,2.61368093441,1.66527137554,4.76468767904,0.120352306188,0.0398089171975,25,0.0032175032175,0.164668721124,37,37,37,1,0,0.378378378378,0.621621621622,0,-160,-0.12012012012,0.888392116293,-8.64864864865,-7.63241106719,-4.85250965251,-1.00553999267,0.153048816373,0.0922845922846,-3.62358439509,0.167685768835,0.0708927551033,-4.67545753099,-0.184557942714,-0.0944408839146,1.02467180521,0.265836540991,2.76468767904,0.888392116293,1.02467180521,2.76468767904,-0.223719088059,-0.336760120459,-785,-0.10102960103,-0.404908107226,-0.027027027027,0.0810810810811,-0.0540540540541,170,12,172,978,0.497076023392,0.987878787879,0.0121212121212,0.502923976608,0.934065934066,0.497076023392,0.648854961832,0.616804180431,0.484954811271,0.480225988701,26,186,0,0,0,0
1452,WLNM_dir_neg,0.423199213782,0.312655914146,00:00:04,10,40,12,1236695347,threshold_sweep,0.3,0.541666666667,0.0698924731183,0.12380952381,13,11,173,361,0.0698924731183,0.970430107527,0.0295698924731,0.930107526882,0.541666666667,0.0698924731183,0.12380952381,0.670250896057,0.652329749104,0.0515463917526,0.0936914611245,0.0403225806452,342,156,186,0,342,0,156,0,186,37,342,0.256756756757,1.72528881811,18.4864864865,15.5454545455,9.77142857143,5.36771015539,0.290358590277,0.142642642643,9.50849154237,1.02869645341,0.544491860281,8.05331334643,0.871264894205,0.461830251304,0.640599570326,0.371299902718,2,1.72528881811,0.640599570326,2,0.344071394247,0.376569037657,810,0.104247104247,0.56957682835,37,37,37,1,0,0.405405405405,0.540540540541,0.0540540540541,37,0.117117117117,2.21261261261,8.43243243243,7.09090909091,4.45714285714,5.04722443274,0.598549051319,0.327616077616,6.00525295579,1.42432281644,0.680873180873,3.83793300225,0.910278981302,0.463617463617,1.39215458577,0.629190386892,5.2,2.21261261261,1.39215458577,5.2,0,0,0,0,0.161113233172,37,37,37,1,0,0.405405405405,0.540540540541,0.0540540540541,37,180,0.135135135135,2.53498356582,9.72972972973,7.82608695652,5,4.41366972943,0.453627166636,0.242342342342,5.90274024012,1.21334104936,0.620720720721,3.41696878471,0.702376916857,0.375975975976,1.56595131507,0.617736278918,4.55242227623,2.53498356582,1.56595131507,4.55242227623,0.119921355757,0.036858974359,23,0.0029601029601,0.163492503841,37,37,37,1,0,0.378378378378,0.594594594595,0.027027027027,-162,-0.121621621622,0.809694747703,-8.75675675676,-7.71936758893,-4.77142857143,-0.954040425964,0.163268576359,0.0996996996997,-3.60575130225,0.184644595943,0.0762288604394,-4.63634456173,-0.168887977348,-0.085854275328,0.92535174474,0.2464363762,2.55242227623,0.809694747703,0.92535174474,2.55242227623,-0.22415003849,-0.339710063298,-787,-0.101287001287,-0.406084324509,-0.027027027027,0.0540540540541,-0.027027027027,169,11,173,979,0.494152046784,0.988888888889,0.0111111111111,0.505847953216,0.938888888889,0.494152046784,0.647509578544,0.617237203802,0.483040935673,0.478753541076,24,186,0,0,0,0
1453,WLNM_dir_neg,0.423199213782,0.312655914146,00:00:04,10,40,12,1236695347,threshold_sweep,0.4,0.521739130435,0.0645161290323,0.114832535885,12,11,174,361,0.0645161290323,0.970430107527,0.0295698924731,0.935483870968,0.521739130435,0.0645161290323,0.114832535885,0.668458781362,0.652927120669,0.0447504302926,0.0828681312935,0.0349462365591,342,156,186,0,342,0,156,0,186,37,342,0.256756756757,1.72528881811,18.4864864865,15.5454545455,9.77142857143,5.36771015539,0.290358590277,0.142642642643,9.50849154237,1.02869645341,0.544491860281,8.05331334643,0.871264894205,0.461830251304,0.640599570326,0.371299902718,2,1.72528881811,0.640599570326,2,0.344071394247,0.376569037657,810,0.104247104247,0.56957682835,37,37,37,1,0,0.405405405405,0.540540540541,0.0540540540541,37,0.117117117117,2.21261261261,8.43243243243,7.09090909091,4.45714285714,5.04722443274,0.598549051319,0.327616077616,6.00525295579,1.42432281644,0.680873180873,3.83793300225,0.910278981302,0.463617463617,1.39215458577,0.629190386892,5.2,2.21261261261,1.39215458577,5.2,0,0,0,0,0.161113233172,37,37,37,1,0,0.405405405405,0.540540540541,0.0540540540541,37,179,0.134384384384,2.58294005176,9.67567567568,7.78260869565,4.97222222222,4.46003272319,0.460953102676,0.247017967688,5.9184903927,1.22337510911,0.625094368111,3.41982385441,0.706890964319,0.3768684886,1.63834340393,0.63429401035,4.65005645825,2.58294005176,1.63834340393,4.65005645825,0.118031803868,0.0338345864662,21,0.0027027027027,0.161164879774,37,37,37,1,0,0.378378378378,0.594594594595,0.027027027027,-163,-0.122372372372,0.857651233649,-8.81081081081,-7.7628458498,-4.79920634921,-0.907677432207,0.170594512399,0.104375325046,-3.59000114967,0.194678655692,0.0806025078298,-4.63348949202,-0.164373929885,-0.0849617627036,0.997743833602,0.262994107633,2.65005645825,0.857651233649,0.997743833602,2.65005645825,-0.22603959038,-0.342734451191,-789,-0.101544401544,-0.408411948576,-0.027027027027,0.0540540540541,-0.027027027027,168,11,174,979,0.491228070175,0.988888888889,0.0111111111111,0.508771929825,0.938547486034,0.491228070175,0.644913627639,0.614945358553,0.480116959064,0.475920679887,23,186,0,0,0,0
1454,WLNM_dir_neg,0.423199213782,0.312655914146,00:00:04,10,40,12,1236695347,threshold_sweep,0.5,0.545454545455,0.0645161290323,0.115384615385,12,10,174,362,0.0645161290323,0.97311827957,0.0268817204301,0.935483870968,0.545454545455,0.0645161290323,0.115384615385,0.670250896057,0.653524492234,0.048275862069,0.0911631456874,0.0376344086022,342,156,186,0,342,0,156,0,186,37,342,0.256756756757,1.72528881811,18.4864864865,15.5454545455,9.77142857143,5.36771015539,0.290358590277,0.142642642643,9.50849154237,1.02869645341,0.544491860281,8.05331334643,0.871264894205,0.461830251304,0.640599570326,0.371299902718,2,1.72528881811,0.640599570326,2,0.344071394247,0.376569037657,810,0.104247104247,0.56957682835,37,37,37,1,0,0.405405405405,0.540540540541,0.0540540540541,37,0.117117117117,2.21261261261,8.43243243243,7.09090909091,4.45714285714,5.04722443274,0.598549051319,0.327616077616,6.00525295579,1.42432281644,0.680873180873,3.83793300225,0.910278981302,0.463617463617,1.39215458577,0.629190386892,5.2,2.21261261261,1.39215458577,5.2,0,0,0,0,0.161113233172,37,37,37,1,0,0.405405405405,0.540540540541,0.0540540540541,37,178,0.133633633634,2.58689435615,9.62162162162,7.73913043478,4.94444444444,4.49290398141,0.466959121664,0.250986941998,5.92470270158,1.23153932561,0.627087761919,3.43056391411,0.713094746191,0.3789857273,1.64340084761,0.635279459209,4.67737045134,2.58689435615,1.64340084761,4.67737045134,0.11207684203,0.0291891891892,18,0.0023166023166,0.160679020081,37,37,37,1,0,0.378378378378,0.594594594595,0.027027027027,-164,-0.123123123123,0.861605538037,-8.86486486486,-7.80632411067,-4.82698412698,-0.874806173981,0.176600531386,0.108344299356,-3.5837888408,0.202842872194,0.0825959016379,-4.62274943233,-0.158170148014,-0.0828445240036,1.00280127728,0.263979556491,2.67737045134,0.861605538037,1.00280127728,2.67737045134,-0.231994552217,-0.347379848468,-792,-0.101930501931,-0.408897808269,-0.027027027027,0.0540540540541,-0.027027027027,168,10,174,980,0.491228070175,0.989898989899,0.010101010101,0.508771929825,0.943820224719,0.491228070175,0.646153846154,0.617699896285,0.481127060074,0.477272727273,22,186,0,0,0,0
1455,WLNM_dir_neg,0.423199213782,0.312655914146,00:00:04,10,40,12,1236695347,threshold_sweep,0.6,0.55,0.0591397849462,0.106796116505,11,9,175,363,0.0591397849462,0.975806451613,0.0241935483871,0.940860215054,0.55,0.0591397849462,0.106796116505,0.670250896057,0.654719235364,0.0449826989619,0.0886180560117,0.0349462365591,342,156,186,0,342,0,156,0,186,37,342,0.256756756757,1.72528881811,18.4864864865,15.5454545455,9.77142857143,5.36771015539,0.290358590277,0.142642642643,9.50849154237,1.02869645341,0.544491860281,8.05331334643,0.871264894205,0.461830251304,0.640599570326,0.371299902718,2,1.72528881811,0.640599570326,2,0.344071394247,0.376569037657,810,0.104247104247,0.56957682835,37,37,37,1,0,0.405405405405,0.540540540541,0.0540540540541,37,0.117117117117,2.21261261261,8.43243243243,7.09090909091,4.45714285714,5.04722443274,0.598549051319,0.327616077616,6.00525295579,1.42432281644,0.680873180873,3.83793300225,0.910278981302,0.463617463617,1.39215458577,0.629190386892,5.2,2.21261261261,1.39215458577,5.2,0,0,0,0,0.161113233172,37,37,37,1,0,0.405405405405,0.540540540541,0.0540540540541,37,176,0.132132132132,2.62153734277,9.51351351351,7.65217391304,4.88888888889,4.5069182722,0.473738568385,0.255374692875,5.92267490903,1.24510779338,0.632063882064,3.47535294295,0.730613970961,0.388206388206,1.69627888356,0.647055014583,4.84603053125,2.62153734277,1.69627888356,4.84603053125,0.114508150344,0.0264171711613,16,0.0020592020592,0.159899759815,37,37,37,1,0,0.378378378378,0.594594594595,0.027027027027,-166,-0.124624624625,0.896248524657,-8.97297297297,-7.89328063241,-4.88253968254,-0.860791883191,0.183379978108,0.112732050232,-3.58581663334,0.216411339961,0.0875720217825,-4.57796040348,-0.140650923244,-0.0736238630975,1.05567931323,0.275755111865,2.84603053125,0.896248524657,1.05567931323,2.84603053125,-0.229563243903,-0.350151866496,-794,-0.102187902188,-0.409677068534,-0.027027027027,0.0540540540541,-0.027027027027,167,9,175,981,0.488304093567,0.990909090909,0.00909090909091,0.511695906433,0.948863636364,0.488304093567,0.644787644788,0.618193105996,0.479213184476,0.475783475783,20,186,0,0,0,0
1456,WLNM_dir_neg,0.423199213782,0.312655914146,00:00:04,10,40,12,1236695347,threshold_sweep,0.7,0.55,0.0591397849462,0.106796116505,11,9,175,363,0.0591397849462,0.975806451613,0.0241935483871,0.940860215054,0.55,0.0591397849462,0.106796116505,0.670250896057,0.654719235364,0.0449826989619,0.0886180560117,0.0349462365591,342,156,186,0,342,0,156,0,186,37,342,0.256756756757,1.72528881811,18.4864864865,15.5454545455,9.77142857143,5.36771015539,0.290358590277,0.142642642643,9.50849154237,1.02869645341,0.544491860281,8.05331334643,0.871264894205,0.461830251304,0.640599570326,0.371299902718,2,1.72528881811,0.640599570326,2,0.344071394247,0.376569037657,810,0.104247104247,0.56957682835,37,37,37,1,0,0.405405405405,0.540540540541,0.0540540540541,37,0.117117117117,2.21261261261,8.43243243243,7.09090909091,4.45714285714,5.04722443274,0.598549051319,0.327616077616,6.00525295579,1.42432281644,0.680873180873,3.83793300225,0.910278981302,0.463617463617,1.39215458577,0.629190386892,5.2,2.21261261261,1.39215458577,5.2,0,0,0,0,0.161113233172,37,37,37,1,0,0.405405405405,0.540540540541,0.0540540540541,37,176,0.132132132132,2.62153734277,9.51351351351,7.65217391304,4.88888888889,4.5069182722,0.473738568385,0.255374692875,5.92267490903,1.24510779338,0.632063882064,3.47535294295,0.730613970961,0.388206388206,1.69627888356,0.647055014583,4.84603053125,2.62153734277,1.69627888356,4.84603053125,0.114508150344,0.0264171711613,16,0.0020592020592,0.159899759815,37,37,37,1,0,0.378378378378,0.594594594595,0.027027027027,-166,-0.124624624625,0.896248524657,-8.97297297297,-7.89328063241,-4.88253968254,-0.860791883191,0.183379978108,0.112732050232,-3.58581663334,0.216411339961,0.0875720217825,-4.57796040348,-0.140650923244,-0.0736238630975,1.05567931323,0.275755111865,2.84603053125,0.896248524657,1.05567931323,2.84603053125,-0.229563243903,-0.350151866496,-794,-0.102187902188,-0.409677068534,-0.027027027027,0.0540540540541,-0.027027027027,167,9,175,981,0.488304093567,0.990909090909,0.00909090909091,0.511695906433,0.948863636364,0.488304093567,0.644787644788,0.618193105996,0.479213184476,0.475783475783,20,186,0,0,0,0
1457,WLNM_dir_neg,0.423199213782,0.312655914146,00:00:04,10,40,12,1236695347,threshold_sweep,0.8,0.611111111111,0.0591397849462,0.107843137255,11,7,175,365,0.0591397849462,0.981182795699,0.0188172043011,0.940860215054,0.611111111111,0.0591397849462,0.107843137255,0.673835125448,0.655913978495,0.0520833333333,0.107582870728,0.0403225806452,342,156,186,0,342,0,156,0,186,37,342,0.256756756757,1.72528881811,18.4864864865,15.5454545455,9.77142857143,5.36771015539,0.290358590277,0.142642642643,9.50849154237,1.02869645341,0.544491860281,8.05331334643,0.871264894205,0.461830251304,0.640599570326,0.371299902718,2,1.72528881811,0.640599570326,2,0.344071394247,0.376569037657,810,0.104247104247,0.56957682835,37,37,37,1,0,0.405405405405,0.540540540541,0.0540540540541,37,0.117117117117,2.21261261261,8.43243243243,7.09090909091,4.45714285714,5.04722443274,0.598549051319,0.327616077616,6.00525295579,1.42432281644,0.680873180873,3.83793300225,0.910278981302,0.463617463617,1.39215458577,0.629190386892,5.2,2.21261261261,1.39215458577,5.2,0,0,0,0,0.161113233172,37,37,37,1,0,0.405405405405,0.540540540541,0.0540540540541,37,174,0.130630630631,2.51889982856,9.40540540541,7.5652173913,4.83333333333,4.60349782146,0.489452354581,0.263901832867,5.95289315686,1.26584509657,0.63963963964,3.50289455597,0.744868382592,0.393289841566,1.56581876169,0.621628039328,4.42061739363,2.51889982856,1.56581876169,4.42061739363,0.115323251159,0.0216787103947,13,0.0016731016731,0.158724968423,37,37,37,1,0,0.378378378378,0.594594594595,0.027027027027,-168,-0.126126126126,0.793611010448,-9.08108108108,-7.98023715415,-4.9380952381,-0.764212333933,0.199093764303,0.121259190225,-3.55559838552,0.237148643158,0.0951477793583,-4.55041879046,-0.126396511613,-0.0685404097382,0.925219191367,0.25032813661,2.42061739363,0.793611010448,0.925219191367,2.42061739363,-0.228748143088,-0.354890327262,-797,-0.102574002574,-0.410851859927,-0.027027027027,0.0540540540541,-0.027027027027,167,7,175,983,0.488304093567,0.992929292929,0.00707070707071,0.511695906433,0.959770114943,0.488304093567,0.647286821705,0.623817417169,0.481233386497,0.478510028653,18,186,0,0,0,0
1458,WLNM_dir_neg,0.423199213782,0.312655914146,00:00:04,10,40,12,1236695347,threshold_sweep,0.9,0.642857142857,0.0483870967742,0.09,9,5,177,367,0.0483870967742,0.986559139785,0.0134408602151,0.951612903226,0.642857142857,0.0483870967742,0.09,0.673835125448,0.658303464755,0.0454545454545,0.105333105077,0.0349462365591,342,156,186,0,342,0,156,0,186,37,342,0.256756756757,1.72528881811,18.4864864865,15.5454545455,9.77142857143,5.36771015539,0.290358590277,0.142642642643,9.50849154237,1.02869645341,0.544491860281,8.05331334643,0.871264894205,0.461830251304,0.640599570326,0.371299902718,2,1.72528881811,0.640599570326,2,0.344071394247,0.376569037657,810,0.104247104247,0.56957682835,37,37,37,1,0,0.405405405405,0.540540540541,0.0540540540541,37,0.117117117117,2.21261261261,8.43243243243,7.09090909091,4.45714285714,5.04722443274,0.598549051319,0.327616077616,6.00525295579,1.42432281644,0.680873180873,3.83793300225,0.910278981302,0.463617463617,1.39215458577,0.629190386892,5.2,2.21261261261,1.39215458577,5.2,0,0,0,0,0.161113233172,37,37,37,1,0,0.405405405405,0.540540540541,0.0540540540541,37,170,0.127627627628,2.35639336816,9.18918918919,7.72727272727,4.72222222222,4.6894552979,0.510323076536,0.276947535771,6.0021267502,1.30634523387,0.653100158983,3.58592510503,0.78046605227,0.411446740859,1.49875903348,0.636039404005,4.82386554622,2.35639336816,1.49875903348,4.82386554622,0.108676533677,0.0154727793696,9,0.0011583011583,0.170512825813,37,37,37,1,0,0.405405405405,0.567567567568,0.027027027027,-172,-0.129129129129,0.631104550043,-9.2972972973,-7.81818181818,-5.04920634921,-0.678254857495,0.219964486259,0.134304893128,-3.50636479217,0.277648780453,0.108608298701,-4.46738824141,-0.0907988419344,-0.0503835104454,0.858159463158,0.264739501287,2.82386554622,0.631104550043,0.858159463158,2.82386554622,-0.235394860571,-0.361096258287,-801,-0.103088803089,-0.399064002537,0,0.027027027027,-0.027027027027,165,5,177,985,0.482456140351,0.994949494949,0.00505050505051,0.517543859649,0.970588235294,0.482456140351,0.64453125,0.625015325883,0.4774056353,0.475504322767,14,186,0,0,0,0
1459,WLNM_dir_neg,0.429052491618,0.291645335727,00:00:04,10,40,13,1236695348,threshold_sweep,0.1,0.266666666667,0.0215053763441,0.0398009950249,4,11,182,361,0.0215053763441,0.970430107527,0.0295698924731,0.978494623656,0.266666666667,0.0215053763441,0.0398009950249,0.654121863799,0.65770609319,-0.0104712041885,-0.0235050247361,-0.00806451612903,342,156,186,0,342,0,156,0,186,37,342,0.256756756757,1.72528881811,18.4864864865,15.5454545455,9.77142857143,5.36771015539,0.290358590277,0.142642642643,9.50849154237,1.02869645341,0.544491860281,8.05331334643,0.871264894205,0.461830251304,0.640599570326,0.371299902718,2,1.72528881811,0.640599570326,2,0.344071394247,0.376569037657,810,0.104247104247,0.56957682835,37,37,37,1,0,0.405405405405,0.540540540541,0.0540540540541,37,0.117117117117,2.22747747748,8.43243243243,7.09090909091,4.45714285714,5.03620525429,0.597242289772,0.326923076923,6.00525295579,1.42432281644,0.680873180873,3.83793300225,0.910278981302,0.463617463617,1.42084529335,0.637871901162,5.2,2.22747747748,1.42084529335,5.2,0,0,0,0,0.160752482811,37,37,37,1,0,0.405405405405,0.540540540541,0.0540540540541,37,171,0.128378378378,6.82226748836,9.24324324324,5.7,4.88571428571,4.87855514474,0.527796901624,0.292871819188,5.77519288447,1.24960313875,0.608819345661,3.8177316662,0.826058898534,0.428955271061,3.153957828,0.462303454589,9.04808791994,6.82226748836,3.153957828,9.04808791994,0.0244478803302,0.0166112956811,10,0.001287001287,0.169425958123,37,37,37,1,0,0.189189189189,0.756756756757,0.0540540540541,-171,-0.128378378378,5.09697867025,-9.24324324324,-9.84545454545,-4.88571428571,-0.48915501065,0.237438311347,0.150229176545,-3.7332986579,0.220906685331,0.0643274853801,-4.23558168024,-0.0452059956713,-0.0328749802434,2.51335825767,0.0910035518714,7.04808791994,5.09697867025,2.51335825767,7.04808791994,-0.319623513917,-0.359957741976,-800,-0.10296010296,-0.400150870227,-0.216216216216,0.216216216216,0,160,11,182,979,0.46783625731,0.988888888889,0.0111111111111,0.53216374269,0.93567251462,0.46783625731,0.623781676413,0.596446382299,0.456725146199,0.453257790368,15,186,0,0,0,0
1460,WLNM_dir_neg,0.429052491618,0.291645335727,00:00:04,10,40,13,1236695348,threshold_sweep,0.2,0.6,0.0161290322581,0.0314136125654,3,2,183,370,0.0161290322581,0.994623655914,0.00537634408602,0.983870967742,0.6,0.0161290322581,0.0314136125654,0.668458781362,0.663679808841,0.0142095914742,0.0537894898881,0.010752688172,342,156,186,0,342,0,156,0,186,37,342,0.256756756757,1.72528881811,18.4864864865,15.5454545455,9.77142857143,5.36771015539,0.290358590277,0.142642642643,9.50849154237,1.02869645341,0.544491860281,8.05331334643,0.871264894205,0.461830251304,0.640599570326,0.371299902718,2,1.72528881811,0.640599570326,2,0.344071394247,0.376569037657,810,0.104247104247,0.56957682835,37,37,37,1,0,0.405405405405,0.540540540541,0.0540540540541,37,0.117117117117,2.22747747748,8.43243243243,7.09090909091,4.45714285714,5.03620525429,0.597242289772,0.326923076923,6.00525295579,1.42432281644,0.680873180873,3.83793300225,0.910278981302,0.463617463617,1.42084529335,0.637871901162,5.2,2.22747747748,1.42084529335,5.2,0,0,0,0,0.160752482811,37,37,37,1,0,0.405405405405,0.540540540541,0.0540540540541,37,161,0.120870870871,2.3198073936,8.7027027027,7.31818181818,4.6,4.9321218381,0.566734496924,0.308376699681,5.94052100323,1.36521290136,0.663085445694,3.79485189446,0.872108820466,0.450562363606,1.50817314142,0.6501286036,5.31034482759,2.3198073936,1.50817314142,5.31034482759,0,0,0,0,0.176607461166,37,37,37,1,0,0.405405405405,0.540540540541,0.0540540540541,-181,-0.135885885886,0.594518575486,-9.78378378378,-8.22727272727,-5.17142857143,-0.435588317297,0.276375906647,0.165734057038,-3.56797053915,0.336516447948,0.118593585413,-4.25846145197,0.000843926261521,-0.0112678876981,0.867573571096,0.278828700882,3.31034482759,0.594518575486,0.867573571096,3.31034482759,-0.344071394247,-0.376569037657,-810,-0.104247104247,-0.392969367184,0,0,0,159,2,183,988,0.464912280702,0.99797979798,0.0020202020202,0.535087719298,0.987577639752,0.464912280702,0.632206759443,0.620324613584,0.462892078682,0.462209302326,5,186,0,0,0,0
1461,WLNM_dir_neg,0.429052491618,0.291645335727,00:00:04,10,40,13,1236695348,threshold_sweep,0.3,0.6,0.0161290322581,0.0314136125654,3,2,183,370,0.0161290322581,0.994623655914,0.00537634408602,0.983870967742,0.6,0.0161290322581,0.0314136125654,0.668458781362,0.663679808841,0.0142095914742,0.0537894898881,0.010752688172,342,156,186,0,342,0,156,0,186,37,342,0.256756756757,1.72528881811,18.4864864865,15.5454545455,9.77142857143,5.36771015539,0.290358590277,0.142642642643,9.50849154237,1.02869645341,0.544491860281,8.05331334643,0.871264894205,0.461830251304,0.640599570326,0.371299902718,2,1.72528881811,0.640599570326,2,0.344071394247,0.376569037657,810,0.104247104247,0.56957682835,37,37,37,1,0,0.405405405405,0.540540540541,0.0540540540541,37,0.117117117117,2.22747747748,8.43243243243,7.09090909091,4.45714285714,5.03620525429,0.597242289772,0.326923076923,6.00525295579,1.42432281644,0.680873180873,3.83793300225,0.910278981302,0.463617463617,1.42084529335,0.637871901162,5.2,2.22747747748,1.42084529335,5.2,0,0,0,0,0.160752482811,37,37,37,1,0,0.405405405405,0.540540540541,0.0540540540541,37,161,0.120870870871,2.3198073936,8.7027027027,7.31818181818,4.6,4.9321218381,0.566734496924,0.308376699681,5.94052100323,1.36521290136,0.663085445694,3.79485189446,0.872108820466,0.450562363606,1.50817314142,0.6501286036,5.31034482759,2.3198073936,1.50817314142,5.31034482759,0,0,0,0,0.176607461166,37,37,37,1,0,0.405405405405,0.540540540541,0.0540540540541,-181,-0.135885885886,0.594518575486,-9.78378378378,-8.22727272727,-5.17142857143,-0.435588317297,0.276375906647,0.165734057038,-3.56797053915,0.336516447948,0.118593585413,-4.25846145197,0.000843926261521,-0.0112678876981,0.867573571096,0.278828700882,3.31034482759,0.594518575486,0.867573571096,3.31034482759,-0.344071394247,-0.376569037657,-810,-0.104247104247,-0.392969367184,0,0,0,159,2,183,988,0.464912280702,0.99797979798,0.0020202020202,0.535087719298,0.987577639752,0.464912280702,0.632206759443,0.620324613584,0.462892078682,0.462209302326,5,186,0,0,0,0
1462,WLNM_dir_neg,0.429052491618,0.291645335727,00:00:04,10,40,13,1236695348,threshold_sweep,0.4,0.6,0.0161290322581,0.0314136125654,3,2,183,370,0.0161290322581,0.994623655914,0.00537634408602,0.983870967742,0.6,0.0161290322581,0.0314136125654,0.668458781362,0.663679808841,0.0142095914742,0.0537894898881,0.010752688172,342,156,186,0,342,0,156,0,186,37,342,0.256756756757,1.72528881811,18.4864864865,15.5454545455,9.77142857143,5.36771015539,0.290358590277,0.142642642643,9.50849154237,1.02869645341,0.544491860281,8.05331334643,0.871264894205,0.461830251304,0.640599570326,0.371299902718,2,1.72528881811,0.640599570326,2,0.344071394247,0.376569037657,810,0.104247104247,0.56957682835,37,37,37,1,0,0.405405405405,0.540540540541,0.0540540540541,37,0.117117117117,2.22747747748,8.43243243243,7.09090909091,4.45714285714,5.03620525429,0.597242289772,0.326923076923,6.00525295579,1.42432281644,0.680873180873,3.83793300225,0.910278981302,0.463617463617,1.42084529335,0.637871901162,5.2,2.22747747748,1.42084529335,5.2,0,0,0,0,0.160752482811,37,37,37,1,0,0.405405405405,0.540540540541,0.0540540540541,37,161,0.120870870871,2.3198073936,8.7027027027,7.31818181818,4.6,4.9321218381,0.566734496924,0.308376699681,5.94052100323,1.36521290136,0.663085445694,3.79485189446,0.872108820466,0.450562363606,1.50817314142,0.6501286036,5.31034482759,2.3198073936,1.50817314142,5.31034482759,0,0,0,0,0.176607461166,37,37,37,1,0,0.405405405405,0.540540540541,0.0540540540541,-181,-0.135885885886,0.594518575486,-9.78378378378,-8.22727272727,-5.17142857143,-0.435588317297,0.276375906647,0.165734057038,-3.56797053915,0.336516447948,0.118593585413,-4.25846145197,0.000843926261521,-0.0112678876981,0.867573571096,0.278828700882,3.31034482759,0.594518575486,0.867573571096,3.31034482759,-0.344071394247,-0.376569037657,-810,-0.104247104247,-0.392969367184,0,0,0,159,2,183,988,0.464912280702,0.99797979798,0.0020202020202,0.535087719298,0.987577639752,0.464912280702,0.632206759443,0.620324613584,0.462892078682,0.462209302326,5,186,0,0,0,0
1463,WLNM_dir_neg,0.429052491618,0.291645335727,00:00:04,10,40,13,1236695348,threshold_sweep,0.5,0.6,0.0161290322581,0.0314136125654,3,2,183,370,0.0161290322581,0.994623655914,0.00537634408602,0.983870967742,0.6,0.0161290322581,0.0314136125654,0.668458781362,0.663679808841,0.0142095914742,0.0537894898881,0.010752688172,342,156,186,0,342,0,156,0,186,37,342,0.256756756757,1.72528881811,18.4864864865,15.5454545455,9.77142857143,5.36771015539,0.290358590277,0.142642642643,9.50849154237,1.02869645341,0.544491860281,8.05331334643,0.871264894205,0.461830251304,0.640599570326,0.371299902718,2,1.72528881811,0.640599570326,2,0.344071394247,0.376569037657,810,0.104247104247,0.56957682835,37,37,37,1,0,0.405405405405,0.540540540541,0.0540540540541,37,0.117117117117,2.22747747748,8.43243243243,7.09090909091,4.45714285714,5.03620525429,0.597242289772,0.326923076923,6.00525295579,1.42432281644,0.680873180873,3.83793300225,0.910278981302,0.463617463617,1.42084529335,0.637871901162,5.2,2.22747747748,1.42084529335,5.2,0,0,0,0,0.160752482811,37,37,37,1,0,0.405405405405,0.540540540541,0.0540540540541,37,161,0.120870870871,2.3198073936,8.7027027027,7.31818181818,4.6,4.9321218381,0.566734496924,0.308376699681,5.94052100323,1.36521290136,0.663085445694,3.79485189446,0.872108820466,0.450562363606,1.50817314142,0.6501286036,5.31034482759,2.3198073936,1.50817314142,5.31034482759,0,0,0,0,0.176607461166,37,37,37,1,0,0.405405405405,0.540540540541,0.0540540540541,-181,-0.135885885886,0.594518575486,-9.78378378378,-8.22727272727,-5.17142857143,-0.435588317297,0.276375906647,0.165734057038,-3.56797053915,0.336516447948,0.118593585413,-4.25846145197,0.000843926261521,-0.0112678876981,0.867573571096,0.278828700882,3.31034482759,0.594518575486,0.867573571096,3.31034482759,-0.344071394247,-0.376569037657,-810,-0.104247104247,-0.392969367184,0,0,0,159,2,183,988,0.464912280702,0.99797979798,0.0020202020202,0.535087719298,0.987577639752,0.464912280702,0.632206759443,0.620324613584,0.462892078682,0.462209302326,5,186,0,0,0,0
1464,WLNM_dir_neg,0.429052491618,0.291645335727,00:00:04,10,40,13,1236695348,threshold_sweep,0.6,0.6,0.0161290322581,0.0314136125654,3,2,183,370,0.0161290322581,0.994623655914,0.00537634408602,0.983870967742,0.6,0.0161290322581,0.0314136125654,0.668458781362,0.663679808841,0.0142095914742,0.0537894898881,0.010752688172,342,156,186,0,342,0,156,0,186,37,342,0.256756756757,1.72528881811,18.4864864865,15.5454545455,9.77142857143,5.36771015539,0.290358590277,0.142642642643,9.50849154237,1.02869645341,0.544491860281,8.05331334643,0.871264894205,0.461830251304,0.640599570326,0.371299902718,2,1.72528881811,0.640599570326,2,0.344071394247,0.376569037657,810,0.104247104247,0.56957682835,37,37,37,1,0,0.405405405405,0.540540540541,0.0540540540541,37,0.117117117117,2.22747747748,8.43243243243,7.09090909091,4.45714285714,5.03620525429,0.597242289772,0.326923076923,6.00525295579,1.42432281644,0.680873180873,3.83793300225,0.910278981302,0.463617463617,1.42084529335,0.637871901162,5.2,2.22747747748,1.42084529335,5.2,0,0,0,0,0.160752482811,37,37,37,1,0,0.405405405405,0.540540540541,0.0540540540541,37,161,0.120870870871,2.3198073936,8.7027027027,7.31818181818,4.6,4.9321218381,0.566734496924,0.308376699681,5.94052100323,1.36521290136,0.663085445694,3.79485189446,0.872108820466,0.450562363606,1.50817314142,0.6501286036,5.31034482759,2.3198073936,1.50817314142,5.31034482759,0,0,0,0,0.176607461166,37,37,37,1,0,0.405405405405,0.540540540541,0.0540540540541,-181,-0.135885885886,0.594518575486,-9.78378378378,-8.22727272727,-5.17142857143,-0.435588317297,0.276375906647,0.165734057038,-3.56797053915,0.336516447948,0.118593585413,-4.25846145197,0.000843926261521,-0.0112678876981,0.867573571096,0.278828700882,3.31034482759,0.594518575486,0.867573571096,3.31034482759,-0.344071394247,-0.376569037657,-810,-0.104247104247,-0.392969367184,0,0,0,159,2,183,988,0.464912280702,0.99797979798,0.0020202020202,0.535087719298,0.987577639752,0.464912280702,0.632206759443,0.620324613584,0.462892078682,0.462209302326,5,186,0,0,0,0
1465,WLNM_dir_neg,0.429052491618,0.291645335727,00:00:04,10,40,13,1236695348,threshold_sweep,0.7,0.6,0.0161290322581,0.0314136125654,3,2,183,370,0.0161290322581,0.994623655914,0.00537634408602,0.983870967742,0.6,0.0161290322581,0.0314136125654,0.668458781362,0.663679808841,0.0142095914742,0.0537894898881,0.010752688172,342,156,186,0,342,0,156,0,186,37,342,0.256756756757,1.72528881811,18.4864864865,15.5454545455,9.77142857143,5.36771015539,0.290358590277,0.142642642643,9.50849154237,1.02869645341,0.544491860281,8.05331334643,0.871264894205,0.461830251304,0.640599570326,0.371299902718,2,1.72528881811,0.640599570326,2,0.344071394247,0.376569037657,810,0.104247104247,0.56957682835,37,37,37,1,0,0.405405405405,0.540540540541,0.0540540540541,37,0.117117117117,2.22747747748,8.43243243243,7.09090909091,4.45714285714,5.03620525429,0.597242289772,0.326923076923,6.00525295579,1.42432281644,0.680873180873,3.83793300225,0.910278981302,0.463617463617,1.42084529335,0.637871901162,5.2,2.22747747748,1.42084529335,5.2,0,0,0,0,0.160752482811,37,37,37,1,0,0.405405405405,0.540540540541,0.0540540540541,37,161,0.120870870871,2.3198073936,8.7027027027,7.31818181818,4.6,4.9321218381,0.566734496924,0.308376699681,5.94052100323,1.36521290136,0.663085445694,3.79485189446,0.872108820466,0.450562363606,1.50817314142,0.6501286036,5.31034482759,2.3198073936,1.50817314142,5.31034482759,0,0,0,0,0.176607461166,37,37,37,1,0,0.405405405405,0.540540540541,0.0540540540541,-181,-0.135885885886,0.594518575486,-9.78378378378,-8.22727272727,-5.17142857143,-0.435588317297,0.276375906647,0.165734057038,-3.56797053915,0.336516447948,0.118593585413,-4.25846145197,0.000843926261521,-0.0112678876981,0.867573571096,0.278828700882,3.31034482759,0.594518575486,0.867573571096,3.31034482759,-0.344071394247,-0.376569037657,-810,-0.104247104247,-0.392969367184,0,0,0,159,2,183,988,0.464912280702,0.99797979798,0.0020202020202,0.535087719298,0.987577639752,0.464912280702,0.632206759443,0.620324613584,0.462892078682,0.462209302326,5,186,0,0,0,0
1466,WLNM_dir_neg,0.429052491618,0.291645335727,00:00:04,10,40,13,1236695348,threshold_sweep,0.8,0.6,0.0161290322581,0.0314136125654,3,2,183,370,0.0161290322581,0.994623655914,0.00537634408602,0.983870967742,0.6,0.0161290322581,0.0314136125654,0.668458781362,0.663679808841,0.0142095914742,0.0537894898881,0.010752688172,342,156,186,0,342,0,156,0,186,37,342,0.256756756757,1.72528881811,18.4864864865,15.5454545455,9.77142857143,5.36771015539,0.290358590277,0.142642642643,9.50849154237,1.02869645341,0.544491860281,8.05331334643,0.871264894205,0.461830251304,0.640599570326,0.371299902718,2,1.72528881811,0.640599570326,2,0.344071394247,0.376569037657,810,0.104247104247,0.56957682835,37,37,37,1,0,0.405405405405,0.540540540541,0.0540540540541,37,0.117117117117,2.22747747748,8.43243243243,7.09090909091,4.45714285714,5.03620525429,0.597242289772,0.326923076923,6.00525295579,1.42432281644,0.680873180873,3.83793300225,0.910278981302,0.463617463617,1.42084529335,0.637871901162,5.2,2.22747747748,1.42084529335,5.2,0,0,0,0,0.160752482811,37,37,37,1,0,0.405405405405,0.540540540541,0.0540540540541,37,161,0.120870870871,2.3198073936,8.7027027027,7.31818181818,4.6,4.9321218381,0.566734496924,0.308376699681,5.94052100323,1.36521290136,0.663085445694,3.79485189446,0.872108820466,0.450562363606,1.50817314142,0.6501286036,5.31034482759,2.3198073936,1.50817314142,5.31034482759,0,0,0,0,0.176607461166,37,37,37,1,0,0.405405405405,0.540540540541,0.0540540540541,-181,-0.135885885886,0.594518575486,-9.78378378378,-8.22727272727,-5.17142857143,-0.435588317297,0.276375906647,0.165734057038,-3.56797053915,0.336516447948,0.118593585413,-4.25846145197,0.000843926261521,-0.0112678876981,0.867573571096,0.278828700882,3.31034482759,0.594518575486,0.867573571096,3.31034482759,-0.344071394247,-0.376569037657,-810,-0.104247104247,-0.392969367184,0,0,0,159,2,183,988,0.464912280702,0.99797979798,0.0020202020202,0.535087719298,0.987577639752,0.464912280702,0.632206759443,0.620324613584,0.462892078682,0.462209302326,5,186,0,0,0,0
1467,WLNM_dir_neg,0.429052491618,0.291645335727,00:00:04,10,40,13,1236695348,threshold_sweep,0.9,0.6,0.0161290322581,0.0314136125654,3,2,183,370,0.0161290322581,0.994623655914,0.00537634408602,0.983870967742,0.6,0.0161290322581,0.0314136125654,0.668458781362,0.663679808841,0.0142095914742,0.0537894898881,0.010752688172,342,156,186,0,342,0,156,0,186,37,342,0.256756756757,1.72528881811,18.4864864865,15.5454545455,9.77142857143,5.36771015539,0.290358590277,0.142642642643,9.50849154237,1.02869645341,0.544491860281,8.05331334643,0.871264894205,0.461830251304,0.640599570326,0.371299902718,2,1.72528881811,0.640599570326,2,0.344071394247,0.376569037657,810,0.104247104247,0.56957682835,37,37,37,1,0,0.405405405405,0.540540540541,0.0540540540541,37,0.117117117117,2.22747747748,8.43243243243,7.09090909091,4.45714285714,5.03620525429,0.597242289772,0.326923076923,6.00525295579,1.42432281644,0.680873180873,3.83793300225,0.910278981302,0.463617463617,1.42084529335,0.637871901162,5.2,2.22747747748,1.42084529335,5.2,0,0,0,0,0.160752482811,37,37,37,1,0,0.405405405405,0.540540540541,0.0540540540541,37,161,0.120870870871,2.3198073936,8.7027027027,7.31818181818,4.6,4.9321218381,0.566734496924,0.308376699681,5.94052100323,1.36521290136,0.663085445694,3.79485189446,0.872108820466,0.450562363606,1.50817314142,0.6501286036,5.31034482759,2.3198073936,1.50817314142,5.31034482759,0,0,0,0,0.176607461166,37,37,37,1,0,0.405405405405,0.540540540541,0.0540540540541,-181,-0.135885885886,0.594518575486,-9.78378378378,-8.22727272727,-5.17142857143,-0.435588317297,0.276375906647,0.165734057038,-3.56797053915,0.336516447948,0.118593585413,-4.25846145197,0.000843926261521,-0.0112678876981,0.867573571096,0.278828700882,3.31034482759,0.594518575486,0.867573571096,3.31034482759,-0.344071394247,-0.376569037657,-810,-0.104247104247,-0.392969367184,0,0,0,159,2,183,988,0.464912280702,0.99797979798,0.0020202020202,0.535087719298,0.987577639752,0.464912280702,0.632206759443,0.620324613584,0.462892078682,0.462209302326,5,186,0,0,0,0
1468,WLNM_dir_neg,0.39605734767,0.34574604655,00:00:05,10,40,14,1236695349,threshold_sweep,0.1,0.604166666667,0.155913978495,0.247863247863,29,19,157,353,0.155913978495,0.948924731183,0.0510752688172,0.844086021505,0.604166666667,0.155913978495,0.247863247863,0.68458781362,0.637992831541,0.128712871287,0.176255996978,0.104838709677,342,156,186,0,342,0,156,0,186,37,342,0.256756756757,1.72528881811,18.4864864865,15.5454545455,9.77142857143,5.36771015539,0.290358590277,0.142642642643,9.50849154237,1.02869645341,0.544491860281,8.05331334643,0.871264894205,0.461830251304,0.640599570326,0.371299902718,2,1.72528881811,0.640599570326,2,0.344071394247,0.376569037657,810,0.104247104247,0.56957682835,37,37,37,1,0,0.405405405405,0.540540540541,0.0540540540541,37,0.117117117117,2.18481481481,8.43243243243,7.09090909091,4.45714285714,5.03620525429,0.597242289772,0.326923076923,6.00062559301,1.42322530091,0.680526680527,3.83793300225,0.910278981302,0.463617463617,1.318977792,0.603702328937,4.32037037037,2.18481481481,1.318977792,4.32037037037,0,0,0,0,0.160896782956,37,37,37,1,0,0.405405405405,0.540540540541,0.0540540540541,37,204,0.153153153153,5.21000189854,11.027027027,7.55555555556,5.51351351351,4.86761683924,0.441426036892,0.237413884473,6.0901633878,1.10458845759,0.578696343402,3.23712511018,0.587125632729,0.318759936407,3.05787191592,0.58692337843,8.84204780192,5.21000189854,3.05787191592,8.84204780192,0.186976824438,0.0964332892999,73,0.00939510939511,0.162764808604,37,37,37,1,0,0.27027027027,0.72972972973,0,-138,-0.103603603604,3.48471308043,-7.45945945946,-7.9898989899,-4.25791505792,-0.500093316149,0.151067446615,0.0947712418301,-3.41832815458,0.0758920041762,0.0342044831209,-4.81618823625,-0.284139261476,-0.143070314897,2.4172723456,0.215623475713,6.84204780192,3.48471308043,2.4172723456,6.84204780192,-0.157094569809,-0.280135748357,-737,-0.094851994852,-0.406812019745,-0.135135135135,0.189189189189,-0.0540540540541,185,19,157,971,0.540935672515,0.980808080808,0.0191919191919,0.459064327485,0.906862745098,0.540935672515,0.677655677656,0.632875487435,0.521743753323,0.512465373961,48,186,0,0,0,0
1469,WLNM_dir_neg,0.39605734767,0.34574604655,00:00:05,10,40,14,1236695349,threshold_sweep,0.2,0.651162790698,0.150537634409,0.244541484716,28,15,158,357,0.150537634409,0.959677419355,0.0403225806452,0.849462365591,0.651162790698,0.150537634409,0.244541484716,0.689964157706,0.640979689367,0.136439267887,0.194818868466,0.110215053763,342,156,186,0,342,0,156,0,186,37,342,0.256756756757,1.72528881811,18.4864864865,15.5454545455,9.77142857143,5.36771015539,0.290358590277,0.142642642643,9.50849154237,1.02869645341,0.544491860281,8.05331334643,0.871264894205,0.461830251304,0.640599570326,0.371299902718,2,1.72528881811,0.640599570326,2,0.344071394247,0.376569037657,810,0.104247104247,0.56957682835,37,37,37,1,0,0.405405405405,0.540540540541,0.0540540540541,37,0.117117117117,2.18481481481,8.43243243243,7.09090909091,4.45714285714,5.03620525429,0.597242289772,0.326923076923,6.00062559301,1.42322530091,0.680526680527,3.83793300225,0.910278981302,0.463617463617,1.318977792,0.603702328937,4.32037037037,2.18481481481,1.318977792,4.32037037037,0,0,0,0,0.160896782956,37,37,37,1,0,0.405405405405,0.540540540541,0.0540540540541,37,199,0.149399399399,3.07254922871,10.7567567568,8.65217391304,5.37837837838,4.75163951474,0.441735331773,0.236588347141,6.1794972438,1.14895174885,0.59866902078,3.19158051539,0.593409442559,0.3237810675,2.21422172299,0.720646459396,6.71335562879,3.07254922871,2.21422172299,6.71335562879,0.178801202795,0.0774193548387,56,0.00720720720721,0.185377535075,37,37,37,1,0,0.378378378378,0.621621621622,0,-143,-0.107357357357,1.34726041059,-7.72972972973,-6.89328063241,-4.39305019305,-0.616070640649,0.151376741496,0.0939457044985,-3.32899429857,0.120255295433,0.0541771604982,-4.86173283105,-0.277855451646,-0.138049183804,1.57362215266,0.349346556679,4.71335562879,1.34726041059,1.57362215266,4.71335562879,-0.165270191452,-0.299149682818,-754,-0.0970398970399,-0.384199293275,-0.027027027027,0.0810810810811,-0.0540540540541,184,15,158,975,0.538011695906,0.984848484848,0.0151515151515,0.461988304094,0.924623115578,0.538011695906,0.68022181146,0.640729508813,0.522860180755,0.515406162465,43,186,0,0,0,0
1470,WLNM_dir_neg,0.39605734767,0.34574604655,00:00:05,10,40,14,1236695349,threshold_sweep,0.3,0.65,0.139784946237,0.230088495575,26,14,160,358,0.139784946237,0.962365591398,0.0376344086022,0.860215053763,0.65,0.139784946237,0.230088495575,0.688172043011,0.642771804062,0.127090301003,0.186669654324,0.102150537634,342,156,186,0,342,0,156,0,186,37,342,0.256756756757,1.72528881811,18.4864864865,15.5454545455,9.77142857143,5.36771015539,0.290358590277,0.142642642643,9.50849154237,1.02869645341,0.544491860281,8.05331334643,0.871264894205,0.461830251304,0.640599570326,0.371299902718,2,1.72528881811,0.640599570326,2,0.344071394247,0.376569037657,810,0.104247104247,0.56957682835,37,37,37,1,0,0.405405405405,0.540540540541,0.0540540540541,37,0.117117117117,2.18481481481,8.43243243243,7.09090909091,4.45714285714,5.03620525429,0.597242289772,0.326923076923,6.00062559301,1.42322530091,0.680526680527,3.83793300225,0.910278981302,0.463617463617,1.318977792,0.603702328937,4.32037037037,2.18481481481,1.318977792,4.32037037037,0,0,0,0,0.160896782956,37,37,37,1,0,0.405405405405,0.540540540541,0.0540540540541,37,196,0.147147147147,3.0663155932,10.5945945946,8.52173913043,5.2972972973,4.60952793112,0.435082993498,0.233452840596,6.10493818726,1.15246282106,0.599007170436,3.21338230309,0.606607883747,0.329012686156,2.2088666868,0.720365082999,6.71343683871,3.0663155932,2.2088666868,6.71343683871,0.16482780136,0.0674318507891,47,0.00604890604891,0.181890076952,37,37,37,1,0,0.378378378378,0.621621621622,0,-146,-0.10960960961,1.34102677509,-7.89189189189,-7.02371541502,-4.47413127413,-0.758182224276,0.144724403221,0.0908101979531,-3.40355335511,0.12376636765,0.0545153101544,-4.83993104334,-0.264657010458,-0.132817565148,1.56826711647,0.349065180281,4.71343683871,1.34102677509,1.56826711647,4.71343683871,-0.179243592887,-0.309137186868,-763,-0.0981981981982,-0.387686751398,-0.027027027027,0.0810810810811,-0.0540540540541,182,14,160,976,0.53216374269,0.985858585859,0.0141414141414,0.46783625731,0.928571428571,0.53216374269,0.676579925651,0.638795618573,0.518022328549,0.511235955056,40,186,0,0,0,0
1471,WLNM_dir_neg,0.39605734767,0.34574604655,00:00:05,10,40,14,1236695349,threshold_sweep,0.4,0.684210526316,0.139784946237,0.232142857143,26,12,160,360,0.139784946237,0.967741935484,0.0322580645161,0.860215053763,0.684210526316,0.139784946237,0.232142857143,0.691756272401,0.643966547192,0.134228187919,0.201210909146,0.10752688172,342,156,186,0,342,0,156,0,186,37,342,0.256756756757,1.72528881811,18.4864864865,15.5454545455,9.77142857143,5.36771015539,0.290358590277,0.142642642643,9.50849154237,1.02869645341,0.544491860281,8.05331334643,0.871264894205,0.461830251304,0.640599570326,0.371299902718,2,1.72528881811,0.640599570326,2,0.344071394247,0.376569037657,810,0.104247104247,0.56957682835,37,37,37,1,0,0.405405405405,0.540540540541,0.0540540540541,37,0.117117117117,2.18481481481,8.43243243243,7.09090909091,4.45714285714,5.03620525429,0.597242289772,0.326923076923,6.00062559301,1.42322530091,0.680526680527,3.83793300225,0.910278981302,0.463617463617,1.318977792,0.603702328937,4.32037037037,2.18481481481,1.318977792,4.32037037037,0,0,0,0,0.160896782956,37,37,37,1,0,0.405405405405,0.540540540541,0.0540540540541,37,194,0.145645645646,3.13233086675,10.4864864865,8.4347826087,5.24324324324,4.61652600039,0.440235726842,0.2364168292,6.12556303718,1.16827748647,0.604625243801,3.23526922635,0.617035883376,0.332961827807,2.29676620371,0.733245082149,6.73295454545,3.13233086675,2.29676620371,6.73295454545,0.160238780363,0.0628042843233,43,0.00553410553411,0.182137595134,37,37,37,1,0,0.378378378378,0.621621621622,0,-148,-0.111111111111,1.40704204863,-8,-7.11067193676,-4.52818532819,-0.751184154999,0.149877136565,0.0937741865577,-3.38292850519,0.139581033059,0.0601333835192,-4.81804412008,-0.254229010829,-0.128868423497,1.65616663338,0.361945179432,4.73295454545,1.40704204863,1.65616663338,4.73295454545,-0.183832613885,-0.313764753334,-767,-0.098712998713,-0.387439233216,-0.027027027027,0.0810810810811,-0.0540540540541,182,12,160,978,0.53216374269,0.987878787879,0.0121212121212,0.46783625731,0.938144329897,0.53216374269,0.679104477612,0.644017275469,0.520042530569,0.514124293785,38,186,0,0,0,0
1472,WLNM_dir_neg,0.39605734767,0.34574604655,00:00:05,10,40,14,1236695349,threshold_sweep,0.5,0.714285714286,0.134408602151,0.226244343891,25,10,161,362,0.134408602151,0.97311827957,0.0268817204301,0.865591397849,0.714285714286,0.134408602151,0.226244343891,0.693548387097,0.645758661888,0.134907251265,0.209054791948,0.10752688172,342,156,186,0,342,0,156,0,186,37,342,0.256756756757,1.72528881811,18.4864864865,15.5454545455,9.77142857143,5.36771015539,0.290358590277,0.142642642643,9.50849154237,1.02869645341,0.544491860281,8.05331334643,0.871264894205,0.461830251304,0.640599570326,0.371299902718,2,1.72528881811,0.640599570326,2,0.344071394247,0.376569037657,810,0.104247104247,0.56957682835,37,37,37,1,0,0.405405405405,0.540540540541,0.0540540540541,37,0.117117117117,2.18481481481,8.43243243243,7.09090909091,4.45714285714,5.03620525429,0.597242289772,0.326923076923,6.00062559301,1.42322530091,0.680526680527,3.83793300225,0.910278981302,0.463617463617,1.318977792,0.603702328937,4.32037037037,2.18481481481,1.318977792,4.32037037037,0,0,0,0,0.160896782956,37,37,37,1,0,0.405405405405,0.540540540541,0.0540540540541,37,191,0.143393393393,3.13045650567,10.3243243243,8.30434782609,5.16216216216,4.54027687637,0.439765037764,0.236309608037,6.13511529147,1.18847783133,0.609876892599,3.27035092845,0.633523478286,0.338474600255,2.29448403744,0.732955092423,6.73295454545,3.13045650567,2.29448403744,6.73295454545,0.161713054283,0.0605612998523,41,0.00527670527671,0.179053325602,37,37,37,1,0,0.378378378378,0.621621621622,0,-151,-0.113363363363,1.40516768756,-8.16216216216,-7.24110671937,-4.60926640927,-0.827433279022,0.149406447487,0.0936669653947,-3.3733762509,0.159781377917,0.0653850323181,-4.78296241799,-0.237741415919,-0.123355651049,1.65388446712,0.361655189705,4.73295454545,1.40516768756,1.65388446712,4.73295454545,-0.182358339965,-0.316007737805,-769,-0.0989703989704,-0.390523502748,-0.027027027027,0.0810810810811,-0.0540540540541,181,10,161,980,0.529239766082,0.989898989899,0.010101010101,0.470760233918,0.947643979058,0.529239766082,0.679174484053,0.647074963587,0.519138755981,0.514204545455,35,186,0,0,0,0
1473,WLNM_dir_neg,0.39605734767,0.34574604655,00:00:05,10,40,14,1236695349,threshold_sweep,0.6,0.735294117647,0.134408602151,0.227272727273,25,9,161,363,0.134408602151,0.975806451613,0.0241935483871,0.865591397849,0.735294117647,0.134408602151,0.227272727273,0.695340501792,0.646356033453,0.138513513514,0.217201968466,0.110215053763,342,156,186,0,342,0,156,0,186,37,342,0.256756756757,1.72528881811,18.4864864865,15.5454545455,9.77142857143,5.36771015539,0.290358590277,0.142642642643,9.50849154237,1.02869645341,0.544491860281,8.05331334643,0.871264894205,0.461830251304,0.640599570326,0.371299902718,2,1.72528881811,0.640599570326,2,0.344071394247,0.376569037657,810,0.104247104247,0.56957682835,37,37,37,1,0,0.405405405405,0.540540540541,0.0540540540541,37,0.117117117117,2.18481481481,8.43243243243,7.09090909091,4.45714285714,5.03620525429,0.597242289772,0.326923076923,6.00062559301,1.42322530091,0.680526680527,3.83793300225,0.910278981302,0.463617463617,1.318977792,0.603702328937,4.32037037037,2.18481481481,1.318977792,4.32037037037,0,0,0,0,0.160896782956,37,37,37,1,0,0.405405405405,0.540540540541,0.0540540540541,37,190,0.142642642643,2.99740323986,10.2702702703,8.26086956522,5.13513513514,4.57437699856,0.445399865649,0.238691322902,6.15161298704,1.19794568695,0.613655761024,3.30119643431,0.642864568787,0.344238975818,2.11031963043,0.704049292524,6,2.99740323986,2.11031963043,6,0.161713054283,0.0605612998523,41,0.00527670527671,0.179292760081,37,37,37,1,0,0.378378378378,0.621621621622,0,-152,-0.114114114114,1.27211442174,-8.21621621622,-7.28458498024,-4.63629343629,-0.793333156837,0.155041275372,0.0960486802592,-3.35687855533,0.169249233535,0.0691639007428,-4.75211691212,-0.228400325418,-0.117591275486,1.46972006011,0.332749389807,4,1.27211442174,1.46972006011,4,-0.182358339965,-0.316007737805,-769,-0.0989703989704,-0.390284068269,-0.027027027027,0.0810810810811,-0.0540540540541,181,9,161,981,0.529239766082,0.990909090909,0.00909090909091,0.470760233918,0.952631578947,0.529239766082,0.68045112782,0.649753228902,0.520148856991,0.51566951567,34,186,0,0,0,0
1474,WLNM_dir_neg,0.39605734767,0.34574604655,00:00:05,10,40,14,1236695349,threshold_sweep,0.7,0.709677419355,0.118279569892,0.202764976959,22,9,164,363,0.118279569892,0.975806451613,0.0241935483871,0.881720430108,0.709677419355,0.118279569892,0.202764976959,0.689964157706,0.648148148148,0.118845500849,0.193627434838,0.0940860215054,342,156,186,0,342,0,156,0,186,37,342,0.256756756757,1.72528881811,18.4864864865,15.5454545455,9.77142857143,5.36771015539,0.290358590277,0.142642642643,9.50849154237,1.02869645341,0.544491860281,8.05331334643,0.871264894205,0.461830251304,0.640599570326,0.371299902718,2,1.72528881811,0.640599570326,2,0.344071394247,0.376569037657,810,0.104247104247,0.56957682835,37,37,37,1,0,0.405405405405,0.540540540541,0.0540540540541,37,0.117117117117,2.18481481481,8.43243243243,7.09090909091,4.45714285714,5.03620525429,0.597242289772,0.326923076923,6.00062559301,1.42322530091,0.680526680527,3.83793300225,0.910278981302,0.463617463617,1.318977792,0.603702328937,4.32037037037,2.18481481481,1.318977792,4.32037037037,0,0,0,0,0.160896782956,37,37,37,1,0,0.405405405405,0.540540540541,0.0540540540541,37,187,0.14039039039,3.01289653132,10.1081081081,8.13043478261,5.05405405405,4.45211425295,0.440449805773,0.23673941321,6.05046346226,1.19715052462,0.615984968926,3.38251998389,0.669268659915,0.359300476948,2.12728398166,0.706059421406,6,3.01289653132,2.12728398166,6,0.142862416314,0.0566037735849,37,0.0047619047619,0.179211668173,37,37,37,1,0,0.378378378378,0.621621621622,0,-155,-0.116366366366,1.2876077132,-8.37837837838,-7.41501976285,-4.71737451737,-0.915595902443,0.150091215496,0.0940967705674,-3.45802808012,0.168454071203,0.0714931086448,-4.67079336254,-0.20199623429,-0.102529774356,1.48668441133,0.334759518688,4,1.2876077132,1.48668441133,4,-0.201208977933,-0.319965264072,-773,-0.0994851994852,-0.390365160177,-0.027027027027,0.0810810810811,-0.0540540540541,178,9,164,981,0.520467836257,0.990909090909,0.00909090909091,0.479532163743,0.951871657754,0.520467836257,0.672967863894,0.643055168086,0.511376927166,0.507122507123,31,186,0,0,0,0
1475,WLNM_dir_neg,0.39605734767,0.34574604655,00:00:05,10,40,14,1236695349,threshold_sweep,0.8,0.666666666667,0.0967741935484,0.169014084507,18,9,168,363,0.0967741935484,0.975806451613,0.0241935483871,0.903225806452,0.666666666667,0.0967741935484,0.169014084507,0.682795698925,0.650537634409,0.0923076923077,0.159448201036,0.0725806451613,342,156,186,0,342,0,156,0,186,37,342,0.256756756757,1.72528881811,18.4864864865,15.5454545455,9.77142857143,5.36771015539,0.290358590277,0.142642642643,9.50849154237,1.02869645341,0.544491860281,8.05331334643,0.871264894205,0.461830251304,0.640599570326,0.371299902718,2,1.72528881811,0.640599570326,2,0.344071394247,0.376569037657,810,0.104247104247,0.56957682835,37,37,37,1,0,0.405405405405,0.540540540541,0.0540540540541,37,0.117117117117,2.18481481481,8.43243243243,7.09090909091,4.45714285714,5.03620525429,0.597242289772,0.326923076923,6.00062559301,1.42322530091,0.680526680527,3.83793300225,0.910278981302,0.463617463617,1.318977792,0.603702328937,4.32037037037,2.18481481481,1.318977792,4.32037037037,0,0,0,0,0.160896782956,37,37,37,1,0,0.405405405405,0.540540540541,0.0540540540541,37,183,0.137387387387,3.02884740411,9.89189189189,7.95652173913,4.94594594595,4.33835467906,0.43857683914,0.233200413528,5.95793563216,1.20460993656,0.619701668882,3.44759131654,0.697053982033,0.371584699454,2.14551446214,0.708360037956,6,3.02884740411,2.14551446214,6,0.133774546932,0.0492323980942,31,0.0039897039897,0.177004340267,37,37,37,1,0,0.378378378378,0.621621621622,0,-159,-0.119369369369,1.30355858599,-8.59459459459,-7.58893280632,-4.82548262548,-1.02935547633,0.148218248863,0.0905577708856,-3.55055591021,0.175913483143,0.0752098086007,-4.60572202989,-0.174210912172,-0.0902455518504,1.50491489181,0.337060135239,4,1.30355858599,1.50491489181,4,-0.210296847315,-0.327336639563,-779,-0.100257400257,-0.392572488082,-0.027027027027,0.0810810810811,-0.0540540540541,174,9,168,981,0.508771929825,0.990909090909,0.00909090909091,0.491228070175,0.950819672131,0.508771929825,0.662857142857,0.634071079582,0.499681020734,0.495726495726,27,186,0,0,0,0
1476,WLNM_dir_neg,0.39605734767,0.34574604655,00:00:05,10,40,14,1236695349,threshold_sweep,0.9,0.636363636364,0.0752688172043,0.134615384615,14,8,172,364,0.0752688172043,0.978494623656,0.0215053763441,0.924731182796,0.636363636364,0.0752688172043,0.134615384615,0.677419354839,0.653524492234,0.0689655172414,0.130233065268,0.0537634408602,342,156,186,0,342,0,156,0,186,37,342,0.256756756757,1.72528881811,18.4864864865,15.5454545455,9.77142857143,5.36771015539,0.290358590277,0.142642642643,9.50849154237,1.02869645341,0.544491860281,8.05331334643,0.871264894205,0.461830251304,0.640599570326,0.371299902718,2,1.72528881811,0.640599570326,2,0.344071394247,0.376569037657,810,0.104247104247,0.56957682835,37,37,37,1,0,0.405405405405,0.540540540541,0.0540540540541,37,0.117117117117,2.18481481481,8.43243243243,7.09090909091,4.45714285714,5.03620525429,0.597242289772,0.326923076923,6.00062559301,1.42322530091,0.680526680527,3.83793300225,0.910278981302,0.463617463617,1.318977792,0.603702328937,4.32037037037,2.18481481481,1.318977792,4.32037037037,0,0,0,0,0.160896782956,37,37,37,1,0,0.405405405405,0.540540540541,0.0540540540541,37,178,0.133633633634,3.04209764885,9.62162162162,7.73913043478,4.81081081081,4.35476336486,0.452601810393,0.240662010325,5.91062056263,1.22861213942,0.627695110841,3.54211046504,0.7362813888,0.389310658974,2.16403825903,0.711363837991,6,3.04209764885,2.16403825903,6,0.12401266813,0.0344638949672,21,0.0027027027027,0.174268612073,37,37,37,1,0,0.378378378378,0.621621621622,0,-164,-0.123123123123,1.31680883074,-8.86486486486,-7.80632411067,-4.96061776062,-1.01294679053,0.162243220116,0.0980193676823,-3.59787097974,0.199915686009,0.0832032505598,-4.51120288139,-0.134983505404,-0.0725195923304,1.5234386887,0.340063935273,4,1.31680883074,1.5234386887,4,-0.220058726117,-0.34210514269,-789,-0.101544401544,-0.395308216277,-0.027027027027,0.0810810810811,-0.0540540540541,170,8,172,982,0.497076023392,0.991919191919,0.00808080808081,0.502923976608,0.955056179775,0.497076023392,0.653846153846,0.627801507848,0.488995215311,0.485714285714,22,186,0,0,0,0
1477,WLNM_dir_neg,0.688807954677,0.586190331263,00:00:04,10,40,15,1236695350,threshold_sweep,0.1,0.733333333333,0.295698924731,0.421455938697,55,20,131,352,0.295698924731,0.94623655914,0.0537634408602,0.704301075269,0.733333333333,0.295698924731,0.421455938697,0.729390681004,0.621863799283,0.284360189573,0.334366927545,0.241935483871,342,156,186,0,342,0,156,0,186,37,342,0.256756756757,1.72528881811,18.4864864865,15.5454545455,9.77142857143,5.36771015539,0.290358590277,0.142642642643,9.50849154237,1.02869645341,0.544491860281,8.05331334643,0.871264894205,0.461830251304,0.640599570326,0.371299902718,2,1.72528881811,0.640599570326,2,0.344071394247,0.376569037657,810,0.104247104247,0.56957682835,37,37,37,1,0,0.405405405405,0.540540540541,0.0540540540541,37,0.117117117117,2.22747747748,8.43243243243,7.09090909091,4.45714285714,5.03620525429,0.597242289772,0.326923076923,6.00525295579,1.42432281644,0.680873180873,3.83793300225,0.910278981302,0.463617463617,1.42084529335,0.637871901162,5.2,2.22747747748,1.42084529335,5.2,0,0,0,0,0.160752482811,37,37,37,1,0,0.405405405405,0.540540540541,0.0540540540541,37,231,0.173423423423,5.17608134272,12.4864864865,8.25,6.24324324324,6.14013038959,0.491742044188,0.256464256464,7.4922382259,1.20005547341,0.602316602317,4.28437344963,0.686241634788,0.366678366678,2.72768436076,0.526978650481,7.67337322881,5.17608134272,2.72768436076,7.67337322881,0.286477166152,0.201348747592,209,0.0268983268983,0.200941063072,37,37,37,1,0,0.243243243243,0.756756756757,0,-111,-0.0833333333333,3.4507925246,-6,-7.29545454545,-3.52818532819,0.7724202342,0.201383453911,0.113821613822,-2.01625331647,0.171359019998,0.0578247420353,-3.76893989681,-0.185023259416,-0.0951518846256,2.08708479044,0.155678747763,5.67337322881,3.4507925246,2.08708479044,5.67337322881,-0.0575942280951,-0.175220290065,-601,-0.0773487773488,-0.368635765277,-0.162162162162,0.216216216216,-0.0540540540541,211,20,131,970,0.616959064327,0.979797979798,0.020202020202,0.383040935673,0.91341991342,0.616959064327,0.73647469459,0.68853901675,0.596757044125,0.582872928177,75,186,0,0,0,0
1478,WLNM_dir_neg,0.688807954677,0.586190331263,00:00:04,10,40,15,1236695350,threshold_sweep,0.2,0.746478873239,0.284946236559,0.412451361868,53,18,133,354,0.284946236559,0.951612903226,0.0483870967742,0.715053763441,0.746478873239,0.284946236559,0.412451361868,0.729390681004,0.624253285544,0.279809220986,0.334637047144,0.236559139785,342,156,186,0,342,0,156,0,186,37,342,0.256756756757,1.72528881811,18.4864864865,15.5454545455,9.77142857143,5.36771015539,0.290358590277,0.142642642643,9.50849154237,1.02869645341,0.544491860281,8.05331334643,0.871264894205,0.461830251304,0.640599570326,0.371299902718,2,1.72528881811,0.640599570326,2,0.344071394247,0.376569037657,810,0.104247104247,0.56957682835,37,37,37,1,0,0.405405405405,0.540540540541,0.0540540540541,37,0.117117117117,2.22747747748,8.43243243243,7.09090909091,4.45714285714,5.03620525429,0.597242289772,0.326923076923,6.00525295579,1.42432281644,0.680873180873,3.83793300225,0.910278981302,0.463617463617,1.42084529335,0.637871901162,5.2,2.22747747748,1.42084529335,5.2,0,0,0,0,0.160752482811,37,37,37,1,0,0.405405405405,0.540540540541,0.0540540540541,37,227,0.17042042042,5.28947280604,12.2702702703,8.10714285714,6.13513513514,5.89561347599,0.48047951236,0.253125372068,7.33773414225,1.19601834037,0.60411953804,4.35355641441,0.709610516886,0.376949636862,2.80880730285,0.531018384222,7.92829907445,5.28947280604,2.80880730285,7.92829907445,0.259701545321,0.17523364486,175,0.0225225225225,0.202278454769,37,37,37,1,0,0.243243243243,0.756756756757,0,-115,-0.0863363363363,3.56418398792,-6.21621621622,-7.43831168831,-3.63629343629,0.527903320595,0.190120922083,0.110482729425,-2.17075740012,0.167321886952,0.0596276777589,-3.69975693202,-0.161654377319,-0.0848806144424,2.16820773252,0.159718481504,5.92829907445,3.56418398792,2.16820773252,5.92829907445,-0.0843698489261,-0.201335392797,-635,-0.0817245817246,-0.367298373581,-0.162162162162,0.216216216216,-0.0540540540541,209,18,133,972,0.611111111111,0.981818181818,0.0181818181818,0.388888888889,0.920704845815,0.611111111111,0.734622144112,0.688873517444,0.592929292929,0.580555555556,71,186,0,0,0,0
1479,WLNM_dir_neg,0.688807954677,0.586190331263,00:00:04,10,40,15,1236695350,threshold_sweep,0.3,0.819672131148,0.268817204301,0.404858299595,50,11,136,361,0.268817204301,0.970430107527,0.0295698924731,0.731182795699,0.819672131148,0.268817204301,0.404858299595,0.736559139785,0.630227001195,0.287560581583,0.361436407514,0.239247311828,342,156,186,0,342,0,156,0,186,37,342,0.256756756757,1.72528881811,18.4864864865,15.5454545455,9.77142857143,5.36771015539,0.290358590277,0.142642642643,9.50849154237,1.02869645341,0.544491860281,8.05331334643,0.871264894205,0.461830251304,0.640599570326,0.371299902718,2,1.72528881811,0.640599570326,2,0.344071394247,0.376569037657,810,0.104247104247,0.56957682835,37,37,37,1,0,0.405405405405,0.540540540541,0.0540540540541,37,0.117117117117,2.22747747748,8.43243243243,7.09090909091,4.45714285714,5.03620525429,0.597242289772,0.326923076923,6.00525295579,1.42432281644,0.680873180873,3.83793300225,0.910278981302,0.463617463617,1.42084529335,0.637871901162,5.2,2.22747747748,1.42084529335,5.2,0,0,0,0,0.160752482811,37,37,37,1,0,0.405405405405,0.540540540541,0.0540540540541,37,217,0.162912912913,2.49923193179,11.7297297297,9.4347826087,5.86486486486,5.61074687368,0.478335562963,0.250467056919,7.25014238236,1.23619939238,0.627475401669,4.39167243619,0.748810507553,0.392826005729,1.54026114146,0.616293798854,4.52566604374,2.49923193179,1.54026114146,4.52566604374,0.229088388307,0.138228941685,128,0.0164736164736,0.229675608019,37,37,37,1,0,0.378378378378,0.621621621622,0,-125,-0.0938438438438,0.77394311367,-6.75675675676,-6.11067193676,-3.90656370656,0.243036718284,0.187976972686,0.107824414276,-2.25834916001,0.20750293897,0.0829835413876,-3.66164091024,-0.122454386652,-0.0690042455747,0.899661571131,0.244993896136,2.52566604374,0.77394311367,0.899661571131,2.52566604374,-0.11498300594,-0.238340095972,-682,-0.0877734877735,-0.339901220331,-0.027027027027,0.0810810810811,-0.0540540540541,206,11,136,979,0.602339181287,0.988888888889,0.0111111111111,0.397660818713,0.94930875576,0.602339181287,0.737030411449,0.699388351768,0.591228070175,0.583569405099,61,186,0,0,0,0
1480,WLNM_dir_neg,0.688807954677,0.586190331263,00:00:04,10,40,15,1236695350,threshold_sweep,0.4,0.847457627119,0.268817204301,0.408163265306,50,9,136,363,0.268817204301,0.975806451613,0.0241935483871,0.731182795699,0.847457627119,0.268817204301,0.408163265306,0.740143369176,0.631421744325,0.294975688817,0.375016275136,0.244623655914,342,156,186,0,342,0,156,0,186,37,342,0.256756756757,1.72528881811,18.4864864865,15.5454545455,9.77142857143,5.36771015539,0.290358590277,0.142642642643,9.50849154237,1.02869645341,0.544491860281,8.05331334643,0.871264894205,0.461830251304,0.640599570326,0.371299902718,2,1.72528881811,0.640599570326,2,0.344071394247,0.376569037657,810,0.104247104247,0.56957682835,37,37,37,1,0,0.405405405405,0.540540540541,0.0540540540541,37,0.117117117117,2.22747747748,8.43243243243,7.09090909091,4.45714285714,5.03620525429,0.597242289772,0.326923076923,6.00525295579,1.42432281644,0.680873180873,3.83793300225,0.910278981302,0.463617463617,1.42084529335,0.637871901162,5.2,2.22747747748,1.42084529335,5.2,0,0,0,0,0.160752482811,37,37,37,1,0,0.405405405405,0.540540540541,0.0540540540541,37,215,0.161411411411,2.49295386855,11.6216216216,9.34782608696,5.81081081081,5.64875281884,0.48605547511,0.255688246386,7.26038657464,1.24946187564,0.630798240101,4.43995644272,0.764085527351,0.40100565682,1.53442892837,0.6155063468,4.52118446256,2.49295386855,1.53442892837,4.52118446256,0.230318942169,0.136711629603,125,0.0160875160875,0.229917570496,37,37,37,1,0,0.378378378378,0.621621621622,0,-127,-0.0953453453453,0.767665050434,-6.86486486486,-6.1976284585,-3.96061776062,0.281042663452,0.195696884833,0.113045603743,-2.24810496773,0.220765422221,0.0863063798192,-3.61335690372,-0.107179366854,-0.0608245944843,0.893829358045,0.244206444082,2.52118446256,0.767665050434,0.893829358045,2.52118446256,-0.113752452078,-0.239857408054,-685,-0.0881595881596,-0.339659257854,-0.027027027027,0.0810810810811,-0.0540540540541,206,9,136,981,0.602339181287,0.990909090909,0.00909090909091,0.397660818713,0.958139534884,0.602339181287,0.739676840215,0.704403192875,0.593248272196,0.586894586895,59,186,0,0,0,0
1481,WLNM_dir_neg,0.688807954677,0.586190331263,00:00:04,10,40,15,1236695350,threshold_sweep,0.5,0.847457627119,0.268817204301,0.408163265306,50,9,136,363,0.268817204301,0.975806451613,0.0241935483871,0.731182795699,0.847457627119,0.268817204301,0.408163265306,0.740143369176,0.631421744325,0.294975688817,0.375016275136,0.244623655914,342,156,186,0,342,0,156,0,186,37,342,0.256756756757,1.72528881811,18.4864864865,15.5454545455,9.77142857143,5.36771015539,0.290358590277,0.142642642643,9.50849154237,1.02869645341,0.544491860281,8.05331334643,0.871264894205,0.461830251304,0.640599570326,0.371299902718,2,1.72528881811,0.640599570326,2,0.344071394247,0.376569037657,810,0.104247104247,0.56957682835,37,37,37,1,0,0.405405405405,0.540540540541,0.0540540540541,37,0.117117117117,2.22747747748,8.43243243243,7.09090909091,4.45714285714,5.03620525429,0.597242289772,0.326923076923,6.00525295579,1.42432281644,0.680873180873,3.83793300225,0.910278981302,0.463617463617,1.42084529335,0.637871901162,5.2,2.22747747748,1.42084529335,5.2,0,0,0,0,0.160752482811,37,37,37,1,0,0.405405405405,0.540540540541,0.0540540540541,37,215,0.161411411411,2.49295386855,11.6216216216,9.34782608696,5.81081081081,5.64875281884,0.48605547511,0.255688246386,7.26038657464,1.24946187564,0.630798240101,4.43995644272,0.764085527351,0.40100565682,1.53442892837,0.6155063468,4.52118446256,2.49295386855,1.53442892837,4.52118446256,0.230318942169,0.136711629603,125,0.0160875160875,0.229917570496,37,37,37,1,0,0.378378378378,0.621621621622,0,-127,-0.0953453453453,0.767665050434,-6.86486486486,-6.1976284585,-3.96061776062,0.281042663452,0.195696884833,0.113045603743,-2.24810496773,0.220765422221,0.0863063798192,-3.61335690372,-0.107179366854,-0.0608245944843,0.893829358045,0.244206444082,2.52118446256,0.767665050434,0.893829358045,2.52118446256,-0.113752452078,-0.239857408054,-685,-0.0881595881596,-0.339659257854,-0.027027027027,0.0810810810811,-0.0540540540541,206,9,136,981,0.602339181287,0.990909090909,0.00909090909091,0.397660818713,0.958139534884,0.602339181287,0.739676840215,0.704403192875,0.593248272196,0.586894586895,59,186,0,0,0,0
1482,WLNM_dir_neg,0.688807954677,0.586190331263,00:00:04,10,40,15,1236695350,threshold_sweep,0.6,0.859649122807,0.263440860215,0.40329218107,49,8,137,364,0.263440860215,0.978494623656,0.0215053763441,0.736559139785,0.859649122807,0.263440860215,0.40329218107,0.740143369176,0.632616487455,0.292682926829,0.376592113457,0.241935483871,342,156,186,0,342,0,156,0,186,37,342,0.256756756757,1.72528881811,18.4864864865,15.5454545455,9.77142857143,5.36771015539,0.290358590277,0.142642642643,9.50849154237,1.02869645341,0.544491860281,8.05331334643,0.871264894205,0.461830251304,0.640599570326,0.371299902718,2,1.72528881811,0.640599570326,2,0.344071394247,0.376569037657,810,0.104247104247,0.56957682835,37,37,37,1,0,0.405405405405,0.540540540541,0.0540540540541,37,0.117117117117,2.22747747748,8.43243243243,7.09090909091,4.45714285714,5.03620525429,0.597242289772,0.326923076923,6.00525295579,1.42432281644,0.680873180873,3.83793300225,0.910278981302,0.463617463617,1.42084529335,0.637871901162,5.2,2.22747747748,1.42084529335,5.2,0,0,0,0,0.160752482811,37,37,37,1,0,0.405405405405,0.540540540541,0.0540540540541,37,213,0.15990990991,2.48947436331,11.5135135135,9.26086956522,5.75675675676,5.62050621297,0.488166032582,0.25808907499,7.19724254839,1.25022523141,0.632660829844,4.48085684642,0.778364804307,0.40756249207,1.53219656666,0.615469911738,4.49260775346,2.48947436331,1.53219656666,4.49260775346,0.228528683482,0.13353115727,120,0.015444015444,0.231331137948,37,37,37,1,0,0.378378378378,0.621621621622,0,-129,-0.0968468468468,0.764185545194,-6.97297297297,-6.28458498024,-4.01467181467,0.252796057582,0.197807442305,0.115446432348,-2.31124899399,0.221528777995,0.0881689695626,-3.57245650002,-0.0929000898978,-0.0542677592344,0.891596996332,0.24417000902,2.49260775346,0.764185545194,0.891596996332,2.49260775346,-0.115542710765,-0.243037880387,-690,-0.0888030888031,-0.338245690402,-0.027027027027,0.0810810810811,-0.0540540540541,205,8,137,982,0.599415204678,0.991919191919,0.00808080808081,0.400584795322,0.962441314554,0.599415204678,0.738738738739,0.704788723813,0.591334396598,0.585714285714,57,186,0,0,0,0
1483,WLNM_dir_neg,0.688807954677,0.586190331263,00:00:04,10,40,15,1236695350,threshold_sweep,0.7,0.859649122807,0.263440860215,0.40329218107,49,8,137,364,0.263440860215,0.978494623656,0.0215053763441,0.736559139785,0.859649122807,0.263440860215,0.40329218107,0.740143369176,0.632616487455,0.292682926829,0.376592113457,0.241935483871,342,156,186,0,342,0,156,0,186,37,342,0.256756756757,1.72528881811,18.4864864865,15.5454545455,9.77142857143,5.36771015539,0.290358590277,0.142642642643,9.50849154237,1.02869645341,0.544491860281,8.05331334643,0.871264894205,0.461830251304,0.640599570326,0.371299902718,2,1.72528881811,0.640599570326,2,0.344071394247,0.376569037657,810,0.104247104247,0.56957682835,37,37,37,1,0,0.405405405405,0.540540540541,0.0540540540541,37,0.117117117117,2.22747747748,8.43243243243,7.09090909091,4.45714285714,5.03620525429,0.597242289772,0.326923076923,6.00525295579,1.42432281644,0.680873180873,3.83793300225,0.910278981302,0.463617463617,1.42084529335,0.637871901162,5.2,2.22747747748,1.42084529335,5.2,0,0,0,0,0.160752482811,37,37,37,1,0,0.405405405405,0.540540540541,0.0540540540541,37,213,0.15990990991,2.48947436331,11.5135135135,9.26086956522,5.75675675676,5.62050621297,0.488166032582,0.25808907499,7.19724254839,1.25022523141,0.632660829844,4.48085684642,0.778364804307,0.40756249207,1.53219656666,0.615469911738,4.49260775346,2.48947436331,1.53219656666,4.49260775346,0.228528683482,0.13353115727,120,0.015444015444,0.231331137948,37,37,37,1,0,0.378378378378,0.621621621622,0,-129,-0.0968468468468,0.764185545194,-6.97297297297,-6.28458498024,-4.01467181467,0.252796057582,0.197807442305,0.115446432348,-2.31124899399,0.221528777995,0.0881689695626,-3.57245650002,-0.0929000898978,-0.0542677592344,0.891596996332,0.24417000902,2.49260775346,0.764185545194,0.891596996332,2.49260775346,-0.115542710765,-0.243037880387,-690,-0.0888030888031,-0.338245690402,-0.027027027027,0.0810810810811,-0.0540540540541,205,8,137,982,0.599415204678,0.991919191919,0.00808080808081,0.400584795322,0.962441314554,0.599415204678,0.738738738739,0.704788723813,0.591334396598,0.585714285714,57,186,0,0,0,0
1484,WLNM_dir_neg,0.688807954677,0.586190331263,00:00:04,10,40,15,1236695350,threshold_sweep,0.8,0.857142857143,0.258064516129,0.396694214876,48,8,138,364,0.258064516129,0.978494623656,0.0215053763441,0.741935483871,0.857142857143,0.258064516129,0.396694214876,0.73835125448,0.63321385902,0.28664495114,0.371126360132,0.236559139785,342,156,186,0,342,0,156,0,186,37,342,0.256756756757,1.72528881811,18.4864864865,15.5454545455,9.77142857143,5.36771015539,0.290358590277,0.142642642643,9.50849154237,1.02869645341,0.544491860281,8.05331334643,0.871264894205,0.461830251304,0.640599570326,0.371299902718,2,1.72528881811,0.640599570326,2,0.344071394247,0.376569037657,810,0.104247104247,0.56957682835,37,37,37,1,0,0.405405405405,0.540540540541,0.0540540540541,37,0.117117117117,2.22747747748,8.43243243243,7.09090909091,4.45714285714,5.03620525429,0.597242289772,0.326923076923,6.00525295579,1.42432281644,0.680873180873,3.83793300225,0.910278981302,0.463617463617,1.42084529335,0.637871901162,5.2,2.22747747748,1.42084529335,5.2,0,0,0,0,0.160752482811,37,37,37,1,0,0.405405405405,0.540540540541,0.0540540540541,37,212,0.159159159159,2.48756896175,11.4594594595,9.21739130435,5.72972972973,5.66958059685,0.494751136989,0.261983681795,7.20203925075,1.25695968056,0.634115247323,4.48855735701,0.78338029344,0.408720040796,1.53036861445,0.615206508034,4.49188357672,2.48756896175,1.53036861445,4.49188357672,0.227124579447,0.131892697466,118,0.0151866151866,0.230298784559,37,37,37,1,0,0.378378378378,0.621621621622,0,-130,-0.0975975975976,0.762280143635,-7.02702702703,-6.32806324111,-4.0416988417,0.301870441454,0.204392546712,0.119341039152,-2.30645229162,0.228263227141,0.0896233870415,-3.56475598943,-0.0878846007649,-0.0531102105084,0.889769044125,0.243906605316,2.49188357672,0.762280143635,0.889769044125,2.49188357672,-0.116946814801,-0.24467634019,-692,-0.0890604890605,-0.339278043791,-0.027027027027,0.0810810810811,-0.0540540540541,204,8,138,982,0.59649122807,0.991919191919,0.00808080808081,0.40350877193,0.962264150943,0.59649122807,0.736462093863,0.702641931279,0.588410419989,0.582857142857,56,186,0,0,0,0
1485,WLNM_dir_neg,0.688807954677,0.586190331263,00:00:04,10,40,15,1236695350,threshold_sweep,0.9,0.846153846154,0.236559139785,0.36974789916,44,8,142,364,0.236559139785,0.978494623656,0.0215053763441,0.763440860215,0.846153846154,0.236559139785,0.36974789916,0.731182795699,0.635603345281,0.262295081967,0.348737025453,0.215053763441,342,156,186,0,342,0,156,0,186,37,342,0.256756756757,1.72528881811,18.4864864865,15.5454545455,9.77142857143,5.36771015539,0.290358590277,0.142642642643,9.50849154237,1.02869645341,0.544491860281,8.05331334643,0.871264894205,0.461830251304,0.640599570326,0.371299902718,2,1.72528881811,0.640599570326,2,0.344071394247,0.376569037657,810,0.104247104247,0.56957682835,37,37,37,1,0,0.405405405405,0.540540540541,0.0540540540541,37,0.117117117117,2.22747747748,8.43243243243,7.09090909091,4.45714285714,5.03620525429,0.597242289772,0.326923076923,6.00525295579,1.42432281644,0.680873180873,3.83793300225,0.910278981302,0.463617463617,1.42084529335,0.637871901162,5.2,2.22747747748,1.42084529335,5.2,0,0,0,0,0.160752482811,37,37,37,1,0,0.405405405405,0.540540540541,0.0540540540541,37,208,0.156156156156,2.5082561689,11.2432432432,9.04347826087,5.62162162162,5.5797521122,0.49627602921,0.265722453222,7.07637443011,1.25877814382,0.636694386694,4.55431023776,0.810141724986,0.41761954262,1.55816738357,0.621215409689,4.5537571861,2.5082561689,1.55816738357,4.5537571861,0.189776642671,0.0952749806352,82,0.0105534105534,0.233399093604,37,37,37,1,0,0.378378378378,0.621621621622,0,-134,-0.100600600601,0.782967350784,-7.24324324324,-6.50197628458,-4.14980694981,0.21204195681,0.205917438933,0.12307981058,-2.43211711227,0.230081690402,0.0922025264131,-3.49900310868,-0.0611231692192,-0.0442107086844,0.917567813242,0.249915506972,2.5537571861,0.782967350784,0.917567813242,2.5537571861,-0.154294751576,-0.281294057022,-728,-0.0936936936937,-0.336177734746,-0.027027027027,0.0810810810811,-0.0540540540541,200,8,142,982,0.584795321637,0.991919191919,0.00808080808081,0.415204678363,0.961538461538,0.584795321637,0.727272727273,0.694027546363,0.576714513557,0.571428571429,52,186,0,0,0,0
1486,WLNM_dir_neg,0.415676667823,0.363227179552,00:00:04,10,40,16,1236695351,threshold_sweep,0.1,0.477611940299,0.172043010753,0.252964426877,32,35,154,337,0.172043010753,0.905913978495,0.0940860215054,0.827956989247,0.477611940299,0.172043010753,0.252964426877,0.661290322581,0.626642771804,0.0928,0.11305892524,0.0779569892473,342,156,186,0,342,0,156,0,186,37,342,0.256756756757,1.72528881811,18.4864864865,15.5454545455,9.77142857143,5.36771015539,0.290358590277,0.142642642643,9.50849154237,1.02869645341,0.544491860281,8.05331334643,0.871264894205,0.461830251304,0.640599570326,0.371299902718,2,1.72528881811,0.640599570326,2,0.344071394247,0.376569037657,810,0.104247104247,0.56957682835,37,37,37,1,0,0.405405405405,0.540540540541,0.0540540540541,37,0.117117117117,2.21261261261,8.43243243243,7.09090909091,4.45714285714,5.04722443274,0.598549051319,0.327616077616,6.00525295579,1.42432281644,0.680873180873,3.83793300225,0.910278981302,0.463617463617,1.39215458577,0.629190386892,5.2,2.21261261261,1.39215458577,5.2,0,0,0,0,0.161113233172,37,37,37,1,0,0.405405405405,0.540540540541,0.0540540540541,37,223,0.167417417417,15.7070409017,12.0540540541,6.55882352941,6.02702702703,5.3745591341,0.445871497672,0.238758938311,5.8854174141,0.976504234626,0.518240213307,3.48398308523,0.578059973782,0.317294873349,4.82208508228,0.307001497766,19.7104341855,15.7070409017,4.82208508228,19.7104341855,0.207040146978,0.137286112216,115,0.0148005148005,0.160691891701,37,37,37,1,0,0.0810810810811,0.918918918919,0,-119,-0.0893393393393,13.9817520836,-6.43243243243,-8.98663101604,-3.7444015444,0.00684897870188,0.155512907394,0.0961162956679,-3.62307412828,-0.0521922187891,-0.0262516469739,-4.56933026121,-0.293204920423,-0.144535377955,4.18148551195,-0.064298404952,17.7104341855,13.9817520836,4.18148551195,17.7104341855,-0.137031247269,-0.23928292544,-695,-0.0894465894466,-0.408884936649,-0.324324324324,0.378378378378,-0.0540540540541,188,35,154,955,0.549707602339,0.964646464646,0.0353535353535,0.450292397661,0.843049327354,0.549707602339,0.665486725664,0.601831096459,0.514354066986,0.498673740053,67,186,0,0,0,0
1487,WLNM_dir_neg,0.415676667823,0.363227179552,00:00:04,10,40,16,1236695351,threshold_sweep,0.2,0.460317460317,0.155913978495,0.232931726908,29,34,157,338,0.155913978495,0.908602150538,0.0913978494624,0.844086021505,0.460317460317,0.155913978495,0.232931726908,0.65770609319,0.629032258065,0.0772946859903,0.0960999960209,0.0645161290323,342,156,186,0,342,0,156,0,186,37,342,0.256756756757,1.72528881811,18.4864864865,15.5454545455,9.77142857143,5.36771015539,0.290358590277,0.142642642643,9.50849154237,1.02869645341,0.544491860281,8.05331334643,0.871264894205,0.461830251304,0.640599570326,0.371299902718,2,1.72528881811,0.640599570326,2,0.344071394247,0.376569037657,810,0.104247104247,0.56957682835,37,37,37,1,0,0.405405405405,0.540540540541,0.0540540540541,37,0.117117117117,2.21261261261,8.43243243243,7.09090909091,4.45714285714,5.04722443274,0.598549051319,0.327616077616,6.00525295579,1.42432281644,0.680873180873,3.83793300225,0.910278981302,0.463617463617,1.39215458577,0.629190386892,5.2,2.21261261261,1.39215458577,5.2,0,0,0,0,0.161113233172,37,37,37,1,0,0.405405405405,0.540540540541,0.0540540540541,37,219,0.164414414414,16.4599698177,11.8378378378,6.44117647059,5.91891891892,5.19889685688,0.439176218504,0.236455633716,5.85651763412,0.989457317181,0.522522522523,3.53064660728,0.596501938215,0.326052079477,5.07051699616,0.30805141518,20.6374906489,16.4599698177,5.07051699616,20.6374906489,0.189010966256,0.108840700584,87,0.0111969111969,0.158871666991,37,37,37,1,0,0.0810810810811,0.918918918919,0,-123,-0.0923423423423,14.7346809996,-6.64864864865,-9.10427807487,-3.85250965251,-0.168813298508,0.148817628227,0.0938129910733,-3.65197390825,-0.0392391362341,-0.0219693377588,-4.52266673916,-0.274762955989,-0.135778171827,4.42991742583,-0.0632484875376,18.6374906489,14.7346809996,4.42991742583,18.6374906489,-0.155060427992,-0.267728337073,-723,-0.0930501930502,-0.410705161359,-0.324324324324,0.378378378378,-0.0540540540541,185,34,157,956,0.540935672515,0.965656565657,0.0343434343434,0.459064327485,0.844748858447,0.540935672515,0.659536541889,0.597062152244,0.506592238171,0.492021276596,63,186,0,0,0,0
1488,WLNM_dir_neg,0.415676667823,0.363227179552,00:00:04,10,40,16,1236695351,threshold_sweep,0.3,0.538461538462,0.150537634409,0.235294117647,28,24,158,348,0.150537634409,0.935483870968,0.0645161290323,0.849462365591,0.538461538462,0.150537634409,0.235294117647,0.673835125448,0.635603345281,0.104918032787,0.139494810181,0.0860215053763,342,156,186,0,342,0,156,0,186,37,342,0.256756756757,1.72528881811,18.4864864865,15.5454545455,9.77142857143,5.36771015539,0.290358590277,0.142642642643,9.50849154237,1.02869645341,0.544491860281,8.05331334643,0.871264894205,0.461830251304,0.640599570326,0.371299902718,2,1.72528881811,0.640599570326,2,0.344071394247,0.376569037657,810,0.104247104247,0.56957682835,37,37,37,1,0,0.405405405405,0.540540540541,0.0540540540541,37,0.117117117117,2.21261261261,8.43243243243,7.09090909091,4.45714285714,5.04722443274,0.598549051319,0.327616077616,6.00525295579,1.42432281644,0.680873180873,3.83793300225,0.910278981302,0.463617463617,1.39215458577,0.629190386892,5.2,2.21261261261,1.39215458577,5.2,0,0,0,0,0.161113233172,37,37,37,1,0,0.405405405405,0.540540540541,0.0540540540541,37,208,0.156156156156,1,11.2432432432,6.5,5.62162162162,4.92389528166,0.437942609186,0.233108108108,6.03393805142,1.07334474953,0.560291060291,3.36114523597,0.597896027553,0.326143451143,0,0,0,NaN,NaN,NaN,0.172192398663,0.0822293284605,60,0.00772200772201,0.171982078835,37,37,0,1,2,0.135135135135,0.864864864865,0,-134,-0.100600600601,-0.725288818115,-7.24324324324,-9.04545454545,-4.14980694981,-0.443814873734,0.147584018909,0.0904654654655,-3.47455349095,0.0446482961171,0.0157992000097,-4.69216811046,-0.273368866652,-0.13568680016,-0.640599570326,-0.371299902718,-2,NaN,NaN,NaN,-0.171878995584,-0.294339709196,-750,-0.0965250965251,-0.397594749515,-0.27027027027,0.324324324324,-0.0540540540541,184,24,158,966,0.538011695906,0.975757575758,0.0242424242424,0.461988304094,0.884615384615,0.538011695906,0.669090909091,0.618278227144,0.513769271664,0.502732240437,52,186,0,0,0,0
1489,WLNM_dir_neg,0.415676667823,0.363227179552,00:00:04,10,40,16,1236695351,threshold_sweep,0.4,0.658536585366,0.145161290323,0.237885462555,27,14,159,358,0.145161290323,0.962365591398,0.0376344086022,0.854838709677,0.658536585366,0.145161290323,0.237885462555,0.689964157706,0.642174432497,0.133555926544,0.194270918542,0.10752688172,342,156,186,0,342,0,156,0,186,37,342,0.256756756757,1.72528881811,18.4864864865,15.5454545455,9.77142857143,5.36771015539,0.290358590277,0.142642642643,9.50849154237,1.02869645341,0.544491860281,8.05331334643,0.871264894205,0.461830251304,0.640599570326,0.371299902718,2,1.72528881811,0.640599570326,2,0.344071394247,0.376569037657,810,0.104247104247,0.56957682835,37,37,37,1,0,0.405405405405,0.540540540541,0.0540540540541,37,0.117117117117,2.21261261261,8.43243243243,7.09090909091,4.45714285714,5.04722443274,0.598549051319,0.327616077616,6.00525295579,1.42432281644,0.680873180873,3.83793300225,0.910278981302,0.463617463617,1.39215458577,0.629190386892,5.2,2.21261261261,1.39215458577,5.2,0,0,0,0,0.161113233172,37,37,37,1,0,0.405405405405,0.540540540541,0.0540540540541,37,197,0.147897897898,1,10.6486486486,8.5652173913,5.32432432432,4.4423230673,0.417172470787,0.222252709562,6.21402559651,1.16710125417,0.60968582796,3.30869270973,0.621429595229,0.336122924955,0,0,0,NaN,NaN,NaN,0.167640753012,0.0777777777778,56,0.00720720720721,0.187661306386,37,37,0,1,2,0.378378378378,0.621621621622,0,-145,-0.108858858859,-0.725288818115,-7.83783783784,-6.98023715415,-4.4471042471,-0.925387088097,0.12681388051,0.0796100669197,-3.29446594586,0.138404800753,0.0651939676786,-4.7446206367,-0.249835298976,-0.125707326349,-0.640599570326,-0.371299902718,-2,NaN,NaN,NaN,-0.176430641235,-0.298791259879,-754,-0.0970398970399,-0.381915521964,-0.027027027027,0.0810810810811,-0.0540540540541,183,14,159,976,0.535087719298,0.985858585859,0.0141414141414,0.464912280702,0.928934010152,0.535087719298,0.679035250464,0.641050980226,0.520946305157,0.51404494382,41,186,0,0,0,0
1490,WLNM_dir_neg,0.415676667823,0.363227179552,00:00:04,10,40,16,1236695351,threshold_sweep,0.5,0.65,0.139784946237,0.230088495575,26,14,160,358,0.139784946237,0.962365591398,0.0376344086022,0.860215053763,0.65,0.139784946237,0.230088495575,0.688172043011,0.642771804062,0.127090301003,0.186669654324,0.102150537634,342,156,186,0,342,0,156,0,186,37,342,0.256756756757,1.72528881811,18.4864864865,15.5454545455,9.77142857143,5.36771015539,0.290358590277,0.142642642643,9.50849154237,1.02869645341,0.544491860281,8.05331334643,0.871264894205,0.461830251304,0.640599570326,0.371299902718,2,1.72528881811,0.640599570326,2,0.344071394247,0.376569037657,810,0.104247104247,0.56957682835,37,37,37,1,0,0.405405405405,0.540540540541,0.0540540540541,37,0.117117117117,2.21261261261,8.43243243243,7.09090909091,4.45714285714,5.04722443274,0.598549051319,0.327616077616,6.00525295579,1.42432281644,0.680873180873,3.83793300225,0.910278981302,0.463617463617,1.39215458577,0.629190386892,5.2,2.21261261261,1.39215458577,5.2,0,0,0,0,0.161113233172,37,37,37,1,0,0.405405405405,0.540540540541,0.0540540540541,37,196,0.147147147147,1,10.5945945946,8.52173913043,5.2972972973,4.40617911738,0.415889355467,0.222697186983,6.16380503362,1.16357544002,0.607832322118,3.33220701692,0.629039079724,0.339768339768,0,0,0,NaN,NaN,NaN,0.167640753012,0.0777777777778,56,0.00720720720721,0.1874213762,37,37,0,1,2,0.378378378378,0.621621621622,0,-146,-0.10960960961,-0.725288818115,-7.89189189189,-7.02371541502,-4.47413127413,-0.961531038016,0.12553076519,0.0800545443403,-3.34468650875,0.134878986605,0.0633404618367,-4.72110632952,-0.24222581448,-0.122061911536,-0.640599570326,-0.371299902718,-2,NaN,NaN,NaN,-0.176430641235,-0.298791259879,-754,-0.0970398970399,-0.382155452149,-0.027027027027,0.0810810810811,-0.0540540540541,182,14,160,976,0.53216374269,0.985858585859,0.0141414141414,0.46783625731,0.928571428571,0.53216374269,0.676579925651,0.638795618573,0.518022328549,0.511235955056,40,186,0,0,0,0
1491,WLNM_dir_neg,0.415676667823,0.363227179552,00:00:04,10,40,16,1236695351,threshold_sweep,0.6,0.641025641026,0.134408602151,0.222222222222,25,14,161,358,0.134408602151,0.962365591398,0.0376344086022,0.865591397849,0.641025641026,0.134408602151,0.222222222222,0.686379928315,0.643369175627,0.120603015075,0.178925203775,0.0967741935484,342,156,186,0,342,0,156,0,186,37,342,0.256756756757,1.72528881811,18.4864864865,15.5454545455,9.77142857143,5.36771015539,0.290358590277,0.142642642643,9.50849154237,1.02869645341,0.544491860281,8.05331334643,0.871264894205,0.461830251304,0.640599570326,0.371299902718,2,1.72528881811,0.640599570326,2,0.344071394247,0.376569037657,810,0.104247104247,0.56957682835,37,37,37,1,0,0.405405405405,0.540540540541,0.0540540540541,37,0.117117117117,2.21261261261,8.43243243243,7.09090909091,4.45714285714,5.04722443274,0.598549051319,0.327616077616,6.00525295579,1.42432281644,0.680873180873,3.83793300225,0.910278981302,0.463617463617,1.39215458577,0.629190386892,5.2,2.21261261261,1.39215458577,5.2,0,0,0,0,0.161113233172,37,37,37,1,0,0.405405405405,0.540540540541,0.0540540540541,37,195,0.146396396396,1,10.5405405405,8.47826086957,5.27027027027,4.42589974904,0.419893053114,0.224532224532,6.1628305575,1.16935759296,0.609840609841,3.29687266502,0.625560454389,0.336521136521,0,0,0,NaN,NaN,NaN,0.163721249093,0.0741604477612,53,0.00682110682111,0.183940371617,37,37,0,1,2,0.378378378378,0.621621621622,0,-147,-0.11036036036,-0.725288818115,-7.94594594595,-7.06719367589,-4.50115830116,-0.941810406349,0.129534462837,0.0818895818896,-3.34566098487,0.140661139547,0.0653487495593,-4.75644068141,-0.245704439816,-0.125309114783,-0.640599570326,-0.371299902718,-2,NaN,NaN,NaN,-0.180350145155,-0.302408589896,-757,-0.097425997426,-0.385636456733,-0.027027027027,0.0810810810811,-0.0540540540541,181,14,161,976,0.529239766082,0.985858585859,0.0141414141414,0.470760233918,0.928205128205,0.529239766082,0.674115456238,0.636536442586,0.51509835194,0.508426966292,39,186,0,0,0,0
1492,WLNM_dir_neg,0.415676667823,0.363227179552,00:00:04,10,40,16,1236695351,threshold_sweep,0.7,0.636363636364,0.112903225806,0.191780821918,21,12,165,360,0.112903225806,0.967741935484,0.0322580645161,0.887096774194,0.636363636364,0.112903225806,0.191780821918,0.682795698925,0.646953405018,0.10152284264,0.161164592805,0.0806451612903,342,156,186,0,342,0,156,0,186,37,342,0.256756756757,1.72528881811,18.4864864865,15.5454545455,9.77142857143,5.36771015539,0.290358590277,0.142642642643,9.50849154237,1.02869645341,0.544491860281,8.05331334643,0.871264894205,0.461830251304,0.640599570326,0.371299902718,2,1.72528881811,0.640599570326,2,0.344071394247,0.376569037657,810,0.104247104247,0.56957682835,37,37,37,1,0,0.405405405405,0.540540540541,0.0540540540541,37,0.117117117117,2.21261261261,8.43243243243,7.09090909091,4.45714285714,5.04722443274,0.598549051319,0.327616077616,6.00525295579,1.42432281644,0.680873180873,3.83793300225,0.910278981302,0.463617463617,1.39215458577,0.629190386892,5.2,2.21261261261,1.39215458577,5.2,0,0,0,0,0.161113233172,37,37,37,1,0,0.405405405405,0.540540540541,0.0540540540541,37,189,0.141891891892,2.12324888363,10.2162162162,8.59090909091,5.10810810811,4.57125763837,0.447451144497,0.234663234663,6.16343962313,1.2065992913,0.620906620907,3.33985847824,0.653834728544,0.351208351208,1.19017874085,0.560546033972,3.87547473559,2.12324888363,1.19017874085,3.87547473559,0.150359802527,0.0589645254075,41,0.00527670527671,0.193166616606,37,37,37,1,0,0.405405405405,0.594594594595,0,-153,-0.114864864865,0.39796006551,-8.27027027027,-6.95454545455,-4.66332046332,-0.796452517019,0.15709255422,0.0920205920206,-3.34505191924,0.177902837886,0.0764147606253,-4.7134548682,-0.217430165661,-0.110621900096,0.549579170527,0.189246131255,1.87547473559,0.39796006551,0.549579170527,1.87547473559,-0.19371159172,-0.317604512249,-769,-0.0989703989704,-0.376410211744,0,0.0540540540541,-0.0540540540541,177,12,165,978,0.517543859649,0.987878787879,0.0121212121212,0.482456140351,0.936507936508,0.517543859649,0.666666666667,0.632748801756,0.505422647528,0.5,33,186,0,0,0,0
1493,WLNM_dir_neg,0.415676667823,0.363227179552,00:00:04,10,40,16,1236695351,threshold_sweep,0.8,0.666666666667,0.0967741935484,0.169014084507,18,9,168,363,0.0967741935484,0.975806451613,0.0241935483871,0.903225806452,0.666666666667,0.0967741935484,0.169014084507,0.682795698925,0.650537634409,0.0923076923077,0.159448201036,0.0725806451613,342,156,186,0,342,0,156,0,186,37,342,0.256756756757,1.72528881811,18.4864864865,15.5454545455,9.77142857143,5.36771015539,0.290358590277,0.142642642643,9.50849154237,1.02869645341,0.544491860281,8.05331334643,0.871264894205,0.461830251304,0.640599570326,0.371299902718,2,1.72528881811,0.640599570326,2,0.344071394247,0.376569037657,810,0.104247104247,0.56957682835,37,37,37,1,0,0.405405405405,0.540540540541,0.0540540540541,37,0.117117117117,2.21261261261,8.43243243243,7.09090909091,4.45714285714,5.04722443274,0.598549051319,0.327616077616,6.00525295579,1.42432281644,0.680873180873,3.83793300225,0.910278981302,0.463617463617,1.39215458577,0.629190386892,5.2,2.21261261261,1.39215458577,5.2,0,0,0,0,0.161113233172,37,37,37,1,0,0.405405405405,0.540540540541,0.0540540540541,37,183,0.137387387387,2.12926318495,9.89189189189,8.31818181818,4.94594594595,4.69505522263,0.474636730157,0.253138384286,6.13707289053,1.24082894508,0.630630630631,3.47967068961,0.703539975494,0.376606114311,1.20249810944,0.56474846226,3.88555302001,2.12926318495,1.20249810944,3.88555302001,0.143338672596,0.0476426799007,32,0.0041184041184,0.192303609834,37,37,37,1,0,0.405405405405,0.594594594595,0,-159,-0.119369369369,0.40397436683,-8.59459459459,-7.22727272727,-4.82548262548,-0.672654932763,0.184278139879,0.110495741643,-3.37141865185,0.212132491665,0.0861387703493,-4.57364265683,-0.167724918711,-0.0852241369929,0.561898539118,0.193448559542,1.88555302001,0.40397436683,0.561898539118,1.88555302001,-0.200732721652,-0.328926357756,-778,-0.100128700129,-0.377273218516,0,0.0540540540541,-0.0540540540541,174,9,168,981,0.508771929825,0.990909090909,0.00909090909091,0.491228070175,0.950819672131,0.508771929825,0.662857142857,0.634071079582,0.499681020734,0.495726495726,27,186,0,0,0,0
1494,WLNM_dir_neg,0.415676667823,0.363227179552,00:00:04,10,40,16,1236695351,threshold_sweep,0.9,0.68,0.0913978494624,0.161137440758,17,8,169,364,0.0913978494624,0.978494623656,0.0215053763441,0.908602150538,0.68,0.0913978494624,0.161137440758,0.682795698925,0.651732377539,0.0891938250429,0.159266611876,0.0698924731183,342,156,186,0,342,0,156,0,186,37,342,0.256756756757,1.72528881811,18.4864864865,15.5454545455,9.77142857143,5.36771015539,0.290358590277,0.142642642643,9.50849154237,1.02869645341,0.544491860281,8.05331334643,0.871264894205,0.461830251304,0.640599570326,0.371299902718,2,1.72528881811,0.640599570326,2,0.344071394247,0.376569037657,810,0.104247104247,0.56957682835,37,37,37,1,0,0.405405405405,0.540540540541,0.0540540540541,37,0.117117117117,2.21261261261,8.43243243243,7.09090909091,4.45714285714,5.04722443274,0.598549051319,0.327616077616,6.00525295579,1.42432281644,0.680873180873,3.83793300225,0.910278981302,0.463617463617,1.39215458577,0.629190386892,5.2,2.21261261261,1.39215458577,5.2,0,0,0,0,0.161113233172,37,37,37,1,0,0.405405405405,0.540540540541,0.0540540540541,37,181,0.135885885886,2.14093255499,9.78378378378,8.22727272727,4.89189189189,4.78501790973,0.489076416187,0.260863073018,6.16343962313,1.25992964672,0.637001642527,3.49431112098,0.714306693239,0.380170225474,1.22782096377,0.573498198674,4.02458521115,2.14093255499,1.22782096377,4.02458521115,0.161045665303,0.0451354062187,30,0.003861003861,0.186822781139,37,37,37,1,0,0.405405405405,0.594594594595,0,-161,-0.120870870871,0.415643736874,-8.7027027027,-7.31818181818,-4.87953667954,-0.582692245668,0.19871782591,0.118220430375,-3.34505191924,0.231233193303,0.0925097822452,-4.55900222545,-0.156958200966,-0.0816600258298,0.587221393443,0.202198295956,2.02458521115,0.415643736874,0.587221393443,2.02458521115,-0.183025728945,-0.331433631438,-780,-0.100386100386,-0.382754047211,0,0.0540540540541,-0.0540540540541,173,8,169,982,0.505847953216,0.991919191919,0.00808080808081,0.494152046784,0.955801104972,0.505847953216,0.661567877629,0.634570573378,0.497767145136,0.494285714286,25,186,0,0,0,0
1495,WLNM_dir_neg,0.393166840097,0.303506120473,00:00:04,10,40,17,1236695352,threshold_sweep,0.1,0.358974358974,0.0752688172043,0.124444444444,14,25,172,347,0.0752688172043,0.932795698925,0.0672043010753,0.924731182796,0.358974358974,0.0752688172043,0.124444444444,0.646953405018,0.643369175627,0.0100502512563,0.0149104336479,0.00806451612903,342,156,186,0,342,0,156,0,186,37,342,0.256756756757,1.72528881811,18.4864864865,15.5454545455,9.77142857143,5.36771015539,0.290358590277,0.142642642643,9.50849154237,1.02869645341,0.544491860281,8.05331334643,0.871264894205,0.461830251304,0.640599570326,0.371299902718,2,1.72528881811,0.640599570326,2,0.344071394247,0.376569037657,810,0.104247104247,0.56957682835,37,37,37,1,0,0.405405405405,0.540540540541,0.0540540540541,37,0.117117117117,2.21261261261,8.43243243243,7.09090909091,4.45714285714,5.04722443274,0.598549051319,0.327616077616,6.00525295579,1.42432281644,0.680873180873,3.83793300225,0.910278981302,0.463617463617,1.39215458577,0.629190386892,5.2,2.21261261261,1.39215458577,5.2,0,0,0,0,0.161113233172,37,37,37,1,0,0.405405405405,0.540540540541,0.0540540540541,37,195,0.146396396396,12.931182095,10.5405405405,5.90909090909,5.27027027027,4.72343210079,0.448120481357,0.24352044352,5.64529621626,1.07115876924,0.552182952183,3.47729659241,0.659794738047,0.357588357588,4.60790902209,0.356340896619,16.399003547,12.931182095,4.60790902209,16.399003547,0.154933372116,0.0608007909046,41,0.00527670527671,0.140594137523,37,37,37,1,0,0.108108108108,0.891891891892,0,-147,-0.11036036036,11.2058932769,-7.94594594595,-9.63636363636,-4.50115830116,-0.644278054599,0.15776189108,0.100877800878,-3.86319532611,0.0424623158251,0.00769109190162,-4.57601675402,-0.211470156158,-0.104241893716,3.96730945177,-0.0149590060985,14.399003547,11.2058932769,3.96730945177,14.399003547,-0.189138022131,-0.315768246752,-769,-0.0989703989704,-0.428982690826,-0.297297297297,0.351351351351,-0.0540540540541,170,25,172,965,0.497076023392,0.974747474747,0.0252525252525,0.502923976608,0.871794871795,0.497076023392,0.633147113594,0.583059235004,0.471823498139,0.463215258856,39,186,0,0,0,0
1496,WLNM_dir_neg,0.393166840097,0.303506120473,00:00:04,10,40,17,1236695352,threshold_sweep,0.2,0.4375,0.0752688172043,0.128440366972,14,18,172,354,0.0752688172043,0.951612903226,0.0483870967742,0.924731182796,0.4375,0.0752688172043,0.128440366972,0.659498207885,0.647550776583,0.0338983050847,0.0545025900246,0.0268817204301,342,156,186,0,342,0,156,0,186,37,342,0.256756756757,1.72528881811,18.4864864865,15.5454545455,9.77142857143,5.36771015539,0.290358590277,0.142642642643,9.50849154237,1.02869645341,0.544491860281,8.05331334643,0.871264894205,0.461830251304,0.640599570326,0.371299902718,2,1.72528881811,0.640599570326,2,0.344071394247,0.376569037657,810,0.104247104247,0.56957682835,37,37,37,1,0,0.405405405405,0.540540540541,0.0540540540541,37,0.117117117117,2.21261261261,8.43243243243,7.09090909091,4.45714285714,5.04722443274,0.598549051319,0.327616077616,6.00525295579,1.42432281644,0.680873180873,3.83793300225,0.910278981302,0.463617463617,1.39215458577,0.629190386892,5.2,2.21261261261,1.39215458577,5.2,0,0,0,0,0.161113233172,37,37,37,1,0,0.405405405405,0.540540540541,0.0540540540541,37,188,0.141141141141,7.4587146173,10.1621621622,6.48275862069,5.08108108108,4.51856364539,0.444645890637,0.241374353076,5.77051113843,1.13568570278,0.586831512363,3.55417108932,0.699491118642,0.375503162737,3.87690200643,0.519781518044,10.8991362182,7.4587146173,3.87690200643,10.8991362182,0.162655379838,0.0611028315946,41,0.00527670527671,0.169251922093,37,37,37,1,0,0.216216216216,0.783783783784,0,-154,-0.115615615616,5.73342579918,-8.32432432432,-9.06269592476,-4.69034749035,-0.849146510006,0.154287300359,0.0987317104338,-3.73798040394,0.106989249362,0.0423396520821,-4.49914225712,-0.171773775563,-0.0863270885667,3.23630243611,0.148481615326,8.89913621818,5.73342579918,3.23630243611,8.89913621818,-0.181416014409,-0.315466206062,-769,-0.0989703989704,-0.400324906256,-0.189189189189,0.243243243243,-0.0540540540541,170,18,172,972,0.497076023392,0.981818181818,0.0181818181818,0.502923976608,0.904255319149,0.497076023392,0.641509433962,0.600866920427,0.47889420521,0.472222222222,32,186,0,0,0,0
1497,WLNM_dir_neg,0.393166840097,0.303506120473,00:00:04,10,40,17,1236695352,threshold_sweep,0.3,0.583333333333,0.0752688172043,0.133333333333,14,10,172,362,0.0752688172043,0.97311827957,0.0268817204301,0.924731182796,0.583333333333,0.0752688172043,0.133333333333,0.673835125448,0.652329749104,0.0618556701031,0.112429753349,0.0483870967742,342,156,186,0,342,0,156,0,186,37,342,0.256756756757,1.72528881811,18.4864864865,15.5454545455,9.77142857143,5.36771015539,0.290358590277,0.142642642643,9.50849154237,1.02869645341,0.544491860281,8.05331334643,0.871264894205,0.461830251304,0.640599570326,0.371299902718,2,1.72528881811,0.640599570326,2,0.344071394247,0.376569037657,810,0.104247104247,0.56957682835,37,37,37,1,0,0.405405405405,0.540540540541,0.0540540540541,37,0.117117117117,2.21261261261,8.43243243243,7.09090909091,4.45714285714,5.04722443274,0.598549051319,0.327616077616,6.00525295579,1.42432281644,0.680873180873,3.83793300225,0.910278981302,0.463617463617,1.39215458577,0.629190386892,5.2,2.21261261261,1.39215458577,5.2,0,0,0,0,0.161113233172,37,37,37,1,0,0.405405405405,0.540540540541,0.0540540540541,37,180,0.135135135135,2.50491490571,9.72972972973,8.18181818182,4.86486486486,4.37574532476,0.4497293806,0.241291291291,5.92622309065,1.21816807974,0.626426426426,3.41696878471,0.702376916857,0.375075075075,1.65288755442,0.659857766287,4.57258418021,2.50491490571,1.65288755442,4.57258418021,0.157244495712,0.0420485175202,26,0.0033462033462,0.179701825281,37,37,37,1,0,0.405405405405,0.594594594595,0,-162,-0.121621621622,0.7796260876,-8.75675675676,-7.36363636364,-4.90656370656,-0.991964830635,0.159370790323,0.0986486486486,-3.58226845173,0.189471626329,0.0819345661451,-4.63634456173,-0.168887977348,-0.0867551762289,1.0122879841,0.28855786357,2.57258418021,0.7796260876,1.0122879841,2.57258418021,-0.186826898535,-0.334520520137,-784,-0.100900900901,-0.389875003069,0,0.0540540540541,-0.0540540540541,170,10,172,980,0.497076023392,0.989898989899,0.010101010101,0.502923976608,0.944444444444,0.497076023392,0.651340996169,0.622264229234,0.486975013291,0.482954545455,24,186,0,0,0,0
1498,WLNM_dir_neg,0.393166840097,0.303506120473,00:00:04,10,40,17,1236695352,threshold_sweep,0.4,0.6,0.0645161290323,0.116504854369,12,8,174,364,0.0645161290323,0.978494623656,0.0215053763441,0.935483870968,0.6,0.0645161290323,0.116504854369,0.673835125448,0.654719235364,0.0553633217993,0.10906837663,0.0430107526882,342,156,186,0,342,0,156,0,186,37,342,0.256756756757,1.72528881811,18.4864864865,15.5454545455,9.77142857143,5.36771015539,0.290358590277,0.142642642643,9.50849154237,1.02869645341,0.544491860281,8.05331334643,0.871264894205,0.461830251304,0.640599570326,0.371299902718,2,1.72528881811,0.640599570326,2,0.344071394247,0.376569037657,810,0.104247104247,0.56957682835,37,37,37,1,0,0.405405405405,0.540540540541,0.0540540540541,37,0.117117117117,2.21261261261,8.43243243243,7.09090909091,4.45714285714,5.04722443274,0.598549051319,0.327616077616,6.00525295579,1.42432281644,0.680873180873,3.83793300225,0.910278981302,0.463617463617,1.39215458577,0.629190386892,5.2,2.21261261261,1.39215458577,5.2,0,0,0,0,0.161113233172,37,37,37,1,0,0.405405405405,0.540540540541,0.0540540540541,37,176,0.132132132132,2.47920357549,9.51351351351,8,4.75675675676,4.33090715171,0.45523739947,0.244778869779,5.92267490903,1.24510779338,0.634213759214,3.45933042177,0.727245600031,0.3835995086,1.62897276509,0.65705486278,4.86038254623,2.47920357549,1.62897276509,4.86038254623,0.132968682969,0.0286034772855,17,0.0021879021879,0.174910070243,37,37,37,1,0,0.405405405405,0.594594594595,0,-166,-0.124624624625,0.753914757372,-8.97297297297,-7.54545454545,-5.01467181467,-1.03680300368,0.164878809193,0.102136227136,-3.58581663334,0.216411339961,0.0897218989324,-4.59398292467,-0.144019294174,-0.0782307427044,0.988373194768,0.285754960062,2.86038254623,0.753914757372,0.988373194768,2.86038254623,-0.211102711279,-0.347965560371,-793,-0.102059202059,-0.394666758107,0,0.0540540540541,-0.0540540540541,168,8,174,982,0.491228070175,0.991919191919,0.00808080808081,0.508771929825,0.954545454545,0.491228070175,0.648648648649,0.623268132604,0.483147262095,0.48,20,186,0,0,0,0
1499,WLNM_dir_neg,0.393166840097,0.303506120473,00:00:04,10,40,17,1236695352,threshold_sweep,0.5,0.578947368421,0.0591397849462,0.107317073171,11,8,175,364,0.0591397849462,0.978494623656,0.0215053763441,0.940860215054,0.578947368421,0.0591397849462,0.107317073171,0.672043010753,0.65531660693,0.0485268630849,0.0978231976089,0.0376344086022,342,156,186,0,342,0,156,0,186,37,342,0.256756756757,1.72528881811,18.4864864865,15.5454545455,9.77142857143,5.36771015539,0.290358590277,0.142642642643,9.50849154237,1.02869645341,0.544491860281,8.05331334643,0.871264894205,0.461830251304,0.640599570326,0.371299902718,2,1.72528881811,0.640599570326,2,0.344071394247,0.376569037657,810,0.104247104247,0.56957682835,37,37,37,1,0,0.405405405405,0.540540540541,0.0540540540541,37,0.117117117117,2.21261261261,8.43243243243,7.09090909091,4.45714285714,5.04722443274,0.598549051319,0.327616077616,6.00525295579,1.42432281644,0.680873180873,3.83793300225,0.910278981302,0.463617463617,1.39215458577,0.629190386892,5.2,2.21261261261,1.39215458577,5.2,0,0,0,0,0.161113233172,37,37,37,1,0,0.405405405405,0.540540540541,0.0540540540541,37,175,0.131381381381,2.46458859267,9.45945945946,7.95454545455,4.72972972973,4.32431493993,0.457141865078,0.243552123552,5.90973137502,1.24948606215,0.635057915058,3.46929906985,0.733508946196,0.385482625483,1.61030158142,0.653375409674,4.85215012457,2.46458859267,1.61030158142,4.85215012457,0.119369369369,0.0220838052095,13,0.0016731016731,0.1739674943,37,37,37,1,0,0.405405405405,0.594594594595,0,-167,-0.125375375375,0.73929977456,-9.02702702703,-7.59090909091,-5.0416988417,-1.04339521546,0.166783274801,0.100909480909,-3.59876016735,0.220789608733,0.0905660547766,-4.58401427659,-0.137755948009,-0.0763476258213,0.969702011091,0.282075506956,2.85215012457,0.73929977456,0.969702011091,2.85215012457,-0.224702024878,-0.354485232447,-797,-0.102574002574,-0.395609334049,0,0.0540540540541,-0.0540540540541,167,8,175,982,0.488304093567,0.991919191919,0.00808080808081,0.511695906433,0.954285714286,0.488304093567,0.646034816248,0.620995082594,0.480223285486,0.477142857143,19,186,0,0,0,0
1500,WLNM_dir_neg,0.393166840097,0.303506120473,00:00:04,10,40,17,1236695352,threshold_sweep,0.6,0.733333333333,0.0591397849462,0.109452736318,11,4,175,368,0.0591397849462,0.989247311828,0.010752688172,0.940860215054,0.733333333333,0.0591397849462,0.109452736318,0.679211469534,0.65770609319,0.0628272251309,0.141030148417,0.0483870967742,342,156,186,0,342,0,156,0,186,37,342,0.256756756757,1.72528881811,18.4864864865,15.5454545455,9.77142857143,5.36771015539,0.290358590277,0.142642642643,9.50849154237,1.02869645341,0.544491860281,8.05331334643,0.871264894205,0.461830251304,0.640599570326,0.371299902718,2,1.72528881811,0.640599570326,2,0.344071394247,0.376569037657,810,0.104247104247,0.56957682835,37,37,37,1,0,0.405405405405,0.540540540541,0.0540540540541,37,0.117117117117,2.21261261261,8.43243243243,7.09090909091,4.45714285714,5.04722443274,0.598549051319,0.327616077616,6.00525295579,1.42432281644,0.680873180873,3.83793300225,0.910278981302,0.463617463617,1.39215458577,0.629190386892,5.2,2.21261261261,1.39215458577,5.2,0,0,0,0,0.161113233172,37,37,37,1,0,0.405405405405,0.540540540541,0.0540540540541,37,171,0.128378378378,2.19164668307,9.24324324324,7.77272727273,4.75,4.47465334104,0.484099922862,0.259680733365,5.95049648419,1.28753432699,0.647700331911,3.5695576395,0.772360424922,0.407460091671,1.3172022755,0.601010320538,4.40643431635,2.19164668307,1.3172022755,4.40643431635,0.103453453453,0.0190092165899,11,0.0014157014157,0.172729620822,37,37,37,1,0,0.405405405405,0.567567567568,0.027027027027,-171,-0.128378378378,0.466357864953,-9.24324324324,-7.77272727273,-5.02142857143,-0.893056814349,0.193741332584,0.117038090722,-3.55799505818,0.258837873575,0.10320847163,-4.48375570693,-0.0989044692829,-0.0543701596333,0.67660270517,0.22971041782,2.40643431635,0.466357864953,0.67660270517,2.40643431635,-0.240617940794,-0.357559821067,-799,-0.102831402831,-0.396847207528,0,0.027027027027,-0.027027027027,167,4,175,986,0.488304093567,0.99595959596,0.0040404040404,0.511695906433,0.976608187135,0.488304093567,0.651072124756,0.632409509528,0.484263689527,0.482658959538,15,186,0,0,0,0
1501,WLNM_dir_neg,0.393166840097,0.303506120473,00:00:04,10,40,17,1236695352,threshold_sweep,0.7,0.733333333333,0.0591397849462,0.109452736318,11,4,175,368,0.0591397849462,0.989247311828,0.010752688172,0.940860215054,0.733333333333,0.0591397849462,0.109452736318,0.679211469534,0.65770609319,0.0628272251309,0.141030148417,0.0483870967742,342,156,186,0,342,0,156,0,186,37,342,0.256756756757,1.72528881811,18.4864864865,15.5454545455,9.77142857143,5.36771015539,0.290358590277,0.142642642643,9.50849154237,1.02869645341,0.544491860281,8.05331334643,0.871264894205,0.461830251304,0.640599570326,0.371299902718,2,1.72528881811,0.640599570326,2,0.344071394247,0.376569037657,810,0.104247104247,0.56957682835,37,37,37,1,0,0.405405405405,0.540540540541,0.0540540540541,37,0.117117117117,2.21261261261,8.43243243243,7.09090909091,4.45714285714,5.04722443274,0.598549051319,0.327616077616,6.00525295579,1.42432281644,0.680873180873,3.83793300225,0.910278981302,0.463617463617,1.39215458577,0.629190386892,5.2,2.21261261261,1.39215458577,5.2,0,0,0,0,0.161113233172,37,37,37,1,0,0.405405405405,0.540540540541,0.0540540540541,37,171,0.128378378378,2.19164668307,9.24324324324,7.77272727273,4.75,4.47465334104,0.484099922862,0.259680733365,5.95049648419,1.28753432699,0.647700331911,3.5695576395,0.772360424922,0.407460091671,1.3172022755,0.601010320538,4.40643431635,2.19164668307,1.3172022755,4.40643431635,0.103453453453,0.0190092165899,11,0.0014157014157,0.172729620822,37,37,37,1,0,0.405405405405,0.567567567568,0.027027027027,-171,-0.128378378378,0.466357864953,-9.24324324324,-7.77272727273,-5.02142857143,-0.893056814349,0.193741332584,0.117038090722,-3.55799505818,0.258837873575,0.10320847163,-4.48375570693,-0.0989044692829,-0.0543701596333,0.67660270517,0.22971041782,2.40643431635,0.466357864953,0.67660270517,2.40643431635,-0.240617940794,-0.357559821067,-799,-0.102831402831,-0.396847207528,0,0.027027027027,-0.027027027027,167,4,175,986,0.488304093567,0.99595959596,0.0040404040404,0.511695906433,0.976608187135,0.488304093567,0.651072124756,0.632409509528,0.484263689527,0.482658959538,15,186,0,0,0,0
1502,WLNM_dir_neg,0.393166840097,0.303506120473,00:00:04,10,40,17,1236695352,threshold_sweep,0.8,0.714285714286,0.0537634408602,0.1,10,4,176,368,0.0537634408602,0.989247311828,0.010752688172,0.94623655914,0.714285714286,0.0537634408602,0.1,0.677419354839,0.658303464755,0.0559440559441,0.12964074471,0.0430107526882,342,156,186,0,342,0,156,0,186,37,342,0.256756756757,1.72528881811,18.4864864865,15.5454545455,9.77142857143,5.36771015539,0.290358590277,0.142642642643,9.50849154237,1.02869645341,0.544491860281,8.05331334643,0.871264894205,0.461830251304,0.640599570326,0.371299902718,2,1.72528881811,0.640599570326,2,0.344071394247,0.376569037657,810,0.104247104247,0.56957682835,37,37,37,1,0,0.405405405405,0.540540540541,0.0540540540541,37,0.117117117117,2.21261261261,8.43243243243,7.09090909091,4.45714285714,5.04722443274,0.598549051319,0.327616077616,6.00525295579,1.42432281644,0.680873180873,3.83793300225,0.910278981302,0.463617463617,1.39215458577,0.629190386892,5.2,2.21261261261,1.39215458577,5.2,0,0,0,0,0.161113233172,37,37,37,1,0,0.405405405405,0.540540540541,0.0540540540541,37,170,0.127627627628,2.20221539875,9.18918918919,7.72727272727,4.72222222222,4.4274261261,0.481808137252,0.259141494436,5.94165829574,1.2931844526,0.648966613672,3.58592510503,0.78046605227,0.410174880763,1.335517987,0.606442942757,4.41459317585,2.20221539875,1.335517987,4.41459317585,0.092160648043,0.0157710280374,9,0.0011583011583,0.172224882655,37,37,37,1,0,0.405405405405,0.567567567568,0.027027027027,-172,-0.129129129129,0.476926580636,-9.2972972973,-7.81818181818,-5.04920634921,-0.94028402929,0.191449546975,0.116498851793,-3.56683324664,0.264487999187,0.104474753391,-4.46738824141,-0.0907988419344,-0.0516553705408,0.694918416678,0.23514304004,2.41459317585,0.476926580636,0.694918416678,2.41459317585,-0.251910746204,-0.36079800962,-801,-0.103088803089,-0.397351945695,0,0.027027027027,-0.027027027027,166,4,176,986,0.485380116959,0.99595959596,0.0040404040404,0.514619883041,0.976470588235,0.485380116959,0.6484375,0.630165786252,0.481339712919,0.479768786127,14,186,0,0,0,0
1503,WLNM_dir_neg,0.393166840097,0.303506120473,00:00:04,10,40,17,1236695352,threshold_sweep,0.9,0.555555555556,0.0268817204301,0.0512820512821,5,4,181,368,0.0268817204301,0.989247311828,0.010752688172,0.97311827957,0.555555555556,0.0268817204301,0.0512820512821,0.668458781362,0.661290322581,0.021164021164,0.0603571640283,0.0161290322581,342,156,186,0,342,0,156,0,186,37,342,0.256756756757,1.72528881811,18.4864864865,15.5454545455,9.77142857143,5.36771015539,0.290358590277,0.142642642643,9.50849154237,1.02869645341,0.544491860281,8.05331334643,0.871264894205,0.461830251304,0.640599570326,0.371299902718,2,1.72528881811,0.640599570326,2,0.344071394247,0.376569037657,810,0.104247104247,0.56957682835,37,37,37,1,0,0.405405405405,0.540540540541,0.0540540540541,37,0.117117117117,2.21261261261,8.43243243243,7.09090909091,4.45714285714,5.04722443274,0.598549051319,0.327616077616,6.00525295579,1.42432281644,0.680873180873,3.83793300225,0.910278981302,0.463617463617,1.39215458577,0.629190386892,5.2,2.21261261261,1.39215458577,5.2,0,0,0,0,0.161113233172,37,37,37,1,0,0.405405405405,0.540540540541,0.0540540540541,37,165,0.123873873874,2.32885678782,8.91891891892,7.5,4.58333333333,4.75148151386,0.532741866706,0.288452088452,6.00275212157,1.34607168787,0.664373464373,3.66359412625,0.821533228311,0.426535626536,1.54075281051,0.661591910061,5.2616091954,2.32885678782,1.54075281051,5.2616091954,0.0769740328564,0.0106445890006,6,0.000772200772201,0.16425275441,37,37,37,1,0,0.405405405405,0.567567567568,0.027027027027,-177,-0.132882882883,0.603567969707,-9.56756756757,-8.04545454545,-5.1880952381,-0.616228641531,0.242383276429,0.145809445809,-3.5057394208,0.317375234453,0.119881604092,-4.38971922018,-0.0497316658934,-0.0352946247683,0.900153240188,0.290292007343,3.2616091954,0.603567969707,0.900153240188,3.2616091954,-0.267097361391,-0.365924448656,-804,-0.103474903475,-0.40532407394,0,0.027027027027,-0.027027027027,161,4,181,986,0.470760233918,0.99595959596,0.0040404040404,0.529239766082,0.975757575758,0.470760233918,0.635108481262,0.618884354325,0.466719829878,0.465317919075,9,186,0,0,0,0
1504,WLNM_dir_neg,0.450073707943,0.347692023092,00:00:04,10,40,18,1236695353,threshold_sweep,0.1,0.452830188679,0.129032258065,0.200836820084,24,29,162,343,0.129032258065,0.922043010753,0.0779569892473,0.870967741935,0.452830188679,0.129032258065,0.200836820084,0.65770609319,0.635005973716,0.0621931260229,0.0821211418294,0.0510752688172,342,156,186,0,342,0,156,0,186,37,342,0.256756756757,1.72528881811,18.4864864865,15.5454545455,9.77142857143,5.36771015539,0.290358590277,0.142642642643,9.50849154237,1.02869645341,0.544491860281,8.05331334643,0.871264894205,0.461830251304,0.640599570326,0.371299902718,2,1.72528881811,0.640599570326,2,0.344071394247,0.376569037657,810,0.104247104247,0.56957682835,37,37,37,1,0,0.405405405405,0.540540540541,0.0540540540541,37,0.117117117117,2.18481481481,8.43243243243,7.09090909091,4.45714285714,5.03620525429,0.597242289772,0.326923076923,6.00062559301,1.42322530091,0.680526680527,3.83793300225,0.910278981302,0.463617463617,1.318977792,0.603702328937,4.32037037037,2.18481481481,1.318977792,4.32037037037,0,0,0,0,0.160896782956,37,37,37,1,0,0.405405405405,0.540540540541,0.0540540540541,37,209,0.156906906907,9.98019264348,11.2972972973,6.74193548387,5.64864864865,5.06000035609,0.447894768362,0.244148454675,6.00562799111,1.06319729986,0.559420664684,3.17294304512,0.561717189806,0.304668304668,4.30858424536,0.431713534926,12.8442226152,9.98019264348,4.30858424536,12.8442226152,0.147617287788,0.0852618757613,70,0.00900900900901,0.1731773419,37,37,37,1,0,0.162162162162,0.837837837838,0,-133,-0.0998498498498,8.25490382537,-7.18918918919,-8.80351906158,-4.12277992278,-0.307709799306,0.157536178085,0.101505812032,-3.50286355127,0.0345008464462,0.0149288044025,-4.88037030132,-0.309547704399,-0.157161946636,3.66798467503,0.0604136322081,10.8442226152,8.25490382537,3.66798467503,10.8442226152,-0.19645410646,-0.291307161896,-740,-0.0952380952381,-0.39639948645,-0.243243243243,0.297297297297,-0.0540540540541,180,29,162,961,0.526315789474,0.970707070707,0.0292929292929,0.473684210526,0.861244019139,0.526315789474,0.65335753176,0.59695829786,0.497022860181,0.485175202156,53,186,0,0,0,0
1505,WLNM_dir_neg,0.450073707943,0.347692023092,00:00:04,10,40,18,1236695353,threshold_sweep,0.2,0.461538461538,0.129032258065,0.201680672269,24,28,162,344,0.129032258065,0.924731182796,0.0752688172043,0.870967741935,0.461538461538,0.129032258065,0.201680672269,0.659498207885,0.635603345281,0.0655737704918,0.0871842563633,0.0537634408602,342,156,186,0,342,0,156,0,186,37,342,0.256756756757,1.72528881811,18.4864864865,15.5454545455,9.77142857143,5.36771015539,0.290358590277,0.142642642643,9.50849154237,1.02869645341,0.544491860281,8.05331334643,0.871264894205,0.461830251304,0.640599570326,0.371299902718,2,1.72528881811,0.640599570326,2,0.344071394247,0.376569037657,810,0.104247104247,0.56957682835,37,37,37,1,0,0.405405405405,0.540540540541,0.0540540540541,37,0.117117117117,2.18481481481,8.43243243243,7.09090909091,4.45714285714,5.03620525429,0.597242289772,0.326923076923,6.00062559301,1.42322530091,0.680526680527,3.83793300225,0.910278981302,0.463617463617,1.318977792,0.603702328937,4.32037037037,2.18481481481,1.318977792,4.32037037037,0,0,0,0,0.160896782956,37,37,37,1,0,0.405405405405,0.540540540541,0.0540540540541,37,208,0.156156156156,9.79897780591,11.2432432432,6.70967741935,5.62162162162,5.03545984552,0.447865418953,0.244672557173,5.99236250643,1.0659490997,0.560031185031,3.20027213558,0.569279177963,0.308731808732,4.21919982781,0.430575506077,12.6181335409,9.79897780591,4.21919982781,12.6181335409,0.147617287788,0.0852618757613,70,0.00900900900901,0.173080197015,37,37,37,1,0,0.162162162162,0.837837837838,0,-134,-0.100600600601,8.07368898779,-7.24324324324,-8.8357771261,-4.14980694981,-0.332250309872,0.157506828675,0.10202991453,-3.51612903595,0.0372526462858,0.0155393247499,-4.85304121086,-0.301985716242,-0.153098442572,3.57860025749,0.0592756033589,10.6181335409,8.07368898779,3.57860025749,10.6181335409,-0.19645410646,-0.291307161896,-740,-0.0952380952381,-0.396496631335,-0.243243243243,0.297297297297,-0.0540540540541,180,28,162,962,0.526315789474,0.971717171717,0.0282828282828,0.473684210526,0.865384615385,0.526315789474,0.654545454545,0.599340897339,0.498032961191,0.486486486486,52,186,0,0,0,0
1506,WLNM_dir_neg,0.450073707943,0.347692023092,00:00:04,10,40,18,1236695353,threshold_sweep,0.3,0.55,0.118279569892,0.194690265487,22,18,164,354,0.118279569892,0.951612903226,0.0483870967742,0.881720430108,0.55,0.118279569892,0.194690265487,0.673835125448,0.642771804062,0.0869565217391,0.127721342432,0.0698924731183,342,156,186,0,342,0,156,0,186,37,342,0.256756756757,1.72528881811,18.4864864865,15.5454545455,9.77142857143,5.36771015539,0.290358590277,0.142642642643,9.50849154237,1.02869645341,0.544491860281,8.05331334643,0.871264894205,0.461830251304,0.640599570326,0.371299902718,2,1.72528881811,0.640599570326,2,0.344071394247,0.376569037657,810,0.104247104247,0.56957682835,37,37,37,1,0,0.405405405405,0.540540540541,0.0540540540541,37,0.117117117117,2.18481481481,8.43243243243,7.09090909091,4.45714285714,5.03620525429,0.597242289772,0.326923076923,6.00062559301,1.42322530091,0.680526680527,3.83793300225,0.910278981302,0.463617463617,1.318977792,0.603702328937,4.32037037037,2.18481481481,1.318977792,4.32037037037,0,0,0,0,0.160896782956,37,37,37,1,0,0.405405405405,0.540540540541,0.0540540540541,37,196,0.147147147147,2.50641186742,10.5945945946,8.52173913043,5.2972972973,4.8273495112,0.455642683455,0.243519029233,6.19078555806,1.16866870229,0.609762824049,3.05382151178,0.576486713959,0.30805295091,1.50948436641,0.602249129934,4,2.50641186742,1.50948436641,4,0.130826337173,0.0684618895482,50,0.00643500643501,0.17239735913,37,37,37,1,0,0.378378378378,0.621621621622,0,-146,-0.10960960961,0.78112304931,-7.89189189189,-7.02371541502,-4.47413127413,-0.540360644191,0.165284093178,0.100876386591,-3.31770598432,0.139972248871,0.0652709637672,-4.99949183465,-0.294778180246,-0.153777300394,0.868884796088,0.230949227217,2,0.78112304931,0.868884796088,2,-0.213245057074,-0.308107148109,-760,-0.0978120978121,-0.39717946922,-0.027027027027,0.0810810810811,-0.0540540540541,178,18,164,972,0.520467836257,0.981818181818,0.0181818181818,0.479532163743,0.908163265306,0.520467836257,0.661710037175,0.619390497154,0.502286018075,0.494444444444,40,186,0,0,0,0
1507,WLNM_dir_neg,0.450073707943,0.347692023092,00:00:04,10,40,18,1236695353,threshold_sweep,0.4,0.552631578947,0.112903225806,0.1875,21,17,165,355,0.112903225806,0.954301075269,0.0456989247312,0.887096774194,0.552631578947,0.112903225806,0.1875,0.673835125448,0.643966547192,0.0838926174497,0.125756818216,0.0672043010753,342,156,186,0,342,0,156,0,186,37,342,0.256756756757,1.72528881811,18.4864864865,15.5454545455,9.77142857143,5.36771015539,0.290358590277,0.142642642643,9.50849154237,1.02869645341,0.544491860281,8.05331334643,0.871264894205,0.461830251304,0.640599570326,0.371299902718,2,1.72528881811,0.640599570326,2,0.344071394247,0.376569037657,810,0.104247104247,0.56957682835,37,37,37,1,0,0.405405405405,0.540540540541,0.0540540540541,37,0.117117117117,2.18481481481,8.43243243243,7.09090909091,4.45714285714,5.03620525429,0.597242289772,0.326923076923,6.00062559301,1.42322530091,0.680526680527,3.83793300225,0.910278981302,0.463617463617,1.318977792,0.603702328937,4.32037037037,2.18481481481,1.318977792,4.32037037037,0,0,0,0,0.160896782956,37,37,37,1,0,0.405405405405,0.540540540541,0.0540540540541,37,194,0.145645645646,2.54115886559,10.4864864865,8.4347826087,5.24324324324,4.83977514182,0.461524949092,0.246447478406,6.19321046436,1.18117931537,0.613262747283,3.07684366957,0.586820699866,0.311507383672,1.56827121632,0.617148041216,4.77388084037,2.54115886559,1.56827121632,4.77388084037,0.129639779098,0.0626740947075,45,0.00579150579151,0.169673303663,37,37,37,1,0,0.378378378378,0.621621621622,0,-148,-0.111111111111,0.815870047471,-8,-7.11067193676,-4.52818532819,-0.527935013569,0.171166358814,0.103804835764,-3.31528107801,0.152482861953,0.068770887002,-4.97646967687,-0.284444194339,-0.150322867632,0.92767164599,0.245848138499,2.77388084037,0.815870047471,0.92767164599,2.77388084037,-0.214431615149,-0.313894942949,-765,-0.0984555984556,-0.399903524687,-0.027027027027,0.0810810810811,-0.0540540540541,177,17,165,973,0.517543859649,0.982828282828,0.0171717171717,0.482456140351,0.912371134021,0.517543859649,0.660447761194,0.619657595248,0.500372142477,0.493036211699,38,186,0,0,0,0
1508,WLNM_dir_neg,0.450073707943,0.347692023092,00:00:04,10,40,18,1236695353,threshold_sweep,0.5,0.552631578947,0.112903225806,0.1875,21,17,165,355,0.112903225806,0.954301075269,0.0456989247312,0.887096774194,0.552631578947,0.112903225806,0.1875,0.673835125448,0.643966547192,0.0838926174497,0.125756818216,0.0672043010753,342,156,186,0,342,0,156,0,186,37,342,0.256756756757,1.72528881811,18.4864864865,15.5454545455,9.77142857143,5.36771015539,0.290358590277,0.142642642643,9.50849154237,1.02869645341,0.544491860281,8.05331334643,0.871264894205,0.461830251304,0.640599570326,0.371299902718,2,1.72528881811,0.640599570326,2,0.344071394247,0.376569037657,810,0.104247104247,0.56957682835,37,37,37,1,0,0.405405405405,0.540540540541,0.0540540540541,37,0.117117117117,2.18481481481,8.43243243243,7.09090909091,4.45714285714,5.03620525429,0.597242289772,0.326923076923,6.00062559301,1.42322530091,0.680526680527,3.83793300225,0.910278981302,0.463617463617,1.318977792,0.603702328937,4.32037037037,2.18481481481,1.318977792,4.32037037037,0,0,0,0,0.160896782956,37,37,37,1,0,0.405405405405,0.540540540541,0.0540540540541,37,194,0.145645645646,2.54115886559,10.4864864865,8.4347826087,5.24324324324,4.83977514182,0.461524949092,0.246447478406,6.19321046436,1.18117931537,0.613262747283,3.07684366957,0.586820699866,0.311507383672,1.56827121632,0.617148041216,4.77388084037,2.54115886559,1.56827121632,4.77388084037,0.129639779098,0.0626740947075,45,0.00579150579151,0.169673303663,37,37,37,1,0,0.378378378378,0.621621621622,0,-148,-0.111111111111,0.815870047471,-8,-7.11067193676,-4.52818532819,-0.527935013569,0.171166358814,0.103804835764,-3.31528107801,0.152482861953,0.068770887002,-4.97646967687,-0.284444194339,-0.150322867632,0.92767164599,0.245848138499,2.77388084037,0.815870047471,0.92767164599,2.77388084037,-0.214431615149,-0.313894942949,-765,-0.0984555984556,-0.399903524687,-0.027027027027,0.0810810810811,-0.0540540540541,177,17,165,973,0.517543859649,0.982828282828,0.0171717171717,0.482456140351,0.912371134021,0.517543859649,0.660447761194,0.619657595248,0.500372142477,0.493036211699,38,186,0,0,0,0
1509,WLNM_dir_neg,0.450073707943,0.347692023092,00:00:04,10,40,18,1236695353,threshold_sweep,0.6,0.552631578947,0.112903225806,0.1875,21,17,165,355,0.112903225806,0.954301075269,0.0456989247312,0.887096774194,0.552631578947,0.112903225806,0.1875,0.673835125448,0.643966547192,0.0838926174497,0.125756818216,0.0672043010753,342,156,186,0,342,0,156,0,186,37,342,0.256756756757,1.72528881811,18.4864864865,15.5454545455,9.77142857143,5.36771015539,0.290358590277,0.142642642643,9.50849154237,1.02869645341,0.544491860281,8.05331334643,0.871264894205,0.461830251304,0.640599570326,0.371299902718,2,1.72528881811,0.640599570326,2,0.344071394247,0.376569037657,810,0.104247104247,0.56957682835,37,37,37,1,0,0.405405405405,0.540540540541,0.0540540540541,37,0.117117117117,2.18481481481,8.43243243243,7.09090909091,4.45714285714,5.03620525429,0.597242289772,0.326923076923,6.00062559301,1.42322530091,0.680526680527,3.83793300225,0.910278981302,0.463617463617,1.318977792,0.603702328937,4.32037037037,2.18481481481,1.318977792,4.32037037037,0,0,0,0,0.160896782956,37,37,37,1,0,0.405405405405,0.540540540541,0.0540540540541,37,194,0.145645645646,2.54115886559,10.4864864865,8.4347826087,5.24324324324,4.83977514182,0.461524949092,0.246447478406,6.19321046436,1.18117931537,0.613262747283,3.07684366957,0.586820699866,0.311507383672,1.56827121632,0.617148041216,4.77388084037,2.54115886559,1.56827121632,4.77388084037,0.129639779098,0.0626740947075,45,0.00579150579151,0.169673303663,37,37,37,1,0,0.378378378378,0.621621621622,0,-148,-0.111111111111,0.815870047471,-8,-7.11067193676,-4.52818532819,-0.527935013569,0.171166358814,0.103804835764,-3.31528107801,0.152482861953,0.068770887002,-4.97646967687,-0.284444194339,-0.150322867632,0.92767164599,0.245848138499,2.77388084037,0.815870047471,0.92767164599,2.77388084037,-0.214431615149,-0.313894942949,-765,-0.0984555984556,-0.399903524687,-0.027027027027,0.0810810810811,-0.0540540540541,177,17,165,973,0.517543859649,0.982828282828,0.0171717171717,0.482456140351,0.912371134021,0.517543859649,0.660447761194,0.619657595248,0.500372142477,0.493036211699,38,186,0,0,0,0
1510,WLNM_dir_neg,0.450073707943,0.347692023092,00:00:04,10,40,18,1236695353,threshold_sweep,0.7,0.567567567568,0.112903225806,0.188340807175,21,16,165,356,0.112903225806,0.956989247312,0.0430107526882,0.887096774194,0.567567567568,0.112903225806,0.188340807175,0.675627240143,0.644563918757,0.0873949579832,0.132415439537,0.0698924731183,342,156,186,0,342,0,156,0,186,37,342,0.256756756757,1.72528881811,18.4864864865,15.5454545455,9.77142857143,5.36771015539,0.290358590277,0.142642642643,9.50849154237,1.02869645341,0.544491860281,8.05331334643,0.871264894205,0.461830251304,0.640599570326,0.371299902718,2,1.72528881811,0.640599570326,2,0.344071394247,0.376569037657,810,0.104247104247,0.56957682835,37,37,37,1,0,0.405405405405,0.540540540541,0.0540540540541,37,0.117117117117,2.18481481481,8.43243243243,7.09090909091,4.45714285714,5.03620525429,0.597242289772,0.326923076923,6.00062559301,1.42322530091,0.680526680527,3.83793300225,0.910278981302,0.463617463617,1.318977792,0.603702328937,4.32037037037,2.18481481481,1.318977792,4.32037037037,0,0,0,0,0.160896782956,37,37,37,1,0,0.405405405405,0.540540540541,0.0540540540541,37,193,0.144894894895,2.5404727967,10.4324324324,8.39130434783,5.21621621622,4.89069718127,0.468797398205,0.251365354992,6.18751042708,1.18620666219,0.615039910377,3.11033345064,0.596281542351,0.317882649489,1.56730336138,0.61693373116,4.77127573513,2.5404727967,1.56730336138,4.77127573513,0.12760202706,0.0615671641791,44,0.00566280566281,0.169869964017,37,37,37,1,0,0.378378378378,0.621621621622,0,-149,-0.111861861862,0.815183978589,-8.05405405405,-7.15415019763,-4.55521235521,-0.47701297412,0.178438807928,0.10872271235,-3.32098111529,0.157510208772,0.0705480500954,-4.94297989579,-0.274983351854,-0.143947601815,0.926703791056,0.245633828442,2.77127573513,0.815183978589,0.926703791056,2.77127573513,-0.216469367187,-0.315001873478,-766,-0.0985842985843,-0.399706864333,-0.027027027027,0.0810810810811,-0.0540540540541,177,16,165,974,0.517543859649,0.983838383838,0.0161616161616,0.482456140351,0.917098445596,0.517543859649,0.661682242991,0.622241658112,0.501382243488,0.494413407821,37,186,0,0,0,0
1511,WLNM_dir_neg,0.450073707943,0.347692023092,00:00:04,10,40,18,1236695353,threshold_sweep,0.8,0.53125,0.0913978494624,0.155963302752,17,15,169,357,0.0913978494624,0.959677419355,0.0403225806452,0.908602150538,0.53125,0.0913978494624,0.155963302752,0.670250896057,0.647550776583,0.064406779661,0.103554921047,0.0510752688172,342,156,186,0,342,0,156,0,186,37,342,0.256756756757,1.72528881811,18.4864864865,15.5454545455,9.77142857143,5.36771015539,0.290358590277,0.142642642643,9.50849154237,1.02869645341,0.544491860281,8.05331334643,0.871264894205,0.461830251304,0.640599570326,0.371299902718,2,1.72528881811,0.640599570326,2,0.344071394247,0.376569037657,810,0.104247104247,0.56957682835,37,37,37,1,0,0.405405405405,0.540540540541,0.0540540540541,37,0.117117117117,2.18481481481,8.43243243243,7.09090909091,4.45714285714,5.03620525429,0.597242289772,0.326923076923,6.00062559301,1.42322530091,0.680526680527,3.83793300225,0.910278981302,0.463617463617,1.318977792,0.603702328937,4.32037037037,2.18481481481,1.318977792,4.32037037037,0,0,0,0,0.160896782956,37,37,37,1,0,0.405405405405,0.540540540541,0.0540540540541,37,188,0.141141141141,2.56557453674,10.1621621622,8.17391304348,5.08108108108,4.62789557114,0.455404617373,0.245399654974,6.0524484411,1.19117336341,0.616446233468,3.19181573523,0.628176501083,0.330649798735,1.60217250855,0.624488778482,4.86250390678,2.56557453674,1.60217250855,4.86250390678,0.110467998703,0.0477611940299,32,0.0041184041184,0.167008140642,37,37,37,1,0,0.378378378378,0.621621621622,0,-154,-0.115615615616,0.840285718628,-8.32432432432,-7.37154150198,-4.69034749035,-0.739814584249,0.165046027096,0.102757012331,-3.45604310128,0.162476909992,0.0719543731862,-4.8614976112,-0.243088393122,-0.131180452569,0.961572938229,0.253188875764,2.86250390678,0.840285718628,0.961572938229,2.86250390678,-0.233603395544,-0.328807843627,-778,-0.100128700129,-0.402568687708,-0.027027027027,0.0810810810811,-0.0540540540541,173,15,169,975,0.505847953216,0.984848484848,0.0151515151515,0.494152046784,0.920212765957,0.505847953216,0.652830188679,0.615675141601,0.490696438065,0.484593837535,32,186,0,0,0,0
1512,WLNM_dir_neg,0.450073707943,0.347692023092,00:00:04,10,40,18,1236695353,threshold_sweep,0.9,0.666666666667,0.0860215053763,0.152380952381,16,8,170,364,0.0860215053763,0.978494623656,0.0215053763441,0.913978494624,0.666666666667,0.0860215053763,0.152380952381,0.681003584229,0.652329749104,0.0824742268041,0.149906337799,0.0645161290323,342,156,186,0,342,0,156,0,186,37,342,0.256756756757,1.72528881811,18.4864864865,15.5454545455,9.77142857143,5.36771015539,0.290358590277,0.142642642643,9.50849154237,1.02869645341,0.544491860281,8.05331334643,0.871264894205,0.461830251304,0.640599570326,0.371299902718,2,1.72528881811,0.640599570326,2,0.344071394247,0.376569037657,810,0.104247104247,0.56957682835,37,37,37,1,0,0.405405405405,0.540540540541,0.0540540540541,37,0.117117117117,2.18481481481,8.43243243243,7.09090909091,4.45714285714,5.03620525429,0.597242289772,0.326923076923,6.00062559301,1.42322530091,0.680526680527,3.83793300225,0.910278981302,0.463617463617,1.318977792,0.603702328937,4.32037037037,2.18481481481,1.318977792,4.32037037037,0,0,0,0,0.160896782956,37,37,37,1,0,0.405405405405,0.540540540541,0.0540540540541,37,180,0.135135135135,2.51705020387,9.72972972973,7.82608695652,4.86486486486,4.6883345103,0.481856602448,0.258408408408,6.05145603307,1.2439104068,0.631231231231,3.35130291547,0.688878932624,0.360960960961,1.53510323152,0.609881848664,4.6067724261,2.51705020387,1.53510323152,4.6067724261,0.091527532704,0.0341085271318,22,0.0028314028314,0.162323560214,37,37,37,1,0,0.378378378378,0.621621621622,0,-162,-0.121621621622,0.791761385759,-8.75675675676,-7.71936758893,-4.90656370656,-0.679375645092,0.19149801217,0.115765765766,-3.45703550931,0.215213953382,0.0867393709499,-4.70201043097,-0.182385961581,-0.100869290343,0.894503661193,0.238581945947,2.6067724261,0.791761385759,0.894503661193,2.6067724261,-0.252543861543,-0.342460510525,-788,-0.101415701416,-0.407253268136,-0.027027027027,0.0810810810811,-0.0540540540541,172,8,170,982,0.502923976608,0.991919191919,0.00808080808081,0.497076023392,0.955555555556,0.502923976608,0.659003831418,0.6323182801,0.494843168527,0.491428571429,24,186,0,0,0,0
1513,WLNM_dir_neg,0.35157243612,0.313626475228,00:00:04,10,40,19,1236695354,threshold_sweep,0.1,0.363636363636,0.129032258065,0.190476190476,24,42,162,330,0.129032258065,0.887096774194,0.112903225806,0.870967741935,0.363636363636,0.129032258065,0.190476190476,0.634408602151,0.627240143369,0.0192307692308,0.0235440804674,0.0161290322581,342,156,186,0,342,0,156,0,186,37,342,0.256756756757,1.72528881811,18.4864864865,15.5454545455,9.77142857143,5.36771015539,0.290358590277,0.142642642643,9.50849154237,1.02869645341,0.544491860281,8.05331334643,0.871264894205,0.461830251304,0.640599570326,0.371299902718,2,1.72528881811,0.640599570326,2,0.344071394247,0.376569037657,810,0.104247104247,0.56957682835,37,37,37,1,0,0.405405405405,0.540540540541,0.0540540540541,37,0.117117117117,2.21261261261,8.43243243243,7.09090909091,4.45714285714,5.04722443274,0.598549051319,0.327616077616,6.00525295579,1.42432281644,0.680873180873,3.83793300225,0.910278981302,0.463617463617,1.39215458577,0.629190386892,5.2,2.21261261261,1.39215458577,5.2,0,0,0,0,0.161113233172,37,37,37,1,0,0.405405405405,0.540540540541,0.0540540540541,37,222,0.166666666667,NaN,12,6,6,5.027701043,0.418975086917,0.22510348186,5.50757054729,0.917928424548,0.473338203068,3.52766841475,0.587944735792,0.318724129535,NaN,NaN,NaN,NaN,NaN,NaN,0.195674654189,0.12077294686,100,0.01287001287,0.14360059981,37,37,0,1,2,0,1,0,-120,-0.0900900900901,NaN,-6.48648648649,-9.54545454545,-3.77142857143,-0.340009112394,0.128616496639,0.0824608392176,-4.00092099509,-0.110768028867,-0.0711536572134,-4.52564493168,-0.283320158413,-0.143106121769,NaN,NaN,NaN,NaN,NaN,NaN,-0.148396740059,-0.255796090797,-710,-0.0913770913771,-0.42597622854,-0.405405405405,0.459459459459,-0.0540540540541,180,42,162,948,0.526315789474,0.957575757576,0.0424242424242,0.473684210526,0.810810810811,0.526315789474,0.63829787234,0.56720586037,0.483891547049,0.46875,66,186,0,0,0,0
1514,WLNM_dir_neg,0.35157243612,0.313626475228,00:00:04,10,40,19,1236695354,threshold_sweep,0.2,0.425925925926,0.123655913978,0.191666666667,23,31,163,341,0.123655913978,0.916666666667,0.0833333333333,0.876344086022,0.425925925926,0.123655913978,0.191666666667,0.652329749104,0.634408602151,0.0490196078431,0.0642930624842,0.0403225806452,342,156,186,0,342,0,156,0,186,37,342,0.256756756757,1.72528881811,18.4864864865,15.5454545455,9.77142857143,5.36771015539,0.290358590277,0.142642642643,9.50849154237,1.02869645341,0.544491860281,8.05331334643,0.871264894205,0.461830251304,0.640599570326,0.371299902718,2,1.72528881811,0.640599570326,2,0.344071394247,0.376569037657,810,0.104247104247,0.56957682835,37,37,37,1,0,0.405405405405,0.540540540541,0.0540540540541,37,0.117117117117,2.21261261261,8.43243243243,7.09090909091,4.45714285714,5.04722443274,0.598549051319,0.327616077616,6.00525295579,1.42432281644,0.680873180873,3.83793300225,0.910278981302,0.463617463617,1.39215458577,0.629190386892,5.2,2.21261261261,1.39215458577,5.2,0,0,0,0,0.161113233172,37,37,37,1,0,0.405405405405,0.540540540541,0.0540540540541,37,210,0.157657657658,1,11.3513513514,5.83333333333,5.67567567568,5.11107846967,0.450261674709,0.239897039897,5.68161779608,1.00104694502,0.514028314028,3.44846225032,0.607586206009,0.331531531532,0,0,0,NaN,NaN,NaN,0.171670382816,0.102775368604,79,0.0101673101673,0.148023146796,37,37,0,1,3,0.027027027027,0.972972972973,0,-132,-0.0990990990991,-0.725288818115,-7.13513513514,-9.71212121212,-4.09575289575,-0.256631685723,0.159903084432,0.0972543972544,-3.82687374629,-0.0276495083904,-0.030463546253,-4.60485109611,-0.263678688196,-0.130298719772,-0.640599570326,-0.371299902718,-2,NaN,NaN,NaN,-0.172401011432,-0.273793669053,-731,-0.0940797940798,-0.421553681553,-0.378378378378,0.432432432432,-0.0540540540541,179,31,163,959,0.523391812865,0.968686868687,0.0313131313131,0.476608187135,0.852380952381,0.523391812865,0.648550724638,0.589873824504,0.492078681552,0.479892761394,54,186,0,0,0,0
1515,WLNM_dir_neg,0.35157243612,0.313626475228,00:00:04,10,40,19,1236695354,threshold_sweep,0.3,0.411764705882,0.112903225806,0.177215189873,21,30,165,342,0.112903225806,0.91935483871,0.0806451612903,0.887096774194,0.411764705882,0.112903225806,0.177215189873,0.650537634409,0.636200716846,0.0394088669951,0.0527687954285,0.0322580645161,342,156,186,0,342,0,156,0,186,37,342,0.256756756757,1.72528881811,18.4864864865,15.5454545455,9.77142857143,5.36771015539,0.290358590277,0.142642642643,9.50849154237,1.02869645341,0.544491860281,8.05331334643,0.871264894205,0.461830251304,0.640599570326,0.371299902718,2,1.72528881811,0.640599570326,2,0.344071394247,0.376569037657,810,0.104247104247,0.56957682835,37,37,37,1,0,0.405405405405,0.540540540541,0.0540540540541,37,0.117117117117,2.21261261261,8.43243243243,7.09090909091,4.45714285714,5.04722443274,0.598549051319,0.327616077616,6.00525295579,1.42432281644,0.680873180873,3.83793300225,0.910278981302,0.463617463617,1.39215458577,0.629190386892,5.2,2.21261261261,1.39215458577,5.2,0,0,0,0,0.161113233172,37,37,37,1,0,0.405405405405,0.540540540541,0.0540540540541,37,207,0.155405405405,1,11.1891891892,5.75,5.59459459459,5.15233408724,0.460474302483,0.24794359577,5.71284838208,1.02113715042,0.519127823476,3.45976443851,0.618412001086,0.336858597728,0,0,0,NaN,NaN,NaN,0.165621907727,0.0979267754742,74,0.00952380952381,0.145867519588,37,37,0,1,3,0.027027027027,0.972972972973,0,-135,-0.101351351351,-0.725288818115,-7.2972972973,-9.79545454545,-4.17683397683,-0.215376068152,0.170115712206,0.105300953127,-3.79564316029,-0.00755930299467,-0.0253640368057,-4.59354890793,-0.252852893119,-0.124971653576,-0.640599570326,-0.371299902718,-2,NaN,NaN,NaN,-0.17844948652,-0.278642262183,-736,-0.0947232947233,-0.423709308762,-0.378378378378,0.432432432432,-0.0540540540541,177,30,165,960,0.517543859649,0.969696969697,0.030303030303,0.482456140351,0.855072463768,0.517543859649,0.644808743169,0.587506789827,0.487240829346,0.475806451613,51,186,0,0,0,0
1516,WLNM_dir_neg,0.35157243612,0.313626475228,00:00:04,10,40,19,1236695354,threshold_sweep,0.4,0.645161290323,0.10752688172,0.184331797235,20,11,166,361,0.10752688172,0.970430107527,0.0295698924731,0.89247311828,0.645161290323,0.10752688172,0.184331797235,0.682795698925,0.648148148148,0.0984719864177,0.160434160295,0.0779569892473,342,156,186,0,342,0,156,0,186,37,342,0.256756756757,1.72528881811,18.4864864865,15.5454545455,9.77142857143,5.36771015539,0.290358590277,0.142642642643,9.50849154237,1.02869645341,0.544491860281,8.05331334643,0.871264894205,0.461830251304,0.640599570326,0.371299902718,2,1.72528881811,0.640599570326,2,0.344071394247,0.376569037657,810,0.104247104247,0.56957682835,37,37,37,1,0,0.405405405405,0.540540540541,0.0540540540541,37,0.117117117117,2.21261261261,8.43243243243,7.09090909091,4.45714285714,5.04722443274,0.598549051319,0.327616077616,6.00525295579,1.42432281644,0.680873180873,3.83793300225,0.910278981302,0.463617463617,1.39215458577,0.629190386892,5.2,2.21261261261,1.39215458577,5.2,0,0,0,0,0.161113233172,37,37,37,1,0,0.405405405405,0.540540540541,0.0540540540541,37,187,0.14039039039,2.52805293703,10.1081081081,8.13043478261,5.05405405405,4.50791762584,0.44597046031,0.238329238329,6.12347915788,1.21159748044,0.62089897384,3.37429783598,0.667641817814,0.362191068073,1.5558883573,0.615449278974,4.16558441558,2.52805293703,1.5558883573,4.16558441558,0.152829279145,0.0619335347432,41,0.00527670527671,0.17637829009,37,37,37,1,0,0.378378378378,0.621621621622,0,-155,-0.116366366366,0.802764118916,-8.37837837838,-7.41501976285,-4.71737451737,-0.859792529557,0.155611870033,0.0956865956866,-3.38501238449,0.182901027021,0.0764071135588,-4.67901551046,-0.203623076391,-0.0996391832305,0.915288786978,0.244149376256,2.16558441558,0.802764118916,0.915288786978,2.16558441558,-0.191242115102,-0.314635502914,-769,-0.0989703989704,-0.39319853826,-0.027027027027,0.0810810810811,-0.0540540540541,176,11,166,979,0.514619883041,0.988888888889,0.0111111111111,0.485380116959,0.941176470588,0.514619883041,0.665406427221,0.633160983152,0.50350877193,0.498583569405,31,186,0,0,0,0
1517,WLNM_dir_neg,0.35157243612,0.313626475228,00:00:04,10,40,19,1236695354,threshold_sweep,0.5,0.655172413793,0.102150537634,0.176744186047,19,10,167,362,0.102150537634,0.97311827957,0.0268817204301,0.897849462366,0.655172413793,0.102150537634,0.176744186047,0.682795698925,0.649342891278,0.0954003407155,0.159851309568,0.0752688172043,342,156,186,0,342,0,156,0,186,37,342,0.256756756757,1.72528881811,18.4864864865,15.5454545455,9.77142857143,5.36771015539,0.290358590277,0.142642642643,9.50849154237,1.02869645341,0.544491860281,8.05331334643,0.871264894205,0.461830251304,0.640599570326,0.371299902718,2,1.72528881811,0.640599570326,2,0.344071394247,0.376569037657,810,0.104247104247,0.56957682835,37,37,37,1,0,0.405405405405,0.540540540541,0.0540540540541,37,0.117117117117,2.21261261261,8.43243243243,7.09090909091,4.45714285714,5.04722443274,0.598549051319,0.327616077616,6.00525295579,1.42432281644,0.680873180873,3.83793300225,0.910278981302,0.463617463617,1.39215458577,0.629190386892,5.2,2.21261261261,1.39215458577,5.2,0,0,0,0,0.161113233172,37,37,37,1,0,0.405405405405,0.540540540541,0.0540540540541,37,185,0.138888888889,2.51952551244,10,8.04347826087,5,4.55826477706,0.455826477706,0.244704163623,6.11464544261,1.22292908852,0.625273922571,3.40750805004,0.681501610009,0.369028487947,1.54403354038,0.6128271108,4.14285714286,2.51952551244,1.54403354038,4.14285714286,0.145532441275,0.0551583248212,36,0.0046332046332,0.174977740512,37,37,37,1,0,0.378378378378,0.621621621622,0,-157,-0.117867867868,0.794236694327,-8.48648648649,-7.50197628458,-4.77142857143,-0.809445378334,0.165467887429,0.10206152098,-3.39384609976,0.194232635108,0.0807820622899,-4.64580529639,-0.189763284196,-0.0928017633565,0.90343397005,0.241527208082,2.14285714286,0.794236694327,0.90343397005,2.14285714286,-0.198538952972,-0.321410712836,-774,-0.0996138996139,-0.394599087838,-0.027027027027,0.0810810810811,-0.0540540540541,175,10,167,980,0.511695906433,0.989898989899,0.010101010101,0.488304093567,0.945945945946,0.511695906433,0.664136622391,0.633601484515,0.501594896332,0.497159090909,29,186,0,0,0,0
1518,WLNM_dir_neg,0.35157243612,0.313626475228,00:00:04,10,40,19,1236695354,threshold_sweep,0.6,0.625,0.0806451612903,0.142857142857,15,9,171,363,0.0806451612903,0.975806451613,0.0241935483871,0.91935483871,0.625,0.0806451612903,0.142857142857,0.677419354839,0.652329749104,0.0721649484536,0.131168045574,0.0564516129032,342,156,186,0,342,0,156,0,186,37,342,0.256756756757,1.72528881811,18.4864864865,15.5454545455,9.77142857143,5.36771015539,0.290358590277,0.142642642643,9.50849154237,1.02869645341,0.544491860281,8.05331334643,0.871264894205,0.461830251304,0.640599570326,0.371299902718,2,1.72528881811,0.640599570326,2,0.344071394247,0.376569037657,810,0.104247104247,0.56957682835,37,37,37,1,0,0.405405405405,0.540540540541,0.0540540540541,37,0.117117117117,2.21261261261,8.43243243243,7.09090909091,4.45714285714,5.04722443274,0.598549051319,0.327616077616,6.00525295579,1.42432281644,0.680873180873,3.83793300225,0.910278981302,0.463617463617,1.39215458577,0.629190386892,5.2,2.21261261261,1.39215458577,5.2,0,0,0,0,0.161113233172,37,37,37,1,0,0.405405405405,0.540540540541,0.0540540540541,37,180,0.135135135135,2.05642927426,9.72972972973,8.18181818182,4.86486486486,4.64667532668,0.477574964131,0.257507507508,6.11538207293,1.25705075944,0.637237237237,3.44127045469,0.707372260131,0.378678678679,1.07887455331,0.52463489351,3.21427083762,2.05642927426,1.07887455331,3.21427083762,0.125460013308,0.0409663865546,26,0.0033462033462,0.179466480972,37,37,37,1,0,0.405405405405,0.594594594595,0,-162,-0.121621621622,0.331140456146,-8.75675675676,-7.36363636364,-4.90656370656,-0.721034828712,0.187216373854,0.114864864865,-3.39310946945,0.228354306021,0.0927453769559,-4.61204289174,-0.163892634074,-0.0831515726253,0.438274982988,0.153334990793,1.21427083762,0.331140456146,0.438274982988,1.21427083762,-0.218611380939,-0.335602651102,-784,-0.100900900901,-0.390110347378,0,0.0540540540541,-0.0540540540541,171,9,171,981,0.5,0.990909090909,0.00909090909091,0.5,0.95,0.5,0.655172413793,0.627291254667,0.490909090909,0.487179487179,24,186,0,0,0,0
1519,WLNM_dir_neg,0.35157243612,0.313626475228,00:00:04,10,40,19,1236695354,threshold_sweep,0.7,0.652173913043,0.0806451612903,0.143540669856,15,8,171,364,0.0806451612903,0.978494623656,0.0215053763441,0.91935483871,0.652173913043,0.0806451612903,0.143540669856,0.679211469534,0.652927120669,0.0757314974182,0.140238376035,0.0591397849462,342,156,186,0,342,0,156,0,186,37,342,0.256756756757,1.72528881811,18.4864864865,15.5454545455,9.77142857143,5.36771015539,0.290358590277,0.142642642643,9.50849154237,1.02869645341,0.544491860281,8.05331334643,0.871264894205,0.461830251304,0.640599570326,0.371299902718,2,1.72528881811,0.640599570326,2,0.344071394247,0.376569037657,810,0.104247104247,0.56957682835,37,37,37,1,0,0.405405405405,0.540540540541,0.0540540540541,37,0.117117117117,2.21261261261,8.43243243243,7.09090909091,4.45714285714,5.04722443274,0.598549051319,0.327616077616,6.00525295579,1.42432281644,0.680873180873,3.83793300225,0.910278981302,0.463617463617,1.39215458577,0.629190386892,5.2,2.21261261261,1.39215458577,5.2,0,0,0,0,0.161113233172,37,37,37,1,0,0.405405405405,0.540540540541,0.0540540540541,37,179,0.134384384384,2.06143088447,9.67567567568,8.13636363636,4.83783783784,4.6907358701,0.484796724004,0.262116865469,6.12151721169,1.26534154655,0.638985354069,3.43603060323,0.710240962678,0.379586290201,1.08867133839,0.528114401793,3.23421476117,2.06143088447,1.08867133839,3.23421476117,0.118635606484,0.0364500792393,23,0.0029601029601,0.176820978327,37,37,37,1,0,0.405405405405,0.594594594595,0,-163,-0.122372372372,0.336142066357,-8.81081081081,-7.40909090909,-4.93359073359,-0.676974285298,0.194438133727,0.119474222826,-3.38697433069,0.236645093135,0.0944934937878,-4.61728274321,-0.161023931527,-0.0822439611031,0.448071768066,0.156814499076,1.23421476117,0.336142066357,0.448071768066,1.23421476117,-0.225435787764,-0.340118958418,-787,-0.101287001287,-0.392755850023,0,0.0540540540541,-0.0540540540541,171,8,171,982,0.5,0.991919191919,0.00808080808081,0.5,0.95530726257,0.5,0.656429942418,0.630061942497,0.491919191919,0.488571428571,23,186,0,0,0,0
1520,WLNM_dir_neg,0.35157243612,0.313626475228,00:00:04,10,40,19,1236695354,threshold_sweep,0.8,0.65,0.0698924731183,0.126213592233,13,7,173,365,0.0698924731183,0.981182795699,0.0188172043011,0.930107526882,0.65,0.0698924731183,0.126213592233,0.677419354839,0.654719235364,0.0657439446367,0.129518697248,0.0510752688172,342,156,186,0,342,0,156,0,186,37,342,0.256756756757,1.72528881811,18.4864864865,15.5454545455,9.77142857143,5.36771015539,0.290358590277,0.142642642643,9.50849154237,1.02869645341,0.544491860281,8.05331334643,0.871264894205,0.461830251304,0.640599570326,0.371299902718,2,1.72528881811,0.640599570326,2,0.344071394247,0.376569037657,810,0.104247104247,0.56957682835,37,37,37,1,0,0.405405405405,0.540540540541,0.0540540540541,37,0.117117117117,2.21261261261,8.43243243243,7.09090909091,4.45714285714,5.04722443274,0.598549051319,0.327616077616,6.00525295579,1.42432281644,0.680873180873,3.83793300225,0.910278981302,0.463617463617,1.39215458577,0.629190386892,5.2,2.21261261261,1.39215458577,5.2,0,0,0,0,0.161113233172,37,37,37,1,0,0.405405405405,0.540540540541,0.0540540540541,37,176,0.132132132132,2.07976982388,9.51351351351,8,4.75675675676,4.82828254272,0.507518335456,0.275798525799,6.11194370523,1.28489725621,0.646191646192,3.49130193326,0.733966883697,0.390663390663,1.12884643609,0.542774697048,3.81328528529,2.07976982388,1.12884643609,3.81328528529,0.141095128943,0.0305793991416,19,0.0024453024453,0.174929291841,37,37,37,1,0,0.405405405405,0.594594594595,0,-166,-0.124624624625,0.354481005763,-8.97297297297,-7.54545454545,-5.01467181467,-0.539427612676,0.217159745179,0.133155883156,-3.39654783715,0.256200802798,0.10169978591,-4.56201141317,-0.137298010508,-0.0711668606405,0.488246865759,0.17147479433,1.81328528529,0.354481005763,0.488246865759,1.81328528529,-0.202976265304,-0.345989638515,-791,-0.101801801802,-0.394647536509,0,0.0540540540541,-0.0540540540541,169,7,173,983,0.494152046784,0.992929292929,0.00707070707071,0.505847953216,0.960227272727,0.494152046784,0.65250965251,0.628343159212,0.487081339713,0.484240687679,20,186,0,0,0,0
1521,WLNM_dir_neg,0.35157243612,0.313626475228,00:00:04,10,40,19,1236695354,threshold_sweep,0.9,0.65,0.0698924731183,0.126213592233,13,7,173,365,0.0698924731183,0.981182795699,0.0188172043011,0.930107526882,0.65,0.0698924731183,0.126213592233,0.677419354839,0.654719235364,0.0657439446367,0.129518697248,0.0510752688172,342,156,186,0,342,0,156,0,186,37,342,0.256756756757,1.72528881811,18.4864864865,15.5454545455,9.77142857143,5.36771015539,0.290358590277,0.142642642643,9.50849154237,1.02869645341,0.544491860281,8.05331334643,0.871264894205,0.461830251304,0.640599570326,0.371299902718,2,1.72528881811,0.640599570326,2,0.344071394247,0.376569037657,810,0.104247104247,0.56957682835,37,37,37,1,0,0.405405405405,0.540540540541,0.0540540540541,37,0.117117117117,2.21261261261,8.43243243243,7.09090909091,4.45714285714,5.04722443274,0.598549051319,0.327616077616,6.00525295579,1.42432281644,0.680873180873,3.83793300225,0.910278981302,0.463617463617,1.39215458577,0.629190386892,5.2,2.21261261261,1.39215458577,5.2,0,0,0,0,0.161113233172,37,37,37,1,0,0.405405405405,0.540540540541,0.0540540540541,37,176,0.132132132132,2.07976982388,9.51351351351,8,4.75675675676,4.82828254272,0.507518335456,0.275798525799,6.11194370523,1.28489725621,0.646191646192,3.49130193326,0.733966883697,0.390663390663,1.12884643609,0.542774697048,3.81328528529,2.07976982388,1.12884643609,3.81328528529,0.141095128943,0.0305793991416,19,0.0024453024453,0.174929291841,37,37,37,1,0,0.405405405405,0.594594594595,0,-166,-0.124624624625,0.354481005763,-8.97297297297,-7.54545454545,-5.01467181467,-0.539427612676,0.217159745179,0.133155883156,-3.39654783715,0.256200802798,0.10169978591,-4.56201141317,-0.137298010508,-0.0711668606405,0.488246865759,0.17147479433,1.81328528529,0.354481005763,0.488246865759,1.81328528529,-0.202976265304,-0.345989638515,-791,-0.101801801802,-0.394647536509,0,0.0540540540541,-0.0540540540541,169,7,173,983,0.494152046784,0.992929292929,0.00707070707071,0.505847953216,0.960227272727,0.494152046784,0.65250965251,0.628343159212,0.487081339713,0.484240687679,20,186,0,0,0,0
1522,WLNM_dir_neg,0.293718927044,0.31744049638,00:00:04,10,40,20,1236695355,threshold_sweep,0.1,0.6,0.161290322581,0.254237288136,30,20,156,352,0.161290322581,0.94623655914,0.0537634408602,0.838709677419,0.6,0.161290322581,0.254237288136,0.68458781362,0.636798088411,0.131578947368,0.177471301883,0.10752688172,342,156,186,0,342,0,156,0,186,37,342,0.256756756757,1.72528881811,18.4864864865,15.5454545455,9.77142857143,5.36771015539,0.290358590277,0.142642642643,9.50849154237,1.02869645341,0.544491860281,8.05331334643,0.871264894205,0.461830251304,0.640599570326,0.371299902718,2,1.72528881811,0.640599570326,2,0.344071394247,0.376569037657,810,0.104247104247,0.56957682835,37,37,37,1,0,0.405405405405,0.540540540541,0.0540540540541,37,0.117117117117,2.18481481481,8.43243243243,7.09090909091,4.45714285714,5.03620525429,0.597242289772,0.326923076923,6.00062559301,1.42322530091,0.680526680527,3.83793300225,0.910278981302,0.463617463617,1.318977792,0.603702328937,4.32037037037,2.18481481481,1.318977792,4.32037037037,0,0,0,0,0.160896782956,37,37,37,1,0,0.405405405405,0.540540540541,0.0540540540541,37,206,0.154654654655,6.60519280019,11.1351351351,7.35714285714,5.56756756757,4.79097625265,0.430257576087,0.223956966675,5.94671029758,1.06809845151,0.56468118604,3.34614654441,0.601006903608,0.326161112569,3.76677131211,0.5702742412,10.9213776001,6.60519280019,3.76677131211,10.9213776001,0.198027062888,0.127686472819,101,0.0129987129987,0.181433997157,37,37,37,1,0,0.243243243243,0.756756756757,0,-136,-0.102102102102,4.87990398208,-7.35135135135,-8.18831168831,-4.20386100386,-0.576733902744,0.13989898581,0.0813143240328,-3.56178124479,0.0394019980926,0.0201893257591,-4.70716680202,-0.270257990596,-0.135669138735,3.12617174179,0.198974338483,8.92137760015,4.87990398208,3.12617174179,8.92137760015,-0.14604433136,-0.248882564838,-709,-0.0912483912484,-0.388142831192,-0.162162162162,0.216216216216,-0.0540540540541,186,20,156,970,0.543859649123,0.979797979798,0.020202020202,0.456140350877,0.902912621359,0.543859649123,0.678832116788,0.632667142244,0.523657628921,0.513812154696,50,186,0,0,0,0
1523,WLNM_dir_neg,0.293718927044,0.31744049638,00:00:04,10,40,20,1236695355,threshold_sweep,0.2,0.591836734694,0.155913978495,0.246808510638,29,20,157,352,0.155913978495,0.94623655914,0.0537634408602,0.844086021505,0.591836734694,0.155913978495,0.246808510638,0.682795698925,0.637395459976,0.125205930807,0.170142052505,0.102150537634,342,156,186,0,342,0,156,0,186,37,342,0.256756756757,1.72528881811,18.4864864865,15.5454545455,9.77142857143,5.36771015539,0.290358590277,0.142642642643,9.50849154237,1.02869645341,0.544491860281,8.05331334643,0.871264894205,0.461830251304,0.640599570326,0.371299902718,2,1.72528881811,0.640599570326,2,0.344071394247,0.376569037657,810,0.104247104247,0.56957682835,37,37,37,1,0,0.405405405405,0.540540540541,0.0540540540541,37,0.117117117117,2.18481481481,8.43243243243,7.09090909091,4.45714285714,5.03620525429,0.597242289772,0.326923076923,6.00062559301,1.42322530091,0.680526680527,3.83793300225,0.910278981302,0.463617463617,1.318977792,0.603702328937,4.32037037037,2.18481481481,1.318977792,4.32037037037,0,0,0,0,0.160896782956,37,37,37,1,0,0.405405405405,0.540540540541,0.0540540540541,37,205,0.153903903904,6.82135999131,11.0810810811,7.32142857143,5.54054054054,4.66891837568,0.421341414391,0.220698747528,5.90947729684,1.06658858528,0.565062623599,3.36315488951,0.607008443472,0.328806855636,3.91799677052,0.574371793237,11.3360725351,6.82135999131,3.91799677052,11.3360725351,0.19085131531,0.118251928021,92,0.0118404118404,0.181112650295,37,37,37,1,0,0.243243243243,0.756756756757,0,-137,-0.102852852853,5.09607117319,-7.40540540541,-8.22402597403,-4.23088803089,-0.698791779709,0.130982824114,0.0780561048854,-3.59901424553,0.0378921318693,0.0205707633179,-4.69015845693,-0.264256450733,-0.133023395668,3.27739720019,0.203071890519,9.33607253505,5.09607117319,3.27739720019,9.33607253505,-0.153220078938,-0.258317109636,-718,-0.0924066924067,-0.388464178055,-0.162162162162,0.216216216216,-0.0540540540541,185,20,157,970,0.540935672515,0.979797979798,0.020202020202,0.459064327485,0.90243902439,0.540935672515,0.676416819013,0.630387229504,0.520733652313,0.511049723757,49,186,0,0,0,0
1524,WLNM_dir_neg,0.293718927044,0.31744049638,00:00:04,10,40,20,1236695355,threshold_sweep,0.3,0.666666666667,0.139784946237,0.231111111111,26,13,160,359,0.139784946237,0.965053763441,0.0349462365591,0.860215053763,0.666666666667,0.139784946237,0.231111111111,0.689964157706,0.643369175627,0.130653266332,0.193835637423,0.104838709677,342,156,186,0,342,0,156,0,186,37,342,0.256756756757,1.72528881811,18.4864864865,15.5454545455,9.77142857143,5.36771015539,0.290358590277,0.142642642643,9.50849154237,1.02869645341,0.544491860281,8.05331334643,0.871264894205,0.461830251304,0.640599570326,0.371299902718,2,1.72528881811,0.640599570326,2,0.344071394247,0.376569037657,810,0.104247104247,0.56957682835,37,37,37,1,0,0.405405405405,0.540540540541,0.0540540540541,37,0.117117117117,2.18481481481,8.43243243243,7.09090909091,4.45714285714,5.03620525429,0.597242289772,0.326923076923,6.00062559301,1.42322530091,0.680526680527,3.83793300225,0.910278981302,0.463617463617,1.318977792,0.603702328937,4.32037037037,2.18481481481,1.318977792,4.32037037037,0,0,0,0,0.160896782956,37,37,37,1,0,0.405405405405,0.540540540541,0.0540540540541,37,195,0.146396396396,4.02830807424,10.5405405405,8.47826086957,5.27027027027,4.40072339126,0.417504526863,0.221898821899,5.99374047861,1.1372738344,0.596534996535,3.33040411836,0.631922832715,0.341510741511,3.49611459808,0.867886599945,10.0736327667,4.02830807424,3.49611459808,10.0736327667,0.156799050994,0.076740881099,54,0.00694980694981,0.193181840968,37,37,37,1,0,0.378378378378,0.621621621622,0,-147,-0.11036036036,2.30301925613,-7.94594594595,-7.06719367589,-4.50115830116,-0.966986764135,0.127145936586,0.0792561792562,-3.51475106376,0.108577380988,0.0520431362537,-4.72290922807,-0.23934206149,-0.120319509793,2.85551502776,0.496586697227,8.07363276674,2.30301925613,2.85551502776,8.07363276674,-0.187272343253,-0.299828156558,-756,-0.0972972972973,-0.376394987382,-0.027027027027,0.0810810810811,-0.0540540540541,182,13,160,977,0.53216374269,0.986868686869,0.0131313131313,0.46783625731,0.933333333333,0.53216374269,0.677839851024,0.641398006912,0.519032429559,0.512676056338,39,186,0,0,0,0
1525,WLNM_dir_neg,0.293718927044,0.31744049638,00:00:04,10,40,20,1236695355,threshold_sweep,0.4,0.694444444444,0.134408602151,0.225225225225,25,11,161,361,0.134408602151,0.970430107527,0.0295698924731,0.865591397849,0.694444444444,0.134408602151,0.225225225225,0.691756272401,0.645161290323,0.131313131313,0.201169949692,0.104838709677,342,156,186,0,342,0,156,0,186,37,342,0.256756756757,1.72528881811,18.4864864865,15.5454545455,9.77142857143,5.36771015539,0.290358590277,0.142642642643,9.50849154237,1.02869645341,0.544491860281,8.05331334643,0.871264894205,0.461830251304,0.640599570326,0.371299902718,2,1.72528881811,0.640599570326,2,0.344071394247,0.376569037657,810,0.104247104247,0.56957682835,37,37,37,1,0,0.405405405405,0.540540540541,0.0540540540541,37,0.117117117117,2.18481481481,8.43243243243,7.09090909091,4.45714285714,5.03620525429,0.597242289772,0.326923076923,6.00062559301,1.42322530091,0.680526680527,3.83793300225,0.910278981302,0.463617463617,1.318977792,0.603702328937,4.32037037037,2.18481481481,1.318977792,4.32037037037,0,0,0,0,0.160896782956,37,37,37,1,0,0.405405405405,0.540540540541,0.0540540540541,37,192,0.144144144144,4.07374389252,10.3783783784,8.34782608696,5.33333333333,4.27103520727,0.411532038201,0.218890765766,5.92001237723,1.14083571853,0.598817567568,3.398020975,0.654826958724,0.353603603604,3.55703556478,0.873161312695,10.2509991859,4.07374389252,3.55703556478,10.2509991859,0.146007479676,0.0669253152279,46,0.00592020592021,0.192497860223,37,37,37,1,0,0.378378378378,0.594594594595,0.027027027027,-150,-0.112612612613,2.34845507441,-8.10810810811,-7.1976284585,-4.4380952381,-1.09667494812,0.121173447923,0.0762481231231,-3.58847916515,0.112139265114,0.0543257072862,-4.65529237143,-0.216437935481,-0.1082266477,2.91643599445,0.501861409978,8.25099918585,2.34845507441,2.91643599445,8.25099918585,-0.198063914571,-0.309643722429,-764,-0.0983268983269,-0.377078968127,-0.027027027027,0.0540540540541,-0.027027027027,181,11,161,979,0.529239766082,0.988888888889,0.0111111111111,0.470760233918,0.942708333333,0.529239766082,0.677902621723,0.644414378126,0.518128654971,0.512747875354,36,186,0,0,0,0
1526,WLNM_dir_neg,0.293718927044,0.31744049638,00:00:04,10,40,20,1236695355,threshold_sweep,0.5,0.694444444444,0.134408602151,0.225225225225,25,11,161,361,0.134408602151,0.970430107527,0.0295698924731,0.865591397849,0.694444444444,0.134408602151,0.225225225225,0.691756272401,0.645161290323,0.131313131313,0.201169949692,0.104838709677,342,156,186,0,342,0,156,0,186,37,342,0.256756756757,1.72528881811,18.4864864865,15.5454545455,9.77142857143,5.36771015539,0.290358590277,0.142642642643,9.50849154237,1.02869645341,0.544491860281,8.05331334643,0.871264894205,0.461830251304,0.640599570326,0.371299902718,2,1.72528881811,0.640599570326,2,0.344071394247,0.376569037657,810,0.104247104247,0.56957682835,37,37,37,1,0,0.405405405405,0.540540540541,0.0540540540541,37,0.117117117117,2.18481481481,8.43243243243,7.09090909091,4.45714285714,5.03620525429,0.597242289772,0.326923076923,6.00062559301,1.42322530091,0.680526680527,3.83793300225,0.910278981302,0.463617463617,1.318977792,0.603702328937,4.32037037037,2.18481481481,1.318977792,4.32037037037,0,0,0,0,0.160896782956,37,37,37,1,0,0.405405405405,0.540540540541,0.0540540540541,37,192,0.144144144144,4.07374389252,10.3783783784,8.34782608696,5.33333333333,4.27103520727,0.411532038201,0.218890765766,5.92001237723,1.14083571853,0.598817567568,3.398020975,0.654826958724,0.353603603604,3.55703556478,0.873161312695,10.2509991859,4.07374389252,3.55703556478,10.2509991859,0.146007479676,0.0669253152279,46,0.00592020592021,0.192497860223,37,37,37,1,0,0.378378378378,0.594594594595,0.027027027027,-150,-0.112612612613,2.34845507441,-8.10810810811,-7.1976284585,-4.4380952381,-1.09667494812,0.121173447923,0.0762481231231,-3.58847916515,0.112139265114,0.0543257072862,-4.65529237143,-0.216437935481,-0.1082266477,2.91643599445,0.501861409978,8.25099918585,2.34845507441,2.91643599445,8.25099918585,-0.198063914571,-0.309643722429,-764,-0.0983268983269,-0.377078968127,-0.027027027027,0.0540540540541,-0.027027027027,181,11,161,979,0.529239766082,0.988888888889,0.0111111111111,0.470760233918,0.942708333333,0.529239766082,0.677902621723,0.644414378126,0.518128654971,0.512747875354,36,186,0,0,0,0
1527,WLNM_dir_neg,0.293718927044,0.31744049638,00:00:04,10,40,20,1236695355,threshold_sweep,0.6,0.6875,0.118279569892,0.201834862385,22,10,164,362,0.118279569892,0.97311827957,0.0268817204301,0.881720430108,0.6875,0.118279569892,0.201834862385,0.688172043011,0.647550776583,0.115254237288,0.185308806084,0.0913978494624,342,156,186,0,342,0,156,0,186,37,342,0.256756756757,1.72528881811,18.4864864865,15.5454545455,9.77142857143,5.36771015539,0.290358590277,0.142642642643,9.50849154237,1.02869645341,0.544491860281,8.05331334643,0.871264894205,0.461830251304,0.640599570326,0.371299902718,2,1.72528881811,0.640599570326,2,0.344071394247,0.376569037657,810,0.104247104247,0.56957682835,37,37,37,1,0,0.405405405405,0.540540540541,0.0540540540541,37,0.117117117117,2.18481481481,8.43243243243,7.09090909091,4.45714285714,5.03620525429,0.597242289772,0.326923076923,6.00062559301,1.42322530091,0.680526680527,3.83793300225,0.910278981302,0.463617463617,1.318977792,0.603702328937,4.32037037037,2.18481481481,1.318977792,4.32037037037,0,0,0,0,0.160896782956,37,37,37,1,0,0.405405405405,0.540540540541,0.0540540540541,37,188,0.141141141141,3.81744188982,10.1621621622,8.17391304348,5.22222222222,4.40651987598,0.433620306945,0.230879815986,5.95995142774,1.17296916397,0.610408280621,3.35309457714,0.659917549756,0.357676825762,3.24983610109,0.851312526788,9.67053823508,3.81744188982,3.24983610109,9.67053823508,0.134155367824,0.0582089552239,39,0.00501930501931,0.179767755006,37,37,37,1,0,0.378378378378,0.594594594595,0.027027027027,-154,-0.115615615616,2.09215307171,-8.32432432432,-7.37154150198,-4.54920634921,-0.961190279412,0.143261716668,0.0882371733436,-3.54854011463,0.144272710555,0.0659164203397,-4.70021876929,-0.211347344449,-0.104153425542,2.60923653076,0.48001262407,7.67053823508,2.09215307171,2.60923653076,7.67053823508,-0.209916026423,-0.318360082433,-771,-0.0992277992278,-0.389809073344,-0.027027027027,0.0540540540541,-0.027027027027,178,10,164,980,0.520467836257,0.989898989899,0.010101010101,0.479532163743,0.946808510638,0.520467836257,0.671698113208,0.640355510224,0.510366826156,0.505681818182,32,186,0,0,0,0
1528,WLNM_dir_neg,0.293718927044,0.31744049638,00:00:04,10,40,20,1236695355,threshold_sweep,0.7,0.655172413793,0.102150537634,0.176744186047,19,10,167,362,0.102150537634,0.97311827957,0.0268817204301,0.897849462366,0.655172413793,0.102150537634,0.176744186047,0.682795698925,0.649342891278,0.0954003407155,0.159851309568,0.0752688172043,342,156,186,0,342,0,156,0,186,37,342,0.256756756757,1.72528881811,18.4864864865,15.5454545455,9.77142857143,5.36771015539,0.290358590277,0.142642642643,9.50849154237,1.02869645341,0.544491860281,8.05331334643,0.871264894205,0.461830251304,0.640599570326,0.371299902718,2,1.72528881811,0.640599570326,2,0.344071394247,0.376569037657,810,0.104247104247,0.56957682835,37,37,37,1,0,0.405405405405,0.540540540541,0.0540540540541,37,0.117117117117,2.18481481481,8.43243243243,7.09090909091,4.45714285714,5.03620525429,0.597242289772,0.326923076923,6.00062559301,1.42322530091,0.680526680527,3.83793300225,0.910278981302,0.463617463617,1.318977792,0.603702328937,4.32037037037,2.18481481481,1.318977792,4.32037037037,0,0,0,0,0.160896782956,37,37,37,1,0,0.405405405405,0.540540540541,0.0540540540541,37,185,0.138888888889,3.88638406865,10,8.04347826087,5.13888888889,4.35252161907,0.435252161907,0.229218407597,5.91138261699,1.1822765234,0.613002191381,3.42377309736,0.684754619472,0.371365960555,3.32678888309,0.85601135254,9.83142537978,3.88638406865,3.32678888309,9.83142537978,0.126367865996,0.0508735868448,33,0.0042471042471,0.178519118925,37,37,37,1,0,0.378378378378,0.594594594595,0.027027027027,-157,-0.117867867868,2.16109525054,-8.48648648649,-7.50197628458,-4.63253968254,-1.01518853633,0.14489357163,0.0865757649541,-3.59710892539,0.153580069983,0.0685103310992,-4.62954024907,-0.186510274732,-0.0904642907488,2.68618931277,0.484711449822,7.83142537978,2.16109525054,2.68618931277,7.83142537978,-0.217703528251,-0.325695450812,-777,-0.1,-0.391057709425,-0.027027027027,0.0540540540541,-0.027027027027,175,10,167,980,0.511695906433,0.989898989899,0.010101010101,0.488304093567,0.945945945946,0.511695906433,0.664136622391,0.633601484515,0.501594896332,0.497159090909,29,186,0,0,0,0
1529,WLNM_dir_neg,0.293718927044,0.31744049638,00:00:04,10,40,20,1236695355,threshold_sweep,0.8,0.642857142857,0.0967741935484,0.168224299065,18,10,168,362,0.0967741935484,0.97311827957,0.0268817204301,0.903225806452,0.642857142857,0.0967741935484,0.168224299065,0.681003584229,0.649940262843,0.0887372013652,0.150918124569,0.0698924731183,342,156,186,0,342,0,156,0,186,37,342,0.256756756757,1.72528881811,18.4864864865,15.5454545455,9.77142857143,5.36771015539,0.290358590277,0.142642642643,9.50849154237,1.02869645341,0.544491860281,8.05331334643,0.871264894205,0.461830251304,0.640599570326,0.371299902718,2,1.72528881811,0.640599570326,2,0.344071394247,0.376569037657,810,0.104247104247,0.56957682835,37,37,37,1,0,0.405405405405,0.540540540541,0.0540540540541,37,0.117117117117,2.18481481481,8.43243243243,7.09090909091,4.45714285714,5.03620525429,0.597242289772,0.326923076923,6.00062559301,1.42322530091,0.680526680527,3.83793300225,0.910278981302,0.463617463617,1.318977792,0.603702328937,4.32037037037,2.18481481481,1.318977792,4.32037037037,0,0,0,0,0.160896782956,37,37,37,1,0,0.405405405405,0.540540540541,0.0540540540541,37,184,0.138138138138,3.83138364653,9.94594594595,8,5.11111111111,4.38397299481,0.4407798935,0.233401880141,5.91366819085,1.18916153838,0.615158636898,3.41147155025,0.686002431299,0.372209165687,3.261133491,0.851163389484,9.69991473446,3.83138364653,3.261133491,9.69991473446,0.127184916813,0.0480868665977,31,0.0039897039897,0.176457581083,37,37,37,1,0,0.378378378378,0.594594594595,0.027027027027,-158,-0.118618618619,2.10609482842,-8.54054054054,-7.54545454545,-4.66031746032,-0.983737160584,0.150421303223,0.0907592374984,-3.59482335152,0.160465084963,0.0706667766164,-4.64184179619,-0.185262462905,-0.0896210856165,2.62053392067,0.479863486766,7.69991473446,2.10609482842,2.62053392067,7.69991473446,-0.216886477434,-0.328482171059,-779,-0.100257400257,-0.393119247267,-0.027027027027,0.0540540540541,-0.027027027027,174,10,168,980,0.508771929825,0.989898989899,0.010101010101,0.491228070175,0.945652173913,0.508771929825,0.661596958175,0.631342226648,0.498670919724,0.494318181818,28,186,0,0,0,0
1530,WLNM_dir_neg,0.293718927044,0.31744049638,00:00:04,10,40,20,1236695355,threshold_sweep,0.9,0.615384615385,0.0860215053763,0.150943396226,16,10,170,362,0.0860215053763,0.97311827957,0.0268817204301,0.913978494624,0.615384615385,0.0860215053763,0.150943396226,0.677419354839,0.651135005974,0.0753424657534,0.132271169317,0.0591397849462,342,156,186,0,342,0,156,0,186,37,342,0.256756756757,1.72528881811,18.4864864865,15.5454545455,9.77142857143,5.36771015539,0.290358590277,0.142642642643,9.50849154237,1.02869645341,0.544491860281,8.05331334643,0.871264894205,0.461830251304,0.640599570326,0.371299902718,2,1.72528881811,0.640599570326,2,0.344071394247,0.376569037657,810,0.104247104247,0.56957682835,37,37,37,1,0,0.405405405405,0.540540540541,0.0540540540541,37,0.117117117117,2.18481481481,8.43243243243,7.09090909091,4.45714285714,5.03620525429,0.597242289772,0.326923076923,6.00062559301,1.42322530091,0.680526680527,3.83793300225,0.910278981302,0.463617463617,1.318977792,0.603702328937,4.32037037037,2.18481481481,1.318977792,4.32037037037,0,0,0,0,0.160896782956,37,37,37,1,0,0.405405405405,0.540540540541,0.0540540540541,37,182,0.136636636637,3.84934496758,9.83783783784,7.91304347826,5.05555555556,4.3237940741,0.439506540499,0.234184734185,5.88490714728,1.19638222225,0.617166617167,3.45911339298,0.703226349121,0.381051381051,3.27304394451,0.850285950488,9.69991473446,3.84934496758,3.27304394451,9.69991473446,0.127159681494,0.0476947535771,30,0.003861003861,0.17607217378,37,37,37,1,0,0.378378378378,0.594594594595,0.027027027027,-160,-0.12012012012,2.12405614947,-8.64864864865,-7.63241106719,-4.71587301587,-1.0439160813,0.149147950222,0.0915420915421,-3.62358439509,0.167685768835,0.0726747568853,-4.59419995346,-0.168038545083,-0.0807788702526,2.63244437419,0.47898604777,7.69991473446,2.12405614947,2.63244437419,7.69991473446,-0.216911712753,-0.32887428408,-780,-0.100386100386,-0.39350465457,-0.027027027027,0.0540540540541,-0.027027027027,172,10,170,980,0.502923976608,0.989898989899,0.010101010101,0.497076023392,0.945054945055,0.502923976608,0.656488549618,0.626811527361,0.492822966507,0.488636363636,26,186,0,0,0,0
1531,WLNM_dir_neg,0.527459821945,0.37229929808,00:00:04,10,40,21,1236695356,threshold_sweep,0.1,0.457142857143,0.0860215053763,0.14479638009,16,19,170,353,0.0860215053763,0.948924731183,0.0510752688172,0.913978494624,0.457142857143,0.0860215053763,0.14479638009,0.661290322581,0.645758661888,0.043844856661,0.0679428073832,0.0349462365591,342,156,186,0,342,0,156,0,186,37,342,0.256756756757,1.72528881811,18.4864864865,15.5454545455,9.77142857143,5.36771015539,0.290358590277,0.142642642643,9.50849154237,1.02869645341,0.544491860281,8.05331334643,0.871264894205,0.461830251304,0.640599570326,0.371299902718,2,1.72528881811,0.640599570326,2,0.344071394247,0.376569037657,810,0.104247104247,0.56957682835,37,37,37,1,0,0.405405405405,0.540540540541,0.0540540540541,37,0.117117117117,2.22747747748,8.43243243243,7.09090909091,4.45714285714,5.03620525429,0.597242289772,0.326923076923,6.00525295579,1.42432281644,0.680873180873,3.83793300225,0.910278981302,0.463617463617,1.42084529335,0.637871901162,5.2,2.22747747748,1.42084529335,5.2,0,0,0,0,0.160752482811,37,37,37,1,0,0.405405405405,0.540540540541,0.0540540540541,37,191,0.143393393393,6.56128827062,10.3243243243,6.58620689655,5.30555555556,4.83076974574,0.467901781655,0.255412480543,5.72767896327,1.10955037508,0.577048252441,3.84789634818,0.74540400462,0.3984717702,3.31026314827,0.504514206926,9.38282046312,6.56128827062,3.31026314827,9.38282046312,0.174602947281,0.0641025641026,45,0.00579150579151,0.178752468893,37,37,37,1,0,0.216216216216,0.756756756757,0.027027027027,-151,-0.113363363363,4.83599945251,-8.16216216216,-8.9592476489,-4.46587301587,-0.536940409655,0.177543191378,0.112769837901,-3.7808125791,0.0808539216693,0.0325563921596,-4.20541699826,-0.125860889584,-0.0633584811044,2.66966357794,0.133214304208,7.38282046312,4.83599945251,2.66966357794,7.38282046312,-0.169468446966,-0.312466473554,-765,-0.0984555984556,-0.390824359457,-0.189189189189,0.216216216216,-0.027027027027,172,19,170,971,0.502923976608,0.980808080808,0.0191919191919,0.497076023392,0.900523560209,0.502923976608,0.645403377111,0.602942661923,0.483732057416,0.476454293629,35,186,0,0,0,0
1532,WLNM_dir_neg,0.527459821945,0.37229929808,00:00:04,10,40,21,1236695356,threshold_sweep,0.2,0.454545454545,0.0806451612903,0.13698630137,15,18,171,354,0.0806451612903,0.951612903226,0.0483870967742,0.91935483871,0.454545454545,0.0806451612903,0.13698630137,0.661290322581,0.646953405018,0.0406091370558,0.064465837122,0.0322580645161,342,156,186,0,342,0,156,0,186,37,342,0.256756756757,1.72528881811,18.4864864865,15.5454545455,9.77142857143,5.36771015539,0.290358590277,0.142642642643,9.50849154237,1.02869645341,0.544491860281,8.05331334643,0.871264894205,0.461830251304,0.640599570326,0.371299902718,2,1.72528881811,0.640599570326,2,0.344071394247,0.376569037657,810,0.104247104247,0.56957682835,37,37,37,1,0,0.405405405405,0.540540540541,0.0540540540541,37,0.117117117117,2.22747747748,8.43243243243,7.09090909091,4.45714285714,5.03620525429,0.597242289772,0.326923076923,6.00525295579,1.42432281644,0.680873180873,3.83793300225,0.910278981302,0.463617463617,1.42084529335,0.637871901162,5.2,2.22747747748,1.42084529335,5.2,0,0,0,0,0.160752482811,37,37,37,1,0,0.405405405405,0.540540540541,0.0540540540541,37,189,0.141891891892,6.80782204353,10.2162162162,6.51724137931,5.25,4.7733934769,0.467236927633,0.256542256542,5.73867863122,1.12344502304,0.580866580867,3.85705546718,0.755084932728,0.402402402402,3.47579946642,0.510559683286,9.61732701509,6.80782204353,3.47579946642,9.61732701509,0.182709980078,0.061135371179,42,0.00540540540541,0.17882393316,37,37,37,1,0,0.216216216216,0.756756756757,0.027027027027,-153,-0.114864864865,5.08253322542,-8.27027027027,-9.02821316614,-4.52142857143,-0.594316678496,0.176878337356,0.1138996139,-3.76981291115,0.0947485696285,0.0363747205852,-4.19625787926,-0.116179961477,-0.0594278489015,2.83519989609,0.139259780569,7.61732701509,5.08253322542,2.83519989609,7.61732701509,-0.161361414169,-0.315433666478,-768,-0.0988416988417,-0.39075289519,-0.189189189189,0.216216216216,-0.027027027027,171,18,171,972,0.5,0.981818181818,0.0181818181818,0.5,0.904761904762,0.5,0.64406779661,0.603197895268,0.481818181818,0.475,33,186,0,0,0,0
1533,WLNM_dir_neg,0.527459821945,0.37229929808,00:00:04,10,40,21,1236695356,threshold_sweep,0.3,0.52380952381,0.0591397849462,0.106280193237,11,10,175,362,0.0591397849462,0.97311827957,0.0268817204301,0.940860215054,0.52380952381,0.0591397849462,0.106280193237,0.668458781362,0.654121863799,0.0414507772021,0.0799041724551,0.0322580645161,342,156,186,0,342,0,156,0,186,37,342,0.256756756757,1.72528881811,18.4864864865,15.5454545455,9.77142857143,5.36771015539,0.290358590277,0.142642642643,9.50849154237,1.02869645341,0.544491860281,8.05331334643,0.871264894205,0.461830251304,0.640599570326,0.371299902718,2,1.72528881811,0.640599570326,2,0.344071394247,0.376569037657,810,0.104247104247,0.56957682835,37,37,37,1,0,0.405405405405,0.540540540541,0.0540540540541,37,0.117117117117,2.22747747748,8.43243243243,7.09090909091,4.45714285714,5.03620525429,0.597242289772,0.326923076923,6.00525295579,1.42432281644,0.680873180873,3.83793300225,0.910278981302,0.463617463617,1.42084529335,0.637871901162,5.2,2.22747747748,1.42084529335,5.2,0,0,0,0,0.160752482811,37,37,37,1,0,0.405405405405,0.540540540541,0.0540540540541,37,177,0.132882882883,2.81222913573,9.56756756757,7.69565217391,4.91666666667,4.6340559421,0.484350479824,0.261261261261,5.91201758725,1.23584548434,0.628798289815,3.6601087957,0.765107488368,0.404031149794,1.91974255972,0.682640875641,5.47129464576,2.81222913573,1.91974255972,5.47129464576,0.146942807469,0.0292524377031,18,0.0023166023166,0.178060419565,37,37,37,1,0,0.378378378378,0.594594594595,0.027027027027,-165,-0.123873873874,1.08694031762,-8.91891891892,-7.84980237154,-4.85476190476,-0.733654213297,0.193991889546,0.118618618619,-3.59647395512,0.207149030926,0.0843064295339,-4.39320455073,-0.106157405837,-0.0577991015101,1.27914298939,0.311340972923,3.47129464576,1.08694031762,1.27914298939,3.47129464576,-0.197128586778,-0.347316599954,-792,-0.101930501931,-0.391516408785,-0.027027027027,0.0540540540541,-0.027027027027,167,10,175,980,0.488304093567,0.989898989899,0.010101010101,0.511695906433,0.943502824859,0.488304093567,0.643545279383,0.615411201929,0.478203083466,0.474431818182,21,186,0,0,0,0
1534,WLNM_dir_neg,0.527459821945,0.37229929808,00:00:04,10,40,21,1236695356,threshold_sweep,0.4,0.5,0.0537634408602,0.0970873786408,10,10,176,362,0.0537634408602,0.97311827957,0.0268817204301,0.94623655914,0.5,0.0537634408602,0.0970873786408,0.666666666667,0.654719235364,0.0346020761246,0.0681677353937,0.0268817204301,342,156,186,0,342,0,156,0,186,37,342,0.256756756757,1.72528881811,18.4864864865,15.5454545455,9.77142857143,5.36771015539,0.290358590277,0.142642642643,9.50849154237,1.02869645341,0.544491860281,8.05331334643,0.871264894205,0.461830251304,0.640599570326,0.371299902718,2,1.72528881811,0.640599570326,2,0.344071394247,0.376569037657,810,0.104247104247,0.56957682835,37,37,37,1,0,0.405405405405,0.540540540541,0.0540540540541,37,0.117117117117,2.22747747748,8.43243243243,7.09090909091,4.45714285714,5.03620525429,0.597242289772,0.326923076923,6.00525295579,1.42432281644,0.680873180873,3.83793300225,0.910278981302,0.463617463617,1.42084529335,0.637871901162,5.2,2.22747747748,1.42084529335,5.2,0,0,0,0,0.160752482811,37,37,37,1,0,0.405405405405,0.540540540541,0.0540540540541,37,176,0.132132132132,2.7953543098,9.51351351351,7.65217391304,4.88888888889,4.6225391148,0.48589189559,0.260135135135,5.89917793428,1.24016808846,0.629914004914,3.6316923313,0.763480774193,0.405098280098,1.89436867695,0.67768463923,5.34909407139,2.7953543098,1.89436867695,5.34909407139,0.144990855517,0.0278993435449,17,0.0021879021879,0.175395429746,37,37,37,1,0,0.378378378378,0.594594594595,0.027027027027,-166,-0.124624624625,1.07006549168,-8.97297297297,-7.89328063241,-4.88253968254,-0.745171040592,0.195533305313,0.117492492492,-3.60931360809,0.211471635042,0.0854221446327,-4.42162101514,-0.107784120012,-0.0567319712057,1.25376910663,0.306384736512,3.34909407139,1.07006549168,1.25376910663,3.34909407139,-0.19908053873,-0.348669694112,-793,-0.102059202059,-0.394181398604,-0.027027027027,0.0540540540541,-0.027027027027,166,10,176,980,0.485380116959,0.989898989899,0.010101010101,0.514619883041,0.943181818182,0.485380116959,0.640926640927,0.613118079388,0.475279106858,0.471590909091,20,186,0,0,0,0
1535,WLNM_dir_neg,0.527459821945,0.37229929808,00:00:04,10,40,21,1236695356,threshold_sweep,0.5,0.5,0.0483870967742,0.0882352941176,9,9,177,363,0.0483870967742,0.975806451613,0.0241935483871,0.951612903226,0.5,0.0483870967742,0.0882352941176,0.666666666667,0.655913978495,0.03125,0.0645497224368,0.0241935483871,342,156,186,0,342,0,156,0,186,37,342,0.256756756757,1.72528881811,18.4864864865,15.5454545455,9.77142857143,5.36771015539,0.290358590277,0.142642642643,9.50849154237,1.02869645341,0.544491860281,8.05331334643,0.871264894205,0.461830251304,0.640599570326,0.371299902718,2,1.72528881811,0.640599570326,2,0.344071394247,0.376569037657,810,0.104247104247,0.56957682835,37,37,37,1,0,0.405405405405,0.540540540541,0.0540540540541,37,0.117117117117,2.22747747748,8.43243243243,7.09090909091,4.45714285714,5.03620525429,0.597242289772,0.326923076923,6.00525295579,1.42432281644,0.680873180873,3.83793300225,0.910278981302,0.463617463617,1.42084529335,0.637871901162,5.2,2.22747747748,1.42084529335,5.2,0,0,0,0,0.160752482811,37,37,37,1,0,0.405405405405,0.540540540541,0.0540540540541,37,174,0.130630630631,2.73200427307,9.40540540541,7.5652173913,4.83333333333,4.59745980261,0.488810381312,0.262037899969,5.89663211251,1.25388154117,0.633115874495,3.63520490684,0.773003342259,0.408201304753,1.82997135955,0.669827414835,5.34273536763,2.73200427307,1.82997135955,5.34273536763,0.137006334065,0.0217755443886,13,0.0016731016731,0.172498304912,37,37,37,1,0,0.378378378378,0.594594594595,0.027027027027,-168,-0.126126126126,1.00671545495,-9.08108108108,-7.98023715415,-4.9380952381,-0.770250352781,0.198451791035,0.119395257326,-3.61185942987,0.225185087751,0.0886240142139,-4.41810843959,-0.0982615519458,-0.0536289465509,1.18937178922,0.298527512117,3.34273536763,1.00671545495,1.18937178922,3.34273536763,-0.207065060182,-0.354793493268,-797,-0.102574002574,-0.397078523438,-0.027027027027,0.0540540540541,-0.027027027027,165,9,177,981,0.482456140351,0.990909090909,0.00909090909091,0.517543859649,0.948275862069,0.482456140351,0.639534883721,0.613618016181,0.47336523126,0.470085470085,18,186,0,0,0,0
1536,WLNM_dir_neg,0.527459821945,0.37229929808,00:00:04,10,40,21,1236695356,threshold_sweep,0.6,0.4,0.0322580645161,0.0597014925373,6,9,180,363,0.0322580645161,0.975806451613,0.0241935483871,0.967741935484,0.4,0.0322580645161,0.0597014925373,0.661290322581,0.65770609319,0.0104712041885,0.0235050247361,0.00806451612903,342,156,186,0,342,0,156,0,186,37,342,0.256756756757,1.72528881811,18.4864864865,15.5454545455,9.77142857143,5.36771015539,0.290358590277,0.142642642643,9.50849154237,1.02869645341,0.544491860281,8.05331334643,0.871264894205,0.461830251304,0.640599570326,0.371299902718,2,1.72528881811,0.640599570326,2,0.344071394247,0.376569037657,810,0.104247104247,0.56957682835,37,37,37,1,0,0.405405405405,0.540540540541,0.0540540540541,37,0.117117117117,2.22747747748,8.43243243243,7.09090909091,4.45714285714,5.03620525429,0.597242289772,0.326923076923,6.00525295579,1.42432281644,0.680873180873,3.83793300225,0.910278981302,0.463617463617,1.42084529335,0.637871901162,5.2,2.22747747748,1.42084529335,5.2,0,0,0,0,0.160752482811,37,37,37,1,0,0.405405405405,0.540540540541,0.0540540540541,37,171,0.128378378378,2.7105991307,9.24324324324,7.4347826087,4.75,4.7223193772,0.510894201627,0.273905484432,5.89892340155,1.27637523893,0.638533270112,3.63892040882,0.787368743429,0.413782203256,1.80337615539,0.665305369196,5.31618510551,2.7105991307,1.80337615539,5.31618510551,0.0939775910364,0.0136208853575,8,0.0010296010296,0.171327564727,37,37,37,1,0,0.378378378378,0.594594594595,0.027027027027,-171,-0.128378378378,0.985310312582,-9.24324324324,-8.11067193676,-5.02142857143,-0.645390778191,0.22053561135,0.131262841789,-3.60956814083,0.247678785516,0.0940414098309,-4.41439293761,-0.0838961507755,-0.048048048048,1.16277658506,0.294005466478,3.31618510551,0.985310312582,1.16277658506,3.31618510551,-0.250093803211,-0.362948152299,-802,-0.103217503218,-0.398249263623,-0.027027027027,0.0540540540541,-0.027027027027,162,9,180,981,0.473684210526,0.990909090909,0.00909090909091,0.526315789474,0.947368421053,0.473684210526,0.631578947368,0.606721561507,0.464593301435,0.461538461538,15,186,0,0,0,0
1537,WLNM_dir_neg,0.527459821945,0.37229929808,00:00:04,10,40,21,1236695356,threshold_sweep,0.7,0.428571428571,0.0322580645161,0.06,6,8,180,364,0.0322580645161,0.978494623656,0.0215053763441,0.967741935484,0.428571428571,0.0322580645161,0.06,0.663082437276,0.658303464755,0.013986013986,0.0324101861776,0.010752688172,342,156,186,0,342,0,156,0,186,37,342,0.256756756757,1.72528881811,18.4864864865,15.5454545455,9.77142857143,5.36771015539,0.290358590277,0.142642642643,9.50849154237,1.02869645341,0.544491860281,8.05331334643,0.871264894205,0.461830251304,0.640599570326,0.371299902718,2,1.72528881811,0.640599570326,2,0.344071394247,0.376569037657,810,0.104247104247,0.56957682835,37,37,37,1,0,0.405405405405,0.540540540541,0.0540540540541,37,0.117117117117,2.22747747748,8.43243243243,7.09090909091,4.45714285714,5.03620525429,0.597242289772,0.326923076923,6.00525295579,1.42432281644,0.680873180873,3.83793300225,0.910278981302,0.463617463617,1.42084529335,0.637871901162,5.2,2.22747747748,1.42084529335,5.2,0,0,0,0,0.160752482811,37,37,37,1,0,0.405405405405,0.540540540541,0.0540540540541,37,170,0.127627627628,2.73209913288,9.18918918919,7.39130434783,4.72222222222,4.76000605647,0.518000659087,0.278696343402,5.9135412377,1.28706485762,0.642925278219,3.654977272,0.795495053318,0.416216216216,1.84370618084,0.674831362687,5.73904905637,2.73209913288,1.84370618084,5.73904905637,0.0939775910364,0.0136208853575,8,0.0010296010296,0.168786627403,37,37,37,1,0,0.378378378378,0.594594594595,0.027027027027,-172,-0.129129129129,1.00681031477,-9.2972972973,-8.15415019763,-5.04920634921,-0.607704098921,0.22764206881,0.13605370076,-3.59495030468,0.258368404202,0.0984334179381,-4.39833607443,-0.0757698408866,-0.0456140350877,1.20310661051,0.30353145997,3.73904905637,1.00681031477,1.20310661051,3.73904905637,-0.250093803211,-0.362948152299,-802,-0.103217503218,-0.400790200947,-0.027027027027,0.0540540540541,-0.027027027027,162,8,180,982,0.473684210526,0.991919191919,0.00808080808081,0.526315789474,0.952941176471,0.473684210526,0.6328125,0.609563944775,0.465603402446,0.462857142857,14,186,0,0,0,0
1538,WLNM_dir_neg,0.527459821945,0.37229929808,00:00:04,10,40,21,1236695356,threshold_sweep,0.8,0.5,0.0322580645161,0.0606060606061,6,6,180,366,0.0322580645161,0.983870967742,0.0161290322581,0.967741935484,0.5,0.0322580645161,0.0606060606061,0.666666666667,0.659498207885,0.0210526315789,0.0524142418361,0.0161290322581,342,156,186,0,342,0,156,0,186,37,342,0.256756756757,1.72528881811,18.4864864865,15.5454545455,9.77142857143,5.36771015539,0.290358590277,0.142642642643,9.50849154237,1.02869645341,0.544491860281,8.05331334643,0.871264894205,0.461830251304,0.640599570326,0.371299902718,2,1.72528881811,0.640599570326,2,0.344071394247,0.376569037657,810,0.104247104247,0.56957682835,37,37,37,1,0,0.405405405405,0.540540540541,0.0540540540541,37,0.117117117117,2.22747747748,8.43243243243,7.09090909091,4.45714285714,5.03620525429,0.597242289772,0.326923076923,6.00525295579,1.42432281644,0.680873180873,3.83793300225,0.910278981302,0.463617463617,1.42084529335,0.637871901162,5.2,2.22747747748,1.42084529335,5.2,0,0,0,0,0.160752482811,37,37,37,1,0,0.405405405405,0.540540540541,0.0540540540541,37,168,0.126126126126,3.11408220324,9.08108108108,7.30434782609,4.66666666667,4.73391063603,0.521293730753,0.280888030888,5.94229003086,1.30871863775,0.650900900901,3.68627028154,0.81185714534,0.42277992278,2.34419945018,0.75277378604,6.38095238095,3.11408220324,2.34419945018,6.38095238095,0.0939775910364,0.0137535816619,8,0.0010296010296,0.171816930434,37,37,37,1,0,0.378378378378,0.594594594595,0.027027027027,-174,-0.130630630631,1.38879338513,-9.40540540541,-8.24110671937,-5.10476190476,-0.633799519364,0.230935140476,0.138245388245,-3.56620151152,0.280022184333,0.10640904062,-4.36704306489,-0.059407748865,-0.039050328524,1.70359987985,0.381473883322,4.38095238095,1.38879338513,1.70359987985,4.38095238095,-0.250093803211,-0.362815455995,-802,-0.103217503218,-0.397759897916,-0.027027027027,0.0540540540541,-0.027027027027,162,6,180,984,0.473684210526,0.993939393939,0.00606060606061,0.526315789474,0.964285714286,0.473684210526,0.635294117647,0.615312792751,0.467623604466,0.465517241379,12,186,0,0,0,0
1539,WLNM_dir_neg,0.527459821945,0.37229929808,00:00:04,10,40,21,1236695356,threshold_sweep,0.9,0.8,0.0215053763441,0.0418848167539,4,1,182,371,0.0215053763441,0.997311827957,0.00268817204301,0.978494623656,0.8,0.0215053763441,0.0418848167539,0.672043010753,0.663679808841,0.0248667850799,0.0941316073042,0.0188172043011,342,156,186,0,342,0,156,0,186,37,342,0.256756756757,1.72528881811,18.4864864865,15.5454545455,9.77142857143,5.36771015539,0.290358590277,0.142642642643,9.50849154237,1.02869645341,0.544491860281,8.05331334643,0.871264894205,0.461830251304,0.640599570326,0.371299902718,2,1.72528881811,0.640599570326,2,0.344071394247,0.376569037657,810,0.104247104247,0.56957682835,37,37,37,1,0,0.405405405405,0.540540540541,0.0540540540541,37,0.117117117117,2.22747747748,8.43243243243,7.09090909091,4.45714285714,5.03620525429,0.597242289772,0.326923076923,6.00525295579,1.42432281644,0.680873180873,3.83793300225,0.910278981302,0.463617463617,1.42084529335,0.637871901162,5.2,2.22747747748,1.42084529335,5.2,0,0,0,0,0.160752482811,37,37,37,1,0,0.405405405405,0.540540540541,0.0540540540541,37,161,0.120870870871,2.21998998999,8.7027027027,7.31818181818,4.6,4.96020197206,0.569961096168,0.310894745677,5.9824568356,1.37485032868,0.670135974484,3.80216470664,0.873789404633,0.452576800403,1.41182265116,0.635959016721,5.17222222222,2.21998998999,1.41182265116,5.17222222222,0.0731975673152,0.00536672629696,3,0.0003861003861,0.17386964887,37,37,37,1,0,0.405405405405,0.540540540541,0.0540540540541,-181,-0.135885885886,0.494701171875,-9.78378378378,-8.22727272727,-5.17142857143,-0.407508183336,0.279602505891,0.168252103035,-3.52603470678,0.346153875263,0.125644114202,-4.25114863979,0.00252451042782,-0.00925345090105,0.771223080839,0.264659114003,3.17222222222,0.494701171875,0.771223080839,3.17222222222,-0.270873826932,-0.37120231136,-807,-0.103861003861,-0.39570717948,0,0,0,160,1,182,989,0.46783625731,0.99898989899,0.0010101010101,0.53216374269,0.993788819876,0.46783625731,0.636182902584,0.625596695978,0.4668261563,0.466472303207,5,186,0,0,0,0
1540,WLNM_dir_neg,0.496921609435,0.367727177984,00:00:04,10,40,22,1236695357,threshold_sweep,0.1,0.529411764706,0.0967741935484,0.163636363636,18,16,168,356,0.0967741935484,0.956989247312,0.0430107526882,0.903225806452,0.529411764706,0.0967741935484,0.163636363636,0.670250896057,0.646356033453,0.0675675675676,0.10595217974,0.0537634408602,342,156,186,0,342,0,156,0,186,37,342,0.256756756757,1.72528881811,18.4864864865,15.5454545455,9.77142857143,5.36771015539,0.290358590277,0.142642642643,9.50849154237,1.02869645341,0.544491860281,8.05331334643,0.871264894205,0.461830251304,0.640599570326,0.371299902718,2,1.72528881811,0.640599570326,2,0.344071394247,0.376569037657,810,0.104247104247,0.56957682835,37,37,37,1,0,0.405405405405,0.540540540541,0.0540540540541,37,0.117117117117,2.22747747748,8.43243243243,7.09090909091,4.45714285714,5.03620525429,0.597242289772,0.326923076923,6.00525295579,1.42432281644,0.680873180873,3.83793300225,0.910278981302,0.463617463617,1.42084529335,0.637871901162,5.2,2.22747747748,1.42084529335,5.2,0,0,0,0,0.160752482811,37,37,37,1,0,0.405405405405,0.540540540541,0.0540540540541,37,190,0.142642642643,1,10.2702702703,5.58823529412,5.27777777778,4.99804766689,0.486652009671,0.268563300142,5.83648563474,1.1365787815,0.566429587482,4.05628567207,0.789908262456,0.41479374111,0,0,0,NaN,NaN,NaN,0.195299281832,0.0666049953747,48,0.00617760617761,0.208576470413,37,37,0,1,2,0.0810810810811,0.891891891892,0.027027027027,-152,-0.114114114114,-0.725288818115,-8.21621621622,-9.95721925134,-4.49365079365,-0.369662488506,0.196293419394,0.1259206575,-3.67200590763,0.107882328088,0.0219377272009,-3.99702767436,-0.0813566317488,-0.0470365101944,-0.640599570326,-0.371299902718,-2,NaN,NaN,NaN,-0.148772112416,-0.309964042282,-762,-0.0980694980695,-0.361000357937,-0.324324324324,0.351351351351,-0.027027027027,174,16,168,974,0.508771929825,0.983838383838,0.0161616161616,0.491228070175,0.915789473684,0.508771929825,0.654135338346,0.615352965965,0.492610313663,0.486033519553,34,186,0,0,0,0
1541,WLNM_dir_neg,0.496921609435,0.367727177984,00:00:04,10,40,22,1236695357,threshold_sweep,0.2,0.466666666667,0.0752688172043,0.12962962963,14,16,172,356,0.0752688172043,0.956989247312,0.0430107526882,0.924731182796,0.466666666667,0.0752688172043,0.12962962963,0.663082437276,0.648745519713,0.0408163265306,0.0674199862463,0.0322580645161,342,156,186,0,342,0,156,0,186,37,342,0.256756756757,1.72528881811,18.4864864865,15.5454545455,9.77142857143,5.36771015539,0.290358590277,0.142642642643,9.50849154237,1.02869645341,0.544491860281,8.05331334643,0.871264894205,0.461830251304,0.640599570326,0.371299902718,2,1.72528881811,0.640599570326,2,0.344071394247,0.376569037657,810,0.104247104247,0.56957682835,37,37,37,1,0,0.405405405405,0.540540540541,0.0540540540541,37,0.117117117117,2.22747747748,8.43243243243,7.09090909091,4.45714285714,5.03620525429,0.597242289772,0.326923076923,6.00525295579,1.42432281644,0.680873180873,3.83793300225,0.910278981302,0.463617463617,1.42084529335,0.637871901162,5.2,2.22747747748,1.42084529335,5.2,0,0,0,0,0.160752482811,37,37,37,1,0,0.405405405405,0.540540540541,0.0540540540541,37,186,0.13963963964,1,10.0540540541,5.47058823529,5.16666666667,4.90434017504,0.487797275475,0.267509444929,5.72269597736,1.13838575894,0.568148793955,4.13310810197,0.822177418134,0.428945074106,0,0,0,NaN,NaN,NaN,0.1858115564,0.0580270793037,40,0.00514800514801,0.209023284536,37,37,0,1,2,0.0810810810811,0.891891891892,0.027027027027,-156,-0.117117117117,-0.725288818115,-8.43243243243,-10.0748663102,-4.60476190476,-0.463369980349,0.197438685198,0.124866802286,-3.78579556502,0.109689305522,0.0236569336739,-3.92020524446,-0.0490874760708,-0.0328851771976,-0.640599570326,-0.371299902718,-2,NaN,NaN,NaN,-0.158259837848,-0.318541958353,-770,-0.0990990990991,-0.360553543814,-0.324324324324,0.351351351351,-0.027027027027,170,16,172,974,0.497076023392,0.983838383838,0.0161616161616,0.502923976608,0.913978494624,0.497076023392,0.643939393939,0.606107498939,0.48091440723,0.474860335196,30,186,0,0,0,0
1542,WLNM_dir_neg,0.496921609435,0.367727177984,00:00:04,10,40,22,1236695357,threshold_sweep,0.3,0.444444444444,0.0645161290323,0.112676056338,12,15,174,357,0.0645161290323,0.959677419355,0.0403225806452,0.935483870968,0.444444444444,0.0645161290323,0.112676056338,0.661290322581,0.650537634409,0.0307692307692,0.0531494003453,0.0241935483871,342,156,186,0,342,0,156,0,186,37,342,0.256756756757,1.72528881811,18.4864864865,15.5454545455,9.77142857143,5.36771015539,0.290358590277,0.142642642643,9.50849154237,1.02869645341,0.544491860281,8.05331334643,0.871264894205,0.461830251304,0.640599570326,0.371299902718,2,1.72528881811,0.640599570326,2,0.344071394247,0.376569037657,810,0.104247104247,0.56957682835,37,37,37,1,0,0.405405405405,0.540540540541,0.0540540540541,37,0.117117117117,2.22747747748,8.43243243243,7.09090909091,4.45714285714,5.03620525429,0.597242289772,0.326923076923,6.00525295579,1.42432281644,0.680873180873,3.83793300225,0.910278981302,0.463617463617,1.42084529335,0.637871901162,5.2,2.22747747748,1.42084529335,5.2,0,0,0,0,0.160752482811,37,37,37,1,0,0.405405405405,0.540540540541,0.0540540540541,37,183,0.137387387387,1,9.89189189189,5.38235294118,5.22857142857,4.94291740093,0.499693835613,0.274996307783,5.72977576615,1.15847925326,0.573032048442,4.06164954138,0.821207830771,0.430660168365,0,0,0,NaN,NaN,NaN,0.136224205187,0.0475247524752,32,0.0041184041184,0.212798259259,37,37,0,1,2,0.0810810810811,0.864864864865,0.0540540540541,-159,-0.119369369369,-0.725288818115,-8.59459459459,-10.1631016043,-4.54285714286,-0.424792754462,0.209335245336,0.132353665141,-3.77871577623,0.12978279985,0.0285401881606,-3.99166380505,-0.0500570634339,-0.0311700829388,-0.640599570326,-0.371299902718,-2,NaN,NaN,NaN,-0.20784718906,-0.329044285182,-778,-0.100128700129,-0.35677856909,-0.324324324324,0.324324324324,0,168,15,174,975,0.491228070175,0.984848484848,0.0151515151515,0.508771929825,0.918032786885,0.491228070175,0.64,0.604118152745,0.476076555024,0.470588235294,27,186,0,0,0,0
1543,WLNM_dir_neg,0.496921609435,0.367727177984,00:00:04,10,40,22,1236695357,threshold_sweep,0.4,0.733333333333,0.0591397849462,0.109452736318,11,4,175,368,0.0591397849462,0.989247311828,0.010752688172,0.940860215054,0.733333333333,0.0591397849462,0.109452736318,0.679211469534,0.65770609319,0.0628272251309,0.141030148417,0.0483870967742,342,156,186,0,342,0,156,0,186,37,342,0.256756756757,1.72528881811,18.4864864865,15.5454545455,9.77142857143,5.36771015539,0.290358590277,0.142642642643,9.50849154237,1.02869645341,0.544491860281,8.05331334643,0.871264894205,0.461830251304,0.640599570326,0.371299902718,2,1.72528881811,0.640599570326,2,0.344071394247,0.376569037657,810,0.104247104247,0.56957682835,37,37,37,1,0,0.405405405405,0.540540540541,0.0540540540541,37,0.117117117117,2.22747747748,8.43243243243,7.09090909091,4.45714285714,5.03620525429,0.597242289772,0.326923076923,6.00525295579,1.42432281644,0.680873180873,3.83793300225,0.910278981302,0.463617463617,1.42084529335,0.637871901162,5.2,2.22747747748,1.42084529335,5.2,0,0,0,0,0.160752482811,37,37,37,1,0,0.405405405405,0.540540540541,0.0540540540541,37,171,0.128378378378,1,9.24324324324,7.4347826087,4.88571428571,4.59108680794,0.496696526006,0.268847795164,5.96448447689,1.29056096868,0.647384226332,3.73683876612,0.808555756412,0.421684842737,0,0,0,NaN,NaN,NaN,0.127016302016,0.0153758542141,9,0.0011583011583,0.179527706399,37,37,0,1,2,0.378378378378,0.567567567568,0.0540540540541,-171,-0.128378378378,-0.725288818115,-9.24324324324,-8.11067193676,-4.88571428571,-0.776623347449,0.206337935729,0.126205152521,-3.54400706548,0.261864515269,0.10289236605,-4.31647458032,-0.0627091377933,-0.0401454085665,-0.640599570326,-0.371299902718,-2,NaN,NaN,NaN,-0.217055092231,-0.361193183443,-801,-0.103088803089,-0.390049121951,-0.027027027027,0.027027027027,0,167,4,175,986,0.488304093567,0.99595959596,0.0040404040404,0.511695906433,0.976608187135,0.488304093567,0.651072124756,0.632409509528,0.484263689527,0.482658959538,15,186,0,0,0,0
1544,WLNM_dir_neg,0.496921609435,0.367727177984,00:00:04,10,40,22,1236695357,threshold_sweep,0.5,0.733333333333,0.0591397849462,0.109452736318,11,4,175,368,0.0591397849462,0.989247311828,0.010752688172,0.940860215054,0.733333333333,0.0591397849462,0.109452736318,0.679211469534,0.65770609319,0.0628272251309,0.141030148417,0.0483870967742,342,156,186,0,342,0,156,0,186,37,342,0.256756756757,1.72528881811,18.4864864865,15.5454545455,9.77142857143,5.36771015539,0.290358590277,0.142642642643,9.50849154237,1.02869645341,0.544491860281,8.05331334643,0.871264894205,0.461830251304,0.640599570326,0.371299902718,2,1.72528881811,0.640599570326,2,0.344071394247,0.376569037657,810,0.104247104247,0.56957682835,37,37,37,1,0,0.405405405405,0.540540540541,0.0540540540541,37,0.117117117117,2.22747747748,8.43243243243,7.09090909091,4.45714285714,5.03620525429,0.597242289772,0.326923076923,6.00525295579,1.42432281644,0.680873180873,3.83793300225,0.910278981302,0.463617463617,1.42084529335,0.637871901162,5.2,2.22747747748,1.42084529335,5.2,0,0,0,0,0.160752482811,37,37,37,1,0,0.405405405405,0.540540540541,0.0540540540541,37,171,0.128378378378,1,9.24324324324,7.4347826087,4.88571428571,4.59108680794,0.496696526006,0.268847795164,5.96448447689,1.29056096868,0.647384226332,3.73683876612,0.808555756412,0.421684842737,0,0,0,NaN,NaN,NaN,0.127016302016,0.0153758542141,9,0.0011583011583,0.179527706399,37,37,0,1,2,0.378378378378,0.567567567568,0.0540540540541,-171,-0.128378378378,-0.725288818115,-9.24324324324,-8.11067193676,-4.88571428571,-0.776623347449,0.206337935729,0.126205152521,-3.54400706548,0.261864515269,0.10289236605,-4.31647458032,-0.0627091377933,-0.0401454085665,-0.640599570326,-0.371299902718,-2,NaN,NaN,NaN,-0.217055092231,-0.361193183443,-801,-0.103088803089,-0.390049121951,-0.027027027027,0.027027027027,0,167,4,175,986,0.488304093567,0.99595959596,0.0040404040404,0.511695906433,0.976608187135,0.488304093567,0.651072124756,0.632409509528,0.484263689527,0.482658959538,15,186,0,0,0,0
1545,WLNM_dir_neg,0.496921609435,0.367727177984,00:00:04,10,40,22,1236695357,threshold_sweep,0.6,0.733333333333,0.0591397849462,0.109452736318,11,4,175,368,0.0591397849462,0.989247311828,0.010752688172,0.940860215054,0.733333333333,0.0591397849462,0.109452736318,0.679211469534,0.65770609319,0.0628272251309,0.141030148417,0.0483870967742,342,156,186,0,342,0,156,0,186,37,342,0.256756756757,1.72528881811,18.4864864865,15.5454545455,9.77142857143,5.36771015539,0.290358590277,0.142642642643,9.50849154237,1.02869645341,0.544491860281,8.05331334643,0.871264894205,0.461830251304,0.640599570326,0.371299902718,2,1.72528881811,0.640599570326,2,0.344071394247,0.376569037657,810,0.104247104247,0.56957682835,37,37,37,1,0,0.405405405405,0.540540540541,0.0540540540541,37,0.117117117117,2.22747747748,8.43243243243,7.09090909091,4.45714285714,5.03620525429,0.597242289772,0.326923076923,6.00525295579,1.42432281644,0.680873180873,3.83793300225,0.910278981302,0.463617463617,1.42084529335,0.637871901162,5.2,2.22747747748,1.42084529335,5.2,0,0,0,0,0.160752482811,37,37,37,1,0,0.405405405405,0.540540540541,0.0540540540541,37,171,0.128378378378,1,9.24324324324,7.4347826087,4.88571428571,4.59108680794,0.496696526006,0.268847795164,5.96448447689,1.29056096868,0.647384226332,3.73683876612,0.808555756412,0.421684842737,0,0,0,NaN,NaN,NaN,0.127016302016,0.0153758542141,9,0.0011583011583,0.179527706399,37,37,0,1,2,0.378378378378,0.567567567568,0.0540540540541,-171,-0.128378378378,-0.725288818115,-9.24324324324,-8.11067193676,-4.88571428571,-0.776623347449,0.206337935729,0.126205152521,-3.54400706548,0.261864515269,0.10289236605,-4.31647458032,-0.0627091377933,-0.0401454085665,-0.640599570326,-0.371299902718,-2,NaN,NaN,NaN,-0.217055092231,-0.361193183443,-801,-0.103088803089,-0.390049121951,-0.027027027027,0.027027027027,0,167,4,175,986,0.488304093567,0.99595959596,0.0040404040404,0.511695906433,0.976608187135,0.488304093567,0.651072124756,0.632409509528,0.484263689527,0.482658959538,15,186,0,0,0,0
1546,WLNM_dir_neg,0.496921609435,0.367727177984,00:00:04,10,40,22,1236695357,threshold_sweep,0.7,0.785714285714,0.0591397849462,0.11,11,3,175,369,0.0591397849462,0.991935483871,0.00806451612903,0.940860215054,0.785714285714,0.0591397849462,0.11,0.681003584229,0.658303464755,0.0664335664336,0.153948384344,0.0510752688172,342,156,186,0,342,0,156,0,186,37,342,0.256756756757,1.72528881811,18.4864864865,15.5454545455,9.77142857143,5.36771015539,0.290358590277,0.142642642643,9.50849154237,1.02869645341,0.544491860281,8.05331334643,0.871264894205,0.461830251304,0.640599570326,0.371299902718,2,1.72528881811,0.640599570326,2,0.344071394247,0.376569037657,810,0.104247104247,0.56957682835,37,37,37,1,0,0.405405405405,0.540540540541,0.0540540540541,37,0.117117117117,2.22747747748,8.43243243243,7.09090909091,4.45714285714,5.03620525429,0.597242289772,0.326923076923,6.00525295579,1.42432281644,0.680873180873,3.83793300225,0.910278981302,0.463617463617,1.42084529335,0.637871901162,5.2,2.22747747748,1.42084529335,5.2,0,0,0,0,0.160752482811,37,37,37,1,0,0.405405405405,0.540540540541,0.0540540540541,37,170,0.127627627628,2.13520520521,9.18918918919,7.72727272727,4.85714285714,4.6178267967,0.502528210229,0.27106518283,5.98358615742,1.30230992838,0.652464228935,3.70779553748,0.806990793451,0.422893481717,1.23880324244,0.580179946837,4.19901234568,2.13520520521,1.23880324244,4.19901234568,0.127016302016,0.0153758542141,9,0.0011583011583,0.183344816347,37,37,37,1,0,0.405405405405,0.540540540541,0.0540540540541,-172,-0.129129129129,0.40991638709,-9.2972972973,-7.81818181818,-4.91428571429,-0.749883358693,0.212169619952,0.128422540187,-3.52490538495,0.273613474965,0.107972368653,-4.34551780896,-0.0642741007536,-0.0389367695869,0.598203672115,0.208880044119,2.19901234568,0.40991638709,0.598203672115,2.19901234568,-0.217055092231,-0.361193183443,-801,-0.103088803089,-0.386232012003,0,0,0,167,3,175,987,0.488304093567,0.99696969697,0.0030303030303,0.511695906433,0.982352941176,0.488304093567,0.65234375,0.635316246621,0.485273790537,0.484057971014,14,186,0,0,0,0
1547,WLNM_dir_neg,0.496921609435,0.367727177984,00:00:04,10,40,22,1236695357,threshold_sweep,0.8,0.833333333333,0.0537634408602,0.10101010101,10,2,176,370,0.0537634408602,0.994623655914,0.00537634408602,0.94623655914,0.833333333333,0.0537634408602,0.10101010101,0.681003584229,0.659498207885,0.0631578947368,0.157242725508,0.0483870967742,342,156,186,0,342,0,156,0,186,37,342,0.256756756757,1.72528881811,18.4864864865,15.5454545455,9.77142857143,5.36771015539,0.290358590277,0.142642642643,9.50849154237,1.02869645341,0.544491860281,8.05331334643,0.871264894205,0.461830251304,0.640599570326,0.371299902718,2,1.72528881811,0.640599570326,2,0.344071394247,0.376569037657,810,0.104247104247,0.56957682835,37,37,37,1,0,0.405405405405,0.540540540541,0.0540540540541,37,0.117117117117,2.22747747748,8.43243243243,7.09090909091,4.45714285714,5.03620525429,0.597242289772,0.326923076923,6.00525295579,1.42432281644,0.680873180873,3.83793300225,0.910278981302,0.463617463617,1.42084529335,0.637871901162,5.2,2.22747747748,1.42084529335,5.2,0,0,0,0,0.160752482811,37,37,37,1,0,0.405405405405,0.540540540541,0.0540540540541,37,168,0.126126126126,2.12284569338,9.08108108108,7.63636363636,4.8,4.68080227204,0.51544548829,0.277348777349,5.97492256851,1.31590556568,0.655405405405,3.75347686666,0.826658595635,0.432754182754,1.21561786422,0.57263599894,4.15334805004,2.12284569338,1.21561786422,4.15334805004,0.0945624195624,0.0103746397695,6,0.000772200772201,0.183134660942,37,37,37,1,0,0.405405405405,0.540540540541,0.0540540540541,-174,-0.130630630631,0.397556875261,-9.40540540541,-7.90909090909,-4.97142857143,-0.686907883356,0.225086898013,0.134706134706,-3.53356897386,0.287209112269,0.110913545124,-4.29983647977,-0.0446062985703,-0.0290760685498,0.575018293895,0.201336096222,2.15334805004,0.397556875261,0.575018293895,2.15334805004,-0.249508974685,-0.366194397887,-804,-0.103474903475,-0.386442167408,0,0,0,166,2,176,988,0.485380116959,0.99797979798,0.0020202020202,0.514619883041,0.988095238095,0.485380116959,0.650980392157,0.636019089552,0.483359914939,0.482558139535,12,186,0,0,0,0
1548,WLNM_dir_neg,0.496921609435,0.367727177984,00:00:04,10,40,22,1236695357,threshold_sweep,0.9,0.8,0.0430107526882,0.0816326530612,8,2,178,370,0.0430107526882,0.994623655914,0.00537634408602,0.956989247312,0.8,0.0430107526882,0.0816326530612,0.677419354839,0.660692951016,0.0492957746479,0.133728125983,0.0376344086022,342,156,186,0,342,0,156,0,186,37,342,0.256756756757,1.72528881811,18.4864864865,15.5454545455,9.77142857143,5.36771015539,0.290358590277,0.142642642643,9.50849154237,1.02869645341,0.544491860281,8.05331334643,0.871264894205,0.461830251304,0.640599570326,0.371299902718,2,1.72528881811,0.640599570326,2,0.344071394247,0.376569037657,810,0.104247104247,0.56957682835,37,37,37,1,0,0.405405405405,0.540540540541,0.0540540540541,37,0.117117117117,2.22747747748,8.43243243243,7.09090909091,4.45714285714,5.03620525429,0.597242289772,0.326923076923,6.00525295579,1.42432281644,0.680873180873,3.83793300225,0.910278981302,0.463617463617,1.42084529335,0.637871901162,5.2,2.22747747748,1.42084529335,5.2,0,0,0,0,0.160752482811,37,37,37,1,0,0.405405405405,0.540540540541,0.0540540540541,37,166,0.124624624625,2.1127013603,8.97297297297,7.54545454545,4.74285714286,4.76378984567,0.530904290029,0.287365678932,5.9936152215,1.33592628431,0.661022468251,3.71649193626,0.828374708685,0.435363073917,1.20763981237,0.571609331569,4.13708609272,2.1127013603,1.20763981237,4.13708609272,0.0648541398541,0.00524781341108,3,0.0003861003861,0.175870846325,37,37,37,1,0,0.405405405405,0.540540540541,0.0540540540541,-176,-0.132132132132,0.387412542186,-9.51351351351,-8,-5.02857142857,-0.603920309725,0.240545699752,0.144723036289,-3.51487632087,0.307229830896,0.11653060797,-4.33682141017,-0.0428901855196,-0.0264671773866,0.56704024204,0.200309428851,2.13708609272,0.387412542186,0.56704024204,2.13708609272,-0.279217254393,-0.371321224246,-807,-0.103861003861,-0.393705982024,0,0,0,164,2,178,988,0.479532163743,0.99797979798,0.0020202020202,0.520467836257,0.987951807229,0.479532163743,0.645669291339,0.631555594027,0.477511961722,0.476744186047,10,186,0,0,0,0
1549,WLNM_dir_neg,0.395580413921,0.290967776223,00:00:04,10,40,23,1236695358,threshold_sweep,0.1,0.4,0.0752688172043,0.126696832579,14,21,172,351,0.0752688172043,0.943548387097,0.0564516129032,0.924731182796,0.4,0.0752688172043,0.126696832579,0.654121863799,0.645758661888,0.0236087689713,0.036584588591,0.0188172043011,342,156,186,0,342,0,156,0,186,37,342,0.256756756757,1.72528881811,18.4864864865,15.5454545455,9.77142857143,5.36771015539,0.290358590277,0.142642642643,9.50849154237,1.02869645341,0.544491860281,8.05331334643,0.871264894205,0.461830251304,0.640599570326,0.371299902718,2,1.72528881811,0.640599570326,2,0.344071394247,0.376569037657,810,0.104247104247,0.56957682835,37,37,37,1,0,0.405405405405,0.540540540541,0.0540540540541,37,0.117117117117,2.21261261261,8.43243243243,7.09090909091,4.45714285714,5.04722443274,0.598549051319,0.327616077616,6.00525295579,1.42432281644,0.680873180873,3.83793300225,0.910278981302,0.463617463617,1.39215458577,0.629190386892,5.2,2.21261261261,1.39215458577,5.2,0,0,0,0,0.161113233172,37,37,37,1,0,0.405405405405,0.540540540541,0.0540540540541,37,191,0.143393393393,11.2551464049,10.3243243243,5.61764705882,5.30555555556,4.92191276083,0.476729770028,0.262629121268,5.6051242107,1.08580940207,0.548181689543,3.64778101129,0.706638206375,0.381208433564,4.58913460406,0.407736553481,13.381961395,11.2551464049,4.58913460406,13.381961395,0.113681660431,0.0417287630402,28,0.0036036036036,0.146500280678,37,37,37,1,0,0.0810810810811,0.891891891892,0.027027027027,-151,-0.113363363363,9.52985758677,-8.16216216216,-9.92780748663,-4.46587301587,-0.445797394563,0.186371179751,0.119986478625,-3.90336733167,0.0571129486587,0.00368982926161,-4.40553233515,-0.16462668783,-0.0806218177395,3.94853503373,0.0364366507636,11.381961395,9.52985758677,3.94853503373,11.381961395,-0.230389733817,-0.334840274617,-782,-0.100643500644,-0.423076547672,-0.324324324324,0.351351351351,-0.027027027027,170,21,172,969,0.497076023392,0.978787878788,0.0212121212121,0.502923976608,0.890052356021,0.497076023392,0.637898686679,0.593135483776,0.47586390218,0.468319559229,35,186,0,0,0,0
1550,WLNM_dir_neg,0.395580413921,0.290967776223,00:00:04,10,40,23,1236695358,threshold_sweep,0.2,0.310344827586,0.0483870967742,0.0837209302326,9,20,177,352,0.0483870967742,0.94623655914,0.0537634408602,0.951612903226,0.310344827586,0.0483870967742,0.0837209302326,0.646953405018,0.649342891278,-0.00681431005111,-0.0114179506835,-0.00537634408602,342,156,186,0,342,0,156,0,186,37,342,0.256756756757,1.72528881811,18.4864864865,15.5454545455,9.77142857143,5.36771015539,0.290358590277,0.142642642643,9.50849154237,1.02869645341,0.544491860281,8.05331334643,0.871264894205,0.461830251304,0.640599570326,0.371299902718,2,1.72528881811,0.640599570326,2,0.344071394247,0.376569037657,810,0.104247104247,0.56957682835,37,37,37,1,0,0.405405405405,0.540540540541,0.0540540540541,37,0.117117117117,2.21261261261,8.43243243243,7.09090909091,4.45714285714,5.04722443274,0.598549051319,0.327616077616,6.00525295579,1.42432281644,0.680873180873,3.83793300225,0.910278981302,0.463617463617,1.39215458577,0.629190386892,5.2,2.21261261261,1.39215458577,5.2,0,0,0,0,0.161113233172,37,37,37,1,0,0.405405405405,0.540540540541,0.0540540540541,37,185,0.138888888889,11.1832072821,10,5.44117647059,5.13888888889,4.97772817436,0.497772817436,0.2753834916,5.63224841624,1.12644968325,0.556902848795,3.71184290855,0.742368581711,0.396201607012,4.42367104175,0.395563717114,13.1525741293,11.1832072821,4.42367104175,13.1525741293,0.0804539833952,0.0282870612886,18,0.0023166023166,0.14382917538,37,37,37,1,0,0.0810810810811,0.891891891892,0.027027027027,-157,-0.117867867868,9.45791846394,-8.48648648649,-10.1042780749,-4.63253968254,-0.389981981037,0.207414227158,0.132740848957,-3.87624312614,0.0977532298329,0.0124109885134,-4.34147043788,-0.128896312494,-0.0656286442915,3.78307147142,0.0242638143964,11.1525741293,9.45791846394,3.78307147142,11.1525741293,-0.263617410852,-0.348281976368,-792,-0.101930501931,-0.42574765297,-0.324324324324,0.351351351351,-0.027027027027,165,20,177,970,0.482456140351,0.979797979798,0.020202020202,0.517543859649,0.891891891892,0.482456140351,0.626185958254,0.583907250435,0.462254120149,0.455801104972,29,186,0,0,0,0
1551,WLNM_dir_neg,0.395580413921,0.290967776223,00:00:04,10,40,23,1236695358,threshold_sweep,0.3,0.409090909091,0.0483870967742,0.0865384615385,9,13,177,359,0.0483870967742,0.965053763441,0.0349462365591,0.951612903226,0.409090909091,0.0483870967742,0.0865384615385,0.659498207885,0.653524492234,0.0172413793103,0.0325582663169,0.0134408602151,342,156,186,0,342,0,156,0,186,37,342,0.256756756757,1.72528881811,18.4864864865,15.5454545455,9.77142857143,5.36771015539,0.290358590277,0.142642642643,9.50849154237,1.02869645341,0.544491860281,8.05331334643,0.871264894205,0.461830251304,0.640599570326,0.371299902718,2,1.72528881811,0.640599570326,2,0.344071394247,0.376569037657,810,0.104247104247,0.56957682835,37,37,37,1,0,0.405405405405,0.540540540541,0.0540540540541,37,0.117117117117,2.21261261261,8.43243243243,7.09090909091,4.45714285714,5.04722443274,0.598549051319,0.327616077616,6.00525295579,1.42432281644,0.680873180873,3.83793300225,0.910278981302,0.463617463617,1.39215458577,0.629190386892,5.2,2.21261261261,1.39215458577,5.2,0,0,0,0,0.161113233172,37,37,37,1,0,0.405405405405,0.540540540541,0.0540540540541,37,178,0.133633633634,6.43564341863,9.62162162162,5.74193548387,4.94444444444,4.6148994894,0.479638430078,0.265411478895,5.76309059561,1.19794579796,0.594594594595,3.73301961359,0.775964751139,0.411478894625,3.0285779756,0.470594434558,8.28524999622,6.43564341863,3.0285779756,8.28524999622,0.0804539833952,0.0282870612886,18,0.0023166023166,0.173176465112,37,37,37,1,0,0.162162162162,0.810810810811,0.027027027027,-164,-0.123123123123,4.71035460051,-8.86486486486,-9.80351906158,-4.82698412698,-0.75281066599,0.189279839801,0.122768836252,-3.74540094676,0.169249344549,0.0501027343133,-4.32029373285,-0.0953001430657,-0.050351356679,2.38797840528,0.09929453184,6.28524999622,4.71035460051,2.38797840528,6.28524999622,-0.263617410852,-0.348281976368,-792,-0.101930501931,-0.396400363238,-0.243243243243,0.27027027027,-0.027027027027,165,13,177,977,0.482456140351,0.986868686869,0.0131313131313,0.517543859649,0.926966292135,0.482456140351,0.634615384615,0.60254747894,0.46932482722,0.464788732394,22,186,0,0,0,0
1552,WLNM_dir_neg,0.395580413921,0.290967776223,00:00:04,10,40,23,1236695358,threshold_sweep,0.4,0.666666666667,0.0430107526882,0.0808080808081,8,4,178,368,0.0430107526882,0.989247311828,0.010752688172,0.956989247312,0.666666666667,0.0430107526882,0.0808080808081,0.673835125448,0.659498207885,0.0421052631579,0.104828483672,0.0322580645161,342,156,186,0,342,0,156,0,186,37,342,0.256756756757,1.72528881811,18.4864864865,15.5454545455,9.77142857143,5.36771015539,0.290358590277,0.142642642643,9.50849154237,1.02869645341,0.544491860281,8.05331334643,0.871264894205,0.461830251304,0.640599570326,0.371299902718,2,1.72528881811,0.640599570326,2,0.344071394247,0.376569037657,810,0.104247104247,0.56957682835,37,37,37,1,0,0.405405405405,0.540540540541,0.0540540540541,37,0.117117117117,2.21261261261,8.43243243243,7.09090909091,4.45714285714,5.04722443274,0.598549051319,0.327616077616,6.00525295579,1.42432281644,0.680873180873,3.83793300225,0.910278981302,0.463617463617,1.39215458577,0.629190386892,5.2,2.21261261261,1.39215458577,5.2,0,0,0,0,0.161113233172,37,37,37,1,0,0.405405405405,0.540540540541,0.0540540540541,37,168,0.126126126126,2.10926021078,9.08108108108,7.63636363636,4.66666666667,4.51773282852,0.497488436474,0.268661518662,5.94229003086,1.30871863775,0.650579150579,3.63313909721,0.800155634505,0.420527670528,1.18407042373,0.561367638606,3.82087029996,2.10926021078,1.18407042373,3.82087029996,0.0751072501073,0.0139778683751,8,0.0010296010296,0.17478870336,37,37,37,1,0,0.405405405405,0.567567567568,0.027027027027,-174,-0.130630630631,0.383971392666,-9.40540540541,-7.90909090909,-5.10476190476,-0.849977326871,0.207129846197,0.126018876019,-3.56620151152,0.280022184333,0.106087290298,-4.42017424922,-0.0711092596996,-0.0413025807763,0.543470853406,0.190067735889,1.82087029996,0.383971392666,0.543470853406,1.82087029996,-0.26896414414,-0.362591169282,-802,-0.103217503218,-0.39478812499,0,0.027027027027,-0.027027027027,164,4,178,986,0.479532163743,0.99595959596,0.0040404040404,0.520467836257,0.97619047619,0.479532163743,0.643137254902,0.625665941151,0.475491759702,0.473988439306,12,186,0,0,0,0
1553,WLNM_dir_neg,0.395580413921,0.290967776223,00:00:04,10,40,23,1236695358,threshold_sweep,0.5,0.7,0.0376344086022,0.0714285714286,7,3,179,369,0.0376344086022,0.991935483871,0.00806451612903,0.962365591398,0.7,0.0376344086022,0.0714285714286,0.673835125448,0.660692951016,0.0387323943662,0.105072098986,0.0295698924731,342,156,186,0,342,0,156,0,186,37,342,0.256756756757,1.72528881811,18.4864864865,15.5454545455,9.77142857143,5.36771015539,0.290358590277,0.142642642643,9.50849154237,1.02869645341,0.544491860281,8.05331334643,0.871264894205,0.461830251304,0.640599570326,0.371299902718,2,1.72528881811,0.640599570326,2,0.344071394247,0.376569037657,810,0.104247104247,0.56957682835,37,37,37,1,0,0.405405405405,0.540540540541,0.0540540540541,37,0.117117117117,2.21261261261,8.43243243243,7.09090909091,4.45714285714,5.04722443274,0.598549051319,0.327616077616,6.00525295579,1.42432281644,0.680873180873,3.83793300225,0.910278981302,0.463617463617,1.39215458577,0.629190386892,5.2,2.21261261261,1.39215458577,5.2,0,0,0,0,0.161113233172,37,37,37,1,0,0.405405405405,0.540540540541,0.0540540540541,37,166,0.124624624625,2.11722810739,8.97297297297,7.54545454545,4.61111111111,4.59157735235,0.511711933846,0.277271247151,5.93306002002,1.32242904061,0.653533051123,3.67137290111,0.818318056271,0.427873656789,1.20301963193,0.568205016613,3.86916708064,2.11722810739,1.20301963193,3.86916708064,0.0664628914629,0.0106132075472,6,0.000772200772201,0.173701298701,37,37,37,1,0,0.405405405405,0.567567567568,0.027027027027,-176,-0.132132132132,0.391939289277,-9.51351351351,-8,-5.16031746032,-0.776132803047,0.221353343569,0.134628604508,-3.57543152235,0.293732587193,0.109041190842,-4.38194044533,-0.0529468379342,-0.0339565945146,0.562420061607,0.196905113895,1.86916708064,0.391939289277,0.562420061607,1.86916708064,-0.277608502785,-0.36595583011,-804,-0.103474903475,-0.395875529649,0,0.027027027027,-0.027027027027,163,3,179,987,0.476608187135,0.99696969697,0.0030303030303,0.523391812865,0.981927710843,0.476608187135,0.641732283465,0.626352397194,0.473577884104,0.472463768116,10,186,0,0,0,0
1554,WLNM_dir_neg,0.395580413921,0.290967776223,00:00:04,10,40,23,1236695358,threshold_sweep,0.6,0.7,0.0376344086022,0.0714285714286,7,3,179,369,0.0376344086022,0.991935483871,0.00806451612903,0.962365591398,0.7,0.0376344086022,0.0714285714286,0.673835125448,0.660692951016,0.0387323943662,0.105072098986,0.0295698924731,342,156,186,0,342,0,156,0,186,37,342,0.256756756757,1.72528881811,18.4864864865,15.5454545455,9.77142857143,5.36771015539,0.290358590277,0.142642642643,9.50849154237,1.02869645341,0.544491860281,8.05331334643,0.871264894205,0.461830251304,0.640599570326,0.371299902718,2,1.72528881811,0.640599570326,2,0.344071394247,0.376569037657,810,0.104247104247,0.56957682835,37,37,37,1,0,0.405405405405,0.540540540541,0.0540540540541,37,0.117117117117,2.21261261261,8.43243243243,7.09090909091,4.45714285714,5.04722443274,0.598549051319,0.327616077616,6.00525295579,1.42432281644,0.680873180873,3.83793300225,0.910278981302,0.463617463617,1.39215458577,0.629190386892,5.2,2.21261261261,1.39215458577,5.2,0,0,0,0,0.161113233172,37,37,37,1,0,0.405405405405,0.540540540541,0.0540540540541,37,166,0.124624624625,2.11722810739,8.97297297297,7.54545454545,4.61111111111,4.59157735235,0.511711933846,0.277271247151,5.93306002002,1.32242904061,0.653533051123,3.67137290111,0.818318056271,0.427873656789,1.20301963193,0.568205016613,3.86916708064,2.11722810739,1.20301963193,3.86916708064,0.0664628914629,0.0106132075472,6,0.000772200772201,0.173701298701,37,37,37,1,0,0.405405405405,0.567567567568,0.027027027027,-176,-0.132132132132,0.391939289277,-9.51351351351,-8,-5.16031746032,-0.776132803047,0.221353343569,0.134628604508,-3.57543152235,0.293732587193,0.109041190842,-4.38194044533,-0.0529468379342,-0.0339565945146,0.562420061607,0.196905113895,1.86916708064,0.391939289277,0.562420061607,1.86916708064,-0.277608502785,-0.36595583011,-804,-0.103474903475,-0.395875529649,0,0.027027027027,-0.027027027027,163,3,179,987,0.476608187135,0.99696969697,0.0030303030303,0.523391812865,0.981927710843,0.476608187135,0.641732283465,0.626352397194,0.473577884104,0.472463768116,10,186,0,0,0,0
1555,WLNM_dir_neg,0.395580413921,0.290967776223,00:00:04,10,40,23,1236695358,threshold_sweep,0.7,0.7,0.0376344086022,0.0714285714286,7,3,179,369,0.0376344086022,0.991935483871,0.00806451612903,0.962365591398,0.7,0.0376344086022,0.0714285714286,0.673835125448,0.660692951016,0.0387323943662,0.105072098986,0.0295698924731,342,156,186,0,342,0,156,0,186,37,342,0.256756756757,1.72528881811,18.4864864865,15.5454545455,9.77142857143,5.36771015539,0.290358590277,0.142642642643,9.50849154237,1.02869645341,0.544491860281,8.05331334643,0.871264894205,0.461830251304,0.640599570326,0.371299902718,2,1.72528881811,0.640599570326,2,0.344071394247,0.376569037657,810,0.104247104247,0.56957682835,37,37,37,1,0,0.405405405405,0.540540540541,0.0540540540541,37,0.117117117117,2.21261261261,8.43243243243,7.09090909091,4.45714285714,5.04722443274,0.598549051319,0.327616077616,6.00525295579,1.42432281644,0.680873180873,3.83793300225,0.910278981302,0.463617463617,1.39215458577,0.629190386892,5.2,2.21261261261,1.39215458577,5.2,0,0,0,0,0.161113233172,37,37,37,1,0,0.405405405405,0.540540540541,0.0540540540541,37,166,0.124624624625,2.11722810739,8.97297297297,7.54545454545,4.61111111111,4.59157735235,0.511711933846,0.277271247151,5.93306002002,1.32242904061,0.653533051123,3.67137290111,0.818318056271,0.427873656789,1.20301963193,0.568205016613,3.86916708064,2.11722810739,1.20301963193,3.86916708064,0.0664628914629,0.0106132075472,6,0.000772200772201,0.173701298701,37,37,37,1,0,0.405405405405,0.567567567568,0.027027027027,-176,-0.132132132132,0.391939289277,-9.51351351351,-8,-5.16031746032,-0.776132803047,0.221353343569,0.134628604508,-3.57543152235,0.293732587193,0.109041190842,-4.38194044533,-0.0529468379342,-0.0339565945146,0.562420061607,0.196905113895,1.86916708064,0.391939289277,0.562420061607,1.86916708064,-0.277608502785,-0.36595583011,-804,-0.103474903475,-0.395875529649,0,0.027027027027,-0.027027027027,163,3,179,987,0.476608187135,0.99696969697,0.0030303030303,0.523391812865,0.981927710843,0.476608187135,0.641732283465,0.626352397194,0.473577884104,0.472463768116,10,186,0,0,0,0
1556,WLNM_dir_neg,0.395580413921,0.290967776223,00:00:04,10,40,23,1236695358,threshold_sweep,0.8,0.25,0.00537634408602,0.0105263157895,1,3,185,369,0.00537634408602,0.991935483871,0.00806451612903,0.994623655914,0.25,0.00537634408602,0.0105263157895,0.663082437276,0.664277180406,-0.00355871886121,-0.0150210442032,-0.00268817204301,342,156,186,0,342,0,156,0,186,37,342,0.256756756757,1.72528881811,18.4864864865,15.5454545455,9.77142857143,5.36771015539,0.290358590277,0.142642642643,9.50849154237,1.02869645341,0.544491860281,8.05331334643,0.871264894205,0.461830251304,0.640599570326,0.371299902718,2,1.72528881811,0.640599570326,2,0.344071394247,0.376569037657,810,0.104247104247,0.56957682835,37,37,37,1,0,0.405405405405,0.540540540541,0.0540540540541,37,0.117117117117,2.21261261261,8.43243243243,7.09090909091,4.45714285714,5.04722443274,0.598549051319,0.327616077616,6.00525295579,1.42432281644,0.680873180873,3.83793300225,0.910278981302,0.463617463617,1.39215458577,0.629190386892,5.2,2.21261261261,1.39215458577,5.2,0,0,0,0,0.161113233172,37,37,37,1,0,0.405405405405,0.540540540541,0.0540540540541,37,160,0.12012012012,2.17834815948,8.64864864865,7.27272727273,4.44444444444,4.92282786965,0.569201972429,0.311317567568,5.96775620431,1.38004362225,0.669932432432,3.76426216803,0.870485626357,0.446959459459,1.28680209553,0.590723796805,4.34975541579,2.17834815948,1.28680209553,4.34975541579,0.039274691358,0.005444646098,3,0.0003861003861,0.165428090428,37,37,37,1,0,0.405405405405,0.567567567568,0.027027027027,-182,-0.136636636637,0.453059341365,-9.83783783784,-8.27272727273,-5.32698412698,-0.44488228574,0.278843382152,0.168674924925,-3.54073533806,0.351347168833,0.125440572151,-4.2890511784,-0.000779267847698,-0.0148707918445,0.646202525205,0.219423894087,2.34975541579,0.453059341365,0.646202525205,2.34975541579,-0.304796702889,-0.371124391559,-807,-0.103861003861,-0.404148737922,0,0.027027027027,-0.027027027027,157,3,185,987,0.459064327485,0.99696969697,0.0030303030303,0.540935672515,0.98125,0.459064327485,0.625498007968,0.612779318807,0.456034024455,0.455072463768,4,186,0,0,0,0
1557,WLNM_dir_neg,0.395580413921,0.290967776223,00:00:04,10,40,23,1236695358,threshold_sweep,0.9,0,0,0,0,2,186,370,0,0.994623655914,0.00537634408602,1,0,0,0,0.663082437276,0.665471923536,-0.00714285714286,-0.042409446484,-0.00537634408602,342,156,186,0,342,0,156,0,186,37,342,0.256756756757,1.72528881811,18.4864864865,15.5454545455,9.77142857143,5.36771015539,0.290358590277,0.142642642643,9.50849154237,1.02869645341,0.544491860281,8.05331334643,0.871264894205,0.461830251304,0.640599570326,0.371299902718,2,1.72528881811,0.640599570326,2,0.344071394247,0.376569037657,810,0.104247104247,0.56957682835,37,37,37,1,0,0.405405405405,0.540540540541,0.0540540540541,37,0.117117117117,2.21261261261,8.43243243243,7.09090909091,4.45714285714,5.04722443274,0.598549051319,0.327616077616,6.00525295579,1.42432281644,0.680873180873,3.83793300225,0.910278981302,0.463617463617,1.39215458577,0.629190386892,5.2,2.21261261261,1.39215458577,5.2,0,0,0,0,0.161113233172,37,37,37,1,0,0.405405405405,0.540540540541,0.0540540540541,37,158,0.118618618619,2.20201413535,8.54054054054,7.18181818182,4.38888888889,4.9418540976,0.578634815225,0.316797810469,5.97982092192,1.40033781083,0.674649332877,3.79069510372,0.887694423023,0.450906602805,1.33740561751,0.607355600512,4.40774410774,2.20201413535,1.33740561751,4.40774410774,0.0122412854031,0.00184615384615,1,0.0001287001287,0.161618283677,37,37,37,1,0,0.405405405405,0.567567567568,0.027027027027,-184,-0.138138138138,0.476725317233,-9.94594594595,-8.36363636364,-5.38253968254,-0.425856057798,0.288276224948,0.174155167826,-3.52867062045,0.371641357415,0.130157472596,-4.26261824271,0.0164295288182,-0.0109236484986,0.696806047183,0.236055697794,2.40774410774,0.476725317233,0.696806047183,2.40774410774,-0.331830108844,-0.374722883811,-809,-0.104118404118,-0.407958544673,0,0.027027027027,-0.027027027027,156,2,186,988,0.456140350877,0.99797979798,0.0020202020202,0.543859649123,0.987341772152,0.456140350877,0.624,0.613534275562,0.454120148857,0.453488372093,2,186,0,0,0,0
1558,WLNM_dir_neg,0.561524453694,0.392115757613,00:00:04,10,40,24,1236695359,threshold_sweep,0.1,0.620689655172,0.0967741935484,0.167441860465,18,11,168,361,0.0967741935484,0.970430107527,0.0295698924731,0.903225806452,0.620689655172,0.0967741935484,0.167441860465,0.679211469534,0.649342891278,0.0851788756388,0.142724383543,0.0672043010753,342,156,186,0,342,0,156,0,186,37,342,0.256756756757,1.72528881811,18.4864864865,15.5454545455,9.77142857143,5.36771015539,0.290358590277,0.142642642643,9.50849154237,1.02869645341,0.544491860281,8.05331334643,0.871264894205,0.461830251304,0.640599570326,0.371299902718,2,1.72528881811,0.640599570326,2,0.344071394247,0.376569037657,810,0.104247104247,0.56957682835,37,37,37,1,0,0.405405405405,0.540540540541,0.0540540540541,37,0.117117117117,2.22747747748,8.43243243243,7.09090909091,4.45714285714,5.03620525429,0.597242289772,0.326923076923,6.00525295579,1.42432281644,0.680873180873,3.83793300225,0.910278981302,0.463617463617,1.42084529335,0.637871901162,5.2,2.22747747748,1.42084529335,5.2,0,0,0,0,0.160752482811,37,37,37,1,0,0.405405405405,0.540540540541,0.0540540540541,37,185,0.138888888889,5.71085238904,10,6.60714285714,5,4.71993408617,0.471993408617,0.261504747991,5.87367006224,1.17473401245,0.59926953981,3.71931893407,0.743863786814,0.397662527392,3.09050192795,0.541162985387,8.11715280509,5.71085238904,3.09050192795,8.11715280509,0.143810327402,0.0529931305201,36,0.0046332046332,0.16375946334,37,37,37,1,0,0.243243243243,0.756756756757,0,-157,-0.117867867868,3.98556357092,-8.48648648649,-8.93831168831,-4.77142857143,-0.647776069225,0.18163481834,0.118862105349,-3.63482148014,0.146037559032,0.0547776795287,-4.33399441236,-0.127401107391,-0.0641677239117,2.44990235763,0.169863082669,6.11715280509,3.98556357092,2.44990235763,6.11715280509,-0.200261066846,-0.323575907137,-774,-0.0996138996139,-0.405817365009,-0.162162162162,0.216216216216,-0.0540540540541,174,11,168,979,0.508771929825,0.988888888889,0.0111111111111,0.491228070175,0.940540540541,0.508771929825,0.660341555977,0.628632061107,0.497660818713,0.492917847025,29,186,0,0,0,0
1559,WLNM_dir_neg,0.561524453694,0.392115757613,00:00:04,10,40,24,1236695359,threshold_sweep,0.2,0.739130434783,0.0913978494624,0.162679425837,17,6,169,366,0.0913978494624,0.983870967742,0.0161290322581,0.908602150538,0.739130434783,0.0913978494624,0.162679425837,0.686379928315,0.652927120669,0.0963855421687,0.178485205863,0.0752688172043,342,156,186,0,342,0,156,0,186,37,342,0.256756756757,1.72528881811,18.4864864865,15.5454545455,9.77142857143,5.36771015539,0.290358590277,0.142642642643,9.50849154237,1.02869645341,0.544491860281,8.05331334643,0.871264894205,0.461830251304,0.640599570326,0.371299902718,2,1.72528881811,0.640599570326,2,0.344071394247,0.376569037657,810,0.104247104247,0.56957682835,37,37,37,1,0,0.405405405405,0.540540540541,0.0540540540541,37,0.117117117117,2.22747747748,8.43243243243,7.09090909091,4.45714285714,5.03620525429,0.597242289772,0.326923076923,6.00525295579,1.42432281644,0.680873180873,3.83793300225,0.910278981302,0.463617463617,1.42084529335,0.637871901162,5.2,2.22747747748,1.42084529335,5.2,0,0,0,0,0.160752482811,37,37,37,1,0,0.405405405405,0.540540540541,0.0540540540541,37,179,0.134384384384,2.81072708176,9.67567567568,7.78260869565,4.83783783784,4.73787372641,0.489668513624,0.265287634003,5.98847742434,1.23784170224,0.629624037445,3.78970471961,0.783346785618,0.412803865318,1.91329044025,0.680710145307,5.21517241379,2.81072708176,1.91329044025,5.21517241379,0.145099065533,0.0388601036269,25,0.0032175032175,0.198857201922,37,37,37,1,0,0.378378378378,0.621621621622,0,-163,-0.122372372372,1.08543826365,-8.81081081081,-7.7628458498,-4.93359073359,-0.629836428979,0.199309923347,0.12264499136,-3.52001411803,0.209145248824,0.0851321771639,-4.26360862682,-0.0879181085864,-0.0490263859861,1.27269086992,0.30941024259,3.21517241379,1.08543826365,1.27269086992,3.21517241379,-0.198972328715,-0.33770893403,-785,-0.10102960103,-0.370719626428,-0.027027027027,0.0810810810811,-0.0540540540541,173,6,169,984,0.505847953216,0.993939393939,0.00606060606061,0.494152046784,0.966480446927,0.505847953216,0.664107485605,0.640139665127,0.499787347156,0.497126436782,23,186,0,0,0,0
1560,WLNM_dir_neg,0.561524453694,0.392115757613,00:00:04,10,40,24,1236695359,threshold_sweep,0.3,0.714285714286,0.0806451612903,0.144927536232,15,6,171,366,0.0806451612903,0.983870967742,0.0161290322581,0.91935483871,0.714285714286,0.0806451612903,0.144927536232,0.682795698925,0.654121863799,0.0829015544041,0.15980834491,0.0645161290323,342,156,186,0,342,0,156,0,186,37,342,0.256756756757,1.72528881811,18.4864864865,15.5454545455,9.77142857143,5.36771015539,0.290358590277,0.142642642643,9.50849154237,1.02869645341,0.544491860281,8.05331334643,0.871264894205,0.461830251304,0.640599570326,0.371299902718,2,1.72528881811,0.640599570326,2,0.344071394247,0.376569037657,810,0.104247104247,0.56957682835,37,37,37,1,0,0.405405405405,0.540540540541,0.0540540540541,37,0.117117117117,2.22747747748,8.43243243243,7.09090909091,4.45714285714,5.03620525429,0.597242289772,0.326923076923,6.00525295579,1.42432281644,0.680873180873,3.83793300225,0.910278981302,0.463617463617,1.42084529335,0.637871901162,5.2,2.22747747748,1.42084529335,5.2,0,0,0,0,0.160752482811,37,37,37,1,0,0.405405405405,0.540540540541,0.0540540540541,37,177,0.132882882883,2.82171056033,9.56756756757,7.69565217391,4.78378378378,4.61603810727,0.4824672598,0.260497785922,5.94014185734,1.24172456905,0.631241410902,3.8088722094,0.796204925128,0.416552145366,1.92636437023,0.682693823142,5.21517241379,2.82171056033,1.92636437023,5.21517241379,0.137063916476,0.0320341697811,20,0.002574002574,0.197638351142,37,37,37,1,0,0.378378378378,0.621621621622,0,-165,-0.123873873874,1.09642174222,-8.91891891892,-7.84980237154,-4.98764478764,-0.751672048119,0.192108669523,0.117855143279,-3.56834968504,0.213028115633,0.0867495506211,-4.24444113704,-0.0750599690769,-0.0452781059382,1.28576479991,0.311393920424,3.21517241379,1.09642174222,1.28576479991,3.21517241379,-0.207007477772,-0.344534867876,-790,-0.101673101673,-0.371938477207,-0.027027027027,0.0810810810811,-0.0540540540541,171,6,171,984,0.5,0.993939393939,0.00606060606061,0.5,0.966101694915,0.5,0.658959537572,0.635662643371,0.493939393939,0.491379310345,21,186,0,0,0,0
1561,WLNM_dir_neg,0.561524453694,0.392115757613,00:00:04,10,40,24,1236695359,threshold_sweep,0.4,0.722222222222,0.0698924731183,0.127450980392,13,5,173,367,0.0698924731183,0.986559139785,0.0134408602151,0.930107526882,0.722222222222,0.0698924731183,0.127450980392,0.681003584229,0.655913978495,0.0729166666667,0.150616019019,0.0564516129032,342,156,186,0,342,0,156,0,186,37,342,0.256756756757,1.72528881811,18.4864864865,15.5454545455,9.77142857143,5.36771015539,0.290358590277,0.142642642643,9.50849154237,1.02869645341,0.544491860281,8.05331334643,0.871264894205,0.461830251304,0.640599570326,0.371299902718,2,1.72528881811,0.640599570326,2,0.344071394247,0.376569037657,810,0.104247104247,0.56957682835,37,37,37,1,0,0.405405405405,0.540540540541,0.0540540540541,37,0.117117117117,2.22747747748,8.43243243243,7.09090909091,4.45714285714,5.03620525429,0.597242289772,0.326923076923,6.00525295579,1.42432281644,0.680873180873,3.83793300225,0.910278981302,0.463617463617,1.42084529335,0.637871901162,5.2,2.22747747748,1.42084529335,5.2,0,0,0,0,0.160752482811,37,37,37,1,0,0.405405405405,0.540540540541,0.0540540540541,37,174,0.130630630631,3.05012726013,9.40540540541,7.5652173913,4.7027027027,4.55496956606,0.484292741219,0.262659210935,5.95755759456,1.26683695976,0.637465051258,3.79227918031,0.806404193513,0.417831624728,2.24093255329,0.734701329543,6.15222222222,3.05012726013,2.24093255329,6.15222222222,0.123844967963,0.0215231788079,13,0.0016731016731,0.192039401986,37,37,37,1,0,0.378378378378,0.621621621622,0,-168,-0.126126126126,1.32483844201,-9.08108108108,-7.98023715415,-5.06872586873,-0.812740589332,0.193934150942,0.120016568292,-3.55093394782,0.238140506348,0.0929731909768,-4.26103416613,-0.0648607006916,-0.0439986265758,1.60033298296,0.363401426825,4.15222222222,1.32483844201,1.60033298296,4.15222222222,-0.220226426285,-0.355045858849,-797,-0.102574002574,-0.377537426364,-0.027027027027,0.0810810810811,-0.0540540540541,169,5,173,985,0.494152046784,0.994949494949,0.00505050505051,0.505847953216,0.971264367816,0.494152046784,0.65503875969,0.634016818156,0.489101541733,0.487031700288,18,186,0,0,0,0
1562,WLNM_dir_neg,0.561524453694,0.392115757613,00:00:04,10,40,24,1236695359,threshold_sweep,0.5,0.705882352941,0.0645161290323,0.118226600985,12,5,174,367,0.0645161290323,0.986559139785,0.0134408602151,0.935483870968,0.705882352941,0.0645161290323,0.118226600985,0.679211469534,0.65651135006,0.0660869565217,0.140092701411,0.0510752688172,342,156,186,0,342,0,156,0,186,37,342,0.256756756757,1.72528881811,18.4864864865,15.5454545455,9.77142857143,5.36771015539,0.290358590277,0.142642642643,9.50849154237,1.02869645341,0.544491860281,8.05331334643,0.871264894205,0.461830251304,0.640599570326,0.371299902718,2,1.72528881811,0.640599570326,2,0.344071394247,0.376569037657,810,0.104247104247,0.56957682835,37,37,37,1,0,0.405405405405,0.540540540541,0.0540540540541,37,0.117117117117,2.22747747748,8.43243243243,7.09090909091,4.45714285714,5.03620525429,0.597242289772,0.326923076923,6.00525295579,1.42432281644,0.680873180873,3.83793300225,0.910278981302,0.463617463617,1.42084529335,0.637871901162,5.2,2.22747747748,1.42084529335,5.2,0,0,0,0,0.160752482811,37,37,37,1,0,0.405405405405,0.540540540541,0.0540540540541,37,173,0.12987987988,3.01650979651,9.35135135135,7.52173913043,4.67567567568,4.59598989589,0.491478688289,0.266833307296,5.96309974414,1.27534503198,0.638962662084,3.79366470473,0.811361815462,0.419309482893,2.21270267503,0.733530743906,6.01777777778,3.01650979651,2.21270267503,6.01777777778,0.121866518925,0.0199778024417,12,0.0015444015444,0.190340595741,37,37,37,1,0,0.378378378378,0.621621621622,0,-169,-0.126876876877,1.29122097839,-9.13513513514,-8.02371541502,-5.09575289575,-0.771720259503,0.201120098012,0.124190664653,-3.54539179824,0.246648578569,0.0944708018027,-4.25964864171,-0.059903078743,-0.0425207684106,1.57210310471,0.362230841188,4.01777777778,1.29122097839,1.57210310471,4.01777777778,-0.222204875322,-0.356591235215,-798,-0.102702702703,-0.379236232608,-0.027027027027,0.0810810810811,-0.0540540540541,168,5,174,985,0.491228070175,0.994949494949,0.00505050505051,0.508771929825,0.971098265896,0.491228070175,0.652427184466,0.631772612266,0.486177565125,0.484149855908,17,186,0,0,0,0
1563,WLNM_dir_neg,0.561524453694,0.392115757613,00:00:04,10,40,24,1236695359,threshold_sweep,0.6,0.705882352941,0.0645161290323,0.118226600985,12,5,174,367,0.0645161290323,0.986559139785,0.0134408602151,0.935483870968,0.705882352941,0.0645161290323,0.118226600985,0.679211469534,0.65651135006,0.0660869565217,0.140092701411,0.0510752688172,342,156,186,0,342,0,156,0,186,37,342,0.256756756757,1.72528881811,18.4864864865,15.5454545455,9.77142857143,5.36771015539,0.290358590277,0.142642642643,9.50849154237,1.02869645341,0.544491860281,8.05331334643,0.871264894205,0.461830251304,0.640599570326,0.371299902718,2,1.72528881811,0.640599570326,2,0.344071394247,0.376569037657,810,0.104247104247,0.56957682835,37,37,37,1,0,0.405405405405,0.540540540541,0.0540540540541,37,0.117117117117,2.22747747748,8.43243243243,7.09090909091,4.45714285714,5.03620525429,0.597242289772,0.326923076923,6.00525295579,1.42432281644,0.680873180873,3.83793300225,0.910278981302,0.463617463617,1.42084529335,0.637871901162,5.2,2.22747747748,1.42084529335,5.2,0,0,0,0,0.160752482811,37,37,37,1,0,0.405405405405,0.540540540541,0.0540540540541,37,173,0.12987987988,3.01650979651,9.35135135135,7.52173913043,4.67567567568,4.59598989589,0.491478688289,0.266833307296,5.96309974414,1.27534503198,0.638962662084,3.79366470473,0.811361815462,0.419309482893,2.21270267503,0.733530743906,6.01777777778,3.01650979651,2.21270267503,6.01777777778,0.121866518925,0.0199778024417,12,0.0015444015444,0.190340595741,37,37,37,1,0,0.378378378378,0.621621621622,0,-169,-0.126876876877,1.29122097839,-9.13513513514,-8.02371541502,-5.09575289575,-0.771720259503,0.201120098012,0.124190664653,-3.54539179824,0.246648578569,0.0944708018027,-4.25964864171,-0.059903078743,-0.0425207684106,1.57210310471,0.362230841188,4.01777777778,1.29122097839,1.57210310471,4.01777777778,-0.222204875322,-0.356591235215,-798,-0.102702702703,-0.379236232608,-0.027027027027,0.0810810810811,-0.0540540540541,168,5,174,985,0.491228070175,0.994949494949,0.00505050505051,0.508771929825,0.971098265896,0.491228070175,0.652427184466,0.631772612266,0.486177565125,0.484149855908,17,186,0,0,0,0
1564,WLNM_dir_neg,0.561524453694,0.392115757613,00:00:04,10,40,24,1236695359,threshold_sweep,0.7,0.705882352941,0.0645161290323,0.118226600985,12,5,174,367,0.0645161290323,0.986559139785,0.0134408602151,0.935483870968,0.705882352941,0.0645161290323,0.118226600985,0.679211469534,0.65651135006,0.0660869565217,0.140092701411,0.0510752688172,342,156,186,0,342,0,156,0,186,37,342,0.256756756757,1.72528881811,18.4864864865,15.5454545455,9.77142857143,5.36771015539,0.290358590277,0.142642642643,9.50849154237,1.02869645341,0.544491860281,8.05331334643,0.871264894205,0.461830251304,0.640599570326,0.371299902718,2,1.72528881811,0.640599570326,2,0.344071394247,0.376569037657,810,0.104247104247,0.56957682835,37,37,37,1,0,0.405405405405,0.540540540541,0.0540540540541,37,0.117117117117,2.22747747748,8.43243243243,7.09090909091,4.45714285714,5.03620525429,0.597242289772,0.326923076923,6.00525295579,1.42432281644,0.680873180873,3.83793300225,0.910278981302,0.463617463617,1.42084529335,0.637871901162,5.2,2.22747747748,1.42084529335,5.2,0,0,0,0,0.160752482811,37,37,37,1,0,0.405405405405,0.540540540541,0.0540540540541,37,173,0.12987987988,3.01650979651,9.35135135135,7.52173913043,4.67567567568,4.59598989589,0.491478688289,0.266833307296,5.96309974414,1.27534503198,0.638962662084,3.79366470473,0.811361815462,0.419309482893,2.21270267503,0.733530743906,6.01777777778,3.01650979651,2.21270267503,6.01777777778,0.121866518925,0.0199778024417,12,0.0015444015444,0.190340595741,37,37,37,1,0,0.378378378378,0.621621621622,0,-169,-0.126876876877,1.29122097839,-9.13513513514,-8.02371541502,-5.09575289575,-0.771720259503,0.201120098012,0.124190664653,-3.54539179824,0.246648578569,0.0944708018027,-4.25964864171,-0.059903078743,-0.0425207684106,1.57210310471,0.362230841188,4.01777777778,1.29122097839,1.57210310471,4.01777777778,-0.222204875322,-0.356591235215,-798,-0.102702702703,-0.379236232608,-0.027027027027,0.0810810810811,-0.0540540540541,168,5,174,985,0.491228070175,0.994949494949,0.00505050505051,0.508771929825,0.971098265896,0.491228070175,0.652427184466,0.631772612266,0.486177565125,0.484149855908,17,186,0,0,0,0
1565,WLNM_dir_neg,0.561524453694,0.392115757613,00:00:04,10,40,24,1236695359,threshold_sweep,0.8,0.705882352941,0.0645161290323,0.118226600985,12,5,174,367,0.0645161290323,0.986559139785,0.0134408602151,0.935483870968,0.705882352941,0.0645161290323,0.118226600985,0.679211469534,0.65651135006,0.0660869565217,0.140092701411,0.0510752688172,342,156,186,0,342,0,156,0,186,37,342,0.256756756757,1.72528881811,18.4864864865,15.5454545455,9.77142857143,5.36771015539,0.290358590277,0.142642642643,9.50849154237,1.02869645341,0.544491860281,8.05331334643,0.871264894205,0.461830251304,0.640599570326,0.371299902718,2,1.72528881811,0.640599570326,2,0.344071394247,0.376569037657,810,0.104247104247,0.56957682835,37,37,37,1,0,0.405405405405,0.540540540541,0.0540540540541,37,0.117117117117,2.22747747748,8.43243243243,7.09090909091,4.45714285714,5.03620525429,0.597242289772,0.326923076923,6.00525295579,1.42432281644,0.680873180873,3.83793300225,0.910278981302,0.463617463617,1.42084529335,0.637871901162,5.2,2.22747747748,1.42084529335,5.2,0,0,0,0,0.160752482811,37,37,37,1,0,0.405405405405,0.540540540541,0.0540540540541,37,173,0.12987987988,3.01650979651,9.35135135135,7.52173913043,4.67567567568,4.59598989589,0.491478688289,0.266833307296,5.96309974414,1.27534503198,0.638962662084,3.79366470473,0.811361815462,0.419309482893,2.21270267503,0.733530743906,6.01777777778,3.01650979651,2.21270267503,6.01777777778,0.121866518925,0.0199778024417,12,0.0015444015444,0.190340595741,37,37,37,1,0,0.378378378378,0.621621621622,0,-169,-0.126876876877,1.29122097839,-9.13513513514,-8.02371541502,-5.09575289575,-0.771720259503,0.201120098012,0.124190664653,-3.54539179824,0.246648578569,0.0944708018027,-4.25964864171,-0.059903078743,-0.0425207684106,1.57210310471,0.362230841188,4.01777777778,1.29122097839,1.57210310471,4.01777777778,-0.222204875322,-0.356591235215,-798,-0.102702702703,-0.379236232608,-0.027027027027,0.0810810810811,-0.0540540540541,168,5,174,985,0.491228070175,0.994949494949,0.00505050505051,0.508771929825,0.971098265896,0.491228070175,0.652427184466,0.631772612266,0.486177565125,0.484149855908,17,186,0,0,0,0
1566,WLNM_dir_neg,0.561524453694,0.392115757613,00:00:04,10,40,24,1236695359,threshold_sweep,0.9,0.642857142857,0.0483870967742,0.09,9,5,177,367,0.0483870967742,0.986559139785,0.0134408602151,0.951612903226,0.642857142857,0.0483870967742,0.09,0.673835125448,0.658303464755,0.0454545454545,0.105333105077,0.0349462365591,342,156,186,0,342,0,156,0,186,37,342,0.256756756757,1.72528881811,18.4864864865,15.5454545455,9.77142857143,5.36771015539,0.290358590277,0.142642642643,9.50849154237,1.02869645341,0.544491860281,8.05331334643,0.871264894205,0.461830251304,0.640599570326,0.371299902718,2,1.72528881811,0.640599570326,2,0.344071394247,0.376569037657,810,0.104247104247,0.56957682835,37,37,37,1,0,0.405405405405,0.540540540541,0.0540540540541,37,0.117117117117,2.22747747748,8.43243243243,7.09090909091,4.45714285714,5.03620525429,0.597242289772,0.326923076923,6.00525295579,1.42432281644,0.680873180873,3.83793300225,0.910278981302,0.463617463617,1.42084529335,0.637871901162,5.2,2.22747747748,1.42084529335,5.2,0,0,0,0,0.160752482811,37,37,37,1,0,0.405405405405,0.540540540541,0.0540540540541,37,170,0.127627627628,2.99059902007,9.18918918919,7.39130434783,4.59459459459,4.6178267967,0.502528210229,0.271383147854,5.92292842107,1.28910795047,0.642289348172,3.73764230097,0.81348685374,0.417488076312,2.17976272301,0.72887161013,6.01777777778,2.99059902007,2.17976272301,6.01777777778,0.0374353344942,0.00683371298405,4,0.000514800514801,0.183373560228,37,37,37,1,0,0.378378378378,0.621621621622,0,-172,-0.129129129129,1.26531020196,-9.2972972973,-8.15415019763,-5.17683397683,-0.749883358693,0.212169619952,0.128740505211,-3.58556312131,0.260411497053,0.0977974878904,-4.31567104547,-0.0577780404652,-0.0443421749923,1.53916315269,0.357571707412,4.01777777778,1.26531020196,1.53916315269,4.01777777778,-0.306636059753,-0.369735324673,-806,-0.103732303732,-0.386203268122,-0.027027027027,0.0810810810811,-0.0540540540541,165,5,177,985,0.482456140351,0.994949494949,0.00505050505051,0.517543859649,0.970588235294,0.482456140351,0.64453125,0.625015325883,0.4774056353,0.475504322767,14,186,0,0,0,0
1567,WLNM_dir_neg,0.422491039427,0.328800271673,00:00:04,10,40,25,1236695360,threshold_sweep,0.1,0.514285714286,0.0967741935484,0.162895927602,18,17,168,355,0.0967741935484,0.954301075269,0.0456989247312,0.903225806452,0.514285714286,0.0967741935484,0.162895927602,0.668458781362,0.645758661888,0.0640809443508,0.0993010261755,0.0510752688172,342,156,186,0,342,0,156,0,186,37,342,0.256756756757,1.72528881811,18.4864864865,15.5454545455,9.77142857143,5.36771015539,0.290358590277,0.142642642643,9.50849154237,1.02869645341,0.544491860281,8.05331334643,0.871264894205,0.461830251304,0.640599570326,0.371299902718,2,1.72528881811,0.640599570326,2,0.344071394247,0.376569037657,810,0.104247104247,0.56957682835,37,37,37,1,0,0.405405405405,0.540540540541,0.0540540540541,37,0.117117117117,2.18481481481,8.43243243243,7.09090909091,4.45714285714,5.03620525429,0.597242289772,0.326923076923,6.00062559301,1.42322530091,0.680526680527,3.83793300225,0.910278981302,0.463617463617,1.318977792,0.603702328937,4.32037037037,2.18481481481,1.318977792,4.32037037037,0,0,0,0,0.160896782956,37,37,37,1,0,0.405405405405,0.540540540541,0.0540540540541,37,191,0.143393393393,7.38531523397,10.3243243243,6.36666666667,5.30555555556,4.75542996101,0.460604472664,0.250176878449,5.79996893437,1.12355419147,0.57931229659,3.60950530247,0.699223540268,0.379793405971,3.40967692398,0.461683329142,9.79121111784,7.38531523397,3.40967692398,9.79121111784,0.106834370457,0.0487918215613,35,0.0045045045045,0.169074617254,37,37,37,1,0,0.189189189189,0.783783783784,0.027027027027,-151,-0.113363363363,5.66002641586,-8.16216216216,-9.17878787879,-4.46587301587,-0.612280194379,0.170245882387,0.107534235806,-3.70852260801,0.0948577380597,0.0348204363084,-4.44380804397,-0.172041353937,-0.0820368453325,2.76907735366,0.0903834264241,7.79121111784,5.66002641586,2.76907735366,7.79121111784,-0.237237023791,-0.327777216096,-775,-0.0997425997426,-0.400502211096,-0.216216216216,0.243243243243,-0.027027027027,174,17,168,973,0.508771929825,0.982828282828,0.0171717171717,0.491228070175,0.910994764398,0.508771929825,0.652908067542,0.612749840071,0.491600212653,0.484679665738,35,186,0,0,0,0
1568,WLNM_dir_neg,0.422491039427,0.328800271673,00:00:04,10,40,25,1236695360,threshold_sweep,0.2,0.5,0.0913978494624,0.154545454545,17,17,169,355,0.0913978494624,0.954301075269,0.0456989247312,0.908602150538,0.5,0.0913978494624,0.154545454545,0.666666666667,0.646356033453,0.0574324324324,0.0900593527786,0.0456989247312,342,156,186,0,342,0,156,0,186,37,342,0.256756756757,1.72528881811,18.4864864865,15.5454545455,9.77142857143,5.36771015539,0.290358590277,0.142642642643,9.50849154237,1.02869645341,0.544491860281,8.05331334643,0.871264894205,0.461830251304,0.640599570326,0.371299902718,2,1.72528881811,0.640599570326,2,0.344071394247,0.376569037657,810,0.104247104247,0.56957682835,37,37,37,1,0,0.405405405405,0.540540540541,0.0540540540541,37,0.117117117117,2.18481481481,8.43243243243,7.09090909091,4.45714285714,5.03620525429,0.597242289772,0.326923076923,6.00062559301,1.42322530091,0.680526680527,3.83793300225,0.910278981302,0.463617463617,1.318977792,0.603702328937,4.32037037037,2.18481481481,1.318977792,4.32037037037,0,0,0,0,0.160896782956,37,37,37,1,0,0.405405405405,0.540540540541,0.0540540540541,37,190,0.142642642643,7.39319495825,10.2702702703,6.33333333333,5.27777777778,4.72374997368,0.459944076384,0.250213371266,5.79828596398,1.12913989825,0.580654338549,3.61449368025,0.703875085101,0.381507823613,3.41485072212,0.461891068936,9.79121111784,7.39319495825,3.41485072212,9.79121111784,0.10345399076,0.0451339915374,32,0.0041184041184,0.168878459644,37,37,37,1,0,0.189189189189,0.783783783784,0.027027027027,-152,-0.114114114114,5.66790614014,-8.21621621622,-9.21212121212,-4.49365079365,-0.643960181716,0.169585486107,0.107570728623,-3.71020557839,0.100443444834,0.0361624782677,-4.43881966618,-0.167389809104,-0.0803224276908,2.77425115179,0.0905911662184,7.79121111784,5.66790614014,2.77425115179,7.79121111784,-0.240617403487,-0.33143504612,-778,-0.100128700129,-0.400698368706,-0.216216216216,0.243243243243,-0.027027027027,173,17,169,973,0.505847953216,0.982828282828,0.0171717171717,0.494152046784,0.910526315789,0.505847953216,0.65037593985,0.610438642688,0.488676236045,0.481894150418,34,186,0,0,0,0
1569,WLNM_dir_neg,0.422491039427,0.328800271673,00:00:04,10,40,25,1236695360,threshold_sweep,0.3,0.608695652174,0.0752688172043,0.133971291866,14,9,172,363,0.0752688172043,0.975806451613,0.0241935483871,0.924731182796,0.608695652174,0.0752688172043,0.133971291866,0.675627240143,0.652927120669,0.065404475043,0.121114961121,0.0510752688172,342,156,186,0,342,0,156,0,186,37,342,0.256756756757,1.72528881811,18.4864864865,15.5454545455,9.77142857143,5.36771015539,0.290358590277,0.142642642643,9.50849154237,1.02869645341,0.544491860281,8.05331334643,0.871264894205,0.461830251304,0.640599570326,0.371299902718,2,1.72528881811,0.640599570326,2,0.344071394247,0.376569037657,810,0.104247104247,0.56957682835,37,37,37,1,0,0.405405405405,0.540540540541,0.0540540540541,37,0.117117117117,2.18481481481,8.43243243243,7.09090909091,4.45714285714,5.03620525429,0.597242289772,0.326923076923,6.00062559301,1.42322530091,0.680526680527,3.83793300225,0.910278981302,0.463617463617,1.318977792,0.603702328937,4.32037037037,2.18481481481,1.318977792,4.32037037037,0,0,0,0,0.160896782956,37,37,37,1,0,0.405405405405,0.540540540541,0.0540540540541,37,179,0.134384384384,2.51440231294,9.67567567568,7.78260869565,4.97222222222,4.45380021289,0.46030896055,0.242941265288,5.89968696681,1.21948836744,0.624188434244,3.46821690909,0.716893997969,0.385625849313,1.55311222711,0.61768644545,4.91065812047,2.51440231294,1.55311222711,4.91065812047,0.0864580967522,0.0302708443972,19,0.0024453024453,0.168438033653,37,37,37,1,0,0.378378378378,0.594594594595,0.027027027027,-163,-0.122372372372,0.789113494828,-8.81081081081,-7.7628458498,-4.79920634921,-0.913909942504,0.169950370273,0.100298622645,-3.60880457557,0.190791914026,0.079696573963,-4.58509643734,-0.154370896236,-0.0762044019909,0.912512656788,0.246386542733,2.91065812047,0.789113494828,0.912512656788,2.91065812047,-0.257613297495,-0.34629819326,-791,-0.101801801802,-0.401138794697,-0.027027027027,0.0540540540541,-0.027027027027,170,9,172,981,0.497076023392,0.990909090909,0.00909090909091,0.502923976608,0.949720670391,0.497076023392,0.652591170825,0.625023081183,0.487985114301,0.48433048433,23,186,0,0,0,0
1570,WLNM_dir_neg,0.422491039427,0.328800271673,00:00:04,10,40,25,1236695360,threshold_sweep,0.4,0.608695652174,0.0752688172043,0.133971291866,14,9,172,363,0.0752688172043,0.975806451613,0.0241935483871,0.924731182796,0.608695652174,0.0752688172043,0.133971291866,0.675627240143,0.652927120669,0.065404475043,0.121114961121,0.0510752688172,342,156,186,0,342,0,156,0,186,37,342,0.256756756757,1.72528881811,18.4864864865,15.5454545455,9.77142857143,5.36771015539,0.290358590277,0.142642642643,9.50849154237,1.02869645341,0.544491860281,8.05331334643,0.871264894205,0.461830251304,0.640599570326,0.371299902718,2,1.72528881811,0.640599570326,2,0.344071394247,0.376569037657,810,0.104247104247,0.56957682835,37,37,37,1,0,0.405405405405,0.540540540541,0.0540540540541,37,0.117117117117,2.18481481481,8.43243243243,7.09090909091,4.45714285714,5.03620525429,0.597242289772,0.326923076923,6.00062559301,1.42322530091,0.680526680527,3.83793300225,0.910278981302,0.463617463617,1.318977792,0.603702328937,4.32037037037,2.18481481481,1.318977792,4.32037037037,0,0,0,0,0.160896782956,37,37,37,1,0,0.405405405405,0.540540540541,0.0540540540541,37,179,0.134384384384,2.51440231294,9.67567567568,7.78260869565,4.97222222222,4.45380021289,0.46030896055,0.242941265288,5.89968696681,1.21948836744,0.624188434244,3.46821690909,0.716893997969,0.385625849313,1.55311222711,0.61768644545,4.91065812047,2.51440231294,1.55311222711,4.91065812047,0.0864580967522,0.0302708443972,19,0.0024453024453,0.168438033653,37,37,37,1,0,0.378378378378,0.594594594595,0.027027027027,-163,-0.122372372372,0.789113494828,-8.81081081081,-7.7628458498,-4.79920634921,-0.913909942504,0.169950370273,0.100298622645,-3.60880457557,0.190791914026,0.079696573963,-4.58509643734,-0.154370896236,-0.0762044019909,0.912512656788,0.246386542733,2.91065812047,0.789113494828,0.912512656788,2.91065812047,-0.257613297495,-0.34629819326,-791,-0.101801801802,-0.401138794697,-0.027027027027,0.0540540540541,-0.027027027027,170,9,172,981,0.497076023392,0.990909090909,0.00909090909091,0.502923976608,0.949720670391,0.497076023392,0.652591170825,0.625023081183,0.487985114301,0.48433048433,23,186,0,0,0,0
1571,WLNM_dir_neg,0.422491039427,0.328800271673,00:00:04,10,40,25,1236695360,threshold_sweep,0.5,0.590909090909,0.0698924731183,0.125,13,9,173,363,0.0698924731183,0.975806451613,0.0241935483871,0.930107526882,0.590909090909,0.0698924731183,0.125,0.673835125448,0.653524492234,0.0586206896552,0.110698105478,0.0456989247312,342,156,186,0,342,0,156,0,186,37,342,0.256756756757,1.72528881811,18.4864864865,15.5454545455,9.77142857143,5.36771015539,0.290358590277,0.142642642643,9.50849154237,1.02869645341,0.544491860281,8.05331334643,0.871264894205,0.461830251304,0.640599570326,0.371299902718,2,1.72528881811,0.640599570326,2,0.344071394247,0.376569037657,810,0.104247104247,0.56957682835,37,37,37,1,0,0.405405405405,0.540540540541,0.0540540540541,37,0.117117117117,2.18481481481,8.43243243243,7.09090909091,4.45714285714,5.03620525429,0.597242289772,0.326923076923,6.00062559301,1.42322530091,0.680526680527,3.83793300225,0.910278981302,0.463617463617,1.318977792,0.603702328937,4.32037037037,2.18481481481,1.318977792,4.32037037037,0,0,0,0,0.160896782956,37,37,37,1,0,0.405405405405,0.540540540541,0.0540540540541,37,178,0.133633633634,2.52869597441,9.62162162162,7.73913043478,4.94444444444,4.41179826873,0.458529595345,0.243091406013,5.89650479257,1.2256779625,0.625569389614,3.48678328229,0.724780794633,0.389614333435,1.57297493948,0.622049845216,4.93676864412,2.52869597441,1.57297493948,4.93676864412,0.0857887299064,0.0290478752017,18,0.0023166023166,0.167941308156,37,37,37,1,0,0.378378378378,0.594594594595,0.027027027027,-164,-0.123123123123,0.803407156294,-8.86486486486,-7.80632411067,-4.82698412698,-0.955911886664,0.168171005068,0.10044876337,-3.61198674981,0.196981509085,0.081077529333,-4.56653006414,-0.146484099572,-0.0722159178694,0.932375369154,0.250749942499,2.93676864412,0.803407156294,0.932375369154,2.93676864412,-0.258282664341,-0.347521162455,-792,-0.101930501931,-0.401635520194,-0.027027027027,0.0540540540541,-0.027027027027,169,9,173,981,0.494152046784,0.990909090909,0.00909090909091,0.505847953216,0.949438202247,0.494152046784,0.65,0.622750702067,0.485061137693,0.481481481481,22,186,0,0,0,0
1572,WLNM_dir_neg,0.422491039427,0.328800271673,00:00:04,10,40,25,1236695360,threshold_sweep,0.6,0.578947368421,0.0591397849462,0.107317073171,11,8,175,364,0.0591397849462,0.978494623656,0.0215053763441,0.940860215054,0.578947368421,0.0591397849462,0.107317073171,0.672043010753,0.65531660693,0.0485268630849,0.0978231976089,0.0376344086022,342,156,186,0,342,0,156,0,186,37,342,0.256756756757,1.72528881811,18.4864864865,15.5454545455,9.77142857143,5.36771015539,0.290358590277,0.142642642643,9.50849154237,1.02869645341,0.544491860281,8.05331334643,0.871264894205,0.461830251304,0.640599570326,0.371299902718,2,1.72528881811,0.640599570326,2,0.344071394247,0.376569037657,810,0.104247104247,0.56957682835,37,37,37,1,0,0.405405405405,0.540540540541,0.0540540540541,37,0.117117117117,2.18481481481,8.43243243243,7.09090909091,4.45714285714,5.03620525429,0.597242289772,0.326923076923,6.00062559301,1.42322530091,0.680526680527,3.83793300225,0.910278981302,0.463617463617,1.318977792,0.603702328937,4.32037037037,2.18481481481,1.318977792,4.32037037037,0,0,0,0,0.160896782956,37,37,37,1,0,0.405405405405,0.540540540541,0.0540540540541,37,175,0.131381381381,2.56788855486,9.45945945946,7.60869565217,4.86111111111,4.49440760275,0.475123089434,0.254208494208,5.91442985253,1.25047945453,0.632277992278,3.52490069717,0.745264718831,0.398146718147,1.62150769566,0.63145563408,4.9782311205,2.56788855486,1.62150769566,4.9782311205,0.0729508920685,0.0214285714286,13,0.0016731016731,0.164624090743,37,37,37,1,0,0.378378378378,0.594594594595,0.027027027027,-167,-0.125375375375,0.842599736745,-9.02702702703,-7.93675889328,-4.91031746032,-0.873302552639,0.184764499157,0.111565851566,-3.59406168985,0.22178300112,0.0877861319967,-4.52841264926,-0.126000175374,-0.0636835331572,0.98090812533,0.260155731362,2.9782311205,0.842599736745,0.98090812533,2.9782311205,-0.271120502179,-0.355140466228,-797,-0.102574002574,-0.404952737607,-0.027027027027,0.0540540540541,-0.027027027027,167,8,175,982,0.488304093567,0.991919191919,0.00808080808081,0.511695906433,0.954285714286,0.488304093567,0.646034816248,0.620995082594,0.480223285486,0.477142857143,19,186,0,0,0,0
1573,WLNM_dir_neg,0.422491039427,0.328800271673,00:00:04,10,40,25,1236695360,threshold_sweep,0.7,0.611111111111,0.0591397849462,0.107843137255,11,7,175,365,0.0591397849462,0.981182795699,0.0188172043011,0.940860215054,0.611111111111,0.0591397849462,0.107843137255,0.673835125448,0.655913978495,0.0520833333333,0.107582870728,0.0403225806452,342,156,186,0,342,0,156,0,186,37,342,0.256756756757,1.72528881811,18.4864864865,15.5454545455,9.77142857143,5.36771015539,0.290358590277,0.142642642643,9.50849154237,1.02869645341,0.544491860281,8.05331334643,0.871264894205,0.461830251304,0.640599570326,0.371299902718,2,1.72528881811,0.640599570326,2,0.344071394247,0.376569037657,810,0.104247104247,0.56957682835,37,37,37,1,0,0.405405405405,0.540540540541,0.0540540540541,37,0.117117117117,2.18481481481,8.43243243243,7.09090909091,4.45714285714,5.03620525429,0.597242289772,0.326923076923,6.00062559301,1.42322530091,0.680526680527,3.83793300225,0.910278981302,0.463617463617,1.318977792,0.603702328937,4.32037037037,2.18481481481,1.318977792,4.32037037037,0,0,0,0,0.160896782956,37,37,37,1,0,0.405405405405,0.540540540541,0.0540540540541,37,174,0.130630630631,2.57473967118,9.40540540541,7.5652173913,4.97142857143,4.53663764049,0.482343657178,0.256912084498,5.91074757852,1.25688310578,0.633426529978,3.55797121393,0.756580085721,0.405716060888,1.63193494569,0.633825222782,5.01518926559,2.57473967118,1.63193494569,5.01518926559,0.0742378933555,0.021546961326,13,0.0016731016731,0.16497518892,37,37,37,1,0,0.378378378378,0.567567567568,0.0540540540541,-168,-0.126126126126,0.849450853062,-9.08108108108,-7.98023715415,-4.8,-0.831072514907,0.191985066901,0.114269441856,-3.59774396386,0.228186652362,0.0889346696969,-4.4953421325,-0.114684808484,-0.0561141904155,0.991335375364,0.262525320064,3.01518926559,0.849450853062,0.991335375364,3.01518926559,-0.269833500892,-0.355022076331,-797,-0.102574002574,-0.40460163943,-0.027027027027,0.027027027027,0,167,7,175,983,0.488304093567,0.992929292929,0.00707070707071,0.511695906433,0.959770114943,0.488304093567,0.647286821705,0.623817417169,0.481233386497,0.478510028653,18,186,0,0,0,0
1574,WLNM_dir_neg,0.422491039427,0.328800271673,00:00:04,10,40,25,1236695360,threshold_sweep,0.8,0.588235294118,0.0537634408602,0.0985221674877,10,7,176,365,0.0537634408602,0.981182795699,0.0188172043011,0.94623655914,0.588235294118,0.0537634408602,0.0985221674877,0.672043010753,0.65651135006,0.0452173913043,0.0958529009653,0.0349462365591,342,156,186,0,342,0,156,0,186,37,342,0.256756756757,1.72528881811,18.4864864865,15.5454545455,9.77142857143,5.36771015539,0.290358590277,0.142642642643,9.50849154237,1.02869645341,0.544491860281,8.05331334643,0.871264894205,0.461830251304,0.640599570326,0.371299902718,2,1.72528881811,0.640599570326,2,0.344071394247,0.376569037657,810,0.104247104247,0.56957682835,37,37,37,1,0,0.405405405405,0.540540540541,0.0540540540541,37,0.117117117117,2.18481481481,8.43243243243,7.09090909091,4.45714285714,5.03620525429,0.597242289772,0.326923076923,6.00062559301,1.42322530091,0.680526680527,3.83793300225,0.910278981302,0.463617463617,1.318977792,0.603702328937,4.32037037037,2.18481481481,1.318977792,4.32037037037,0,0,0,0,0.160896782956,37,37,37,1,0,0.405405405405,0.540540540541,0.0540540540541,37,173,0.12987987988,2.5813180335,9.35135135135,7.52173913043,4.94285714286,4.58994200046,0.490831948026,0.261990314013,5.91633357773,1.26534301952,0.63521324793,3.57502178746,0.764600035467,0.40899859397,1.64182500098,0.636041347742,5.01518926559,2.5813180335,1.64182500098,5.01518926559,0.0706077926666,0.0183231538034,11,0.0014157014157,0.165403383914,37,37,37,1,0,0.378378378378,0.567567567568,0.0540540540541,-169,-0.126876876877,0.856029215389,-9.13513513514,-8.02371541502,-4.82857142857,-0.777768154935,0.200473357749,0.119347671371,-3.59215796464,0.2366465661,0.0907213876487,-4.47829155898,-0.106664858738,-0.0528316573342,1.00122543065,0.264741445024,3.01518926559,0.856029215389,1.00122543065,3.01518926559,-0.273463601581,-0.358245883853,-799,-0.102831402831,-0.404173444436,-0.027027027027,0.027027027027,0,166,7,176,983,0.485380116959,0.992929292929,0.00707070707071,0.514619883041,0.959537572254,0.485380116959,0.644660194175,0.621548189454,0.478309409888,0.47564469914,17,186,0,0,0,0
1575,WLNM_dir_neg,0.422491039427,0.328800271673,00:00:04,10,40,25,1236695360,threshold_sweep,0.9,0.588235294118,0.0537634408602,0.0985221674877,10,7,176,365,0.0537634408602,0.981182795699,0.0188172043011,0.94623655914,0.588235294118,0.0537634408602,0.0985221674877,0.672043010753,0.65651135006,0.0452173913043,0.0958529009653,0.0349462365591,342,156,186,0,342,0,156,0,186,37,342,0.256756756757,1.72528881811,18.4864864865,15.5454545455,9.77142857143,5.36771015539,0.290358590277,0.142642642643,9.50849154237,1.02869645341,0.544491860281,8.05331334643,0.871264894205,0.461830251304,0.640599570326,0.371299902718,2,1.72528881811,0.640599570326,2,0.344071394247,0.376569037657,810,0.104247104247,0.56957682835,37,37,37,1,0,0.405405405405,0.540540540541,0.0540540540541,37,0.117117117117,2.18481481481,8.43243243243,7.09090909091,4.45714285714,5.03620525429,0.597242289772,0.326923076923,6.00062559301,1.42322530091,0.680526680527,3.83793300225,0.910278981302,0.463617463617,1.318977792,0.603702328937,4.32037037037,2.18481481481,1.318977792,4.32037037037,0,0,0,0,0.160896782956,37,37,37,1,0,0.405405405405,0.540540540541,0.0540540540541,37,173,0.12987987988,2.5813180335,9.35135135135,7.52173913043,4.94285714286,4.58994200046,0.490831948026,0.261990314013,5.91633357773,1.26534301952,0.63521324793,3.57502178746,0.764600035467,0.40899859397,1.64182500098,0.636041347742,5.01518926559,2.5813180335,1.64182500098,5.01518926559,0.0706077926666,0.0183231538034,11,0.0014157014157,0.165403383914,37,37,37,1,0,0.378378378378,0.567567567568,0.0540540540541,-169,-0.126876876877,0.856029215389,-9.13513513514,-8.02371541502,-4.82857142857,-0.777768154935,0.200473357749,0.119347671371,-3.59215796464,0.2366465661,0.0907213876487,-4.47829155898,-0.106664858738,-0.0528316573342,1.00122543065,0.264741445024,3.01518926559,0.856029215389,1.00122543065,3.01518926559,-0.273463601581,-0.358245883853,-799,-0.102831402831,-0.404173444436,-0.027027027027,0.027027027027,0,166,7,176,983,0.485380116959,0.992929292929,0.00707070707071,0.514619883041,0.959537572254,0.485380116959,0.644660194175,0.621548189454,0.478309409888,0.47564469914,17,186,0,0,0,0
1576,WLNM_dir_neg,0.370700369985,0.32124630582,00:00:04,10,40,26,1236695361,threshold_sweep,0.1,0.521739130435,0.129032258065,0.206896551724,24,22,162,350,0.129032258065,0.940860215054,0.0591397849462,0.870967741935,0.521739130435,0.129032258065,0.206896551724,0.670250896057,0.639187574671,0.0860927152318,0.119796589376,0.0698924731183,342,156,186,0,342,0,156,0,186,37,342,0.256756756757,1.72528881811,18.4864864865,15.5454545455,9.77142857143,5.36771015539,0.290358590277,0.142642642643,9.50849154237,1.02869645341,0.544491860281,8.05331334643,0.871264894205,0.461830251304,0.640599570326,0.371299902718,2,1.72528881811,0.640599570326,2,0.344071394247,0.376569037657,810,0.104247104247,0.56957682835,37,37,37,1,0,0.405405405405,0.540540540541,0.0540540540541,37,0.117117117117,2.21261261261,8.43243243243,7.09090909091,4.45714285714,5.04722443274,0.598549051319,0.327616077616,6.00525295579,1.42432281644,0.680873180873,3.83793300225,0.910278981302,0.463617463617,1.39215458577,0.629190386892,5.2,2.21261261261,1.39215458577,5.2,0,0,0,0,0.161113233172,37,37,37,1,0,0.405405405405,0.540540540541,0.0540540540541,37,202,0.151651651652,13.7920341574,10.9189189189,5.94117647059,5.45945945946,5.25134045521,0.480939596146,0.259967888681,5.90006871238,1.08070565524,0.550709124967,3.42048237822,0.626523999971,0.340112389617,4.1842687132,0.303383001046,16.6174180216,13.7920341574,4.1842687132,16.6174180216,0.153663902735,0.0720338983051,51,0.00656370656371,0.144441722756,37,37,37,1,0,0.0810810810811,0.918918918919,0,-140,-0.105105105105,12.0667453393,-7.56756756757,-9.60427807487,-4.31196911197,-0.116369700178,0.190581005869,0.117325246038,-3.60842282999,0.0520092018232,0.00621726468522,-4.63283096822,-0.244740894234,-0.121717861687,3.54366914287,-0.0679169016716,14.6174180216,12.0667453393,3.54366914287,14.6174180216,-0.190407491512,-0.304535139352,-759,-0.0976833976834,-0.425135105594,-0.324324324324,0.378378378378,-0.0540540540541,180,22,162,968,0.526315789474,0.977777777778,0.0222222222222,0.473684210526,0.891089108911,0.526315789474,0.661764705882,0.613941370431,0.504093567251,0.494505494505,46,186,0,0,0,0
1577,WLNM_dir_neg,0.370700369985,0.32124630582,00:00:04,10,40,26,1236695361,threshold_sweep,0.2,0.588235294118,0.10752688172,0.181818181818,20,14,166,358,0.10752688172,0.962365591398,0.0376344086022,0.89247311828,0.588235294118,0.10752688172,0.181818181818,0.677419354839,0.646356033453,0.0878378378378,0.137737833661,0.0698924731183,342,156,186,0,342,0,156,0,186,37,342,0.256756756757,1.72528881811,18.4864864865,15.5454545455,9.77142857143,5.36771015539,0.290358590277,0.142642642643,9.50849154237,1.02869645341,0.544491860281,8.05331334643,0.871264894205,0.461830251304,0.640599570326,0.371299902718,2,1.72528881811,0.640599570326,2,0.344071394247,0.376569037657,810,0.104247104247,0.56957682835,37,37,37,1,0,0.405405405405,0.540540540541,0.0540540540541,37,0.117117117117,2.21261261261,8.43243243243,7.09090909091,4.45714285714,5.04722443274,0.598549051319,0.327616077616,6.00525295579,1.42432281644,0.680873180873,3.83793300225,0.910278981302,0.463617463617,1.39215458577,0.629190386892,5.2,2.21261261261,1.39215458577,5.2,0,0,0,0,0.161113233172,37,37,37,1,0,0.405405405405,0.540540540541,0.0540540540541,37,190,0.142642642643,4.96147907836,10.2702702703,6.12903225806,5.13513513514,5.02575947079,0.489350264261,0.264438122333,5.8838864809,1.1458094726,0.583783783784,3.50525131578,0.682601572021,0.366998577525,2.15505837712,0.434358049904,7.13842450193,4.96147907836,2.15505837712,7.13842450193,0.127893612723,0.0411826821542,26,0.0033462033462,0.171358441452,37,37,37,1,0,0.162162162162,0.837837837838,0,-152,-0.114114114114,3.23619026025,-8.21621621622,-9.41642228739,-4.63629343629,-0.341950684601,0.198991673984,0.12179547969,-3.62460506147,0.117113019182,0.0392919235024,-4.54806203065,-0.188663322184,-0.094831673779,1.51445880679,0.0630581471866,5.13842450193,3.23619026025,1.51445880679,5.13842450193,-0.216177781524,-0.335386355503,-784,-0.100900900901,-0.398218386898,-0.243243243243,0.297297297297,-0.0540540540541,176,14,166,976,0.514619883041,0.985858585859,0.0141414141414,0.485380116959,0.926315789474,0.514619883041,0.661654135338,0.625181612518,0.5004784689,0.494382022472,34,186,0,0,0,0
1578,WLNM_dir_neg,0.370700369985,0.32124630582,00:00:04,10,40,26,1236695361,threshold_sweep,0.3,0.791666666667,0.102150537634,0.180952380952,19,5,167,367,0.102150537634,0.986559139785,0.0134408602151,0.897849462366,0.791666666667,0.102150537634,0.180952380952,0.691756272401,0.652329749104,0.113402061856,0.206121214474,0.0887096774194,342,156,186,0,342,0,156,0,186,37,342,0.256756756757,1.72528881811,18.4864864865,15.5454545455,9.77142857143,5.36771015539,0.290358590277,0.142642642643,9.50849154237,1.02869645341,0.544491860281,8.05331334643,0.871264894205,0.461830251304,0.640599570326,0.371299902718,2,1.72528881811,0.640599570326,2,0.344071394247,0.376569037657,810,0.104247104247,0.56957682835,37,37,37,1,0,0.405405405405,0.540540540541,0.0540540540541,37,0.117117117117,2.21261261261,8.43243243243,7.09090909091,4.45714285714,5.04722443274,0.598549051319,0.327616077616,6.00525295579,1.42432281644,0.680873180873,3.83793300225,0.910278981302,0.463617463617,1.39215458577,0.629190386892,5.2,2.21261261261,1.39215458577,5.2,0,0,0,0,0.161113233172,37,37,37,1,0,0.405405405405,0.540540540541,0.0540540540541,37,180,0.135135135135,2.17218055963,9.72972972973,8.18181818182,4.86486486486,4.57437699856,0.470144302629,0.254954954955,6.04686402729,1.2429664945,0.635135135135,3.48936608508,0.717258584154,0.382882882883,1.29089383235,0.594284773716,4.6374254689,2.17218055963,1.29089383235,4.6374254689,0.122484307314,0.0398724082935,25,0.0032175032175,0.184986532394,37,37,37,1,0,0.405405405405,0.594594594595,0,-162,-0.121621621622,0.446891741517,-8.75675675676,-7.36363636364,-4.90656370656,-0.793333156837,0.179785712352,0.112312312312,-3.46162751508,0.214270041084,0.0906432748538,-4.56394726136,-0.15400631005,-0.0789473684211,0.650294262025,0.222984870998,2.6374254689,0.446891741517,0.650294262025,2.6374254689,-0.221587086933,-0.336696629363,-785,-0.10102960103,-0.384590295956,0,0.0540540540541,-0.0540540540541,175,5,167,985,0.511695906433,0.994949494949,0.00505050505051,0.488304093567,0.972222222222,0.511695906433,0.670498084291,0.647399356398,0.506645401382,0.504322766571,24,186,0,0,0,0
1579,WLNM_dir_neg,0.370700369985,0.32124630582,00:00:04,10,40,26,1236695361,threshold_sweep,0.4,0.75,0.0806451612903,0.145631067961,15,5,171,367,0.0806451612903,0.986559139785,0.0134408602151,0.91935483871,0.75,0.0806451612903,0.145631067961,0.68458781362,0.654719235364,0.0865051903114,0.170419338484,0.0672043010753,342,156,186,0,342,0,156,0,186,37,342,0.256756756757,1.72528881811,18.4864864865,15.5454545455,9.77142857143,5.36771015539,0.290358590277,0.142642642643,9.50849154237,1.02869645341,0.544491860281,8.05331334643,0.871264894205,0.461830251304,0.640599570326,0.371299902718,2,1.72528881811,0.640599570326,2,0.344071394247,0.376569037657,810,0.104247104247,0.56957682835,37,37,37,1,0,0.405405405405,0.540540540541,0.0540540540541,37,0.117117117117,2.21261261261,8.43243243243,7.09090909091,4.45714285714,5.04722443274,0.598549051319,0.327616077616,6.00525295579,1.42432281644,0.680873180873,3.83793300225,0.910278981302,0.463617463617,1.39215458577,0.629190386892,5.2,2.21261261261,1.39215458577,5.2,0,0,0,0,0.161113233172,37,37,37,1,0,0.405405405405,0.540540540541,0.0540540540541,37,176,0.132132132132,2.18700788089,9.51351351351,8,4.75675675676,4.65248811343,0.489039943742,0.266738329238,6.04798132256,1.27145061895,0.643734643735,3.48333656623,0.73229234631,0.388206388206,1.32520655361,0.605945028911,4.75302719959,2.18700788089,1.32520655361,4.75302719959,0.103519463736,0.0312671420735,19,0.0024453024453,0.17584697049,37,37,37,1,0,0.405405405405,0.594594594595,0,-166,-0.124624624625,0.461719062773,-8.97297297297,-7.54545454545,-5.01467181467,-0.715222041959,0.198681353465,0.124095686596,-3.46051021981,0.242754165533,0.0992427834533,-4.5699767802,-0.138972547895,-0.0736238630975,0.684606983288,0.234645126194,2.75302719959,0.461719062773,0.684606983288,2.75302719959,-0.240551930511,-0.345301895583,-791,-0.101801801802,-0.39372985786,0,0.0540540540541,-0.0540540540541,171,5,171,985,0.5,0.994949494949,0.00505050505051,0.5,0.971590909091,0.5,0.660231660232,0.638493212427,0.494949494949,0.492795389049,20,186,0,0,0,0
1580,WLNM_dir_neg,0.370700369985,0.32124630582,00:00:04,10,40,26,1236695361,threshold_sweep,0.5,0.6875,0.0591397849462,0.108910891089,11,5,175,367,0.0591397849462,0.986559139785,0.0134408602151,0.940860215054,0.6875,0.0591397849462,0.108910891089,0.677419354839,0.657108721625,0.0592334494774,0.129084557087,0.0456989247312,342,156,186,0,342,0,156,0,186,37,342,0.256756756757,1.72528881811,18.4864864865,15.5454545455,9.77142857143,5.36771015539,0.290358590277,0.142642642643,9.50849154237,1.02869645341,0.544491860281,8.05331334643,0.871264894205,0.461830251304,0.640599570326,0.371299902718,2,1.72528881811,0.640599570326,2,0.344071394247,0.376569037657,810,0.104247104247,0.56957682835,37,37,37,1,0,0.405405405405,0.540540540541,0.0540540540541,37,0.117117117117,2.21261261261,8.43243243243,7.09090909091,4.45714285714,5.04722443274,0.598549051319,0.327616077616,6.00525295579,1.42432281644,0.680873180873,3.83793300225,0.910278981302,0.463617463617,1.39215458577,0.629190386892,5.2,2.21261261261,1.39215458577,5.2,0,0,0,0,0.161113233172,37,37,37,1,0,0.405405405405,0.540540540541,0.0540540540541,37,172,0.129129129129,2.23479657201,9.2972972973,7.81818181818,4.64864864865,4.66586222153,0.501851459874,0.273412947832,6.03331591257,1.29786446957,0.65179132621,3.56071322612,0.765967380038,0.403519798869,1.41568706927,0.63347469161,4.80621869186,2.23479657201,1.41568706927,4.80621869186,0.114532389532,0.0221590909091,13,0.0016731016731,0.173735127307,37,37,37,1,0,0.405405405405,0.594594594595,0,-170,-0.127627627628,0.509507753897,-9.18918918919,-7.72727272727,-5.12277992278,-0.701847933867,0.211492869596,0.130770305189,-3.4751756298,0.26916801615,0.107299465929,-4.49260012031,-0.105297514167,-0.0583104524353,0.775087498941,0.262174788893,2.80621869186,0.509507753897,0.775087498941,2.80621869186,-0.229539004715,-0.354409946748,-797,-0.102574002574,-0.395841701043,0,0.0540540540541,-0.0540540540541,167,5,175,985,0.488304093567,0.994949494949,0.00505050505051,0.511695906433,0.970930232558,0.488304093567,0.649805447471,0.629524330653,0.483253588517,0.481268011527,16,186,0,0,0,0
1581,WLNM_dir_neg,0.370700369985,0.32124630582,00:00:04,10,40,26,1236695361,threshold_sweep,0.6,0.666666666667,0.0537634408602,0.0995024875622,10,5,176,367,0.0537634408602,0.986559139785,0.0134408602151,0.94623655914,0.666666666667,0.0537634408602,0.0995024875622,0.675627240143,0.65770609319,0.0523560209424,0.117525123681,0.0403225806452,342,156,186,0,342,0,156,0,186,37,342,0.256756756757,1.72528881811,18.4864864865,15.5454545455,9.77142857143,5.36771015539,0.290358590277,0.142642642643,9.50849154237,1.02869645341,0.544491860281,8.05331334643,0.871264894205,0.461830251304,0.640599570326,0.371299902718,2,1.72528881811,0.640599570326,2,0.344071394247,0.376569037657,810,0.104247104247,0.56957682835,37,37,37,1,0,0.405405405405,0.540540540541,0.0540540540541,37,0.117117117117,2.21261261261,8.43243243243,7.09090909091,4.45714285714,5.04722443274,0.598549051319,0.327616077616,6.00525295579,1.42432281644,0.680873180873,3.83793300225,0.910278981302,0.463617463617,1.39215458577,0.629190386892,5.2,2.21261261261,1.39215458577,5.2,0,0,0,0,0.161113233172,37,37,37,1,0,0.405405405405,0.540540540541,0.0540540540541,37,171,0.128378378378,2.24917731447,9.24324324324,7.77272727273,4.62162162162,4.60920218094,0.4986563763,0.270902481429,6.01549550629,1.30159844288,0.652758021179,3.57733102987,0.774042386581,0.406195669354,1.44479734403,0.642367026704,4.83862273022,2.24917731447,1.44479734403,4.83862273022,0.104291266056,0.0190311418685,11,0.0014157014157,0.173199575797,37,37,37,1,0,0.405405405405,0.594594594595,0,-171,-0.128378378378,0.523888496359,-9.24324324324,-7.77272727273,-5.14980694981,-0.758507974457,0.208297786023,0.128259838786,-3.49299603609,0.272901989466,0.108266160898,-4.47598231656,-0.097222507624,-0.0556345819504,0.804197773704,0.271067123987,2.83862273022,0.523888496359,0.804197773704,2.83862273022,-0.239780128191,-0.357537895788,-799,-0.102831402831,-0.396377252553,0,0.0540540540541,-0.0540540540541,166,5,176,985,0.485380116959,0.994949494949,0.00505050505051,0.514619883041,0.970760233918,0.485380116959,0.647173489279,0.627271919924,0.480329611909,0.478386167147,15,186,0,0,0,0
1582,WLNM_dir_neg,0.370700369985,0.32124630582,00:00:04,10,40,26,1236695361,threshold_sweep,0.7,0.666666666667,0.0537634408602,0.0995024875622,10,5,176,367,0.0537634408602,0.986559139785,0.0134408602151,0.94623655914,0.666666666667,0.0537634408602,0.0995024875622,0.675627240143,0.65770609319,0.0523560209424,0.117525123681,0.0403225806452,342,156,186,0,342,0,156,0,186,37,342,0.256756756757,1.72528881811,18.4864864865,15.5454545455,9.77142857143,5.36771015539,0.290358590277,0.142642642643,9.50849154237,1.02869645341,0.544491860281,8.05331334643,0.871264894205,0.461830251304,0.640599570326,0.371299902718,2,1.72528881811,0.640599570326,2,0.344071394247,0.376569037657,810,0.104247104247,0.56957682835,37,37,37,1,0,0.405405405405,0.540540540541,0.0540540540541,37,0.117117117117,2.21261261261,8.43243243243,7.09090909091,4.45714285714,5.04722443274,0.598549051319,0.327616077616,6.00525295579,1.42432281644,0.680873180873,3.83793300225,0.910278981302,0.463617463617,1.39215458577,0.629190386892,5.2,2.21261261261,1.39215458577,5.2,0,0,0,0,0.161113233172,37,37,37,1,0,0.405405405405,0.540540540541,0.0540540540541,37,171,0.128378378378,2.24917731447,9.24324324324,7.77272727273,4.62162162162,4.60920218094,0.4986563763,0.270902481429,6.01549550629,1.30159844288,0.652758021179,3.57733102987,0.774042386581,0.406195669354,1.44479734403,0.642367026704,4.83862273022,2.24917731447,1.44479734403,4.83862273022,0.104291266056,0.0190311418685,11,0.0014157014157,0.173199575797,37,37,37,1,0,0.405405405405,0.594594594595,0,-171,-0.128378378378,0.523888496359,-9.24324324324,-7.77272727273,-5.14980694981,-0.758507974457,0.208297786023,0.128259838786,-3.49299603609,0.272901989466,0.108266160898,-4.47598231656,-0.097222507624,-0.0556345819504,0.804197773704,0.271067123987,2.83862273022,0.523888496359,0.804197773704,2.83862273022,-0.239780128191,-0.357537895788,-799,-0.102831402831,-0.396377252553,0,0.0540540540541,-0.0540540540541,166,5,176,985,0.485380116959,0.994949494949,0.00505050505051,0.514619883041,0.970760233918,0.485380116959,0.647173489279,0.627271919924,0.480329611909,0.478386167147,15,186,0,0,0,0
1583,WLNM_dir_neg,0.370700369985,0.32124630582,00:00:04,10,40,26,1236695361,threshold_sweep,0.8,0.642857142857,0.0483870967742,0.09,9,5,177,367,0.0483870967742,0.986559139785,0.0134408602151,0.951612903226,0.642857142857,0.0483870967742,0.09,0.673835125448,0.658303464755,0.0454545454545,0.105333105077,0.0349462365591,342,156,186,0,342,0,156,0,186,37,342,0.256756756757,1.72528881811,18.4864864865,15.5454545455,9.77142857143,5.36771015539,0.290358590277,0.142642642643,9.50849154237,1.02869645341,0.544491860281,8.05331334643,0.871264894205,0.461830251304,0.640599570326,0.371299902718,2,1.72528881811,0.640599570326,2,0.344071394247,0.376569037657,810,0.104247104247,0.56957682835,37,37,37,1,0,0.405405405405,0.540540540541,0.0540540540541,37,0.117117117117,2.21261261261,8.43243243243,7.09090909091,4.45714285714,5.04722443274,0.598549051319,0.327616077616,6.00525295579,1.42432281644,0.680873180873,3.83793300225,0.910278981302,0.463617463617,1.39215458577,0.629190386892,5.2,2.21261261261,1.39215458577,5.2,0,0,0,0,0.161113233172,37,37,37,1,0,0.405405405405,0.540540540541,0.0540540540541,37,170,0.127627627628,2.23542060073,9.18918918919,7.72727272727,4.59459459459,4.59974539053,0.500560527792,0.269952305246,6.0021267502,1.30634523387,0.654054054054,3.60138445184,0.783830733636,0.411128775835,1.42274079579,0.636453289964,4.78772288937,2.23542060073,1.42274079579,4.78772288937,0.104291266056,0.0190311418685,11,0.0014157014157,0.172862346888,37,37,37,1,0,0.405405405405,0.594594594595,0,-172,-0.129129129129,0.510131782617,-9.2972972973,-7.81818181818,-5.17683397683,-0.767964764868,0.210201937515,0.127309662604,-3.50636479217,0.277648780453,0.109562193773,-4.45192889459,-0.0874341605687,-0.0507014754693,0.782141225463,0.265153387246,2.78772288937,0.510131782617,0.782141225463,2.78772288937,-0.239780128191,-0.357537895788,-799,-0.102831402831,-0.396714481462,0,0.0540540540541,-0.0540540540541,165,5,177,985,0.482456140351,0.994949494949,0.00505050505051,0.517543859649,0.970588235294,0.482456140351,0.64453125,0.625015325883,0.4774056353,0.475504322767,14,186,0,0,0,0
1584,WLNM_dir_neg,0.370700369985,0.32124630582,00:00:04,10,40,26,1236695361,threshold_sweep,0.9,0.636363636364,0.0376344086022,0.0710659898477,7,4,179,368,0.0376344086022,0.989247311828,0.010752688172,0.962365591398,0.636363636364,0.0376344086022,0.0710659898477,0.672043010753,0.66009557945,0.0351493848858,0.0911580437008,0.0268817204301,342,156,186,0,342,0,156,0,186,37,342,0.256756756757,1.72528881811,18.4864864865,15.5454545455,9.77142857143,5.36771015539,0.290358590277,0.142642642643,9.50849154237,1.02869645341,0.544491860281,8.05331334643,0.871264894205,0.461830251304,0.640599570326,0.371299902718,2,1.72528881811,0.640599570326,2,0.344071394247,0.376569037657,810,0.104247104247,0.56957682835,37,37,37,1,0,0.405405405405,0.540540540541,0.0540540540541,37,0.117117117117,2.21261261261,8.43243243243,7.09090909091,4.45714285714,5.04722443274,0.598549051319,0.327616077616,6.00525295579,1.42432281644,0.680873180873,3.83793300225,0.910278981302,0.463617463617,1.39215458577,0.629190386892,5.2,2.21261261261,1.39215458577,5.2,0,0,0,0,0.161113233172,37,37,37,1,0,0.405405405405,0.540540540541,0.0540540540541,37,167,0.125375375375,2.23455669834,9.02702702703,7.59090909091,4.51351351351,4.6397227317,0.513981260697,0.276743809678,5.97504821748,1.32381307812,0.65803528079,3.64098293827,0.80668484261,0.417543291795,1.42091936666,0.635884230513,4.78200369738,2.23455669834,1.42091936666,4.78200369738,0.0515027632675,0.00886001181335,5,0.000643500643501,0.170411598983,37,37,37,1,0,0.405405405405,0.594594594595,0,-175,-0.131381381381,0.509267880222,-9.45945945946,-7.95454545455,-5.25791505792,-0.727987423696,0.22362267042,0.134101167035,-3.5334433249,0.295116624709,0.113543420508,-4.41233040817,-0.0645800515947,-0.0442869595091,0.780319796333,0.264584327795,2.78200369738,0.509267880222,0.780319796333,2.78200369738,-0.29256863098,-0.367709025844,-805,-0.103603603604,-0.399165229367,0,0.0540540540541,-0.0540540540541,163,4,179,986,0.476608187135,0.99595959596,0.0040404040404,0.523391812865,0.976047904192,0.476608187135,0.64047151277,0.623409710455,0.472567783094,0.471098265896,11,186,0,0,0,0
1585,WLNM_dir_neg,0.406260839403,0.299231692923,00:00:04,10,40,27,1236695362,threshold_sweep,0.1,0.271186440678,0.0860215053763,0.130612244898,16,43,170,329,0.0860215053763,0.884408602151,0.115591397849,0.913978494624,0.271186440678,0.0860215053763,0.130612244898,0.618279569892,0.631421744325,-0.0356564019449,-0.0453316376538,-0.0295698924731,342,156,186,0,342,0,156,0,186,37,342,0.256756756757,1.72528881811,18.4864864865,15.5454545455,9.77142857143,5.36771015539,0.290358590277,0.142642642643,9.50849154237,1.02869645341,0.544491860281,8.05331334643,0.871264894205,0.461830251304,0.640599570326,0.371299902718,2,1.72528881811,0.640599570326,2,0.344071394247,0.376569037657,810,0.104247104247,0.56957682835,37,37,37,1,0,0.405405405405,0.540540540541,0.0540540540541,37,0.117117117117,2.21261261261,8.43243243243,7.09090909091,4.45714285714,5.04722443274,0.598549051319,0.327616077616,6.00525295579,1.42432281644,0.680873180873,3.83793300225,0.910278981302,0.463617463617,1.39215458577,0.629190386892,5.2,2.21261261261,1.39215458577,5.2,0,0,0,0,0.161113233172,37,37,37,1,0,0.405405405405,0.540540540541,0.0540540540541,37,215,0.161411411411,1,11.6216216216,6.14285714286,5.81081081081,4.77465153674,0.410842108975,0.225518541798,5.41519383996,0.931917079435,0.489503456945,3.58885495386,0.617616899037,0.33639220616,0,0,0,NaN,NaN,NaN,0.121839119285,0.070385126162,53,0.00682110682111,0.147194015034,37,37,0,1,3,0.0540540540541,0.945945945946,0,-127,-0.0953453453453,-0.725288818115,-6.86486486486,-9.4025974026,-3.96061776062,-0.593058618653,0.120483518698,0.082875899155,-4.09329770242,-0.0967793739801,-0.054988403336,-4.46445839257,-0.253647995168,-0.125438045144,-0.640599570326,-0.371299902718,-2,NaN,NaN,NaN,-0.222232274962,-0.306183911495,-757,-0.097425997426,-0.422382813316,-0.351351351351,0.405405405405,-0.0540540540541,172,43,170,947,0.502923976608,0.956565656566,0.0434343434343,0.497076023392,0.8,0.502923976608,0.617594254937,0.545582650418,0.459489633174,0.446753246753,59,186,0,0,0,0
1586,WLNM_dir_neg,0.406260839403,0.299231692923,00:00:04,10,40,27,1236695362,threshold_sweep,0.2,0.551724137931,0.0860215053763,0.148837209302,16,13,170,359,0.0860215053763,0.965053763441,0.0349462365591,0.913978494624,0.551724137931,0.0860215053763,0.148837209302,0.672043010753,0.649342891278,0.0647359454855,0.108470531493,0.0510752688172,342,156,186,0,342,0,156,0,186,37,342,0.256756756757,1.72528881811,18.4864864865,15.5454545455,9.77142857143,5.36771015539,0.290358590277,0.142642642643,9.50849154237,1.02869645341,0.544491860281,8.05331334643,0.871264894205,0.461830251304,0.640599570326,0.371299902718,2,1.72528881811,0.640599570326,2,0.344071394247,0.376569037657,810,0.104247104247,0.56957682835,37,37,37,1,0,0.405405405405,0.540540540541,0.0540540540541,37,0.117117117117,2.21261261261,8.43243243243,7.09090909091,4.45714285714,5.04722443274,0.598549051319,0.327616077616,6.00525295579,1.42432281644,0.680873180873,3.83793300225,0.910278981302,0.463617463617,1.39215458577,0.629190386892,5.2,2.21261261261,1.39215458577,5.2,0,0,0,0,0.161113233172,37,37,37,1,0,0.405405405405,0.540540540541,0.0540540540541,37,185,0.138888888889,3.32328129546,10,8.04347826087,5.13888888889,4.33333333333,0.433333333333,0.234477720964,5.9160797831,1.18321595662,0.61446311176,3.43996124009,0.687992248018,0.374579985391,2.50276778098,0.75310139542,6.44954522126,3.32328129546,2.50276778098,6.44954522126,0.117134594689,0.0422764227642,26,0.0033462033462,0.177544359461,37,37,37,1,0,0.378378378378,0.594594594595,0.027027027027,-157,-0.117867867868,1.59799247734,-8.48648648649,-7.50197628458,-4.63253968254,-1.03437682206,0.142974743056,0.0918350783216,-3.59241175928,0.154519503205,0.0699712514791,-4.61335210634,-0.183272646187,-0.0872502659131,1.86216821066,0.381801492702,4.44954522126,1.59799247734,1.86216821066,4.44954522126,-0.226936799559,-0.334292614893,-784,-0.100900900901,-0.392032468889,-0.027027027027,0.0540540540541,-0.027027027027,172,13,170,977,0.502923976608,0.986868686869,0.0131313131313,0.497076023392,0.92972972973,0.502923976608,0.65275142315,0.618693214291,0.489792663477,0.484507042254,29,186,0,0,0,0
1587,WLNM_dir_neg,0.406260839403,0.299231692923,00:00:04,10,40,27,1236695362,threshold_sweep,0.3,0.52,0.0698924731183,0.123222748815,13,12,173,360,0.0698924731183,0.967741935484,0.0322580645161,0.930107526882,0.52,0.0698924731183,0.123222748815,0.668458781362,0.651732377539,0.0480274442539,0.0857589448564,0.0376344086022,342,156,186,0,342,0,156,0,186,37,342,0.256756756757,1.72528881811,18.4864864865,15.5454545455,9.77142857143,5.36771015539,0.290358590277,0.142642642643,9.50849154237,1.02869645341,0.544491860281,8.05331334643,0.871264894205,0.461830251304,0.640599570326,0.371299902718,2,1.72528881811,0.640599570326,2,0.344071394247,0.376569037657,810,0.104247104247,0.56957682835,37,37,37,1,0,0.405405405405,0.540540540541,0.0540540540541,37,0.117117117117,2.21261261261,8.43243243243,7.09090909091,4.45714285714,5.04722443274,0.598549051319,0.327616077616,6.00525295579,1.42432281644,0.680873180873,3.83793300225,0.910278981302,0.463617463617,1.39215458577,0.629190386892,5.2,2.21261261261,1.39215458577,5.2,0,0,0,0,0.161113233172,37,37,37,1,0,0.405405405405,0.540540540541,0.0540540540541,37,181,0.135885885886,3.16854757037,9.78378378378,7.86956521739,5.02777777778,4.33419949763,0.442998291195,0.238166343139,5.90095935601,1.20627345952,0.620875018665,3.43821484514,0.70283949873,0.379871584291,2.31909683224,0.731911634822,6.11425748087,3.16854757037,2.31909683224,6.11425748087,0.0958466648869,0.0299833425875,18,0.0023166023166,0.171833169543,37,37,37,1,0,0.378378378378,0.594594594595,0.027027027027,-161,-0.120870870871,1.44325875225,-8.7027027027,-7.67588932806,-4.74365079365,-1.03351065776,0.152639700917,0.0955237004961,-3.60753218636,0.177577006102,0.0763831583837,-4.6150985013,-0.168425395475,-0.0819586670125,1.67849726192,0.360611732105,4.11425748087,1.44325875225,1.67849726192,4.11425748087,-0.248224729361,-0.346585695069,-792,-0.101930501931,-0.397743658807,-0.027027027027,0.0540540540541,-0.027027027027,169,12,173,978,0.494152046784,0.987878787879,0.0121212121212,0.505847953216,0.933701657459,0.494152046784,0.646271510516,0.614509386823,0.482030834662,0.477401129944,25,186,0,0,0,0
1588,WLNM_dir_neg,0.406260839403,0.299231692923,00:00:04,10,40,27,1236695362,threshold_sweep,0.4,0.541666666667,0.0698924731183,0.12380952381,13,11,173,361,0.0698924731183,0.970430107527,0.0295698924731,0.930107526882,0.541666666667,0.0698924731183,0.12380952381,0.670250896057,0.652329749104,0.0515463917526,0.0936914611245,0.0403225806452,342,156,186,0,342,0,156,0,186,37,342,0.256756756757,1.72528881811,18.4864864865,15.5454545455,9.77142857143,5.36771015539,0.290358590277,0.142642642643,9.50849154237,1.02869645341,0.544491860281,8.05331334643,0.871264894205,0.461830251304,0.640599570326,0.371299902718,2,1.72528881811,0.640599570326,2,0.344071394247,0.376569037657,810,0.104247104247,0.56957682835,37,37,37,1,0,0.405405405405,0.540540540541,0.0540540540541,37,0.117117117117,2.21261261261,8.43243243243,7.09090909091,4.45714285714,5.04722443274,0.598549051319,0.327616077616,6.00525295579,1.42432281644,0.680873180873,3.83793300225,0.910278981302,0.463617463617,1.39215458577,0.629190386892,5.2,2.21261261261,1.39215458577,5.2,0,0,0,0,0.161113233172,37,37,37,1,0,0.405405405405,0.540540540541,0.0540540540541,37,180,0.135135135135,3.14013902658,9.72972972973,7.82608695652,5,4.39474843578,0.451682478122,0.243393393393,5.90744427802,1.21430799048,0.623123123123,3.4573766722,0.710682982618,0.383483483483,2.28420183119,0.727420605222,6.07169217071,3.14013902658,2.28420183119,6.07169217071,0.100587119627,0.0267558528428,16,0.0020592020592,0.171566527972,37,37,37,1,0,0.378378378378,0.594594594595,0.027027027027,-162,-0.121621621622,1.41485020846,-8.75675675676,-7.71936758893,-4.77142857143,-0.972961719611,0.161323887845,0.100750750751,-3.60104726436,0.185611537067,0.0786312628418,-4.59593667424,-0.160581911587,-0.0783467678205,1.64360226087,0.356120702504,4.07169217071,1.41485020846,1.64360226087,4.07169217071,-0.24348427462,-0.349813184814,-794,-0.102187902188,-0.398010300378,-0.027027027027,0.0540540540541,-0.027027027027,169,11,173,979,0.494152046784,0.988888888889,0.0111111111111,0.505847953216,0.938888888889,0.494152046784,0.647509578544,0.617237203802,0.483040935673,0.478753541076,24,186,0,0,0,0
1589,WLNM_dir_neg,0.406260839403,0.299231692923,00:00:04,10,40,27,1236695362,threshold_sweep,0.5,0.541666666667,0.0698924731183,0.12380952381,13,11,173,361,0.0698924731183,0.970430107527,0.0295698924731,0.930107526882,0.541666666667,0.0698924731183,0.12380952381,0.670250896057,0.652329749104,0.0515463917526,0.0936914611245,0.0403225806452,342,156,186,0,342,0,156,0,186,37,342,0.256756756757,1.72528881811,18.4864864865,15.5454545455,9.77142857143,5.36771015539,0.290358590277,0.142642642643,9.50849154237,1.02869645341,0.544491860281,8.05331334643,0.871264894205,0.461830251304,0.640599570326,0.371299902718,2,1.72528881811,0.640599570326,2,0.344071394247,0.376569037657,810,0.104247104247,0.56957682835,37,37,37,1,0,0.405405405405,0.540540540541,0.0540540540541,37,0.117117117117,2.21261261261,8.43243243243,7.09090909091,4.45714285714,5.04722443274,0.598549051319,0.327616077616,6.00525295579,1.42432281644,0.680873180873,3.83793300225,0.910278981302,0.463617463617,1.39215458577,0.629190386892,5.2,2.21261261261,1.39215458577,5.2,0,0,0,0,0.161113233172,37,37,37,1,0,0.405405405405,0.540540540541,0.0540540540541,37,180,0.135135135135,3.14013902658,9.72972972973,7.82608695652,5,4.39474843578,0.451682478122,0.243393393393,5.90744427802,1.21430799048,0.623123123123,3.4573766722,0.710682982618,0.383483483483,2.28420183119,0.727420605222,6.07169217071,3.14013902658,2.28420183119,6.07169217071,0.100587119627,0.0267558528428,16,0.0020592020592,0.171566527972,37,37,37,1,0,0.378378378378,0.594594594595,0.027027027027,-162,-0.121621621622,1.41485020846,-8.75675675676,-7.71936758893,-4.77142857143,-0.972961719611,0.161323887845,0.100750750751,-3.60104726436,0.185611537067,0.0786312628418,-4.59593667424,-0.160581911587,-0.0783467678205,1.64360226087,0.356120702504,4.07169217071,1.41485020846,1.64360226087,4.07169217071,-0.24348427462,-0.349813184814,-794,-0.102187902188,-0.398010300378,-0.027027027027,0.0540540540541,-0.027027027027,169,11,173,979,0.494152046784,0.988888888889,0.0111111111111,0.505847953216,0.938888888889,0.494152046784,0.647509578544,0.617237203802,0.483040935673,0.478753541076,24,186,0,0,0,0
1590,WLNM_dir_neg,0.406260839403,0.299231692923,00:00:04,10,40,27,1236695362,threshold_sweep,0.6,0.47619047619,0.0537634408602,0.0966183574879,10,11,176,361,0.0537634408602,0.970430107527,0.0295698924731,0.94623655914,0.47619047619,0.0537634408602,0.0966183574879,0.664874551971,0.654121863799,0.0310880829016,0.0599281293413,0.0241935483871,342,156,186,0,342,0,156,0,186,37,342,0.256756756757,1.72528881811,18.4864864865,15.5454545455,9.77142857143,5.36771015539,0.290358590277,0.142642642643,9.50849154237,1.02869645341,0.544491860281,8.05331334643,0.871264894205,0.461830251304,0.640599570326,0.371299902718,2,1.72528881811,0.640599570326,2,0.344071394247,0.376569037657,810,0.104247104247,0.56957682835,37,37,37,1,0,0.405405405405,0.540540540541,0.0540540540541,37,0.117117117117,2.21261261261,8.43243243243,7.09090909091,4.45714285714,5.04722443274,0.598549051319,0.327616077616,6.00525295579,1.42432281644,0.680873180873,3.83793300225,0.910278981302,0.463617463617,1.39215458577,0.629190386892,5.2,2.21261261261,1.39215458577,5.2,0,0,0,0,0.161113233172,37,37,37,1,0,0.405405405405,0.540540540541,0.0540540540541,37,177,0.132882882883,3.22330739648,9.56756756757,7.69565217391,4.91666666667,4.45683333359,0.465827212832,0.251794167048,5.91671424927,1.23682727245,0.630936020767,3.51295329329,0.734346168654,0.394564055581,2.39551865321,0.743186534374,6.31424116871,3.22330739648,2.39551865321,6.31424116871,0.0858858858859,0.0188034188034,11,0.0014157014157,0.170657676174,37,37,37,1,0,0.378378378378,0.594594594595,0.027027027027,-165,-0.123873873874,1.49801857836,-8.91891891892,-7.84980237154,-4.85476190476,-0.910876821807,0.175468622555,0.109151524406,-3.59177729311,0.208130819031,0.0864441604852,-4.54036005314,-0.136918725551,-0.0672661957229,1.75491908289,0.371886631657,4.31424116871,1.49801857836,1.75491908289,4.31424116871,-0.258185508362,-0.357765618853,-799,-0.102831402831,-0.398919152176,-0.027027027027,0.0540540540541,-0.027027027027,166,11,176,979,0.485380116959,0.988888888889,0.0111111111111,0.514619883041,0.937853107345,0.485380116959,0.639691714836,0.610348341569,0.474269005848,0.470254957507,21,186,0,0,0,0
1591,WLNM_dir_neg,0.406260839403,0.299231692923,00:00:04,10,40,27,1236695362,threshold_sweep,0.7,0.5,0.0537634408602,0.0970873786408,10,10,176,362,0.0537634408602,0.97311827957,0.0268817204301,0.94623655914,0.5,0.0537634408602,0.0970873786408,0.666666666667,0.654719235364,0.0346020761246,0.0681677353937,0.0268817204301,342,156,186,0,342,0,156,0,186,37,342,0.256756756757,1.72528881811,18.4864864865,15.5454545455,9.77142857143,5.36771015539,0.290358590277,0.142642642643,9.50849154237,1.02869645341,0.544491860281,8.05331334643,0.871264894205,0.461830251304,0.640599570326,0.371299902718,2,1.72528881811,0.640599570326,2,0.344071394247,0.376569037657,810,0.104247104247,0.56957682835,37,37,37,1,0,0.405405405405,0.540540540541,0.0540540540541,37,0.117117117117,2.21261261261,8.43243243243,7.09090909091,4.45714285714,5.04722443274,0.598549051319,0.327616077616,6.00525295579,1.42432281644,0.680873180873,3.83793300225,0.910278981302,0.463617463617,1.39215458577,0.629190386892,5.2,2.21261261261,1.39215458577,5.2,0,0,0,0,0.161113233172,37,37,37,1,0,0.405405405405,0.540540540541,0.0540540540541,37,176,0.132132132132,3.13857534634,9.51351351351,7.65217391304,4.88888888889,4.44485733818,0.467215117934,0.250767813268,5.91798297755,1.24412142142,0.632678132678,3.52298331126,0.74062717339,0.396805896806,2.30291165134,0.733744262033,6.17893646377,3.13857534634,2.30291165134,6.17893646377,0.0858858858859,0.0188034188034,11,0.0014157014157,0.169009346462,37,37,37,1,0,0.378378378378,0.594594594595,0.027027027027,-166,-0.124624624625,1.41328652823,-8.97297297297,-7.89328063241,-4.88253968254,-0.922852817215,0.176856527656,0.108125170625,-3.59050856483,0.215424968001,0.0881862723968,-4.53033003517,-0.130637720815,-0.065024354498,1.66231208101,0.362444359315,4.17893646377,1.41328652823,1.66231208101,4.17893646377,-0.258185508362,-0.357765618853,-799,-0.102831402831,-0.400567481888,-0.027027027027,0.0540540540541,-0.027027027027,166,10,176,980,0.485380116959,0.989898989899,0.010101010101,0.514619883041,0.943181818182,0.485380116959,0.640926640927,0.613118079388,0.475279106858,0.471590909091,20,186,0,0,0,0
1592,WLNM_dir_neg,0.406260839403,0.299231692923,00:00:04,10,40,27,1236695362,threshold_sweep,0.8,0.555555555556,0.0537634408602,0.0980392156863,10,8,176,364,0.0537634408602,0.978494623656,0.0215053763441,0.94623655914,0.555555555556,0.0537634408602,0.0980392156863,0.670250896057,0.655913978495,0.0416666666667,0.0860662965824,0.0322580645161,342,156,186,0,342,0,156,0,186,37,342,0.256756756757,1.72528881811,18.4864864865,15.5454545455,9.77142857143,5.36771015539,0.290358590277,0.142642642643,9.50849154237,1.02869645341,0.544491860281,8.05331334643,0.871264894205,0.461830251304,0.640599570326,0.371299902718,2,1.72528881811,0.640599570326,2,0.344071394247,0.376569037657,810,0.104247104247,0.56957682835,37,37,37,1,0,0.405405405405,0.540540540541,0.0540540540541,37,0.117117117117,2.21261261261,8.43243243243,7.09090909091,4.45714285714,5.04722443274,0.598549051319,0.327616077616,6.00525295579,1.42432281644,0.680873180873,3.83793300225,0.910278981302,0.463617463617,1.39215458577,0.629190386892,5.2,2.21261261261,1.39215458577,5.2,0,0,0,0,0.161113233172,37,37,37,1,0,0.405405405405,0.540540540541,0.0540540540541,37,174,0.130630630631,2.99928632304,9.40540540541,7.5652173913,4.83333333333,4.48738639262,0.477107173928,0.254737496117,5.91074757852,1.25688310578,0.63560111836,3.55797121393,0.756580085721,0.40385212799,2.14328486692,0.714598286419,5.86453365984,2.99928632304,2.14328486692,5.86453365984,0.0858858858859,0.0188034188034,11,0.0014157014157,0.16767271647,37,37,37,1,0,0.378378378378,0.594594594595,0.027027027027,-168,-0.126126126126,1.27399750492,-9.08108108108,-7.98023715415,-4.9380952381,-0.880323762777,0.18674858365,0.112094853474,-3.59774396386,0.228186652362,0.0911092580784,-4.4953421325,-0.114684808484,-0.0579781233139,1.50268529659,0.343298383701,3.86453365984,1.27399750492,1.50268529659,3.86453365984,-0.258185508362,-0.357765618853,-799,-0.102831402831,-0.40190411188,-0.027027027027,0.0540540540541,-0.027027027027,166,8,176,982,0.485380116959,0.991919191919,0.00808080808081,0.514619883041,0.954022988506,0.485380116959,0.643410852713,0.618717716675,0.477299308878,0.474285714286,18,186,0,0,0,0
1593,WLNM_dir_neg,0.406260839403,0.299231692923,00:00:04,10,40,27,1236695362,threshold_sweep,0.9,0.625,0.0537634408602,0.0990099009901,10,6,176,366,0.0537634408602,0.983870967742,0.0161290322581,0.94623655914,0.625,0.0537634408602,0.0990099009901,0.673835125448,0.657108721625,0.0487804878049,0.106304929365,0.0376344086022,342,156,186,0,342,0,156,0,186,37,342,0.256756756757,1.72528881811,18.4864864865,15.5454545455,9.77142857143,5.36771015539,0.290358590277,0.142642642643,9.50849154237,1.02869645341,0.544491860281,8.05331334643,0.871264894205,0.461830251304,0.640599570326,0.371299902718,2,1.72528881811,0.640599570326,2,0.344071394247,0.376569037657,810,0.104247104247,0.56957682835,37,37,37,1,0,0.405405405405,0.540540540541,0.0540540540541,37,0.117117117117,2.21261261261,8.43243243243,7.09090909091,4.45714285714,5.04722443274,0.598549051319,0.327616077616,6.00525295579,1.42432281644,0.680873180873,3.83793300225,0.910278981302,0.463617463617,1.39215458577,0.629190386892,5.2,2.21261261261,1.39215458577,5.2,0,0,0,0,0.161113233172,37,37,37,1,0,0.405405405405,0.540540540541,0.0540540540541,37,172,0.129129129129,2.94773042101,9.2972972973,7.47826086957,4.77777777778,4.55744119768,0.490189896262,0.26382778127,5.91239853667,1.27185317359,0.638906348209,3.59950780753,0.774312726038,0.412005028284,2.08524923451,0.707408391095,5.78145229234,2.94773042101,2.08524923451,5.78145229234,0.0824324324324,0.0171821305842,10,0.001287001287,0.166805431,37,37,37,1,0,0.378378378378,0.594594594595,0.027027027027,-170,-0.127627627628,1.2224416029,-9.18918918919,-8.06719367589,-4.99365079365,-0.810268957718,0.199831305984,0.121185138627,-3.5960930057,0.243156720172,0.0944144879273,-4.45380553891,-0.0969521681668,-0.0498252230198,1.44464966419,0.336108488377,3.78145229234,1.2224416029,1.44464966419,3.78145229234,-0.261638961815,-0.359386907073,-800,-0.10296010296,-0.40277139735,-0.027027027027,0.0540540540541,-0.027027027027,166,6,176,984,0.485380116959,0.993939393939,0.00606060606061,0.514619883041,0.96511627907,0.485380116959,0.645914396887,0.624399490118,0.479319510898,0.477011494253,16,186,0,0,0,0
1594,WLNM_dir_neg,0.426284830616,0.361408847743,00:00:04,10,40,28,1236695363,threshold_sweep,0.1,0.551020408163,0.145161290323,0.229787234043,27,22,159,350,0.145161290323,0.940860215054,0.0591397849462,0.854838709677,0.551020408163,0.145161290323,0.229787234043,0.675627240143,0.637395459976,0.105436573311,0.143277517899,0.0860215053763,342,156,186,0,342,0,156,0,186,37,342,0.256756756757,1.72528881811,18.4864864865,15.5454545455,9.77142857143,5.36771015539,0.290358590277,0.142642642643,9.50849154237,1.02869645341,0.544491860281,8.05331334643,0.871264894205,0.461830251304,0.640599570326,0.371299902718,2,1.72528881811,0.640599570326,2,0.344071394247,0.376569037657,810,0.104247104247,0.56957682835,37,37,37,1,0,0.405405405405,0.540540540541,0.0540540540541,37,0.117117117117,2.18481481481,8.43243243243,7.09090909091,4.45714285714,5.03620525429,0.597242289772,0.326923076923,6.00062559301,1.42322530091,0.680526680527,3.83793300225,0.910278981302,0.463617463617,1.318977792,0.603702328937,4.32037037037,2.18481481481,1.318977792,4.32037037037,0,0,0,0,0.160896782956,37,37,37,1,0,0.405405405405,0.540540540541,0.0540540540541,37,205,0.153903903904,6.35610753615,11.0810810811,7.32142857143,5.54054054054,4.95187045681,0.446876114395,0.241793012525,5.96561720098,1.07672115335,0.567699406724,3.47686476421,0.62753168915,0.342518127884,3.55316852544,0.55901642715,10.5496958832,6.35610753615,3.55316852544,10.5496958832,0.17763596262,0.0895716140199,69,0.00888030888031,0.173491110995,37,37,37,1,0,0.243243243243,0.756756756757,0,-137,-0.102852852853,4.63081871803,-7.40540540541,-8.22402597403,-4.23088803089,-0.415839698584,0.156517524118,0.0991503698821,-3.5428743414,0.0480246999322,0.0232075464425,-4.57644858223,-0.243733205055,-0.11931212342,2.91256895511,0.187716524432,8.54969588325,4.63081871803,2.91256895511,8.54969588325,-0.166435431627,-0.286997423637,-741,-0.0953667953668,-0.396085717354,-0.162162162162,0.216216216216,-0.0540540540541,183,22,159,968,0.535087719298,0.977777777778,0.0222222222222,0.464912280702,0.892682926829,0.535087719298,0.669104204753,0.620862236144,0.512865497076,0.502747252747,49,186,0,0,0,0
1595,WLNM_dir_neg,0.426284830616,0.361408847743,00:00:04,10,40,28,1236695363,threshold_sweep,0.2,0.571428571429,0.129032258065,0.210526315789,24,18,162,354,0.129032258065,0.951612903226,0.0483870967742,0.870967741935,0.571428571429,0.129032258065,0.210526315789,0.677419354839,0.641577060932,0.1,0.144097604426,0.0806451612903,342,156,186,0,342,0,156,0,186,37,342,0.256756756757,1.72528881811,18.4864864865,15.5454545455,9.77142857143,5.36771015539,0.290358590277,0.142642642643,9.50849154237,1.02869645341,0.544491860281,8.05331334643,0.871264894205,0.461830251304,0.640599570326,0.371299902718,2,1.72528881811,0.640599570326,2,0.344071394247,0.376569037657,810,0.104247104247,0.56957682835,37,37,37,1,0,0.405405405405,0.540540540541,0.0540540540541,37,0.117117117117,2.18481481481,8.43243243243,7.09090909091,4.45714285714,5.03620525429,0.597242289772,0.326923076923,6.00062559301,1.42322530091,0.680526680527,3.83793300225,0.910278981302,0.463617463617,1.318977792,0.603702328937,4.32037037037,2.18481481481,1.318977792,4.32037037037,0,0,0,0,0.160896782956,37,37,37,1,0,0.405405405405,0.540540540541,0.0540540540541,37,198,0.148648648649,6.73389659476,10.7027027027,7.07142857143,5.65714285714,4.9321218381,0.460829565681,0.251842751843,5.94986562041,1.11184357553,0.57957957958,3.6302449888,0.678379114068,0.370188370188,3.83437774577,0.569414408406,11.386448207,6.73389659476,3.83437774577,11.386448207,0.166116578036,0.0688878883386,51,0.00656370656371,0.1829860535,37,37,37,1,0,0.243243243243,0.702702702703,0.0540540540541,-144,-0.108108108108,5.00860777664,-7.78378378378,-8.47402597403,-4.11428571429,-0.435588317297,0.170470975404,0.1092001092,-3.55862592197,0.0831471221158,0.0350877192982,-4.42306835764,-0.192885780137,-0.0916418811156,3.19377817544,0.198114505688,9.38644820704,5.00860777664,3.19377817544,9.38644820704,-0.177954816211,-0.307681149318,-759,-0.0976833976834,-0.38659077485,-0.162162162162,0.162162162162,0,180,18,162,972,0.526315789474,0.981818181818,0.0181818181818,0.473684210526,0.909090909091,0.526315789474,0.666666666667,0.623978690801,0.508133971292,0.5,42,186,0,0,0,0
1596,WLNM_dir_neg,0.426284830616,0.361408847743,00:00:04,10,40,28,1236695363,threshold_sweep,0.3,0.612903225806,0.102150537634,0.175115207373,19,12,167,360,0.102150537634,0.967741935484,0.0322580645161,0.897849462366,0.612903225806,0.102150537634,0.175115207373,0.679211469534,0.648148148148,0.088285229202,0.143837523023,0.0698924731183,342,156,186,0,342,0,156,0,186,37,342,0.256756756757,1.72528881811,18.4864864865,15.5454545455,9.77142857143,5.36771015539,0.290358590277,0.142642642643,9.50849154237,1.02869645341,0.544491860281,8.05331334643,0.871264894205,0.461830251304,0.640599570326,0.371299902718,2,1.72528881811,0.640599570326,2,0.344071394247,0.376569037657,810,0.104247104247,0.56957682835,37,37,37,1,0,0.405405405405,0.540540540541,0.0540540540541,37,0.117117117117,2.18481481481,8.43243243243,7.09090909091,4.45714285714,5.03620525429,0.597242289772,0.326923076923,6.00062559301,1.42322530091,0.680526680527,3.83793300225,0.910278981302,0.463617463617,1.318977792,0.603702328937,4.32037037037,2.18481481481,1.318977792,4.32037037037,0,0,0,0,0.160896782956,37,37,37,1,0,0.405405405405,0.540540540541,0.0540540540541,37,187,0.14039039039,2.24138373751,10.1081081081,8.5,5.34285714286,4.67727237574,0.462724807226,0.247723659488,5.96259612523,1.17976500873,0.6130943778,3.53510919167,0.699460107442,0.377222141928,1.30816385965,0.583641184578,4.24458131276,2.24138373751,1.30816385965,4.24458131276,0.137262934399,0.0451354062187,30,0.003861003861,0.20257539867,37,37,37,1,0,0.405405405405,0.540540540541,0.0540540540541,-155,-0.116366366366,0.516094919393,-8.37837837838,-7.04545454545,-4.42857142857,-0.690437779652,0.172366216949,0.105081016846,-3.54589541715,0.15106855532,0.0686025175189,-4.51820415477,-0.171804786763,-0.0846081093759,0.667564289326,0.21234128186,2.24458131276,0.516094919393,0.667564289326,2.24458131276,-0.206808459848,-0.331433631438,-780,-0.100386100386,-0.36700142968,0,0,0,175,12,167,978,0.511695906433,0.987878787879,0.0121212121212,0.488304093567,0.935828877005,0.511695906433,0.661625708885,0.628213890686,0.499574694312,0.494350282486,31,186,0,0,0,0
1597,WLNM_dir_neg,0.426284830616,0.361408847743,00:00:04,10,40,28,1236695363,threshold_sweep,0.4,0.620689655172,0.0967741935484,0.167441860465,18,11,168,361,0.0967741935484,0.970430107527,0.0295698924731,0.903225806452,0.620689655172,0.0967741935484,0.167441860465,0.679211469534,0.649342891278,0.0851788756388,0.142724383543,0.0672043010753,342,156,186,0,342,0,156,0,186,37,342,0.256756756757,1.72528881811,18.4864864865,15.5454545455,9.77142857143,5.36771015539,0.290358590277,0.142642642643,9.50849154237,1.02869645341,0.544491860281,8.05331334643,0.871264894205,0.461830251304,0.640599570326,0.371299902718,2,1.72528881811,0.640599570326,2,0.344071394247,0.376569037657,810,0.104247104247,0.56957682835,37,37,37,1,0,0.405405405405,0.540540540541,0.0540540540541,37,0.117117117117,2.18481481481,8.43243243243,7.09090909091,4.45714285714,5.03620525429,0.597242289772,0.326923076923,6.00062559301,1.42322530091,0.680526680527,3.83793300225,0.910278981302,0.463617463617,1.318977792,0.603702328937,4.32037037037,2.18481481481,1.318977792,4.32037037037,0,0,0,0,0.160896782956,37,37,37,1,0,0.405405405405,0.540540540541,0.0540540540541,37,185,0.138888888889,2.24423510582,10,8.40909090909,5.28571428571,4.6248123085,0.46248123085,0.245142439737,5.95352369983,1.19070473997,0.616216216216,3.55902608401,0.711805216802,0.382468955442,1.31249193258,0.584828180067,4.28025072314,2.24423510582,1.31249193258,4.28025072314,0.113232028015,0.0353483606557,23,0.0029601029601,0.201304417366,37,37,37,1,0,0.405405405405,0.540540540541,0.0540540540541,-157,-0.117867867868,0.518946287701,-8.48648648649,-7.13636363636,-4.48571428571,-0.742897846889,0.172122640573,0.102499797094,-3.55496784254,0.162008286551,0.0717243559349,-4.49428726242,-0.159459677403,-0.079361295862,0.67189236225,0.213528277349,2.28025072314,0.518946287701,0.67189236225,2.28025072314,-0.230839366232,-0.341220677001,-787,-0.101287001287,-0.368272410984,0,0,0,174,11,168,979,0.508771929825,0.988888888889,0.0111111111111,0.491228070175,0.940540540541,0.508771929825,0.660341555977,0.628632061107,0.497660818713,0.492917847025,29,186,0,0,0,0
1598,WLNM_dir_neg,0.426284830616,0.361408847743,00:00:04,10,40,28,1236695363,threshold_sweep,0.5,0.620689655172,0.0967741935484,0.167441860465,18,11,168,361,0.0967741935484,0.970430107527,0.0295698924731,0.903225806452,0.620689655172,0.0967741935484,0.167441860465,0.679211469534,0.649342891278,0.0851788756388,0.142724383543,0.0672043010753,342,156,186,0,342,0,156,0,186,37,342,0.256756756757,1.72528881811,18.4864864865,15.5454545455,9.77142857143,5.36771015539,0.290358590277,0.142642642643,9.50849154237,1.02869645341,0.544491860281,8.05331334643,0.871264894205,0.461830251304,0.640599570326,0.371299902718,2,1.72528881811,0.640599570326,2,0.344071394247,0.376569037657,810,0.104247104247,0.56957682835,37,37,37,1,0,0.405405405405,0.540540540541,0.0540540540541,37,0.117117117117,2.18481481481,8.43243243243,7.09090909091,4.45714285714,5.03620525429,0.597242289772,0.326923076923,6.00062559301,1.42322530091,0.680526680527,3.83793300225,0.910278981302,0.463617463617,1.318977792,0.603702328937,4.32037037037,2.18481481481,1.318977792,4.32037037037,0,0,0,0,0.160896782956,37,37,37,1,0,0.405405405405,0.540540540541,0.0540540540541,37,185,0.138888888889,2.24423510582,10,8.40909090909,5.28571428571,4.6248123085,0.46248123085,0.245142439737,5.95352369983,1.19070473997,0.616216216216,3.55902608401,0.711805216802,0.382468955442,1.31249193258,0.584828180067,4.28025072314,2.24423510582,1.31249193258,4.28025072314,0.113232028015,0.0353483606557,23,0.0029601029601,0.201304417366,37,37,37,1,0,0.405405405405,0.540540540541,0.0540540540541,-157,-0.117867867868,0.518946287701,-8.48648648649,-7.13636363636,-4.48571428571,-0.742897846889,0.172122640573,0.102499797094,-3.55496784254,0.162008286551,0.0717243559349,-4.49428726242,-0.159459677403,-0.079361295862,0.67189236225,0.213528277349,2.28025072314,0.518946287701,0.67189236225,2.28025072314,-0.230839366232,-0.341220677001,-787,-0.101287001287,-0.368272410984,0,0,0,174,11,168,979,0.508771929825,0.988888888889,0.0111111111111,0.491228070175,0.940540540541,0.508771929825,0.660341555977,0.628632061107,0.497660818713,0.492917847025,29,186,0,0,0,0
1599,WLNM_dir_neg,0.426284830616,0.361408847743,00:00:04,10,40,28,1236695363,threshold_sweep,0.6,0.64,0.0860215053763,0.151658767773,16,9,170,363,0.0860215053763,0.975806451613,0.0241935483871,0.913978494624,0.64,0.0860215053763,0.151658767773,0.679211469534,0.651732377539,0.0789022298456,0.140889695121,0.0618279569892,342,156,186,0,342,0,156,0,186,37,342,0.256756756757,1.72528881811,18.4864864865,15.5454545455,9.77142857143,5.36771015539,0.290358590277,0.142642642643,9.50849154237,1.02869645341,0.544491860281,8.05331334643,0.871264894205,0.461830251304,0.640599570326,0.371299902718,2,1.72528881811,0.640599570326,2,0.344071394247,0.376569037657,810,0.104247104247,0.56957682835,37,37,37,1,0,0.405405405405,0.540540540541,0.0540540540541,37,0.117117117117,2.18481481481,8.43243243243,7.09090909091,4.45714285714,5.03620525429,0.597242289772,0.326923076923,6.00062559301,1.42322530091,0.680526680527,3.83793300225,0.910278981302,0.463617463617,1.318977792,0.603702328937,4.32037037037,2.18481481481,1.318977792,4.32037037037,0,0,0,0,0.160896782956,37,37,37,1,0,0.405405405405,0.540540540541,0.0540540540541,37,181,0.135885885886,2.11575767611,9.78378378378,8.22727272727,5.17142857143,4.65555304708,0.475843819729,0.251754516948,5.98044862579,1.22252264726,0.6271464835,3.60388512414,0.736705798857,0.396595490518,1.18955817137,0.562237436168,4.06766102798,2.11575767611,1.18955817137,4.06766102798,0.117680715978,0.0313152400835,20,0.002574002574,0.198745032378,37,37,37,1,0,0.405405405405,0.540540540541,0.0540540540541,-161,-0.120870870871,0.390468857997,-8.7027027027,-7.31818181818,-4.6,-0.712157108313,0.185485229452,0.109111874305,-3.52804291658,0.193826193847,0.0826546232187,-4.4494282223,-0.134559095348,-0.0652347607858,0.548958601043,0.19093753345,2.06766102798,0.390468857997,0.548958601043,2.06766102798,-0.226390678269,-0.345253797573,-790,-0.101673101673,-0.370831795972,0,0,0,172,9,170,981,0.502923976608,0.990909090909,0.00909090909091,0.497076023392,0.950276243094,0.502923976608,0.657743785851,0.629555276739,0.493833067517,0.490028490028,25,186,0,0,0,0
1600,WLNM_dir_neg,0.426284830616,0.361408847743,00:00:04,10,40,28,1236695363,threshold_sweep,0.7,0.652173913043,0.0806451612903,0.143540669856,15,8,171,364,0.0806451612903,0.978494623656,0.0215053763441,0.91935483871,0.652173913043,0.0806451612903,0.143540669856,0.679211469534,0.652927120669,0.0757314974182,0.140238376035,0.0591397849462,342,156,186,0,342,0,156,0,186,37,342,0.256756756757,1.72528881811,18.4864864865,15.5454545455,9.77142857143,5.36771015539,0.290358590277,0.142642642643,9.50849154237,1.02869645341,0.544491860281,8.05331334643,0.871264894205,0.461830251304,0.640599570326,0.371299902718,2,1.72528881811,0.640599570326,2,0.344071394247,0.376569037657,810,0.104247104247,0.56957682835,37,37,37,1,0,0.405405405405,0.540540540541,0.0540540540541,37,0.117117117117,2.18481481481,8.43243243243,7.09090909091,4.45714285714,5.03620525429,0.597242289772,0.326923076923,6.00062559301,1.42322530091,0.680526680527,3.83793300225,0.910278981302,0.463617463617,1.318977792,0.603702328937,4.32037037037,2.18481481481,1.318977792,4.32037037037,0,0,0,0,0.160896782956,37,37,37,1,0,0.405405405405,0.540540540541,0.0540540540541,37,179,0.134384384384,2.14624432256,9.67567567568,8.13636363636,5.11428571429,4.61912722669,0.477395830691,0.253359504756,5.97454560575,1.23496194085,0.629926015401,3.5863438014,0.741311288558,0.399818813227,1.24709687079,0.581060067432,4.28220889555,2.14624432256,1.24709687079,4.28220889555,0.0973062413465,0.0239744272776,15,0.0019305019305,0.19432482536,37,37,37,1,0,0.405405405405,0.540540540541,0.0540540540541,-163,-0.122372372372,0.420955504441,-8.81081081081,-7.40909090909,-4.65714285714,-0.748582928705,0.187037240414,0.110716862114,-3.53394593662,0.206265487439,0.0854341551195,-4.46696954503,-0.129953605647,-0.0620114380773,0.606497300464,0.209760164714,2.28220889555,0.420955504441,0.606497300464,2.28220889555,-0.246765152901,-0.352594610379,-795,-0.102316602317,-0.37525200299,0,0,0,171,8,171,982,0.5,0.991919191919,0.00808080808081,0.5,0.95530726257,0.5,0.656429942418,0.630061942497,0.491919191919,0.488571428571,23,186,0,0,0,0
1601,WLNM_dir_neg,0.426284830616,0.361408847743,00:00:04,10,40,28,1236695363,threshold_sweep,0.8,0.722222222222,0.0698924731183,0.127450980392,13,5,173,367,0.0698924731183,0.986559139785,0.0134408602151,0.930107526882,0.722222222222,0.0698924731183,0.127450980392,0.681003584229,0.655913978495,0.0729166666667,0.150616019019,0.0564516129032,342,156,186,0,342,0,156,0,186,37,342,0.256756756757,1.72528881811,18.4864864865,15.5454545455,9.77142857143,5.36771015539,0.290358590277,0.142642642643,9.50849154237,1.02869645341,0.544491860281,8.05331334643,0.871264894205,0.461830251304,0.640599570326,0.371299902718,2,1.72528881811,0.640599570326,2,0.344071394247,0.376569037657,810,0.104247104247,0.56957682835,37,37,37,1,0,0.405405405405,0.540540540541,0.0540540540541,37,0.117117117117,2.18481481481,8.43243243243,7.09090909091,4.45714285714,5.03620525429,0.597242289772,0.326923076923,6.00062559301,1.42322530091,0.680526680527,3.83793300225,0.910278981302,0.463617463617,1.318977792,0.603702328937,4.32037037037,2.18481481481,1.318977792,4.32037037037,0,0,0,0,0.160896782956,37,37,37,1,0,0.405405405405,0.540540540541,0.0540540540541,37,174,0.130630630631,2.12434910524,9.40540540541,7.90909090909,4.97142857143,4.67534585446,0.497091369584,0.266853059957,5.94355329965,1.26385903498,0.635911773843,3.60451002114,0.766476268863,0.409754582168,1.2110726175,0.570091146752,4.20873707573,2.12434910524,1.2110726175,4.20873707573,0.0646503978547,0.013230429989,8,0.0010296010296,0.186447409366,37,37,37,1,0,0.405405405405,0.540540540541,0.0540540540541,-168,-0.126126126126,0.399060287121,-9.08108108108,-7.63636363636,-4.8,-0.692364300929,0.206732779307,0.124210417314,-3.56493824272,0.235162581569,0.0914199135615,-4.4488033253,-0.104788625342,-0.0520756691356,0.570473047179,0.198791244034,2.20873707573,0.399060287121,0.570473047179,2.20873707573,-0.279420996393,-0.363338607668,-802,-0.103217503218,-0.383129418984,0,0,0,169,5,173,985,0.494152046784,0.994949494949,0.00505050505051,0.505847953216,0.971264367816,0.494152046784,0.65503875969,0.634016818156,0.489101541733,0.487031700288,18,186,0,0,0,0
1602,WLNM_dir_neg,0.426284830616,0.361408847743,00:00:04,10,40,28,1236695363,threshold_sweep,0.9,0.727272727273,0.0430107526882,0.0812182741117,8,3,178,369,0.0430107526882,0.991935483871,0.00806451612903,0.956989247312,0.727272727273,0.0430107526882,0.0812182741117,0.675627240143,0.66009557945,0.0456942003515,0.118505456811,0.0349462365591,342,156,186,0,342,0,156,0,186,37,342,0.256756756757,1.72528881811,18.4864864865,15.5454545455,9.77142857143,5.36771015539,0.290358590277,0.142642642643,9.50849154237,1.02869645341,0.544491860281,8.05331334643,0.871264894205,0.461830251304,0.640599570326,0.371299902718,2,1.72528881811,0.640599570326,2,0.344071394247,0.376569037657,810,0.104247104247,0.56957682835,37,37,37,1,0,0.405405405405,0.540540540541,0.0540540540541,37,0.117117117117,2.18481481481,8.43243243243,7.09090909091,4.45714285714,5.03620525429,0.597242289772,0.326923076923,6.00062559301,1.42322530091,0.680526680527,3.83793300225,0.910278981302,0.463617463617,1.318977792,0.603702328937,4.32037037037,2.18481481481,1.318977792,4.32037037037,0,0,0,0,0.160896782956,37,37,37,1,0,0.405405405405,0.540540540541,0.0540540540541,37,167,0.125375375375,2.11329881711,9.02702702703,7.59090909091,4.77142857143,4.68737362192,0.519259952129,0.280951610293,5.9096043373,1.30931353581,0.649296002589,3.71649193626,0.823414381088,0.435345525166,1.18823257023,0.56226434265,4.12828590786,2.11329881711,1.18823257023,4.12828590786,0.0541020011608,0.00874635568513,5,0.000643500643501,0.180542520038,37,37,37,1,0,0.405405405405,0.540540540541,0.0540540540541,-175,-0.131381381381,0.388009998995,-9.45945945946,-7.95454545455,-5,-0.680336533473,0.228901361852,0.13830896765,-3.59888720508,0.280617082394,0.104804142308,-4.33682141017,-0.0478505131165,-0.0264847261381,0.547632999899,0.190964439932,2.12828590786,0.388009998995,0.547632999899,2.12828590786,-0.289969393087,-0.367822681972,-805,-0.103603603604,-0.389034308312,0,0,0,164,3,178,987,0.479532163743,0.99696969697,0.0030303030303,0.520467836257,0.982035928144,0.479532163743,0.644400785855,0.628599531422,0.476501860712,0.475362318841,11,186,0,0,0,0
1603,WLNM_dir_neg,0.426357093306,0.346978758672,00:00:04,10,40,29,1236695364,threshold_sweep,0.1,0.564102564103,0.118279569892,0.195555555556,22,17,164,355,0.118279569892,0.954301075269,0.0456989247312,0.881720430108,0.564102564103,0.118279569892,0.195555555556,0.675627240143,0.643369175627,0.0904522613065,0.134193902831,0.0725806451613,342,156,186,0,342,0,156,0,186,37,342,0.256756756757,1.72528881811,18.4864864865,15.5454545455,9.77142857143,5.36771015539,0.290358590277,0.142642642643,9.50849154237,1.02869645341,0.544491860281,8.05331334643,0.871264894205,0.461830251304,0.640599570326,0.371299902718,2,1.72528881811,0.640599570326,2,0.344071394247,0.376569037657,810,0.104247104247,0.56957682835,37,37,37,1,0,0.405405405405,0.540540540541,0.0540540540541,37,0.117117117117,2.18635635636,8.43243243243,7.09090909091,4.45714285714,5.03620525429,0.597242289772,0.326923076923,6.00062559301,1.42322530091,0.680526680527,3.83793300225,0.910278981302,0.463617463617,1.32204914232,0.604681454823,4.3462962963,2.18635635636,1.32204914232,4.3462962963,0,0,0,0,0.160896782956,37,37,37,1,0,0.405405405405,0.540540540541,0.0540540540541,37,195,0.146396396396,5.06417894802,10.5405405405,6.96428571429,5.41666666667,4.82237029429,0.457506925356,0.241718641719,5.79103065404,1.09881094461,0.573804573805,3.46929906985,0.658277259407,0.358974358974,2.62604472749,0.518552909455,7.49069236772,5.06417894802,2.62604472749,7.49069236772,0.18928627876,0.101941747573,77,0.00990990990991,0.169827141769,37,37,37,1,0,0.243243243243,0.72972972973,0.027027027027,-147,-0.11036036036,3.33889012991,-7.94594594595,-8.58116883117,-4.35476190476,-0.545339861103,0.167148335079,0.099075999076,-3.71746088833,0.070114491198,0.0293127135232,-4.58401427659,-0.212987634798,-0.10285589233,1.98544515717,0.147253006737,5.49069236772,3.33889012991,1.98544515717,5.49069236772,-0.154785115487,-0.274627290084,-733,-0.0943371943372,-0.399749686581,-0.162162162162,0.189189189189,-0.027027027027,178,17,164,973,0.520467836257,0.982828282828,0.0171717171717,0.479532163743,0.912820512821,0.520467836257,0.662942271881,0.621951749609,0.503296119086,0.495821727019,39,186,0,0,0,0
1604,WLNM_dir_neg,0.426357093306,0.346978758672,00:00:04,10,40,29,1236695364,threshold_sweep,0.2,0.529411764706,0.0967741935484,0.163636363636,18,16,168,356,0.0967741935484,0.956989247312,0.0430107526882,0.903225806452,0.529411764706,0.0967741935484,0.163636363636,0.670250896057,0.646356033453,0.0675675675676,0.10595217974,0.0537634408602,342,156,186,0,342,0,156,0,186,37,342,0.256756756757,1.72528881811,18.4864864865,15.5454545455,9.77142857143,5.36771015539,0.290358590277,0.142642642643,9.50849154237,1.02869645341,0.544491860281,8.05331334643,0.871264894205,0.461830251304,0.640599570326,0.371299902718,2,1.72528881811,0.640599570326,2,0.344071394247,0.376569037657,810,0.104247104247,0.56957682835,37,37,37,1,0,0.405405405405,0.540540540541,0.0540540540541,37,0.117117117117,2.18635635636,8.43243243243,7.09090909091,4.45714285714,5.03620525429,0.597242289772,0.326923076923,6.00062559301,1.42322530091,0.680526680527,3.83793300225,0.910278981302,0.463617463617,1.32204914232,0.604681454823,4.3462962963,2.18635635636,1.32204914232,4.3462962963,0,0,0,0,0.160896782956,37,37,37,1,0,0.405405405405,0.540540540541,0.0540540540541,37,190,0.142642642643,5.02155093642,10.2702702703,6.78571428571,5.27777777778,4.95899098523,0.482849122246,0.258605974395,5.79349329546,1.12820658912,0.583214793741,3.56808509305,0.694837623383,0.376955903272,2.6104703848,0.519853411397,7.42336273075,5.02155093642,2.6104703848,7.42336273075,0.195063373856,0.0931081697855,68,0.00875160875161,0.170415020234,37,37,37,1,0,0.243243243243,0.72972972973,0.027027027027,-152,-0.114114114114,3.29626211831,-8.21621621622,-8.75974025974,-4.49365079365,-0.408719170163,0.192490531969,0.115963331753,-3.71499824691,0.0995101357015,0.0387229334598,-4.48522825339,-0.176427270822,-0.0848743480322,1.96987081448,0.148553508679,5.42336273075,3.29626211831,1.96987081448,5.42336273075,-0.149008020391,-0.283460867871,-742,-0.0954954954955,-0.399161808116,-0.162162162162,0.189189189189,-0.027027027027,174,16,168,974,0.508771929825,0.983838383838,0.0161616161616,0.491228070175,0.915789473684,0.508771929825,0.654135338346,0.615352965965,0.492610313663,0.486033519553,34,186,0,0,0,0
1605,WLNM_dir_neg,0.426357093306,0.346978758672,00:00:04,10,40,29,1236695364,threshold_sweep,0.3,0.653846153846,0.0913978494624,0.160377358491,17,9,169,363,0.0913978494624,0.975806451613,0.0241935483871,0.908602150538,0.653846153846,0.0913978494624,0.160377358491,0.681003584229,0.651135005974,0.0856164383562,0.150308146951,0.0672043010753,342,156,186,0,342,0,156,0,186,37,342,0.256756756757,1.72528881811,18.4864864865,15.5454545455,9.77142857143,5.36771015539,0.290358590277,0.142642642643,9.50849154237,1.02869645341,0.544491860281,8.05331334643,0.871264894205,0.461830251304,0.640599570326,0.371299902718,2,1.72528881811,0.640599570326,2,0.344071394247,0.376569037657,810,0.104247104247,0.56957682835,37,37,37,1,0,0.405405405405,0.540540540541,0.0540540540541,37,0.117117117117,2.18635635636,8.43243243243,7.09090909091,4.45714285714,5.03620525429,0.597242289772,0.326923076923,6.00062559301,1.42322530091,0.680526680527,3.83793300225,0.910278981302,0.463617463617,1.32204914232,0.604681454823,4.3462962963,2.18635635636,1.32204914232,4.3462962963,0,0,0,0,0.160896782956,37,37,37,1,0,0.405405405405,0.540540540541,0.0540540540541,37,182,0.136636636637,2.44318982118,9.83783783784,7.91304347826,5.05555555556,4.63389393199,0.471027679901,0.249628749629,5.90846087487,1.20117061742,0.618057618058,3.49108689203,0.709726456072,0.384021384021,1.43504818658,0.587366636085,4.08972230003,2.44318982118,1.43504818658,4.08972230003,0.150196641373,0.0469223007064,31,0.0039897039897,0.174778036877,37,37,37,1,0,0.378378378378,0.594594594595,0.027027027027,-160,-0.12012012012,0.717901003065,-8.64864864865,-7.63241106719,-4.71587301587,-0.733816223399,0.180669089623,0.106986106986,-3.6000306675,0.172474164005,0.0735657577763,-4.56222645441,-0.161538438133,-0.0778088672826,0.794448616258,0.216066733368,2.08972230003,0.717901003065,0.794448616258,2.08972230003,-0.193874752874,-0.329646736951,-779,-0.100257400257,-0.394798791473,-0.027027027027,0.0540540540541,-0.027027027027,173,9,169,981,0.505847953216,0.990909090909,0.00909090909091,0.494152046784,0.950549450549,0.505847953216,0.660305343511,0.631815200827,0.496757044125,0.492877492877,26,186,0,0,0,0
1606,WLNM_dir_neg,0.426357093306,0.346978758672,00:00:04,10,40,29,1236695364,threshold_sweep,0.4,0.625,0.0806451612903,0.142857142857,15,9,171,363,0.0806451612903,0.975806451613,0.0241935483871,0.91935483871,0.625,0.0806451612903,0.142857142857,0.677419354839,0.652329749104,0.0721649484536,0.131168045574,0.0564516129032,342,156,186,0,342,0,156,0,186,37,342,0.256756756757,1.72528881811,18.4864864865,15.5454545455,9.77142857143,5.36771015539,0.290358590277,0.142642642643,9.50849154237,1.02869645341,0.544491860281,8.05331334643,0.871264894205,0.461830251304,0.640599570326,0.371299902718,2,1.72528881811,0.640599570326,2,0.344071394247,0.376569037657,810,0.104247104247,0.56957682835,37,37,37,1,0,0.405405405405,0.540540540541,0.0540540540541,37,0.117117117117,2.18635635636,8.43243243243,7.09090909091,4.45714285714,5.03620525429,0.597242289772,0.326923076923,6.00062559301,1.42322530091,0.680526680527,3.83793300225,0.910278981302,0.463617463617,1.32204914232,0.604681454823,4.3462962963,2.18635635636,1.32204914232,4.3462962963,0,0,0,0,0.160896782956,37,37,37,1,0,0.405405405405,0.540540540541,0.0540540540541,37,180,0.135135135135,2.42788669171,9.72972972973,7.82608695652,5,4.61066787551,0.473874198316,0.251501501502,5.89332090007,1.21140485168,0.621321321321,3.49731771951,0.718893086789,0.388288288288,1.42335262646,0.586251669535,4.10415460013,2.42788669171,1.42335262646,4.10415460013,0.14487139224,0.0417310664606,27,0.0034749034749,0.17212833151,37,37,37,1,0,0.378378378378,0.594594594595,0.027027027027,-162,-0.121621621622,0.702597873592,-8.75675675676,-7.71936758893,-4.77142857143,-0.757042279883,0.183515608039,0.108858858859,-3.6151706423,0.182708398267,0.07682946104,-4.55599562692,-0.152371807416,-0.0735419630156,0.78275305613,0.214951766818,2.10415460013,0.702597873592,0.78275305613,2.10415460013,-0.199200002008,-0.334837971196,-783,-0.100772200772,-0.39744849684,-0.027027027027,0.0540540540541,-0.027027027027,171,9,171,981,0.5,0.990909090909,0.00909090909091,0.5,0.95,0.5,0.655172413793,0.627291254667,0.490909090909,0.487179487179,24,186,0,0,0,0
1607,WLNM_dir_neg,0.426357093306,0.346978758672,00:00:04,10,40,29,1236695364,threshold_sweep,0.5,0.625,0.0806451612903,0.142857142857,15,9,171,363,0.0806451612903,0.975806451613,0.0241935483871,0.91935483871,0.625,0.0806451612903,0.142857142857,0.677419354839,0.652329749104,0.0721649484536,0.131168045574,0.0564516129032,342,156,186,0,342,0,156,0,186,37,342,0.256756756757,1.72528881811,18.4864864865,15.5454545455,9.77142857143,5.36771015539,0.290358590277,0.142642642643,9.50849154237,1.02869645341,0.544491860281,8.05331334643,0.871264894205,0.461830251304,0.640599570326,0.371299902718,2,1.72528881811,0.640599570326,2,0.344071394247,0.376569037657,810,0.104247104247,0.56957682835,37,37,37,1,0,0.405405405405,0.540540540541,0.0540540540541,37,0.117117117117,2.18635635636,8.43243243243,7.09090909091,4.45714285714,5.03620525429,0.597242289772,0.326923076923,6.00062559301,1.42322530091,0.680526680527,3.83793300225,0.910278981302,0.463617463617,1.32204914232,0.604681454823,4.3462962963,2.18635635636,1.32204914232,4.3462962963,0,0,0,0,0.160896782956,37,37,37,1,0,0.405405405405,0.540540540541,0.0540540540541,37,180,0.135135135135,2.42788669171,9.72972972973,7.82608695652,5,4.61066787551,0.473874198316,0.251501501502,5.89332090007,1.21140485168,0.621321321321,3.49731771951,0.718893086789,0.388288288288,1.42335262646,0.586251669535,4.10415460013,2.42788669171,1.42335262646,4.10415460013,0.14487139224,0.0417310664606,27,0.0034749034749,0.17212833151,37,37,37,1,0,0.378378378378,0.594594594595,0.027027027027,-162,-0.121621621622,0.702597873592,-8.75675675676,-7.71936758893,-4.77142857143,-0.757042279883,0.183515608039,0.108858858859,-3.6151706423,0.182708398267,0.07682946104,-4.55599562692,-0.152371807416,-0.0735419630156,0.78275305613,0.214951766818,2.10415460013,0.702597873592,0.78275305613,2.10415460013,-0.199200002008,-0.334837971196,-783,-0.100772200772,-0.39744849684,-0.027027027027,0.0540540540541,-0.027027027027,171,9,171,981,0.5,0.990909090909,0.00909090909091,0.5,0.95,0.5,0.655172413793,0.627291254667,0.490909090909,0.487179487179,24,186,0,0,0,0
1608,WLNM_dir_neg,0.426357093306,0.346978758672,00:00:04,10,40,29,1236695364,threshold_sweep,0.6,0.55,0.0591397849462,0.106796116505,11,9,175,363,0.0591397849462,0.975806451613,0.0241935483871,0.940860215054,0.55,0.0591397849462,0.106796116505,0.670250896057,0.654719235364,0.0449826989619,0.0886180560117,0.0349462365591,342,156,186,0,342,0,156,0,186,37,342,0.256756756757,1.72528881811,18.4864864865,15.5454545455,9.77142857143,5.36771015539,0.290358590277,0.142642642643,9.50849154237,1.02869645341,0.544491860281,8.05331334643,0.871264894205,0.461830251304,0.640599570326,0.371299902718,2,1.72528881811,0.640599570326,2,0.344071394247,0.376569037657,810,0.104247104247,0.56957682835,37,37,37,1,0,0.405405405405,0.540540540541,0.0540540540541,37,0.117117117117,2.18635635636,8.43243243243,7.09090909091,4.45714285714,5.03620525429,0.597242289772,0.326923076923,6.00062559301,1.42322530091,0.680526680527,3.83793300225,0.910278981302,0.463617463617,1.32204914232,0.604681454823,4.3462962963,2.18635635636,1.32204914232,4.3462962963,0,0,0,0,0.160896782956,37,37,37,1,0,0.405405405405,0.540540540541,0.0540540540541,37,176,0.132132132132,2.37842489469,9.51351351351,7.65217391304,4.88888888889,4.78203595426,0.502657188374,0.269656019656,5.90858793718,1.2421463277,0.630221130221,3.52298331126,0.74062717339,0.396498771499,1.35386839667,0.56922898835,3.93351230425,2.37842489469,1.35386839667,3.93351230425,0.117668865037,0.0300157977883,19,0.0024453024453,0.168283748402,37,37,37,1,0,0.378378378378,0.594594594595,0.027027027027,-166,-0.124624624625,0.653136076578,-8.97297297297,-7.89328063241,-4.88253968254,-0.58567420113,0.212298598097,0.127013377013,-3.59990360519,0.213449874288,0.0857292699398,-4.53033003517,-0.130637720815,-0.0653314798052,0.713268826346,0.197929085632,1.93351230425,0.653136076578,0.713268826346,1.93351230425,-0.22640252921,-0.346553239869,-791,-0.101801801802,-0.401293079948,-0.027027027027,0.0540540540541,-0.027027027027,167,9,175,981,0.488304093567,0.990909090909,0.00909090909091,0.511695906433,0.948863636364,0.488304093567,0.644787644788,0.618193105996,0.479213184476,0.475783475783,20,186,0,0,0,0
1609,WLNM_dir_neg,0.426357093306,0.346978758672,00:00:04,10,40,29,1236695364,threshold_sweep,0.7,0.611111111111,0.0591397849462,0.107843137255,11,7,175,365,0.0591397849462,0.981182795699,0.0188172043011,0.940860215054,0.611111111111,0.0591397849462,0.107843137255,0.673835125448,0.655913978495,0.0520833333333,0.107582870728,0.0403225806452,342,156,186,0,342,0,156,0,186,37,342,0.256756756757,1.72528881811,18.4864864865,15.5454545455,9.77142857143,5.36771015539,0.290358590277,0.142642642643,9.50849154237,1.02869645341,0.544491860281,8.05331334643,0.871264894205,0.461830251304,0.640599570326,0.371299902718,2,1.72528881811,0.640599570326,2,0.344071394247,0.376569037657,810,0.104247104247,0.56957682835,37,37,37,1,0,0.405405405405,0.540540540541,0.0540540540541,37,0.117117117117,2.18635635636,8.43243243243,7.09090909091,4.45714285714,5.03620525429,0.597242289772,0.326923076923,6.00062559301,1.42322530091,0.680526680527,3.83793300225,0.910278981302,0.463617463617,1.32204914232,0.604681454823,4.3462962963,2.18635635636,1.32204914232,4.3462962963,0,0,0,0,0.160896782956,37,37,37,1,0,0.405405405405,0.540540540541,0.0540540540541,37,174,0.130630630631,2.38141349133,9.40540540541,7.5652173913,4.83333333333,4.76363224779,0.506478141288,0.272134203169,5.92482941557,1.2598775194,0.635290462877,3.54232240882,0.753252466244,0.400434917676,1.35575817017,0.569308175629,3.81355932203,2.38141349133,1.35575817017,3.81355932203,0.110507636823,0.0241805480924,15,0.0019305019305,0.16620006908,37,37,37,1,0,0.378378378378,0.594594594595,0.027027027027,-168,-0.126126126126,0.656124673217,-9.08108108108,-7.98023715415,-4.9380952381,-0.604077907603,0.216119551011,0.129491560526,-3.5836621268,0.231181065988,0.0907986025953,-4.51099093761,-0.118012427961,-0.0613953336276,0.715158599842,0.198008272911,1.81355932203,0.656124673217,0.715158599842,1.81355932203,-0.233563757424,-0.352388489564,-795,-0.102316602317,-0.40337675927,-0.027027027027,0.0540540540541,-0.027027027027,167,7,175,983,0.488304093567,0.992929292929,0.00707070707071,0.511695906433,0.959770114943,0.488304093567,0.647286821705,0.623817417169,0.481233386497,0.478510028653,18,186,0,0,0,0
1610,WLNM_dir_neg,0.426357093306,0.346978758672,00:00:04,10,40,29,1236695364,threshold_sweep,0.8,0.625,0.0537634408602,0.0990099009901,10,6,176,366,0.0537634408602,0.983870967742,0.0161290322581,0.94623655914,0.625,0.0537634408602,0.0990099009901,0.673835125448,0.657108721625,0.0487804878049,0.106304929365,0.0376344086022,342,156,186,0,342,0,156,0,186,37,342,0.256756756757,1.72528881811,18.4864864865,15.5454545455,9.77142857143,5.36771015539,0.290358590277,0.142642642643,9.50849154237,1.02869645341,0.544491860281,8.05331334643,0.871264894205,0.461830251304,0.640599570326,0.371299902718,2,1.72528881811,0.640599570326,2,0.344071394247,0.376569037657,810,0.104247104247,0.56957682835,37,37,37,1,0,0.405405405405,0.540540540541,0.0540540540541,37,0.117117117117,2.18635635636,8.43243243243,7.09090909091,4.45714285714,5.03620525429,0.597242289772,0.326923076923,6.00062559301,1.42322530091,0.680526680527,3.83793300225,0.910278981302,0.463617463617,1.32204914232,0.604681454823,4.3462962963,2.18635635636,1.32204914232,4.3462962963,0,0,0,0,0.160896782956,37,37,37,1,0,0.405405405405,0.540540540541,0.0540540540541,37,172,0.129129129129,2.387131199,9.2972972973,7.47826086957,4.77777777778,4.73089646699,0.508846422322,0.271998742929,5.89357567477,1.26780406957,0.637020741672,3.57628155908,0.769316381894,0.408233815211,1.36392329242,0.57136503138,3.81355932203,2.387131199,1.36392329242,3.81355932203,0.0949874022629,0.0181318681319,11,0.0014157014157,0.165091866786,37,37,37,1,0,0.378378378378,0.594594594595,0.027027027027,-170,-0.127627627628,0.661842380881,-9.18918918919,-8.06719367589,-4.99365079365,-0.636813688403,0.218487832045,0.129356100286,-3.61491586761,0.239107616158,0.0925288813906,-4.47703178736,-0.101948512311,-0.0535964360934,0.723323722097,0.200065128663,1.81355932203,0.661842380881,0.723323722097,1.81355932203,-0.249083991984,-0.358437169525,-799,-0.102831402831,-0.404484961564,-0.027027027027,0.0540540540541,-0.027027027027,166,6,176,984,0.485380116959,0.993939393939,0.00606060606061,0.514619883041,0.96511627907,0.485380116959,0.645914396887,0.624399490118,0.479319510898,0.477011494253,16,186,0,0,0,0
1611,WLNM_dir_neg,0.426357093306,0.346978758672,00:00:04,10,40,29,1236695364,threshold_sweep,0.9,0.636363636364,0.0376344086022,0.0710659898477,7,4,179,368,0.0376344086022,0.989247311828,0.010752688172,0.962365591398,0.636363636364,0.0376344086022,0.0710659898477,0.672043010753,0.66009557945,0.0351493848858,0.0911580437008,0.0268817204301,342,156,186,0,342,0,156,0,186,37,342,0.256756756757,1.72528881811,18.4864864865,15.5454545455,9.77142857143,5.36771015539,0.290358590277,0.142642642643,9.50849154237,1.02869645341,0.544491860281,8.05331334643,0.871264894205,0.461830251304,0.640599570326,0.371299902718,2,1.72528881811,0.640599570326,2,0.344071394247,0.376569037657,810,0.104247104247,0.56957682835,37,37,37,1,0,0.405405405405,0.540540540541,0.0540540540541,37,0.117117117117,2.18635635636,8.43243243243,7.09090909091,4.45714285714,5.03620525429,0.597242289772,0.326923076923,6.00062559301,1.42322530091,0.680526680527,3.83793300225,0.910278981302,0.463617463617,1.32204914232,0.604681454823,4.3462962963,2.18635635636,1.32204914232,4.3462962963,0,0,0,0,0.160896782956,37,37,37,1,0,0.405405405405,0.540540540541,0.0540540540541,37,167,0.125375375375,2.43384762266,9.02702702703,7.26086956522,4.63888888889,4.72279629084,0.523184020243,0.28240815666,5.90490202018,1.30827170507,0.648001294708,3.64860415944,0.808373376643,0.423045800291,1.44399487119,0.593297155397,4.56952005935,2.43384762266,1.44399487119,4.56952005935,0.0620041757813,0.0138488170802,8,0.0010296010296,0.157760792064,37,37,37,1,0,0.378378378378,0.594594594595,0.027027027027,-175,-0.131381381381,0.708558804546,-9.45945945946,-8.28458498024,-5.13253968254,-0.64491386455,0.232825429966,0.139765514017,-3.6035895222,0.279575251654,0.103509434427,-4.40470918699,-0.0628915175616,-0.0387844510126,0.803395300868,0.221997252679,2.56952005935,0.708558804546,0.803395300868,2.56952005935,-0.282067218466,-0.362720220577,-802,-0.103217503218,-0.411816036286,-0.027027027027,0.0540540540541,-0.027027027027,163,4,179,986,0.476608187135,0.99595959596,0.0040404040404,0.523391812865,0.976047904192,0.476608187135,0.64047151277,0.623409710455,0.472567783094,0.471098265896,11,186,0,0,0,0
1612,WLNM_dir_neg,0.350661926234,0.287855279801,00:00:04,10,40,30,1236695365,threshold_sweep,0.1,0.344262295082,0.112903225806,0.17004048583,21,40,165,332,0.112903225806,0.89247311828,0.10752688172,0.887096774194,0.344262295082,0.112903225806,0.17004048583,0.632616487455,0.630227001195,0.0064620355412,0.00812216646098,0.00537634408602,342,156,186,0,342,0,156,0,186,37,342,0.256756756757,1.72528881811,18.4864864865,15.5454545455,9.77142857143,5.36771015539,0.290358590277,0.142642642643,9.50849154237,1.02869645341,0.544491860281,8.05331334643,0.871264894205,0.461830251304,0.640599570326,0.371299902718,2,1.72528881811,0.640599570326,2,0.344071394247,0.376569037657,810,0.104247104247,0.56957682835,37,37,37,1,0,0.405405405405,0.540540540541,0.0540540540541,37,0.117117117117,2.21261261261,8.43243243243,7.09090909091,4.45714285714,5.04722443274,0.598549051319,0.327616077616,6.00525295579,1.42432281644,0.680873180873,3.83793300225,0.910278981302,0.463617463617,1.39215458577,0.629190386892,5.2,2.21261261261,1.39215458577,5.2,0,0,0,0,0.161113233172,37,37,37,1,0,0.405405405405,0.540540540541,0.0540540540541,37,217,0.162912912913,11.2949758286,11.7297297297,6.57575757576,5.86486486486,5.21029242434,0.444195437098,0.24299414622,5.83172435983,0.994349314809,0.526591107236,3.18121362378,0.54241891281,0.295927263669,3.91790245681,0.346871256411,13.8108676856,11.2949758286,3.91790245681,13.8108676856,0.145611722856,0.0808793031937,65,0.00836550836551,0.15074764233,37,37,37,1,0,0.108108108108,0.891891891892,0,-125,-0.0938438438438,9.56968701051,-6.75675675676,-8.9696969697,-3.90656370656,-0.157417731052,0.153836846821,0.100351503577,-3.67676718255,-0.0343471386055,-0.0179007530451,-4.87209972265,-0.328845981395,-0.165902987635,3.27730288648,-0.0244286463064,11.8108676856,9.56968701051,3.27730288648,11.8108676856,-0.198459671391,-0.295689734463,-745,-0.0958815958816,-0.41882918602,-0.297297297297,0.351351351351,-0.0540540540541,177,40,165,950,0.517543859649,0.959595959596,0.040404040404,0.482456140351,0.815668202765,0.517543859649,0.633273703041,0.564428599687,0.477139819245,0.46335078534,61,186,0,0,0,0
1613,WLNM_dir_neg,0.350661926234,0.287855279801,00:00:04,10,40,30,1236695365,threshold_sweep,0.2,0.418604651163,0.0967741935484,0.157205240175,18,25,168,347,0.0967741935484,0.932795698925,0.0672043010753,0.903225806452,0.418604651163,0.0967741935484,0.157205240175,0.654121863799,0.640979689367,0.0366056572379,0.0522684769056,0.0295698924731,342,156,186,0,342,0,156,0,186,37,342,0.256756756757,1.72528881811,18.4864864865,15.5454545455,9.77142857143,5.36771015539,0.290358590277,0.142642642643,9.50849154237,1.02869645341,0.544491860281,8.05331334643,0.871264894205,0.461830251304,0.640599570326,0.371299902718,2,1.72528881811,0.640599570326,2,0.344071394247,0.376569037657,810,0.104247104247,0.56957682835,37,37,37,1,0,0.405405405405,0.540540540541,0.0540540540541,37,0.117117117117,2.21261261261,8.43243243243,7.09090909091,4.45714285714,5.04722443274,0.598549051319,0.327616077616,6.00525295579,1.42432281644,0.680873180873,3.83793300225,0.910278981302,0.463617463617,1.39215458577,0.629190386892,5.2,2.21261261261,1.39215458577,5.2,0,0,0,0,0.161113233172,37,37,37,1,0,0.405405405405,0.540540540541,0.0540540540541,37,199,0.149399399399,7.74984007707,10.7567567568,6.86206896552,5.37837837838,4.50558545589,0.418860959467,0.228575308977,5.91303339784,1.0994082197,0.57313595002,3.36114523597,0.624936551412,0.340350400652,4.03087166409,0.52012320564,10.7613259019,7.74984007707,4.03087166409,10.7613259019,0.137378355799,0.0628199162401,45,0.00579150579151,0.171892743005,37,37,37,1,0,0.216216216216,0.783783783784,0,-143,-0.107357357357,6.02455125896,-7.72972972973,-8.68338557994,-4.39305019305,-0.862124699506,0.12850236919,0.0859326663347,-3.59545814454,0.070711766284,0.028644089739,-4.69216811046,-0.246328342793,-0.121479850652,3.39027209376,0.148823302923,8.76132590189,6.02455125896,3.39027209376,8.76132590189,-0.206693038448,-0.313749121417,-765,-0.0984555984556,-0.397684085344,-0.189189189189,0.243243243243,-0.0540540540541,174,25,168,965,0.508771929825,0.974747474747,0.0252525252525,0.491228070175,0.874371859296,0.508771929825,0.64325323475,0.592520069411,0.483519404572,0.474114441417,43,186,0,0,0,0
1614,WLNM_dir_neg,0.350661926234,0.287855279801,00:00:04,10,40,30,1236695365,threshold_sweep,0.3,0.484848484848,0.0860215053763,0.146118721461,16,17,170,355,0.0860215053763,0.954301075269,0.0456989247312,0.913978494624,0.484848484848,0.0860215053763,0.146118721461,0.664874551971,0.646953405018,0.0507614213198,0.0805822964025,0.0403225806452,342,156,186,0,342,0,156,0,186,37,342,0.256756756757,1.72528881811,18.4864864865,15.5454545455,9.77142857143,5.36771015539,0.290358590277,0.142642642643,9.50849154237,1.02869645341,0.544491860281,8.05331334643,0.871264894205,0.461830251304,0.640599570326,0.371299902718,2,1.72528881811,0.640599570326,2,0.344071394247,0.376569037657,810,0.104247104247,0.56957682835,37,37,37,1,0,0.405405405405,0.540540540541,0.0540540540541,37,0.117117117117,2.21261261261,8.43243243243,7.09090909091,4.45714285714,5.04722443274,0.598549051319,0.327616077616,6.00525295579,1.42432281644,0.680873180873,3.83793300225,0.910278981302,0.463617463617,1.39215458577,0.629190386892,5.2,2.21261261261,1.39215458577,5.2,0,0,0,0,0.161113233172,37,37,37,1,0,0.405405405405,0.540540540541,0.0540540540541,37,189,0.141891891892,2.2991792224,10.2162162162,8.59090909091,5.10810810811,4.36612678046,0.427372198088,0.229658229658,6.01287407607,1.17712349637,0.612898612899,3.2895776813,0.643991397927,0.349492349492,1.3771778735,0.598986742784,3.91356686452,2.2991792224,1.3771778735,3.91356686452,0.114726655516,0.0475217169136,31,0.0039897039897,0.188123261056,37,37,37,1,0,0.405405405405,0.594594594595,0,-153,-0.114864864865,0.573890404286,-8.27027027027,-6.95454545455,-4.66332046332,-1.00158337493,0.13701360781,0.0870155870156,-3.49561746631,0.148427042958,0.0684067526173,-4.76373566513,-0.227273496278,-0.112337901812,0.736578303177,0.227686840066,1.91356686452,0.573890404286,0.736578303177,1.91356686452,-0.229344738731,-0.329047320743,-779,-0.100257400257,-0.381453567294,0,0.0540540540541,-0.0540540540541,172,17,170,973,0.502923976608,0.982828282828,0.0171717171717,0.497076023392,0.910052910053,0.502923976608,0.647834274953,0.608123046349,0.485752259436,0.479108635097,33,186,0,0,0,0
1615,WLNM_dir_neg,0.350661926234,0.287855279801,00:00:04,10,40,30,1236695365,threshold_sweep,0.4,0.483870967742,0.0806451612903,0.138248847926,15,16,171,356,0.0806451612903,0.956989247312,0.0430107526882,0.91935483871,0.483870967742,0.0806451612903,0.138248847926,0.664874551971,0.648148148148,0.0475382003396,0.0774509739353,0.0376344086022,342,156,186,0,342,0,156,0,186,37,342,0.256756756757,1.72528881811,18.4864864865,15.5454545455,9.77142857143,5.36771015539,0.290358590277,0.142642642643,9.50849154237,1.02869645341,0.544491860281,8.05331334643,0.871264894205,0.461830251304,0.640599570326,0.371299902718,2,1.72528881811,0.640599570326,2,0.344071394247,0.376569037657,810,0.104247104247,0.56957682835,37,37,37,1,0,0.405405405405,0.540540540541,0.0540540540541,37,0.117117117117,2.21261261261,8.43243243243,7.09090909091,4.45714285714,5.04722443274,0.598549051319,0.327616077616,6.00525295579,1.42432281644,0.680873180873,3.83793300225,0.910278981302,0.463617463617,1.39215458577,0.629190386892,5.2,2.21261261261,1.39215458577,5.2,0,0,0,0,0.161113233172,37,37,37,1,0,0.405405405405,0.540540540541,0.0540540540541,37,187,0.14039039039,2.30463640783,10.1081081081,8.5,5.05405405405,4.34475279813,0.429828485377,0.231825408296,6.00900225563,1.18894697036,0.616563087151,3.31617203972,0.656140991816,0.354675531146,1.38526225756,0.601076270798,3.92068552141,2.30463640783,1.38526225756,3.92068552141,0.114249077097,0.044776119403,29,0.0037323037323,0.18785241174,37,37,37,1,0,0.405405405405,0.594594594595,0,-155,-0.116366366366,0.579347589713,-8.37837837838,-7.04545454545,-4.71737451737,-1.02295735726,0.1394698951,0.0891827656534,-3.49948928675,0.16025051695,0.07207122687,-4.73714130672,-0.215123902389,-0.107154720158,0.744662687237,0.22977636808,1.92068552141,0.579347589713,0.744662687237,1.92068552141,-0.22982231715,-0.331792918254,-781,-0.100514800515,-0.38172441661,0,0.0540540540541,-0.0540540540541,171,16,171,974,0.5,0.983838383838,0.0161616161616,0.5,0.914438502674,0.5,0.646502835539,0.608425520818,0.483838383838,0.477653631285,31,186,0,0,0,0
1616,WLNM_dir_neg,0.350661926234,0.287855279801,00:00:04,10,40,30,1236695365,threshold_sweep,0.5,0.5,0.0752688172043,0.130841121495,14,14,172,358,0.0752688172043,0.962365591398,0.0376344086022,0.924731182796,0.5,0.0752688172043,0.130841121495,0.666666666667,0.649940262843,0.0477815699659,0.0812636055372,0.0376344086022,342,156,186,0,342,0,156,0,186,37,342,0.256756756757,1.72528881811,18.4864864865,15.5454545455,9.77142857143,5.36771015539,0.290358590277,0.142642642643,9.50849154237,1.02869645341,0.544491860281,8.05331334643,0.871264894205,0.461830251304,0.640599570326,0.371299902718,2,1.72528881811,0.640599570326,2,0.344071394247,0.376569037657,810,0.104247104247,0.56957682835,37,37,37,1,0,0.405405405405,0.540540540541,0.0540540540541,37,0.117117117117,2.21261261261,8.43243243243,7.09090909091,4.45714285714,5.04722443274,0.598549051319,0.327616077616,6.00525295579,1.42432281644,0.680873180873,3.83793300225,0.910278981302,0.463617463617,1.39215458577,0.629190386892,5.2,2.21261261261,1.39215458577,5.2,0,0,0,0,0.161113233172,37,37,37,1,0,0.405405405405,0.540540540541,0.0540540540541,37,184,0.138138138138,2.21900602527,9.94594594595,8.36363636364,4.97297297297,4.37128220413,0.439503917263,0.235017626322,5.98371162447,1.20324635927,0.620740305523,3.37051336748,0.677766274982,0.364277320799,1.27665705216,0.575328339634,3.76113790617,2.21900602527,1.27665705216,3.76113790617,0.113308576157,0.0435684647303,28,0.0036036036036,0.186327865186,37,37,37,1,0,0.405405405405,0.594594594595,0,-158,-0.118618618619,0.493717207153,-8.54054054054,-7.18181818182,-4.79845559846,-0.996427951267,0.149145326986,0.0923749836793,-3.52477991791,0.174549905853,0.0762484452416,-4.68279997895,-0.193498619223,-0.0975529305049,0.63605748183,0.204028436916,1.76113790617,0.493717207153,0.63605748183,1.76113790617,-0.230762818091,-0.333000572927,-782,-0.100643500644,-0.383248963164,0,0.0540540540541,-0.0540540540541,170,14,172,976,0.497076023392,0.985858585859,0.0141414141414,0.502923976608,0.923913043478,0.497076023392,0.6463878327,0.611419273654,0.48293460925,0.477528089888,28,186,0,0,0,0
1617,WLNM_dir_neg,0.350661926234,0.287855279801,00:00:04,10,40,30,1236695365,threshold_sweep,0.6,0.5,0.0752688172043,0.130841121495,14,14,172,358,0.0752688172043,0.962365591398,0.0376344086022,0.924731182796,0.5,0.0752688172043,0.130841121495,0.666666666667,0.649940262843,0.0477815699659,0.0812636055372,0.0376344086022,342,156,186,0,342,0,156,0,186,37,342,0.256756756757,1.72528881811,18.4864864865,15.5454545455,9.77142857143,5.36771015539,0.290358590277,0.142642642643,9.50849154237,1.02869645341,0.544491860281,8.05331334643,0.871264894205,0.461830251304,0.640599570326,0.371299902718,2,1.72528881811,0.640599570326,2,0.344071394247,0.376569037657,810,0.104247104247,0.56957682835,37,37,37,1,0,0.405405405405,0.540540540541,0.0540540540541,37,0.117117117117,2.21261261261,8.43243243243,7.09090909091,4.45714285714,5.04722443274,0.598549051319,0.327616077616,6.00525295579,1.42432281644,0.680873180873,3.83793300225,0.910278981302,0.463617463617,1.39215458577,0.629190386892,5.2,2.21261261261,1.39215458577,5.2,0,0,0,0,0.161113233172,37,37,37,1,0,0.405405405405,0.540540540541,0.0540540540541,37,184,0.138138138138,2.21900602527,9.94594594595,8.36363636364,4.97297297297,4.37128220413,0.439503917263,0.235017626322,5.98371162447,1.20324635927,0.620740305523,3.37051336748,0.677766274982,0.364277320799,1.27665705216,0.575328339634,3.76113790617,2.21900602527,1.27665705216,3.76113790617,0.113308576157,0.0435684647303,28,0.0036036036036,0.186327865186,37,37,37,1,0,0.405405405405,0.594594594595,0,-158,-0.118618618619,0.493717207153,-8.54054054054,-7.18181818182,-4.79845559846,-0.996427951267,0.149145326986,0.0923749836793,-3.52477991791,0.174549905853,0.0762484452416,-4.68279997895,-0.193498619223,-0.0975529305049,0.63605748183,0.204028436916,1.76113790617,0.493717207153,0.63605748183,1.76113790617,-0.230762818091,-0.333000572927,-782,-0.100643500644,-0.383248963164,0,0.0540540540541,-0.0540540540541,170,14,172,976,0.497076023392,0.985858585859,0.0141414141414,0.502923976608,0.923913043478,0.497076023392,0.6463878327,0.611419273654,0.48293460925,0.477528089888,28,186,0,0,0,0
1618,WLNM_dir_neg,0.350661926234,0.287855279801,00:00:04,10,40,30,1236695365,threshold_sweep,0.7,0.5,0.0752688172043,0.130841121495,14,14,172,358,0.0752688172043,0.962365591398,0.0376344086022,0.924731182796,0.5,0.0752688172043,0.130841121495,0.666666666667,0.649940262843,0.0477815699659,0.0812636055372,0.0376344086022,342,156,186,0,342,0,156,0,186,37,342,0.256756756757,1.72528881811,18.4864864865,15.5454545455,9.77142857143,5.36771015539,0.290358590277,0.142642642643,9.50849154237,1.02869645341,0.544491860281,8.05331334643,0.871264894205,0.461830251304,0.640599570326,0.371299902718,2,1.72528881811,0.640599570326,2,0.344071394247,0.376569037657,810,0.104247104247,0.56957682835,37,37,37,1,0,0.405405405405,0.540540540541,0.0540540540541,37,0.117117117117,2.21261261261,8.43243243243,7.09090909091,4.45714285714,5.04722443274,0.598549051319,0.327616077616,6.00525295579,1.42432281644,0.680873180873,3.83793300225,0.910278981302,0.463617463617,1.39215458577,0.629190386892,5.2,2.21261261261,1.39215458577,5.2,0,0,0,0,0.161113233172,37,37,37,1,0,0.405405405405,0.540540540541,0.0540540540541,37,184,0.138138138138,2.21900602527,9.94594594595,8.36363636364,4.97297297297,4.37128220413,0.439503917263,0.235017626322,5.98371162447,1.20324635927,0.620740305523,3.37051336748,0.677766274982,0.364277320799,1.27665705216,0.575328339634,3.76113790617,2.21900602527,1.27665705216,3.76113790617,0.113308576157,0.0435684647303,28,0.0036036036036,0.186327865186,37,37,37,1,0,0.405405405405,0.594594594595,0,-158,-0.118618618619,0.493717207153,-8.54054054054,-7.18181818182,-4.79845559846,-0.996427951267,0.149145326986,0.0923749836793,-3.52477991791,0.174549905853,0.0762484452416,-4.68279997895,-0.193498619223,-0.0975529305049,0.63605748183,0.204028436916,1.76113790617,0.493717207153,0.63605748183,1.76113790617,-0.230762818091,-0.333000572927,-782,-0.100643500644,-0.383248963164,0,0.0540540540541,-0.0540540540541,170,14,172,976,0.497076023392,0.985858585859,0.0141414141414,0.502923976608,0.923913043478,0.497076023392,0.6463878327,0.611419273654,0.48293460925,0.477528089888,28,186,0,0,0,0
1619,WLNM_dir_neg,0.350661926234,0.287855279801,00:00:04,10,40,30,1236695365,threshold_sweep,0.8,0.416666666667,0.0537634408602,0.0952380952381,10,14,176,358,0.0537634408602,0.962365591398,0.0376344086022,0.94623655914,0.416666666667,0.0537634408602,0.0952380952381,0.659498207885,0.652329749104,0.020618556701,0.0374765844498,0.0161290322581,342,156,186,0,342,0,156,0,186,37,342,0.256756756757,1.72528881811,18.4864864865,15.5454545455,9.77142857143,5.36771015539,0.290358590277,0.142642642643,9.50849154237,1.02869645341,0.544491860281,8.05331334643,0.871264894205,0.461830251304,0.640599570326,0.371299902718,2,1.72528881811,0.640599570326,2,0.344071394247,0.376569037657,810,0.104247104247,0.56957682835,37,37,37,1,0,0.405405405405,0.540540540541,0.0540540540541,37,0.117117117117,2.21261261261,8.43243243243,7.09090909091,4.45714285714,5.04722443274,0.598549051319,0.327616077616,6.00525295579,1.42432281644,0.680873180873,3.83793300225,0.910278981302,0.463617463617,1.39215458577,0.629190386892,5.2,2.21261261261,1.39215458577,5.2,0,0,0,0,0.161113233172,37,37,37,1,0,0.405405405405,0.540540540541,0.0540540540541,37,180,0.135135135135,2.26001030622,9.72972972973,8.18181818182,4.86486486486,4.37574532476,0.4497293806,0.241441441441,5.96360332052,1.22585179366,0.629429429429,3.4573766722,0.710682982618,0.380780780781,1.36061808994,0.60204065716,4.69302349564,2.26001030622,1.36061808994,4.69302349564,0.122007755212,0.0355220667384,22,0.0028314028314,0.184601531154,37,37,37,1,0,0.405405405405,0.594594594595,0,-162,-0.121621621622,0.534721488101,-8.75675675676,-7.36363636364,-4.90656370656,-0.991964830635,0.159370790323,0.0987987987988,-3.54488822185,0.197155340248,0.0849375691481,-4.59593667424,-0.160581911587,-0.0810494705232,0.720018519617,0.230740754442,2.69302349564,0.534721488101,0.720018519617,2.69302349564,-0.222063639035,-0.341046970918,-788,-0.101415701416,-0.384975297196,0,0.0540540540541,-0.0540540540541,166,14,176,976,0.485380116959,0.985858585859,0.0141414141414,0.514619883041,0.922222222222,0.485380116959,0.63601532567,0.602156127504,0.471238702818,0.466292134831,24,186,0,0,0,0
1620,WLNM_dir_neg,0.350661926234,0.287855279801,00:00:04,10,40,30,1236695365,threshold_sweep,0.9,0.434782608696,0.0537634408602,0.0956937799043,10,13,176,359,0.0537634408602,0.965053763441,0.0349462365591,0.94623655914,0.434782608696,0.0537634408602,0.0956937799043,0.661290322581,0.652927120669,0.0240963855422,0.0446213014657,0.0188172043011,342,156,186,0,342,0,156,0,186,37,342,0.256756756757,1.72528881811,18.4864864865,15.5454545455,9.77142857143,5.36771015539,0.290358590277,0.142642642643,9.50849154237,1.02869645341,0.544491860281,8.05331334643,0.871264894205,0.461830251304,0.640599570326,0.371299902718,2,1.72528881811,0.640599570326,2,0.344071394247,0.376569037657,810,0.104247104247,0.56957682835,37,37,37,1,0,0.405405405405,0.540540540541,0.0540540540541,37,0.117117117117,2.21261261261,8.43243243243,7.09090909091,4.45714285714,5.04722443274,0.598549051319,0.327616077616,6.00525295579,1.42432281644,0.680873180873,3.83793300225,0.910278981302,0.463617463617,1.39215458577,0.629190386892,5.2,2.21261261261,1.39215458577,5.2,0,0,0,0,0.161113233172,37,37,37,1,0,0.405405405405,0.540540540541,0.0540540540541,37,179,0.134384384384,2.24966663195,9.67567567568,8.13636363636,4.83783783784,4.37831813253,0.452507739955,0.24279027631,5.95591915433,1.2311117805,0.630831949268,3.47621692132,0.718547631782,0.383813981579,1.34322909498,0.597079174265,4.65849938932,2.24966663195,1.34322909498,4.65849938932,0.122007755212,0.0355220667384,22,0.0028314028314,0.184163945652,37,37,37,1,0,0.405405405405,0.594594594595,0,-163,-0.122372372372,0.524377813833,-8.81081081081,-7.40909090909,-4.93359073359,-0.98939202286,0.162149149677,0.100147633667,-3.55257238804,0.20241532709,0.0863400889864,-4.57709642511,-0.152717262423,-0.0780162697246,0.70262952465,0.225779271548,2.65849938932,0.524377813833,0.70262952465,2.65849938932,-0.222063639035,-0.341046970918,-788,-0.101415701416,-0.385412882698,0,0.0540540540541,-0.0540540540541,166,13,176,977,0.485380116959,0.986868686869,0.0131313131313,0.514619883041,0.927374301676,0.485380116959,0.637236084453,0.604867635924,0.472248803828,0.467605633803,23,186,0,0,0,0
1621,WLNM_dir_neg,0.435079199908,0.368975782586,00:00:04,10,40,31,1236695366,threshold_sweep,0.1,0.484848484848,0.172043010753,0.253968253968,32,34,154,338,0.172043010753,0.908602150538,0.0913978494624,0.827956989247,0.484848484848,0.172043010753,0.253968253968,0.663082437276,0.627240143369,0.0961538461538,0.117720402337,0.0806451612903,342,156,186,0,342,0,156,0,186,37,342,0.256756756757,1.72528881811,18.4864864865,15.5454545455,9.77142857143,5.36771015539,0.290358590277,0.142642642643,9.50849154237,1.02869645341,0.544491860281,8.05331334643,0.871264894205,0.461830251304,0.640599570326,0.371299902718,2,1.72528881811,0.640599570326,2,0.344071394247,0.376569037657,810,0.104247104247,0.56957682835,37,37,37,1,0,0.405405405405,0.540540540541,0.0540540540541,37,0.117117117117,2.18635635636,8.43243243243,7.09090909091,4.45714285714,5.03620525429,0.597242289772,0.326923076923,6.00062559301,1.42322530091,0.680526680527,3.83793300225,0.910278981302,0.463617463617,1.32204914232,0.604681454823,4.3462962963,2.18635635636,1.32204914232,4.3462962963,0,0,0,0,0.160896782956,37,37,37,1,0,0.405405405405,0.540540540541,0.0540540540541,37,222,0.166666666667,14.1452894827,12,6.72727272727,6.16666666667,5.60753461375,0.467294551146,0.247382517653,6.01849002842,1.0030816714,0.528122717312,3.59783885749,0.599639809581,0.322863403944,4.83261226936,0.341641100754,16.1165941421,14.1452894827,4.83261226936,16.1165941421,0.241637920461,0.153391304348,147,0.0189189189189,0.209508505991,37,37,37,1,0,0.108108108108,0.864864864865,0.027027027027,-120,-0.0900900900901,12.4200006646,-6.48648648649,-8.81818181818,-3.60476190476,0.23982445836,0.176935960869,0.10473987501,-3.49000151395,-0.025614782011,-0.0163691429694,-4.45547448895,-0.271625084624,-0.138966847359,4.19201269903,-0.0296588019641,14.1165941421,12.4200006646,4.19201269903,14.1165941421,-0.102433473786,-0.223177733309,-663,-0.0853281853282,-0.360068322359,-0.297297297297,0.324324324324,-0.027027027027,188,34,154,956,0.549707602339,0.965656565657,0.0343434343434,0.450292397661,0.846846846847,0.549707602339,0.666666666667,0.604097298443,0.515364167996,0.5,66,186,0,0,0,0
1622,WLNM_dir_neg,0.435079199908,0.368975782586,00:00:04,10,40,31,1236695366,threshold_sweep,0.2,0.459016393443,0.150537634409,0.226720647773,28,33,158,339,0.150537634409,0.911290322581,0.0887096774194,0.849462365591,0.459016393443,0.150537634409,0.226720647773,0.65770609319,0.630227001195,0.0743134087237,0.0934049143013,0.0618279569892,342,156,186,0,342,0,156,0,186,37,342,0.256756756757,1.72528881811,18.4864864865,15.5454545455,9.77142857143,5.36771015539,0.290358590277,0.142642642643,9.50849154237,1.02869645341,0.544491860281,8.05331334643,0.871264894205,0.461830251304,0.640599570326,0.371299902718,2,1.72528881811,0.640599570326,2,0.344071394247,0.376569037657,810,0.104247104247,0.56957682835,37,37,37,1,0,0.405405405405,0.540540540541,0.0540540540541,37,0.117117117117,2.18635635636,8.43243243243,7.09090909091,4.45714285714,5.03620525429,0.597242289772,0.326923076923,6.00062559301,1.42322530091,0.680526680527,3.83793300225,0.910278981302,0.463617463617,1.32204914232,0.604681454823,4.3462962963,2.18635635636,1.32204914232,4.3462962963,0,0,0,0,0.160896782956,37,37,37,1,0,0.405405405405,0.540540540541,0.0540540540541,37,217,0.162912912913,14.6588653664,11.7297297297,6.57575757576,6.02777777778,5.36785001782,0.457627766496,0.244862373895,5.89803245047,1.00565530261,0.528832980446,3.645104496,0.621515513143,0.333540914186,5.02135528302,0.342547336202,16.83161283,14.6588653664,5.02135528302,16.83161283,0.206967625035,0.114921561474,105,0.0135135135135,0.208126706739,37,37,37,1,0,0.108108108108,0.864864864865,0.027027027027,-125,-0.0938438438438,12.9335765483,-6.75675675676,-8.9696969697,-3.74365079365,0.000139862427043,0.167269176219,0.102219731252,-3.61045909191,-0.0230411508003,-0.0156588798355,-4.40820885043,-0.249749381061,-0.128289337118,4.38075571269,-0.0287525665152,14.83161283,12.9335765483,4.38075571269,14.83161283,-0.137103769212,-0.261647476183,-705,-0.0907335907336,-0.361450121611,-0.297297297297,0.324324324324,-0.027027027027,184,33,158,957,0.538011695906,0.966666666667,0.0333333333333,0.461988304094,0.847926267281,0.538011695906,0.65831842576,0.597005091569,0.504678362573,0.490666666667,61,186,0,0,0,0
1623,WLNM_dir_neg,0.435079199908,0.368975782586,00:00:04,10,40,31,1236695366,threshold_sweep,0.3,0.5,0.145161290323,0.225,27,27,159,345,0.145161290323,0.927419354839,0.0725806451613,0.854838709677,0.5,0.145161290323,0.225,0.666666666667,0.634408602151,0.0882352941176,0.115727512472,0.0725806451613,342,156,186,0,342,0,156,0,186,37,342,0.256756756757,1.72528881811,18.4864864865,15.5454545455,9.77142857143,5.36771015539,0.290358590277,0.142642642643,9.50849154237,1.02869645341,0.544491860281,8.05331334643,0.871264894205,0.461830251304,0.640599570326,0.371299902718,2,1.72528881811,0.640599570326,2,0.344071394247,0.376569037657,810,0.104247104247,0.56957682835,37,37,37,1,0,0.405405405405,0.540540540541,0.0540540540541,37,0.117117117117,2.18635635636,8.43243243243,7.09090909091,4.45714285714,5.03620525429,0.597242289772,0.326923076923,6.00062559301,1.42322530091,0.680526680527,3.83793300225,0.910278981302,0.463617463617,1.32204914232,0.604681454823,4.3462962963,2.18635635636,1.32204914232,4.3462962963,0,0,0,0,0.160896782956,37,37,37,1,0,0.405405405405,0.540540540541,0.0540540540541,37,210,0.157657657658,14.7046012157,11.3513513514,6.36363636364,5.83333333333,5.32924956264,0.46948150909,0.248262548263,5.77376275373,1.01728200899,0.533333333333,3.77163429102,0.664526041752,0.359588159588,5.03857572701,0.342653000452,16.8872963451,14.7046012157,5.03857572701,16.8872963451,0.196289821795,0.108964451314,94,0.0120978120978,0.20764868479,37,37,37,1,0,0.108108108108,0.864864864865,0.027027027027,-132,-0.0990990990991,12.9793123976,-7.13513513514,-9.18181818182,-3.9380952381,-0.0384605927531,0.179122918813,0.10561990562,-3.73472878865,-0.0114144444246,-0.011158526948,-4.28167905541,-0.206738852453,-0.102242091716,4.39797615669,-0.0286469022661,14.8872963451,12.9793123976,4.39797615669,14.8872963451,-0.147781572453,-0.267604586343,-716,-0.0921492921493,-0.36192814356,-0.297297297297,0.324324324324,-0.027027027027,183,27,159,963,0.535087719298,0.972727272727,0.0272727272727,0.464912280702,0.871428571429,0.535087719298,0.663043478261,0.608737550957,0.507814992026,0.49593495935,54,186,0,0,0,0
1624,WLNM_dir_neg,0.435079199908,0.368975782586,00:00:04,10,40,31,1236695366,threshold_sweep,0.4,0.5,0.134408602151,0.21186440678,25,25,161,347,0.134408602151,0.932795698925,0.0672043010753,0.865591397849,0.5,0.134408602151,0.21186440678,0.666666666667,0.636798088411,0.0822368421053,0.110919563677,0.0672043010753,342,156,186,0,342,0,156,0,186,37,342,0.256756756757,1.72528881811,18.4864864865,15.5454545455,9.77142857143,5.36771015539,0.290358590277,0.142642642643,9.50849154237,1.02869645341,0.544491860281,8.05331334643,0.871264894205,0.461830251304,0.640599570326,0.371299902718,2,1.72528881811,0.640599570326,2,0.344071394247,0.376569037657,810,0.104247104247,0.56957682835,37,37,37,1,0,0.405405405405,0.540540540541,0.0540540540541,37,0.117117117117,2.18635635636,8.43243243243,7.09090909091,4.45714285714,5.03620525429,0.597242289772,0.326923076923,6.00062559301,1.42322530091,0.680526680527,3.83793300225,0.910278981302,0.463617463617,1.32204914232,0.604681454823,4.3462962963,2.18635635636,1.32204914232,4.3462962963,0,0,0,0,0.160896782956,37,37,37,1,0,0.405405405405,0.540540540541,0.0540540540541,37,206,0.154654654655,15.2689416859,11.1351351351,6.24242424242,5.72222222222,5.26076759377,0.472447575169,0.250852794542,5.82399509949,1.04605737224,0.543689320388,3.73080673835,0.670096355917,0.361060089215,5.26351742462,0.344720513898,17.6714092658,15.2689416859,5.26351742462,17.6714092658,0.196885087951,0.101042502005,84,0.0108108108108,0.202780639882,37,37,37,1,0,0.108108108108,0.864864864865,0.027027027027,-136,-0.102102102102,13.5436528677,-7.35135135135,-9.30303030303,-4.04920634921,-0.106942561622,0.182088984892,0.108210151899,-3.68449644288,0.0173609188242,-0.000802539892985,-4.32250660808,-0.201168538288,-0.100770162089,4.6229178543,-0.0265793888198,15.6714092658,13.5436528677,4.6229178543,15.6714092658,-0.147186306297,-0.275526535652,-726,-0.0934362934363,-0.366796188468,-0.297297297297,0.324324324324,-0.027027027027,181,25,161,965,0.529239766082,0.974747474747,0.0252525252525,0.470760233918,0.878640776699,0.529239766082,0.660583941606,0.608901980556,0.503987240829,0.493188010899,50,186,0,0,0,0
1625,WLNM_dir_neg,0.435079199908,0.368975782586,00:00:04,10,40,31,1236695366,threshold_sweep,0.5,0.5,0.129032258065,0.205128205128,24,24,162,348,0.129032258065,0.935483870968,0.0645161290323,0.870967741935,0.5,0.129032258065,0.205128205128,0.666666666667,0.637992831541,0.0792079207921,0.108465228909,0.0645161290323,342,156,186,0,342,0,156,0,186,37,342,0.256756756757,1.72528881811,18.4864864865,15.5454545455,9.77142857143,5.36771015539,0.290358590277,0.142642642643,9.50849154237,1.02869645341,0.544491860281,8.05331334643,0.871264894205,0.461830251304,0.640599570326,0.371299902718,2,1.72528881811,0.640599570326,2,0.344071394247,0.376569037657,810,0.104247104247,0.56957682835,37,37,37,1,0,0.405405405405,0.540540540541,0.0540540540541,37,0.117117117117,2.18635635636,8.43243243243,7.09090909091,4.45714285714,5.03620525429,0.597242289772,0.326923076923,6.00062559301,1.42322530091,0.680526680527,3.83793300225,0.910278981302,0.463617463617,1.32204914232,0.604681454823,4.3462962963,2.18635635636,1.32204914232,4.3462962963,0,0,0,0,0.160896782956,37,37,37,1,0,0.405405405405,0.540540540541,0.0540540540541,37,204,0.153153153153,18.8558660842,11.027027027,6.18181818182,5.66666666667,5.20942781293,0.472423600682,0.250529941706,5.85767123628,1.06242076344,0.549814520403,3.73884727944,0.678124261467,0.364599894012,6.75196920077,0.358083217744,25.3565950658,18.8558660842,6.75196920077,25.3565950658,0.200963057589,0.0995145631068,82,0.0105534105534,0.204148792457,37,37,37,1,0,0.108108108108,0.864864864865,0.027027027027,-138,-0.103603603604,17.1305772661,-7.45945945946,-9.36363636364,-4.10476190476,-0.158282342462,0.182065010405,0.107887299064,-3.6508203061,0.0337243100277,0.00532266012142,-4.31446606699,-0.193140632738,-0.0972303572923,6.11136963044,-0.013216684974,23.3565950658,17.1305772661,6.11136963044,23.3565950658,-0.143108336658,-0.27705447455,-728,-0.0936936936937,-0.365428035893,-0.297297297297,0.324324324324,-0.027027027027,180,24,162,966,0.526315789474,0.975757575758,0.0242424242424,0.473684210526,0.882352941176,0.526315789474,0.659340659341,0.609015294817,0.502073365231,0.491803278689,48,186,0,0,0,0
1626,WLNM_dir_neg,0.435079199908,0.368975782586,00:00:04,10,40,31,1236695366,threshold_sweep,0.6,0.685714285714,0.129032258065,0.217194570136,24,11,162,361,0.129032258065,0.970430107527,0.0295698924731,0.870967741935,0.685714285714,0.129032258065,0.217194570136,0.689964157706,0.645758661888,0.12478920742,0.193375682552,0.0994623655914,342,156,186,0,342,0,156,0,186,37,342,0.256756756757,1.72528881811,18.4864864865,15.5454545455,9.77142857143,5.36771015539,0.290358590277,0.142642642643,9.50849154237,1.02869645341,0.544491860281,8.05331334643,0.871264894205,0.461830251304,0.640599570326,0.371299902718,2,1.72528881811,0.640599570326,2,0.344071394247,0.376569037657,810,0.104247104247,0.56957682835,37,37,37,1,0,0.405405405405,0.540540540541,0.0540540540541,37,0.117117117117,2.18635635636,8.43243243243,7.09090909091,4.45714285714,5.03620525429,0.597242289772,0.326923076923,6.00062559301,1.42322530091,0.680526680527,3.83793300225,0.910278981302,0.463617463617,1.32204914232,0.604681454823,4.3462962963,2.18635635636,1.32204914232,4.3462962963,0,0,0,0,0.160896782956,37,37,37,1,0,0.405405405405,0.540540540541,0.0540540540541,37,191,0.143393393393,2.05767271796,10.3243243243,8.68181818182,5.30555555556,4.84225644173,0.469014367392,0.247771331541,6.12151721169,1.18584364834,0.614121975379,3.3789669157,0.654564271628,0.356303947927,1.08557225522,0.527572847589,3.70875745816,2.05767271796,1.08557225522,3.70875745816,0.162703906744,0.0622693726937,45,0.00579150579151,0.197012071485,37,37,37,1,0,0.405405405405,0.567567567568,0.027027027027,-151,-0.113363363363,0.332383899845,-8.16216216216,-6.86363636364,-4.46587301587,-0.525453713666,0.178655777115,0.105128688898,-3.38697433069,0.157147194922,0.0696301150972,-4.67434643073,-0.216700622576,-0.105526303377,0.444972684894,0.156272944871,1.70875745816,0.332383899845,0.444972684894,1.70875745816,-0.181367487503,-0.314299664963,-765,-0.0984555984556,-0.372564756865,0,0.027027027027,-0.027027027027,180,11,162,979,0.526315789474,0.988888888889,0.0111111111111,0.473684210526,0.942408376963,0.526315789474,0.675422138837,0.642171374514,0.515204678363,0.509915014164,35,186,0,0,0,0
1627,WLNM_dir_neg,0.435079199908,0.368975782586,00:00:04,10,40,31,1236695366,threshold_sweep,0.7,0.685714285714,0.129032258065,0.217194570136,24,11,162,361,0.129032258065,0.970430107527,0.0295698924731,0.870967741935,0.685714285714,0.129032258065,0.217194570136,0.689964157706,0.645758661888,0.12478920742,0.193375682552,0.0994623655914,342,156,186,0,342,0,156,0,186,37,342,0.256756756757,1.72528881811,18.4864864865,15.5454545455,9.77142857143,5.36771015539,0.290358590277,0.142642642643,9.50849154237,1.02869645341,0.544491860281,8.05331334643,0.871264894205,0.461830251304,0.640599570326,0.371299902718,2,1.72528881811,0.640599570326,2,0.344071394247,0.376569037657,810,0.104247104247,0.56957682835,37,37,37,1,0,0.405405405405,0.540540540541,0.0540540540541,37,0.117117117117,2.18635635636,8.43243243243,7.09090909091,4.45714285714,5.03620525429,0.597242289772,0.326923076923,6.00062559301,1.42322530091,0.680526680527,3.83793300225,0.910278981302,0.463617463617,1.32204914232,0.604681454823,4.3462962963,2.18635635636,1.32204914232,4.3462962963,0,0,0,0,0.160896782956,37,37,37,1,0,0.405405405405,0.540540540541,0.0540540540541,37,191,0.143393393393,2.05767271796,10.3243243243,8.68181818182,5.30555555556,4.84225644173,0.469014367392,0.247771331541,6.12151721169,1.18584364834,0.614121975379,3.3789669157,0.654564271628,0.356303947927,1.08557225522,0.527572847589,3.70875745816,2.05767271796,1.08557225522,3.70875745816,0.162703906744,0.0622693726937,45,0.00579150579151,0.197012071485,37,37,37,1,0,0.405405405405,0.567567567568,0.027027027027,-151,-0.113363363363,0.332383899845,-8.16216216216,-6.86363636364,-4.46587301587,-0.525453713666,0.178655777115,0.105128688898,-3.38697433069,0.157147194922,0.0696301150972,-4.67434643073,-0.216700622576,-0.105526303377,0.444972684894,0.156272944871,1.70875745816,0.332383899845,0.444972684894,1.70875745816,-0.181367487503,-0.314299664963,-765,-0.0984555984556,-0.372564756865,0,0.027027027027,-0.027027027027,180,11,162,979,0.526315789474,0.988888888889,0.0111111111111,0.473684210526,0.942408376963,0.526315789474,0.675422138837,0.642171374514,0.515204678363,0.509915014164,35,186,0,0,0,0
1628,WLNM_dir_neg,0.435079199908,0.368975782586,00:00:04,10,40,31,1236695366,threshold_sweep,0.8,0.6875,0.118279569892,0.201834862385,22,10,164,362,0.118279569892,0.97311827957,0.0268817204301,0.881720430108,0.6875,0.118279569892,0.201834862385,0.688172043011,0.647550776583,0.115254237288,0.185308806084,0.0913978494624,342,156,186,0,342,0,156,0,186,37,342,0.256756756757,1.72528881811,18.4864864865,15.5454545455,9.77142857143,5.36771015539,0.290358590277,0.142642642643,9.50849154237,1.02869645341,0.544491860281,8.05331334643,0.871264894205,0.461830251304,0.640599570326,0.371299902718,2,1.72528881811,0.640599570326,2,0.344071394247,0.376569037657,810,0.104247104247,0.56957682835,37,37,37,1,0,0.405405405405,0.540540540541,0.0540540540541,37,0.117117117117,2.18635635636,8.43243243243,7.09090909091,4.45714285714,5.03620525429,0.597242289772,0.326923076923,6.00062559301,1.42322530091,0.680526680527,3.83793300225,0.910278981302,0.463617463617,1.32204914232,0.604681454823,4.3462962963,2.18635635636,1.32204914232,4.3462962963,0,0,0,0,0.160896782956,37,37,37,1,0,0.405405405405,0.540540540541,0.0540540540541,37,188,0.141141141141,2.04940745687,10.1621621622,8.54545454545,5.22222222222,4.72295525136,0.464758894415,0.245399654974,6.0524484411,1.19117336341,0.61730879816,3.41872603285,0.672834378806,0.364289821737,1.07333203672,0.523727984461,3.6874347682,2.04940745687,1.07333203672,3.6874347682,0.160297147139,0.0611954459203,43,0.00553410553411,0.19433358689,37,37,37,1,0,0.405405405405,0.567567567568,0.027027027027,-154,-0.115615615616,0.324118638752,-8.32432432432,-7,-4.54920634921,-0.644754904038,0.174400304138,0.102757012331,-3.45604310128,0.162476909992,0.0728169378785,-4.63458731358,-0.198430515399,-0.0975404295673,0.432732466398,0.152428081743,1.6874347682,0.324118638752,0.432732466398,1.6874347682,-0.183774247108,-0.315373591737,-767,-0.098712998713,-0.37524324146,0,0.027027027027,-0.027027027027,178,10,164,980,0.520467836257,0.989898989899,0.010101010101,0.479532163743,0.946808510638,0.520467836257,0.671698113208,0.640355510224,0.510366826156,0.505681818182,32,186,0,0,0,0
1629,WLNM_dir_neg,0.435079199908,0.368975782586,00:00:04,10,40,31,1236695366,threshold_sweep,0.9,0.678571428571,0.102150537634,0.177570093458,19,9,167,363,0.102150537634,0.975806451613,0.0241935483871,0.897849462366,0.678571428571,0.102150537634,0.177570093458,0.68458781362,0.649940262843,0.098976109215,0.168331754327,0.0779569892473,342,156,186,0,342,0,156,0,186,37,342,0.256756756757,1.72528881811,18.4864864865,15.5454545455,9.77142857143,5.36771015539,0.290358590277,0.142642642643,9.50849154237,1.02869645341,0.544491860281,8.05331334643,0.871264894205,0.461830251304,0.640599570326,0.371299902718,2,1.72528881811,0.640599570326,2,0.344071394247,0.376569037657,810,0.104247104247,0.56957682835,37,37,37,1,0,0.405405405405,0.540540540541,0.0540540540541,37,0.117117117117,2.18635635636,8.43243243243,7.09090909091,4.45714285714,5.03620525429,0.597242289772,0.326923076923,6.00062559301,1.42322530091,0.680526680527,3.83793300225,0.910278981302,0.463617463617,1.32204914232,0.604681454823,4.3462962963,2.18635635636,1.32204914232,4.3462962963,0,0,0,0,0.160896782956,37,37,37,1,0,0.405405405405,0.540540540541,0.0540540540541,37,184,0.138138138138,2.05237838231,9.94594594595,8.36363636364,5.11111111111,4.66634490525,0.469170547539,0.24544653349,5.96045527011,1.19856980975,0.620740305523,3.50782052061,0.705376952514,0.38160987074,1.07835177143,0.525415674186,3.68949219342,2.05237838231,1.07835177143,3.68949219342,0.147669285827,0.0489614243323,33,0.0042471042471,0.193103746575,37,37,37,1,0,0.405405405405,0.567567567568,0.027027027027,-158,-0.118618618619,0.327089564196,-8.54054054054,-7.18181818182,-4.66031746032,-0.701365250141,0.178811957262,0.102803890847,-3.54803627226,0.169873356336,0.0762484452416,-4.54549282583,-0.165887941691,-0.0802203805636,0.4377522011,0.154115771468,1.68949219342,0.327089564196,0.4377522011,1.68949219342,-0.19640210842,-0.327607613325,-777,-0.1,-0.376473081775,0,0.027027027027,-0.027027027027,175,9,167,981,0.511695906433,0.990909090909,0.00909090909091,0.488304093567,0.951086956522,0.511695906433,0.665399239544,0.636322964897,0.502604997342,0.498575498575,28,186,0,0,0,0
1630,WLNM_dir_neg,0.42504191236,0.311765193325,00:00:04,10,40,32,1236695367,threshold_sweep,0.1,0.32,0.0860215053763,0.135593220339,16,34,170,338,0.0860215053763,0.908602150538,0.0913978494624,0.913978494624,0.32,0.0860215053763,0.135593220339,0.634408602151,0.636798088411,-0.00657894736842,-0.00887356509416,-0.00537634408602,342,156,186,0,342,0,156,0,186,37,342,0.256756756757,1.72528881811,18.4864864865,15.5454545455,9.77142857143,5.36771015539,0.290358590277,0.142642642643,9.50849154237,1.02869645341,0.544491860281,8.05331334643,0.871264894205,0.461830251304,0.640599570326,0.371299902718,2,1.72528881811,0.640599570326,2,0.344071394247,0.376569037657,810,0.104247104247,0.56957682835,37,37,37,1,0,0.405405405405,0.540540540541,0.0540540540541,37,0.117117117117,2.21261261261,8.43243243243,7.09090909091,4.45714285714,5.04722443274,0.598549051319,0.327616077616,6.00525295579,1.42432281644,0.680873180873,3.83793300225,0.910278981302,0.463617463617,1.39215458577,0.629190386892,5.2,2.21261261261,1.39215458577,5.2,0,0,0,0,0.161113233172,37,37,37,1,0,0.405405405405,0.540540540541,0.0540540540541,37,206,0.154654654655,28.3862175569,11.1351351351,5.88571428571,5.56756756757,4.33437270972,0.389251918106,0.210705851483,5.53042363527,0.993328517015,0.511151928628,3.38739936743,0.608416391238,0.330359485699,6.81595679271,0.240115005779,31.1987232942,28.3862175569,6.81595679271,31.1987232942,0.130808919044,0.0431241015812,30,0.003861003861,0.14433220892,37,37,37,1,0,0.0540540540541,0.945945945946,0,-136,-0.102102102102,26.6609287388,-7.35135135135,-9.65974025974,-4.20386100386,-1.03333744567,0.098893327829,0.0680632088399,-3.9780679071,-0.0353679363998,-0.0333399316537,-4.665913979,-0.262848502967,-0.131470765605,6.17535722238,-0.131184896939,29.1987232942,26.6609287388,6.17535722238,29.1987232942,-0.213262475203,-0.333444936076,-780,-0.100386100386,-0.425244619429,-0.351351351351,0.405405405405,-0.0540540540541,172,34,170,956,0.502923976608,0.965656565657,0.0343434343434,0.497076023392,0.834951456311,0.502923976608,0.627737226277,0.566124689517,0.468580542265,0.457446808511,50,186,0,0,0,0
1631,WLNM_dir_neg,0.42504191236,0.311765193325,00:00:04,10,40,32,1236695367,threshold_sweep,0.2,0.538461538462,0.0752688172043,0.132075471698,14,12,172,360,0.0752688172043,0.967741935484,0.0322580645161,0.924731182796,0.538461538462,0.0752688172043,0.132075471698,0.670250896057,0.651135005974,0.0547945205479,0.0961972140488,0.0430107526882,342,156,186,0,342,0,156,0,186,37,342,0.256756756757,1.72528881811,18.4864864865,15.5454545455,9.77142857143,5.36771015539,0.290358590277,0.142642642643,9.50849154237,1.02869645341,0.544491860281,8.05331334643,0.871264894205,0.461830251304,0.640599570326,0.371299902718,2,1.72528881811,0.640599570326,2,0.344071394247,0.376569037657,810,0.104247104247,0.56957682835,37,37,37,1,0,0.405405405405,0.540540540541,0.0540540540541,37,0.117117117117,2.21261261261,8.43243243243,7.09090909091,4.45714285714,5.04722443274,0.598549051319,0.327616077616,6.00525295579,1.42432281644,0.680873180873,3.83793300225,0.910278981302,0.463617463617,1.39215458577,0.629190386892,5.2,2.21261261261,1.39215458577,5.2,0,0,0,0,0.161113233172,37,37,37,1,0,0.405405405405,0.540540540541,0.0540540540541,37,182,0.136636636637,2.6833244568,9.83783783784,7.91304347826,4.91891891892,4.49390645154,0.456798183261,0.244134244134,5.97856531647,1.21542261928,0.623700623701,3.43493796142,0.698311563585,0.37422037422,1.72389051567,0.642445795663,5.07793013148,2.6833244568,1.72389051567,5.07793013148,0.142341080576,0.0322407307899,20,0.002574002574,0.172209982534,37,37,37,1,0,0.378378378378,0.621621621622,0,-160,-0.12012012012,0.958035638683,-8.64864864865,-7.63241106719,-4.85250965251,-0.873803703853,0.166439592984,0.101491601492,-3.52992622591,0.186726165867,0.0792087634193,-4.61837538502,-0.17295333062,-0.0876098770836,1.08329094534,0.271145892945,3.07793013148,0.958035638683,1.08329094534,3.07793013148,-0.201730313671,-0.344328306867,-790,-0.101673101673,-0.397366845816,-0.027027027027,0.0810810810811,-0.0540540540541,170,12,172,978,0.497076023392,0.987878787879,0.0121212121212,0.502923976608,0.934065934066,0.497076023392,0.648854961832,0.616804180431,0.484954811271,0.480225988701,26,186,0,0,0,0
1632,WLNM_dir_neg,0.42504191236,0.311765193325,00:00:04,10,40,32,1236695367,threshold_sweep,0.3,0.56,0.0752688172043,0.132701421801,14,11,172,361,0.0752688172043,0.970430107527,0.0295698924731,0.924731182796,0.56,0.0752688172043,0.132701421801,0.672043010753,0.651732377539,0.0583190394511,0.104135861611,0.0456989247312,342,156,186,0,342,0,156,0,186,37,342,0.256756756757,1.72528881811,18.4864864865,15.5454545455,9.77142857143,5.36771015539,0.290358590277,0.142642642643,9.50849154237,1.02869645341,0.544491860281,8.05331334643,0.871264894205,0.461830251304,0.640599570326,0.371299902718,2,1.72528881811,0.640599570326,2,0.344071394247,0.376569037657,810,0.104247104247,0.56957682835,37,37,37,1,0,0.405405405405,0.540540540541,0.0540540540541,37,0.117117117117,2.21261261261,8.43243243243,7.09090909091,4.45714285714,5.04722443274,0.598549051319,0.327616077616,6.00525295579,1.42432281644,0.680873180873,3.83793300225,0.910278981302,0.463617463617,1.39215458577,0.629190386892,5.2,2.21261261261,1.39215458577,5.2,0,0,0,0,0.161113233172,37,37,37,1,0,0.405405405405,0.540540540541,0.0540540540541,37,181,0.135885885886,2.81856563175,9.78378378378,7.86956521739,4.89189189189,4.46053768019,0.455911309854,0.242496640287,5.98973095196,1.22442013935,0.62595191877,3.46236739645,0.7077767606,0.379274301926,1.87856562044,0.666497029299,5.31904958678,2.81856563175,1.87856562044,5.31904958678,0.140936104171,0.0310119695321,19,0.0024453024453,0.17201918577,37,37,37,1,0,0.378378378378,0.621621621622,0,-161,-0.120870870871,1.09327681363,-8.7027027027,-7.67588932806,-4.87953667954,-0.907172475203,0.165552719577,0.0998539976441,-3.51876059041,0.195723685936,0.0814600584883,-4.59094594999,-0.163488133605,-0.0825559493777,1.23796605012,0.295197126581,3.31904958678,1.09327681363,1.23796605012,3.31904958678,-0.203135290076,-0.345557068125,-791,-0.101801801802,-0.39755764258,-0.027027027027,0.0810810810811,-0.0540540540541,170,11,172,979,0.497076023392,0.988888888889,0.0111111111111,0.502923976608,0.939226519337,0.497076023392,0.650095602294,0.619524683462,0.485964912281,0.481586402266,25,186,0,0,0,0
1633,WLNM_dir_neg,0.42504191236,0.311765193325,00:00:04,10,40,32,1236695367,threshold_sweep,0.4,0.583333333333,0.0752688172043,0.133333333333,14,10,172,362,0.0752688172043,0.97311827957,0.0268817204301,0.924731182796,0.583333333333,0.0752688172043,0.133333333333,0.673835125448,0.652329749104,0.0618556701031,0.112429753349,0.0483870967742,342,156,186,0,342,0,156,0,186,37,342,0.256756756757,1.72528881811,18.4864864865,15.5454545455,9.77142857143,5.36771015539,0.290358590277,0.142642642643,9.50849154237,1.02869645341,0.544491860281,8.05331334643,0.871264894205,0.461830251304,0.640599570326,0.371299902718,2,1.72528881811,0.640599570326,2,0.344071394247,0.376569037657,810,0.104247104247,0.56957682835,37,37,37,1,0,0.405405405405,0.540540540541,0.0540540540541,37,0.117117117117,2.21261261261,8.43243243243,7.09090909091,4.45714285714,5.04722443274,0.598549051319,0.327616077616,6.00525295579,1.42432281644,0.680873180873,3.83793300225,0.910278981302,0.463617463617,1.39215458577,0.629190386892,5.2,2.21261261261,1.39215458577,5.2,0,0,0,0,0.161113233172,37,37,37,1,0,0.405405405405,0.540540540541,0.0540540540541,37,180,0.135135135135,3.2514962443,9.72972972973,7.82608695652,4.86486486486,4.43877265724,0.456207189772,0.243093093093,6.00537797017,1.23443880498,0.63003003003,3.48139628886,0.715620348267,0.382882882883,2.44208137928,0.751063878226,7.35714285714,3.2514962443,2.44208137928,7.35714285714,0.140936104171,0.0310119695321,19,0.0024453024453,0.172788525126,37,37,37,1,0,0.378378378378,0.621621621622,0,-162,-0.121621621622,1.52620742618,-8.75675675676,-7.71936758893,-4.90656370656,-0.928937498149,0.165848599495,0.10045045045,-3.50311357221,0.205742351564,0.0855381697487,-4.57191705757,-0.155644545938,-0.0789473684211,1.80148180895,0.379763975508,5.35714285714,1.52620742618,1.80148180895,5.35714285714,-0.203135290076,-0.345557068125,-791,-0.101801801802,-0.396788303224,-0.027027027027,0.0810810810811,-0.0540540540541,170,10,172,980,0.497076023392,0.989898989899,0.010101010101,0.502923976608,0.944444444444,0.497076023392,0.651340996169,0.622264229234,0.486975013291,0.482954545455,24,186,0,0,0,0
1634,WLNM_dir_neg,0.42504191236,0.311765193325,00:00:04,10,40,32,1236695367,threshold_sweep,0.5,0.565217391304,0.0698924731183,0.124401913876,13,10,173,362,0.0698924731183,0.97311827957,0.0268817204301,0.930107526882,0.565217391304,0.0698924731183,0.124401913876,0.672043010753,0.652927120669,0.0550774526678,0.101991546207,0.0430107526882,342,156,186,0,342,0,156,0,186,37,342,0.256756756757,1.72528881811,18.4864864865,15.5454545455,9.77142857143,5.36771015539,0.290358590277,0.142642642643,9.50849154237,1.02869645341,0.544491860281,8.05331334643,0.871264894205,0.461830251304,0.640599570326,0.371299902718,2,1.72528881811,0.640599570326,2,0.344071394247,0.376569037657,810,0.104247104247,0.56957682835,37,37,37,1,0,0.405405405405,0.540540540541,0.0540540540541,37,0.117117117117,2.21261261261,8.43243243243,7.09090909091,4.45714285714,5.04722443274,0.598549051319,0.327616077616,6.00525295579,1.42432281644,0.680873180873,3.83793300225,0.910278981302,0.463617463617,1.39215458577,0.629190386892,5.2,2.21261261261,1.39215458577,5.2,0,0,0,0,0.161113233172,37,37,37,1,0,0.405405405405,0.540540540541,0.0540540540541,37,179,0.134384384384,3.23341523342,9.67567567568,7.78260869565,4.83783783784,4.46003272319,0.460953102676,0.247319945644,6.00700292027,1.24167099469,0.63203986109,3.46821690909,0.716893997969,0.383813981579,2.42235313482,0.749162405679,7.35714285714,3.23341523342,2.42235313482,7.35714285714,0.136174199409,0.0295890410959,18,0.0023166023166,0.169545823257,37,37,37,1,0,0.378378378378,0.621621621622,0,-163,-0.122372372372,1.5081264153,-8.81081081081,-7.7628458498,-4.93359073359,-0.907677432207,0.170594512399,0.104677303001,-3.50148862211,0.212974541277,0.0875480008088,-4.58509643734,-0.154370896236,-0.0780162697246,1.7817535645,0.377862502961,5.35714285714,1.5081264153,1.7817535645,5.35714285714,-0.207897194838,-0.346979996561,-792,-0.101930501931,-0.400031005093,-0.027027027027,0.0810810810811,-0.0540540540541,169,10,173,980,0.494152046784,0.989898989899,0.010101010101,0.505847953216,0.944134078212,0.494152046784,0.648752399232,0.619984219868,0.484051036683,0.480113636364,23,186,0,0,0,0
1635,WLNM_dir_neg,0.42504191236,0.311765193325,00:00:04,10,40,32,1236695367,threshold_sweep,0.6,0.6,0.0645161290323,0.116504854369,12,8,174,364,0.0645161290323,0.978494623656,0.0215053763441,0.935483870968,0.6,0.0645161290323,0.116504854369,0.673835125448,0.654719235364,0.0553633217993,0.10906837663,0.0430107526882,342,156,186,0,342,0,156,0,186,37,342,0.256756756757,1.72528881811,18.4864864865,15.5454545455,9.77142857143,5.36771015539,0.290358590277,0.142642642643,9.50849154237,1.02869645341,0.544491860281,8.05331334643,0.871264894205,0.461830251304,0.640599570326,0.371299902718,2,1.72528881811,0.640599570326,2,0.344071394247,0.376569037657,810,0.104247104247,0.56957682835,37,37,37,1,0,0.405405405405,0.540540540541,0.0540540540541,37,0.117117117117,2.21261261261,8.43243243243,7.09090909091,4.45714285714,5.04722443274,0.598549051319,0.327616077616,6.00525295579,1.42432281644,0.680873180873,3.83793300225,0.910278981302,0.463617463617,1.39215458577,0.629190386892,5.2,2.21261261261,1.39215458577,5.2,0,0,0,0,0.161113233172,37,37,37,1,0,0.405405405405,0.540540540541,0.0540540540541,37,176,0.132132132132,1,9.51351351351,7.65217391304,4.75675675676,4.44485733818,0.467215117934,0.250767813268,5.99261307039,1.2598107023,0.638206388206,3.52298331126,0.74062717339,0.394348894349,0,0,0,NaN,NaN,NaN,0.120410383646,0.0264754550469,16,0.0020592020592,0.166585158537,37,37,0,1,2,0.378378378378,0.621621621622,0,-166,-0.124624624625,-0.725288818115,-8.97297297297,-7.89328063241,-5.01467181467,-0.922852817215,0.176856527656,0.108125170625,-3.51587847198,0.231114248883,0.0937145279251,-4.53033003517,-0.130637720815,-0.067481356955,-0.640599570326,-0.371299902718,-2,NaN,NaN,NaN,-0.223661010602,-0.35009358261,-794,-0.102187902188,-0.402991669813,-0.027027027027,0.0810810810811,-0.0540540540541,168,8,174,982,0.491228070175,0.991919191919,0.00808080808081,0.508771929825,0.954545454545,0.491228070175,0.648648648649,0.623268132604,0.483147262095,0.48,20,186,0,0,0,0
1636,WLNM_dir_neg,0.42504191236,0.311765193325,00:00:04,10,40,32,1236695367,threshold_sweep,0.7,0.466666666667,0.0376344086022,0.0696517412935,7,8,179,364,0.0376344086022,0.978494623656,0.0215053763441,0.962365591398,0.466666666667,0.0376344086022,0.0696517412935,0.664874551971,0.65770609319,0.020942408377,0.0470100494722,0.0161290322581,342,156,186,0,342,0,156,0,186,37,342,0.256756756757,1.72528881811,18.4864864865,15.5454545455,9.77142857143,5.36771015539,0.290358590277,0.142642642643,9.50849154237,1.02869645341,0.544491860281,8.05331334643,0.871264894205,0.461830251304,0.640599570326,0.371299902718,2,1.72528881811,0.640599570326,2,0.344071394247,0.376569037657,810,0.104247104247,0.56957682835,37,37,37,1,0,0.405405405405,0.540540540541,0.0540540540541,37,0.117117117117,2.21261261261,8.43243243243,7.09090909091,4.45714285714,5.04722443274,0.598549051319,0.327616077616,6.00525295579,1.42432281644,0.680873180873,3.83793300225,0.910278981302,0.463617463617,1.39215458577,0.629190386892,5.2,2.21261261261,1.39215458577,5.2,0,0,0,0,0.161113233172,37,37,37,1,0,0.405405405405,0.540540540541,0.0540540540541,37,171,0.128378378378,1,9.24324324324,7.4347826087,4.62162162162,4.59713319729,0.497350667543,0.268373636795,5.95516279912,1.28854399747,0.646435909594,3.5695576395,0.772360424922,0.406511774933,0,0,0,NaN,NaN,NaN,0.113164635223,0.0119794637764,7,0.000900900900901,0.15807168238,37,37,0,1,2,0.378378378378,0.621621621622,0,-171,-0.128378378378,-0.725288818115,-9.24324324324,-8.11067193676,-5.14980694981,-0.770576958102,0.206992077266,0.125730994152,-3.55332874326,0.259847544055,0.101944049312,-4.48375570693,-0.0989044692829,-0.0553184763711,-0.640599570326,-0.371299902718,-2,NaN,NaN,NaN,-0.230906759024,-0.364589573881,-803,-0.103346203346,-0.41150514597,-0.027027027027,0.0810810810811,-0.0540540540541,163,8,179,982,0.476608187135,0.991919191919,0.00808080808081,0.523391812865,0.953216374269,0.476608187135,0.635477582846,0.611859151111,0.468527379054,0.465714285714,15,186,0,0,0,0
1637,WLNM_dir_neg,0.42504191236,0.311765193325,00:00:04,10,40,32,1236695367,threshold_sweep,0.8,0.466666666667,0.0376344086022,0.0696517412935,7,8,179,364,0.0376344086022,0.978494623656,0.0215053763441,0.962365591398,0.466666666667,0.0376344086022,0.0696517412935,0.664874551971,0.65770609319,0.020942408377,0.0470100494722,0.0161290322581,342,156,186,0,342,0,156,0,186,37,342,0.256756756757,1.72528881811,18.4864864865,15.5454545455,9.77142857143,5.36771015539,0.290358590277,0.142642642643,9.50849154237,1.02869645341,0.544491860281,8.05331334643,0.871264894205,0.461830251304,0.640599570326,0.371299902718,2,1.72528881811,0.640599570326,2,0.344071394247,0.376569037657,810,0.104247104247,0.56957682835,37,37,37,1,0,0.405405405405,0.540540540541,0.0540540540541,37,0.117117117117,2.21261261261,8.43243243243,7.09090909091,4.45714285714,5.04722443274,0.598549051319,0.327616077616,6.00525295579,1.42432281644,0.680873180873,3.83793300225,0.910278981302,0.463617463617,1.39215458577,0.629190386892,5.2,2.21261261261,1.39215458577,5.2,0,0,0,0,0.161113233172,37,37,37,1,0,0.405405405405,0.540540540541,0.0540540540541,37,171,0.128378378378,1,9.24324324324,7.4347826087,4.62162162162,4.59713319729,0.497350667543,0.268373636795,5.95516279912,1.28854399747,0.646435909594,3.5695576395,0.772360424922,0.406511774933,0,0,0,NaN,NaN,NaN,0.113164635223,0.0119794637764,7,0.000900900900901,0.15807168238,37,37,0,1,2,0.378378378378,0.621621621622,0,-171,-0.128378378378,-0.725288818115,-9.24324324324,-8.11067193676,-5.14980694981,-0.770576958102,0.206992077266,0.125730994152,-3.55332874326,0.259847544055,0.101944049312,-4.48375570693,-0.0989044692829,-0.0553184763711,-0.640599570326,-0.371299902718,-2,NaN,NaN,NaN,-0.230906759024,-0.364589573881,-803,-0.103346203346,-0.41150514597,-0.027027027027,0.0810810810811,-0.0540540540541,163,8,179,982,0.476608187135,0.991919191919,0.00808080808081,0.523391812865,0.953216374269,0.476608187135,0.635477582846,0.611859151111,0.468527379054,0.465714285714,15,186,0,0,0,0
1638,WLNM_dir_neg,0.42504191236,0.311765193325,00:00:04,10,40,32,1236695367,threshold_sweep,0.9,0.5,0.0376344086022,0.07,7,7,179,365,0.0376344086022,0.981182795699,0.0188172043011,0.962365591398,0.5,0.0376344086022,0.07,0.666666666667,0.658303464755,0.0244755244755,0.0567178258108,0.0188172043011,342,156,186,0,342,0,156,0,186,37,342,0.256756756757,1.72528881811,18.4864864865,15.5454545455,9.77142857143,5.36771015539,0.290358590277,0.142642642643,9.50849154237,1.02869645341,0.544491860281,8.05331334643,0.871264894205,0.461830251304,0.640599570326,0.371299902718,2,1.72528881811,0.640599570326,2,0.344071394247,0.376569037657,810,0.104247104247,0.56957682835,37,37,37,1,0,0.405405405405,0.540540540541,0.0540540540541,37,0.117117117117,2.21261261261,8.43243243243,7.09090909091,4.45714285714,5.04722443274,0.598549051319,0.327616077616,6.00525295579,1.42432281644,0.680873180873,3.83793300225,0.910278981302,0.463617463617,1.39215458577,0.629190386892,5.2,2.21261261261,1.39215458577,5.2,0,0,0,0,0.161113233172,37,37,37,1,0,0.405405405405,0.540540540541,0.0540540540541,37,170,0.127627627628,1,9.18918918919,7.39130434783,4.59459459459,4.62984183698,0.503835729318,0.270747217806,5.95100112707,1.29521789236,0.648012718601,3.59366309139,0.782150202244,0.411128775835,0,0,0,NaN,NaN,NaN,0.101469326469,0.00860091743119,5,0.000643500643501,0.158151389673,37,37,0,1,2,0.378378378378,0.621621621622,0,-172,-0.129129129129,-0.725288818115,-9.2972972973,-8.15415019763,-5.17683397683,-0.737868318415,0.213477139041,0.128104575163,-3.5574904153,0.266521438948,0.10352085832,-4.45965025504,-0.0891146919613,-0.0507014754693,-0.640599570326,-0.371299902718,-2,NaN,NaN,NaN,-0.242602067778,-0.367968120226,-805,-0.103603603604,-0.411425438677,-0.027027027027,0.0810810810811,-0.0540540540541,163,7,179,983,0.476608187135,0.992929292929,0.00707070707071,0.523391812865,0.958823529412,0.476608187135,0.63671875,0.614714405144,0.469537480064,0.467048710602,14,186,0,0,0,0
1639,WLNM_dir_neg,0.466166608857,0.361355744946,00:00:04,10,40,33,1236695368,threshold_sweep,0.1,0.555555555556,0.10752688172,0.18018018018,20,16,166,356,0.10752688172,0.956989247312,0.0430107526882,0.89247311828,0.555555555556,0.10752688172,0.18018018018,0.673835125448,0.645161290323,0.0808080808081,0.123796892118,0.0645161290323,342,156,186,0,342,0,156,0,186,37,342,0.256756756757,1.72528881811,18.4864864865,15.5454545455,9.77142857143,5.36771015539,0.290358590277,0.142642642643,9.50849154237,1.02869645341,0.544491860281,8.05331334643,0.871264894205,0.461830251304,0.640599570326,0.371299902718,2,1.72528881811,0.640599570326,2,0.344071394247,0.376569037657,810,0.104247104247,0.56957682835,37,37,37,1,0,0.405405405405,0.540540540541,0.0540540540541,37,0.117117117117,2.21261261261,8.43243243243,7.09090909091,4.45714285714,5.04722443274,0.598549051319,0.327616077616,6.00525295579,1.42432281644,0.680873180873,3.83793300225,0.910278981302,0.463617463617,1.39215458577,0.629190386892,5.2,2.21261261261,1.39215458577,5.2,0,0,0,0,0.161113233172,37,37,37,1,0,0.405405405405,0.540540540541,0.0540540540541,37,192,0.144144144144,3.99188691735,10.3783783784,6.62068965517,5.48571428571,5.09003029543,0.490445627424,0.266328828829,6.0315735824,1.16233449244,0.592905405405,3.33198170795,0.642100641636,0.343186936937,1.79679284892,0.45011115949,6.5176439095,3.99188691735,1.79679284892,6.5176439095,0.121074516276,0.0462686567164,31,0.0039897039897,0.156349018934,37,37,37,1,0,0.216216216216,0.72972972973,0.0540540540541,-150,-0.112612612613,2.26659809924,-8.10810810811,-8.92476489028,-4.28571428571,-0.277679859962,0.200087037147,0.123686186186,-3.47691795998,0.133638039026,0.0484135451241,-4.72133163849,-0.229164252569,-0.118643314367,1.1561932786,0.078811256772,4.5176439095,2.26659809924,1.1561932786,4.5176439095,-0.222996877972,-0.33030038094,-779,-0.100257400257,-0.413227809416,-0.189189189189,0.189189189189,0,176,16,166,974,0.514619883041,0.983838383838,0.0161616161616,0.485380116959,0.916666666667,0.514619883041,0.659176029963,0.619949641834,0.498458266879,0.491620111732,36,186,0,0,0,0
1640,WLNM_dir_neg,0.466166608857,0.361355744946,00:00:04,10,40,33,1236695368,threshold_sweep,0.2,0.8,0.0860215053763,0.155339805825,16,4,170,368,0.0860215053763,0.989247311828,0.010752688172,0.913978494624,0.8,0.0860215053763,0.155339805825,0.688172043011,0.654719235364,0.0968858131488,0.190869659102,0.0752688172043,342,156,186,0,342,0,156,0,186,37,342,0.256756756757,1.72528881811,18.4864864865,15.5454545455,9.77142857143,5.36771015539,0.290358590277,0.142642642643,9.50849154237,1.02869645341,0.544491860281,8.05331334643,0.871264894205,0.461830251304,0.640599570326,0.371299902718,2,1.72528881811,0.640599570326,2,0.344071394247,0.376569037657,810,0.104247104247,0.56957682835,37,37,37,1,0,0.405405405405,0.540540540541,0.0540540540541,37,0.117117117117,2.21261261261,8.43243243243,7.09090909091,4.45714285714,5.04722443274,0.598549051319,0.327616077616,6.00525295579,1.42432281644,0.680873180873,3.83793300225,0.910278981302,0.463617463617,1.39215458577,0.629190386892,5.2,2.21261261261,1.39215458577,5.2,0,0,0,0,0.161113233172,37,37,37,1,0,0.405405405405,0.540540540541,0.0540540540541,37,176,0.132132132132,2.24116662499,9.51351351351,8,5.02857142857,5.04216455735,0.530000251767,0.288083538084,6.20217437412,1.30386620365,0.648648648649,3.51508973653,0.738967728702,0.396805896806,1.3718984649,0.612135862455,4.75784272498,2.24116662499,1.3718984649,4.75784272498,0.132335674905,0.0327272727273,21,0.0027027027027,0.177399490292,37,37,37,1,0,0.405405405405,0.540540540541,0.0540540540541,-166,-0.124624624625,0.515877806878,-8.97297297297,-7.54545454545,-4.74285714286,-0.325545598041,0.23964166149,0.145440895441,-3.30631716826,0.275169750235,0.104156788367,-4.5382236099,-0.132297165503,-0.065024354498,0.731298894571,0.240835959738,2.75784272498,0.515877806878,0.731298894571,2.75784272498,-0.211735719342,-0.34384176493,-789,-0.101544401544,-0.392177338058,0,0,0,172,4,170,986,0.502923976608,0.99595959596,0.0040404040404,0.497076023392,0.977272727273,0.502923976608,0.664092664093,0.643568239035,0.498883572568,0.49710982659,20,186,0,0,0,0
1641,WLNM_dir_neg,0.466166608857,0.361355744946,00:00:04,10,40,33,1236695368,threshold_sweep,0.3,0.846153846154,0.0591397849462,0.110552763819,11,2,175,370,0.0591397849462,0.994623655914,0.00537634408602,0.940860215054,0.846153846154,0.0591397849462,0.110552763819,0.682795698925,0.65890083632,0.0700525394046,0.168013844911,0.0537634408602,342,156,186,0,342,0,156,0,186,37,342,0.256756756757,1.72528881811,18.4864864865,15.5454545455,9.77142857143,5.36771015539,0.290358590277,0.142642642643,9.50849154237,1.02869645341,0.544491860281,8.05331334643,0.871264894205,0.461830251304,0.640599570326,0.371299902718,2,1.72528881811,0.640599570326,2,0.344071394247,0.376569037657,810,0.104247104247,0.56957682835,37,37,37,1,0,0.405405405405,0.540540540541,0.0540540540541,37,0.117117117117,2.21261261261,8.43243243243,7.09090909091,4.45714285714,5.04722443274,0.598549051319,0.327616077616,6.00525295579,1.42432281644,0.680873180873,3.83793300225,0.910278981302,0.463617463617,1.39215458577,0.629190386892,5.2,2.21261261261,1.39215458577,5.2,0,0,0,0,0.161113233172,37,37,37,1,0,0.405405405405,0.540540540541,0.0540540540541,37,169,0.126876876877,2.18653861004,9.13513513514,7.68181818182,4.82857142857,4.8198787569,0.527619863921,0.284823284823,6.03020425553,1.32022223346,0.656644810491,3.64798681574,0.798671669718,0.42443627059,1.34228662779,0.613886542696,4.65547619048,2.18653861004,1.34228662779,4.65547619048,0.106578914164,0.021836506159,13,0.0016731016731,0.175328111042,37,37,37,1,0,0.405405405405,0.540540540541,0.0540540540541,-173,-0.12987987988,0.461249791924,-9.35135135135,-7.86363636364,-4.94285714286,-0.547831398492,0.237261273644,0.142180642181,-3.47828728685,0.291525780044,0.11215295021,-4.40532653069,-0.0725932244868,-0.0373939807138,0.701687057461,0.242586639978,2.65547619048,0.461249791924,0.701687057461,2.65547619048,-0.237492480083,-0.354732531498,-797,-0.102574002574,-0.394248717307,0,0,0,167,2,175,988,0.488304093567,0.99797979798,0.0020202020202,0.511695906433,0.988165680473,0.488304093567,0.65362035225,0.638244857383,0.486283891547,0.485465116279,13,186,0,0,0,0
1642,WLNM_dir_neg,0.466166608857,0.361355744946,00:00:04,10,40,33,1236695368,threshold_sweep,0.4,0.8,0.0430107526882,0.0816326530612,8,2,178,370,0.0430107526882,0.994623655914,0.00537634408602,0.956989247312,0.8,0.0430107526882,0.0816326530612,0.677419354839,0.660692951016,0.0492957746479,0.133728125983,0.0376344086022,342,156,186,0,342,0,156,0,186,37,342,0.256756756757,1.72528881811,18.4864864865,15.5454545455,9.77142857143,5.36771015539,0.290358590277,0.142642642643,9.50849154237,1.02869645341,0.544491860281,8.05331334643,0.871264894205,0.461830251304,0.640599570326,0.371299902718,2,1.72528881811,0.640599570326,2,0.344071394247,0.376569037657,810,0.104247104247,0.56957682835,37,37,37,1,0,0.405405405405,0.540540540541,0.0540540540541,37,0.117117117117,2.21261261261,8.43243243243,7.09090909091,4.45714285714,5.04722443274,0.598549051319,0.327616077616,6.00525295579,1.42432281644,0.680873180873,3.83793300225,0.910278981302,0.463617463617,1.39215458577,0.629190386892,5.2,2.21261261261,1.39215458577,5.2,0,0,0,0,0.161113233172,37,37,37,1,0,0.405405405405,0.540540540541,0.0540540540541,37,166,0.124624624625,2.19376126126,8.97297297297,7.54545454545,4.74285714286,4.75211348587,0.529603008967,0.286551611853,5.9936152215,1.33592628431,0.661022468251,3.67137290111,0.818318056271,0.430478671443,1.35271569257,0.616619372608,4.65936507937,2.19376126126,1.35271569257,4.65936507937,0.0936236656825,0.0121880441091,7,0.000900900900901,0.171694995721,37,37,37,1,0,0.405405405405,0.540540540541,0.0540540540541,-176,-0.132132132132,0.468472443146,-9.51351351351,-8,-5.02857142857,-0.615596669524,0.23924441869,0.14390896921,-3.51487632087,0.307229830896,0.11653060797,-4.38194044533,-0.0529468379342,-0.0313515798614,0.712116122245,0.24531946989,2.65936507937,0.468472443146,0.712116122245,2.65936507937,-0.250447728565,-0.364380993548,-803,-0.103346203346,-0.397881832629,0,0,0,164,2,178,988,0.479532163743,0.99797979798,0.0020202020202,0.520467836257,0.987951807229,0.479532163743,0.645669291339,0.631555594027,0.477511961722,0.476744186047,10,186,0,0,0,0
1643,WLNM_dir_neg,0.466166608857,0.361355744946,00:00:04,10,40,33,1236695368,threshold_sweep,0.5,0.714285714286,0.0268817204301,0.0518134715026,5,2,181,370,0.0268817204301,0.994623655914,0.00537634408602,0.97311827957,0.714285714286,0.0268817204301,0.0518134715026,0.672043010753,0.662485065711,0.0283185840708,0.0910856935963,0.0215053763441,342,156,186,0,342,0,156,0,186,37,342,0.256756756757,1.72528881811,18.4864864865,15.5454545455,9.77142857143,5.36771015539,0.290358590277,0.142642642643,9.50849154237,1.02869645341,0.544491860281,8.05331334643,0.871264894205,0.461830251304,0.640599570326,0.371299902718,2,1.72528881811,0.640599570326,2,0.344071394247,0.376569037657,810,0.104247104247,0.56957682835,37,37,37,1,0,0.405405405405,0.540540540541,0.0540540540541,37,0.117117117117,2.21261261261,8.43243243243,7.09090909091,4.45714285714,5.04722443274,0.598549051319,0.327616077616,6.00525295579,1.42432281644,0.680873180873,3.83793300225,0.910278981302,0.463617463617,1.39215458577,0.629190386892,5.2,2.21261261261,1.39215458577,5.2,0,0,0,0,0.161113233172,37,37,37,1,0,0.405405405405,0.540540540541,0.0540540540541,37,163,0.122372372372,2.22662254091,8.81081081081,7.40909090909,4.65714285714,4.90938917811,0.557200612239,0.303266456641,6.00675295655,1.36349606989,0.66854584646,3.70779553748,0.841646839796,0.437075111922,1.37415357891,0.617147070803,4.66746031746,2.22662254091,1.37415357891,4.66746031746,0.0637287322336,0.00882352941176,5,0.000643500643501,0.166046519618,37,37,37,1,0,0.405405405405,0.540540540541,0.0540540540541,-179,-0.134384384384,0.501333722793,-9.67567567568,-8.13636363636,-5.11428571429,-0.458320977288,0.266842021962,0.160623813998,-3.50173858582,0.334799616478,0.124053986179,-4.34551780896,-0.0296180544091,-0.0247551393822,0.73355400858,0.245847168086,2.66746031746,0.501333722793,0.73355400858,2.66746031746,-0.280342662014,-0.367745508245,-805,-0.103603603604,-0.403530308732,0,0,0,161,2,181,988,0.470760233918,0.99797979798,0.0020202020202,0.529239766082,0.98773006135,0.470760233918,0.637623762376,0.624829661338,0.468740031898,0.468023255814,7,186,0,0,0,0
1644,WLNM_dir_neg,0.466166608857,0.361355744946,00:00:04,10,40,33,1236695368,threshold_sweep,0.6,0.714285714286,0.0268817204301,0.0518134715026,5,2,181,370,0.0268817204301,0.994623655914,0.00537634408602,0.97311827957,0.714285714286,0.0268817204301,0.0518134715026,0.672043010753,0.662485065711,0.0283185840708,0.0910856935963,0.0215053763441,342,156,186,0,342,0,156,0,186,37,342,0.256756756757,1.72528881811,18.4864864865,15.5454545455,9.77142857143,5.36771015539,0.290358590277,0.142642642643,9.50849154237,1.02869645341,0.544491860281,8.05331334643,0.871264894205,0.461830251304,0.640599570326,0.371299902718,2,1.72528881811,0.640599570326,2,0.344071394247,0.376569037657,810,0.104247104247,0.56957682835,37,37,37,1,0,0.405405405405,0.540540540541,0.0540540540541,37,0.117117117117,2.21261261261,8.43243243243,7.09090909091,4.45714285714,5.04722443274,0.598549051319,0.327616077616,6.00525295579,1.42432281644,0.680873180873,3.83793300225,0.910278981302,0.463617463617,1.39215458577,0.629190386892,5.2,2.21261261261,1.39215458577,5.2,0,0,0,0,0.161113233172,37,37,37,1,0,0.405405405405,0.540540540541,0.0540540540541,37,163,0.122372372372,2.22662254091,8.81081081081,7.40909090909,4.65714285714,4.90938917811,0.557200612239,0.303266456641,6.00675295655,1.36349606989,0.66854584646,3.70779553748,0.841646839796,0.437075111922,1.37415357891,0.617147070803,4.66746031746,2.22662254091,1.37415357891,4.66746031746,0.0637287322336,0.00882352941176,5,0.000643500643501,0.166046519618,37,37,37,1,0,0.405405405405,0.540540540541,0.0540540540541,-179,-0.134384384384,0.501333722793,-9.67567567568,-8.13636363636,-5.11428571429,-0.458320977288,0.266842021962,0.160623813998,-3.50173858582,0.334799616478,0.124053986179,-4.34551780896,-0.0296180544091,-0.0247551393822,0.73355400858,0.245847168086,2.66746031746,0.501333722793,0.73355400858,2.66746031746,-0.280342662014,-0.367745508245,-805,-0.103603603604,-0.403530308732,0,0,0,161,2,181,988,0.470760233918,0.99797979798,0.0020202020202,0.529239766082,0.98773006135,0.470760233918,0.637623762376,0.624829661338,0.468740031898,0.468023255814,7,186,0,0,0,0
1645,WLNM_dir_neg,0.466166608857,0.361355744946,00:00:04,10,40,33,1236695368,threshold_sweep,0.7,0.714285714286,0.0268817204301,0.0518134715026,5,2,181,370,0.0268817204301,0.994623655914,0.00537634408602,0.97311827957,0.714285714286,0.0268817204301,0.0518134715026,0.672043010753,0.662485065711,0.0283185840708,0.0910856935963,0.0215053763441,342,156,186,0,342,0,156,0,186,37,342,0.256756756757,1.72528881811,18.4864864865,15.5454545455,9.77142857143,5.36771015539,0.290358590277,0.142642642643,9.50849154237,1.02869645341,0.544491860281,8.05331334643,0.871264894205,0.461830251304,0.640599570326,0.371299902718,2,1.72528881811,0.640599570326,2,0.344071394247,0.376569037657,810,0.104247104247,0.56957682835,37,37,37,1,0,0.405405405405,0.540540540541,0.0540540540541,37,0.117117117117,2.21261261261,8.43243243243,7.09090909091,4.45714285714,5.04722443274,0.598549051319,0.327616077616,6.00525295579,1.42432281644,0.680873180873,3.83793300225,0.910278981302,0.463617463617,1.39215458577,0.629190386892,5.2,2.21261261261,1.39215458577,5.2,0,0,0,0,0.161113233172,37,37,37,1,0,0.405405405405,0.540540540541,0.0540540540541,37,163,0.122372372372,2.22662254091,8.81081081081,7.40909090909,4.65714285714,4.90938917811,0.557200612239,0.303266456641,6.00675295655,1.36349606989,0.66854584646,3.70779553748,0.841646839796,0.437075111922,1.37415357891,0.617147070803,4.66746031746,2.22662254091,1.37415357891,4.66746031746,0.0637287322336,0.00882352941176,5,0.000643500643501,0.166046519618,37,37,37,1,0,0.405405405405,0.540540540541,0.0540540540541,-179,-0.134384384384,0.501333722793,-9.67567567568,-8.13636363636,-5.11428571429,-0.458320977288,0.266842021962,0.160623813998,-3.50173858582,0.334799616478,0.124053986179,-4.34551780896,-0.0296180544091,-0.0247551393822,0.73355400858,0.245847168086,2.66746031746,0.501333722793,0.73355400858,2.66746031746,-0.280342662014,-0.367745508245,-805,-0.103603603604,-0.403530308732,0,0,0,161,2,181,988,0.470760233918,0.99797979798,0.0020202020202,0.529239766082,0.98773006135,0.470760233918,0.637623762376,0.624829661338,0.468740031898,0.468023255814,7,186,0,0,0,0
1646,WLNM_dir_neg,0.466166608857,0.361355744946,00:00:04,10,40,33,1236695368,threshold_sweep,0.8,0.833333333333,0.0268817204301,0.0520833333333,5,1,181,371,0.0268817204301,0.997311827957,0.00268817204301,0.97311827957,0.833333333333,0.0268817204301,0.0520833333333,0.673835125448,0.663082437276,0.031914893617,0.110581467116,0.0241935483871,342,156,186,0,342,0,156,0,186,37,342,0.256756756757,1.72528881811,18.4864864865,15.5454545455,9.77142857143,5.36771015539,0.290358590277,0.142642642643,9.50849154237,1.02869645341,0.544491860281,8.05331334643,0.871264894205,0.461830251304,0.640599570326,0.371299902718,2,1.72528881811,0.640599570326,2,0.344071394247,0.376569037657,810,0.104247104247,0.56957682835,37,37,37,1,0,0.405405405405,0.540540540541,0.0540540540541,37,0.117117117117,2.21261261261,8.43243243243,7.09090909091,4.45714285714,5.04722443274,0.598549051319,0.327616077616,6.00525295579,1.42432281644,0.680873180873,3.83793300225,0.910278981302,0.463617463617,1.39215458577,0.629190386892,5.2,2.21261261261,1.39215458577,5.2,0,0,0,0,0.161113233172,37,37,37,1,0,0.405405405405,0.540540540541,0.0540540540541,37,162,0.121621621622,2.19697554698,8.75675675676,7.36363636364,4.62857142857,4.93516523086,0.563583683771,0.307474140807,6.01087602855,1.37285440158,0.670670670671,3.72939786137,0.851776054758,0.442108775442,1.3276446373,0.604305605098,4.48888888889,2.19697554698,1.3276446373,4.48888888889,0.0587684147733,0.00710900473934,4,0.000514800514801,0.165122715753,37,37,37,1,0,0.405405405405,0.540540540541,0.0540540540541,-180,-0.135135135135,0.471686728861,-9.72972972973,-8.18181818182,-5.14285714286,-0.432544924537,0.273225093494,0.164831498165,-3.49761551382,0.344157948168,0.126178810389,-4.32391548506,-0.019488839447,-0.0197214758618,0.687045066974,0.23300570238,2.48888888889,0.471686728861,0.687045066974,2.48888888889,-0.285302979474,-0.369460032918,-806,-0.103732303732,-0.404454112597,0,0,0,161,1,181,989,0.470760233918,0.99898989899,0.0010101010101,0.529239766082,0.993827160494,0.470760233918,0.638888888889,0.627837314655,0.469750132908,0.469387755102,6,186,0,0,0,0
1647,WLNM_dir_neg,0.466166608857,0.361355744946,00:00:04,10,40,33,1236695368,threshold_sweep,0.9,0.833333333333,0.0268817204301,0.0520833333333,5,1,181,371,0.0268817204301,0.997311827957,0.00268817204301,0.97311827957,0.833333333333,0.0268817204301,0.0520833333333,0.673835125448,0.663082437276,0.031914893617,0.110581467116,0.0241935483871,342,156,186,0,342,0,156,0,186,37,342,0.256756756757,1.72528881811,18.4864864865,15.5454545455,9.77142857143,5.36771015539,0.290358590277,0.142642642643,9.50849154237,1.02869645341,0.544491860281,8.05331334643,0.871264894205,0.461830251304,0.640599570326,0.371299902718,2,1.72528881811,0.640599570326,2,0.344071394247,0.376569037657,810,0.104247104247,0.56957682835,37,37,37,1,0,0.405405405405,0.540540540541,0.0540540540541,37,0.117117117117,2.21261261261,8.43243243243,7.09090909091,4.45714285714,5.04722443274,0.598549051319,0.327616077616,6.00525295579,1.42432281644,0.680873180873,3.83793300225,0.910278981302,0.463617463617,1.39215458577,0.629190386892,5.2,2.21261261261,1.39215458577,5.2,0,0,0,0,0.161113233172,37,37,37,1,0,0.405405405405,0.540540540541,0.0540540540541,37,162,0.121621621622,2.19697554698,8.75675675676,7.36363636364,4.62857142857,4.93516523086,0.563583683771,0.307474140807,6.01087602855,1.37285440158,0.670670670671,3.72939786137,0.851776054758,0.442108775442,1.3276446373,0.604305605098,4.48888888889,2.19697554698,1.3276446373,4.48888888889,0.0587684147733,0.00710900473934,4,0.000514800514801,0.165122715753,37,37,37,1,0,0.405405405405,0.540540540541,0.0540540540541,-180,-0.135135135135,0.471686728861,-9.72972972973,-8.18181818182,-5.14285714286,-0.432544924537,0.273225093494,0.164831498165,-3.49761551382,0.344157948168,0.126178810389,-4.32391548506,-0.019488839447,-0.0197214758618,0.687045066974,0.23300570238,2.48888888889,0.471686728861,0.687045066974,2.48888888889,-0.285302979474,-0.369460032918,-806,-0.103732303732,-0.404454112597,0,0,0,161,1,181,989,0.470760233918,0.99898989899,0.0010101010101,0.529239766082,0.993827160494,0.470760233918,0.638888888889,0.627837314655,0.469750132908,0.469387755102,6,186,0,0,0,0
1648,WLNM_dir_neg,0.426993004972,0.349228518857,00:00:05,10,40,34,1236695369,threshold_sweep,0.1,0.535714285714,0.161290322581,0.247933884298,30,26,156,346,0.161290322581,0.930107526882,0.0698924731183,0.838709677419,0.535714285714,0.161290322581,0.247933884298,0.673835125448,0.63321385902,0.110749185668,0.143389730051,0.0913978494624,342,156,186,0,342,0,156,0,186,37,342,0.256756756757,1.72528881811,18.4864864865,15.5454545455,9.77142857143,5.36771015539,0.290358590277,0.142642642643,9.50849154237,1.02869645341,0.544491860281,8.05331334643,0.871264894205,0.461830251304,0.640599570326,0.371299902718,2,1.72528881811,0.640599570326,2,0.344071394247,0.376569037657,810,0.104247104247,0.56957682835,37,37,37,1,0,0.405405405405,0.540540540541,0.0540540540541,37,0.117117117117,2.18481481481,8.43243243243,7.09090909091,4.45714285714,5.03620525429,0.597242289772,0.326923076923,6.00062559301,1.42322530091,0.680526680527,3.83793300225,0.910278981302,0.463617463617,1.318977792,0.603702328937,4.32037037037,2.18481481481,1.318977792,4.32037037037,0,0,0,0,0.160896782956,37,37,37,1,0,0.405405405405,0.540540540541,0.0540540540541,37,212,0.159159159159,8.63549569391,11.4594594595,6.83870967742,5.72972972973,5.19933005617,0.453715122826,0.240566037736,5.97517386381,1.04283694793,0.55124936257,3.54846327184,0.619307269142,0.336562978072,3.63805929968,0.421291310729,10.7717613919,8.63549569391,3.63805929968,10.7717613919,0.160668581412,0.106494554256,88,0.0113256113256,0.185681099974,37,37,37,1,0,0.162162162162,0.837837837838,0,-130,-0.0975975975976,6.9102068758,-7.02702702703,-8.70674486804,-4.0416988417,-0.168380099219,0.163356532549,0.0979233950932,-3.53331767857,0.0141404945135,0.00675750228878,-4.5048500746,-0.251957625063,-0.125267273232,2.99745972936,0.0499914080114,8.7717613919,6.9102068758,2.99745972936,8.7717613919,-0.183402812836,-0.270074483401,-722,-0.0929214929215,-0.383895728376,-0.243243243243,0.297297297297,-0.0540540540541,186,26,156,964,0.543859649123,0.973737373737,0.0262626262626,0.456140350877,0.877358490566,0.543859649123,0.671480144404,0.618081120612,0.51759702286,0.505434782609,56,186,0,0,0,0
1649,WLNM_dir_neg,0.426993004972,0.349228518857,00:00:05,10,40,34,1236695369,threshold_sweep,0.2,0.538461538462,0.150537634409,0.235294117647,28,24,158,348,0.150537634409,0.935483870968,0.0645161290323,0.849462365591,0.538461538462,0.150537634409,0.235294117647,0.673835125448,0.635603345281,0.104918032787,0.139494810181,0.0860215053763,342,156,186,0,342,0,156,0,186,37,342,0.256756756757,1.72528881811,18.4864864865,15.5454545455,9.77142857143,5.36771015539,0.290358590277,0.142642642643,9.50849154237,1.02869645341,0.544491860281,8.05331334643,0.871264894205,0.461830251304,0.640599570326,0.371299902718,2,1.72528881811,0.640599570326,2,0.344071394247,0.376569037657,810,0.104247104247,0.56957682835,37,37,37,1,0,0.405405405405,0.540540540541,0.0540540540541,37,0.117117117117,2.18481481481,8.43243243243,7.09090909091,4.45714285714,5.03620525429,0.597242289772,0.326923076923,6.00062559301,1.42322530091,0.680526680527,3.83793300225,0.910278981302,0.463617463617,1.318977792,0.603702328937,4.32037037037,2.18481481481,1.318977792,4.32037037037,0,0,0,0,0.160896782956,37,37,37,1,0,0.405405405405,0.540540540541,0.0540540540541,37,208,0.156156156156,8.78968408793,11.2432432432,6.70967741935,5.62162162162,5.13379546299,0.456611615699,0.245712058212,5.96448447689,1.06099002714,0.556652806653,3.56176728411,0.633583603424,0.345634095634,3.71488472802,0.422641438629,11.0439318078,8.78968408793,3.71488472802,11.0439318078,0.150054720798,0.0858208955224,69,0.00888030888031,0.184229410986,37,37,37,1,0,0.162162162162,0.837837837838,0,-134,-0.100600600601,7.06439526982,-7.24324324324,-8.8357771261,-4.14980694981,-0.233914692399,0.166253025422,0.103069415569,-3.54400706548,0.0322935737245,0.0121609463715,-4.49154606232,-0.237681290781,-0.11619615567,3.0742851577,0.0513415359118,9.04393180782,7.06439526982,3.0742851577,9.04393180782,-0.19401667345,-0.290748142135,-741,-0.0953667953668,-0.385347417364,-0.243243243243,0.297297297297,-0.0540540540541,184,24,158,966,0.538011695906,0.975757575758,0.0242424242424,0.461988304094,0.884615384615,0.538011695906,0.669090909091,0.618278227144,0.513769271664,0.502732240437,52,186,0,0,0,0
1650,WLNM_dir_neg,0.426993004972,0.349228518857,00:00:05,10,40,34,1236695369,threshold_sweep,0.3,0.619047619048,0.139784946237,0.228070175439,26,16,160,356,0.139784946237,0.956989247312,0.0430107526882,0.860215053763,0.619047619048,0.139784946237,0.228070175439,0.68458781362,0.641577060932,0.12,0.172917125311,0.0967741935484,342,156,186,0,342,0,156,0,186,37,342,0.256756756757,1.72528881811,18.4864864865,15.5454545455,9.77142857143,5.36771015539,0.290358590277,0.142642642643,9.50849154237,1.02869645341,0.544491860281,8.05331334643,0.871264894205,0.461830251304,0.640599570326,0.371299902718,2,1.72528881811,0.640599570326,2,0.344071394247,0.376569037657,810,0.104247104247,0.56957682835,37,37,37,1,0,0.405405405405,0.540540540541,0.0540540540541,37,0.117117117117,2.18481481481,8.43243243243,7.09090909091,4.45714285714,5.03620525429,0.597242289772,0.326923076923,6.00062559301,1.42322530091,0.680526680527,3.83793300225,0.910278981302,0.463617463617,1.318977792,0.603702328937,4.32037037037,2.18481481481,1.318977792,4.32037037037,0,0,0,0,0.160896782956,37,37,37,1,0,0.405405405405,0.540540540541,0.0540540540541,37,198,0.148648648649,2.47975621732,10.7027027027,8.60869565217,5.35135135135,4.77763810118,0.44639547915,0.237100737101,6.12016800884,1.14366775923,0.599235599236,3.25931329012,0.609063594618,0.334698334698,1.47926282079,0.596535582997,4.09282454966,2.47975621732,1.47926282079,4.09282454966,0.140229482025,0.0695454545455,51,0.00656370656371,0.189146807499,37,37,37,1,0,0.378378378378,0.621621621622,0,-144,-0.108108108108,0.754467399209,-7.78378378378,-6.93675889328,-4.42007722008,-0.590072054215,0.156036888873,0.0944580944581,-3.38832353353,0.114971305813,0.0547437389543,-4.79400005632,-0.262201299587,-0.127131916606,0.838663250466,0.225235680279,2.09282454966,0.754467399209,0.838663250466,2.09282454966,-0.203841912222,-0.307023583111,-759,-0.0976833976834,-0.380430020851,-0.027027027027,0.0810810810811,-0.0540540540541,182,16,160,974,0.53216374269,0.983838383838,0.0161616161616,0.46783625731,0.919191919192,0.53216374269,0.674074074074,0.633640633283,0.516002126528,0.508379888268,42,186,0,0,0,0
1651,WLNM_dir_neg,0.426993004972,0.349228518857,00:00:05,10,40,34,1236695369,threshold_sweep,0.4,0.625,0.134408602151,0.221238938053,25,15,161,357,0.134408602151,0.959677419355,0.0403225806452,0.865591397849,0.625,0.134408602151,0.221238938053,0.68458781362,0.642771804062,0.117056856187,0.171932576351,0.0940860215054,342,156,186,0,342,0,156,0,186,37,342,0.256756756757,1.72528881811,18.4864864865,15.5454545455,9.77142857143,5.36771015539,0.290358590277,0.142642642643,9.50849154237,1.02869645341,0.544491860281,8.05331334643,0.871264894205,0.461830251304,0.640599570326,0.371299902718,2,1.72528881811,0.640599570326,2,0.344071394247,0.376569037657,810,0.104247104247,0.56957682835,37,37,37,1,0,0.405405405405,0.540540540541,0.0540540540541,37,0.117117117117,2.18481481481,8.43243243243,7.09090909091,4.45714285714,5.03620525429,0.597242289772,0.326923076923,6.00062559301,1.42322530091,0.680526680527,3.83793300225,0.910278981302,0.463617463617,1.318977792,0.603702328937,4.32037037037,2.18481481481,1.318977792,4.32037037037,0,0,0,0,0.160896782956,37,37,37,1,0,0.405405405405,0.540540540541,0.0540540540541,37,196,0.147147147147,2.47681436932,10.5945945946,8.52173913043,5.2972972973,4.86175242445,0.458889897206,0.244070601213,6.12764620781,1.15674953923,0.603143960287,3.27333388378,0.617925273979,0.338940981798,1.47635272718,0.596069186883,4.08947114221,2.47681436932,1.47635272718,4.08947114221,0.139970131766,0.0647977941176,47,0.00604890604891,0.186092416508,37,37,37,1,0,0.378378378378,0.621621621622,0,-146,-0.10960960961,0.751525551205,-7.89189189189,-7.02371541502,-4.47413127413,-0.505957730944,0.168531306929,0.101427958571,-3.38084533457,0.128053085814,0.0586521000055,-4.77997946265,-0.253339620226,-0.122889269506,0.835753156854,0.224769284165,2.08947114221,0.751525551205,0.835753156854,2.08947114221,-0.204101262482,-0.311771243539,-763,-0.0981981981982,-0.383484411841,-0.027027027027,0.0810810810811,-0.0540540540541,181,15,161,975,0.529239766082,0.984848484848,0.0151515151515,0.470760233918,0.923469387755,0.529239766082,0.672862453532,0.633944338218,0.51408825093,0.50700280112,40,186,0,0,0,0
1652,WLNM_dir_neg,0.426993004972,0.349228518857,00:00:05,10,40,34,1236695369,threshold_sweep,0.5,0.611111111111,0.118279569892,0.198198198198,22,14,164,358,0.118279569892,0.962365591398,0.0376344086022,0.881720430108,0.611111111111,0.118279569892,0.198198198198,0.681003584229,0.645161290323,0.10101010101,0.154746115148,0.0806451612903,342,156,186,0,342,0,156,0,186,37,342,0.256756756757,1.72528881811,18.4864864865,15.5454545455,9.77142857143,5.36771015539,0.290358590277,0.142642642643,9.50849154237,1.02869645341,0.544491860281,8.05331334643,0.871264894205,0.461830251304,0.640599570326,0.371299902718,2,1.72528881811,0.640599570326,2,0.344071394247,0.376569037657,810,0.104247104247,0.56957682835,37,37,37,1,0,0.405405405405,0.540540540541,0.0540540540541,37,0.117117117117,2.18481481481,8.43243243243,7.09090909091,4.45714285714,5.03620525429,0.597242289772,0.326923076923,6.00062559301,1.42322530091,0.680526680527,3.83793300225,0.910278981302,0.463617463617,1.318977792,0.603702328937,4.32037037037,2.18481481481,1.318977792,4.32037037037,0,0,0,0,0.160896782956,37,37,37,1,0,0.405405405405,0.540540540541,0.0540540540541,37,192,0.144144144144,2.47417346795,10.3783783784,8.34782608696,5.18918918919,4.84396159811,0.466735883151,0.25,6.08658743029,1.17293611938,0.607826576577,3.31526635295,0.638879453433,0.348817567568,1.47276122871,0.595253828314,3.92355162321,2.47417346795,1.47276122871,3.92355162321,0.126060613909,0.0514285714286,36,0.0046332046332,0.18219367845,37,37,37,1,0,0.378378378378,0.621621621622,0,-150,-0.112612612613,0.748884649835,-8.10810810811,-7.1976284585,-4.58223938224,-0.523748557283,0.176377292874,0.107357357357,-3.42190411209,0.144239665964,0.0633347162952,-4.73804699349,-0.232385440772,-0.113012683736,0.832161658385,0.223953925597,1.92355162321,0.748884649835,0.832161658385,1.92355162321,-0.218010780339,-0.325140466228,-774,-0.0996138996139,-0.3873831499,-0.027027027027,0.0810810810811,-0.0540540540541,178,14,164,976,0.520467836257,0.985858585859,0.0141414141414,0.479532163743,0.927083333333,0.520467836257,0.666666666667,0.629735536351,0.506326422116,0.5,36,186,0,0,0,0
1653,WLNM_dir_neg,0.426993004972,0.349228518857,00:00:05,10,40,34,1236695369,threshold_sweep,0.6,0.588235294118,0.10752688172,0.181818181818,20,14,166,358,0.10752688172,0.962365591398,0.0376344086022,0.89247311828,0.588235294118,0.10752688172,0.181818181818,0.677419354839,0.646356033453,0.0878378378378,0.137737833661,0.0698924731183,342,156,186,0,342,0,156,0,186,37,342,0.256756756757,1.72528881811,18.4864864865,15.5454545455,9.77142857143,5.36771015539,0.290358590277,0.142642642643,9.50849154237,1.02869645341,0.544491860281,8.05331334643,0.871264894205,0.461830251304,0.640599570326,0.371299902718,2,1.72528881811,0.640599570326,2,0.344071394247,0.376569037657,810,0.104247104247,0.56957682835,37,37,37,1,0,0.405405405405,0.540540540541,0.0540540540541,37,0.117117117117,2.18481481481,8.43243243243,7.09090909091,4.45714285714,5.03620525429,0.597242289772,0.326923076923,6.00062559301,1.42322530091,0.680526680527,3.83793300225,0.910278981302,0.463617463617,1.318977792,0.603702328937,4.32037037037,2.18481481481,1.318977792,4.32037037037,0,0,0,0,0.160896782956,37,37,37,1,0,0.405405405405,0.540540540541,0.0540540540541,37,190,0.142642642643,2.48966758789,10.2702702703,8.26086956522,5.13513513514,4.78219294564,0.465634576286,0.249359886202,6.03766953828,1.17575669956,0.608250355619,3.35130291547,0.652622146697,0.35533428165,1.49764755931,0.601545188839,4.0376902751,2.48966758789,1.49764755931,4.0376902751,0.12181214062,0.043795620438,30,0.003861003861,0.181345462172,37,37,37,1,0,0.378378378378,0.621621621622,0,-152,-0.114114114114,0.764378769779,-8.21621621622,-7.28458498024,-4.63629343629,-0.585517209749,0.175275986009,0.106717243559,-3.4708220041,0.147060246145,0.0637584953374,-4.70201043097,-0.218642747508,-0.106495969654,0.85704798898,0.230245286121,2.0376902751,0.764378769779,0.85704798898,2.0376902751,-0.222259253627,-0.332773417219,-780,-0.100386100386,-0.388231366178,-0.027027027027,0.0810810810811,-0.0540540540541,176,14,166,976,0.514619883041,0.985858585859,0.0141414141414,0.485380116959,0.926315789474,0.514619883041,0.661654135338,0.625181612518,0.5004784689,0.494382022472,34,186,0,0,0,0
1654,WLNM_dir_neg,0.426993004972,0.349228518857,00:00:05,10,40,34,1236695369,threshold_sweep,0.7,0.5625,0.0967741935484,0.165137614679,18,14,168,358,0.0967741935484,0.962365591398,0.0376344086022,0.903225806452,0.5625,0.0967741935484,0.165137614679,0.673835125448,0.647550776583,0.0745762711864,0.119905698054,0.0591397849462,342,156,186,0,342,0,156,0,186,37,342,0.256756756757,1.72528881811,18.4864864865,15.5454545455,9.77142857143,5.36771015539,0.290358590277,0.142642642643,9.50849154237,1.02869645341,0.544491860281,8.05331334643,0.871264894205,0.461830251304,0.640599570326,0.371299902718,2,1.72528881811,0.640599570326,2,0.344071394247,0.376569037657,810,0.104247104247,0.56957682835,37,37,37,1,0,0.405405405405,0.540540540541,0.0540540540541,37,0.117117117117,2.18481481481,8.43243243243,7.09090909091,4.45714285714,5.03620525429,0.597242289772,0.326923076923,6.00062559301,1.42322530091,0.680526680527,3.83793300225,0.910278981302,0.463617463617,1.318977792,0.603702328937,4.32037037037,2.18481481481,1.318977792,4.32037037037,0,0,0,0,0.160896782956,37,37,37,1,0,0.405405405405,0.540540540541,0.0540540540541,37,188,0.141141141141,2.49551764545,10.1621621622,8.17391304348,5.08108108108,4.64586741999,0.457173123775,0.244824611846,5.96461034575,1.17388607868,0.609545715929,3.38606932378,0.666407260532,0.361414606095,1.5050559552,0.603103711949,4.04714941423,2.49551764545,1.5050559552,4.04714941423,0.11980146686,0.0436090225564,29,0.0037323037323,0.1806129608,37,37,37,1,0,0.378378378378,0.621621621622,0,-154,-0.115615615616,0.770228827332,-8.32432432432,-7.37154150198,-4.69034749035,-0.721842735408,0.166814533498,0.102181969203,-3.54388119663,0.145189625269,0.0650538556474,-4.66724402265,-0.204857633673,-0.100415645208,0.864456384876,0.231803809231,2.04714941423,0.770228827332,0.864456384876,2.04714941423,-0.224269927387,-0.332960015101,-781,-0.100514800515,-0.38896386755,-0.027027027027,0.0810810810811,-0.0540540540541,174,14,168,976,0.508771929825,0.985858585859,0.0141414141414,0.491228070175,0.925531914894,0.508771929825,0.656603773585,0.620611215325,0.494630515683,0.488764044944,32,186,0,0,0,0
1655,WLNM_dir_neg,0.426993004972,0.349228518857,00:00:05,10,40,34,1236695369,threshold_sweep,0.8,0.58064516129,0.0967741935484,0.165898617512,18,13,168,359,0.0967741935484,0.965053763441,0.0349462365591,0.903225806452,0.58064516129,0.0967741935484,0.165898617512,0.675627240143,0.648148148148,0.0780984719864,0.127240885751,0.0618279569892,342,156,186,0,342,0,156,0,186,37,342,0.256756756757,1.72528881811,18.4864864865,15.5454545455,9.77142857143,5.36771015539,0.290358590277,0.142642642643,9.50849154237,1.02869645341,0.544491860281,8.05331334643,0.871264894205,0.461830251304,0.640599570326,0.371299902718,2,1.72528881811,0.640599570326,2,0.344071394247,0.376569037657,810,0.104247104247,0.56957682835,37,37,37,1,0,0.405405405405,0.540540540541,0.0540540540541,37,0.117117117117,2.18481481481,8.43243243243,7.09090909091,4.45714285714,5.03620525429,0.597242289772,0.326923076923,6.00062559301,1.42322530091,0.680526680527,3.83793300225,0.910278981302,0.463617463617,1.318977792,0.603702328937,4.32037037037,2.18481481481,1.318977792,4.32037037037,0,0,0,0,0.160896782956,37,37,37,1,0,0.405405405405,0.540540540541,0.0540540540541,37,187,0.14039039039,2.50344618535,10.1081081081,8.13043478261,5.05405405405,4.61750163198,0.456811658779,0.245122127475,5.96725297839,1.18068641818,0.611360023125,3.40706737651,0.674125630647,0.364792600087,1.51408660802,0.60480094075,4.06344841151,2.50344618535,1.51408660802,4.06344841151,0.12271930066,0.0441400304414,29,0.0037323037323,0.180619234719,37,37,37,1,0,0.378378378378,0.621621621622,0,-155,-0.116366366366,0.778157367234,-8.37837837838,-7.41501976285,-4.71737451737,-0.750208523415,0.166453068501,0.102479484832,-3.54123856398,0.151989964769,0.0668681628434,-4.64624596992,-0.197139263558,-0.0970376512172,0.873487037691,0.233501038033,2.06344841151,0.778157367234,0.873487037691,2.06344841151,-0.221352093587,-0.332429007216,-781,-0.100514800515,-0.38895759363,-0.027027027027,0.0810810810811,-0.0540540540541,174,13,168,977,0.508771929825,0.986868686869,0.0131313131313,0.491228070175,0.930481283422,0.508771929825,0.657844990548,0.623266798219,0.495640616693,0.49014084507,31,186,0,0,0,0
1656,WLNM_dir_neg,0.426993004972,0.349228518857,00:00:05,10,40,34,1236695369,threshold_sweep,0.9,0.642857142857,0.0967741935484,0.168224299065,18,10,168,362,0.0967741935484,0.97311827957,0.0268817204301,0.903225806452,0.642857142857,0.0967741935484,0.168224299065,0.681003584229,0.649940262843,0.0887372013652,0.150918124569,0.0698924731183,342,156,186,0,342,0,156,0,186,37,342,0.256756756757,1.72528881811,18.4864864865,15.5454545455,9.77142857143,5.36771015539,0.290358590277,0.142642642643,9.50849154237,1.02869645341,0.544491860281,8.05331334643,0.871264894205,0.461830251304,0.640599570326,0.371299902718,2,1.72528881811,0.640599570326,2,0.344071394247,0.376569037657,810,0.104247104247,0.56957682835,37,37,37,1,0,0.405405405405,0.540540540541,0.0540540540541,37,0.117117117117,2.18481481481,8.43243243243,7.09090909091,4.45714285714,5.03620525429,0.597242289772,0.326923076923,6.00062559301,1.42322530091,0.680526680527,3.83793300225,0.910278981302,0.463617463617,1.318977792,0.603702328937,4.32037037037,2.18481481481,1.318977792,4.32037037037,0,0,0,0,0.160896782956,37,37,37,1,0,0.405405405405,0.540540540541,0.0540540540541,37,184,0.138138138138,2.42688120211,9.94594594595,8,4.97297297297,4.66038831206,0.468571650941,0.250587544066,5.98371162447,1.20324635927,0.616921269095,3.4277177902,0.689269338247,0.370152761457,1.42051497392,0.585325302565,3.88056404726,2.42688120211,1.42051497392,3.88056404726,0.115125993067,0.0398773006135,26,0.0033462033462,0.177044047624,37,37,37,1,0,0.378378378378,0.621621621622,0,-158,-0.118618618619,0.701592383999,-8.54054054054,-7.54545454545,-4.79845559846,-0.70732184333,0.178213060664,0.107944901423,-3.52477991791,0.174549905853,0.0724294088138,-4.62559555623,-0.181995555958,-0.0916774898468,0.77991540359,0.214025399847,1.88056404726,0.701592383999,0.77991540359,1.88056404726,-0.22894540118,-0.336691737043,-784,-0.100900900901,-0.392532780726,-0.027027027027,0.0810810810811,-0.0540540540541,174,10,168,980,0.508771929825,0.989898989899,0.010101010101,0.491228070175,0.945652173913,0.508771929825,0.661596958175,0.631342226648,0.498670919724,0.494318181818,28,186,0,0,0,0
1657,WLNM_dir_neg,0.403637703781,0.342619457033,00:00:04,10,40,35,1236695370,threshold_sweep,0.1,0.666666666667,0.139784946237,0.231111111111,26,13,160,359,0.139784946237,0.965053763441,0.0349462365591,0.860215053763,0.666666666667,0.139784946237,0.231111111111,0.689964157706,0.643369175627,0.130653266332,0.193835637423,0.104838709677,342,156,186,0,342,0,156,0,186,37,342,0.256756756757,1.72528881811,18.4864864865,15.5454545455,9.77142857143,5.36771015539,0.290358590277,0.142642642643,9.50849154237,1.02869645341,0.544491860281,8.05331334643,0.871264894205,0.461830251304,0.640599570326,0.371299902718,2,1.72528881811,0.640599570326,2,0.344071394247,0.376569037657,810,0.104247104247,0.56957682835,37,37,37,1,0,0.405405405405,0.540540540541,0.0540540540541,37,0.117117117117,2.18481481481,8.43243243243,7.09090909091,4.45714285714,5.03620525429,0.597242289772,0.326923076923,6.00062559301,1.42322530091,0.680526680527,3.83793300225,0.910278981302,0.463617463617,1.318977792,0.603702328937,4.32037037037,2.18481481481,1.318977792,4.32037037037,0,0,0,0,0.160896782956,37,37,37,1,0,0.405405405405,0.540540540541,0.0540540540541,37,195,0.146396396396,2.69488390587,10.5405405405,8.47826086957,5.57142857143,4.68208521088,0.444197827699,0.227442827443,6.00300225188,1.13903119651,0.596812196812,3.39647405938,0.644459180498,0.35343035343,1.73273287642,0.642971251061,5.31646937139,2.69488390587,1.73273287642,5.31646937139,0.143222622089,0.0753488372093,54,0.00694980694981,0.193588364799,37,37,37,1,0,0.378378378378,0.567567567568,0.0540540540541,-147,-0.11036036036,0.969595087751,-7.94594594595,-7.06719367589,-4.2,-0.685624944515,0.153839237422,0.0848001848002,-3.5054892905,0.110334743095,0.0523203365309,-4.65683928706,-0.226805713707,-0.108399897874,1.09213330609,0.271671348343,3.31646937139,0.969595087751,1.09213330609,3.31646937139,-0.200848772158,-0.301220200448,-756,-0.0972972972973,-0.375988463551,-0.027027027027,0.027027027027,0,182,13,160,977,0.53216374269,0.986868686869,0.0131313131313,0.46783625731,0.933333333333,0.53216374269,0.677839851024,0.641398006912,0.519032429559,0.512676056338,39,186,0,0,0,0
1658,WLNM_dir_neg,0.403637703781,0.342619457033,00:00:04,10,40,35,1236695370,threshold_sweep,0.2,0.702702702703,0.139784946237,0.233183856502,26,11,160,361,0.139784946237,0.970430107527,0.0295698924731,0.860215053763,0.702702702703,0.139784946237,0.233183856502,0.693548387097,0.644563918757,0.13781512605,0.208808962348,0.110215053763,342,156,186,0,342,0,156,0,186,37,342,0.256756756757,1.72528881811,18.4864864865,15.5454545455,9.77142857143,5.36771015539,0.290358590277,0.142642642643,9.50849154237,1.02869645341,0.544491860281,8.05331334643,0.871264894205,0.461830251304,0.640599570326,0.371299902718,2,1.72528881811,0.640599570326,2,0.344071394247,0.376569037657,810,0.104247104247,0.56957682835,37,37,37,1,0,0.405405405405,0.540540540541,0.0540540540541,37,0.117117117117,2.18481481481,8.43243243243,7.09090909091,4.45714285714,5.03620525429,0.597242289772,0.326923076923,6.00062559301,1.42322530091,0.680526680527,3.83793300225,0.910278981302,0.463617463617,1.318977792,0.603702328937,4.32037037037,2.18481481481,1.318977792,4.32037037037,0,0,0,0,0.160896782956,37,37,37,1,0,0.405405405405,0.540540540541,0.0540540540541,37,193,0.144894894895,2.80448278337,10.4324324324,8.39130434783,5.51428571429,4.66393098708,0.447060742285,0.229659711525,6.03294259847,1.15657448779,0.603836997619,3.42486930112,0.656581161354,0.35961349951,1.88108827747,0.670743385778,5.83458759783,2.80448278337,1.88108827747,5.83458759783,0.147749207498,0.0760563380282,54,0.00694980694981,0.19167237023,37,37,37,1,0,0.378378378378,0.567567567568,0.0540540540541,-149,-0.111861861862,1.07919396525,-8.05405405405,-7.15415019763,-4.25714285714,-0.703779168313,0.156702152008,0.0870170688824,-3.47554894391,0.127878034374,0.059345137338,-4.62844404532,-0.214683732851,-0.102216751794,1.24048870715,0.299443483061,3.83458759783,1.07919396525,1.24048870715,3.83458759783,-0.196322186749,-0.300512699629,-756,-0.0972972972973,-0.37790445812,-0.027027027027,0.027027027027,0,182,11,160,979,0.53216374269,0.988888888889,0.0111111111111,0.46783625731,0.943005181347,0.53216374269,0.680373831776,0.646653641306,0.521052631579,0.515580736544,37,186,0,0,0,0
1659,WLNM_dir_neg,0.403637703781,0.342619457033,00:00:04,10,40,35,1236695370,threshold_sweep,0.3,0.705882352941,0.129032258065,0.218181818182,24,10,162,362,0.129032258065,0.97311827957,0.0268817204301,0.870967741935,0.705882352941,0.129032258065,0.218181818182,0.691756272401,0.646356033453,0.128378378378,0.201309141505,0.102150537634,342,156,186,0,342,0,156,0,186,37,342,0.256756756757,1.72528881811,18.4864864865,15.5454545455,9.77142857143,5.36771015539,0.290358590277,0.142642642643,9.50849154237,1.02869645341,0.544491860281,8.05331334643,0.871264894205,0.461830251304,0.640599570326,0.371299902718,2,1.72528881811,0.640599570326,2,0.344071394247,0.376569037657,810,0.104247104247,0.56957682835,37,37,37,1,0,0.405405405405,0.540540540541,0.0540540540541,37,0.117117117117,2.18481481481,8.43243243243,7.09090909091,4.45714285714,5.03620525429,0.597242289772,0.326923076923,6.00062559301,1.42322530091,0.680526680527,3.83793300225,0.910278981302,0.463617463617,1.318977792,0.603702328937,4.32037037037,2.18481481481,1.318977792,4.32037037037,0,0,0,0,0.160896782956,37,37,37,1,0,0.405405405405,0.540540540541,0.0540540540541,37,190,0.142642642643,2.82006130832,10.2702702703,8.26086956522,5.42857142857,4.71786585844,0.459371149375,0.239402560455,6.01462182316,1.1712684603,0.607681365576,3.48936608508,0.679508132357,0.370981507824,1.89796760286,0.673023525149,5.86478054274,2.82006130832,1.89796760286,5.86478054274,0.140857813684,0.0691642651297,48,0.00617760617761,0.192005450805,37,37,37,1,0,0.378378378378,0.567567567568,0.0540540540541,-152,-0.114114114114,1.09477249021,-8.21621621622,-7.28458498024,-4.34285714286,-0.649844296951,0.169012559098,0.0967599178125,-3.49386971921,0.142572006885,0.0631895052948,-4.56394726136,-0.191756761848,-0.0908487434803,1.25736803254,0.301723622431,3.86478054274,1.09477249021,1.25736803254,3.86478054274,-0.203213580564,-0.307404772527,-762,-0.0980694980695,-0.377571377545,-0.027027027027,0.027027027027,0,180,10,162,980,0.526315789474,0.989898989899,0.010101010101,0.473684210526,0.947368421053,0.526315789474,0.676691729323,0.644838905625,0.516214779373,0.511363636364,34,186,0,0,0,0
1660,WLNM_dir_neg,0.403637703781,0.342619457033,00:00:04,10,40,35,1236695370,threshold_sweep,0.4,0.69696969697,0.123655913978,0.2100456621,23,10,163,362,0.123655913978,0.97311827957,0.0268817204301,0.876344086022,0.69696969697,0.123655913978,0.2100456621,0.689964157706,0.646953405018,0.121827411168,0.193397511366,0.0967741935484,342,156,186,0,342,0,156,0,186,37,342,0.256756756757,1.72528881811,18.4864864865,15.5454545455,9.77142857143,5.36771015539,0.290358590277,0.142642642643,9.50849154237,1.02869645341,0.544491860281,8.05331334643,0.871264894205,0.461830251304,0.640599570326,0.371299902718,2,1.72528881811,0.640599570326,2,0.344071394247,0.376569037657,810,0.104247104247,0.56957682835,37,37,37,1,0,0.405405405405,0.540540540541,0.0540540540541,37,0.117117117117,2.18481481481,8.43243243243,7.09090909091,4.45714285714,5.03620525429,0.597242289772,0.326923076923,6.00062559301,1.42322530091,0.680526680527,3.83793300225,0.910278981302,0.463617463617,1.318977792,0.603702328937,4.32037037037,2.18481481481,1.318977792,4.32037037037,0,0,0,0,0.160896782956,37,37,37,1,0,0.405405405405,0.540540540541,0.0540540540541,37,189,0.141891891892,2.81996150154,10.2162162162,8.21739130435,5.4,4.76174066641,0.466096308617,0.244244244244,6.01287407607,1.17712349637,0.608894608895,3.51017397308,0.687176915366,0.37466037466,1.89783001158,0.672998553543,5.86478054274,2.81996150154,1.89783001158,5.86478054274,0.138217934957,0.0637373249638,44,0.00566280566281,0.192336670218,37,37,37,1,0,0.378378378378,0.567567567568,0.0540540540541,-153,-0.114864864865,1.09467268342,-8.27027027027,-7.32806324111,-4.37142857143,-0.60596948898,0.17573771834,0.101601601602,-3.49561746631,0.148427042958,0.0644027486133,-4.54313937335,-0.184087978839,-0.0871698766436,1.25723044125,0.301698650825,3.86478054274,1.09467268342,1.25723044125,3.86478054274,-0.20585345929,-0.312831712693,-766,-0.0985842985843,-0.377240158132,-0.027027027027,0.027027027027,0,179,10,163,980,0.523391812865,0.989898989899,0.010101010101,0.476608187135,0.94708994709,0.523391812865,0.674199623352,0.642599103918,0.513290802764,0.508522727273,33,186,0,0,0,0
1661,WLNM_dir_neg,0.403637703781,0.342619457033,00:00:04,10,40,35,1236695370,threshold_sweep,0.5,0.71875,0.123655913978,0.211009174312,23,9,163,363,0.123655913978,0.975806451613,0.0241935483871,0.876344086022,0.71875,0.123655913978,0.211009174312,0.691756272401,0.647550776583,0.125423728814,0.201659583091,0.0994623655914,342,156,186,0,342,0,156,0,186,37,342,0.256756756757,1.72528881811,18.4864864865,15.5454545455,9.77142857143,5.36771015539,0.290358590277,0.142642642643,9.50849154237,1.02869645341,0.544491860281,8.05331334643,0.871264894205,0.461830251304,0.640599570326,0.371299902718,2,1.72528881811,0.640599570326,2,0.344071394247,0.376569037657,810,0.104247104247,0.56957682835,37,37,37,1,0,0.405405405405,0.540540540541,0.0540540540541,37,0.117117117117,2.18481481481,8.43243243243,7.09090909091,4.45714285714,5.03620525429,0.597242289772,0.326923076923,6.00062559301,1.42322530091,0.680526680527,3.83793300225,0.910278981302,0.463617463617,1.318977792,0.603702328937,4.32037037037,2.18481481481,1.318977792,4.32037037037,0,0,0,0,0.160896782956,37,37,37,1,0,0.405405405405,0.540540540541,0.0540540540541,37,188,0.141141141141,2.79260430198,10.1621621622,8.17391304348,5.37142857143,4.78140793719,0.470510887437,0.247699827487,6.01562030781,1.18392527334,0.610695802185,3.50696432813,0.690200426282,0.37636572743,1.86973313612,0.669530278526,5.8193230281,2.79260430198,1.86973313612,5.8193230281,0.1301479008,0.0568513119534,39,0.00501930501931,0.190576835849,37,37,37,1,0,0.378378378378,0.567567567568,0.0540540540541,-154,-0.115615615616,1.06731548387,-8.32432432432,-7.37154150198,-4.4,-0.586302218199,0.18015229716,0.105057184844,-3.49287123457,0.15522881993,0.0662039419038,-4.5463490183,-0.181064467923,-0.0854645238744,1.22913356579,0.298230375808,3.8193230281,1.06731548387,1.22913356579,3.8193230281,-0.213923493447,-0.319717725704,-771,-0.0992277992278,-0.378999992501,-0.027027027027,0.027027027027,0,179,9,163,981,0.523391812865,0.990909090909,0.00909090909091,0.476608187135,0.952127659574,0.523391812865,0.675471698113,0.645291583948,0.514300903775,0.509971509972,32,186,0,0,0,0
1662,WLNM_dir_neg,0.403637703781,0.342619457033,00:00:04,10,40,35,1236695370,threshold_sweep,0.6,0.709677419355,0.118279569892,0.202764976959,22,9,164,363,0.118279569892,0.975806451613,0.0241935483871,0.881720430108,0.709677419355,0.118279569892,0.202764976959,0.689964157706,0.648148148148,0.118845500849,0.193627434838,0.0940860215054,342,156,186,0,342,0,156,0,186,37,342,0.256756756757,1.72528881811,18.4864864865,15.5454545455,9.77142857143,5.36771015539,0.290358590277,0.142642642643,9.50849154237,1.02869645341,0.544491860281,8.05331334643,0.871264894205,0.461830251304,0.640599570326,0.371299902718,2,1.72528881811,0.640599570326,2,0.344071394247,0.376569037657,810,0.104247104247,0.56957682835,37,37,37,1,0,0.405405405405,0.540540540541,0.0540540540541,37,0.117117117117,2.18481481481,8.43243243243,7.09090909091,4.45714285714,5.03620525429,0.597242289772,0.326923076923,6.00062559301,1.42322530091,0.680526680527,3.83793300225,0.910278981302,0.463617463617,1.318977792,0.603702328937,4.32037037037,2.18481481481,1.318977792,4.32037037037,0,0,0,0,0.160896782956,37,37,37,1,0,0.405405405405,0.540540540541,0.0540540540541,37,187,0.14039039039,2.82298107153,10.1081081081,8.13043478261,5.34285714286,4.68913510021,0.463898392266,0.245122127475,5.99974974453,1.18711625961,0.611649082237,3.48764442908,0.690068683828,0.377222141928,1.90993334499,0.676566118084,5.95871017846,2.82298107153,1.90993334499,5.95871017846,0.113977388977,0.0459259259259,31,0.0039897039897,0.188235737115,37,37,37,1,0,0.378378378378,0.567567567568,0.0540540540541,-155,-0.116366366366,1.09769225341,-8.37837837838,-7.41501976285,-4.42857142857,-0.678575055187,0.173539801989,0.102479484832,-3.50874179784,0.158419806198,0.067157221956,-4.56566891736,-0.181196210377,-0.0846081093759,1.26933377466,0.305266215366,3.95871017846,1.09769225341,1.26933377466,3.95871017846,-0.23009400527,-0.330643111731,-779,-0.100257400257,-0.381341091235,-0.027027027027,0.027027027027,0,178,9,164,981,0.520467836257,0.990909090909,0.00909090909091,0.479532163743,0.951871657754,0.520467836257,0.672967863894,0.643055168086,0.511376927166,0.507122507123,31,186,0,0,0,0
1663,WLNM_dir_neg,0.403637703781,0.342619457033,00:00:04,10,40,35,1236695370,threshold_sweep,0.7,0.666666666667,0.0967741935484,0.169014084507,18,9,168,363,0.0967741935484,0.975806451613,0.0241935483871,0.903225806452,0.666666666667,0.0967741935484,0.169014084507,0.682795698925,0.650537634409,0.0923076923077,0.159448201036,0.0725806451613,342,156,186,0,342,0,156,0,186,37,342,0.256756756757,1.72528881811,18.4864864865,15.5454545455,9.77142857143,5.36771015539,0.290358590277,0.142642642643,9.50849154237,1.02869645341,0.544491860281,8.05331334643,0.871264894205,0.461830251304,0.640599570326,0.371299902718,2,1.72528881811,0.640599570326,2,0.344071394247,0.376569037657,810,0.104247104247,0.56957682835,37,37,37,1,0,0.405405405405,0.540540540541,0.0540540540541,37,0.117117117117,2.18481481481,8.43243243243,7.09090909091,4.45714285714,5.03620525429,0.597242289772,0.326923076923,6.00062559301,1.42322530091,0.680526680527,3.83793300225,0.910278981302,0.463617463617,1.318977792,0.603702328937,4.32037037037,2.18481481481,1.318977792,4.32037037037,0,0,0,0,0.160896782956,37,37,37,1,0,0.405405405405,0.540540540541,0.0540540540541,37,183,0.137387387387,2.79471042781,9.89189189189,7.95652173913,5.22857142857,4.74215014397,0.47939769215,0.254910648353,5.92989575487,1.19894067175,0.616452518092,3.53510919167,0.71474885296,0.387830453404,1.8798895744,0.672659877635,5.90559808439,2.79471042781,1.8798895744,5.90559808439,0.102216521334,0.0348484848485,23,0.0029601029601,0.184496179571,37,37,37,1,0,0.378378378378,0.567567567568,0.0540540540541,-159,-0.119369369369,1.06942160969,-8.59459459459,-7.58893280632,-4.54285714286,-0.62556001142,0.189039101873,0.112268005711,-3.5785957875,0.170244218336,0.0719606578105,-4.51820415477,-0.156516041245,-0.0739997978997,1.23929000407,0.301359974917,3.90559808439,1.06942160969,1.23929000407,3.90559808439,-0.241854872913,-0.341720552808,-787,-0.101287001287,-0.385080648779,-0.027027027027,0.027027027027,0,174,9,168,981,0.508771929825,0.990909090909,0.00909090909091,0.491228070175,0.950819672131,0.508771929825,0.662857142857,0.634071079582,0.499681020734,0.495726495726,27,186,0,0,0,0
1664,WLNM_dir_neg,0.403637703781,0.342619457033,00:00:04,10,40,35,1236695370,threshold_sweep,0.8,0.653846153846,0.0913978494624,0.160377358491,17,9,169,363,0.0913978494624,0.975806451613,0.0241935483871,0.908602150538,0.653846153846,0.0913978494624,0.160377358491,0.681003584229,0.651135005974,0.0856164383562,0.150308146951,0.0672043010753,342,156,186,0,342,0,156,0,186,37,342,0.256756756757,1.72528881811,18.4864864865,15.5454545455,9.77142857143,5.36771015539,0.290358590277,0.142642642643,9.50849154237,1.02869645341,0.544491860281,8.05331334643,0.871264894205,0.461830251304,0.640599570326,0.371299902718,2,1.72528881811,0.640599570326,2,0.344071394247,0.376569037657,810,0.104247104247,0.56957682835,37,37,37,1,0,0.405405405405,0.540540540541,0.0540540540541,37,0.117117117117,2.18481481481,8.43243243243,7.09090909091,4.45714285714,5.03620525429,0.597242289772,0.326923076923,6.00062559301,1.42322530091,0.680526680527,3.83793300225,0.910278981302,0.463617463617,1.318977792,0.603702328937,4.32037037037,2.18481481481,1.318977792,4.32037037037,0,0,0,0,0.160896782956,37,37,37,1,0,0.405405405405,0.540540540541,0.0540540540541,37,182,0.136636636637,2.79779864448,9.83783783784,7.91304347826,5.2,4.79301293269,0.487201864038,0.260023760024,5.93192107902,1.20593999958,0.618057618058,3.56197805828,0.724138396464,0.392931392931,1.88417105043,0.673447695798,5.90559808439,2.79779864448,1.88417105043,5.90559808439,0.103409922528,0.0319796954315,21,0.0027027027027,0.185252355416,37,37,37,1,0,0.378378378378,0.567567567568,0.0540540540541,-160,-0.12012012012,1.07250982636,-8.64864864865,-7.63241106719,-4.57142857143,-0.574697222699,0.19684327376,0.117381117381,-3.57657046336,0.177243546166,0.0735657577763,-4.49133528815,-0.147126497741,-0.0688988583725,1.2435714801,0.302147793081,3.90559808439,1.07250982636,1.2435714801,3.90559808439,-0.24066147172,-0.344589342225,-789,-0.101544401544,-0.384324472934,-0.027027027027,0.027027027027,0,173,9,169,981,0.505847953216,0.990909090909,0.00909090909091,0.494152046784,0.950549450549,0.505847953216,0.660305343511,0.631815200827,0.496757044125,0.492877492877,26,186,0,0,0,0
1665,WLNM_dir_neg,0.403637703781,0.342619457033,00:00:04,10,40,35,1236695370,threshold_sweep,0.9,0.625,0.0806451612903,0.142857142857,15,9,171,363,0.0806451612903,0.975806451613,0.0241935483871,0.91935483871,0.625,0.0806451612903,0.142857142857,0.677419354839,0.652329749104,0.0721649484536,0.131168045574,0.0564516129032,342,156,186,0,342,0,156,0,186,37,342,0.256756756757,1.72528881811,18.4864864865,15.5454545455,9.77142857143,5.36771015539,0.290358590277,0.142642642643,9.50849154237,1.02869645341,0.544491860281,8.05331334643,0.871264894205,0.461830251304,0.640599570326,0.371299902718,2,1.72528881811,0.640599570326,2,0.344071394247,0.376569037657,810,0.104247104247,0.56957682835,37,37,37,1,0,0.405405405405,0.540540540541,0.0540540540541,37,0.117117117117,2.18481481481,8.43243243243,7.09090909091,4.45714285714,5.03620525429,0.597242289772,0.326923076923,6.00062559301,1.42322530091,0.680526680527,3.83793300225,0.910278981302,0.463617463617,1.318977792,0.603702328937,4.32037037037,2.18481481481,1.318977792,4.32037037037,0,0,0,0,0.160896782956,37,37,37,1,0,0.405405405405,0.540540540541,0.0540540540541,37,180,0.135135135135,2.79771323668,9.72972972973,7.82608695652,5.14285714286,4.89698687771,0.503301429098,0.27027027027,5.95428026326,1.22393538745,0.624624624625,3.56029151555,0.731837700418,0.396396396396,1.89414350133,0.677032755358,5.90559808439,2.79771323668,1.89414350133,5.90559808439,0.091733310851,0.0276497695853,18,0.0023166023166,0.182286003586,37,37,37,1,0,0.378378378378,0.567567567568,0.0540540540541,-162,-0.121621621622,1.07242441857,-8.75675675676,-7.71936758893,-4.62857142857,-0.470723277682,0.212942838821,0.127627627628,-3.55421127911,0.195238934033,0.0801327643433,-4.49302183089,-0.139427193787,-0.0654338549075,1.25354393101,0.30573285264,3.90559808439,1.07242441857,1.25354393101,3.90559808439,-0.252338083396,-0.348919268072,-792,-0.101930501931,-0.387290824764,-0.027027027027,0.027027027027,0,171,9,171,981,0.5,0.990909090909,0.00909090909091,0.5,0.95,0.5,0.655172413793,0.627291254667,0.490909090909,0.487179487179,24,186,0,0,0,0
1666,WLNM_dir_neg,0.407308648399,0.308907014217,00:00:05,10,40,36,1236695371,threshold_sweep,0.1,0.441860465116,0.102150537634,0.165938864629,19,24,167,348,0.102150537634,0.935483870968,0.0645161290323,0.897849462366,0.441860465116,0.102150537634,0.165938864629,0.65770609319,0.640979689367,0.0465890183028,0.0665235160617,0.0376344086022,342,156,186,0,342,0,156,0,186,37,342,0.256756756757,1.72528881811,18.4864864865,15.5454545455,9.77142857143,5.36771015539,0.290358590277,0.142642642643,9.50849154237,1.02869645341,0.544491860281,8.05331334643,0.871264894205,0.461830251304,0.640599570326,0.371299902718,2,1.72528881811,0.640599570326,2,0.344071394247,0.376569037657,810,0.104247104247,0.56957682835,37,37,37,1,0,0.405405405405,0.540540540541,0.0540540540541,37,0.117117117117,2.18481481481,8.43243243243,7.09090909091,4.45714285714,5.03620525429,0.597242289772,0.326923076923,6.00062559301,1.42322530091,0.680526680527,3.83793300225,0.910278981302,0.463617463617,1.318977792,0.603702328937,4.32037037037,2.18481481481,1.318977792,4.32037037037,0,0,0,0,0.160896782956,37,37,37,1,0,0.405405405405,0.540540540541,0.0540540540541,37,199,0.149399399399,23.5564422244,10.7567567568,5.85294117647,5.52777777778,4.41842987073,0.410758555821,0.218660871927,5.62904842635,1.04660699384,0.538910770067,3.75907310791,0.698923140667,0.377563493141,7.06819321551,0.300053511823,27.9397759978,23.5564422244,7.06819321551,27.9397759978,0.132329269481,0.0699865410498,52,0.00669240669241,0.195913827774,37,37,37,1,0,0.0810810810811,0.891891891892,0.027027027027,-143,-0.107357357357,21.8311534063,-7.72972972973,-9.69251336898,-4.24365079365,-0.949280284667,0.120399965544,0.0760182292846,-3.87944311603,0.017910540429,-0.00558109021479,-4.29424023852,-0.172341753538,-0.0842667581626,6.42759364518,-0.0712463908946,25.9397759978,21.8311534063,6.42759364518,25.9397759978,-0.211742124766,-0.306582496607,-758,-0.0975546975547,-0.373663000576,-0.324324324324,0.351351351351,-0.027027027027,175,24,167,966,0.511695906433,0.975757575758,0.0242424242424,0.488304093567,0.879396984925,0.511695906433,0.646950092421,0.597341013351,0.48745348219,0.478142076503,43,186,0,0,0,0
1667,WLNM_dir_neg,0.407308648399,0.308907014217,00:00:05,10,40,36,1236695371,threshold_sweep,0.2,0.535714285714,0.0806451612903,0.140186915888,15,13,171,359,0.0806451612903,0.965053763441,0.0349462365591,0.91935483871,0.535714285714,0.0806451612903,0.140186915888,0.670250896057,0.649940262843,0.0580204778157,0.0986772352952,0.0456989247312,342,156,186,0,342,0,156,0,186,37,342,0.256756756757,1.72528881811,18.4864864865,15.5454545455,9.77142857143,5.36771015539,0.290358590277,0.142642642643,9.50849154237,1.02869645341,0.544491860281,8.05331334643,0.871264894205,0.461830251304,0.640599570326,0.371299902718,2,1.72528881811,0.640599570326,2,0.344071394247,0.376569037657,810,0.104247104247,0.56957682835,37,37,37,1,0,0.405405405405,0.540540540541,0.0540540540541,37,0.117117117117,2.18481481481,8.43243243243,7.09090909091,4.45714285714,5.03620525429,0.597242289772,0.326923076923,6.00062559301,1.42322530091,0.680526680527,3.83793300225,0.910278981302,0.463617463617,1.318977792,0.603702328937,4.32037037037,2.18481481481,1.318977792,4.32037037037,0,0,0,0,0.160896782956,37,37,37,1,0,0.405405405405,0.540540540541,0.0540540540541,37,184,0.138138138138,3.3379729309,9.94594594595,8,5.11111111111,4.21601408617,0.42389272062,0.220769682726,5.89013528654,1.18442937827,0.609576968273,3.40331934772,0.684363129705,0.370740305523,2.5840558354,0.774139242259,7.72953451043,3.3379729309,2.5840558354,7.72953451043,0.114195691208,0.036012526096,23,0.0029601029601,0.175431651113,37,37,37,1,0,0.378378378378,0.594594594595,0.027027027027,-158,-0.118618618619,1.61268411278,-8.54054054054,-7.54545454545,-4.66031746032,-1.15169606922,0.133534130343,0.0781270400836,-3.61835625584,0.155732924856,0.0650851079913,-4.64999399871,-0.1869017645,-0.091089945781,1.94345626508,0.402839339541,5.72953451043,1.61268411278,1.94345626508,5.72953451043,-0.229875703039,-0.340556511561,-787,-0.101287001287,-0.394145177237,-0.027027027027,0.0540540540541,-0.027027027027,171,13,171,977,0.5,0.986868686869,0.0131313131313,0.5,0.929347826087,0.5,0.650190114068,0.616400011902,0.486868686869,0.481690140845,28,186,0,0,0,0
1668,WLNM_dir_neg,0.407308648399,0.308907014217,00:00:05,10,40,36,1236695371,threshold_sweep,0.3,0.434782608696,0.0537634408602,0.0956937799043,10,13,176,359,0.0537634408602,0.965053763441,0.0349462365591,0.94623655914,0.434782608696,0.0537634408602,0.0956937799043,0.661290322581,0.652927120669,0.0240963855422,0.0446213014657,0.0188172043011,342,156,186,0,342,0,156,0,186,37,342,0.256756756757,1.72528881811,18.4864864865,15.5454545455,9.77142857143,5.36771015539,0.290358590277,0.142642642643,9.50849154237,1.02869645341,0.544491860281,8.05331334643,0.871264894205,0.461830251304,0.640599570326,0.371299902718,2,1.72528881811,0.640599570326,2,0.344071394247,0.376569037657,810,0.104247104247,0.56957682835,37,37,37,1,0,0.405405405405,0.540540540541,0.0540540540541,37,0.117117117117,2.18481481481,8.43243243243,7.09090909091,4.45714285714,5.03620525429,0.597242289772,0.326923076923,6.00062559301,1.42322530091,0.680526680527,3.83793300225,0.910278981302,0.463617463617,1.318977792,0.603702328937,4.32037037037,2.18481481481,1.318977792,4.32037037037,0,0,0,0,0.160896782956,37,37,37,1,0,0.405405405405,0.540540540541,0.0540540540541,37,179,0.134384384384,3.28630544785,9.67567567568,7.78260869565,4.97222222222,4.24953627571,0.439197883244,0.229201268307,5.86663595406,1.21265659386,0.619054808999,3.46821690909,0.716893997969,0.385323871357,2.49628482324,0.759602192446,7.39225181598,3.28630544785,2.49628482324,7.39225181598,0.0814665505842,0.0245633187773,15,0.0019305019305,0.170137949906,37,37,37,1,0,0.378378378378,0.594594594595,0.027027027027,-163,-0.122372372372,1.56101662974,-8.81081081081,-7.7628458498,-4.79920634921,-1.11817387969,0.148839292966,0.0865586256648,-3.64185558832,0.18396014044,0.0745629487176,-4.58509643734,-0.154370896236,-0.0765063799465,1.85568525291,0.388302289728,5.39225181598,1.56101662974,1.85568525291,5.39225181598,-0.262604843663,-0.35200571888,-795,-0.102316602317,-0.399438878444,-0.027027027027,0.0540540540541,-0.027027027027,166,13,176,977,0.485380116959,0.986868686869,0.0131313131313,0.514619883041,0.927374301676,0.485380116959,0.637236084453,0.604867635924,0.472248803828,0.467605633803,23,186,0,0,0,0
1669,WLNM_dir_neg,0.407308648399,0.308907014217,00:00:05,10,40,36,1236695371,threshold_sweep,0.4,0.388888888889,0.0376344086022,0.0686274509804,7,11,179,361,0.0376344086022,0.970430107527,0.0295698924731,0.962365591398,0.388888888889,0.0376344086022,0.0686274509804,0.659498207885,0.655913978495,0.0104166666667,0.0215165741456,0.00806451612903,342,156,186,0,342,0,156,0,186,37,342,0.256756756757,1.72528881811,18.4864864865,15.5454545455,9.77142857143,5.36771015539,0.290358590277,0.142642642643,9.50849154237,1.02869645341,0.544491860281,8.05331334643,0.871264894205,0.461830251304,0.640599570326,0.371299902718,2,1.72528881811,0.640599570326,2,0.344071394247,0.376569037657,810,0.104247104247,0.56957682835,37,37,37,1,0,0.405405405405,0.540540540541,0.0540540540541,37,0.117117117117,2.18481481481,8.43243243243,7.09090909091,4.45714285714,5.03620525429,0.597242289772,0.326923076923,6.00062559301,1.42322530091,0.680526680527,3.83793300225,0.910278981302,0.463617463617,1.318977792,0.603702328937,4.32037037037,2.18481481481,1.318977792,4.32037037037,0,0,0,0,0.160896782956,37,37,37,1,0,0.405405405405,0.540540540541,0.0540540540541,37,174,0.130630630631,3.26480133816,9.40540540541,7.5652173913,4.83333333333,4.29120197782,0.456248486147,0.241845293569,5.83030809585,1.23977815831,0.623796210003,3.54232240882,0.753252466244,0.401988195092,2.47235453362,0.757275643307,7.39225181598,3.26480133816,2.47235453362,7.39225181598,0.0713370933959,0.0188679245283,11,0.0014157014157,0.166134167765,37,37,37,1,0,0.378378378378,0.594594594595,0.027027027027,-168,-0.126126126126,1.53951252004,-9.08108108108,-7.98023715415,-4.9380952381,-1.07650817758,0.16588989587,0.0992026509268,-3.67818344653,0.211081704897,0.0793043497218,-4.51099093761,-0.118012427961,-0.0598420562123,1.8317549633,0.385975740589,5.39225181598,1.53951252004,1.8317549633,5.39225181598,-0.272734300851,-0.357701113129,-799,-0.102831402831,-0.403442660585,-0.027027027027,0.0540540540541,-0.027027027027,163,11,179,979,0.476608187135,0.988888888889,0.0111111111111,0.523391812865,0.936781609195,0.476608187135,0.631782945736,0.603418615193,0.465497076023,0.461756373938,18,186,0,0,0,0
1670,WLNM_dir_neg,0.407308648399,0.308907014217,00:00:05,10,40,36,1236695371,threshold_sweep,0.5,0.388888888889,0.0376344086022,0.0686274509804,7,11,179,361,0.0376344086022,0.970430107527,0.0295698924731,0.962365591398,0.388888888889,0.0376344086022,0.0686274509804,0.659498207885,0.655913978495,0.0104166666667,0.0215165741456,0.00806451612903,342,156,186,0,342,0,156,0,186,37,342,0.256756756757,1.72528881811,18.4864864865,15.5454545455,9.77142857143,5.36771015539,0.290358590277,0.142642642643,9.50849154237,1.02869645341,0.544491860281,8.05331334643,0.871264894205,0.461830251304,0.640599570326,0.371299902718,2,1.72528881811,0.640599570326,2,0.344071394247,0.376569037657,810,0.104247104247,0.56957682835,37,37,37,1,0,0.405405405405,0.540540540541,0.0540540540541,37,0.117117117117,2.18481481481,8.43243243243,7.09090909091,4.45714285714,5.03620525429,0.597242289772,0.326923076923,6.00062559301,1.42322530091,0.680526680527,3.83793300225,0.910278981302,0.463617463617,1.318977792,0.603702328937,4.32037037037,2.18481481481,1.318977792,4.32037037037,0,0,0,0,0.160896782956,37,37,37,1,0,0.405405405405,0.540540540541,0.0540540540541,37,174,0.130630630631,3.26480133816,9.40540540541,7.5652173913,4.83333333333,4.29120197782,0.456248486147,0.241845293569,5.83030809585,1.23977815831,0.623796210003,3.54232240882,0.753252466244,0.401988195092,2.47235453362,0.757275643307,7.39225181598,3.26480133816,2.47235453362,7.39225181598,0.0713370933959,0.0188679245283,11,0.0014157014157,0.166134167765,37,37,37,1,0,0.378378378378,0.594594594595,0.027027027027,-168,-0.126126126126,1.53951252004,-9.08108108108,-7.98023715415,-4.9380952381,-1.07650817758,0.16588989587,0.0992026509268,-3.67818344653,0.211081704897,0.0793043497218,-4.51099093761,-0.118012427961,-0.0598420562123,1.8317549633,0.385975740589,5.39225181598,1.53951252004,1.8317549633,5.39225181598,-0.272734300851,-0.357701113129,-799,-0.102831402831,-0.403442660585,-0.027027027027,0.0540540540541,-0.027027027027,163,11,179,979,0.476608187135,0.988888888889,0.0111111111111,0.523391812865,0.936781609195,0.476608187135,0.631782945736,0.603418615193,0.465497076023,0.461756373938,18,186,0,0,0,0
1671,WLNM_dir_neg,0.407308648399,0.308907014217,00:00:05,10,40,36,1236695371,threshold_sweep,0.6,0.4375,0.0376344086022,0.0693069306931,7,9,179,363,0.0376344086022,0.975806451613,0.0241935483871,0.962365591398,0.4375,0.0376344086022,0.0693069306931,0.663082437276,0.657108721625,0.0174216027875,0.0379660462019,0.0134408602151,342,156,186,0,342,0,156,0,186,37,342,0.256756756757,1.72528881811,18.4864864865,15.5454545455,9.77142857143,5.36771015539,0.290358590277,0.142642642643,9.50849154237,1.02869645341,0.544491860281,8.05331334643,0.871264894205,0.461830251304,0.640599570326,0.371299902718,2,1.72528881811,0.640599570326,2,0.344071394247,0.376569037657,810,0.104247104247,0.56957682835,37,37,37,1,0,0.405405405405,0.540540540541,0.0540540540541,37,0.117117117117,2.18481481481,8.43243243243,7.09090909091,4.45714285714,5.03620525429,0.597242289772,0.326923076923,6.00062559301,1.42322530091,0.680526680527,3.83793300225,0.910278981302,0.463617463617,1.318977792,0.603702328937,4.32037037037,2.18481481481,1.318977792,4.32037037037,0,0,0,0,0.160896782956,37,37,37,1,0,0.405405405405,0.540540540541,0.0540540540541,37,172,0.129129129129,2.24705027934,9.2972972973,7.81818181818,4.77777777778,4.4150302935,0.474872444359,0.253771213074,5.85574843976,1.25966681553,0.631363922062,3.57628155908,0.769316381894,0.408233815211,1.34214965048,0.597294000416,4.19906860654,2.24705027934,1.34214965048,4.19906860654,0.0641298861887,0.0155799192152,9,0.0011583011583,0.179944856731,37,37,37,1,0,0.405405405405,0.567567567568,0.027027027027,-170,-0.127627627628,0.521761461224,-9.18918918919,-7.72727272727,-4.99365079365,-0.952679861897,0.184513854082,0.111128570431,-3.65274310261,0.230970362116,0.0868720617803,-4.47703178736,-0.101948512311,-0.0535964360934,0.701550080156,0.225994097698,2.19906860654,0.521761461224,0.701550080156,2.19906860654,-0.279941508059,-0.360989118442,-801,-0.103088803089,-0.389631971619,0,0.027027027027,-0.027027027027,163,9,179,981,0.476608187135,0.990909090909,0.00909090909091,0.523391812865,0.947674418605,0.476608187135,0.634241245136,0.609024968511,0.467517278044,0.464387464387,16,186,0,0,0,0
1672,WLNM_dir_neg,0.407308648399,0.308907014217,00:00:05,10,40,36,1236695371,threshold_sweep,0.7,0.466666666667,0.0376344086022,0.0696517412935,7,8,179,364,0.0376344086022,0.978494623656,0.0215053763441,0.962365591398,0.466666666667,0.0376344086022,0.0696517412935,0.664874551971,0.65770609319,0.020942408377,0.0470100494722,0.0161290322581,342,156,186,0,342,0,156,0,186,37,342,0.256756756757,1.72528881811,18.4864864865,15.5454545455,9.77142857143,5.36771015539,0.290358590277,0.142642642643,9.50849154237,1.02869645341,0.544491860281,8.05331334643,0.871264894205,0.461830251304,0.640599570326,0.371299902718,2,1.72528881811,0.640599570326,2,0.344071394247,0.376569037657,810,0.104247104247,0.56957682835,37,37,37,1,0,0.405405405405,0.540540540541,0.0540540540541,37,0.117117117117,2.18481481481,8.43243243243,7.09090909091,4.45714285714,5.03620525429,0.597242289772,0.326923076923,6.00062559301,1.42322530091,0.680526680527,3.83793300225,0.910278981302,0.463617463617,1.318977792,0.603702328937,4.32037037037,2.18481481481,1.318977792,4.32037037037,0,0,0,0,0.160896782956,37,37,37,1,0,0.405405405405,0.540540540541,0.0540540540541,37,171,0.128378378378,2.26580105353,9.24324324324,7.77272727273,4.75,4.3868832609,0.474604329395,0.254306938517,5.86113068041,1.26819786652,0.633791686423,3.58508756558,0.775720701324,0.410621147463,1.37365901109,0.606257556879,4.25134441291,2.26580105353,1.37365901109,4.25134441291,0.0581838140662,0.0140105078809,8,0.0010296010296,0.178335222978,37,37,37,1,0,0.405405405405,0.567567567568,0.027027027027,-171,-0.128378378378,0.540512235419,-9.24324324324,-7.77272727273,-5.02142857143,-0.980826894496,0.184245739118,0.111664295875,-3.64736086196,0.239501413107,0.0892998261419,-4.46822578086,-0.0955441928813,-0.0512091038407,0.733059440763,0.234957654161,2.25134441291,0.540512235419,0.733059440763,2.25134441291,-0.285887580181,-0.362558529776,-802,-0.103217503218,-0.391241605372,0,0.027027027027,-0.027027027027,163,8,179,982,0.476608187135,0.991919191919,0.00808080808081,0.523391812865,0.953216374269,0.476608187135,0.635477582846,0.611859151111,0.468527379054,0.465714285714,15,186,0,0,0,0
1673,WLNM_dir_neg,0.407308648399,0.308907014217,00:00:05,10,40,36,1236695371,threshold_sweep,0.8,0.461538461538,0.0322580645161,0.0603015075377,6,7,180,365,0.0322580645161,0.981182795699,0.0188172043011,0.967741935484,0.461538461538,0.0322580645161,0.0603015075377,0.664874551971,0.65890083632,0.0175131348511,0.0420034612278,0.0134408602151,342,156,186,0,342,0,156,0,186,37,342,0.256756756757,1.72528881811,18.4864864865,15.5454545455,9.77142857143,5.36771015539,0.290358590277,0.142642642643,9.50849154237,1.02869645341,0.544491860281,8.05331334643,0.871264894205,0.461830251304,0.640599570326,0.371299902718,2,1.72528881811,0.640599570326,2,0.344071394247,0.376569037657,810,0.104247104247,0.56957682835,37,37,37,1,0,0.405405405405,0.540540540541,0.0540540540541,37,0.117117117117,2.18481481481,8.43243243243,7.09090909091,4.45714285714,5.03620525429,0.597242289772,0.326923076923,6.00062559301,1.42322530091,0.680526680527,3.83793300225,0.910278981302,0.463617463617,1.318977792,0.603702328937,4.32037037037,2.18481481481,1.318977792,4.32037037037,0,0,0,0,0.160896782956,37,37,37,1,0,0.405405405405,0.540540540541,0.0540540540541,37,169,0.126876876877,2.22752016078,9.13513513514,7.68181818182,4.69444444444,4.44823412005,0.48693687113,0.261634415481,5.87149678314,1.28547562708,0.637773868543,3.60971328917,0.790292258576,0.415480569327,1.31879803784,0.592047632636,3.99099446064,2.22752016078,1.31879803784,3.99099446064,0.0281266560678,0.00532544378698,3,0.0003861003861,0.175366762867,37,37,37,1,0,0.405405405405,0.567567567568,0.027027027027,-173,-0.12987987988,0.502231342661,-9.35135135135,-7.86363636364,-5.07698412698,-0.919476035342,0.196578280853,0.118991772838,-3.63699475923,0.256779173664,0.0932820082618,-4.44360005726,-0.0809726356286,-0.0463496819772,0.67819846751,0.220747729918,1.99099446064,0.502231342661,0.67819846751,1.99099446064,-0.31594473818,-0.37124359387,-807,-0.103861003861,-0.394210065483,0,0.027027027027,-0.027027027027,162,7,180,983,0.473684210526,0.992929292929,0.00707070707071,0.526315789474,0.958579881657,0.473684210526,0.634050880626,0.612427584263,0.466613503456,0.464183381089,13,186,0,0,0,0
1674,WLNM_dir_neg,0.407308648399,0.308907014217,00:00:05,10,40,36,1236695371,threshold_sweep,0.9,0.461538461538,0.0322580645161,0.0603015075377,6,7,180,365,0.0322580645161,0.981182795699,0.0188172043011,0.967741935484,0.461538461538,0.0322580645161,0.0603015075377,0.664874551971,0.65890083632,0.0175131348511,0.0420034612278,0.0134408602151,342,156,186,0,342,0,156,0,186,37,342,0.256756756757,1.72528881811,18.4864864865,15.5454545455,9.77142857143,5.36771015539,0.290358590277,0.142642642643,9.50849154237,1.02869645341,0.544491860281,8.05331334643,0.871264894205,0.461830251304,0.640599570326,0.371299902718,2,1.72528881811,0.640599570326,2,0.344071394247,0.376569037657,810,0.104247104247,0.56957682835,37,37,37,1,0,0.405405405405,0.540540540541,0.0540540540541,37,0.117117117117,2.18481481481,8.43243243243,7.09090909091,4.45714285714,5.03620525429,0.597242289772,0.326923076923,6.00062559301,1.42322530091,0.680526680527,3.83793300225,0.910278981302,0.463617463617,1.318977792,0.603702328937,4.32037037037,2.18481481481,1.318977792,4.32037037037,0,0,0,0,0.160896782956,37,37,37,1,0,0.405405405405,0.540540540541,0.0540540540541,37,169,0.126876876877,2.22752016078,9.13513513514,7.68181818182,4.69444444444,4.44823412005,0.48693687113,0.261634415481,5.87149678314,1.28547562708,0.637773868543,3.60971328917,0.790292258576,0.415480569327,1.31879803784,0.592047632636,3.99099446064,2.22752016078,1.31879803784,3.99099446064,0.0281266560678,0.00532544378698,3,0.0003861003861,0.175366762867,37,37,37,1,0,0.405405405405,0.567567567568,0.027027027027,-173,-0.12987987988,0.502231342661,-9.35135135135,-7.86363636364,-5.07698412698,-0.919476035342,0.196578280853,0.118991772838,-3.63699475923,0.256779173664,0.0932820082618,-4.44360005726,-0.0809726356286,-0.0463496819772,0.67819846751,0.220747729918,1.99099446064,0.502231342661,0.67819846751,1.99099446064,-0.31594473818,-0.37124359387,-807,-0.103861003861,-0.394210065483,0,0.027027027027,-0.027027027027,162,7,180,983,0.473684210526,0.992929292929,0.00707070707071,0.526315789474,0.958579881657,0.473684210526,0.634050880626,0.612427584263,0.466613503456,0.464183381089,13,186,0,0,0,0
1675,WLNM_dir_neg,0.416247543069,0.374740516756,00:00:04,10,40,37,1236695372,threshold_sweep,0.1,0.65,0.139784946237,0.230088495575,26,14,160,358,0.139784946237,0.962365591398,0.0376344086022,0.860215053763,0.65,0.139784946237,0.230088495575,0.688172043011,0.642771804062,0.127090301003,0.186669654324,0.102150537634,342,156,186,0,342,0,156,0,186,37,342,0.256756756757,1.72528881811,18.4864864865,15.5454545455,9.77142857143,5.36771015539,0.290358590277,0.142642642643,9.50849154237,1.02869645341,0.544491860281,8.05331334643,0.871264894205,0.461830251304,0.640599570326,0.371299902718,2,1.72528881811,0.640599570326,2,0.344071394247,0.376569037657,810,0.104247104247,0.56957682835,37,37,37,1,0,0.405405405405,0.540540540541,0.0540540540541,37,0.117117117117,2.18481481481,8.43243243243,7.09090909091,4.45714285714,5.03620525429,0.597242289772,0.326923076923,6.00062559301,1.42322530091,0.680526680527,3.83793300225,0.910278981302,0.463617463617,1.318977792,0.603702328937,4.32037037037,2.18481481481,1.318977792,4.32037037037,0,0,0,0,0.160896782956,37,37,37,1,0,0.405405405405,0.540540540541,0.0540540540541,37,196,0.147147147147,6.29142871334,10.5945945946,6.75862068966,5.44444444444,4.60349782146,0.434513824985,0.234693877551,5.88720299966,1.11135974994,0.5777716492,3.49495560983,0.659762028387,0.358797573083,3.13324581112,0.498018169462,8.73060557498,6.29142871334,3.13324581112,8.73060557498,0.174321461086,0.0930755395683,69,0.00888030888031,0.165287334331,37,37,37,1,0,0.216216216216,0.756756756757,0.027027027027,-146,-0.10960960961,4.56613989522,-7.89189189189,-8.7868338558,-4.32698412698,-0.764212333933,0.144155234708,0.0920512349084,-3.62128854272,0.0826632965203,0.0332797889189,-4.5583577366,-0.211502865818,-0.103032678221,2.49264624079,0.126718266745,6.73060557498,4.56613989522,2.49264624079,6.73060557498,-0.169749933161,-0.283493498089,-741,-0.0953667953668,-0.404289494018,-0.189189189189,0.216216216216,-0.027027027027,182,14,160,976,0.53216374269,0.985858585859,0.0141414141414,0.46783625731,0.928571428571,0.53216374269,0.676579925651,0.638795618573,0.518022328549,0.511235955056,40,186,0,0,0,0
1676,WLNM_dir_neg,0.416247543069,0.374740516756,00:00:04,10,40,37,1236695372,threshold_sweep,0.2,0.621621621622,0.123655913978,0.206278026906,23,14,163,358,0.123655913978,0.962365591398,0.0376344086022,0.876344086022,0.621621621622,0.123655913978,0.206278026906,0.682795698925,0.644563918757,0.10756302521,0.162972848661,0.0860215053763,342,156,186,0,342,0,156,0,186,37,342,0.256756756757,1.72528881811,18.4864864865,15.5454545455,9.77142857143,5.36771015539,0.290358590277,0.142642642643,9.50849154237,1.02869645341,0.544491860281,8.05331334643,0.871264894205,0.461830251304,0.640599570326,0.371299902718,2,1.72528881811,0.640599570326,2,0.344071394247,0.376569037657,810,0.104247104247,0.56957682835,37,37,37,1,0,0.405405405405,0.540540540541,0.0540540540541,37,0.117117117117,2.18481481481,8.43243243243,7.09090909091,4.45714285714,5.03620525429,0.597242289772,0.326923076923,6.00062559301,1.42322530091,0.680526680527,3.83793300225,0.910278981302,0.463617463617,1.318977792,0.603702328937,4.32037037037,2.18481481481,1.318977792,4.32037037037,0,0,0,0,0.160896782956,37,37,37,1,0,0.405405405405,0.540540540541,0.0540540540541,37,193,0.144894894895,6.27493477744,10.4324324324,6.65517241379,5.36111111111,4.64602901256,0.445344749909,0.240302478644,5.82683035208,1.11706074107,0.580310880829,3.53659546846,0.678000167528,0.366615319983,3.12312312739,0.497714038179,8.71813767346,6.27493477744,3.12312312739,8.71813767346,0.158770076417,0.080073630925,58,0.00746460746461,0.164646112888,37,37,37,1,0,0.216216216216,0.756756756757,0.027027027027,-149,-0.111861861862,4.54964595933,-8.05405405405,-8.89028213166,-4.41031746032,-0.721681142829,0.154986159632,0.0976598360018,-3.68166119029,0.088364287658,0.0358190205477,-4.51671787798,-0.193264726677,-0.0952149313207,2.48252355706,0.126414135461,6.71813767346,4.54964595933,2.48252355706,6.71813767346,-0.18530131783,-0.296495406732,-752,-0.0967824967825,-0.404930715462,-0.189189189189,0.216216216216,-0.027027027027,179,14,163,976,0.523391812865,0.985858585859,0.0141414141414,0.476608187135,0.927461139896,0.523391812865,0.669158878505,0.63200645139,0.509250398724,0.502808988764,37,186,0,0,0,0
1677,WLNM_dir_neg,0.416247543069,0.374740516756,00:00:04,10,40,37,1236695372,threshold_sweep,0.3,0.821428571429,0.123655913978,0.214953271028,23,5,163,367,0.123655913978,0.986559139785,0.0134408602151,0.876344086022,0.821428571429,0.123655913978,0.214953271028,0.698924731183,0.649940262843,0.139931740614,0.237986273359,0.110215053763,342,156,186,0,342,0,156,0,186,37,342,0.256756756757,1.72528881811,18.4864864865,15.5454545455,9.77142857143,5.36771015539,0.290358590277,0.142642642643,9.50849154237,1.02869645341,0.544491860281,8.05331334643,0.871264894205,0.461830251304,0.640599570326,0.371299902718,2,1.72528881811,0.640599570326,2,0.344071394247,0.376569037657,810,0.104247104247,0.56957682835,37,37,37,1,0,0.405405405405,0.540540540541,0.0540540540541,37,0.117117117117,2.18481481481,8.43243243243,7.09090909091,4.45714285714,5.03620525429,0.597242289772,0.326923076923,6.00062559301,1.42322530091,0.680526680527,3.83793300225,0.910278981302,0.463617463617,1.318977792,0.603702328937,4.32037037037,2.18481481481,1.318977792,4.32037037037,0,0,0,0,0.160896782956,37,37,37,1,0,0.405405405405,0.540540540541,0.0540540540541,37,184,0.138138138138,2.46797538438,9.94594594595,8,5.11111111111,4.42810434702,0.445217013152,0.233989424207,5.9651137946,1.19950657826,0.619271445358,3.49989274825,0.703782780898,0.378378378378,1.46701243379,0.594419394565,4.04494382022,2.46797538438,1.46701243379,4.04494382022,0.14049844344,0.0558350100604,37,0.0047619047619,0.178933095183,37,37,37,1,0,0.378378378378,0.594594594595,0.027027027027,-158,-0.118618618619,0.742686566268,-8.54054054054,-7.54545454545,-4.66031746032,-0.939605808372,0.154858422874,0.0913467815642,-3.54337774777,0.170810124848,0.0747795850771,-4.55342059818,-0.167482113307,-0.0834518729256,0.82641286346,0.223119491847,2.04494382022,0.742686566268,0.82641286346,2.04494382022,-0.203572950808,-0.320734027597,-773,-0.0994851994852,-0.390643733167,-0.027027027027,0.0540540540541,-0.027027027027,179,5,163,985,0.523391812865,0.994949494949,0.00505050505051,0.476608187135,0.972826086957,0.523391812865,0.680608365019,0.656245917891,0.518341307815,0.515850144092,28,186,0,0,0,0
1678,WLNM_dir_neg,0.416247543069,0.374740516756,00:00:04,10,40,37,1236695372,threshold_sweep,0.4,0.807692307692,0.112903225806,0.198113207547,21,5,165,367,0.112903225806,0.986559139785,0.0134408602151,0.887096774194,0.807692307692,0.112903225806,0.198113207547,0.695340501792,0.651135005974,0.126712328767,0.222456057488,0.0994623655914,342,156,186,0,342,0,156,0,186,37,342,0.256756756757,1.72528881811,18.4864864865,15.5454545455,9.77142857143,5.36771015539,0.290358590277,0.142642642643,9.50849154237,1.02869645341,0.544491860281,8.05331334643,0.871264894205,0.461830251304,0.640599570326,0.371299902718,2,1.72528881811,0.640599570326,2,0.344071394247,0.376569037657,810,0.104247104247,0.56957682835,37,37,37,1,0,0.405405405405,0.540540540541,0.0540540540541,37,0.117117117117,2.18481481481,8.43243243243,7.09090909091,4.45714285714,5.03620525429,0.597242289772,0.326923076923,6.00062559301,1.42322530091,0.680526680527,3.83793300225,0.910278981302,0.463617463617,1.318977792,0.603702328937,4.32037037037,2.18481481481,1.318977792,4.32037037037,0,0,0,0,0.160896782956,37,37,37,1,0,0.405405405405,0.540540540541,0.0540540540541,37,182,0.136636636637,2.47978413807,9.83783783784,7.91304347826,5.05555555556,4.43166330396,0.450471269908,0.238788238788,5.97391728162,1.21447768912,0.623106623107,3.4990346159,0.711342202133,0.381051381051,1.48371636126,0.598324805165,4.04494382022,2.47978413807,1.48371636126,4.04494382022,0.132970581655,0.0491803278689,32,0.0041184041184,0.175236737222,37,37,37,1,0,0.378378378378,0.594594594595,0.027027027027,-160,-0.12012012012,0.754495319956,-8.64864864865,-7.63241106719,-4.71587301587,-0.936046851436,0.160112679631,0.0961455961456,-3.53457426075,0.185781235707,0.0786147628253,-4.55427873054,-0.159922692072,-0.0807788702526,0.843116790936,0.227024902447,2.04494382022,0.754495319956,0.843116790936,2.04494382022,-0.211100812593,-0.327388709788,-778,-0.100128700129,-0.394340091128,-0.027027027027,0.0540540540541,-0.027027027027,177,5,165,985,0.517543859649,0.994949494949,0.00505050505051,0.482456140351,0.972527472527,0.517543859649,0.675572519084,0.651829894689,0.512493354599,0.510086455331,26,186,0,0,0,0
1679,WLNM_dir_neg,0.416247543069,0.374740516756,00:00:04,10,40,37,1236695372,threshold_sweep,0.5,0.8,0.10752688172,0.189573459716,20,5,166,367,0.10752688172,0.986559139785,0.0134408602151,0.89247311828,0.8,0.10752688172,0.189573459716,0.693548387097,0.651732377539,0.120068610635,0.214397362141,0.0940860215054,342,156,186,0,342,0,156,0,186,37,342,0.256756756757,1.72528881811,18.4864864865,15.5454545455,9.77142857143,5.36771015539,0.290358590277,0.142642642643,9.50849154237,1.02869645341,0.544491860281,8.05331334643,0.871264894205,0.461830251304,0.640599570326,0.371299902718,2,1.72528881811,0.640599570326,2,0.344071394247,0.376569037657,810,0.104247104247,0.56957682835,37,37,37,1,0,0.405405405405,0.540540540541,0.0540540540541,37,0.117117117117,2.18481481481,8.43243243243,7.09090909091,4.45714285714,5.03620525429,0.597242289772,0.326923076923,6.00062559301,1.42322530091,0.680526680527,3.83793300225,0.910278981302,0.463617463617,1.318977792,0.603702328937,4.32037037037,2.18481481481,1.318977792,4.32037037037,0,0,0,0,0.160896782956,37,37,37,1,0,0.405405405405,0.540540540541,0.0540540540541,37,181,0.135885885886,2.48644611159,9.78378378378,7.86956521739,5.02777777778,4.37248426168,0.446911374812,0.236225175452,5.96184061709,1.21871880018,0.624160071674,3.50225152806,0.715929870376,0.382260713752,1.49362083085,0.600705088233,4.04494382022,2.48644611159,1.49362083085,4.04494382022,0.126578167368,0.043659043659,28,0.0036036036036,0.173870306113,37,37,37,1,0,0.378378378378,0.594594594595,0.027027027027,-161,-0.120870870871,0.761157293472,-8.7027027027,-7.67588932806,-4.74365079365,-0.995225893716,0.156552784535,0.0935825328091,-3.54665092529,0.190022346763,0.0796682113925,-4.55106181838,-0.155335023829,-0.0795695375515,0.853021260522,0.229405185516,2.04494382022,0.761157293472,0.853021260522,2.04494382022,-0.21749322688,-0.332909993998,-782,-0.100643500644,-0.395706522237,-0.027027027027,0.0540540540541,-0.027027027027,176,5,166,985,0.514619883041,0.994949494949,0.00505050505051,0.485380116959,0.972375690608,0.514619883041,0.673040152964,0.649616463295,0.50956937799,0.507204610951,25,186,0,0,0,0
1680,WLNM_dir_neg,0.416247543069,0.374740516756,00:00:04,10,40,37,1236695372,threshold_sweep,0.6,0.8,0.10752688172,0.189573459716,20,5,166,367,0.10752688172,0.986559139785,0.0134408602151,0.89247311828,0.8,0.10752688172,0.189573459716,0.693548387097,0.651732377539,0.120068610635,0.214397362141,0.0940860215054,342,156,186,0,342,0,156,0,186,37,342,0.256756756757,1.72528881811,18.4864864865,15.5454545455,9.77142857143,5.36771015539,0.290358590277,0.142642642643,9.50849154237,1.02869645341,0.544491860281,8.05331334643,0.871264894205,0.461830251304,0.640599570326,0.371299902718,2,1.72528881811,0.640599570326,2,0.344071394247,0.376569037657,810,0.104247104247,0.56957682835,37,37,37,1,0,0.405405405405,0.540540540541,0.0540540540541,37,0.117117117117,2.18481481481,8.43243243243,7.09090909091,4.45714285714,5.03620525429,0.597242289772,0.326923076923,6.00062559301,1.42322530091,0.680526680527,3.83793300225,0.910278981302,0.463617463617,1.318977792,0.603702328937,4.32037037037,2.18481481481,1.318977792,4.32037037037,0,0,0,0,0.160896782956,37,37,37,1,0,0.405405405405,0.540540540541,0.0540540540541,37,181,0.135885885886,2.48644611159,9.78378378378,7.86956521739,5.02777777778,4.37248426168,0.446911374812,0.236225175452,5.96184061709,1.21871880018,0.624160071674,3.50225152806,0.715929870376,0.382260713752,1.49362083085,0.600705088233,4.04494382022,2.48644611159,1.49362083085,4.04494382022,0.126578167368,0.043659043659,28,0.0036036036036,0.173870306113,37,37,37,1,0,0.378378378378,0.594594594595,0.027027027027,-161,-0.120870870871,0.761157293472,-8.7027027027,-7.67588932806,-4.74365079365,-0.995225893716,0.156552784535,0.0935825328091,-3.54665092529,0.190022346763,0.0796682113925,-4.55106181838,-0.155335023829,-0.0795695375515,0.853021260522,0.229405185516,2.04494382022,0.761157293472,0.853021260522,2.04494382022,-0.21749322688,-0.332909993998,-782,-0.100643500644,-0.395706522237,-0.027027027027,0.0540540540541,-0.027027027027,176,5,166,985,0.514619883041,0.994949494949,0.00505050505051,0.485380116959,0.972375690608,0.514619883041,0.673040152964,0.649616463295,0.50956937799,0.507204610951,25,186,0,0,0,0
1681,WLNM_dir_neg,0.416247543069,0.374740516756,00:00:04,10,40,37,1236695372,threshold_sweep,0.7,0.818181818182,0.0967741935484,0.173076923077,18,4,168,368,0.0967741935484,0.989247311828,0.010752688172,0.903225806452,0.818181818182,0.0967741935484,0.173076923077,0.691756272401,0.653524492234,0.110344827586,0.208372904428,0.0860215053763,342,156,186,0,342,0,156,0,186,37,342,0.256756756757,1.72528881811,18.4864864865,15.5454545455,9.77142857143,5.36771015539,0.290358590277,0.142642642643,9.50849154237,1.02869645341,0.544491860281,8.05331334643,0.871264894205,0.461830251304,0.640599570326,0.371299902718,2,1.72528881811,0.640599570326,2,0.344071394247,0.376569037657,810,0.104247104247,0.56957682835,37,37,37,1,0,0.405405405405,0.540540540541,0.0540540540541,37,0.117117117117,2.18481481481,8.43243243243,7.09090909091,4.45714285714,5.03620525429,0.597242289772,0.326923076923,6.00062559301,1.42322530091,0.680526680527,3.83793300225,0.910278981302,0.463617463617,1.318977792,0.603702328937,4.32037037037,2.18481481481,1.318977792,4.32037037037,0,0,0,0,0.160896782956,37,37,37,1,0,0.405405405405,0.540540540541,0.0540540540541,37,178,0.133633633634,2.44306023226,9.62162162162,7.73913043478,4.94444444444,4.49290398141,0.466959121664,0.249468569693,5.97605331412,1.24221332934,0.630731855451,3.478807569,0.723122921645,0.386273914364,1.43690904019,0.588159481792,3.81356941082,2.44306023226,1.43690904019,3.81356941082,0.104656245446,0.0349576271186,22,0.0028314028314,0.166234396101,37,37,37,1,0,0.378378378378,0.594594594595,0.027027027027,-164,-0.123123123123,0.71777141414,-8.86486486486,-7.80632411067,-4.82698412698,-0.874806173981,0.176600531386,0.106825927051,-3.53243822825,0.213516875925,0.0862399951696,-4.57450577744,-0.14814197256,-0.0755563369401,0.796309469865,0.216859579075,1.81356941082,0.71777141414,0.796309469865,1.81356941082,-0.239415148802,-0.341611410538,-788,-0.101415701416,-0.403342432249,-0.027027027027,0.0540540540541,-0.027027027027,174,4,168,986,0.508771929825,0.99595959596,0.0040404040404,0.491228070175,0.977528089888,0.508771929825,0.669230769231,0.648004730976,0.504731525784,0.50289017341,22,186,0,0,0,0
1682,WLNM_dir_neg,0.416247543069,0.374740516756,00:00:04,10,40,37,1236695372,threshold_sweep,0.8,0.809523809524,0.0913978494624,0.164251207729,17,4,169,368,0.0913978494624,0.989247311828,0.010752688172,0.908602150538,0.809523809524,0.0913978494624,0.164251207729,0.689964157706,0.654121863799,0.103626943005,0.199760431138,0.0806451612903,342,156,186,0,342,0,156,0,186,37,342,0.256756756757,1.72528881811,18.4864864865,15.5454545455,9.77142857143,5.36771015539,0.290358590277,0.142642642643,9.50849154237,1.02869645341,0.544491860281,8.05331334643,0.871264894205,0.461830251304,0.640599570326,0.371299902718,2,1.72528881811,0.640599570326,2,0.344071394247,0.376569037657,810,0.104247104247,0.56957682835,37,37,37,1,0,0.405405405405,0.540540540541,0.0540540540541,37,0.117117117117,2.18481481481,8.43243243243,7.09090909091,4.45714285714,5.03620525429,0.597242289772,0.326923076923,6.00062559301,1.42322530091,0.680526680527,3.83793300225,0.910278981302,0.463617463617,1.318977792,0.603702328937,4.32037037037,2.18481481481,1.318977792,4.32037037037,0,0,0,0,0.160896782956,37,37,37,1,0,0.405405405405,0.540540540541,0.0540540540541,37,177,0.132882882883,2.44438875371,9.56756756757,7.69565217391,4.91666666667,4.53713407181,0.474220227845,0.253779202932,5.97743504605,1.24952032036,0.63215758131,3.4971030482,0.731032840584,0.389372423271,1.43912324734,0.588745650688,3.85862843019,2.44438875371,1.43912324734,3.85862843019,0.100658638817,0.0303676078849,19,0.0024453024453,0.165825334022,37,37,37,1,0,0.378378378378,0.594594594595,0.027027027027,-165,-0.123873873874,0.719099935596,-8.91891891892,-7.84980237154,-4.85476190476,-0.830576083583,0.183861637567,0.111136560289,-3.53105649633,0.220823866946,0.0876657210288,-4.55621029823,-0.140232053621,-0.0724578280332,0.798523677012,0.21744574797,1.85862843019,0.719099935596,0.798523677012,1.85862843019,-0.243412755431,-0.346201429772,-791,-0.101801801802,-0.403751494328,-0.027027027027,0.0540540540541,-0.027027027027,173,4,169,986,0.505847953216,0.99595959596,0.0040404040404,0.494152046784,0.977401129944,0.505847953216,0.666666666667,0.645788364092,0.501807549176,0.5,21,186,0,0,0,0
1683,WLNM_dir_neg,0.416247543069,0.374740516756,00:00:04,10,40,37,1236695372,threshold_sweep,0.9,0.8,0.0860215053763,0.155339805825,16,4,170,368,0.0860215053763,0.989247311828,0.010752688172,0.913978494624,0.8,0.0860215053763,0.155339805825,0.688172043011,0.654719235364,0.0968858131488,0.190869659102,0.0752688172043,342,156,186,0,342,0,156,0,186,37,342,0.256756756757,1.72528881811,18.4864864865,15.5454545455,9.77142857143,5.36771015539,0.290358590277,0.142642642643,9.50849154237,1.02869645341,0.544491860281,8.05331334643,0.871264894205,0.461830251304,0.640599570326,0.371299902718,2,1.72528881811,0.640599570326,2,0.344071394247,0.376569037657,810,0.104247104247,0.56957682835,37,37,37,1,0,0.405405405405,0.540540540541,0.0540540540541,37,0.117117117117,2.18481481481,8.43243243243,7.09090909091,4.45714285714,5.03620525429,0.597242289772,0.326923076923,6.00062559301,1.42322530091,0.680526680527,3.83793300225,0.910278981302,0.463617463617,1.318977792,0.603702328937,4.32037037037,2.18481481481,1.318977792,4.32037037037,0,0,0,0,0.160896782956,37,37,37,1,0,0.405405405405,0.540540540541,0.0540540540541,37,176,0.132132132132,2.44299935253,9.51351351351,7.65217391304,4.88888888889,4.58634217373,0.482087103489,0.2585995086,5.98333521544,1.25786024415,0.633906633907,3.49130193326,0.733966883697,0.390356265356,1.43680841011,0.588132947565,3.81355932203,2.44299935253,1.43680841011,3.81355932203,0.106549492076,0.0289234065345,18,0.0023166023166,0.163543623637,37,37,37,1,0,0.378378378378,0.594594594595,0.027027027027,-166,-0.124624624625,0.717710534418,-8.97297297297,-7.89328063241,-4.88253968254,-0.781367981663,0.191728513212,0.115956865957,-3.52515632694,0.22916379074,0.0894147736253,-4.56201141317,-0.137298010508,-0.0714739859477,0.796208839779,0.216833044848,1.81355932203,0.717710534418,0.796208839779,1.81355932203,-0.237521902172,-0.347645631122,-792,-0.101930501931,-0.406033204713,-0.027027027027,0.0540540540541,-0.027027027027,172,4,170,986,0.502923976608,0.99595959596,0.0040404040404,0.497076023392,0.977272727273,0.502923976608,0.664092664093,0.643568239035,0.498883572568,0.49710982659,20,186,0,0,0,0
1684,WLNM_dir_neg,0.435613943809,0.329419376594,00:00:05,10,40,38,1236695373,threshold_sweep,0.1,0.5,0.10752688172,0.176991150442,20,20,166,352,0.10752688172,0.94623655914,0.0537634408602,0.89247311828,0.5,0.10752688172,0.176991150442,0.666666666667,0.642771804062,0.066889632107,0.0982471864865,0.0537634408602,342,156,186,0,342,0,156,0,186,37,342,0.256756756757,1.72528881811,18.4864864865,15.5454545455,9.77142857143,5.36771015539,0.290358590277,0.142642642643,9.50849154237,1.02869645341,0.544491860281,8.05331334643,0.871264894205,0.461830251304,0.640599570326,0.371299902718,2,1.72528881811,0.640599570326,2,0.344071394247,0.376569037657,810,0.104247104247,0.56957682835,37,37,37,1,0,0.405405405405,0.540540540541,0.0540540540541,37,0.117117117117,2.18481481481,8.43243243243,7.09090909091,4.45714285714,5.03620525429,0.597242289772,0.326923076923,6.00062559301,1.42322530091,0.680526680527,3.83793300225,0.910278981302,0.463617463617,1.318977792,0.603702328937,4.32037037037,2.18481481481,1.318977792,4.32037037037,0,0,0,0,0.160896782956,37,37,37,1,0,0.405405405405,0.540540540541,0.0540540540541,37,196,0.147147147147,8.01929216377,10.5945945946,6.53333333333,5.2972972973,4.8273495112,0.455642683455,0.237038058467,5.78246806623,1.09158835944,0.568119139548,3.64283821632,0.687678642876,0.372586872587,3.79875363965,0.473701863216,11.6847447008,8.01929216377,3.79875363965,11.6847447008,0.191948384595,0.103633916555,77,0.00990990990991,0.192449891593,37,37,37,1,0,0.189189189189,0.810810810811,0,-146,-0.10960960961,6.29400334565,-7.89189189189,-9.01212121212,-4.47413127413,-0.540360644191,0.165284093178,0.094395415824,-3.72602347615,0.062891906026,0.0236272792664,-4.41047513012,-0.183586251328,-0.0892433787171,3.15815406932,0.102401960498,9.68474470085,6.29400334565,3.15815406932,9.68474470085,-0.152123009652,-0.272935121102,-733,-0.0943371943372,-0.377126936757,-0.216216216216,0.27027027027,-0.0540540540541,176,20,166,970,0.514619883041,0.979797979798,0.020202020202,0.485380116959,0.897959183673,0.514619883041,0.654275092937,0.609687936445,0.494417862839,0.486187845304,40,186,0,0,0,0
1685,WLNM_dir_neg,0.435613943809,0.329419376594,00:00:05,10,40,38,1236695373,threshold_sweep,0.2,0.486486486486,0.0967741935484,0.161434977578,18,19,168,353,0.0967741935484,0.948924731183,0.0510752688172,0.903225806452,0.486486486486,0.0967741935484,0.161434977578,0.664874551971,0.644563918757,0.0571428571429,0.0865793258514,0.0456989247312,342,156,186,0,342,0,156,0,186,37,342,0.256756756757,1.72528881811,18.4864864865,15.5454545455,9.77142857143,5.36771015539,0.290358590277,0.142642642643,9.50849154237,1.02869645341,0.544491860281,8.05331334643,0.871264894205,0.461830251304,0.640599570326,0.371299902718,2,1.72528881811,0.640599570326,2,0.344071394247,0.376569037657,810,0.104247104247,0.56957682835,37,37,37,1,0,0.405405405405,0.540540540541,0.0540540540541,37,0.117117117117,2.18481481481,8.43243243243,7.09090909091,4.45714285714,5.03620525429,0.597242289772,0.326923076923,6.00062559301,1.42322530091,0.680526680527,3.83793300225,0.910278981302,0.463617463617,1.318977792,0.603702328937,4.32037037037,2.18481481481,1.318977792,4.32037037037,0,0,0,0,0.160896782956,37,37,37,1,0,0.405405405405,0.540540540541,0.0540540540541,37,193,0.144894894895,7.73653427161,10.4324324324,6.43333333333,5.21621621622,4.96398440178,0.475822339031,0.250385100126,5.8125110998,1.11431559944,0.575269570088,3.65251157984,0.700222427223,0.376978014284,3.62952946822,0.46914152265,11.298395302,7.73653427161,3.62952946822,11.298395302,0.179591394297,0.0929808568824,68,0.00875160875161,0.190886647722,37,37,37,1,0,0.189189189189,0.810810810811,0,-149,-0.111861861862,6.01124545349,-8.05405405405,-9.11212121212,-4.55521235521,-0.403725753611,0.185463748754,0.107742457483,-3.69598044258,0.0856191460285,0.0307777098069,-4.4008017666,-0.171042466982,-0.0848522370202,2.98892989789,0.0978416199322,9.29839530195,6.01124545349,2.98892989789,9.29839530195,-0.16447999995,-0.283588180774,-742,-0.0954954954955,-0.378690180628,-0.216216216216,0.27027027027,-0.0540540540541,174,19,168,971,0.508771929825,0.980808080808,0.0191919191919,0.491228070175,0.901554404145,0.508771929825,0.65046728972,0.607594468196,0.489580010633,0.481994459834,37,186,0,0,0,0
1686,WLNM_dir_neg,0.435613943809,0.329419376594,00:00:05,10,40,38,1236695373,threshold_sweep,0.3,0.457142857143,0.0860215053763,0.14479638009,16,19,170,353,0.0860215053763,0.948924731183,0.0510752688172,0.913978494624,0.457142857143,0.0860215053763,0.14479638009,0.661290322581,0.645758661888,0.043844856661,0.0679428073832,0.0349462365591,342,156,186,0,342,0,156,0,186,37,342,0.256756756757,1.72528881811,18.4864864865,15.5454545455,9.77142857143,5.36771015539,0.290358590277,0.142642642643,9.50849154237,1.02869645341,0.544491860281,8.05331334643,0.871264894205,0.461830251304,0.640599570326,0.371299902718,2,1.72528881811,0.640599570326,2,0.344071394247,0.376569037657,810,0.104247104247,0.56957682835,37,37,37,1,0,0.405405405405,0.540540540541,0.0540540540541,37,0.117117117117,2.18481481481,8.43243243243,7.09090909091,4.45714285714,5.03620525429,0.597242289772,0.326923076923,6.00062559301,1.42322530091,0.680526680527,3.83793300225,0.910278981302,0.463617463617,1.318977792,0.603702328937,4.32037037037,2.18481481481,1.318977792,4.32037037037,0,0,0,0,0.160896782956,37,37,37,1,0,0.405405405405,0.540540540541,0.0540540540541,37,191,0.143393393393,7.98609163952,10.3243243243,6.36666666667,5.16216216216,4.85943557567,0.470678314921,0.250459883968,5.77597280654,1.11890572692,0.576765246922,3.655388059,0.708111822947,0.380642422527,3.77131306951,0.472235135751,11.7056281154,7.98609163952,3.77131306951,11.7056281154,0.152870517576,0.0701590271282,50,0.00643500643501,0.189714082777,37,37,37,1,0,0.189189189189,0.810810810811,0,-151,-0.113363363363,6.26080282141,-8.16216216216,-9.17878787879,-4.60926640927,-0.508274579721,0.180319724644,0.107817241325,-3.73251873584,0.0902092735061,0.032273386641,-4.39792528744,-0.163153071258,-0.0811878287767,3.13071349919,0.100935233033,9.70562811541,6.26080282141,3.13071349919,9.70562811541,-0.191200876671,-0.306410010529,-760,-0.0978120978121,-0.379862745573,-0.216216216216,0.27027027027,-0.0540540540541,172,19,170,971,0.502923976608,0.980808080808,0.0191919191919,0.497076023392,0.900523560209,0.502923976608,0.645403377111,0.602942661923,0.483732057416,0.476454293629,35,186,0,0,0,0
1687,WLNM_dir_neg,0.435613943809,0.329419376594,00:00:05,10,40,38,1236695373,threshold_sweep,0.4,0.615384615385,0.0860215053763,0.150943396226,16,10,170,362,0.0860215053763,0.97311827957,0.0268817204301,0.913978494624,0.615384615385,0.0860215053763,0.150943396226,0.677419354839,0.651135005974,0.0753424657534,0.132271169317,0.0591397849462,342,156,186,0,342,0,156,0,186,37,342,0.256756756757,1.72528881811,18.4864864865,15.5454545455,9.77142857143,5.36771015539,0.290358590277,0.142642642643,9.50849154237,1.02869645341,0.544491860281,8.05331334643,0.871264894205,0.461830251304,0.640599570326,0.371299902718,2,1.72528881811,0.640599570326,2,0.344071394247,0.376569037657,810,0.104247104247,0.56957682835,37,37,37,1,0,0.405405405405,0.540540540541,0.0540540540541,37,0.117117117117,2.18481481481,8.43243243243,7.09090909091,4.45714285714,5.03620525429,0.597242289772,0.326923076923,6.00062559301,1.42322530091,0.680526680527,3.83793300225,0.910278981302,0.463617463617,1.318977792,0.603702328937,4.32037037037,2.18481481481,1.318977792,4.32037037037,0,0,0,0,0.160896782956,37,37,37,1,0,0.405405405405,0.540540540541,0.0540540540541,37,182,0.136636636637,2.29736509383,9.83783783784,8.27272727273,4.91891891892,4.46289339077,0.453645756755,0.24057024057,5.95995142774,1.21163847707,0.623106623107,3.40243685857,0.691704196523,0.372438372438,1.36664955619,0.594876957023,4.0107141571,2.29736509383,1.36664955619,4.0107141571,0.131397150902,0.0501305483029,32,0.0041184041184,0.183591195891,37,37,37,1,0,0.405405405405,0.594594594595,0,-160,-0.12012012012,0.572076275718,-8.64864864865,-7.27272727273,-4.85250965251,-0.904816764619,0.163287166477,0.0979275979276,-3.54854011463,0.182942023653,0.0786147628253,-4.65087648786,-0.179560697682,-0.0893918788656,0.726049985865,0.223577054305,2.0107141571,0.572076275718,0.726049985865,2.0107141571,-0.212674243346,-0.326438489354,-778,-0.100128700129,-0.385985632459,0,0.0540540540541,-0.0540540540541,172,10,170,980,0.502923976608,0.989898989899,0.010101010101,0.497076023392,0.945054945055,0.502923976608,0.656488549618,0.626811527361,0.492822966507,0.488636363636,26,186,0,0,0,0
1688,WLNM_dir_neg,0.435613943809,0.329419376594,00:00:05,10,40,38,1236695373,threshold_sweep,0.5,0.615384615385,0.0860215053763,0.150943396226,16,10,170,362,0.0860215053763,0.97311827957,0.0268817204301,0.913978494624,0.615384615385,0.0860215053763,0.150943396226,0.677419354839,0.651135005974,0.0753424657534,0.132271169317,0.0591397849462,342,156,186,0,342,0,156,0,186,37,342,0.256756756757,1.72528881811,18.4864864865,15.5454545455,9.77142857143,5.36771015539,0.290358590277,0.142642642643,9.50849154237,1.02869645341,0.544491860281,8.05331334643,0.871264894205,0.461830251304,0.640599570326,0.371299902718,2,1.72528881811,0.640599570326,2,0.344071394247,0.376569037657,810,0.104247104247,0.56957682835,37,37,37,1,0,0.405405405405,0.540540540541,0.0540540540541,37,0.117117117117,2.18481481481,8.43243243243,7.09090909091,4.45714285714,5.03620525429,0.597242289772,0.326923076923,6.00062559301,1.42322530091,0.680526680527,3.83793300225,0.910278981302,0.463617463617,1.318977792,0.603702328937,4.32037037037,2.18481481481,1.318977792,4.32037037037,0,0,0,0,0.160896782956,37,37,37,1,0,0.405405405405,0.540540540541,0.0540540540541,37,182,0.136636636637,2.29736509383,9.83783783784,8.27272727273,4.91891891892,4.46289339077,0.453645756755,0.24057024057,5.95995142774,1.21163847707,0.623106623107,3.40243685857,0.691704196523,0.372438372438,1.36664955619,0.594876957023,4.0107141571,2.29736509383,1.36664955619,4.0107141571,0.131397150902,0.0501305483029,32,0.0041184041184,0.183591195891,37,37,37,1,0,0.405405405405,0.594594594595,0,-160,-0.12012012012,0.572076275718,-8.64864864865,-7.27272727273,-4.85250965251,-0.904816764619,0.163287166477,0.0979275979276,-3.54854011463,0.182942023653,0.0786147628253,-4.65087648786,-0.179560697682,-0.0893918788656,0.726049985865,0.223577054305,2.0107141571,0.572076275718,0.726049985865,2.0107141571,-0.212674243346,-0.326438489354,-778,-0.100128700129,-0.385985632459,0,0.0540540540541,-0.0540540540541,172,10,170,980,0.502923976608,0.989898989899,0.010101010101,0.497076023392,0.945054945055,0.502923976608,0.656488549618,0.626811527361,0.492822966507,0.488636363636,26,186,0,0,0,0
1689,WLNM_dir_neg,0.435613943809,0.329419376594,00:00:05,10,40,38,1236695373,threshold_sweep,0.6,0.615384615385,0.0860215053763,0.150943396226,16,10,170,362,0.0860215053763,0.97311827957,0.0268817204301,0.913978494624,0.615384615385,0.0860215053763,0.150943396226,0.677419354839,0.651135005974,0.0753424657534,0.132271169317,0.0591397849462,342,156,186,0,342,0,156,0,186,37,342,0.256756756757,1.72528881811,18.4864864865,15.5454545455,9.77142857143,5.36771015539,0.290358590277,0.142642642643,9.50849154237,1.02869645341,0.544491860281,8.05331334643,0.871264894205,0.461830251304,0.640599570326,0.371299902718,2,1.72528881811,0.640599570326,2,0.344071394247,0.376569037657,810,0.104247104247,0.56957682835,37,37,37,1,0,0.405405405405,0.540540540541,0.0540540540541,37,0.117117117117,2.18481481481,8.43243243243,7.09090909091,4.45714285714,5.03620525429,0.597242289772,0.326923076923,6.00062559301,1.42322530091,0.680526680527,3.83793300225,0.910278981302,0.463617463617,1.318977792,0.603702328937,4.32037037037,2.18481481481,1.318977792,4.32037037037,0,0,0,0,0.160896782956,37,37,37,1,0,0.405405405405,0.540540540541,0.0540540540541,37,182,0.136636636637,2.29736509383,9.83783783784,8.27272727273,4.91891891892,4.46289339077,0.453645756755,0.24057024057,5.95995142774,1.21163847707,0.623106623107,3.40243685857,0.691704196523,0.372438372438,1.36664955619,0.594876957023,4.0107141571,2.29736509383,1.36664955619,4.0107141571,0.131397150902,0.0501305483029,32,0.0041184041184,0.183591195891,37,37,37,1,0,0.405405405405,0.594594594595,0,-160,-0.12012012012,0.572076275718,-8.64864864865,-7.27272727273,-4.85250965251,-0.904816764619,0.163287166477,0.0979275979276,-3.54854011463,0.182942023653,0.0786147628253,-4.65087648786,-0.179560697682,-0.0893918788656,0.726049985865,0.223577054305,2.0107141571,0.572076275718,0.726049985865,2.0107141571,-0.212674243346,-0.326438489354,-778,-0.100128700129,-0.385985632459,0,0.0540540540541,-0.0540540540541,172,10,170,980,0.502923976608,0.989898989899,0.010101010101,0.497076023392,0.945054945055,0.502923976608,0.656488549618,0.626811527361,0.492822966507,0.488636363636,26,186,0,0,0,0
1690,WLNM_dir_neg,0.435613943809,0.329419376594,00:00:05,10,40,38,1236695373,threshold_sweep,0.7,0.652173913043,0.0806451612903,0.143540669856,15,8,171,364,0.0806451612903,0.978494623656,0.0215053763441,0.91935483871,0.652173913043,0.0806451612903,0.143540669856,0.679211469534,0.652927120669,0.0757314974182,0.140238376035,0.0591397849462,342,156,186,0,342,0,156,0,186,37,342,0.256756756757,1.72528881811,18.4864864865,15.5454545455,9.77142857143,5.36771015539,0.290358590277,0.142642642643,9.50849154237,1.02869645341,0.544491860281,8.05331334643,0.871264894205,0.461830251304,0.640599570326,0.371299902718,2,1.72528881811,0.640599570326,2,0.344071394247,0.376569037657,810,0.104247104247,0.56957682835,37,37,37,1,0,0.405405405405,0.540540540541,0.0540540540541,37,0.117117117117,2.18481481481,8.43243243243,7.09090909091,4.45714285714,5.03620525429,0.597242289772,0.326923076923,6.00062559301,1.42322530091,0.680526680527,3.83793300225,0.910278981302,0.463617463617,1.318977792,0.603702328937,4.32037037037,2.18481481481,1.318977792,4.32037037037,0,0,0,0,0.160896782956,37,37,37,1,0,0.405405405405,0.540540540541,0.0540540540541,37,179,0.134384384384,2.32202461825,9.67567567568,8.13636363636,4.83783783784,4.50341878807,0.465437137315,0.249433791333,5.94658404984,1.2291821779,0.627510191756,3.43603060323,0.710240962678,0.379586290201,1.40331596255,0.604350165591,4.05176078612,2.32202461825,1.40331596255,4.05176078612,0.126206419395,0.0401498929336,25,0.0032175032175,0.179976430425,37,37,37,1,0,0.405405405405,0.594594594595,0,-163,-0.122372372372,0.596735800136,-8.81081081081,-7.40909090909,-4.93359073359,-0.864291367319,0.175078547038,0.106791148691,-3.56190749253,0.200485724486,0.0830183314747,-4.61728274321,-0.161023931527,-0.0822439611031,0.762716392221,0.233050262874,2.05176078612,0.596735800136,0.762716392221,2.05176078612,-0.217864974852,-0.336419144723,-785,-0.10102960103,-0.389600397925,0,0.0540540540541,-0.0540540540541,171,8,171,982,0.5,0.991919191919,0.00808080808081,0.5,0.95530726257,0.5,0.656429942418,0.630061942497,0.491919191919,0.488571428571,23,186,0,0,0,0
1691,WLNM_dir_neg,0.435613943809,0.329419376594,00:00:05,10,40,38,1236695373,threshold_sweep,0.8,0.652173913043,0.0806451612903,0.143540669856,15,8,171,364,0.0806451612903,0.978494623656,0.0215053763441,0.91935483871,0.652173913043,0.0806451612903,0.143540669856,0.679211469534,0.652927120669,0.0757314974182,0.140238376035,0.0591397849462,342,156,186,0,342,0,156,0,186,37,342,0.256756756757,1.72528881811,18.4864864865,15.5454545455,9.77142857143,5.36771015539,0.290358590277,0.142642642643,9.50849154237,1.02869645341,0.544491860281,8.05331334643,0.871264894205,0.461830251304,0.640599570326,0.371299902718,2,1.72528881811,0.640599570326,2,0.344071394247,0.376569037657,810,0.104247104247,0.56957682835,37,37,37,1,0,0.405405405405,0.540540540541,0.0540540540541,37,0.117117117117,2.18481481481,8.43243243243,7.09090909091,4.45714285714,5.03620525429,0.597242289772,0.326923076923,6.00062559301,1.42322530091,0.680526680527,3.83793300225,0.910278981302,0.463617463617,1.318977792,0.603702328937,4.32037037037,2.18481481481,1.318977792,4.32037037037,0,0,0,0,0.160896782956,37,37,37,1,0,0.405405405405,0.540540540541,0.0540540540541,37,179,0.134384384384,2.32202461825,9.67567567568,8.13636363636,4.83783783784,4.50341878807,0.465437137315,0.249433791333,5.94658404984,1.2291821779,0.627510191756,3.43603060323,0.710240962678,0.379586290201,1.40331596255,0.604350165591,4.05176078612,2.32202461825,1.40331596255,4.05176078612,0.126206419395,0.0401498929336,25,0.0032175032175,0.179976430425,37,37,37,1,0,0.405405405405,0.594594594595,0,-163,-0.122372372372,0.596735800136,-8.81081081081,-7.40909090909,-4.93359073359,-0.864291367319,0.175078547038,0.106791148691,-3.56190749253,0.200485724486,0.0830183314747,-4.61728274321,-0.161023931527,-0.0822439611031,0.762716392221,0.233050262874,2.05176078612,0.596735800136,0.762716392221,2.05176078612,-0.217864974852,-0.336419144723,-785,-0.10102960103,-0.389600397925,0,0.0540540540541,-0.0540540540541,171,8,171,982,0.5,0.991919191919,0.00808080808081,0.5,0.95530726257,0.5,0.656429942418,0.630061942497,0.491919191919,0.488571428571,23,186,0,0,0,0
1692,WLNM_dir_neg,0.435613943809,0.329419376594,00:00:05,10,40,38,1236695373,threshold_sweep,0.9,0.578947368421,0.0591397849462,0.107317073171,11,8,175,364,0.0591397849462,0.978494623656,0.0215053763441,0.940860215054,0.578947368421,0.0591397849462,0.107317073171,0.672043010753,0.65531660693,0.0485268630849,0.0978231976089,0.0376344086022,342,156,186,0,342,0,156,0,186,37,342,0.256756756757,1.72528881811,18.4864864865,15.5454545455,9.77142857143,5.36771015539,0.290358590277,0.142642642643,9.50849154237,1.02869645341,0.544491860281,8.05331334643,0.871264894205,0.461830251304,0.640599570326,0.371299902718,2,1.72528881811,0.640599570326,2,0.344071394247,0.376569037657,810,0.104247104247,0.56957682835,37,37,37,1,0,0.405405405405,0.540540540541,0.0540540540541,37,0.117117117117,2.18481481481,8.43243243243,7.09090909091,4.45714285714,5.03620525429,0.597242289772,0.326923076923,6.00062559301,1.42322530091,0.680526680527,3.83793300225,0.910278981302,0.463617463617,1.318977792,0.603702328937,4.32037037037,2.18481481481,1.318977792,4.32037037037,0,0,0,0,0.160896782956,37,37,37,1,0,0.405405405405,0.540540540541,0.0540540540541,37,175,0.131381381381,2.38405733926,9.45945945946,7.95454545455,4.72972972973,4.75858635985,0.503050558041,0.272277992278,5.97052318873,1.26233918847,0.637837837838,3.51701142582,0.74359670146,0.395366795367,1.46140151028,0.612989245779,4.17562140787,2.38405733926,1.46140151028,4.17562140787,0.138997579555,0.0342577487765,21,0.0027027027027,0.177486926818,37,37,37,1,0,0.405405405405,0.594594594595,0,-167,-0.125375375375,0.658768521142,-9.02702702703,-7.59090909091,-5.0416988417,-0.609123795544,0.212691967764,0.129635349635,-3.53796835365,0.233642735059,0.0933459775565,-4.53630192061,-0.127668192745,-0.0664634559371,0.820801939959,0.241689343061,2.17562140787,0.658768521142,0.820801939959,2.17562140787,-0.205073814693,-0.34231128888,-789,-0.101544401544,-0.392089901531,0,0.0540540540541,-0.0540540540541,167,8,175,982,0.488304093567,0.991919191919,0.00808080808081,0.511695906433,0.954285714286,0.488304093567,0.646034816248,0.620995082594,0.480223285486,0.477142857143,19,186,0,0,0,0
1693,WLNM_dir_neg,0.406289744479,0.337891879772,00:00:04,10,40,39,1236695374,threshold_sweep,0.1,0.533333333333,0.129032258065,0.207792207792,24,21,162,351,0.129032258065,0.943548387097,0.0564516129032,0.870967741935,0.533333333333,0.129032258065,0.207792207792,0.672043010753,0.639784946237,0.089552238806,0.125656172488,0.0725806451613,342,156,186,0,342,0,156,0,186,37,342,0.256756756757,1.72528881811,18.4864864865,15.5454545455,9.77142857143,5.36771015539,0.290358590277,0.142642642643,9.50849154237,1.02869645341,0.544491860281,8.05331334643,0.871264894205,0.461830251304,0.640599570326,0.371299902718,2,1.72528881811,0.640599570326,2,0.344071394247,0.376569037657,810,0.104247104247,0.56957682835,37,37,37,1,0,0.405405405405,0.540540540541,0.0540540540541,37,0.117117117117,2.18635635636,8.43243243243,7.09090909091,4.45714285714,5.03620525429,0.597242289772,0.326923076923,6.00062559301,1.42322530091,0.680526680527,3.83793300225,0.910278981302,0.463617463617,1.32204914232,0.604681454823,4.3462962963,2.18635635636,1.32204914232,4.3462962963,0,0,0,0,0.160896782956,37,37,37,1,0,0.405405405405,0.540540540541,0.0540540540541,37,201,0.150900900901,7.50399505773,10.8648648649,6.7,5.43243243243,4.92252285228,0.453068023717,0.245529111201,5.9560452042,1.09638643062,0.569584509883,3.32950230299,0.612893458759,0.331854242302,3.45309701815,0.460167816154,9.76088075382,7.50399505773,3.45309701815,9.76088075382,0.135809257868,0.0820105820106,62,0.00797940797941,0.163523519557,37,37,37,1,0,0.189189189189,0.810810810811,0,-141,-0.105855855856,5.77870623962,-7.62162162162,-8.84545454545,-4.338996139,-0.445187303112,0.16270943344,0.102886468558,-3.55244633817,0.0676899772091,0.0250926496017,-4.72381104345,-0.258371435446,-0.129976009002,2.81249744782,0.0888679134363,7.76088075382,5.77870623962,2.81249744782,7.76088075382,-0.208262136379,-0.294558455646,-748,-0.0962676962677,-0.406053308793,-0.216216216216,0.27027027027,-0.0540540540541,180,21,162,969,0.526315789474,0.978787878788,0.0212121212121,0.473684210526,0.89552238806,0.526315789474,0.662983425414,0.616427267955,0.505103668262,0.495867768595,45,186,0,0,0,0
1694,WLNM_dir_neg,0.406289744479,0.337891879772,00:00:04,10,40,39,1236695374,threshold_sweep,0.2,0.55,0.118279569892,0.194690265487,22,18,164,354,0.118279569892,0.951612903226,0.0483870967742,0.881720430108,0.55,0.118279569892,0.194690265487,0.673835125448,0.642771804062,0.0869565217391,0.127721342432,0.0698924731183,342,156,186,0,342,0,156,0,186,37,342,0.256756756757,1.72528881811,18.4864864865,15.5454545455,9.77142857143,5.36771015539,0.290358590277,0.142642642643,9.50849154237,1.02869645341,0.544491860281,8.05331334643,0.871264894205,0.461830251304,0.640599570326,0.371299902718,2,1.72528881811,0.640599570326,2,0.344071394247,0.376569037657,810,0.104247104247,0.56957682835,37,37,37,1,0,0.405405405405,0.540540540541,0.0540540540541,37,0.117117117117,2.18635635636,8.43243243243,7.09090909091,4.45714285714,5.03620525429,0.597242289772,0.326923076923,6.00062559301,1.42322530091,0.680526680527,3.83793300225,0.910278981302,0.463617463617,1.32204914232,0.604681454823,4.3462962963,2.18635635636,1.32204914232,4.3462962963,0,0,0,0,0.160896782956,37,37,37,1,0,0.405405405405,0.540540540541,0.0540540540541,37,196,0.147147147147,8.38503172004,10.5945945946,6.53333333333,5.2972972973,4.85603553128,0.458350292494,0.251241036955,5.98546788696,1.12990975417,0.578874793161,3.34883781553,0.632178567217,0.339216767788,3.97970007036,0.474619560573,11.3980804259,8.38503172004,3.97970007036,11.3980804259,0.142122118206,0.0786618444846,58,0.00746460746461,0.159221653217,37,37,37,1,0,0.189189189189,0.810810810811,0,-146,-0.10960960961,6.65974290193,-7.89189189189,-9.01212121212,-4.47413127413,-0.51167462411,0.167991702216,0.108598394313,-3.52302365542,0.101213300756,0.0343829328792,-4.70447553091,-0.239086326988,-0.122613483516,3.33910050003,0.103319657856,9.39808042586,6.65974290193,3.33910050003,9.39808042586,-0.201949276042,-0.297907193172,-752,-0.0967824967825,-0.410355175133,-0.216216216216,0.27027027027,-0.0540540540541,178,18,164,972,0.520467836257,0.981818181818,0.0181818181818,0.479532163743,0.908163265306,0.520467836257,0.661710037175,0.619390497154,0.502286018075,0.494444444444,40,186,0,0,0,0
1695,WLNM_dir_neg,0.406289744479,0.337891879772,00:00:04,10,40,39,1236695374,threshold_sweep,0.3,0.709677419355,0.118279569892,0.202764976959,22,9,164,363,0.118279569892,0.975806451613,0.0241935483871,0.881720430108,0.709677419355,0.118279569892,0.202764976959,0.689964157706,0.648148148148,0.118845500849,0.193627434838,0.0940860215054,342,156,186,0,342,0,156,0,186,37,342,0.256756756757,1.72528881811,18.4864864865,15.5454545455,9.77142857143,5.36771015539,0.290358590277,0.142642642643,9.50849154237,1.02869645341,0.544491860281,8.05331334643,0.871264894205,0.461830251304,0.640599570326,0.371299902718,2,1.72528881811,0.640599570326,2,0.344071394247,0.376569037657,810,0.104247104247,0.56957682835,37,37,37,1,0,0.405405405405,0.540540540541,0.0540540540541,37,0.117117117117,2.18635635636,8.43243243243,7.09090909091,4.45714285714,5.03620525429,0.597242289772,0.326923076923,6.00062559301,1.42322530091,0.680526680527,3.83793300225,0.910278981302,0.463617463617,1.32204914232,0.604681454823,4.3462962963,2.18635635636,1.32204914232,4.3462962963,0,0,0,0,0.160896782956,37,37,37,1,0,0.405405405405,0.540540540541,0.0540540540541,37,187,0.14039039039,2.54779180648,10.1081081081,8.13043478261,5.05405405405,4.65942166049,0.460958827374,0.250180661945,6.15966244541,1.21875674054,0.622344269403,3.32453794572,0.657796278031,0.352941176471,1.57662647389,0.618820764664,4.37493785296,2.54779180648,1.57662647389,4.37493785296,0.130251825453,0.0534388916378,36,0.0046332046332,0.173974104559,37,37,37,1,0,0.378378378378,0.621621621622,0,-155,-0.116366366366,0.822502988368,-8.37837837838,-7.41501976285,-4.71737451737,-0.708288494907,0.170600237097,0.107538019303,-3.34882909696,0.190060287122,0.0778524091218,-4.72877540071,-0.213468616174,-0.108889074833,0.936026903568,0.247520861947,2.37493785296,0.822502988368,0.936026903568,2.37493785296,-0.213819568794,-0.323130146019,-774,-0.0996138996139,-0.395602723791,-0.027027027027,0.0810810810811,-0.0540540540541,178,9,164,981,0.520467836257,0.990909090909,0.00909090909091,0.479532163743,0.951871657754,0.520467836257,0.672967863894,0.643055168086,0.511376927166,0.507122507123,31,186,0,0,0,0
1696,WLNM_dir_neg,0.406289744479,0.337891879772,00:00:04,10,40,39,1236695374,threshold_sweep,0.4,0.703703703704,0.102150537634,0.178403755869,19,8,167,364,0.102150537634,0.978494623656,0.0215053763441,0.897849462366,0.703703703704,0.102150537634,0.178403755869,0.686379928315,0.650537634409,0.102564102564,0.177164667818,0.0806451612903,342,156,186,0,342,0,156,0,186,37,342,0.256756756757,1.72528881811,18.4864864865,15.5454545455,9.77142857143,5.36771015539,0.290358590277,0.142642642643,9.50849154237,1.02869645341,0.544491860281,8.05331334643,0.871264894205,0.461830251304,0.640599570326,0.371299902718,2,1.72528881811,0.640599570326,2,0.344071394247,0.376569037657,810,0.104247104247,0.56957682835,37,37,37,1,0,0.405405405405,0.540540540541,0.0540540540541,37,0.117117117117,2.18635635636,8.43243243243,7.09090909091,4.45714285714,5.03620525429,0.597242289772,0.326923076923,6.00062559301,1.42322530091,0.680526680527,3.83793300225,0.910278981302,0.463617463617,1.32204914232,0.604681454823,4.3462962963,2.18635635636,1.32204914232,4.3462962963,0,0,0,0,0.160896782956,37,37,37,1,0,0.405405405405,0.540540540541,0.0540540540541,37,183,0.137387387387,2.53337042439,9.89189189189,7.95652173913,4.94594594595,4.67727237574,0.472839010662,0.256978289765,6.10530709914,1.23440635338,0.628858366563,3.37429783598,0.682235081591,0.365972529907,1.56981677207,0.61965544279,4.38554065501,2.53337042439,1.56981677207,4.38554065501,0.110415186808,0.0414534288639,27,0.0034749034749,0.168771875954,37,37,37,1,0,0.378378378378,0.621621621622,0,-159,-0.119369369369,0.808081606272,-8.59459459459,-7.58893280632,-4.82548262548,-0.690437779652,0.182480420385,0.114335647123,-3.40318444324,0.205709899963,0.084366506282,-4.67901551046,-0.189029812614,-0.095857721397,0.929217201747,0.248355540072,2.38554065501,0.808081606272,0.929217201747,2.38554065501,-0.233656207439,-0.335115608793,-783,-0.100772200772,-0.400804952396,-0.027027027027,0.0810810810811,-0.0540540540541,175,8,167,982,0.511695906433,0.991919191919,0.00808080808081,0.488304093567,0.956284153005,0.511695906433,0.666666666667,0.639063234054,0.503615098352,0.5,27,186,0,0,0,0
1697,WLNM_dir_neg,0.406289744479,0.337891879772,00:00:04,10,40,39,1236695374,threshold_sweep,0.5,0.703703703704,0.102150537634,0.178403755869,19,8,167,364,0.102150537634,0.978494623656,0.0215053763441,0.897849462366,0.703703703704,0.102150537634,0.178403755869,0.686379928315,0.650537634409,0.102564102564,0.177164667818,0.0806451612903,342,156,186,0,342,0,156,0,186,37,342,0.256756756757,1.72528881811,18.4864864865,15.5454545455,9.77142857143,5.36771015539,0.290358590277,0.142642642643,9.50849154237,1.02869645341,0.544491860281,8.05331334643,0.871264894205,0.461830251304,0.640599570326,0.371299902718,2,1.72528881811,0.640599570326,2,0.344071394247,0.376569037657,810,0.104247104247,0.56957682835,37,37,37,1,0,0.405405405405,0.540540540541,0.0540540540541,37,0.117117117117,2.18635635636,8.43243243243,7.09090909091,4.45714285714,5.03620525429,0.597242289772,0.326923076923,6.00062559301,1.42322530091,0.680526680527,3.83793300225,0.910278981302,0.463617463617,1.32204914232,0.604681454823,4.3462962963,2.18635635636,1.32204914232,4.3462962963,0,0,0,0,0.160896782956,37,37,37,1,0,0.405405405405,0.540540540541,0.0540540540541,37,183,0.137387387387,2.53337042439,9.89189189189,7.95652173913,4.94594594595,4.67727237574,0.472839010662,0.256978289765,6.10530709914,1.23440635338,0.628858366563,3.37429783598,0.682235081591,0.365972529907,1.56981677207,0.61965544279,4.38554065501,2.53337042439,1.56981677207,4.38554065501,0.110415186808,0.0414534288639,27,0.0034749034749,0.168771875954,37,37,37,1,0,0.378378378378,0.621621621622,0,-159,-0.119369369369,0.808081606272,-8.59459459459,-7.58893280632,-4.82548262548,-0.690437779652,0.182480420385,0.114335647123,-3.40318444324,0.205709899963,0.084366506282,-4.67901551046,-0.189029812614,-0.095857721397,0.929217201747,0.248355540072,2.38554065501,0.808081606272,0.929217201747,2.38554065501,-0.233656207439,-0.335115608793,-783,-0.100772200772,-0.400804952396,-0.027027027027,0.0810810810811,-0.0540540540541,175,8,167,982,0.511695906433,0.991919191919,0.00808080808081,0.488304093567,0.956284153005,0.511695906433,0.666666666667,0.639063234054,0.503615098352,0.5,27,186,0,0,0,0
1698,WLNM_dir_neg,0.406289744479,0.337891879772,00:00:04,10,40,39,1236695374,threshold_sweep,0.6,0.68,0.0913978494624,0.161137440758,17,8,169,364,0.0913978494624,0.978494623656,0.0215053763441,0.908602150538,0.68,0.0913978494624,0.161137440758,0.682795698925,0.651732377539,0.0891938250429,0.159266611876,0.0698924731183,342,156,186,0,342,0,156,0,186,37,342,0.256756756757,1.72528881811,18.4864864865,15.5454545455,9.77142857143,5.36771015539,0.290358590277,0.142642642643,9.50849154237,1.02869645341,0.544491860281,8.05331334643,0.871264894205,0.461830251304,0.640599570326,0.371299902718,2,1.72528881811,0.640599570326,2,0.344071394247,0.376569037657,810,0.104247104247,0.56957682835,37,37,37,1,0,0.405405405405,0.540540540541,0.0540540540541,37,0.117117117117,2.18635635636,8.43243243243,7.09090909091,4.45714285714,5.03620525429,0.597242289772,0.326923076923,6.00062559301,1.42322530091,0.680526680527,3.83793300225,0.910278981302,0.463617463617,1.32204914232,0.604681454823,4.3462962963,2.18635635636,1.32204914232,4.3462962963,0,0,0,0,0.160896782956,37,37,37,1,0,0.405405405405,0.540540540541,0.0540540540541,37,181,0.135885885886,2.56332497183,9.78378378378,7.86956521739,4.89189189189,4.58945128126,0.469087561897,0.255338211139,6.08634073508,1.24416910054,0.631924742422,3.40574501381,0.696202019398,0.371808272361,1.62170893551,0.632658345442,4.83546750551,2.56332497183,1.62170893551,4.83546750551,0.10985617015,0.0362394957983,23,0.0029601029601,0.167253112952,37,37,37,1,0,0.378378378378,0.621621621622,0,-161,-0.120870870871,0.838036153718,-8.7027027027,-7.67588932806,-4.87953667954,-0.778258874133,0.17872897162,0.112695568497,-3.42215080729,0.215472647127,0.0874328821406,-4.64756833262,-0.175062874807,-0.0900219789432,0.981109365183,0.261358442724,2.83546750551,0.838036153718,0.981109365183,2.83546750551,-0.234215224097,-0.340329541859,-787,-0.101287001287,-0.402323715398,-0.027027027027,0.0810810810811,-0.0540540540541,173,8,169,982,0.505847953216,0.991919191919,0.00808080808081,0.494152046784,0.955801104972,0.505847953216,0.661567877629,0.634570573378,0.497767145136,0.494285714286,25,186,0,0,0,0
1699,WLNM_dir_neg,0.406289744479,0.337891879772,00:00:04,10,40,39,1236695374,threshold_sweep,0.7,0.631578947368,0.0645161290323,0.117073170732,12,7,174,365,0.0645161290323,0.981182795699,0.0188172043011,0.935483870968,0.631578947368,0.0645161290323,0.117073170732,0.675627240143,0.65531660693,0.0589254766031,0.118785311382,0.0456989247312,342,156,186,0,342,0,156,0,186,37,342,0.256756756757,1.72528881811,18.4864864865,15.5454545455,9.77142857143,5.36771015539,0.290358590277,0.142642642643,9.50849154237,1.02869645341,0.544491860281,8.05331334643,0.871264894205,0.461830251304,0.640599570326,0.371299902718,2,1.72528881811,0.640599570326,2,0.344071394247,0.376569037657,810,0.104247104247,0.56957682835,37,37,37,1,0,0.405405405405,0.540540540541,0.0540540540541,37,0.117117117117,2.18635635636,8.43243243243,7.09090909091,4.45714285714,5.03620525429,0.597242289772,0.326923076923,6.00062559301,1.42322530091,0.680526680527,3.83793300225,0.910278981302,0.463617463617,1.32204914232,0.604681454823,4.3462962963,2.18635635636,1.32204914232,4.3462962963,0,0,0,0,0.160896782956,37,37,37,1,0,0.405405405405,0.540540540541,0.0540540540541,37,175,0.131381381381,2.59779224158,9.45945945946,7.60869565217,4.72972972973,4.47582763665,0.473158921589,0.25667953668,5.97982092192,1.26430499492,0.639382239382,3.49323670866,0.738570046973,0.387953667954,1.67777995996,0.645848398924,5.0235598791,2.59779224158,1.67777995996,5.0235598791,0.0835850556439,0.025195968645,15,0.0019305019305,0.162295072078,37,37,37,1,0,0.378378378378,0.621621621622,0,-167,-0.125375375375,0.872503423462,-9.02702702703,-7.93675889328,-5.0416988417,-0.89188251874,0.182800331312,0.114036894037,-3.52867062045,0.235608541506,0.0948903791009,-4.56007663778,-0.132694847232,-0.0738765833503,1.03718038963,0.274548496206,3.0235598791,0.872503423462,1.03718038963,3.0235598791,-0.260486338604,-0.351373069012,-795,-0.102316602317,-0.407281756272,-0.027027027027,0.0810810810811,-0.0540540540541,168,7,174,983,0.491228070175,0.992929292929,0.00707070707071,0.508771929825,0.96,0.491228070175,0.649903288201,0.626082388706,0.484157363105,0.481375358166,19,186,0,0,0,0
1700,WLNM_dir_neg,0.406289744479,0.337891879772,00:00:04,10,40,39,1236695374,threshold_sweep,0.8,0.666666666667,0.0645161290323,0.117647058824,12,6,174,366,0.0645161290323,0.983870967742,0.0161290322581,0.935483870968,0.666666666667,0.0645161290323,0.117647058824,0.677419354839,0.655913978495,0.0625,0.129099444874,0.0483870967742,342,156,186,0,342,0,156,0,186,37,342,0.256756756757,1.72528881811,18.4864864865,15.5454545455,9.77142857143,5.36771015539,0.290358590277,0.142642642643,9.50849154237,1.02869645341,0.544491860281,8.05331334643,0.871264894205,0.461830251304,0.640599570326,0.371299902718,2,1.72528881811,0.640599570326,2,0.344071394247,0.376569037657,810,0.104247104247,0.56957682835,37,37,37,1,0,0.405405405405,0.540540540541,0.0540540540541,37,0.117117117117,2.18635635636,8.43243243243,7.09090909091,4.45714285714,5.03620525429,0.597242289772,0.326923076923,6.00062559301,1.42322530091,0.680526680527,3.83793300225,0.910278981302,0.463617463617,1.32204914232,0.604681454823,4.3462962963,2.18635635636,1.32204914232,4.3462962963,0,0,0,0,0.160896782956,37,37,37,1,0,0.405405405405,0.540540540541,0.0540540540541,37,174,0.130630630631,2.58616338534,9.40540540541,7.5652173913,4.7027027027,4.50591869693,0.479077562604,0.25908667288,5.9668755311,1.26881836006,0.640571606089,3.51871871302,0.748233289551,0.393600497049,1.65882941455,0.641424831837,4.93067725887,2.58616338534,1.65882941455,4.93067725887,0.0835850556439,0.025195968645,15,0.0019305019305,0.162332956898,37,37,37,1,0,0.378378378378,0.621621621622,0,-168,-0.126126126126,0.860874567225,-9.08108108108,-7.98023715415,-5.06872586873,-0.861791458468,0.188718972327,0.116444030237,-3.54161601128,0.240121906646,0.0960797458075,-4.53459463341,-0.123031604654,-0.0682297542552,1.01822984422,0.27012492912,2.93067725887,0.860874567225,1.01822984422,2.93067725887,-0.260486338604,-0.351373069012,-795,-0.102316602317,-0.407243871452,-0.027027027027,0.0810810810811,-0.0540540540541,168,6,174,984,0.491228070175,0.993939393939,0.00606060606061,0.508771929825,0.965517241379,0.491228070175,0.651162790698,0.628917117663,0.485167464115,0.48275862069,18,186,0,0,0,0
1701,WLNM_dir_neg,0.406289744479,0.337891879772,00:00:04,10,40,39,1236695374,threshold_sweep,0.9,0.6875,0.0591397849462,0.108910891089,11,5,175,367,0.0591397849462,0.986559139785,0.0134408602151,0.940860215054,0.6875,0.0591397849462,0.108910891089,0.677419354839,0.657108721625,0.0592334494774,0.129084557087,0.0456989247312,342,156,186,0,342,0,156,0,186,37,342,0.256756756757,1.72528881811,18.4864864865,15.5454545455,9.77142857143,5.36771015539,0.290358590277,0.142642642643,9.50849154237,1.02869645341,0.544491860281,8.05331334643,0.871264894205,0.461830251304,0.640599570326,0.371299902718,2,1.72528881811,0.640599570326,2,0.344071394247,0.376569037657,810,0.104247104247,0.56957682835,37,37,37,1,0,0.405405405405,0.540540540541,0.0540540540541,37,0.117117117117,2.18635635636,8.43243243243,7.09090909091,4.45714285714,5.03620525429,0.597242289772,0.326923076923,6.00062559301,1.42322530091,0.680526680527,3.83793300225,0.910278981302,0.463617463617,1.32204914232,0.604681454823,4.3462962963,2.18635635636,1.32204914232,4.3462962963,0,0,0,0,0.160896782956,37,37,37,1,0,0.405405405405,0.540540540541,0.0540540540541,37,172,0.129129129129,2.60069263301,9.2972972973,7.47826086957,4.64864864865,4.58175648551,0.492805203383,0.266184789441,5.96851096364,1.28392387009,0.644248900063,3.55290347788,0.764287376055,0.40100565682,1.68761421293,0.648909521837,5.32614114873,2.60069263301,1.68761421293,5.32614114873,0.0734820955409,0.0187074829932,11,0.0014157014157,0.160636947593,37,37,37,1,0,0.378378378378,0.621621621622,0,-170,-0.127627627628,0.875403814892,-9.18918918919,-8.06719367589,-5.12277992278,-0.785953669886,0.202446613106,0.123542146798,-3.53998057873,0.255227416671,0.0997570397815,-4.50040986856,-0.10697751815,-0.0608245944843,1.0470146426,0.277609619119,3.32614114873,0.875403814892,1.0470146426,3.32614114873,-0.270589298706,-0.357861554664,-799,-0.102831402831,-0.408939880756,-0.027027027027,0.0810810810811,-0.0540540540541,167,5,175,985,0.488304093567,0.994949494949,0.00505050505051,0.511695906433,0.970930232558,0.488304093567,0.649805447471,0.629524330653,0.483253588517,0.481268011527,16,186,0,0,0,0
1702,WLNM_dir_neg,0.557073072031,0.464199677437,00:00:04,10,40,40,1236695375,threshold_sweep,0.1,0.80303030303,0.284946236559,0.420634920635,53,13,133,359,0.284946236559,0.965053763441,0.0349462365591,0.715053763441,0.80303030303,0.284946236559,0.420634920635,0.73835125448,0.627240143369,0.298076923077,0.364933247245,0.25,342,156,186,0,342,0,156,0,186,37,342,0.256756756757,1.72528881811,18.4864864865,15.5454545455,9.77142857143,5.36771015539,0.290358590277,0.142642642643,9.50849154237,1.02869645341,0.544491860281,8.05331334643,0.871264894205,0.461830251304,0.640599570326,0.371299902718,2,1.72528881811,0.640599570326,2,0.344071394247,0.376569037657,810,0.104247104247,0.56957682835,37,37,37,1,0,0.405405405405,0.540540540541,0.0540540540541,37,0.117117117117,2.21261261261,8.43243243243,7.09090909091,4.45714285714,5.04722443274,0.598549051319,0.327616077616,6.00525295579,1.42432281644,0.680873180873,3.83793300225,0.910278981302,0.463617463617,1.39215458577,0.629190386892,5.2,2.21261261261,1.39215458577,5.2,0,0,0,0,0.161113233172,37,37,37,1,0,0.405405405405,0.540540540541,0.0540540540541,37,222,0.166666666667,2.39875302297,12,9.65217391304,6,6.60387091872,0.55032257656,0.278792305819,8.04501225743,1.34083537624,0.656196737278,4.16333199893,0.693888666489,0.374239103969,1.39306609542,0.580745946781,4.02148210519,2.39875302297,1.39306609542,4.02148210519,0.345706208903,0.247600767754,258,0.0332046332046,0.207509366619,37,37,37,1,0,0.378378378378,0.621621621622,0,-120,-0.0900900900901,0.67346420486,-6.48648648649,-5.89328063241,-3.77142857143,1.23616076333,0.259963986283,0.136149663177,-1.46347928494,0.312138922824,0.111704876996,-3.8899813475,-0.177376227716,-0.0875911473351,0.752466525095,0.209446044063,2.02148210519,0.67346420486,0.752466525095,2.02148210519,0.00163481465539,-0.128968269903,-552,-0.0710424710425,-0.362067461731,-0.027027027027,0.0810810810811,-0.0540540540541,209,13,133,977,0.611111111111,0.986868686869,0.0131313131313,0.388888888889,0.941441441441,0.611111111111,0.741134751773,0.700937323384,0.59797979798,0.588732394366,66,186,0,0,0,0
1703,WLNM_dir_neg,0.557073072031,0.464199677437,00:00:04,10,40,40,1236695375,threshold_sweep,0.2,0.8,0.279569892473,0.414342629482,52,13,134,359,0.279569892473,0.965053763441,0.0349462365591,0.720430107527,0.8,0.279569892473,0.414342629482,0.736559139785,0.627837514934,0.292134831461,0.359456429834,0.244623655914,342,156,186,0,342,0,156,0,186,37,342,0.256756756757,1.72528881811,18.4864864865,15.5454545455,9.77142857143,5.36771015539,0.290358590277,0.142642642643,9.50849154237,1.02869645341,0.544491860281,8.05331334643,0.871264894205,0.461830251304,0.640599570326,0.371299902718,2,1.72528881811,0.640599570326,2,0.344071394247,0.376569037657,810,0.104247104247,0.56957682835,37,37,37,1,0,0.405405405405,0.540540540541,0.0540540540541,37,0.117117117117,2.21261261261,8.43243243243,7.09090909091,4.45714285714,5.04722443274,0.598549051319,0.327616077616,6.00525295579,1.42432281644,0.680873180873,3.83793300225,0.910278981302,0.463617463617,1.39215458577,0.629190386892,5.2,2.21261261261,1.39215458577,5.2,0,0,0,0,0.161113233172,37,37,37,1,0,0.405405405405,0.540540540541,0.0540540540541,37,221,0.165915915916,2.39611284945,11.9459459459,9.60869565217,5.97297297297,6.64139353661,0.555953757589,0.282621988504,8.05359300936,1.34833910111,0.658187599364,4.17988893052,0.699800409182,0.377155435979,1.38885305193,0.579627563137,4.01981276261,2.39611284945,1.38885305193,4.01981276261,0.347129551441,0.245664739884,255,0.0328185328185,0.207188303551,37,37,37,1,0,0.378378378378,0.621621621622,0,-121,-0.0908408408408,0.670824031333,-6.54054054054,-5.93675889328,-3.79845559846,1.27368338122,0.265595167312,0.139979345862,-1.45489853302,0.319642647699,0.113695739083,-3.87342441592,-0.171464485023,-0.084674815325,0.7482534816,0.208327660419,2.01981276261,0.670824031333,0.7482534816,2.01981276261,0.00305815719386,-0.130904297773,-555,-0.0714285714286,-0.362388524799,-0.027027027027,0.0810810810811,-0.0540540540541,208,13,134,977,0.608187134503,0.986868686869,0.0131313131313,0.391812865497,0.941176470588,0.608187134503,0.738898756661,0.698771513882,0.595055821372,0.585915492958,65,186,0,0,0,0
1704,WLNM_dir_neg,0.557073072031,0.464199677437,00:00:04,10,40,40,1236695375,threshold_sweep,0.3,0.775510204082,0.204301075269,0.323404255319,38,11,148,361,0.204301075269,0.970430107527,0.0295698924731,0.795698924731,0.775510204082,0.204301075269,0.323404255319,0.715053763441,0.637395459976,0.214168039539,0.291032458232,0.174731182796,342,156,186,0,342,0,156,0,186,37,342,0.256756756757,1.72528881811,18.4864864865,15.5454545455,9.77142857143,5.36771015539,0.290358590277,0.142642642643,9.50849154237,1.02869645341,0.544491860281,8.05331334643,0.871264894205,0.461830251304,0.640599570326,0.371299902718,2,1.72528881811,0.640599570326,2,0.344071394247,0.376569037657,810,0.104247104247,0.56957682835,37,37,37,1,0,0.405405405405,0.540540540541,0.0540540540541,37,0.117117117117,2.21261261261,8.43243243243,7.09090909091,4.45714285714,5.04722443274,0.598549051319,0.327616077616,6.00525295579,1.42432281644,0.680873180873,3.83793300225,0.910278981302,0.463617463617,1.39215458577,0.629190386892,5.2,2.21261261261,1.39215458577,5.2,0,0,0,0,0.161113233172,37,37,37,1,0,0.405405405405,0.540540540541,0.0540540540541,37,205,0.153903903904,2.1474965135,11.0810810811,9.31818181818,5.54054054054,5.84227114504,0.527229347235,0.271984179301,7.13595977581,1.28795371563,0.644693473962,3.75347686666,0.677456800325,0.367303889255,1.16481106866,0.54240417218,3.50841115721,2.1474965135,1.16481106866,3.50841115721,0.268622827558,0.147445820433,127,0.0163449163449,0.207603581577,37,37,37,1,0,0.405405405405,0.594594594595,0,-137,-0.102852852853,0.422207695385,-7.40540540541,-6.22727272727,-4.23088803089,0.474560989644,0.236870756958,0.129341536659,-2.37253176657,0.259257262218,0.10020161368,-4.29983647977,-0.19380809388,-0.0945263620488,0.524211498339,0.171104269463,1.50841115721,0.422207695385,0.524211498339,1.50841115721,-0.075448566689,-0.229123217223,-683,-0.0879021879022,-0.361973246773,0,0.0540540540541,-0.0540540540541,194,11,148,979,0.567251461988,0.988888888889,0.0111111111111,0.432748538012,0.946341463415,0.567251461988,0.709323583181,0.673249699627,0.556140350877,0.549575070822,49,186,0,0,0,0
1705,WLNM_dir_neg,0.557073072031,0.464199677437,00:00:04,10,40,40,1236695375,threshold_sweep,0.4,0.775510204082,0.204301075269,0.323404255319,38,11,148,361,0.204301075269,0.970430107527,0.0295698924731,0.795698924731,0.775510204082,0.204301075269,0.323404255319,0.715053763441,0.637395459976,0.214168039539,0.291032458232,0.174731182796,342,156,186,0,342,0,156,0,186,37,342,0.256756756757,1.72528881811,18.4864864865,15.5454545455,9.77142857143,5.36771015539,0.290358590277,0.142642642643,9.50849154237,1.02869645341,0.544491860281,8.05331334643,0.871264894205,0.461830251304,0.640599570326,0.371299902718,2,1.72528881811,0.640599570326,2,0.344071394247,0.376569037657,810,0.104247104247,0.56957682835,37,37,37,1,0,0.405405405405,0.540540540541,0.0540540540541,37,0.117117117117,2.21261261261,8.43243243243,7.09090909091,4.45714285714,5.04722443274,0.598549051319,0.327616077616,6.00525295579,1.42432281644,0.680873180873,3.83793300225,0.910278981302,0.463617463617,1.39215458577,0.629190386892,5.2,2.21261261261,1.39215458577,5.2,0,0,0,0,0.161113233172,37,37,37,1,0,0.405405405405,0.540540540541,0.0540540540541,37,205,0.153903903904,2.1474965135,11.0810810811,9.31818181818,5.54054054054,5.84227114504,0.527229347235,0.271984179301,7.13595977581,1.28795371563,0.644693473962,3.75347686666,0.677456800325,0.367303889255,1.16481106866,0.54240417218,3.50841115721,2.1474965135,1.16481106866,3.50841115721,0.268622827558,0.147445820433,127,0.0163449163449,0.207603581577,37,37,37,1,0,0.405405405405,0.594594594595,0,-137,-0.102852852853,0.422207695385,-7.40540540541,-6.22727272727,-4.23088803089,0.474560989644,0.236870756958,0.129341536659,-2.37253176657,0.259257262218,0.10020161368,-4.29983647977,-0.19380809388,-0.0945263620488,0.524211498339,0.171104269463,1.50841115721,0.422207695385,0.524211498339,1.50841115721,-0.075448566689,-0.229123217223,-683,-0.0879021879022,-0.361973246773,0,0.0540540540541,-0.0540540540541,194,11,148,979,0.567251461988,0.988888888889,0.0111111111111,0.432748538012,0.946341463415,0.567251461988,0.709323583181,0.673249699627,0.556140350877,0.549575070822,49,186,0,0,0,0
1706,WLNM_dir_neg,0.557073072031,0.464199677437,00:00:04,10,40,40,1236695375,threshold_sweep,0.5,0.765957446809,0.193548387097,0.309012875536,36,11,150,361,0.193548387097,0.970430107527,0.0295698924731,0.806451612903,0.765957446809,0.193548387097,0.309012875536,0.71146953405,0.638590203106,0.201652892562,0.278327076675,0.163978494624,342,156,186,0,342,0,156,0,186,37,342,0.256756756757,1.72528881811,18.4864864865,15.5454545455,9.77142857143,5.36771015539,0.290358590277,0.142642642643,9.50849154237,1.02869645341,0.544491860281,8.05331334643,0.871264894205,0.461830251304,0.640599570326,0.371299902718,2,1.72528881811,0.640599570326,2,0.344071394247,0.376569037657,810,0.104247104247,0.56957682835,37,37,37,1,0,0.405405405405,0.540540540541,0.0540540540541,37,0.117117117117,2.21261261261,8.43243243243,7.09090909091,4.45714285714,5.04722443274,0.598549051319,0.327616077616,6.00525295579,1.42432281644,0.680873180873,3.83793300225,0.910278981302,0.463617463617,1.39215458577,0.629190386892,5.2,2.21261261261,1.39215458577,5.2,0,0,0,0,0.161113233172,37,37,37,1,0,0.405405405405,0.540540540541,0.0540540540541,37,203,0.152402402402,2.15175113153,10.972972973,9.22727272727,5.48648648649,5.7275478876,0.521968649856,0.267740647051,7.05384694736,1.2856765372,0.64199174544,3.79781824518,0.692213177693,0.374650512582,1.17183970739,0.544598160176,3.54564360018,2.15175113153,1.17183970739,3.54564360018,0.263588619503,0.145353455123,122,0.0157014157014,0.207176313041,37,37,37,1,0,0.405405405405,0.594594594595,0,-139,-0.104354354354,0.426462313411,-7.51351351351,-6.31818181818,-4.28494208494,0.359837732211,0.231610059578,0.125098004408,-2.45464459502,0.256980083788,0.0974998851587,-4.25549510125,-0.179051716512,-0.0871797387224,0.53124013706,0.173298257458,1.54564360018,0.426462313411,0.53124013706,1.54564360018,-0.0804827747444,-0.231215582534,-688,-0.0885456885457,-0.362400515309,0,0.0540540540541,-0.0540540540541,192,11,150,979,0.561403508772,0.988888888889,0.0111111111111,0.438596491228,0.945812807882,0.561403508772,0.704587155963,0.668850680775,0.550292397661,0.543909348442,47,186,0,0,0,0
1707,WLNM_dir_neg,0.557073072031,0.464199677437,00:00:04,10,40,40,1236695375,threshold_sweep,0.6,0.714285714286,0.10752688172,0.18691588785,20,8,166,364,0.10752688172,0.978494623656,0.0215053763441,0.89247311828,0.714285714286,0.10752688172,0.18691588785,0.688172043011,0.649940262843,0.109215017065,0.185745384085,0.0860215053763,342,156,186,0,342,0,156,0,186,37,342,0.256756756757,1.72528881811,18.4864864865,15.5454545455,9.77142857143,5.36771015539,0.290358590277,0.142642642643,9.50849154237,1.02869645341,0.544491860281,8.05331334643,0.871264894205,0.461830251304,0.640599570326,0.371299902718,2,1.72528881811,0.640599570326,2,0.344071394247,0.376569037657,810,0.104247104247,0.56957682835,37,37,37,1,0,0.405405405405,0.540540540541,0.0540540540541,37,0.117117117117,2.21261261261,8.43243243243,7.09090909091,4.45714285714,5.04722443274,0.598549051319,0.327616077616,6.00525295579,1.42432281644,0.680873180873,3.83793300225,0.910278981302,0.463617463617,1.39215458577,0.629190386892,5.2,2.21261261261,1.39215458577,5.2,0,0,0,0,0.161113233172,37,37,37,1,0,0.405405405405,0.540540540541,0.0540540540541,37,184,0.138138138138,2.33784812682,9.94594594595,8.36363636364,5.11111111111,4.83014806505,0.485639886975,0.262044653349,6.17110869962,1.24092946677,0.631903642773,3.45194378806,0.694140870425,0.37749706228,1.42381054994,0.609026109783,4.35119657102,2.33784812682,1.42381054994,4.35119657102,0.192591303582,0.0614385614386,41,0.00527670527671,0.187194127734,37,37,37,1,0,0.405405405405,0.567567567568,0.027027027027,-158,-0.118618618619,0.612559308708,-8.54054054054,-7.18181818182,-4.66031746032,-0.537562090341,0.195281296698,0.119402010706,-3.33738284275,0.212233013358,0.0874117824919,-4.60136955838,-0.17712402378,-0.0843331890243,0.783210979616,0.237726207065,2.35119657102,0.612559308708,0.783210979616,2.35119657102,-0.151480090665,-0.315130476218,-769,-0.0989703989704,-0.382382700616,0,0.027027027027,-0.027027027027,176,8,166,982,0.514619883041,0.991919191919,0.00808080808081,0.485380116959,0.95652173913,0.514619883041,0.669201520913,0.641303703145,0.50653907496,0.502857142857,28,186,0,0,0,0
1708,WLNM_dir_neg,0.557073072031,0.464199677437,00:00:04,10,40,40,1236695375,threshold_sweep,0.7,0.703703703704,0.102150537634,0.178403755869,19,8,167,364,0.102150537634,0.978494623656,0.0215053763441,0.897849462366,0.703703703704,0.102150537634,0.178403755869,0.686379928315,0.650537634409,0.102564102564,0.177164667818,0.0806451612903,342,156,186,0,342,0,156,0,186,37,342,0.256756756757,1.72528881811,18.4864864865,15.5454545455,9.77142857143,5.36771015539,0.290358590277,0.142642642643,9.50849154237,1.02869645341,0.544491860281,8.05331334643,0.871264894205,0.461830251304,0.640599570326,0.371299902718,2,1.72528881811,0.640599570326,2,0.344071394247,0.376569037657,810,0.104247104247,0.56957682835,37,37,37,1,0,0.405405405405,0.540540540541,0.0540540540541,37,0.117117117117,2.21261261261,8.43243243243,7.09090909091,4.45714285714,5.04722443274,0.598549051319,0.327616077616,6.00525295579,1.42432281644,0.680873180873,3.83793300225,0.910278981302,0.463617463617,1.39215458577,0.629190386892,5.2,2.21261261261,1.39215458577,5.2,0,0,0,0,0.161113233172,37,37,37,1,0,0.405405405405,0.540540540541,0.0540540540541,37,183,0.137387387387,2.35261589882,9.89189189189,8.31818181818,5.08333333333,4.75385097569,0.480580563117,0.259193619849,6.14611867562,1.24265787431,0.632993649387,3.47167863613,0.701924095829,0.381627529169,1.44385667388,0.613723929439,4.36483196613,2.35261589882,1.44385667388,4.36483196613,0.189209770789,0.0578093306288,38,0.0048906048906,0.186720147902,37,37,37,1,0,0.405405405405,0.567567567568,0.027027027027,-159,-0.119369369369,0.627327080704,-8.59459459459,-7.22727272727,-4.6880952381,-0.6138591797,0.190221972839,0.116550977207,-3.36237286676,0.21396142089,0.0885017891058,-4.58163471031,-0.169340798376,-0.0802027221354,0.803257103558,0.242424026721,2.36483196613,0.627327080704,0.803257103558,2.36483196613,-0.154861623459,-0.318759707028,-772,-0.0993564993565,-0.382856680448,0,0.027027027027,-0.027027027027,175,8,167,982,0.511695906433,0.991919191919,0.00808080808081,0.488304093567,0.956284153005,0.511695906433,0.666666666667,0.639063234054,0.503615098352,0.5,27,186,0,0,0,0
1709,WLNM_dir_neg,0.557073072031,0.464199677437,00:00:04,10,40,40,1236695375,threshold_sweep,0.8,0.730769230769,0.102150537634,0.179245283019,19,7,167,365,0.102150537634,0.981182795699,0.0188172043011,0.897849462366,0.730769230769,0.102150537634,0.179245283019,0.688172043011,0.651135005974,0.106164383562,0.18638210222,0.0833333333333,342,156,186,0,342,0,156,0,186,37,342,0.256756756757,1.72528881811,18.4864864865,15.5454545455,9.77142857143,5.36771015539,0.290358590277,0.142642642643,9.50849154237,1.02869645341,0.544491860281,8.05331334643,0.871264894205,0.461830251304,0.640599570326,0.371299902718,2,1.72528881811,0.640599570326,2,0.344071394247,0.376569037657,810,0.104247104247,0.56957682835,37,37,37,1,0,0.405405405405,0.540540540541,0.0540540540541,37,0.117117117117,2.21261261261,8.43243243243,7.09090909091,4.45714285714,5.04722443274,0.598549051319,0.327616077616,6.00525295579,1.42432281644,0.680873180873,3.83793300225,0.910278981302,0.463617463617,1.39215458577,0.629190386892,5.2,2.21261261261,1.39215458577,5.2,0,0,0,0,0.161113233172,37,37,37,1,0,0.405405405405,0.540540540541,0.0540540540541,37,182,0.136636636637,2.3307737641,9.83783783784,8.27272727273,5.05555555556,4.76394743833,0.484247404446,0.260766260766,6.14355298205,1.24896406778,0.63468963469,3.48312103323,0.708107023239,0.384021384021,1.41834040941,0.608527704944,4.28599600982,2.3307737641,1.41834040941,4.28599600982,0.189209770789,0.0578093306288,38,0.0048906048906,0.186242666598,37,37,37,1,0,0.405405405405,0.567567567568,0.027027027027,-160,-0.12012012012,0.605484945981,-8.64864864865,-7.27272727273,-4.71587301587,-0.603762717061,0.193888814169,0.118123618124,-3.36493856033,0.220267614364,0.0901977744083,-4.5701923132,-0.163157870966,-0.0778088672826,0.777740839082,0.237227802226,2.28599600982,0.605484945981,0.777740839082,2.28599600982,-0.154861623459,-0.318759707028,-772,-0.0993564993565,-0.383334161752,0,0.027027027027,-0.027027027027,175,7,167,983,0.511695906433,0.992929292929,0.00707070707071,0.488304093567,0.961538461538,0.511695906433,0.667938931298,0.641822547758,0.504625199362,0.501432664756,26,186,0,0,0,0
1710,WLNM_dir_neg,0.557073072031,0.464199677437,00:00:04,10,40,40,1236695375,threshold_sweep,0.9,0.75,0.0967741935484,0.171428571429,18,6,168,366,0.0967741935484,0.983870967742,0.0161290322581,0.903225806452,0.75,0.0967741935484,0.171428571429,0.688172043011,0.652329749104,0.103092783505,0.187382922249,0.0806451612903,342,156,186,0,342,0,156,0,186,37,342,0.256756756757,1.72528881811,18.4864864865,15.5454545455,9.77142857143,5.36771015539,0.290358590277,0.142642642643,9.50849154237,1.02869645341,0.544491860281,8.05331334643,0.871264894205,0.461830251304,0.640599570326,0.371299902718,2,1.72528881811,0.640599570326,2,0.344071394247,0.376569037657,810,0.104247104247,0.56957682835,37,37,37,1,0,0.405405405405,0.540540540541,0.0540540540541,37,0.117117117117,2.21261261261,8.43243243243,7.09090909091,4.45714285714,5.04722443274,0.598549051319,0.327616077616,6.00525295579,1.42432281644,0.680873180873,3.83793300225,0.910278981302,0.463617463617,1.39215458577,0.629190386892,5.2,2.21261261261,1.39215458577,5.2,0,0,0,0,0.161113233172,37,37,37,1,0,0.405405405405,0.540540540541,0.0540540540541,37,180,0.135135135135,2.35403190656,9.72972972973,8.18181818182,5,4.83418756043,0.496847054821,0.268168168168,6.12445989529,1.25891675625,0.639039039039,3.49731771951,0.718893086789,0.388888888889,1.45950186706,0.620000885712,4.28599600982,2.35403190656,1.45950186706,4.28599600982,0.173714857925,0.0508474576271,33,0.0042471042471,0.185287113436,37,37,37,1,0,0.405405405405,0.567567567568,0.027027027027,-162,-0.121621621622,0.628743088446,-8.75675675676,-7.36363636364,-4.77142857143,-0.533522594968,0.206488464544,0.125525525526,-3.38403164709,0.230220302839,0.0945471787577,-4.55599562692,-0.152371807416,-0.072941362415,0.818902296737,0.248700982994,2.28599600982,0.628743088446,0.818902296737,2.28599600982,-0.170356536322,-0.32572158003,-777,-0.1,-0.384289714914,0,0.027027027027,-0.027027027027,174,6,168,984,0.508771929825,0.993939393939,0.00606060606061,0.491228070175,0.966666666667,0.508771929825,0.666666666667,0.642372330965,0.502711323764,0.5,24,186,0,0,0,0
1711,WLNM_dir_neg,0.430302636143,0.362152557481,00:00:04,10,40,41,1236695376,threshold_sweep,0.1,0.555555555556,0.161290322581,0.25,30,24,156,348,0.161290322581,0.935483870968,0.0645161290323,0.838709677419,0.555555555556,0.161290322581,0.25,0.677419354839,0.634408602151,0.117647058824,0.154303349962,0.0967741935484,342,156,186,0,342,0,156,0,186,37,342,0.256756756757,1.72528881811,18.4864864865,15.5454545455,9.77142857143,5.36771015539,0.290358590277,0.142642642643,9.50849154237,1.02869645341,0.544491860281,8.05331334643,0.871264894205,0.461830251304,0.640599570326,0.371299902718,2,1.72528881811,0.640599570326,2,0.344071394247,0.376569037657,810,0.104247104247,0.56957682835,37,37,37,1,0,0.405405405405,0.540540540541,0.0540540540541,37,0.117117117117,2.18481481481,8.43243243243,7.09090909091,4.45714285714,5.03620525429,0.597242289772,0.326923076923,6.00062559301,1.42322530091,0.680526680527,3.83793300225,0.910278981302,0.463617463617,1.318977792,0.603702328937,4.32037037037,2.18481481481,1.318977792,4.32037037037,0,0,0,0,0.160896782956,37,37,37,1,0,0.405405405405,0.540540540541,0.0540540540541,37,210,0.157657657658,15.769300043,11.3513513514,6.77419354839,5.67567567568,4.52288143294,0.398444316712,0.210296010296,5.85497914435,1.03159156353,0.546460746461,3.74205865841,0.659315096958,0.359330759331,7.40145706595,0.469358630109,23.926579828,15.769300043,7.40145706595,23.926579828,0.192311306708,0.131414267835,105,0.0135135135135,0.198060939905,37,37,37,1,0,0.162162162162,0.837837837838,0,-132,-0.0990990990991,14.0440112249,-7.13513513514,-8.77126099707,-4.09575289575,-0.844828722451,0.108085726434,0.0676533676534,-3.65351239802,0.00289511011364,0.00196888617941,-4.31125468802,-0.211949797246,-0.102499491973,6.76085749563,0.0980587273914,21.926579828,14.0440112249,6.76085749563,21.926579828,-0.15176008754,-0.245154769822,-705,-0.0907335907336,-0.371515888445,-0.243243243243,0.297297297297,-0.0540540540541,186,24,156,966,0.543859649123,0.975757575758,0.0242424242424,0.456140350877,0.885714285714,0.543859649123,0.673913043478,0.622885345797,0.51961722488,0.508196721311,54,186,0,0,0,0
1712,WLNM_dir_neg,0.430302636143,0.362152557481,00:00:04,10,40,41,1236695376,threshold_sweep,0.2,0.553191489362,0.139784946237,0.223175965665,26,21,160,351,0.139784946237,0.943548387097,0.0564516129032,0.860215053763,0.553191489362,0.139784946237,0.223175965665,0.675627240143,0.638590203106,0.102479338843,0.141444907819,0.0833333333333,342,156,186,0,342,0,156,0,186,37,342,0.256756756757,1.72528881811,18.4864864865,15.5454545455,9.77142857143,5.36771015539,0.290358590277,0.142642642643,9.50849154237,1.02869645341,0.544491860281,8.05331334643,0.871264894205,0.461830251304,0.640599570326,0.371299902718,2,1.72528881811,0.640599570326,2,0.344071394247,0.376569037657,810,0.104247104247,0.56957682835,37,37,37,1,0,0.405405405405,0.540540540541,0.0540540540541,37,0.117117117117,2.18481481481,8.43243243243,7.09090909091,4.45714285714,5.03620525429,0.597242289772,0.326923076923,6.00062559301,1.42322530091,0.680526680527,3.83793300225,0.910278981302,0.463617463617,1.318977792,0.603702328937,4.32037037037,2.18481481481,1.318977792,4.32037037037,0,0,0,0,0.160896782956,37,37,37,1,0,0.405405405405,0.540540540541,0.0540540540541,37,203,0.152402402402,14.0698536628,10.972972973,6.54838709677,5.48648648649,4.62172698895,0.421191868451,0.224071362002,5.88133404,1.07196728808,0.558647317268,3.63334573103,0.662235428809,0.360271601651,6.54786181036,0.465382367669,21.7786640239,14.0698536628,6.54786181036,21.7786640239,0.197016336103,0.116079105761,90,0.011583011583,0.188200282431,37,37,37,1,0,0.162162162162,0.837837837838,0,-139,-0.104354354354,12.3445648447,-7.51351351351,-8.99706744868,-4.28494208494,-0.745983166446,0.130833278174,0.0814287193598,-3.62715750237,0.0432708346644,0.0141554569867,-4.4199676154,-0.209029465396,-0.101558649653,5.90726224003,0.0940824649518,19.7786640239,12.3445648447,5.90726224003,19.7786640239,-0.147055058144,-0.260489931896,-720,-0.0926640926641,-0.381376545919,-0.243243243243,0.297297297297,-0.0540540540541,182,21,160,969,0.53216374269,0.978787878788,0.0212121212121,0.46783625731,0.896551724138,0.53216374269,0.667889908257,0.621034092641,0.510951621478,0.501377410468,47,186,0,0,0,0
1713,WLNM_dir_neg,0.430302636143,0.362152557481,00:00:04,10,40,41,1236695376,threshold_sweep,0.3,0.675675675676,0.134408602151,0.224215246637,25,12,161,360,0.134408602151,0.967741935484,0.0322580645161,0.865591397849,0.675675675676,0.134408602151,0.224215246637,0.689964157706,0.644563918757,0.127731092437,0.193530257786,0.102150537634,342,156,186,0,342,0,156,0,186,37,342,0.256756756757,1.72528881811,18.4864864865,15.5454545455,9.77142857143,5.36771015539,0.290358590277,0.142642642643,9.50849154237,1.02869645341,0.544491860281,8.05331334643,0.871264894205,0.461830251304,0.640599570326,0.371299902718,2,1.72528881811,0.640599570326,2,0.344071394247,0.376569037657,810,0.104247104247,0.56957682835,37,37,37,1,0,0.405405405405,0.540540540541,0.0540540540541,37,0.117117117117,2.18481481481,8.43243243243,7.09090909091,4.45714285714,5.03620525429,0.597242289772,0.326923076923,6.00062559301,1.42322530091,0.680526680527,3.83793300225,0.910278981302,0.463617463617,1.318977792,0.603702328937,4.32037037037,2.18481481481,1.318977792,4.32037037037,0,0,0,0,0.160896782956,37,37,37,1,0,0.405405405405,0.540540540541,0.0540540540541,37,193,0.144894894895,5.76404302727,10.4324324324,8.39130434783,5.21621621622,4.29819432721,0.412003083178,0.219016944406,6.07881172204,1.16536805034,0.605237361714,3.40860948462,0.65346399446,0.355692480045,6.07749983802,1.0543814141,19.4182667525,5.76404302727,6.07749983802,19.4182667525,0.169549753373,0.0850552618933,59,0.00759330759331,0.18874996801,37,37,37,1,0,0.378378378378,0.621621621622,0,-149,-0.111861861862,4.03875420915,-8.05405405405,-7.15415019763,-4.55521235521,-1.06951582818,0.121644492901,0.0763743017629,-3.42967982034,0.136671596924,0.0607455014327,-4.64470386182,-0.217800899745,-0.106137771259,5.43690026769,0.683081511381,17.4182667525,4.03875420915,5.43690026769,17.4182667525,-0.174521640874,-0.291513775764,-751,-0.0966537966538,-0.38082686034,-0.027027027027,0.0810810810811,-0.0540540540541,181,12,161,978,0.529239766082,0.987878787879,0.0121212121212,0.470760233918,0.937823834197,0.529239766082,0.676635514019,0.641771244667,0.517118553961,0.511299435028,37,186,0,0,0,0
1714,WLNM_dir_neg,0.430302636143,0.362152557481,00:00:04,10,40,41,1236695376,threshold_sweep,0.4,0.666666666667,0.129032258065,0.216216216216,24,12,162,360,0.129032258065,0.967741935484,0.0322580645161,0.870967741935,0.666666666667,0.129032258065,0.216216216216,0.688172043011,0.645161290323,0.121212121212,0.185695338177,0.0967741935484,342,156,186,0,342,0,156,0,186,37,342,0.256756756757,1.72528881811,18.4864864865,15.5454545455,9.77142857143,5.36771015539,0.290358590277,0.142642642643,9.50849154237,1.02869645341,0.544491860281,8.05331334643,0.871264894205,0.461830251304,0.640599570326,0.371299902718,2,1.72528881811,0.640599570326,2,0.344071394247,0.376569037657,810,0.104247104247,0.56957682835,37,37,37,1,0,0.405405405405,0.540540540541,0.0540540540541,37,0.117117117117,2.18481481481,8.43243243243,7.09090909091,4.45714285714,5.03620525429,0.597242289772,0.326923076923,6.00062559301,1.42322530091,0.680526680527,3.83793300225,0.910278981302,0.463617463617,1.318977792,0.603702328937,4.32037037037,2.18481481481,1.318977792,4.32037037037,0,0,0,0,0.160896782956,37,37,37,1,0,0.405405405405,0.540540540541,0.0540540540541,37,192,0.144144144144,5.88509428718,10.3783783784,8.34782608696,5.18918918919,4.25147916319,0.40964773187,0.217060810811,6.0728806904,1.17029471638,0.606418918919,3.43865152703,0.662656804687,0.359797297297,6.20212902045,1.05387079931,19.676358677,5.88509428718,6.20212902045,19.676358677,0.171179324121,0.0846303501946,58,0.00746460746461,0.188846999876,37,37,37,1,0,0.378378378378,0.621621621622,0,-150,-0.112612612613,4.15980546907,-8.10810810811,-7.1976284585,-4.58223938224,-1.1162309922,0.119289141593,0.0744181681682,-3.43561085197,0.141598262965,0.0619270586376,-4.61466181941,-0.208608089517,-0.102032954007,5.56152945013,0.682570896593,17.676358677,4.15980546907,5.56152945013,17.676358677,-0.172892070127,-0.291938687462,-752,-0.0967824967825,-0.380729828474,-0.027027027027,0.0810810810811,-0.0540540540541,180,12,162,978,0.526315789474,0.987878787879,0.0121212121212,0.473684210526,0.9375,0.526315789474,0.674157303371,0.639521430868,0.514194577352,0.508474576271,36,186,0,0,0,0
1715,WLNM_dir_neg,0.430302636143,0.362152557481,00:00:04,10,40,41,1236695376,threshold_sweep,0.5,0.71875,0.123655913978,0.211009174312,23,9,163,363,0.123655913978,0.975806451613,0.0241935483871,0.876344086022,0.71875,0.123655913978,0.211009174312,0.691756272401,0.647550776583,0.125423728814,0.201659583091,0.0994623655914,342,156,186,0,342,0,156,0,186,37,342,0.256756756757,1.72528881811,18.4864864865,15.5454545455,9.77142857143,5.36771015539,0.290358590277,0.142642642643,9.50849154237,1.02869645341,0.544491860281,8.05331334643,0.871264894205,0.461830251304,0.640599570326,0.371299902718,2,1.72528881811,0.640599570326,2,0.344071394247,0.376569037657,810,0.104247104247,0.56957682835,37,37,37,1,0,0.405405405405,0.540540540541,0.0540540540541,37,0.117117117117,2.18481481481,8.43243243243,7.09090909091,4.45714285714,5.03620525429,0.597242289772,0.326923076923,6.00062559301,1.42322530091,0.680526680527,3.83793300225,0.910278981302,0.463617463617,1.318977792,0.603702328937,4.32037037037,2.18481481481,1.318977792,4.32037037037,0,0,0,0,0.160896782956,37,37,37,1,0,0.405405405405,0.540540540541,0.0540540540541,37,188,0.141141141141,1,10.1621621622,8.17391304348,5.22222222222,4.27208974048,0.420391809569,0.221966647499,6.0524484411,1.19117336341,0.613571017826,3.51487615064,0.691757540286,0.376078205865,0,0,0,NaN,NaN,NaN,0.165432668374,0.0747011952191,50,0.00643500643501,0.190087644086,37,37,0,1,2,0.378378378378,0.594594594595,0.027027027027,-154,-0.115615615616,-0.725288818115,-8.32432432432,-7.37154150198,-4.54920634921,-1.09562041491,0.130033219292,0.0793240048559,-3.45604310128,0.162476909992,0.069079157545,-4.53843719579,-0.179507353919,-0.0857520454385,-0.640599570326,-0.371299902718,-2,NaN,NaN,NaN,-0.178638725874,-0.301867842438,-760,-0.0978120978121,-0.379489184264,-0.027027027027,0.0540540540541,-0.027027027027,179,9,163,981,0.523391812865,0.990909090909,0.00909090909091,0.476608187135,0.952127659574,0.523391812865,0.675471698113,0.645291583948,0.514300903775,0.509971509972,32,186,0,0,0,0
1716,WLNM_dir_neg,0.430302636143,0.362152557481,00:00:04,10,40,41,1236695376,threshold_sweep,0.6,0.689655172414,0.10752688172,0.186046511628,20,9,166,363,0.10752688172,0.975806451613,0.0241935483871,0.89247311828,0.689655172414,0.10752688172,0.186046511628,0.686379928315,0.649342891278,0.105621805792,0.176978235594,0.0833333333333,342,156,186,0,342,0,156,0,186,37,342,0.256756756757,1.72528881811,18.4864864865,15.5454545455,9.77142857143,5.36771015539,0.290358590277,0.142642642643,9.50849154237,1.02869645341,0.544491860281,8.05331334643,0.871264894205,0.461830251304,0.640599570326,0.371299902718,2,1.72528881811,0.640599570326,2,0.344071394247,0.376569037657,810,0.104247104247,0.56957682835,37,37,37,1,0,0.405405405405,0.540540540541,0.0540540540541,37,0.117117117117,2.18481481481,8.43243243243,7.09090909091,4.45714285714,5.03620525429,0.597242289772,0.326923076923,6.00062559301,1.42322530091,0.680526680527,3.83793300225,0.910278981302,0.463617463617,1.318977792,0.603702328937,4.32037037037,2.18481481481,1.318977792,4.32037037037,0,0,0,0,0.160896782956,37,37,37,1,0,0.405405405405,0.540540540541,0.0540540540541,37,185,0.138888888889,1,10,8.04347826087,5.13888888889,4.28822677676,0.428822677676,0.224397370343,5.96750459666,1.19350091933,0.61592403214,3.55902608401,0.711805216802,0.385098612126,0,0,0,NaN,NaN,NaN,0.142446905914,0.0583418628454,38,0.0048906048906,0.188683726868,37,37,0,1,2,0.378378378378,0.594594594595,0.027027027027,-157,-0.117867867868,-0.725288818115,-8.48648648649,-7.50197628458,-4.63253968254,-1.07948337864,0.138464087398,0.0817547277007,-3.54098694572,0.164804465916,0.0714321718589,-4.49428726242,-0.159459677403,-0.0767316391783,-0.640599570326,-0.371299902718,-2,NaN,NaN,NaN,-0.201624488333,-0.318227174811,-772,-0.0993564993565,-0.380893101482,-0.027027027027,0.0540540540541,-0.027027027027,176,9,166,981,0.514619883041,0.990909090909,0.00909090909091,0.485380116959,0.951351351351,0.514619883041,0.667931688805,0.638570907923,0.50552897395,0.501424501425,29,186,0,0,0,0
1717,WLNM_dir_neg,0.430302636143,0.362152557481,00:00:04,10,40,41,1236695376,threshold_sweep,0.7,0.689655172414,0.10752688172,0.186046511628,20,9,166,363,0.10752688172,0.975806451613,0.0241935483871,0.89247311828,0.689655172414,0.10752688172,0.186046511628,0.686379928315,0.649342891278,0.105621805792,0.176978235594,0.0833333333333,342,156,186,0,342,0,156,0,186,37,342,0.256756756757,1.72528881811,18.4864864865,15.5454545455,9.77142857143,5.36771015539,0.290358590277,0.142642642643,9.50849154237,1.02869645341,0.544491860281,8.05331334643,0.871264894205,0.461830251304,0.640599570326,0.371299902718,2,1.72528881811,0.640599570326,2,0.344071394247,0.376569037657,810,0.104247104247,0.56957682835,37,37,37,1,0,0.405405405405,0.540540540541,0.0540540540541,37,0.117117117117,2.18481481481,8.43243243243,7.09090909091,4.45714285714,5.03620525429,0.597242289772,0.326923076923,6.00062559301,1.42322530091,0.680526680527,3.83793300225,0.910278981302,0.463617463617,1.318977792,0.603702328937,4.32037037037,2.18481481481,1.318977792,4.32037037037,0,0,0,0,0.160896782956,37,37,37,1,0,0.405405405405,0.540540540541,0.0540540540541,37,185,0.138888888889,1,10,8.04347826087,5.13888888889,4.28822677676,0.428822677676,0.224397370343,5.96750459666,1.19350091933,0.61592403214,3.55902608401,0.711805216802,0.385098612126,0,0,0,NaN,NaN,NaN,0.142446905914,0.0583418628454,38,0.0048906048906,0.188683726868,37,37,0,1,2,0.378378378378,0.594594594595,0.027027027027,-157,-0.117867867868,-0.725288818115,-8.48648648649,-7.50197628458,-4.63253968254,-1.07948337864,0.138464087398,0.0817547277007,-3.54098694572,0.164804465916,0.0714321718589,-4.49428726242,-0.159459677403,-0.0767316391783,-0.640599570326,-0.371299902718,-2,NaN,NaN,NaN,-0.201624488333,-0.318227174811,-772,-0.0993564993565,-0.380893101482,-0.027027027027,0.0540540540541,-0.027027027027,176,9,166,981,0.514619883041,0.990909090909,0.00909090909091,0.485380116959,0.951351351351,0.514619883041,0.667931688805,0.638570907923,0.50552897395,0.501424501425,29,186,0,0,0,0
1718,WLNM_dir_neg,0.430302636143,0.362152557481,00:00:04,10,40,41,1236695376,threshold_sweep,0.8,0.730769230769,0.102150537634,0.179245283019,19,7,167,365,0.102150537634,0.981182795699,0.0188172043011,0.897849462366,0.730769230769,0.102150537634,0.179245283019,0.688172043011,0.651135005974,0.106164383562,0.18638210222,0.0833333333333,342,156,186,0,342,0,156,0,186,37,342,0.256756756757,1.72528881811,18.4864864865,15.5454545455,9.77142857143,5.36771015539,0.290358590277,0.142642642643,9.50849154237,1.02869645341,0.544491860281,8.05331334643,0.871264894205,0.461830251304,0.640599570326,0.371299902718,2,1.72528881811,0.640599570326,2,0.344071394247,0.376569037657,810,0.104247104247,0.56957682835,37,37,37,1,0,0.405405405405,0.540540540541,0.0540540540541,37,0.117117117117,2.18481481481,8.43243243243,7.09090909091,4.45714285714,5.03620525429,0.597242289772,0.326923076923,6.00062559301,1.42322530091,0.680526680527,3.83793300225,0.910278981302,0.463617463617,1.318977792,0.603702328937,4.32037037037,2.18481481481,1.318977792,4.32037037037,0,0,0,0,0.160896782956,37,37,37,1,0,0.405405405405,0.540540540541,0.0540540540541,37,182,0.136636636637,2.159771445,9.83783783784,8.27272727273,5.05555555556,4.35579762764,0.442759648964,0.235075735076,6.01100092598,1.22201667177,0.626967626968,3.55417108932,0.72255126541,0.391149391149,1.24554292844,0.576701266849,3.85963804714,2.159771445,1.24554292844,3.85963804714,0.139400387078,0.0530697190427,34,0.0043758043758,0.19601920034,37,37,37,1,0,0.405405405405,0.567567567568,0.027027027027,-160,-0.12012012012,0.434482626884,-8.64864864865,-7.27272727273,-4.71587301587,-1.01191252775,0.152401058687,0.0924330924331,-3.49749061639,0.19332021835,0.0824757666863,-4.49914225712,-0.148713628794,-0.0706808601545,0.604943358109,0.205401364131,1.85963804714,0.434482626884,0.604943358109,1.85963804714,-0.204671007169,-0.323499318614,-776,-0.0998712998713,-0.37355762801,0,0.027027027027,-0.027027027027,175,7,167,983,0.511695906433,0.992929292929,0.00707070707071,0.488304093567,0.961538461538,0.511695906433,0.667938931298,0.641822547758,0.504625199362,0.501432664756,26,186,0,0,0,0
1719,WLNM_dir_neg,0.430302636143,0.362152557481,00:00:04,10,40,41,1236695376,threshold_sweep,0.9,0.75,0.0967741935484,0.171428571429,18,6,168,366,0.0967741935484,0.983870967742,0.0161290322581,0.903225806452,0.75,0.0967741935484,0.171428571429,0.688172043011,0.652329749104,0.103092783505,0.187382922249,0.0806451612903,342,156,186,0,342,0,156,0,186,37,342,0.256756756757,1.72528881811,18.4864864865,15.5454545455,9.77142857143,5.36771015539,0.290358590277,0.142642642643,9.50849154237,1.02869645341,0.544491860281,8.05331334643,0.871264894205,0.461830251304,0.640599570326,0.371299902718,2,1.72528881811,0.640599570326,2,0.344071394247,0.376569037657,810,0.104247104247,0.56957682835,37,37,37,1,0,0.405405405405,0.540540540541,0.0540540540541,37,0.117117117117,2.18481481481,8.43243243243,7.09090909091,4.45714285714,5.03620525429,0.597242289772,0.326923076923,6.00062559301,1.42322530091,0.680526680527,3.83793300225,0.910278981302,0.463617463617,1.318977792,0.603702328937,4.32037037037,2.18481481481,1.318977792,4.32037037037,0,0,0,0,0.160896782956,37,37,37,1,0,0.405405405405,0.540540540541,0.0540540540541,37,180,0.135135135135,2.20144042368,9.72972972973,8.18181818182,5,4.32466214897,0.44447916531,0.236636636637,5.99148545003,1.23158312028,0.63033033033,3.57586168452,0.73503823515,0.396996996997,1.32613558343,0.602394490975,4.09098662059,2.20144042368,1.32613558343,4.09098662059,0.136064960059,0.0462519936204,29,0.0037323037323,0.194095283708,37,37,37,1,0,0.405405405405,0.567567567568,0.027027027027,-162,-0.121621621622,0.476151605562,-8.75675675676,-7.36363636364,-4.77142857143,-1.04304800643,0.154120575033,0.093993993994,-3.51700609235,0.202886666869,0.085838470049,-4.47745166192,-0.136226659054,-0.0648332543069,0.685536013108,0.231094588258,2.09098662059,0.476151605562,0.685536013108,2.09098662059,-0.208006434189,-0.330317044036,-781,-0.100514800515,-0.375481544642,0,0.027027027027,-0.027027027027,174,6,168,984,0.508771929825,0.993939393939,0.00606060606061,0.491228070175,0.966666666667,0.508771929825,0.666666666667,0.642372330965,0.502711323764,0.5,24,186,0,0,0,0
1720,WLNM_dir_neg,0.425880159556,0.394474488224,00:00:05,10,40,42,1236695377,threshold_sweep,0.1,0.685185185185,0.198924731183,0.308333333333,37,17,149,355,0.198924731183,0.954301075269,0.0456989247312,0.801075268817,0.685185185185,0.198924731183,0.308333333333,0.702508960573,0.634408602151,0.186274509804,0.24431363744,0.153225806452,342,156,186,0,342,0,156,0,186,37,342,0.256756756757,1.72528881811,18.4864864865,15.5454545455,9.77142857143,5.36771015539,0.290358590277,0.142642642643,9.50849154237,1.02869645341,0.544491860281,8.05331334643,0.871264894205,0.461830251304,0.640599570326,0.371299902718,2,1.72528881811,0.640599570326,2,0.344071394247,0.376569037657,810,0.104247104247,0.56957682835,37,37,37,1,0,0.405405405405,0.540540540541,0.0540540540541,37,0.117117117117,2.18635635636,8.43243243243,7.09090909091,4.45714285714,5.03620525429,0.597242289772,0.326923076923,6.00062559301,1.42322530091,0.680526680527,3.83793300225,0.910278981302,0.463617463617,1.32204914232,0.604681454823,4.3462962963,2.18635635636,1.32204914232,4.3462962963,0,0,0,0,0.160896782956,37,37,37,1,0,0.405405405405,0.540540540541,0.0540540540541,37,210,0.157657657658,6.18831690418,11.3513513514,7.5,5.67567567568,4.8259496257,0.425143181312,0.231788931789,6.06471605113,1.06854520901,0.56731016731,3.39978801671,0.599010269611,0.327927927928,3.45230967113,0.557875384308,9.43924442585,6.18831690418,3.45230967113,9.43924442585,0.207638144635,0.142040816327,116,0.0149292149292,0.174697263207,37,37,37,1,0,0.243243243243,0.756756756757,0,-132,-0.0990990990991,4.46302808606,-7.13513513514,-8.04545454545,-4.09575289575,-0.541760529694,0.134784591035,0.0891462891463,-3.44377549125,0.039848755593,0.0228183070288,-4.65352532973,-0.272254624594,-0.133902323376,2.81171010081,0.18657548159,7.43924442585,4.46302808606,2.81171010081,7.43924442585,-0.136433249612,-0.23452822133,-694,-0.0893178893179,-0.394879565143,-0.162162162162,0.216216216216,-0.0540540540541,193,17,149,973,0.56432748538,0.982828282828,0.0171717171717,0.43567251462,0.919047619048,0.56432748538,0.699275362319,0.655896867091,0.547155768208,0.537604456825,54,186,0,0,0,0
1721,WLNM_dir_neg,0.425880159556,0.394474488224,00:00:05,10,40,42,1236695377,threshold_sweep,0.2,0.652173913043,0.161290322581,0.258620689655,30,16,156,356,0.161290322581,0.956989247312,0.0430107526882,0.838709677419,0.652173913043,0.161290322581,0.258620689655,0.691756272401,0.639187574671,0.145695364238,0.202732689713,0.118279569892,342,156,186,0,342,0,156,0,186,37,342,0.256756756757,1.72528881811,18.4864864865,15.5454545455,9.77142857143,5.36771015539,0.290358590277,0.142642642643,9.50849154237,1.02869645341,0.544491860281,8.05331334643,0.871264894205,0.461830251304,0.640599570326,0.371299902718,2,1.72528881811,0.640599570326,2,0.344071394247,0.376569037657,810,0.104247104247,0.56957682835,37,37,37,1,0,0.405405405405,0.540540540541,0.0540540540541,37,0.117117117117,2.18635635636,8.43243243243,7.09090909091,4.45714285714,5.03620525429,0.597242289772,0.326923076923,6.00062559301,1.42322530091,0.680526680527,3.83793300225,0.910278981302,0.463617463617,1.32204914232,0.604681454823,4.3462962963,2.18635635636,1.32204914232,4.3462962963,0,0,0,0,0.160896782956,37,37,37,1,0,0.405405405405,0.540540540541,0.0540540540541,37,202,0.151651651652,6.06014316709,10.9189189189,7.21428571429,5.45945945946,4.80958752204,0.440482025533,0.240165908483,5.94696278502,1.08929516359,0.572384265454,3.50867650416,0.642678369573,0.351886540005,3.37677959813,0.55721119205,9.35478993327,6.06014316709,3.37677959813,9.35478993327,0.18364267985,0.107564494972,82,0.0105534105534,0.171565663621,37,37,37,1,0,0.243243243243,0.756756756757,0,-140,-0.105105105105,4.33485434898,-7.56756756757,-8.33116883117,-4.31196911197,-0.558122633356,0.150123435256,0.0975232658401,-3.56152875736,0.0605987101772,0.0278924051722,-4.54463684228,-0.228586524632,-0.109943711299,2.73618002781,0.185911289333,7.35478993327,4.33485434898,2.73618002781,7.35478993327,-0.160428714397,-0.269004542685,-728,-0.0936936936937,-0.398011164729,-0.162162162162,0.216216216216,-0.0540540540541,186,16,156,974,0.543859649123,0.983838383838,0.0161616161616,0.456140350877,0.920792079208,0.543859649123,0.683823529412,0.642689521504,0.527698032961,0.519553072626,46,186,0,0,0,0
1722,WLNM_dir_neg,0.425880159556,0.394474488224,00:00:05,10,40,42,1236695377,threshold_sweep,0.3,0.731707317073,0.161290322581,0.264317180617,30,11,156,361,0.161290322581,0.970430107527,0.0295698924731,0.838709677419,0.731707317073,0.161290322581,0.264317180617,0.700716845878,0.642174432497,0.163606010017,0.237981875213,0.131720430108,342,156,186,0,342,0,156,0,186,37,342,0.256756756757,1.72528881811,18.4864864865,15.5454545455,9.77142857143,5.36771015539,0.290358590277,0.142642642643,9.50849154237,1.02869645341,0.544491860281,8.05331334643,0.871264894205,0.461830251304,0.640599570326,0.371299902718,2,1.72528881811,0.640599570326,2,0.344071394247,0.376569037657,810,0.104247104247,0.56957682835,37,37,37,1,0,0.405405405405,0.540540540541,0.0540540540541,37,0.117117117117,2.18635635636,8.43243243243,7.09090909091,4.45714285714,5.03620525429,0.597242289772,0.326923076923,6.00062559301,1.42322530091,0.680526680527,3.83793300225,0.910278981302,0.463617463617,1.32204914232,0.604681454823,4.3462962963,2.18635635636,1.32204914232,4.3462962963,0,0,0,0,0.160896782956,37,37,37,1,0,0.405405405405,0.540540540541,0.0540540540541,37,197,0.147897897898,3.18614030744,10.6486486486,8.5652173913,5.32432432432,4.73882437493,0.445016502214,0.237755522019,6.06013409301,1.13819777381,0.596515297023,3.54380566038,0.665587865148,0.363012758952,2.37080487351,0.744099331713,6.48078707362,3.18614030744,2.37080487351,6.48078707362,0.169282636078,0.085635359116,62,0.00797940797941,0.212570720463,37,37,37,1,0,0.378378378378,0.621621621622,0,-145,-0.108858858859,1.46085148933,-7.83783783784,-6.98023715415,-4.4471042471,-0.628885780461,0.154657911937,0.0951128793768,-3.44835744937,0.109501320399,0.0520234367416,-4.50950768605,-0.205677029057,-0.0988174923521,1.73020530319,0.372799428995,4.48078707362,1.46085148933,1.73020530319,4.48078707362,-0.174788758169,-0.290933678541,-748,-0.0962676962677,-0.357006107887,-0.027027027027,0.0810810810811,-0.0540540540541,186,11,156,979,0.543859649123,0.988888888889,0.0111111111111,0.456140350877,0.944162436548,0.543859649123,0.690166975881,0.655574229293,0.532748538012,0.526912181303,41,186,0,0,0,0
1723,WLNM_dir_neg,0.425880159556,0.394474488224,00:00:05,10,40,42,1236695377,threshold_sweep,0.4,0.710526315789,0.145161290323,0.241071428571,27,11,159,361,0.145161290323,0.970430107527,0.0295698924731,0.854838709677,0.710526315789,0.145161290323,0.241071428571,0.695340501792,0.643966547192,0.144295302013,0.216301727332,0.115591397849,342,156,186,0,342,0,156,0,186,37,342,0.256756756757,1.72528881811,18.4864864865,15.5454545455,9.77142857143,5.36771015539,0.290358590277,0.142642642643,9.50849154237,1.02869645341,0.544491860281,8.05331334643,0.871264894205,0.461830251304,0.640599570326,0.371299902718,2,1.72528881811,0.640599570326,2,0.344071394247,0.376569037657,810,0.104247104247,0.56957682835,37,37,37,1,0,0.405405405405,0.540540540541,0.0540540540541,37,0.117117117117,2.18635635636,8.43243243243,7.09090909091,4.45714285714,5.03620525429,0.597242289772,0.326923076923,6.00062559301,1.42322530091,0.680526680527,3.83793300225,0.910278981302,0.463617463617,1.32204914232,0.604681454823,4.3462962963,2.18635635636,1.32204914232,4.3462962963,0,0,0,0,0.160896782956,37,37,37,1,0,0.405405405405,0.540540540541,0.0540540540541,37,194,0.145645645646,3.20251693932,10.4864864865,8.4347826087,5.24324324324,4.65248811343,0.443665103601,0.238088604068,5.98333521544,1.14115156171,0.598774031764,3.60096750429,0.686782462159,0.373363053775,2.38803165752,0.745673388391,6.50950069502,3.20251693932,2.38803165752,6.50950069502,0.167847432089,0.0799619228939,56,0.00720720720721,0.212266925082,37,37,37,1,0,0.378378378378,0.621621621622,0,-148,-0.111111111111,1.47722812121,-8,-7.11067193676,-4.52818532819,-0.715222041959,0.153306513324,0.0954459614253,-3.52515632694,0.112455108292,0.0542821714824,-4.45234584214,-0.184482432046,-0.0884671975285,1.7474320872,0.374373485673,4.50950069502,1.47722812121,1.7474320872,4.50950069502,-0.176223962158,-0.296607114763,-754,-0.0970398970399,-0.357309903267,-0.027027027027,0.0810810810811,-0.0540540540541,183,11,159,979,0.535087719298,0.988888888889,0.0111111111111,0.464912280702,0.943298969072,0.535087719298,0.682835820896,0.648889211513,0.523976608187,0.518413597734,38,186,0,0,0,0
1724,WLNM_dir_neg,0.425880159556,0.394474488224,00:00:05,10,40,42,1236695377,threshold_sweep,0.5,0.72972972973,0.145161290323,0.242152466368,27,10,159,362,0.145161290323,0.97311827957,0.0268817204301,0.854838709677,0.72972972973,0.145161290323,0.242152466368,0.697132616487,0.644563918757,0.147899159664,0.22408766691,0.118279569892,342,156,186,0,342,0,156,0,186,37,342,0.256756756757,1.72528881811,18.4864864865,15.5454545455,9.77142857143,5.36771015539,0.290358590277,0.142642642643,9.50849154237,1.02869645341,0.544491860281,8.05331334643,0.871264894205,0.461830251304,0.640599570326,0.371299902718,2,1.72528881811,0.640599570326,2,0.344071394247,0.376569037657,810,0.104247104247,0.56957682835,37,37,37,1,0,0.405405405405,0.540540540541,0.0540540540541,37,0.117117117117,2.18635635636,8.43243243243,7.09090909091,4.45714285714,5.03620525429,0.597242289772,0.326923076923,6.00062559301,1.42322530091,0.680526680527,3.83793300225,0.910278981302,0.463617463617,1.32204914232,0.604681454823,4.3462962963,2.18635635636,1.32204914232,4.3462962963,0,0,0,0,0.160896782956,37,37,37,1,0,0.405405405405,0.540540540541,0.0540540540541,37,193,0.144894894895,3.16752414194,10.4324324324,8.39130434783,5.36111111111,4.6340559421,0.44419707217,0.237361714046,5.98208034761,1.14682369358,0.600196050973,3.63726954318,0.697300378744,0.380338888111,2.34485789785,0.740280986909,6.40399556049,3.16752414194,2.34485789785,6.40399556049,0.167847432089,0.0799619228939,56,0.00720720720721,0.213671851201,37,37,37,1,0,0.378378378378,0.594594594595,0.027027027027,-149,-0.111861861862,1.44223532383,-8.05405405405,-7.15415019763,-4.41031746032,-0.733654213297,0.153838481893,0.094719071403,-3.52641119476,0.118127240169,0.0557041906919,-4.41604380326,-0.173964515461,-0.081491363193,1.70425832753,0.368981084191,4.40399556049,1.44223532383,1.70425832753,4.40399556049,-0.176223962158,-0.296607114763,-754,-0.0970398970399,-0.355904977149,-0.027027027027,0.0540540540541,-0.027027027027,183,10,159,980,0.535087719298,0.989898989899,0.010101010101,0.464912280702,0.948186528497,0.535087719298,0.684112149533,0.651536037945,0.524986709197,0.519886363636,37,186,0,0,0,0
1725,WLNM_dir_neg,0.425880159556,0.394474488224,00:00:05,10,40,42,1236695377,threshold_sweep,0.6,0.764705882353,0.139784946237,0.236363636364,26,8,160,364,0.139784946237,0.978494623656,0.0215053763441,0.860215053763,0.764705882353,0.139784946237,0.236363636364,0.698924731183,0.646356033453,0.148648648649,0.233094795427,0.118279569892,342,156,186,0,342,0,156,0,186,37,342,0.256756756757,1.72528881811,18.4864864865,15.5454545455,9.77142857143,5.36771015539,0.290358590277,0.142642642643,9.50849154237,1.02869645341,0.544491860281,8.05331334643,0.871264894205,0.461830251304,0.640599570326,0.371299902718,2,1.72528881811,0.640599570326,2,0.344071394247,0.376569037657,810,0.104247104247,0.56957682835,37,37,37,1,0,0.405405405405,0.540540540541,0.0540540540541,37,0.117117117117,2.18635635636,8.43243243243,7.09090909091,4.45714285714,5.03620525429,0.597242289772,0.326923076923,6.00062559301,1.42322530091,0.680526680527,3.83793300225,0.910278981302,0.463617463617,1.32204914232,0.604681454823,4.3462962963,2.18635635636,1.32204914232,4.3462962963,0,0,0,0,0.160896782956,37,37,37,1,0,0.405405405405,0.540540540541,0.0540540540541,37,190,0.142642642643,3.90927612676,10.2702702703,8.26086956522,5.27777777778,4.51939430952,0.440046288032,0.236557610242,6.00537797017,1.16946834156,0.608250355619,3.67546038055,0.715747547792,0.388904694168,3.36328184199,0.860333661,9.48074179743,3.90927612676,3.36328184199,9.48074179743,0.162823098117,0.0751445086705,52,0.00669240669241,0.21175330278,37,37,37,1,0,0.378378378378,0.594594594595,0.027027027027,-152,-0.114114114114,2.18398730864,-8.21621621622,-7.28458498024,-4.49365079365,-0.848315845873,0.149687697755,0.0939149675992,-3.50311357221,0.140771888144,0.0637584953374,-4.37785296588,-0.155517346413,-0.0729255571361,2.72268227167,0.489033758283,7.48074179743,2.18398730864,2.72268227167,7.48074179743,-0.18124829613,-0.301424528986,-758,-0.0975546975547,-0.35782352557,-0.027027027027,0.0540540540541,-0.027027027027,182,8,160,982,0.53216374269,0.991919191919,0.00808080808081,0.46783625731,0.957894736842,0.53216374269,0.684210526316,0.654667552178,0.524082934609,0.52,34,186,0,0,0,0
1726,WLNM_dir_neg,0.425880159556,0.394474488224,00:00:05,10,40,42,1236695377,threshold_sweep,0.7,0.838709677419,0.139784946237,0.239631336406,26,5,160,367,0.139784946237,0.986559139785,0.0134408602151,0.860215053763,0.838709677419,0.139784946237,0.239631336406,0.704301075269,0.648148148148,0.159592529711,0.260013983926,0.126344086022,342,156,186,0,342,0,156,0,186,37,342,0.256756756757,1.72528881811,18.4864864865,15.5454545455,9.77142857143,5.36771015539,0.290358590277,0.142642642643,9.50849154237,1.02869645341,0.544491860281,8.05331334643,0.871264894205,0.461830251304,0.640599570326,0.371299902718,2,1.72528881811,0.640599570326,2,0.344071394247,0.376569037657,810,0.104247104247,0.56957682835,37,37,37,1,0,0.405405405405,0.540540540541,0.0540540540541,37,0.117117117117,2.18635635636,8.43243243243,7.09090909091,4.45714285714,5.03620525429,0.597242289772,0.326923076923,6.00062559301,1.42322530091,0.680526680527,3.83793300225,0.910278981302,0.463617463617,1.32204914232,0.604681454823,4.3462962963,2.18635635636,1.32204914232,4.3462962963,0,0,0,0,0.160896782956,37,37,37,1,0,0.405405405405,0.540540540541,0.0540540540541,37,187,0.14039039039,3.77448892881,10.1081081081,8.13043478261,5.19444444444,4.61750163198,0.456811658779,0.245989304813,6.04127445139,1.19533237808,0.617719323602,3.62817635509,0.717874465981,0.389073565544,3.27092062003,0.866586359562,9.38649155722,3.77448892881,3.27092062003,9.38649155722,0.160379950937,0.0662414131501,45,0.00579150579151,0.200331760412,37,37,37,1,0,0.378378378378,0.594594594595,0.027027027027,-155,-0.116366366366,2.0492001107,-8.37837837838,-7.41501976285,-4.57698412698,-0.750208523415,0.166453068501,0.10334666217,-3.46721709099,0.166635924667,0.0732274633203,-4.42513699134,-0.153390428224,-0.0727566857598,2.6303210497,0.495286456844,7.38649155722,2.0492001107,2.6303210497,7.38649155722,-0.18369144331,-0.310327624507,-765,-0.0984555984556,-0.369245067937,-0.027027027027,0.0540540540541,-0.027027027027,182,5,160,985,0.53216374269,0.994949494949,0.00505050505051,0.46783625731,0.973262032086,0.53216374269,0.68809073724,0.662843537953,0.52711323764,0.524495677233,31,186,0,0,0,0
1727,WLNM_dir_neg,0.425880159556,0.394474488224,00:00:05,10,40,42,1236695377,threshold_sweep,0.8,0.833333333333,0.134408602151,0.231481481481,25,5,161,367,0.134408602151,0.986559139785,0.0134408602151,0.865591397849,0.833333333333,0.134408602151,0.231481481481,0.702508960573,0.648745519713,0.15306122449,0.252824948424,0.120967741935,342,156,186,0,342,0,156,0,186,37,342,0.256756756757,1.72528881811,18.4864864865,15.5454545455,9.77142857143,5.36771015539,0.290358590277,0.142642642643,9.50849154237,1.02869645341,0.544491860281,8.05331334643,0.871264894205,0.461830251304,0.640599570326,0.371299902718,2,1.72528881811,0.640599570326,2,0.344071394247,0.376569037657,810,0.104247104247,0.56957682835,37,37,37,1,0,0.405405405405,0.540540540541,0.0540540540541,37,0.117117117117,2.18635635636,8.43243243243,7.09090909091,4.45714285714,5.03620525429,0.597242289772,0.326923076923,6.00062559301,1.42322530091,0.680526680527,3.83793300225,0.910278981302,0.463617463617,1.32204914232,0.604681454823,4.3462962963,2.18635635636,1.32204914232,4.3462962963,0,0,0,0,0.160896782956,37,37,37,1,0,0.405405405405,0.540540540541,0.0540540540541,37,186,0.13963963964,3.78254458553,10.0540540541,8.08695652174,5.16666666667,4.56402567152,0.45394878991,0.244115082825,6.02073494262,1.19767307998,0.618715489683,3.64757519522,0.725592915179,0.392618424876,3.27662352991,0.866248488503,9.38649155722,3.78254458553,3.27662352991,9.38649155722,0.15697616518,0.0641791044776,43,0.00553410553411,0.199961404645,37,37,37,1,0,0.378378378378,0.594594594595,0.027027027027,-156,-0.117117117117,2.05725576742,-8.43243243243,-7.45849802372,-4.60476190476,-0.803684483869,0.163590199633,0.101472440182,-3.48775659976,0.168976626568,0.0742236294019,-4.40573815121,-0.145671979026,-0.0692118264274,2.63602395958,0.494948585785,7.38649155722,2.05725576742,2.63602395958,7.38649155722,-0.187095229067,-0.312389933179,-767,-0.098712998713,-0.369615423705,-0.027027027027,0.0540540540541,-0.027027027027,181,5,161,985,0.529239766082,0.994949494949,0.00505050505051,0.470760233918,0.97311827957,0.529239766082,0.685606060606,0.660647793449,0.524189261031,0.521613832853,30,186,0,0,0,0
1728,WLNM_dir_neg,0.425880159556,0.394474488224,00:00:05,10,40,42,1236695377,threshold_sweep,0.9,0.833333333333,0.134408602151,0.231481481481,25,5,161,367,0.134408602151,0.986559139785,0.0134408602151,0.865591397849,0.833333333333,0.134408602151,0.231481481481,0.702508960573,0.648745519713,0.15306122449,0.252824948424,0.120967741935,342,156,186,0,342,0,156,0,186,37,342,0.256756756757,1.72528881811,18.4864864865,15.5454545455,9.77142857143,5.36771015539,0.290358590277,0.142642642643,9.50849154237,1.02869645341,0.544491860281,8.05331334643,0.871264894205,0.461830251304,0.640599570326,0.371299902718,2,1.72528881811,0.640599570326,2,0.344071394247,0.376569037657,810,0.104247104247,0.56957682835,37,37,37,1,0,0.405405405405,0.540540540541,0.0540540540541,37,0.117117117117,2.18635635636,8.43243243243,7.09090909091,4.45714285714,5.03620525429,0.597242289772,0.326923076923,6.00062559301,1.42322530091,0.680526680527,3.83793300225,0.910278981302,0.463617463617,1.32204914232,0.604681454823,4.3462962963,2.18635635636,1.32204914232,4.3462962963,0,0,0,0,0.160896782956,37,37,37,1,0,0.405405405405,0.540540540541,0.0540540540541,37,186,0.13963963964,3.78254458553,10.0540540541,8.08695652174,5.16666666667,4.56402567152,0.45394878991,0.244115082825,6.02073494262,1.19767307998,0.618715489683,3.64757519522,0.725592915179,0.392618424876,3.27662352991,0.866248488503,9.38649155722,3.78254458553,3.27662352991,9.38649155722,0.15697616518,0.0641791044776,43,0.00553410553411,0.199961404645,37,37,37,1,0,0.378378378378,0.594594594595,0.027027027027,-156,-0.117117117117,2.05725576742,-8.43243243243,-7.45849802372,-4.60476190476,-0.803684483869,0.163590199633,0.101472440182,-3.48775659976,0.168976626568,0.0742236294019,-4.40573815121,-0.145671979026,-0.0692118264274,2.63602395958,0.494948585785,7.38649155722,2.05725576742,2.63602395958,7.38649155722,-0.187095229067,-0.312389933179,-767,-0.098712998713,-0.369615423705,-0.027027027027,0.0540540540541,-0.027027027027,181,5,161,985,0.529239766082,0.994949494949,0.00505050505051,0.470760233918,0.97311827957,0.529239766082,0.685606060606,0.660647793449,0.524189261031,0.521613832853,30,186,0,0,0,0
1729,WLNM_dir_neg,0.417114695341,0.315004551568,00:00:04,10,40,43,1236695378,threshold_sweep,0.1,0.4,0.0537634408602,0.0947867298578,10,15,176,357,0.0537634408602,0.959677419355,0.0403225806452,0.94623655914,0.4,0.0537634408602,0.0947867298578,0.65770609319,0.651732377539,0.0171526586621,0.0306281945916,0.0134408602151,342,156,186,0,342,0,156,0,186,37,342,0.256756756757,1.72528881811,18.4864864865,15.5454545455,9.77142857143,5.36771015539,0.290358590277,0.142642642643,9.50849154237,1.02869645341,0.544491860281,8.05331334643,0.871264894205,0.461830251304,0.640599570326,0.371299902718,2,1.72528881811,0.640599570326,2,0.344071394247,0.376569037657,810,0.104247104247,0.56957682835,37,37,37,1,0,0.405405405405,0.540540540541,0.0540540540541,37,0.117117117117,2.21261261261,8.43243243243,7.09090909091,4.45714285714,5.04722443274,0.598549051319,0.327616077616,6.00525295579,1.42432281644,0.680873180873,3.83793300225,0.910278981302,0.463617463617,1.39215458577,0.629190386892,5.2,2.21261261261,1.39215458577,5.2,0,0,0,0,0.161113233172,37,37,37,1,0,0.405405405405,0.540540540541,0.0540540540541,37,181,0.135885885886,7.62599445523,9.78378378378,6.03333333333,4.89189189189,4.79661417122,0.490261669434,0.272211437957,5.82515514235,1.19077757054,0.598178288786,3.64221989531,0.744542188543,0.395102284605,3.54348986028,0.464659380633,9.8652456704,7.62599445523,3.54348986028,9.8652456704,0.170477193852,0.0471841704718,31,0.0039897039897,0.168493902612,37,37,37,1,0,0.189189189189,0.810810810811,0,-161,-0.120870870871,5.90070563712,-8.7027027027,-9.51212121212,-4.87953667954,-0.571095984178,0.199903079157,0.129568795315,-3.68333640003,0.162081117121,0.0536864285047,-4.41109345113,-0.126722705662,-0.0667279666989,2.90289028995,0.0933594779154,7.8652456704,5.90070563712,2.90289028995,7.8652456704,-0.173594200396,-0.329384867185,-779,-0.100257400257,-0.401082925738,-0.216216216216,0.27027027027,-0.0540540540541,166,15,176,975,0.485380116959,0.984848484848,0.0151515151515,0.514619883041,0.917127071823,0.485380116959,0.634799235182,0.599463496906,0.470228601808,0.464985994398,25,186,0,0,0,0
1730,WLNM_dir_neg,0.417114695341,0.315004551568,00:00:04,10,40,43,1236695378,threshold_sweep,0.2,0.391304347826,0.0483870967742,0.0861244019139,9,14,177,358,0.0483870967742,0.962365591398,0.0376344086022,0.951612903226,0.391304347826,0.0483870967742,0.0861244019139,0.65770609319,0.652927120669,0.013769363167,0.0254978865518,0.010752688172,342,156,186,0,342,0,156,0,186,37,342,0.256756756757,1.72528881811,18.4864864865,15.5454545455,9.77142857143,5.36771015539,0.290358590277,0.142642642643,9.50849154237,1.02869645341,0.544491860281,8.05331334643,0.871264894205,0.461830251304,0.640599570326,0.371299902718,2,1.72528881811,0.640599570326,2,0.344071394247,0.376569037657,810,0.104247104247,0.56957682835,37,37,37,1,0,0.405405405405,0.540540540541,0.0540540540541,37,0.117117117117,2.21261261261,8.43243243243,7.09090909091,4.45714285714,5.04722443274,0.598549051319,0.327616077616,6.00525295579,1.42432281644,0.680873180873,3.83793300225,0.910278981302,0.463617463617,1.39215458577,0.629190386892,5.2,2.21261261261,1.39215458577,5.2,0,0,0,0,0.161113233172,37,37,37,1,0,0.405405405405,0.540540540541,0.0540540540541,37,179,0.134384384384,7.33956565284,9.67567567568,5.96666666667,4.83783783784,4.76709819756,0.49268891986,0.273894005738,5.83815759329,1.20677000532,0.60244602144,3.69318827568,0.763396459219,0.404046504605,3.40688267281,0.464180420743,9.84679635717,7.33956565284,3.40688267281,9.84679635717,0.168458941834,0.0445468509985,29,0.0037323037323,0.16854909327,37,37,37,1,0,0.189189189189,0.810810810811,0,-163,-0.122372372372,5.61427683473,-8.81081081081,-9.57878787879,-4.93359073359,-0.600611957829,0.202330329583,0.131251363095,-3.67033394909,0.178073551902,0.0579541611591,-4.36012507075,-0.107868434986,-0.0577837466988,2.76628310248,0.0928805180255,7.84679635717,5.61427683473,2.76628310248,7.84679635717,-0.175612452414,-0.332022186658,-781,-0.100514800515,-0.40102773508,-0.216216216216,0.27027027027,-0.0540540540541,165,14,177,976,0.482456140351,0.985858585859,0.0141414141414,0.517543859649,0.921787709497,0.482456140351,0.63339731286,0.599828774609,0.468314726209,0.463483146067,23,186,0,0,0,0
1731,WLNM_dir_neg,0.417114695341,0.315004551568,00:00:04,10,40,43,1236695378,threshold_sweep,0.3,0.391304347826,0.0483870967742,0.0861244019139,9,14,177,358,0.0483870967742,0.962365591398,0.0376344086022,0.951612903226,0.391304347826,0.0483870967742,0.0861244019139,0.65770609319,0.652927120669,0.013769363167,0.0254978865518,0.010752688172,342,156,186,0,342,0,156,0,186,37,342,0.256756756757,1.72528881811,18.4864864865,15.5454545455,9.77142857143,5.36771015539,0.290358590277,0.142642642643,9.50849154237,1.02869645341,0.544491860281,8.05331334643,0.871264894205,0.461830251304,0.640599570326,0.371299902718,2,1.72528881811,0.640599570326,2,0.344071394247,0.376569037657,810,0.104247104247,0.56957682835,37,37,37,1,0,0.405405405405,0.540540540541,0.0540540540541,37,0.117117117117,2.21261261261,8.43243243243,7.09090909091,4.45714285714,5.04722443274,0.598549051319,0.327616077616,6.00525295579,1.42432281644,0.680873180873,3.83793300225,0.910278981302,0.463617463617,1.39215458577,0.629190386892,5.2,2.21261261261,1.39215458577,5.2,0,0,0,0,0.161113233172,37,37,37,1,0,0.405405405405,0.540540540541,0.0540540540541,37,179,0.134384384384,7.33956565284,9.67567567568,5.96666666667,4.83783783784,4.76709819756,0.49268891986,0.273894005738,5.83815759329,1.20677000532,0.60244602144,3.69318827568,0.763396459219,0.404046504605,3.40688267281,0.464180420743,9.84679635717,7.33956565284,3.40688267281,9.84679635717,0.168458941834,0.0445468509985,29,0.0037323037323,0.16854909327,37,37,37,1,0,0.189189189189,0.810810810811,0,-163,-0.122372372372,5.61427683473,-8.81081081081,-9.57878787879,-4.93359073359,-0.600611957829,0.202330329583,0.131251363095,-3.67033394909,0.178073551902,0.0579541611591,-4.36012507075,-0.107868434986,-0.0577837466988,2.76628310248,0.0928805180255,7.84679635717,5.61427683473,2.76628310248,7.84679635717,-0.175612452414,-0.332022186658,-781,-0.100514800515,-0.40102773508,-0.216216216216,0.27027027027,-0.0540540540541,165,14,177,976,0.482456140351,0.985858585859,0.0141414141414,0.517543859649,0.921787709497,0.482456140351,0.63339731286,0.599828774609,0.468314726209,0.463483146067,23,186,0,0,0,0
1732,WLNM_dir_neg,0.417114695341,0.315004551568,00:00:04,10,40,43,1236695378,threshold_sweep,0.4,0.538461538462,0.0376344086022,0.070351758794,7,6,179,366,0.0376344086022,0.983870967742,0.0161290322581,0.962365591398,0.538461538462,0.0376344086022,0.070351758794,0.668458781362,0.65890083632,0.0280210157618,0.0672055379645,0.0215053763441,342,156,186,0,342,0,156,0,186,37,342,0.256756756757,1.72528881811,18.4864864865,15.5454545455,9.77142857143,5.36771015539,0.290358590277,0.142642642643,9.50849154237,1.02869645341,0.544491860281,8.05331334643,0.871264894205,0.461830251304,0.640599570326,0.371299902718,2,1.72528881811,0.640599570326,2,0.344071394247,0.376569037657,810,0.104247104247,0.56957682835,37,37,37,1,0,0.405405405405,0.540540540541,0.0540540540541,37,0.117117117117,2.21261261261,8.43243243243,7.09090909091,4.45714285714,5.04722443274,0.598549051319,0.327616077616,6.00525295579,1.42432281644,0.680873180873,3.83793300225,0.910278981302,0.463617463617,1.39215458577,0.629190386892,5.2,2.21261261261,1.39215458577,5.2,0,0,0,0,0.161113233172,37,37,37,1,0,0.405405405405,0.540540540541,0.0540540540541,37,169,0.126876876877,2.48914863416,9.13513513514,7.34782608696,4.56756756757,4.76772809955,0.521911064152,0.283703822165,5.97467126265,1.30806412259,0.650887573964,3.60971328917,0.790292258576,0.414201183432,1.52686136151,0.613407066397,4.35416220079,2.48914863416,1.52686136151,4.35416220079,0.10492573813,0.0135211267606,8,0.0010296010296,0.157416371729,37,37,37,1,0,0.378378378378,0.621621621622,0,-173,-0.12987987988,0.76385981605,-9.35135135135,-8.1976284585,-5.20386100386,-0.599982055844,0.231552473875,0.141061179523,-3.53382027973,0.279367669176,0.106395713683,-4.44360005726,-0.0809726356286,-0.047629067872,0.886261791183,0.242107163679,2.35416220079,0.76385981605,0.886261791183,2.35416220079,-0.239145656117,-0.363047910896,-802,-0.103217503218,-0.412160456621,-0.027027027027,0.0810810810811,-0.0540540540541,163,6,179,984,0.476608187135,0.993939393939,0.00606060606061,0.523391812865,0.96449704142,0.476608187135,0.637964774951,0.617591038887,0.470547581074,0.468390804598,13,186,0,0,0,0
1733,WLNM_dir_neg,0.417114695341,0.315004551568,00:00:04,10,40,43,1236695378,threshold_sweep,0.5,0.538461538462,0.0376344086022,0.070351758794,7,6,179,366,0.0376344086022,0.983870967742,0.0161290322581,0.962365591398,0.538461538462,0.0376344086022,0.070351758794,0.668458781362,0.65890083632,0.0280210157618,0.0672055379645,0.0215053763441,342,156,186,0,342,0,156,0,186,37,342,0.256756756757,1.72528881811,18.4864864865,15.5454545455,9.77142857143,5.36771015539,0.290358590277,0.142642642643,9.50849154237,1.02869645341,0.544491860281,8.05331334643,0.871264894205,0.461830251304,0.640599570326,0.371299902718,2,1.72528881811,0.640599570326,2,0.344071394247,0.376569037657,810,0.104247104247,0.56957682835,37,37,37,1,0,0.405405405405,0.540540540541,0.0540540540541,37,0.117117117117,2.21261261261,8.43243243243,7.09090909091,4.45714285714,5.04722443274,0.598549051319,0.327616077616,6.00525295579,1.42432281644,0.680873180873,3.83793300225,0.910278981302,0.463617463617,1.39215458577,0.629190386892,5.2,2.21261261261,1.39215458577,5.2,0,0,0,0,0.161113233172,37,37,37,1,0,0.405405405405,0.540540540541,0.0540540540541,37,169,0.126876876877,2.48914863416,9.13513513514,7.34782608696,4.56756756757,4.76772809955,0.521911064152,0.283703822165,5.97467126265,1.30806412259,0.650887573964,3.60971328917,0.790292258576,0.414201183432,1.52686136151,0.613407066397,4.35416220079,2.48914863416,1.52686136151,4.35416220079,0.10492573813,0.0135211267606,8,0.0010296010296,0.157416371729,37,37,37,1,0,0.378378378378,0.621621621622,0,-173,-0.12987987988,0.76385981605,-9.35135135135,-8.1976284585,-5.20386100386,-0.599982055844,0.231552473875,0.141061179523,-3.53382027973,0.279367669176,0.106395713683,-4.44360005726,-0.0809726356286,-0.047629067872,0.886261791183,0.242107163679,2.35416220079,0.76385981605,0.886261791183,2.35416220079,-0.239145656117,-0.363047910896,-802,-0.103217503218,-0.412160456621,-0.027027027027,0.0810810810811,-0.0540540540541,163,6,179,984,0.476608187135,0.993939393939,0.00606060606061,0.523391812865,0.96449704142,0.476608187135,0.637964774951,0.617591038887,0.470547581074,0.468390804598,13,186,0,0,0,0
1734,WLNM_dir_neg,0.417114695341,0.315004551568,00:00:04,10,40,43,1236695378,threshold_sweep,0.6,0.583333333333,0.0376344086022,0.0707070707071,7,5,179,367,0.0376344086022,0.986559139785,0.0134408602151,0.962365591398,0.583333333333,0.0376344086022,0.0707070707071,0.670250896057,0.659498207885,0.0315789473684,0.0786213627541,0.0241935483871,342,156,186,0,342,0,156,0,186,37,342,0.256756756757,1.72528881811,18.4864864865,15.5454545455,9.77142857143,5.36771015539,0.290358590277,0.142642642643,9.50849154237,1.02869645341,0.544491860281,8.05331334643,0.871264894205,0.461830251304,0.640599570326,0.371299902718,2,1.72528881811,0.640599570326,2,0.344071394247,0.376569037657,810,0.104247104247,0.56957682835,37,37,37,1,0,0.405405405405,0.540540540541,0.0540540540541,37,0.117117117117,2.21261261261,8.43243243243,7.09090909091,4.45714285714,5.04722443274,0.598549051319,0.327616077616,6.00525295579,1.42432281644,0.680873180873,3.83793300225,0.910278981302,0.463617463617,1.39215458577,0.629190386892,5.2,2.21261261261,1.39215458577,5.2,0,0,0,0,0.161113233172,37,37,37,1,0,0.405405405405,0.540540540541,0.0540540540541,37,168,0.126126126126,2.09987833493,9.08108108108,7.63636363636,4.54054054054,4.75732405162,0.52387199378,0.284749034749,5.99348996178,1.31999481301,0.656048906049,3.63313909721,0.800155634505,0.418597168597,1.17109794091,0.5576979968,3.87277599143,2.09987833493,1.17109794091,3.87277599143,0.106727539932,0.0136674259681,8,0.0010296010296,0.170965405689,37,37,37,1,0,0.405405405405,0.594594594595,0,-174,-0.130630630631,0.374589516812,-9.40540540541,-7.90909090909,-5.23088803089,-0.610386103772,0.233513403503,0.142106392106,-3.5150015806,0.291298359596,0.111557045768,-4.42017424922,-0.0711092596996,-0.0432330827068,0.530498370587,0.186398094083,1.87277599143,0.374589516812,0.530498370587,1.87277599143,-0.237343854316,-0.362901611689,-802,-0.103217503218,-0.398611422661,0,0.0540540540541,-0.0540540540541,163,5,179,985,0.476608187135,0.994949494949,0.00505050505051,0.523391812865,0.970238095238,0.476608187135,0.639215686275,0.620489366951,0.471557682084,0.469740634006,12,186,0,0,0,0
1735,WLNM_dir_neg,0.417114695341,0.315004551568,00:00:04,10,40,43,1236695378,threshold_sweep,0.7,0.5,0.0268817204301,0.0510204081633,5,5,181,367,0.0268817204301,0.986559139785,0.0134408602151,0.97311827957,0.5,0.0268817204301,0.0510204081633,0.666666666667,0.660692951016,0.0176056338028,0.0477600449938,0.0134408602151,342,156,186,0,342,0,156,0,186,37,342,0.256756756757,1.72528881811,18.4864864865,15.5454545455,9.77142857143,5.36771015539,0.290358590277,0.142642642643,9.50849154237,1.02869645341,0.544491860281,8.05331334643,0.871264894205,0.461830251304,0.640599570326,0.371299902718,2,1.72528881811,0.640599570326,2,0.344071394247,0.376569037657,810,0.104247104247,0.56957682835,37,37,37,1,0,0.405405405405,0.540540540541,0.0540540540541,37,0.117117117117,2.21261261261,8.43243243243,7.09090909091,4.45714285714,5.04722443274,0.598549051319,0.327616077616,6.00525295579,1.42432281644,0.680873180873,3.83793300225,0.910278981302,0.463617463617,1.39215458577,0.629190386892,5.2,2.21261261261,1.39215458577,5.2,0,0,0,0,0.161113233172,37,37,37,1,0,0.405405405405,0.540540540541,0.0540540540541,37,166,0.124624624625,2.15762289621,8.97297297297,7.54545454545,4.48648648649,4.88470678346,0.544379972855,0.29680885705,6.01674340497,1.34108136135,0.662324975578,3.65620949453,0.814938260828,0.423314881146,1.24584763454,0.577416765796,4.05412647374,2.15762289621,1.24584763454,4.05412647374,0.103123936328,0.0120412844037,7,0.000900900900901,0.166430713024,37,37,37,1,0,0.405405405405,0.594594594595,0,-176,-0.132132132132,0.432334078093,-9.51351351351,-8,-5.28494208494,-0.483003371935,0.254021382578,0.154166214407,-3.49174813741,0.312384907933,0.117833115297,-4.39710385191,-0.0563266333766,-0.0385153701577,0.60524806421,0.206116863078,2.05412647374,0.432334078093,0.60524806421,2.05412647374,-0.240947457919,-0.364527753253,-803,-0.103346203346,-0.403146115326,0,0.0540540540541,-0.0540540540541,161,5,181,985,0.470760233918,0.994949494949,0.00505050505051,0.529239766082,0.969879518072,0.470760233918,0.633858267717,0.615946003527,0.465709728868,0.463976945245,10,186,0,0,0,0
1736,WLNM_dir_neg,0.417114695341,0.315004551568,00:00:04,10,40,43,1236695378,threshold_sweep,0.8,0.375,0.0161290322581,0.0309278350515,3,5,183,367,0.0161290322581,0.986559139785,0.0134408602151,0.983870967742,0.375,0.0161290322581,0.0309278350515,0.663082437276,0.661887694146,0.00353356890459,0.0106600358178,0.00268817204301,342,156,186,0,342,0,156,0,186,37,342,0.256756756757,1.72528881811,18.4864864865,15.5454545455,9.77142857143,5.36771015539,0.290358590277,0.142642642643,9.50849154237,1.02869645341,0.544491860281,8.05331334643,0.871264894205,0.461830251304,0.640599570326,0.371299902718,2,1.72528881811,0.640599570326,2,0.344071394247,0.376569037657,810,0.104247104247,0.56957682835,37,37,37,1,0,0.405405405405,0.540540540541,0.0540540540541,37,0.117117117117,2.21261261261,8.43243243243,7.09090909091,4.45714285714,5.04722443274,0.598549051319,0.327616077616,6.00525295579,1.42432281644,0.680873180873,3.83793300225,0.910278981302,0.463617463617,1.39215458577,0.629190386892,5.2,2.21261261261,1.39215458577,5.2,0,0,0,0,0.161113233172,37,37,37,1,0,0.405405405405,0.540540540541,0.0540540540541,37,164,0.123123123123,2.16858809016,8.86486486486,7.45454545455,4.43243243243,4.76772809955,0.537822986839,0.291694133158,5.98396255067,1.35004033155,0.664469347396,3.67831891358,0.829864632943,0.427488464074,1.26503970966,0.583347162793,4.06680497925,2.16858809016,1.26503970966,4.06680497925,0.101984126984,0.010650887574,6,0.000772200772201,0.164521465152,37,37,37,1,0,0.405405405405,0.594594594595,0,-178,-0.133633633634,0.44329927205,-9.62162162162,-8.09090909091,-5.338996139,-0.599982055844,0.247464396562,0.149051490515,-3.52452899171,0.321343878139,0.119977487115,-4.37499443285,-0.0414002612621,-0.0343417872301,0.624440139337,0.212047260075,2.06680497925,0.44329927205,0.624440139337,2.06680497925,-0.242087267263,-0.365918150083,-804,-0.103474903475,-0.405055363198,0,0.0540540540541,-0.0540540540541,159,5,183,985,0.464912280702,0.994949494949,0.00505050505051,0.535087719298,0.969512195122,0.464912280702,0.628458498024,0.611384771222,0.459861775651,0.458213256484,8,186,0,0,0,0
1737,WLNM_dir_neg,0.417114695341,0.315004551568,00:00:04,10,40,43,1236695378,threshold_sweep,0.9,0.375,0.0161290322581,0.0309278350515,3,5,183,367,0.0161290322581,0.986559139785,0.0134408602151,0.983870967742,0.375,0.0161290322581,0.0309278350515,0.663082437276,0.661887694146,0.00353356890459,0.0106600358178,0.00268817204301,342,156,186,0,342,0,156,0,186,37,342,0.256756756757,1.72528881811,18.4864864865,15.5454545455,9.77142857143,5.36771015539,0.290358590277,0.142642642643,9.50849154237,1.02869645341,0.544491860281,8.05331334643,0.871264894205,0.461830251304,0.640599570326,0.371299902718,2,1.72528881811,0.640599570326,2,0.344071394247,0.376569037657,810,0.104247104247,0.56957682835,37,37,37,1,0,0.405405405405,0.540540540541,0.0540540540541,37,0.117117117117,2.21261261261,8.43243243243,7.09090909091,4.45714285714,5.04722443274,0.598549051319,0.327616077616,6.00525295579,1.42432281644,0.680873180873,3.83793300225,0.910278981302,0.463617463617,1.39215458577,0.629190386892,5.2,2.21261261261,1.39215458577,5.2,0,0,0,0,0.161113233172,37,37,37,1,0,0.405405405405,0.540540540541,0.0540540540541,37,164,0.123123123123,2.16858809016,8.86486486486,7.45454545455,4.43243243243,4.76772809955,0.537822986839,0.291694133158,5.98396255067,1.35004033155,0.664469347396,3.67831891358,0.829864632943,0.427488464074,1.26503970966,0.583347162793,4.06680497925,2.16858809016,1.26503970966,4.06680497925,0.101984126984,0.010650887574,6,0.000772200772201,0.164521465152,37,37,37,1,0,0.405405405405,0.594594594595,0,-178,-0.133633633634,0.44329927205,-9.62162162162,-8.09090909091,-5.338996139,-0.599982055844,0.247464396562,0.149051490515,-3.52452899171,0.321343878139,0.119977487115,-4.37499443285,-0.0414002612621,-0.0343417872301,0.624440139337,0.212047260075,2.06680497925,0.44329927205,0.624440139337,2.06680497925,-0.242087267263,-0.365918150083,-804,-0.103474903475,-0.405055363198,0,0.0540540540541,-0.0540540540541,159,5,183,985,0.464912280702,0.994949494949,0.00505050505051,0.535087719298,0.969512195122,0.464912280702,0.628458498024,0.611384771222,0.459861775651,0.458213256484,8,186,0,0,0,0
1738,WLNM_dir_neg,0.422201988669,0.339391754648,00:00:04,10,40,44,1236695379,threshold_sweep,0.1,0.525,0.112903225806,0.185840707965,21,19,165,353,0.112903225806,0.948924731183,0.0510752688172,0.887096774194,0.525,0.112903225806,0.185840707965,0.670250896057,0.642771804062,0.0769230769231,0.112984264459,0.0618279569892,342,156,186,0,342,0,156,0,186,37,342,0.256756756757,1.72528881811,18.4864864865,15.5454545455,9.77142857143,5.36771015539,0.290358590277,0.142642642643,9.50849154237,1.02869645341,0.544491860281,8.05331334643,0.871264894205,0.461830251304,0.640599570326,0.371299902718,2,1.72528881811,0.640599570326,2,0.344071394247,0.376569037657,810,0.104247104247,0.56957682835,37,37,37,1,0,0.405405405405,0.540540540541,0.0540540540541,37,0.117117117117,2.18635635636,8.43243243243,7.09090909091,4.45714285714,5.03620525429,0.597242289772,0.326923076923,6.00062559301,1.42322530091,0.680526680527,3.83793300225,0.910278981302,0.463617463617,1.32204914232,0.604681454823,4.3462962963,2.18635635636,1.32204914232,4.3462962963,0,0,0,0,0.160896782956,37,37,37,1,0,0.405405405405,0.540540540541,0.0540540540541,37,196,0.147147147147,7.29345586291,10.5945945946,6.53333333333,5.2972972973,4.64554421797,0.438482489961,0.237865416437,5.90134101928,1.1140286618,0.57528957529,3.3071040106,0.624300246899,0.336458907887,3.35197332779,0.459586427997,9.5774339017,7.29345586291,3.35197332779,9.5774339017,0.127699108968,0.0694766095415,50,0.00643500643501,0.158008939387,37,37,37,1,0,0.189189189189,0.810810810811,0,-146,-0.10960960961,5.5681670448,-7.89189189189,-9.01212121212,-4.47413127413,-0.722165937427,0.148123899684,0.0952227737942,-3.6071505231,0.0853322083879,0.0307977150082,-4.74620933583,-0.246964647306,-0.125371343416,2.71137375747,0.0882865252796,7.5774339017,5.5681670448,2.71137375747,7.5774339017,-0.216372285279,-0.307092428115,-760,-0.0978120978121,-0.411567888963,-0.216216216216,0.27027027027,-0.0540540540541,177,19,165,971,0.517543859649,0.980808080808,0.0191919191919,0.482456140351,0.90306122449,0.517543859649,0.657992565056,0.6145392168,0.498351940457,0.490304709141,40,186,0,0,0,0
1739,WLNM_dir_neg,0.422201988669,0.339391754648,00:00:04,10,40,44,1236695379,threshold_sweep,0.2,0.633333333333,0.102150537634,0.175925925926,19,11,167,361,0.102150537634,0.970430107527,0.0295698924731,0.897849462366,0.633333333333,0.102150537634,0.175925925926,0.681003584229,0.648745519713,0.0918367346939,0.151694969054,0.0725806451613,342,156,186,0,342,0,156,0,186,37,342,0.256756756757,1.72528881811,18.4864864865,15.5454545455,9.77142857143,5.36771015539,0.290358590277,0.142642642643,9.50849154237,1.02869645341,0.544491860281,8.05331334643,0.871264894205,0.461830251304,0.640599570326,0.371299902718,2,1.72528881811,0.640599570326,2,0.344071394247,0.376569037657,810,0.104247104247,0.56957682835,37,37,37,1,0,0.405405405405,0.540540540541,0.0540540540541,37,0.117117117117,2.18635635636,8.43243243243,7.09090909091,4.45714285714,5.03620525429,0.597242289772,0.326923076923,6.00062559301,1.42322530091,0.680526680527,3.83793300225,0.910278981302,0.463617463617,1.32204914232,0.604681454823,4.3462962963,2.18635635636,1.32204914232,4.3462962963,0,0,0,0,0.160896782956,37,37,37,1,0,0.405405405405,0.540540540541,0.0540540540541,37,186,0.13963963964,2.57845675971,10.0540540541,8.08695652174,5.02702702703,4.35217663261,0.432877783351,0.23161871549,6.07584692993,1.20863621724,0.620168555652,3.29550608562,0.655557662193,0.351641964545,1.62526211768,0.630323588539,4.53337372937,2.57845675971,1.62526211768,4.53337372937,0.123522327857,0.052442159383,34,0.0043758043758,0.167813305642,37,37,37,1,0,0.378378378378,0.621621621622,0,-156,-0.117117117117,0.8531679416,-8.43243243243,-7.45849802372,-4.7444015444,-1.01553352278,0.142519193074,0.088976072847,-3.43264461245,0.179939763829,0.0756766953711,-4.75780726081,-0.215707232012,-0.110188286759,0.98466254735,0.259023685821,2.53337372937,0.8531679416,0.98466254735,2.53337372937,-0.220549066391,-0.324126878274,-776,-0.0998712998713,-0.401763522708,-0.027027027027,0.0810810810811,-0.0540540540541,175,11,167,979,0.511695906433,0.988888888889,0.0111111111111,0.488304093567,0.940860215054,0.511695906433,0.662878787879,0.630898541898,0.500584795322,0.495750708215,30,186,0,0,0,0
1740,WLNM_dir_neg,0.422201988669,0.339391754648,00:00:04,10,40,44,1236695379,threshold_sweep,0.3,0.615384615385,0.0860215053763,0.150943396226,16,10,170,362,0.0860215053763,0.97311827957,0.0268817204301,0.913978494624,0.615384615385,0.0860215053763,0.150943396226,0.677419354839,0.651135005974,0.0753424657534,0.132271169317,0.0591397849462,342,156,186,0,342,0,156,0,186,37,342,0.256756756757,1.72528881811,18.4864864865,15.5454545455,9.77142857143,5.36771015539,0.290358590277,0.142642642643,9.50849154237,1.02869645341,0.544491860281,8.05331334643,0.871264894205,0.461830251304,0.640599570326,0.371299902718,2,1.72528881811,0.640599570326,2,0.344071394247,0.376569037657,810,0.104247104247,0.56957682835,37,37,37,1,0,0.405405405405,0.540540540541,0.0540540540541,37,0.117117117117,2.18635635636,8.43243243243,7.09090909091,4.45714285714,5.03620525429,0.597242289772,0.326923076923,6.00062559301,1.42322530091,0.680526680527,3.83793300225,0.910278981302,0.463617463617,1.32204914232,0.604681454823,4.3462962963,2.18635635636,1.32204914232,4.3462962963,0,0,0,0,0.160896782956,37,37,37,1,0,0.405405405405,0.540540540541,0.0540540540541,37,182,0.136636636637,2.60381727458,9.83783783784,7.91304347826,4.91891891892,4.50625191332,0.458053079101,0.247995247995,6.05703621317,1.23137549389,0.626670626671,3.3696222866,0.685033102221,0.365607365607,1.67186164971,0.64208101929,5.11856233714,2.60381727458,1.67186164971,5.11856233714,0.131213735548,0.042654028436,27,0.0034749034749,0.16549114749,37,37,37,1,0,0.378378378378,0.621621621622,0,-160,-0.12012012012,0.878528456466,-8.64864864865,-7.63241106719,-4.85250965251,-0.861458242073,0.167694488824,0.105352605353,-3.4514553292,0.202679040472,0.0821787663893,-4.68369105983,-0.186231791984,-0.0962228856966,1.03126207938,0.270781116572,3.11856233714,0.878528456466,1.03126207938,3.11856233714,-0.212857658699,-0.333915009221,-783,-0.100772200772,-0.40408568086,-0.027027027027,0.0810810810811,-0.0540540540541,172,10,170,980,0.502923976608,0.989898989899,0.010101010101,0.497076023392,0.945054945055,0.502923976608,0.656488549618,0.626811527361,0.492822966507,0.488636363636,26,186,0,0,0,0
1741,WLNM_dir_neg,0.422201988669,0.339391754648,00:00:04,10,40,44,1236695379,threshold_sweep,0.4,0.615384615385,0.0860215053763,0.150943396226,16,10,170,362,0.0860215053763,0.97311827957,0.0268817204301,0.913978494624,0.615384615385,0.0860215053763,0.150943396226,0.677419354839,0.651135005974,0.0753424657534,0.132271169317,0.0591397849462,342,156,186,0,342,0,156,0,186,37,342,0.256756756757,1.72528881811,18.4864864865,15.5454545455,9.77142857143,5.36771015539,0.290358590277,0.142642642643,9.50849154237,1.02869645341,0.544491860281,8.05331334643,0.871264894205,0.461830251304,0.640599570326,0.371299902718,2,1.72528881811,0.640599570326,2,0.344071394247,0.376569037657,810,0.104247104247,0.56957682835,37,37,37,1,0,0.405405405405,0.540540540541,0.0540540540541,37,0.117117117117,2.18635635636,8.43243243243,7.09090909091,4.45714285714,5.03620525429,0.597242289772,0.326923076923,6.00062559301,1.42322530091,0.680526680527,3.83793300225,0.910278981302,0.463617463617,1.32204914232,0.604681454823,4.3462962963,2.18635635636,1.32204914232,4.3462962963,0,0,0,0,0.160896782956,37,37,37,1,0,0.405405405405,0.540540540541,0.0540540540541,37,182,0.136636636637,2.60381727458,9.83783783784,7.91304347826,4.91891891892,4.50625191332,0.458053079101,0.247995247995,6.05703621317,1.23137549389,0.626670626671,3.3696222866,0.685033102221,0.365607365607,1.67186164971,0.64208101929,5.11856233714,2.60381727458,1.67186164971,5.11856233714,0.131213735548,0.042654028436,27,0.0034749034749,0.16549114749,37,37,37,1,0,0.378378378378,0.621621621622,0,-160,-0.12012012012,0.878528456466,-8.64864864865,-7.63241106719,-4.85250965251,-0.861458242073,0.167694488824,0.105352605353,-3.4514553292,0.202679040472,0.0821787663893,-4.68369105983,-0.186231791984,-0.0962228856966,1.03126207938,0.270781116572,3.11856233714,0.878528456466,1.03126207938,3.11856233714,-0.212857658699,-0.333915009221,-783,-0.100772200772,-0.40408568086,-0.027027027027,0.0810810810811,-0.0540540540541,172,10,170,980,0.502923976608,0.989898989899,0.010101010101,0.497076023392,0.945054945055,0.502923976608,0.656488549618,0.626811527361,0.492822966507,0.488636363636,26,186,0,0,0,0
1742,WLNM_dir_neg,0.422201988669,0.339391754648,00:00:04,10,40,44,1236695379,threshold_sweep,0.5,0.6,0.0806451612903,0.142180094787,15,10,171,362,0.0806451612903,0.97311827957,0.0268817204301,0.91935483871,0.6,0.0806451612903,0.142180094787,0.675627240143,0.651732377539,0.0686106346484,0.122512778366,0.0537634408602,342,156,186,0,342,0,156,0,186,37,342,0.256756756757,1.72528881811,18.4864864865,15.5454545455,9.77142857143,5.36771015539,0.290358590277,0.142642642643,9.50849154237,1.02869645341,0.544491860281,8.05331334643,0.871264894205,0.461830251304,0.640599570326,0.371299902718,2,1.72528881811,0.640599570326,2,0.344071394247,0.376569037657,810,0.104247104247,0.56957682835,37,37,37,1,0,0.405405405405,0.540540540541,0.0540540540541,37,0.117117117117,2.18635635636,8.43243243243,7.09090909091,4.45714285714,5.03620525429,0.597242289772,0.326923076923,6.00062559301,1.42322530091,0.680526680527,3.83793300225,0.910278981302,0.463617463617,1.32204914232,0.604681454823,4.3462962963,2.18635635636,1.32204914232,4.3462962963,0,0,0,0,0.160896782956,37,37,37,1,0,0.405405405405,0.540540540541,0.0540540540541,37,181,0.135885885886,2.59431119199,9.78378378378,7.86956521739,4.89189189189,4.51008213238,0.460975245575,0.250261311035,6.0267172923,1.23198088296,0.627445124683,3.38939345429,0.692859435407,0.370016425265,1.65892192568,0.639446004321,5.09575879585,2.59431119199,1.65892192568,5.09575879585,0.125398829733,0.0398089171975,25,0.0032175032175,0.16531984962,37,37,37,1,0,0.378378378378,0.621621621622,0,-161,-0.120870870871,0.869022373874,-8.7027027027,-7.67588932806,-4.87953667954,-0.85762802301,0.170616655298,0.107618668392,-3.48177425007,0.203284429542,0.0829532644014,-4.66391989214,-0.178405458797,-0.0918138260389,1.01832235536,0.268146101603,3.09575879585,0.869022373874,1.01832235536,3.09575879585,-0.218672564514,-0.336760120459,-785,-0.10102960103,-0.40425697873,-0.027027027027,0.0810810810811,-0.0540540540541,171,10,171,980,0.5,0.989898989899,0.010101010101,0.5,0.944751381215,0.5,0.653919694073,0.6245399801,0.489898989899,0.485795454545,25,186,0,0,0,0
1743,WLNM_dir_neg,0.422201988669,0.339391754648,00:00:04,10,40,44,1236695379,threshold_sweep,0.6,0.625,0.0806451612903,0.142857142857,15,9,171,363,0.0806451612903,0.975806451613,0.0241935483871,0.91935483871,0.625,0.0806451612903,0.142857142857,0.677419354839,0.652329749104,0.0721649484536,0.131168045574,0.0564516129032,342,156,186,0,342,0,156,0,186,37,342,0.256756756757,1.72528881811,18.4864864865,15.5454545455,9.77142857143,5.36771015539,0.290358590277,0.142642642643,9.50849154237,1.02869645341,0.544491860281,8.05331334643,0.871264894205,0.461830251304,0.640599570326,0.371299902718,2,1.72528881811,0.640599570326,2,0.344071394247,0.376569037657,810,0.104247104247,0.56957682835,37,37,37,1,0,0.405405405405,0.540540540541,0.0540540540541,37,0.117117117117,2.18635635636,8.43243243243,7.09090909091,4.45714285714,5.03620525429,0.597242289772,0.326923076923,6.00062559301,1.42322530091,0.680526680527,3.83793300225,0.910278981302,0.463617463617,1.32204914232,0.604681454823,4.3462962963,2.18635635636,1.32204914232,4.3462962963,0,0,0,0,0.160896782956,37,37,37,1,0,0.405405405405,0.540540540541,0.0540540540541,37,180,0.135135135135,2.57296468508,9.72972972973,7.82608695652,4.86486486486,4.5316703362,0.465755006777,0.252852852853,6.04226853169,1.24202186485,0.631231231231,3.40882972882,0.700703888703,0.374174174174,1.62719438043,0.632420021099,5.05943912823,2.57296468508,1.62719438043,5.05943912823,0.119911524246,0.0385026737968,24,0.0030888030888,0.166011549225,37,37,37,1,0,0.378378378378,0.621621621622,0,-162,-0.121621621622,0.847675866969,-8.75675675676,-7.71936758893,-4.90656370656,-0.836039819189,0.175396416499,0.11021021021,-3.46622301069,0.213325411432,0.0867393709499,-4.64448361761,-0.170561005502,-0.0876560771298,0.986594810101,0.261120118381,3.05943912823,0.847675866969,0.986594810101,3.05943912823,-0.224159870002,-0.33806636386,-786,-0.101158301158,-0.403565279125,-0.027027027027,0.0810810810811,-0.0540540540541,171,9,171,981,0.5,0.990909090909,0.00909090909091,0.5,0.95,0.5,0.655172413793,0.627291254667,0.490909090909,0.487179487179,24,186,0,0,0,0
1744,WLNM_dir_neg,0.422201988669,0.339391754648,00:00:04,10,40,44,1236695379,threshold_sweep,0.7,0.636363636364,0.0752688172043,0.134615384615,14,8,172,364,0.0752688172043,0.978494623656,0.0215053763441,0.924731182796,0.636363636364,0.0752688172043,0.134615384615,0.677419354839,0.653524492234,0.0689655172414,0.130233065268,0.0537634408602,342,156,186,0,342,0,156,0,186,37,342,0.256756756757,1.72528881811,18.4864864865,15.5454545455,9.77142857143,5.36771015539,0.290358590277,0.142642642643,9.50849154237,1.02869645341,0.544491860281,8.05331334643,0.871264894205,0.461830251304,0.640599570326,0.371299902718,2,1.72528881811,0.640599570326,2,0.344071394247,0.376569037657,810,0.104247104247,0.56957682835,37,37,37,1,0,0.405405405405,0.540540540541,0.0540540540541,37,0.117117117117,2.18635635636,8.43243243243,7.09090909091,4.45714285714,5.03620525429,0.597242289772,0.326923076923,6.00062559301,1.42322530091,0.680526680527,3.83793300225,0.910278981302,0.463617463617,1.32204914232,0.604681454823,4.3462962963,2.18635635636,1.32204914232,4.3462962963,0,0,0,0,0.160896782956,37,37,37,1,0,0.405405405405,0.540540540541,0.0540540540541,37,178,0.133633633634,2.58900813518,9.62162162162,7.73913043478,4.81081081081,4.59075974922,0.477129524498,0.259337989675,6.0315735824,1.25375405926,0.635286972366,3.45476995405,0.718126338764,0.383237169754,1.65641234419,0.639786457864,5.19851078943,2.58900813518,1.65641234419,5.19851078943,0.116996168699,0.0308775731311,19,0.0024453024453,0.165622723656,37,37,37,1,0,0.378378378378,0.621621621622,0,-164,-0.123123123123,0.863719317069,-8.86486486486,-7.80632411067,-4.96061776062,-0.776950406171,0.186770934221,0.116695347032,-3.47691795998,0.225057605848,0.0907951120843,-4.59854339238,-0.153138555441,-0.0785930815499,1.01581277387,0.268486555147,3.19851078943,0.863719317069,1.01581277387,3.19851078943,-0.227075225548,-0.345691464526,-791,-0.101801801802,-0.403954104694,-0.027027027027,0.0810810810811,-0.0540540540541,170,8,172,982,0.497076023392,0.991919191919,0.00808080808081,0.502923976608,0.955056179775,0.497076023392,0.653846153846,0.627801507848,0.488995215311,0.485714285714,22,186,0,0,0,0
1745,WLNM_dir_neg,0.422201988669,0.339391754648,00:00:04,10,40,44,1236695379,threshold_sweep,0.8,0.619047619048,0.0698924731183,0.125603864734,13,8,173,364,0.0698924731183,0.978494623656,0.0215053763441,0.930107526882,0.619047619048,0.0698924731183,0.125603864734,0.675627240143,0.654121863799,0.0621761658031,0.119856258683,0.0483870967742,342,156,186,0,342,0,156,0,186,37,342,0.256756756757,1.72528881811,18.4864864865,15.5454545455,9.77142857143,5.36771015539,0.290358590277,0.142642642643,9.50849154237,1.02869645341,0.544491860281,8.05331334643,0.871264894205,0.461830251304,0.640599570326,0.371299902718,2,1.72528881811,0.640599570326,2,0.344071394247,0.376569037657,810,0.104247104247,0.56957682835,37,37,37,1,0,0.405405405405,0.540540540541,0.0540540540541,37,0.117117117117,2.18635635636,8.43243243243,7.09090909091,4.45714285714,5.03620525429,0.597242289772,0.326923076923,6.00062559301,1.42322530091,0.680526680527,3.83793300225,0.910278981302,0.463617463617,1.32204914232,0.604681454823,4.3462962963,2.18635635636,1.32204914232,4.3462962963,0,0,0,0,0.160896782956,37,37,37,1,0,0.405405405405,0.540540540541,0.0540540540541,37,177,0.132882882883,2.58597266355,9.56756756757,7.69565217391,4.78378378378,4.6039870435,0.481207685337,0.260955871125,6.01449700093,1.25726773466,0.636433043213,3.47319205675,0.726034497738,0.386929302184,1.65162717057,0.638687018564,5.17377256715,2.58597266355,1.65162717057,5.17377256715,0.109297561,0.0278384279476,17,0.0021879021879,0.165292403481,37,37,37,1,0,0.378378378378,0.621621621622,0,-165,-0.123873873874,0.860683845434,-8.91891891892,-7.84980237154,-4.98764478764,-0.763723111895,0.19084909506,0.118313228483,-3.49399454145,0.228571281242,0.0919411829314,-4.58012128969,-0.145230396466,-0.0749009491204,1.01102760024,0.267387115846,3.17377256715,0.860683845434,1.01102760024,3.17377256715,-0.234773833247,-0.348730609709,-793,-0.102059202059,-0.404284424869,-0.027027027027,0.0810810810811,-0.0540540540541,169,8,173,982,0.494152046784,0.991919191919,0.00808080808081,0.505847953216,0.954802259887,0.494152046784,0.651252408478,0.62553692265,0.486071238703,0.482857142857,21,186,0,0,0,0
1746,WLNM_dir_neg,0.422201988669,0.339391754648,00:00:04,10,40,44,1236695379,threshold_sweep,0.9,0.6,0.0645161290323,0.116504854369,12,8,174,364,0.0645161290323,0.978494623656,0.0215053763441,0.935483870968,0.6,0.0645161290323,0.116504854369,0.673835125448,0.654719235364,0.0553633217993,0.10906837663,0.0430107526882,342,156,186,0,342,0,156,0,186,37,342,0.256756756757,1.72528881811,18.4864864865,15.5454545455,9.77142857143,5.36771015539,0.290358590277,0.142642642643,9.50849154237,1.02869645341,0.544491860281,8.05331334643,0.871264894205,0.461830251304,0.640599570326,0.371299902718,2,1.72528881811,0.640599570326,2,0.344071394247,0.376569037657,810,0.104247104247,0.56957682835,37,37,37,1,0,0.405405405405,0.540540540541,0.0540540540541,37,0.117117117117,2.18635635636,8.43243243243,7.09090909091,4.45714285714,5.03620525429,0.597242289772,0.326923076923,6.00062559301,1.42322530091,0.680526680527,3.83793300225,0.910278981302,0.463617463617,1.32204914232,0.604681454823,4.3462962963,2.18635635636,1.32204914232,4.3462962963,0,0,0,0,0.160896782956,37,37,37,1,0,0.405405405405,0.540540540541,0.0540540540541,37,176,0.132132132132,2.57713420816,9.51351351351,7.65217391304,4.75675675676,4.67036532964,0.490919082945,0.266738329238,6.02497305391,1.26661365338,0.639127764128,3.49130193326,0.733966883697,0.390356265356,1.63372559788,0.63393112889,4.8986602358,2.57713420816,1.63372559788,4.8986602358,0.106745008448,0.0246440306681,15,0.0019305019305,0.164451983471,37,37,37,1,0,0.378378378378,0.621621621622,0,-166,-0.124624624625,0.851845390048,-8.97297297297,-7.89328063241,-5.01467181467,-0.697344825752,0.200560492668,0.124095686596,-3.48351848847,0.237917199963,0.0946359038464,-4.56201141317,-0.137298010508,-0.0714739859477,0.993126027557,0.262631226173,2.8986602358,0.851845390048,0.993126027557,2.8986602358,-0.2373263858,-0.351925006989,-795,-0.102316602317,-0.405124844879,-0.027027027027,0.0810810810811,-0.0540540540541,168,8,174,982,0.491228070175,0.991919191919,0.00808080808081,0.508771929825,0.954545454545,0.491228070175,0.648648648649,0.623268132604,0.483147262095,0.48,20,186,0,0,0,0
1747,WLNM_dir_neg,0.403760550353,0.317852773489,00:00:04,10,40,45,1236695380,threshold_sweep,0.1,0.428571428571,0.0967741935484,0.157894736842,18,24,168,348,0.0967741935484,0.935483870968,0.0645161290323,0.903225806452,0.428571428571,0.0967741935484,0.157894736842,0.655913978495,0.641577060932,0.04,0.0576390417704,0.0322580645161,342,156,186,0,342,0,156,0,186,37,342,0.256756756757,1.72528881811,18.4864864865,15.5454545455,9.77142857143,5.36771015539,0.290358590277,0.142642642643,9.50849154237,1.02869645341,0.544491860281,8.05331334643,0.871264894205,0.461830251304,0.640599570326,0.371299902718,2,1.72528881811,0.640599570326,2,0.344071394247,0.376569037657,810,0.104247104247,0.56957682835,37,37,37,1,0,0.405405405405,0.540540540541,0.0540540540541,37,0.117117117117,2.18481481481,8.43243243243,7.09090909091,4.45714285714,5.03620525429,0.597242289772,0.326923076923,6.00062559301,1.42322530091,0.680526680527,3.83793300225,0.910278981302,0.463617463617,1.318977792,0.603702328937,4.32037037037,2.18481481481,1.318977792,4.32037037037,0,0,0,0,0.160896782956,37,37,37,1,0,0.405405405405,0.540540540541,0.0540540540541,37,198,0.148648648649,11.8558043645,10.7027027027,6.1875,5.5,5.01034964884,0.468138729816,0.249249249249,5.69217892383,1.06369000092,0.551733551734,3.787524963,0.707769816318,0.375648375648,4.59744102403,0.387779764467,14.3320356121,11.8558043645,4.59744102403,14.3320356121,0.112258261639,0.0519077196096,39,0.00501930501931,0.204114225916,37,37,37,1,0,0.135135135135,0.837837837838,0.027027027027,-144,-0.108108108108,10.1305155464,-7.78378378378,-9.35795454545,-4.27142857143,-0.357360506556,0.177780139538,0.106606606607,-3.81631261854,0.034993547503,0.00724169145222,-4.26578838343,-0.163495077887,-0.0861818756556,3.9568414537,0.0164798617492,12.3320356121,10.1305155464,3.9568414537,12.3320356121,-0.231813132608,-0.324661318047,-771,-0.0992277992278,-0.365462602434,-0.27027027027,0.297297297297,-0.027027027027,174,24,168,966,0.508771929825,0.975757575758,0.0242424242424,0.491228070175,0.878787878788,0.508771929825,0.644444444444,0.594992863357,0.484529505582,0.475409836066,42,186,0,0,0,0
1748,WLNM_dir_neg,0.403760550353,0.317852773489,00:00:04,10,40,45,1236695380,threshold_sweep,0.2,0.410256410256,0.0860215053763,0.142222222222,16,23,170,349,0.0860215053763,0.938172043011,0.0618279569892,0.913978494624,0.410256410256,0.0860215053763,0.142222222222,0.654121863799,0.643369175627,0.0301507537688,0.0447313009438,0.0241935483871,342,156,186,0,342,0,156,0,186,37,342,0.256756756757,1.72528881811,18.4864864865,15.5454545455,9.77142857143,5.36771015539,0.290358590277,0.142642642643,9.50849154237,1.02869645341,0.544491860281,8.05331334643,0.871264894205,0.461830251304,0.640599570326,0.371299902718,2,1.72528881811,0.640599570326,2,0.344071394247,0.376569037657,810,0.104247104247,0.56957682835,37,37,37,1,0,0.405405405405,0.540540540541,0.0540540540541,37,0.117117117117,2.18481481481,8.43243243243,7.09090909091,4.45714285714,5.03620525429,0.597242289772,0.326923076923,6.00062559301,1.42322530091,0.680526680527,3.83793300225,0.910278981302,0.463617463617,1.318977792,0.603702328937,4.32037037037,2.18481481481,1.318977792,4.32037037037,0,0,0,0,0.160896782956,37,37,37,1,0,0.405405405405,0.540540540541,0.0540540540541,37,195,0.146396396396,11.907135282,10.5405405405,6.09375,5.41666666667,5.06948712393,0.480951342527,0.257934857935,5.70890458771,1.08322804998,0.556618156618,3.83441034616,0.727554783629,0.3841995842,4.6194055521,0.38795272269,14.3884614341,11.907135282,4.6194055521,14.3884614341,0.105941197118,0.0434782608696,32,0.0041184041184,0.204192004321,37,37,37,1,0,0.135135135135,0.837837837838,0.027027027027,-147,-0.11036036036,10.1818464639,-7.94594594595,-9.45170454545,-4.35476190476,-0.298223031463,0.19059275225,0.115292215292,-3.79958695466,0.0545315965612,0.0121262963368,-4.21890300028,-0.143710110575,-0.0776306671044,3.97880598177,0.0166528199724,12.3884614341,10.1818464639,3.97880598177,12.3884614341,-0.23813019713,-0.333090776787,-778,-0.100128700129,-0.365384824029,-0.27027027027,0.297297297297,-0.027027027027,172,23,170,967,0.502923976608,0.976767676768,0.0232323232323,0.497076023392,0.882051282051,0.502923976608,0.640595903166,0.592782363655,0.479691653376,0.471232876712,39,186,0,0,0,0
1749,WLNM_dir_neg,0.403760550353,0.317852773489,00:00:04,10,40,45,1236695380,threshold_sweep,0.3,0.416666666667,0.0806451612903,0.135135135135,15,21,171,351,0.0806451612903,0.943548387097,0.0564516129032,0.91935483871,0.416666666667,0.0806451612903,0.135135135135,0.655913978495,0.645161290323,0.030303030303,0.0464238345443,0.0241935483871,342,156,186,0,342,0,156,0,186,37,342,0.256756756757,1.72528881811,18.4864864865,15.5454545455,9.77142857143,5.36771015539,0.290358590277,0.142642642643,9.50849154237,1.02869645341,0.544491860281,8.05331334643,0.871264894205,0.461830251304,0.640599570326,0.371299902718,2,1.72528881811,0.640599570326,2,0.344071394247,0.376569037657,810,0.104247104247,0.56957682835,37,37,37,1,0,0.405405405405,0.540540540541,0.0540540540541,37,0.117117117117,2.18481481481,8.43243243243,7.09090909091,4.45714285714,5.03620525429,0.597242289772,0.326923076923,6.00062559301,1.42322530091,0.680526680527,3.83793300225,0.910278981302,0.463617463617,1.318977792,0.603702328937,4.32037037037,2.18481481481,1.318977792,4.32037037037,0,0,0,0,0.160896782956,37,37,37,1,0,0.405405405405,0.540540540541,0.0540540540541,37,192,0.144144144144,12.1760363882,10.3783783784,6,5.33333333333,5.06815412021,0.488337766791,0.263231981982,5.72925163737,1.10407453429,0.561373873874,3.86463910805,0.744748161446,0.390765765766,4.74090829445,0.389363840849,14.6684866392,12.1760363882,4.74090829445,14.6684866392,0.110838044429,0.0404463040446,29,0.0037323037323,0.206117621145,37,37,37,1,0,0.135135135135,0.837837837838,0.027027027027,-150,-0.112612612613,10.4507475701,-8.10810810811,-9.54545454545,-4.4380952381,-0.299556035185,0.197979176514,0.120589339339,-3.779239905,0.0753780808703,0.0168820135925,-4.18867423839,-0.126516732759,-0.0710644855382,4.10030872412,0.0180639381318,12.6684866392,10.4507475701,4.10030872412,12.6684866392,-0.233233349818,-0.336122733612,-781,-0.100514800515,-0.363459207205,-0.27027027027,0.297297297297,-0.027027027027,171,21,171,969,0.5,0.978787878788,0.0212121212121,0.5,0.890625,0.5,0.640449438202,0.595484905541,0.478787878788,0.471074380165,36,186,0,0,0,0
1750,WLNM_dir_neg,0.403760550353,0.317852773489,00:00:04,10,40,45,1236695380,threshold_sweep,0.4,0.4,0.0752688172043,0.126696832579,14,21,172,351,0.0752688172043,0.943548387097,0.0564516129032,0.924731182796,0.4,0.0752688172043,0.126696832579,0.654121863799,0.645758661888,0.0236087689713,0.036584588591,0.0188172043011,342,156,186,0,342,0,156,0,186,37,342,0.256756756757,1.72528881811,18.4864864865,15.5454545455,9.77142857143,5.36771015539,0.290358590277,0.142642642643,9.50849154237,1.02869645341,0.544491860281,8.05331334643,0.871264894205,0.461830251304,0.640599570326,0.371299902718,2,1.72528881811,0.640599570326,2,0.344071394247,0.376569037657,810,0.104247104247,0.56957682835,37,37,37,1,0,0.405405405405,0.540540540541,0.0540540540541,37,0.117117117117,2.18481481481,8.43243243243,7.09090909091,4.45714285714,5.03620525429,0.597242289772,0.326923076923,6.00062559301,1.42322530091,0.680526680527,3.83793300225,0.910278981302,0.463617463617,1.318977792,0.603702328937,4.32037037037,2.18481481481,1.318977792,4.32037037037,0,0,0,0,0.160896782956,37,37,37,1,0,0.405405405405,0.540540540541,0.0540540540541,37,191,0.143393393393,12.0545521147,10.3243243243,5.96875,5.30555555556,5.01139841902,0.485397229067,0.263053629546,5.7179712482,1.10766982295,0.562048959955,3.87666461388,0.750976914731,0.392811659827,4.68794724043,0.388894352593,14.5248701147,12.0545521147,4.68794724043,14.5248701147,0.0947603809833,0.0352941176471,25,0.0032175032175,0.205620716616,37,37,37,1,0,0.135135135135,0.837837837838,0.027027027027,-151,-0.113363363363,10.3292632966,-8.16216216216,-9.57670454545,-4.46587301587,-0.356311736377,0.19503863879,0.120410986903,-3.79052029418,0.0789733695341,0.0175570996734,-4.17664873255,-0.120287979474,-0.0690185914766,4.04734767011,0.0175944498751,12.5248701147,10.3292632966,4.04734767011,12.5248701147,-0.249311013264,-0.34127492001,-785,-0.10102960103,-0.363956111734,-0.27027027027,0.297297297297,-0.027027027027,170,21,172,969,0.497076023392,0.978787878788,0.0212121212121,0.502923976608,0.890052356021,0.497076023392,0.637898686679,0.593135483776,0.47586390218,0.468319559229,35,186,0,0,0,0
1751,WLNM_dir_neg,0.403760550353,0.317852773489,00:00:04,10,40,45,1236695380,threshold_sweep,0.5,0.56,0.0752688172043,0.132701421801,14,11,172,361,0.0752688172043,0.970430107527,0.0295698924731,0.924731182796,0.56,0.0752688172043,0.132701421801,0.672043010753,0.651732377539,0.0583190394511,0.104135861611,0.0456989247312,342,156,186,0,342,0,156,0,186,37,342,0.256756756757,1.72528881811,18.4864864865,15.5454545455,9.77142857143,5.36771015539,0.290358590277,0.142642642643,9.50849154237,1.02869645341,0.544491860281,8.05331334643,0.871264894205,0.461830251304,0.640599570326,0.371299902718,2,1.72528881811,0.640599570326,2,0.344071394247,0.376569037657,810,0.104247104247,0.56957682835,37,37,37,1,0,0.405405405405,0.540540540541,0.0540540540541,37,0.117117117117,2.18481481481,8.43243243243,7.09090909091,4.45714285714,5.03620525429,0.597242289772,0.326923076923,6.00062559301,1.42322530091,0.680526680527,3.83793300225,0.910278981302,0.463617463617,1.318977792,0.603702328937,4.32037037037,2.18481481481,1.318977792,4.32037037037,0,0,0,0,0.160896782956,37,37,37,1,0,0.405405405405,0.540540540541,0.0540540540541,37,181,0.135885885886,2.5632760746,9.78378378378,7.86956521739,5.02777777778,4.60757308458,0.470939790413,0.253397043452,5.92913607996,1.21203334231,0.618485889204,3.42201844095,0.699528631576,0.373301478274,1.5889199043,0.619878568698,4.55676180714,2.5632760746,1.5889199043,4.55676180714,0.0772599858513,0.0221635883905,14,0.0018018018018,0.172014599302,37,37,37,1,0,0.378378378378,0.594594594595,0.027027027027,-161,-0.120870870871,0.837987256486,-8.7027027027,-7.67588932806,-4.74365079365,-0.760137070815,0.180581200136,0.11075440081,-3.57935546242,0.183336888897,0.0739940289228,-4.63129490548,-0.171736262629,-0.0885287730301,0.948320333976,0.248578665981,2.55676180714,0.837987256486,0.948320333976,2.55676180714,-0.266811408396,-0.354405449266,-796,-0.102445302445,-0.397562229048,-0.027027027027,0.0540540540541,-0.027027027027,170,11,172,979,0.497076023392,0.988888888889,0.0111111111111,0.502923976608,0.939226519337,0.497076023392,0.650095602294,0.619524683462,0.485964912281,0.481586402266,25,186,0,0,0,0
1752,WLNM_dir_neg,0.403760550353,0.317852773489,00:00:04,10,40,45,1236695380,threshold_sweep,0.6,0.47619047619,0.0537634408602,0.0966183574879,10,11,176,361,0.0537634408602,0.970430107527,0.0295698924731,0.94623655914,0.47619047619,0.0537634408602,0.0966183574879,0.664874551971,0.654121863799,0.0310880829016,0.0599281293413,0.0241935483871,342,156,186,0,342,0,156,0,186,37,342,0.256756756757,1.72528881811,18.4864864865,15.5454545455,9.77142857143,5.36771015539,0.290358590277,0.142642642643,9.50849154237,1.02869645341,0.544491860281,8.05331334643,0.871264894205,0.461830251304,0.640599570326,0.371299902718,2,1.72528881811,0.640599570326,2,0.344071394247,0.376569037657,810,0.104247104247,0.56957682835,37,37,37,1,0,0.405405405405,0.540540540541,0.0540540540541,37,0.117117117117,2.18481481481,8.43243243243,7.09090909091,4.45714285714,5.03620525429,0.597242289772,0.326923076923,6.00062559301,1.42322530091,0.680526680527,3.83793300225,0.910278981302,0.463617463617,1.318977792,0.603702328937,4.32037037037,2.18481481481,1.318977792,4.32037037037,0,0,0,0,0.160896782956,37,37,37,1,0,0.405405405405,0.540540540541,0.0540540540541,37,177,0.132882882883,2.57369837192,9.56756756757,7.69565217391,4.91666666667,4.52487286832,0.472938689627,0.253931898,5.85061789299,1.22301052,0.621468926554,3.50503713037,0.732691377535,0.391815544358,1.60163561437,0.622308982221,4.55676180714,2.57369837192,1.60163561437,4.55676180714,0.0592415059907,0.0149253731343,9,0.0011583011583,0.170876179092,37,37,37,1,0,0.378378378378,0.594594594595,0.027027027027,-165,-0.123873873874,0.848409553807,-8.91891891892,-7.84980237154,-4.85476190476,-0.842837287072,0.18258009935,0.111289255357,-3.65787364939,0.194314066588,0.0769770662723,-4.54827621606,-0.13857351667,-0.070014706946,0.961036044047,0.251009079503,2.55676180714,0.848409553807,0.961036044047,2.55676180714,-0.284829888257,-0.361643664523,-801,-0.103088803089,-0.398700649258,-0.027027027027,0.0540540540541,-0.027027027027,166,11,176,979,0.485380116959,0.988888888889,0.0111111111111,0.514619883041,0.937853107345,0.485380116959,0.639691714836,0.610348341569,0.474269005848,0.470254957507,21,186,0,0,0,0
1753,WLNM_dir_neg,0.403760550353,0.317852773489,00:00:04,10,40,45,1236695380,threshold_sweep,0.7,0.5,0.0537634408602,0.0970873786408,10,10,176,362,0.0537634408602,0.97311827957,0.0268817204301,0.94623655914,0.5,0.0537634408602,0.0970873786408,0.666666666667,0.654719235364,0.0346020761246,0.0681677353937,0.0268817204301,342,156,186,0,342,0,156,0,186,37,342,0.256756756757,1.72528881811,18.4864864865,15.5454545455,9.77142857143,5.36771015539,0.290358590277,0.142642642643,9.50849154237,1.02869645341,0.544491860281,8.05331334643,0.871264894205,0.461830251304,0.640599570326,0.371299902718,2,1.72528881811,0.640599570326,2,0.344071394247,0.376569037657,810,0.104247104247,0.56957682835,37,37,37,1,0,0.405405405405,0.540540540541,0.0540540540541,37,0.117117117117,2.18481481481,8.43243243243,7.09090909091,4.45714285714,5.03620525429,0.597242289772,0.326923076923,6.00062559301,1.42322530091,0.680526680527,3.83793300225,0.910278981302,0.463617463617,1.318977792,0.603702328937,4.32037037037,2.18481481481,1.318977792,4.32037037037,0,0,0,0,0.160896782956,37,37,37,1,0,0.405405405405,0.540540540541,0.0540540540541,37,176,0.132132132132,2.53468847354,9.51351351351,7.65217391304,4.88888888889,4.54374797339,0.477609872202,0.256603194103,5.86138685431,1.23222337278,0.624692874693,3.49924916871,0.735637609332,0.392813267813,1.56245004571,0.616426855618,4.48200951936,2.53468847354,1.56245004571,4.48200951936,0.0592415059907,0.0149253731343,9,0.0011583011583,0.168197215544,37,37,37,1,0,0.378378378378,0.594594594595,0.027027027027,-166,-0.124624624625,0.809399655422,-8.97297297297,-7.89328063241,-4.88253968254,-0.823962182008,0.187251281925,0.113960551461,-3.64710468807,0.203526919366,0.0802010144115,-4.55406417772,-0.135627284873,-0.0690169834907,0.921850475388,0.245126952901,2.48200951936,0.809399655422,0.921850475388,2.48200951936,-0.284829888257,-0.361643664523,-801,-0.103088803089,-0.401379612806,-0.027027027027,0.0540540540541,-0.027027027027,166,10,176,980,0.485380116959,0.989898989899,0.010101010101,0.514619883041,0.943181818182,0.485380116959,0.640926640927,0.613118079388,0.475279106858,0.471590909091,20,186,0,0,0,0
1754,WLNM_dir_neg,0.403760550353,0.317852773489,00:00:04,10,40,45,1236695380,threshold_sweep,0.8,0.5,0.0537634408602,0.0970873786408,10,10,176,362,0.0537634408602,0.97311827957,0.0268817204301,0.94623655914,0.5,0.0537634408602,0.0970873786408,0.666666666667,0.654719235364,0.0346020761246,0.0681677353937,0.0268817204301,342,156,186,0,342,0,156,0,186,37,342,0.256756756757,1.72528881811,18.4864864865,15.5454545455,9.77142857143,5.36771015539,0.290358590277,0.142642642643,9.50849154237,1.02869645341,0.544491860281,8.05331334643,0.871264894205,0.461830251304,0.640599570326,0.371299902718,2,1.72528881811,0.640599570326,2,0.344071394247,0.376569037657,810,0.104247104247,0.56957682835,37,37,37,1,0,0.405405405405,0.540540540541,0.0540540540541,37,0.117117117117,2.18481481481,8.43243243243,7.09090909091,4.45714285714,5.03620525429,0.597242289772,0.326923076923,6.00062559301,1.42322530091,0.680526680527,3.83793300225,0.910278981302,0.463617463617,1.318977792,0.603702328937,4.32037037037,2.18481481481,1.318977792,4.32037037037,0,0,0,0,0.160896782956,37,37,37,1,0,0.405405405405,0.540540540541,0.0540540540541,37,176,0.132132132132,2.53468847354,9.51351351351,7.65217391304,4.88888888889,4.54374797339,0.477609872202,0.256603194103,5.86138685431,1.23222337278,0.624692874693,3.49924916871,0.735637609332,0.392813267813,1.56245004571,0.616426855618,4.48200951936,2.53468847354,1.56245004571,4.48200951936,0.0592415059907,0.0149253731343,9,0.0011583011583,0.168197215544,37,37,37,1,0,0.378378378378,0.594594594595,0.027027027027,-166,-0.124624624625,0.809399655422,-8.97297297297,-7.89328063241,-4.88253968254,-0.823962182008,0.187251281925,0.113960551461,-3.64710468807,0.203526919366,0.0802010144115,-4.55406417772,-0.135627284873,-0.0690169834907,0.921850475388,0.245126952901,2.48200951936,0.809399655422,0.921850475388,2.48200951936,-0.284829888257,-0.361643664523,-801,-0.103088803089,-0.401379612806,-0.027027027027,0.0540540540541,-0.027027027027,166,10,176,980,0.485380116959,0.989898989899,0.010101010101,0.514619883041,0.943181818182,0.485380116959,0.640926640927,0.613118079388,0.475279106858,0.471590909091,20,186,0,0,0,0
1755,WLNM_dir_neg,0.403760550353,0.317852773489,00:00:04,10,40,45,1236695380,threshold_sweep,0.9,0.5625,0.0483870967742,0.0891089108911,9,7,177,365,0.0483870967742,0.981182795699,0.0188172043011,0.951612903226,0.5625,0.0483870967742,0.0891089108911,0.670250896057,0.657108721625,0.0383275261324,0.0835253016442,0.0295698924731,342,156,186,0,342,0,156,0,186,37,342,0.256756756757,1.72528881811,18.4864864865,15.5454545455,9.77142857143,5.36771015539,0.290358590277,0.142642642643,9.50849154237,1.02869645341,0.544491860281,8.05331334643,0.871264894205,0.461830251304,0.640599570326,0.371299902718,2,1.72528881811,0.640599570326,2,0.344071394247,0.376569037657,810,0.104247104247,0.56957682835,37,37,37,1,0,0.405405405405,0.540540540541,0.0540540540541,37,0.117117117117,2.18481481481,8.43243243243,7.09090909091,4.45714285714,5.03620525429,0.597242289772,0.326923076923,6.00062559301,1.42322530091,0.680526680527,3.83793300225,0.910278981302,0.463617463617,1.318977792,0.603702328937,4.32037037037,2.18481481481,1.318977792,4.32037037037,0,0,0,0,0.160896782956,37,37,37,1,0,0.405405405405,0.540540540541,0.0540540540541,37,172,0.129129129129,2.44232519533,9.2972972973,7.47826086957,4.77777777778,4.65990501134,0.501210713429,0.267284726587,5.87941898214,1.26475873453,0.634192331867,3.56071322612,0.765967380038,0.406348208674,1.44119415039,0.590091013737,4.1677331594,2.44232519533,1.44119415039,4.1677331594,0.0437545905038,0.0101408450704,6,0.000772200772201,0.165574543388,37,37,37,1,0,0.378378378378,0.594594594595,0.027027027027,-170,-0.127627627628,0.717036377218,-9.18918918919,-8.06719367589,-4.99365079365,-0.707805144053,0.210852123152,0.124642083944,-3.62907256023,0.236062281116,0.0897004715854,-4.49260012031,-0.105297514167,-0.0554820426301,0.800594580063,0.218791111019,2.1677331594,0.717036377218,0.800594580063,2.1677331594,-0.300316803744,-0.366428192586,-804,-0.103474903475,-0.404002284962,-0.027027027027,0.0540540540541,-0.027027027027,165,7,177,983,0.482456140351,0.992929292929,0.00707070707071,0.517543859649,0.959302325581,0.482456140351,0.642023346304,0.619274649582,0.47538543328,0.472779369628,16,186,0,0,0,0
1756,WLNM_dir_neg,0.416514915019,0.322954947749,00:00:04,10,40,46,1236695381,threshold_sweep,0.1,0.446808510638,0.112903225806,0.18025751073,21,26,165,346,0.112903225806,0.930107526882,0.0698924731183,0.887096774194,0.446808510638,0.112903225806,0.18025751073,0.65770609319,0.638590203106,0.0528925619835,0.0730038233902,0.0430107526882,342,156,186,0,342,0,156,0,186,37,342,0.256756756757,1.72528881811,18.4864864865,15.5454545455,9.77142857143,5.36771015539,0.290358590277,0.142642642643,9.50849154237,1.02869645341,0.544491860281,8.05331334643,0.871264894205,0.461830251304,0.640599570326,0.371299902718,2,1.72528881811,0.640599570326,2,0.344071394247,0.376569037657,810,0.104247104247,0.56957682835,37,37,37,1,0,0.405405405405,0.540540540541,0.0540540540541,37,0.117117117117,2.18481481481,8.43243243243,7.09090909091,4.45714285714,5.03620525429,0.597242289772,0.326923076923,6.00062559301,1.42322530091,0.680526680527,3.83793300225,0.910278981302,0.463617463617,1.318977792,0.603702328937,4.32037037037,2.18481481481,1.318977792,4.32037037037,0,0,0,0,0.160896782956,37,37,37,1,0,0.405405405405,0.540540540541,0.0540540540541,37,203,0.152402402402,17.077017608,10.972972973,6.15151515152,5.48648648649,4.98044222984,0.453882666266,0.239515377446,5.74756770595,1.04758623212,0.543469577952,3.85588742936,0.702797216188,0.369591266143,5.94796741291,0.348302469988,19.9097923338,17.077017608,5.94796741291,19.9097923338,0.141705276522,0.0733624454148,56,0.00720720720721,0.217560476903,37,37,37,1,0,0.108108108108,0.891891891892,0,-139,-0.104354354354,15.3517287899,-7.51351351351,-9.39393939394,-4.28494208494,-0.38726792555,0.163524075989,0.0968727348038,-3.76092383642,0.018889778705,-0.001022282329,-4.19742591708,-0.168467678017,-0.0922389851609,5.30736784258,-0.0229974327293,17.9097923338,15.3517287899,5.30736784258,17.9097923338,-0.202366117726,-0.303206592242,-754,-0.0970398970399,-0.352016351447,-0.297297297297,0.351351351351,-0.0540540540541,177,26,165,964,0.517543859649,0.973737373737,0.0262626262626,0.482456140351,0.871921182266,0.517543859649,0.649541284404,0.597125798575,0.491281233386,0.48097826087,47,186,0,0,0,0
1757,WLNM_dir_neg,0.416514915019,0.322954947749,00:00:04,10,40,46,1236695381,threshold_sweep,0.2,0.434782608696,0.10752688172,0.172413793103,20,26,166,346,0.10752688172,0.930107526882,0.0698924731183,0.89247311828,0.434782608696,0.10752688172,0.172413793103,0.655913978495,0.639187574671,0.046357615894,0.0645058558178,0.0376344086022,342,156,186,0,342,0,156,0,186,37,342,0.256756756757,1.72528881811,18.4864864865,15.5454545455,9.77142857143,5.36771015539,0.290358590277,0.142642642643,9.50849154237,1.02869645341,0.544491860281,8.05331334643,0.871264894205,0.461830251304,0.640599570326,0.371299902718,2,1.72528881811,0.640599570326,2,0.344071394247,0.376569037657,810,0.104247104247,0.56957682835,37,37,37,1,0,0.405405405405,0.540540540541,0.0540540540541,37,0.117117117117,2.18481481481,8.43243243243,7.09090909091,4.45714285714,5.03620525429,0.597242289772,0.326923076923,6.00062559301,1.42322530091,0.680526680527,3.83793300225,0.910278981302,0.463617463617,1.318977792,0.603702328937,4.32037037037,2.18481481481,1.318977792,4.32037037037,0,0,0,0,0.160896782956,37,37,37,1,0,0.405405405405,0.540540540541,0.0540540540541,37,202,0.151651651652,17.0210382999,10.9189189189,6.12121212121,5.45945945946,4.91244665438,0.449902292604,0.239496922665,5.73291953252,1.0500892213,0.544019266792,3.87007460877,0.708875052102,0.37195611453,5.92697980776,0.348214938673,19.8449756549,17.0210382999,5.92697980776,19.8449756549,0.141705276522,0.0733624454148,56,0.00720720720721,0.217204590681,37,37,37,1,0,0.108108108108,0.891891891892,0,-140,-0.105105105105,15.2957494818,-7.56756756757,-9.42424242424,-4.31196911197,-0.455263501013,0.159543702327,0.0968542800226,-3.77557200985,0.0213927678886,-0.00047259348979,-4.18323873766,-0.162389842103,-0.0898741367736,5.28638023743,-0.0230849640451,17.8449756549,15.2957494818,5.28638023743,17.8449756549,-0.202366117726,-0.303206592242,-754,-0.0970398970399,-0.352372237669,-0.297297297297,0.351351351351,-0.0540540540541,176,26,166,964,0.514619883041,0.973737373737,0.0262626262626,0.485380116959,0.871287128713,0.514619883041,0.647058823529,0.594775936383,0.488357256778,0.478260869565,46,186,0,0,0,0
1758,WLNM_dir_neg,0.416514915019,0.322954947749,00:00:04,10,40,46,1236695381,threshold_sweep,0.3,0.434782608696,0.10752688172,0.172413793103,20,26,166,346,0.10752688172,0.930107526882,0.0698924731183,0.89247311828,0.434782608696,0.10752688172,0.172413793103,0.655913978495,0.639187574671,0.046357615894,0.0645058558178,0.0376344086022,342,156,186,0,342,0,156,0,186,37,342,0.256756756757,1.72528881811,18.4864864865,15.5454545455,9.77142857143,5.36771015539,0.290358590277,0.142642642643,9.50849154237,1.02869645341,0.544491860281,8.05331334643,0.871264894205,0.461830251304,0.640599570326,0.371299902718,2,1.72528881811,0.640599570326,2,0.344071394247,0.376569037657,810,0.104247104247,0.56957682835,37,37,37,1,0,0.405405405405,0.540540540541,0.0540540540541,37,0.117117117117,2.18481481481,8.43243243243,7.09090909091,4.45714285714,5.03620525429,0.597242289772,0.326923076923,6.00062559301,1.42322530091,0.680526680527,3.83793300225,0.910278981302,0.463617463617,1.318977792,0.603702328937,4.32037037037,2.18481481481,1.318977792,4.32037037037,0,0,0,0,0.160896782956,37,37,37,1,0,0.405405405405,0.540540540541,0.0540540540541,37,202,0.151651651652,17.0210382999,10.9189189189,6.12121212121,5.45945945946,4.91244665438,0.449902292604,0.239496922665,5.73291953252,1.0500892213,0.544019266792,3.87007460877,0.708875052102,0.37195611453,5.92697980776,0.348214938673,19.8449756549,17.0210382999,5.92697980776,19.8449756549,0.141705276522,0.0733624454148,56,0.00720720720721,0.217204590681,37,37,37,1,0,0.108108108108,0.891891891892,0,-140,-0.105105105105,15.2957494818,-7.56756756757,-9.42424242424,-4.31196911197,-0.455263501013,0.159543702327,0.0968542800226,-3.77557200985,0.0213927678886,-0.00047259348979,-4.18323873766,-0.162389842103,-0.0898741367736,5.28638023743,-0.0230849640451,17.8449756549,15.2957494818,5.28638023743,17.8449756549,-0.202366117726,-0.303206592242,-754,-0.0970398970399,-0.352372237669,-0.297297297297,0.351351351351,-0.0540540540541,176,26,166,964,0.514619883041,0.973737373737,0.0262626262626,0.485380116959,0.871287128713,0.514619883041,0.647058823529,0.594775936383,0.488357256778,0.478260869565,46,186,0,0,0,0
1759,WLNM_dir_neg,0.416514915019,0.322954947749,00:00:04,10,40,46,1236695381,threshold_sweep,0.4,0.441860465116,0.102150537634,0.165938864629,19,24,167,348,0.102150537634,0.935483870968,0.0645161290323,0.897849462366,0.441860465116,0.102150537634,0.165938864629,0.65770609319,0.640979689367,0.0465890183028,0.0665235160617,0.0376344086022,342,156,186,0,342,0,156,0,186,37,342,0.256756756757,1.72528881811,18.4864864865,15.5454545455,9.77142857143,5.36771015539,0.290358590277,0.142642642643,9.50849154237,1.02869645341,0.544491860281,8.05331334643,0.871264894205,0.461830251304,0.640599570326,0.371299902718,2,1.72528881811,0.640599570326,2,0.344071394247,0.376569037657,810,0.104247104247,0.56957682835,37,37,37,1,0,0.405405405405,0.540540540541,0.0540540540541,37,0.117117117117,2.18481481481,8.43243243243,7.09090909091,4.45714285714,5.03620525429,0.597242289772,0.326923076923,6.00062559301,1.42322530091,0.680526680527,3.83793300225,0.910278981302,0.463617463617,1.318977792,0.603702328937,4.32037037037,2.18481481481,1.318977792,4.32037037037,0,0,0,0,0.160896782956,37,37,37,1,0,0.405405405405,0.540540540541,0.0540540540541,37,199,0.149399399399,16.8220731573,10.7567567568,6.0303030303,5.37837837838,5.0464806516,0.469145186204,0.252342795056,5.74142525545,1.06750117815,0.547331250849,3.92535455831,0.729839792248,0.382181176151,5.85169866238,0.347858352991,19.6285331163,16.8220731573,5.85169866238,19.6285331163,0.134283993013,0.0674008810573,51,0.00656370656371,0.218874909441,37,37,37,1,0,0.108108108108,0.891891891892,0,-143,-0.107357357357,15.0967843392,-7.72972972973,-9.51515151515,-4.39305019305,-0.321229503794,0.178786595927,0.109700152414,-3.76706628692,0.0388047247349,0.0028393905675,-4.12795878813,-0.141425101957,-0.0796490751529,5.21109909206,-0.0234415497271,17.6285331163,15.0967843392,5.21109909206,17.6285331163,-0.209787401234,-0.3091681566,-759,-0.0976833976834,-0.350701918908,-0.297297297297,0.351351351351,-0.0540540540541,175,24,167,966,0.511695906433,0.975757575758,0.0242424242424,0.488304093567,0.879396984925,0.511695906433,0.646950092421,0.597341013351,0.48745348219,0.478142076503,43,186,0,0,0,0
1760,WLNM_dir_neg,0.416514915019,0.322954947749,00:00:04,10,40,46,1236695381,threshold_sweep,0.5,0.59375,0.102150537634,0.174311926606,19,13,167,359,0.102150537634,0.965053763441,0.0349462365591,0.897849462366,0.59375,0.102150537634,0.174311926606,0.677419354839,0.647550776583,0.0847457627119,0.136256475062,0.0672043010753,342,156,186,0,342,0,156,0,186,37,342,0.256756756757,1.72528881811,18.4864864865,15.5454545455,9.77142857143,5.36771015539,0.290358590277,0.142642642643,9.50849154237,1.02869645341,0.544491860281,8.05331334643,0.871264894205,0.461830251304,0.640599570326,0.371299902718,2,1.72528881811,0.640599570326,2,0.344071394247,0.376569037657,810,0.104247104247,0.56957682835,37,37,37,1,0,0.405405405405,0.540540540541,0.0540540540541,37,0.117117117117,2.18481481481,8.43243243243,7.09090909091,4.45714285714,5.03620525429,0.597242289772,0.326923076923,6.00062559301,1.42322530091,0.680526680527,3.83793300225,0.910278981302,0.463617463617,1.318977792,0.603702328937,4.32037037037,2.18481481481,1.318977792,4.32037037037,0,0,0,0,0.160896782956,37,37,37,1,0,0.405405405405,0.540540540541,0.0540540540541,37,188,0.141141141141,3.0613492938,10.1621621622,8.17391304348,5.08108108108,4.55529919443,0.448260824984,0.241949396205,5.9832097405,1.17754659786,0.60753306498,3.40243685857,0.669628530677,0.360264519839,2.20011202124,0.718673960432,5.94085277563,3.0613492938,2.20011202124,5.94085277563,0.116584579433,0.0437405731523,29,0.0037323037323,0.188999839965,37,37,37,1,0,0.378378378378,0.621621621622,0,-154,-0.115615615616,1.33606047569,-8.32432432432,-7.37154150198,-4.69034749035,-0.812410960966,0.157902234706,0.0993067535621,-3.52528180188,0.148850144449,0.0630412046985,-4.65087648786,-0.201636363528,-0.101565731465,1.55951245092,0.347374057714,3.94085277563,1.33606047569,1.55951245092,3.94085277563,-0.227486814815,-0.332828464505,-781,-0.100514800515,-0.380576988385,-0.027027027027,0.0810810810811,-0.0540540540541,175,13,167,977,0.511695906433,0.986868686869,0.0131313131313,0.488304093567,0.93085106383,0.511695906433,0.660377358491,0.62554728905,0.498564593301,0.492957746479,32,186,0,0,0,0
1761,WLNM_dir_neg,0.416514915019,0.322954947749,00:00:04,10,40,46,1236695381,threshold_sweep,0.6,0.59375,0.102150537634,0.174311926606,19,13,167,359,0.102150537634,0.965053763441,0.0349462365591,0.897849462366,0.59375,0.102150537634,0.174311926606,0.677419354839,0.647550776583,0.0847457627119,0.136256475062,0.0672043010753,342,156,186,0,342,0,156,0,186,37,342,0.256756756757,1.72528881811,18.4864864865,15.5454545455,9.77142857143,5.36771015539,0.290358590277,0.142642642643,9.50849154237,1.02869645341,0.544491860281,8.05331334643,0.871264894205,0.461830251304,0.640599570326,0.371299902718,2,1.72528881811,0.640599570326,2,0.344071394247,0.376569037657,810,0.104247104247,0.56957682835,37,37,37,1,0,0.405405405405,0.540540540541,0.0540540540541,37,0.117117117117,2.18481481481,8.43243243243,7.09090909091,4.45714285714,5.03620525429,0.597242289772,0.326923076923,6.00062559301,1.42322530091,0.680526680527,3.83793300225,0.910278981302,0.463617463617,1.318977792,0.603702328937,4.32037037037,2.18481481481,1.318977792,4.32037037037,0,0,0,0,0.160896782956,37,37,37,1,0,0.405405405405,0.540540540541,0.0540540540541,37,188,0.141141141141,3.0613492938,10.1621621622,8.17391304348,5.08108108108,4.55529919443,0.448260824984,0.241949396205,5.9832097405,1.17754659786,0.60753306498,3.40243685857,0.669628530677,0.360264519839,2.20011202124,0.718673960432,5.94085277563,3.0613492938,2.20011202124,5.94085277563,0.116584579433,0.0437405731523,29,0.0037323037323,0.188999839965,37,37,37,1,0,0.378378378378,0.621621621622,0,-154,-0.115615615616,1.33606047569,-8.32432432432,-7.37154150198,-4.69034749035,-0.812410960966,0.157902234706,0.0993067535621,-3.52528180188,0.148850144449,0.0630412046985,-4.65087648786,-0.201636363528,-0.101565731465,1.55951245092,0.347374057714,3.94085277563,1.33606047569,1.55951245092,3.94085277563,-0.227486814815,-0.332828464505,-781,-0.100514800515,-0.380576988385,-0.027027027027,0.0810810810811,-0.0540540540541,175,13,167,977,0.511695906433,0.986868686869,0.0131313131313,0.488304093567,0.93085106383,0.511695906433,0.660377358491,0.62554728905,0.498564593301,0.492957746479,32,186,0,0,0,0
1762,WLNM_dir_neg,0.416514915019,0.322954947749,00:00:04,10,40,46,1236695381,threshold_sweep,0.7,0.59375,0.102150537634,0.174311926606,19,13,167,359,0.102150537634,0.965053763441,0.0349462365591,0.897849462366,0.59375,0.102150537634,0.174311926606,0.677419354839,0.647550776583,0.0847457627119,0.136256475062,0.0672043010753,342,156,186,0,342,0,156,0,186,37,342,0.256756756757,1.72528881811,18.4864864865,15.5454545455,9.77142857143,5.36771015539,0.290358590277,0.142642642643,9.50849154237,1.02869645341,0.544491860281,8.05331334643,0.871264894205,0.461830251304,0.640599570326,0.371299902718,2,1.72528881811,0.640599570326,2,0.344071394247,0.376569037657,810,0.104247104247,0.56957682835,37,37,37,1,0,0.405405405405,0.540540540541,0.0540540540541,37,0.117117117117,2.18481481481,8.43243243243,7.09090909091,4.45714285714,5.03620525429,0.597242289772,0.326923076923,6.00062559301,1.42322530091,0.680526680527,3.83793300225,0.910278981302,0.463617463617,1.318977792,0.603702328937,4.32037037037,2.18481481481,1.318977792,4.32037037037,0,0,0,0,0.160896782956,37,37,37,1,0,0.405405405405,0.540540540541,0.0540540540541,37,188,0.141141141141,3.0613492938,10.1621621622,8.17391304348,5.08108108108,4.55529919443,0.448260824984,0.241949396205,5.9832097405,1.17754659786,0.60753306498,3.40243685857,0.669628530677,0.360264519839,2.20011202124,0.718673960432,5.94085277563,3.0613492938,2.20011202124,5.94085277563,0.116584579433,0.0437405731523,29,0.0037323037323,0.188999839965,37,37,37,1,0,0.378378378378,0.621621621622,0,-154,-0.115615615616,1.33606047569,-8.32432432432,-7.37154150198,-4.69034749035,-0.812410960966,0.157902234706,0.0993067535621,-3.52528180188,0.148850144449,0.0630412046985,-4.65087648786,-0.201636363528,-0.101565731465,1.55951245092,0.347374057714,3.94085277563,1.33606047569,1.55951245092,3.94085277563,-0.227486814815,-0.332828464505,-781,-0.100514800515,-0.380576988385,-0.027027027027,0.0810810810811,-0.0540540540541,175,13,167,977,0.511695906433,0.986868686869,0.0131313131313,0.488304093567,0.93085106383,0.511695906433,0.660377358491,0.62554728905,0.498564593301,0.492957746479,32,186,0,0,0,0
1763,WLNM_dir_neg,0.416514915019,0.322954947749,00:00:04,10,40,46,1236695381,threshold_sweep,0.8,0.615384615385,0.0860215053763,0.150943396226,16,10,170,362,0.0860215053763,0.97311827957,0.0268817204301,0.913978494624,0.615384615385,0.0860215053763,0.150943396226,0.677419354839,0.651135005974,0.0753424657534,0.132271169317,0.0591397849462,342,156,186,0,342,0,156,0,186,37,342,0.256756756757,1.72528881811,18.4864864865,15.5454545455,9.77142857143,5.36771015539,0.290358590277,0.142642642643,9.50849154237,1.02869645341,0.544491860281,8.05331334643,0.871264894205,0.461830251304,0.640599570326,0.371299902718,2,1.72528881811,0.640599570326,2,0.344071394247,0.376569037657,810,0.104247104247,0.56957682835,37,37,37,1,0,0.405405405405,0.540540540541,0.0540540540541,37,0.117117117117,2.18481481481,8.43243243243,7.09090909091,4.45714285714,5.03620525429,0.597242289772,0.326923076923,6.00062559301,1.42322530091,0.680526680527,3.83793300225,0.910278981302,0.463617463617,1.318977792,0.603702328937,4.32037037037,2.18481481481,1.318977792,4.32037037037,0,0,0,0,0.160896782956,37,37,37,1,0,0.405405405405,0.540540540541,0.0540540540541,37,182,0.136636636637,3.01279131824,9.83783783784,7.91304347826,4.91891891892,4.70527784936,0.478283737435,0.259875259875,6.02023614514,1.22389416137,0.623106623107,3.46713441058,0.704856995557,0.373032373032,2.16057768081,0.717134860198,6.02778957486,3.01279131824,2.16057768081,6.02778957486,0.07863648359,0.0282870612886,18,0.0023166023166,0.19000361673,37,37,37,1,0,0.378378378378,0.621621621622,0,-160,-0.12012012012,1.28750250013,-8.64864864865,-7.63241106719,-4.85250965251,-0.662432306037,0.187925147157,0.117232617233,-3.48825539724,0.19519770796,0.0786147628253,-4.58617893586,-0.166407898648,-0.0887978782716,1.51997811049,0.34583495748,4.02778957486,1.28750250013,1.51997811049,4.02778957486,-0.265434910657,-0.348281976368,-792,-0.101930501931,-0.37957321162,-0.027027027027,0.0810810810811,-0.0540540540541,172,10,170,980,0.502923976608,0.989898989899,0.010101010101,0.497076023392,0.945054945055,0.502923976608,0.656488549618,0.626811527361,0.492822966507,0.488636363636,26,186,0,0,0,0
1764,WLNM_dir_neg,0.416514915019,0.322954947749,00:00:04,10,40,46,1236695381,threshold_sweep,0.9,0.6,0.0806451612903,0.142180094787,15,10,171,362,0.0806451612903,0.97311827957,0.0268817204301,0.91935483871,0.6,0.0806451612903,0.142180094787,0.675627240143,0.651732377539,0.0686106346484,0.122512778366,0.0537634408602,342,156,186,0,342,0,156,0,186,37,342,0.256756756757,1.72528881811,18.4864864865,15.5454545455,9.77142857143,5.36771015539,0.290358590277,0.142642642643,9.50849154237,1.02869645341,0.544491860281,8.05331334643,0.871264894205,0.461830251304,0.640599570326,0.371299902718,2,1.72528881811,0.640599570326,2,0.344071394247,0.376569037657,810,0.104247104247,0.56957682835,37,37,37,1,0,0.405405405405,0.540540540541,0.0540540540541,37,0.117117117117,2.18481481481,8.43243243243,7.09090909091,4.45714285714,5.03620525429,0.597242289772,0.326923076923,6.00062559301,1.42322530091,0.680526680527,3.83793300225,0.910278981302,0.463617463617,1.318977792,0.603702328937,4.32037037037,2.18481481481,1.318977792,4.32037037037,0,0,0,0,0.160896782956,37,37,37,1,0,0.405405405405,0.540540540541,0.0540540540541,37,181,0.135885885886,3.01286583297,9.78378378378,7.86956521739,4.89189189189,4.71484143209,0.481903682285,0.261460355383,6.01287407607,1.22915105422,0.624160071674,3.47837592838,0.711049222927,0.374794684187,2.16067870339,0.717150654287,6.02805464385,3.01286583297,2.16067870339,6.02805464385,0.0641758691294,0.0221635883905,14,0.0018018018018,0.188971557002,37,37,37,1,0,0.378378378378,0.621621621622,0,-161,-0.120870870871,1.28757701486,-8.7027027027,-7.67588932806,-4.87953667954,-0.652868723306,0.191545092008,0.11881771274,-3.49561746631,0.200454600809,0.0796682113925,-4.57493741806,-0.160215671277,-0.087035567117,1.52007913307,0.345850751569,4.02805464385,1.28757701486,1.52007913307,4.02805464385,-0.279895525118,-0.354405449266,-796,-0.102445302445,-0.380605271348,-0.027027027027,0.0810810810811,-0.0540540540541,171,10,171,980,0.5,0.989898989899,0.010101010101,0.5,0.944751381215,0.5,0.653919694073,0.6245399801,0.489898989899,0.485795454545,25,186,0,0,0,0
1765,WLNM_dir_neg,0.310780147994,0.337666140508,00:00:04,10,40,47,1236695382,threshold_sweep,0.1,0.547619047619,0.123655913978,0.201754385965,23,19,163,353,0.123655913978,0.948924731183,0.0510752688172,0.876344086022,0.547619047619,0.123655913978,0.201754385965,0.673835125448,0.641577060932,0.09,0.129687843983,0.0725806451613,342,156,186,0,342,0,156,0,186,37,342,0.256756756757,1.72528881811,18.4864864865,15.5454545455,9.77142857143,5.36771015539,0.290358590277,0.142642642643,9.50849154237,1.02869645341,0.544491860281,8.05331334643,0.871264894205,0.461830251304,0.640599570326,0.371299902718,2,1.72528881811,0.640599570326,2,0.344071394247,0.376569037657,810,0.104247104247,0.56957682835,37,37,37,1,0,0.405405405405,0.540540540541,0.0540540540541,37,0.117117117117,2.18481481481,8.43243243243,7.09090909091,4.45714285714,5.03620525429,0.597242289772,0.326923076923,6.00062559301,1.42322530091,0.680526680527,3.83793300225,0.910278981302,0.463617463617,1.318977792,0.603702328937,4.32037037037,2.18481481481,1.318977792,4.32037037037,0,0,0,0,0.160896782956,37,37,37,1,0,0.405405405405,0.540540540541,0.0540540540541,37,198,0.148648648649,1,10.7027027027,6.1875,5.35135135135,5.19008062914,0.484931775955,0.26208026208,5.98709824083,1.11880118642,0.56865956866,3.52937054678,0.659528839549,0.353808353808,0,0,0,NaN,NaN,NaN,0.145008242067,0.0971553610503,74,0.00952380952381,0.17776218402,37,37,0,1,2,0.135135135135,0.864864864865,0,-144,-0.108108108108,-0.725288818115,-7.78378378378,-9.35795454545,-4.42007722008,-0.177629526257,0.194573185678,0.119437619438,-3.52139330155,0.0901047330029,0.0241677083782,-4.52394279966,-0.211736054656,-0.108021897496,-0.640599570326,-0.371299902718,-2,NaN,NaN,NaN,-0.19906315218,-0.279413676607,-736,-0.0947232947233,-0.39181464433,-0.27027027027,0.324324324324,-0.0540540540541,179,19,163,971,0.523391812865,0.980808080808,0.0191919191919,0.476608187135,0.90404040404,0.523391812865,0.662962962963,0.619147719561,0.504199893674,0.495844875346,42,186,0,0,0,0
1766,WLNM_dir_neg,0.310780147994,0.337666140508,00:00:04,10,40,47,1236695382,threshold_sweep,0.2,0.560975609756,0.123655913978,0.202643171806,23,18,163,354,0.123655913978,0.951612903226,0.0483870967742,0.876344086022,0.560975609756,0.123655913978,0.202643171806,0.675627240143,0.642174432497,0.093489148581,0.135989642979,0.0752688172043,342,156,186,0,342,0,156,0,186,37,342,0.256756756757,1.72528881811,18.4864864865,15.5454545455,9.77142857143,5.36771015539,0.290358590277,0.142642642643,9.50849154237,1.02869645341,0.544491860281,8.05331334643,0.871264894205,0.461830251304,0.640599570326,0.371299902718,2,1.72528881811,0.640599570326,2,0.344071394247,0.376569037657,810,0.104247104247,0.56957682835,37,37,37,1,0,0.405405405405,0.540540540541,0.0540540540541,37,0.117117117117,2.18481481481,8.43243243243,7.09090909091,4.45714285714,5.03620525429,0.597242289772,0.326923076923,6.00062559301,1.42322530091,0.680526680527,3.83793300225,0.910278981302,0.463617463617,1.318977792,0.603702328937,4.32037037037,2.18481481481,1.318977792,4.32037037037,0,0,0,0,0.160896782956,37,37,37,1,0,0.405405405405,0.540540540541,0.0540540540541,37,197,0.147897897898,1,10.6486486486,6.15625,5.32432432432,5.21331743506,0.48957549517,0.263822197832,5.99561902121,1.12608072987,0.570723007271,3.53595856919,0.664114045989,0.3556043353,0,0,0,NaN,NaN,NaN,0.145008242067,0.0971553610503,74,0.00952380952381,0.176932319144,37,37,0,1,2,0.135135135135,0.864864864865,0,-145,-0.108858858859,-0.725288818115,-7.83783783784,-9.38920454545,-4.4471042471,-0.154392720335,0.199216904893,0.12117955519,-3.51287252117,0.0973842764564,0.0262311469899,-4.51735477725,-0.207150848216,-0.106225916004,-0.640599570326,-0.371299902718,-2,NaN,NaN,NaN,-0.19906315218,-0.279413676607,-736,-0.0947232947233,-0.392644509206,-0.27027027027,0.324324324324,-0.0540540540541,179,18,163,972,0.523391812865,0.981818181818,0.0181818181818,0.476608187135,0.908629441624,0.523391812865,0.664192949907,0.621686648136,0.505209994684,0.497222222222,41,186,0,0,0,0
1767,WLNM_dir_neg,0.310780147994,0.337666140508,00:00:04,10,40,47,1236695382,threshold_sweep,0.3,0.605263157895,0.123655913978,0.205357142857,23,15,163,357,0.123655913978,0.959677419355,0.0403225806452,0.876344086022,0.605263157895,0.123655913978,0.205357142857,0.681003584229,0.643966547192,0.104026845638,0.155938454588,0.0833333333333,342,156,186,0,342,0,156,0,186,37,342,0.256756756757,1.72528881811,18.4864864865,15.5454545455,9.77142857143,5.36771015539,0.290358590277,0.142642642643,9.50849154237,1.02869645341,0.544491860281,8.05331334643,0.871264894205,0.461830251304,0.640599570326,0.371299902718,2,1.72528881811,0.640599570326,2,0.344071394247,0.376569037657,810,0.104247104247,0.56957682835,37,37,37,1,0,0.405405405405,0.540540540541,0.0540540540541,37,0.117117117117,2.18481481481,8.43243243243,7.09090909091,4.45714285714,5.03620525429,0.597242289772,0.326923076923,6.00062559301,1.42322530091,0.680526680527,3.83793300225,0.910278981302,0.463617463617,1.318977792,0.603702328937,4.32037037037,2.18481481481,1.318977792,4.32037037037,0,0,0,0,0.160896782956,37,37,37,1,0,0.405405405405,0.540540540541,0.0540540540541,37,194,0.145645645646,1,10.4864864865,6.0625,5.24324324324,5.00900090738,0.477662457662,0.260100306492,5.92267490903,1.12958232801,0.572861521315,3.6240355453,0.691182036991,0.371969908052,0,0,0,NaN,NaN,NaN,0.118772757937,0.0725034199726,53,0.00682110682111,0.177002401951,37,37,0,1,2,0.135135135135,0.864864864865,0,-148,-0.111111111111,-0.725288818115,-8,-9.48295454545,-4.52818532819,-0.358709248018,0.187303867385,0.117457663849,-3.58581663334,0.100885874596,0.0283696610338,-4.42927780113,-0.180082857214,-0.0898603432516,-0.640599570326,-0.371299902718,-2,NaN,NaN,NaN,-0.225298636311,-0.304065617684,-757,-0.097425997426,-0.392574426399,-0.27027027027,0.324324324324,-0.0540540540541,179,15,163,975,0.523391812865,0.984848484848,0.0151515151515,0.476608187135,0.922680412371,0.523391812865,0.667910447761,0.629401467336,0.508240297714,0.501400560224,38,186,0,0,0,0
1768,WLNM_dir_neg,0.310780147994,0.337666140508,00:00:04,10,40,47,1236695382,threshold_sweep,0.4,0.621621621622,0.123655913978,0.206278026906,23,14,163,358,0.123655913978,0.962365591398,0.0376344086022,0.876344086022,0.621621621622,0.123655913978,0.206278026906,0.682795698925,0.644563918757,0.10756302521,0.162972848661,0.0860215053763,342,156,186,0,342,0,156,0,186,37,342,0.256756756757,1.72528881811,18.4864864865,15.5454545455,9.77142857143,5.36771015539,0.290358590277,0.142642642643,9.50849154237,1.02869645341,0.544491860281,8.05331334643,0.871264894205,0.461830251304,0.640599570326,0.371299902718,2,1.72528881811,0.640599570326,2,0.344071394247,0.376569037657,810,0.104247104247,0.56957682835,37,37,37,1,0,0.405405405405,0.540540540541,0.0540540540541,37,0.117117117117,2.18481481481,8.43243243243,7.09090909091,4.45714285714,5.03620525429,0.597242289772,0.326923076923,6.00062559301,1.42322530091,0.680526680527,3.83793300225,0.910278981302,0.463617463617,1.318977792,0.603702328937,4.32037037037,2.18481481481,1.318977792,4.32037037037,0,0,0,0,0.160896782956,37,37,37,1,0,0.405405405405,0.540540540541,0.0540540540541,37,193,0.144894894895,1,10.4324324324,6.03125,5.36111111111,4.99188530707,0.478496778139,0.260607758017,5.92140718605,1.13519205121,0.573869205994,3.6601087957,0.701678888296,0.378938524016,0,0,0,NaN,NaN,NaN,0.118772757937,0.0725034199726,53,0.00682110682111,0.177922169907,37,37,0,1,2,0.135135135135,0.837837837838,0.027027027027,-149,-0.111861861862,-0.725288818115,-8.05405405405,-9.51420454545,-4.41031746032,-0.375824848326,0.188138187861,0.117965115374,-3.58708435632,0.106495597798,0.0293773457122,-4.39320455073,-0.169586005909,-0.0828917272877,-0.640599570326,-0.371299902718,-2,NaN,NaN,NaN,-0.225298636311,-0.304065617684,-757,-0.097425997426,-0.391654658443,-0.27027027027,0.297297297297,-0.027027027027,179,14,163,976,0.523391812865,0.985858585859,0.0141414141414,0.476608187135,0.927461139896,0.523391812865,0.669158878505,0.63200645139,0.509250398724,0.502808988764,37,186,0,0,0,0
1769,WLNM_dir_neg,0.310780147994,0.337666140508,00:00:04,10,40,47,1236695382,threshold_sweep,0.5,0.821428571429,0.123655913978,0.214953271028,23,5,163,367,0.123655913978,0.986559139785,0.0134408602151,0.876344086022,0.821428571429,0.123655913978,0.214953271028,0.698924731183,0.649940262843,0.139931740614,0.237986273359,0.110215053763,342,156,186,0,342,0,156,0,186,37,342,0.256756756757,1.72528881811,18.4864864865,15.5454545455,9.77142857143,5.36771015539,0.290358590277,0.142642642643,9.50849154237,1.02869645341,0.544491860281,8.05331334643,0.871264894205,0.461830251304,0.640599570326,0.371299902718,2,1.72528881811,0.640599570326,2,0.344071394247,0.376569037657,810,0.104247104247,0.56957682835,37,37,37,1,0,0.405405405405,0.540540540541,0.0540540540541,37,0.117117117117,2.18481481481,8.43243243243,7.09090909091,4.45714285714,5.03620525429,0.597242289772,0.326923076923,6.00062559301,1.42322530091,0.680526680527,3.83793300225,0.910278981302,0.463617463617,1.318977792,0.603702328937,4.32037037037,2.18481481481,1.318977792,4.32037037037,0,0,0,0,0.160896782956,37,37,37,1,0,0.405405405405,0.540540540541,0.0540540540541,37,184,0.138138138138,1,9.94594594595,8,5.11111111111,4.70192599985,0.472747994551,0.25205640423,6.11231219428,1.22910625646,0.625734430082,3.4919469775,0.702184990041,0.378084606345,0,0,0,NaN,NaN,NaN,0.109560281619,0.0528700906344,35,0.0045045045045,0.187970510398,37,37,0,1,2,0.378378378378,0.594594594595,0.027027027027,-158,-0.118618618619,-0.725288818115,-8.54054054054,-7.54545454545,-4.66031746032,-0.665784155539,0.182389404273,0.109413761588,-3.39617934809,0.200409803044,0.0812425698009,-4.56136636893,-0.169079904163,-0.0837456449585,-0.640599570326,-0.371299902718,-2,NaN,NaN,NaN,-0.234511112628,-0.323698947022,-775,-0.0997425997426,-0.381606317951,-0.027027027027,0.0540540540541,-0.027027027027,179,5,163,985,0.523391812865,0.994949494949,0.00505050505051,0.476608187135,0.972826086957,0.523391812865,0.680608365019,0.656245917891,0.518341307815,0.515850144092,28,186,0,0,0,0
1770,WLNM_dir_neg,0.310780147994,0.337666140508,00:00:04,10,40,47,1236695382,threshold_sweep,0.6,0.821428571429,0.123655913978,0.214953271028,23,5,163,367,0.123655913978,0.986559139785,0.0134408602151,0.876344086022,0.821428571429,0.123655913978,0.214953271028,0.698924731183,0.649940262843,0.139931740614,0.237986273359,0.110215053763,342,156,186,0,342,0,156,0,186,37,342,0.256756756757,1.72528881811,18.4864864865,15.5454545455,9.77142857143,5.36771015539,0.290358590277,0.142642642643,9.50849154237,1.02869645341,0.544491860281,8.05331334643,0.871264894205,0.461830251304,0.640599570326,0.371299902718,2,1.72528881811,0.640599570326,2,0.344071394247,0.376569037657,810,0.104247104247,0.56957682835,37,37,37,1,0,0.405405405405,0.540540540541,0.0540540540541,37,0.117117117117,2.18481481481,8.43243243243,7.09090909091,4.45714285714,5.03620525429,0.597242289772,0.326923076923,6.00062559301,1.42322530091,0.680526680527,3.83793300225,0.910278981302,0.463617463617,1.318977792,0.603702328937,4.32037037037,2.18481481481,1.318977792,4.32037037037,0,0,0,0,0.160896782956,37,37,37,1,0,0.405405405405,0.540540540541,0.0540540540541,37,184,0.138138138138,1,9.94594594595,8,5.11111111111,4.70192599985,0.472747994551,0.25205640423,6.11231219428,1.22910625646,0.625734430082,3.4919469775,0.702184990041,0.378084606345,0,0,0,NaN,NaN,NaN,0.109560281619,0.0528700906344,35,0.0045045045045,0.187970510398,37,37,0,1,2,0.378378378378,0.594594594595,0.027027027027,-158,-0.118618618619,-0.725288818115,-8.54054054054,-7.54545454545,-4.66031746032,-0.665784155539,0.182389404273,0.109413761588,-3.39617934809,0.200409803044,0.0812425698009,-4.56136636893,-0.169079904163,-0.0837456449585,-0.640599570326,-0.371299902718,-2,NaN,NaN,NaN,-0.234511112628,-0.323698947022,-775,-0.0997425997426,-0.381606317951,-0.027027027027,0.0540540540541,-0.027027027027,179,5,163,985,0.523391812865,0.994949494949,0.00505050505051,0.476608187135,0.972826086957,0.523391812865,0.680608365019,0.656245917891,0.518341307815,0.515850144092,28,186,0,0,0,0
1771,WLNM_dir_neg,0.310780147994,0.337666140508,00:00:04,10,40,47,1236695382,threshold_sweep,0.7,0.846153846154,0.118279569892,0.207547169811,22,4,164,368,0.118279569892,0.989247311828,0.010752688172,0.881720430108,0.846153846154,0.118279569892,0.207547169811,0.698924731183,0.651135005974,0.13698630137,0.240493035122,0.10752688172,342,156,186,0,342,0,156,0,186,37,342,0.256756756757,1.72528881811,18.4864864865,15.5454545455,9.77142857143,5.36771015539,0.290358590277,0.142642642643,9.50849154237,1.02869645341,0.544491860281,8.05331334643,0.871264894205,0.461830251304,0.640599570326,0.371299902718,2,1.72528881811,0.640599570326,2,0.344071394247,0.376569037657,810,0.104247104247,0.56957682835,37,37,37,1,0,0.405405405405,0.540540540541,0.0540540540541,37,0.117117117117,2.18481481481,8.43243243243,7.09090909091,4.45714285714,5.03620525429,0.597242289772,0.326923076923,6.00062559301,1.42322530091,0.680526680527,3.83793300225,0.910278981302,0.463617463617,1.318977792,0.603702328937,4.32037037037,2.18481481481,1.318977792,4.32037037037,0,0,0,0,0.160896782956,37,37,37,1,0,0.405405405405,0.540540540541,0.0540540540541,37,182,0.136636636637,1,9.83783783784,7.91304347826,5.2,4.75227146574,0.483060561078,0.258538758539,6.07992314635,1.23602833195,0.62874962875,3.51487615064,0.714562733922,0.386397386397,0,0,0,NaN,NaN,NaN,0.109236934237,0.0505617977528,33,0.0042471042471,0.185166626238,37,37,0,1,2,0.378378378378,0.567567567568,0.0540540540541,-160,-0.12012012012,-0.725288818115,-8.64864864865,-7.63241106719,-4.57142857143,-0.615438689654,0.192701970801,0.115896115896,-3.42856839603,0.207331878535,0.0842577684683,-4.53843719579,-0.156702160283,-0.0754328649065,-0.640599570326,-0.371299902718,-2,NaN,NaN,NaN,-0.23483446001,-0.326007239904,-777,-0.1,-0.384410202111,-0.027027027027,0.027027027027,0,178,4,164,986,0.520467836257,0.99595959596,0.0040404040404,0.479532163743,0.978021978022,0.520467836257,0.679389312977,0.656833568154,0.516427432217,0.514450867052,26,186,0,0,0,0
1772,WLNM_dir_neg,0.310780147994,0.337666140508,00:00:04,10,40,47,1236695382,threshold_sweep,0.8,0.869565217391,0.10752688172,0.191387559809,20,3,166,369,0.10752688172,0.991935483871,0.00806451612903,0.89247311828,0.869565217391,0.10752688172,0.191387559809,0.697132616487,0.652927120669,0.127366609294,0.235855450604,0.0994623655914,342,156,186,0,342,0,156,0,186,37,342,0.256756756757,1.72528881811,18.4864864865,15.5454545455,9.77142857143,5.36771015539,0.290358590277,0.142642642643,9.50849154237,1.02869645341,0.544491860281,8.05331334643,0.871264894205,0.461830251304,0.640599570326,0.371299902718,2,1.72528881811,0.640599570326,2,0.344071394247,0.376569037657,810,0.104247104247,0.56957682835,37,37,37,1,0,0.405405405405,0.540540540541,0.0540540540541,37,0.117117117117,2.18481481481,8.43243243243,7.09090909091,4.45714285714,5.03620525429,0.597242289772,0.326923076923,6.00062559301,1.42322530091,0.680526680527,3.83793300225,0.910278981302,0.463617463617,1.318977792,0.603702328937,4.32037037037,2.18481481481,1.318977792,4.32037037037,0,0,0,0,0.160896782956,37,37,37,1,0,0.405405405405,0.540540540541,0.0540540540541,37,179,0.134384384384,1,9.67567567568,7.78260869565,5.11428571429,4.7084678686,0.486629360722,0.261210931602,6.0713970272,1.25498150842,0.633247772913,3.53170963883,0.7300181935,0.392571342292,0,0,0,NaN,NaN,NaN,0.0886422136422,0.036012526096,23,0.0029601029601,0.181673193891,37,37,0,1,2,0.378378378378,0.567567567568,0.0540540540541,-163,-0.122372372372,-0.725288818115,-8.81081081081,-7.7628458498,-4.65714285714,-0.65924228679,0.196270770444,0.118568288959,-3.43709451518,0.226285055,0.0887559126312,-4.52160370761,-0.141246700705,-0.0692589090119,-0.640599570326,-0.371299902718,-2,NaN,NaN,NaN,-0.255429180605,-0.340556511561,-787,-0.101287001287,-0.387903634459,-0.027027027027,0.027027027027,0,176,3,166,987,0.514619883041,0.99696969697,0.0030303030303,0.485380116959,0.983240223464,0.514619883041,0.675623800384,0.655256249071,0.511589580011,0.510144927536,23,186,0,0,0,0
1773,WLNM_dir_neg,0.310780147994,0.337666140508,00:00:04,10,40,47,1236695382,threshold_sweep,0.9,0.842105263158,0.0860215053763,0.156097560976,16,3,170,369,0.0860215053763,0.991935483871,0.00806451612903,0.913978494624,0.842105263158,0.0860215053763,0.156097560976,0.689964157706,0.65531660693,0.100519930676,0.202633766476,0.0779569892473,342,156,186,0,342,0,156,0,186,37,342,0.256756756757,1.72528881811,18.4864864865,15.5454545455,9.77142857143,5.36771015539,0.290358590277,0.142642642643,9.50849154237,1.02869645341,0.544491860281,8.05331334643,0.871264894205,0.461830251304,0.640599570326,0.371299902718,2,1.72528881811,0.640599570326,2,0.344071394247,0.376569037657,810,0.104247104247,0.56957682835,37,37,37,1,0,0.405405405405,0.540540540541,0.0540540540541,37,0.117117117117,2.18481481481,8.43243243243,7.09090909091,4.45714285714,5.03620525429,0.597242289772,0.326923076923,6.00062559301,1.42322530091,0.680526680527,3.83793300225,0.910278981302,0.463617463617,1.318977792,0.603702328937,4.32037037037,2.18481481481,1.318977792,4.32037037037,0,0,0,0,0.160896782956,37,37,37,1,0,0.405405405405,0.540540540541,0.0540540540541,37,175,0.131381381381,1,9.45945945946,7.60869565217,5,4.64635218086,0.491185801977,0.265637065637,6.02148306136,1.27311356154,0.639691119691,3.5640851144,0.753549424188,0.400926640927,0,0,0,NaN,NaN,NaN,0.0717818296766,0.0228882833787,14,0.0018018018018,0.175624170451,37,37,0,1,2,0.378378378378,0.567567567568,0.0540540540541,-167,-0.125375375375,-0.725288818115,-9.02702702703,-7.93675889328,-4.77142857143,-0.721357974533,0.2008272117,0.122994422994,-3.48700848101,0.24441710813,0.0951992594098,-4.48922823203,-0.117715470017,-0.0609036103773,-0.640599570326,-0.371299902718,-2,NaN,NaN,NaN,-0.272289564571,-0.353680754278,-796,-0.102445302445,-0.393952657899,-0.027027027027,0.027027027027,0,172,3,170,987,0.502923976608,0.99696969697,0.0030303030303,0.497076023392,0.982857142857,0.502923976608,0.665377176015,0.646431613155,0.499893673578,0.498550724638,19,186,0,0,0,0
1774,WLNM_dir_neg,0.419911261418,0.319888257916,00:00:04,10,40,48,1236695383,threshold_sweep,0.1,0.5,0.0967741935484,0.162162162162,18,18,168,354,0.0967741935484,0.951612903226,0.0483870967742,0.903225806452,0.5,0.0967741935484,0.162162162162,0.666666666667,0.645161290323,0.0606060606061,0.0928476690885,0.0483870967742,342,156,186,0,342,0,156,0,186,37,342,0.256756756757,1.72528881811,18.4864864865,15.5454545455,9.77142857143,5.36771015539,0.290358590277,0.142642642643,9.50849154237,1.02869645341,0.544491860281,8.05331334643,0.871264894205,0.461830251304,0.640599570326,0.371299902718,2,1.72528881811,0.640599570326,2,0.344071394247,0.376569037657,810,0.104247104247,0.56957682835,37,37,37,1,0,0.405405405405,0.540540540541,0.0540540540541,37,0.117117117117,2.22747747748,8.43243243243,7.09090909091,4.45714285714,5.03620525429,0.597242289772,0.326923076923,6.00525295579,1.42432281644,0.680873180873,3.83793300225,0.910278981302,0.463617463617,1.42084529335,0.637871901162,5.2,2.22747747748,1.42084529335,5.2,0,0,0,0,0.160752482811,37,37,37,1,0,0.405405405405,0.540540540541,0.0540540540541,37,192,0.144144144144,7.35955534836,10.3783783784,6.4,5.18918918919,5.21936219683,0.502907295007,0.276463963964,6.0315735824,1.16233449244,0.590371621622,3.42245718939,0.659536020872,0.355855855856,3.40670404249,0.462895362726,9.72206538716,7.35955534836,3.40670404249,9.72206538716,0.148298375775,0.075208913649,54,0.00694980694981,0.159040642139,37,37,37,1,0,0.189189189189,0.810810810811,0,-150,-0.112612612613,5.63426653025,-8.10810810811,-9.14545454545,-4.58223938224,-0.148347958559,0.21254870473,0.133821321321,-3.47691795998,0.133638039026,0.0458797613403,-4.63085615704,-0.211728873333,-0.105974395448,2.76610447216,0.0915954600088,7.72206538716,5.63426653025,2.76610447216,7.72206538716,-0.195773018472,-0.301360124008,-756,-0.0972972972973,-0.410536186211,-0.216216216216,0.27027027027,-0.0540540540541,174,18,168,972,0.508771929825,0.981818181818,0.0181818181818,0.491228070175,0.90625,0.508771929825,0.651685393258,0.610163747317,0.490590111643,0.483333333333,36,186,0,0,0,0
1775,WLNM_dir_neg,0.419911261418,0.319888257916,00:00:04,10,40,48,1236695383,threshold_sweep,0.2,0.46875,0.0806451612903,0.137614678899,15,17,171,355,0.0806451612903,0.954301075269,0.0456989247312,0.91935483871,0.46875,0.0806451612903,0.137614678899,0.663082437276,0.647550776583,0.0440677966102,0.070853367032,0.0349462365591,342,156,186,0,342,0,156,0,186,37,342,0.256756756757,1.72528881811,18.4864864865,15.5454545455,9.77142857143,5.36771015539,0.290358590277,0.142642642643,9.50849154237,1.02869645341,0.544491860281,8.05331334643,0.871264894205,0.461830251304,0.640599570326,0.371299902718,2,1.72528881811,0.640599570326,2,0.344071394247,0.376569037657,810,0.104247104247,0.56957682835,37,37,37,1,0,0.405405405405,0.540540540541,0.0540540540541,37,0.117117117117,2.22747747748,8.43243243243,7.09090909091,4.45714285714,5.03620525429,0.597242289772,0.326923076923,6.00525295579,1.42432281644,0.680873180873,3.83793300225,0.910278981302,0.463617463617,1.42084529335,0.637871901162,5.2,2.22747747748,1.42084529335,5.2,0,0,0,0,0.160752482811,37,37,37,1,0,0.405405405405,0.540540540541,0.0540540540541,37,188,0.141141141141,7.48787528082,10.1621621622,6.26666666667,5.08108108108,5.16136025091,0.507899811924,0.278177113283,6.03866421201,1.18846050981,0.598332374928,3.45911339298,0.680782955001,0.364002300173,3.47871526241,0.464579754863,9.81763224181,7.48787528082,3.47871526241,9.81763224181,0.135566201897,0.0578592092575,40,0.00514800514801,0.162986124198,37,37,37,1,0,0.189189189189,0.810810810811,0,-154,-0.115615615616,5.76258646271,-8.32432432432,-9.27878787879,-4.69034749035,-0.206349904487,0.217541221647,0.135534470641,-3.46982733036,0.159764056397,0.0538405146468,-4.59419995346,-0.190481939204,-0.0978279511314,2.83811569208,0.0932798521454,7.81763224181,5.76258646271,2.83811569208,7.81763224181,-0.20850519235,-0.318709828399,-770,-0.0990990990991,-0.406590704152,-0.216216216216,0.27027027027,-0.0540540540541,171,17,171,973,0.5,0.982828282828,0.0171717171717,0.5,0.909574468085,0.5,0.645283018868,0.605802994151,0.482828282828,0.476323119777,32,186,0,0,0,0
1776,WLNM_dir_neg,0.419911261418,0.319888257916,00:00:04,10,40,48,1236695383,threshold_sweep,0.3,0.636363636364,0.0752688172043,0.134615384615,14,8,172,364,0.0752688172043,0.978494623656,0.0215053763441,0.924731182796,0.636363636364,0.0752688172043,0.134615384615,0.677419354839,0.653524492234,0.0689655172414,0.130233065268,0.0537634408602,342,156,186,0,342,0,156,0,186,37,342,0.256756756757,1.72528881811,18.4864864865,15.5454545455,9.77142857143,5.36771015539,0.290358590277,0.142642642643,9.50849154237,1.02869645341,0.544491860281,8.05331334643,0.871264894205,0.461830251304,0.640599570326,0.371299902718,2,1.72528881811,0.640599570326,2,0.344071394247,0.376569037657,810,0.104247104247,0.56957682835,37,37,37,1,0,0.405405405405,0.540540540541,0.0540540540541,37,0.117117117117,2.22747747748,8.43243243243,7.09090909091,4.45714285714,5.03620525429,0.597242289772,0.326923076923,6.00525295579,1.42432281644,0.680873180873,3.83793300225,0.910278981302,0.463617463617,1.42084529335,0.637871901162,5.2,2.22747747748,1.42084529335,5.2,0,0,0,0,0.160752482811,37,37,37,1,0,0.405405405405,0.540540540541,0.0540540540541,37,178,0.133633633634,2.58941695137,9.62162162162,7.73913043478,4.81081081081,4.91794532159,0.51113476657,0.278317643486,6.17718849135,1.28402232685,0.643486182812,3.40618585842,0.708027397537,0.373215912542,1.68132778313,0.649307475274,5.30563204005,2.58941695137,1.68132778313,5.30563204005,0.118481198744,0.0269841269841,17,0.0021879021879,0.160303342301,37,37,37,1,0,0.378378378378,0.621621621622,0,-164,-0.123123123123,0.864128133254,-8.86486486486,-7.80632411067,-4.96061776062,-0.4497648338,0.220776176293,0.135675000844,-3.33130305103,0.255325873439,0.0989943225307,-4.64712748801,-0.163237496668,-0.0886143387622,1.0407282128,0.278007572556,3.30563204005,0.864128133254,1.0407282128,3.30563204005,-0.225590195503,-0.349584910673,-793,-0.102059202059,-0.409273486049,-0.027027027027,0.0810810810811,-0.0540540540541,170,8,172,982,0.497076023392,0.991919191919,0.00808080808081,0.502923976608,0.955056179775,0.497076023392,0.653846153846,0.627801507848,0.488995215311,0.485714285714,22,186,0,0,0,0
1777,WLNM_dir_neg,0.419911261418,0.319888257916,00:00:04,10,40,48,1236695383,threshold_sweep,0.4,0.636363636364,0.0752688172043,0.134615384615,14,8,172,364,0.0752688172043,0.978494623656,0.0215053763441,0.924731182796,0.636363636364,0.0752688172043,0.134615384615,0.677419354839,0.653524492234,0.0689655172414,0.130233065268,0.0537634408602,342,156,186,0,342,0,156,0,186,37,342,0.256756756757,1.72528881811,18.4864864865,15.5454545455,9.77142857143,5.36771015539,0.290358590277,0.142642642643,9.50849154237,1.02869645341,0.544491860281,8.05331334643,0.871264894205,0.461830251304,0.640599570326,0.371299902718,2,1.72528881811,0.640599570326,2,0.344071394247,0.376569037657,810,0.104247104247,0.56957682835,37,37,37,1,0,0.405405405405,0.540540540541,0.0540540540541,37,0.117117117117,2.22747747748,8.43243243243,7.09090909091,4.45714285714,5.03620525429,0.597242289772,0.326923076923,6.00525295579,1.42432281644,0.680873180873,3.83793300225,0.910278981302,0.463617463617,1.42084529335,0.637871901162,5.2,2.22747747748,1.42084529335,5.2,0,0,0,0,0.160752482811,37,37,37,1,0,0.405405405405,0.540540540541,0.0540540540541,37,178,0.133633633634,2.58941695137,9.62162162162,7.73913043478,4.81081081081,4.91794532159,0.51113476657,0.278317643486,6.17718849135,1.28402232685,0.643486182812,3.40618585842,0.708027397537,0.373215912542,1.68132778313,0.649307475274,5.30563204005,2.58941695137,1.68132778313,5.30563204005,0.118481198744,0.0269841269841,17,0.0021879021879,0.160303342301,37,37,37,1,0,0.378378378378,0.621621621622,0,-164,-0.123123123123,0.864128133254,-8.86486486486,-7.80632411067,-4.96061776062,-0.4497648338,0.220776176293,0.135675000844,-3.33130305103,0.255325873439,0.0989943225307,-4.64712748801,-0.163237496668,-0.0886143387622,1.0407282128,0.278007572556,3.30563204005,0.864128133254,1.0407282128,3.30563204005,-0.225590195503,-0.349584910673,-793,-0.102059202059,-0.409273486049,-0.027027027027,0.0810810810811,-0.0540540540541,170,8,172,982,0.497076023392,0.991919191919,0.00808080808081,0.502923976608,0.955056179775,0.497076023392,0.653846153846,0.627801507848,0.488995215311,0.485714285714,22,186,0,0,0,0
1778,WLNM_dir_neg,0.419911261418,0.319888257916,00:00:04,10,40,48,1236695383,threshold_sweep,0.5,0.6,0.0645161290323,0.116504854369,12,8,174,364,0.0645161290323,0.978494623656,0.0215053763441,0.935483870968,0.6,0.0645161290323,0.116504854369,0.673835125448,0.654719235364,0.0553633217993,0.10906837663,0.0430107526882,342,156,186,0,342,0,156,0,186,37,342,0.256756756757,1.72528881811,18.4864864865,15.5454545455,9.77142857143,5.36771015539,0.290358590277,0.142642642643,9.50849154237,1.02869645341,0.544491860281,8.05331334643,0.871264894205,0.461830251304,0.640599570326,0.371299902718,2,1.72528881811,0.640599570326,2,0.344071394247,0.376569037657,810,0.104247104247,0.56957682835,37,37,37,1,0,0.405405405405,0.540540540541,0.0540540540541,37,0.117117117117,2.22747747748,8.43243243243,7.09090909091,4.45714285714,5.03620525429,0.597242289772,0.326923076923,6.00525295579,1.42432281644,0.680873180873,3.83793300225,0.910278981302,0.463617463617,1.42084529335,0.637871901162,5.2,2.22747747748,1.42084529335,5.2,0,0,0,0,0.160752482811,37,37,37,1,0,0.405405405405,0.540540540541,0.0540540540541,37,176,0.132132132132,2.59906736752,9.51351351351,7.65217391304,4.75675675676,4.81676252282,0.506307424273,0.275030712531,6.12102662688,1.28680673406,0.645577395577,3.44323334322,0.723861555109,0.379606879607,1.70079007031,0.654384757996,5.30704441041,2.59906736752,1.70079007031,5.30704441041,0.0622185733641,0.014657980456,9,0.0011583011583,0.159654983968,37,37,37,1,0,0.378378378378,0.621621621622,0,-166,-0.124624624625,0.873778549406,-8.97297297297,-7.89328063241,-5.01467181467,-0.550947632578,0.215948833996,0.132388069888,-3.3874649155,0.258110280645,0.101085535296,-4.61008000322,-0.147403339096,-0.0822233716971,1.06019049999,0.283084855279,3.30704441041,0.873778549406,1.06019049999,3.30704441041,-0.281852820883,-0.361911057201,-801,-0.103088803089,-0.409921844381,-0.027027027027,0.0810810810811,-0.0540540540541,168,8,174,982,0.491228070175,0.991919191919,0.00808080808081,0.508771929825,0.954545454545,0.491228070175,0.648648648649,0.623268132604,0.483147262095,0.48,20,186,0,0,0,0
1779,WLNM_dir_neg,0.419911261418,0.319888257916,00:00:04,10,40,48,1236695383,threshold_sweep,0.6,0.611111111111,0.0591397849462,0.107843137255,11,7,175,365,0.0591397849462,0.981182795699,0.0188172043011,0.940860215054,0.611111111111,0.0591397849462,0.107843137255,0.673835125448,0.655913978495,0.0520833333333,0.107582870728,0.0403225806452,342,156,186,0,342,0,156,0,186,37,342,0.256756756757,1.72528881811,18.4864864865,15.5454545455,9.77142857143,5.36771015539,0.290358590277,0.142642642643,9.50849154237,1.02869645341,0.544491860281,8.05331334643,0.871264894205,0.461830251304,0.640599570326,0.371299902718,2,1.72528881811,0.640599570326,2,0.344071394247,0.376569037657,810,0.104247104247,0.56957682835,37,37,37,1,0,0.405405405405,0.540540540541,0.0540540540541,37,0.117117117117,2.22747747748,8.43243243243,7.09090909091,4.45714285714,5.03620525429,0.597242289772,0.326923076923,6.00525295579,1.42432281644,0.680873180873,3.83793300225,0.910278981302,0.463617463617,1.42084529335,0.637871901162,5.2,2.22747747748,1.42084529335,5.2,0,0,0,0,0.160752482811,37,37,37,1,0,0.405405405405,0.540540540541,0.0540540540541,37,174,0.130630630631,2.66308117162,9.40540540541,7.5652173913,4.7027027027,4.78109389772,0.508334696022,0.276794035415,6.09583129353,1.2962399877,0.648648648649,3.47102982529,0.738092549056,0.383970177074,1.83911671002,0.690597316228,6.32164991625,2.66308117162,1.83911671002,6.32164991625,0.0602870632282,0.009977827051,6,0.000772200772201,0.157198887145,37,37,37,1,0,0.378378378378,0.621621621622,0,-168,-0.126126126126,0.937792353509,-9.08108108108,-7.98023715415,-5.06872586873,-0.586616257669,0.217976105745,0.134151392772,-3.41266024885,0.267543534289,0.104156788367,-4.58228352114,-0.133172345149,-0.0778600742303,1.19851713969,0.31929741351,4.32164991625,0.937792353509,1.19851713969,4.32164991625,-0.283784331019,-0.366591210606,-804,-0.103474903475,-0.412377941205,-0.027027027027,0.0810810810811,-0.0540540540541,167,7,175,983,0.488304093567,0.992929292929,0.00707070707071,0.511695906433,0.959770114943,0.488304093567,0.647286821705,0.623817417169,0.481233386497,0.478510028653,18,186,0,0,0,0
1780,WLNM_dir_neg,0.419911261418,0.319888257916,00:00:04,10,40,48,1236695383,threshold_sweep,0.7,0.5625,0.0483870967742,0.0891089108911,9,7,177,365,0.0483870967742,0.981182795699,0.0188172043011,0.951612903226,0.5625,0.0483870967742,0.0891089108911,0.670250896057,0.657108721625,0.0383275261324,0.0835253016442,0.0295698924731,342,156,186,0,342,0,156,0,186,37,342,0.256756756757,1.72528881811,18.4864864865,15.5454545455,9.77142857143,5.36771015539,0.290358590277,0.142642642643,9.50849154237,1.02869645341,0.544491860281,8.05331334643,0.871264894205,0.461830251304,0.640599570326,0.371299902718,2,1.72528881811,0.640599570326,2,0.344071394247,0.376569037657,810,0.104247104247,0.56957682835,37,37,37,1,0,0.405405405405,0.540540540541,0.0540540540541,37,0.117117117117,2.22747747748,8.43243243243,7.09090909091,4.45714285714,5.03620525429,0.597242289772,0.326923076923,6.00525295579,1.42432281644,0.680873180873,3.83793300225,0.910278981302,0.463617463617,1.42084529335,0.637871901162,5.2,2.22747747748,1.42084529335,5.2,0,0,0,0,0.160752482811,37,37,37,1,0,0.405405405405,0.540540540541,0.0540540540541,37,172,0.129129129129,2.63409842003,9.2972972973,7.47826086957,4.64864864865,4.92084491878,0.529276924404,0.288654934004,6.1247050551,1.31752376185,0.653991200503,3.49774702262,0.752422324633,0.387806411062,1.81525464698,0.689136986371,6.27512562814,2.63409842003,1.81525464698,6.27512562814,0.0783050812463,0.0100390407139,6,0.000772200772201,0.152840081699,37,37,37,1,0,0.378378378378,0.621621621622,0,-170,-0.127627627628,0.908809601913,-9.18918918919,-8.06719367589,-5.12277992278,-0.44686523661,0.238918334127,0.146012291361,-3.38378648727,0.288827308439,0.109499340221,-4.55556632382,-0.118842569572,-0.0740238402417,1.17465507666,0.317837083653,4.27512562814,0.908809601913,1.17465507666,4.27512562814,-0.265766313001,-0.366529996943,-804,-0.103474903475,-0.416736746651,-0.027027027027,0.0810810810811,-0.0540540540541,165,7,177,983,0.482456140351,0.992929292929,0.00707070707071,0.517543859649,0.959302325581,0.482456140351,0.642023346304,0.619274649582,0.47538543328,0.472779369628,16,186,0,0,0,0
1781,WLNM_dir_neg,0.419911261418,0.319888257916,00:00:04,10,40,48,1236695383,threshold_sweep,0.8,0.5,0.0376344086022,0.07,7,7,179,365,0.0376344086022,0.981182795699,0.0188172043011,0.962365591398,0.5,0.0376344086022,0.07,0.666666666667,0.658303464755,0.0244755244755,0.0567178258108,0.0188172043011,342,156,186,0,342,0,156,0,186,37,342,0.256756756757,1.72528881811,18.4864864865,15.5454545455,9.77142857143,5.36771015539,0.290358590277,0.142642642643,9.50849154237,1.02869645341,0.544491860281,8.05331334643,0.871264894205,0.461830251304,0.640599570326,0.371299902718,2,1.72528881811,0.640599570326,2,0.344071394247,0.376569037657,810,0.104247104247,0.56957682835,37,37,37,1,0,0.405405405405,0.540540540541,0.0540540540541,37,0.117117117117,2.22747747748,8.43243243243,7.09090909091,4.45714285714,5.03620525429,0.597242289772,0.326923076923,6.00525295579,1.42432281644,0.680873180873,3.83793300225,0.910278981302,0.463617463617,1.42084529335,0.637871901162,5.2,2.22747747748,1.42084529335,5.2,0,0,0,0,0.160752482811,37,37,37,1,0,0.405405405405,0.540540540541,0.0540540540541,37,170,0.127627627628,2.64242627721,9.18918918919,7.39130434783,4.59459459459,4.8923854545,0.532406652402,0.289507154213,6.07572336553,1.32236332073,0.655961844197,3.54698196797,0.771990193028,0.399682034976,1.82618084095,0.691100015429,6.30672877847,2.64242627721,1.82618084095,6.30672877847,0.078823781765,0.0102447353443,6,0.000772200772201,0.152605753006,37,37,37,1,0,0.378378378378,0.621621621622,0,-172,-0.129129129129,0.917137459094,-9.2972972973,-8.15415019763,-5.17683397683,-0.47532470089,0.242048062125,0.14686451157,-3.43276817685,0.293666867318,0.111469983916,-4.50633137847,-0.0992747011768,-0.0621482163278,1.18558127062,0.319800112712,4.30672877847,0.917137459094,1.18558127062,4.30672877847,-0.265247612482,-0.366324302313,-804,-0.103474903475,-0.416971075344,-0.027027027027,0.0810810810811,-0.0540540540541,163,7,179,983,0.476608187135,0.992929292929,0.00707070707071,0.523391812865,0.958823529412,0.476608187135,0.63671875,0.614714405144,0.469537480064,0.467048710602,14,186,0,0,0,0
1782,WLNM_dir_neg,0.419911261418,0.319888257916,00:00:04,10,40,48,1236695383,threshold_sweep,0.9,0.25,0.010752688172,0.020618556701,2,6,184,366,0.010752688172,0.983870967742,0.0161290322581,0.989247311828,0.25,0.010752688172,0.020618556701,0.659498207885,0.661887694146,-0.00706713780919,-0.0213200716356,-0.00537634408602,342,156,186,0,342,0,156,0,186,37,342,0.256756756757,1.72528881811,18.4864864865,15.5454545455,9.77142857143,5.36771015539,0.290358590277,0.142642642643,9.50849154237,1.02869645341,0.544491860281,8.05331334643,0.871264894205,0.461830251304,0.640599570326,0.371299902718,2,1.72528881811,0.640599570326,2,0.344071394247,0.376569037657,810,0.104247104247,0.56957682835,37,37,37,1,0,0.405405405405,0.540540540541,0.0540540540541,37,0.117117117117,2.22747747748,8.43243243243,7.09090909091,4.45714285714,5.03620525429,0.597242289772,0.326923076923,6.00525295579,1.42432281644,0.680873180873,3.83793300225,0.910278981302,0.463617463617,1.42084529335,0.637871901162,5.2,2.22747747748,1.42084529335,5.2,0,0,0,0,0.160752482811,37,37,37,1,0,0.405405405405,0.540540540541,0.0540540540541,37,164,0.123123123123,2.33402374337,8.86486486486,7.45454545455,4.43243243243,4.83139134643,0.54500451164,0.294825313118,6.02098432586,1.35839280522,0.667435728411,3.66318425948,0.826450107322,0.422214897825,1.60553508608,0.687882927772,5.96905503634,2.33402374337,1.60553508608,5.96905503634,0.0284906755495,0.00179748352307,1,0.0001287001287,0.163936356042,37,37,37,1,0,0.405405405405,0.594594594595,0,-178,-0.133633633634,0.608734925255,-9.62162162162,-8.09090909091,-5.338996139,-0.536318808965,0.254645921363,0.152182670475,-3.48750721651,0.32969635181,0.12294386813,-4.39012908695,-0.0448147868826,-0.0396153534793,0.964935515753,0.316583025054,3.96905503634,0.608734925255,0.964935515753,3.96905503634,-0.315580718698,-0.374771554134,-809,-0.104118404118,-0.405640472308,0,0.0540540540541,-0.0540540540541,158,6,184,984,0.461988304094,0.993939393939,0.00606060606061,0.538011695906,0.963414634146,0.461988304094,0.624505928854,0.606154427514,0.455927698033,0.454022988506,8,186,0,0,0,0
1783,WLNM_dir_neg,0.421407099087,0.328256303934,00:00:04,10,40,49,1236695384,threshold_sweep,0.1,0.510638297872,0.129032258065,0.206008583691,24,23,162,349,0.129032258065,0.938172043011,0.0618279569892,0.870967741935,0.510638297872,0.129032258065,0.206008583691,0.668458781362,0.638590203106,0.0826446280992,0.114068474047,0.0672043010753,342,156,186,0,342,0,156,0,186,37,342,0.256756756757,1.72528881811,18.4864864865,15.5454545455,9.77142857143,5.36771015539,0.290358590277,0.142642642643,9.50849154237,1.02869645341,0.544491860281,8.05331334643,0.871264894205,0.461830251304,0.640599570326,0.371299902718,2,1.72528881811,0.640599570326,2,0.344071394247,0.376569037657,810,0.104247104247,0.56957682835,37,37,37,1,0,0.405405405405,0.540540540541,0.0540540540541,37,0.117117117117,2.18635635636,8.43243243243,7.09090909091,4.45714285714,5.03620525429,0.597242289772,0.326923076923,6.00062559301,1.42322530091,0.680526680527,3.83793300225,0.910278981302,0.463617463617,1.32204914232,0.604681454823,4.3462962963,2.18635635636,1.32204914232,4.3462962963,0,0,0,0,0.160896782956,37,37,37,1,0,0.405405405405,0.540540540541,0.0540540540541,37,203,0.152402402402,6.34988244003,10.972972973,7,5.48648648649,4.65764894487,0.424465544237,0.227133537478,5.90490202018,1.07626292979,0.565304220477,3.25424186103,0.593137679104,0.321395286913,3.1434777512,0.495045031288,8.51527743287,6.34988244003,3.1434777512,8.51527743287,0.154065301279,0.102857142857,78,0.0100386100386,0.161140994944,37,37,37,1,0,0.216216216216,0.783783783784,0,-139,-0.104354354354,4.62459362192,-7.51351351351,-8.54545454545,-4.28494208494,-0.710061210518,0.13410695396,0.0844908948357,-3.6035895222,0.0475664763708,0.0208123601953,-4.7990714854,-0.278127215101,-0.140434964391,2.50287818087,0.12374512857,6.51527743287,4.62459362192,2.50287818087,6.51527743287,-0.190006092968,-0.2737118948,-732,-0.0942084942085,-0.408435833406,-0.189189189189,0.243243243243,-0.0540540540541,180,23,162,967,0.526315789474,0.976767676768,0.0232323232323,0.473684210526,0.886699507389,0.526315789474,0.660550458716,0.611470775015,0.503083466241,0.493150684932,47,186,0,0,0,0
1784,WLNM_dir_neg,0.421407099087,0.328256303934,00:00:04,10,40,49,1236695384,threshold_sweep,0.2,0.555555555556,0.10752688172,0.18018018018,20,16,166,356,0.10752688172,0.956989247312,0.0430107526882,0.89247311828,0.555555555556,0.10752688172,0.18018018018,0.673835125448,0.645161290323,0.0808080808081,0.123796892118,0.0645161290323,342,156,186,0,342,0,156,0,186,37,342,0.256756756757,1.72528881811,18.4864864865,15.5454545455,9.77142857143,5.36771015539,0.290358590277,0.142642642643,9.50849154237,1.02869645341,0.544491860281,8.05331334643,0.871264894205,0.461830251304,0.640599570326,0.371299902718,2,1.72528881811,0.640599570326,2,0.344071394247,0.376569037657,810,0.104247104247,0.56957682835,37,37,37,1,0,0.405405405405,0.540540540541,0.0540540540541,37,0.117117117117,2.18635635636,8.43243243243,7.09090909091,4.45714285714,5.03620525429,0.597242289772,0.326923076923,6.00062559301,1.42322530091,0.680526680527,3.83793300225,0.910278981302,0.463617463617,1.32204914232,0.604681454823,4.3462962963,2.18635635636,1.32204914232,4.3462962963,0,0,0,0,0.160896782956,37,37,37,1,0,0.405405405405,0.540540540541,0.0540540540541,37,192,0.144144144144,2.69477061334,10.3783783784,8.34782608696,5.18918918919,4.36750215513,0.420827030573,0.223817567568,5.93407222851,1.14354516904,0.599099099099,3.32363453866,0.640492072553,0.346565315315,1.71728195245,0.637264613154,4.60917633175,2.69477061334,1.71728195245,4.60917633175,0.129202012716,0.0645476772616,44,0.00566280566281,0.183742470562,37,37,37,1,0,0.378378378378,0.621621621622,0,-150,-0.112612612613,0.969481795226,-8.10810810811,-7.1976284585,-4.58223938224,-1.00020800026,0.130468440295,0.0811749249249,-3.57441931386,0.114848715622,0.0546072388178,-4.72967880778,-0.230772821651,-0.115264935989,1.07668238212,0.265964710436,2.60917633175,0.969481795226,1.07668238212,2.60917633175,-0.214869381531,-0.312021360395,-766,-0.0985842985843,-0.385834357788,-0.027027027027,0.0810810810811,-0.0540540540541,176,16,166,974,0.514619883041,0.983838383838,0.0161616161616,0.485380116959,0.916666666667,0.514619883041,0.659176029963,0.619949641834,0.498458266879,0.491620111732,36,186,0,0,0,0
1785,WLNM_dir_neg,0.421407099087,0.328256303934,00:00:04,10,40,49,1236695384,threshold_sweep,0.3,0.53125,0.0913978494624,0.155963302752,17,15,169,357,0.0913978494624,0.959677419355,0.0403225806452,0.908602150538,0.53125,0.0913978494624,0.155963302752,0.670250896057,0.647550776583,0.064406779661,0.103554921047,0.0510752688172,342,156,186,0,342,0,156,0,186,37,342,0.256756756757,1.72528881811,18.4864864865,15.5454545455,9.77142857143,5.36771015539,0.290358590277,0.142642642643,9.50849154237,1.02869645341,0.544491860281,8.05331334643,0.871264894205,0.461830251304,0.640599570326,0.371299902718,2,1.72528881811,0.640599570326,2,0.344071394247,0.376569037657,810,0.104247104247,0.56957682835,37,37,37,1,0,0.405405405405,0.540540540541,0.0540540540541,37,0.117117117117,2.18635635636,8.43243243243,7.09090909091,4.45714285714,5.03620525429,0.597242289772,0.326923076923,6.00062559301,1.42322530091,0.680526680527,3.83793300225,0.910278981302,0.463617463617,1.32204914232,0.604681454823,4.3462962963,2.18635635636,1.32204914232,4.3462962963,0,0,0,0,0.160896782956,37,37,37,1,0,0.405405405405,0.540540540541,0.0540540540541,37,188,0.141141141141,2.57695032978,10.1621621622,8.17391304348,5.08108108108,4.39389420745,0.432377887436,0.228292121909,5.92254814895,1.16560788038,0.605807935595,3.41059117048,0.671233368658,0.362564692352,1.57732788139,0.612090913496,4.15648403626,2.57695032978,1.57732788139,4.15648403626,0.12920319298,0.0545730166751,36,0.0046332046332,0.182415137502,37,37,37,1,0,0.378378378378,0.621621621622,0,-154,-0.115615615616,0.851661511668,-8.32432432432,-7.37154150198,-4.69034749035,-0.973815947938,0.142019297159,0.0856494792665,-3.58594339343,0.136911426963,0.0613160753138,-4.64272217596,-0.200031525547,-0.099265558952,0.936728311064,0.240791010778,2.15648403626,0.851661511668,0.936728311064,2.15648403626,-0.214868201267,-0.321996020982,-774,-0.0996138996139,-0.387161690848,-0.027027027027,0.0810810810811,-0.0540540540541,173,15,169,975,0.505847953216,0.984848484848,0.0151515151515,0.494152046784,0.920212765957,0.505847953216,0.652830188679,0.615675141601,0.490696438065,0.484593837535,32,186,0,0,0,0
1786,WLNM_dir_neg,0.421407099087,0.328256303934,00:00:04,10,40,49,1236695384,threshold_sweep,0.4,0.53125,0.0913978494624,0.155963302752,17,15,169,357,0.0913978494624,0.959677419355,0.0403225806452,0.908602150538,0.53125,0.0913978494624,0.155963302752,0.670250896057,0.647550776583,0.064406779661,0.103554921047,0.0510752688172,342,156,186,0,342,0,156,0,186,37,342,0.256756756757,1.72528881811,18.4864864865,15.5454545455,9.77142857143,5.36771015539,0.290358590277,0.142642642643,9.50849154237,1.02869645341,0.544491860281,8.05331334643,0.871264894205,0.461830251304,0.640599570326,0.371299902718,2,1.72528881811,0.640599570326,2,0.344071394247,0.376569037657,810,0.104247104247,0.56957682835,37,37,37,1,0,0.405405405405,0.540540540541,0.0540540540541,37,0.117117117117,2.18635635636,8.43243243243,7.09090909091,4.45714285714,5.03620525429,0.597242289772,0.326923076923,6.00062559301,1.42322530091,0.680526680527,3.83793300225,0.910278981302,0.463617463617,1.32204914232,0.604681454823,4.3462962963,2.18635635636,1.32204914232,4.3462962963,0,0,0,0,0.160896782956,37,37,37,1,0,0.405405405405,0.540540540541,0.0540540540541,37,188,0.141141141141,2.57695032978,10.1621621622,8.17391304348,5.08108108108,4.39389420745,0.432377887436,0.228292121909,5.92254814895,1.16560788038,0.605807935595,3.41059117048,0.671233368658,0.362564692352,1.57732788139,0.612090913496,4.15648403626,2.57695032978,1.57732788139,4.15648403626,0.12920319298,0.0545730166751,36,0.0046332046332,0.182415137502,37,37,37,1,0,0.378378378378,0.621621621622,0,-154,-0.115615615616,0.851661511668,-8.32432432432,-7.37154150198,-4.69034749035,-0.973815947938,0.142019297159,0.0856494792665,-3.58594339343,0.136911426963,0.0613160753138,-4.64272217596,-0.200031525547,-0.099265558952,0.936728311064,0.240791010778,2.15648403626,0.851661511668,0.936728311064,2.15648403626,-0.214868201267,-0.321996020982,-774,-0.0996138996139,-0.387161690848,-0.027027027027,0.0810810810811,-0.0540540540541,173,15,169,975,0.505847953216,0.984848484848,0.0151515151515,0.494152046784,0.920212765957,0.505847953216,0.652830188679,0.615675141601,0.490696438065,0.484593837535,32,186,0,0,0,0
1787,WLNM_dir_neg,0.421407099087,0.328256303934,00:00:04,10,40,49,1236695384,threshold_sweep,0.5,0.5,0.0806451612903,0.138888888889,15,15,171,357,0.0806451612903,0.959677419355,0.0403225806452,0.91935483871,0.5,0.0806451612903,0.138888888889,0.666666666667,0.648745519713,0.0510204081633,0.0842749828079,0.0403225806452,342,156,186,0,342,0,156,0,186,37,342,0.256756756757,1.72528881811,18.4864864865,15.5454545455,9.77142857143,5.36771015539,0.290358590277,0.142642642643,9.50849154237,1.02869645341,0.544491860281,8.05331334643,0.871264894205,0.461830251304,0.640599570326,0.371299902718,2,1.72528881811,0.640599570326,2,0.344071394247,0.376569037657,810,0.104247104247,0.56957682835,37,37,37,1,0,0.405405405405,0.540540540541,0.0540540540541,37,0.117117117117,2.18635635636,8.43243243243,7.09090909091,4.45714285714,5.03620525429,0.597242289772,0.326923076923,6.00062559301,1.42322530091,0.680526680527,3.83793300225,0.910278981302,0.463617463617,1.32204914232,0.604681454823,4.3462962963,2.18635635636,1.32204914232,4.3462962963,0,0,0,0,0.160896782956,37,37,37,1,0,0.405405405405,0.540540540541,0.0540540540541,37,186,0.13963963964,2.56739732019,10.0540540541,8.08695652174,5.02702702703,4.42810434702,0.44042973344,0.229439116536,5.91836354299,1.17730887683,0.609125254287,3.40331934772,0.677004386375,0.365882011043,1.5634026829,0.608944580024,4.15648403626,2.56739732019,1.5634026829,4.15648403626,0.121122487531,0.046106557377,30,0.003861003861,0.179737029488,37,37,37,1,0,0.378378378378,0.621621621622,0,-156,-0.117117117117,0.842108502074,-8.43243243243,-7.45849802372,-4.7444015444,-0.939605808372,0.150071143163,0.0867964738932,-3.59012799938,0.148612423417,0.0646333940052,-4.64999399871,-0.19426050783,-0.0959482402606,0.922803112571,0.237644677306,2.15648403626,0.842108502074,0.922803112571,2.15648403626,-0.222948906716,-0.33046248028,-780,-0.100386100386,-0.389839798862,-0.027027027027,0.0810810810811,-0.0540540540541,171,15,171,975,0.5,0.984848484848,0.0151515151515,0.5,0.91935483871,0.5,0.647727272727,0.611065707531,0.484848484848,0.478991596639,30,186,0,0,0,0
1788,WLNM_dir_neg,0.421407099087,0.328256303934,00:00:04,10,40,49,1236695384,threshold_sweep,0.6,0.464285714286,0.0698924731183,0.121495327103,13,15,173,357,0.0698924731183,0.959677419355,0.0403225806452,0.930107526882,0.464285714286,0.0698924731183,0.121495327103,0.663082437276,0.649940262843,0.037542662116,0.0638499757792,0.0295698924731,342,156,186,0,342,0,156,0,186,37,342,0.256756756757,1.72528881811,18.4864864865,15.5454545455,9.77142857143,5.36771015539,0.290358590277,0.142642642643,9.50849154237,1.02869645341,0.544491860281,8.05331334643,0.871264894205,0.461830251304,0.640599570326,0.371299902718,2,1.72528881811,0.640599570326,2,0.344071394247,0.376569037657,810,0.104247104247,0.56957682835,37,37,37,1,0,0.405405405405,0.540540540541,0.0540540540541,37,0.117117117117,2.18635635636,8.43243243243,7.09090909091,4.45714285714,5.03620525429,0.597242289772,0.326923076923,6.00062559301,1.42322530091,0.680526680527,3.83793300225,0.910278981302,0.463617463617,1.32204914232,0.604681454823,4.3462962963,2.18635635636,1.32204914232,4.3462962963,0,0,0,0,0.160896782956,37,37,37,1,0,0.405405405405,0.540540540541,0.0540540540541,37,184,0.138138138138,2.59631897264,9.94594594595,8,4.97297297297,4.34578944334,0.436940786423,0.229876615746,5.91836354299,1.19010571245,0.612220916569,3.41960431829,0.687637824874,0.369858989424,1.60677742665,0.618867498016,4.34350896296,2.59631897264,1.60677742665,4.34350896296,0.114903593232,0.0393907563025,25,0.0032175032175,0.177416962642,37,37,37,1,0,0.378378378378,0.621621621622,0,-158,-0.118618618619,0.871030154523,-8.54054054054,-7.54545454545,-4.79845559846,-1.02192071205,0.146582196146,0.0872339731035,-3.59012799938,0.161409259035,0.0677290562874,-4.63370902814,-0.183627069331,-0.0919712618797,0.966177856321,0.247567595298,2.34350896296,0.871030154523,0.966177856321,2.34350896296,-0.229167801016,-0.337178281354,-785,-0.10102960103,-0.392159865707,-0.027027027027,0.0810810810811,-0.0540540540541,169,15,173,975,0.494152046784,0.984848484848,0.0151515151515,0.505847953216,0.91847826087,0.494152046784,0.642585551331,0.606438535405,0.479000531632,0.473389355742,28,186,0,0,0,0
1789,WLNM_dir_neg,0.421407099087,0.328256303934,00:00:04,10,40,49,1236695384,threshold_sweep,0.7,0.48,0.0645161290323,0.113744075829,12,13,174,359,0.0645161290323,0.965053763441,0.0349462365591,0.935483870968,0.48,0.0645161290323,0.113744075829,0.664874551971,0.651732377539,0.0377358490566,0.0673820281015,0.0295698924731,342,156,186,0,342,0,156,0,186,37,342,0.256756756757,1.72528881811,18.4864864865,15.5454545455,9.77142857143,5.36771015539,0.290358590277,0.142642642643,9.50849154237,1.02869645341,0.544491860281,8.05331334643,0.871264894205,0.461830251304,0.640599570326,0.371299902718,2,1.72528881811,0.640599570326,2,0.344071394247,0.376569037657,810,0.104247104247,0.56957682835,37,37,37,1,0,0.405405405405,0.540540540541,0.0540540540541,37,0.117117117117,2.18635635636,8.43243243243,7.09090909091,4.45714285714,5.03620525429,0.597242289772,0.326923076923,6.00062559301,1.42322530091,0.680526680527,3.83793300225,0.910278981302,0.463617463617,1.32204914232,0.604681454823,4.3462962963,2.18635635636,1.32204914232,4.3462962963,0,0,0,0,0.160896782956,37,37,37,1,0,0.405405405405,0.540540540541,0.0540540540541,37,181,0.135885885886,2.60192875653,9.78378378378,7.86956521739,4.89189189189,4.27612970866,0.437062981272,0.231894878304,5.90095935601,1.20627345952,0.616992683291,3.4301262026,0.701186019316,0.375391966552,1.61499655177,0.620692072263,4.34854197559,2.60192875653,1.61499655177,4.34854197559,0.103504150486,0.0326086956522,20,0.002574002574,0.172281524438,37,37,37,1,0,0.378378378378,0.621621621622,0,-161,-0.120870870871,0.876639938412,-8.7027027027,-7.67588932806,-4.87953667954,-1.09158044673,0.146704390995,0.0892522356611,-3.60753218636,0.177577006102,0.0725008230097,-4.62318714383,-0.170078874889,-0.0864382847517,0.974396981444,0.249392169545,2.34854197559,0.876639938412,0.974396981444,2.34854197559,-0.240567243762,-0.343960342005,-790,-0.101673101673,-0.397295303912,-0.027027027027,0.0810810810811,-0.0540540540541,168,13,174,977,0.491228070175,0.986868686869,0.0131313131313,0.508771929825,0.92817679558,0.491228070175,0.642447418738,0.609494090184,0.478096757044,0.47323943662,25,186,0,0,0,0
1790,WLNM_dir_neg,0.421407099087,0.328256303934,00:00:04,10,40,49,1236695384,threshold_sweep,0.8,0.458333333333,0.0591397849462,0.104761904762,11,13,175,359,0.0591397849462,0.965053763441,0.0349462365591,0.940860215054,0.458333333333,0.0591397849462,0.104761904762,0.663082437276,0.652329749104,0.0309278350515,0.0562148766747,0.0241935483871,342,156,186,0,342,0,156,0,186,37,342,0.256756756757,1.72528881811,18.4864864865,15.5454545455,9.77142857143,5.36771015539,0.290358590277,0.142642642643,9.50849154237,1.02869645341,0.544491860281,8.05331334643,0.871264894205,0.461830251304,0.640599570326,0.371299902718,2,1.72528881811,0.640599570326,2,0.344071394247,0.376569037657,810,0.104247104247,0.56957682835,37,37,37,1,0,0.405405405405,0.540540540541,0.0540540540541,37,0.117117117117,2.18635635636,8.43243243243,7.09090909091,4.45714285714,5.03620525429,0.597242289772,0.326923076923,6.00062559301,1.42322530091,0.680526680527,3.83793300225,0.910278981302,0.463617463617,1.32204914232,0.604681454823,4.3462962963,2.18635635636,1.32204914232,4.3462962963,0,0,0,0,0.160896782956,37,37,37,1,0,0.405405405405,0.540540540541,0.0540540540541,37,180,0.135135135135,2.60984391823,9.72972972973,7.82608695652,4.86486486486,4.20745798585,0.432433181879,0.229129129129,5.87916359396,1.20849473876,0.617717717718,3.44127045469,0.707372260131,0.377477477477,1.62683759686,0.623346701117,4.35619847187,2.60984391823,1.62683759686,4.35619847187,0.0901172180584,0.0281456953642,17,0.0021879021879,0.171638617718,37,37,37,1,0,0.378378378378,0.621621621622,0,-162,-0.121621621622,0.884555100111,-8.75675675676,-7.71936758893,-4.90656370656,-1.16025216954,0.142074591602,0.0864864864865,-3.62932794841,0.179798285344,0.0732258574364,-4.61204289174,-0.163892634074,-0.0843527738265,0.98623802653,0.252046798399,2.35619847187,0.884555100111,0.98623802653,2.35619847187,-0.253954176189,-0.348423342293,-793,-0.102059202059,-0.397938210632,-0.027027027027,0.0810810810811,-0.0540540540541,167,13,175,977,0.488304093567,0.986868686869,0.0131313131313,0.511695906433,0.927777777778,0.488304093567,0.639846743295,0.607183152936,0.475172780436,0.470422535211,24,186,0,0,0,0
1791,WLNM_dir_neg,0.421407099087,0.328256303934,00:00:04,10,40,49,1236695384,threshold_sweep,0.9,0.458333333333,0.0591397849462,0.104761904762,11,13,175,359,0.0591397849462,0.965053763441,0.0349462365591,0.940860215054,0.458333333333,0.0591397849462,0.104761904762,0.663082437276,0.652329749104,0.0309278350515,0.0562148766747,0.0241935483871,342,156,186,0,342,0,156,0,186,37,342,0.256756756757,1.72528881811,18.4864864865,15.5454545455,9.77142857143,5.36771015539,0.290358590277,0.142642642643,9.50849154237,1.02869645341,0.544491860281,8.05331334643,0.871264894205,0.461830251304,0.640599570326,0.371299902718,2,1.72528881811,0.640599570326,2,0.344071394247,0.376569037657,810,0.104247104247,0.56957682835,37,37,37,1,0,0.405405405405,0.540540540541,0.0540540540541,37,0.117117117117,2.18635635636,8.43243243243,7.09090909091,4.45714285714,5.03620525429,0.597242289772,0.326923076923,6.00062559301,1.42322530091,0.680526680527,3.83793300225,0.910278981302,0.463617463617,1.32204914232,0.604681454823,4.3462962963,2.18635635636,1.32204914232,4.3462962963,0,0,0,0,0.160896782956,37,37,37,1,0,0.405405405405,0.540540540541,0.0540540540541,37,180,0.135135135135,2.60984391823,9.72972972973,7.82608695652,4.86486486486,4.20745798585,0.432433181879,0.229129129129,5.87916359396,1.20849473876,0.617717717718,3.44127045469,0.707372260131,0.377477477477,1.62683759686,0.623346701117,4.35619847187,2.60984391823,1.62683759686,4.35619847187,0.0901172180584,0.0281456953642,17,0.0021879021879,0.171638617718,37,37,37,1,0,0.378378378378,0.621621621622,0,-162,-0.121621621622,0.884555100111,-8.75675675676,-7.71936758893,-4.90656370656,-1.16025216954,0.142074591602,0.0864864864865,-3.62932794841,0.179798285344,0.0732258574364,-4.61204289174,-0.163892634074,-0.0843527738265,0.98623802653,0.252046798399,2.35619847187,0.884555100111,0.98623802653,2.35619847187,-0.253954176189,-0.348423342293,-793,-0.102059202059,-0.397938210632,-0.027027027027,0.0810810810811,-0.0540540540541,167,13,175,977,0.488304093567,0.986868686869,0.0131313131313,0.511695906433,0.927777777778,0.488304093567,0.639846743295,0.607183152936,0.475172780436,0.470422535211,24,186,0,0,0,0
1792,WLNM_dir_neg,0.392191293791,0.344887207166,00:00:04,10,40,50,1236695385,threshold_sweep,0.1,0.529411764706,0.145161290323,0.227848101266,27,24,159,348,0.145161290323,0.935483870968,0.0645161290323,0.854838709677,0.529411764706,0.145161290323,0.227848101266,0.672043010753,0.636200716846,0.0985221674877,0.131921988571,0.0806451612903,342,156,186,0,342,0,156,0,186,37,342,0.256756756757,1.72528881811,18.4864864865,15.5454545455,9.77142857143,5.36771015539,0.290358590277,0.142642642643,9.50849154237,1.02869645341,0.544491860281,8.05331334643,0.871264894205,0.461830251304,0.640599570326,0.371299902718,2,1.72528881811,0.640599570326,2,0.344071394247,0.376569037657,810,0.104247104247,0.56957682835,37,37,37,1,0,0.405405405405,0.540540540541,0.0540540540541,37,0.117117117117,2.18635635636,8.43243243243,7.09090909091,4.45714285714,5.03620525429,0.597242289772,0.326923076923,6.00062559301,1.42322530091,0.680526680527,3.83793300225,0.910278981302,0.463617463617,1.32204914232,0.604681454823,4.3462962963,2.18635635636,1.32204914232,4.3462962963,0,0,0,0,0.160896782956,37,37,37,1,0,0.405405405405,0.540540540541,0.0540540540541,37,207,0.155405405405,6.36606778432,11.1891891892,7.13793103448,5.59459459459,5.1738543436,0.462397610418,0.249118683901,6.02983074877,1.07779583432,0.568742655699,3.4274987597,0.61264470584,0.335291813553,3.17747051772,0.499126089349,9.09629131224,6.36606778432,3.17747051772,9.09629131224,0.17553156872,0.114238410596,92,0.0118404118404,0.176751589177,37,37,37,1,0,0.216216216216,0.783783783784,0,-135,-0.101351351351,4.64077896621,-7.2972972973,-8.40752351097,-4.17683397683,-0.193855811795,0.172039020141,0.106476041259,-3.4786607936,0.0490993809071,0.0242507954178,-4.62581458673,-0.258620188365,-0.126538437751,2.53687094739,0.127826186631,7.09629131224,4.64077896621,2.53687094739,7.09629131224,-0.168539825527,-0.262330627061,-718,-0.0924066924067,-0.392825239173,-0.189189189189,0.243243243243,-0.0540540540541,183,24,159,966,0.535087719298,0.975757575758,0.0242424242424,0.464912280702,0.884057971014,0.535087719298,0.666666666667,0.615968657223,0.510845295056,0.5,51,186,0,0,0,0
1793,WLNM_dir_neg,0.392191293791,0.344887207166,00:00:04,10,40,50,1236695385,threshold_sweep,0.2,0.529411764706,0.145161290323,0.227848101266,27,24,159,348,0.145161290323,0.935483870968,0.0645161290323,0.854838709677,0.529411764706,0.145161290323,0.227848101266,0.672043010753,0.636200716846,0.0985221674877,0.131921988571,0.0806451612903,342,156,186,0,342,0,156,0,186,37,342,0.256756756757,1.72528881811,18.4864864865,15.5454545455,9.77142857143,5.36771015539,0.290358590277,0.142642642643,9.50849154237,1.02869645341,0.544491860281,8.05331334643,0.871264894205,0.461830251304,0.640599570326,0.371299902718,2,1.72528881811,0.640599570326,2,0.344071394247,0.376569037657,810,0.104247104247,0.56957682835,37,37,37,1,0,0.405405405405,0.540540540541,0.0540540540541,37,0.117117117117,2.18635635636,8.43243243243,7.09090909091,4.45714285714,5.03620525429,0.597242289772,0.326923076923,6.00062559301,1.42322530091,0.680526680527,3.83793300225,0.910278981302,0.463617463617,1.32204914232,0.604681454823,4.3462962963,2.18635635636,1.32204914232,4.3462962963,0,0,0,0,0.160896782956,37,37,37,1,0,0.405405405405,0.540540540541,0.0540540540541,37,207,0.155405405405,6.36606778432,11.1891891892,7.13793103448,5.59459459459,5.1738543436,0.462397610418,0.249118683901,6.02983074877,1.07779583432,0.568742655699,3.4274987597,0.61264470584,0.335291813553,3.17747051772,0.499126089349,9.09629131224,6.36606778432,3.17747051772,9.09629131224,0.17553156872,0.114238410596,92,0.0118404118404,0.176751589177,37,37,37,1,0,0.216216216216,0.783783783784,0,-135,-0.101351351351,4.64077896621,-7.2972972973,-8.40752351097,-4.17683397683,-0.193855811795,0.172039020141,0.106476041259,-3.4786607936,0.0490993809071,0.0242507954178,-4.62581458673,-0.258620188365,-0.126538437751,2.53687094739,0.127826186631,7.09629131224,4.64077896621,2.53687094739,7.09629131224,-0.168539825527,-0.262330627061,-718,-0.0924066924067,-0.392825239173,-0.189189189189,0.243243243243,-0.0540540540541,183,24,159,966,0.535087719298,0.975757575758,0.0242424242424,0.464912280702,0.884057971014,0.535087719298,0.666666666667,0.615968657223,0.510845295056,0.5,51,186,0,0,0,0
1794,WLNM_dir_neg,0.392191293791,0.344887207166,00:00:04,10,40,50,1236695385,threshold_sweep,0.3,0.595238095238,0.134408602151,0.219298245614,25,17,161,355,0.134408602151,0.954301075269,0.0456989247312,0.865591397849,0.595238095238,0.134408602151,0.219298245614,0.681003584229,0.641577060932,0.11,0.158507364869,0.0887096774194,342,156,186,0,342,0,156,0,186,37,342,0.256756756757,1.72528881811,18.4864864865,15.5454545455,9.77142857143,5.36771015539,0.290358590277,0.142642642643,9.50849154237,1.02869645341,0.544491860281,8.05331334643,0.871264894205,0.461830251304,0.640599570326,0.371299902718,2,1.72528881811,0.640599570326,2,0.344071394247,0.376569037657,810,0.104247104247,0.56957682835,37,37,37,1,0,0.405405405405,0.540540540541,0.0540540540541,37,0.117117117117,2.18635635636,8.43243243243,7.09090909091,4.45714285714,5.03620525429,0.597242289772,0.326923076923,6.00062559301,1.42322530091,0.680526680527,3.83793300225,0.910278981302,0.463617463617,1.32204914232,0.604681454823,4.3462962963,2.18635635636,1.32204914232,4.3462962963,0,0,0,0,0.160896782956,37,37,37,1,0,0.405405405405,0.540540540541,0.0540540540541,37,198,0.148648648649,2.60106741837,10.7027027027,8.60869565217,5.35135135135,4.79504874767,0.448022231474,0.239830739831,6.15637075726,1.15043291929,0.603330603331,3.19040415601,0.596186635214,0.327327327327,1.63307406766,0.627847650595,4.49152542373,2.60106741837,1.63307406766,4.49152542373,0.144222065739,0.0766073871409,56,0.00720720720721,0.181516855854,37,37,37,1,0,0.378378378378,0.621621621622,0,-144,-0.108108108108,0.875778600256,-7.78378378378,-6.93675889328,-4.42007722008,-0.572661407727,0.157663641197,0.0971880971881,-3.35212078511,0.121736465872,0.0588387430493,-4.86290919043,-0.275078258991,-0.134502923977,0.992474497337,0.256547747877,2.49152542373,0.875778600256,0.992474497337,2.49152542373,-0.199849328508,-0.299961650516,-754,-0.0970398970399,-0.388059972496,-0.027027027027,0.0810810810811,-0.0540540540541,181,17,161,973,0.529239766082,0.982828282828,0.0171717171717,0.470760233918,0.914141414141,0.529239766082,0.67037037037,0.628809662042,0.51206804891,0.504178272981,42,186,0,0,0,0
1795,WLNM_dir_neg,0.392191293791,0.344887207166,00:00:04,10,40,50,1236695385,threshold_sweep,0.4,0.595238095238,0.134408602151,0.219298245614,25,17,161,355,0.134408602151,0.954301075269,0.0456989247312,0.865591397849,0.595238095238,0.134408602151,0.219298245614,0.681003584229,0.641577060932,0.11,0.158507364869,0.0887096774194,342,156,186,0,342,0,156,0,186,37,342,0.256756756757,1.72528881811,18.4864864865,15.5454545455,9.77142857143,5.36771015539,0.290358590277,0.142642642643,9.50849154237,1.02869645341,0.544491860281,8.05331334643,0.871264894205,0.461830251304,0.640599570326,0.371299902718,2,1.72528881811,0.640599570326,2,0.344071394247,0.376569037657,810,0.104247104247,0.56957682835,37,37,37,1,0,0.405405405405,0.540540540541,0.0540540540541,37,0.117117117117,2.18635635636,8.43243243243,7.09090909091,4.45714285714,5.03620525429,0.597242289772,0.326923076923,6.00062559301,1.42322530091,0.680526680527,3.83793300225,0.910278981302,0.463617463617,1.32204914232,0.604681454823,4.3462962963,2.18635635636,1.32204914232,4.3462962963,0,0,0,0,0.160896782956,37,37,37,1,0,0.405405405405,0.540540540541,0.0540540540541,37,198,0.148648648649,2.60106741837,10.7027027027,8.60869565217,5.35135135135,4.79504874767,0.448022231474,0.239830739831,6.15637075726,1.15043291929,0.603330603331,3.19040415601,0.596186635214,0.327327327327,1.63307406766,0.627847650595,4.49152542373,2.60106741837,1.63307406766,4.49152542373,0.144222065739,0.0766073871409,56,0.00720720720721,0.181516855854,37,37,37,1,0,0.378378378378,0.621621621622,0,-144,-0.108108108108,0.875778600256,-7.78378378378,-6.93675889328,-4.42007722008,-0.572661407727,0.157663641197,0.0971880971881,-3.35212078511,0.121736465872,0.0588387430493,-4.86290919043,-0.275078258991,-0.134502923977,0.992474497337,0.256547747877,2.49152542373,0.875778600256,0.992474497337,2.49152542373,-0.199849328508,-0.299961650516,-754,-0.0970398970399,-0.388059972496,-0.027027027027,0.0810810810811,-0.0540540540541,181,17,161,973,0.529239766082,0.982828282828,0.0171717171717,0.470760233918,0.914141414141,0.529239766082,0.67037037037,0.628809662042,0.51206804891,0.504178272981,42,186,0,0,0,0
1796,WLNM_dir_neg,0.392191293791,0.344887207166,00:00:04,10,40,50,1236695385,threshold_sweep,0.5,0.589743589744,0.123655913978,0.204444444444,23,16,163,356,0.123655913978,0.956989247312,0.0430107526882,0.876344086022,0.589743589744,0.123655913978,0.204444444444,0.679211469534,0.643369175627,0.100502512563,0.149104336479,0.0806451612903,342,156,186,0,342,0,156,0,186,37,342,0.256756756757,1.72528881811,18.4864864865,15.5454545455,9.77142857143,5.36771015539,0.290358590277,0.142642642643,9.50849154237,1.02869645341,0.544491860281,8.05331334643,0.871264894205,0.461830251304,0.640599570326,0.371299902718,2,1.72528881811,0.640599570326,2,0.344071394247,0.376569037657,810,0.104247104247,0.56957682835,37,37,37,1,0,0.405405405405,0.540540540541,0.0540540540541,37,0.117117117117,2.18635635636,8.43243243243,7.09090909091,4.45714285714,5.03620525429,0.597242289772,0.326923076923,6.00062559301,1.42322530091,0.680526680527,3.83793300225,0.910278981302,0.463617463617,1.32204914232,0.604681454823,4.3462962963,2.18635635636,1.32204914232,4.3462962963,0,0,0,0,0.160896782956,37,37,37,1,0,0.405405405405,0.540540540541,0.0540540540541,37,195,0.146396396396,2.54901604845,10.5405405405,8.47826086957,5.27027027027,4.68208521088,0.444197827699,0.238946638947,6.08572395332,1.15472710909,0.604019404019,3.24592606756,0.6158936641,0.337352737353,1.56216744309,0.612851160366,4.03915318464,2.54901604845,1.56216744309,4.03915318464,0.13395658535,0.068085106383,48,0.00617760617761,0.180887941574,37,37,37,1,0,0.378378378378,0.621621621622,0,-147,-0.11036036036,0.823727230338,-7.94594594595,-7.06719367589,-4.50115830116,-0.685624944515,0.153839237422,0.096303996304,-3.42276758905,0.126030655677,0.0595275437381,-4.80738727888,-0.255371230105,-0.124477513951,0.921567872761,0.241551257649,2.03915318464,0.823727230338,0.921567872761,2.03915318464,-0.210114808898,-0.308483931274,-762,-0.0980694980695,-0.388688886776,-0.027027027027,0.0810810810811,-0.0540540540541,179,16,163,974,0.523391812865,0.983838383838,0.0161616161616,0.476608187135,0.917948717949,0.523391812865,0.666666666667,0.626813313935,0.507230196704,0.5,39,186,0,0,0,0
1797,WLNM_dir_neg,0.392191293791,0.344887207166,00:00:04,10,40,50,1236695385,threshold_sweep,0.6,0.589743589744,0.123655913978,0.204444444444,23,16,163,356,0.123655913978,0.956989247312,0.0430107526882,0.876344086022,0.589743589744,0.123655913978,0.204444444444,0.679211469534,0.643369175627,0.100502512563,0.149104336479,0.0806451612903,342,156,186,0,342,0,156,0,186,37,342,0.256756756757,1.72528881811,18.4864864865,15.5454545455,9.77142857143,5.36771015539,0.290358590277,0.142642642643,9.50849154237,1.02869645341,0.544491860281,8.05331334643,0.871264894205,0.461830251304,0.640599570326,0.371299902718,2,1.72528881811,0.640599570326,2,0.344071394247,0.376569037657,810,0.104247104247,0.56957682835,37,37,37,1,0,0.405405405405,0.540540540541,0.0540540540541,37,0.117117117117,2.18635635636,8.43243243243,7.09090909091,4.45714285714,5.03620525429,0.597242289772,0.326923076923,6.00062559301,1.42322530091,0.680526680527,3.83793300225,0.910278981302,0.463617463617,1.32204914232,0.604681454823,4.3462962963,2.18635635636,1.32204914232,4.3462962963,0,0,0,0,0.160896782956,37,37,37,1,0,0.405405405405,0.540540540541,0.0540540540541,37,195,0.146396396396,2.54901604845,10.5405405405,8.47826086957,5.27027027027,4.68208521088,0.444197827699,0.238946638947,6.08572395332,1.15472710909,0.604019404019,3.24592606756,0.6158936641,0.337352737353,1.56216744309,0.612851160366,4.03915318464,2.54901604845,1.56216744309,4.03915318464,0.13395658535,0.068085106383,48,0.00617760617761,0.180887941574,37,37,37,1,0,0.378378378378,0.621621621622,0,-147,-0.11036036036,0.823727230338,-7.94594594595,-7.06719367589,-4.50115830116,-0.685624944515,0.153839237422,0.096303996304,-3.42276758905,0.126030655677,0.0595275437381,-4.80738727888,-0.255371230105,-0.124477513951,0.921567872761,0.241551257649,2.03915318464,0.823727230338,0.921567872761,2.03915318464,-0.210114808898,-0.308483931274,-762,-0.0980694980695,-0.388688886776,-0.027027027027,0.0810810810811,-0.0540540540541,179,16,163,974,0.523391812865,0.983838383838,0.0161616161616,0.476608187135,0.917948717949,0.523391812865,0.666666666667,0.626813313935,0.507230196704,0.5,39,186,0,0,0,0
1798,WLNM_dir_neg,0.392191293791,0.344887207166,00:00:04,10,40,50,1236695385,threshold_sweep,0.7,0.583333333333,0.112903225806,0.189189189189,21,15,165,357,0.112903225806,0.959677419355,0.0403225806452,0.887096774194,0.583333333333,0.112903225806,0.189189189189,0.677419354839,0.645161290323,0.0909090909091,0.139271503633,0.0725806451613,342,156,186,0,342,0,156,0,186,37,342,0.256756756757,1.72528881811,18.4864864865,15.5454545455,9.77142857143,5.36771015539,0.290358590277,0.142642642643,9.50849154237,1.02869645341,0.544491860281,8.05331334643,0.871264894205,0.461830251304,0.640599570326,0.371299902718,2,1.72528881811,0.640599570326,2,0.344071394247,0.376569037657,810,0.104247104247,0.56957682835,37,37,37,1,0,0.405405405405,0.540540540541,0.0540540540541,37,0.117117117117,2.18635635636,8.43243243243,7.09090909091,4.45714285714,5.03620525429,0.597242289772,0.326923076923,6.00062559301,1.42322530091,0.680526680527,3.83793300225,0.910278981302,0.463617463617,1.32204914232,0.604681454823,4.3462962963,2.18635635636,1.32204914232,4.3462962963,0,0,0,0,0.160896782956,37,37,37,1,0,0.405405405405,0.540540540541,0.0540540540541,37,192,0.144144144144,2.54342992311,10.3783783784,8.34782608696,5.18918918919,4.63292175241,0.446401314685,0.240427927928,6.07745303852,1.17117584597,0.60838963964,3.24754469508,0.625828925615,0.341216216216,1.5553577016,0.611519777869,4,2.54342992311,1.5553577016,4,0.129742818288,0.0621986499518,43,0.00553410553411,0.176968814058,37,37,37,1,0,0.378378378378,0.621621621622,0,-150,-0.112612612613,0.818141104992,-8.10810810811,-7.1976284585,-4.58223938224,-0.734788402982,0.156042724408,0.0977852852853,-3.43103850385,0.14247939255,0.0638977793583,-4.80576865135,-0.24543596859,-0.120614035088,0.914758131278,0.240219875152,2,0.818141104992,0.914758131278,2,-0.21432857596,-0.314370387705,-767,-0.098712998713,-0.392608014291,-0.027027027027,0.0810810810811,-0.0540540540541,177,15,165,975,0.517543859649,0.984848484848,0.0151515151515,0.482456140351,0.921875,0.517543859649,0.662921348315,0.624842589092,0.502392344498,0.495798319328,36,186,0,0,0,0
1799,WLNM_dir_neg,0.392191293791,0.344887207166,00:00:04,10,40,50,1236695385,threshold_sweep,0.8,0.617647058824,0.112903225806,0.190909090909,21,13,165,359,0.112903225806,0.965053763441,0.0349462365591,0.887096774194,0.617647058824,0.112903225806,0.190909090909,0.681003584229,0.646356033453,0.097972972973,0.153630660622,0.0779569892473,342,156,186,0,342,0,156,0,186,37,342,0.256756756757,1.72528881811,18.4864864865,15.5454545455,9.77142857143,5.36771015539,0.290358590277,0.142642642643,9.50849154237,1.02869645341,0.544491860281,8.05331334643,0.871264894205,0.461830251304,0.640599570326,0.371299902718,2,1.72528881811,0.640599570326,2,0.344071394247,0.376569037657,810,0.104247104247,0.56957682835,37,37,37,1,0,0.405405405405,0.540540540541,0.0540540540541,37,0.117117117117,2.18635635636,8.43243243243,7.09090909091,4.45714285714,5.03620525429,0.597242289772,0.326923076923,6.00062559301,1.42322530091,0.680526680527,3.83793300225,0.910278981302,0.463617463617,1.32204914232,0.604681454823,4.3462962963,2.18635635636,1.32204914232,4.3462962963,0,0,0,0,0.160896782956,37,37,37,1,0,0.405405405405,0.540540540541,0.0540540540541,37,190,0.142642642643,2.5399509758,10.2702702703,8.26086956522,5.13513513514,4.67052607463,0.454761749372,0.245945945946,6.07893522366,1.18379264882,0.611948790896,3.29277122533,0.641223870195,0.349075391181,1.55014026545,0.61030322247,4,2.5399509758,1.55014026545,4,0.12810466665,0.0557729941292,38,0.0048906048906,0.176126431351,37,37,37,1,0,0.378378378378,0.621621621622,0,-152,-0.114114114114,0.814662157686,-8.21621621622,-7.28458498024,-4.63629343629,-0.697184080762,0.164403159095,0.103303303303,-3.42955631871,0.155096195403,0.0674569306148,-4.76054212111,-0.23004102401,-0.112754860123,0.909540695121,0.239003319752,2,0.814662157686,0.909540695121,2,-0.215966727598,-0.320796043528,-772,-0.0993564993565,-0.393450396999,-0.027027027027,0.0810810810811,-0.0540540540541,177,13,165,977,0.517543859649,0.986868686869,0.0131313131313,0.482456140351,0.931578947368,0.517543859649,0.665413533835,0.630095935795,0.504412546518,0.498591549296,34,186,0,0,0,0
1800,WLNM_dir_neg,0.392191293791,0.344887207166,00:00:04,10,40,50,1236695385,threshold_sweep,0.9,0.6,0.0967741935484,0.166666666667,18,12,168,360,0.0967741935484,0.967741935484,0.0322580645161,0.903225806452,0.6,0.0967741935484,0.166666666667,0.677419354839,0.648745519713,0.0816326530612,0.134839972493,0.0645161290323,342,156,186,0,342,0,156,0,186,37,342,0.256756756757,1.72528881811,18.4864864865,15.5454545455,9.77142857143,5.36771015539,0.290358590277,0.142642642643,9.50849154237,1.02869645341,0.544491860281,8.05331334643,0.871264894205,0.461830251304,0.640599570326,0.371299902718,2,1.72528881811,0.640599570326,2,0.344071394247,0.376569037657,810,0.104247104247,0.56957682835,37,37,37,1,0,0.405405405405,0.540540540541,0.0540540540541,37,0.117117117117,2.18635635636,8.43243243243,7.09090909091,4.45714285714,5.03620525429,0.597242289772,0.326923076923,6.00062559301,1.42322530091,0.680526680527,3.83793300225,0.910278981302,0.463617463617,1.32204914232,0.604681454823,4.3462962963,2.18635635636,1.32204914232,4.3462962963,0,0,0,0,0.160896782956,37,37,37,1,0,0.405405405405,0.540540540541,0.0540540540541,37,186,0.13963963964,2.59485814464,10.0540540541,8.08695652174,5.02702702703,4.55183690604,0.452736466461,0.244986922406,6.0299552536,1.19950722787,0.617553036908,3.36226185845,0.668837036359,0.362394652717,1.63508862444,0.63012640125,4.5913210433,2.59485814464,1.63508862444,4.5913210433,0.123005127572,0.0491299897646,32,0.0041184041184,0.173472919953,37,37,37,1,0,0.378378378378,0.621621621622,0,-156,-0.117117117117,0.86956932653,-8.43243243243,-7.45849802372,-4.7444015444,-0.81587324935,0.162377876184,0.102344279764,-3.47853628878,0.170810774451,0.0730611766265,-4.69105148798,-0.202427857846,-0.0994355985867,0.994489054113,0.258826498532,2.5913210433,0.86956932653,0.994489054113,2.5913210433,-0.221066266676,-0.327439047892,-778,-0.100128700129,-0.396103908397,-0.027027027027,0.0810810810811,-0.0540540540541,174,12,168,978,0.508771929825,0.987878787879,0.0121212121212,0.491228070175,0.935483870968,0.508771929825,0.659090909091,0.625940333307,0.496650717703,0.491525423729,30,186,0,0,0,0
1801,WLNM_dir_neg,0.922386375295,0.741531091976,00:00:05,10,50,1,1237612636,threshold_sweep,0.1,0.892857142857,0.730994152047,0.8038585209,125,15,46,327,0.730994152047,0.956140350877,0.0438596491228,0.269005847953,0.892857142857,0.730994152047,0.8038585209,0.881091617934,0.575698505523,0.719754977029,0.727167450425,0.687134502924,342,171,171,0,342,0,171,0,171,37,342,0.256756756757,1.72528881811,18.4864864865,15.5454545455,9.77142857143,5.36771015539,0.290358590277,0.142642642643,9.50849154237,1.02869645341,0.544491860281,8.05331334643,0.871264894205,0.461830251304,0.640599570326,0.371299902718,2,1.72528881811,0.640599570326,2,0.344071394247,0.376569037657,810,0.104247104247,0.56957682835,37,37,37,1,0,0.405405405405,0.540540540541,0.0540540540541,37,0.128378378378,1.95232947233,9.24324324324,7.77272727273,4.88571428571,4.65119701084,0.503199676611,0.281966176703,5.92710980417,1.28247405119,0.645171487277,4.20549476116,0.909960854755,0.478583847005,0.948293967356,0.485724351753,3.35333333333,1.95232947233,0.948293967356,3.35333333333,0.0620952885659,0.0284757118928,17,0.0021879021879,0.189450196492,37,37,37,1,0,0.405405405405,0.540540540541,0.0540540540541,37,311,0.233483483483,1.77299965146,16.8108108108,14.1363636364,8.40540540541,5.85395325987,0.348225515459,0.17667506735,9.04758856596,1.07640121203,0.570609194403,7.03743742605,0.837251397954,0.439037107847,0.691774332522,0.39017172505,2,1.77299965146,0.691774332522,2,0.328521477413,0.333646439977,592,0.0761904761905,0.454552753157,37,37,37,1,0,0.405405405405,0.594594594595,0,-31,-0.0232732732733,0.0477108333421,-1.67567567568,-1.40909090909,-1.36602316602,0.486243104479,0.0578669251815,0.0340324247077,-0.460902976416,0.0477047586124,0.0261173341221,-1.01587592039,-0.0340134962507,-0.0227931434565,0.051174762196,0.0188718223323,0,0.0477108333421,0.051174762196,0,-0.0155499168346,-0.0429225976794,-218,-0.0280566280566,-0.115024075193,0,0.0540540540541,-0.0540540540541,296,15,46,975,0.865497076023,0.984848484848,0.0151515151515,0.134502923977,0.951768488746,0.865497076023,0.906584992343,0.878077873589,0.850345560872,0.829131652661,140,171,0,0,0,0
1802,WLNM_dir_neg,0.922386375295,0.741531091976,00:00:05,10,50,1,1237612636,threshold_sweep,0.2,0.90243902439,0.649122807018,0.755102040816,111,12,60,330,0.649122807018,0.964912280702,0.0350877192982,0.350877192982,0.90243902439,0.649122807018,0.755102040816,0.859649122807,0.586744639376,0.660377358491,0.677983988698,0.614035087719,342,171,171,0,342,0,171,0,171,37,342,0.256756756757,1.72528881811,18.4864864865,15.5454545455,9.77142857143,5.36771015539,0.290358590277,0.142642642643,9.50849154237,1.02869645341,0.544491860281,8.05331334643,0.871264894205,0.461830251304,0.640599570326,0.371299902718,2,1.72528881811,0.640599570326,2,0.344071394247,0.376569037657,810,0.104247104247,0.56957682835,37,37,37,1,0,0.405405405405,0.540540540541,0.0540540540541,37,0.128378378378,1.95232947233,9.24324324324,7.77272727273,4.88571428571,4.65119701084,0.503199676611,0.281966176703,5.92710980417,1.28247405119,0.645171487277,4.20549476116,0.909960854755,0.478583847005,0.948293967356,0.485724351753,3.35333333333,1.95232947233,0.948293967356,3.35333333333,0.0620952885659,0.0284757118928,17,0.0021879021879,0.189450196492,37,37,37,1,0,0.405405405405,0.540540540541,0.0540540540541,37,294,0.220720720721,1.76990481585,15.8918918919,13.3636363636,7.94594594595,5.7820785564,0.363838276508,0.187534473249,8.71125053513,1.09631384286,0.580437580438,6.79029514146,0.854560953177,0.448060305203,0.686245119854,0.387729957966,2,1.76990481585,0.686245119854,2,0.307076398921,0.303789604473,489,0.0629343629344,0.422499357484,37,37,37,1,0,0.405405405405,0.594594594595,0,-48,-0.036036036036,0.0446159977394,-2.59459459459,-2.18181818182,-1.82548262548,0.414368401011,0.0734796862313,0.0448918306061,-0.79724100724,0.0676173894423,0.0359457201562,-1.26301820498,-0.0167039410282,-0.0137699461008,0.0456455495281,0.0164300552478,0,0.0446159977394,0.0456455495281,0,-0.0369949953269,-0.0727794331839,-321,-0.0413127413127,-0.147077470866,0,0.0540540540541,-0.0540540540541,282,12,60,978,0.824561403509,0.987878787879,0.0121212121212,0.175438596491,0.959183673469,0.824561403509,0.88679245283,0.855755517935,0.812440191388,0.796610169492,123,171,0,0,0,0
1803,WLNM_dir_neg,0.922386375295,0.741531091976,00:00:05,10,50,1,1237612636,threshold_sweep,0.3,0.90243902439,0.649122807018,0.755102040816,111,12,60,330,0.649122807018,0.964912280702,0.0350877192982,0.350877192982,0.90243902439,0.649122807018,0.755102040816,0.859649122807,0.586744639376,0.660377358491,0.677983988698,0.614035087719,342,171,171,0,342,0,171,0,171,37,342,0.256756756757,1.72528881811,18.4864864865,15.5454545455,9.77142857143,5.36771015539,0.290358590277,0.142642642643,9.50849154237,1.02869645341,0.544491860281,8.05331334643,0.871264894205,0.461830251304,0.640599570326,0.371299902718,2,1.72528881811,0.640599570326,2,0.344071394247,0.376569037657,810,0.104247104247,0.56957682835,37,37,37,1,0,0.405405405405,0.540540540541,0.0540540540541,37,0.128378378378,1.95232947233,9.24324324324,7.77272727273,4.88571428571,4.65119701084,0.503199676611,0.281966176703,5.92710980417,1.28247405119,0.645171487277,4.20549476116,0.909960854755,0.478583847005,0.948293967356,0.485724351753,3.35333333333,1.95232947233,0.948293967356,3.35333333333,0.0620952885659,0.0284757118928,17,0.0021879021879,0.189450196492,37,37,37,1,0,0.405405405405,0.540540540541,0.0540540540541,37,294,0.220720720721,1.76990481585,15.8918918919,13.3636363636,7.94594594595,5.7820785564,0.363838276508,0.187534473249,8.71125053513,1.09631384286,0.580437580438,6.79029514146,0.854560953177,0.448060305203,0.686245119854,0.387729957966,2,1.76990481585,0.686245119854,2,0.307076398921,0.303789604473,489,0.0629343629344,0.422499357484,37,37,37,1,0,0.405405405405,0.594594594595,0,-48,-0.036036036036,0.0446159977394,-2.59459459459,-2.18181818182,-1.82548262548,0.414368401011,0.0734796862313,0.0448918306061,-0.79724100724,0.0676173894423,0.0359457201562,-1.26301820498,-0.0167039410282,-0.0137699461008,0.0456455495281,0.0164300552478,0,0.0446159977394,0.0456455495281,0,-0.0369949953269,-0.0727794331839,-321,-0.0413127413127,-0.147077470866,0,0.0540540540541,-0.0540540540541,282,12,60,978,0.824561403509,0.987878787879,0.0121212121212,0.175438596491,0.959183673469,0.824561403509,0.88679245283,0.855755517935,0.812440191388,0.796610169492,123,171,0,0,0,0
1804,WLNM_dir_neg,0.922386375295,0.741531091976,00:00:05,10,50,1,1237612636,threshold_sweep,0.4,0.901639344262,0.643274853801,0.750853242321,110,12,61,330,0.643274853801,0.964912280702,0.0350877192982,0.356725146199,0.901639344262,0.643274853801,0.750853242321,0.857699805068,0.587394411956,0.655118110236,0.67341074709,0.608187134503,342,171,171,0,342,0,171,0,171,37,342,0.256756756757,1.72528881811,18.4864864865,15.5454545455,9.77142857143,5.36771015539,0.290358590277,0.142642642643,9.50849154237,1.02869645341,0.544491860281,8.05331334643,0.871264894205,0.461830251304,0.640599570326,0.371299902718,2,1.72528881811,0.640599570326,2,0.344071394247,0.376569037657,810,0.104247104247,0.56957682835,37,37,37,1,0,0.405405405405,0.540540540541,0.0540540540541,37,0.128378378378,1.95232947233,9.24324324324,7.77272727273,4.88571428571,4.65119701084,0.503199676611,0.281966176703,5.92710980417,1.28247405119,0.645171487277,4.20549476116,0.909960854755,0.478583847005,0.948293967356,0.485724351753,3.35333333333,1.95232947233,0.948293967356,3.35333333333,0.0620952885659,0.0284757118928,17,0.0021879021879,0.189450196492,37,37,37,1,0,0.405405405405,0.540540540541,0.0540540540541,37,293,0.21996996997,1.78042644416,15.8378378378,13.3181818182,7.91891891892,5.83339768304,0.368320331523,0.189373674015,8.72855587641,1.10224084446,0.58241859607,6.75515596653,0.853040173248,0.44682224887,0.702774227792,0.394722416137,2.05,1.78042644416,0.702774227792,2.05,0.302370561951,0.303181534623,486,0.0625482625483,0.417883070689,37,37,37,1,0,0.405405405405,0.594594594595,0,-49,-0.0367867867868,0.0551376260424,-2.64864864865,-2.22727272727,-1.85250965251,0.465687527649,0.0779617412461,0.0467310313727,-0.77993566596,0.0735443910471,0.0379267357891,-1.29815737991,-0.0182247209572,-0.0150080024339,0.0621746574655,0.023422513419,0.05,0.0551376260424,0.0621746574655,0.05,-0.0417008322962,-0.0733875030343,-324,-0.0416988416988,-0.151693757661,0,0.0540540540541,-0.0540540540541,281,12,61,978,0.821637426901,0.987878787879,0.0121212121212,0.178362573099,0.959044368601,0.821637426901,0.885039370079,0.853718354362,0.809516214779,0.793785310734,122,171,0,0,0,0
1805,WLNM_dir_neg,0.922386375295,0.741531091976,00:00:05,10,50,1,1237612636,threshold_sweep,0.5,0.908333333333,0.637426900585,0.749140893471,109,11,62,331,0.637426900585,0.96783625731,0.0321637426901,0.362573099415,0.908333333333,0.637426900585,0.749140893471,0.857699805068,0.588693957115,0.654028436019,0.674013273704,0.605263157895,342,171,171,0,342,0,171,0,171,37,342,0.256756756757,1.72528881811,18.4864864865,15.5454545455,9.77142857143,5.36771015539,0.290358590277,0.142642642643,9.50849154237,1.02869645341,0.544491860281,8.05331334643,0.871264894205,0.461830251304,0.640599570326,0.371299902718,2,1.72528881811,0.640599570326,2,0.344071394247,0.376569037657,810,0.104247104247,0.56957682835,37,37,37,1,0,0.405405405405,0.540540540541,0.0540540540541,37,0.128378378378,1.95232947233,9.24324324324,7.77272727273,4.88571428571,4.65119701084,0.503199676611,0.281966176703,5.92710980417,1.28247405119,0.645171487277,4.20549476116,0.909960854755,0.478583847005,0.948293967356,0.485724351753,3.35333333333,1.95232947233,0.948293967356,3.35333333333,0.0620952885659,0.0284757118928,17,0.0021879021879,0.189450196492,37,37,37,1,0,0.405405405405,0.540540540541,0.0540540540541,37,291,0.218468468468,1.77624303019,15.7297297297,13.2272727273,7.86486486486,5.77181200437,0.366936501996,0.187981796229,8.70236928837,1.10648681673,0.583635181573,6.79117958238,0.863483314598,0.452122225318,0.69862458238,0.393315875421,2.05,1.77624303019,0.69862458238,2.05,0.295662163614,0.295123495883,466,0.0599742599743,0.418852496882,37,37,37,1,0,0.405405405405,0.594594594595,0,-51,-0.0382882882883,0.0509542120777,-2.75675675676,-2.31818181818,-1.90656370656,0.404101848979,0.076577911719,0.0453391535866,-0.806122254001,0.07779036332,0.039143321292,-1.26213376406,-0.00778157960687,-0.00970802598583,0.0580250120544,0.0220159727031,0.05,0.0509542120777,0.0580250120544,0.05,-0.0484092306333,-0.0814455417734,-344,-0.0442728442728,-0.150724331468,0,0.0540540540541,-0.0540540540541,280,11,62,979,0.818713450292,0.988888888889,0.0111111111111,0.181286549708,0.962199312715,0.818713450292,0.88467614534,0.853800410484,0.807602339181,0.793201133144,120,171,0,0,0,0
1806,WLNM_dir_neg,0.922386375295,0.741531091976,00:00:05,10,50,1,1237612636,threshold_sweep,0.6,0.915254237288,0.631578947368,0.747404844291,108,10,63,332,0.631578947368,0.970760233918,0.0292397660819,0.368421052632,0.915254237288,0.631578947368,0.747404844291,0.857699805068,0.589993502274,0.6529318542,0.674703046395,0.602339181287,342,171,171,0,342,0,171,0,171,37,342,0.256756756757,1.72528881811,18.4864864865,15.5454545455,9.77142857143,5.36771015539,0.290358590277,0.142642642643,9.50849154237,1.02869645341,0.544491860281,8.05331334643,0.871264894205,0.461830251304,0.640599570326,0.371299902718,2,1.72528881811,0.640599570326,2,0.344071394247,0.376569037657,810,0.104247104247,0.56957682835,37,37,37,1,0,0.405405405405,0.540540540541,0.0540540540541,37,0.128378378378,1.95232947233,9.24324324324,7.77272727273,4.88571428571,4.65119701084,0.503199676611,0.281966176703,5.92710980417,1.28247405119,0.645171487277,4.20549476116,0.909960854755,0.478583847005,0.948293967356,0.485724351753,3.35333333333,1.95232947233,0.948293967356,3.35333333333,0.0620952885659,0.0284757118928,17,0.0021879021879,0.189450196492,37,37,37,1,0,0.405405405405,0.540540540541,0.0540540540541,37,289,0.216966966967,1.77581416644,15.6216216216,13.1363636364,7.81081081081,5.79440032057,0.370921819829,0.189282708314,8.62759731533,1.10457128259,0.582250070139,6.79803009799,0.870336033307,0.454128869354,0.698049677473,0.393087120636,2.05,1.77581416644,0.698049677473,2.05,0.284239623096,0.294042280589,459,0.0590733590734,0.419218996999,37,37,37,1,0,0.405405405405,0.594594594595,0,-53,-0.0397897897898,0.0505253483297,-2.86486486486,-2.40909090909,-1.96061776062,0.426690165181,0.080563229552,0.0466400656712,-0.880894227048,0.0758748291703,0.037758209858,-1.25528324844,-0.000928860897863,-0.00770138195015,0.057450107147,0.0217872179187,0.05,0.0505253483297,0.057450107147,0.05,-0.0598317711513,-0.0825267570675,-351,-0.0451737451737,-0.15035783135,0,0.0540540540541,-0.0540540540541,279,10,63,980,0.815789473684,0.989898989899,0.010101010101,0.184210526316,0.965397923875,0.815789473684,0.884310618067,0.853899422597,0.805688463583,0.792613636364,118,171,0,0,0,0
1807,WLNM_dir_neg,0.922386375295,0.741531091976,00:00:05,10,50,1,1237612636,threshold_sweep,0.7,0.91452991453,0.625730994152,0.743055555556,107,10,64,332,0.625730994152,0.970760233918,0.0292397660819,0.374269005848,0.91452991453,0.625730994152,0.743055555556,0.855750487329,0.590643274854,0.647619047619,0.670154048788,0.59649122807,342,171,171,0,342,0,171,0,171,37,342,0.256756756757,1.72528881811,18.4864864865,15.5454545455,9.77142857143,5.36771015539,0.290358590277,0.142642642643,9.50849154237,1.02869645341,0.544491860281,8.05331334643,0.871264894205,0.461830251304,0.640599570326,0.371299902718,2,1.72528881811,0.640599570326,2,0.344071394247,0.376569037657,810,0.104247104247,0.56957682835,37,37,37,1,0,0.405405405405,0.540540540541,0.0540540540541,37,0.128378378378,1.95232947233,9.24324324324,7.77272727273,4.88571428571,4.65119701084,0.503199676611,0.281966176703,5.92710980417,1.28247405119,0.645171487277,4.20549476116,0.909960854755,0.478583847005,0.948293967356,0.485724351753,3.35333333333,1.95232947233,0.948293967356,3.35333333333,0.0620952885659,0.0284757118928,17,0.0021879021879,0.189450196492,37,37,37,1,0,0.405405405405,0.540540540541,0.0540540540541,37,288,0.216216216216,1.77359076332,15.5675675676,13.0909090909,7.78378378378,5.7616574609,0.370106468842,0.187875375375,8.60598995253,1.10563065362,0.58277027027,6.80741072955,0.874563184005,0.455142642643,0.696095186751,0.392477904795,2.05,1.77359076332,0.696095186751,2.05,0.276843568266,0.286636539703,444,0.0571428571429,0.420226108074,37,37,37,1,0,0.405405405405,0.594594594595,0,-54,-0.0405405405405,0.0483019452039,-2.91891891892,-2.45454545455,-1.98764478764,0.393947305503,0.0797478785651,0.0452327327327,-0.902501589844,0.076934200209,0.0382784099889,-1.24590261688,0.00329828980027,-0.00668760866129,0.0554956164252,0.0211780020774,0.05,0.0483019452039,0.0554956164252,0.05,-0.067227825981,-0.0899324979539,-366,-0.0471042471042,-0.149350720275,0,0.0540540540541,-0.0540540540541,278,10,64,980,0.812865497076,0.989898989899,0.010101010101,0.187134502924,0.965277777778,0.812865497076,0.88253968254,0.851868008559,0.802764486975,0.789772727273,117,171,0,0,0,0
1808,WLNM_dir_neg,0.922386375295,0.741531091976,00:00:05,10,50,1,1237612636,threshold_sweep,0.8,0.91452991453,0.625730994152,0.743055555556,107,10,64,332,0.625730994152,0.970760233918,0.0292397660819,0.374269005848,0.91452991453,0.625730994152,0.743055555556,0.855750487329,0.590643274854,0.647619047619,0.670154048788,0.59649122807,342,171,171,0,342,0,171,0,171,37,342,0.256756756757,1.72528881811,18.4864864865,15.5454545455,9.77142857143,5.36771015539,0.290358590277,0.142642642643,9.50849154237,1.02869645341,0.544491860281,8.05331334643,0.871264894205,0.461830251304,0.640599570326,0.371299902718,2,1.72528881811,0.640599570326,2,0.344071394247,0.376569037657,810,0.104247104247,0.56957682835,37,37,37,1,0,0.405405405405,0.540540540541,0.0540540540541,37,0.128378378378,1.95232947233,9.24324324324,7.77272727273,4.88571428571,4.65119701084,0.503199676611,0.281966176703,5.92710980417,1.28247405119,0.645171487277,4.20549476116,0.909960854755,0.478583847005,0.948293967356,0.485724351753,3.35333333333,1.95232947233,0.948293967356,3.35333333333,0.0620952885659,0.0284757118928,17,0.0021879021879,0.189450196492,37,37,37,1,0,0.405405405405,0.540540540541,0.0540540540541,37,288,0.216216216216,1.77359076332,15.5675675676,13.0909090909,7.78378378378,5.7616574609,0.370106468842,0.187875375375,8.60598995253,1.10563065362,0.58277027027,6.80741072955,0.874563184005,0.455142642643,0.696095186751,0.392477904795,2.05,1.77359076332,0.696095186751,2.05,0.276843568266,0.286636539703,444,0.0571428571429,0.420226108074,37,37,37,1,0,0.405405405405,0.594594594595,0,-54,-0.0405405405405,0.0483019452039,-2.91891891892,-2.45454545455,-1.98764478764,0.393947305503,0.0797478785651,0.0452327327327,-0.902501589844,0.076934200209,0.0382784099889,-1.24590261688,0.00329828980027,-0.00668760866129,0.0554956164252,0.0211780020774,0.05,0.0483019452039,0.0554956164252,0.05,-0.067227825981,-0.0899324979539,-366,-0.0471042471042,-0.149350720275,0,0.0540540540541,-0.0540540540541,278,10,64,980,0.812865497076,0.989898989899,0.010101010101,0.187134502924,0.965277777778,0.812865497076,0.88253968254,0.851868008559,0.802764486975,0.789772727273,117,171,0,0,0,0
1809,WLNM_dir_neg,0.922386375295,0.741531091976,00:00:05,10,50,1,1237612636,threshold_sweep,0.9,0.913793103448,0.619883040936,0.738675958188,106,10,65,332,0.619883040936,0.970760233918,0.0292397660819,0.380116959064,0.913793103448,0.619883040936,0.738675958188,0.853801169591,0.591293047433,0.642289348172,0.665598176724,0.590643274854,342,171,171,0,342,0,171,0,171,37,342,0.256756756757,1.72528881811,18.4864864865,15.5454545455,9.77142857143,5.36771015539,0.290358590277,0.142642642643,9.50849154237,1.02869645341,0.544491860281,8.05331334643,0.871264894205,0.461830251304,0.640599570326,0.371299902718,2,1.72528881811,0.640599570326,2,0.344071394247,0.376569037657,810,0.104247104247,0.56957682835,37,37,37,1,0,0.405405405405,0.540540540541,0.0540540540541,37,0.128378378378,1.95232947233,9.24324324324,7.77272727273,4.88571428571,4.65119701084,0.503199676611,0.281966176703,5.92710980417,1.28247405119,0.645171487277,4.20549476116,0.909960854755,0.478583847005,0.948293967356,0.485724351753,3.35333333333,1.95232947233,0.948293967356,3.35333333333,0.0620952885659,0.0284757118928,17,0.0021879021879,0.189450196492,37,37,37,1,0,0.405405405405,0.540540540541,0.0540540540541,37,287,0.215465465465,1.77240661635,15.5135135135,13.0454545455,7.75675675676,5.70877308098,0.367987114976,0.186458235239,8.55831436351,1.10333669495,0.581599020623,6.82888231218,0.880378555926,0.457670213768,0.694860298265,0.392043389963,2.05,1.77240661635,0.694860298265,2.05,0.267486675418,0.279296875,429,0.0552123552124,0.421586834878,37,37,37,1,0,0.405405405405,0.594594594595,0,-55,-0.0412912912913,0.0471177982312,-2.97297297297,-2.5,-2.01467181467,0.341062925584,0.0776285246988,0.0438155925961,-0.95017717886,0.0746402415331,0.0371071603421,-1.22443103425,0.00911366172104,-0.00416003753616,0.0542607279387,0.020743487245,0.05,0.0471177982312,0.0542607279387,0.05,-0.076584718829,-0.0972721626569,-381,-0.0490347490347,-0.147989993472,0,0.0540540540541,-0.0540540540541,277,10,65,980,0.809941520468,0.989898989899,0.010101010101,0.190058479532,0.965156794425,0.809941520468,0.880763116057,0.849835665229,0.799840510367,0.786931818182,116,171,0,0,0,0
1810,WLNM_dir_neg,0.968674121952,0.736694927024,00:00:05,10,50,2,1237612637,threshold_sweep,0.1,0.913294797688,0.923976608187,0.918604651163,158,15,13,327,0.923976608187,0.956140350877,0.0438596491228,0.0760233918129,0.913294797688,0.923976608187,0.918604651163,0.945419103314,0.554256010396,0.877551020408,0.877584588107,0.880116959064,342,171,171,0,342,0,171,0,171,37,342,0.256756756757,1.72528881811,18.4864864865,15.5454545455,9.77142857143,5.36771015539,0.290358590277,0.142642642643,9.50849154237,1.02869645341,0.544491860281,8.05331334643,0.871264894205,0.461830251304,0.640599570326,0.371299902718,2,1.72528881811,0.640599570326,2,0.344071394247,0.376569037657,810,0.104247104247,0.56957682835,37,37,37,1,0,0.405405405405,0.540540540541,0.0540540540541,37,0.128378378378,1.94880781403,9.24324324324,7.77272727273,4.88571428571,4.87855514474,0.527796901624,0.293345977557,5.95516279912,1.28854399747,0.648332543069,4.08487284823,0.883861376517,0.46783625731,0.909653241612,0.46677421707,2.76264090177,1.94880781403,0.909653241612,2.76264090177,0.0870556636811,0.026286966046,16,0.0020592020592,0.185353210928,37,37,37,1,0,0.405405405405,0.540540540541,0.0540540540541,37,344,0.258258258258,2.16233073507,18.5945945946,14.3333333333,9.2972972973,5.70798397695,0.306970068528,0.14770584538,9.33293113677,1.00383270948,0.53409805154,7.79552886405,0.838472581308,0.437932118165,1.06330403288,0.491739776731,3.82724120919,2.16233073507,1.06330403288,3.82724120919,0.338738800533,0.354869816779,736,0.0947232947233,0.468176619251,37,37,37,1,0,0.351351351351,0.648648648649,0,2,0.0015015015015,0.437041916953,0.108108108108,-1.21212121212,-0.474131274131,0.340273821553,0.0166114782505,0.00506320273762,-0.175560405609,-0.0248637439371,-0.0103938087414,-0.257784482382,-0.0327923128969,-0.0238981331393,0.422704462554,0.120439874013,1.82724120919,0.437041916953,0.422704462554,1.82724120919,-0.00533259371422,-0.0216992208777,-74,-0.00952380952381,-0.101400209099,-0.0540540540541,0.108108108108,-0.0540540540541,329,15,13,975,0.961988304094,0.984848484848,0.0151515151515,0.0380116959064,0.956395348837,0.961988304094,0.959183673469,0.945035407935,0.946836788942,0.921568627451,173,171,0,0,0,0
1811,WLNM_dir_neg,0.968674121952,0.736694927024,00:00:05,10,50,2,1237612637,threshold_sweep,0.2,0.923529411765,0.918128654971,0.92082111437,157,13,14,329,0.918128654971,0.961988304094,0.0380116959064,0.0818713450292,0.923529411765,0.918128654971,0.92082111437,0.947368421053,0.556205328135,0.88140556369,0.881414066318,0.880116959064,342,171,171,0,342,0,171,0,171,37,342,0.256756756757,1.72528881811,18.4864864865,15.5454545455,9.77142857143,5.36771015539,0.290358590277,0.142642642643,9.50849154237,1.02869645341,0.544491860281,8.05331334643,0.871264894205,0.461830251304,0.640599570326,0.371299902718,2,1.72528881811,0.640599570326,2,0.344071394247,0.376569037657,810,0.104247104247,0.56957682835,37,37,37,1,0,0.405405405405,0.540540540541,0.0540540540541,37,0.128378378378,1.94880781403,9.24324324324,7.77272727273,4.88571428571,4.87855514474,0.527796901624,0.293345977557,5.95516279912,1.28854399747,0.648332543069,4.08487284823,0.883861376517,0.46783625731,0.909653241612,0.46677421707,2.76264090177,1.94880781403,0.909653241612,2.76264090177,0.0870556636811,0.026286966046,16,0.0020592020592,0.185353210928,37,37,37,1,0,0.405405405405,0.540540540541,0.0540540540541,37,341,0.256006006006,2.15033294291,18.4324324324,14.2083333333,9.21621621622,5.56047829947,0.301668177537,0.143932789094,9.26203461909,1.00497149826,0.533724340176,7.86389476283,0.853267173679,0.445747800587,1.04826434602,0.487489320885,3.78620331413,2.15033294291,1.04826434602,3.78620331413,0.333753389599,0.347424684159,715,0.0920205920206,0.470100978257,37,37,37,1,0,0.351351351351,0.648648648649,0,-1,-0.000750750750751,0.425044124798,-0.0540540540541,-1.33712121212,-0.555212355212,0.19276814408,0.0113095872603,0.00129014645144,-0.246456923281,-0.0237249551554,-0.0107675201054,-0.189418583606,-0.0179977205255,-0.0160824507174,0.40766477569,0.116189418167,1.78620331413,0.425044124798,0.40766477569,1.78620331413,-0.0103180046481,-0.0291443534975,-95,-0.0122265122265,-0.099475850093,-0.0540540540541,0.108108108108,-0.0540540540541,328,13,14,977,0.959064327485,0.986868686869,0.0131313131313,0.0409356725146,0.961876832845,0.959064327485,0.96046852123,0.946840915751,0.945933014354,0.923943661972,170,171,0,0,0,0
1812,WLNM_dir_neg,0.968674121952,0.736694927024,00:00:05,10,50,2,1237612637,threshold_sweep,0.3,0.928571428571,0.912280701754,0.920353982301,156,12,15,330,0.912280701754,0.964912280702,0.0350877192982,0.0877192982456,0.928571428571,0.912280701754,0.920353982301,0.947368421053,0.557504873294,0.881057268722,0.881134221063,0.877192982456,342,171,171,0,342,0,171,0,171,37,342,0.256756756757,1.72528881811,18.4864864865,15.5454545455,9.77142857143,5.36771015539,0.290358590277,0.142642642643,9.50849154237,1.02869645341,0.544491860281,8.05331334643,0.871264894205,0.461830251304,0.640599570326,0.371299902718,2,1.72528881811,0.640599570326,2,0.344071394247,0.376569037657,810,0.104247104247,0.56957682835,37,37,37,1,0,0.405405405405,0.540540540541,0.0540540540541,37,0.128378378378,1.94880781403,9.24324324324,7.77272727273,4.88571428571,4.87855514474,0.527796901624,0.293345977557,5.95516279912,1.28854399747,0.648332543069,4.08487284823,0.883861376517,0.46783625731,0.909653241612,0.46677421707,2.76264090177,1.94880781403,0.909653241612,2.76264090177,0.0870556636811,0.026286966046,16,0.0020592020592,0.185353210928,37,37,37,1,0,0.405405405405,0.540540540541,0.0540540540541,37,339,0.254504504505,2.14402400592,18.3243243243,14.125,9.16216216216,5.55304748191,0.303042414204,0.144702224348,9.21506469958,1.00577402326,0.533524675118,7.88639304088,0.860756762574,0.449174838555,1.04604664335,0.487889426828,3.7853259641,2.14402400592,1.04604664335,3.7853259641,0.331601790606,0.34716796875,711,0.0915057915058,0.472559551577,37,37,37,1,0,0.351351351351,0.648648648649,0,-3,-0.00225225225225,0.418735187805,-0.162162162162,-1.42045454545,-0.609266409266,0.185337326516,0.0126838239274,0.0020595817056,-0.293426842796,-0.022922430157,-0.0109671851637,-0.166920305557,-0.0105081316313,-0.0126554127486,0.405447073027,0.11658952411,1.7853259641,0.418735187805,0.405447073027,1.7853259641,-0.0124696036418,-0.0294010689069,-99,-0.0127413127413,-0.097017276773,-0.0540540540541,0.108108108108,-0.0540540540541,327,12,15,978,0.956140350877,0.987878787879,0.0121212121212,0.0438596491228,0.964601769912,0.956140350877,0.960352422907,0.946753623832,0.944019138756,0.923728813559,168,171,0,0,0,0
1813,WLNM_dir_neg,0.968674121952,0.736694927024,00:00:05,10,50,2,1237612637,threshold_sweep,0.4,0.934131736527,0.912280701754,0.923076923077,156,11,15,331,0.912280701754,0.96783625731,0.0321637426901,0.0877192982456,0.934131736527,0.912280701754,0.923076923077,0.949317738791,0.558154645874,0.885294117647,0.885431998417,0.880116959064,342,171,171,0,342,0,171,0,171,37,342,0.256756756757,1.72528881811,18.4864864865,15.5454545455,9.77142857143,5.36771015539,0.290358590277,0.142642642643,9.50849154237,1.02869645341,0.544491860281,8.05331334643,0.871264894205,0.461830251304,0.640599570326,0.371299902718,2,1.72528881811,0.640599570326,2,0.344071394247,0.376569037657,810,0.104247104247,0.56957682835,37,37,37,1,0,0.405405405405,0.540540540541,0.0540540540541,37,0.128378378378,1.94880781403,9.24324324324,7.77272727273,4.88571428571,4.87855514474,0.527796901624,0.293345977557,5.95516279912,1.28854399747,0.648332543069,4.08487284823,0.883861376517,0.46783625731,0.909653241612,0.46677421707,2.76264090177,1.94880781403,0.909653241612,2.76264090177,0.0870556636811,0.026286966046,16,0.0020592020592,0.185353210928,37,37,37,1,0,0.405405405405,0.540540540541,0.0540540540541,37,338,0.253753753754,2.14244295756,18.2702702703,14.0833333333,9.13513513514,5.54100195837,0.303279692988,0.143930913162,9.18985600831,1.00599015476,0.533184071646,7.90626390965,0.86547859366,0.451143451143,1.04548091638,0.487985415291,3.78528486955,2.14244295756,1.04548091638,3.78528486955,0.326014159631,0.34184675835,696,0.0895752895753,0.474256076568,37,37,37,1,0,0.351351351351,0.648648648649,0,-4,-0.003003003003,0.417154139442,-0.216216216216,-1.46212121212,-0.636293436293,0.173291802981,0.0129211027108,0.00128827051904,-0.318635534066,-0.0227062986591,-0.0113077886357,-0.147049436786,-0.00578630054514,-0.0106868001605,0.404881346055,0.116685512573,1.78528486955,0.417154139442,0.404881346055,1.78528486955,-0.0180572346164,-0.0347222793072,-114,-0.0146718146718,-0.0953207517818,-0.0540540540541,0.108108108108,-0.0540540540541,327,11,15,979,0.956140350877,0.988888888889,0.0111111111111,0.0438596491228,0.967455621302,0.956140350877,0.961764705882,0.948690068295,0.945029239766,0.926345609065,167,171,0,0,0,0
1814,WLNM_dir_neg,0.968674121952,0.736694927024,00:00:05,10,50,2,1237612637,threshold_sweep,0.5,0.939759036145,0.912280701754,0.925816023739,156,10,15,332,0.912280701754,0.970760233918,0.0292397660819,0.0877192982456,0.939759036145,0.912280701754,0.925816023739,0.95126705653,0.558804418454,0.889543446244,0.889760585895,0.883040935673,342,171,171,0,342,0,171,0,171,37,342,0.256756756757,1.72528881811,18.4864864865,15.5454545455,9.77142857143,5.36771015539,0.290358590277,0.142642642643,9.50849154237,1.02869645341,0.544491860281,8.05331334643,0.871264894205,0.461830251304,0.640599570326,0.371299902718,2,1.72528881811,0.640599570326,2,0.344071394247,0.376569037657,810,0.104247104247,0.56957682835,37,37,37,1,0,0.405405405405,0.540540540541,0.0540540540541,37,0.128378378378,1.94880781403,9.24324324324,7.77272727273,4.88571428571,4.87855514474,0.527796901624,0.293345977557,5.95516279912,1.28854399747,0.648332543069,4.08487284823,0.883861376517,0.46783625731,0.909653241612,0.46677421707,2.76264090177,1.94880781403,0.909653241612,2.76264090177,0.0870556636811,0.026286966046,16,0.0020592020592,0.185353210928,37,37,37,1,0,0.405405405405,0.540540540541,0.0540540540541,37,337,0.253003003003,1.96978045609,18.2162162162,14.652173913,9.10810810811,5.53340931241,0.303762825755,0.14411741118,9.21587936295,1.01183245231,0.535568209159,7.92599024232,0.870212578533,0.452963349106,0.970788925185,0.492841180439,3.61281481615,1.96978045609,0.970788925185,3.61281481615,0.326014159631,0.34184675835,696,0.0895752895753,0.516702508126,37,37,37,1,0,0.378378378378,0.621621621622,0,-5,-0.00375375375375,0.244491637975,-0.27027027027,-0.893280632411,-0.66332046332,0.165699157012,0.0134042354781,0.00147476853708,-0.292612179426,-0.0168640011029,-0.00892365112262,-0.127323104116,-0.00105231567144,-0.00886690219815,0.330189354859,0.121541277721,1.61281481615,0.244491637975,0.330189354859,1.61281481615,-0.0180572346164,-0.0347222793072,-114,-0.0146718146718,-0.0528743202243,-0.027027027027,0.0810810810811,-0.0540540540541,327,10,15,980,0.956140350877,0.989898989899,0.010101010101,0.0438596491228,0.970326409496,0.956140350877,0.963181148748,0.950634029039,0.946039340776,0.928977272727,166,171,0,0,0,0
1815,WLNM_dir_neg,0.968674121952,0.736694927024,00:00:05,10,50,2,1237612637,threshold_sweep,0.6,0.939759036145,0.912280701754,0.925816023739,156,10,15,332,0.912280701754,0.970760233918,0.0292397660819,0.0877192982456,0.939759036145,0.912280701754,0.925816023739,0.95126705653,0.558804418454,0.889543446244,0.889760585895,0.883040935673,342,171,171,0,342,0,171,0,171,37,342,0.256756756757,1.72528881811,18.4864864865,15.5454545455,9.77142857143,5.36771015539,0.290358590277,0.142642642643,9.50849154237,1.02869645341,0.544491860281,8.05331334643,0.871264894205,0.461830251304,0.640599570326,0.371299902718,2,1.72528881811,0.640599570326,2,0.344071394247,0.376569037657,810,0.104247104247,0.56957682835,37,37,37,1,0,0.405405405405,0.540540540541,0.0540540540541,37,0.128378378378,1.94880781403,9.24324324324,7.77272727273,4.88571428571,4.87855514474,0.527796901624,0.293345977557,5.95516279912,1.28854399747,0.648332543069,4.08487284823,0.883861376517,0.46783625731,0.909653241612,0.46677421707,2.76264090177,1.94880781403,0.909653241612,2.76264090177,0.0870556636811,0.026286966046,16,0.0020592020592,0.185353210928,37,37,37,1,0,0.405405405405,0.540540540541,0.0540540540541,37,337,0.253003003003,1.96978045609,18.2162162162,14.652173913,9.10810810811,5.53340931241,0.303762825755,0.14411741118,9.21587936295,1.01183245231,0.535568209159,7.92599024232,0.870212578533,0.452963349106,0.970788925185,0.492841180439,3.61281481615,1.96978045609,0.970788925185,3.61281481615,0.326014159631,0.34184675835,696,0.0895752895753,0.516702508126,37,37,37,1,0,0.378378378378,0.621621621622,0,-5,-0.00375375375375,0.244491637975,-0.27027027027,-0.893280632411,-0.66332046332,0.165699157012,0.0134042354781,0.00147476853708,-0.292612179426,-0.0168640011029,-0.00892365112262,-0.127323104116,-0.00105231567144,-0.00886690219815,0.330189354859,0.121541277721,1.61281481615,0.244491637975,0.330189354859,1.61281481615,-0.0180572346164,-0.0347222793072,-114,-0.0146718146718,-0.0528743202243,-0.027027027027,0.0810810810811,-0.0540540540541,327,10,15,980,0.956140350877,0.989898989899,0.010101010101,0.0438596491228,0.970326409496,0.956140350877,0.963181148748,0.950634029039,0.946039340776,0.928977272727,166,171,0,0,0,0
1816,WLNM_dir_neg,0.968674121952,0.736694927024,00:00:05,10,50,2,1237612637,threshold_sweep,0.7,0.939024390244,0.900584795322,0.919402985075,154,10,17,332,0.900584795322,0.970760233918,0.0292397660819,0.0994152046784,0.939024390244,0.900584795322,0.919402985075,0.947368421053,0.560103963613,0.88035450517,0.88077834561,0.87134502924,342,171,171,0,342,0,171,0,171,37,342,0.256756756757,1.72528881811,18.4864864865,15.5454545455,9.77142857143,5.36771015539,0.290358590277,0.142642642643,9.50849154237,1.02869645341,0.544491860281,8.05331334643,0.871264894205,0.461830251304,0.640599570326,0.371299902718,2,1.72528881811,0.640599570326,2,0.344071394247,0.376569037657,810,0.104247104247,0.56957682835,37,37,37,1,0,0.405405405405,0.540540540541,0.0540540540541,37,0.128378378378,1.94880781403,9.24324324324,7.77272727273,4.88571428571,4.87855514474,0.527796901624,0.293345977557,5.95516279912,1.28854399747,0.648332543069,4.08487284823,0.883861376517,0.46783625731,0.909653241612,0.46677421707,2.76264090177,1.94880781403,0.909653241612,2.76264090177,0.0870556636811,0.026286966046,16,0.0020592020592,0.185353210928,37,37,37,1,0,0.405405405405,0.540540540541,0.0540540540541,37,335,0.251501501502,1.96450329562,18.1081081081,14.5652173913,9.05405405405,5.50647993925,0.304089190675,0.143122226704,9.15589047173,1.01124760434,0.534409035902,7.94755708779,0.877789887308,0.455344897136,0.968252283889,0.49287384045,3.61138534644,1.96450329562,0.968252283889,3.61138534644,0.323032591216,0.336425376843,677,0.08712998713,0.518534445515,37,37,37,1,0,0.378378378378,0.621621621622,0,-7,-0.00525525525526,0.239214477505,-0.378378378378,-0.98023715415,-0.717374517375,0.138769783853,0.0137306003977,0.000479584061674,-0.352601070644,-0.0174488490744,-0.0100828243798,-0.105756258645,0.00652499310315,-0.00648535416799,0.327652713563,0.121573937732,1.61138534644,0.239214477505,0.327652713563,1.61138534644,-0.021038803031,-0.0401436608141,-133,-0.0171171171171,-0.0510423828347,-0.027027027027,0.0810810810811,-0.0540540540541,325,10,17,980,0.950292397661,0.989898989899,0.010101010101,0.0497076023392,0.970149253731,0.950292397661,0.96011816839,0.946622747125,0.94019138756,0.923295454545,164,171,0,0,0,0
1817,WLNM_dir_neg,0.968674121952,0.736694927024,00:00:05,10,50,2,1237612637,threshold_sweep,0.8,0.950310559006,0.894736842105,0.921686746988,153,8,18,334,0.894736842105,0.976608187135,0.0233918128655,0.105263157895,0.950310559006,0.894736842105,0.921686746988,0.949317738791,0.562053281352,0.884272997033,0.885150250272,0.87134502924,342,171,171,0,342,0,171,0,171,37,342,0.256756756757,1.72528881811,18.4864864865,15.5454545455,9.77142857143,5.36771015539,0.290358590277,0.142642642643,9.50849154237,1.02869645341,0.544491860281,8.05331334643,0.871264894205,0.461830251304,0.640599570326,0.371299902718,2,1.72528881811,0.640599570326,2,0.344071394247,0.376569037657,810,0.104247104247,0.56957682835,37,37,37,1,0,0.405405405405,0.540540540541,0.0540540540541,37,0.128378378378,1.94880781403,9.24324324324,7.77272727273,4.88571428571,4.87855514474,0.527796901624,0.293345977557,5.95516279912,1.28854399747,0.648332543069,4.08487284823,0.883861376517,0.46783625731,0.909653241612,0.46677421707,2.76264090177,1.94880781403,0.909653241612,2.76264090177,0.0870556636811,0.026286966046,16,0.0020592020592,0.185353210928,37,37,37,1,0,0.405405405405,0.540540540541,0.0540540540541,37,332,0.249249249249,1.96500700507,17.9459459459,14.4347826087,9.22222222222,5.54750166965,0.309122834002,0.147753174862,9.17268434746,1.02225699053,0.537935525887,8.00515974747,0.892141297158,0.463041354608,0.978627056509,0.498027260963,3.66697597913,1.96500700507,0.978627056509,3.66697597913,0.3260400104,0.337880552321,677,0.08712998713,0.520315732329,37,37,37,1,0,0.378378378378,0.594594594595,0.027027027027,-10,-0.00750750750751,0.239718186957,-0.540540540541,-1.11067193676,-0.549206349206,0.179791514257,0.0187642437245,0.00511053221897,-0.335807194915,-0.00643946288462,-0.006556334394,-0.04815359896,0.0208764029534,0.00121110330368,0.338027486183,0.126727358245,1.66697597913,0.239718186957,0.338027486183,1.66697597913,-0.0180313838471,-0.0386884853362,-133,-0.0171171171171,-0.0492610960208,-0.027027027027,0.0540540540541,-0.027027027027,324,8,18,982,0.947368421053,0.991919191919,0.00808080808081,0.0526315789474,0.975903614458,0.947368421053,0.961424332344,0.948549945697,0.939287612972,0.925714285714,161,171,0,0,0,0
1818,WLNM_dir_neg,0.968674121952,0.736694927024,00:00:05,10,50,2,1237612637,threshold_sweep,0.9,0.962025316456,0.888888888889,0.924012158055,152,6,19,336,0.888888888889,0.982456140351,0.0175438596491,0.111111111111,0.962025316456,0.888888888889,0.924012158055,0.95126705653,0.56400259909,0.888226527571,0.889730638865,0.87134502924,342,171,171,0,342,0,171,0,171,37,342,0.256756756757,1.72528881811,18.4864864865,15.5454545455,9.77142857143,5.36771015539,0.290358590277,0.142642642643,9.50849154237,1.02869645341,0.544491860281,8.05331334643,0.871264894205,0.461830251304,0.640599570326,0.371299902718,2,1.72528881811,0.640599570326,2,0.344071394247,0.376569037657,810,0.104247104247,0.56957682835,37,37,37,1,0,0.405405405405,0.540540540541,0.0540540540541,37,0.128378378378,1.94880781403,9.24324324324,7.77272727273,4.88571428571,4.87855514474,0.527796901624,0.293345977557,5.95516279912,1.28854399747,0.648332543069,4.08487284823,0.883861376517,0.46783625731,0.909653241612,0.46677421707,2.76264090177,1.94880781403,0.909653241612,2.76264090177,0.0870556636811,0.026286966046,16,0.0020592020592,0.185353210928,37,37,37,1,0,0.405405405405,0.540540540541,0.0540540540541,37,329,0.246996996997,1.95849531615,17.7837837838,14.3043478261,9.13888888889,5.53340931241,0.311149155865,0.146553848682,9.09451539172,1.02278744527,0.536433089625,8.06495775212,0.907001327746,0.469563788713,0.975351998704,0.498010891658,3.66652413568,1.95849531615,0.975351998704,3.66652413568,0.328993339669,0.339291680588,677,0.08712998713,0.525607734918,37,37,37,1,0,0.378378378378,0.594594594595,0.027027027027,-13,-0.00975975975976,0.233206498036,-0.702702702703,-1.24110671937,-0.63253968254,0.165699157012,0.0207905655876,0.00391120603887,-0.413976150656,-0.00590900814552,-0.00805877065675,0.0116444056897,0.0357364335416,0.00773353740879,0.334752428378,0.12671098894,1.66652413568,0.233206498036,0.334752428378,1.66652413568,-0.015078054578,-0.0372773570689,-133,-0.0171171171171,-0.0439690934318,-0.027027027027,0.0540540540541,-0.027027027027,323,6,19,984,0.944444444444,0.993939393939,0.00606060606061,0.0555555555556,0.981762917933,0.944444444444,0.962742175857,0.950523271824,0.938383838384,0.92816091954,158,171,0,0,0,0
1819,WLNM_dir_neg,0.961235935844,0.638132926366,00:00:05,10,50,3,1237612638,threshold_sweep,0.1,0.844086021505,0.918128654971,0.879551820728,157,29,14,313,0.918128654971,0.915204678363,0.0847953216374,0.0818713450292,0.844086021505,0.918128654971,0.879551820728,0.916179337232,0.545808966862,0.815450643777,0.81714572642,0.833333333333,342,171,171,0,342,0,171,0,171,37,342,0.256756756757,1.72528881811,18.4864864865,15.5454545455,9.77142857143,5.36771015539,0.290358590277,0.142642642643,9.50849154237,1.02869645341,0.544491860281,8.05331334643,0.871264894205,0.461830251304,0.640599570326,0.371299902718,2,1.72528881811,0.640599570326,2,0.344071394247,0.376569037657,810,0.104247104247,0.56957682835,37,37,37,1,0,0.405405405405,0.540540540541,0.0540540540541,37,0.128378378378,1.93445958055,9.24324324324,7.77272727273,4.88571428571,4.83278965566,0.522845664501,0.29192350245,5.95516279912,1.28854399747,0.64801643749,4.225263643,0.914238332111,0.477635530267,0.903336085911,0.466970773126,2.63363351254,1.93445958055,0.903336085911,2.63363351254,0.0761749733563,0.0330214639516,20,0.002574002574,0.187846010764,37,37,37,1,0,0.405405405405,0.540540540541,0.0540540540541,37,357,0.268018018018,2.86885699901,19.2972972973,13.2222222222,9.64864864865,5.61181721838,0.290808455294,0.144144144144,9.24727051686,0.958400585781,0.517525929291,7.77894671611,0.806221368336,0.428344310697,1.2775342793,0.445311244075,3.98719579341,2.86885699901,1.2775342793,3.98719579341,0.342202334583,0.357420962467,765,0.0984555984556,0.38548827587,37,37,37,1,0,0.27027027027,0.72972972973,0,15,0.0112612612613,1.14356818089,0.810810810811,-2.32323232323,-0.12277992278,0.244107062985,0.000449865017016,0.0015015015015,-0.261221025513,-0.0702958676337,-0.0269659309907,-0.274366630329,-0.065043525869,-0.0334859406067,0.636934708974,0.074011341357,1.98719579341,1.14356818089,0.636934708974,1.98719579341,-0.00186905966443,-0.01914807519,-45,-0.00579150579151,-0.184088552479,-0.135135135135,0.189189189189,-0.0540540540541,328,29,14,961,0.959064327485,0.970707070707,0.0292929292929,0.0409356725146,0.918767507003,0.959064327485,0.938483547926,0.917002282404,0.929771398192,0.88409703504,186,171,0,0,0,0
1820,WLNM_dir_neg,0.961235935844,0.638132926366,00:00:05,10,50,3,1237612638,threshold_sweep,0.2,0.847826086957,0.912280701754,0.878873239437,156,28,15,314,0.912280701754,0.918128654971,0.0818713450292,0.0877192982456,0.847826086957,0.912280701754,0.878873239437,0.916179337232,0.547108512021,0.814921090387,0.816199795709,0.830409356725,342,171,171,0,342,0,171,0,171,37,342,0.256756756757,1.72528881811,18.4864864865,15.5454545455,9.77142857143,5.36771015539,0.290358590277,0.142642642643,9.50849154237,1.02869645341,0.544491860281,8.05331334643,0.871264894205,0.461830251304,0.640599570326,0.371299902718,2,1.72528881811,0.640599570326,2,0.344071394247,0.376569037657,810,0.104247104247,0.56957682835,37,37,37,1,0,0.405405405405,0.540540540541,0.0540540540541,37,0.128378378378,1.93445958055,9.24324324324,7.77272727273,4.88571428571,4.83278965566,0.522845664501,0.29192350245,5.95516279912,1.28854399747,0.64801643749,4.225263643,0.914238332111,0.477635530267,0.903336085911,0.466970773126,2.63363351254,1.93445958055,0.903336085911,2.63363351254,0.0761749733563,0.0330214639516,20,0.002574002574,0.187846010764,37,37,37,1,0,0.405405405405,0.540540540541,0.0540540540541,37,355,0.266516516517,2.570396276,19.1891891892,13.6538461538,9.59459459459,5.54195030772,0.288805861106,0.141530262657,9.23898581333,0.962936549558,0.519223448801,7.81188360932,0.814196319844,0.431214312904,1.15751742415,0.4503264477,3.70683766856,2.570396276,1.15751742415,3.70683766856,0.33732075413,0.35094872197,746,0.0960102960103,0.416524806638,37,37,37,1,0,0.297297297297,0.702702702703,0,13,0.00975975975976,0.845107457883,0.702702702703,-1.89160839161,-0.176833976834,0.174240152324,-0.0015527291707,-0.00111237998562,-0.269505729048,-0.0657599038568,-0.0252684114804,-0.241429737117,-0.0570685743605,-0.0306159383995,0.516917853826,0.0790265449826,1.70683766856,0.845107457883,0.516917853826,1.70683766856,-0.00675064011753,-0.0256203156873,-64,-0.00823680823681,-0.153052021712,-0.108108108108,0.162162162162,-0.0540540540541,327,28,15,962,0.956140350877,0.971717171717,0.0282828282828,0.0438596491228,0.921126760563,0.956140350877,0.938307030129,0.916749084806,0.927857522594,0.883783783784,184,171,0,0,0,0
1821,WLNM_dir_neg,0.961235935844,0.638132926366,00:00:05,10,50,3,1237612638,threshold_sweep,0.3,0.846994535519,0.906432748538,0.875706214689,155,28,16,314,0.906432748538,0.918128654971,0.0818713450292,0.093567251462,0.846994535519,0.906432748538,0.875706214689,0.914230019493,0.5477582846,0.810344827586,0.811431000305,0.824561403509,342,171,171,0,342,0,171,0,171,37,342,0.256756756757,1.72528881811,18.4864864865,15.5454545455,9.77142857143,5.36771015539,0.290358590277,0.142642642643,9.50849154237,1.02869645341,0.544491860281,8.05331334643,0.871264894205,0.461830251304,0.640599570326,0.371299902718,2,1.72528881811,0.640599570326,2,0.344071394247,0.376569037657,810,0.104247104247,0.56957682835,37,37,37,1,0,0.405405405405,0.540540540541,0.0540540540541,37,0.128378378378,1.93445958055,9.24324324324,7.77272727273,4.88571428571,4.83278965566,0.522845664501,0.29192350245,5.95516279912,1.28854399747,0.64801643749,4.225263643,0.914238332111,0.477635530267,0.903336085911,0.466970773126,2.63363351254,1.93445958055,0.903336085911,2.63363351254,0.0761749733563,0.0330214639516,20,0.002574002574,0.187846010764,37,37,37,1,0,0.405405405405,0.540540540541,0.0540540540541,37,354,0.265765765766,2.56815062465,19.1351351351,13.6153846154,9.56756756757,5.48818003715,0.286811668608,0.141242937853,9.21514616916,0.963164995081,0.51901053596,7.8228317569,0.817640607359,0.432127042297,1.15669666711,0.450400633048,3.70682717512,2.56815062465,1.15669666711,3.70682717512,0.332152052466,0.344914718888,728,0.0936936936937,0.417438403957,37,37,37,1,0,0.297297297297,0.702702702703,0,12,0.00900900900901,0.842861806536,0.648648648649,-1.93006993007,-0.203861003861,0.120469881752,-0.00354692166925,-0.00139970478954,-0.293345373218,-0.0655314583335,-0.0254813243216,-0.230481589538,-0.0536242868457,-0.0297032090074,0.516097096779,0.0791007303303,1.70682717512,0.842861806536,0.516097096779,1.70682717512,-0.0119193417812,-0.0316543187687,-82,-0.0105534105534,-0.152138424393,-0.108108108108,0.162162162162,-0.0540540540541,326,28,16,962,0.953216374269,0.971717171717,0.0282828282828,0.046783625731,0.920903954802,0.953216374269,0.936781609195,0.91468197931,0.924933545986,0.881081081081,183,171,0,0,0,0
1822,WLNM_dir_neg,0.961235935844,0.638132926366,00:00:05,10,50,3,1237612638,threshold_sweep,0.4,0.855555555556,0.900584795322,0.877492877493,154,26,17,316,0.900584795322,0.923976608187,0.0760233918129,0.0994152046784,0.855555555556,0.900584795322,0.877492877493,0.916179337232,0.549707602339,0.813852813853,0.814471217026,0.824561403509,342,171,171,0,342,0,171,0,171,37,342,0.256756756757,1.72528881811,18.4864864865,15.5454545455,9.77142857143,5.36771015539,0.290358590277,0.142642642643,9.50849154237,1.02869645341,0.544491860281,8.05331334643,0.871264894205,0.461830251304,0.640599570326,0.371299902718,2,1.72528881811,0.640599570326,2,0.344071394247,0.376569037657,810,0.104247104247,0.56957682835,37,37,37,1,0,0.405405405405,0.540540540541,0.0540540540541,37,0.128378378378,1.93445958055,9.24324324324,7.77272727273,4.88571428571,4.83278965566,0.522845664501,0.29192350245,5.95516279912,1.28854399747,0.64801643749,4.225263643,0.914238332111,0.477635530267,0.903336085911,0.466970773126,2.63363351254,1.93445958055,0.903336085911,2.63363351254,0.0761749733563,0.0330214639516,20,0.002574002574,0.187846010764,37,37,37,1,0,0.405405405405,0.540540540541,0.0540540540541,37,351,0.263513513514,2.60098316635,18.972972973,13.5,9.48648648649,5.60003217494,0.295158390987,0.14399014399,9.23044967492,0.973010364593,0.522676522677,7.8266695827,0.825033545755,0.43428043428,1.20000916644,0.461367525158,3.77557425305,2.60098316635,1.20000916644,3.77557425305,0.330767337478,0.344794651385,722,0.0929214929215,0.417552427856,37,37,37,1,0,0.297297297297,0.702702702703,0,9,0.00675675675676,0.875694348237,0.486486486486,-2.04545454545,-0.284942084942,0.232322019546,0.00479980070973,0.0013475013475,-0.278041867456,-0.0556860888223,-0.0218153376048,-0.226643763735,-0.0462313484502,-0.0275498170235,0.559409596112,0.0900676224405,1.77557425305,0.875694348237,0.559409596112,1.77557425305,-0.0133040567695,-0.031774386272,-88,-0.0113256113256,-0.152024400494,-0.108108108108,0.162162162162,-0.0540540540541,325,26,17,964,0.950292397661,0.973737373737,0.0262626262626,0.0497076023392,0.925925925926,0.950292397661,0.937950937951,0.916280728452,0.924029771398,0.883152173913,180,171,0,0,0,0
1823,WLNM_dir_neg,0.961235935844,0.638132926366,00:00:05,10,50,3,1237612638,threshold_sweep,0.5,0.855555555556,0.900584795322,0.877492877493,154,26,17,316,0.900584795322,0.923976608187,0.0760233918129,0.0994152046784,0.855555555556,0.900584795322,0.877492877493,0.916179337232,0.549707602339,0.813852813853,0.814471217026,0.824561403509,342,171,171,0,342,0,171,0,171,37,342,0.256756756757,1.72528881811,18.4864864865,15.5454545455,9.77142857143,5.36771015539,0.290358590277,0.142642642643,9.50849154237,1.02869645341,0.544491860281,8.05331334643,0.871264894205,0.461830251304,0.640599570326,0.371299902718,2,1.72528881811,0.640599570326,2,0.344071394247,0.376569037657,810,0.104247104247,0.56957682835,37,37,37,1,0,0.405405405405,0.540540540541,0.0540540540541,37,0.128378378378,1.93445958055,9.24324324324,7.77272727273,4.88571428571,4.83278965566,0.522845664501,0.29192350245,5.95516279912,1.28854399747,0.64801643749,4.225263643,0.914238332111,0.477635530267,0.903336085911,0.466970773126,2.63363351254,1.93445958055,0.903336085911,2.63363351254,0.0761749733563,0.0330214639516,20,0.002574002574,0.187846010764,37,37,37,1,0,0.405405405405,0.540540540541,0.0540540540541,37,351,0.263513513514,2.60098316635,18.972972973,13.5,9.48648648649,5.60003217494,0.295158390987,0.14399014399,9.23044967492,0.973010364593,0.522676522677,7.8266695827,0.825033545755,0.43428043428,1.20000916644,0.461367525158,3.77557425305,2.60098316635,1.20000916644,3.77557425305,0.330767337478,0.344794651385,722,0.0929214929215,0.417552427856,37,37,37,1,0,0.297297297297,0.702702702703,0,9,0.00675675675676,0.875694348237,0.486486486486,-2.04545454545,-0.284942084942,0.232322019546,0.00479980070973,0.0013475013475,-0.278041867456,-0.0556860888223,-0.0218153376048,-0.226643763735,-0.0462313484502,-0.0275498170235,0.559409596112,0.0900676224405,1.77557425305,0.875694348237,0.559409596112,1.77557425305,-0.0133040567695,-0.031774386272,-88,-0.0113256113256,-0.152024400494,-0.108108108108,0.162162162162,-0.0540540540541,325,26,17,964,0.950292397661,0.973737373737,0.0262626262626,0.0497076023392,0.925925925926,0.950292397661,0.937950937951,0.916280728452,0.924029771398,0.883152173913,180,171,0,0,0,0
1824,WLNM_dir_neg,0.961235935844,0.638132926366,00:00:05,10,50,3,1237612638,threshold_sweep,0.6,0.853107344633,0.883040935673,0.867816091954,151,26,20,316,0.883040935673,0.923976608187,0.0760233918129,0.116959064327,0.853107344633,0.883040935673,0.867816091954,0.910331384016,0.551656920078,0.8,0.800272350735,0.80701754386,342,171,171,0,342,0,171,0,171,37,342,0.256756756757,1.72528881811,18.4864864865,15.5454545455,9.77142857143,5.36771015539,0.290358590277,0.142642642643,9.50849154237,1.02869645341,0.544491860281,8.05331334643,0.871264894205,0.461830251304,0.640599570326,0.371299902718,2,1.72528881811,0.640599570326,2,0.344071394247,0.376569037657,810,0.104247104247,0.56957682835,37,37,37,1,0,0.405405405405,0.540540540541,0.0540540540541,37,0.128378378378,1.93445958055,9.24324324324,7.77272727273,4.88571428571,4.83278965566,0.522845664501,0.29192350245,5.95516279912,1.28854399747,0.64801643749,4.225263643,0.914238332111,0.477635530267,0.903336085911,0.466970773126,2.63363351254,1.93445958055,0.903336085911,2.63363351254,0.0761749733563,0.0330214639516,20,0.002574002574,0.187846010764,37,37,37,1,0,0.405405405405,0.540540540541,0.0540540540541,37,348,0.261261261261,2.60754045517,18.8108108108,13.3846153846,9.40540540541,5.53693576427,0.294348596664,0.145619757689,9.13010727532,0.970729796514,0.522211867039,7.78695297511,0.827923161147,0.437868903386,1.20574438291,0.46240677897,3.83798427589,2.60754045517,1.20574438291,3.83798427589,0.326137127419,0.341285296981,701,0.0902187902188,0.412274385077,37,37,37,1,0,0.297297297297,0.702702702703,0,6,0.0045045045045,0.882251637056,0.324324324324,-2.16083916084,-0.366023166023,0.169225608877,0.00399000638668,0.00297711504608,-0.378384267054,-0.0579666569009,-0.0222799932419,-0.26636037132,-0.0433417330577,-0.0239613479178,0.565144812583,0.0911068762523,1.83798427589,0.882251637056,0.565144812583,1.83798427589,-0.0179342668285,-0.0352837406754,-109,-0.0140283140283,-0.157302443272,-0.108108108108,0.162162162162,-0.0540540540541,322,26,20,964,0.941520467836,0.973737373737,0.0262626262626,0.0584795321637,0.925287356322,0.941520467836,0.933333333333,0.91009543836,0.915257841574,0.875,177,171,0,0,0,0
1825,WLNM_dir_neg,0.961235935844,0.638132926366,00:00:05,10,50,3,1237612638,threshold_sweep,0.7,0.862068965517,0.877192982456,0.869565217391,150,24,21,318,0.877192982456,0.929824561404,0.0701754385965,0.122807017544,0.862068965517,0.877192982456,0.869565217391,0.912280701754,0.553606237817,0.803493449782,0.80356240701,0.80701754386,342,171,171,0,342,0,171,0,171,37,342,0.256756756757,1.72528881811,18.4864864865,15.5454545455,9.77142857143,5.36771015539,0.290358590277,0.142642642643,9.50849154237,1.02869645341,0.544491860281,8.05331334643,0.871264894205,0.461830251304,0.640599570326,0.371299902718,2,1.72528881811,0.640599570326,2,0.344071394247,0.376569037657,810,0.104247104247,0.56957682835,37,37,37,1,0,0.405405405405,0.540540540541,0.0540540540541,37,0.128378378378,1.93445958055,9.24324324324,7.77272727273,4.88571428571,4.83278965566,0.522845664501,0.29192350245,5.95516279912,1.28854399747,0.64801643749,4.225263643,0.914238332111,0.477635530267,0.903336085911,0.466970773126,2.63363351254,1.93445958055,0.903336085911,2.63363351254,0.0761749733563,0.0330214639516,20,0.002574002574,0.187846010764,37,37,37,1,0,0.405405405405,0.540540540541,0.0540540540541,37,345,0.259009009009,2.60330741927,18.6486486486,13.2692307692,9.32432432432,5.3135895809,0.284931615208,0.139992166079,9.00016683195,0.965235283427,0.519702311007,7.85654028343,0.842585479673,0.445123384254,1.20368137926,0.462366207829,3.83781044487,2.60330741927,1.20368137926,3.83781044487,0.31628062249,0.327236777064,662,0.0851994851995,0.41539334882,37,37,37,1,0,0.297297297297,0.702702702703,0,3,0.00225225225225,0.878018601151,0.162162162162,-2.27622377622,-0.447104247104,-0.0541205744947,-0.00542697506952,-0.00265047656352,-0.508324710421,-0.0634611699879,-0.0247895492747,-0.196773063,-0.0286794145322,-0.0167068670501,0.563081808932,0.0910663051108,1.83781044487,0.878018601151,0.563081808932,1.83781044487,-0.0277907717579,-0.0493322605931,-148,-0.0190476190476,-0.15418347953,-0.108108108108,0.162162162162,-0.0540540540541,321,24,21,966,0.938596491228,0.975757575758,0.0242424242424,0.0614035087719,0.930434782609,0.938596491228,0.934497816594,0.911752425658,0.914354066986,0.877049180328,174,171,0,0,0,0
1826,WLNM_dir_neg,0.961235935844,0.638132926366,00:00:05,10,50,3,1237612638,threshold_sweep,0.8,0.87134502924,0.87134502924,0.87134502924,149,22,22,320,0.87134502924,0.93567251462,0.0643274853801,0.12865497076,0.87134502924,0.87134502924,0.87134502924,0.914230019493,0.555555555556,0.80701754386,0.80701754386,0.80701754386,342,171,171,0,342,0,171,0,171,37,342,0.256756756757,1.72528881811,18.4864864865,15.5454545455,9.77142857143,5.36771015539,0.290358590277,0.142642642643,9.50849154237,1.02869645341,0.544491860281,8.05331334643,0.871264894205,0.461830251304,0.640599570326,0.371299902718,2,1.72528881811,0.640599570326,2,0.344071394247,0.376569037657,810,0.104247104247,0.56957682835,37,37,37,1,0,0.405405405405,0.540540540541,0.0540540540541,37,0.128378378378,1.93445958055,9.24324324324,7.77272727273,4.88571428571,4.83278965566,0.522845664501,0.29192350245,5.95516279912,1.28854399747,0.64801643749,4.225263643,0.914238332111,0.477635530267,0.903336085911,0.466970773126,2.63363351254,1.93445958055,0.903336085911,2.63363351254,0.0761749733563,0.0330214639516,20,0.002574002574,0.187846010764,37,37,37,1,0,0.405405405405,0.540540540541,0.0540540540541,37,342,0.256756756757,2.60313577709,18.4864864865,13.1538461538,9.24324324324,5.37288264043,0.290638388444,0.143195827406,8.95484166187,0.968798659325,0.520309783468,7.88601224886,0.853165067859,0.450292397661,1.2119090093,0.46555735585,3.86989136675,2.60313577709,1.2119090093,3.86989136675,0.317786324048,0.328397937115,658,0.0846846846847,0.415860417589,37,37,37,1,0,0.297297297297,0.702702702703,0,0,0,0.877846958973,0,-2.39160839161,-0.528185328185,0.00517248503985,0.00027979816736,0.000553184763711,-0.553649880503,-0.0598977940895,-0.0241820768137,-0.167301097573,-0.0180998263456,-0.0115378536431,0.571309438973,0.0942574531322,1.86989136675,0.877846958973,0.571309438973,1.86989136675,-0.0262850701997,-0.0481711005416,-152,-0.0195624195624,-0.153716410761,-0.108108108108,0.162162162162,-0.0540540540541,320,22,22,968,0.93567251462,0.977777777778,0.0222222222222,0.0643274853801,0.93567251462,0.93567251462,0.93567251462,0.913450292398,0.913450292398,0.879120879121,171,171,0,0,0,0
1827,WLNM_dir_neg,0.961235935844,0.638132926366,00:00:05,10,50,3,1237612638,threshold_sweep,0.9,0.892215568862,0.87134502924,0.881656804734,149,18,22,324,0.87134502924,0.947368421053,0.0526315789474,0.12865497076,0.892215568862,0.87134502924,0.881656804734,0.922027290448,0.558154645874,0.823529411765,0.823657672946,0.818713450292,342,171,171,0,342,0,171,0,171,37,342,0.256756756757,1.72528881811,18.4864864865,15.5454545455,9.77142857143,5.36771015539,0.290358590277,0.142642642643,9.50849154237,1.02869645341,0.544491860281,8.05331334643,0.871264894205,0.461830251304,0.640599570326,0.371299902718,2,1.72528881811,0.640599570326,2,0.344071394247,0.376569037657,810,0.104247104247,0.56957682835,37,37,37,1,0,0.405405405405,0.540540540541,0.0540540540541,37,0.128378378378,1.93445958055,9.24324324324,7.77272727273,4.88571428571,4.83278965566,0.522845664501,0.29192350245,5.95516279912,1.28854399747,0.64801643749,4.225263643,0.914238332111,0.477635530267,0.903336085911,0.466970773126,2.63363351254,1.93445958055,0.903336085911,2.63363351254,0.0761749733563,0.0330214639516,20,0.002574002574,0.187846010764,37,37,37,1,0,0.405405405405,0.540540540541,0.0540540540541,37,338,0.253753753754,2.7744584381,18.2702702703,13,9.13513513514,5.39880978987,0.29549698554,0.144410682872,8.93545423257,0.97814143966,0.522948984487,7.96227969227,0.871610498858,0.458020150328,1.49124711596,0.53749124351,5.90909090909,2.7744584381,1.49124711596,5.90909090909,0.305553553272,0.317239034342,622,0.0800514800515,0.418926911601,37,37,37,1,0,0.297297297297,0.702702702703,0,-4,-0.003003003003,1.04916961998,-0.216216216216,-2.54545454545,-0.636293436293,0.0310996344722,0.00513839526285,0.00176804022958,-0.573037309805,-0.0505550137548,-0.0215428757939,-0.0910336541666,0.000345604652828,-0.00381010097609,0.850647545633,0.166191340792,3.90909090909,1.04916961998,0.850647545633,3.90909090909,-0.0385178409754,-0.0593300033148,-188,-0.0241956241956,-0.150649916749,-0.108108108108,0.162162162162,-0.0540540540541,320,18,22,972,0.93567251462,0.981818181818,0.0181818181818,0.0643274853801,0.94674556213,0.93567251462,0.941176470588,0.921044846908,0.917490696438,0.888888888889,167,171,0,0,0,0
1828,WLNM_dir_neg,0.931628535276,0.813280276913,00:00:05,10,50,4,1237612639,threshold_sweep,0.1,0.924242424242,0.713450292398,0.805280528053,122,10,49,332,0.713450292398,0.970760233918,0.0292397660819,0.286549707602,0.924242424242,0.713450292398,0.805280528053,0.884990253411,0.58089668616,0.725581395349,0.737821669534,0.684210526316,342,171,171,0,342,0,171,0,171,37,342,0.256756756757,1.72528881811,18.4864864865,15.5454545455,9.77142857143,5.36771015539,0.290358590277,0.142642642643,9.50849154237,1.02869645341,0.544491860281,8.05331334643,0.871264894205,0.461830251304,0.640599570326,0.371299902718,2,1.72528881811,0.640599570326,2,0.344071394247,0.376569037657,810,0.104247104247,0.56957682835,37,37,37,1,0,0.405405405405,0.540540540541,0.0540540540541,37,0.128378378378,1.96527022649,9.24324324324,7.77272727273,4.88571428571,4.76331703639,0.515329620896,0.287181918761,6.01549550629,1.30159844288,0.653074126758,4.13891660107,0.895555054033,0.471313418682,0.941435747245,0.479036284452,3.14067460317,1.96527022649,0.941435747245,3.14067460317,0.0527158843335,0.0248481501933,15,0.0019305019305,0.186153041703,37,37,37,1,0,0.405405405405,0.540540540541,0.0540540540541,37,303,0.227477477477,2.1103211136,16.3783783784,12.625,8.41666666667,5.60432051264,0.342177985095,0.175631076621,8.66614690056,1.05824236079,0.560699313175,6.90747516921,0.843487066867,0.450985639104,0.911642434469,0.431992282404,3.29220664433,2.1103211136,0.911642434469,3.29220664433,0.320435667615,0.330847723705,562,0.0723294723295,0.373958019067,37,37,37,1,0,0.351351351351,0.621621621622,0.027027027027,-39,-0.0292792792793,0.385032295483,-2.10810810811,-2.92045454545,-1.35476190476,0.236610357248,0.0518193948181,0.0329884339785,-0.842344641814,0.0295459073798,0.0162074528932,-1.14583817723,-0.027777827338,-0.0108446121995,0.271042864143,0.0606923796865,1.29220664433,0.385032295483,0.271042864143,1.29220664433,-0.0236357266321,-0.045721313952,-248,-0.0319176319176,-0.195618809283,-0.0540540540541,0.0810810810811,-0.027027027027,293,10,49,980,0.856725146199,0.989898989899,0.010101010101,0.143274853801,0.96699669967,0.856725146199,0.908527131783,0.882251273966,0.846624136098,0.832386363636,132,171,0,0,0,0
1829,WLNM_dir_neg,0.931628535276,0.813280276913,00:00:05,10,50,4,1237612639,threshold_sweep,0.2,0.921739130435,0.619883040936,0.741258741259,106,9,65,333,0.619883040936,0.973684210526,0.0263157894737,0.380116959064,0.921739130435,0.619883040936,0.741258741259,0.855750487329,0.591942820013,0.646496815287,0.670950659124,0.593567251462,342,171,171,0,342,0,171,0,171,37,342,0.256756756757,1.72528881811,18.4864864865,15.5454545455,9.77142857143,5.36771015539,0.290358590277,0.142642642643,9.50849154237,1.02869645341,0.544491860281,8.05331334643,0.871264894205,0.461830251304,0.640599570326,0.371299902718,2,1.72528881811,0.640599570326,2,0.344071394247,0.376569037657,810,0.104247104247,0.56957682835,37,37,37,1,0,0.405405405405,0.540540540541,0.0540540540541,37,0.128378378378,1.96527022649,9.24324324324,7.77272727273,4.88571428571,4.76331703639,0.515329620896,0.287181918761,6.01549550629,1.30159844288,0.653074126758,4.13891660107,0.895555054033,0.471313418682,0.941435747245,0.479036284452,3.14067460317,1.96527022649,0.941435747245,3.14067460317,0.0527158843335,0.0248481501933,15,0.0019305019305,0.186153041703,37,37,37,1,0,0.405405405405,0.540540540541,0.0540540540541,37,286,0.214714714715,2.20141914787,15.4594594595,11.9166666667,7.94444444444,5.6104792556,0.362915616184,0.187015687016,8.40848991809,1.08781163276,0.573993573994,6.62339560719,0.856872858273,0.455112455112,1.02838818269,0.467147832201,3.78118225071,2.20141914787,1.02838818269,3.78118225071,0.293307153601,0.290976460331,445,0.0572715572716,0.344917807567,37,37,37,1,0,0.351351351351,0.621621621622,0.027027027027,-56,-0.042042042042,0.476130329757,-3.02702702703,-3.62878787879,-1.82698412698,0.242769100203,0.0725570259066,0.044373044373,-1.10000162428,0.0591151793457,0.0295017137122,-1.42991773924,-0.0143920359318,-0.00671779619148,0.387788612369,0.0958479294836,1.78118225071,0.476130329757,0.387788612369,1.78118225071,-0.0507642406461,-0.0855925773256,-365,-0.0469755469755,-0.224659020783,-0.0540540540541,0.0810810810811,-0.027027027027,277,9,65,981,0.809941520468,0.990909090909,0.00909090909091,0.190058479532,0.968531468531,0.809941520468,0.882165605096,0.851987656797,0.800850611377,0.789173789174,115,171,0,0,0,0
1830,WLNM_dir_neg,0.931628535276,0.813280276913,00:00:05,10,50,4,1237612639,threshold_sweep,0.3,0.9375,0.614035087719,0.742049469965,105,7,66,335,0.614035087719,0.979532163743,0.0204678362573,0.385964912281,0.9375,0.614035087719,0.742049469965,0.857699805068,0.593892137752,0.6496,0.677329268271,0.593567251462,342,171,171,0,342,0,171,0,171,37,342,0.256756756757,1.72528881811,18.4864864865,15.5454545455,9.77142857143,5.36771015539,0.290358590277,0.142642642643,9.50849154237,1.02869645341,0.544491860281,8.05331334643,0.871264894205,0.461830251304,0.640599570326,0.371299902718,2,1.72528881811,0.640599570326,2,0.344071394247,0.376569037657,810,0.104247104247,0.56957682835,37,37,37,1,0,0.405405405405,0.540540540541,0.0540540540541,37,0.128378378378,1.96527022649,9.24324324324,7.77272727273,4.88571428571,4.76331703639,0.515329620896,0.287181918761,6.01549550629,1.30159844288,0.653074126758,4.13891660107,0.895555054033,0.471313418682,0.941435747245,0.479036284452,3.14067460317,1.96527022649,0.941435747245,3.14067460317,0.0527158843335,0.0248481501933,15,0.0019305019305,0.186153041703,37,37,37,1,0,0.405405405405,0.540540540541,0.0540540540541,37,283,0.212462462462,1.77077219344,15.2972972973,12.8636363636,7.86111111111,5.73422892649,0.37485242099,0.191194728297,8.46960649819,1.10733371178,0.581415337599,6.68421114857,0.873907464654,0.46242001719,0.700675510189,0.395689243815,2.35781992786,1.77077219344,0.700675510189,2.35781992786,0.280156984414,0.288996906761,436,0.0561132561133,0.410673540071,37,37,37,1,0,0.405405405405,0.567567567568,0.027027027027,-59,-0.0442942942943,0.0454833753212,-3.18918918919,-2.68181818182,-1.91031746032,0.366518771096,0.0844938307124,0.0485520856546,-1.03888504418,0.0786372583631,0.0369234773177,-1.36910219786,0.00264257044926,0.0005897658864,0.0600759398626,0.0243893410969,0.357819927855,0.0454833753212,0.0600759398626,0.357819927855,-0.0639144098335,-0.087572130896,-374,-0.0481338481338,-0.158903288279,0,0.027027027027,-0.027027027027,276,7,66,983,0.80701754386,0.992929292929,0.00707070707071,0.19298245614,0.975265017668,0.80701754386,0.8832,0.854300801645,0.799946836789,0.790830945559,112,171,0,0,0,0
1831,WLNM_dir_neg,0.931628535276,0.813280276913,00:00:05,10,50,4,1237612639,threshold_sweep,0.4,0.944444444444,0.59649122807,0.731182795699,102,6,69,336,0.59649122807,0.982456140351,0.0175438596491,0.40350877193,0.944444444444,0.59649122807,0.731182795699,0.853801169591,0.59649122807,0.63768115942,0.669438681395,0.578947368421,342,171,171,0,342,0,171,0,171,37,342,0.256756756757,1.72528881811,18.4864864865,15.5454545455,9.77142857143,5.36771015539,0.290358590277,0.142642642643,9.50849154237,1.02869645341,0.544491860281,8.05331334643,0.871264894205,0.461830251304,0.640599570326,0.371299902718,2,1.72528881811,0.640599570326,2,0.344071394247,0.376569037657,810,0.104247104247,0.56957682835,37,37,37,1,0,0.405405405405,0.540540540541,0.0540540540541,37,0.128378378378,1.96527022649,9.24324324324,7.77272727273,4.88571428571,4.76331703639,0.515329620896,0.287181918761,6.01549550629,1.30159844288,0.653074126758,4.13891660107,0.895555054033,0.471313418682,0.941435747245,0.479036284452,3.14067460317,1.96527022649,0.941435747245,3.14067460317,0.0527158843335,0.0248481501933,15,0.0019305019305,0.186153041703,37,37,37,1,0,0.405405405405,0.540540540541,0.0540540540541,37,279,0.209459459459,1.76532844021,15.0810810811,12.6818181818,7.75,5.56466220587,0.368982977809,0.18647679938,8.28517616856,1.09875096142,0.577545287223,6.74781690868,0.89487177642,0.470018405502,0.69409415759,0.393181315034,2.3298481617,1.76532844021,0.69409415759,2.3298481617,0.255867184257,0.267367458867,390,0.0501930501931,0.413446997066,37,37,37,1,0,0.405405405405,0.567567567568,0.027027027027,-63,-0.0472972972973,0.0400396220982,-3.40540540541,-2.86363636364,-2.02142857143,0.196952050479,0.0786243875316,0.0438341567374,-1.22331537381,0.0700545080077,0.0330534269414,-1.30549643776,0.0236068822147,0.00818815419834,0.0534945872643,0.0218814123165,0.329848161696,0.0400396220982,0.0534945872643,0.329848161696,-0.0882042099901,-0.10920157879,-420,-0.0540540540541,-0.156129831284,0,0.027027027027,-0.027027027027,273,6,69,984,0.798245614035,0.993939393939,0.00606060606061,0.201754385965,0.978494623656,0.798245614035,0.87922705314,0.850434719609,0.792185007974,0.784482758621,108,171,0,0,0,0
1832,WLNM_dir_neg,0.931628535276,0.813280276913,00:00:05,10,50,4,1237612639,threshold_sweep,0.5,0.951923076923,0.578947368421,0.72,99,5,72,337,0.578947368421,0.985380116959,0.0146198830409,0.421052631579,0.951923076923,0.578947368421,0.72,0.849902534113,0.599090318389,0.625607779579,0.66170434672,0.56432748538,342,171,171,0,342,0,171,0,171,37,342,0.256756756757,1.72528881811,18.4864864865,15.5454545455,9.77142857143,5.36771015539,0.290358590277,0.142642642643,9.50849154237,1.02869645341,0.544491860281,8.05331334643,0.871264894205,0.461830251304,0.640599570326,0.371299902718,2,1.72528881811,0.640599570326,2,0.344071394247,0.376569037657,810,0.104247104247,0.56957682835,37,37,37,1,0,0.405405405405,0.540540540541,0.0540540540541,37,0.128378378378,1.96527022649,9.24324324324,7.77272727273,4.88571428571,4.76331703639,0.515329620896,0.287181918761,6.01549550629,1.30159844288,0.653074126758,4.13891660107,0.895555054033,0.471313418682,0.941435747245,0.479036284452,3.14067460317,1.96527022649,0.941435747245,3.14067460317,0.0527158843335,0.0248481501933,15,0.0019305019305,0.186153041703,37,37,37,1,0,0.405405405405,0.540540540541,0.0540540540541,37,275,0.206456456456,1.77305174454,14.8648648649,12.5,7.63888888889,5.52852281939,0.37191880785,0.188894348894,8.22442345342,1.10655879191,0.579262899263,6.73523298508,0.906194983448,0.477641277641,0.701775476358,0.395800900069,2.31130740708,1.77305174454,0.701775476358,2.31130740708,0.228177256647,0.250880902044,356,0.0458172458172,0.412002599052,37,37,37,1,0,0.405405405405,0.567567567568,0.027027027027,-67,-0.0503003003003,0.0477629264251,-3.62162162162,-3.04545454545,-2.13253968254,0.160812664001,0.081560217573,0.0462517062517,-1.28406808896,0.0778623384997,0.0347710389816,-1.31808036135,0.0349300892428,0.0158110263373,0.0611759060315,0.0245009973511,0.311307407076,0.0477629264251,0.0611759060315,0.311307407076,-0.115894137601,-0.125688135613,-454,-0.0584298584299,-0.157574229298,0,0.027027027027,-0.027027027027,270,5,72,985,0.789473684211,0.994949494949,0.00505050505051,0.210526315789,0.981818181818,0.789473684211,0.875202593193,0.846597980273,0.78442317916,0.778097982709,104,171,0,0,0,0
1833,WLNM_dir_neg,0.931628535276,0.813280276913,00:00:05,10,50,4,1237612639,threshold_sweep,0.6,0.95,0.555555555556,0.70110701107,95,5,76,337,0.555555555556,0.985380116959,0.0146198830409,0.444444444444,0.95,0.555555555556,0.70110701107,0.842105263158,0.601689408707,0.603588907015,0.643697325591,0.540935672515,342,171,171,0,342,0,171,0,171,37,342,0.256756756757,1.72528881811,18.4864864865,15.5454545455,9.77142857143,5.36771015539,0.290358590277,0.142642642643,9.50849154237,1.02869645341,0.544491860281,8.05331334643,0.871264894205,0.461830251304,0.640599570326,0.371299902718,2,1.72528881811,0.640599570326,2,0.344071394247,0.376569037657,810,0.104247104247,0.56957682835,37,37,37,1,0,0.405405405405,0.540540540541,0.0540540540541,37,0.128378378378,1.96527022649,9.24324324324,7.77272727273,4.88571428571,4.76331703639,0.515329620896,0.287181918761,6.01549550629,1.30159844288,0.653074126758,4.13891660107,0.895555054033,0.471313418682,0.941435747245,0.479036284452,3.14067460317,1.96527022649,0.941435747245,3.14067460317,0.0527158843335,0.0248481501933,15,0.0019305019305,0.186153041703,37,37,37,1,0,0.405405405405,0.540540540541,0.0540540540541,37,271,0.203453453453,1.77266948123,14.6486486486,12.3181818182,7.52777777778,5.32924956264,0.363804859442,0.183404807021,8.03137615873,1.0965347523,0.574050064825,6.70842775939,0.915910801098,0.481898873043,0.701357530451,0.395650479617,2.31123601776,1.77266948123,0.701357530451,2.31123601776,0.211213847746,0.227228446176,311,0.0400257400257,0.408413734077,37,37,37,1,0,0.405405405405,0.567567567568,0.027027027027,-71,-0.0533033033033,0.0473806631133,-3.83783783784,-3.22727272727,-2.24365079365,-0.0384605927531,0.0734462691651,0.0407621643784,-1.47711538365,0.067838298884,0.0295582045436,-1.34488558704,0.0446459068931,0.0200686217388,0.0607579601247,0.0243505768995,0.31123601776,0.0473806631133,0.0607579601247,0.31123601776,-0.132857546501,-0.149340591481,-499,-0.0642213642214,-0.161163094273,0,0.027027027027,-0.027027027027,266,5,76,985,0.777777777778,0.994949494949,0.00505050505051,0.222222222222,0.981549815498,0.777777777778,0.867862969005,0.838522177583,0.772727272727,0.766570605187,100,171,0,0,0,0
1834,WLNM_dir_neg,0.931628535276,0.813280276913,00:00:05,10,50,4,1237612639,threshold_sweep,0.7,0.959183673469,0.549707602339,0.698884758364,94,4,77,338,0.549707602339,0.988304093567,0.0116959064327,0.450292397661,0.959183673469,0.549707602339,0.698884758364,0.842105263158,0.602988953866,0.602291325696,0.645157483114,0.538011695906,342,171,171,0,342,0,171,0,171,37,342,0.256756756757,1.72528881811,18.4864864865,15.5454545455,9.77142857143,5.36771015539,0.290358590277,0.142642642643,9.50849154237,1.02869645341,0.544491860281,8.05331334643,0.871264894205,0.461830251304,0.640599570326,0.371299902718,2,1.72528881811,0.640599570326,2,0.344071394247,0.376569037657,810,0.104247104247,0.56957682835,37,37,37,1,0,0.405405405405,0.540540540541,0.0540540540541,37,0.128378378378,1.96527022649,9.24324324324,7.77272727273,4.88571428571,4.76331703639,0.515329620896,0.287181918761,6.01549550629,1.30159844288,0.653074126758,4.13891660107,0.895555054033,0.471313418682,0.941435747245,0.479036284452,3.14067460317,1.96527022649,0.941435747245,3.14067460317,0.0527158843335,0.0248481501933,15,0.0019305019305,0.186153041703,37,37,37,1,0,0.405405405405,0.540540540541,0.0540540540541,37,269,0.201951951952,1.76909946484,14.5405405405,12.2272727273,7.47222222222,5.2946230303,0.364128349668,0.181854717171,8.0022519353,1.10068149296,0.575102984025,6.74392174335,0.927602618974,0.485682708731,0.696172283871,0.393517887325,2.31105416688,1.76909946484,0.696172283871,2.31105416688,0.206255756488,0.219530284302,296,0.0380952380952,0.409818099539,37,37,37,1,0,0.405405405405,0.567567567568,0.027027027027,-73,-0.0548048048048,0.0438106467215,-3.94594594595,-3.31818181818,-2.29920634921,-0.0730871250886,0.0737697593907,0.0392120745281,-1.50623960707,0.0719850395449,0.0306111237436,-1.30939160308,0.0563377247694,0.0238524574271,0.0555727135446,0.0222179846075,0.311054166877,0.0438106467215,0.0555727135446,0.311054166877,-0.137815637759,-0.157038753355,-514,-0.0661518661519,-0.159758728811,0,0.027027027027,-0.027027027027,265,4,77,986,0.77485380117,0.99595959596,0.0040404040404,0.22514619883,0.985130111524,0.77485380117,0.867430441899,0.838758882441,0.770813397129,0.765895953757,98,171,0,0,0,0
1835,WLNM_dir_neg,0.931628535276,0.813280276913,00:00:05,10,50,4,1237612639,threshold_sweep,0.8,0.957894736842,0.53216374269,0.684210526316,91,4,80,338,0.53216374269,0.988304093567,0.0116959064327,0.46783625731,0.957894736842,0.53216374269,0.684210526316,0.836257309942,0.604938271605,0.585526315789,0.631618818518,0.520467836257,342,171,171,0,342,0,171,0,171,37,342,0.256756756757,1.72528881811,18.4864864865,15.5454545455,9.77142857143,5.36771015539,0.290358590277,0.142642642643,9.50849154237,1.02869645341,0.544491860281,8.05331334643,0.871264894205,0.461830251304,0.640599570326,0.371299902718,2,1.72528881811,0.640599570326,2,0.344071394247,0.376569037657,810,0.104247104247,0.56957682835,37,37,37,1,0,0.405405405405,0.540540540541,0.0540540540541,37,0.128378378378,1.96527022649,9.24324324324,7.77272727273,4.88571428571,4.76331703639,0.515329620896,0.287181918761,6.01549550629,1.30159844288,0.653074126758,4.13891660107,0.895555054033,0.471313418682,0.941435747245,0.479036284452,3.14067460317,1.96527022649,0.941435747245,3.14067460317,0.0527158843335,0.0248481501933,15,0.0019305019305,0.186153041703,37,37,37,1,0,0.405405405405,0.540540540541,0.0540540540541,37,266,0.1996996997,1.77096159125,14.3783783784,12.0909090909,7.38888888889,5.19268369574,0.361145294628,0.181060760008,7.87343578058,1.09517715745,0.571225360699,6.64930170869,0.924902869254,0.486283275757,0.697911071523,0.394085944592,2.31113985531,1.77096159125,0.697911071523,2.31113985531,0.201451316931,0.213688212928,281,0.0361647361647,0.401833014828,37,37,37,1,0,0.405405405405,0.567567567568,0.027027027027,-76,-0.0570570570571,0.0456727731351,-4.10810810811,-3.45454545455,-2.38253968254,-0.175026459657,0.0707867043511,0.0384181173655,-1.63505576179,0.0664807040349,0.0267335004177,-1.40401163774,0.0536379750493,0.024453024453,0.0573115011972,0.0227860418739,0.311139855312,0.0456727731351,0.0573115011972,0.311139855312,-0.142620077316,-0.162880824729,-529,-0.0680823680824,-0.167743813522,0,0.027027027027,-0.027027027027,262,4,80,986,0.766081871345,0.99595959596,0.0040404040404,0.233918128655,0.984962406015,0.766081871345,0.861842105263,0.83270243427,0.762041467305,0.757225433526,95,171,0,0,0,0
1836,WLNM_dir_neg,0.931628535276,0.813280276913,00:00:05,10,50,4,1237612639,threshold_sweep,0.9,0.9625,0.450292397661,0.613545816733,77,3,94,339,0.450292397661,0.991228070175,0.00877192982456,0.549707602339,0.9625,0.450292397661,0.613545816733,0.810916179337,0.614684860299,0.509274873524,0.573684356889,0.441520467836,342,171,171,0,342,0,171,0,171,37,342,0.256756756757,1.72528881811,18.4864864865,15.5454545455,9.77142857143,5.36771015539,0.290358590277,0.142642642643,9.50849154237,1.02869645341,0.544491860281,8.05331334643,0.871264894205,0.461830251304,0.640599570326,0.371299902718,2,1.72528881811,0.640599570326,2,0.344071394247,0.376569037657,810,0.104247104247,0.56957682835,37,37,37,1,0,0.405405405405,0.540540540541,0.0540540540541,37,0.128378378378,1.96527022649,9.24324324324,7.77272727273,4.88571428571,4.76331703639,0.515329620896,0.287181918761,6.01549550629,1.30159844288,0.653074126758,4.13891660107,0.895555054033,0.471313418682,0.941435747245,0.479036284452,3.14067460317,1.96527022649,0.941435747245,3.14067460317,0.0527158843335,0.0248481501933,15,0.0019305019305,0.186153041703,37,37,37,1,0,0.405405405405,0.540540540541,0.0540540540541,37,251,0.188438438438,1.78139017275,13.5675675676,11.4090909091,7.17142857143,5.01963113154,0.369972812484,0.188758479595,7.48010373938,1.10264477433,0.575428017659,6.28107888439,0.925896090528,0.487347905675,0.715132766111,0.401446452917,2.28643808895,1.78139017275,0.715132766111,2.28643808895,0.171344931484,0.176719278467,209,0.0268983268983,0.373533022549,37,37,37,1,0,0.405405405405,0.540540540541,0.0540540540541,-91,-0.0683183183183,0.0561013546346,-4.91891891892,-4.13636363636,-2.6,-0.348079023856,0.0796142222067,0.0461158369525,-2.02838780299,0.0739483209168,0.0309361573778,-1.77223446204,0.054631196323,0.0255176543707,0.0745331957847,0.0301465501989,0.286438088951,0.0561013546346,0.0745331957847,0.286438088951,-0.172726462763,-0.19984975919,-601,-0.0773487773488,-0.196043805801,0,0,0,248,3,94,987,0.72514619883,0.99696969697,0.0030303030303,0.27485380117,0.988047808765,0.72514619883,0.836424957841,0.806655032792,0.7221158958,0.71884057971,80,171,0,0,0,0
1837,WLNM_dir_neg,0.968135494682,0.706015888442,00:00:05,10,50,5,1237612640,threshold_sweep,0.1,0.90303030303,0.87134502924,0.886904761905,149,16,22,326,0.87134502924,0.953216374269,0.046783625731,0.12865497076,0.90303030303,0.87134502924,0.886904761905,0.925925925926,0.559454191033,0.83185840708,0.832151722361,0.824561403509,342,171,171,0,342,0,171,0,171,37,342,0.256756756757,1.72528881811,18.4864864865,15.5454545455,9.77142857143,5.36771015539,0.290358590277,0.142642642643,9.50849154237,1.02869645341,0.544491860281,8.05331334643,0.871264894205,0.461830251304,0.640599570326,0.371299902718,2,1.72528881811,0.640599570326,2,0.344071394247,0.376569037657,810,0.104247104247,0.56957682835,37,37,37,1,0,0.405405405405,0.540540540541,0.0540540540541,37,0.128378378378,1.94193213213,9.24324324324,7.77272727273,4.88571428571,4.66312607,0.50449024734,0.280543701596,5.94115285928,1.28551260698,0.646119804015,4.15231763498,0.898454692948,0.469732890786,0.900296714387,0.463608742803,2.38711111111,1.94193213213,0.900296714387,2.38711111111,0.0413718722542,0.0150753768844,9,0.0011583011583,0.188465794225,37,37,37,1,0,0.405405405405,0.540540540541,0.0540540540541,37,336,0.252252252252,2.40027984175,18.1621621622,14,9.08108108108,4.78140793719,0.263262044161,0.126528314028,8.82036273624,0.971289944169,0.521074646075,8.02211657571,0.883387837207,0.458976833977,1.45737278951,0.60716786608,5.69419167818,2.40027984175,1.45737278951,5.69419167818,0.293065549815,0.30534351145,600,0.0772200772201,0.475801686924,37,37,37,1,0,0.351351351351,0.648648648649,0,-6,-0.0045045045045,0.674991023633,-0.324324324324,-1.54545454545,-0.690347490347,-0.586302218199,-0.0270965461161,-0.0161143286143,-0.688128806138,-0.0574065092458,-0.0234172142067,-0.0311967707197,0.0121229430018,-0.0028534173271,0.816773219184,0.235867963363,3.69419167818,0.674991023633,0.816773219184,3.69419167818,-0.0510058444326,-0.0712255262065,-210,-0.027027027027,-0.093775141426,-0.0540540540541,0.108108108108,-0.0540540540541,320,16,22,974,0.93567251462,0.983838383838,0.0161616161616,0.0643274853801,0.952380952381,0.93567251462,0.94395280236,0.924886038118,0.919510898458,0.893854748603,165,171,0,0,0,0
1838,WLNM_dir_neg,0.968135494682,0.706015888442,00:00:05,10,50,5,1237612640,threshold_sweep,0.2,0.913580246914,0.865497076023,0.888888888889,148,14,23,328,0.865497076023,0.959064327485,0.0409356725146,0.134502923977,0.913580246914,0.865497076023,0.888888888889,0.927875243665,0.561403508772,0.835555555556,0.836224803204,0.824561403509,342,171,171,0,342,0,171,0,171,37,342,0.256756756757,1.72528881811,18.4864864865,15.5454545455,9.77142857143,5.36771015539,0.290358590277,0.142642642643,9.50849154237,1.02869645341,0.544491860281,8.05331334643,0.871264894205,0.461830251304,0.640599570326,0.371299902718,2,1.72528881811,0.640599570326,2,0.344071394247,0.376569037657,810,0.104247104247,0.56957682835,37,37,37,1,0,0.405405405405,0.540540540541,0.0540540540541,37,0.128378378378,1.94193213213,9.24324324324,7.77272727273,4.88571428571,4.66312607,0.50449024734,0.280543701596,5.94115285928,1.28551260698,0.646119804015,4.15231763498,0.898454692948,0.469732890786,0.900296714387,0.463608742803,2.38711111111,1.94193213213,0.900296714387,2.38711111111,0.0413718722542,0.0150753768844,9,0.0011583011583,0.188465794225,37,37,37,1,0,0.405405405405,0.540540540541,0.0540540540541,37,333,0.25,2.38950845282,18,13.875,9,4.7609522857,0.264497349205,0.125801477153,8.73689494805,0.970766105339,0.519763006249,8.07946642903,0.897718492114,0.465059654249,1.45499743087,0.608910769557,5.69329329656,2.38950845282,1.45499743087,5.69329329656,0.290710164797,0.30138865078,586,0.0754182754183,0.47991029917,37,37,37,1,0,0.351351351351,0.648648648649,0,-9,-0.00675675675676,0.6642196347,-0.486486486486,-1.67045454545,-0.771428571429,-0.606757869698,-0.0258612410718,-0.0168411654898,-0.771596594321,-0.0579303480755,-0.0247288540318,0.026153082593,0.0264535979093,0.00322940294491,0.81439786054,0.237610866839,3.69329329656,0.6642196347,0.81439786054,3.69329329656,-0.0533612294506,-0.0751803868769,-224,-0.0288288288288,-0.0896665291794,-0.0540540540541,0.108108108108,-0.0540540540541,319,14,23,976,0.932748538012,0.985858585859,0.0141414141414,0.0672514619883,0.957957957958,0.932748538012,0.945185185185,0.926735070873,0.91860712387,0.89606741573,162,171,0,0,0,0
1839,WLNM_dir_neg,0.968135494682,0.706015888442,00:00:05,10,50,5,1237612640,threshold_sweep,0.3,0.925,0.865497076023,0.894259818731,148,12,23,330,0.865497076023,0.964912280702,0.0350877192982,0.134502923977,0.925,0.865497076023,0.894259818731,0.931773879142,0.562703053931,0.843982169391,0.844998617093,0.830409356725,342,171,171,0,342,0,171,0,171,37,342,0.256756756757,1.72528881811,18.4864864865,15.5454545455,9.77142857143,5.36771015539,0.290358590277,0.142642642643,9.50849154237,1.02869645341,0.544491860281,8.05331334643,0.871264894205,0.461830251304,0.640599570326,0.371299902718,2,1.72528881811,0.640599570326,2,0.344071394247,0.376569037657,810,0.104247104247,0.56957682835,37,37,37,1,0,0.405405405405,0.540540540541,0.0540540540541,37,0.128378378378,1.94193213213,9.24324324324,7.77272727273,4.88571428571,4.66312607,0.50449024734,0.280543701596,5.94115285928,1.28551260698,0.646119804015,4.15231763498,0.898454692948,0.469732890786,0.900296714387,0.463608742803,2.38711111111,1.94193213213,0.900296714387,2.38711111111,0.0413718722542,0.0150753768844,9,0.0011583011583,0.188465794225,37,37,37,1,0,0.405405405405,0.540540540541,0.0540540540541,37,331,0.248498498498,2.3868125176,17.8918918919,13.7916666667,8.94594594595,4.67132971661,0.261086404101,0.125010206581,8.66328762956,0.968403753154,0.518004409243,8.12043357472,0.907722182068,0.468849514167,1.45421295236,0.609269870018,5.69327821375,2.3868125176,1.45421295236,5.69327821375,0.282982270196,0.295285788292,570,0.0733590733591,0.482722504611,37,37,37,1,0,0.351351351351,0.648648648649,0,-11,-0.00825825825826,0.661523699485,-0.594594594595,-1.75378787879,-0.825482625483,-0.696380438779,-0.0292721861763,-0.0176324360614,-0.845203912811,-0.0602927002612,-0.0264874510383,0.0671202282859,0.0364572878635,0.0070192628628,0.81361338203,0.237969967301,3.69327821375,0.661523699485,0.81361338203,3.69327821375,-0.0610891240515,-0.0812832493647,-240,-0.030888030888,-0.086854323739,-0.0540540540541,0.108108108108,-0.0540540540541,319,12,23,978,0.932748538012,0.987878787879,0.0121212121212,0.0672514619883,0.963746223565,0.932748538012,0.947994056464,0.930643773641,0.92062732589,0.901129943503,160,171,0,0,0,0
1840,WLNM_dir_neg,0.968135494682,0.706015888442,00:00:05,10,50,5,1237612640,threshold_sweep,0.4,0.925,0.865497076023,0.894259818731,148,12,23,330,0.865497076023,0.964912280702,0.0350877192982,0.134502923977,0.925,0.865497076023,0.894259818731,0.931773879142,0.562703053931,0.843982169391,0.844998617093,0.830409356725,342,171,171,0,342,0,171,0,171,37,342,0.256756756757,1.72528881811,18.4864864865,15.5454545455,9.77142857143,5.36771015539,0.290358590277,0.142642642643,9.50849154237,1.02869645341,0.544491860281,8.05331334643,0.871264894205,0.461830251304,0.640599570326,0.371299902718,2,1.72528881811,0.640599570326,2,0.344071394247,0.376569037657,810,0.104247104247,0.56957682835,37,37,37,1,0,0.405405405405,0.540540540541,0.0540540540541,37,0.128378378378,1.94193213213,9.24324324324,7.77272727273,4.88571428571,4.66312607,0.50449024734,0.280543701596,5.94115285928,1.28551260698,0.646119804015,4.15231763498,0.898454692948,0.469732890786,0.900296714387,0.463608742803,2.38711111111,1.94193213213,0.900296714387,2.38711111111,0.0413718722542,0.0150753768844,9,0.0011583011583,0.188465794225,37,37,37,1,0,0.405405405405,0.540540540541,0.0540540540541,37,331,0.248498498498,2.3868125176,17.8918918919,13.7916666667,8.94594594595,4.67132971661,0.261086404101,0.125010206581,8.66328762956,0.968403753154,0.518004409243,8.12043357472,0.907722182068,0.468849514167,1.45421295236,0.609269870018,5.69327821375,2.3868125176,1.45421295236,5.69327821375,0.282982270196,0.295285788292,570,0.0733590733591,0.482722504611,37,37,37,1,0,0.351351351351,0.648648648649,0,-11,-0.00825825825826,0.661523699485,-0.594594594595,-1.75378787879,-0.825482625483,-0.696380438779,-0.0292721861763,-0.0176324360614,-0.845203912811,-0.0602927002612,-0.0264874510383,0.0671202282859,0.0364572878635,0.0070192628628,0.81361338203,0.237969967301,3.69327821375,0.661523699485,0.81361338203,3.69327821375,-0.0610891240515,-0.0812832493647,-240,-0.030888030888,-0.086854323739,-0.0540540540541,0.108108108108,-0.0540540540541,319,12,23,978,0.932748538012,0.987878787879,0.0121212121212,0.0672514619883,0.963746223565,0.932748538012,0.947994056464,0.930643773641,0.92062732589,0.901129943503,160,171,0,0,0,0
1841,WLNM_dir_neg,0.968135494682,0.706015888442,00:00:05,10,50,5,1237612640,threshold_sweep,0.5,0.930817610063,0.865497076023,0.89696969697,148,11,23,331,0.865497076023,0.96783625731,0.0321637426901,0.134502923977,0.930817610063,0.865497076023,0.89696969697,0.933723196881,0.563352826511,0.848214285714,0.849434056029,0.833333333333,342,171,171,0,342,0,171,0,171,37,342,0.256756756757,1.72528881811,18.4864864865,15.5454545455,9.77142857143,5.36771015539,0.290358590277,0.142642642643,9.50849154237,1.02869645341,0.544491860281,8.05331334643,0.871264894205,0.461830251304,0.640599570326,0.371299902718,2,1.72528881811,0.640599570326,2,0.344071394247,0.376569037657,810,0.104247104247,0.56957682835,37,37,37,1,0,0.405405405405,0.540540540541,0.0540540540541,37,0.128378378378,1.94193213213,9.24324324324,7.77272727273,4.88571428571,4.66312607,0.50449024734,0.280543701596,5.94115285928,1.28551260698,0.646119804015,4.15231763498,0.898454692948,0.469732890786,0.900296714387,0.463608742803,2.38711111111,1.94193213213,0.900296714387,2.38711111111,0.0413718722542,0.0150753768844,9,0.0011583011583,0.188465794225,37,37,37,1,0,0.405405405405,0.540540540541,0.0540540540541,37,330,0.247747747748,2.1931942793,17.8378378378,14.347826087,8.91891891892,4.64586741999,0.260450143242,0.123505323505,8.69028313814,0.974365079125,0.520393120393,8.14240743262,0.91293659093,0.471089271089,1.38766851348,0.632715727273,5.5,2.1931942793,1.38766851348,5.5,0.282982270196,0.295285788292,570,0.0733590733591,0.526246300253,37,37,37,1,0,0.378378378378,0.621621621622,0,-12,-0.00900900900901,0.467905461182,-0.648648648649,-1.1976284585,-0.85250965251,-0.721842735408,-0.0299084470355,-0.0191373191373,-0.818208404236,-0.0543313742901,-0.0240987398882,0.0890940861866,0.0416716967253,0.00925901978534,0.747068943151,0.261415824556,3.5,0.467905461182,0.747068943151,3.5,-0.0610891240515,-0.0812832493647,-240,-0.030888030888,-0.0433305280964,-0.027027027027,0.0810810810811,-0.0540540540541,319,11,23,979,0.932748538012,0.988888888889,0.0111111111111,0.0672514619883,0.966666666667,0.932748538012,0.949404761905,0.9326096875,0.921637426901,0.903682719547,159,171,0,0,0,0
1842,WLNM_dir_neg,0.968135494682,0.706015888442,00:00:05,10,50,5,1237612640,threshold_sweep,0.6,0.942675159236,0.865497076023,0.90243902439,148,9,23,333,0.865497076023,0.973684210526,0.0263157894737,0.134502923977,0.942675159236,0.865497076023,0.90243902439,0.937621832359,0.56465237167,0.85671641791,0.858404674039,0.83918128655,342,171,171,0,342,0,171,0,171,37,342,0.256756756757,1.72528881811,18.4864864865,15.5454545455,9.77142857143,5.36771015539,0.290358590277,0.142642642643,9.50849154237,1.02869645341,0.544491860281,8.05331334643,0.871264894205,0.461830251304,0.640599570326,0.371299902718,2,1.72528881811,0.640599570326,2,0.344071394247,0.376569037657,810,0.104247104247,0.56957682835,37,37,37,1,0,0.405405405405,0.540540540541,0.0540540540541,37,0.128378378378,1.94193213213,9.24324324324,7.77272727273,4.88571428571,4.66312607,0.50449024734,0.280543701596,5.94115285928,1.28551260698,0.646119804015,4.15231763498,0.898454692948,0.469732890786,0.900296714387,0.463608742803,2.38711111111,1.94193213213,0.900296714387,2.38711111111,0.0413718722542,0.0150753768844,9,0.0011583011583,0.188465794225,37,37,37,1,0,0.405405405405,0.540540540541,0.0540540540541,37,328,0.246246246246,2.18961621373,17.7297297297,14.2608695652,8.86486486486,4.54391319758,0.256287787059,0.120797626895,8.62220055104,0.972626281672,0.519281476599,8.18929573068,0.923792506205,0.476598549769,1.38617281037,0.633066562843,5.5,2.18961621373,1.38617281037,5.5,0.277704357488,0.288942976356,554,0.0712998712999,0.53048231419,37,37,37,1,0,0.378378378378,0.621621621622,0,-14,-0.0105105105105,0.464327395619,-0.756756756757,-1.28458498024,-0.906563706564,-0.823796957813,-0.0340708032185,-0.0218450157475,-0.886290991335,-0.0560701717427,-0.0252103836828,0.135982384248,0.0525276120001,0.0147682984653,0.745573240049,0.261766660126,3.5,0.464327395619,0.745573240049,3.5,-0.0663670367598,-0.0876260613009,-256,-0.0329472329472,-0.0390945141602,-0.027027027027,0.0810810810811,-0.0540540540541,319,9,23,981,0.932748538012,0.990909090909,0.00909090909091,0.0672514619883,0.97256097561,0.932748538012,0.95223880597,0.936564934854,0.923657628921,0.908831908832,157,171,0,0,0,0
1843,WLNM_dir_neg,0.968135494682,0.706015888442,00:00:05,10,50,5,1237612640,threshold_sweep,0.7,0.942675159236,0.865497076023,0.90243902439,148,9,23,333,0.865497076023,0.973684210526,0.0263157894737,0.134502923977,0.942675159236,0.865497076023,0.90243902439,0.937621832359,0.56465237167,0.85671641791,0.858404674039,0.83918128655,342,171,171,0,342,0,171,0,171,37,342,0.256756756757,1.72528881811,18.4864864865,15.5454545455,9.77142857143,5.36771015539,0.290358590277,0.142642642643,9.50849154237,1.02869645341,0.544491860281,8.05331334643,0.871264894205,0.461830251304,0.640599570326,0.371299902718,2,1.72528881811,0.640599570326,2,0.344071394247,0.376569037657,810,0.104247104247,0.56957682835,37,37,37,1,0,0.405405405405,0.540540540541,0.0540540540541,37,0.128378378378,1.94193213213,9.24324324324,7.77272727273,4.88571428571,4.66312607,0.50449024734,0.280543701596,5.94115285928,1.28551260698,0.646119804015,4.15231763498,0.898454692948,0.469732890786,0.900296714387,0.463608742803,2.38711111111,1.94193213213,0.900296714387,2.38711111111,0.0413718722542,0.0150753768844,9,0.0011583011583,0.188465794225,37,37,37,1,0,0.405405405405,0.540540540541,0.0540540540541,37,328,0.246246246246,2.18961621373,17.7297297297,14.2608695652,8.86486486486,4.54391319758,0.256287787059,0.120797626895,8.62220055104,0.972626281672,0.519281476599,8.18929573068,0.923792506205,0.476598549769,1.38617281037,0.633066562843,5.5,2.18961621373,1.38617281037,5.5,0.277704357488,0.288942976356,554,0.0712998712999,0.53048231419,37,37,37,1,0,0.378378378378,0.621621621622,0,-14,-0.0105105105105,0.464327395619,-0.756756756757,-1.28458498024,-0.906563706564,-0.823796957813,-0.0340708032185,-0.0218450157475,-0.886290991335,-0.0560701717427,-0.0252103836828,0.135982384248,0.0525276120001,0.0147682984653,0.745573240049,0.261766660126,3.5,0.464327395619,0.745573240049,3.5,-0.0663670367598,-0.0876260613009,-256,-0.0329472329472,-0.0390945141602,-0.027027027027,0.0810810810811,-0.0540540540541,319,9,23,981,0.932748538012,0.990909090909,0.00909090909091,0.0672514619883,0.97256097561,0.932748538012,0.95223880597,0.936564934854,0.923657628921,0.908831908832,157,171,0,0,0,0
1844,WLNM_dir_neg,0.968135494682,0.706015888442,00:00:05,10,50,5,1237612640,threshold_sweep,0.8,0.954545454545,0.859649122807,0.904615384615,147,7,24,335,0.859649122807,0.979532163743,0.0204678362573,0.140350877193,0.954545454545,0.859649122807,0.904615384615,0.939571150097,0.566601689409,0.860569715142,0.863096417957,0.83918128655,342,171,171,0,342,0,171,0,171,37,342,0.256756756757,1.72528881811,18.4864864865,15.5454545455,9.77142857143,5.36771015539,0.290358590277,0.142642642643,9.50849154237,1.02869645341,0.544491860281,8.05331334643,0.871264894205,0.461830251304,0.640599570326,0.371299902718,2,1.72528881811,0.640599570326,2,0.344071394247,0.376569037657,810,0.104247104247,0.56957682835,37,37,37,1,0,0.405405405405,0.540540540541,0.0540540540541,37,0.128378378378,1.94193213213,9.24324324324,7.77272727273,4.88571428571,4.66312607,0.50449024734,0.280543701596,5.94115285928,1.28551260698,0.646119804015,4.15231763498,0.898454692948,0.469732890786,0.900296714387,0.463608742803,2.38711111111,1.94193213213,0.900296714387,2.38711111111,0.0413718722542,0.0150753768844,9,0.0011583011583,0.188465794225,37,37,37,1,0,0.405405405405,0.540540540541,0.0540540540541,37,325,0.243993993994,1.95507415353,17.5675675676,14.1304347826,9.02777777778,4.54936222966,0.25896369615,0.121413721414,8.58336613306,0.977183221302,0.520249480249,8.17902172612,0.931150165743,0.482494802495,0.927822684047,0.474571607615,3.5,1.95507415353,0.927822684047,3.5,0.277887207299,0.289188243527,551,0.0709137709138,0.525172236493,37,37,37,1,0,0.378378378378,0.594594594595,0.027027027027,-17,-0.0127627627628,0.229785335416,-0.918918918919,-1.41501976285,-0.743650793651,-0.818347925729,-0.031394894127,-0.0212289212289,-0.925125409314,-0.0515132321125,-0.0242423800319,0.125708379689,0.0598852715384,0.0206645511909,0.287223113721,0.103271704897,1.5,0.229785335416,0.287223113721,1.5,-0.0661841869484,-0.08738079413,-259,-0.0333333333333,-0.0444045918571,-0.027027027027,0.0540540540541,-0.027027027027,318,7,24,983,0.929824561404,0.992929292929,0.00707070707071,0.0701754385965,0.978461538462,0.929824561404,0.953523238381,0.938555809987,0.922753854333,0.9111747851,154,171,0,0,0,0
1845,WLNM_dir_neg,0.968135494682,0.706015888442,00:00:05,10,50,5,1237612640,threshold_sweep,0.9,0.953947368421,0.847953216374,0.897832817337,145,7,26,335,0.847953216374,0.979532163743,0.0204678362573,0.152046783626,0.953947368421,0.847953216374,0.897832817337,0.93567251462,0.567901234568,0.851127819549,0.85427174586,0.827485380117,342,171,171,0,342,0,171,0,171,37,342,0.256756756757,1.72528881811,18.4864864865,15.5454545455,9.77142857143,5.36771015539,0.290358590277,0.142642642643,9.50849154237,1.02869645341,0.544491860281,8.05331334643,0.871264894205,0.461830251304,0.640599570326,0.371299902718,2,1.72528881811,0.640599570326,2,0.344071394247,0.376569037657,810,0.104247104247,0.56957682835,37,37,37,1,0,0.405405405405,0.540540540541,0.0540540540541,37,0.128378378378,1.94193213213,9.24324324324,7.77272727273,4.88571428571,4.66312607,0.50449024734,0.280543701596,5.94115285928,1.28551260698,0.646119804015,4.15231763498,0.898454692948,0.469732890786,0.900296714387,0.463608742803,2.38711111111,1.94193213213,0.900296714387,2.38711111111,0.0413718722542,0.0150753768844,9,0.0011583011583,0.188465794225,37,37,37,1,0,0.405405405405,0.540540540541,0.0540540540541,37,323,0.242492492492,1.94842416453,17.4594594595,14.0434782609,8.97222222222,4.56188675997,0.261284535788,0.123169609238,8.52658798716,0.976729893265,0.519454438959,8.19433628472,0.938670100727,0.485315036399,0.92474805556,0.474613316953,3.5,1.94842416453,0.92474805556,3.5,0.272203225098,0.283539823009,534,0.0687258687259,0.526766203726,37,37,37,1,0,0.378378378378,0.594594594595,0.027027027027,-19,-0.0142642642643,0.223135346419,-1.02702702703,-1.50197628458,-0.799206349206,-0.805823395421,-0.0290740544892,-0.0194730334049,-0.981903555219,-0.0519665601493,-0.0250374213223,0.14102293829,0.067405206522,0.0234847850947,0.284148485234,0.103313414235,1.5,0.223135346419,0.284148485234,1.5,-0.0718681691495,-0.0930292146481,-276,-0.0355212355212,-0.0428106246241,-0.027027027027,0.0540540540541,-0.027027027027,316,7,26,983,0.923976608187,0.992929292929,0.00707070707071,0.0760233918129,0.978328173375,0.923976608187,0.95037593985,0.934562980311,0.916905901116,0.905444126074,152,171,0,0,0,0
1846,WLNM_dir_neg,0.967861906228,0.924427178531,00:00:05,10,50,6,1237612641,threshold_sweep,0.1,0.898203592814,0.877192982456,0.887573964497,150,17,21,325,0.877192982456,0.950292397661,0.0497076023392,0.122807017544,0.898203592814,0.877192982456,0.887573964497,0.925925925926,0.558154645874,0.832352941176,0.832482576585,0.827485380117,342,171,171,0,342,0,171,0,171,37,342,0.256756756757,1.72528881811,18.4864864865,15.5454545455,9.77142857143,5.36771015539,0.290358590277,0.142642642643,9.50849154237,1.02869645341,0.544491860281,8.05331334643,0.871264894205,0.461830251304,0.640599570326,0.371299902718,2,1.72528881811,0.640599570326,2,0.344071394247,0.376569037657,810,0.104247104247,0.56957682835,37,37,37,1,0,0.405405405405,0.540540540541,0.0540540540541,37,0.128378378378,1.92086643936,9.24324324324,7.77272727273,4.88571428571,4.70463958594,0.508981475672,0.284811126916,5.93647553198,1.2845005537,0.646119804015,4.20549476116,0.909960854755,0.477951635846,0.878227860745,0.457204021452,2.76880787037,1.92086643936,0.878227860745,2.76880787037,0.0903102570995,0.0317195325543,19,0.0024453024453,0.189710607794,37,37,37,1,0,0.405405405405,0.540540540541,0.0540540540541,37,338,0.253753753754,1,18.2702702703,11.6551724138,9.38888888889,5.74769832507,0.314592955662,0.148408763793,8.78813013281,0.962014245308,0.514632976171,8.02136785981,0.878078730216,0.465056772749,0,0,0,NaN,NaN,NaN,0.323855746775,0.324213406293,632,0.0813384813385,0.356757752628,37,37,0,1,2,0.216216216216,0.756756756757,0.027027027027,-4,-0.003003003003,-0.725288818115,-0.216216216216,-3.89028213166,-0.38253968254,0.379988169679,0.0242343653851,0.00576612115074,-0.720361409563,-0.066682208107,-0.0298588841099,-0.0319454866274,0.00681383601067,0.00322652144514,-0.640599570326,-0.371299902718,-2,NaN,NaN,NaN,-0.020215647472,-0.0523556313642,-178,-0.0229086229086,-0.212819075722,-0.189189189189,0.216216216216,-0.027027027027,321,17,21,973,0.938596491228,0.982828282828,0.0171717171717,0.0614035087719,0.949704142012,0.938596491228,0.944117647059,0.924994164249,0.921424774056,0.894150417827,167,171,0,0,0,0
1847,WLNM_dir_neg,0.967861906228,0.924427178531,00:00:05,10,50,6,1237612641,threshold_sweep,0.2,0.942675159236,0.865497076023,0.90243902439,148,9,23,333,0.865497076023,0.973684210526,0.0263157894737,0.134502923977,0.942675159236,0.865497076023,0.90243902439,0.937621832359,0.56465237167,0.85671641791,0.858404674039,0.83918128655,342,171,171,0,342,0,171,0,171,37,342,0.256756756757,1.72528881811,18.4864864865,15.5454545455,9.77142857143,5.36771015539,0.290358590277,0.142642642643,9.50849154237,1.02869645341,0.544491860281,8.05331334643,0.871264894205,0.461830251304,0.640599570326,0.371299902718,2,1.72528881811,0.640599570326,2,0.344071394247,0.376569037657,810,0.104247104247,0.56957682835,37,37,37,1,0,0.405405405405,0.540540540541,0.0540540540541,37,0.128378378378,1.92086643936,9.24324324324,7.77272727273,4.88571428571,4.70463958594,0.508981475672,0.284811126916,5.93647553198,1.2845005537,0.646119804015,4.20549476116,0.909960854755,0.477951635846,0.878227860745,0.457204021452,2.76880787037,1.92086643936,0.878227860745,2.76880787037,0.0903102570995,0.0317195325543,19,0.0024453024453,0.189710607794,37,37,37,1,0,0.405405405405,0.540540540541,0.0540540540541,37,328,0.246246246246,1.85976792313,17.7297297297,14.2608695652,9.11111111111,5.35230297602,0.301882942245,0.142303889255,8.88557558369,1.00233627011,0.531641397495,8.11432944502,0.915335943493,0.477916941332,0.714895774989,0.384400529817,2.15384615385,1.85976792313,0.714895774989,2.15384615385,0.320182428433,0.312684879067,599,0.0770913770914,0.51541095758,37,37,37,1,0,0.378378378378,0.594594594595,0.027027027027,-14,-0.0105105105105,0.134479105019,-0.756756756757,-1.28458498024,-0.660317460317,-0.0154071793701,0.0115243519681,-0.000338753387534,-0.622915958686,-0.0263601833035,-0.0128504627863,0.0610160985872,0.0440710492884,0.0160866900276,0.0742962046631,0.0131006270991,0.153846153846,0.134479105019,0.0742962046631,0.153846153846,-0.0238889658142,-0.0638841585896,-211,-0.0271557271557,-0.0541658707703,-0.027027027027,0.0540540540541,-0.027027027027,319,9,23,981,0.932748538012,0.990909090909,0.00909090909091,0.0672514619883,0.97256097561,0.932748538012,0.95223880597,0.936564934854,0.923657628921,0.908831908832,157,171,0,0,0,0
1848,WLNM_dir_neg,0.967861906228,0.924427178531,00:00:05,10,50,6,1237612641,threshold_sweep,0.3,0.942307692308,0.859649122807,0.899082568807,147,9,24,333,0.859649122807,0.973684210526,0.0263157894737,0.140350877193,0.942307692308,0.859649122807,0.899082568807,0.93567251462,0.56530214425,0.85201793722,0.85395199004,0.833333333333,342,171,171,0,342,0,171,0,171,37,342,0.256756756757,1.72528881811,18.4864864865,15.5454545455,9.77142857143,5.36771015539,0.290358590277,0.142642642643,9.50849154237,1.02869645341,0.544491860281,8.05331334643,0.871264894205,0.461830251304,0.640599570326,0.371299902718,2,1.72528881811,0.640599570326,2,0.344071394247,0.376569037657,810,0.104247104247,0.56957682835,37,37,37,1,0,0.405405405405,0.540540540541,0.0540540540541,37,0.128378378378,1.92086643936,9.24324324324,7.77272727273,4.88571428571,4.70463958594,0.508981475672,0.284811126916,5.93647553198,1.2845005537,0.646119804015,4.20549476116,0.909960854755,0.477951635846,0.878227860745,0.457204021452,2.76880787037,1.92086643936,0.878227860745,2.76880787037,0.0903102570995,0.0317195325543,19,0.0024453024453,0.189710607794,37,37,37,1,0,0.405405405405,0.540540540541,0.0540540540541,37,327,0.245495495495,1.8582487494,17.6756756757,14.2173913043,9.08333333333,5.40089526557,0.305555236737,0.14513596165,8.87103123629,1.00375582796,0.533267212166,8.10868366326,0.917496316638,0.478717249359,0.713949683486,0.384205657997,2.15384615385,1.8582487494,0.713949683486,2.15384615385,0.321903577523,0.313526738902,598,0.0769626769627,0.514981571254,37,37,37,1,0,0.378378378378,0.594594594595,0.027027027027,-15,-0.0112612612613,0.132959931289,-0.810810810811,-1.32806324111,-0.688095238095,0.0331851101779,0.0151966464601,0.00249331900708,-0.637460306087,-0.0249406254556,-0.011224648115,0.0553703168215,0.0462314224326,0.0168869980555,0.0733501131603,0.012905755279,0.153846153846,0.132959931289,0.0733501131603,0.153846153846,-0.0221678167246,-0.0630422987544,-212,-0.0272844272844,-0.0545952570962,-0.027027027027,0.0540540540541,-0.027027027027,318,9,24,981,0.929824561404,0.990909090909,0.00909090909091,0.0701754385965,0.97247706422,0.929824561404,0.95067264574,0.934561228503,0.920733652313,0.905982905983,156,171,0,0,0,0
1849,WLNM_dir_neg,0.967861906228,0.924427178531,00:00:05,10,50,6,1237612641,threshold_sweep,0.4,0.941558441558,0.847953216374,0.892307692308,145,9,26,333,0.847953216374,0.973684210526,0.0263157894737,0.152046783626,0.941558441558,0.847953216374,0.892307692308,0.931773879142,0.566601689409,0.842578710645,0.845052590404,0.821637426901,342,171,171,0,342,0,171,0,171,37,342,0.256756756757,1.72528881811,18.4864864865,15.5454545455,9.77142857143,5.36771015539,0.290358590277,0.142642642643,9.50849154237,1.02869645341,0.544491860281,8.05331334643,0.871264894205,0.461830251304,0.640599570326,0.371299902718,2,1.72528881811,0.640599570326,2,0.344071394247,0.376569037657,810,0.104247104247,0.56957682835,37,37,37,1,0,0.405405405405,0.540540540541,0.0540540540541,37,0.128378378378,1.92086643936,9.24324324324,7.77272727273,4.88571428571,4.70463958594,0.508981475672,0.284811126916,5.93647553198,1.2845005537,0.646119804015,4.20549476116,0.909960854755,0.477951635846,0.878227860745,0.457204021452,2.76880787037,1.92086643936,0.878227860745,2.76880787037,0.0903102570995,0.0317195325543,19,0.0024453024453,0.189710607794,37,37,37,1,0,0.405405405405,0.540540540541,0.0540540540541,37,325,0.243993993994,1.85962908875,17.5675675676,14.1304347826,9.02777777778,5.40339677395,0.307577970209,0.147276507277,8.81959666228,1.00407715847,0.532723492723,8.05927738398,0.917517732946,0.48,0.715047435326,0.384510782098,2.15384615385,1.85962908875,0.715047435326,2.15384615385,0.322867613704,0.314058355438,592,0.0761904761905,0.509549107402,37,37,37,1,0,0.378378378378,0.594594594595,0.027027027027,-17,-0.0127627627628,0.134340270632,-0.918918918919,-1.41501976285,-0.743650793651,0.0356866185533,0.0172193799321,0.00463386463386,-0.688894880096,-0.02461929494,-0.0117683675578,0.00596403754703,0.0462528387407,0.0181697486961,0.0744478650001,0.0132108793801,0.153846153846,0.134340270632,0.0744478650001,0.153846153846,-0.0212037805439,-0.0625106822192,-218,-0.0280566280566,-0.0600277209481,-0.027027027027,0.0540540540541,-0.027027027027,316,9,26,981,0.923976608187,0.990909090909,0.00909090909091,0.0760233918129,0.972307692308,0.923976608187,0.947526236882,0.930552914332,0.914885699096,0.900284900285,154,171,0,0,0,0
1850,WLNM_dir_neg,0.967861906228,0.924427178531,00:00:05,10,50,6,1237612641,threshold_sweep,0.5,0.941558441558,0.847953216374,0.892307692308,145,9,26,333,0.847953216374,0.973684210526,0.0263157894737,0.152046783626,0.941558441558,0.847953216374,0.892307692308,0.931773879142,0.566601689409,0.842578710645,0.845052590404,0.821637426901,342,171,171,0,342,0,171,0,171,37,342,0.256756756757,1.72528881811,18.4864864865,15.5454545455,9.77142857143,5.36771015539,0.290358590277,0.142642642643,9.50849154237,1.02869645341,0.544491860281,8.05331334643,0.871264894205,0.461830251304,0.640599570326,0.371299902718,2,1.72528881811,0.640599570326,2,0.344071394247,0.376569037657,810,0.104247104247,0.56957682835,37,37,37,1,0,0.405405405405,0.540540540541,0.0540540540541,37,0.128378378378,1.92086643936,9.24324324324,7.77272727273,4.88571428571,4.70463958594,0.508981475672,0.284811126916,5.93647553198,1.2845005537,0.646119804015,4.20549476116,0.909960854755,0.477951635846,0.878227860745,0.457204021452,2.76880787037,1.92086643936,0.878227860745,2.76880787037,0.0903102570995,0.0317195325543,19,0.0024453024453,0.189710607794,37,37,37,1,0,0.405405405405,0.540540540541,0.0540540540541,37,325,0.243993993994,1.85962908875,17.5675675676,14.1304347826,9.02777777778,5.40339677395,0.307577970209,0.147276507277,8.81959666228,1.00407715847,0.532723492723,8.05927738398,0.917517732946,0.48,0.715047435326,0.384510782098,2.15384615385,1.85962908875,0.715047435326,2.15384615385,0.322867613704,0.314058355438,592,0.0761904761905,0.509549107402,37,37,37,1,0,0.378378378378,0.594594594595,0.027027027027,-17,-0.0127627627628,0.134340270632,-0.918918918919,-1.41501976285,-0.743650793651,0.0356866185533,0.0172193799321,0.00463386463386,-0.688894880096,-0.02461929494,-0.0117683675578,0.00596403754703,0.0462528387407,0.0181697486961,0.0744478650001,0.0132108793801,0.153846153846,0.134340270632,0.0744478650001,0.153846153846,-0.0212037805439,-0.0625106822192,-218,-0.0280566280566,-0.0600277209481,-0.027027027027,0.0540540540541,-0.027027027027,316,9,26,981,0.923976608187,0.990909090909,0.00909090909091,0.0760233918129,0.972307692308,0.923976608187,0.947526236882,0.930552914332,0.914885699096,0.900284900285,154,171,0,0,0,0
1851,WLNM_dir_neg,0.967861906228,0.924427178531,00:00:05,10,50,6,1237612641,threshold_sweep,0.6,0.947712418301,0.847953216374,0.895061728395,145,8,26,334,0.847953216374,0.976608187135,0.0233918128655,0.152046783626,0.947712418301,0.847953216374,0.895061728395,0.933723196881,0.567251461988,0.846846846847,0.849644293123,0.824561403509,342,171,171,0,342,0,171,0,171,37,342,0.256756756757,1.72528881811,18.4864864865,15.5454545455,9.77142857143,5.36771015539,0.290358590277,0.142642642643,9.50849154237,1.02869645341,0.544491860281,8.05331334643,0.871264894205,0.461830251304,0.640599570326,0.371299902718,2,1.72528881811,0.640599570326,2,0.344071394247,0.376569037657,810,0.104247104247,0.56957682835,37,37,37,1,0,0.405405405405,0.540540540541,0.0540540540541,37,0.128378378378,1.92086643936,9.24324324324,7.77272727273,4.88571428571,4.70463958594,0.508981475672,0.284811126916,5.93647553198,1.2845005537,0.646119804015,4.20549476116,0.909960854755,0.477951635846,0.878227860745,0.457204021452,2.76880787037,1.92086643936,0.878227860745,2.76880787037,0.0903102570995,0.0317195325543,19,0.0024453024453,0.189710607794,37,37,37,1,0,0.405405405405,0.540540540541,0.0540540540541,37,324,0.243243243243,1.85781188544,17.5135135135,14.0869565217,9.25714285714,5.42433621961,0.309722901429,0.149482816149,8.79837549843,1.00475275754,0.532699366033,8.08773215502,0.923599042395,0.484317650984,0.713773264428,0.384201043185,2.15384615385,1.85781188544,0.713773264428,2.15384615385,0.316152038025,0.3088,579,0.0745173745174,0.512466985274,37,37,37,1,0,0.378378378378,0.567567567568,0.0540540540541,-18,-0.0135135135135,0.132523067325,-0.972972972973,-1.45849802372,-0.514285714286,0.0566260642214,0.0193643111515,0.00684017350684,-0.710116043943,-0.0239436958778,-0.0117924942486,0.0344188085899,0.0523341481899,0.0224873996804,0.073173694102,0.0129011404676,0.153846153846,0.132523067325,0.073173694102,0.153846153846,-0.0279193562223,-0.0677690376569,-231,-0.0297297297297,-0.0571098430763,-0.027027027027,0.027027027027,0,316,8,26,982,0.923976608187,0.991919191919,0.00808080808081,0.0760233918129,0.975308641975,0.923976608187,0.948948948949,0.932553908662,0.915895800106,0.902857142857,153,171,0,0,0,0
1852,WLNM_dir_neg,0.967861906228,0.924427178531,00:00:05,10,50,6,1237612641,threshold_sweep,0.7,0.947368421053,0.842105263158,0.891640866873,144,8,27,334,0.842105263158,0.976608187135,0.0233918128655,0.157894736842,0.947368421053,0.842105263158,0.891640866873,0.931773879142,0.567901234568,0.842105263158,0.845215861628,0.818713450292,342,171,171,0,342,0,171,0,171,37,342,0.256756756757,1.72528881811,18.4864864865,15.5454545455,9.77142857143,5.36771015539,0.290358590277,0.142642642643,9.50849154237,1.02869645341,0.544491860281,8.05331334643,0.871264894205,0.461830251304,0.640599570326,0.371299902718,2,1.72528881811,0.640599570326,2,0.344071394247,0.376569037657,810,0.104247104247,0.56957682835,37,37,37,1,0,0.405405405405,0.540540540541,0.0540540540541,37,0.128378378378,1.92086643936,9.24324324324,7.77272727273,4.88571428571,4.70463958594,0.508981475672,0.284811126916,5.93647553198,1.2845005537,0.646119804015,4.20549476116,0.909960854755,0.477951635846,0.878227860745,0.457204021452,2.76880787037,1.92086643936,0.878227860745,2.76880787037,0.0903102570995,0.0317195325543,19,0.0024453024453,0.189710607794,37,37,37,1,0,0.405405405405,0.540540540541,0.0540540540541,37,323,0.242492492492,1.8568230864,17.4594594595,14.0434782609,9.22857142857,5.35202243494,0.306539984664,0.147770061083,8.74531191442,1.00178495614,0.531503639863,8.11257134414,0.929303838184,0.487657936574,0.712664086269,0.38380828604,2.15384615385,1.8568230864,0.712664086269,2.15384615385,0.316152038025,0.3088,579,0.0745173745174,0.513776905983,37,37,37,1,0,0.378378378378,0.567567567568,0.0540540540541,-19,-0.0142642642643,0.131534268281,-1.02702702703,-1.50197628458,-0.542857142857,-0.0156877204493,0.0161813943869,0.00512741844011,-0.763179627956,-0.0269114972739,-0.0129882204186,0.059257997709,0.0580389439787,0.0258276852704,0.0720645159432,0.0125083833223,0.153846153846,0.131534268281,0.0720645159432,0.153846153846,-0.0279193562223,-0.0677690376569,-231,-0.0297297297297,-0.0557999223668,-0.027027027027,0.027027027027,0,315,8,27,982,0.921052631579,0.991919191919,0.00808080808081,0.0789473684211,0.975232198142,0.921052631579,0.947368421053,0.930553143206,0.912971823498,0.9,152,171,0,0,0,0
1853,WLNM_dir_neg,0.967861906228,0.924427178531,00:00:05,10,50,6,1237612641,threshold_sweep,0.8,0.953642384106,0.842105263158,0.894409937888,144,7,27,335,0.842105263158,0.979532163743,0.0204678362573,0.157894736842,0.953642384106,0.842105263158,0.894409937888,0.933723196881,0.568551007147,0.846385542169,0.849862297752,0.821637426901,342,171,171,0,342,0,171,0,171,37,342,0.256756756757,1.72528881811,18.4864864865,15.5454545455,9.77142857143,5.36771015539,0.290358590277,0.142642642643,9.50849154237,1.02869645341,0.544491860281,8.05331334643,0.871264894205,0.461830251304,0.640599570326,0.371299902718,2,1.72528881811,0.640599570326,2,0.344071394247,0.376569037657,810,0.104247104247,0.56957682835,37,37,37,1,0,0.405405405405,0.540540540541,0.0540540540541,37,0.128378378378,1.92086643936,9.24324324324,7.77272727273,4.88571428571,4.70463958594,0.508981475672,0.284811126916,5.93647553198,1.2845005537,0.646119804015,4.20549476116,0.909960854755,0.477951635846,0.878227860745,0.457204021452,2.76880787037,1.92086643936,0.878227860745,2.76880787037,0.0903102570995,0.0317195325543,19,0.0024453024453,0.189710607794,37,37,37,1,0,0.405405405405,0.540540540541,0.0540540540541,37,322,0.241741741742,1.87274762941,17.4054054054,14,9.2,5.40811868839,0.310714893588,0.148816518382,8.76820285927,1.00752641551,0.533322142018,8.07556281102,0.927937341639,0.48615074702,0.731605745305,0.390659015564,2.15384615385,1.87274762941,0.731605745305,2.15384615385,0.309617534958,0.308461263834,576,0.0741312741313,0.51128366621,37,37,37,1,0,0.378378378378,0.567567567568,0.0540540540541,-20,-0.015015015015,0.147458811292,-1.08108108108,-1.54545454545,-0.571428571429,0.0404085329999,0.0203563033107,0.00617387573909,-0.740288683101,-0.0211700379082,-0.0111697182635,0.0222494645849,0.056672447434,0.0243204957164,0.0910061749785,0.0193591128466,0.153846153846,0.147458811292,0.0910061749785,0.153846153846,-0.0344538592893,-0.0681077738226,-234,-0.0301158301158,-0.0582931621403,-0.027027027027,0.027027027027,0,315,7,27,983,0.921052631579,0.992929292929,0.00707070707071,0.0789473684211,0.978260869565,0.921052631579,0.948795180723,0.932566122093,0.913981924508,0.902578796562,151,171,0,0,0,0
1854,WLNM_dir_neg,0.967861906228,0.924427178531,00:00:05,10,50,6,1237612641,threshold_sweep,0.9,0.959459459459,0.830409356725,0.890282131661,142,6,29,336,0.830409356725,0.982456140351,0.0175438596491,0.169590643275,0.959459459459,0.830409356725,0.890282131661,0.931773879142,0.570500324886,0.841149773071,0.845770451378,0.812865497076,342,171,171,0,342,0,171,0,171,37,342,0.256756756757,1.72528881811,18.4864864865,15.5454545455,9.77142857143,5.36771015539,0.290358590277,0.142642642643,9.50849154237,1.02869645341,0.544491860281,8.05331334643,0.871264894205,0.461830251304,0.640599570326,0.371299902718,2,1.72528881811,0.640599570326,2,0.344071394247,0.376569037657,810,0.104247104247,0.56957682835,37,37,37,1,0,0.405405405405,0.540540540541,0.0540540540541,37,0.128378378378,1.92086643936,9.24324324324,7.77272727273,4.88571428571,4.70463958594,0.508981475672,0.284811126916,5.93647553198,1.2845005537,0.646119804015,4.20549476116,0.909960854755,0.477951635846,0.878227860745,0.457204021452,2.76880787037,1.92086643936,0.878227860745,2.76880787037,0.0903102570995,0.0317195325543,19,0.0024453024453,0.189710607794,37,37,37,1,0,0.405405405405,0.540540540541,0.0540540540541,37,319,0.239489489489,1.86860766304,17.2432432432,13.8695652174,9.11428571429,5.30934922464,0.307908967573,0.146572905194,8.63568613806,1.00163130755,0.530034736931,8.12865764288,0.942822359832,0.491569939846,0.72765773029,0.389411723329,2.15384615385,1.86860766304,0.72765773029,2.15384615385,0.295417157847,0.295297119942,540,0.0694980694981,0.514850192581,37,37,37,1,0,0.378378378378,0.567567567568,0.0540540540541,-23,-0.0172672672673,0.143318844924,-1.24324324324,-1.67588932806,-0.657142857143,-0.0583609307529,0.0175503772961,0.00393026255095,-0.872805404315,-0.0270651458656,-0.01445712335,0.0753442964411,0.0715574656271,0.0297396885419,0.0870581599638,0.0181118206112,0.153846153846,0.143318844924,0.0870581599638,0.153846153846,-0.0486542363999,-0.0812719177152,-270,-0.034749034749,-0.0547266357685,-0.027027027027,0.027027027027,0,313,6,29,984,0.915204678363,0.993939393939,0.00606060606061,0.0847953216374,0.981191222571,0.915204678363,0.947049924357,0.930600534321,0.909144072302,0.899425287356,148,171,0,0,0,0
1855,WLNM_dir_neg,0.972205122944,0.836856205821,00:00:05,10,50,7,1237612642,threshold_sweep,0.1,0.927710843373,0.900584795322,0.913946587537,154,12,17,330,0.900584795322,0.964912280702,0.0350877192982,0.0994152046784,0.927710843373,0.900584795322,0.913946587537,0.943469785575,0.558804418454,0.871870397644,0.872083223261,0.865497076023,342,171,171,0,342,0,171,0,171,37,342,0.256756756757,1.72528881811,18.4864864865,15.5454545455,9.77142857143,5.36771015539,0.290358590277,0.142642642643,9.50849154237,1.02869645341,0.544491860281,8.05331334643,0.871264894205,0.461830251304,0.640599570326,0.371299902718,2,1.72528881811,0.640599570326,2,0.344071394247,0.376569037657,810,0.104247104247,0.56957682835,37,37,37,1,0,0.405405405405,0.540540540541,0.0540540540541,37,0.128378378378,1.94730669445,9.24324324324,7.77272727273,4.88571428571,4.76914507483,0.515960139674,0.288446341078,5.96913985685,1.29156827312,0.648964754228,4.23839167184,0.917078899756,0.481112691639,0.93457793312,0.479933610758,3.2503968254,1.94730669445,0.93457793312,3.2503968254,0.0725483887249,0.0298013245033,18,0.0023166023166,0.189376496817,37,37,37,1,0,0.405405405405,0.540540540541,0.0540540540541,37,337,0.253003003003,2.3561569969,18.2162162162,14.0416666667,9.36111111111,5.09975563214,0.279956911556,0.136658914107,9.0731097933,0.996157455051,0.528510706552,7.89438543025,0.866742614004,0.46194562515,1.44495522109,0.613267801336,5.85726210351,2.3561569969,1.44495522109,5.85726210351,0.339588427495,0.355023766596,722,0.0929214929215,0.470438185235,37,37,37,1,0,0.351351351351,0.621621621622,0.027027027027,-5,-0.00375375375375,0.630868178784,-0.27027027027,-1.50378787879,-0.410317460317,-0.267954523257,-0.0104016787207,-0.00598372853566,-0.435381749072,-0.0325389983638,-0.0159811537291,-0.158927916186,-0.00452228020132,0.000115373846437,0.804355650765,0.241967898619,3.85726210351,0.630868178784,0.804355650765,3.85726210351,-0.00448296675242,-0.0215452710613,-88,-0.0113256113256,-0.0991386431153,-0.0540540540541,0.0810810810811,-0.027027027027,325,12,17,978,0.950292397661,0.987878787879,0.0121212121212,0.0497076023392,0.964391691395,0.950292397661,0.957290132548,0.942727660042,0.93817118554,0.918079096045,166,171,0,0,0,0
1856,WLNM_dir_neg,0.972205122944,0.836856205821,00:00:05,10,50,7,1237612642,threshold_sweep,0.2,0.926829268293,0.888888888889,0.907462686567,152,12,19,330,0.888888888889,0.964912280702,0.0350877192982,0.111111111111,0.926829268293,0.888888888889,0.907462686567,0.939571150097,0.560103963613,0.862629246677,0.863044553416,0.853801169591,342,171,171,0,342,0,171,0,171,37,342,0.256756756757,1.72528881811,18.4864864865,15.5454545455,9.77142857143,5.36771015539,0.290358590277,0.142642642643,9.50849154237,1.02869645341,0.544491860281,8.05331334643,0.871264894205,0.461830251304,0.640599570326,0.371299902718,2,1.72528881811,0.640599570326,2,0.344071394247,0.376569037657,810,0.104247104247,0.56957682835,37,37,37,1,0,0.405405405405,0.540540540541,0.0540540540541,37,0.128378378378,1.94730669445,9.24324324324,7.77272727273,4.88571428571,4.76914507483,0.515960139674,0.288446341078,5.96913985685,1.29156827312,0.648964754228,4.23839167184,0.917078899756,0.481112691639,0.93457793312,0.479933610758,3.2503968254,1.94730669445,0.93457793312,3.2503968254,0.0725483887249,0.0298013245033,18,0.0023166023166,0.189376496817,37,37,37,1,0,0.405405405405,0.540540540541,0.0540540540541,37,335,0.251501501502,2.35426476416,18.1081081081,13.9583333333,9.30555555556,5.04856296266,0.278801238237,0.136345300524,9.02756872015,0.997074754166,0.528761597418,7.88439367762,0.870813630065,0.464058087939,1.44451137607,0.613572185279,5.85726210351,2.35426476416,1.44451137607,5.85726210351,0.340811592034,0.355848434926,720,0.0926640926641,0.468653338357,37,37,37,1,0,0.351351351351,0.621621621622,0.027027027027,-7,-0.00525525525526,0.628975946047,-0.378378378378,-1.58712121212,-0.465873015873,-0.319147192729,-0.0115573520404,-0.00629734211824,-0.480922822227,-0.0316216992492,-0.015730262863,-0.168919668816,-0.000451264139595,0.00222783663475,0.803911805746,0.242272282561,3.85726210351,0.628975946047,0.803911805746,3.85726210351,-0.00325980221331,-0.020720602731,-90,-0.011583011583,-0.100923489993,-0.0540540540541,0.0810810810811,-0.027027027027,323,12,19,978,0.944444444444,0.987878787879,0.0121212121212,0.0555555555556,0.964179104478,0.944444444444,0.954209748892,0.938700769937,0.932323232323,0.912429378531,164,171,0,0,0,0
1857,WLNM_dir_neg,0.972205122944,0.836856205821,00:00:05,10,50,7,1237612642,threshold_sweep,0.3,0.932098765432,0.883040935673,0.906906906907,151,11,20,331,0.883040935673,0.96783625731,0.0321637426901,0.116959064327,0.932098765432,0.883040935673,0.906906906907,0.939571150097,0.561403508772,0.862222222222,0.862912828839,0.850877192982,342,171,171,0,342,0,171,0,171,37,342,0.256756756757,1.72528881811,18.4864864865,15.5454545455,9.77142857143,5.36771015539,0.290358590277,0.142642642643,9.50849154237,1.02869645341,0.544491860281,8.05331334643,0.871264894205,0.461830251304,0.640599570326,0.371299902718,2,1.72528881811,0.640599570326,2,0.344071394247,0.376569037657,810,0.104247104247,0.56957682835,37,37,37,1,0,0.405405405405,0.540540540541,0.0540540540541,37,0.128378378378,1.94730669445,9.24324324324,7.77272727273,4.88571428571,4.76914507483,0.515960139674,0.288446341078,5.96913985685,1.29156827312,0.648964754228,4.23839167184,0.917078899756,0.481112691639,0.93457793312,0.479933610758,3.2503968254,1.94730669445,0.93457793312,3.2503968254,0.0725483887249,0.0298013245033,18,0.0023166023166,0.189376496817,37,37,37,1,0,0.405405405405,0.540540540541,0.0540540540541,37,333,0.25,2.39336102243,18,13.875,9.25,5.09356892998,0.282976051665,0.137570002435,9.00925450116,1.00102827791,0.529340150962,7.8775348654,0.875281651711,0.466033601169,1.50009875547,0.626774958484,5.92564102564,2.39336102243,1.50009875547,5.92564102564,0.333477835789,0.348976535197,699,0.0899613899614,0.467563935537,37,37,37,1,0,0.351351351351,0.621621621622,0.027027027027,-9,-0.00675675675676,0.668072204314,-0.486486486486,-1.67045454545,-0.521428571429,-0.274141225415,-0.00738253861164,-0.00507264020778,-0.499237041215,-0.0276681755082,-0.0151517093196,-0.175778481037,0.00401675750598,0.0042033498648,0.859499185145,0.255475055766,3.92564102564,0.668072204314,0.859499185145,3.92564102564,-0.0105935584583,-0.0275925024597,-111,-0.0142857142857,-0.102012892813,-0.0540540540541,0.0810810810811,-0.027027027027,322,11,20,979,0.941520467836,0.988888888889,0.0111111111111,0.0584795321637,0.966966966967,0.941520467836,0.954074074074,0.938641731313,0.930409356725,0.912181303116,162,171,0,0,0,0
1858,WLNM_dir_neg,0.972205122944,0.836856205821,00:00:05,10,50,7,1237612642,threshold_sweep,0.4,0.932098765432,0.883040935673,0.906906906907,151,11,20,331,0.883040935673,0.96783625731,0.0321637426901,0.116959064327,0.932098765432,0.883040935673,0.906906906907,0.939571150097,0.561403508772,0.862222222222,0.862912828839,0.850877192982,342,171,171,0,342,0,171,0,171,37,342,0.256756756757,1.72528881811,18.4864864865,15.5454545455,9.77142857143,5.36771015539,0.290358590277,0.142642642643,9.50849154237,1.02869645341,0.544491860281,8.05331334643,0.871264894205,0.461830251304,0.640599570326,0.371299902718,2,1.72528881811,0.640599570326,2,0.344071394247,0.376569037657,810,0.104247104247,0.56957682835,37,37,37,1,0,0.405405405405,0.540540540541,0.0540540540541,37,0.128378378378,1.94730669445,9.24324324324,7.77272727273,4.88571428571,4.76914507483,0.515960139674,0.288446341078,5.96913985685,1.29156827312,0.648964754228,4.23839167184,0.917078899756,0.481112691639,0.93457793312,0.479933610758,3.2503968254,1.94730669445,0.93457793312,3.2503968254,0.0725483887249,0.0298013245033,18,0.0023166023166,0.189376496817,37,37,37,1,0,0.405405405405,0.540540540541,0.0540540540541,37,333,0.25,2.39336102243,18,13.875,9.25,5.09356892998,0.282976051665,0.137570002435,9.00925450116,1.00102827791,0.529340150962,7.8775348654,0.875281651711,0.466033601169,1.50009875547,0.626774958484,5.92564102564,2.39336102243,1.50009875547,5.92564102564,0.333477835789,0.348976535197,699,0.0899613899614,0.467563935537,37,37,37,1,0,0.351351351351,0.621621621622,0.027027027027,-9,-0.00675675675676,0.668072204314,-0.486486486486,-1.67045454545,-0.521428571429,-0.274141225415,-0.00738253861164,-0.00507264020778,-0.499237041215,-0.0276681755082,-0.0151517093196,-0.175778481037,0.00401675750598,0.0042033498648,0.859499185145,0.255475055766,3.92564102564,0.668072204314,0.859499185145,3.92564102564,-0.0105935584583,-0.0275925024597,-111,-0.0142857142857,-0.102012892813,-0.0540540540541,0.0810810810811,-0.027027027027,322,11,20,979,0.941520467836,0.988888888889,0.0111111111111,0.0584795321637,0.966966966967,0.941520467836,0.954074074074,0.938641731313,0.930409356725,0.912181303116,162,171,0,0,0,0
1859,WLNM_dir_neg,0.972205122944,0.836856205821,00:00:05,10,50,7,1237612642,threshold_sweep,0.5,0.932098765432,0.883040935673,0.906906906907,151,11,20,331,0.883040935673,0.96783625731,0.0321637426901,0.116959064327,0.932098765432,0.883040935673,0.906906906907,0.939571150097,0.561403508772,0.862222222222,0.862912828839,0.850877192982,342,171,171,0,342,0,171,0,171,37,342,0.256756756757,1.72528881811,18.4864864865,15.5454545455,9.77142857143,5.36771015539,0.290358590277,0.142642642643,9.50849154237,1.02869645341,0.544491860281,8.05331334643,0.871264894205,0.461830251304,0.640599570326,0.371299902718,2,1.72528881811,0.640599570326,2,0.344071394247,0.376569037657,810,0.104247104247,0.56957682835,37,37,37,1,0,0.405405405405,0.540540540541,0.0540540540541,37,0.128378378378,1.94730669445,9.24324324324,7.77272727273,4.88571428571,4.76914507483,0.515960139674,0.288446341078,5.96913985685,1.29156827312,0.648964754228,4.23839167184,0.917078899756,0.481112691639,0.93457793312,0.479933610758,3.2503968254,1.94730669445,0.93457793312,3.2503968254,0.0725483887249,0.0298013245033,18,0.0023166023166,0.189376496817,37,37,37,1,0,0.405405405405,0.540540540541,0.0540540540541,37,333,0.25,2.39336102243,18,13.875,9.25,5.09356892998,0.282976051665,0.137570002435,9.00925450116,1.00102827791,0.529340150962,7.8775348654,0.875281651711,0.466033601169,1.50009875547,0.626774958484,5.92564102564,2.39336102243,1.50009875547,5.92564102564,0.333477835789,0.348976535197,699,0.0899613899614,0.467563935537,37,37,37,1,0,0.351351351351,0.621621621622,0.027027027027,-9,-0.00675675675676,0.668072204314,-0.486486486486,-1.67045454545,-0.521428571429,-0.274141225415,-0.00738253861164,-0.00507264020778,-0.499237041215,-0.0276681755082,-0.0151517093196,-0.175778481037,0.00401675750598,0.0042033498648,0.859499185145,0.255475055766,3.92564102564,0.668072204314,0.859499185145,3.92564102564,-0.0105935584583,-0.0275925024597,-111,-0.0142857142857,-0.102012892813,-0.0540540540541,0.0810810810811,-0.027027027027,322,11,20,979,0.941520467836,0.988888888889,0.0111111111111,0.0584795321637,0.966966966967,0.941520467836,0.954074074074,0.938641731313,0.930409356725,0.912181303116,162,171,0,0,0,0
1860,WLNM_dir_neg,0.972205122944,0.836856205821,00:00:05,10,50,7,1237612642,threshold_sweep,0.6,0.9375,0.877192982456,0.906344410876,150,10,21,332,0.877192982456,0.970760233918,0.0292397660819,0.122807017544,0.9375,0.877192982456,0.906344410876,0.939571150097,0.562703053931,0.861812778603,0.862850700553,0.847953216374,342,171,171,0,342,0,171,0,171,37,342,0.256756756757,1.72528881811,18.4864864865,15.5454545455,9.77142857143,5.36771015539,0.290358590277,0.142642642643,9.50849154237,1.02869645341,0.544491860281,8.05331334643,0.871264894205,0.461830251304,0.640599570326,0.371299902718,2,1.72528881811,0.640599570326,2,0.344071394247,0.376569037657,810,0.104247104247,0.56957682835,37,37,37,1,0,0.405405405405,0.540540540541,0.0540540540541,37,0.128378378378,1.94730669445,9.24324324324,7.77272727273,4.88571428571,4.76914507483,0.515960139674,0.288446341078,5.96913985685,1.29156827312,0.648964754228,4.23839167184,0.917078899756,0.481112691639,0.93457793312,0.479933610758,3.2503968254,1.94730669445,0.93457793312,3.2503968254,0.0725483887249,0.0298013245033,18,0.0023166023166,0.189376496817,37,37,37,1,0,0.405405405405,0.540540540541,0.0540540540541,37,331,0.248498498498,2.3902965602,17.8918918919,13.7916666667,9.45714285714,5.0650424139,0.283091494433,0.136441577529,8.95031329665,1.00048819328,0.528129337797,7.92305337447,0.885658534307,0.471789009553,1.49954058501,0.627344995589,5.92564102564,2.3902965602,1.49954058501,5.92564102564,0.32452768017,0.339174389217,671,0.0863577863578,0.470652627774,37,37,37,1,0,0.351351351351,0.594594594595,0.0540540540541,-11,-0.00825825825826,0.665007742084,-0.594594594595,-1.75378787879,-0.314285714286,-0.302667741488,-0.00726709584438,-0.00620106511345,-0.558178245729,-0.0282082601342,-0.0163625224843,-0.13025997196,0.014393640102,0.00995875824942,0.858941014688,0.256045092871,3.92564102564,0.665007742084,0.858941014688,3.92564102564,-0.0195437140771,-0.0373946484404,-139,-0.0178893178893,-0.0989242005756,-0.0540540540541,0.0540540540541,0,321,10,21,980,0.938596491228,0.989898989899,0.010101010101,0.0614035087719,0.969788519637,0.938596491228,0.953937592868,0.938597534599,0.928495481127,0.911931818182,160,171,0,0,0,0
1861,WLNM_dir_neg,0.972205122944,0.836856205821,00:00:05,10,50,7,1237612642,threshold_sweep,0.7,0.9375,0.877192982456,0.906344410876,150,10,21,332,0.877192982456,0.970760233918,0.0292397660819,0.122807017544,0.9375,0.877192982456,0.906344410876,0.939571150097,0.562703053931,0.861812778603,0.862850700553,0.847953216374,342,171,171,0,342,0,171,0,171,37,342,0.256756756757,1.72528881811,18.4864864865,15.5454545455,9.77142857143,5.36771015539,0.290358590277,0.142642642643,9.50849154237,1.02869645341,0.544491860281,8.05331334643,0.871264894205,0.461830251304,0.640599570326,0.371299902718,2,1.72528881811,0.640599570326,2,0.344071394247,0.376569037657,810,0.104247104247,0.56957682835,37,37,37,1,0,0.405405405405,0.540540540541,0.0540540540541,37,0.128378378378,1.94730669445,9.24324324324,7.77272727273,4.88571428571,4.76914507483,0.515960139674,0.288446341078,5.96913985685,1.29156827312,0.648964754228,4.23839167184,0.917078899756,0.481112691639,0.93457793312,0.479933610758,3.2503968254,1.94730669445,0.93457793312,3.2503968254,0.0725483887249,0.0298013245033,18,0.0023166023166,0.189376496817,37,37,37,1,0,0.405405405405,0.540540540541,0.0540540540541,37,331,0.248498498498,2.3902965602,17.8918918919,13.7916666667,9.45714285714,5.0650424139,0.283091494433,0.136441577529,8.95031329665,1.00048819328,0.528129337797,7.92305337447,0.885658534307,0.471789009553,1.49954058501,0.627344995589,5.92564102564,2.3902965602,1.49954058501,5.92564102564,0.32452768017,0.339174389217,671,0.0863577863578,0.470652627774,37,37,37,1,0,0.351351351351,0.594594594595,0.0540540540541,-11,-0.00825825825826,0.665007742084,-0.594594594595,-1.75378787879,-0.314285714286,-0.302667741488,-0.00726709584438,-0.00620106511345,-0.558178245729,-0.0282082601342,-0.0163625224843,-0.13025997196,0.014393640102,0.00995875824942,0.858941014688,0.256045092871,3.92564102564,0.665007742084,0.858941014688,3.92564102564,-0.0195437140771,-0.0373946484404,-139,-0.0178893178893,-0.0989242005756,-0.0540540540541,0.0540540540541,0,321,10,21,980,0.938596491228,0.989898989899,0.010101010101,0.0614035087719,0.969788519637,0.938596491228,0.953937592868,0.938597534599,0.928495481127,0.911931818182,160,171,0,0,0,0
1862,WLNM_dir_neg,0.972205122944,0.836856205821,00:00:05,10,50,7,1237612642,threshold_sweep,0.8,0.942675159236,0.865497076023,0.90243902439,148,9,23,333,0.865497076023,0.973684210526,0.0263157894737,0.134502923977,0.942675159236,0.865497076023,0.90243902439,0.937621832359,0.56465237167,0.85671641791,0.858404674039,0.83918128655,342,171,171,0,342,0,171,0,171,37,342,0.256756756757,1.72528881811,18.4864864865,15.5454545455,9.77142857143,5.36771015539,0.290358590277,0.142642642643,9.50849154237,1.02869645341,0.544491860281,8.05331334643,0.871264894205,0.461830251304,0.640599570326,0.371299902718,2,1.72528881811,0.640599570326,2,0.344071394247,0.376569037657,810,0.104247104247,0.56957682835,37,37,37,1,0,0.405405405405,0.540540540541,0.0540540540541,37,0.128378378378,1.94730669445,9.24324324324,7.77272727273,4.88571428571,4.76914507483,0.515960139674,0.288446341078,5.96913985685,1.29156827312,0.648964754228,4.23839167184,0.917078899756,0.481112691639,0.93457793312,0.479933610758,3.2503968254,1.94730669445,0.93457793312,3.2503968254,0.0725483887249,0.0298013245033,18,0.0023166023166,0.189376496817,37,37,37,1,0,0.405405405405,0.540540540541,0.0540540540541,37,328,0.246246246246,2.38467669109,17.7297297297,13.6666666667,9.37142857143,4.95899098523,0.279699186667,0.134393539881,8.81968178489,0.994903128174,0.525543836519,7.94831275653,0.896608451194,0.475609756098,1.49760965007,0.628013707548,5.92564102564,2.38467669109,1.49760965007,5.92564102564,0.299884336692,0.326569217541,633,0.0814671814672,0.472132927542,37,37,37,1,0,0.351351351351,0.594594594595,0.0540540540541,-14,-0.0105105105105,0.659387872972,-0.756756756757,-1.87878787879,-0.4,-0.408719170163,-0.0106594036102,-0.0082491027613,-0.688809757481,-0.0337933252408,-0.0189480237619,-0.105000589901,0.0253435569895,0.0137795047936,0.857010079747,0.25671380483,3.92564102564,0.659387872972,0.857010079747,3.92564102564,-0.0441870575549,-0.0499998201161,-177,-0.0227799227799,-0.0974439008082,-0.0540540540541,0.0540540540541,0,319,9,23,981,0.932748538012,0.990909090909,0.00909090909091,0.0672514619883,0.97256097561,0.932748538012,0.95223880597,0.936564934854,0.923657628921,0.908831908832,157,171,0,0,0,0
1863,WLNM_dir_neg,0.972205122944,0.836856205821,00:00:05,10,50,7,1237612642,threshold_sweep,0.9,0.942675159236,0.865497076023,0.90243902439,148,9,23,333,0.865497076023,0.973684210526,0.0263157894737,0.134502923977,0.942675159236,0.865497076023,0.90243902439,0.937621832359,0.56465237167,0.85671641791,0.858404674039,0.83918128655,342,171,171,0,342,0,171,0,171,37,342,0.256756756757,1.72528881811,18.4864864865,15.5454545455,9.77142857143,5.36771015539,0.290358590277,0.142642642643,9.50849154237,1.02869645341,0.544491860281,8.05331334643,0.871264894205,0.461830251304,0.640599570326,0.371299902718,2,1.72528881811,0.640599570326,2,0.344071394247,0.376569037657,810,0.104247104247,0.56957682835,37,37,37,1,0,0.405405405405,0.540540540541,0.0540540540541,37,0.128378378378,1.94730669445,9.24324324324,7.77272727273,4.88571428571,4.76914507483,0.515960139674,0.288446341078,5.96913985685,1.29156827312,0.648964754228,4.23839167184,0.917078899756,0.481112691639,0.93457793312,0.479933610758,3.2503968254,1.94730669445,0.93457793312,3.2503968254,0.0725483887249,0.0298013245033,18,0.0023166023166,0.189376496817,37,37,37,1,0,0.405405405405,0.540540540541,0.0540540540541,37,328,0.246246246246,2.38467669109,17.7297297297,13.6666666667,9.37142857143,4.95899098523,0.279699186667,0.134393539881,8.81968178489,0.994903128174,0.525543836519,7.94831275653,0.896608451194,0.475609756098,1.49760965007,0.628013707548,5.92564102564,2.38467669109,1.49760965007,5.92564102564,0.299884336692,0.326569217541,633,0.0814671814672,0.472132927542,37,37,37,1,0,0.351351351351,0.594594594595,0.0540540540541,-14,-0.0105105105105,0.659387872972,-0.756756756757,-1.87878787879,-0.4,-0.408719170163,-0.0106594036102,-0.0082491027613,-0.688809757481,-0.0337933252408,-0.0189480237619,-0.105000589901,0.0253435569895,0.0137795047936,0.857010079747,0.25671380483,3.92564102564,0.659387872972,0.857010079747,3.92564102564,-0.0441870575549,-0.0499998201161,-177,-0.0227799227799,-0.0974439008082,-0.0540540540541,0.0540540540541,0,319,9,23,981,0.932748538012,0.990909090909,0.00909090909091,0.0672514619883,0.97256097561,0.932748538012,0.95223880597,0.936564934854,0.923657628921,0.908831908832,157,171,0,0,0,0
1864,WLNM_dir_neg,0.936878013748,0.882764251733,00:00:05,10,50,8,1237612643,threshold_sweep,0.1,0.914473684211,0.812865497076,0.860681114551,139,13,32,329,0.812865497076,0.961988304094,0.0380116959064,0.187134502924,0.914473684211,0.812865497076,0.860681114551,0.912280701754,0.567901234568,0.796992481203,0.79993644047,0.77485380117,342,171,171,0,342,0,171,0,171,37,342,0.256756756757,1.72528881811,18.4864864865,15.5454545455,9.77142857143,5.36771015539,0.290358590277,0.142642642643,9.50849154237,1.02869645341,0.544491860281,8.05331334643,0.871264894205,0.461830251304,0.640599570326,0.371299902718,2,1.72528881811,0.640599570326,2,0.344071394247,0.376569037657,810,0.104247104247,0.56957682835,37,37,37,1,0,0.405405405405,0.540540540541,0.0540540540541,37,0.128378378378,1.92337766338,9.24324324324,7.77272727273,4.88571428571,4.82128040511,0.521600511664,0.289868816185,5.96448447689,1.29056096868,0.647384226332,4.12547203596,0.892645996086,0.470365101944,0.884277741134,0.459752527011,2.69095238095,1.92337766338,0.884277741134,2.69095238095,0.0860724551901,0.023102310231,14,0.0018018018018,0.186523183228,37,37,37,1,0,0.405405405405,0.540540540541,0.0540540540541,37,323,0.242492492492,1.8882122872,17.4594594595,14.0434782609,8.97222222222,5.32079043102,0.304751154718,0.149359886202,8.66874541944,0.993014181175,0.527319889549,7.98139729012,0.914277708156,0.476947535771,0.753887572923,0.399259965647,2.52040446881,1.8882122872,0.753887572923,2.52040446881,0.305377260089,0.320320855615,599,0.0770913770914,0.505766087539,37,37,37,1,0,0.378378378378,0.594594594595,0.027027027027,-19,-0.0142642642643,0.162923469086,-1.02702702703,-1.50197628458,-0.799206349206,-0.0469197243755,0.0143925644406,0.00671724355935,-0.83974612293,-0.03568227224,-0.0171719707323,-0.0719160563163,0.0430128139511,0.0151172844671,0.113288002597,0.0279600629296,0.520404468812,0.162923469086,0.113288002597,0.520404468812,-0.0386941341589,-0.0562481820419,-211,-0.0271557271557,-0.0638107408106,-0.027027027027,0.0540540540541,-0.027027027027,310,13,32,977,0.906432748538,0.986868686869,0.0131313131313,0.093567251462,0.959752321981,0.906432748538,0.932330827068,0.910503957683,0.893301435407,0.87323943662,152,171,0,0,0,0
1865,WLNM_dir_neg,0.936878013748,0.882764251733,00:00:05,10,50,8,1237612643,threshold_sweep,0.2,0.913333333333,0.801169590643,0.853582554517,137,13,34,329,0.801169590643,0.961988304094,0.0380116959064,0.198830409357,0.913333333333,0.801169590643,0.853582554517,0.908382066277,0.569200779727,0.787330316742,0.790909090909,0.763157894737,342,171,171,0,342,0,171,0,171,37,342,0.256756756757,1.72528881811,18.4864864865,15.5454545455,9.77142857143,5.36771015539,0.290358590277,0.142642642643,9.50849154237,1.02869645341,0.544491860281,8.05331334643,0.871264894205,0.461830251304,0.640599570326,0.371299902718,2,1.72528881811,0.640599570326,2,0.344071394247,0.376569037657,810,0.104247104247,0.56957682835,37,37,37,1,0,0.405405405405,0.540540540541,0.0540540540541,37,0.128378378378,1.92337766338,9.24324324324,7.77272727273,4.88571428571,4.82128040511,0.521600511664,0.289868816185,5.96448447689,1.29056096868,0.647384226332,4.12547203596,0.892645996086,0.470365101944,0.884277741134,0.459752527011,2.69095238095,1.92337766338,0.884277741134,2.69095238095,0.0860724551901,0.023102310231,14,0.0018018018018,0.186523183228,37,37,37,1,0,0.405405405405,0.540540540541,0.0540540540541,37,321,0.240990990991,1.88687045435,17.3513513514,13.9565217391,8.91666666667,5.27686889598,0.304118612385,0.149027532205,8.6218522567,0.99379605451,0.526732339816,7.9723621693,0.918932711104,0.479582386124,0.752879239867,0.399009501755,2.52033670262,1.88687045435,0.752879239867,2.52033670262,0.300316048267,0.312680635838,577,0.07425997426,0.504699655457,37,37,37,1,0,0.378378378378,0.594594594595,0.027027027027,-21,-0.0157657657658,0.161581636239,-1.13513513514,-1.58893280632,-0.854761904762,-0.0908412594148,0.0137600221079,0.00638488956246,-0.886639285676,-0.0349003989044,-0.0177595204649,-0.0809511771297,0.0476678168988,0.0177521348205,0.112279669541,0.0277095990368,0.520336702618,0.161581636239,0.112279669541,0.520336702618,-0.0437553459808,-0.0638884018188,-233,-0.0299871299871,-0.0648771728931,-0.027027027027,0.0540540540541,-0.027027027027,308,13,34,977,0.900584795322,0.986868686869,0.0131313131313,0.0994152046784,0.959501557632,0.900584795322,0.929110105581,0.906458976698,0.88745348219,0.867605633803,150,171,0,0,0,0
1866,WLNM_dir_neg,0.936878013748,0.882764251733,00:00:05,10,50,8,1237612643,threshold_sweep,0.3,0.912751677852,0.795321637427,0.85,136,13,35,329,0.795321637427,0.961988304094,0.0380116959064,0.204678362573,0.912751677852,0.795321637427,0.85,0.906432748538,0.569850552307,0.78247734139,0.786395356147,0.75730994152,342,171,171,0,342,0,171,0,171,37,342,0.256756756757,1.72528881811,18.4864864865,15.5454545455,9.77142857143,5.36771015539,0.290358590277,0.142642642643,9.50849154237,1.02869645341,0.544491860281,8.05331334643,0.871264894205,0.461830251304,0.640599570326,0.371299902718,2,1.72528881811,0.640599570326,2,0.344071394247,0.376569037657,810,0.104247104247,0.56957682835,37,37,37,1,0,0.405405405405,0.540540540541,0.0540540540541,37,0.128378378378,1.92337766338,9.24324324324,7.77272727273,4.88571428571,4.82128040511,0.521600511664,0.289868816185,5.96448447689,1.29056096868,0.647384226332,4.12547203596,0.892645996086,0.470365101944,0.884277741134,0.459752527011,2.69095238095,1.92337766338,0.884277741134,2.69095238095,0.0860724551901,0.023102310231,14,0.0018018018018,0.186523183228,37,37,37,1,0,0.405405405405,0.540540540541,0.0540540540541,37,320,0.24024024024,1.88504515826,17.2972972973,13.9130434783,8.88888888889,5.2380279626,0.302823491588,0.14839527027,8.58686405123,0.992856155923,0.525844594595,7.99032823765,0.923881702478,0.481587837838,0.750784638887,0.398284696574,2.51926878655,1.88504515826,0.750784638887,2.51926878655,0.293928438702,0.305621247953,560,0.0720720720721,0.506170566835,37,37,37,1,0,0.378378378378,0.594594594595,0.027027027027,-22,-0.0165165165165,0.159756340145,-1.18918918919,-1.63241106719,-0.88253968254,-0.129682192797,0.0124649013105,0.00575262762763,-0.921627491149,-0.0358402974918,-0.0186472656867,-0.0629851087868,0.0526168082731,0.0197575865339,0.110185068561,0.0269847938568,0.519268786549,0.159756340145,0.110185068561,0.519268786549,-0.0501429555451,-0.0709477897035,-250,-0.032175032175,-0.0634062615148,-0.027027027027,0.0540540540541,-0.027027027027,307,13,35,977,0.897660818713,0.986868686869,0.0131313131313,0.102339181287,0.959375,0.897660818713,0.92749244713,0.904435768282,0.884529505582,0.864788732394,149,171,0,0,0,0
1867,WLNM_dir_neg,0.936878013748,0.882764251733,00:00:05,10,50,8,1237612643,threshold_sweep,0.4,0.925170068027,0.795321637427,0.85534591195,136,11,35,331,0.795321637427,0.96783625731,0.0321637426901,0.204678362573,0.925170068027,0.795321637427,0.85534591195,0.910331384016,0.571150097466,0.790909090909,0.795657753869,0.763157894737,342,171,171,0,342,0,171,0,171,37,342,0.256756756757,1.72528881811,18.4864864865,15.5454545455,9.77142857143,5.36771015539,0.290358590277,0.142642642643,9.50849154237,1.02869645341,0.544491860281,8.05331334643,0.871264894205,0.461830251304,0.640599570326,0.371299902718,2,1.72528881811,0.640599570326,2,0.344071394247,0.376569037657,810,0.104247104247,0.56957682835,37,37,37,1,0,0.405405405405,0.540540540541,0.0540540540541,37,0.128378378378,1.92337766338,9.24324324324,7.77272727273,4.88571428571,4.82128040511,0.521600511664,0.289868816185,5.96448447689,1.29056096868,0.647384226332,4.12547203596,0.892645996086,0.470365101944,0.884277741134,0.459752527011,2.69095238095,1.92337766338,0.884277741134,2.69095238095,0.0860724551901,0.023102310231,14,0.0018018018018,0.186523183228,37,37,37,1,0,0.405405405405,0.540540540541,0.0540540540541,37,318,0.238738738739,1.87949926085,17.1891891892,13.8260869565,8.83333333333,5.18993597604,0.3019302376,0.147628760836,8.51945309753,0.991257121411,0.524052354241,8.03277819472,0.934631425172,0.486486486486,0.744814013027,0.396283216782,2.47379632765,1.87949926085,0.744814013027,2.47379632765,0.283551643624,0.293803024714,531,0.0683397683398,0.50981672978,37,37,37,1,0,0.378378378378,0.594594594595,0.027027027027,-24,-0.018018018018,0.154210442731,-1.2972972973,-1.71936758893,-0.938095238095,-0.177774179349,0.0115716473229,0.00498611819367,-0.989038444841,-0.0374393320036,-0.0204395060403,-0.020535151717,0.0633665309666,0.0246562351826,0.104214442701,0.0249833140642,0.473796327653,0.154210442731,0.104214442701,0.473796327653,-0.0605197506238,-0.0827660129428,-279,-0.0359073359073,-0.0597600985694,-0.027027027027,0.0540540540541,-0.027027027027,307,11,35,979,0.897660818713,0.988888888889,0.0111111111111,0.102339181287,0.965408805031,0.897660818713,0.930303030303,0.908450364987,0.886549707602,0.869688385269,147,171,0,0,0,0
1868,WLNM_dir_neg,0.936878013748,0.882764251733,00:00:05,10,50,8,1237612643,threshold_sweep,0.5,0.925373134328,0.72514619883,0.813114754098,124,10,47,332,0.72514619883,0.970760233918,0.0292397660819,0.27485380117,0.925373134328,0.72514619883,0.813114754098,0.888888888889,0.579597141001,0.73570324575,0.746775317316,0.695906432749,342,171,171,0,342,0,171,0,171,37,342,0.256756756757,1.72528881811,18.4864864865,15.5454545455,9.77142857143,5.36771015539,0.290358590277,0.142642642643,9.50849154237,1.02869645341,0.544491860281,8.05331334643,0.871264894205,0.461830251304,0.640599570326,0.371299902718,2,1.72528881811,0.640599570326,2,0.344071394247,0.376569037657,810,0.104247104247,0.56957682835,37,37,37,1,0,0.405405405405,0.540540540541,0.0540540540541,37,0.128378378378,1.92337766338,9.24324324324,7.77272727273,4.88571428571,4.82128040511,0.521600511664,0.289868816185,5.96448447689,1.29056096868,0.647384226332,4.12547203596,0.892645996086,0.470365101944,0.884277741134,0.459752527011,2.69095238095,1.92337766338,0.884277741134,2.69095238095,0.0860724551901,0.023102310231,14,0.0018018018018,0.186523183228,37,37,37,1,0,0.405405405405,0.540540540541,0.0540540540541,37,305,0.228978978979,1.88242442864,16.4864864865,13.2608695652,8.47222222222,5.23673786087,0.317638198118,0.157554275587,8.39446049291,1.01834438766,0.540186087727,7.67175702534,0.93067216373,0.483828090385,0.746748325816,0.39669498252,2.47257886868,1.88242442864,0.746748325816,2.47257886868,0.269508386822,0.272455686118,456,0.0586872586873,0.469546711287,37,37,37,1,0,0.378378378378,0.594594594595,0.027027027027,-37,-0.0277777777778,0.157135610526,-2,-2.28458498024,-1.29920634921,-0.130972294528,0.027279607841,0.0149116329444,-1.11403104947,-0.0103520657507,-0.00430577255426,-0.381556321094,0.0594072695249,0.0219978390815,0.10614875549,0.0253950798027,0.472578868678,0.157135610526,0.10614875549,0.472578868678,-0.0745630074251,-0.104113351539,-354,-0.0455598455598,-0.100030117063,-0.027027027027,0.0540540540541,-0.027027027027,295,10,47,980,0.862573099415,0.989898989899,0.010101010101,0.137426900585,0.967213114754,0.862573099415,0.911901081917,0.886289649758,0.852472089314,0.838068181818,134,171,0,0,0,0
1869,WLNM_dir_neg,0.936878013748,0.882764251733,00:00:05,10,50,8,1237612643,threshold_sweep,0.6,0.932330827068,0.72514619883,0.815789473684,124,9,47,333,0.72514619883,0.973684210526,0.0263157894737,0.27485380117,0.932330827068,0.72514619883,0.815789473684,0.890838206628,0.58024691358,0.739938080495,0.751735888502,0.698830409357,342,171,171,0,342,0,171,0,171,37,342,0.256756756757,1.72528881811,18.4864864865,15.5454545455,9.77142857143,5.36771015539,0.290358590277,0.142642642643,9.50849154237,1.02869645341,0.544491860281,8.05331334643,0.871264894205,0.461830251304,0.640599570326,0.371299902718,2,1.72528881811,0.640599570326,2,0.344071394247,0.376569037657,810,0.104247104247,0.56957682835,37,37,37,1,0,0.405405405405,0.540540540541,0.0540540540541,37,0.128378378378,1.92337766338,9.24324324324,7.77272727273,4.88571428571,4.82128040511,0.521600511664,0.289868816185,5.96448447689,1.29056096868,0.647384226332,4.12547203596,0.892645996086,0.470365101944,0.884277741134,0.459752527011,2.69095238095,1.92337766338,0.884277741134,2.69095238095,0.0860724551901,0.023102310231,14,0.0018018018018,0.186523183228,37,37,37,1,0,0.405405405405,0.540540540541,0.0540540540541,37,304,0.228228228228,1.87481937561,16.4324324324,13.2173913043,8.44444444444,5.27857588402,0.321229124521,0.158250355619,8.41670011589,1.02440100095,0.542318634424,7.68886328521,0.935815597213,0.485597439545,0.734905384054,0.391987299477,2.45941727327,1.87481937561,0.734905384054,2.45941727327,0.264876311138,0.273054610922,455,0.0585585585586,0.469676878853,37,37,37,1,0,0.378378378378,0.594594594595,0.027027027027,-38,-0.0285285285285,0.149530557498,-2.05405405405,-2.32806324111,-1.32698412698,-0.0891342713727,0.0308705342439,0.0156077129761,-1.09179142648,-0.00429545246754,-0.00217322585744,-0.364450061226,0.0645507030079,0.0237671882409,0.0943058137278,0.0206873967594,0.459417273274,0.149530557498,0.0943058137278,0.459417273274,-0.0791950831098,-0.103514426735,-355,-0.0456885456885,-0.0998999494969,-0.027027027027,0.0540540540541,-0.027027027027,295,9,47,981,0.862573099415,0.990909090909,0.00909090909091,0.137426900585,0.970394736842,0.862573099415,0.913312693498,0.888365663775,0.853482190324,0.840455840456,133,171,0,0,0,0
1870,WLNM_dir_neg,0.936878013748,0.882764251733,00:00:05,10,50,8,1237612643,threshold_sweep,0.7,0.939393939394,0.72514619883,0.818481848185,124,8,47,334,0.72514619883,0.976608187135,0.0233918128655,0.27485380117,0.939393939394,0.72514619883,0.818481848185,0.892787524366,0.58089668616,0.744186046512,0.756740173881,0.701754385965,342,171,171,0,342,0,171,0,171,37,342,0.256756756757,1.72528881811,18.4864864865,15.5454545455,9.77142857143,5.36771015539,0.290358590277,0.142642642643,9.50849154237,1.02869645341,0.544491860281,8.05331334643,0.871264894205,0.461830251304,0.640599570326,0.371299902718,2,1.72528881811,0.640599570326,2,0.344071394247,0.376569037657,810,0.104247104247,0.56957682835,37,37,37,1,0,0.405405405405,0.540540540541,0.0540540540541,37,0.128378378378,1.92337766338,9.24324324324,7.77272727273,4.88571428571,4.82128040511,0.521600511664,0.289868816185,5.96448447689,1.29056096868,0.647384226332,4.12547203596,0.892645996086,0.470365101944,0.884277741134,0.459752527011,2.69095238095,1.92337766338,0.884277741134,2.69095238095,0.0860724551901,0.023102310231,14,0.0018018018018,0.186523183228,37,37,37,1,0,0.405405405405,0.540540540541,0.0540540540541,37,303,0.227477477477,1.87242226703,16.3783783784,13.1739130435,8.65714285714,5.19803035,0.317371490016,0.155829096423,8.38595995246,1.02402811301,0.541789314067,7.7166408849,0.942296081655,0.490232807064,0.733068555414,0.391508138054,2.45940565801,1.87242226703,0.733068555414,2.45940565801,0.264876311138,0.273054610922,455,0.0585585585586,0.472302091739,37,37,37,1,0,0.378378378378,0.567567567568,0.0540540540541,-39,-0.0292792792793,0.147133448912,-2.10810810811,-2.37154150198,-1.11428571429,-0.169679805393,0.0270128997394,0.0131864537805,-1.12253158991,-0.00466834040769,-0.00270254621479,-0.336672461532,0.0710311874499,0.0284025557606,0.0924689850882,0.0202082353361,0.459405658008,0.147133448912,0.0924689850882,0.459405658008,-0.0791950831098,-0.103514426735,-355,-0.0456885456885,-0.0972747366108,-0.027027027027,0.027027027027,0,295,8,47,982,0.862573099415,0.991919191919,0.00808080808081,0.137426900585,0.973597359736,0.862573099415,0.914728682171,0.890450532274,0.854492291334,0.842857142857,132,171,0,0,0,0
1871,WLNM_dir_neg,0.936878013748,0.882764251733,00:00:05,10,50,8,1237612643,threshold_sweep,0.8,0.946564885496,0.72514619883,0.82119205298,124,7,47,335,0.72514619883,0.979532163743,0.0204678362573,0.27485380117,0.946564885496,0.72514619883,0.82119205298,0.894736842105,0.581546458739,0.748447204969,0.761789031869,0.704678362573,342,171,171,0,342,0,171,0,171,37,342,0.256756756757,1.72528881811,18.4864864865,15.5454545455,9.77142857143,5.36771015539,0.290358590277,0.142642642643,9.50849154237,1.02869645341,0.544491860281,8.05331334643,0.871264894205,0.461830251304,0.640599570326,0.371299902718,2,1.72528881811,0.640599570326,2,0.344071394247,0.376569037657,810,0.104247104247,0.56957682835,37,37,37,1,0,0.405405405405,0.540540540541,0.0540540540541,37,0.128378378378,1.92337766338,9.24324324324,7.77272727273,4.88571428571,4.82128040511,0.521600511664,0.289868816185,5.96448447689,1.29056096868,0.647384226332,4.12547203596,0.892645996086,0.470365101944,0.884277741134,0.459752527011,2.69095238095,1.92337766338,0.884277741134,2.69095238095,0.0860724551901,0.023102310231,14,0.0018018018018,0.186523183228,37,37,37,1,0,0.405405405405,0.540540540541,0.0540540540541,37,302,0.226726726727,1.87069882388,16.3243243243,13.1304347826,8.62857142857,5.19644137877,0.318325051349,0.156166099875,8.34170750411,1.02199727699,0.540540540541,7.73704477574,0.947916081796,0.492572042241,0.731425879103,0.390990719492,2.45926112804,1.87069882388,0.731425879103,2.45926112804,0.264876311138,0.273054610922,455,0.0585585585586,0.473701892348,37,37,37,1,0,0.378378378378,0.567567567568,0.0540540540541,-40,-0.03003003003,0.145410005767,-2.16216216216,-2.41501976285,-1.14285714286,-0.171268776622,0.0279664610714,0.0135234572321,-1.16678403827,-0.0066991764215,-0.00395131974079,-0.316268570691,0.0766511875915,0.030741790937,0.0908263087773,0.0196908167747,0.459261128036,0.145410005767,0.0908263087773,0.459261128036,-0.0791950831098,-0.103514426735,-355,-0.0456885456885,-0.0958749360015,-0.027027027027,0.027027027027,0,295,7,47,983,0.862573099415,0.992929292929,0.00707070707071,0.137426900585,0.976821192053,0.862573099415,0.916149068323,0.892544328808,0.855502392344,0.845272206304,131,171,0,0,0,0
1872,WLNM_dir_neg,0.936878013748,0.882764251733,00:00:05,10,50,8,1237612643,threshold_sweep,0.9,0.953846153846,0.72514619883,0.823920265781,124,6,47,336,0.72514619883,0.982456140351,0.0175438596491,0.27485380117,0.953846153846,0.72514619883,0.823920265781,0.896686159844,0.582196231319,0.752721617418,0.76688334332,0.707602339181,342,171,171,0,342,0,171,0,171,37,342,0.256756756757,1.72528881811,18.4864864865,15.5454545455,9.77142857143,5.36771015539,0.290358590277,0.142642642643,9.50849154237,1.02869645341,0.544491860281,8.05331334643,0.871264894205,0.461830251304,0.640599570326,0.371299902718,2,1.72528881811,0.640599570326,2,0.344071394247,0.376569037657,810,0.104247104247,0.56957682835,37,37,37,1,0,0.405405405405,0.540540540541,0.0540540540541,37,0.128378378378,1.92337766338,9.24324324324,7.77272727273,4.88571428571,4.82128040511,0.521600511664,0.289868816185,5.96448447689,1.29056096868,0.647384226332,4.12547203596,0.892645996086,0.470365101944,0.884277741134,0.459752527011,2.69095238095,1.92337766338,0.884277741134,2.69095238095,0.0860724551901,0.023102310231,14,0.0018018018018,0.186523183228,37,37,37,1,0,0.405405405405,0.540540540541,0.0540540540541,37,301,0.225975975976,1.86828310037,16.2702702703,13.0869565217,8.6,5.26333570112,0.32349405472,0.159199066176,8.32386849889,1.02319978226,0.54197719314,7.76087825128,0.953995000988,0.496004309958,0.729848569356,0.390652021212,2.45926112804,1.86828310037,0.729848569356,2.45926112804,0.269391063021,0.273493975904,454,0.0584298584299,0.476310994927,37,37,37,1,0,0.378378378378,0.567567567568,0.0540540540541,-41,-0.0307807807808,0.142994282255,-2.21621621622,-2.45849802372,-1.17142857143,-0.104374454272,0.033135464443,0.0165564235332,-1.18462304349,-0.00549667115942,-0.00251466714135,-0.292435095152,0.0827301067834,0.0341740586539,0.0892489990303,0.0193521184946,0.459261128036,0.142994282255,0.0892489990303,0.459261128036,-0.0746803312267,-0.103075061753,-356,-0.0458172458172,-0.0932658334225,-0.027027027027,0.027027027027,0,295,6,47,984,0.862573099415,0.993939393939,0.00606060606061,0.137426900585,0.980066445183,0.862573099415,0.917573872473,0.894647127778,0.856512493355,0.847701149425,130,171,0,0,0,0
1873,WLNM_dir_neg,0.985602407578,0.384002250333,00:00:05,10,50,9,1237612644,threshold_sweep,0.1,0.946428571429,0.929824561404,0.938053097345,159,9,12,333,0.929824561404,0.973684210526,0.0263157894737,0.0701754385965,0.946428571429,0.929824561404,0.938053097345,0.959064327485,0.557504873294,0.907488986784,0.907568247695,0.90350877193,342,171,171,0,342,0,171,0,171,37,342,0.256756756757,1.72528881811,18.4864864865,15.5454545455,9.77142857143,5.36771015539,0.290358590277,0.142642642643,9.50849154237,1.02869645341,0.544491860281,8.05331334643,0.871264894205,0.461830251304,0.640599570326,0.371299902718,2,1.72528881811,0.640599570326,2,0.344071394247,0.376569037657,810,0.104247104247,0.56957682835,37,37,37,1,0,0.405405405405,0.540540540541,0.0540540540541,37,0.128378378378,1.95317803518,9.24324324324,7.77272727273,4.88571428571,4.68096265862,0.506419936751,0.281966176703,5.89892340155,1.27637523893,0.641062114746,4.13891660107,0.895555054033,0.469732890786,0.934285048873,0.478340956147,2.84317460317,1.95317803518,0.934285048873,2.84317460317,0.0967567452862,0.0317548746518,19,0.0024453024453,0.191921024125,37,37,37,1,0,0.405405405405,0.540540540541,0.0540540540541,37,339,0.254504504505,1.73632090137,18.3243243243,15.4090909091,9.16216216216,5.41117184913,0.295299938669,0.142868532249,9.30804166512,1.01592195165,0.539105477159,8.06747073649,0.880520404867,0.461612054532,0.65385964172,0.376577648292,2,1.73632090137,0.65385964172,2,0.355640704903,0.358514521505,753,0.0969111969112,0.569192970095,37,37,37,1,0,0.405405405405,0.594594594595,0,-3,-0.00225225225225,0.0110320832598,-0.162162162162,-0.136363636364,-0.609266409266,0.0434616937334,0.00494134839203,0.000225889606421,-0.200449877253,-0.0127745017644,-0.00538638312276,0.0141573900534,0.00925551066251,-0.000218196771527,0.0132600713944,0.00527774557456,0,0.0110320832598,0.0132600713944,0,0.0115693106554,-0.0180545161524,-57,-0.00733590733591,-0.000383858254552,0,0.0540540540541,-0.0540540540541,330,9,12,981,0.964912280702,0.990909090909,0.00909090909091,0.0350877192982,0.973451327434,0.964912280702,0.969162995595,0.958590043525,0.955821371611,0.940170940171,168,171,0,0,0,0
1874,WLNM_dir_neg,0.985602407578,0.384002250333,00:00:05,10,50,9,1237612644,threshold_sweep,0.2,0.951807228916,0.923976608187,0.937685459941,158,8,13,334,0.923976608187,0.976608187135,0.0233918128655,0.0760233918129,0.951807228916,0.923976608187,0.937685459941,0.959064327485,0.558804418454,0.907216494845,0.907437948528,0.900584795322,342,171,171,0,342,0,171,0,171,37,342,0.256756756757,1.72528881811,18.4864864865,15.5454545455,9.77142857143,5.36771015539,0.290358590277,0.142642642643,9.50849154237,1.02869645341,0.544491860281,8.05331334643,0.871264894205,0.461830251304,0.640599570326,0.371299902718,2,1.72528881811,0.640599570326,2,0.344071394247,0.376569037657,810,0.104247104247,0.56957682835,37,37,37,1,0,0.405405405405,0.540540540541,0.0540540540541,37,0.128378378378,1.95317803518,9.24324324324,7.77272727273,4.88571428571,4.68096265862,0.506419936751,0.281966176703,5.89892340155,1.27637523893,0.641062114746,4.13891660107,0.895555054033,0.469732890786,0.934285048873,0.478340956147,2.84317460317,1.95317803518,0.934285048873,2.84317460317,0.0967567452862,0.0317548746518,19,0.0024453024453,0.191921024125,37,37,37,1,0,0.405405405405,0.540540540541,0.0540540540541,37,337,0.253003003003,1.74505172426,18.2162162162,15.3181818182,9.10810810811,5.52336016457,0.303211166304,0.144839201219,9.29391612168,1.02040028636,0.540219744968,8.0511689413,0.883956233911,0.462106022937,0.668227186379,0.382926865198,2.04450625869,1.74505172426,0.668227186379,2.04450625869,0.356732157407,0.358445297505,747,0.096138996139,0.566970004991,37,37,37,1,0,0.405405405405,0.594594594595,0,-5,-0.00375375375375,0.0197629061445,-0.27027027027,-0.227272727273,-0.66332046332,0.155650009172,0.0128525760269,0.00219655857638,-0.214575420692,-0.00829616705793,-0.00427211531381,-0.00214440513625,0.0126913397062,0.000275771632948,0.0276276160526,0.0116269624801,0.0445062586926,0.0197629061445,0.0276276160526,0.0445062586926,0.01266076316,-0.0181237401521,-63,-0.00810810810811,-0.0026068233593,0,0.0540540540541,-0.0540540540541,329,8,13,982,0.961988304094,0.991919191919,0.00808080808081,0.0380116959064,0.976261127596,0.961988304094,0.969072164948,0.958540398036,0.953907496013,0.94,166,171,0,0,0,0
1875,WLNM_dir_neg,0.985602407578,0.384002250333,00:00:05,10,50,9,1237612644,threshold_sweep,0.3,0.951807228916,0.923976608187,0.937685459941,158,8,13,334,0.923976608187,0.976608187135,0.0233918128655,0.0760233918129,0.951807228916,0.923976608187,0.937685459941,0.959064327485,0.558804418454,0.907216494845,0.907437948528,0.900584795322,342,171,171,0,342,0,171,0,171,37,342,0.256756756757,1.72528881811,18.4864864865,15.5454545455,9.77142857143,5.36771015539,0.290358590277,0.142642642643,9.50849154237,1.02869645341,0.544491860281,8.05331334643,0.871264894205,0.461830251304,0.640599570326,0.371299902718,2,1.72528881811,0.640599570326,2,0.344071394247,0.376569037657,810,0.104247104247,0.56957682835,37,37,37,1,0,0.405405405405,0.540540540541,0.0540540540541,37,0.128378378378,1.95317803518,9.24324324324,7.77272727273,4.88571428571,4.68096265862,0.506419936751,0.281966176703,5.89892340155,1.27637523893,0.641062114746,4.13891660107,0.895555054033,0.469732890786,0.934285048873,0.478340956147,2.84317460317,1.95317803518,0.934285048873,2.84317460317,0.0967567452862,0.0317548746518,19,0.0024453024453,0.191921024125,37,37,37,1,0,0.405405405405,0.540540540541,0.0540540540541,37,337,0.253003003003,1.74505172426,18.2162162162,15.3181818182,9.10810810811,5.52336016457,0.303211166304,0.144839201219,9.29391612168,1.02040028636,0.540219744968,8.0511689413,0.883956233911,0.462106022937,0.668227186379,0.382926865198,2.04450625869,1.74505172426,0.668227186379,2.04450625869,0.356732157407,0.358445297505,747,0.096138996139,0.566970004991,37,37,37,1,0,0.405405405405,0.594594594595,0,-5,-0.00375375375375,0.0197629061445,-0.27027027027,-0.227272727273,-0.66332046332,0.155650009172,0.0128525760269,0.00219655857638,-0.214575420692,-0.00829616705793,-0.00427211531381,-0.00214440513625,0.0126913397062,0.000275771632948,0.0276276160526,0.0116269624801,0.0445062586926,0.0197629061445,0.0276276160526,0.0445062586926,0.01266076316,-0.0181237401521,-63,-0.00810810810811,-0.0026068233593,0,0.0540540540541,-0.0540540540541,329,8,13,982,0.961988304094,0.991919191919,0.00808080808081,0.0380116959064,0.976261127596,0.961988304094,0.969072164948,0.958540398036,0.953907496013,0.94,166,171,0,0,0,0
1876,WLNM_dir_neg,0.985602407578,0.384002250333,00:00:05,10,50,9,1237612644,threshold_sweep,0.4,0.956790123457,0.906432748538,0.930930930931,155,7,16,335,0.906432748538,0.979532163743,0.0204678362573,0.093567251462,0.956790123457,0.906432748538,0.930930930931,0.955165692008,0.561403508772,0.897777777778,0.898496863017,0.885964912281,342,171,171,0,342,0,171,0,171,37,342,0.256756756757,1.72528881811,18.4864864865,15.5454545455,9.77142857143,5.36771015539,0.290358590277,0.142642642643,9.50849154237,1.02869645341,0.544491860281,8.05331334643,0.871264894205,0.461830251304,0.640599570326,0.371299902718,2,1.72528881811,0.640599570326,2,0.344071394247,0.376569037657,810,0.104247104247,0.56957682835,37,37,37,1,0,0.405405405405,0.540540540541,0.0540540540541,37,0.128378378378,1.95317803518,9.24324324324,7.77272727273,4.88571428571,4.68096265862,0.506419936751,0.281966176703,5.89892340155,1.27637523893,0.641062114746,4.13891660107,0.895555054033,0.469732890786,0.934285048873,0.478340956147,2.84317460317,1.95317803518,0.934285048873,2.84317460317,0.0967567452862,0.0317548746518,19,0.0024453024453,0.191921024125,37,37,37,1,0,0.405405405405,0.540540540541,0.0540540540541,37,333,0.25,1.74263447286,18,15.1363636364,9,5.48735921105,0.304853289503,0.144387630874,9.15908777602,1.01767641956,0.539079620161,8.09663853433,0.899626503814,0.468468468468,0.665725993887,0.382022738707,2.06680584551,1.74263447286,0.665725993887,2.06680584551,0.359014291041,0.358441558442,736,0.0947232947233,0.567392524822,37,37,37,1,0,0.405405405405,0.594594594595,0,-9,-0.00675675675676,0.0173456547443,-0.486486486486,-0.409090909091,-0.771428571429,0.119649055658,0.0144946992257,0.00174498823147,-0.349403766352,-0.0110200338567,-0.00541224012063,0.0433251878932,0.0283616096093,0.00663821716453,0.0251264235607,0.0107228359892,0.0668058455115,0.0173456547443,0.0251264235607,0.0668058455115,0.0149428967938,-0.0181274792153,-74,-0.00952380952381,-0.00218430352832,0,0.0540540540541,-0.0540540540541,326,7,16,983,0.953216374269,0.992929292929,0.00707070707071,0.046783625731,0.978978978979,0.953216374269,0.965925925926,0.954517278565,0.946145667198,0.934097421203,162,171,0,0,0,0
1877,WLNM_dir_neg,0.985602407578,0.384002250333,00:00:05,10,50,9,1237612644,threshold_sweep,0.5,0.9625,0.900584795322,0.930513595166,154,6,17,336,0.900584795322,0.982456140351,0.0175438596491,0.0994152046784,0.9625,0.900584795322,0.930513595166,0.955165692008,0.562703053931,0.897473997028,0.898554867472,0.883040935673,342,171,171,0,342,0,171,0,171,37,342,0.256756756757,1.72528881811,18.4864864865,15.5454545455,9.77142857143,5.36771015539,0.290358590277,0.142642642643,9.50849154237,1.02869645341,0.544491860281,8.05331334643,0.871264894205,0.461830251304,0.640599570326,0.371299902718,2,1.72528881811,0.640599570326,2,0.344071394247,0.376569037657,810,0.104247104247,0.56957682835,37,37,37,1,0,0.405405405405,0.540540540541,0.0540540540541,37,0.128378378378,1.95317803518,9.24324324324,7.77272727273,4.88571428571,4.68096265862,0.506419936751,0.281966176703,5.89892340155,1.27637523893,0.641062114746,4.13891660107,0.895555054033,0.469732890786,0.934285048873,0.478340956147,2.84317460317,1.95317803518,0.934285048873,2.84317460317,0.0967567452862,0.0317548746518,19,0.0024453024453,0.191921024125,37,37,37,1,0,0.405405405405,0.540540540541,0.0540540540541,37,331,0.248498498498,1.74122618822,17.8918918919,15.0454545455,8.94594594595,5.41491655719,0.30264639368,0.143545358047,9.06748141543,1.01358553586,0.536784518658,8.13751923004,0.909632058947,0.47260553605,0.664141423028,0.381421682903,2.06680584551,1.74122618822,0.664141423028,2.06680584551,0.349996155362,0.348090849243,705,0.0907335907336,0.570023816746,37,37,37,1,0,0.405405405405,0.594594594595,0,-11,-0.00825825825826,0.0159373701096,-0.594594594595,-0.5,-0.825482625483,0.0472064017959,0.0122878034026,0.000902715404226,-0.441010126942,-0.0151109175507,-0.0077073416237,0.0842058836026,0.0383671647418,0.0107752847457,0.0235418527021,0.0101217801857,0.0668058455115,0.0159373701096,0.0235418527021,0.0668058455115,0.00592476111459,-0.028478188414,-105,-0.0135135135135,0.00044698839587,0,0.0540540540541,-0.0540540540541,325,6,17,984,0.950292397661,0.993939393939,0.00606060606061,0.0497076023392,0.981873111782,0.950292397661,0.965824665676,0.954505056513,0.9442317916,0.933908045977,160,171,0,0,0,0
1878,WLNM_dir_neg,0.985602407578,0.384002250333,00:00:05,10,50,9,1237612644,threshold_sweep,0.6,0.9625,0.900584795322,0.930513595166,154,6,17,336,0.900584795322,0.982456140351,0.0175438596491,0.0994152046784,0.9625,0.900584795322,0.930513595166,0.955165692008,0.562703053931,0.897473997028,0.898554867472,0.883040935673,342,171,171,0,342,0,171,0,171,37,342,0.256756756757,1.72528881811,18.4864864865,15.5454545455,9.77142857143,5.36771015539,0.290358590277,0.142642642643,9.50849154237,1.02869645341,0.544491860281,8.05331334643,0.871264894205,0.461830251304,0.640599570326,0.371299902718,2,1.72528881811,0.640599570326,2,0.344071394247,0.376569037657,810,0.104247104247,0.56957682835,37,37,37,1,0,0.405405405405,0.540540540541,0.0540540540541,37,0.128378378378,1.95317803518,9.24324324324,7.77272727273,4.88571428571,4.68096265862,0.506419936751,0.281966176703,5.89892340155,1.27637523893,0.641062114746,4.13891660107,0.895555054033,0.469732890786,0.934285048873,0.478340956147,2.84317460317,1.95317803518,0.934285048873,2.84317460317,0.0967567452862,0.0317548746518,19,0.0024453024453,0.191921024125,37,37,37,1,0,0.405405405405,0.540540540541,0.0540540540541,37,331,0.248498498498,1.74122618822,17.8918918919,15.0454545455,8.94594594595,5.41491655719,0.30264639368,0.143545358047,9.06748141543,1.01358553586,0.536784518658,8.13751923004,0.909632058947,0.47260553605,0.664141423028,0.381421682903,2.06680584551,1.74122618822,0.664141423028,2.06680584551,0.349996155362,0.348090849243,705,0.0907335907336,0.570023816746,37,37,37,1,0,0.405405405405,0.594594594595,0,-11,-0.00825825825826,0.0159373701096,-0.594594594595,-0.5,-0.825482625483,0.0472064017959,0.0122878034026,0.000902715404226,-0.441010126942,-0.0151109175507,-0.0077073416237,0.0842058836026,0.0383671647418,0.0107752847457,0.0235418527021,0.0101217801857,0.0668058455115,0.0159373701096,0.0235418527021,0.0668058455115,0.00592476111459,-0.028478188414,-105,-0.0135135135135,0.00044698839587,0,0.0540540540541,-0.0540540540541,325,6,17,984,0.950292397661,0.993939393939,0.00606060606061,0.0497076023392,0.981873111782,0.950292397661,0.965824665676,0.954505056513,0.9442317916,0.933908045977,160,171,0,0,0,0
1879,WLNM_dir_neg,0.985602407578,0.384002250333,00:00:05,10,50,9,1237612644,threshold_sweep,0.7,0.96835443038,0.894736842105,0.93009118541,153,5,18,337,0.894736842105,0.985380116959,0.0146198830409,0.105263157895,0.96835443038,0.894736842105,0.93009118541,0.955165692008,0.56400259909,0.897168405365,0.898687658719,0.880116959064,342,171,171,0,342,0,171,0,171,37,342,0.256756756757,1.72528881811,18.4864864865,15.5454545455,9.77142857143,5.36771015539,0.290358590277,0.142642642643,9.50849154237,1.02869645341,0.544491860281,8.05331334643,0.871264894205,0.461830251304,0.640599570326,0.371299902718,2,1.72528881811,0.640599570326,2,0.344071394247,0.376569037657,810,0.104247104247,0.56957682835,37,37,37,1,0,0.405405405405,0.540540540541,0.0540540540541,37,0.128378378378,1.95317803518,9.24324324324,7.77272727273,4.88571428571,4.68096265862,0.506419936751,0.281966176703,5.89892340155,1.27637523893,0.641062114746,4.13891660107,0.895555054033,0.469732890786,0.934285048873,0.478340956147,2.84317460317,1.95317803518,0.934285048873,2.84317460317,0.0967567452862,0.0317548746518,19,0.0024453024453,0.191921024125,37,37,37,1,0,0.405405405405,0.540540540541,0.0540540540541,37,329,0.246996996997,1.73920288905,17.7837837838,14.9545454545,8.89189189189,5.34444225931,0.300523348928,0.140392672308,8.9962454631,1.01173581196,0.535118705331,8.16082710876,0.917782987915,0.474657027849,0.662187789303,0.380742116675,2.06680584551,1.73920288905,0.662187789303,2.06680584551,0.340429379224,0.335891873853,671,0.0863577863578,0.572153865383,37,37,37,1,0,0.405405405405,0.594594594595,0,-13,-0.00975975975976,0.0139140709314,-0.702702702703,-0.590909090909,-0.879536679537,-0.0232678960866,0.0101647586505,-0.00224997033508,-0.51224607927,-0.0169606414547,-0.00937315494986,0.107513762327,0.0465180937106,0.0128267765446,0.0215882189772,0.00944221395756,0.0668058455115,0.0139140709314,0.0215882189772,0.0668058455115,-0.00364201502308,-0.0406771638041,-139,-0.0178893178893,0.00257703703318,0,0.0540540540541,-0.0540540540541,324,5,18,985,0.947368421053,0.994949494949,0.00505050505051,0.0526315789474,0.984802431611,0.947368421053,0.965722801788,0.954508242767,0.942317916002,0.933717579251,158,171,0,0,0,0
1880,WLNM_dir_neg,0.985602407578,0.384002250333,00:00:05,10,50,9,1237612644,threshold_sweep,0.8,0.968152866242,0.888888888889,0.926829268293,152,5,19,337,0.888888888889,0.985380116959,0.0146198830409,0.111111111111,0.968152866242,0.888888888889,0.926829268293,0.953216374269,0.56465237167,0.892537313433,0.894296158668,0.874269005848,342,171,171,0,342,0,171,0,171,37,342,0.256756756757,1.72528881811,18.4864864865,15.5454545455,9.77142857143,5.36771015539,0.290358590277,0.142642642643,9.50849154237,1.02869645341,0.544491860281,8.05331334643,0.871264894205,0.461830251304,0.640599570326,0.371299902718,2,1.72528881811,0.640599570326,2,0.344071394247,0.376569037657,810,0.104247104247,0.56957682835,37,37,37,1,0,0.405405405405,0.540540540541,0.0540540540541,37,0.128378378378,1.95317803518,9.24324324324,7.77272727273,4.88571428571,4.68096265862,0.506419936751,0.281966176703,5.89892340155,1.27637523893,0.641062114746,4.13891660107,0.895555054033,0.469732890786,0.934285048873,0.478340956147,2.84317460317,1.95317803518,0.934285048873,2.84317460317,0.0967567452862,0.0317548746518,19,0.0024453024453,0.191921024125,37,37,37,1,0,0.405405405405,0.540540540541,0.0540540540541,37,328,0.246246246246,1.73732445856,17.7297297297,14.9090909091,8.86486486486,5.29490661259,0.298645647356,0.138348714568,8.96958490976,1.01181293189,0.534772577456,8.18250899501,0.923026929315,0.47692814766,0.660466582759,0.380163060218,2.06680584551,1.73732445856,0.660466582759,2.06680584551,0.336472366887,0.32974789916,654,0.0841698841699,0.574022849477,37,37,37,1,0,0.405405405405,0.594594594595,0,-14,-0.0105105105105,0.0120356404491,-0.756756756757,-0.636363636364,-0.906563706564,-0.0728035428045,0.00828705707925,-0.00429392807442,-0.538906632611,-0.0168835215208,-0.00971928282583,0.129195648578,0.0517620351105,0.0150978963559,0.0198670124325,0.00886315749989,0.0668058455115,0.0120356404491,0.0198670124325,0.0668058455115,-0.00759902736011,-0.0468211384972,-156,-0.0200772200772,0.00444602112671,0,0.0540540540541,-0.0540540540541,323,5,19,985,0.944444444444,0.994949494949,0.00505050505051,0.0555555555556,0.984756097561,0.944444444444,0.964179104478,0.952521146475,0.939393939394,0.93083573487,157,171,0,0,0,0
1881,WLNM_dir_neg,0.985602407578,0.384002250333,00:00:05,10,50,9,1237612644,threshold_sweep,0.9,0.974193548387,0.883040935673,0.926380368098,151,4,20,338,0.883040935673,0.988304093567,0.0116959064327,0.116959064327,0.974193548387,0.883040935673,0.926380368098,0.953216374269,0.565951916829,0.892215568862,0.894527927262,0.87134502924,342,171,171,0,342,0,171,0,171,37,342,0.256756756757,1.72528881811,18.4864864865,15.5454545455,9.77142857143,5.36771015539,0.290358590277,0.142642642643,9.50849154237,1.02869645341,0.544491860281,8.05331334643,0.871264894205,0.461830251304,0.640599570326,0.371299902718,2,1.72528881811,0.640599570326,2,0.344071394247,0.376569037657,810,0.104247104247,0.56957682835,37,37,37,1,0,0.405405405405,0.540540540541,0.0540540540541,37,0.128378378378,1.95317803518,9.24324324324,7.77272727273,4.88571428571,4.68096265862,0.506419936751,0.281966176703,5.89892340155,1.27637523893,0.641062114746,4.13891660107,0.895555054033,0.469732890786,0.934285048873,0.478340956147,2.84317460317,1.95317803518,0.934285048873,2.84317460317,0.0967567452862,0.0317548746518,19,0.0024453024453,0.191921024125,37,37,37,1,0,0.405405405405,0.540540540541,0.0540540540541,37,326,0.244744744745,1.73559312749,17.6216216216,14.8181818182,8.81081081081,5.25119748963,0.297997403553,0.138782954734,8.88143456204,1.00801557913,0.53291328138,8.19497758738,0.9301048182,0.479854087216,0.65878504402,0.379573434342,2.06680584551,1.73559312749,0.65878504402,2.06680584551,0.328111822803,0.324365741529,635,0.0817245817246,0.574386906947,37,37,37,1,0,0.405405405405,0.594594594595,0,-16,-0.012012012012,0.010304309371,-0.864864864865,-0.727272727273,-0.960617760618,-0.116512665765,0.00763881327538,-0.00385968790877,-0.62705698033,-0.020680874287,-0.0115785789018,0.141664240946,0.0588399239947,0.0180238359121,0.0181854736942,0.00827353162428,0.0668058455115,0.010304309371,0.0181854736942,0.0668058455115,-0.0159595714445,-0.0522032961279,-175,-0.0225225225225,0.00481007859675,0,0.0540540540541,-0.0540540540541,322,4,20,986,0.941520467836,0.99595959596,0.0040404040404,0.0584795321637,0.98773006135,0.941520467836,0.964071856287,0.952543682095,0.937480063796,0.93063583815,155,171,0,0,0,0
1882,WLNM_dir_neg,0.972521459594,0.917020767474,00:00:05,10,50,10,1237612645,threshold_sweep,0.1,0.943262411348,0.777777777778,0.852564102564,133,8,38,334,0.777777777778,0.976608187135,0.0233918128655,0.222222222222,0.943262411348,0.777777777778,0.852564102564,0.910331384016,0.575048732943,0.788990825688,0.79656951514,0.754385964912,342,171,171,0,342,0,171,0,171,37,342,0.256756756757,1.72528881811,18.4864864865,15.5454545455,9.77142857143,5.36771015539,0.290358590277,0.142642642643,9.50849154237,1.02869645341,0.544491860281,8.05331334643,0.871264894205,0.461830251304,0.640599570326,0.371299902718,2,1.72528881811,0.640599570326,2,0.344071394247,0.376569037657,810,0.104247104247,0.56957682835,37,37,37,1,0,0.405405405405,0.540540540541,0.0540540540541,37,0.128378378378,1.91645236145,9.24324324324,7.77272727273,4.88571428571,4.65716535987,0.503845375191,0.281808123913,5.95516279912,1.28854399747,0.646119804015,4.27753402059,0.925548296853,0.486170380907,0.876236881739,0.457218190947,2.60840909091,1.91645236145,0.876236881739,2.60840909091,0.0696265402148,0.0334821428571,20,0.002574002574,0.192963385821,37,37,37,1,0,0.405405405405,0.540540540541,0.0540540540541,37,312,0.234234234234,1,16.8648648649,13.5652173913,8.91428571429,4.09038277319,0.242538722128,0.113478863479,8.14978029881,0.966480355949,0.516805266805,8.12588641503,0.963646786398,0.500173250173,0,0,0,NaN,NaN,NaN,0.216370592145,0.208357857563,354,0.0455598455598,0.520324299108,37,37,0,1,2,0.378378378378,0.567567567568,0.0540540540541,-30,-0.0225225225225,-0.725288818115,-1.62162162162,-1.98023715415,-0.857142857143,-1.2773273822,-0.0478198681487,-0.0291637791638,-1.35871124356,-0.0622160974658,-0.0276865934761,0.0725730685995,0.0923818921934,0.0383429988693,-0.640599570326,-0.371299902718,-2,NaN,NaN,NaN,-0.127700802103,-0.168211180094,-456,-0.0586872586873,-0.0492525292417,-0.027027027027,0.027027027027,0,304,8,38,982,0.888888888889,0.991919191919,0.00808080808081,0.111111111111,0.974358974359,0.888888888889,0.929663608563,0.908520137106,0.880808080808,0.868571428571,141,171,0,0,0,0
1883,WLNM_dir_neg,0.972521459594,0.917020767474,00:00:05,10,50,10,1237612645,threshold_sweep,0.2,0.962686567164,0.754385964912,0.845901639344,129,5,42,337,0.754385964912,0.985380116959,0.0146198830409,0.245614035088,0.962686567164,0.754385964912,0.845901639344,0.908382066277,0.579597141001,0.782071097372,0.793840988575,0.739766081871,342,171,171,0,342,0,171,0,171,37,342,0.256756756757,1.72528881811,18.4864864865,15.5454545455,9.77142857143,5.36771015539,0.290358590277,0.142642642643,9.50849154237,1.02869645341,0.544491860281,8.05331334643,0.871264894205,0.461830251304,0.640599570326,0.371299902718,2,1.72528881811,0.640599570326,2,0.344071394247,0.376569037657,810,0.104247104247,0.56957682835,37,37,37,1,0,0.405405405405,0.540540540541,0.0540540540541,37,0.128378378378,1.91645236145,9.24324324324,7.77272727273,4.88571428571,4.65716535987,0.503845375191,0.281808123913,5.95516279912,1.28854399747,0.646119804015,4.27753402059,0.925548296853,0.486170380907,0.876236881739,0.457218190947,2.60840909091,1.91645236145,0.876236881739,2.60840909091,0.0696265402148,0.0334821428571,20,0.002574002574,0.192963385821,37,37,37,1,0,0.405405405405,0.540540540541,0.0540540540541,37,305,0.228978978979,1,16.4864864865,13.2608695652,8.71428571429,4.18078688514,0.253588712705,0.115994683208,8.02913239192,0.974025896725,0.518564466105,8.11173842652,0.98404695666,0.505981391227,0,0,0,NaN,NaN,NaN,0.212643918294,0.196892251073,321,0.0413127413127,0.513987061377,37,37,0,1,2,0.378378378378,0.567567567568,0.0540540540541,-37,-0.0277777777778,-0.725288818115,-2,-2.28458498024,-1.05714285714,-1.18692327025,-0.0367698775718,-0.0266479594348,-1.47935915046,-0.0546705566902,-0.0259273941759,0.0584250800869,0.112782062455,0.0441511399234,-0.640599570326,-0.371299902718,-2,NaN,NaN,NaN,-0.131427475953,-0.179676786584,-489,-0.0629343629344,-0.0555897669729,-0.027027027027,0.027027027027,0,300,5,42,985,0.877192982456,0.994949494949,0.00505050505051,0.122807017544,0.983606557377,0.877192982456,0.927357032457,0.906740361976,0.872142477406,0.864553314121,134,171,0,0,0,0
1884,WLNM_dir_neg,0.972521459594,0.917020767474,00:00:05,10,50,10,1237612645,threshold_sweep,0.3,0.962121212121,0.74269005848,0.838283828383,127,5,44,337,0.74269005848,0.985380116959,0.0146198830409,0.25730994152,0.962121212121,0.74269005848,0.838283828383,0.904483430799,0.58089668616,0.772093023256,0.785117930402,0.728070175439,342,171,171,0,342,0,171,0,171,37,342,0.256756756757,1.72528881811,18.4864864865,15.5454545455,9.77142857143,5.36771015539,0.290358590277,0.142642642643,9.50849154237,1.02869645341,0.544491860281,8.05331334643,0.871264894205,0.461830251304,0.640599570326,0.371299902718,2,1.72528881811,0.640599570326,2,0.344071394247,0.376569037657,810,0.104247104247,0.56957682835,37,37,37,1,0,0.405405405405,0.540540540541,0.0540540540541,37,0.128378378378,1.91645236145,9.24324324324,7.77272727273,4.88571428571,4.65716535987,0.503845375191,0.281808123913,5.95516279912,1.28854399747,0.646119804015,4.27753402059,0.925548296853,0.486170380907,0.876236881739,0.457218190947,2.60840909091,1.91645236145,0.876236881739,2.60840909091,0.0696265402148,0.0334821428571,20,0.002574002574,0.192963385821,37,37,37,1,0,0.405405405405,0.540540540541,0.0540540540541,37,303,0.227477477477,1,16.3783783784,13.1739130435,8.65714285714,4.19226371726,0.255963296268,0.116225136027,7.94018554862,0.969593614848,0.515565070021,8.12348391954,0.991976584234,0.509856391045,0,0,0,NaN,NaN,NaN,0.195821079412,0.193788819876,312,0.0401544401544,0.514936697466,37,37,0,1,2,0.378378378378,0.567567567568,0.0540540540541,-39,-0.0292792792793,-0.725288818115,-2.10810810811,-2.37154150198,-1.11428571429,-1.17544643813,-0.0343952940086,-0.0264175066155,-1.56830599375,-0.0591028385666,-0.0289267902608,0.0701705731037,0.120711690029,0.0480261397406,-0.640599570326,-0.371299902718,-2,NaN,NaN,NaN,-0.148250314835,-0.182780217781,-498,-0.0640926640927,-0.0546401308841,-0.027027027027,0.027027027027,0,298,5,44,985,0.87134502924,0.994949494949,0.00505050505051,0.12865497076,0.983498349835,0.87134502924,0.924031007752,0.902749419735,0.866294524189,0.85878962536,132,171,0,0,0,0
1885,WLNM_dir_neg,0.972521459594,0.917020767474,00:00:05,10,50,10,1237612645,threshold_sweep,0.4,0.961538461538,0.730994152047,0.830564784053,125,5,46,337,0.730994152047,0.985380116959,0.0146198830409,0.269005847953,0.961538461538,0.730994152047,0.830564784053,0.900584795322,0.582196231319,0.762052877138,0.776390161626,0.716374269006,342,171,171,0,342,0,171,0,171,37,342,0.256756756757,1.72528881811,18.4864864865,15.5454545455,9.77142857143,5.36771015539,0.290358590277,0.142642642643,9.50849154237,1.02869645341,0.544491860281,8.05331334643,0.871264894205,0.461830251304,0.640599570326,0.371299902718,2,1.72528881811,0.640599570326,2,0.344071394247,0.376569037657,810,0.104247104247,0.56957682835,37,37,37,1,0,0.405405405405,0.540540540541,0.0540540540541,37,0.128378378378,1.91645236145,9.24324324324,7.77272727273,4.88571428571,4.65716535987,0.503845375191,0.281808123913,5.95516279912,1.28854399747,0.646119804015,4.27753402059,0.925548296853,0.486170380907,0.876236881739,0.457218190947,2.60840909091,1.91645236145,0.876236881739,2.60840909091,0.0696265402148,0.0334821428571,20,0.002574002574,0.192963385821,37,37,37,1,0,0.405405405405,0.540540540541,0.0540540540541,37,301,0.225975975976,1,16.2702702703,13.0869565217,8.6,4.18096645292,0.256969698934,0.118164676304,7.8921978426,0.970137276333,0.51611744635,8.11090542337,0.997021596892,0.511448325402,0,0,0,NaN,NaN,NaN,0.189448820176,0.186358866737,296,0.0380952380952,0.513284466813,37,37,0,1,2,0.378378378378,0.567567567568,0.0540540540541,-41,-0.0307807807808,-0.725288818115,-2.21621621622,-2.45849802372,-1.17142857143,-1.18674370247,-0.0333888913432,-0.0244779663384,-1.61629369977,-0.0585591770816,-0.0283744139313,0.0575920769317,0.125756702687,0.0496180740979,-0.640599570326,-0.371299902718,-2,NaN,NaN,NaN,-0.154622574071,-0.19021017092,-514,-0.0661518661519,-0.0562923615364,-0.027027027027,0.027027027027,0,296,5,46,985,0.865497076023,0.994949494949,0.00505050505051,0.134502923977,0.983388704319,0.865497076023,0.920684292379,0.898756362925,0.860446570973,0.853025936599,130,171,0,0,0,0
1886,WLNM_dir_neg,0.972521459594,0.917020767474,00:00:05,10,50,10,1237612645,threshold_sweep,0.5,0.961240310078,0.72514619883,0.826666666667,124,5,47,337,0.72514619883,0.985380116959,0.0146198830409,0.27485380117,0.961240310078,0.72514619883,0.826666666667,0.898635477583,0.582846003899,0.757009345794,0.772024012309,0.710526315789,342,171,171,0,342,0,171,0,171,37,342,0.256756756757,1.72528881811,18.4864864865,15.5454545455,9.77142857143,5.36771015539,0.290358590277,0.142642642643,9.50849154237,1.02869645341,0.544491860281,8.05331334643,0.871264894205,0.461830251304,0.640599570326,0.371299902718,2,1.72528881811,0.640599570326,2,0.344071394247,0.376569037657,810,0.104247104247,0.56957682835,37,37,37,1,0,0.405405405405,0.540540540541,0.0540540540541,37,0.128378378378,1.91645236145,9.24324324324,7.77272727273,4.88571428571,4.65716535987,0.503845375191,0.281808123913,5.95516279912,1.28854399747,0.646119804015,4.27753402059,0.925548296853,0.486170380907,0.876236881739,0.457218190947,2.60840909091,1.91645236145,0.876236881739,2.60840909091,0.0696265402148,0.0334821428571,20,0.002574002574,0.192963385821,37,37,37,1,0,0.405405405405,0.540540540541,0.0540540540541,37,300,0.225225225225,1,16.2162162162,13.0434782609,8.57142857143,4.19083083207,0.258434567978,0.118468468468,7.85558465108,0.968855440299,0.514954954955,8.10275599131,0.999339905594,0.512432432432,0,0,0,NaN,NaN,NaN,0.188487149246,0.185560481317,293,0.0377091377091,0.512912775139,37,37,0,1,2,0.378378378378,0.567567567568,0.0540540540541,-42,-0.0315315315315,-0.725288818115,-2.27027027027,-2.50197628458,-1.2,-1.17687932332,-0.0319240222992,-0.0241741741742,-1.6529068913,-0.0598410131155,-0.0295369053264,0.0494426448723,0.12807501139,0.0506021811285,-0.640599570326,-0.371299902718,-2,NaN,NaN,NaN,-0.155584245002,-0.19100855634,-517,-0.066537966538,-0.0566640532105,-0.027027027027,0.027027027027,0,295,5,47,985,0.862573099415,0.994949494949,0.00505050505051,0.137426900585,0.983333333333,0.862573099415,0.919003115265,0.896759004438,0.857522594365,0.850144092219,129,171,0,0,0,0
1887,WLNM_dir_neg,0.972521459594,0.917020767474,00:00:05,10,50,10,1237612645,threshold_sweep,0.6,0.957627118644,0.66081871345,0.782006920415,113,5,58,337,0.66081871345,0.985380116959,0.0146198830409,0.33918128655,0.957627118644,0.66081871345,0.782006920415,0.877192982456,0.589993502274,0.700475435816,0.723831908997,0.646198830409,342,171,171,0,342,0,171,0,171,37,342,0.256756756757,1.72528881811,18.4864864865,15.5454545455,9.77142857143,5.36771015539,0.290358590277,0.142642642643,9.50849154237,1.02869645341,0.544491860281,8.05331334643,0.871264894205,0.461830251304,0.640599570326,0.371299902718,2,1.72528881811,0.640599570326,2,0.344071394247,0.376569037657,810,0.104247104247,0.56957682835,37,37,37,1,0,0.405405405405,0.540540540541,0.0540540540541,37,0.128378378378,1.91645236145,9.24324324324,7.77272727273,4.88571428571,4.65716535987,0.503845375191,0.281808123913,5.95516279912,1.28854399747,0.646119804015,4.27753402059,0.925548296853,0.486170380907,0.876236881739,0.457218190947,2.60840909091,1.91645236145,0.876236881739,2.60840909091,0.0696265402148,0.0334821428571,20,0.002574002574,0.192963385821,37,37,37,1,0,0.405405405405,0.540540540541,0.0540540540541,37,289,0.216966966967,1,15.6216216216,12.5652173913,8.25714285714,4.20549476116,0.269209872255,0.12961750678,7.69140154053,0.984712307957,0.527260824839,7.78830261724,0.997118328158,0.514542223885,0,0,0,NaN,NaN,NaN,0.183386033773,0.176470588235,260,0.033462033462,0.479713878945,37,37,0,1,2,0.378378378378,0.567567567568,0.0540540540541,-53,-0.0397897897898,-0.725288818115,-2.86486486486,-2.98023715415,-1.51428571429,-1.16221539423,-0.0211487180226,-0.0130251358625,-1.81709000185,-0.0439841454578,-0.0172310354427,-0.265010729197,0.125853433953,0.0527119725808,-0.640599570326,-0.371299902718,-2,NaN,NaN,NaN,-0.160685360474,-0.200098449422,-550,-0.0707850707851,-0.0898629494053,-0.027027027027,0.027027027027,0,284,5,58,985,0.830409356725,0.994949494949,0.00505050505051,0.169590643275,0.982698961938,0.830409356725,0.900158478605,0.874746851588,0.825358851675,0.818443804035,118,171,0,0,0,0
1888,WLNM_dir_neg,0.972521459594,0.917020767474,00:00:05,10,50,10,1237612645,threshold_sweep,0.7,0.957627118644,0.66081871345,0.782006920415,113,5,58,337,0.66081871345,0.985380116959,0.0146198830409,0.33918128655,0.957627118644,0.66081871345,0.782006920415,0.877192982456,0.589993502274,0.700475435816,0.723831908997,0.646198830409,342,171,171,0,342,0,171,0,171,37,342,0.256756756757,1.72528881811,18.4864864865,15.5454545455,9.77142857143,5.36771015539,0.290358590277,0.142642642643,9.50849154237,1.02869645341,0.544491860281,8.05331334643,0.871264894205,0.461830251304,0.640599570326,0.371299902718,2,1.72528881811,0.640599570326,2,0.344071394247,0.376569037657,810,0.104247104247,0.56957682835,37,37,37,1,0,0.405405405405,0.540540540541,0.0540540540541,37,0.128378378378,1.91645236145,9.24324324324,7.77272727273,4.88571428571,4.65716535987,0.503845375191,0.281808123913,5.95516279912,1.28854399747,0.646119804015,4.27753402059,0.925548296853,0.486170380907,0.876236881739,0.457218190947,2.60840909091,1.91645236145,0.876236881739,2.60840909091,0.0696265402148,0.0334821428571,20,0.002574002574,0.192963385821,37,37,37,1,0,0.405405405405,0.540540540541,0.0540540540541,37,289,0.216966966967,1,15.6216216216,12.5652173913,8.25714285714,4.20549476116,0.269209872255,0.12961750678,7.69140154053,0.984712307957,0.527260824839,7.78830261724,0.997118328158,0.514542223885,0,0,0,NaN,NaN,NaN,0.183386033773,0.176470588235,260,0.033462033462,0.479713878945,37,37,0,1,2,0.378378378378,0.567567567568,0.0540540540541,-53,-0.0397897897898,-0.725288818115,-2.86486486486,-2.98023715415,-1.51428571429,-1.16221539423,-0.0211487180226,-0.0130251358625,-1.81709000185,-0.0439841454578,-0.0172310354427,-0.265010729197,0.125853433953,0.0527119725808,-0.640599570326,-0.371299902718,-2,NaN,NaN,NaN,-0.160685360474,-0.200098449422,-550,-0.0707850707851,-0.0898629494053,-0.027027027027,0.027027027027,0,284,5,58,985,0.830409356725,0.994949494949,0.00505050505051,0.169590643275,0.982698961938,0.830409356725,0.900158478605,0.874746851588,0.825358851675,0.818443804035,118,171,0,0,0,0
1889,WLNM_dir_neg,0.972521459594,0.917020767474,00:00:05,10,50,10,1237612645,threshold_sweep,0.8,0.957264957265,0.654970760234,0.777777777778,112,5,59,337,0.654970760234,0.985380116959,0.0146198830409,0.345029239766,0.957264957265,0.654970760234,0.777777777778,0.875243664717,0.590643274854,0.695238095238,0.719430081787,0.640350877193,342,171,171,0,342,0,171,0,171,37,342,0.256756756757,1.72528881811,18.4864864865,15.5454545455,9.77142857143,5.36771015539,0.290358590277,0.142642642643,9.50849154237,1.02869645341,0.544491860281,8.05331334643,0.871264894205,0.461830251304,0.640599570326,0.371299902718,2,1.72528881811,0.640599570326,2,0.344071394247,0.376569037657,810,0.104247104247,0.56957682835,37,37,37,1,0,0.405405405405,0.540540540541,0.0540540540541,37,0.128378378378,1.91645236145,9.24324324324,7.77272727273,4.88571428571,4.65716535987,0.503845375191,0.281808123913,5.95516279912,1.28854399747,0.646119804015,4.27753402059,0.925548296853,0.486170380907,0.876236881739,0.457218190947,2.60840909091,1.91645236145,0.876236881739,2.60840909091,0.0696265402148,0.0334821428571,20,0.002574002574,0.192963385821,37,37,37,1,0,0.405405405405,0.540540540541,0.0540540540541,37,288,0.216216216216,1,15.5675675676,12.5217391304,8.22857142857,4.16026535305,0.26723926747,0.127346096096,7.65627968524,0.983619265118,0.526276276276,7.80361431623,1.00254767257,0.515953453453,0,0,0,NaN,NaN,NaN,0.177534594098,0.168339416058,246,0.0316602316602,0.481353025567,37,37,0,1,2,0.378378378378,0.567567567568,0.0540540540541,-54,-0.0405405405405,-0.725288818115,-2.91891891892,-3.02371541502,-1.54285714286,-1.20744480234,-0.0231193228067,-0.0152965465465,-1.85221185713,-0.0450771882972,-0.0182155840051,-0.249699030209,0.131282778366,0.0541232021495,-0.640599570326,-0.371299902718,-2,NaN,NaN,NaN,-0.166536800149,-0.208229621599,-564,-0.0725868725869,-0.0882238027834,-0.027027027027,0.027027027027,0,283,5,59,985,0.827485380117,0.994949494949,0.00505050505051,0.172514619883,0.982638888889,0.827485380117,0.898412698413,0.872741595524,0.822434875066,0.815561959654,117,171,0,0,0,0
1890,WLNM_dir_neg,0.972521459594,0.917020767474,00:00:05,10,50,10,1237612645,threshold_sweep,0.9,0.956140350877,0.637426900585,0.764912280702,109,5,62,337,0.637426900585,0.985380116959,0.0146198830409,0.362573099415,0.956140350877,0.637426900585,0.764912280702,0.869395711501,0.592592592593,0.679425837321,0.706196778517,0.622807017544,342,171,171,0,342,0,171,0,171,37,342,0.256756756757,1.72528881811,18.4864864865,15.5454545455,9.77142857143,5.36771015539,0.290358590277,0.142642642643,9.50849154237,1.02869645341,0.544491860281,8.05331334643,0.871264894205,0.461830251304,0.640599570326,0.371299902718,2,1.72528881811,0.640599570326,2,0.344071394247,0.376569037657,810,0.104247104247,0.56957682835,37,37,37,1,0,0.405405405405,0.540540540541,0.0540540540541,37,0.128378378378,1.91645236145,9.24324324324,7.77272727273,4.88571428571,4.65716535987,0.503845375191,0.281808123913,5.95516279912,1.28854399747,0.646119804015,4.27753402059,0.925548296853,0.486170380907,0.876236881739,0.457218190947,2.60840909091,1.91645236145,0.876236881739,2.60840909091,0.0696265402148,0.0334821428571,20,0.002574002574,0.192963385821,37,37,37,1,0,0.405405405405,0.540540540541,0.0540540540541,37,285,0.213963963964,1,15.4054054054,12.3913043478,8.14285714286,4.08560793422,0.265206129064,0.124324324324,7.54933722207,0.980089393742,0.522901849218,7.72752966443,1.00322314942,0.516263632053,0,0,0,NaN,NaN,NaN,0.174145462613,0.163750874738,234,0.0301158301158,0.47436406987,37,37,0,1,2,0.378378378378,0.567567567568,0.0540540540541,-57,-0.0427927927928,-0.725288818115,-3.08108108108,-3.15415019763,-1.62857142857,-1.28210222117,-0.0251524612135,-0.0183183183183,-1.95915432031,-0.0486070596727,-0.0215900110637,-0.325783682,0.131958255213,0.0544333807492,-0.640599570326,-0.371299902718,-2,NaN,NaN,NaN,-0.169925931634,-0.212818162919,-576,-0.0741312741313,-0.0952127584796,-0.027027027027,0.027027027027,0,280,5,62,985,0.818713450292,0.994949494949,0.00505050505051,0.181286549708,0.982456140351,0.818713450292,0.893141945774,0.866721196666,0.813662945242,0.806916426513,114,171,0,0,0,0
1891,WLNM_dir_neg,0.938502445197,0.75537347972,00:00:05,10,50,11,1237612646,threshold_sweep,0.1,0.901960784314,0.80701754386,0.851851851852,138,15,33,327,0.80701754386,0.956140350877,0.0438596491228,0.19298245614,0.901960784314,0.80701754386,0.851851851852,0.906432748538,0.567251461988,0.783783783784,0.786372909593,0.763157894737,342,171,171,0,342,0,171,0,171,37,342,0.256756756757,1.72528881811,18.4864864865,15.5454545455,9.77142857143,5.36771015539,0.290358590277,0.142642642643,9.50849154237,1.02869645341,0.544491860281,8.05331334643,0.871264894205,0.461830251304,0.640599570326,0.371299902718,2,1.72528881811,0.640599570326,2,0.344071394247,0.376569037657,810,0.104247104247,0.56957682835,37,37,37,1,0,0.405405405405,0.540540540541,0.0540540540541,37,0.128378378378,1.97049866193,9.24324324324,7.77272727273,4.88571428571,4.76914507483,0.515960139674,0.289078552236,5.97843974142,1.29358052884,0.650545282124,4.30988109756,0.932547371986,0.486486486486,0.982412928451,0.498560566131,3.77851851852,1.97049866193,0.982412928451,3.77851851852,0.0814215989426,0.0430226144512,26,0.0033462033462,0.192563754942,37,37,37,1,0,0.405405405405,0.540540540541,0.0540540540541,37,324,0.243243243243,1.75104295906,17.5135135135,14.7272727273,8.75675675676,5.53585094142,0.316090254371,0.151317984651,9.27483274903,1.05916299912,0.56022689356,7.48481947161,0.854747902622,0.438104771438,0.671480882415,0.383474819358,2,1.75104295906,0.671480882415,2,0.323625720915,0.328868523088,622,0.0800514800515,0.501515181721,37,37,37,1,0,0.405405405405,0.594594594595,0,-18,-0.0135135135135,0.0257541409482,-0.972972972973,-0.818181818182,-1.01467181467,0.168140786029,0.0257316640942,0.00867534200868,-0.233658793342,0.0304665457031,0.0157350332789,-0.568493874829,-0.0165169915833,-0.0237254798658,0.0308813120888,0.0121749166403,0,0.0257541409482,0.0308813120888,0,-0.0204456733322,-0.0477005145691,-188,-0.0241956241956,-0.0680616466287,0,0.0540540540541,-0.0540540540541,309,15,33,975,0.90350877193,0.984848484848,0.0151515151515,0.0964912280702,0.953703703704,0.90350877193,0.927927927928,0.90451450045,0.888357256778,0.865546218487,153,171,0,0,0,0
1892,WLNM_dir_neg,0.938502445197,0.75537347972,00:00:05,10,50,11,1237612646,threshold_sweep,0.2,0.901315789474,0.801169590643,0.848297213622,137,15,34,327,0.801169590643,0.956140350877,0.0438596491228,0.198830409357,0.901315789474,0.801169590643,0.848297213622,0.904483430799,0.567901234568,0.778947368421,0.781824672006,0.75730994152,342,171,171,0,342,0,171,0,171,37,342,0.256756756757,1.72528881811,18.4864864865,15.5454545455,9.77142857143,5.36771015539,0.290358590277,0.142642642643,9.50849154237,1.02869645341,0.544491860281,8.05331334643,0.871264894205,0.461830251304,0.640599570326,0.371299902718,2,1.72528881811,0.640599570326,2,0.344071394247,0.376569037657,810,0.104247104247,0.56957682835,37,37,37,1,0,0.405405405405,0.540540540541,0.0540540540541,37,0.128378378378,1.97049866193,9.24324324324,7.77272727273,4.88571428571,4.76914507483,0.515960139674,0.289078552236,5.97843974142,1.29358052884,0.650545282124,4.30988109756,0.932547371986,0.486486486486,0.982412928451,0.498560566131,3.77851851852,1.97049866193,0.982412928451,3.77851851852,0.0814215989426,0.0430226144512,26,0.0033462033462,0.192563754942,37,37,37,1,0,0.405405405405,0.540540540541,0.0540540540541,37,323,0.242492492492,1.74984474018,17.4594594595,14.6818181818,8.72972972973,5.50552547999,0.315331954736,0.14986193624,9.24556544947,1.05908954065,0.559785791984,7.50795374049,0.860044236527,0.440465233035,0.670225259391,0.38301984399,2,1.74984474018,0.670225259391,2,0.318258626059,0.322626441881,606,0.0779922779923,0.502904922466,37,37,37,1,0,0.405405405405,0.594594594595,0,-19,-0.0142642642643,0.0245559220635,-1.02702702703,-0.863636363636,-1.0416988417,0.137815324596,0.0249733644591,0.007219293597,-0.262926092902,0.0303930872368,0.0152939317026,-0.545359605942,-0.0112206576779,-0.021365018269,0.0296256890646,0.0117199412727,0,0.0245559220635,0.0296256890646,0,-0.0258127681884,-0.0539425957758,-204,-0.0262548262548,-0.0666719058844,0,0.0540540540541,-0.0540540540541,308,15,34,975,0.900584795322,0.984848484848,0.0151515151515,0.0994152046784,0.953560371517,0.900584795322,0.926315789474,0.902484283474,0.88543328017,0.862745098039,152,171,0,0,0,0
1893,WLNM_dir_neg,0.938502445197,0.75537347972,00:00:05,10,50,11,1237612646,threshold_sweep,0.3,0.900662251656,0.795321637427,0.844720496894,136,15,35,327,0.795321637427,0.956140350877,0.0438596491228,0.204678362573,0.900662251656,0.795321637427,0.844720496894,0.90253411306,0.568551007147,0.774096385542,0.777276194029,0.751461988304,342,171,171,0,342,0,171,0,171,37,342,0.256756756757,1.72528881811,18.4864864865,15.5454545455,9.77142857143,5.36771015539,0.290358590277,0.142642642643,9.50849154237,1.02869645341,0.544491860281,8.05331334643,0.871264894205,0.461830251304,0.640599570326,0.371299902718,2,1.72528881811,0.640599570326,2,0.344071394247,0.376569037657,810,0.104247104247,0.56957682835,37,37,37,1,0,0.405405405405,0.540540540541,0.0540540540541,37,0.128378378378,1.97049866193,9.24324324324,7.77272727273,4.88571428571,4.76914507483,0.515960139674,0.289078552236,5.97843974142,1.29358052884,0.650545282124,4.30988109756,0.932547371986,0.486486486486,0.982412928451,0.498560566131,3.77851851852,1.97049866193,0.982412928451,3.77851851852,0.0814215989426,0.0430226144512,26,0.0033462033462,0.192563754942,37,37,37,1,0,0.405405405405,0.540540540541,0.0540540540541,37,322,0.241741741742,1.7495184883,17.4054054054,14.6363636364,8.7027027027,5.45924017637,0.313651997711,0.149991606513,9.17988400092,1.05483139141,0.558502601981,7.50135122963,0.861956507753,0.441161658553,0.669780324868,0.382836951623,2,1.7495184883,0.669780324868,2,0.301876783714,0.320700750804,598,0.0769626769627,0.502214283418,37,37,37,1,0,0.405405405405,0.594594594595,0,-20,-0.015015015015,0.0242296701844,-1.08108108108,-0.909090909091,-1.06872586873,0.0915300209777,0.0232934074336,0.0073489638707,-0.328607541459,0.0261349379948,0.0140107416995,-0.551962116804,-0.00930838645237,-0.020668592751,0.0291807545423,0.0115370489051,0,0.0242296701844,0.0291807545423,0,-0.0421946105333,-0.0558682868525,-212,-0.0272844272844,-0.0673625449321,0,0.0540540540541,-0.0540540540541,307,15,35,975,0.897660818713,0.984848484848,0.0151515151515,0.102339181287,0.953416149068,0.897660818713,0.924698795181,0.900453561351,0.882509303562,0.859943977591,151,171,0,0,0,0
1894,WLNM_dir_neg,0.938502445197,0.75537347972,00:00:05,10,50,11,1237612646,threshold_sweep,0.4,0.9,0.789473684211,0.841121495327,135,15,36,327,0.789473684211,0.956140350877,0.0438596491228,0.210526315789,0.9,0.789473684211,0.841121495327,0.900584795322,0.569200779727,0.769230769231,0.772727272727,0.745614035088,342,171,171,0,342,0,171,0,171,37,342,0.256756756757,1.72528881811,18.4864864865,15.5454545455,9.77142857143,5.36771015539,0.290358590277,0.142642642643,9.50849154237,1.02869645341,0.544491860281,8.05331334643,0.871264894205,0.461830251304,0.640599570326,0.371299902718,2,1.72528881811,0.640599570326,2,0.344071394247,0.376569037657,810,0.104247104247,0.56957682835,37,37,37,1,0,0.405405405405,0.540540540541,0.0540540540541,37,0.128378378378,1.97049866193,9.24324324324,7.77272727273,4.88571428571,4.76914507483,0.515960139674,0.289078552236,5.97843974142,1.29358052884,0.650545282124,4.30988109756,0.932547371986,0.486486486486,0.982412928451,0.498560566131,3.77851851852,1.97049866193,0.982412928451,3.77851851852,0.0814215989426,0.0430226144512,26,0.0033462033462,0.192563754942,37,37,37,1,0,0.405405405405,0.540540540541,0.0540540540541,37,321,0.240990990991,1.74849152333,17.3513513514,14.5909090909,8.67567567568,5.43760678677,0.313382322602,0.148690746822,9.15318418807,1.05503992199,0.558390165867,7.51684794332,0.866427956084,0.442367601246,0.668755778413,0.382475848176,2,1.74849152333,0.668755778413,2,0.296949532334,0.314738168076,583,0.0750321750322,0.50328999527,37,37,37,1,0,0.405405405405,0.594594594595,0,-21,-0.0157657657658,0.0232027052129,-1.13513513514,-0.954545454545,-1.09575289575,0.0698966313804,0.0230237323251,0.00604810417895,-0.355307354302,0.0263434685749,0.0138983055855,-0.536465403114,-0.00483693812119,-0.0194626500578,0.028156208087,0.0111759454581,0,0.0232027052129,0.028156208087,0,-0.047121861913,-0.0618308695806,-227,-0.0292149292149,-0.0662868330801,0,0.0540540540541,-0.0540540540541,306,15,36,975,0.894736842105,0.984848484848,0.0151515151515,0.105263157895,0.953271028037,0.894736842105,0.923076923077,0.898422318904,0.879585326954,0.857142857143,150,171,0,0,0,0
1895,WLNM_dir_neg,0.938502445197,0.75537347972,00:00:05,10,50,11,1237612646,threshold_sweep,0.5,0.897959183673,0.771929824561,0.830188679245,132,15,39,327,0.771929824561,0.956140350877,0.0438596491228,0.228070175439,0.897959183673,0.771929824561,0.830188679245,0.894736842105,0.571150097466,0.754545454545,0.759075788174,0.728070175439,342,171,171,0,342,0,171,0,171,37,342,0.256756756757,1.72528881811,18.4864864865,15.5454545455,9.77142857143,5.36771015539,0.290358590277,0.142642642643,9.50849154237,1.02869645341,0.544491860281,8.05331334643,0.871264894205,0.461830251304,0.640599570326,0.371299902718,2,1.72528881811,0.640599570326,2,0.344071394247,0.376569037657,810,0.104247104247,0.56957682835,37,37,37,1,0,0.405405405405,0.540540540541,0.0540540540541,37,0.128378378378,1.97049866193,9.24324324324,7.77272727273,4.88571428571,4.76914507483,0.515960139674,0.289078552236,5.97843974142,1.29358052884,0.650545282124,4.30988109756,0.932547371986,0.486486486486,0.982412928451,0.498560566131,3.77851851852,1.97049866193,0.982412928451,3.77851851852,0.0814215989426,0.0430226144512,26,0.0033462033462,0.192563754942,37,37,37,1,0,0.405405405405,0.540540540541,0.0540540540541,37,318,0.238738738739,1.75649310948,17.1891891892,14.4545454545,8.59459459459,5.5519658072,0.322991721488,0.154937956825,9.19075459198,1.069364528,0.56365799762,7.41791921805,0.863091229773,0.443481217066,0.676246838239,0.384998286978,2,1.75649310948,0.676246838239,2,0.296101061324,0.31083546151,568,0.0731016731017,0.490988357647,37,37,37,1,0,0.405405405405,0.594594594595,0,-24,-0.018018018018,0.0312042913664,-1.2972972973,-1.09090909091,-1.17683397683,0.184255651807,0.032633131211,0.0122953141821,-0.317736950396,0.0406680745827,0.0191661373389,-0.635394128384,-0.00817366443168,-0.0183490342378,0.0356472679128,0.0136983842602,0,0.0312042913664,0.0356472679128,0,-0.0479703329238,-0.0657335761465,-242,-0.0311454311454,-0.0785884707024,0,0.0540540540541,-0.0540540540541,303,15,39,975,0.885964912281,0.984848484848,0.0151515151515,0.114035087719,0.952830188679,0.885964912281,0.918181818182,0.892325316532,0.870813397129,0.848739495798,147,171,0,0,0,0
1896,WLNM_dir_neg,0.938502445197,0.75537347972,00:00:05,10,50,11,1237612646,threshold_sweep,0.6,0.890510948905,0.713450292398,0.792207792208,122,15,49,327,0.713450292398,0.956140350877,0.0438596491228,0.286549707602,0.890510948905,0.713450292398,0.792207792208,0.875243664717,0.577647823262,0.704615384615,0.713454494942,0.669590643275,342,171,171,0,342,0,171,0,171,37,342,0.256756756757,1.72528881811,18.4864864865,15.5454545455,9.77142857143,5.36771015539,0.290358590277,0.142642642643,9.50849154237,1.02869645341,0.544491860281,8.05331334643,0.871264894205,0.461830251304,0.640599570326,0.371299902718,2,1.72528881811,0.640599570326,2,0.344071394247,0.376569037657,810,0.104247104247,0.56957682835,37,37,37,1,0,0.405405405405,0.540540540541,0.0540540540541,37,0.128378378378,1.97049866193,9.24324324324,7.77272727273,4.88571428571,4.76914507483,0.515960139674,0.289078552236,5.97843974142,1.29358052884,0.650545282124,4.30988109756,0.932547371986,0.486486486486,0.982412928451,0.498560566131,3.77851851852,1.97049866193,0.982412928451,3.77851851852,0.0814215989426,0.0430226144512,26,0.0033462033462,0.192563754942,37,37,37,1,0,0.405405405405,0.540540540541,0.0540540540541,37,308,0.231231231231,1.76903659933,16.6486486486,14,8.32432432432,5.34486366221,0.321038888801,0.148034398034,8.94133365038,1.07412125021,0.564057564058,7.07128015306,0.849471966439,0.435942435942,0.690327158983,0.390227742741,2,1.76903659933,0.690327158983,2,0.291551815315,0.302393461763,518,0.0666666666667,0.458247573273,37,37,37,1,0,0.405405405405,0.594594594595,0,-34,-0.0255255255255,0.0437477812173,-1.83783783784,-1.54545454545,-1.4471042471,-0.0228464931875,0.0306802985242,0.00539175539176,-0.567157891993,0.0454247967934,0.0195657037762,-0.982033193378,-0.0217929277663,-0.0258878153615,0.0497275886567,0.0189278400228,0,0.0437477812173,0.0497275886567,0,-0.0525195789324,-0.0741755758939,-292,-0.0375804375804,-0.111329255076,0,0.0540540540541,-0.0540540540541,293,15,49,975,0.856725146199,0.984848484848,0.0151515151515,0.143274853801,0.951298701299,0.856725146199,0.901538461538,0.871961747474,0.841573631047,0.820728291317,137,171,0,0,0,0
1897,WLNM_dir_neg,0.938502445197,0.75537347972,00:00:05,10,50,11,1237612646,threshold_sweep,0.7,0.886363636364,0.684210526316,0.772277227723,117,15,54,327,0.684210526316,0.956140350877,0.0438596491228,0.315789473684,0.886363636364,0.684210526316,0.772277227723,0.865497076023,0.58089668616,0.679069767442,0.690525408667,0.640350877193,342,171,171,0,342,0,171,0,171,37,342,0.256756756757,1.72528881811,18.4864864865,15.5454545455,9.77142857143,5.36771015539,0.290358590277,0.142642642643,9.50849154237,1.02869645341,0.544491860281,8.05331334643,0.871264894205,0.461830251304,0.640599570326,0.371299902718,2,1.72528881811,0.640599570326,2,0.344071394247,0.376569037657,810,0.104247104247,0.56957682835,37,37,37,1,0,0.405405405405,0.540540540541,0.0540540540541,37,0.128378378378,1.97049866193,9.24324324324,7.77272727273,4.88571428571,4.76914507483,0.515960139674,0.289078552236,5.97843974142,1.29358052884,0.650545282124,4.30988109756,0.932547371986,0.486486486486,0.982412928451,0.498560566131,3.77851851852,1.97049866193,0.982412928451,3.77851851852,0.0814215989426,0.0430226144512,26,0.0033462033462,0.192563754942,37,37,37,1,0,0.405405405405,0.540540540541,0.0540540540541,37,303,0.227477477477,1.76780743439,16.3783783784,13.7727272727,8.18918918919,5.08457007552,0.310444047515,0.144054946035,8.65652559838,1.05706748231,0.557666577469,7.17959236632,0.876715899518,0.449736865578,0.68850562308,0.389468677236,2,1.76780743439,0.68850562308,2,0.267118859069,0.275764324762,454,0.0584298584299,0.462814343704,37,37,37,1,0,0.405405405405,0.594594594595,0,-39,-0.0292792792793,0.0425186162734,-2.10810810811,-1.77272727273,-1.58223938224,-0.283140079875,0.020085457238,0.0014123033925,-0.851965943993,0.0283710288958,0.0131747171872,-0.873720980112,0.00545100531297,-0.0120933857255,0.0479060527537,0.0181687745186,0,0.0425186162734,0.0479060527537,0,-0.0769525351781,-0.100804712895,-356,-0.0458172458172,-0.106762484645,0,0.0540540540541,-0.0540540540541,288,15,54,975,0.842105263158,0.984848484848,0.0151515151515,0.157894736842,0.950495049505,0.842105263158,0.893023255814,0.861753128198,0.826953748006,0.806722689076,132,171,0,0,0,0
1898,WLNM_dir_neg,0.938502445197,0.75537347972,00:00:05,10,50,11,1237612646,threshold_sweep,0.8,0.892307692308,0.678362573099,0.770764119601,116,14,55,328,0.678362573099,0.959064327485,0.0409356725146,0.321637426901,0.892307692308,0.678362573099,0.770764119601,0.865497076023,0.582196231319,0.678071539658,0.690828796875,0.637426900585,342,171,171,0,342,0,171,0,171,37,342,0.256756756757,1.72528881811,18.4864864865,15.5454545455,9.77142857143,5.36771015539,0.290358590277,0.142642642643,9.50849154237,1.02869645341,0.544491860281,8.05331334643,0.871264894205,0.461830251304,0.640599570326,0.371299902718,2,1.72528881811,0.640599570326,2,0.344071394247,0.376569037657,810,0.104247104247,0.56957682835,37,37,37,1,0,0.405405405405,0.540540540541,0.0540540540541,37,0.128378378378,1.97049866193,9.24324324324,7.77272727273,4.88571428571,4.76914507483,0.515960139674,0.289078552236,5.97843974142,1.29358052884,0.650545282124,4.30988109756,0.932547371986,0.486486486486,0.982412928451,0.498560566131,3.77851851852,1.97049866193,0.982412928451,3.77851851852,0.0814215989426,0.0430226144512,26,0.0033462033462,0.192563754942,37,37,37,1,0,0.405405405405,0.540540540541,0.0540540540541,37,301,0.225975975976,1.76597269529,16.2702702703,13.6818181818,8.13513513514,5.05331930874,0.31058607047,0.142497979707,8.59961937841,1.05709606977,0.556882463859,7.2232731968,0.887910658743,0.455418874024,0.686789529763,0.388901556403,2,1.76597269529,0.686789529763,2,0.267401917247,0.276388041489,453,0.0583011583012,0.46587300333,37,37,37,1,0,0.405405405405,0.594594594595,0,-41,-0.0307807807808,0.0406838771738,-2.21621621622,-1.86363636364,-1.63629343629,-0.314390846658,0.0202274801933,-0.000144662935361,-0.908872163969,0.028399616356,0.0123906035779,-0.83004014963,0.0166457645385,-0.00641137728041,0.046189959437,0.0176016536853,0,0.0406838771738,0.046189959437,0,-0.0766694770003,-0.100180996168,-357,-0.0459459459459,-0.10370382502,0,0.0540540540541,-0.0540540540541,287,14,55,976,0.83918128655,0.985858585859,0.0141414141414,0.16081871345,0.953488372093,0.83918128655,0.892690513219,0.861773246601,0.825039872408,0.806179775281,130,171,0,0,0,0
1899,WLNM_dir_neg,0.938502445197,0.75537347972,00:00:05,10,50,11,1237612646,threshold_sweep,0.9,0.890756302521,0.619883040936,0.731034482759,106,13,65,329,0.619883040936,0.961988304094,0.0380116959064,0.380116959064,0.890756302521,0.619883040936,0.731034482759,0.847953216374,0.589343729695,0.629746835443,0.649855033234,0.581871345029,342,171,171,0,342,0,171,0,171,37,342,0.256756756757,1.72528881811,18.4864864865,15.5454545455,9.77142857143,5.36771015539,0.290358590277,0.142642642643,9.50849154237,1.02869645341,0.544491860281,8.05331334643,0.871264894205,0.461830251304,0.640599570326,0.371299902718,2,1.72528881811,0.640599570326,2,0.344071394247,0.376569037657,810,0.104247104247,0.56957682835,37,37,37,1,0,0.405405405405,0.540540540541,0.0540540540541,37,0.128378378378,1.97049866193,9.24324324324,7.77272727273,4.88571428571,4.76914507483,0.515960139674,0.289078552236,5.97843974142,1.29358052884,0.650545282124,4.30988109756,0.932547371986,0.486486486486,0.982412928451,0.498560566131,3.77851851852,1.97049866193,0.982412928451,3.77851851852,0.0814215989426,0.0430226144512,26,0.0033462033462,0.192563754942,37,37,37,1,0,0.405405405405,0.540540540541,0.0540540540541,37,290,0.217717717718,1.76495063721,15.6756756757,13.1818181818,8.05555555556,5.12105704179,0.326688121631,0.153867660764,8.42454586153,1.0748558513,0.567194780988,7.0730847958,0.902428060153,0.465051258155,0.684835662228,0.388019725758,2,1.76495063721,0.684835662228,2,0.255755812908,0.267025862069,413,0.0531531531532,0.447273751669,37,37,37,1,0,0.405405405405,0.567567567568,0.027027027027,-52,-0.039039039039,0.0396618190966,-2.81081081081,-2.36363636364,-1.71587301587,-0.246653113607,0.036329531354,0.0112250181216,-1.08394568085,0.0461593978835,0.0227029207066,-0.980228550638,0.0311631659485,0.00322100685077,0.044236091902,0.0167198230407,0,0.0396618190966,0.044236091902,0,-0.0883155813399,-0.109543175588,-397,-0.051093951094,-0.122303076681,0,0.027027027027,-0.027027027027,277,13,65,977,0.809941520468,0.986868686869,0.0131313131313,0.190058479532,0.955172413793,0.809941520468,0.876582278481,0.843437062119,0.796810207337,0.780281690141,119,171,0,0,0,0
1900,WLNM_dir_neg,0.958055470059,0.935286167204,00:00:05,10,50,12,1237612647,threshold_sweep,0.1,0.940397350993,0.830409356725,0.88198757764,142,9,29,333,0.830409356725,0.973684210526,0.0263157894737,0.169590643275,0.940397350993,0.830409356725,0.88198757764,0.925925925926,0.568551007147,0.828313253012,0.831715771821,0.804093567251,342,171,171,0,342,0,171,0,171,37,342,0.256756756757,1.72528881811,18.4864864865,15.5454545455,9.77142857143,5.36771015539,0.290358590277,0.142642642643,9.50849154237,1.02869645341,0.544491860281,8.05331334643,0.871264894205,0.461830251304,0.640599570326,0.371299902718,2,1.72528881811,0.640599570326,2,0.344071394247,0.376569037657,810,0.104247104247,0.56957682835,37,37,37,1,0,0.405405405405,0.540540540541,0.0540540540541,37,0.128378378378,1.93457132132,9.24324324324,7.77272727273,4.88571428571,4.70463958594,0.508981475672,0.284653074127,5.90833380983,1.27841140915,0.642642642643,4.28402297529,0.926952339684,0.483641536273,0.918625049838,0.474846825089,3.03866666667,1.93457132132,0.918625049838,3.03866666667,0.0523105117468,0.0283018867925,17,0.0021879021879,0.191957809174,37,37,37,1,0,0.405405405405,0.540540540541,0.0540540540541,37,322,0.241741741742,1.72495429515,17.4054054054,14.6363636364,8.7027027027,5.01918242269,0.288369176459,0.137485311398,8.77137029984,1.00789037607,0.535504448548,8.02380093107,0.92198954798,0.481282524761,0.636568787415,0.369035161804,2,1.72495429515,0.636568787415,2,0.294680226226,0.302570510532,565,0.0727155727156,0.551754785531,37,37,37,1,0,0.405405405405,0.594594594595,0,-20,-0.015015015015,-0.000334522965505,-1.08108108108,-0.909090909091,-1.06872586873,-0.348527732708,-0.0019894138185,-0.00515733124429,-0.737121242533,-0.0208060773461,-0.00898741173341,-0.0295124153679,0.0507246537748,0.0194522734569,-0.00403078291124,-0.00226474091382,0,-0.000334522965505,-0.00403078291124,0,-0.0493911680219,-0.073998527125,-245,-0.0315315315315,-0.0178220428193,0,0.0540540540541,-0.0540540540541,313,9,29,981,0.915204678363,0.990909090909,0.00909090909091,0.0847953216374,0.972049689441,0.915204678363,0.942771084337,0.924537981908,0.906113769272,0.891737891738,151,171,0,0,0,0
1901,WLNM_dir_neg,0.958055470059,0.935286167204,00:00:05,10,50,12,1237612647,threshold_sweep,0.2,0.942028985507,0.760233918129,0.84142394822,130,8,41,334,0.760233918129,0.976608187135,0.0233918128655,0.239766081871,0.942028985507,0.760233918129,0.84142394822,0.904483430799,0.576998050682,0.774193548387,0.783304038922,0.736842105263,342,171,171,0,342,0,171,0,171,37,342,0.256756756757,1.72528881811,18.4864864865,15.5454545455,9.77142857143,5.36771015539,0.290358590277,0.142642642643,9.50849154237,1.02869645341,0.544491860281,8.05331334643,0.871264894205,0.461830251304,0.640599570326,0.371299902718,2,1.72528881811,0.640599570326,2,0.344071394247,0.376569037657,810,0.104247104247,0.56957682835,37,37,37,1,0,0.405405405405,0.540540540541,0.0540540540541,37,0.128378378378,1.93457132132,9.24324324324,7.77272727273,4.88571428571,4.70463958594,0.508981475672,0.284653074127,5.90833380983,1.27841140915,0.642642642643,4.28402297529,0.926952339684,0.483641536273,0.918625049838,0.474846825089,3.03866666667,1.93457132132,0.918625049838,3.03866666667,0.0523105117468,0.0283018867925,17,0.0021879021879,0.191957809174,37,37,37,1,0,0.405405405405,0.540540540541,0.0540540540541,37,309,0.231981981982,1.73822018884,16.7027027027,14.0454545455,8.35135135135,5.22741100602,0.312967972852,0.147555322313,8.65773968519,1.03668727622,0.547362896877,7.7035930153,0.922436704097,0.478439604653,0.651450026747,0.374779921973,2,1.73822018884,0.651450026747,2,0.289459212413,0.284810126582,495,0.0637065637066,0.513374155905,37,37,37,1,0,0.405405405405,0.594594594595,0,-33,-0.0247747747748,0.0129313707275,-1.78378378378,-1.5,-1.42007722008,-0.140299149376,0.022609382575,0.00491267966996,-0.850751857188,0.00799082280496,0.00287103659613,-0.349720331136,0.0511718098923,0.0166093533493,0.0108504564207,0.00348001925557,0,0.0129313707275,0.0108504564207,0,-0.0546121818342,-0.0917589110746,-315,-0.0405405405405,-0.0562026724452,0,0.0540540540541,-0.0540540540541,301,8,41,982,0.880116959064,0.991919191919,0.00808080808081,0.119883040936,0.974110032362,0.880116959064,0.924731182796,0.902501813182,0.872036150984,0.86,138,171,0,0,0,0
1902,WLNM_dir_neg,0.958055470059,0.935286167204,00:00:05,10,50,12,1237612647,threshold_sweep,0.3,0.948905109489,0.760233918129,0.844155844156,130,7,41,335,0.760233918129,0.979532163743,0.0204678362573,0.239766081871,0.948905109489,0.760233918129,0.844155844156,0.906432748538,0.577647823262,0.778461538462,0.78822701843,0.739766081871,342,171,171,0,342,0,171,0,171,37,342,0.256756756757,1.72528881811,18.4864864865,15.5454545455,9.77142857143,5.36771015539,0.290358590277,0.142642642643,9.50849154237,1.02869645341,0.544491860281,8.05331334643,0.871264894205,0.461830251304,0.640599570326,0.371299902718,2,1.72528881811,0.640599570326,2,0.344071394247,0.376569037657,810,0.104247104247,0.56957682835,37,37,37,1,0,0.405405405405,0.540540540541,0.0540540540541,37,0.128378378378,1.93457132132,9.24324324324,7.77272727273,4.88571428571,4.70463958594,0.508981475672,0.284653074127,5.90833380983,1.27841140915,0.642642642643,4.28402297529,0.926952339684,0.483641536273,0.918625049838,0.474846825089,3.03866666667,1.93457132132,0.918625049838,3.03866666667,0.0523105117468,0.0283018867925,17,0.0021879021879,0.191957809174,37,37,37,1,0,0.405405405405,0.540540540541,0.0540540540541,37,308,0.231231231231,1.73620210189,16.6486486486,14,8.32432432432,5.21864294949,0.313457449888,0.149175149175,8.63794617453,1.03767535214,0.548087048087,7.72461453211,0.927956940546,0.48087048087,0.64987706696,0.374309572746,2,1.73620210189,0.64987706696,2,0.284539586905,0.279675738274,483,0.0621621621622,0.515430787013,37,37,37,1,0,0.405405405405,0.594594594595,0,-34,-0.0255255255255,0.0109132837759,-1.83783783784,-1.54545454545,-1.4471042471,-0.149067205906,0.0230988596109,0.00653250653251,-0.870545367843,0.00897889872054,0.00359518780571,-0.328698814325,0.0566920463407,0.0190402295665,0.00927749663403,0.00300967002864,0,0.0109132837759,0.00927749663403,0,-0.0595318073421,-0.0968932993824,-327,-0.0420849420849,-0.0541460413372,0,0.0540540540541,-0.0540540540541,301,7,41,983,0.880116959064,0.992929292929,0.00707070707071,0.119883040936,0.977272727273,0.880116959064,0.926153846154,0.904570803349,0.873046251994,0.862464183381,137,171,0,0,0,0
1903,WLNM_dir_neg,0.958055470059,0.935286167204,00:00:05,10,50,12,1237612647,threshold_sweep,0.4,0.948905109489,0.760233918129,0.844155844156,130,7,41,335,0.760233918129,0.979532163743,0.0204678362573,0.239766081871,0.948905109489,0.760233918129,0.844155844156,0.906432748538,0.577647823262,0.778461538462,0.78822701843,0.739766081871,342,171,171,0,342,0,171,0,171,37,342,0.256756756757,1.72528881811,18.4864864865,15.5454545455,9.77142857143,5.36771015539,0.290358590277,0.142642642643,9.50849154237,1.02869645341,0.544491860281,8.05331334643,0.871264894205,0.461830251304,0.640599570326,0.371299902718,2,1.72528881811,0.640599570326,2,0.344071394247,0.376569037657,810,0.104247104247,0.56957682835,37,37,37,1,0,0.405405405405,0.540540540541,0.0540540540541,37,0.128378378378,1.93457132132,9.24324324324,7.77272727273,4.88571428571,4.70463958594,0.508981475672,0.284653074127,5.90833380983,1.27841140915,0.642642642643,4.28402297529,0.926952339684,0.483641536273,0.918625049838,0.474846825089,3.03866666667,1.93457132132,0.918625049838,3.03866666667,0.0523105117468,0.0283018867925,17,0.0021879021879,0.191957809174,37,37,37,1,0,0.405405405405,0.540540540541,0.0540540540541,37,308,0.231231231231,1.73620210189,16.6486486486,14,8.32432432432,5.21864294949,0.313457449888,0.149175149175,8.63794617453,1.03767535214,0.548087048087,7.72461453211,0.927956940546,0.48087048087,0.64987706696,0.374309572746,2,1.73620210189,0.64987706696,2,0.284539586905,0.279675738274,483,0.0621621621622,0.515430787013,37,37,37,1,0,0.405405405405,0.594594594595,0,-34,-0.0255255255255,0.0109132837759,-1.83783783784,-1.54545454545,-1.4471042471,-0.149067205906,0.0230988596109,0.00653250653251,-0.870545367843,0.00897889872054,0.00359518780571,-0.328698814325,0.0566920463407,0.0190402295665,0.00927749663403,0.00300967002864,0,0.0109132837759,0.00927749663403,0,-0.0595318073421,-0.0968932993824,-327,-0.0420849420849,-0.0541460413372,0,0.0540540540541,-0.0540540540541,301,7,41,983,0.880116959064,0.992929292929,0.00707070707071,0.119883040936,0.977272727273,0.880116959064,0.926153846154,0.904570803349,0.873046251994,0.862464183381,137,171,0,0,0,0
1904,WLNM_dir_neg,0.958055470059,0.935286167204,00:00:05,10,50,12,1237612647,threshold_sweep,0.5,0.948905109489,0.760233918129,0.844155844156,130,7,41,335,0.760233918129,0.979532163743,0.0204678362573,0.239766081871,0.948905109489,0.760233918129,0.844155844156,0.906432748538,0.577647823262,0.778461538462,0.78822701843,0.739766081871,342,171,171,0,342,0,171,0,171,37,342,0.256756756757,1.72528881811,18.4864864865,15.5454545455,9.77142857143,5.36771015539,0.290358590277,0.142642642643,9.50849154237,1.02869645341,0.544491860281,8.05331334643,0.871264894205,0.461830251304,0.640599570326,0.371299902718,2,1.72528881811,0.640599570326,2,0.344071394247,0.376569037657,810,0.104247104247,0.56957682835,37,37,37,1,0,0.405405405405,0.540540540541,0.0540540540541,37,0.128378378378,1.93457132132,9.24324324324,7.77272727273,4.88571428571,4.70463958594,0.508981475672,0.284653074127,5.90833380983,1.27841140915,0.642642642643,4.28402297529,0.926952339684,0.483641536273,0.918625049838,0.474846825089,3.03866666667,1.93457132132,0.918625049838,3.03866666667,0.0523105117468,0.0283018867925,17,0.0021879021879,0.191957809174,37,37,37,1,0,0.405405405405,0.540540540541,0.0540540540541,37,308,0.231231231231,1.73620210189,16.6486486486,14,8.32432432432,5.21864294949,0.313457449888,0.149175149175,8.63794617453,1.03767535214,0.548087048087,7.72461453211,0.927956940546,0.48087048087,0.64987706696,0.374309572746,2,1.73620210189,0.64987706696,2,0.284539586905,0.279675738274,483,0.0621621621622,0.515430787013,37,37,37,1,0,0.405405405405,0.594594594595,0,-34,-0.0255255255255,0.0109132837759,-1.83783783784,-1.54545454545,-1.4471042471,-0.149067205906,0.0230988596109,0.00653250653251,-0.870545367843,0.00897889872054,0.00359518780571,-0.328698814325,0.0566920463407,0.0190402295665,0.00927749663403,0.00300967002864,0,0.0109132837759,0.00927749663403,0,-0.0595318073421,-0.0968932993824,-327,-0.0420849420849,-0.0541460413372,0,0.0540540540541,-0.0540540540541,301,7,41,983,0.880116959064,0.992929292929,0.00707070707071,0.119883040936,0.977272727273,0.880116959064,0.926153846154,0.904570803349,0.873046251994,0.862464183381,137,171,0,0,0,0
1905,WLNM_dir_neg,0.958055470059,0.935286167204,00:00:05,10,50,12,1237612647,threshold_sweep,0.6,0.948905109489,0.760233918129,0.844155844156,130,7,41,335,0.760233918129,0.979532163743,0.0204678362573,0.239766081871,0.948905109489,0.760233918129,0.844155844156,0.906432748538,0.577647823262,0.778461538462,0.78822701843,0.739766081871,342,171,171,0,342,0,171,0,171,37,342,0.256756756757,1.72528881811,18.4864864865,15.5454545455,9.77142857143,5.36771015539,0.290358590277,0.142642642643,9.50849154237,1.02869645341,0.544491860281,8.05331334643,0.871264894205,0.461830251304,0.640599570326,0.371299902718,2,1.72528881811,0.640599570326,2,0.344071394247,0.376569037657,810,0.104247104247,0.56957682835,37,37,37,1,0,0.405405405405,0.540540540541,0.0540540540541,37,0.128378378378,1.93457132132,9.24324324324,7.77272727273,4.88571428571,4.70463958594,0.508981475672,0.284653074127,5.90833380983,1.27841140915,0.642642642643,4.28402297529,0.926952339684,0.483641536273,0.918625049838,0.474846825089,3.03866666667,1.93457132132,0.918625049838,3.03866666667,0.0523105117468,0.0283018867925,17,0.0021879021879,0.191957809174,37,37,37,1,0,0.405405405405,0.540540540541,0.0540540540541,37,308,0.231231231231,1.73620210189,16.6486486486,14,8.32432432432,5.21864294949,0.313457449888,0.149175149175,8.63794617453,1.03767535214,0.548087048087,7.72461453211,0.927956940546,0.48087048087,0.64987706696,0.374309572746,2,1.73620210189,0.64987706696,2,0.284539586905,0.279675738274,483,0.0621621621622,0.515430787013,37,37,37,1,0,0.405405405405,0.594594594595,0,-34,-0.0255255255255,0.0109132837759,-1.83783783784,-1.54545454545,-1.4471042471,-0.149067205906,0.0230988596109,0.00653250653251,-0.870545367843,0.00897889872054,0.00359518780571,-0.328698814325,0.0566920463407,0.0190402295665,0.00927749663403,0.00300967002864,0,0.0109132837759,0.00927749663403,0,-0.0595318073421,-0.0968932993824,-327,-0.0420849420849,-0.0541460413372,0,0.0540540540541,-0.0540540540541,301,7,41,983,0.880116959064,0.992929292929,0.00707070707071,0.119883040936,0.977272727273,0.880116959064,0.926153846154,0.904570803349,0.873046251994,0.862464183381,137,171,0,0,0,0
1906,WLNM_dir_neg,0.958055470059,0.935286167204,00:00:05,10,50,12,1237612647,threshold_sweep,0.7,0.954545454545,0.736842105263,0.831683168317,126,6,45,336,0.736842105263,0.982456140351,0.0175438596491,0.263157894737,0.954545454545,0.736842105263,0.831683168317,0.900584795322,0.58089668616,0.762790697674,0.775658678228,0.719298245614,342,171,171,0,342,0,171,0,171,37,342,0.256756756757,1.72528881811,18.4864864865,15.5454545455,9.77142857143,5.36771015539,0.290358590277,0.142642642643,9.50849154237,1.02869645341,0.544491860281,8.05331334643,0.871264894205,0.461830251304,0.640599570326,0.371299902718,2,1.72528881811,0.640599570326,2,0.344071394247,0.376569037657,810,0.104247104247,0.56957682835,37,37,37,1,0,0.405405405405,0.540540540541,0.0540540540541,37,0.128378378378,1.93457132132,9.24324324324,7.77272727273,4.88571428571,4.70463958594,0.508981475672,0.284653074127,5.90833380983,1.27841140915,0.642642642643,4.28402297529,0.926952339684,0.483641536273,0.918625049838,0.474846825089,3.03866666667,1.93457132132,0.918625049838,3.03866666667,0.0523105117468,0.0283018867925,17,0.0021879021879,0.191957809174,37,37,37,1,0,0.405405405405,0.540540540541,0.0540540540541,37,303,0.227477477477,1.7336800924,16.3783783784,13.7727272727,8.18918918919,5.17124179881,0.315735885406,0.150031219338,8.48802371265,1.03649134445,0.545357238427,7.68055928894,0.937890078188,0.488270448666,0.648006125792,0.373774913049,2,1.7336800924,0.648006125792,2,0.270198251888,0.267942583732,448,0.0576576576577,0.510611539764,37,37,37,1,0,0.405405405405,0.594594594595,0,-39,-0.0292792792793,0.00839127428842,-2.10810810811,-1.77272727273,-1.58223938224,-0.196468356585,0.0253772951287,0.00738857669551,-1.02046782972,0.00779489103447,0.000865378145211,-0.37275405749,0.0666251839831,0.0264401973626,0.00740655546614,0.0024750103309,0,0.00839127428842,0.00740655546614,0,-0.0738731423592,-0.108626453925,-362,-0.0465894465894,-0.058965288586,0,0.0540540540541,-0.0540540540541,297,6,45,984,0.868421052632,0.993939393939,0.00606060606061,0.131578947368,0.980198019802,0.868421052632,0.920930232558,0.898649790581,0.862360446571,0.853448275862,132,171,0,0,0,0
1907,WLNM_dir_neg,0.958055470059,0.935286167204,00:00:05,10,50,12,1237612647,threshold_sweep,0.8,0.953846153846,0.72514619883,0.823920265781,124,6,47,336,0.72514619883,0.982456140351,0.0175438596491,0.27485380117,0.953846153846,0.72514619883,0.823920265781,0.896686159844,0.582196231319,0.752721617418,0.76688334332,0.707602339181,342,171,171,0,342,0,171,0,171,37,342,0.256756756757,1.72528881811,18.4864864865,15.5454545455,9.77142857143,5.36771015539,0.290358590277,0.142642642643,9.50849154237,1.02869645341,0.544491860281,8.05331334643,0.871264894205,0.461830251304,0.640599570326,0.371299902718,2,1.72528881811,0.640599570326,2,0.344071394247,0.376569037657,810,0.104247104247,0.56957682835,37,37,37,1,0,0.405405405405,0.540540540541,0.0540540540541,37,0.128378378378,1.93457132132,9.24324324324,7.77272727273,4.88571428571,4.70463958594,0.508981475672,0.284653074127,5.90833380983,1.27841140915,0.642642642643,4.28402297529,0.926952339684,0.483641536273,0.918625049838,0.474846825089,3.03866666667,1.93457132132,0.918625049838,3.03866666667,0.0523105117468,0.0283018867925,17,0.0021879021879,0.191957809174,37,37,37,1,0,0.405405405405,0.540540540541,0.0540540540541,37,301,0.225975975976,1.73266189515,16.2702702703,13.6818181818,8.13513513514,5.03680150188,0.309570856428,0.146897728293,8.37045784677,1.02892671206,0.542515937865,7.71780827467,0.948700684926,0.492233096884,0.646668174291,0.37322236733,2,1.73266189515,0.646668174291,2,0.259871439487,0.254361054767,418,0.0537966537967,0.512458429115,37,37,37,1,0,0.405405405405,0.594594594595,0,-41,-0.0307807807808,0.00737307703874,-2.21621621622,-1.86363636364,-1.63629343629,-0.33090865351,0.0192122661509,0.00425508565043,-1.1380336956,0.000230258646702,-0.00197592241656,-0.335505071764,0.0774357907213,0.0304028455803,0.00606860396496,0.00192246461186,0,0.00737307703874,0.00606860396496,0,-0.0841999547603,-0.12220798289,-392,-0.0504504504505,-0.057118399235,0,0.0540540540541,-0.0540540540541,295,6,47,984,0.862573099415,0.993939393939,0.00606060606061,0.137426900585,0.980066445183,0.862573099415,0.917573872473,0.894647127778,0.856512493355,0.847701149425,130,171,0,0,0,0
1908,WLNM_dir_neg,0.958055470059,0.935286167204,00:00:05,10,50,12,1237612647,threshold_sweep,0.9,0.953488372093,0.719298245614,0.82,123,6,48,336,0.719298245614,0.982456140351,0.0175438596491,0.280701754386,0.953488372093,0.719298245614,0.82,0.894736842105,0.582846003899,0.747663551402,0.762492851663,0.701754385965,342,171,171,0,342,0,171,0,171,37,342,0.256756756757,1.72528881811,18.4864864865,15.5454545455,9.77142857143,5.36771015539,0.290358590277,0.142642642643,9.50849154237,1.02869645341,0.544491860281,8.05331334643,0.871264894205,0.461830251304,0.640599570326,0.371299902718,2,1.72528881811,0.640599570326,2,0.344071394247,0.376569037657,810,0.104247104247,0.56957682835,37,37,37,1,0,0.405405405405,0.540540540541,0.0540540540541,37,0.128378378378,1.93457132132,9.24324324324,7.77272727273,4.88571428571,4.70463958594,0.508981475672,0.284653074127,5.90833380983,1.27841140915,0.642642642643,4.28402297529,0.926952339684,0.483641536273,0.918625049838,0.474846825089,3.03866666667,1.93457132132,0.918625049838,3.03866666667,0.0523105117468,0.0283018867925,17,0.0021879021879,0.191957809174,37,37,37,1,0,0.405405405405,0.540540540541,0.0540540540541,37,300,0.225225225225,1.7304766446,16.2162162162,13.6363636364,8.10810810811,5.02844760192,0.310087602119,0.148018018018,8.35259036262,1.03015281139,0.544144144144,7.7380150476,0.954355189204,0.494414414414,0.645119736046,0.372798869062,2,1.7304766446,0.645119736046,2,0.254715863743,0.248672927726,406,0.0522522522523,0.514699607879,37,37,37,1,0,0.405405405405,0.594594594595,0,-42,-0.0315315315315,0.00518782648703,-2.27027027027,-1.90909090909,-1.66332046332,-0.33926255347,0.0197290118415,0.00537537537538,-1.15590117975,0.00145635797524,-0.00034771613719,-0.315298298835,0.0830902949991,0.0325841631105,0.00452016571965,0.00149896634421,0,0.00518782648703,0.00452016571965,0,-0.0893555305041,-0.127896109931,-404,-0.0519948519949,-0.054877220471,0,0.0540540540541,-0.0540540540541,294,6,48,984,0.859649122807,0.993939393939,0.00606060606061,0.140350877193,0.98,0.859649122807,0.915887850467,0.892644920971,0.853588516746,0.844827586207,129,171,0,0,0,0
1909,WLNM_dir_neg,0.979506514825,0.953637857859,00:00:05,10,50,13,1237612648,threshold_sweep,0.1,0.933333333333,0.900584795322,0.916666666667,154,11,17,331,0.900584795322,0.96783625731,0.0321637426901,0.0994152046784,0.933333333333,0.900584795322,0.916666666667,0.945419103314,0.559454191033,0.87610619469,0.876415111848,0.868421052632,342,171,171,0,342,0,171,0,171,37,342,0.256756756757,1.72528881811,18.4864864865,15.5454545455,9.77142857143,5.36771015539,0.290358590277,0.142642642643,9.50849154237,1.02869645341,0.544491860281,8.05331334643,0.871264894205,0.461830251304,0.640599570326,0.371299902718,2,1.72528881811,0.640599570326,2,0.344071394247,0.376569037657,810,0.104247104247,0.56957682835,37,37,37,1,0,0.405405405405,0.540540540541,0.0540540540541,37,0.128378378378,1.89570165403,9.24324324324,7.77272727273,4.88571428571,4.71054022265,0.509619848649,0.284653074127,5.90833380983,1.27841140915,0.641694325905,4.25800782416,0.921323330374,0.482693219535,0.863465655305,0.45548604838,3.02291666667,1.89570165403,0.863465655305,3.02291666667,0.0854339221986,0.0183129855716,11,0.0014157014157,0.194652648407,37,37,37,1,0,0.405405405405,0.540540540541,0.0540540540541,37,336,0.252252252252,1,18.1621621622,13.44,9.08108108108,5.3878129634,0.296650416139,0.141328828829,9.15113344036,1.00771409909,0.532175032175,8.02903888803,0.884150115646,0.459137709138,0,0,0,NaN,NaN,NaN,0.320787507596,0.341928067006,694,0.0893178893179,0.444641472566,37,37,0,1,2,0.324324324324,0.675675675676,0,-6,-0.0045045045045,-0.725288818115,-0.324324324324,-2.10545454545,-0.690347490347,0.0201028080018,0.00629182586219,-0.00131381381381,-0.357358102016,-0.0209823543277,-0.0123168281063,-0.0242744584063,0.0128852214411,-0.00269254216623,-0.640599570326,-0.371299902718,-2,NaN,NaN,NaN,-0.0232838866513,-0.0346409706508,-116,-0.0149292149292,-0.124935355784,-0.0810810810811,0.135135135135,-0.0540540540541,325,11,17,979,0.950292397661,0.988888888889,0.0111111111111,0.0497076023392,0.967261904762,0.950292397661,0.958702064897,0.94467141243,0.93918128655,0.920679886686,165,171,0,0,0,0
1910,WLNM_dir_neg,0.979506514825,0.953637857859,00:00:05,10,50,13,1237612648,threshold_sweep,0.2,0.938271604938,0.888888888889,0.912912912913,152,10,19,332,0.888888888889,0.970760233918,0.0292397660819,0.111111111111,0.938271604938,0.888888888889,0.912912912913,0.943469785575,0.561403508772,0.871111111111,0.871808837383,0.859649122807,342,171,171,0,342,0,171,0,171,37,342,0.256756756757,1.72528881811,18.4864864865,15.5454545455,9.77142857143,5.36771015539,0.290358590277,0.142642642643,9.50849154237,1.02869645341,0.544491860281,8.05331334643,0.871264894205,0.461830251304,0.640599570326,0.371299902718,2,1.72528881811,0.640599570326,2,0.344071394247,0.376569037657,810,0.104247104247,0.56957682835,37,37,37,1,0,0.405405405405,0.540540540541,0.0540540540541,37,0.128378378378,1.89570165403,9.24324324324,7.77272727273,4.88571428571,4.71054022265,0.509619848649,0.284653074127,5.90833380983,1.27841140915,0.641694325905,4.25800782416,0.921323330374,0.482693219535,0.863465655305,0.45548604838,3.02291666667,1.89570165403,0.863465655305,3.02291666667,0.0854339221986,0.0183129855716,11,0.0014157014157,0.194652648407,37,37,37,1,0,0.405405405405,0.540540540541,0.0540540540541,37,333,0.25,1,18,13.875,9,5.24404424085,0.291335791158,0.138056975895,9.07989231458,1.00887692384,0.532748965181,8.08290376865,0.898100418739,0.465059654249,0,0,0,NaN,NaN,NaN,0.310852469147,0.330834582709,662,0.0851994851995,0.48458376978,37,37,0,1,2,0.351351351351,0.648648648649,0,-9,-0.00675675675676,-0.725288818115,-0.486486486486,-1.67045454545,-0.771428571429,-0.123665914543,0.000977200881253,-0.00458566674783,-0.428599227791,-0.0198195295721,-0.0117428950999,0.0295904222205,0.0268355245345,0.00322940294491,-0.640599570326,-0.371299902718,-2,NaN,NaN,NaN,-0.0332189251007,-0.0457344549483,-148,-0.0190476190476,-0.0849930585704,-0.0540540540541,0.108108108108,-0.0540540540541,323,10,19,980,0.944444444444,0.989898989899,0.010101010101,0.0555555555556,0.96996996997,0.944444444444,0.957037037037,0.942610618126,0.934343434343,0.917613636364,162,171,0,0,0,0
1911,WLNM_dir_neg,0.979506514825,0.953637857859,00:00:05,10,50,13,1237612648,threshold_sweep,0.3,0.937888198758,0.883040935673,0.909638554217,151,10,20,332,0.883040935673,0.970760233918,0.0292397660819,0.116959064327,0.937888198758,0.883040935673,0.909638554217,0.941520467836,0.562053281352,0.86646884273,0.867328433152,0.853801169591,342,171,171,0,342,0,171,0,171,37,342,0.256756756757,1.72528881811,18.4864864865,15.5454545455,9.77142857143,5.36771015539,0.290358590277,0.142642642643,9.50849154237,1.02869645341,0.544491860281,8.05331334643,0.871264894205,0.461830251304,0.640599570326,0.371299902718,2,1.72528881811,0.640599570326,2,0.344071394247,0.376569037657,810,0.104247104247,0.56957682835,37,37,37,1,0,0.405405405405,0.540540540541,0.0540540540541,37,0.128378378378,1.89570165403,9.24324324324,7.77272727273,4.88571428571,4.71054022265,0.509619848649,0.284653074127,5.90833380983,1.27841140915,0.641694325905,4.25800782416,0.921323330374,0.482693219535,0.863465655305,0.45548604838,3.02291666667,1.89570165403,0.863465655305,3.02291666667,0.0854339221986,0.0183129855716,11,0.0014157014157,0.194652648407,37,37,37,1,0,0.405405405405,0.540540540541,0.0540540540541,37,332,0.249249249249,1,17.9459459459,13.8333333333,8.97297297297,5.20654473793,0.290123727867,0.136193422338,9.05380977663,1.00900892089,0.532237056333,8.09487659122,0.902139861069,0.465971996092,0,0,0,NaN,NaN,NaN,0.306168551882,0.324501090055,645,0.0830115830116,0.485715540518,37,37,0,1,2,0.351351351351,0.648648648649,0,-10,-0.00750750750751,-0.725288818115,-0.540540540541,-1.71212121212,-0.798455598456,-0.161165417459,-0.000234862410319,-0.00644922030464,-0.454681765741,-0.0196875325249,-0.0122548039479,0.0415632447824,0.0308749668644,0.00414174478854,-0.640599570326,-0.371299902718,-2,NaN,NaN,NaN,-0.0379028423653,-0.0520679476016,-165,-0.0212355212355,-0.0838612878319,-0.0540540540541,0.108108108108,-0.0540540540541,322,10,20,980,0.941520467836,0.989898989899,0.010101010101,0.0584795321637,0.969879518072,0.941520467836,0.955489614243,0.940604202434,0.931419457735,0.914772727273,161,171,0,0,0,0
1912,WLNM_dir_neg,0.979506514825,0.953637857859,00:00:05,10,50,13,1237612648,threshold_sweep,0.4,0.94375,0.883040935673,0.912386706949,151,9,20,333,0.883040935673,0.973684210526,0.0263157894737,0.116959064327,0.94375,0.883040935673,0.912386706949,0.943469785575,0.562703053931,0.87072808321,0.871776742283,0.856725146199,342,171,171,0,342,0,171,0,171,37,342,0.256756756757,1.72528881811,18.4864864865,15.5454545455,9.77142857143,5.36771015539,0.290358590277,0.142642642643,9.50849154237,1.02869645341,0.544491860281,8.05331334643,0.871264894205,0.461830251304,0.640599570326,0.371299902718,2,1.72528881811,0.640599570326,2,0.344071394247,0.376569037657,810,0.104247104247,0.56957682835,37,37,37,1,0,0.405405405405,0.540540540541,0.0540540540541,37,0.128378378378,1.89570165403,9.24324324324,7.77272727273,4.88571428571,4.71054022265,0.509619848649,0.284653074127,5.90833380983,1.27841140915,0.641694325905,4.25800782416,0.921323330374,0.482693219535,0.863465655305,0.45548604838,3.02291666667,1.89570165403,0.863465655305,3.02291666667,0.0854339221986,0.0183129855716,11,0.0014157014157,0.194652648407,37,37,37,1,0,0.405405405405,0.540540540541,0.0540540540541,37,331,0.248498498498,1,17.8918918919,14.3913043478,8.94594594595,5.26404884193,0.294214210198,0.137094798726,9.07972694752,1.01495437178,0.534661549767,8.11016490429,0.906574324649,0.467216461174,0,0,0,NaN,NaN,NaN,0.30422681188,0.3242970197,642,0.0826254826255,0.525308335558,37,37,0,1,2,0.378378378378,0.621621621622,0,-11,-0.00825825825826,-0.725288818115,-0.594594594595,-1.15415019763,-0.825482625483,-0.103661313465,0.00385561992131,-0.00554784391642,-0.428764594859,-0.0137420816381,-0.00983031051404,0.0568515578556,0.0353094304438,0.00538620987023,-0.640599570326,-0.371299902718,-2,NaN,NaN,NaN,-0.0398445823676,-0.0522720179566,-168,-0.0216216216216,-0.0442684927917,-0.027027027027,0.0810810810811,-0.0540540540541,322,9,20,981,0.941520467836,0.990909090909,0.00909090909091,0.0584795321637,0.972809667674,0.941520467836,0.95690936107,0.942574415077,0.932429558745,0.917378917379,160,171,0,0,0,0
1913,WLNM_dir_neg,0.979506514825,0.953637857859,00:00:05,10,50,13,1237612648,threshold_sweep,0.5,0.943037974684,0.87134502924,0.905775075988,149,9,22,333,0.87134502924,0.973684210526,0.0263157894737,0.12865497076,0.943037974684,0.87134502924,0.905775075988,0.939571150097,0.56400259909,0.861400894188,0.862859579302,0.845029239766,342,171,171,0,342,0,171,0,171,37,342,0.256756756757,1.72528881811,18.4864864865,15.5454545455,9.77142857143,5.36771015539,0.290358590277,0.142642642643,9.50849154237,1.02869645341,0.544491860281,8.05331334643,0.871264894205,0.461830251304,0.640599570326,0.371299902718,2,1.72528881811,0.640599570326,2,0.344071394247,0.376569037657,810,0.104247104247,0.56957682835,37,37,37,1,0,0.405405405405,0.540540540541,0.0540540540541,37,0.128378378378,1.89570165403,9.24324324324,7.77272727273,4.88571428571,4.71054022265,0.509619848649,0.284653074127,5.90833380983,1.27841140915,0.641694325905,4.25800782416,0.921323330374,0.482693219535,0.863465655305,0.45548604838,3.02291666667,1.89570165403,0.863465655305,3.02291666667,0.0854339221986,0.0183129855716,11,0.0014157014157,0.194652648407,37,37,37,1,0,0.405405405405,0.540540540541,0.0540540540541,37,329,0.246996996997,1,17.7837837838,14.3043478261,8.89189189189,5.20755399575,0.292825984563,0.134806539062,9.01167077795,1.01347057381,0.532654234782,8.14379035347,0.915867000239,0.470056682823,0,0,0,NaN,NaN,NaN,0.293225914108,0.310697833134,607,0.078120978121,0.528106126394,37,37,0,1,2,0.378378378378,0.621621621622,0,-13,-0.00975975975976,-0.725288818115,-0.702702702703,-1.24110671937,-0.879536679537,-0.160156159646,0.00246739428615,-0.00783610358078,-0.496820764422,-0.0152258796025,-0.0118376254994,0.0904770070388,0.0446021060337,0.0082264315187,-0.640599570326,-0.371299902718,-2,NaN,NaN,NaN,-0.0508454801396,-0.0658712045226,-203,-0.0261261261261,-0.0414707019557,-0.027027027027,0.0810810810811,-0.0540540540541,320,9,22,981,0.93567251462,0.990909090909,0.00909090909091,0.0643274853801,0.9726443769,0.93567251462,0.953800298063,0.938568358995,0.926581605529,0.911680911681,158,171,0,0,0,0
1914,WLNM_dir_neg,0.979506514825,0.953637857859,00:00:05,10,50,13,1237612648,threshold_sweep,0.6,0.949044585987,0.87134502924,0.908536585366,149,8,22,334,0.87134502924,0.976608187135,0.0233918128655,0.12865497076,0.949044585987,0.87134502924,0.908536585366,0.941520467836,0.56465237167,0.865671641791,0.867377545197,0.847953216374,342,171,171,0,342,0,171,0,171,37,342,0.256756756757,1.72528881811,18.4864864865,15.5454545455,9.77142857143,5.36771015539,0.290358590277,0.142642642643,9.50849154237,1.02869645341,0.544491860281,8.05331334643,0.871264894205,0.461830251304,0.640599570326,0.371299902718,2,1.72528881811,0.640599570326,2,0.344071394247,0.376569037657,810,0.104247104247,0.56957682835,37,37,37,1,0,0.405405405405,0.540540540541,0.0540540540541,37,0.128378378378,1.89570165403,9.24324324324,7.77272727273,4.88571428571,4.71054022265,0.509619848649,0.284653074127,5.90833380983,1.27841140915,0.641694325905,4.25800782416,0.921323330374,0.482693219535,0.863465655305,0.45548604838,3.02291666667,1.89570165403,0.863465655305,3.02291666667,0.0854339221986,0.0183129855716,11,0.0014157014157,0.194652648407,37,37,37,1,0,0.405405405405,0.540540540541,0.0540540540541,37,328,0.246246246246,1,17.7297297297,14.2608695652,8.86486486486,5.2686106573,0.297162491342,0.135464733026,8.98814701631,1.01390682806,0.532465392221,8.16891860843,0.921493867415,0.473467369809,0,0,0,NaN,NaN,NaN,0.29864850438,0.311301369863,606,0.0779922779923,0.530836096152,37,37,0,1,2,0.378378378378,0.621621621622,0,-14,-0.0105105105105,-0.725288818115,-0.756756756757,-1.28458498024,-0.906563706564,-0.0990994980892,0.00680390106472,-0.00717790961693,-0.520344526066,-0.0147896253555,-0.0120264680598,0.115605262,0.05022897321,0.0116371185049,-0.640599570326,-0.371299902718,-2,NaN,NaN,NaN,-0.0454228898674,-0.0652676677939,-204,-0.0262548262548,-0.038740732198,-0.027027027027,0.0810810810811,-0.0540540540541,320,8,22,982,0.93567251462,0.991919191919,0.00808080808081,0.0643274853801,0.975609756098,0.93567251462,0.955223880597,0.940553987759,0.927591706539,0.914285714286,157,171,0,0,0,0
1915,WLNM_dir_neg,0.979506514825,0.953637857859,00:00:05,10,50,13,1237612648,threshold_sweep,0.7,0.954545454545,0.859649122807,0.904615384615,147,7,24,335,0.859649122807,0.979532163743,0.0204678362573,0.140350877193,0.954545454545,0.859649122807,0.904615384615,0.939571150097,0.566601689409,0.860569715142,0.863096417957,0.83918128655,342,171,171,0,342,0,171,0,171,37,342,0.256756756757,1.72528881811,18.4864864865,15.5454545455,9.77142857143,5.36771015539,0.290358590277,0.142642642643,9.50849154237,1.02869645341,0.544491860281,8.05331334643,0.871264894205,0.461830251304,0.640599570326,0.371299902718,2,1.72528881811,0.640599570326,2,0.344071394247,0.376569037657,810,0.104247104247,0.56957682835,37,37,37,1,0,0.405405405405,0.540540540541,0.0540540540541,37,0.128378378378,1.89570165403,9.24324324324,7.77272727273,4.88571428571,4.71054022265,0.509619848649,0.284653074127,5.90833380983,1.27841140915,0.641694325905,4.25800782416,0.921323330374,0.482693219535,0.863465655305,0.45548604838,3.02291666667,1.89570165403,0.863465655305,3.02291666667,0.0854339221986,0.0183129855716,11,0.0014157014157,0.194652648407,37,37,37,1,0,0.405405405405,0.540540540541,0.0540540540541,37,325,0.243993993994,1,17.5675675676,14.1304347826,8.78378378378,5.18298787992,0.29503161778,0.133305613306,8.8823643472,1.01122301799,0.529397089397,8.233181966,0.937316100745,0.479833679834,0,0,0,NaN,NaN,NaN,0.284196565918,0.293552332693,560,0.0720720720721,0.536111979548,37,37,0,1,2,0.378378378378,0.621621621622,0,-17,-0.0127627627628,-0.725288818115,-0.918918918919,-1.41501976285,-0.987644787645,-0.184722275477,0.00467302750275,-0.00933702933703,-0.626127195175,-0.017473435426,-0.0150947708842,0.179868619567,0.0660512065399,0.0180034285297,-0.640599570326,-0.371299902718,-2,NaN,NaN,NaN,-0.0598748283297,-0.0830167049643,-250,-0.032175032175,-0.0334648488021,-0.027027027027,0.0810810810811,-0.0540540540541,318,7,24,983,0.929824561404,0.992929292929,0.00707070707071,0.0701754385965,0.978461538462,0.929824561404,0.953523238381,0.938555809987,0.922753854333,0.9111747851,154,171,0,0,0,0
1916,WLNM_dir_neg,0.979506514825,0.953637857859,00:00:05,10,50,13,1237612648,threshold_sweep,0.8,0.954248366013,0.853801169591,0.901234567901,146,7,25,335,0.853801169591,0.979532163743,0.0204678362573,0.146198830409,0.954248366013,0.853801169591,0.901234567901,0.937621832359,0.567251461988,0.855855855856,0.858683062199,0.833333333333,342,171,171,0,342,0,171,0,171,37,342,0.256756756757,1.72528881811,18.4864864865,15.5454545455,9.77142857143,5.36771015539,0.290358590277,0.142642642643,9.50849154237,1.02869645341,0.544491860281,8.05331334643,0.871264894205,0.461830251304,0.640599570326,0.371299902718,2,1.72528881811,0.640599570326,2,0.344071394247,0.376569037657,810,0.104247104247,0.56957682835,37,37,37,1,0,0.405405405405,0.540540540541,0.0540540540541,37,0.128378378378,1.89570165403,9.24324324324,7.77272727273,4.88571428571,4.71054022265,0.509619848649,0.284653074127,5.90833380983,1.27841140915,0.641694325905,4.25800782416,0.921323330374,0.482693219535,0.863465655305,0.45548604838,3.02291666667,1.89570165403,0.863465655305,3.02291666667,0.0854339221986,0.0183129855716,11,0.0014157014157,0.194652648407,37,37,37,1,0,0.405405405405,0.540540540541,0.0540540540541,37,324,0.243243243243,1,17.5135135135,14.0869565217,8.75675675676,5.09695781609,0.291029998758,0.132549215883,8.81414710503,1.00655383607,0.528028028028,8.25767456305,0.94300604578,0.483149816483,0,0,0,NaN,NaN,NaN,0.279493507116,0.28704845815,543,0.0698841698842,0.537092115004,37,37,0,1,2,0.378378378378,0.621621621622,0,-18,-0.0135135135135,-0.725288818115,-0.972972972973,-1.45849802372,-1.01467181467,-0.270752339305,0.00067140848098,-0.0100934267601,-0.69434443734,-0.022142617346,-0.0164638322533,0.204361216613,0.0717411515752,0.0213195651792,-0.640599570326,-0.371299902718,-2,NaN,NaN,NaN,-0.0645778871317,-0.0895205795071,-267,-0.0343629343629,-0.0324847133462,-0.027027027027,0.0810810810811,-0.0540540540541,317,7,25,983,0.926900584795,0.992929292929,0.00707070707071,0.0730994152047,0.978395061728,0.926900584795,0.951951951952,0.936559538407,0.919829877725,0.908309455587,153,171,0,0,0,0
1917,WLNM_dir_neg,0.979506514825,0.953637857859,00:00:05,10,50,13,1237612648,threshold_sweep,0.9,0.953642384106,0.842105263158,0.894409937888,144,7,27,335,0.842105263158,0.979532163743,0.0204678362573,0.157894736842,0.953642384106,0.842105263158,0.894409937888,0.933723196881,0.568551007147,0.846385542169,0.849862297752,0.821637426901,342,171,171,0,342,0,171,0,171,37,342,0.256756756757,1.72528881811,18.4864864865,15.5454545455,9.77142857143,5.36771015539,0.290358590277,0.142642642643,9.50849154237,1.02869645341,0.544491860281,8.05331334643,0.871264894205,0.461830251304,0.640599570326,0.371299902718,2,1.72528881811,0.640599570326,2,0.344071394247,0.376569037657,810,0.104247104247,0.56957682835,37,37,37,1,0,0.405405405405,0.540540540541,0.0540540540541,37,0.128378378378,1.89570165403,9.24324324324,7.77272727273,4.88571428571,4.71054022265,0.509619848649,0.284653074127,5.90833380983,1.27841140915,0.641694325905,4.25800782416,0.921323330374,0.482693219535,0.863465655305,0.45548604838,3.02291666667,1.89570165403,0.863465655305,3.02291666667,0.0854339221986,0.0183129855716,11,0.0014157014157,0.194652648407,37,37,37,1,0,0.405405405405,0.540540540541,0.0540540540541,37,322,0.241741741742,1,17.4054054054,14,8.7027027027,5.04677817721,0.289954646827,0.131106261541,8.76186454302,1.00679809966,0.52694309216,8.19167892459,0.941279876428,0.484304179956,0,0,0,NaN,NaN,NaN,0.277471341019,0.283392857143,529,0.0680823680824,0.529940249233,37,37,0,1,2,0.378378378378,0.621621621622,0,-20,-0.015015015015,-0.725288818115,-1.08108108108,-1.54545454545,-1.06872586873,-0.320931978183,-0.000403943449801,-0.0115363811016,-0.746626999352,-0.0218983537508,-0.0175487681209,0.138365578158,0.0700149822234,0.0224739286524,-0.640599570326,-0.371299902718,-2,NaN,NaN,NaN,-0.0666000532285,-0.093176180514,-281,-0.0361647361647,-0.0396365791167,-0.027027027027,0.0810810810811,-0.0540540540541,315,7,27,983,0.921052631579,0.992929292929,0.00707070707071,0.0789473684211,0.978260869565,0.921052631579,0.948795180723,0.932566122093,0.913981924508,0.902578796562,151,171,0,0,0,0
1918,WLNM_dir_neg,0.917769570124,0.754869741933,00:00:06,10,50,14,1237612649,threshold_sweep,0.1,0.867647058824,0.690058479532,0.768729641694,118,18,53,324,0.690058479532,0.947368421053,0.0526315789474,0.309941520468,0.867647058824,0.690058479532,0.768729641694,0.861598440546,0.578297595841,0.671802773498,0.680771500702,0.637426900585,342,171,171,0,342,0,171,0,171,37,342,0.256756756757,1.72528881811,18.4864864865,15.5454545455,9.77142857143,5.36771015539,0.290358590277,0.142642642643,9.50849154237,1.02869645341,0.544491860281,8.05331334643,0.871264894205,0.461830251304,0.640599570326,0.371299902718,2,1.72528881811,0.640599570326,2,0.344071394247,0.376569037657,810,0.104247104247,0.56957682835,37,37,37,1,0,0.405405405405,0.540540540541,0.0540540540541,37,0.128378378378,1.96609478228,9.24324324324,7.77272727273,4.88571428571,4.78077983763,0.517218871322,0.289868816185,5.95049648419,1.28753432699,0.647068120752,4.29050211612,0.928354259043,0.484589853011,0.990998086464,0.504043902356,3.88111111111,1.96609478228,0.990998086464,3.88111111111,0.0766572083379,0.0396694214876,24,0.0030888030888,0.190578861674,37,37,37,1,0,0.405405405405,0.540540540541,0.0540540540541,37,307,0.23048048048,2.54975020408,16.5945945946,12.28,8.2972972973,6.03443571632,0.363638634371,0.182762567127,8.89089692034,1.07154132265,0.567655603486,7.14090277854,0.860629976566,0.445461748393,1.36775397604,0.536426656168,4.80208333333,2.54975020408,1.36775397604,4.80208333333,0.302227470229,0.316192345437,537,0.069111969112,0.359540958431,37,37,37,1,0,0.324324324324,0.675675675676,0,-35,-0.0262762762763,0.82446138596,-1.89189189189,-3.26545454545,-1.47413127413,0.666725560928,0.073280044094,0.0401199244847,-0.617594622038,0.0428448692316,0.0231637432049,-0.912410567899,-0.0106349176387,-0.0163685029106,0.727154405711,0.165126753451,2.80208333333,0.82446138596,0.727154405711,2.80208333333,-0.0418439240189,-0.0603766922202,-273,-0.0351351351351,-0.210035869919,-0.0810810810811,0.135135135135,-0.0540540540541,289,18,53,972,0.845029239766,0.981818181818,0.0181818181818,0.154970760234,0.941368078176,0.845029239766,0.890600924499,0.857679256134,0.826847421584,0.802777777778,136,171,0,0,0,0
1919,WLNM_dir_neg,0.917769570124,0.754869741933,00:00:06,10,50,14,1237612649,threshold_sweep,0.2,0.872180451128,0.678362573099,0.763157894737,116,17,55,325,0.678362573099,0.950292397661,0.0497076023392,0.321637426901,0.872180451128,0.678362573099,0.763157894737,0.859649122807,0.58024691358,0.665634674923,0.676247765808,0.62865497076,342,171,171,0,342,0,171,0,171,37,342,0.256756756757,1.72528881811,18.4864864865,15.5454545455,9.77142857143,5.36771015539,0.290358590277,0.142642642643,9.50849154237,1.02869645341,0.544491860281,8.05331334643,0.871264894205,0.461830251304,0.640599570326,0.371299902718,2,1.72528881811,0.640599570326,2,0.344071394247,0.376569037657,810,0.104247104247,0.56957682835,37,37,37,1,0,0.405405405405,0.540540540541,0.0540540540541,37,0.128378378378,1.96609478228,9.24324324324,7.77272727273,4.88571428571,4.78077983763,0.517218871322,0.289868816185,5.95049648419,1.28753432699,0.647068120752,4.29050211612,0.928354259043,0.484589853011,0.990998086464,0.504043902356,3.88111111111,1.96609478228,0.990998086464,3.88111111111,0.0766572083379,0.0396694214876,24,0.0030888030888,0.190578861674,37,37,37,1,0,0.405405405405,0.540540540541,0.0540540540541,37,304,0.228228228228,2.52709605082,16.4324324324,12.16,8.21621621622,6.05777984881,0.368647786852,0.184210526316,8.84475718885,1.07650005259,0.568456614509,7.20777024828,0.877261510481,0.454480796586,1.33808872785,0.529496584596,4.66666666667,2.52709605082,1.33808872785,4.66666666667,0.311031174467,0.317250886176,537,0.069111969112,0.361909103044,37,37,37,1,0,0.324324324324,0.675675675676,0,-38,-0.0285285285285,0.801807232702,-2.05405405405,-3.38545454545,-1.55521235521,0.690069693421,0.078289196575,0.0415678836731,-0.663734353524,0.0478035991756,0.0239647542279,-0.845543098157,0.00599661627625,-0.00734945471788,0.697489157528,0.158196681879,2.66666666667,0.801807232702,0.697489157528,2.66666666667,-0.0330402197805,-0.0593181514812,-273,-0.0351351351351,-0.207667725306,-0.0810810810811,0.135135135135,-0.0540540540541,287,17,55,973,0.83918128655,0.982828282828,0.0171717171717,0.16081871345,0.944078947368,0.83918128655,0.888544891641,0.855606695733,0.822009569378,0.799442896936,133,171,0,0,0,0
1920,WLNM_dir_neg,0.917769570124,0.754869741933,00:00:06,10,50,14,1237612649,threshold_sweep,0.3,0.871212121212,0.672514619883,0.759075907591,115,17,56,325,0.672514619883,0.950292397661,0.0497076023392,0.327485380117,0.871212121212,0.672514619883,0.759075907591,0.857699805068,0.58089668616,0.660465116279,0.67160690432,0.622807017544,342,171,171,0,342,0,171,0,171,37,342,0.256756756757,1.72528881811,18.4864864865,15.5454545455,9.77142857143,5.36771015539,0.290358590277,0.142642642643,9.50849154237,1.02869645341,0.544491860281,8.05331334643,0.871264894205,0.461830251304,0.640599570326,0.371299902718,2,1.72528881811,0.640599570326,2,0.344071394247,0.376569037657,810,0.104247104247,0.56957682835,37,37,37,1,0,0.405405405405,0.540540540541,0.0540540540541,37,0.128378378378,1.96609478228,9.24324324324,7.77272727273,4.88571428571,4.78077983763,0.517218871322,0.289868816185,5.95049648419,1.28753432699,0.647068120752,4.29050211612,0.928354259043,0.484589853011,0.990998086464,0.504043902356,3.88111111111,1.96609478228,0.990998086464,3.88111111111,0.0766572083379,0.0396694214876,24,0.0030888030888,0.190578861674,37,37,37,1,0,0.405405405405,0.540540540541,0.0540540540541,37,303,0.227477477477,2.51279544607,16.3783783784,12.12,8.18918918919,6.13438103077,0.37454141607,0.1873160289,8.86264895765,1.0822376615,0.570154312729,7.19505168632,0.878603671266,0.455267148336,1.31793575263,0.524489868323,4.66666666667,2.51279544607,1.31793575263,4.66666666667,0.299531844489,0.317005727829,535,0.0688545688546,0.359892754512,37,37,37,1,0,0.324324324324,0.675675675676,0,-39,-0.0292792792793,0.787506627956,-2.10810810811,-3.42545454545,-1.58223938224,0.766670875373,0.0841828257928,0.0446733862575,-0.645842584724,0.0535412080805,0.0256624524472,-0.858261660118,0.00733877706152,-0.00656310296748,0.677336182306,0.153189965605,2.66666666667,0.787506627956,0.677336182306,2.66666666667,-0.0445395497581,-0.0595633098276,-275,-0.0353925353925,-0.209684073838,-0.0810810810811,0.135135135135,-0.0540540540541,286,17,56,973,0.836257309942,0.982828282828,0.0171717171717,0.163742690058,0.943894389439,0.836257309942,0.886821705426,0.85355386989,0.81908559277,0.796657381616,132,171,0,0,0,0
1921,WLNM_dir_neg,0.917769570124,0.754869741933,00:00:06,10,50,14,1237612649,threshold_sweep,0.4,0.875968992248,0.66081871345,0.753333333333,113,16,58,326,0.66081871345,0.953216374269,0.046783625731,0.33918128655,0.875968992248,0.66081871345,0.753333333333,0.855750487329,0.582846003899,0.654205607477,0.667181245205,0.614035087719,342,171,171,0,342,0,171,0,171,37,342,0.256756756757,1.72528881811,18.4864864865,15.5454545455,9.77142857143,5.36771015539,0.290358590277,0.142642642643,9.50849154237,1.02869645341,0.544491860281,8.05331334643,0.871264894205,0.461830251304,0.640599570326,0.371299902718,2,1.72528881811,0.640599570326,2,0.344071394247,0.376569037657,810,0.104247104247,0.56957682835,37,37,37,1,0,0.405405405405,0.540540540541,0.0540540540541,37,0.128378378378,1.96609478228,9.24324324324,7.77272727273,4.88571428571,4.78077983763,0.517218871322,0.289868816185,5.95049648419,1.28753432699,0.647068120752,4.29050211612,0.928354259043,0.484589853011,0.990998086464,0.504043902356,3.88111111111,1.96609478228,0.990998086464,3.88111111111,0.0766572083379,0.0396694214876,24,0.0030888030888,0.190578861674,37,37,37,1,0,0.405405405405,0.540540540541,0.0540540540541,37,300,0.225225225225,2.49756051638,16.2162162162,12,8.10810810811,6.07881172204,0.374860056192,0.186846846847,8.75526439662,1.07981594225,0.568468468468,7.20256043896,0.888315787472,0.459279279279,1.30999019678,0.524507890074,4.66666666667,2.49756051638,1.30999019678,4.66666666667,0.297856012305,0.315536892621,526,0.0676962676963,0.360237460216,37,37,37,1,0,0.324324324324,0.675675675676,0,-42,-0.0315315315315,0.772271698262,-2.27027027027,-3.54545454545,-1.66332046332,0.711101566642,0.084501465915,0.0442042042042,-0.753227145759,0.0511194888345,0.0239766081871,-0.850752907474,0.0170508932669,-0.00255097202466,0.66939062645,0.153207987356,2.66666666667,0.772271698262,0.66939062645,2.66666666667,-0.0462153819421,-0.0610321450354,-284,-0.0365508365508,-0.209339368134,-0.0810810810811,0.135135135135,-0.0540540540541,284,16,58,974,0.830409356725,0.983838383838,0.0161616161616,0.169590643275,0.946666666667,0.830409356725,0.884735202492,0.851504086297,0.814247740564,0.793296089385,129,171,0,0,0,0
1922,WLNM_dir_neg,0.917769570124,0.754869741933,00:00:06,10,50,14,1237612649,threshold_sweep,0.5,0.8828125,0.66081871345,0.755852842809,113,15,58,327,0.66081871345,0.956140350877,0.0438596491228,0.33918128655,0.8828125,0.66081871345,0.755852842809,0.857699805068,0.583495776478,0.658346333853,0.672097233708,0.616959064327,342,171,171,0,342,0,171,0,171,37,342,0.256756756757,1.72528881811,18.4864864865,15.5454545455,9.77142857143,5.36771015539,0.290358590277,0.142642642643,9.50849154237,1.02869645341,0.544491860281,8.05331334643,0.871264894205,0.461830251304,0.640599570326,0.371299902718,2,1.72528881811,0.640599570326,2,0.344071394247,0.376569037657,810,0.104247104247,0.56957682835,37,37,37,1,0,0.405405405405,0.540540540541,0.0540540540541,37,0.128378378378,1.96609478228,9.24324324324,7.77272727273,4.88571428571,4.78077983763,0.517218871322,0.289868816185,5.95049648419,1.28753432699,0.647068120752,4.29050211612,0.928354259043,0.484589853011,0.990998086464,0.504043902356,3.88111111111,1.96609478228,0.990998086464,3.88111111111,0.0766572083379,0.0396694214876,24,0.0030888030888,0.190578861674,37,37,37,1,0,0.405405405405,0.540540540541,0.0540540540541,37,299,0.224474474474,2.49655984898,16.1621621622,11.96,8.08108108108,6.01162537419,0.371956753922,0.184760010847,8.7094405305,1.07775685495,0.567296393383,7.20870761409,0.892047430506,0.460272982012,1.30963405534,0.524575469669,4.66666666667,2.49655984898,1.30963405534,4.66666666667,0.292718295945,0.308592174264,510,0.0656370656371,0.360587898019,37,37,37,1,0,0.324324324324,0.675675675676,0,-43,-0.0322822822823,0.771271030869,-2.32432432432,-3.58545454545,-1.69034749035,0.6439152188,0.0815981636445,0.0421173682043,-0.799051011873,0.0490604015303,0.022804533102,-0.844605732342,0.0207825363015,-0.00155726929182,0.669034485011,0.153275566951,2.66666666667,0.771271030869,0.669034485011,2.66666666667,-0.051353098302,-0.0679768633931,-300,-0.03861003861,-0.208988930331,-0.0810810810811,0.135135135135,-0.0540540540541,284,15,58,975,0.830409356725,0.984848484848,0.0151515151515,0.169590643275,0.94983277592,0.830409356725,0.886115444618,0.85357144934,0.815257841574,0.795518207283,128,171,0,0,0,0
1923,WLNM_dir_neg,0.917769570124,0.754869741933,00:00:06,10,50,14,1237612649,threshold_sweep,0.6,0.910569105691,0.654970760234,0.761904761905,112,11,59,331,0.654970760234,0.96783625731,0.0321637426901,0.345029239766,0.910569105691,0.654970760234,0.761904761905,0.863547758285,0.586744639376,0.669811320755,0.687669474251,0.622807017544,342,171,171,0,342,0,171,0,171,37,342,0.256756756757,1.72528881811,18.4864864865,15.5454545455,9.77142857143,5.36771015539,0.290358590277,0.142642642643,9.50849154237,1.02869645341,0.544491860281,8.05331334643,0.871264894205,0.461830251304,0.640599570326,0.371299902718,2,1.72528881811,0.640599570326,2,0.344071394247,0.376569037657,810,0.104247104247,0.56957682835,37,37,37,1,0,0.405405405405,0.540540540541,0.0540540540541,37,0.128378378378,1.96609478228,9.24324324324,7.77272727273,4.88571428571,4.78077983763,0.517218871322,0.289868816185,5.95049648419,1.28753432699,0.647068120752,4.29050211612,0.928354259043,0.484589853011,0.990998086464,0.504043902356,3.88111111111,1.96609478228,0.990998086464,3.88111111111,0.0766572083379,0.0396694214876,24,0.0030888030888,0.190578861674,37,37,37,1,0,0.405405405405,0.540540540541,0.0540540540541,37,294,0.220720720721,2.49073956406,15.8918918919,11.76,7.94594594595,5.83944338949,0.367447968386,0.18128332414,8.53732311008,1.07442501725,0.564258135687,7.31416413522,0.920490044229,0.474351902923,1.30803946116,0.525161072655,4.66666666667,2.49073956406,1.30803946116,4.66666666667,0.261393306963,0.273355676581,435,0.0559845559846,0.36768071288,37,37,37,1,0,0.324324324324,0.675675675676,0,-48,-0.036036036036,0.765450745945,-2.59459459459,-3.78545454545,-1.82548262548,0.4717332341,0.0770893781094,0.0386406814978,-0.971168432296,0.04572856384,0.0197662754054,-0.73914921121,0.049225150024,0.0125216516194,0.667439890839,0.153861169937,2.66666666667,0.765450745945,0.667439890839,2.66666666667,-0.0826780872848,-0.103213361075,-375,-0.0482625482625,-0.20189611547,-0.0810810810811,0.135135135135,-0.0540540540541,283,11,59,979,0.827485380117,0.988888888889,0.0111111111111,0.172514619883,0.962585034014,0.827485380117,0.889937106918,0.859899341278,0.816374269006,0.801699716714,123,171,0,0,0,0
1924,WLNM_dir_neg,0.917769570124,0.754869741933,00:00:06,10,50,14,1237612649,threshold_sweep,0.7,0.915254237288,0.631578947368,0.747404844291,108,10,63,332,0.631578947368,0.970760233918,0.0292397660819,0.368421052632,0.915254237288,0.631578947368,0.747404844291,0.857699805068,0.589993502274,0.6529318542,0.674703046395,0.602339181287,342,171,171,0,342,0,171,0,171,37,342,0.256756756757,1.72528881811,18.4864864865,15.5454545455,9.77142857143,5.36771015539,0.290358590277,0.142642642643,9.50849154237,1.02869645341,0.544491860281,8.05331334643,0.871264894205,0.461830251304,0.640599570326,0.371299902718,2,1.72528881811,0.640599570326,2,0.344071394247,0.376569037657,810,0.104247104247,0.56957682835,37,37,37,1,0,0.405405405405,0.540540540541,0.0540540540541,37,0.128378378378,1.96609478228,9.24324324324,7.77272727273,4.88571428571,4.78077983763,0.517218871322,0.289868816185,5.95049648419,1.28753432699,0.647068120752,4.29050211612,0.928354259043,0.484589853011,0.990998086464,0.504043902356,3.88111111111,1.96609478228,0.990998086464,3.88111111111,0.0766572083379,0.0396694214876,24,0.0030888030888,0.190578861674,37,37,37,1,0,0.405405405405,0.540540540541,0.0540540540541,37,289,0.216966966967,2.08062085185,15.6216216216,12.0416666667,7.81081081081,5.70258884363,0.365044614558,0.178153932479,8.39589131605,1.07490650067,0.563546245207,7.32134564832,0.937334909992,0.484990180492,0.873502893547,0.419828001229,2.77597948766,2.08062085185,0.873502893547,2.77597948766,0.255164109904,0.26497199483,410,0.0527670527671,0.396067500956,37,37,37,1,0,0.351351351351,0.648648648649,0,-53,-0.0397897897898,0.355332033733,-2.86486486486,-3.50378787879,-1.96061776062,0.334878688239,0.0746860242807,0.0355112898365,-1.11260022632,0.0462100472565,0.0190543849258,-0.731967698119,0.066070015787,0.023159929188,0.232903323221,0.0485280985113,0.775979487656,0.355332033733,0.232903323221,0.775979487656,-0.0889072843432,-0.111597042827,-400,-0.0514800514801,-0.173509327394,-0.0540540540541,0.108108108108,-0.0540540540541,279,10,63,980,0.815789473684,0.989898989899,0.010101010101,0.184210526316,0.965397923875,0.815789473684,0.884310618067,0.853899422597,0.805688463583,0.792613636364,118,171,0,0,0,0
1925,WLNM_dir_neg,0.917769570124,0.754869741933,00:00:06,10,50,14,1237612649,threshold_sweep,0.8,0.922413793103,0.625730994152,0.745644599303,107,9,64,333,0.625730994152,0.973684210526,0.0263157894737,0.374269005848,0.922413793103,0.625730994152,0.745644599303,0.857699805068,0.591293047433,0.651828298887,0.675483298161,0.599415204678,342,171,171,0,342,0,171,0,171,37,342,0.256756756757,1.72528881811,18.4864864865,15.5454545455,9.77142857143,5.36771015539,0.290358590277,0.142642642643,9.50849154237,1.02869645341,0.544491860281,8.05331334643,0.871264894205,0.461830251304,0.640599570326,0.371299902718,2,1.72528881811,0.640599570326,2,0.344071394247,0.376569037657,810,0.104247104247,0.56957682835,37,37,37,1,0,0.405405405405,0.540540540541,0.0540540540541,37,0.128378378378,1.96609478228,9.24324324324,7.77272727273,4.88571428571,4.78077983763,0.517218871322,0.289868816185,5.95049648419,1.28753432699,0.647068120752,4.29050211612,0.928354259043,0.484589853011,0.990998086464,0.504043902356,3.88111111111,1.96609478228,0.990998086464,3.88111111111,0.0766572083379,0.0396694214876,24,0.0030888030888,0.190578861674,37,37,37,1,0,0.405405405405,0.540540540541,0.0540540540541,37,287,0.215465465465,2.07966687525,15.5135135135,11.9583333333,7.97222222222,5.73789363995,0.369864224178,0.180619644034,8.33468457513,1.0745063738,0.562576513796,7.31590886511,0.94316595125,0.490441661173,0.872579497582,0.419576571597,2.77201354814,2.07966687525,0.872579497582,2.77201354814,0.256677863978,0.26672477664,408,0.0525096525097,0.394927914857,37,37,37,1,0,0.351351351351,0.621621621622,0.027027027027,-55,-0.0412912912913,0.354378057138,-2.97297297297,-3.58712121212,-1.79920634921,0.370183484561,0.0795056339011,0.0379770013916,-1.17380696724,0.0458099203829,0.0180846535147,-0.737404481329,0.0719010570456,0.0286114098694,0.231979927256,0.0482766688792,0.772013548135,0.354378057138,0.231979927256,0.772013548135,-0.0873935302696,-0.109844261017,-402,-0.0517374517375,-0.174648913493,-0.0540540540541,0.0810810810811,-0.027027027027,278,9,64,981,0.812865497076,0.990909090909,0.00909090909091,0.187134502924,0.968641114983,0.812865497076,0.883942766296,0.854015647896,0.803774587985,0.792022792023,116,171,0,0,0,0
1926,WLNM_dir_neg,0.917769570124,0.754869741933,00:00:06,10,50,14,1237612649,threshold_sweep,0.9,0.921739130435,0.619883040936,0.741258741259,106,9,65,333,0.619883040936,0.973684210526,0.0263157894737,0.380116959064,0.921739130435,0.619883040936,0.741258741259,0.855750487329,0.591942820013,0.646496815287,0.670950659124,0.593567251462,342,171,171,0,342,0,171,0,171,37,342,0.256756756757,1.72528881811,18.4864864865,15.5454545455,9.77142857143,5.36771015539,0.290358590277,0.142642642643,9.50849154237,1.02869645341,0.544491860281,8.05331334643,0.871264894205,0.461830251304,0.640599570326,0.371299902718,2,1.72528881811,0.640599570326,2,0.344071394247,0.376569037657,810,0.104247104247,0.56957682835,37,37,37,1,0,0.405405405405,0.540540540541,0.0540540540541,37,0.128378378378,1.96609478228,9.24324324324,7.77272727273,4.88571428571,4.78077983763,0.517218871322,0.289868816185,5.95049648419,1.28753432699,0.647068120752,4.29050211612,0.928354259043,0.484589853011,0.990998086464,0.504043902356,3.88111111111,1.96609478228,0.990998086464,3.88111111111,0.0766572083379,0.0396694214876,24,0.0030888030888,0.190578861674,37,37,37,1,0,0.405405405405,0.540540540541,0.0540540540541,37,286,0.214714714715,2.0784344146,15.4594594595,11.9166666667,7.94444444444,5.65486317054,0.365786603688,0.177943677944,8.28535739405,1.07188190063,0.561141561142,7.33578992432,0.949035759441,0.492723492723,0.871576798102,0.419342940041,2.77187619363,2.0784344146,0.871576798102,2.77187619363,0.251046349917,0.257539071098,390,0.0501930501931,0.395978568035,37,37,37,1,0,0.351351351351,0.621621621622,0.027027027027,-56,-0.042042042042,0.353145596487,-3.02702702703,-3.62878787879,-1.82698412698,0.287153015142,0.0754280134114,0.035301035301,-1.22313414832,0.0431854472141,0.0166497008602,-0.71752342211,0.0777708652356,0.0308932414196,0.230977227776,0.0480430373235,0.771876193629,0.353145596487,0.230977227776,0.771876193629,-0.0930250443304,-0.119029966559,-420,-0.0540540540541,-0.173598260314,-0.0540540540541,0.0810810810811,-0.027027027027,277,9,65,981,0.809941520468,0.990909090909,0.00909090909091,0.190058479532,0.968531468531,0.809941520468,0.882165605096,0.851987656797,0.800850611377,0.789173789174,115,171,0,0,0,0
1927,WLNM_dir_neg,0.972743750214,0.783791857705,00:00:05,10,50,15,1237612650,threshold_sweep,0.1,0.933333333333,0.818713450292,0.872274143302,140,10,31,332,0.818713450292,0.970760233918,0.0292397660819,0.181286549708,0.933333333333,0.818713450292,0.872274143302,0.92007797271,0.569200779727,0.814479638009,0.818181818182,0.789473684211,342,171,171,0,342,0,171,0,171,37,342,0.256756756757,1.72528881811,18.4864864865,15.5454545455,9.77142857143,5.36771015539,0.290358590277,0.142642642643,9.50849154237,1.02869645341,0.544491860281,8.05331334643,0.871264894205,0.461830251304,0.640599570326,0.371299902718,2,1.72528881811,0.640599570326,2,0.344071394247,0.376569037657,810,0.104247104247,0.56957682835,37,37,37,1,0,0.405405405405,0.540540540541,0.0540540540541,37,0.128378378378,2.05162865991,9.24324324324,7.77272727273,4.88571428571,4.62123964493,0.499958675036,0.27880512091,5.94115285928,1.28551260698,0.646119804015,4.13891660107,0.895555054033,0.470681207523,1.19303359549,0.581505619804,5.03055555556,2.05162865991,1.19303359549,5.03055555556,0.0548309004191,0.0251537171604,15,0.0019305019305,0.186895221092,37,37,37,1,0,0.405405405405,0.540540540541,0.0540540540541,37,321,0.240990990991,1.78628378861,17.3513513514,14.5909090909,8.67567567568,4.92846728606,0.284039391876,0.139850130504,8.74977477188,1.00854101732,0.540540540541,7.66323855985,0.883301640855,0.458870085038,0.713060693926,0.399186679335,2.28996248927,1.78628378861,0.713060693926,2.28996248927,0.299464878153,0.295645941588,550,0.0707850707851,0.520831189382,37,37,37,1,0,0.405405405405,0.594594594595,0,-21,-0.0157657657658,0.060994970499,-1.13513513514,-0.954545454545,-1.09575289575,-0.439242869331,-0.00631919840124,-0.00279251213831,-0.758716770499,-0.0201554360958,-0.00395131974079,-0.390074786581,0.0120367466505,-0.00296016626563,0.0724611236003,0.0278867766171,0.289962489267,0.060994970499,0.0724611236003,0.289962489267,-0.0446065160943,-0.0809230960694,-260,-0.033462033462,-0.0487456389676,0,0.0540540540541,-0.0540540540541,311,10,31,980,0.909356725146,0.989898989899,0.010101010101,0.0906432748538,0.968847352025,0.909356725146,0.938159879336,0.918513963388,0.899255715045,0.883522727273,150,171,0,0,0,0
1928,WLNM_dir_neg,0.972743750214,0.783791857705,00:00:05,10,50,15,1237612650,threshold_sweep,0.2,0.940740740741,0.74269005848,0.830065359477,127,8,44,334,0.74269005848,0.976608187135,0.0233918128655,0.25730994152,0.940740740741,0.74269005848,0.830065359477,0.898635477583,0.578947368421,0.759259259259,0.770029432086,0.719298245614,342,171,171,0,342,0,171,0,171,37,342,0.256756756757,1.72528881811,18.4864864865,15.5454545455,9.77142857143,5.36771015539,0.290358590277,0.142642642643,9.50849154237,1.02869645341,0.544491860281,8.05331334643,0.871264894205,0.461830251304,0.640599570326,0.371299902718,2,1.72528881811,0.640599570326,2,0.344071394247,0.376569037657,810,0.104247104247,0.56957682835,37,37,37,1,0,0.405405405405,0.540540540541,0.0540540540541,37,0.128378378378,2.05162865991,9.24324324324,7.77272727273,4.88571428571,4.62123964493,0.499958675036,0.27880512091,5.94115285928,1.28551260698,0.646119804015,4.13891660107,0.895555054033,0.470681207523,1.19303359549,0.581505619804,5.03055555556,2.05162865991,1.19303359549,5.03055555556,0.0548309004191,0.0251537171604,15,0.0019305019305,0.186895221092,37,37,37,1,0,0.405405405405,0.540540540541,0.0540540540541,37,306,0.22972972973,1.76052291776,16.5405405405,13.9090909091,8.27027027027,5.00330221284,0.302487225286,0.153594771242,8.59472916207,1.03923195751,0.555908850026,7.32821279049,0.886091089046,0.462815756933,0.684776324708,0.388961891834,2.18511701288,1.76052291776,0.684776324708,2.18511701288,0.290213860947,0.280592361652,480,0.0617760617761,0.479509100368,37,37,37,1,0,0.405405405405,0.594594594595,0,-36,-0.027027027027,0.0352340996433,-1.94594594595,-1.63636363636,-1.50115830116,-0.364407942551,0.0121286350091,0.0109521285992,-0.913762380303,0.0105355040906,0.0114169897452,-0.725100555944,0.0148261948413,0.000985505629469,0.0441767543823,0.0176619891163,0.185117012885,0.0352340996433,0.0441767543823,0.185117012885,-0.0538575333006,-0.0959766760045,-330,-0.042471042471,-0.0900677279819,0,0.0540540540541,-0.0540540540541,298,8,44,982,0.87134502924,0.991919191919,0.00808080808081,0.12865497076,0.97385620915,0.87134502924,0.91975308642,0.896478747212,0.863264221159,0.851428571429,135,171,0,0,0,0
1929,WLNM_dir_neg,0.972743750214,0.783791857705,00:00:05,10,50,15,1237612650,threshold_sweep,0.3,0.93984962406,0.730994152047,0.822368421053,125,8,46,334,0.730994152047,0.976608187135,0.0233918128655,0.269005847953,0.93984962406,0.730994152047,0.822368421053,0.894736842105,0.58024691358,0.749226006192,0.761171903839,0.707602339181,342,171,171,0,342,0,171,0,171,37,342,0.256756756757,1.72528881811,18.4864864865,15.5454545455,9.77142857143,5.36771015539,0.290358590277,0.142642642643,9.50849154237,1.02869645341,0.544491860281,8.05331334643,0.871264894205,0.461830251304,0.640599570326,0.371299902718,2,1.72528881811,0.640599570326,2,0.344071394247,0.376569037657,810,0.104247104247,0.56957682835,37,37,37,1,0,0.405405405405,0.540540540541,0.0540540540541,37,0.128378378378,2.05162865991,9.24324324324,7.77272727273,4.88571428571,4.62123964493,0.499958675036,0.27880512091,5.94115285928,1.28551260698,0.646119804015,4.13891660107,0.895555054033,0.470681207523,1.19303359549,0.581505619804,5.03055555556,2.05162865991,1.19303359549,5.03055555556,0.0548309004191,0.0251537171604,15,0.0019305019305,0.186895221092,37,37,37,1,0,0.405405405405,0.540540540541,0.0540540540541,37,304,0.228228228228,1.761144445,16.4324324324,13.8181818182,8.21621621622,5.01409424933,0.305134025041,0.153538406828,8.54444307767,1.03994866406,0.555654338549,7.29206240882,0.887520753705,0.462126600284,0.68518337073,0.389055748764,2.18511701288,1.761144445,0.68518337073,2.18511701288,0.292119223691,0.280954258675,475,0.0611325611326,0.475840468871,37,37,37,1,0,0.405405405405,0.594594594595,0,-38,-0.0285285285285,0.0358556268813,-2.05405405405,-1.72727272727,-1.55521235521,-0.353615906066,0.0147754347642,0.0108957641852,-0.964048464707,0.0112522106435,0.0111624782677,-0.761250937611,0.0162558595006,0.000296348980559,0.0445838004038,0.0177558460465,0.185117012885,0.0358556268813,0.0445838004038,0.185117012885,-0.051952170556,-0.0956147789818,-335,-0.0431145431145,-0.0937363594784,0,0.0540540540541,-0.0540540540541,296,8,46,982,0.865497076023,0.991919191919,0.00808080808081,0.134502923977,0.973684210526,0.865497076023,0.916408668731,0.892460534781,0.857416267943,0.845714285714,133,171,0,0,0,0
1930,WLNM_dir_neg,0.972743750214,0.783791857705,00:00:05,10,50,15,1237612650,threshold_sweep,0.4,0.939393939394,0.72514619883,0.818481848185,124,8,47,334,0.72514619883,0.976608187135,0.0233918128655,0.27485380117,0.939393939394,0.72514619883,0.818481848185,0.892787524366,0.58089668616,0.744186046512,0.756740173881,0.701754385965,342,171,171,0,342,0,171,0,171,37,342,0.256756756757,1.72528881811,18.4864864865,15.5454545455,9.77142857143,5.36771015539,0.290358590277,0.142642642643,9.50849154237,1.02869645341,0.544491860281,8.05331334643,0.871264894205,0.461830251304,0.640599570326,0.371299902718,2,1.72528881811,0.640599570326,2,0.344071394247,0.376569037657,810,0.104247104247,0.56957682835,37,37,37,1,0,0.405405405405,0.540540540541,0.0540540540541,37,0.128378378378,2.05162865991,9.24324324324,7.77272727273,4.88571428571,4.62123964493,0.499958675036,0.27880512091,5.94115285928,1.28551260698,0.646119804015,4.13891660107,0.895555054033,0.470681207523,1.19303359549,0.581505619804,5.03055555556,2.05162865991,1.19303359549,5.03055555556,0.0548309004191,0.0251537171604,15,0.0019305019305,0.186895221092,37,37,37,1,0,0.405405405405,0.540540540541,0.0540540540541,37,303,0.227477477477,1.76193296699,16.3783783784,13.7727272727,8.18918918919,4.9741071301,0.303699610254,0.151993577736,8.50437089527,1.03848753507,0.554633841763,7.25655962958,0.886114542226,0.460619034876,0.686103821064,0.389404043126,2.18511701288,1.76193296699,0.686103821064,2.18511701288,0.289180709146,0.278903456496,468,0.0602316602317,0.472786645852,37,37,37,1,0,0.405405405405,0.594594594595,0,-39,-0.0292792792793,0.0366441488782,-2.10810810811,-1.77272727273,-1.58223938224,-0.39360302529,0.0133410199767,0.00935093509351,-1.0041206471,0.00979108165123,0.0101419814812,-0.796753716854,0.0148496480211,-0.00121121642747,0.0455042507376,0.018104140408,0.185117012885,0.0366441488782,0.0455042507376,0.185117012885,-0.054890685101,-0.0976655811611,-342,-0.0440154440154,-0.0967901824984,0,0.0540540540541,-0.0540540540541,295,8,47,982,0.862573099415,0.991919191919,0.00808080808081,0.137426900585,0.973597359736,0.862573099415,0.914728682171,0.890450532274,0.854492291334,0.842857142857,132,171,0,0,0,0
1931,WLNM_dir_neg,0.972743750214,0.783791857705,00:00:05,10,50,15,1237612650,threshold_sweep,0.5,0.93893129771,0.719298245614,0.814569536424,123,8,48,334,0.719298245614,0.976608187135,0.0233918128655,0.280701754386,0.93893129771,0.719298245614,0.814569536424,0.890838206628,0.581546458739,0.739130434783,0.75230618085,0.695906432749,342,171,171,0,342,0,171,0,171,37,342,0.256756756757,1.72528881811,18.4864864865,15.5454545455,9.77142857143,5.36771015539,0.290358590277,0.142642642643,9.50849154237,1.02869645341,0.544491860281,8.05331334643,0.871264894205,0.461830251304,0.640599570326,0.371299902718,2,1.72528881811,0.640599570326,2,0.344071394247,0.376569037657,810,0.104247104247,0.56957682835,37,37,37,1,0,0.405405405405,0.540540540541,0.0540540540541,37,0.128378378378,2.05162865991,9.24324324324,7.77272727273,4.88571428571,4.62123964493,0.499958675036,0.27880512091,5.94115285928,1.28551260698,0.646119804015,4.13891660107,0.895555054033,0.470681207523,1.19303359549,0.581505619804,5.03055555556,2.05162865991,1.19303359549,5.03055555556,0.0548309004191,0.0251537171604,15,0.0019305019305,0.186895221092,37,37,37,1,0,0.405405405405,0.540540540541,0.0540540540541,37,302,0.226726726727,1.7603457074,16.3243243243,13.7272727273,8.16216216216,5.00030029128,0.306309786055,0.152496867729,8.46730152972,1.0373846245,0.553785573653,7.27825342874,0.891706545905,0.463039198139,0.684713032825,0.388965093586,2.18511701288,1.7603457074,0.684713032825,2.18511701288,0.287552803342,0.278010784901,464,0.0597168597169,0.474627108327,37,37,37,1,0,0.405405405405,0.594594594595,0,-40,-0.03003003003,0.0350568892901,-2.16216216216,-1.81818181818,-1.60926640927,-0.36740986411,0.0159511957783,0.00985422508601,-1.04119001265,0.00868817108729,0.00929371337179,-0.775059917694,0.0204416517004,0.0012089468346,0.0441134624989,0.0176651908685,0.185117012885,0.0350568892901,0.0441134624989,0.185117012885,-0.0565185909051,-0.0985582527558,-346,-0.0445302445302,-0.0949497200233,0,0.0540540540541,-0.0540540540541,294,8,48,982,0.859649122807,0.991919191919,0.00808080808081,0.140350877193,0.973509933775,0.859649122807,0.913043478261,0.888439911686,0.851568314726,0.84,131,171,0,0,0,0
1932,WLNM_dir_neg,0.972743750214,0.783791857705,00:00:05,10,50,15,1237612650,threshold_sweep,0.6,0.938461538462,0.713450292398,0.810631229236,122,8,49,334,0.713450292398,0.976608187135,0.0233918128655,0.286549707602,0.938461538462,0.713450292398,0.810631229236,0.888888888889,0.582196231319,0.734059097978,0.747869706709,0.690058479532,342,171,171,0,342,0,171,0,171,37,342,0.256756756757,1.72528881811,18.4864864865,15.5454545455,9.77142857143,5.36771015539,0.290358590277,0.142642642643,9.50849154237,1.02869645341,0.544491860281,8.05331334643,0.871264894205,0.461830251304,0.640599570326,0.371299902718,2,1.72528881811,0.640599570326,2,0.344071394247,0.376569037657,810,0.104247104247,0.56957682835,37,37,37,1,0,0.405405405405,0.540540540541,0.0540540540541,37,0.128378378378,2.05162865991,9.24324324324,7.77272727273,4.88571428571,4.62123964493,0.499958675036,0.27880512091,5.94115285928,1.28551260698,0.646119804015,4.13891660107,0.895555054033,0.470681207523,1.19303359549,0.581505619804,5.03055555556,2.05162865991,1.19303359549,5.03055555556,0.0548309004191,0.0251537171604,15,0.0019305019305,0.186895221092,37,37,37,1,0,0.405405405405,0.540540540541,0.0540540540541,37,301,0.225975975976,1.75930842669,16.2702702703,13.6818181818,8.13513513514,4.99804766689,0.307188976204,0.152823920266,8.42998010464,1.03624340157,0.552752087636,7.26927385248,0.893565224391,0.463859208045,0.683501605555,0.388505844221,2.18511701288,1.75930842669,0.683501605555,2.18511701288,0.287402510858,0.277331189711,460,0.0592020592021,0.473964584508,37,37,37,1,0,0.405405405405,0.594594594595,0,-41,-0.0307807807808,0.0340196085715,-2.21621621622,-1.86363636364,-1.63629343629,-0.369662488506,0.0168303859269,0.0101812776231,-1.07851143774,0.00754694815179,0.00826022735447,-0.784039493955,0.0223003301863,0.00202895674132,0.0429020352286,0.0172059415031,0.185117012885,0.0340196085715,0.0429020352286,0.185117012885,-0.0566688833895,-0.0992378479463,-350,-0.045045045045,-0.0956122438415,0,0.0540540540541,-0.0540540540541,293,8,49,982,0.856725146199,0.991919191919,0.00808080808081,0.143274853801,0.97342192691,0.856725146199,0.911353032659,0.886428657484,0.848644338118,0.837142857143,130,171,0,0,0,0
1933,WLNM_dir_neg,0.972743750214,0.783791857705,00:00:05,10,50,15,1237612650,threshold_sweep,0.7,0.937984496124,0.707602339181,0.806666666667,121,8,50,334,0.707602339181,0.976608187135,0.0233918128655,0.292397660819,0.937984496124,0.707602339181,0.806666666667,0.88693957115,0.582846003899,0.728971962617,0.743430530371,0.684210526316,342,171,171,0,342,0,171,0,171,37,342,0.256756756757,1.72528881811,18.4864864865,15.5454545455,9.77142857143,5.36771015539,0.290358590277,0.142642642643,9.50849154237,1.02869645341,0.544491860281,8.05331334643,0.871264894205,0.461830251304,0.640599570326,0.371299902718,2,1.72528881811,0.640599570326,2,0.344071394247,0.376569037657,810,0.104247104247,0.56957682835,37,37,37,1,0,0.405405405405,0.540540540541,0.0540540540541,37,0.128378378378,2.05162865991,9.24324324324,7.77272727273,4.88571428571,4.62123964493,0.499958675036,0.27880512091,5.94115285928,1.28551260698,0.646119804015,4.13891660107,0.895555054033,0.470681207523,1.19303359549,0.581505619804,5.03055555556,2.05162865991,1.19303359549,5.03055555556,0.0548309004191,0.0251537171604,15,0.0019305019305,0.186895221092,37,37,37,1,0,0.405405405405,0.540540540541,0.0540540540541,37,300,0.225225225225,1.75983290187,16.2162162162,13.6363636364,8.10810810811,5.02292043832,0.309746760363,0.153333333333,8.3957124765,1.03547120543,0.552252252252,7.27546784973,0.897307701467,0.464864864865,0.684004323774,0.388675722024,2.18511701288,1.75983290187,0.684004323774,2.18511701288,0.289506665594,0.278238027884,459,0.0590733590734,0.474720772806,37,37,37,1,0,0.405405405405,0.594594594595,0,-42,-0.0315315315315,0.0345440837524,-2.27027027027,-1.90909090909,-1.66332046332,-0.34478971707,0.0193881700862,0.0106906906907,-1.11277906588,0.00677475201968,0.00776039197092,-0.777845496706,0.0260428072616,0.00303461356093,0.0434047534484,0.017375819306,0.185117012885,0.0345440837524,0.0434047534484,0.185117012885,-0.0545647286538,-0.0983310097725,-351,-0.0451737451737,-0.0948560555443,0,0.0540540540541,-0.0540540540541,292,8,50,982,0.853801169591,0.991919191919,0.00808080808081,0.146198830409,0.973333333333,0.853801169591,0.909657320872,0.884416754036,0.84572036151,0.834285714286,129,171,0,0,0,0
1934,WLNM_dir_neg,0.972743750214,0.783791857705,00:00:05,10,50,15,1237612650,threshold_sweep,0.8,0.944444444444,0.695906432749,0.801346801347,119,7,52,335,0.695906432749,0.979532163743,0.0204678362573,0.304093567251,0.944444444444,0.695906432749,0.801346801347,0.884990253411,0.584795321637,0.723004694836,0.739701036054,0.675438596491,342,171,171,0,342,0,171,0,171,37,342,0.256756756757,1.72528881811,18.4864864865,15.5454545455,9.77142857143,5.36771015539,0.290358590277,0.142642642643,9.50849154237,1.02869645341,0.544491860281,8.05331334643,0.871264894205,0.461830251304,0.640599570326,0.371299902718,2,1.72528881811,0.640599570326,2,0.344071394247,0.376569037657,810,0.104247104247,0.56957682835,37,37,37,1,0,0.405405405405,0.540540540541,0.0540540540541,37,0.128378378378,2.05162865991,9.24324324324,7.77272727273,4.88571428571,4.62123964493,0.499958675036,0.27880512091,5.94115285928,1.28551260698,0.646119804015,4.13891660107,0.895555054033,0.470681207523,1.19303359549,0.581505619804,5.03055555556,2.05162865991,1.19303359549,5.03055555556,0.0548309004191,0.0251537171604,15,0.0019305019305,0.186895221092,37,37,37,1,0,0.405405405405,0.540540540541,0.0540540540541,37,297,0.222972972973,1.76523508858,16.0540540541,13.5,8.02702702703,5.21187717273,0.324645547797,0.158431158431,8.38810827066,1.04498318523,0.555282555283,7.32759808489,0.912865754683,0.470834470834,0.692669253947,0.392394904468,2.06286836935,1.76523508858,0.692669253947,2.06286836935,0.280096686154,0.269325153374,439,0.0564993564994,0.475314103604,37,37,37,1,0,0.405405405405,0.594594594595,0,-45,-0.0337837837838,0.0399462704641,-2.43243243243,-2.04545454545,-1.7444015444,-0.155832982659,0.0342869575194,0.0157885157885,-1.12038327171,0.0162867318193,0.0107906950012,-0.725715261544,0.0416008604785,0.00900421953054,0.052069683621,0.0210950017506,0.0628683693517,0.0399462704641,0.052069683621,0.0628683693517,-0.0639747080934,-0.107243884283,-371,-0.0477477477477,-0.094262724746,0,0.0540540540541,-0.0540540540541,290,7,52,983,0.847953216374,0.992929292929,0.00707070707071,0.152046783626,0.976430976431,0.847953216374,0.907668231612,0.882505803063,0.840882509304,0.830945558739,126,171,0,0,0,0
1935,WLNM_dir_neg,0.972743750214,0.783791857705,00:00:05,10,50,15,1237612650,threshold_sweep,0.9,0.944,0.690058479532,0.797297297297,118,7,53,335,0.690058479532,0.979532163743,0.0204678362573,0.309941520468,0.944,0.690058479532,0.797297297297,0.883040935673,0.585445094217,0.717868338558,0.735274687433,0.669590643275,342,171,171,0,342,0,171,0,171,37,342,0.256756756757,1.72528881811,18.4864864865,15.5454545455,9.77142857143,5.36771015539,0.290358590277,0.142642642643,9.50849154237,1.02869645341,0.544491860281,8.05331334643,0.871264894205,0.461830251304,0.640599570326,0.371299902718,2,1.72528881811,0.640599570326,2,0.344071394247,0.376569037657,810,0.104247104247,0.56957682835,37,37,37,1,0,0.405405405405,0.540540540541,0.0540540540541,37,0.128378378378,2.05162865991,9.24324324324,7.77272727273,4.88571428571,4.62123964493,0.499958675036,0.27880512091,5.94115285928,1.28551260698,0.646119804015,4.13891660107,0.895555054033,0.470681207523,1.19303359549,0.581505619804,5.03055555556,2.05162865991,1.19303359549,5.03055555556,0.0548309004191,0.0251537171604,15,0.0019305019305,0.186895221092,37,37,37,1,0,0.405405405405,0.540540540541,0.0540540540541,37,296,0.222222222222,1.77520339161,16,13.4545454545,8,5.25991127935,0.32874445496,0.16088385683,8.4030417773,1.05038022216,0.557158509861,7.29535620941,0.911919526177,0.471512052593,0.710812052177,0.40041161229,2.25827693408,1.77520339161,0.710812052177,2.25827693408,0.277567236949,0.268022181146,435,0.0559845559846,0.471359099236,37,37,37,1,0,0.405405405405,0.594594594595,0,-46,-0.0345345345345,0.0499145734926,-2.48648648649,-2.09090909091,-1.77142857143,-0.10779887604,0.0383858646825,0.0182412141872,-1.10544976507,0.0216837687482,0.0126666495799,-0.757957137021,0.0406546319718,0.0096818012892,0.0702124818506,0.0291117095725,0.258276934079,0.0499145734926,0.0702124818506,0.258276934079,-0.066504157298,-0.108546856511,-375,-0.0482625482625,-0.0982177291137,0,0.0540540540541,-0.0540540540541,289,7,53,983,0.845029239766,0.992929292929,0.00707070707071,0.154970760234,0.976351351351,0.845029239766,0.905956112853,0.880496116289,0.837958532695,0.828080229226,125,171,0,0,0,0
1936,WLNM_dir_neg,0.933338463117,0.905117091595,00:00:05,10,50,16,1237612651,threshold_sweep,0.1,0.931506849315,0.795321637427,0.858044164038,136,10,35,332,0.795321637427,0.970760233918,0.0292397660819,0.204678362573,0.931506849315,0.795321637427,0.858044164038,0.912280701754,0.571799870045,0.795144157815,0.800344257981,0.766081871345,342,171,171,0,342,0,171,0,171,37,342,0.256756756757,1.72528881811,18.4864864865,15.5454545455,9.77142857143,5.36771015539,0.290358590277,0.142642642643,9.50849154237,1.02869645341,0.544491860281,8.05331334643,0.871264894205,0.461830251304,0.640599570326,0.371299902718,2,1.72528881811,0.640599570326,2,0.344071394247,0.376569037657,810,0.104247104247,0.56957682835,37,37,37,1,0,0.405405405405,0.540540540541,0.0540540540541,37,0.128378378378,1.92751609943,9.24324324324,7.77272727273,4.88571428571,4.66907917049,0.505134296223,0.28323059902,5.95049648419,1.28753432699,0.647384226332,4.29697148745,0.929754064536,0.486170380907,0.909985953586,0.472102906873,3.14516049383,1.92751609943,0.909985953586,3.14516049383,0.0972000266118,0.0334448160535,20,0.002574002574,0.191411862459,37,37,37,1,0,0.405405405405,0.540540540541,0.0540540540541,37,317,0.237987987988,2.00165122518,17.1351351351,13.7826086957,8.56756756757,4.37265595721,0.255186546399,0.121408474721,8.23454964208,0.961130399864,0.512064114588,8.20413358057,0.957580260193,0.494841845,1.01859153025,0.508875630998,3.84558118848,2.00165122518,1.01859153025,3.84558118848,0.243619518527,0.242803738318,433,0.0557271557272,0.526358829772,37,37,37,1,0,0.378378378378,0.621621621622,0,-25,-0.0187687687688,0.276362407065,-1.35135135135,-1.7628458498,-1.20386100386,-0.995054198184,-0.0351720438785,-0.0212341679219,-1.2739419003,-0.0675660535511,-0.0324277456936,0.150820234134,0.0863153659876,0.0330115936956,0.377991959926,0.13757572828,1.84558118848,0.276362407065,0.377991959926,1.84558118848,-0.100451875721,-0.133765299339,-377,-0.0485199485199,-0.0432179985775,-0.027027027027,0.0810810810811,-0.0540540540541,307,10,35,980,0.897660818713,0.989898989899,0.010101010101,0.102339181287,0.968454258675,0.897660818713,0.931714719272,0.910469969762,0.887559808612,0.872159090909,146,171,0,0,0,0
1937,WLNM_dir_neg,0.933338463117,0.905117091595,00:00:05,10,50,16,1237612651,threshold_sweep,0.2,0.930555555556,0.783625730994,0.850793650794,134,10,37,332,0.783625730994,0.970760233918,0.0292397660819,0.216374269006,0.930555555556,0.783625730994,0.850793650794,0.908382066277,0.573099415205,0.785388127854,0.79142593687,0.754385964912,342,171,171,0,342,0,171,0,171,37,342,0.256756756757,1.72528881811,18.4864864865,15.5454545455,9.77142857143,5.36771015539,0.290358590277,0.142642642643,9.50849154237,1.02869645341,0.544491860281,8.05331334643,0.871264894205,0.461830251304,0.640599570326,0.371299902718,2,1.72528881811,0.640599570326,2,0.344071394247,0.376569037657,810,0.104247104247,0.56957682835,37,37,37,1,0,0.405405405405,0.540540540541,0.0540540540541,37,0.128378378378,1.92751609943,9.24324324324,7.77272727273,4.88571428571,4.66907917049,0.505134296223,0.28323059902,5.95049648419,1.28753432699,0.647384226332,4.29697148745,0.929754064536,0.486170380907,0.909985953586,0.472102906873,3.14516049383,1.92751609943,0.909985953586,3.14516049383,0.0972000266118,0.0334448160535,20,0.002574002574,0.191411862459,37,37,37,1,0,0.405405405405,0.540540540541,0.0540540540541,37,315,0.236486486486,1.99481747799,17.027027027,13.6956521739,8.51351351351,4.34285163923,0.255056366113,0.122265122265,8.15687038848,0.958108585314,0.509995709996,8.22131924268,0.965678768188,0.497983697984,1.01605575571,0.509347730766,3.8453582597,1.99481747799,1.01605575571,3.8453582597,0.237758958146,0.235227272727,414,0.0532818532819,0.52773922844,37,37,37,1,0,0.378378378378,0.621621621622,0,-27,-0.0202702702703,0.269528659873,-1.45945945946,-1.84980237154,-1.25791505792,-1.02485851616,-0.0353022241636,-0.0203775203775,-1.35162115389,-0.0705878681008,-0.0344961502856,0.168005896248,0.0944138739831,0.0361534466798,0.375456185379,0.138047828048,1.8453582597,0.269528659873,0.375456185379,1.8453582597,-0.106312436101,-0.14134176493,-396,-0.0509652509653,-0.0418375999096,-0.027027027027,0.0810810810811,-0.0540540540541,305,10,37,980,0.891812865497,0.989898989899,0.010101010101,0.108187134503,0.968253968254,0.891812865497,0.928462709285,0.906445249536,0.881711855396,0.866477272727,144,171,0,0,0,0
1938,WLNM_dir_neg,0.933338463117,0.905117091595,00:00:05,10,50,16,1237612651,threshold_sweep,0.3,0.930555555556,0.783625730994,0.850793650794,134,10,37,332,0.783625730994,0.970760233918,0.0292397660819,0.216374269006,0.930555555556,0.783625730994,0.850793650794,0.908382066277,0.573099415205,0.785388127854,0.79142593687,0.754385964912,342,171,171,0,342,0,171,0,171,37,342,0.256756756757,1.72528881811,18.4864864865,15.5454545455,9.77142857143,5.36771015539,0.290358590277,0.142642642643,9.50849154237,1.02869645341,0.544491860281,8.05331334643,0.871264894205,0.461830251304,0.640599570326,0.371299902718,2,1.72528881811,0.640599570326,2,0.344071394247,0.376569037657,810,0.104247104247,0.56957682835,37,37,37,1,0,0.405405405405,0.540540540541,0.0540540540541,37,0.128378378378,1.92751609943,9.24324324324,7.77272727273,4.88571428571,4.66907917049,0.505134296223,0.28323059902,5.95049648419,1.28753432699,0.647384226332,4.29697148745,0.929754064536,0.486170380907,0.909985953586,0.472102906873,3.14516049383,1.92751609943,0.909985953586,3.14516049383,0.0972000266118,0.0334448160535,20,0.002574002574,0.191411862459,37,37,37,1,0,0.405405405405,0.540540540541,0.0540540540541,37,315,0.236486486486,1.99481747799,17.027027027,13.6956521739,8.51351351351,4.34285163923,0.255056366113,0.122265122265,8.15687038848,0.958108585314,0.509995709996,8.22131924268,0.965678768188,0.497983697984,1.01605575571,0.509347730766,3.8453582597,1.99481747799,1.01605575571,3.8453582597,0.237758958146,0.235227272727,414,0.0532818532819,0.52773922844,37,37,37,1,0,0.378378378378,0.621621621622,0,-27,-0.0202702702703,0.269528659873,-1.45945945946,-1.84980237154,-1.25791505792,-1.02485851616,-0.0353022241636,-0.0203775203775,-1.35162115389,-0.0705878681008,-0.0344961502856,0.168005896248,0.0944138739831,0.0361534466798,0.375456185379,0.138047828048,1.8453582597,0.269528659873,0.375456185379,1.8453582597,-0.106312436101,-0.14134176493,-396,-0.0509652509653,-0.0418375999096,-0.027027027027,0.0810810810811,-0.0540540540541,305,10,37,980,0.891812865497,0.989898989899,0.010101010101,0.108187134503,0.968253968254,0.891812865497,0.928462709285,0.906445249536,0.881711855396,0.866477272727,144,171,0,0,0,0
1939,WLNM_dir_neg,0.933338463117,0.905117091595,00:00:05,10,50,16,1237612651,threshold_sweep,0.4,0.936170212766,0.771929824561,0.846153846154,132,9,39,333,0.771929824561,0.973684210526,0.0263157894737,0.228070175439,0.936170212766,0.771929824561,0.846153846154,0.906432748538,0.575048732943,0.779816513761,0.787307078917,0.745614035088,342,171,171,0,342,0,171,0,171,37,342,0.256756756757,1.72528881811,18.4864864865,15.5454545455,9.77142857143,5.36771015539,0.290358590277,0.142642642643,9.50849154237,1.02869645341,0.544491860281,8.05331334643,0.871264894205,0.461830251304,0.640599570326,0.371299902718,2,1.72528881811,0.640599570326,2,0.344071394247,0.376569037657,810,0.104247104247,0.56957682835,37,37,37,1,0,0.405405405405,0.540540540541,0.0540540540541,37,0.128378378378,1.92751609943,9.24324324324,7.77272727273,4.88571428571,4.66907917049,0.505134296223,0.28323059902,5.95049648419,1.28753432699,0.647384226332,4.29697148745,0.929754064536,0.486170380907,0.909985953586,0.472102906873,3.14516049383,1.92751609943,0.909985953586,3.14516049383,0.0972000266118,0.0334448160535,20,0.002574002574,0.191411862459,37,37,37,1,0,0.405405405405,0.540540540541,0.0540540540541,37,312,0.234234234234,1.99492545253,16.8648648649,13.5652173913,8.43243243243,4.34717125242,0.257764962083,0.125606375606,8.09506207697,0.959991336051,0.512474012474,8.17360433394,0.969305642166,0.500693000693,1.01613261198,0.50935868841,3.84567716933,1.99492545253,1.01613261198,3.84567716933,0.231837999392,0.226895620297,392,0.0504504504505,0.522196830618,37,37,37,1,0,0.378378378378,0.621621621622,0,-30,-0.0225225225225,0.269636634417,-1.62162162162,-1.98023715415,-1.338996139,-1.02053890297,-0.0325936281943,-0.0170362670363,-1.4134294654,-0.0687051173636,-0.0320178478073,0.120290987506,0.0980407479611,0.0388627493891,0.37553304165,0.138058785692,1.84567716933,0.269636634417,0.37553304165,1.84567716933,-0.112233394855,-0.14967341736,-418,-0.0537966537967,-0.0473799977315,-0.027027027027,0.0810810810811,-0.0540540540541,303,9,39,981,0.885964912281,0.990909090909,0.00909090909091,0.114035087719,0.971153846154,0.885964912281,0.926605504587,0.904462285214,0.87687400319,0.863247863248,141,171,0,0,0,0
1940,WLNM_dir_neg,0.933338463117,0.905117091595,00:00:05,10,50,16,1237612651,threshold_sweep,0.5,0.936170212766,0.771929824561,0.846153846154,132,9,39,333,0.771929824561,0.973684210526,0.0263157894737,0.228070175439,0.936170212766,0.771929824561,0.846153846154,0.906432748538,0.575048732943,0.779816513761,0.787307078917,0.745614035088,342,171,171,0,342,0,171,0,171,37,342,0.256756756757,1.72528881811,18.4864864865,15.5454545455,9.77142857143,5.36771015539,0.290358590277,0.142642642643,9.50849154237,1.02869645341,0.544491860281,8.05331334643,0.871264894205,0.461830251304,0.640599570326,0.371299902718,2,1.72528881811,0.640599570326,2,0.344071394247,0.376569037657,810,0.104247104247,0.56957682835,37,37,37,1,0,0.405405405405,0.540540540541,0.0540540540541,37,0.128378378378,1.92751609943,9.24324324324,7.77272727273,4.88571428571,4.66907917049,0.505134296223,0.28323059902,5.95049648419,1.28753432699,0.647384226332,4.29697148745,0.929754064536,0.486170380907,0.909985953586,0.472102906873,3.14516049383,1.92751609943,0.909985953586,3.14516049383,0.0972000266118,0.0334448160535,20,0.002574002574,0.191411862459,37,37,37,1,0,0.405405405405,0.540540540541,0.0540540540541,37,312,0.234234234234,1.99492545253,16.8648648649,13.5652173913,8.43243243243,4.34717125242,0.257764962083,0.125606375606,8.09506207697,0.959991336051,0.512474012474,8.17360433394,0.969305642166,0.500693000693,1.01613261198,0.50935868841,3.84567716933,1.99492545253,1.01613261198,3.84567716933,0.231837999392,0.226895620297,392,0.0504504504505,0.522196830618,37,37,37,1,0,0.378378378378,0.621621621622,0,-30,-0.0225225225225,0.269636634417,-1.62162162162,-1.98023715415,-1.338996139,-1.02053890297,-0.0325936281943,-0.0170362670363,-1.4134294654,-0.0687051173636,-0.0320178478073,0.120290987506,0.0980407479611,0.0388627493891,0.37553304165,0.138058785692,1.84567716933,0.269636634417,0.37553304165,1.84567716933,-0.112233394855,-0.14967341736,-418,-0.0537966537967,-0.0473799977315,-0.027027027027,0.0810810810811,-0.0540540540541,303,9,39,981,0.885964912281,0.990909090909,0.00909090909091,0.114035087719,0.971153846154,0.885964912281,0.926605504587,0.904462285214,0.87687400319,0.863247863248,141,171,0,0,0,0
1941,WLNM_dir_neg,0.933338463117,0.905117091595,00:00:05,10,50,16,1237612651,threshold_sweep,0.6,0.935714285714,0.766081871345,0.842443729904,131,9,40,333,0.766081871345,0.973684210526,0.0263157894737,0.233918128655,0.935714285714,0.766081871345,0.842443729904,0.904483430799,0.575698505523,0.774885145482,0.782865382798,0.739766081871,342,171,171,0,342,0,171,0,171,37,342,0.256756756757,1.72528881811,18.4864864865,15.5454545455,9.77142857143,5.36771015539,0.290358590277,0.142642642643,9.50849154237,1.02869645341,0.544491860281,8.05331334643,0.871264894205,0.461830251304,0.640599570326,0.371299902718,2,1.72528881811,0.640599570326,2,0.344071394247,0.376569037657,810,0.104247104247,0.56957682835,37,37,37,1,0,0.405405405405,0.540540540541,0.0540540540541,37,0.128378378378,1.92751609943,9.24324324324,7.77272727273,4.88571428571,4.66907917049,0.505134296223,0.28323059902,5.95049648419,1.28753432699,0.647384226332,4.29697148745,0.929754064536,0.486170380907,0.909985953586,0.472102906873,3.14516049383,1.92751609943,0.909985953586,3.14516049383,0.0972000266118,0.0334448160535,20,0.002574002574,0.191411862459,37,37,37,1,0,0.405405405405,0.540540540541,0.0540540540541,37,311,0.233483483483,1.9926873827,16.8108108108,13.5217391304,8.40540540541,4.35786541681,0.259229936369,0.126010254628,8.08448259686,0.961819472938,0.514121838881,8.18691184303,0.974005589042,0.50178152429,1.01526141375,0.50949357263,3.84516368295,1.9926873827,1.01526141375,3.84516368295,0.227992000283,0.222437888199,382,0.0491634491634,0.523072907149,37,37,37,1,0,0.378378378378,0.621621621622,0,-31,-0.0232732732733,0.267398564589,-1.67567567568,-2.02371541502,-1.36602316602,-1.00984473859,-0.0311286539077,-0.016632388015,-1.42400894552,-0.066876980477,-0.0303700214007,0.133598496595,0.102740694837,0.0399512729856,0.374661843423,0.138193669913,1.84516368295,0.267398564589,0.374661843423,1.84516368295,-0.116079393964,-0.154131149458,-428,-0.0550836550837,-0.0465039212009,-0.027027027027,0.0810810810811,-0.0540540540541,302,9,40,981,0.883040935673,0.990909090909,0.00909090909091,0.116959064327,0.971061093248,0.883040935673,0.924961715161,0.902452151543,0.873950026582,0.860398860399,140,171,0,0,0,0
1942,WLNM_dir_neg,0.933338463117,0.905117091595,00:00:05,10,50,16,1237612651,threshold_sweep,0.7,0.93893129771,0.719298245614,0.814569536424,123,8,48,334,0.719298245614,0.976608187135,0.0233918128655,0.280701754386,0.93893129771,0.719298245614,0.814569536424,0.890838206628,0.581546458739,0.739130434783,0.75230618085,0.695906432749,342,171,171,0,342,0,171,0,171,37,342,0.256756756757,1.72528881811,18.4864864865,15.5454545455,9.77142857143,5.36771015539,0.290358590277,0.142642642643,9.50849154237,1.02869645341,0.544491860281,8.05331334643,0.871264894205,0.461830251304,0.640599570326,0.371299902718,2,1.72528881811,0.640599570326,2,0.344071394247,0.376569037657,810,0.104247104247,0.56957682835,37,37,37,1,0,0.405405405405,0.540540540541,0.0540540540541,37,0.128378378378,1.92751609943,9.24324324324,7.77272727273,4.88571428571,4.66907917049,0.505134296223,0.28323059902,5.95049648419,1.28753432699,0.647384226332,4.29697148745,0.929754064536,0.486170380907,0.909985953586,0.472102906873,3.14516049383,1.92751609943,0.909985953586,3.14516049383,0.0972000266118,0.0334448160535,20,0.002574002574,0.191411862459,37,37,37,1,0,0.405405405405,0.540540540541,0.0540540540541,37,302,0.226726726727,2.01255039025,16.3243243243,13.1304347826,8.16216216216,4.6669884059,0.285891673871,0.134777161267,8.08466832108,0.990505721457,0.526758546626,7.92854727311,0.971378308294,0.499910506533,1.02915750886,0.511369809095,3.85003008902,2.01255039025,1.02915750886,3.85003008902,0.229670953169,0.210054956239,344,0.0442728442728,0.492901474508,37,37,37,1,0,0.378378378378,0.621621621622,0,-40,-0.03003003003,0.287261572139,-2.16216216216,-2.41501976285,-1.60926640927,-0.700721749496,-0.00446691640592,-0.00786548137542,-1.4238232213,-0.0381907319581,-0.0177333136552,-0.124766073329,0.100113414089,0.0380802552291,0.388557938531,0.140069906377,1.85003008902,0.287261572139,0.388557938531,1.85003008902,-0.114400441078,-0.166514081418,-466,-0.0599742599743,-0.0766753538418,-0.027027027027,0.0810810810811,-0.0540540540541,294,8,48,982,0.859649122807,0.991919191919,0.00808080808081,0.140350877193,0.973509933775,0.859649122807,0.913043478261,0.888439911686,0.851568314726,0.84,131,171,0,0,0,0
1943,WLNM_dir_neg,0.933338463117,0.905117091595,00:00:05,10,50,16,1237612651,threshold_sweep,0.8,0.953125,0.713450292398,0.816053511706,122,6,49,336,0.713450292398,0.982456140351,0.0175438596491,0.286549707602,0.953125,0.713450292398,0.816053511706,0.892787524366,0.583495776478,0.742589703588,0.758100197263,0.695906432749,342,171,171,0,342,0,171,0,171,37,342,0.256756756757,1.72528881811,18.4864864865,15.5454545455,9.77142857143,5.36771015539,0.290358590277,0.142642642643,9.50849154237,1.02869645341,0.544491860281,8.05331334643,0.871264894205,0.461830251304,0.640599570326,0.371299902718,2,1.72528881811,0.640599570326,2,0.344071394247,0.376569037657,810,0.104247104247,0.56957682835,37,37,37,1,0,0.405405405405,0.540540540541,0.0540540540541,37,0.128378378378,1.92751609943,9.24324324324,7.77272727273,4.88571428571,4.66907917049,0.505134296223,0.28323059902,5.95049648419,1.28753432699,0.647384226332,4.29697148745,0.929754064536,0.486170380907,0.909985953586,0.472102906873,3.14516049383,1.92751609943,0.909985953586,3.14516049383,0.0972000266118,0.0334448160535,20,0.002574002574,0.191411862459,37,37,37,1,0,0.405405405405,0.540540540541,0.0540540540541,37,299,0.224474474474,1.92489455912,16.1621621622,13,8.08108108108,4.78140793719,0.295839621532,0.139021965109,8.04977010844,0.996125398035,0.528066528067,7.9769751242,0.987117323062,0.504383982645,0.878778862357,0.456533506313,3.14870151866,1.92489455912,0.878778862357,3.14870151866,0.226072695469,0.20958819914,341,0.0438867438867,0.496431294027,37,37,37,1,0,0.378378378378,0.621621621622,0,-43,-0.0322822822823,0.199605741001,-2.32432432432,-2.54545454545,-1.69034749035,-0.586302218199,0.00548103125495,-0.00362067753372,-1.45872143393,-0.0325710553799,-0.0164253322148,-0.0763382222326,0.115852428857,0.0425537313409,0.238179292031,0.0852336035956,1.14870151866,0.199605741001,0.238179292031,1.14870151866,-0.117998698778,-0.166980838517,-469,-0.0603603603604,-0.073145534323,-0.027027027027,0.0810810810811,-0.0540540540541,293,6,49,984,0.856725146199,0.993939393939,0.00606060606061,0.143274853801,0.979933110368,0.856725146199,0.914196567863,0.890642110263,0.850664540138,0.841954022989,128,171,0,0,0,0
1944,WLNM_dir_neg,0.933338463117,0.905117091595,00:00:05,10,50,16,1237612651,threshold_sweep,0.9,0.960317460317,0.707602339181,0.814814814815,121,5,50,337,0.707602339181,0.985380116959,0.0146198830409,0.292397660819,0.960317460317,0.707602339181,0.814814814815,0.892787524366,0.584795321637,0.741784037559,0.758914049977,0.69298245614,342,171,171,0,342,0,171,0,171,37,342,0.256756756757,1.72528881811,18.4864864865,15.5454545455,9.77142857143,5.36771015539,0.290358590277,0.142642642643,9.50849154237,1.02869645341,0.544491860281,8.05331334643,0.871264894205,0.461830251304,0.640599570326,0.371299902718,2,1.72528881811,0.640599570326,2,0.344071394247,0.376569037657,810,0.104247104247,0.56957682835,37,37,37,1,0,0.405405405405,0.540540540541,0.0540540540541,37,0.128378378378,1.92751609943,9.24324324324,7.77272727273,4.88571428571,4.66907917049,0.505134296223,0.28323059902,5.95049648419,1.28753432699,0.647384226332,4.29697148745,0.929754064536,0.486170380907,0.909985953586,0.472102906873,3.14516049383,1.92751609943,0.909985953586,3.14516049383,0.0972000266118,0.0334448160535,20,0.002574002574,0.191411862459,37,37,37,1,0,0.405405405405,0.540540540541,0.0540540540541,37,297,0.222972972973,1.93946682321,16.0540540541,12.9130434783,8.02702702703,4.76063689685,0.296537988524,0.13741013741,8.01902767203,0.999003447357,0.528528528529,7.9564316628,0.991205291325,0.504140504141,0.906258642158,0.467272051944,3.14987237641,1.93946682321,0.906258642158,3.14987237641,0.214005493703,0.200581395349,322,0.0414414414414,0.493941587042,37,37,37,1,0,0.378378378378,0.621621621622,0,-45,-0.0337837837838,0.214178005096,-2.43243243243,-2.63241106719,-1.7444015444,-0.607073258542,0.0061793982473,-0.00523250523251,-1.48946387034,-0.0296930060574,-0.0159633317528,-0.0968816836343,0.11994039712,0.0423102528366,0.265659071832,0.0959721492258,1.14987237641,0.214178005096,0.265659071832,1.14987237641,-0.130065900544,-0.175987642308,-488,-0.0628056628057,-0.0756352413084,-0.027027027027,0.0810810810811,-0.0540540540541,292,5,50,985,0.853801169591,0.994949494949,0.00505050505051,0.146198830409,0.983164983165,0.853801169591,0.91392801252,0.890763428331,0.84875066454,0.841498559078,126,171,0,0,0,0
1945,WLNM_dir_neg,0.93341540987,0.822003481881,00:00:05,10,50,17,1237612652,threshold_sweep,0.1,0.913043478261,0.736842105263,0.815533980583,126,12,45,330,0.736842105263,0.964912280702,0.0350877192982,0.263157894737,0.913043478261,0.736842105263,0.815533980583,0.888888888889,0.576998050682,0.73732718894,0.746003846592,0.701754385965,342,171,171,0,342,0,171,0,171,37,342,0.256756756757,1.72528881811,18.4864864865,15.5454545455,9.77142857143,5.36771015539,0.290358590277,0.142642642643,9.50849154237,1.02869645341,0.544491860281,8.05331334643,0.871264894205,0.461830251304,0.640599570326,0.371299902718,2,1.72528881811,0.640599570326,2,0.344071394247,0.376569037657,810,0.104247104247,0.56957682835,37,37,37,1,0,0.405405405405,0.540540540541,0.0540540540541,37,0.128378378378,1.93865251615,9.24324324324,7.77272727273,4.88571428571,4.7923863541,0.518474547081,0.289710763395,5.92710980417,1.28247405119,0.645487592856,4.25147916319,0.91991069613,0.48079658606,0.923523329437,0.476373832723,3.2051010101,1.93865251615,0.923523329437,3.2051010101,0.0946728814376,0.0347107438017,21,0.0027027027027,0.189889121518,37,37,37,1,0,0.405405405405,0.540540540541,0.0540540540541,37,309,0.231981981982,1,16.7027027027,13.4347826087,8.35135135135,5.2167724423,0.312331036189,0.156127000787,8.60302342273,1.03013549075,0.547187964664,7.32657346095,0.877291967816,0.464270095338,0,0,0,NaN,NaN,NaN,0.321817752979,0.29813302217,511,0.0657657657658,0.446170730856,37,37,0,1,2,0.378378378378,0.621621621622,0,-33,-0.0247747747748,-0.725288818115,-1.78378378378,-2.11067193676,-1.42007722008,-0.150937713096,0.0219724459122,0.0134843581446,-0.905468119646,0.0014390373326,0.00269610438236,-0.726739885485,0.006027073611,0.00243984403412,-0.640599570326,-0.371299902718,-2,NaN,NaN,NaN,-0.022253641268,-0.0784360154865,-299,-0.0384813384813,-0.123406097494,-0.027027027027,0.0810810810811,-0.0540540540541,297,12,45,978,0.868421052632,0.987878787879,0.0121212121212,0.131578947368,0.961165048544,0.868421052632,0.912442396313,0.886215735226,0.85629984051,0.838983050847,138,171,0,0,0,0
1946,WLNM_dir_neg,0.93341540987,0.822003481881,00:00:05,10,50,17,1237612652,threshold_sweep,0.2,0.918518518519,0.72514619883,0.81045751634,124,11,47,331,0.72514619883,0.96783625731,0.0321637426901,0.27485380117,0.918518518519,0.72514619883,0.81045751634,0.88693957115,0.578947368421,0.731481481481,0.741857623595,0.69298245614,342,171,171,0,342,0,171,0,171,37,342,0.256756756757,1.72528881811,18.4864864865,15.5454545455,9.77142857143,5.36771015539,0.290358590277,0.142642642643,9.50849154237,1.02869645341,0.544491860281,8.05331334643,0.871264894205,0.461830251304,0.640599570326,0.371299902718,2,1.72528881811,0.640599570326,2,0.344071394247,0.376569037657,810,0.104247104247,0.56957682835,37,37,37,1,0,0.405405405405,0.540540540541,0.0540540540541,37,0.128378378378,1.93865251615,9.24324324324,7.77272727273,4.88571428571,4.7923863541,0.518474547081,0.289710763395,5.92710980417,1.28247405119,0.645487592856,4.25147916319,0.91991069613,0.48079658606,0.923523329437,0.476373832723,3.2051010101,1.93865251615,0.923523329437,3.2051010101,0.0946728814376,0.0347107438017,21,0.0027027027027,0.189889121518,37,37,37,1,0,0.405405405405,0.540540540541,0.0540540540541,37,306,0.22972972973,1,16.5405405405,13.3043478261,8.27027027027,5.22065659235,0.315627931237,0.158452570217,8.52658798716,1.03099266511,0.547783077195,7.33578992432,0.887007278431,0.468645115704,0,0,0,NaN,NaN,NaN,0.311460446566,0.291567695962,491,0.0631917631918,0.44641017325,37,37,0,1,2,0.378378378378,0.621621621622,0,-36,-0.027027027027,-0.725288818115,-1.94594594595,-2.24110671937,-1.50115830116,-0.147053563043,0.0252693409598,0.0158099275746,-0.981903555219,0.00229621169875,0.00329121691351,-0.71752342211,0.0157423842265,0.0068148644,-0.640599570326,-0.371299902718,-2,NaN,NaN,NaN,-0.0326109476813,-0.0850013416949,-319,-0.0410553410553,-0.1231666551,-0.027027027027,0.0810810810811,-0.0540540540541,295,11,47,979,0.862573099415,0.988888888889,0.0111111111111,0.137426900585,0.964052287582,0.862573099415,0.91049382716,0.884222417499,0.851461988304,0.835694050992,135,171,0,0,0,0
1947,WLNM_dir_neg,0.93341540987,0.822003481881,00:00:05,10,50,17,1237612652,threshold_sweep,0.3,0.915254237288,0.631578947368,0.747404844291,108,10,63,332,0.631578947368,0.970760233918,0.0292397660819,0.368421052632,0.915254237288,0.631578947368,0.747404844291,0.857699805068,0.589993502274,0.6529318542,0.674703046395,0.602339181287,342,171,171,0,342,0,171,0,171,37,342,0.256756756757,1.72528881811,18.4864864865,15.5454545455,9.77142857143,5.36771015539,0.290358590277,0.142642642643,9.50849154237,1.02869645341,0.544491860281,8.05331334643,0.871264894205,0.461830251304,0.640599570326,0.371299902718,2,1.72528881811,0.640599570326,2,0.344071394247,0.376569037657,810,0.104247104247,0.56957682835,37,37,37,1,0,0.405405405405,0.540540540541,0.0540540540541,37,0.128378378378,1.93865251615,9.24324324324,7.77272727273,4.88571428571,4.7923863541,0.518474547081,0.289710763395,5.92710980417,1.28247405119,0.645487592856,4.25147916319,0.91991069613,0.48079658606,0.923523329437,0.476373832723,3.2051010101,1.93865251615,0.923523329437,3.2051010101,0.0946728814376,0.0347107438017,21,0.0027027027027,0.189889121518,37,37,37,1,0,0.405405405405,0.540540540541,0.0540540540541,37,289,0.216966966967,1,15.6216216216,12.5652173913,7.81081081081,4.99083243642,0.319482353196,0.161601047414,8.0029086304,1.02459383849,0.542972037782,7.00332396413,0.896619331048,0.47451603853,0,0,0,NaN,NaN,NaN,0.255047732075,0.260666666667,391,0.0503217503218,0.414892949161,37,37,0,1,2,0.378378378378,0.621621621622,0,-53,-0.0397897897898,-0.725288818115,-2.86486486486,-2.98023715415,-1.96061776062,-0.376877718975,0.0291237629192,0.0189584047716,-1.50558291197,-0.00410261492056,-0.00151982249961,-1.04998938231,0.0253544368428,0.0126857872259,-0.640599570326,-0.371299902718,-2,NaN,NaN,NaN,-0.0890236621725,-0.11590237099,-419,-0.0539253539254,-0.154683879189,-0.027027027027,0.0810810810811,-0.0540540540541,279,10,63,980,0.815789473684,0.989898989899,0.010101010101,0.184210526316,0.965397923875,0.815789473684,0.884310618067,0.853899422597,0.805688463583,0.792613636364,118,171,0,0,0,0
1948,WLNM_dir_neg,0.93341540987,0.822003481881,00:00:05,10,50,17,1237612652,threshold_sweep,0.4,0.922413793103,0.625730994152,0.745644599303,107,9,64,333,0.625730994152,0.973684210526,0.0263157894737,0.374269005848,0.922413793103,0.625730994152,0.745644599303,0.857699805068,0.591293047433,0.651828298887,0.675483298161,0.599415204678,342,171,171,0,342,0,171,0,171,37,342,0.256756756757,1.72528881811,18.4864864865,15.5454545455,9.77142857143,5.36771015539,0.290358590277,0.142642642643,9.50849154237,1.02869645341,0.544491860281,8.05331334643,0.871264894205,0.461830251304,0.640599570326,0.371299902718,2,1.72528881811,0.640599570326,2,0.344071394247,0.376569037657,810,0.104247104247,0.56957682835,37,37,37,1,0,0.405405405405,0.540540540541,0.0540540540541,37,0.128378378378,1.93865251615,9.24324324324,7.77272727273,4.88571428571,4.7923863541,0.518474547081,0.289710763395,5.92710980417,1.28247405119,0.645487592856,4.25147916319,0.91991069613,0.48079658606,0.923523329437,0.476373832723,3.2051010101,1.93865251615,0.923523329437,3.2051010101,0.0946728814376,0.0347107438017,21,0.0027027027027,0.189889121518,37,37,37,1,0,0.405405405405,0.540540540541,0.0540540540541,37,287,0.215465465465,1,15.5135135135,12.4782608696,7.97222222222,5.00900090738,0.32287984943,0.162633016292,8.0118155988,1.03288215037,0.546567473397,7.04511416754,0.908255136581,0.481212920237,0,0,0,NaN,NaN,NaN,0.252908573164,0.257200720072,381,0.0490347490347,0.41520547936,37,37,0,1,2,0.378378378378,0.594594594595,0.027027027027,-55,-0.0412912912913,-0.725288818115,-2.97297297297,-3.06719367589,-1.79920634921,-0.358709248018,0.032521259153,0.0199903736489,-1.49667594357,0.00418569695325,0.00207561311541,-1.0081991789,0.0369902423766,0.0193826689334,-0.640599570326,-0.371299902718,-2,NaN,NaN,NaN,-0.0911628210838,-0.119368317585,-429,-0.0552123552124,-0.15437134899,-0.027027027027,0.0540540540541,-0.027027027027,278,9,64,981,0.812865497076,0.990909090909,0.00909090909091,0.187134502924,0.968641114983,0.812865497076,0.883942766296,0.854015647896,0.803774587985,0.792022792023,116,171,0,0,0,0
1949,WLNM_dir_neg,0.93341540987,0.822003481881,00:00:05,10,50,17,1237612652,threshold_sweep,0.5,0.922413793103,0.625730994152,0.745644599303,107,9,64,333,0.625730994152,0.973684210526,0.0263157894737,0.374269005848,0.922413793103,0.625730994152,0.745644599303,0.857699805068,0.591293047433,0.651828298887,0.675483298161,0.599415204678,342,171,171,0,342,0,171,0,171,37,342,0.256756756757,1.72528881811,18.4864864865,15.5454545455,9.77142857143,5.36771015539,0.290358590277,0.142642642643,9.50849154237,1.02869645341,0.544491860281,8.05331334643,0.871264894205,0.461830251304,0.640599570326,0.371299902718,2,1.72528881811,0.640599570326,2,0.344071394247,0.376569037657,810,0.104247104247,0.56957682835,37,37,37,1,0,0.405405405405,0.540540540541,0.0540540540541,37,0.128378378378,1.93865251615,9.24324324324,7.77272727273,4.88571428571,4.7923863541,0.518474547081,0.289710763395,5.92710980417,1.28247405119,0.645487592856,4.25147916319,0.91991069613,0.48079658606,0.923523329437,0.476373832723,3.2051010101,1.93865251615,0.923523329437,3.2051010101,0.0946728814376,0.0347107438017,21,0.0027027027027,0.189889121518,37,37,37,1,0,0.405405405405,0.540540540541,0.0540540540541,37,287,0.215465465465,1,15.5135135135,12.4782608696,7.97222222222,5.00900090738,0.32287984943,0.162633016292,8.0118155988,1.03288215037,0.546567473397,7.04511416754,0.908255136581,0.481212920237,0,0,0,NaN,NaN,NaN,0.252908573164,0.257200720072,381,0.0490347490347,0.41520547936,37,37,0,1,2,0.378378378378,0.594594594595,0.027027027027,-55,-0.0412912912913,-0.725288818115,-2.97297297297,-3.06719367589,-1.79920634921,-0.358709248018,0.032521259153,0.0199903736489,-1.49667594357,0.00418569695325,0.00207561311541,-1.0081991789,0.0369902423766,0.0193826689334,-0.640599570326,-0.371299902718,-2,NaN,NaN,NaN,-0.0911628210838,-0.119368317585,-429,-0.0552123552124,-0.15437134899,-0.027027027027,0.0540540540541,-0.027027027027,278,9,64,981,0.812865497076,0.990909090909,0.00909090909091,0.187134502924,0.968641114983,0.812865497076,0.883942766296,0.854015647896,0.803774587985,0.792022792023,116,171,0,0,0,0
1950,WLNM_dir_neg,0.93341540987,0.822003481881,00:00:05,10,50,17,1237612652,threshold_sweep,0.6,0.929203539823,0.614035087719,0.739436619718,105,8,66,334,0.614035087719,0.976608187135,0.0233918128655,0.385964912281,0.929203539823,0.614035087719,0.739436619718,0.855750487329,0.593242365172,0.645367412141,0.67184200629,0.590643274854,342,171,171,0,342,0,171,0,171,37,342,0.256756756757,1.72528881811,18.4864864865,15.5454545455,9.77142857143,5.36771015539,0.290358590277,0.142642642643,9.50849154237,1.02869645341,0.544491860281,8.05331334643,0.871264894205,0.461830251304,0.640599570326,0.371299902718,2,1.72528881811,0.640599570326,2,0.344071394247,0.376569037657,810,0.104247104247,0.56957682835,37,37,37,1,0,0.405405405405,0.540540540541,0.0540540540541,37,0.128378378378,1.93865251615,9.24324324324,7.77272727273,4.88571428571,4.7923863541,0.518474547081,0.289710763395,5.92710980417,1.28247405119,0.645487592856,4.25147916319,0.91991069613,0.48079658606,0.923523329437,0.476373832723,3.2051010101,1.93865251615,0.923523329437,3.2051010101,0.0946728814376,0.0347107438017,21,0.0027027027027,0.189889121518,37,37,37,1,0,0.405405405405,0.540540540541,0.0540540540541,37,284,0.213213213213,1,15.3513513514,12.347826087,7.88888888889,4.99564374795,0.325420455412,0.165017129806,7.93044083843,1.03319123599,0.547202131709,7.04372870816,0.917668880992,0.4847735059,0,0,0,NaN,NaN,NaN,0.257940199477,0.257785860423,378,0.0486486486486,0.41451217621,37,37,0,1,2,0.378378378378,0.594594594595,0.027027027027,-58,-0.0435435435435,-0.725288818115,-3.13513513514,-3.1976284585,-1.88253968254,-0.372066407441,0.0350618651353,0.0223744871632,-1.57805070394,0.00449478257827,0.00271027142784,-1.00958463828,0.0464039867874,0.0229432545963,-0.640599570326,-0.371299902718,-2,NaN,NaN,NaN,-0.0861311947707,-0.118783177234,-432,-0.0555984555985,-0.15506465214,-0.027027027027,0.0540540540541,-0.027027027027,276,8,66,982,0.80701754386,0.991919191919,0.00808080808081,0.19298245614,0.971830985915,0.80701754386,0.88178913738,0.852124848554,0.798936735779,0.788571428571,113,171,0,0,0,0
1951,WLNM_dir_neg,0.93341540987,0.822003481881,00:00:05,10,50,17,1237612652,threshold_sweep,0.7,0.918367346939,0.526315789474,0.669144981413,90,8,81,334,0.526315789474,0.976608187135,0.0233918128655,0.473684210526,0.918367346939,0.526315789474,0.669144981413,0.826510721248,0.602988953866,0.563011456628,0.603081995085,0.502923976608,342,171,171,0,342,0,171,0,171,37,342,0.256756756757,1.72528881811,18.4864864865,15.5454545455,9.77142857143,5.36771015539,0.290358590277,0.142642642643,9.50849154237,1.02869645341,0.544491860281,8.05331334643,0.871264894205,0.461830251304,0.640599570326,0.371299902718,2,1.72528881811,0.640599570326,2,0.344071394247,0.376569037657,810,0.104247104247,0.56957682835,37,37,37,1,0,0.405405405405,0.540540540541,0.0540540540541,37,0.128378378378,1.93865251615,9.24324324324,7.77272727273,4.88571428571,4.7923863541,0.518474547081,0.289710763395,5.92710980417,1.28247405119,0.645487592856,4.25147916319,0.91991069613,0.48079658606,0.923523329437,0.476373832723,3.2051010101,1.93865251615,0.923523329437,3.2051010101,0.0946728814376,0.0347107438017,21,0.0027027027027,0.189889121518,37,37,37,1,0,0.405405405405,0.540540540541,0.0540540540541,37,269,0.201951951952,1,14.5405405405,11.6956521739,7.47222222222,4.6523267452,0.319955556826,0.164071134331,7.38108938304,1.01524277759,0.537526373958,6.53897990961,0.899413593515,0.478247764493,0,0,0,NaN,NaN,NaN,0.207998653681,0.204806954743,267,0.0343629343629,0.380052187952,37,37,0,1,2,0.378378378378,0.594594594595,0.027027027027,-73,-0.0548048048048,-0.725288818115,-3.94594594595,-3.84980237154,-2.29920634921,-0.715383410189,0.0295969665492,0.0214284916887,-2.12740215933,-0.0134536758214,-0.00696548632373,-1.51433343683,0.02814869931,0.0164175131892,-0.640599570326,-0.371299902718,-2,NaN,NaN,NaN,-0.136072740566,-0.171762082914,-543,-0.0698841698842,-0.189524640398,-0.027027027027,0.0540540540541,-0.027027027027,261,8,81,982,0.763157894737,0.991919191919,0.00808080808081,0.236842105263,0.970260223048,0.763157894737,0.854337152209,0.821635451225,0.755077086656,0.745714285714,98,171,0,0,0,0
1952,WLNM_dir_neg,0.93341540987,0.822003481881,00:00:05,10,50,17,1237612652,threshold_sweep,0.8,0.898734177215,0.415204678363,0.568,71,8,100,334,0.415204678363,0.976608187135,0.0233918128655,0.584795321637,0.898734177215,0.415204678363,0.568,0.789473684211,0.615334632878,0.452702702703,0.511718820446,0.391812865497,342,171,171,0,342,0,171,0,171,37,342,0.256756756757,1.72528881811,18.4864864865,15.5454545455,9.77142857143,5.36771015539,0.290358590277,0.142642642643,9.50849154237,1.02869645341,0.544491860281,8.05331334643,0.871264894205,0.461830251304,0.640599570326,0.371299902718,2,1.72528881811,0.640599570326,2,0.344071394247,0.376569037657,810,0.104247104247,0.56957682835,37,37,37,1,0,0.405405405405,0.540540540541,0.0540540540541,37,0.128378378378,1.93865251615,9.24324324324,7.77272727273,4.88571428571,4.7923863541,0.518474547081,0.289710763395,5.92710980417,1.28247405119,0.645487592856,4.25147916319,0.91991069613,0.48079658606,0.923523329437,0.476373832723,3.2051010101,1.93865251615,0.923523329437,3.2051010101,0.0946728814376,0.0347107438017,21,0.0027027027027,0.189889121518,37,37,37,1,0,0.405405405405,0.540540540541,0.0540540540541,37,250,0.187687687688,1,13.5135135135,10.8695652174,6.94444444444,5.00900090738,0.370666067146,0.19372972973,7.28165657818,1.07768517357,0.567351351351,5.95541492819,0.881401409373,0.464648648649,0,0,0,NaN,NaN,NaN,0.203473719021,0.185014409222,214,0.0275418275418,0.32522938295,37,37,0,1,2,0.378378378378,0.594594594595,0.027027027027,-92,-0.0690690690691,-0.725288818115,-4.97297297297,-4.67588932806,-2.82698412698,-0.358709248018,0.0803074768687,0.0510870870871,-2.2268349642,0.0489887201555,0.02285949107,-2.09789841824,0.010136515168,0.00281839734471,-0.640599570326,-0.371299902718,-2,NaN,NaN,NaN,-0.140597675227,-0.191554628435,-596,-0.0767052767053,-0.2443474454,-0.027027027027,0.0540540540541,-0.027027027027,242,8,100,982,0.707602339181,0.991919191919,0.00808080808081,0.292397660819,0.968,0.707602339181,0.817567567568,0.782614882077,0.6995215311,0.691428571429,79,171,0,0,0,0
1953,WLNM_dir_neg,0.93341540987,0.822003481881,00:00:05,10,50,17,1237612652,threshold_sweep,0.9,0.921052631579,0.409356725146,0.566801619433,70,6,101,336,0.409356725146,0.982456140351,0.0175438596491,0.590643274854,0.921052631579,0.409356725146,0.566801619433,0.791423001949,0.617283950617,0.455008488964,0.51992689802,0.391812865497,342,171,171,0,342,0,171,0,171,37,342,0.256756756757,1.72528881811,18.4864864865,15.5454545455,9.77142857143,5.36771015539,0.290358590277,0.142642642643,9.50849154237,1.02869645341,0.544491860281,8.05331334643,0.871264894205,0.461830251304,0.640599570326,0.371299902718,2,1.72528881811,0.640599570326,2,0.344071394247,0.376569037657,810,0.104247104247,0.56957682835,37,37,37,1,0,0.405405405405,0.540540540541,0.0540540540541,37,0.128378378378,1.93865251615,9.24324324324,7.77272727273,4.88571428571,4.7923863541,0.518474547081,0.289710763395,5.92710980417,1.28247405119,0.645487592856,4.25147916319,0.91991069613,0.48079658606,0.923523329437,0.476373832723,3.2051010101,1.93865251615,0.923523329437,3.2051010101,0.0946728814376,0.0347107438017,21,0.0027027027027,0.189889121518,37,37,37,1,0,0.405405405405,0.540540540541,0.0540540540541,37,247,0.185435435435,1,13.3513513514,10.7391304348,6.86111111111,5.02336881328,0.376244222857,0.195754458912,7.22670223721,1.08254244039,0.568990042674,6.0233529517,0.902283640538,0.474669000985,0,0,0,NaN,NaN,NaN,0.213177306985,0.173977038563,197,0.0253539253539,0.326938263147,37,37,0,1,2,0.378378378378,0.594594594595,0.027027027027,-95,-0.0713213213213,-0.725288818115,-5.13513513514,-4.80632411067,-2.91031746032,-0.344341342113,0.0858856325799,0.0531118162697,-2.28178930517,0.0538459869762,0.0244981823929,-2.02996039473,0.0310187463335,0.0128387496809,-0.640599570326,-0.371299902718,-2,NaN,NaN,NaN,-0.130894087262,-0.202591999093,-613,-0.0788931788932,-0.242638565203,-0.027027027027,0.0540540540541,-0.027027027027,241,6,101,984,0.704678362573,0.993939393939,0.00606060606061,0.295321637427,0.975708502024,0.704678362573,0.818336162988,0.785248154434,0.698617756512,0.692528735632,76,171,0,0,0,0
1954,WLNM_dir_neg,0.966160528026,0.584412786157,00:00:05,10,50,18,1237612653,threshold_sweep,0.1,0.938775510204,0.80701754386,0.867924528302,138,9,33,333,0.80701754386,0.973684210526,0.0263157894737,0.19298245614,0.938775510204,0.80701754386,0.867924528302,0.918128654971,0.571150097466,0.809090909091,0.813948736716,0.780701754386,342,171,171,0,342,0,171,0,171,37,342,0.256756756757,1.72528881811,18.4864864865,15.5454545455,9.77142857143,5.36771015539,0.290358590277,0.142642642643,9.50849154237,1.02869645341,0.544491860281,8.05331334643,0.871264894205,0.461830251304,0.640599570326,0.371299902718,2,1.72528881811,0.640599570326,2,0.344071394247,0.376569037657,810,0.104247104247,0.56957682835,37,37,37,1,0,0.405405405405,0.540540540541,0.0540540540541,37,0.128378378378,1.96543800944,9.24324324324,7.77272727273,4.88571428571,4.60920218094,0.4986563763,0.2789631737,5.93179451652,1.2834877024,0.645803698435,4.19226371726,0.907097997302,0.475738896792,0.982536798606,0.499907294907,3.81333333333,1.96543800944,0.982536798606,3.81333333333,0.0958399353007,0.031914893617,19,0.0024453024453,0.189649389793,37,37,37,1,0,0.405405405405,0.540540540541,0.0540540540541,37,318,0.238738738739,1.73908658811,17.1891891892,14.4545454545,8.59459459459,5.25377027496,0.305643868198,0.144399116097,8.89275441475,1.0346915514,0.548359680435,7.77981526294,0.905198631223,0.469148393677,0.656273128527,0.377366563007,2,1.73908658811,0.656273128527,2,0.317120973852,0.308506819813,573,0.0737451737452,0.527222108532,37,37,37,1,0,0.405405405405,0.594594594595,0,-24,-0.018018018018,0.0137977699955,-1.2972972973,-1.09090909091,-1.17683397683,-0.113939880429,0.0152852779205,0.00175647345459,-0.615737127623,0.00599509798709,0.00386782015382,-0.273498083491,0.0339337370181,0.00731814237276,0.0156735582005,0.00606666028913,0,0.0137977699955,0.0156735582005,0,-0.0269504203954,-0.0680622178436,-237,-0.0305019305019,-0.0423547198183,0,0.0540540540541,-0.0540540540541,309,9,33,981,0.90350877193,0.990909090909,0.00909090909091,0.0964912280702,0.971698113208,0.90350877193,0.936363636364,0.916512889215,0.894417862839,0.880341880342,147,171,0,0,0,0
1955,WLNM_dir_neg,0.966160528026,0.584412786157,00:00:05,10,50,18,1237612653,threshold_sweep,0.2,0.951048951049,0.795321637427,0.866242038217,136,7,35,335,0.795321637427,0.979532163743,0.0204678362573,0.204678362573,0.951048951049,0.795321637427,0.866242038217,0.918128654971,0.573749187784,0.807926829268,0.81463299321,0.77485380117,342,171,171,0,342,0,171,0,171,37,342,0.256756756757,1.72528881811,18.4864864865,15.5454545455,9.77142857143,5.36771015539,0.290358590277,0.142642642643,9.50849154237,1.02869645341,0.544491860281,8.05331334643,0.871264894205,0.461830251304,0.640599570326,0.371299902718,2,1.72528881811,0.640599570326,2,0.344071394247,0.376569037657,810,0.104247104247,0.56957682835,37,37,37,1,0,0.405405405405,0.540540540541,0.0540540540541,37,0.128378378378,1.96543800944,9.24324324324,7.77272727273,4.88571428571,4.60920218094,0.4986563763,0.2789631737,5.93179451652,1.2834877024,0.645803698435,4.19226371726,0.907097997302,0.475738896792,0.982536798606,0.499907294907,3.81333333333,1.96543800944,0.982536798606,3.81333333333,0.0958399353007,0.031914893617,19,0.0024453024453,0.189649389793,37,37,37,1,0,0.405405405405,0.540540540541,0.0540540540541,37,314,0.235735735736,1.73705037622,16.972972973,14.2727272727,8.48648648649,5.16659401286,0.304401239611,0.139697021863,8.76426336393,1.03273167027,0.546049233947,7.79109756075,0.918059266713,0.472370459632,0.654170875822,0.376598678298,2,1.73705037622,0.654170875822,2,0.299292450606,0.293694690265,531,0.0683397683398,0.527829142288,37,37,37,1,0,0.405405405405,0.594594594595,0,-28,-0.021021021021,0.0117615581048,-1.51351351351,-1.27272727273,-1.28494208494,-0.201116142536,0.0140426493339,-0.00294562078002,-0.744228178445,0.00403521685711,0.00155737366599,-0.262215785679,0.0467943725083,0.0105402083277,0.0135713054956,0.00529877558045,0,0.0117615581048,0.0135713054956,0,-0.0447789436411,-0.0828743473914,-279,-0.0359073359073,-0.0417476860614,0,0.0540540540541,-0.0540540540541,307,7,35,983,0.897660818713,0.992929292929,0.00707070707071,0.102339181287,0.977707006369,0.897660818713,0.935975609756,0.916578795904,0.890590111643,0.879656160458,143,171,0,0,0,0
1956,WLNM_dir_neg,0.966160528026,0.584412786157,00:00:05,10,50,18,1237612653,threshold_sweep,0.3,0.957142857143,0.783625730994,0.861736334405,134,6,37,336,0.783625730994,0.982456140351,0.0175438596491,0.216374269006,0.957142857143,0.783625730994,0.861736334405,0.916179337232,0.575698505523,0.802450229709,0.810714348984,0.766081871345,342,171,171,0,342,0,171,0,171,37,342,0.256756756757,1.72528881811,18.4864864865,15.5454545455,9.77142857143,5.36771015539,0.290358590277,0.142642642643,9.50849154237,1.02869645341,0.544491860281,8.05331334643,0.871264894205,0.461830251304,0.640599570326,0.371299902718,2,1.72528881811,0.640599570326,2,0.344071394247,0.376569037657,810,0.104247104247,0.56957682835,37,37,37,1,0,0.405405405405,0.540540540541,0.0540540540541,37,0.128378378378,1.96543800944,9.24324324324,7.77272727273,4.88571428571,4.60920218094,0.4986563763,0.2789631737,5.93179451652,1.2834877024,0.645803698435,4.19226371726,0.907097997302,0.475738896792,0.982536798606,0.499907294907,3.81333333333,1.96543800944,0.982536798606,3.81333333333,0.0958399353007,0.031914893617,19,0.0024453024453,0.189649389793,37,37,37,1,0,0.405405405405,0.540540540541,0.0540540540541,37,311,0.233483483483,1.75028893522,16.8108108108,14.1363636364,8.40540540541,5.28014013828,0.314091937486,0.143130268532,8.74471097121,1.0403675432,0.548709481185,7.84736140885,0.933608913593,0.478838967585,0.674856805422,0.385568800581,2,1.75028893522,0.674856805422,2,0.309993581665,0.28664921466,511,0.0657657657658,0.528990462423,37,37,37,1,0,0.405405405405,0.594594594595,0,-31,-0.0232732732733,0.0250001171023,-1.67567567568,-1.40909090909,-1.36602316602,-0.0875700171129,0.023733347209,0.000487625889555,-0.763780571166,0.0116710897836,0.00421762090403,-0.205951937586,0.062344019388,0.017008716281,0.0342572350961,0.0142688978635,0,0.0250001171023,0.0342572350961,0,-0.034077812582,-0.0899198229972,-299,-0.0384813384813,-0.0405863659265,0,0.0540540540541,-0.0540540540541,305,6,37,984,0.891812865497,0.993939393939,0.00606060606061,0.108187134503,0.980707395498,0.891812865497,0.93415007657,0.91463929052,0.885752259436,0.876436781609,140,171,0,0,0,0
1957,WLNM_dir_neg,0.966160528026,0.584412786157,00:00:05,10,50,18,1237612653,threshold_sweep,0.4,0.956834532374,0.777777777778,0.858064516129,133,6,38,336,0.777777777778,0.982456140351,0.0175438596491,0.222222222222,0.956834532374,0.777777777778,0.858064516129,0.914230019493,0.576348278103,0.79754601227,0.806334327142,0.760233918129,342,171,171,0,342,0,171,0,171,37,342,0.256756756757,1.72528881811,18.4864864865,15.5454545455,9.77142857143,5.36771015539,0.290358590277,0.142642642643,9.50849154237,1.02869645341,0.544491860281,8.05331334643,0.871264894205,0.461830251304,0.640599570326,0.371299902718,2,1.72528881811,0.640599570326,2,0.344071394247,0.376569037657,810,0.104247104247,0.56957682835,37,37,37,1,0,0.405405405405,0.540540540541,0.0540540540541,37,0.128378378378,1.96543800944,9.24324324324,7.77272727273,4.88571428571,4.60920218094,0.4986563763,0.2789631737,5.93179451652,1.2834877024,0.645803698435,4.19226371726,0.907097997302,0.475738896792,0.982536798606,0.499907294907,3.81333333333,1.96543800944,0.982536798606,3.81333333333,0.0958399353007,0.031914893617,19,0.0024453024453,0.189649389793,37,37,37,1,0,0.405405405405,0.540540540541,0.0540540540541,37,310,0.232732732733,1.74983629661,16.7567567568,14.0909090909,8.37837837838,5.22496892817,0.311812661842,0.142894507411,8.68380149522,1.03645372685,0.547340889276,7.87171925083,0.939527781551,0.481952920663,0.674306325238,0.385353947992,2,1.74983629661,0.674306325238,2,0.304746317595,0.281002638522,497,0.063963963964,0.530175387579,37,37,37,1,0,0.405405405405,0.594594594595,0,-32,-0.024024024024,0.0245474784947,-1.72972972973,-1.45454545455,-1.39305019305,-0.142741227227,0.021454071565,0.000251864767994,-0.824690047153,0.00775727343419,0.00284902899504,-0.181594095599,0.0682628873464,0.0201226693587,0.0337067549117,0.014054045274,0,0.0245474784947,0.0337067549117,0,-0.0393250766528,-0.0955663991345,-313,-0.0402831402831,-0.0394014407705,0,0.0540540540541,-0.0540540540541,304,6,38,984,0.888888888889,0.993939393939,0.00606060606061,0.111111111111,0.98064516129,0.888888888889,0.932515337423,0.912642299068,0.882828282828,0.873563218391,139,171,0,0,0,0
1958,WLNM_dir_neg,0.966160528026,0.584412786157,00:00:05,10,50,18,1237612653,threshold_sweep,0.5,0.956204379562,0.766081871345,0.850649350649,131,6,40,336,0.766081871345,0.982456140351,0.0175438596491,0.233918128655,0.956204379562,0.766081871345,0.850649350649,0.910331384016,0.577647823262,0.787692307692,0.797573583866,0.748538011696,342,171,171,0,342,0,171,0,171,37,342,0.256756756757,1.72528881811,18.4864864865,15.5454545455,9.77142857143,5.36771015539,0.290358590277,0.142642642643,9.50849154237,1.02869645341,0.544491860281,8.05331334643,0.871264894205,0.461830251304,0.640599570326,0.371299902718,2,1.72528881811,0.640599570326,2,0.344071394247,0.376569037657,810,0.104247104247,0.56957682835,37,37,37,1,0,0.405405405405,0.540540540541,0.0540540540541,37,0.128378378378,1.96543800944,9.24324324324,7.77272727273,4.88571428571,4.60920218094,0.4986563763,0.2789631737,5.93179451652,1.2834877024,0.645803698435,4.19226371726,0.907097997302,0.475738896792,0.982536798606,0.499907294907,3.81333333333,1.96543800944,0.982536798606,3.81333333333,0.0958399353007,0.031914893617,19,0.0024453024453,0.189649389793,37,37,37,1,0,0.405405405405,0.540540540541,0.0540540540541,37,308,0.231231231231,1.74965313077,16.6486486486,14,8.32432432432,5.15975998697,0.309920648568,0.142769392769,8.59603931424,1.03264108645,0.545454545455,7.86360835344,0.944654250251,0.485608985609,0.673930661929,0.385179582214,2,1.74965313077,0.673930661929,2,0.29892123807,0.274760994264,479,0.0616473616474,0.527847586807,37,37,37,1,0,0.405405405405,0.594594594595,0,-34,-0.0255255255255,0.0243643126537,-1.83783783784,-1.54545454545,-1.4471042471,-0.207950168425,0.0195620582908,0.00012675012675,-0.912452228139,0.00394463303563,0.000962685173211,-0.189704992991,0.0733893560464,0.023778734305,0.0333310916032,0.0138796794965,0,0.0243643126537,0.0333310916032,0,-0.0451501561776,-0.101808043393,-331,-0.0425997425997,-0.0417292415428,0,0.0540540540541,-0.0540540540541,302,6,40,984,0.883040935673,0.993939393939,0.00606060606061,0.116959064327,0.980519480519,0.883040935673,0.929230769231,0.908646935334,0.876980329612,0.867816091954,137,171,0,0,0,0
1959,WLNM_dir_neg,0.966160528026,0.584412786157,00:00:05,10,50,18,1237612653,threshold_sweep,0.6,0.956204379562,0.766081871345,0.850649350649,131,6,40,336,0.766081871345,0.982456140351,0.0175438596491,0.233918128655,0.956204379562,0.766081871345,0.850649350649,0.910331384016,0.577647823262,0.787692307692,0.797573583866,0.748538011696,342,171,171,0,342,0,171,0,171,37,342,0.256756756757,1.72528881811,18.4864864865,15.5454545455,9.77142857143,5.36771015539,0.290358590277,0.142642642643,9.50849154237,1.02869645341,0.544491860281,8.05331334643,0.871264894205,0.461830251304,0.640599570326,0.371299902718,2,1.72528881811,0.640599570326,2,0.344071394247,0.376569037657,810,0.104247104247,0.56957682835,37,37,37,1,0,0.405405405405,0.540540540541,0.0540540540541,37,0.128378378378,1.96543800944,9.24324324324,7.77272727273,4.88571428571,4.60920218094,0.4986563763,0.2789631737,5.93179451652,1.2834877024,0.645803698435,4.19226371726,0.907097997302,0.475738896792,0.982536798606,0.499907294907,3.81333333333,1.96543800944,0.982536798606,3.81333333333,0.0958399353007,0.031914893617,19,0.0024453024453,0.189649389793,37,37,37,1,0,0.405405405405,0.540540540541,0.0540540540541,37,308,0.231231231231,1.74965313077,16.6486486486,14,8.32432432432,5.15975998697,0.309920648568,0.142769392769,8.59603931424,1.03264108645,0.545454545455,7.86360835344,0.944654250251,0.485608985609,0.673930661929,0.385179582214,2,1.74965313077,0.673930661929,2,0.29892123807,0.274760994264,479,0.0616473616474,0.527847586807,37,37,37,1,0,0.405405405405,0.594594594595,0,-34,-0.0255255255255,0.0243643126537,-1.83783783784,-1.54545454545,-1.4471042471,-0.207950168425,0.0195620582908,0.00012675012675,-0.912452228139,0.00394463303563,0.000962685173211,-0.189704992991,0.0733893560464,0.023778734305,0.0333310916032,0.0138796794965,0,0.0243643126537,0.0333310916032,0,-0.0451501561776,-0.101808043393,-331,-0.0425997425997,-0.0417292415428,0,0.0540540540541,-0.0540540540541,302,6,40,984,0.883040935673,0.993939393939,0.00606060606061,0.116959064327,0.980519480519,0.883040935673,0.929230769231,0.908646935334,0.876980329612,0.867816091954,137,171,0,0,0,0
1960,WLNM_dir_neg,0.966160528026,0.584412786157,00:00:05,10,50,18,1237612653,threshold_sweep,0.7,0.962962962963,0.760233918129,0.849673202614,130,5,41,337,0.760233918129,0.985380116959,0.0146198830409,0.239766081871,0.962962962963,0.760233918129,0.849673202614,0.910331384016,0.578947368421,0.787037037037,0.798201240577,0.745614035088,342,171,171,0,342,0,171,0,171,37,342,0.256756756757,1.72528881811,18.4864864865,15.5454545455,9.77142857143,5.36771015539,0.290358590277,0.142642642643,9.50849154237,1.02869645341,0.544491860281,8.05331334643,0.871264894205,0.461830251304,0.640599570326,0.371299902718,2,1.72528881811,0.640599570326,2,0.344071394247,0.376569037657,810,0.104247104247,0.56957682835,37,37,37,1,0,0.405405405405,0.540540540541,0.0540540540541,37,0.128378378378,1.96543800944,9.24324324324,7.77272727273,4.88571428571,4.60920218094,0.4986563763,0.2789631737,5.93179451652,1.2834877024,0.645803698435,4.19226371726,0.907097997302,0.475738896792,0.982536798606,0.499907294907,3.81333333333,1.96543800944,0.982536798606,3.81333333333,0.0958399353007,0.031914893617,19,0.0024453024453,0.189649389793,37,37,37,1,0,0.405405405405,0.540540540541,0.0540540540541,37,306,0.22972972973,1.74824070244,16.5405405405,13.9090909091,8.27027027027,5.17254823615,0.312719419506,0.143084260731,8.5363557429,1.03217373362,0.544426779721,7.90094455903,0.955342969556,0.489489489489,0.673023387284,0.384971809857,2,1.74824070244,0.673023387284,2,0.292220757376,0.268717353453,463,0.0595881595882,0.531977744892,37,37,37,1,0,0.405405405405,0.594594594595,0,-36,-0.027027027027,0.0229518843256,-1.94594594595,-1.63636363636,-1.50115830116,-0.195161919247,0.0223608292284,0.000441618088677,-0.972135799473,0.00347728020401,-6.50805604365e-05,-0.1523687874,0.0840780753515,0.0276592381856,0.0324238169577,0.013671907139,0,0.0229518843256,0.0324238169577,0,-0.0518506368719,-0.107851684204,-347,-0.0446589446589,-0.0375990834579,0,0.0540540540541,-0.0540540540541,301,5,41,985,0.880116959064,0.994949494949,0.00505050505051,0.119883040936,0.983660130719,0.880116959064,0.929012345679,0.908735076925,0.875066454014,0.867435158501,135,171,0,0,0,0
1961,WLNM_dir_neg,0.966160528026,0.584412786157,00:00:05,10,50,18,1237612653,threshold_sweep,0.8,0.962121212121,0.74269005848,0.838283828383,127,5,44,337,0.74269005848,0.985380116959,0.0146198830409,0.25730994152,0.962121212121,0.74269005848,0.838283828383,0.904483430799,0.58089668616,0.772093023256,0.785117930402,0.728070175439,342,171,171,0,342,0,171,0,171,37,342,0.256756756757,1.72528881811,18.4864864865,15.5454545455,9.77142857143,5.36771015539,0.290358590277,0.142642642643,9.50849154237,1.02869645341,0.544491860281,8.05331334643,0.871264894205,0.461830251304,0.640599570326,0.371299902718,2,1.72528881811,0.640599570326,2,0.344071394247,0.376569037657,810,0.104247104247,0.56957682835,37,37,37,1,0,0.405405405405,0.540540540541,0.0540540540541,37,0.128378378378,1.96543800944,9.24324324324,7.77272727273,4.88571428571,4.60920218094,0.4986563763,0.2789631737,5.93179451652,1.2834877024,0.645803698435,4.19226371726,0.907097997302,0.475738896792,0.982536798606,0.499907294907,3.81333333333,1.96543800944,0.982536798606,3.81333333333,0.0958399353007,0.031914893617,19,0.0024453024453,0.189649389793,37,37,37,1,0,0.405405405405,0.540540540541,0.0540540540541,37,303,0.227477477477,1.74779995654,16.3783783784,13.7727272727,8.18918918919,5.1226693961,0.312770243656,0.142984568727,8.45194861765,1.03208613483,0.543216483811,7.86284454408,0.960149333765,0.49237356168,0.672500808963,0.384769896834,2,1.74779995654,0.672500808963,2,0.287014177215,0.261204343534,441,0.0567567567568,0.526976409952,37,37,37,1,0,0.405405405405,0.594594594595,0,-39,-0.0292792792793,0.0225111384213,-2.10810810811,-1.77272727273,-1.58223938224,-0.245040759293,0.0224116533792,0.0003419260845,-1.05654292472,0.00338968141403,-0.00127537647079,-0.190468802357,0.0888844395603,0.0305433103766,0.0319012386368,0.0134699941162,0,0.0225111384213,0.0319012386368,0,-0.057057217032,-0.115364694123,-369,-0.0474903474903,-0.0426004183978,0,0.0540540540541,-0.0540540540541,298,5,44,985,0.87134502924,0.994949494949,0.00505050505051,0.12865497076,0.983498349835,0.87134502924,0.924031007752,0.902749419735,0.866294524189,0.85878962536,132,171,0,0,0,0
1962,WLNM_dir_neg,0.966160528026,0.584412786157,00:00:05,10,50,18,1237612653,threshold_sweep,0.9,0.969230769231,0.736842105263,0.837209302326,126,4,45,338,0.736842105263,0.988304093567,0.0116959064327,0.263157894737,0.969230769231,0.736842105263,0.837209302326,0.904483430799,0.582196231319,0.771384136858,0.785896979931,0.72514619883,342,171,171,0,342,0,171,0,171,37,342,0.256756756757,1.72528881811,18.4864864865,15.5454545455,9.77142857143,5.36771015539,0.290358590277,0.142642642643,9.50849154237,1.02869645341,0.544491860281,8.05331334643,0.871264894205,0.461830251304,0.640599570326,0.371299902718,2,1.72528881811,0.640599570326,2,0.344071394247,0.376569037657,810,0.104247104247,0.56957682835,37,37,37,1,0,0.405405405405,0.540540540541,0.0540540540541,37,0.128378378378,1.96543800944,9.24324324324,7.77272727273,4.88571428571,4.60920218094,0.4986563763,0.2789631737,5.93179451652,1.2834877024,0.645803698435,4.19226371726,0.907097997302,0.475738896792,0.982536798606,0.499907294907,3.81333333333,1.96543800944,0.982536798606,3.81333333333,0.0958399353007,0.031914893617,19,0.0024453024453,0.189649389793,37,37,37,1,0,0.405405405405,0.540540540541,0.0540540540541,37,301,0.225975975976,1.74125802772,16.2702702703,13.6818181818,8.36111111111,5.09710510785,0.313277224237,0.141240908683,8.44643962521,1.03826666489,0.545748406214,7.90977651799,0.972298110185,0.499416359881,0.665042104889,0.381931967751,2,1.74125802772,0.665042104889,2,0.277936215506,0.260610868703,438,0.0563706563707,0.530811755376,37,37,37,1,0,0.405405405405,0.567567567568,0.027027027027,-41,-0.0307807807808,0.0159692096053,-2.21621621622,-1.86363636364,-1.41031746032,-0.270605047542,0.0229186339596,-0.00140173395987,-1.06205191716,0.0095702114783,0.00125654593219,-0.143536828443,0.10103321598,0.0375861085775,0.0244425345629,0.010632065033,0,0.0159692096053,0.0244425345629,0,-0.0661351787415,-0.115958168954,-372,-0.0478764478764,-0.0387650729738,0,0.027027027027,-0.027027027027,297,4,45,986,0.868421052632,0.99595959596,0.0040404040404,0.131578947368,0.986710963455,0.868421052632,0.923794712286,0.902865598072,0.864380648591,0.85838150289,130,171,0,0,0,0
1963,WLNM_dir_neg,0.936108546219,0.892126893508,00:00:05,10,50,19,1237612654,threshold_sweep,0.1,0.9375,0.789473684211,0.857142857143,135,9,36,333,0.789473684211,0.973684210526,0.0263157894737,0.210526315789,0.9375,0.789473684211,0.857142857143,0.912280701754,0.573099415205,0.794520547945,0.800628564043,0.763157894737,342,171,171,0,342,0,171,0,171,37,342,0.256756756757,1.72528881811,18.4864864865,15.5454545455,9.77142857143,5.36771015539,0.290358590277,0.142642642643,9.50849154237,1.02869645341,0.544491860281,8.05331334643,0.871264894205,0.461830251304,0.640599570326,0.371299902718,2,1.72528881811,0.640599570326,2,0.344071394247,0.376569037657,810,0.104247104247,0.56957682835,37,37,37,1,0,0.405405405405,0.540540540541,0.0540540540541,37,0.128378378378,1.93434852263,9.24324324324,7.77272727273,4.88571428571,4.7865866138,0.517847089797,0.288920499447,6.02011143931,1.30259721201,0.651809704441,4.20549476116,0.909960854755,0.479216058163,0.926132489718,0.478782638642,3.20391865079,1.93434852263,0.926132489718,3.20391865079,0.0934907787849,0.0297684674752,18,0.0023166023166,0.185275330816,37,37,37,1,0,0.405405405405,0.540540540541,0.0540540540541,37,315,0.236486486486,1.71121241094,17.027027027,14.3181818182,8.51351351351,4.71691098594,0.27702493092,0.13728013728,8.63012044985,1.01369668776,0.540540540541,7.8266695827,0.919323093841,0.480308880309,0.620813390974,0.362791543005,1.83444954329,1.71121241094,0.620813390974,1.83444954329,0.271891453279,0.259939984996,462,0.0594594594595,0.531998305104,37,37,37,1,0,0.405405405405,0.594594594595,0,-27,-0.0202702702703,-0.0140764071748,-1.45945945946,-1.22727272727,-1.25791505792,-0.650799169457,-0.013333659357,-0.00536250536251,-0.878371092521,-0.0149997656542,-0.00395131974079,-0.226643763735,0.048058199636,0.0184786290049,-0.0197861793516,-0.00850835971262,-0.16555045671,-0.0140764071748,-0.0197861793516,-0.16555045671,-0.0721799409688,-0.116629052661,-348,-0.0447876447876,-0.0375785232462,0,0.0540540540541,-0.0540540540541,306,9,36,981,0.894736842105,0.990909090909,0.00909090909091,0.105263157895,0.971428571429,0.894736842105,0.931506849315,0.910489684173,0.885645933014,0.871794871795,144,171,0,0,0,0
1964,WLNM_dir_neg,0.936108546219,0.892126893508,00:00:05,10,50,19,1237612654,threshold_sweep,0.2,0.93661971831,0.777777777778,0.849840255591,133,9,38,333,0.777777777778,0.973684210526,0.0263157894737,0.222222222222,0.93661971831,0.777777777778,0.849840255591,0.908382066277,0.574398960364,0.784732824427,0.791748042855,0.751461988304,342,171,171,0,342,0,171,0,171,37,342,0.256756756757,1.72528881811,18.4864864865,15.5454545455,9.77142857143,5.36771015539,0.290358590277,0.142642642643,9.50849154237,1.02869645341,0.544491860281,8.05331334643,0.871264894205,0.461830251304,0.640599570326,0.371299902718,2,1.72528881811,0.640599570326,2,0.344071394247,0.376569037657,810,0.104247104247,0.56957682835,37,37,37,1,0,0.405405405405,0.540540540541,0.0540540540541,37,0.128378378378,1.93434852263,9.24324324324,7.77272727273,4.88571428571,4.7865866138,0.517847089797,0.288920499447,6.02011143931,1.30259721201,0.651809704441,4.20549476116,0.909960854755,0.479216058163,0.926132489718,0.478782638642,3.20391865079,1.93434852263,0.926132489718,3.20391865079,0.0934907787849,0.0297684674752,18,0.0023166023166,0.185275330816,37,37,37,1,0,0.405405405405,0.540540540541,0.0540540540541,37,313,0.234984984985,1.70989420967,16.9189189189,14.2272727273,8.45945945946,4.5605700081,0.269554457348,0.133235471894,8.51663272855,1.00675850146,0.537777394007,7.87257756249,0.930624184704,0.485623003195,0.618957798147,0.361986019162,1.83404316701,1.70989420967,0.618957798147,1.83404316701,0.260757878875,0.245516978253,429,0.0552123552124,0.534421318231,37,37,37,1,0,0.405405405405,0.594594594595,0,-29,-0.0217717717718,-0.0153946084471,-1.56756756757,-1.31818181818,-1.31196911197,-0.807140147291,-0.0208041329292,-0.00940717074902,-0.991858813823,-0.0219379519567,-0.00671446627391,-0.180735783941,0.0593592904988,0.023792751891,-0.0216417721794,-0.00931388355525,-0.165956832991,-0.0153946084471,-0.0216417721794,-0.165956832991,-0.083313515372,-0.131052059404,-381,-0.0490347490347,-0.0351555101193,0,0.0540540540541,-0.0540540540541,304,9,38,981,0.888888888889,0.990909090909,0.00909090909091,0.111111111111,0.97124600639,0.888888888889,0.928244274809,0.906471908658,0.879797979798,0.866096866097,142,171,0,0,0,0
1965,WLNM_dir_neg,0.936108546219,0.892126893508,00:00:05,10,50,19,1237612654,threshold_sweep,0.3,0.942857142857,0.771929824561,0.848874598071,132,8,39,334,0.771929824561,0.976608187135,0.0233918128655,0.228070175439,0.942857142857,0.771929824561,0.848874598071,0.908382066277,0.575698505523,0.784073506891,0.792148371527,0.748538011696,342,171,171,0,342,0,171,0,171,37,342,0.256756756757,1.72528881811,18.4864864865,15.5454545455,9.77142857143,5.36771015539,0.290358590277,0.142642642643,9.50849154237,1.02869645341,0.544491860281,8.05331334643,0.871264894205,0.461830251304,0.640599570326,0.371299902718,2,1.72528881811,0.640599570326,2,0.344071394247,0.376569037657,810,0.104247104247,0.56957682835,37,37,37,1,0,0.405405405405,0.540540540541,0.0540540540541,37,0.128378378378,1.93434852263,9.24324324324,7.77272727273,4.88571428571,4.7865866138,0.517847089797,0.288920499447,6.02011143931,1.30259721201,0.651809704441,4.20549476116,0.909960854755,0.479216058163,0.926132489718,0.478782638642,3.20391865079,1.93434852263,0.926132489718,3.20391865079,0.0934907787849,0.0297684674752,18,0.0023166023166,0.185275330816,37,37,37,1,0,0.405405405405,0.540540540541,0.0540540540541,37,311,0.233483483483,1.71426271324,16.8108108108,14.1363636364,8.40540540541,4.61180753813,0.274335818185,0.134613713392,8.49659886026,1.01084938209,0.538628660815,7.8296426038,0.931500888555,0.485269835752,0.623935590225,0.363967311082,1.83527017137,1.71426271324,0.623935590225,1.83527017137,0.258472707157,0.24354030081,421,0.0541827541828,0.529428758901,37,37,37,1,0,0.405405405405,0.594594594595,0,-31,-0.0232732732733,-0.0110261048779,-1.67567567568,-1.40909090909,-1.36602316602,-0.755902617262,-0.0160227720924,-0.00802892925079,-1.01189268211,-0.0178470713259,-0.00586319946618,-0.22367074263,0.0602359943506,0.0234395844482,-0.0166639801007,-0.00733259163555,-0.164729828633,-0.0110261048779,-0.0166639801007,-0.164729828633,-0.0855986870905,-0.133028736847,-389,-0.0500643500644,-0.0401480694489,0,0.0540540540541,-0.0540540540541,303,8,39,982,0.885964912281,0.991919191919,0.00808080808081,0.114035087719,0.974276527331,0.885964912281,0.928024502297,0.906514531202,0.8778841042,0.865714285714,140,171,0,0,0,0
1966,WLNM_dir_neg,0.936108546219,0.892126893508,00:00:05,10,50,19,1237612654,threshold_sweep,0.4,0.913978494624,0.497076023392,0.643939393939,85,8,86,334,0.497076023392,0.976608187135,0.0233918128655,0.502923976608,0.913978494624,0.497076023392,0.643939393939,0.816764132554,0.606237816764,0.534653465347,0.5796073675,0.473684210526,342,171,171,0,342,0,171,0,171,37,342,0.256756756757,1.72528881811,18.4864864865,15.5454545455,9.77142857143,5.36771015539,0.290358590277,0.142642642643,9.50849154237,1.02869645341,0.544491860281,8.05331334643,0.871264894205,0.461830251304,0.640599570326,0.371299902718,2,1.72528881811,0.640599570326,2,0.344071394247,0.376569037657,810,0.104247104247,0.56957682835,37,37,37,1,0,0.405405405405,0.540540540541,0.0540540540541,37,0.128378378378,1.93434852263,9.24324324324,7.77272727273,4.88571428571,4.7865866138,0.517847089797,0.288920499447,6.02011143931,1.30259721201,0.651809704441,4.20549476116,0.909960854755,0.479216058163,0.926132489718,0.478782638642,3.20391865079,1.93434852263,0.926132489718,3.20391865079,0.0934907787849,0.0297684674752,18,0.0023166023166,0.185275330816,37,37,37,1,0,0.405405405405,0.540540540541,0.0540540540541,37,264,0.198198198198,1.75088058946,14.2702702703,12,7.13513513514,5.49569856367,0.385115240257,0.207821457821,8.12801110756,1.13915307189,0.600122850123,6.30327147053,0.883413047006,0.468468468468,0.659245172314,0.376522063403,1.84177413992,1.75088058946,0.659245172314,1.84177413992,0.282473295585,0.232646834477,305,0.0392535392535,0.371633976537,37,37,37,1,0,0.405405405405,0.594594594595,0,-78,-0.0585585585586,0.0255917713416,-4.21621621622,-3.54545454545,-2.63629343629,0.127988408275,0.0947566499799,0.0651788151788,-1.38048043482,0.110456618478,0.0556309898415,-1.7500418759,0.0121481528016,0.00663821716453,0.0186456019877,0.0052221606849,-0.158225860083,0.0255917713416,0.0186456019877,-0.158225860083,-0.0615980986627,-0.143922203179,-505,-0.0649935649936,-0.197942851813,0,0.0540540540541,-0.0540540540541,256,8,86,982,0.748538011696,0.991919191919,0.00808080808081,0.251461988304,0.969696969697,0.748538011696,0.844884488449,0.811414983552,0.740457203615,0.731428571429,93,171,0,0,0,0
1967,WLNM_dir_neg,0.936108546219,0.892126893508,00:00:05,10,50,19,1237612654,threshold_sweep,0.5,0.923076923077,0.491228070175,0.641221374046,84,7,87,335,0.491228070175,0.979532163743,0.0204678362573,0.508771929825,0.923076923077,0.491228070175,0.641221374046,0.816764132554,0.607537361923,0.533112582781,0.58094357983,0.470760233918,342,171,171,0,342,0,171,0,171,37,342,0.256756756757,1.72528881811,18.4864864865,15.5454545455,9.77142857143,5.36771015539,0.290358590277,0.142642642643,9.50849154237,1.02869645341,0.544491860281,8.05331334643,0.871264894205,0.461830251304,0.640599570326,0.371299902718,2,1.72528881811,0.640599570326,2,0.344071394247,0.376569037657,810,0.104247104247,0.56957682835,37,37,37,1,0,0.405405405405,0.540540540541,0.0540540540541,37,0.128378378378,1.93434852263,9.24324324324,7.77272727273,4.88571428571,4.7865866138,0.517847089797,0.288920499447,6.02011143931,1.30259721201,0.651809704441,4.20549476116,0.909960854755,0.479216058163,0.926132489718,0.478782638642,3.20391865079,1.93434852263,0.926132489718,3.20391865079,0.0934907787849,0.0297684674752,18,0.0023166023166,0.185275330816,37,37,37,1,0,0.405405405405,0.540540540541,0.0540540540541,37,262,0.196696696697,1.7479729469,14.1621621622,11.9090909091,7.08108108108,5.43912530505,0.384060374594,0.206622653188,8.03941118069,1.13533669346,0.598101918713,6.34813348937,0.896492133994,0.474314008665,0.656075781558,0.375335203397,1.83423055483,1.7479729469,0.656075781558,1.83423055483,0.273148848335,0.22259565667,287,0.0369369369369,0.374388293511,37,37,37,1,0,0.405405405405,0.594594594595,0,-80,-0.0600600600601,0.0226841287844,-4.32432432432,-3.63636363636,-2.69034749035,0.0714151496612,0.0937017843164,0.0639800105449,-1.46908036169,0.106640240041,0.0536100584313,-1.70517985707,0.0252272397894,0.0124837573612,0.0154762112317,0.00403530067977,-0.165769445173,0.0226841287844,0.0154762112317,-0.165769445173,-0.0709225459128,-0.153973380987,-523,-0.0673101673102,-0.195188534839,0,0.0540540540541,-0.0540540540541,255,7,87,983,0.745614035088,0.992929292929,0.00707070707071,0.254385964912,0.973282442748,0.745614035088,0.844370860927,0.811641219846,0.738543328017,0.730659025788,91,171,0,0,0,0
1968,WLNM_dir_neg,0.936108546219,0.892126893508,00:00:05,10,50,19,1237612654,threshold_sweep,0.6,0.923076923077,0.491228070175,0.641221374046,84,7,87,335,0.491228070175,0.979532163743,0.0204678362573,0.508771929825,0.923076923077,0.491228070175,0.641221374046,0.816764132554,0.607537361923,0.533112582781,0.58094357983,0.470760233918,342,171,171,0,342,0,171,0,171,37,342,0.256756756757,1.72528881811,18.4864864865,15.5454545455,9.77142857143,5.36771015539,0.290358590277,0.142642642643,9.50849154237,1.02869645341,0.544491860281,8.05331334643,0.871264894205,0.461830251304,0.640599570326,0.371299902718,2,1.72528881811,0.640599570326,2,0.344071394247,0.376569037657,810,0.104247104247,0.56957682835,37,37,37,1,0,0.405405405405,0.540540540541,0.0540540540541,37,0.128378378378,1.93434852263,9.24324324324,7.77272727273,4.88571428571,4.7865866138,0.517847089797,0.288920499447,6.02011143931,1.30259721201,0.651809704441,4.20549476116,0.909960854755,0.479216058163,0.926132489718,0.478782638642,3.20391865079,1.93434852263,0.926132489718,3.20391865079,0.0934907787849,0.0297684674752,18,0.0023166023166,0.185275330816,37,37,37,1,0,0.405405405405,0.540540540541,0.0540540540541,37,262,0.196696696697,1.7479729469,14.1621621622,11.9090909091,7.08108108108,5.43912530505,0.384060374594,0.206622653188,8.03941118069,1.13533669346,0.598101918713,6.34813348937,0.896492133994,0.474314008665,0.656075781558,0.375335203397,1.83423055483,1.7479729469,0.656075781558,1.83423055483,0.273148848335,0.22259565667,287,0.0369369369369,0.374388293511,37,37,37,1,0,0.405405405405,0.594594594595,0,-80,-0.0600600600601,0.0226841287844,-4.32432432432,-3.63636363636,-2.69034749035,0.0714151496612,0.0937017843164,0.0639800105449,-1.46908036169,0.106640240041,0.0536100584313,-1.70517985707,0.0252272397894,0.0124837573612,0.0154762112317,0.00403530067977,-0.165769445173,0.0226841287844,0.0154762112317,-0.165769445173,-0.0709225459128,-0.153973380987,-523,-0.0673101673102,-0.195188534839,0,0.0540540540541,-0.0540540540541,255,7,87,983,0.745614035088,0.992929292929,0.00707070707071,0.254385964912,0.973282442748,0.745614035088,0.844370860927,0.811641219846,0.738543328017,0.730659025788,91,171,0,0,0,0
1969,WLNM_dir_neg,0.936108546219,0.892126893508,00:00:05,10,50,19,1237612654,threshold_sweep,0.7,0.922222222222,0.485380116959,0.63601532567,83,7,88,335,0.485380116959,0.979532163743,0.0204678362573,0.514619883041,0.922222222222,0.485380116959,0.63601532567,0.814814814815,0.608187134503,0.52736318408,0.576223131197,0.464912280702,342,171,171,0,342,0,171,0,171,37,342,0.256756756757,1.72528881811,18.4864864865,15.5454545455,9.77142857143,5.36771015539,0.290358590277,0.142642642643,9.50849154237,1.02869645341,0.544491860281,8.05331334643,0.871264894205,0.461830251304,0.640599570326,0.371299902718,2,1.72528881811,0.640599570326,2,0.344071394247,0.376569037657,810,0.104247104247,0.56957682835,37,37,37,1,0,0.405405405405,0.540540540541,0.0540540540541,37,0.128378378378,1.93434852263,9.24324324324,7.77272727273,4.88571428571,4.7865866138,0.517847089797,0.288920499447,6.02011143931,1.30259721201,0.651809704441,4.20549476116,0.909960854755,0.479216058163,0.926132489718,0.478782638642,3.20391865079,1.93434852263,0.926132489718,3.20391865079,0.0934907787849,0.0297684674752,18,0.0023166023166,0.185275330816,37,37,37,1,0,0.405405405405,0.540540540541,0.0540540540541,37,261,0.195945945946,1.76730511318,14.1081081081,11.8636363636,7.05405405405,5.48119909724,0.388514112256,0.208242725484,8.05862528236,1.14241048064,0.600807704256,6.30231855901,0.893432132886,0.472403437921,0.692976776172,0.392109303031,2.37190867678,1.76730511318,0.692976776172,2.37190867678,0.273106705351,0.222135619641,285,0.0366795366795,0.368684715429,37,37,37,1,0,0.405405405405,0.594594594595,0,-81,-0.0608108108108,0.0420162950631,-4.37837837838,-3.68181818182,-2.71737451737,0.113488941843,0.0981555219791,0.0656000828415,-1.44986626002,0.113714027226,0.0563158439746,-1.75099478743,0.0221672386813,0.0105731866167,0.0523772058455,0.0208094003134,0.371908676783,0.0420162950631,0.0523772058455,0.371908676783,-0.0709646888961,-0.154433418015,-525,-0.0675675675676,-0.200892112921,0,0.0540540540541,-0.0540540540541,254,7,88,983,0.74269005848,0.992929292929,0.00707070707071,0.25730994152,0.973180076628,0.74269005848,0.842454394693,0.809596844213,0.735619351409,0.727793696275,90,171,0,0,0,0
1970,WLNM_dir_neg,0.936108546219,0.892126893508,00:00:05,10,50,19,1237612654,threshold_sweep,0.8,0.931818181818,0.479532163743,0.633204633205,82,6,89,336,0.479532163743,0.982456140351,0.0175438596491,0.520467836257,0.931818181818,0.479532163743,0.633204633205,0.814814814815,0.609486679662,0.525790349418,0.57770521506,0.461988304094,342,171,171,0,342,0,171,0,171,37,342,0.256756756757,1.72528881811,18.4864864865,15.5454545455,9.77142857143,5.36771015539,0.290358590277,0.142642642643,9.50849154237,1.02869645341,0.544491860281,8.05331334643,0.871264894205,0.461830251304,0.640599570326,0.371299902718,2,1.72528881811,0.640599570326,2,0.344071394247,0.376569037657,810,0.104247104247,0.56957682835,37,37,37,1,0,0.405405405405,0.540540540541,0.0540540540541,37,0.128378378378,1.93434852263,9.24324324324,7.77272727273,4.88571428571,4.7865866138,0.517847089797,0.288920499447,6.02011143931,1.30259721201,0.651809704441,4.20549476116,0.909960854755,0.479216058163,0.926132489718,0.478782638642,3.20391865079,1.93434852263,0.926132489718,3.20391865079,0.0934907787849,0.0297684674752,18,0.0023166023166,0.185275330816,37,37,37,1,0,0.405405405405,0.540540540541,0.0540540540541,37,259,0.194444444444,1.78189145383,14,11.7727272727,7,5.51261180285,0.393757985918,0.210476886153,8.01734231387,1.14533461627,0.601899196494,6.28048122714,0.897211603877,0.473129500157,0.712595199826,0.399909432359,2.37218696533,1.78189145383,0.712595199826,2.37218696533,0.268075391612,0.22172540768,281,0.0361647361647,0.364430090136,37,37,37,1,0,0.405405405405,0.594594594595,0,-83,-0.0623123123123,0.0566026357133,-4.48648648649,-3.77272727273,-2.77142857143,0.144901647454,0.103399395641,0.0678342435099,-1.4911492285,0.116638162852,0.0574073362125,-1.7728321193,0.0259467096721,0.0112992488526,0.0719956295003,0.0286095296416,0.372186965332,0.0566026357133,0.0719956295003,0.372186965332,-0.0759960026359,-0.154843629977,-529,-0.0680823680824,-0.205146738214,0,0.0540540540541,-0.0540540540541,253,6,89,984,0.739766081871,0.993939393939,0.00606060606061,0.260233918129,0.976833976834,0.739766081871,0.841930116473,0.809846421745,0.733705475811,0.727011494253,88,171,0,0,0,0
1971,WLNM_dir_neg,0.936108546219,0.892126893508,00:00:05,10,50,19,1237612654,threshold_sweep,0.9,0.931034482759,0.473684210526,0.627906976744,81,6,90,336,0.473684210526,0.982456140351,0.0175438596491,0.526315789474,0.931034482759,0.473684210526,0.627906976744,0.812865497076,0.610136452242,0.52,0.572987535538,0.456140350877,342,171,171,0,342,0,171,0,171,37,342,0.256756756757,1.72528881811,18.4864864865,15.5454545455,9.77142857143,5.36771015539,0.290358590277,0.142642642643,9.50849154237,1.02869645341,0.544491860281,8.05331334643,0.871264894205,0.461830251304,0.640599570326,0.371299902718,2,1.72528881811,0.640599570326,2,0.344071394247,0.376569037657,810,0.104247104247,0.56957682835,37,37,37,1,0,0.405405405405,0.540540540541,0.0540540540541,37,0.128378378378,1.93434852263,9.24324324324,7.77272727273,4.88571428571,4.7865866138,0.517847089797,0.288920499447,6.02011143931,1.30259721201,0.651809704441,4.20549476116,0.909960854755,0.479216058163,0.926132489718,0.478782638642,3.20391865079,1.93434852263,0.926132489718,3.20391865079,0.0934907787849,0.0297684674752,18,0.0023166023166,0.185275330816,37,37,37,1,0,0.405405405405,0.540540540541,0.0540540540541,37,258,0.193693693694,1.78243878391,13.9459459459,11.7272727273,6.97297297297,5.50729791552,0.394903145105,0.210978420281,7.97386873372,1.14353931453,0.600879949717,6.27378357615,0.899728652394,0.474334799916,0.713088440148,0.400063355098,2.37219529724,1.78243878391,0.713088440148,2.37219529724,0.265610897042,0.220985691574,278,0.0357786357786,0.364232527697,37,37,37,1,0,0.405405405405,0.594594594595,0,-84,-0.0630630630631,0.0571499657947,-4.54054054054,-3.81818181818,-2.79845559846,0.13958776013,0.104544554828,0.0683357776381,-1.53462280866,0.114842861111,0.0563880894358,-1.77952977028,0.0284637581886,0.0125045486123,0.0724888698215,0.0287634523802,0.372195297245,0.0571499657947,0.0724888698215,0.372195297245,-0.0784604972056,-0.155583346083,-532,-0.0684684684685,-0.205344300653,0,0.0540540540541,-0.0540540540541,252,6,90,984,0.736842105263,0.993939393939,0.00606060606061,0.263157894737,0.976744186047,0.736842105263,0.84,0.807804374523,0.730781499203,0.724137931034,87,171,0,0,0,0
1972,WLNM_dir_neg,0.848585889675,0.796050569604,00:00:05,10,50,20,1237612655,threshold_sweep,0.1,0.9375,0.438596491228,0.597609561753,75,5,96,337,0.438596491228,0.985380116959,0.0146198830409,0.561403508772,0.9375,0.438596491228,0.597609561753,0.803118908382,0.614684860299,0.489038785835,0.55088895198,0.423976608187,342,171,171,0,342,0,171,0,171,37,342,0.256756756757,1.72528881811,18.4864864865,15.5454545455,9.77142857143,5.36771015539,0.290358590277,0.142642642643,9.50849154237,1.02869645341,0.544491860281,8.05331334643,0.871264894205,0.461830251304,0.640599570326,0.371299902718,2,1.72528881811,0.640599570326,2,0.344071394247,0.376569037657,810,0.104247104247,0.56957682835,37,37,37,1,0,0.405405405405,0.540540540541,0.0540540540541,37,0.128378378378,1.93698435277,9.24324324324,7.77272727273,4.88571428571,4.85572631828,0.525327116306,0.293345977557,5.99236250643,1.29659305695,0.650861387703,4.24494046125,0.918495889275,0.481428797218,0.911406897875,0.470528786962,3.26228070175,1.93698435277,0.911406897875,3.26228070175,0.0707002426817,0.0279605263158,17,0.0021879021879,0.188791701142,37,37,37,1,0,0.405405405405,0.540540540541,0.0540540540541,37,251,0.188438438438,1.79082095062,13.5675675676,11.4090909091,6.97222222222,5.92799638505,0.436924036348,0.230106600625,7.89913896551,1.16441490727,0.604716270055,6.26779748279,0.923938274356,0.482825454937,0.715438585415,0.399503135792,2,1.79082095062,0.715438585415,2,0.263841308383,0.247172859451,306,0.0393822393822,0.356506942184,37,37,37,1,0,0.405405405405,0.567567567568,0.027027027027,-91,-0.0683183183183,0.065532132507,-4.91891891892,-4.13636363636,-2.79920634921,0.560286229655,0.146565446071,0.0874639579819,-1.60935257687,0.135718453851,0.0602244097736,-1.78551586364,0.0526733801508,0.0209952036331,0.0748390150891,0.0282032330741,0,0.065532132507,0.0748390150891,0,-0.0802300858644,-0.129396178206,-504,-0.0648648648649,-0.213069886166,0,0.027027027027,-0.027027027027,246,5,96,985,0.719298245614,0.994949494949,0.00505050505051,0.280701754386,0.980079681275,0.719298245614,0.829679595278,0.797865741409,0.714247740564,0.708933717579,80,171,0,0,0,0
1973,WLNM_dir_neg,0.848585889675,0.796050569604,00:00:05,10,50,20,1237612655,threshold_sweep,0.2,0.947368421053,0.421052631579,0.582995951417,72,4,99,338,0.421052631579,0.988304093567,0.0116959064327,0.578947368421,0.947368421053,0.421052631579,0.582995951417,0.799220272904,0.617283950617,0.475382003396,0.543207206886,0.409356725146,342,171,171,0,342,0,171,0,171,37,342,0.256756756757,1.72528881811,18.4864864865,15.5454545455,9.77142857143,5.36771015539,0.290358590277,0.142642642643,9.50849154237,1.02869645341,0.544491860281,8.05331334643,0.871264894205,0.461830251304,0.640599570326,0.371299902718,2,1.72528881811,0.640599570326,2,0.344071394247,0.376569037657,810,0.104247104247,0.56957682835,37,37,37,1,0,0.405405405405,0.540540540541,0.0540540540541,37,0.128378378378,1.93698435277,9.24324324324,7.77272727273,4.88571428571,4.85572631828,0.525327116306,0.293345977557,5.99236250643,1.29659305695,0.650861387703,4.24494046125,0.918495889275,0.481428797218,0.911406897875,0.470528786962,3.26228070175,1.93698435277,0.911406897875,3.26228070175,0.0707002426817,0.0279605263158,17,0.0021879021879,0.188791701142,37,37,37,1,0,0.405405405405,0.540540540541,0.0540540540541,37,247,0.185435435435,1.78816207094,13.3513513514,11.2272727273,6.86111111111,5.79375245998,0.433945022306,0.227158332421,7.74257369661,1.15981873188,0.604004814531,6.23633641587,0.934188046102,0.486705328811,0.712789318286,0.398615612013,2,1.78816207094,0.712789318286,2,0.249287484568,0.235212053571,281,0.0361647361647,0.35183949636,37,37,37,1,0,0.405405405405,0.567567567568,0.027027027027,-95,-0.0713213213213,0.0628732528257,-5.13513513514,-4.31818181818,-2.91031746032,0.42604230459,0.143586432029,0.0845156897788,-1.76591784576,0.131122278466,0.0595129542498,-1.81697693057,0.0629231518969,0.0248750775067,0.0721897479603,0.0273157092952,0,0.0628732528257,0.0721897479603,0,-0.0947839096793,-0.141356984085,-529,-0.0680823680824,-0.21773733199,0,0.027027027027,-0.027027027027,243,4,99,986,0.710526315789,0.99595959596,0.0040404040404,0.289473684211,0.983805668016,0.710526315789,0.825127334465,0.794091981149,0.706485911749,0.702312138728,76,171,0,0,0,0
1974,WLNM_dir_neg,0.848585889675,0.796050569604,00:00:05,10,50,20,1237612655,threshold_sweep,0.3,0.959459459459,0.415204678363,0.579591836735,71,3,100,339,0.415204678363,0.991228070175,0.00877192982456,0.584795321637,0.959459459459,0.415204678363,0.579591836735,0.799220272904,0.618583495776,0.473594548552,0.545320321944,0.406432748538,342,171,171,0,342,0,171,0,171,37,342,0.256756756757,1.72528881811,18.4864864865,15.5454545455,9.77142857143,5.36771015539,0.290358590277,0.142642642643,9.50849154237,1.02869645341,0.544491860281,8.05331334643,0.871264894205,0.461830251304,0.640599570326,0.371299902718,2,1.72528881811,0.640599570326,2,0.344071394247,0.376569037657,810,0.104247104247,0.56957682835,37,37,37,1,0,0.405405405405,0.540540540541,0.0540540540541,37,0.128378378378,1.93698435277,9.24324324324,7.77272727273,4.88571428571,4.85572631828,0.525327116306,0.293345977557,5.99236250643,1.29659305695,0.650861387703,4.24494046125,0.918495889275,0.481428797218,0.911406897875,0.470528786962,3.26228070175,1.93698435277,0.911406897875,3.26228070175,0.0707002426817,0.0279605263158,17,0.0021879021879,0.188791701142,37,37,37,1,0,0.405405405405,0.540540540541,0.0540540540541,37,245,0.183933933934,1.78566768776,13.2432432432,11.1363636364,6.80555555556,5.63917549827,0.425815292727,0.222173193602,7.64253939528,1.15417941888,0.60165471594,6.27761168028,0.948047478247,0.492664092664,0.710610706699,0.397952380262,2,1.78566768776,0.710610706699,2,0.241796653548,0.225042301184,266,0.0342342342342,0.35472293878,37,37,37,1,0,0.405405405405,0.567567567568,0.027027027027,-97,-0.0728228228228,0.0603788696401,-5.24324324324,-4.40909090909,-2.96587301587,0.271465342878,0.135456702449,0.0795305509591,-1.86595214709,0.125482965464,0.0571628556591,-1.77570166615,0.0767825840417,0.0308338413602,0.0700111363731,0.0266524775443,0,0.0603788696401,0.0700111363731,0,-0.1022747407,-0.151526736472,-544,-0.0700128700129,-0.21485388957,0,0.027027027027,-0.027027027027,242,3,100,987,0.707602339181,0.99696969697,0.0030303030303,0.292397660819,0.987755102041,0.707602339181,0.824531516184,0.794434760606,0.704572036151,0.701449275362,74,171,0,0,0,0
1975,WLNM_dir_neg,0.848585889675,0.796050569604,00:00:05,10,50,20,1237612655,threshold_sweep,0.4,0.972602739726,0.415204678363,0.581967213115,71,2,100,340,0.415204678363,0.994152046784,0.00584795321637,0.584795321637,0.972602739726,0.415204678363,0.581967213115,0.801169590643,0.619233268356,0.477815699659,0.552363877395,0.409356725146,342,171,171,0,342,0,171,0,171,37,342,0.256756756757,1.72528881811,18.4864864865,15.5454545455,9.77142857143,5.36771015539,0.290358590277,0.142642642643,9.50849154237,1.02869645341,0.544491860281,8.05331334643,0.871264894205,0.461830251304,0.640599570326,0.371299902718,2,1.72528881811,0.640599570326,2,0.344071394247,0.376569037657,810,0.104247104247,0.56957682835,37,37,37,1,0,0.405405405405,0.540540540541,0.0540540540541,37,0.128378378378,1.93698435277,9.24324324324,7.77272727273,4.88571428571,4.85572631828,0.525327116306,0.293345977557,5.99236250643,1.29659305695,0.650861387703,4.24494046125,0.918495889275,0.481428797218,0.911406897875,0.470528786962,3.26228070175,1.93698435277,0.911406897875,3.26228070175,0.0707002426817,0.0279605263158,17,0.0021879021879,0.188791701142,37,37,37,1,0,0.405405405405,0.540540540541,0.0540540540541,37,244,0.183183183183,1.78426552391,13.1891891892,11.0909090909,6.77777777778,5.58190448303,0.423218167771,0.219982277359,7.59919388802,1.1523367781,0.600575985822,6.29576338792,0.954685431774,0.494904740806,0.709509496883,0.39764793265,2,1.78426552391,0.709509496883,2,0.225281853442,0.214591051582,251,0.0323037323037,0.356407389237,37,37,37,1,0,0.405405405405,0.567567567568,0.027027027027,-98,-0.0735735735736,0.0589767057986,-5.2972972973,-4.45454545455,-2.99365079365,0.214194327636,0.132859577494,0.0773396347167,-1.90929765435,0.123640324687,0.0560841255406,-1.75754995852,0.0834205375694,0.0330744895024,0.0689099265574,0.0263480299326,0,0.0589767057986,0.0689099265574,0,-0.118789540806,-0.161977986075,-559,-0.0719433719434,-0.213169439112,0,0.027027027027,-0.027027027027,242,2,100,988,0.707602339181,0.99797979798,0.0020202020202,0.292397660819,0.991803278689,0.707602339181,0.825938566553,0.796835853642,0.705582137161,0.703488372093,73,171,0,0,0,0
1976,WLNM_dir_neg,0.848585889675,0.796050569604,00:00:05,10,50,20,1237612655,threshold_sweep,0.5,0.971830985915,0.40350877193,0.570247933884,69,2,102,340,0.40350877193,0.994152046784,0.00584795321637,0.59649122807,0.971830985915,0.40350877193,0.570247933884,0.797270955166,0.620532813515,0.465753424658,0.542854699039,0.397660818713,342,171,171,0,342,0,171,0,171,37,342,0.256756756757,1.72528881811,18.4864864865,15.5454545455,9.77142857143,5.36771015539,0.290358590277,0.142642642643,9.50849154237,1.02869645341,0.544491860281,8.05331334643,0.871264894205,0.461830251304,0.640599570326,0.371299902718,2,1.72528881811,0.640599570326,2,0.344071394247,0.376569037657,810,0.104247104247,0.56957682835,37,37,37,1,0,0.405405405405,0.540540540541,0.0540540540541,37,0.128378378378,1.93698435277,9.24324324324,7.77272727273,4.88571428571,4.85572631828,0.525327116306,0.293345977557,5.99236250643,1.29659305695,0.650861387703,4.24494046125,0.918495889275,0.481428797218,0.911406897875,0.470528786962,3.26228070175,1.93698435277,0.911406897875,3.26228070175,0.0707002426817,0.0279605263158,17,0.0021879021879,0.188791701142,37,37,37,1,0,0.405405405405,0.540540540541,0.0540540540541,37,242,0.181681681682,1.79566568614,13.0810810811,11,6.72222222222,5.54465898349,0.423868558656,0.218784900603,7.55569908007,1.15521018993,0.601072146527,6.2742622169,0.959288024897,0.495197677016,0.730960736629,0.407069502007,2.31312391312,1.79566568614,0.730960736629,2.31312391312,0.206503109865,0.201680672269,232,0.0298584298584,0.353571749138,37,37,37,1,0,0.405405405405,0.567567567568,0.027027027027,-100,-0.0750750750751,0.070376868027,-5.40540540541,-4.54545454545,-3.04920634921,0.176948828101,0.133509968378,0.0761422579604,-1.9527924623,0.126513736513,0.0565802862454,-1.77905112954,0.0880231306924,0.0333674257119,0.0903611663031,0.0357695992895,0.313123913124,0.070376868027,0.0903611663031,0.313123913124,-0.137568284382,-0.174888365388,-578,-0.0743886743887,-0.216005079212,0,0.027027027027,-0.027027027027,240,2,102,988,0.701754385965,0.99797979798,0.0020202020202,0.298245614035,0.99173553719,0.701754385965,0.821917808219,0.792761971955,0.699734183945,0.697674418605,71,171,0,0,0,0
1977,WLNM_dir_neg,0.848585889675,0.796050569604,00:00:05,10,50,20,1237612655,threshold_sweep,0.6,0.971830985915,0.40350877193,0.570247933884,69,2,102,340,0.40350877193,0.994152046784,0.00584795321637,0.59649122807,0.971830985915,0.40350877193,0.570247933884,0.797270955166,0.620532813515,0.465753424658,0.542854699039,0.397660818713,342,171,171,0,342,0,171,0,171,37,342,0.256756756757,1.72528881811,18.4864864865,15.5454545455,9.77142857143,5.36771015539,0.290358590277,0.142642642643,9.50849154237,1.02869645341,0.544491860281,8.05331334643,0.871264894205,0.461830251304,0.640599570326,0.371299902718,2,1.72528881811,0.640599570326,2,0.344071394247,0.376569037657,810,0.104247104247,0.56957682835,37,37,37,1,0,0.405405405405,0.540540540541,0.0540540540541,37,0.128378378378,1.93698435277,9.24324324324,7.77272727273,4.88571428571,4.85572631828,0.525327116306,0.293345977557,5.99236250643,1.29659305695,0.650861387703,4.24494046125,0.918495889275,0.481428797218,0.911406897875,0.470528786962,3.26228070175,1.93698435277,0.911406897875,3.26228070175,0.0707002426817,0.0279605263158,17,0.0021879021879,0.188791701142,37,37,37,1,0,0.405405405405,0.540540540541,0.0540540540541,37,242,0.181681681682,1.79566568614,13.0810810811,11,6.72222222222,5.54465898349,0.423868558656,0.218784900603,7.55569908007,1.15521018993,0.601072146527,6.2742622169,0.959288024897,0.495197677016,0.730960736629,0.407069502007,2.31312391312,1.79566568614,0.730960736629,2.31312391312,0.206503109865,0.201680672269,232,0.0298584298584,0.353571749138,37,37,37,1,0,0.405405405405,0.567567567568,0.027027027027,-100,-0.0750750750751,0.070376868027,-5.40540540541,-4.54545454545,-3.04920634921,0.176948828101,0.133509968378,0.0761422579604,-1.9527924623,0.126513736513,0.0565802862454,-1.77905112954,0.0880231306924,0.0333674257119,0.0903611663031,0.0357695992895,0.313123913124,0.070376868027,0.0903611663031,0.313123913124,-0.137568284382,-0.174888365388,-578,-0.0743886743887,-0.216005079212,0,0.027027027027,-0.027027027027,240,2,102,988,0.701754385965,0.99797979798,0.0020202020202,0.298245614035,0.99173553719,0.701754385965,0.821917808219,0.792761971955,0.699734183945,0.697674418605,71,171,0,0,0,0
1978,WLNM_dir_neg,0.848585889675,0.796050569604,00:00:05,10,50,20,1237612655,threshold_sweep,0.7,0.971830985915,0.40350877193,0.570247933884,69,2,102,340,0.40350877193,0.994152046784,0.00584795321637,0.59649122807,0.971830985915,0.40350877193,0.570247933884,0.797270955166,0.620532813515,0.465753424658,0.542854699039,0.397660818713,342,171,171,0,342,0,171,0,171,37,342,0.256756756757,1.72528881811,18.4864864865,15.5454545455,9.77142857143,5.36771015539,0.290358590277,0.142642642643,9.50849154237,1.02869645341,0.544491860281,8.05331334643,0.871264894205,0.461830251304,0.640599570326,0.371299902718,2,1.72528881811,0.640599570326,2,0.344071394247,0.376569037657,810,0.104247104247,0.56957682835,37,37,37,1,0,0.405405405405,0.540540540541,0.0540540540541,37,0.128378378378,1.93698435277,9.24324324324,7.77272727273,4.88571428571,4.85572631828,0.525327116306,0.293345977557,5.99236250643,1.29659305695,0.650861387703,4.24494046125,0.918495889275,0.481428797218,0.911406897875,0.470528786962,3.26228070175,1.93698435277,0.911406897875,3.26228070175,0.0707002426817,0.0279605263158,17,0.0021879021879,0.188791701142,37,37,37,1,0,0.405405405405,0.540540540541,0.0540540540541,37,242,0.181681681682,1.79566568614,13.0810810811,11,6.72222222222,5.54465898349,0.423868558656,0.218784900603,7.55569908007,1.15521018993,0.601072146527,6.2742622169,0.959288024897,0.495197677016,0.730960736629,0.407069502007,2.31312391312,1.79566568614,0.730960736629,2.31312391312,0.206503109865,0.201680672269,232,0.0298584298584,0.353571749138,37,37,37,1,0,0.405405405405,0.567567567568,0.027027027027,-100,-0.0750750750751,0.070376868027,-5.40540540541,-4.54545454545,-3.04920634921,0.176948828101,0.133509968378,0.0761422579604,-1.9527924623,0.126513736513,0.0565802862454,-1.77905112954,0.0880231306924,0.0333674257119,0.0903611663031,0.0357695992895,0.313123913124,0.070376868027,0.0903611663031,0.313123913124,-0.137568284382,-0.174888365388,-578,-0.0743886743887,-0.216005079212,0,0.027027027027,-0.027027027027,240,2,102,988,0.701754385965,0.99797979798,0.0020202020202,0.298245614035,0.99173553719,0.701754385965,0.821917808219,0.792761971955,0.699734183945,0.697674418605,71,171,0,0,0,0
1979,WLNM_dir_neg,0.848585889675,0.796050569604,00:00:05,10,50,20,1237612655,threshold_sweep,0.8,0.971830985915,0.40350877193,0.570247933884,69,2,102,340,0.40350877193,0.994152046784,0.00584795321637,0.59649122807,0.971830985915,0.40350877193,0.570247933884,0.797270955166,0.620532813515,0.465753424658,0.542854699039,0.397660818713,342,171,171,0,342,0,171,0,171,37,342,0.256756756757,1.72528881811,18.4864864865,15.5454545455,9.77142857143,5.36771015539,0.290358590277,0.142642642643,9.50849154237,1.02869645341,0.544491860281,8.05331334643,0.871264894205,0.461830251304,0.640599570326,0.371299902718,2,1.72528881811,0.640599570326,2,0.344071394247,0.376569037657,810,0.104247104247,0.56957682835,37,37,37,1,0,0.405405405405,0.540540540541,0.0540540540541,37,0.128378378378,1.93698435277,9.24324324324,7.77272727273,4.88571428571,4.85572631828,0.525327116306,0.293345977557,5.99236250643,1.29659305695,0.650861387703,4.24494046125,0.918495889275,0.481428797218,0.911406897875,0.470528786962,3.26228070175,1.93698435277,0.911406897875,3.26228070175,0.0707002426817,0.0279605263158,17,0.0021879021879,0.188791701142,37,37,37,1,0,0.405405405405,0.540540540541,0.0540540540541,37,242,0.181681681682,1.79566568614,13.0810810811,11,6.72222222222,5.54465898349,0.423868558656,0.218784900603,7.55569908007,1.15521018993,0.601072146527,6.2742622169,0.959288024897,0.495197677016,0.730960736629,0.407069502007,2.31312391312,1.79566568614,0.730960736629,2.31312391312,0.206503109865,0.201680672269,232,0.0298584298584,0.353571749138,37,37,37,1,0,0.405405405405,0.567567567568,0.027027027027,-100,-0.0750750750751,0.070376868027,-5.40540540541,-4.54545454545,-3.04920634921,0.176948828101,0.133509968378,0.0761422579604,-1.9527924623,0.126513736513,0.0565802862454,-1.77905112954,0.0880231306924,0.0333674257119,0.0903611663031,0.0357695992895,0.313123913124,0.070376868027,0.0903611663031,0.313123913124,-0.137568284382,-0.174888365388,-578,-0.0743886743887,-0.216005079212,0,0.027027027027,-0.027027027027,240,2,102,988,0.701754385965,0.99797979798,0.0020202020202,0.298245614035,0.99173553719,0.701754385965,0.821917808219,0.792761971955,0.699734183945,0.697674418605,71,171,0,0,0,0
1980,WLNM_dir_neg,0.848585889675,0.796050569604,00:00:05,10,50,20,1237612655,threshold_sweep,0.9,0.971428571429,0.397660818713,0.564315352697,68,2,103,340,0.397660818713,0.994152046784,0.00584795321637,0.602339181287,0.971428571429,0.397660818713,0.564315352697,0.795321637427,0.621182586095,0.459691252144,0.538070171851,0.391812865497,342,171,171,0,342,0,171,0,171,37,342,0.256756756757,1.72528881811,18.4864864865,15.5454545455,9.77142857143,5.36771015539,0.290358590277,0.142642642643,9.50849154237,1.02869645341,0.544491860281,8.05331334643,0.871264894205,0.461830251304,0.640599570326,0.371299902718,2,1.72528881811,0.640599570326,2,0.344071394247,0.376569037657,810,0.104247104247,0.56957682835,37,37,37,1,0,0.405405405405,0.540540540541,0.0540540540541,37,0.128378378378,1.93698435277,9.24324324324,7.77272727273,4.88571428571,4.85572631828,0.525327116306,0.293345977557,5.99236250643,1.29659305695,0.650861387703,4.24494046125,0.918495889275,0.481428797218,0.911406897875,0.470528786962,3.26228070175,1.93698435277,0.911406897875,3.26228070175,0.0707002426817,0.0279605263158,17,0.0021879021879,0.188791701142,37,37,37,1,0,0.405405405405,0.540540540541,0.0540540540541,37,241,0.180930930931,1.79585918634,13.027027027,10.9545454545,6.69444444444,5.52512687882,0.424127996922,0.218571268364,7.53370803501,1.15662737467,0.60244476842,6.23440998555,0.957150080768,0.493215206908,0.731053309011,0.407077188776,2.31326960077,1.79585918634,0.731053309011,2.31326960077,0.206539105873,0.200759789597,229,0.0294723294723,0.349669721835,37,37,37,1,0,0.405405405405,0.567567567568,0.027027027027,-101,-0.0758258258258,0.0705703682205,-5.45945945946,-4.59090909091,-3.07698412698,0.157416723424,0.133769406645,0.0759286257212,-1.97478350737,0.127930921255,0.0579529081385,-1.81890336089,0.0858851865635,0.0313849556042,0.0904537386845,0.035777286058,0.31326960077,0.0705703682205,0.0904537386845,0.31326960077,-0.137532288375,-0.17580924806,-581,-0.0747747747748,-0.219907106515,0,0.027027027027,-0.027027027027,239,2,103,988,0.698830409357,0.99797979798,0.0020202020202,0.301169590643,0.991701244813,0.698830409357,0.819897084048,0.790722792781,0.696810207337,0.69476744186,70,171,0,0,0,0
1981,WLNM_dir_neg,0.959637153312,0.816055343712,00:00:05,10,50,21,1237612656,threshold_sweep,0.1,0.903448275862,0.766081871345,0.829113924051,131,14,40,328,0.766081871345,0.959064327485,0.0409356725146,0.233918128655,0.903448275862,0.766081871345,0.829113924051,0.894736842105,0.572449642625,0.753799392097,0.759152055966,0.72514619883,342,171,171,0,342,0,171,0,171,37,342,0.256756756757,1.72528881811,18.4864864865,15.5454545455,9.77142857143,5.36771015539,0.290358590277,0.142642642643,9.50849154237,1.02869645341,0.544491860281,8.05331334643,0.871264894205,0.461830251304,0.640599570326,0.371299902718,2,1.72528881811,0.640599570326,2,0.344071394247,0.376569037657,810,0.104247104247,0.56957682835,37,37,37,1,0,0.405405405405,0.540540540541,0.0540540540541,37,0.128378378378,1.98031517232,9.24324324324,7.77272727273,4.88571428571,4.71054022265,0.509619848649,0.284020862968,5.92242138615,1.28145959817,0.644223170539,4.11198351266,0.889727426716,0.468152362889,1.00348046058,0.506727653562,3.40622222222,1.98031517232,1.00348046058,3.40622222222,0.0747914644973,0.0232945091514,14,0.0018018018018,0.187888442797,37,37,37,1,0,0.405405405405,0.540540540541,0.0540540540541,37,316,0.237237237237,1.9610942302,17.0810810811,13.7391304348,8.54054054054,4.6210771855,0.270537746619,0.126582278481,8.35196116222,0.977919503171,0.522921655833,7.66157292595,0.897082905887,0.460314745125,0.927388554793,0.472893418639,3.43132824501,1.9610942302,0.927388554793,3.43132824501,0.265393840394,0.270533208606,482,0.0620334620335,0.487155646334,37,37,37,1,0,0.378378378378,0.621621621622,0,-26,-0.0195195195195,0.235805412086,-1.40540540541,-1.80632411067,-1.23088803089,-0.746632969893,-0.0198208436576,-0.0160603641616,-1.15653038015,-0.0507769502433,-0.0215702044483,-0.391740420481,0.0258180116821,-0.00151550617906,0.286788984467,0.101593515921,1.43132824501,0.235805412086,0.286788984467,1.43132824501,-0.0786775538536,-0.106035829051,-328,-0.0422136422136,-0.0824211820158,-0.027027027027,0.0810810810811,-0.0540540540541,302,14,40,976,0.883040935673,0.985858585859,0.0141414141414,0.116959064327,0.955696202532,0.883040935673,0.917933130699,0.892297781309,0.868899521531,0.848314606742,145,171,0,0,0,0
1982,WLNM_dir_neg,0.959637153312,0.816055343712,00:00:05,10,50,21,1237612656,threshold_sweep,0.2,0.921985815603,0.760233918129,0.833333333333,130,11,41,331,0.760233918129,0.96783625731,0.0321637426901,0.239766081871,0.921985815603,0.760233918129,0.833333333333,0.898635477583,0.575048732943,0.761467889908,0.768782206472,0.728070175439,342,171,171,0,342,0,171,0,171,37,342,0.256756756757,1.72528881811,18.4864864865,15.5454545455,9.77142857143,5.36771015539,0.290358590277,0.142642642643,9.50849154237,1.02869645341,0.544491860281,8.05331334643,0.871264894205,0.461830251304,0.640599570326,0.371299902718,2,1.72528881811,0.640599570326,2,0.344071394247,0.376569037657,810,0.104247104247,0.56957682835,37,37,37,1,0,0.405405405405,0.540540540541,0.0540540540541,37,0.128378378378,1.98031517232,9.24324324324,7.77272727273,4.88571428571,4.71054022265,0.509619848649,0.284020862968,5.92242138615,1.28145959817,0.644223170539,4.11198351266,0.889727426716,0.468152362889,1.00348046058,0.506727653562,3.40622222222,1.98031517232,1.00348046058,3.40622222222,0.0747914644973,0.0232945091514,14,0.0018018018018,0.187888442797,37,37,37,1,0,0.405405405405,0.540540540541,0.0540540540541,37,312,0.234234234234,1.95461961625,16.8648648649,13.5652173913,8.43243243243,4.58961486016,0.272140624721,0.125086625087,8.26149213231,0.97972823364,0.522349272349,7.71917000626,0.915414391768,0.470374220374,0.922671540398,0.472046598084,3.43149327847,1.95461961625,0.922671540398,3.43149327847,0.244603328841,0.255564082886,444,0.0571428571429,0.4892171728,37,37,37,1,0,0.378378378378,0.621621621622,0,-30,-0.0225225225225,0.229330798134,-1.62162162162,-1.98023715415,-1.338996139,-0.778095295237,-0.0182179655563,-0.017556017556,-1.24699941006,-0.0489682197752,-0.0221425879321,-0.334143340172,0.0441494975635,0.00854396907028,0.282071970072,0.100746695366,1.43149327847,0.229330798134,0.282071970072,1.43149327847,-0.099468065406,-0.121004954771,-366,-0.0471042471042,-0.08035965555,-0.027027027027,0.0810810810811,-0.0540540540541,301,11,41,979,0.880116959064,0.988888888889,0.0111111111111,0.119883040936,0.964743589744,0.880116959064,0.920489296636,0.89634658143,0.869005847953,0.85269121813,141,171,0,0,0,0
1983,WLNM_dir_neg,0.959637153312,0.816055343712,00:00:05,10,50,21,1237612656,threshold_sweep,0.3,0.948529411765,0.754385964912,0.840390879479,129,7,42,335,0.754385964912,0.979532163743,0.0204678362573,0.245614035088,0.948529411765,0.754385964912,0.840390879479,0.904483430799,0.578297595841,0.773497688752,0.783824067322,0.733918128655,342,171,171,0,342,0,171,0,171,37,342,0.256756756757,1.72528881811,18.4864864865,15.5454545455,9.77142857143,5.36771015539,0.290358590277,0.142642642643,9.50849154237,1.02869645341,0.544491860281,8.05331334643,0.871264894205,0.461830251304,0.640599570326,0.371299902718,2,1.72528881811,0.640599570326,2,0.344071394247,0.376569037657,810,0.104247104247,0.56957682835,37,37,37,1,0,0.405405405405,0.540540540541,0.0540540540541,37,0.128378378378,1.98031517232,9.24324324324,7.77272727273,4.88571428571,4.71054022265,0.509619848649,0.284020862968,5.92242138615,1.28145959817,0.644223170539,4.11198351266,0.889727426716,0.468152362889,1.00348046058,0.506727653562,3.40622222222,1.98031517232,1.00348046058,3.40622222222,0.0747914644973,0.0232945091514,14,0.0018018018018,0.187888442797,37,37,37,1,0,0.405405405405,0.540540540541,0.0540540540541,37,307,0.23048048048,1.77775517049,16.5945945946,13.9545454545,8.52777777778,4.71085896543,0.283879123324,0.128708513073,8.19845806934,0.988087780344,0.523989787833,7.82753283419,0.943383436042,0.48366933709,0.718898258159,0.404385412622,2.69319862892,1.77775517049,0.718898258159,2.69319862892,0.237067931232,0.243594797004,412,0.0530244530245,0.541922885627,37,37,37,1,0,0.405405405405,0.567567567568,0.027027027027,-35,-0.0262762762763,0.0524663523749,-1.89189189189,-1.59090909091,-1.24365079365,-0.656851189961,-0.00647946695304,-0.0139341295693,-1.31003347304,-0.040608673071,-0.0205020724479,-0.225780512248,0.0721185418372,0.0218390857856,0.0782986878328,0.033085509904,0.693198628917,0.0524663523749,0.0782986878328,0.693198628917,-0.107003463015,-0.132974240653,-398,-0.0512226512227,-0.0276539427227,0,0.027027027027,-0.027027027027,300,7,42,983,0.877192982456,0.992929292929,0.00707070707071,0.122807017544,0.977198697068,0.877192982456,0.924499229584,0.902567760891,0.870122275385,0.859598853868,136,171,0,0,0,0
1984,WLNM_dir_neg,0.959637153312,0.816055343712,00:00:05,10,50,21,1237612656,threshold_sweep,0.4,0.948529411765,0.754385964912,0.840390879479,129,7,42,335,0.754385964912,0.979532163743,0.0204678362573,0.245614035088,0.948529411765,0.754385964912,0.840390879479,0.904483430799,0.578297595841,0.773497688752,0.783824067322,0.733918128655,342,171,171,0,342,0,171,0,171,37,342,0.256756756757,1.72528881811,18.4864864865,15.5454545455,9.77142857143,5.36771015539,0.290358590277,0.142642642643,9.50849154237,1.02869645341,0.544491860281,8.05331334643,0.871264894205,0.461830251304,0.640599570326,0.371299902718,2,1.72528881811,0.640599570326,2,0.344071394247,0.376569037657,810,0.104247104247,0.56957682835,37,37,37,1,0,0.405405405405,0.540540540541,0.0540540540541,37,0.128378378378,1.98031517232,9.24324324324,7.77272727273,4.88571428571,4.71054022265,0.509619848649,0.284020862968,5.92242138615,1.28145959817,0.644223170539,4.11198351266,0.889727426716,0.468152362889,1.00348046058,0.506727653562,3.40622222222,1.98031517232,1.00348046058,3.40622222222,0.0747914644973,0.0232945091514,14,0.0018018018018,0.187888442797,37,37,37,1,0,0.405405405405,0.540540540541,0.0540540540541,37,307,0.23048048048,1.77775517049,16.5945945946,13.9545454545,8.52777777778,4.71085896543,0.283879123324,0.128708513073,8.19845806934,0.988087780344,0.523989787833,7.82753283419,0.943383436042,0.48366933709,0.718898258159,0.404385412622,2.69319862892,1.77775517049,0.718898258159,2.69319862892,0.237067931232,0.243594797004,412,0.0530244530245,0.541922885627,37,37,37,1,0,0.405405405405,0.567567567568,0.027027027027,-35,-0.0262762762763,0.0524663523749,-1.89189189189,-1.59090909091,-1.24365079365,-0.656851189961,-0.00647946695304,-0.0139341295693,-1.31003347304,-0.040608673071,-0.0205020724479,-0.225780512248,0.0721185418372,0.0218390857856,0.0782986878328,0.033085509904,0.693198628917,0.0524663523749,0.0782986878328,0.693198628917,-0.107003463015,-0.132974240653,-398,-0.0512226512227,-0.0276539427227,0,0.027027027027,-0.027027027027,300,7,42,983,0.877192982456,0.992929292929,0.00707070707071,0.122807017544,0.977198697068,0.877192982456,0.924499229584,0.902567760891,0.870122275385,0.859598853868,136,171,0,0,0,0
1985,WLNM_dir_neg,0.959637153312,0.816055343712,00:00:05,10,50,21,1237612656,threshold_sweep,0.5,0.948529411765,0.754385964912,0.840390879479,129,7,42,335,0.754385964912,0.979532163743,0.0204678362573,0.245614035088,0.948529411765,0.754385964912,0.840390879479,0.904483430799,0.578297595841,0.773497688752,0.783824067322,0.733918128655,342,171,171,0,342,0,171,0,171,37,342,0.256756756757,1.72528881811,18.4864864865,15.5454545455,9.77142857143,5.36771015539,0.290358590277,0.142642642643,9.50849154237,1.02869645341,0.544491860281,8.05331334643,0.871264894205,0.461830251304,0.640599570326,0.371299902718,2,1.72528881811,0.640599570326,2,0.344071394247,0.376569037657,810,0.104247104247,0.56957682835,37,37,37,1,0,0.405405405405,0.540540540541,0.0540540540541,37,0.128378378378,1.98031517232,9.24324324324,7.77272727273,4.88571428571,4.71054022265,0.509619848649,0.284020862968,5.92242138615,1.28145959817,0.644223170539,4.11198351266,0.889727426716,0.468152362889,1.00348046058,0.506727653562,3.40622222222,1.98031517232,1.00348046058,3.40622222222,0.0747914644973,0.0232945091514,14,0.0018018018018,0.187888442797,37,37,37,1,0,0.405405405405,0.540540540541,0.0540540540541,37,307,0.23048048048,1.77775517049,16.5945945946,13.9545454545,8.52777777778,4.71085896543,0.283879123324,0.128708513073,8.19845806934,0.988087780344,0.523989787833,7.82753283419,0.943383436042,0.48366933709,0.718898258159,0.404385412622,2.69319862892,1.77775517049,0.718898258159,2.69319862892,0.237067931232,0.243594797004,412,0.0530244530245,0.541922885627,37,37,37,1,0,0.405405405405,0.567567567568,0.027027027027,-35,-0.0262762762763,0.0524663523749,-1.89189189189,-1.59090909091,-1.24365079365,-0.656851189961,-0.00647946695304,-0.0139341295693,-1.31003347304,-0.040608673071,-0.0205020724479,-0.225780512248,0.0721185418372,0.0218390857856,0.0782986878328,0.033085509904,0.693198628917,0.0524663523749,0.0782986878328,0.693198628917,-0.107003463015,-0.132974240653,-398,-0.0512226512227,-0.0276539427227,0,0.027027027027,-0.027027027027,300,7,42,983,0.877192982456,0.992929292929,0.00707070707071,0.122807017544,0.977198697068,0.877192982456,0.924499229584,0.902567760891,0.870122275385,0.859598853868,136,171,0,0,0,0
1986,WLNM_dir_neg,0.959637153312,0.816055343712,00:00:05,10,50,21,1237612656,threshold_sweep,0.6,0.955555555556,0.754385964912,0.843137254902,129,6,42,336,0.754385964912,0.982456140351,0.0175438596491,0.245614035088,0.955555555556,0.754385964912,0.843137254902,0.906432748538,0.578947368421,0.777777777778,0.788810637747,0.736842105263,342,171,171,0,342,0,171,0,171,37,342,0.256756756757,1.72528881811,18.4864864865,15.5454545455,9.77142857143,5.36771015539,0.290358590277,0.142642642643,9.50849154237,1.02869645341,0.544491860281,8.05331334643,0.871264894205,0.461830251304,0.640599570326,0.371299902718,2,1.72528881811,0.640599570326,2,0.344071394247,0.376569037657,810,0.104247104247,0.56957682835,37,37,37,1,0,0.405405405405,0.540540540541,0.0540540540541,37,0.128378378378,1.98031517232,9.24324324324,7.77272727273,4.88571428571,4.71054022265,0.509619848649,0.284020862968,5.92242138615,1.28145959817,0.644223170539,4.11198351266,0.889727426716,0.468152362889,1.00348046058,0.506727653562,3.40622222222,1.98031517232,1.00348046058,3.40622222222,0.0747914644973,0.0232945091514,14,0.0018018018018,0.187888442797,37,37,37,1,0,0.405405405405,0.540540540541,0.0540540540541,37,306,0.22972972973,1.77581728049,16.5405405405,13.9090909091,8.5,4.68208521088,0.283067243141,0.128775834658,8.15014876704,0.985475504512,0.522699169758,7.84803106464,0.948944932653,0.485603250309,0.717049296763,0.403785515909,2.69318633501,1.77581728049,0.717049296763,2.69318633501,0.235914544667,0.241762604208,406,0.0522522522523,0.543439213561,37,37,37,1,0,0.405405405405,0.567567567568,0.027027027027,-36,-0.027027027027,0.0505284623734,-1.94594594595,-1.63636363636,-1.27142857143,-0.685624944515,-0.00729134713581,-0.0138668079845,-1.35834277533,-0.0432209489031,-0.0217926905233,-0.205282281792,0.077680038448,0.0237729990052,0.0764497264365,0.0324856131915,0.693186335009,0.0505284623734,0.0764497264365,0.693186335009,-0.10815684958,-0.134806433449,-404,-0.0519948519949,-0.0261376147886,0,0.027027027027,-0.027027027027,300,6,42,984,0.877192982456,0.993939393939,0.00606060606061,0.122807017544,0.980392156863,0.877192982456,0.925925925926,0.904649633687,0.871132376396,0.862068965517,135,171,0,0,0,0
1987,WLNM_dir_neg,0.959637153312,0.816055343712,00:00:05,10,50,21,1237612656,threshold_sweep,0.7,0.96992481203,0.754385964912,0.848684210526,129,4,42,338,0.754385964912,0.988304093567,0.0116959064327,0.245614035088,0.96992481203,0.754385964912,0.848684210526,0.910331384016,0.58024691358,0.786377708978,0.798915965187,0.74269005848,342,171,171,0,342,0,171,0,171,37,342,0.256756756757,1.72528881811,18.4864864865,15.5454545455,9.77142857143,5.36771015539,0.290358590277,0.142642642643,9.50849154237,1.02869645341,0.544491860281,8.05331334643,0.871264894205,0.461830251304,0.640599570326,0.371299902718,2,1.72528881811,0.640599570326,2,0.344071394247,0.376569037657,810,0.104247104247,0.56957682835,37,37,37,1,0,0.405405405405,0.540540540541,0.0540540540541,37,0.128378378378,1.98031517232,9.24324324324,7.77272727273,4.88571428571,4.71054022265,0.509619848649,0.284020862968,5.92242138615,1.28145959817,0.644223170539,4.11198351266,0.889727426716,0.468152362889,1.00348046058,0.506727653562,3.40622222222,1.98031517232,1.00348046058,3.40622222222,0.0747914644973,0.0232945091514,14,0.0018018018018,0.187888442797,37,37,37,1,0,0.405405405405,0.540540540541,0.0540540540541,37,304,0.228228228228,1.72315442838,16.4324324324,13.8181818182,8.44444444444,4.80474615204,0.29239409149,0.132734708393,8.19598524731,0.997537678127,0.527027027027,7.88858223826,0.960123496104,0.490576102418,0.639961353808,0.371389437458,2,1.72315442838,0.639961353808,2,0.227484583606,0.241242038217,404,0.0519948519949,0.543917862353,37,37,37,1,0,0.405405405405,0.567567567568,0.027027027027,-38,-0.0285285285285,-0.00213438973929,-2.05405405405,-1.72727272727,-1.32698412698,-0.562964003349,0.00203550121242,-0.00990793425004,-1.31250629506,-0.0311587752879,-0.0174648332543,-0.164731108178,0.0888586018987,0.0287458511143,-0.000638216518423,8.95347402403e-05,0,-0.00213438973929,-0.000638216518423,0,-0.116586810642,-0.13532699944,-406,-0.0522522522523,-0.0256589659972,0,0.027027027027,-0.027027027027,300,4,42,986,0.877192982456,0.99595959596,0.0040404040404,0.122807017544,0.986842105263,0.877192982456,0.928792569659,0.908840018802,0.873152578416,0.867052023121,133,171,0,0,0,0
1988,WLNM_dir_neg,0.959637153312,0.816055343712,00:00:05,10,50,21,1237612656,threshold_sweep,0.8,0.992307692308,0.754385964912,0.857142857143,129,1,42,341,0.754385964912,0.997076023392,0.00292397660819,0.245614035088,0.992307692308,0.754385964912,0.857142857143,0.916179337232,0.582196231319,0.799377916019,0.814417434848,0.751461988304,342,171,171,0,342,0,171,0,171,37,342,0.256756756757,1.72528881811,18.4864864865,15.5454545455,9.77142857143,5.36771015539,0.290358590277,0.142642642643,9.50849154237,1.02869645341,0.544491860281,8.05331334643,0.871264894205,0.461830251304,0.640599570326,0.371299902718,2,1.72528881811,0.640599570326,2,0.344071394247,0.376569037657,810,0.104247104247,0.56957682835,37,37,37,1,0,0.405405405405,0.540540540541,0.0540540540541,37,0.128378378378,1.98031517232,9.24324324324,7.77272727273,4.88571428571,4.71054022265,0.509619848649,0.284020862968,5.92242138615,1.28145959817,0.644223170539,4.11198351266,0.889727426716,0.468152362889,1.00348046058,0.506727653562,3.40622222222,1.98031517232,1.00348046058,3.40622222222,0.0747914644973,0.0232945091514,14,0.0018018018018,0.187888442797,37,37,37,1,0,0.405405405405,0.540540540541,0.0540540540541,37,301,0.225975975976,1.72013071639,16.2702702703,13.6818181818,8.36111111111,4.69425564238,0.288517373369,0.132710783874,8.0697038434,0.991956950849,0.523121127772,7.95879025621,0.97832305475,0.501391757206,0.63692392338,0.370276466382,2,1.72013071639,0.63692392338,2,0.209240738353,0.21921432933,359,0.0462033462033,0.550301944832,37,37,37,1,0,0.405405405405,0.567567567568,0.027027027027,-41,-0.0307807807808,-0.00515810172498,-2.21621621622,-1.86363636364,-1.41031746032,-0.673454513011,-0.00184121690812,-0.00993185876907,-1.43878769898,-0.0367395025655,-0.021370732509,-0.0945230902243,0.107058160545,0.0395615059018,-0.00367564694586,-0.00102343633562,0,-0.00515810172498,-0.00367564694586,0,-0.134830655894,-0.157354708327,-451,-0.0580437580438,-0.0192748835177,0,0.027027027027,-0.027027027027,300,1,42,989,0.877192982456,0.99898989899,0.0010101010101,0.122807017544,0.996677740864,0.877192982456,0.933125972006,0.915193303514,0.876182881446,0.874635568513,130,171,0,0,0,0
1989,WLNM_dir_neg,0.959637153312,0.816055343712,00:00:05,10,50,21,1237612656,threshold_sweep,0.9,0.992,0.72514619883,0.837837837838,124,1,47,341,0.72514619883,0.997076023392,0.00292397660819,0.27485380117,0.992,0.72514619883,0.837837837838,0.906432748538,0.585445094217,0.774294670846,0.793069204349,0.722222222222,342,171,171,0,342,0,171,0,171,37,342,0.256756756757,1.72528881811,18.4864864865,15.5454545455,9.77142857143,5.36771015539,0.290358590277,0.142642642643,9.50849154237,1.02869645341,0.544491860281,8.05331334643,0.871264894205,0.461830251304,0.640599570326,0.371299902718,2,1.72528881811,0.640599570326,2,0.344071394247,0.376569037657,810,0.104247104247,0.56957682835,37,37,37,1,0,0.405405405405,0.540540540541,0.0540540540541,37,0.128378378378,1.98031517232,9.24324324324,7.77272727273,4.88571428571,4.71054022265,0.509619848649,0.284020862968,5.92242138615,1.28145959817,0.644223170539,4.11198351266,0.889727426716,0.468152362889,1.00348046058,0.506727653562,3.40622222222,1.98031517232,1.00348046058,3.40622222222,0.0747914644973,0.0232945091514,14,0.0018018018018,0.187888442797,37,37,37,1,0,0.405405405405,0.540540540541,0.0540540540541,37,296,0.222222222222,1.7185764609,16,13.4545454545,8.22222222222,4.58257569496,0.286410980935,0.135135135135,7.87047930208,0.98380991276,0.518626734843,7.97217382873,0.996521728592,0.512235208181,0.634762658865,0.369353749052,2,1.7185764609,0.634762658865,2,0.194062416818,0.200590592702,317,0.0407979407979,0.547419021451,37,37,37,1,0,0.405405405405,0.567567567568,0.027027027027,-46,-0.0345345345345,-0.00671235721763,-2.48648648649,-2.09090909091,-1.54920634921,-0.785134460437,-0.00394760934238,-0.00750750750751,-1.6380122403,-0.044886540655,-0.0258651254384,-0.0811395177,0.125256834387,0.0504049568772,-0.00583691146092,-0.00194615366561,0,-0.00671235721763,-0.00583691146092,0,-0.15000897743,-0.175978444955,-493,-0.0634491634492,-0.0221578068989,0,0.027027027027,-0.027027027027,295,1,47,989,0.862573099415,0.99898989899,0.0010101010101,0.137426900585,0.996621621622,0.862573099415,0.924764890282,0.90529882379,0.861562998405,0.860058309038,125,171,0,0,0,0
1990,WLNM_dir_neg,0.96793885298,0.671254482536,00:00:05,10,50,22,1237612657,threshold_sweep,0.1,0.900584795322,0.900584795322,0.900584795322,154,17,17,325,0.900584795322,0.950292397661,0.0497076023392,0.0994152046784,0.900584795322,0.900584795322,0.900584795322,0.933723196881,0.555555555556,0.850877192982,0.850877192982,0.850877192982,342,171,171,0,342,0,171,0,171,37,342,0.256756756757,1.72528881811,18.4864864865,15.5454545455,9.77142857143,5.36771015539,0.290358590277,0.142642642643,9.50849154237,1.02869645341,0.544491860281,8.05331334643,0.871264894205,0.461830251304,0.640599570326,0.371299902718,2,1.72528881811,0.640599570326,2,0.344071394247,0.376569037657,810,0.104247104247,0.56957682835,37,37,37,1,0,0.405405405405,0.540540540541,0.0540540540541,37,0.128378378378,1.91855268097,9.24324324324,7.77272727273,4.88571428571,4.89560690487,0.52964168269,0.295716769401,5.95982546049,1.28955287742,0.648332543069,4.21209469762,0.911388911182,0.479848269322,0.864671798955,0.450689630538,2.3298245614,1.91855268097,0.864671798955,2.3298245614,0.104968203498,0.0376843255052,23,0.0029601029601,0.189380063748,37,37,37,1,0,0.405405405405,0.540540540541,0.0540540540541,37,342,0.256756756757,1.82792324923,18.4864864865,15.5454545455,9.24324324324,5.55088392171,0.300267112724,0.145408566461,9.2388232939,0.999521818346,0.533744270586,7.77247781672,0.840882102979,0.438596491228,0.78303298998,0.428373013096,2.80278985888,1.82792324923,0.78303298998,2.80278985888,0.343718738283,0.357525572333,734,0.0944658944659,0.550505218022,37,37,37,1,0,0.405405405405,0.594594594595,0,0,0,0.102634431114,0,0,-0.528185328185,0.183173766318,0.00990852244702,0.00276592381856,-0.269668248478,-0.0291746350692,-0.010747589695,-0.280835529714,-0.0303827912263,-0.0232337600759,0.142433419654,0.0570731103779,0.802789858883,0.102634431114,0.142433419654,0.802789858883,-0.000352655964002,-0.0190434653237,-76,-0.00978120978121,-0.0190716103276,0,0.0540540540541,-0.0540540540541,325,17,17,973,0.950292397661,0.982828282828,0.0171717171717,0.0497076023392,0.950292397661,0.950292397661,0.950292397661,0.933120680489,0.933120680489,0.905292479109,171,171,0,0,0,0
1991,WLNM_dir_neg,0.96793885298,0.671254482536,00:00:05,10,50,22,1237612657,threshold_sweep,0.2,0.904761904762,0.888888888889,0.896755162242,152,16,19,326,0.888888888889,0.953216374269,0.046783625731,0.111111111111,0.904761904762,0.888888888889,0.896755162242,0.931773879142,0.557504873294,0.845814977974,0.84588885222,0.842105263158,342,171,171,0,342,0,171,0,171,37,342,0.256756756757,1.72528881811,18.4864864865,15.5454545455,9.77142857143,5.36771015539,0.290358590277,0.142642642643,9.50849154237,1.02869645341,0.544491860281,8.05331334643,0.871264894205,0.461830251304,0.640599570326,0.371299902718,2,1.72528881811,0.640599570326,2,0.344071394247,0.376569037657,810,0.104247104247,0.56957682835,37,37,37,1,0,0.405405405405,0.540540540541,0.0540540540541,37,0.128378378378,1.91855268097,9.24324324324,7.77272727273,4.88571428571,4.89560690487,0.52964168269,0.295716769401,5.95982546049,1.28955287742,0.648332543069,4.21209469762,0.911388911182,0.479848269322,0.864671798955,0.450689630538,2.3298245614,1.91855268097,0.864671798955,2.3298245614,0.104968203498,0.0376843255052,23,0.0029601029601,0.189380063748,37,37,37,1,0,0.405405405405,0.540540540541,0.0540540540541,37,339,0.254504504505,1.82062585442,18.3243243243,15.4090909091,9.16216216216,5.59292238287,0.305218478121,0.146934545165,9.15761223583,0.999503400371,0.532727417683,7.81207581431,0.85264544286,0.443594036514,0.776068278896,0.426264560075,2.78812953714,1.82062585442,0.776068278896,2.78812953714,0.339750577988,0.352535696701,716,0.0921492921493,0.554466033663,37,37,37,1,0,0.405405405405,0.594594594595,0,-3,-0.00225225225225,0.095337036304,-0.162162162162,-0.136363636364,-0.609266409266,0.225212227474,0.014859887844,0.00429190252199,-0.350879306543,-0.0291930530438,-0.0117644425982,-0.241237532124,-0.0186194513451,-0.0182362147895,0.13546870857,0.0549646573577,0.788129537137,0.095337036304,0.13546870857,0.788129537137,-0.00432081625894,-0.0240333409558,-94,-0.0120978120978,-0.0151107946869,0,0.0540540540541,-0.0540540540541,323,16,19,974,0.944444444444,0.983838383838,0.0161616161616,0.0555555555556,0.952802359882,0.944444444444,0.948604992658,0.930971730907,0.928282828283,0.902234636872,168,171,0,0,0,0
1992,WLNM_dir_neg,0.96793885298,0.671254482536,00:00:05,10,50,22,1237612657,threshold_sweep,0.3,0.914634146341,0.877192982456,0.89552238806,150,14,21,328,0.877192982456,0.959064327485,0.0409356725146,0.122807017544,0.914634146341,0.877192982456,0.89552238806,0.931773879142,0.560103963613,0.844903988183,0.845310761223,0.836257309942,342,171,171,0,342,0,171,0,171,37,342,0.256756756757,1.72528881811,18.4864864865,15.5454545455,9.77142857143,5.36771015539,0.290358590277,0.142642642643,9.50849154237,1.02869645341,0.544491860281,8.05331334643,0.871264894205,0.461830251304,0.640599570326,0.371299902718,2,1.72528881811,0.640599570326,2,0.344071394247,0.376569037657,810,0.104247104247,0.56957682835,37,37,37,1,0,0.405405405405,0.540540540541,0.0540540540541,37,0.128378378378,1.91855268097,9.24324324324,7.77272727273,4.88571428571,4.89560690487,0.52964168269,0.295716769401,5.95982546049,1.28955287742,0.648332543069,4.21209469762,0.911388911182,0.479848269322,0.864671798955,0.450689630538,2.3298245614,1.91855268097,0.864671798955,2.3298245614,0.104968203498,0.0376843255052,23,0.0029601029601,0.189380063748,37,37,37,1,0,0.405405405405,0.540540540541,0.0540540540541,37,335,0.251501501502,1.88405246838,18.1081081081,15.2272727273,9.05405405405,5.66560668412,0.312876787033,0.149011698265,9.1467843346,1.01024185188,0.535861234369,7.83491454235,0.865348770349,0.448729326341,0.917416978938,0.486938126371,3.64483804168,1.88405246838,0.917416978938,3.64483804168,0.345592921842,0.344982526211,691,0.0889317889318,0.551590698529,37,37,37,1,0,0.405405405405,0.594594594595,0,-7,-0.00525525525526,0.158763650264,-0.378378378378,-0.318181818182,-0.717374517375,0.297896528723,0.0225181967561,0.00636905562279,-0.361707207776,-0.0184546015337,-0.00863062591264,-0.218398804087,-0.00591612385606,-0.0131009249627,0.276817408612,0.115638223654,1.64483804168,0.158763650264,0.276817408612,1.64483804168,0.00152152759482,-0.0315865114462,-119,-0.0153153153153,-0.0179861298205,0,0.0540540540541,-0.0540540540541,321,14,21,976,0.938596491228,0.985858585859,0.0141414141414,0.0614035087719,0.958208955224,0.938596491228,0.948301329394,0.930778792748,0.924455077087,0.901685393258,164,171,0,0,0,0
1993,WLNM_dir_neg,0.96793885298,0.671254482536,00:00:05,10,50,22,1237612657,threshold_sweep,0.4,0.925925925926,0.877192982456,0.900900900901,150,12,21,330,0.877192982456,0.964912280702,0.0350877192982,0.122807017544,0.925925925926,0.877192982456,0.900900900901,0.93567251462,0.561403508772,0.853333333333,0.854016820294,0.842105263158,342,171,171,0,342,0,171,0,171,37,342,0.256756756757,1.72528881811,18.4864864865,15.5454545455,9.77142857143,5.36771015539,0.290358590277,0.142642642643,9.50849154237,1.02869645341,0.544491860281,8.05331334643,0.871264894205,0.461830251304,0.640599570326,0.371299902718,2,1.72528881811,0.640599570326,2,0.344071394247,0.376569037657,810,0.104247104247,0.56957682835,37,37,37,1,0,0.405405405405,0.540540540541,0.0540540540541,37,0.128378378378,1.91855268097,9.24324324324,7.77272727273,4.88571428571,4.89560690487,0.52964168269,0.295716769401,5.95982546049,1.28955287742,0.648332543069,4.21209469762,0.911388911182,0.479848269322,0.864671798955,0.450689630538,2.3298245614,1.91855268097,0.864671798955,2.3298245614,0.104968203498,0.0376843255052,23,0.0029601029601,0.189380063748,37,37,37,1,0,0.405405405405,0.540540540541,0.0540540540541,37,333,0.25,1.91361188879,18,15.1363636364,9,5.6519416526,0.313996758478,0.151448746043,9.1833182093,1.02036868992,0.539404269134,7.88106027836,0.875673364262,0.454508562617,0.983005165864,0.513690979672,4,1.91361188879,0.983005165864,4,0.347994486392,0.346038114343,690,0.0888030888031,0.550846088093,37,37,37,1,0,0.405405405405,0.594594594595,0,-9,-0.00675675675676,0.188323070674,-0.486486486486,-0.409090909091,-0.771428571429,0.284231497211,0.0236381682009,0.0088061034007,-0.325173333071,-0.00832776349215,-0.00508759114734,-0.172253068076,0.00440847005712,-0.00732168868726,0.342405595538,0.142391076955,2,0.188323070674,0.342405595538,2,0.00392309214472,-0.0305309233139,-120,-0.015444015444,-0.018730740257,0,0.0540540540541,-0.0540540540541,321,12,21,978,0.938596491228,0.987878787879,0.0121212121212,0.0614035087719,0.963963963964,0.938596491228,0.951111111111,0.9346728445,0.926475279107,0.906779661017,162,171,0,0,0,0
1994,WLNM_dir_neg,0.96793885298,0.671254482536,00:00:05,10,50,22,1237612657,threshold_sweep,0.5,0.9375,0.877192982456,0.906344410876,150,10,21,332,0.877192982456,0.970760233918,0.0292397660819,0.122807017544,0.9375,0.877192982456,0.906344410876,0.939571150097,0.562703053931,0.861812778603,0.862850700553,0.847953216374,342,171,171,0,342,0,171,0,171,37,342,0.256756756757,1.72528881811,18.4864864865,15.5454545455,9.77142857143,5.36771015539,0.290358590277,0.142642642643,9.50849154237,1.02869645341,0.544491860281,8.05331334643,0.871264894205,0.461830251304,0.640599570326,0.371299902718,2,1.72528881811,0.640599570326,2,0.344071394247,0.376569037657,810,0.104247104247,0.56957682835,37,37,37,1,0,0.405405405405,0.540540540541,0.0540540540541,37,0.128378378378,1.91855268097,9.24324324324,7.77272727273,4.88571428571,4.89560690487,0.52964168269,0.295716769401,5.95982546049,1.28955287742,0.648332543069,4.21209469762,0.911388911182,0.479848269322,0.864671798955,0.450689630538,2.3298245614,1.91855268097,0.864671798955,2.3298245614,0.104968203498,0.0376843255052,23,0.0029601029601,0.189380063748,37,37,37,1,0,0.405405405405,0.540540540541,0.0540540540541,37,331,0.248498498498,1.91096856208,17.8918918919,15.0454545455,8.94594594595,5.55169535559,0.310291130146,0.149179390871,9.11026876645,1.01836841196,0.537601045154,7.92655854267,0.886050350691,0.460031028007,0.981409451427,0.513566508053,4,1.91096856208,0.981409451427,4,0.342947554945,0.341184387618,676,0.0870012870013,0.554411017081,37,37,37,1,0,0.405405405405,0.594594594595,0,-11,-0.00825825825826,0.185679743967,-0.594594594595,-0.5,-0.825482625483,0.1839852002,0.0199325398694,0.00653674822859,-0.398222775922,-0.0103280414549,-0.00689081512742,-0.126754803767,0.014785456486,-0.00179922329708,0.340809881101,0.142266605335,2,0.185679743967,0.340809881101,2,-0.00112383930213,-0.0353846500391,-134,-0.0172458172458,-0.0151658112687,0,0.0540540540541,-0.0540540540541,321,10,21,980,0.938596491228,0.989898989899,0.010101010101,0.0614035087719,0.969788519637,0.938596491228,0.953937592868,0.938597534599,0.928495481127,0.911931818182,160,171,0,0,0,0
1995,WLNM_dir_neg,0.96793885298,0.671254482536,00:00:05,10,50,22,1237612657,threshold_sweep,0.6,0.937106918239,0.87134502924,0.90303030303,149,10,22,332,0.87134502924,0.970760233918,0.0292397660819,0.12865497076,0.937106918239,0.87134502924,0.90303030303,0.937621832359,0.563352826511,0.857142857143,0.858375467145,0.842105263158,342,171,171,0,342,0,171,0,171,37,342,0.256756756757,1.72528881811,18.4864864865,15.5454545455,9.77142857143,5.36771015539,0.290358590277,0.142642642643,9.50849154237,1.02869645341,0.544491860281,8.05331334643,0.871264894205,0.461830251304,0.640599570326,0.371299902718,2,1.72528881811,0.640599570326,2,0.344071394247,0.376569037657,810,0.104247104247,0.56957682835,37,37,37,1,0,0.405405405405,0.540540540541,0.0540540540541,37,0.128378378378,1.91855268097,9.24324324324,7.77272727273,4.88571428571,4.89560690487,0.52964168269,0.295716769401,5.95982546049,1.28955287742,0.648332543069,4.21209469762,0.911388911182,0.479848269322,0.864671798955,0.450689630538,2.3298245614,1.91855268097,0.864671798955,2.3298245614,0.104968203498,0.0376843255052,23,0.0029601029601,0.189380063748,37,37,37,1,0,0.405405405405,0.540540540541,0.0540540540541,37,330,0.247747747748,1.90940605396,17.8378378378,15,8.91891891892,5.52023305423,0.309467610616,0.148648648649,9.08410815771,1.01852121768,0.537264537265,7.9455731154,0.890867288696,0.461916461916,0.980586236561,0.513555633977,4,1.90940605396,0.980586236561,4,0.339336474215,0.335930882602,661,0.0850707850708,0.555738939398,37,37,37,1,0,0.405405405405,0.594594594595,0,-12,-0.00900900900901,0.184117235848,-0.648648648649,-0.545454545455,-0.85250965251,0.152522898833,0.0191090203386,0.00600600600601,-0.424383384662,-0.0101752357319,-0.0072273230168,-0.107740231036,0.0196023944912,8.62106125263e-05,0.339986666235,0.142255731259,2,0.184117235848,0.339986666235,2,-0.00473492003215,-0.0406381550548,-149,-0.0191763191763,-0.0138378889519,0,0.0540540540541,-0.0540540540541,320,10,22,980,0.93567251462,0.989898989899,0.010101010101,0.0643274853801,0.969696969697,0.93567251462,0.952380952381,0.936590601025,0.925571504519,0.909090909091,159,171,0,0,0,0
1996,WLNM_dir_neg,0.96793885298,0.671254482536,00:00:05,10,50,22,1237612657,threshold_sweep,0.7,0.937106918239,0.87134502924,0.90303030303,149,10,22,332,0.87134502924,0.970760233918,0.0292397660819,0.12865497076,0.937106918239,0.87134502924,0.90303030303,0.937621832359,0.563352826511,0.857142857143,0.858375467145,0.842105263158,342,171,171,0,342,0,171,0,171,37,342,0.256756756757,1.72528881811,18.4864864865,15.5454545455,9.77142857143,5.36771015539,0.290358590277,0.142642642643,9.50849154237,1.02869645341,0.544491860281,8.05331334643,0.871264894205,0.461830251304,0.640599570326,0.371299902718,2,1.72528881811,0.640599570326,2,0.344071394247,0.376569037657,810,0.104247104247,0.56957682835,37,37,37,1,0,0.405405405405,0.540540540541,0.0540540540541,37,0.128378378378,1.91855268097,9.24324324324,7.77272727273,4.88571428571,4.89560690487,0.52964168269,0.295716769401,5.95982546049,1.28955287742,0.648332543069,4.21209469762,0.911388911182,0.479848269322,0.864671798955,0.450689630538,2.3298245614,1.91855268097,0.864671798955,2.3298245614,0.104968203498,0.0376843255052,23,0.0029601029601,0.189380063748,37,37,37,1,0,0.405405405405,0.540540540541,0.0540540540541,37,330,0.247747747748,1.90940605396,17.8378378378,15,8.91891891892,5.52023305423,0.309467610616,0.148648648649,9.08410815771,1.01852121768,0.537264537265,7.9455731154,0.890867288696,0.461916461916,0.980586236561,0.513555633977,4,1.90940605396,0.980586236561,4,0.339336474215,0.335930882602,661,0.0850707850708,0.555738939398,37,37,37,1,0,0.405405405405,0.594594594595,0,-12,-0.00900900900901,0.184117235848,-0.648648648649,-0.545454545455,-0.85250965251,0.152522898833,0.0191090203386,0.00600600600601,-0.424383384662,-0.0101752357319,-0.0072273230168,-0.107740231036,0.0196023944912,8.62106125263e-05,0.339986666235,0.142255731259,2,0.184117235848,0.339986666235,2,-0.00473492003215,-0.0406381550548,-149,-0.0191763191763,-0.0138378889519,0,0.0540540540541,-0.0540540540541,320,10,22,980,0.93567251462,0.989898989899,0.010101010101,0.0643274853801,0.969696969697,0.93567251462,0.952380952381,0.936590601025,0.925571504519,0.909090909091,159,171,0,0,0,0
1997,WLNM_dir_neg,0.96793885298,0.671254482536,00:00:05,10,50,22,1237612657,threshold_sweep,0.8,0.935483870968,0.847953216374,0.889570552147,145,10,26,332,0.847953216374,0.970760233918,0.0292397660819,0.152046783626,0.935483870968,0.847953216374,0.889570552147,0.929824561404,0.565951916829,0.838323353293,0.840496039038,0.818713450292,342,171,171,0,342,0,171,0,171,37,342,0.256756756757,1.72528881811,18.4864864865,15.5454545455,9.77142857143,5.36771015539,0.290358590277,0.142642642643,9.50849154237,1.02869645341,0.544491860281,8.05331334643,0.871264894205,0.461830251304,0.640599570326,0.371299902718,2,1.72528881811,0.640599570326,2,0.344071394247,0.376569037657,810,0.104247104247,0.56957682835,37,37,37,1,0,0.405405405405,0.540540540541,0.0540540540541,37,0.128378378378,1.91855268097,9.24324324324,7.77272727273,4.88571428571,4.89560690487,0.52964168269,0.295716769401,5.95982546049,1.28955287742,0.648332543069,4.21209469762,0.911388911182,0.479848269322,0.864671798955,0.450689630538,2.3298245614,1.91855268097,0.864671798955,2.3298245614,0.104968203498,0.0376843255052,23,0.0029601029601,0.189380063748,37,37,37,1,0,0.405405405405,0.540540540541,0.0540540540541,37,326,0.244744744745,1.90651873067,17.6216216216,14.8181818182,8.81081081081,5.45359897148,0.309483377216,0.148648648649,8.93755446864,1.01438501638,0.534571381197,8.03062830612,0.911451678915,0.471397778146,0.979127357135,0.513568181307,4,1.90651873067,0.979127357135,4,0.329190662778,0.317818687044,610,0.0785070785071,0.561904249387,37,37,37,1,0,0.405405405405,0.594594594595,0,-16,-0.012012012012,0.18122991255,-0.864864864865,-0.727272727273,-0.960617760618,0.085888816088,0.0191247869388,0.00600600600601,-0.570937073736,-0.0143114370356,-0.00992047908419,-0.0226850403183,0.0401867847101,0.00956752684231,0.338527786809,0.142268278589,2,0.18122991255,0.338527786809,2,-0.0148807314695,-0.0587503506128,-200,-0.02574002574,-0.00767257896253,0,0.0540540540541,-0.0540540540541,316,10,26,980,0.923976608187,0.989898989899,0.010101010101,0.0760233918129,0.969325153374,0.923976608187,0.946107784431,0.928559935081,0.913875598086,0.897727272727,155,171,0,0,0,0
1998,WLNM_dir_neg,0.96793885298,0.671254482536,00:00:05,10,50,22,1237612657,threshold_sweep,0.9,0.943661971831,0.783625730994,0.856230031949,134,8,37,334,0.783625730994,0.976608187135,0.0233918128655,0.216374269006,0.943661971831,0.783625730994,0.856230031949,0.912280701754,0.574398960364,0.793893129771,0.800990237908,0.760233918129,342,171,171,0,342,0,171,0,171,37,342,0.256756756757,1.72528881811,18.4864864865,15.5454545455,9.77142857143,5.36771015539,0.290358590277,0.142642642643,9.50849154237,1.02869645341,0.544491860281,8.05331334643,0.871264894205,0.461830251304,0.640599570326,0.371299902718,2,1.72528881811,0.640599570326,2,0.344071394247,0.376569037657,810,0.104247104247,0.56957682835,37,37,37,1,0,0.405405405405,0.540540540541,0.0540540540541,37,0.128378378378,1.91855268097,9.24324324324,7.77272727273,4.88571428571,4.89560690487,0.52964168269,0.295716769401,5.95982546049,1.28955287742,0.648332543069,4.21209469762,0.911388911182,0.479848269322,0.864671798955,0.450689630538,2.3298245614,1.91855268097,0.864671798955,2.3298245614,0.104968203498,0.0376843255052,23,0.0029601029601,0.189380063748,37,37,37,1,0,0.405405405405,0.540540540541,0.0540540540541,37,313,0.234984984985,1.7466058104,16.9189189189,14.2272727273,8.45945945946,5.62424502775,0.332423428158,0.162248510491,8.78001073966,1.03789264335,0.548139193507,7.80880768603,0.923085892598,0.479233226837,0.673639322964,0.385684805899,2.12507148038,1.7466058104,0.673639322964,2.12507148038,0.321911824588,0.301051466519,544,0.0700128700129,0.530226067797,37,37,37,1,0,0.405405405405,0.594594594595,0,-29,-0.0217717717718,0.0213169922813,-1.56756756757,-1.31818181818,-1.31196911197,0.256534872353,0.0420648378804,0.0196058678487,-0.728480802712,0.00919618993188,0.00364733322527,-0.244505660399,0.0518209983935,0.0174029755331,0.0330397526384,0.0143849031811,0.125071480383,0.0213169922813,0.0330397526384,0.125071480383,-0.0221595696592,-0.0755175711378,-266,-0.0342342342342,-0.0393507605524,0,0.0540540540541,-0.0540540540541,305,8,37,982,0.891812865497,0.991919191919,0.00808080808081,0.108187134503,0.974440894569,0.891812865497,0.931297709924,0.910525260597,0.883732057416,0.871428571429,142,171,0,0,0,0
1999,WLNM_dir_neg,0.906278855032,0.758638032265,00:00:05,10,50,23,1237612658,threshold_sweep,0.1,0.886524822695,0.730994152047,0.801282051282,125,16,46,326,0.730994152047,0.953216374269,0.046783625731,0.269005847953,0.886524822695,0.730994152047,0.801282051282,0.879142300195,0.575048732943,0.715596330275,0.722470025359,0.684210526316,342,171,171,0,342,0,171,0,171,37,342,0.256756756757,1.72528881811,18.4864864865,15.5454545455,9.77142857143,5.36771015539,0.290358590277,0.142642642643,9.50849154237,1.02869645341,0.544491860281,8.05331334643,0.871264894205,0.461830251304,0.640599570326,0.371299902718,2,1.72528881811,0.640599570326,2,0.344071394247,0.376569037657,810,0.104247104247,0.56957682835,37,37,37,1,0,0.405405405405,0.540540540541,0.0540540540541,37,0.128378378378,1.92360798298,9.24324324324,7.77272727273,4.88571428571,4.65119701084,0.503199676611,0.280859807176,5.94582650713,1.28652386412,0.647384226332,4.19226371726,0.907097997302,0.475738896792,0.895588717822,0.465577563487,2.87180555556,1.92360798298,0.895588717822,2.87180555556,0.0528578855785,0.0184667039731,11,0.0014157014157,0.189169298767,37,37,37,1,0,0.405405405405,0.540540540541,0.0540540540541,37,312,0.234234234234,2.50615762727,16.8648648649,13,8.43243243243,4.65571430349,0.276059982739,0.137127512128,8.42133712179,0.998684209956,0.533783783784,7.15518669894,0.848531755964,0.448717948718,1.63705441731,0.65321287037,6.38227388801,2.50615762727,1.63705441731,6.38227388801,0.263603239505,0.261709601874,447,0.057528957529,0.410236810656,37,37,37,1,0,0.351351351351,0.648648648649,0,-30,-0.0225225225225,0.780868809155,-1.62162162162,-2.54545454545,-1.338996139,-0.711995851908,-0.0142986075384,-0.00551513051513,-1.08715442058,-0.0300122434584,-0.0107080764976,-0.898126647494,-0.0227331382408,-0.013112302586,0.996454846983,0.281912967652,4.38227388801,0.780868809155,0.996454846983,4.38227388801,-0.0804681547428,-0.114859435783,-363,-0.0467181467181,-0.159340017694,-0.0540540540541,0.108108108108,-0.0540540540541,296,16,46,974,0.865497076023,0.983838383838,0.0161616161616,0.134502923977,0.948717948718,0.865497076023,0.905198776758,0.87605732197,0.849335459862,0.826815642458,141,171,0,0,0,0
2000,WLNM_dir_neg,0.906278855032,0.758638032265,00:00:05,10,50,23,1237612658,threshold_sweep,0.2,0.905797101449,0.730994152047,0.809061488673,125,13,46,329,0.730994152047,0.961988304094,0.0380116959064,0.269005847953,0.905797101449,0.730994152047,0.809061488673,0.884990253411,0.576998050682,0.728110599078,0.73667879851,0.69298245614,342,171,171,0,342,0,171,0,171,37,342,0.256756756757,1.72528881811,18.4864864865,15.5454545455,9.77142857143,5.36771015539,0.290358590277,0.142642642643,9.50849154237,1.02869645341,0.544491860281,8.05331334643,0.871264894205,0.461830251304,0.640599570326,0.371299902718,2,1.72528881811,0.640599570326,2,0.344071394247,0.376569037657,810,0.104247104247,0.56957682835,37,37,37,1,0,0.405405405405,0.540540540541,0.0540540540541,37,0.128378378378,1.92360798298,9.24324324324,7.77272727273,4.88571428571,4.65119701084,0.503199676611,0.280859807176,5.94582650713,1.28652386412,0.647384226332,4.19226371726,0.907097997302,0.475738896792,0.895588717822,0.465577563487,2.87180555556,1.92360798298,0.895588717822,2.87180555556,0.0528578855785,0.0184667039731,11,0.0014157014157,0.189169298767,37,37,37,1,0,0.405405405405,0.540540540541,0.0540540540541,37,309,0.231981981982,2.85932013113,16.7027027027,12.875,8.35135135135,4.57568977717,0.273949064329,0.134347940173,8.38390063096,1.00389748655,0.534767777486,7.21578599791,0.864026155089,0.455173620222,2.35465375895,0.823501269869,9.1971269059,2.85932013113,2.35465375895,9.1971269059,0.261420698313,0.260843964671,443,0.0570141570142,0.411968872002,37,37,37,1,0,0.351351351351,0.648648648649,0,-33,-0.0247747747748,1.13403131301,-1.78378378378,-2.67045454545,-1.42007722008,-0.792020378219,-0.0164095259479,-0.00829470246946,-1.12459091142,-0.0247989668599,-0.00972408279511,-0.837527348529,-0.00723873911588,-0.00665663108177,1.71405418862,0.452201367152,7.1971269059,1.13403131301,1.71405418862,7.1971269059,-0.0826506959347,-0.115725072986,-367,-0.0472329472329,-0.157607956348,-0.0540540540541,0.108108108108,-0.0540540540541,296,13,46,977,0.865497076023,0.986868686869,0.0131313131313,0.134502923977,0.957928802589,0.865497076023,0.909370199693,0.882144215737,0.852365762892,0.833802816901,138,171,0,0,0,0
2001,WLNM_dir_neg,0.906278855032,0.758638032265,00:00:05,10,50,23,1237612658,threshold_sweep,0.3,0.911764705882,0.72514619883,0.807817589577,124,12,47,330,0.72514619883,0.964912280702,0.0350877192982,0.27485380117,0.911764705882,0.72514619883,0.807817589577,0.884990253411,0.578297595841,0.727272727273,0.736981991586,0.690058479532,342,171,171,0,342,0,171,0,171,37,342,0.256756756757,1.72528881811,18.4864864865,15.5454545455,9.77142857143,5.36771015539,0.290358590277,0.142642642643,9.50849154237,1.02869645341,0.544491860281,8.05331334643,0.871264894205,0.461830251304,0.640599570326,0.371299902718,2,1.72528881811,0.640599570326,2,0.344071394247,0.376569037657,810,0.104247104247,0.56957682835,37,37,37,1,0,0.405405405405,0.540540540541,0.0540540540541,37,0.128378378378,1.92360798298,9.24324324324,7.77272727273,4.88571428571,4.65119701084,0.503199676611,0.280859807176,5.94582650713,1.28652386412,0.647384226332,4.19226371726,0.907097997302,0.475738896792,0.895588717822,0.465577563487,2.87180555556,1.92360798298,0.895588717822,2.87180555556,0.0528578855785,0.0184667039731,11,0.0014157014157,0.189169298767,37,37,37,1,0,0.405405405405,0.540540540541,0.0540540540541,37,307,0.23048048048,2.49618145031,16.5945945946,12.7916666667,8.2972972973,4.62156454665,0.278498189293,0.135223171054,8.36615159392,1.00829840057,0.535610529096,7.26048997759,0.875042766029,0.46007571089,1.62806315279,0.652221477165,6.35392701732,2.49618145031,1.62806315279,6.35392701732,0.256208162083,0.253412462908,427,0.054954954955,0.413602078538,37,37,37,1,0,0.351351351351,0.648648648649,0,-35,-0.0262762762763,0.770892632198,-1.89189189189,-2.75378787879,-1.47413127413,-0.746145608743,-0.0118604009838,-0.00741947158885,-1.14233994845,-0.0203980528443,-0.00888133118546,-0.792823368842,0.00377787182414,-0.00175454041389,0.987463582469,0.280921574447,4.35392701732,0.770892632198,0.987463582469,4.35392701732,-0.0878632321644,-0.123156574749,-383,-0.0492921492921,-0.155974749812,-0.0540540540541,0.108108108108,-0.0540540540541,295,12,47,978,0.862573099415,0.987878787879,0.0121212121212,0.137426900585,0.960912052117,0.862573099415,0.909090909091,0.882163895093,0.850451887294,0.833333333333,136,171,0,0,0,0
2002,WLNM_dir_neg,0.906278855032,0.758638032265,00:00:05,10,50,23,1237612658,threshold_sweep,0.4,0.908396946565,0.695906432749,0.788079470199,119,12,52,330,0.695906432749,0.964912280702,0.0350877192982,0.304093567251,0.908396946565,0.695906432749,0.788079470199,0.875243664717,0.581546458739,0.701863354037,0.714374776773,0.66081871345,342,171,171,0,342,0,171,0,171,37,342,0.256756756757,1.72528881811,18.4864864865,15.5454545455,9.77142857143,5.36771015539,0.290358590277,0.142642642643,9.50849154237,1.02869645341,0.544491860281,8.05331334643,0.871264894205,0.461830251304,0.640599570326,0.371299902718,2,1.72528881811,0.640599570326,2,0.344071394247,0.376569037657,810,0.104247104247,0.56957682835,37,37,37,1,0,0.405405405405,0.540540540541,0.0540540540541,37,0.128378378378,1.92360798298,9.24324324324,7.77272727273,4.88571428571,4.65119701084,0.503199676611,0.280859807176,5.94582650713,1.28652386412,0.647384226332,4.19226371726,0.907097997302,0.475738896792,0.895588717822,0.465577563487,2.87180555556,1.92360798298,0.895588717822,2.87180555556,0.0528578855785,0.0184667039731,11,0.0014157014157,0.189169298767,37,37,37,1,0,0.405405405405,0.540540540541,0.0540540540541,37,302,0.226726726727,2.49231511094,16.3243243243,12.5833333333,8.16216216216,4.26258954975,0.26111889626,0.128065151244,8.03987808612,0.985018176114,0.528369429032,7.36173859867,0.901934861427,0.471988544836,1.6261827198,0.652478778734,6.35389961447,2.49231511094,1.6261827198,6.35389961447,0.223925399018,0.220132286069,355,0.0456885456885,0.417201041228,37,37,37,1,0,0.351351351351,0.648648648649,0,-40,-0.03003003003,0.767026292821,-2.16216216216,-2.96212121212,-1.60926640927,-1.10512060564,-0.0292396940174,-0.0145774913987,-1.46861345626,-0.043678277301,-0.0161224312497,-0.691574747761,0.030669967222,0.0101582935323,0.985583149478,0.281178876016,4.35389961447,0.767026292821,0.985583149478,4.35389961447,-0.120145995229,-0.156436751588,-455,-0.0585585585586,-0.152375787122,-0.0540540540541,0.108108108108,-0.0540540540541,290,12,52,978,0.847953216374,0.987878787879,0.0121212121212,0.152046783626,0.960264900662,0.847953216374,0.900621118012,0.872022243197,0.835832004253,0.819209039548,131,171,0,0,0,0
2003,WLNM_dir_neg,0.906278855032,0.758638032265,00:00:05,10,50,23,1237612658,threshold_sweep,0.5,0.915384615385,0.695906432749,0.790697674419,119,11,52,331,0.695906432749,0.96783625731,0.0321637426901,0.304093567251,0.915384615385,0.695906432749,0.790697674419,0.877192982456,0.582196231319,0.706065318818,0.719349251792,0.663742690058,342,171,171,0,342,0,171,0,171,37,342,0.256756756757,1.72528881811,18.4864864865,15.5454545455,9.77142857143,5.36771015539,0.290358590277,0.142642642643,9.50849154237,1.02869645341,0.544491860281,8.05331334643,0.871264894205,0.461830251304,0.640599570326,0.371299902718,2,1.72528881811,0.640599570326,2,0.344071394247,0.376569037657,810,0.104247104247,0.56957682835,37,37,37,1,0,0.405405405405,0.540540540541,0.0540540540541,37,0.128378378378,1.92360798298,9.24324324324,7.77272727273,4.88571428571,4.65119701084,0.503199676611,0.280859807176,5.94582650713,1.28652386412,0.647384226332,4.19226371726,0.907097997302,0.475738896792,0.895588717822,0.465577563487,2.87180555556,1.92360798298,0.895588717822,2.87180555556,0.0528578855785,0.0184667039731,11,0.0014157014157,0.189169298767,37,37,37,1,0,0.405405405405,0.540540540541,0.0540540540541,37,301,0.225975975976,2.51259580224,16.2702702703,12.5416666667,8.13513513514,4.32466214897,0.265801494206,0.129029361588,8.05937053705,0.990686743757,0.53030439077,7.37925832679,0.907084910602,0.473556613091,1.65151708219,0.657295168893,6.35921233379,2.51259580224,1.65151708219,6.35921233379,0.226322223087,0.221137873754,355,0.0456885456885,0.417288538348,37,37,37,1,0,0.351351351351,0.648648648649,0,-41,-0.0307807807808,0.787306984122,-2.21621621622,-3.00378787879,-1.63629343629,-1.04304800643,-0.0245570960715,-0.0136132810551,-1.44912100533,-0.038009709658,-0.0141874695118,-0.674055019647,0.0358200163968,0.0117263617876,1.01091751186,0.285995266175,4.35921233379,0.787306984122,1.01091751186,4.35921233379,-0.11774917116,-0.155431163903,-455,-0.0585585585586,-0.152288290001,-0.0540540540541,0.108108108108,-0.0540540540541,290,11,52,979,0.847953216374,0.988888888889,0.0111111111111,0.152046783626,0.963455149502,0.847953216374,0.902021772939,0.874100952042,0.836842105263,0.821529745042,130,171,0,0,0,0
2004,WLNM_dir_neg,0.906278855032,0.758638032265,00:00:05,10,50,23,1237612658,threshold_sweep,0.6,0.921875,0.690058479532,0.789297658863,118,10,53,332,0.690058479532,0.970760233918,0.0292397660819,0.309941520468,0.921875,0.690058479532,0.789297658863,0.877192982456,0.583495776478,0.705148205928,0.719876657906,0.66081871345,342,171,171,0,342,0,171,0,171,37,342,0.256756756757,1.72528881811,18.4864864865,15.5454545455,9.77142857143,5.36771015539,0.290358590277,0.142642642643,9.50849154237,1.02869645341,0.544491860281,8.05331334643,0.871264894205,0.461830251304,0.640599570326,0.371299902718,2,1.72528881811,0.640599570326,2,0.344071394247,0.376569037657,810,0.104247104247,0.56957682835,37,37,37,1,0,0.405405405405,0.540540540541,0.0540540540541,37,0.128378378378,1.92360798298,9.24324324324,7.77272727273,4.88571428571,4.65119701084,0.503199676611,0.280859807176,5.94582650713,1.28652386412,0.647384226332,4.19226371726,0.907097997302,0.475738896792,0.895588717822,0.465577563487,2.87180555556,1.92360798298,0.895588717822,2.87180555556,0.0528578855785,0.0184667039731,11,0.0014157014157,0.189169298767,37,37,37,1,0,0.405405405405,0.540540540541,0.0540540540541,37,299,0.224474474474,2.55516886823,16.1621621622,12.4583333333,8.08108108108,4.48772098505,0.277668355262,0.133779264214,8.08763932862,1.00081155572,0.534393925698,7.40262107627,0.916043410776,0.476904998644,1.73643219388,0.67957629551,6.375,2.55516886823,1.73643219388,6.375,0.230058701514,0.220920502092,352,0.0453024453024,0.417463597,37,37,37,1,0,0.351351351351,0.648648648649,0,-43,-0.0322822822823,0.829880050119,-2.32432432432,-3.08712121212,-1.69034749035,-0.879989170345,-0.012690235015,-0.0088633784286,-1.42085221375,-0.0278848976988,-0.0100979345831,-0.650692270167,0.0447785165707,0.0150747473402,1.09583262355,0.308276392792,4.375,0.829880050119,1.09583262355,4.375,-0.114012692734,-0.155648535565,-458,-0.0589446589447,-0.15211323135,-0.0540540540541,0.108108108108,-0.0540540540541,289,10,53,980,0.845029239766,0.989898989899,0.010101010101,0.154970760234,0.966555183946,0.845029239766,0.901716068643,0.874166260964,0.834928229665,0.821022727273,128,171,0,0,0,0
2005,WLNM_dir_neg,0.906278855032,0.758638032265,00:00:05,10,50,23,1237612658,threshold_sweep,0.7,0.921875,0.690058479532,0.789297658863,118,10,53,332,0.690058479532,0.970760233918,0.0292397660819,0.309941520468,0.921875,0.690058479532,0.789297658863,0.877192982456,0.583495776478,0.705148205928,0.719876657906,0.66081871345,342,171,171,0,342,0,171,0,171,37,342,0.256756756757,1.72528881811,18.4864864865,15.5454545455,9.77142857143,5.36771015539,0.290358590277,0.142642642643,9.50849154237,1.02869645341,0.544491860281,8.05331334643,0.871264894205,0.461830251304,0.640599570326,0.371299902718,2,1.72528881811,0.640599570326,2,0.344071394247,0.376569037657,810,0.104247104247,0.56957682835,37,37,37,1,0,0.405405405405,0.540540540541,0.0540540540541,37,0.128378378378,1.92360798298,9.24324324324,7.77272727273,4.88571428571,4.65119701084,0.503199676611,0.280859807176,5.94582650713,1.28652386412,0.647384226332,4.19226371726,0.907097997302,0.475738896792,0.895588717822,0.465577563487,2.87180555556,1.92360798298,0.895588717822,2.87180555556,0.0528578855785,0.0184667039731,11,0.0014157014157,0.189169298767,37,37,37,1,0,0.405405405405,0.540540540541,0.0540540540541,37,299,0.224474474474,2.55516886823,16.1621621622,12.4583333333,8.08108108108,4.48772098505,0.277668355262,0.133779264214,8.08763932862,1.00081155572,0.534393925698,7.40262107627,0.916043410776,0.476904998644,1.73643219388,0.67957629551,6.375,2.55516886823,1.73643219388,6.375,0.230058701514,0.220920502092,352,0.0453024453024,0.417463597,37,37,37,1,0,0.351351351351,0.648648648649,0,-43,-0.0322822822823,0.829880050119,-2.32432432432,-3.08712121212,-1.69034749035,-0.879989170345,-0.012690235015,-0.0088633784286,-1.42085221375,-0.0278848976988,-0.0100979345831,-0.650692270167,0.0447785165707,0.0150747473402,1.09583262355,0.308276392792,4.375,0.829880050119,1.09583262355,4.375,-0.114012692734,-0.155648535565,-458,-0.0589446589447,-0.15211323135,-0.0540540540541,0.108108108108,-0.0540540540541,289,10,53,980,0.845029239766,0.989898989899,0.010101010101,0.154970760234,0.966555183946,0.845029239766,0.901716068643,0.874166260964,0.834928229665,0.821022727273,128,171,0,0,0,0
2006,WLNM_dir_neg,0.906278855032,0.758638032265,00:00:05,10,50,23,1237612658,threshold_sweep,0.8,0.928571428571,0.684210526316,0.787878787879,117,9,54,333,0.684210526316,0.973684210526,0.0263157894737,0.315789473684,0.928571428571,0.684210526316,0.787878787879,0.877192982456,0.584795321637,0.704225352113,0.72048802213,0.657894736842,342,171,171,0,342,0,171,0,171,37,342,0.256756756757,1.72528881811,18.4864864865,15.5454545455,9.77142857143,5.36771015539,0.290358590277,0.142642642643,9.50849154237,1.02869645341,0.544491860281,8.05331334643,0.871264894205,0.461830251304,0.640599570326,0.371299902718,2,1.72528881811,0.640599570326,2,0.344071394247,0.376569037657,810,0.104247104247,0.56957682835,37,37,37,1,0,0.405405405405,0.540540540541,0.0540540540541,37,0.128378378378,1.92360798298,9.24324324324,7.77272727273,4.88571428571,4.65119701084,0.503199676611,0.280859807176,5.94582650713,1.28652386412,0.647384226332,4.19226371726,0.907097997302,0.475738896792,0.895588717822,0.465577563487,2.87180555556,1.92360798298,0.895588717822,2.87180555556,0.0528578855785,0.0184667039731,11,0.0014157014157,0.189169298767,37,37,37,1,0,0.405405405405,0.540540540541,0.0540540540541,37,297,0.222972972973,2.55103912002,16.0540540541,12.375,8.02702702703,4.47180019645,0.278546476883,0.133042133042,8.02249090747,0.999434894196,0.532896532897,7.44791725729,0.927855011851,0.4823004823,1.73615776996,0.680568853819,6.375,2.55103912002,1.73615776996,6.375,0.221340019421,0.209923664122,330,0.042471042471,0.421347537668,37,37,37,1,0,0.351351351351,0.648648648649,0,-45,-0.0337837837838,0.825750301908,-2.43243243243,-3.17045454545,-1.7444015444,-0.89590995894,-0.0118121133937,-0.00960050960051,-1.48600063491,-0.0292615592188,-0.0115953273848,-0.605396089142,0.0565901176463,0.0204702309965,1.09555819963,0.309268951101,4.375,0.825750301908,1.09555819963,4.375,-0.122731374827,-0.166645373535,-480,-0.0617760617761,-0.148229290682,-0.0540540540541,0.108108108108,-0.0540540540541,288,9,54,981,0.842105263158,0.990909090909,0.00909090909091,0.157894736842,0.969696969697,0.842105263158,0.901408450704,0.874248177796,0.833014354067,0.820512820513,126,171,0,0,0,0
2007,WLNM_dir_neg,0.906278855032,0.758638032265,00:00:05,10,50,23,1237612658,threshold_sweep,0.9,0.940170940171,0.643274853801,0.763888888889,110,7,61,335,0.643274853801,0.979532163743,0.0204678362573,0.356725146199,0.940170940171,0.643274853801,0.763888888889,0.867446393762,0.590643274854,0.67619047619,0.699719668587,0.622807017544,342,171,171,0,342,0,171,0,171,37,342,0.256756756757,1.72528881811,18.4864864865,15.5454545455,9.77142857143,5.36771015539,0.290358590277,0.142642642643,9.50849154237,1.02869645341,0.544491860281,8.05331334643,0.871264894205,0.461830251304,0.640599570326,0.371299902718,2,1.72528881811,0.640599570326,2,0.344071394247,0.376569037657,810,0.104247104247,0.56957682835,37,37,37,1,0,0.405405405405,0.540540540541,0.0540540540541,37,0.128378378378,1.92360798298,9.24324324324,7.77272727273,4.88571428571,4.65119701084,0.503199676611,0.280859807176,5.94582650713,1.28652386412,0.647384226332,4.19226371726,0.907097997302,0.475738896792,0.895588717822,0.465577563487,2.87180555556,1.92360798298,0.895588717822,2.87180555556,0.0528578855785,0.0184667039731,11,0.0014157014157,0.189169298767,37,37,37,1,0,0.405405405405,0.540540540541,0.0540540540541,37,288,0.216216216216,2.48469929725,15.5675675676,12,7.78378378378,4.16026535305,0.26723926747,0.124624624625,7.64902003576,0.982686601817,0.52271021021,7.25769758079,0.932412536421,0.48292042042,1.63858372895,0.659469631099,6.03846153846,2.48469929725,1.63858372895,6.03846153846,0.191065721948,0.186136363636,273,0.0351351351351,0.408306774143,37,37,37,1,0,0.351351351351,0.648648648649,0,-54,-0.0405405405405,0.759410479132,-2.91891891892,-3.54545454545,-1.98764478764,-1.20744480234,-0.0231193228067,-0.018018018018,-1.85947150661,-0.046009851598,-0.0217816500711,-0.795615765646,0.0611476422158,0.0210901691165,0.997984158621,0.288169728381,4.03846153846,0.759410479132,0.997984158621,4.03846153846,-0.153005672299,-0.190432674021,-537,-0.069111969112,-0.161270054207,-0.0540540540541,0.108108108108,-0.0540540540541,281,7,61,983,0.821637426901,0.992929292929,0.00707070707071,0.178362573099,0.975694444444,0.821637426901,0.892063492063,0.864392160738,0.81456671983,0.805157593123,117,171,0,0,0,0
2008,WLNM_dir_neg,0.920898738073,0.829076541206,00:00:05,10,50,24,1237612659,threshold_sweep,0.1,0.893617021277,0.736842105263,0.807692307692,126,15,45,327,0.736842105263,0.956140350877,0.0438596491228,0.263157894737,0.893617021277,0.736842105263,0.807692307692,0.883040935673,0.575048732943,0.724770642202,0.731732461582,0.69298245614,342,171,171,0,342,0,171,0,171,37,342,0.256756756757,1.72528881811,18.4864864865,15.5454545455,9.77142857143,5.36771015539,0.290358590277,0.142642642643,9.50849154237,1.02869645341,0.544491860281,8.05331334643,0.871264894205,0.461830251304,0.640599570326,0.371299902718,2,1.72528881811,0.640599570326,2,0.344071394247,0.376569037657,810,0.104247104247,0.56957682835,37,37,37,1,0,0.405405405405,0.540540540541,0.0540540540541,37,0.128378378378,1.95848924208,9.24324324324,7.77272727273,4.88571428571,4.90694182542,0.530867975265,0.296665086139,6.06149665856,1.31155190858,0.65655128813,4.27753402059,0.925548296853,0.48490595859,0.958482316049,0.489398815911,3.62190656566,1.95848924208,0.958482316049,3.62190656566,0.0660945853348,0.0408942202835,25,0.0032175032175,0.190311789442,37,37,37,1,0,0.405405405405,0.540540540541,0.0540540540541,37,312,0.234234234234,2.91687699776,16.8648648649,11.5555555556,8.43243243243,4.98977934361,0.295868326464,0.145356895357,8.18718694241,0.970916400222,0.521656271656,7.52972089102,0.892947669769,0.472972972973,1.30297988657,0.446703747731,3.75457687183,2.91687699776,1.30297988657,3.75457687183,0.254046260336,0.239951768489,398,0.0512226512227,0.366856994869,37,37,37,1,0,0.27027027027,0.72972972973,0,-30,-0.0225225225225,1.19158817965,-1.62162162162,-3.9898989899,-1.338996139,-0.377930811785,0.00550973618682,0.00271425271425,-1.32130459996,-0.0577800531927,-0.0228355886251,-0.523592455412,0.0216827755638,0.011142721669,0.662380316244,0.075403845013,1.75457687183,1.19158817965,0.662380316244,1.75457687183,-0.0900251339116,-0.136617269168,-412,-0.0530244530245,-0.20271983348,-0.135135135135,0.189189189189,-0.0540540540541,297,15,45,975,0.868421052632,0.984848484848,0.0151515151515,0.131578947368,0.951923076923,0.868421052632,0.908256880734,0.880115173862,0.85326953748,0.831932773109,141,171,0,0,0,0
2009,WLNM_dir_neg,0.920898738073,0.829076541206,00:00:05,10,50,24,1237612659,threshold_sweep,0.2,0.918699186992,0.66081871345,0.768707482993,113,10,58,332,0.66081871345,0.970760233918,0.0292397660819,0.33918128655,0.918699186992,0.66081871345,0.768707482993,0.867446393762,0.586744639376,0.679245283019,0.697354959803,0.631578947368,342,171,171,0,342,0,171,0,171,37,342,0.256756756757,1.72528881811,18.4864864865,15.5454545455,9.77142857143,5.36771015539,0.290358590277,0.142642642643,9.50849154237,1.02869645341,0.544491860281,8.05331334643,0.871264894205,0.461830251304,0.640599570326,0.371299902718,2,1.72528881811,0.640599570326,2,0.344071394247,0.376569037657,810,0.104247104247,0.56957682835,37,37,37,1,0,0.405405405405,0.540540540541,0.0540540540541,37,0.128378378378,1.95848924208,9.24324324324,7.77272727273,4.88571428571,4.90694182542,0.530867975265,0.296665086139,6.06149665856,1.31155190858,0.65655128813,4.27753402059,0.925548296853,0.48490595859,0.958482316049,0.489398815911,3.62190656566,1.95848924208,0.958482316049,3.62190656566,0.0660945853348,0.0408942202835,25,0.0032175032175,0.190311789442,37,37,37,1,0,0.405405405405,0.540540540541,0.0540540540541,37,294,0.220720720721,1.75591986906,15.8918918919,13.3636363636,7.94594594595,4.50791762584,0.283661483258,0.1407427836,8.03446031495,1.01113956345,0.538518109947,7.29515039045,0.918097157981,0.480603052032,0.685249496276,0.390251006524,2.24940630329,1.75591986906,0.685249496276,2.24940630329,0.248544754252,0.215973741794,329,0.0423423423423,0.474729382032,37,37,37,1,0,0.405405405405,0.594594594595,0,-48,-0.036036036036,0.0306310509447,-2.59459459459,-2.18181818182,-1.82548262548,-0.859792529557,-0.00669710701875,-0.00189985904272,-1.47403122742,-0.0175568899684,-0.00597375033465,-0.758162955989,0.0468322637764,0.0187728007277,0.0446499259498,0.0189511038062,0.24940630329,0.0306310509447,0.0446499259498,0.24940630329,-0.0955266399953,-0.160595295863,-481,-0.0619047619048,-0.0948474463183,0,0.0540540540541,-0.0540540540541,284,10,58,980,0.830409356725,0.989898989899,0.010101010101,0.169590643275,0.965986394558,0.830409356725,0.893081761006,0.86404316462,0.820308346624,0.806818181818,123,171,0,0,0,0
2010,WLNM_dir_neg,0.920898738073,0.829076541206,00:00:05,10,50,24,1237612659,threshold_sweep,0.3,0.925619834711,0.654970760234,0.767123287671,112,9,59,333,0.654970760234,0.973684210526,0.0263157894737,0.345029239766,0.925619834711,0.654970760234,0.767123287671,0.867446393762,0.588044184535,0.678233438486,0.698051948052,0.62865497076,342,171,171,0,342,0,171,0,171,37,342,0.256756756757,1.72528881811,18.4864864865,15.5454545455,9.77142857143,5.36771015539,0.290358590277,0.142642642643,9.50849154237,1.02869645341,0.544491860281,8.05331334643,0.871264894205,0.461830251304,0.640599570326,0.371299902718,2,1.72528881811,0.640599570326,2,0.344071394247,0.376569037657,810,0.104247104247,0.56957682835,37,37,37,1,0,0.405405405405,0.540540540541,0.0540540540541,37,0.128378378378,1.95848924208,9.24324324324,7.77272727273,4.88571428571,4.90694182542,0.530867975265,0.296665086139,6.06149665856,1.31155190858,0.65655128813,4.27753402059,0.925548296853,0.48490595859,0.958482316049,0.489398815911,3.62190656566,1.95848924208,0.958482316049,3.62190656566,0.0660945853348,0.0408942202835,25,0.0032175032175,0.190311789442,37,37,37,1,0,0.405405405405,0.540540540541,0.0540540540541,37,292,0.219219219219,1.75317127756,15.7837837838,13.2727272727,7.89189189189,4.41043670762,0.279428353051,0.138744909293,7.97838672005,1.0109599611,0.538874490929,7.33251428678,0.929119960996,0.484265087005,0.681843625815,0.38892014405,2.24827536663,1.75317127756,0.681843625815,2.24827536663,0.246275335342,0.214002642008,324,0.0416988416988,0.476294806555,37,37,37,1,0,0.405405405405,0.594594594595,0,-50,-0.0375375375375,0.027882459449,-2.7027027027,-2.27272727273,-1.87953667954,-0.95727344777,-0.0109302372256,-0.00389773334979,-1.53010482233,-0.0177364923127,-0.00561736935205,-0.720799059659,0.0578550667906,0.0224348357009,0.0412440554893,0.0176202413328,0.248275366627,0.027882459449,0.0412440554893,0.248275366627,-0.0977960589056,-0.162566395649,-486,-0.0625482625483,-0.093282021795,0,0.0540540540541,-0.0540540540541,283,9,59,981,0.827485380117,0.990909090909,0.00909090909091,0.172514619883,0.969178082192,0.827485380117,0.892744479495,0.86414225451,0.818394471026,0.806267806268,121,171,0,0,0,0
2011,WLNM_dir_neg,0.920898738073,0.829076541206,00:00:05,10,50,24,1237612659,threshold_sweep,0.4,0.931034482759,0.631578947368,0.752613240418,108,8,63,334,0.631578947368,0.976608187135,0.0233918128655,0.368421052632,0.931034482759,0.631578947368,0.752613240418,0.861598440546,0.591293047433,0.661367249603,0.685368419597,0.608187134503,342,171,171,0,342,0,171,0,171,37,342,0.256756756757,1.72528881811,18.4864864865,15.5454545455,9.77142857143,5.36771015539,0.290358590277,0.142642642643,9.50849154237,1.02869645341,0.544491860281,8.05331334643,0.871264894205,0.461830251304,0.640599570326,0.371299902718,2,1.72528881811,0.640599570326,2,0.344071394247,0.376569037657,810,0.104247104247,0.56957682835,37,37,37,1,0,0.405405405405,0.540540540541,0.0540540540541,37,0.128378378378,1.95848924208,9.24324324324,7.77272727273,4.88571428571,4.90694182542,0.530867975265,0.296665086139,6.06149665856,1.31155190858,0.65655128813,4.27753402059,0.925548296853,0.48490595859,0.958482316049,0.489398815911,3.62190656566,1.95848924208,0.958482316049,3.62190656566,0.0660945853348,0.0408942202835,25,0.0032175032175,0.190311789442,37,37,37,1,0,0.405405405405,0.540540540541,0.0540540540541,37,287,0.215465465465,1.75141278254,15.5135135135,13.0454545455,7.75675675676,4.54374797339,0.292889677727,0.146247292589,7.9106307004,1.01983740737,0.54261229871,7.28547034021,0.939241820863,0.489311611263,0.681801371423,0.389286510993,2.24713573345,1.75141278254,0.681801371423,2.24713573345,0.237760968697,0.21143886512,313,0.0402831402831,0.470949761533,37,37,37,1,0,0.405405405405,0.594594594595,0,-55,-0.0412912912913,0.0261239644254,-2.97297297297,-2.5,-2.01467181467,-0.823962182008,0.00253108744982,0.00360464994611,-1.59786084198,-0.00885904604644,-0.00187956157147,-0.767843006224,0.0679769266584,0.0274813599589,0.0412018010974,0.0179866082752,0.24713573345,0.0261239644254,0.0412018010974,0.24713573345,-0.10631042555,-0.165130172536,-497,-0.063963963964,-0.0986270668165,0,0.0540540540541,-0.0540540540541,279,8,63,982,0.815789473684,0.991919191919,0.00808080808081,0.184210526316,0.97212543554,0.815789473684,0.887122416534,0.858195630563,0.807708665603,0.797142857143,116,171,0,0,0,0
2012,WLNM_dir_neg,0.920898738073,0.829076541206,00:00:05,10,50,24,1237612659,threshold_sweep,0.5,0.931034482759,0.631578947368,0.752613240418,108,8,63,334,0.631578947368,0.976608187135,0.0233918128655,0.368421052632,0.931034482759,0.631578947368,0.752613240418,0.861598440546,0.591293047433,0.661367249603,0.685368419597,0.608187134503,342,171,171,0,342,0,171,0,171,37,342,0.256756756757,1.72528881811,18.4864864865,15.5454545455,9.77142857143,5.36771015539,0.290358590277,0.142642642643,9.50849154237,1.02869645341,0.544491860281,8.05331334643,0.871264894205,0.461830251304,0.640599570326,0.371299902718,2,1.72528881811,0.640599570326,2,0.344071394247,0.376569037657,810,0.104247104247,0.56957682835,37,37,37,1,0,0.405405405405,0.540540540541,0.0540540540541,37,0.128378378378,1.95848924208,9.24324324324,7.77272727273,4.88571428571,4.90694182542,0.530867975265,0.296665086139,6.06149665856,1.31155190858,0.65655128813,4.27753402059,0.925548296853,0.48490595859,0.958482316049,0.489398815911,3.62190656566,1.95848924208,0.958482316049,3.62190656566,0.0660945853348,0.0408942202835,25,0.0032175032175,0.190311789442,37,37,37,1,0,0.405405405405,0.540540540541,0.0540540540541,37,287,0.215465465465,1.75141278254,15.5135135135,13.0454545455,7.75675675676,4.54374797339,0.292889677727,0.146247292589,7.9106307004,1.01983740737,0.54261229871,7.28547034021,0.939241820863,0.489311611263,0.681801371423,0.389286510993,2.24713573345,1.75141278254,0.681801371423,2.24713573345,0.237760968697,0.21143886512,313,0.0402831402831,0.470949761533,37,37,37,1,0,0.405405405405,0.594594594595,0,-55,-0.0412912912913,0.0261239644254,-2.97297297297,-2.5,-2.01467181467,-0.823962182008,0.00253108744982,0.00360464994611,-1.59786084198,-0.00885904604644,-0.00187956157147,-0.767843006224,0.0679769266584,0.0274813599589,0.0412018010974,0.0179866082752,0.24713573345,0.0261239644254,0.0412018010974,0.24713573345,-0.10631042555,-0.165130172536,-497,-0.063963963964,-0.0986270668165,0,0.0540540540541,-0.0540540540541,279,8,63,982,0.815789473684,0.991919191919,0.00808080808081,0.184210526316,0.97212543554,0.815789473684,0.887122416534,0.858195630563,0.807708665603,0.797142857143,116,171,0,0,0,0
2013,WLNM_dir_neg,0.920898738073,0.829076541206,00:00:05,10,50,24,1237612659,threshold_sweep,0.6,0.92523364486,0.578947368421,0.712230215827,99,8,72,334,0.578947368421,0.976608187135,0.0233918128655,0.421052631579,0.92523364486,0.578947368421,0.712230215827,0.844054580897,0.59714100065,0.612903225806,0.644590198577,0.555555555556,342,171,171,0,342,0,171,0,171,37,342,0.256756756757,1.72528881811,18.4864864865,15.5454545455,9.77142857143,5.36771015539,0.290358590277,0.142642642643,9.50849154237,1.02869645341,0.544491860281,8.05331334643,0.871264894205,0.461830251304,0.640599570326,0.371299902718,2,1.72528881811,0.640599570326,2,0.344071394247,0.376569037657,810,0.104247104247,0.56957682835,37,37,37,1,0,0.405405405405,0.540540540541,0.0540540540541,37,0.128378378378,1.95848924208,9.24324324324,7.77272727273,4.88571428571,4.90694182542,0.530867975265,0.296665086139,6.06149665856,1.31155190858,0.65655128813,4.27753402059,0.925548296853,0.48490595859,0.958482316049,0.489398815911,3.62190656566,1.95848924208,0.958482316049,3.62190656566,0.0660945853348,0.0408942202835,25,0.0032175032175,0.190311789442,37,37,37,1,0,0.405405405405,0.540540540541,0.0540540540541,37,278,0.208708708709,1.75979594458,15.027027027,12.6363636364,7.51351351351,4.53067622183,0.301501834906,0.154190161384,7.73384201496,1.02932429695,0.549484736535,7.00643205134,0.932510740646,0.488236437877,0.692018874722,0.393238134713,2.25426832611,1.75979594458,0.692018874722,2.25426832611,0.234077229538,0.200143472023,279,0.0359073359073,0.444734272472,37,37,37,1,0,0.405405405405,0.594594594595,0,-64,-0.048048048048,0.0345071264664,-3.45945945946,-2.90909090909,-2.25791505792,-0.837033933566,0.0111432446286,0.0115475187418,-1.77464952742,0.000627843539885,0.00499287625376,-1.04688129509,0.0612458464415,0.0264061865728,0.0514193043963,0.0219382319951,0.254268326109,0.0345071264664,0.0514193043963,0.254268326109,-0.10999416471,-0.176425565634,-531,-0.0683397683398,-0.124842555878,0,0.0540540540541,-0.0540540540541,270,8,72,982,0.789473684211,0.991919191919,0.00808080808081,0.210526315789,0.971223021583,0.789473684211,0.870967741935,0.839957658883,0.78139287613,0.771428571429,107,171,0,0,0,0
2014,WLNM_dir_neg,0.920898738073,0.829076541206,00:00:05,10,50,24,1237612659,threshold_sweep,0.7,0.92380952381,0.567251461988,0.702898550725,97,8,74,334,0.567251461988,0.976608187135,0.0233918128655,0.432748538012,0.92380952381,0.567251461988,0.702898550725,0.840155945419,0.598440545809,0.601941747573,0.63543804781,0.543859649123,342,171,171,0,342,0,171,0,171,37,342,0.256756756757,1.72528881811,18.4864864865,15.5454545455,9.77142857143,5.36771015539,0.290358590277,0.142642642643,9.50849154237,1.02869645341,0.544491860281,8.05331334643,0.871264894205,0.461830251304,0.640599570326,0.371299902718,2,1.72528881811,0.640599570326,2,0.344071394247,0.376569037657,810,0.104247104247,0.56957682835,37,37,37,1,0,0.405405405405,0.540540540541,0.0540540540541,37,0.128378378378,1.95848924208,9.24324324324,7.77272727273,4.88571428571,4.90694182542,0.530867975265,0.296665086139,6.06149665856,1.31155190858,0.65655128813,4.27753402059,0.925548296853,0.48490595859,0.958482316049,0.489398815911,3.62190656566,1.95848924208,0.958482316049,3.62190656566,0.0660945853348,0.0408942202835,25,0.0032175032175,0.190311789442,37,37,37,1,0,0.405405405405,0.540540540541,0.0540540540541,37,276,0.207207207207,1.77775181206,14.9189189189,12.5454545455,7.45945945946,4.74563178313,0.318094884014,0.161378770074,7.77315392373,1.0420532434,0.554054054054,7.00235910483,0.938722053909,0.490403446925,0.725306229665,0.407990713182,2.52147147902,1.77775181206,0.725306229665,2.52147147902,0.228217174445,0.19826964672,275,0.0353925353925,0.43855934093,37,37,37,1,0,0.405405405405,0.594594594595,0,-66,-0.0495495495495,0.052462993949,-3.56756756757,-3,-2.31196911197,-0.622078372267,0.0277362937368,0.0187361274318,-1.73533761865,0.0133567899831,0.00956219377272,-1.0509542416,0.0674571597039,0.0285731956213,0.0847066593393,0.0366908104647,0.521471479025,0.052462993949,0.0847066593393,0.521471479025,-0.115854219803,-0.178299390937,-535,-0.0688545688546,-0.13101748742,0,0.0540540540541,-0.0540540540541,268,8,74,982,0.783625730994,0.991919191919,0.00808080808081,0.216374269006,0.971014492754,0.783625730994,0.867313915858,0.835893810196,0.775544922913,0.765714285714,105,171,0,0,0,0
2015,WLNM_dir_neg,0.920898738073,0.829076541206,00:00:05,10,50,24,1237612659,threshold_sweep,0.8,0.913580246914,0.432748538012,0.587301587302,74,7,97,335,0.432748538012,0.979532163743,0.0204678362573,0.567251461988,0.913580246914,0.432748538012,0.587301587302,0.797270955166,0.614035087719,0.474747474747,0.532990823661,0.412280701754,342,171,171,0,342,0,171,0,171,37,342,0.256756756757,1.72528881811,18.4864864865,15.5454545455,9.77142857143,5.36771015539,0.290358590277,0.142642642643,9.50849154237,1.02869645341,0.544491860281,8.05331334643,0.871264894205,0.461830251304,0.640599570326,0.371299902718,2,1.72528881811,0.640599570326,2,0.344071394247,0.376569037657,810,0.104247104247,0.56957682835,37,37,37,1,0,0.405405405405,0.540540540541,0.0540540540541,37,0.128378378378,1.95848924208,9.24324324324,7.77272727273,4.88571428571,4.90694182542,0.530867975265,0.296665086139,6.06149665856,1.31155190858,0.65655128813,4.27753402059,0.925548296853,0.48490595859,0.958482316049,0.489398815911,3.62190656566,1.95848924208,0.958482316049,3.62190656566,0.0660945853348,0.0408942202835,25,0.0032175032175,0.190311789442,37,37,37,1,0,0.405405405405,0.540540540541,0.0540540540541,37,252,0.189189189189,1.79355689328,13.6216216216,11.4545454545,6.81081081081,4.76883022782,0.350092695296,0.184041184041,7.36296225803,1.08106985535,0.575718575719,6.35451649458,0.93300440595,0.484126984127,0.736155381049,0.410444398951,2.49275194639,1.79355689328,0.736155381049,2.49275194639,0.211622211414,0.160272804774,188,0.0241956241956,0.373446820156,37,37,37,1,0,0.405405405405,0.594594594595,0,-90,-0.0675675675676,0.0682680751698,-4.86486486486,-4.09090909091,-2.96061776062,-0.598879927576,0.059734105019,0.0413985413985,-2.14552928434,0.0523734019313,0.0312267154372,-1.69879685185,0.0617395117453,0.022296732823,0.0955558107227,0.0391444962333,0.492751946385,0.0682680751698,0.0955558107227,0.492751946385,-0.132449182834,-0.216296232883,-622,-0.0800514800515,-0.196130008193,0,0.0540540540541,-0.0540540540541,245,7,97,983,0.716374269006,0.992929292929,0.00707070707071,0.283625730994,0.972222222222,0.716374269006,0.824915824916,0.791135081482,0.709303561935,0.702005730659,81,171,0,0,0,0
2016,WLNM_dir_neg,0.920898738073,0.829076541206,00:00:05,10,50,24,1237612659,threshold_sweep,0.9,0.921052631579,0.409356725146,0.566801619433,70,6,101,336,0.409356725146,0.982456140351,0.0175438596491,0.590643274854,0.921052631579,0.409356725146,0.566801619433,0.791423001949,0.617283950617,0.455008488964,0.51992689802,0.391812865497,342,171,171,0,342,0,171,0,171,37,342,0.256756756757,1.72528881811,18.4864864865,15.5454545455,9.77142857143,5.36771015539,0.290358590277,0.142642642643,9.50849154237,1.02869645341,0.544491860281,8.05331334643,0.871264894205,0.461830251304,0.640599570326,0.371299902718,2,1.72528881811,0.640599570326,2,0.344071394247,0.376569037657,810,0.104247104247,0.56957682835,37,37,37,1,0,0.405405405405,0.540540540541,0.0540540540541,37,0.128378378378,1.95848924208,9.24324324324,7.77272727273,4.88571428571,4.90694182542,0.530867975265,0.296665086139,6.06149665856,1.31155190858,0.65655128813,4.27753402059,0.925548296853,0.48490595859,0.958482316049,0.489398815911,3.62190656566,1.95848924208,0.958482316049,3.62190656566,0.0660945853348,0.0408942202835,25,0.0032175032175,0.190311789442,37,37,37,1,0,0.405405405405,0.540540540541,0.0540540540541,37,247,0.185435435435,1.786198187,13.3513513514,11.2272727273,6.67567567568,4.79128964439,0.358861774985,0.18765729292,7.17655927329,1.0750311462,0.57249151986,6.33357040808,0.948753461939,0.4893314367,0.72404196665,0.405353656678,2.35907361274,1.786198187,0.72404196665,2.35907361274,0.215682418644,0.161450716584,184,0.0236808236808,0.372700028582,37,37,37,1,0,0.405405405405,0.594594594595,0,-95,-0.0713213213213,0.0609093688812,-5.13513513514,-4.31818181818,-3.09575289575,-0.576420511001,0.0685031847077,0.0450146502778,-2.33193226909,0.0463346927861,0.0279996595786,-1.71974293835,0.0774885677343,0.0275011853959,0.0834423963237,0.0340537539599,0.359073612736,0.0609093688812,0.0834423963237,0.359073612736,-0.128388975604,-0.215118321073,-626,-0.0805662805663,-0.196876799768,0,0.0540540540541,-0.0540540540541,241,6,101,984,0.704678362573,0.993939393939,0.00606060606061,0.295321637427,0.975708502024,0.704678362573,0.818336162988,0.785248154434,0.698617756512,0.692528735632,76,171,0,0,0,0
2017,WLNM_dir_neg,0.96073150713,0.937956915833,00:00:05,10,50,25,1237612660,threshold_sweep,0.1,0.942028985507,0.760233918129,0.84142394822,130,8,41,334,0.760233918129,0.976608187135,0.0233918128655,0.239766081871,0.942028985507,0.760233918129,0.84142394822,0.904483430799,0.576998050682,0.774193548387,0.783304038922,0.736842105263,342,171,171,0,342,0,171,0,171,37,342,0.256756756757,1.72528881811,18.4864864865,15.5454545455,9.77142857143,5.36771015539,0.290358590277,0.142642642643,9.50849154237,1.02869645341,0.544491860281,8.05331334643,0.871264894205,0.461830251304,0.640599570326,0.371299902718,2,1.72528881811,0.640599570326,2,0.344071394247,0.376569037657,810,0.104247104247,0.56957682835,37,37,37,1,0,0.405405405405,0.540540540541,0.0540540540541,37,0.128378378378,1.93134773166,9.24324324324,7.77272727273,4.88571428571,4.70463958594,0.508981475672,0.284020862968,5.93179451652,1.2834877024,0.644539276118,4.23839167184,0.917078899756,0.477951635846,0.905551025851,0.468870007719,2.7419047619,1.93134773166,0.905551025851,2.7419047619,0.0896687176099,0.034980566352,21,0.0027027027027,0.190066784289,37,37,37,1,0,0.405405405405,0.540540540541,0.0540540540541,37,309,0.231981981982,1.86360012211,16.7027027027,13.4347826087,8.82857142857,4.74262506345,0.28394357176,0.128137846584,8.14526521025,0.975323018703,0.51360097962,8.15548968561,0.976547308632,0.502580250153,0.743541355631,0.398981169194,2.57142857143,1.86360012211,0.743541355631,2.57142857143,0.274779290569,0.261350407451,449,0.0577863577864,0.511997640032,37,37,37,1,0,0.378378378378,0.567567567568,0.0540540540541,-33,-0.0247747747748,0.138311303997,-1.78378378378,-2.11067193676,-0.942857142857,-0.62508509194,-0.00641501851699,-0.0145047960582,-1.36322633212,-0.0533734347115,-0.0308908806609,0.102176339171,0.105282414427,0.0407499988491,0.102941785305,0.0276812664764,0.571428571429,0.138311303997,0.102941785305,0.571428571429,-0.0692921036787,-0.115218630206,-361,-0.0464607464607,-0.0575791883182,-0.027027027027,0.027027027027,0,301,8,41,982,0.880116959064,0.991919191919,0.00808080808081,0.119883040936,0.974110032362,0.880116959064,0.924731182796,0.902501813182,0.872036150984,0.86,138,171,0,0,0,0
2018,WLNM_dir_neg,0.96073150713,0.937956915833,00:00:05,10,50,25,1237612660,threshold_sweep,0.2,0.948529411765,0.754385964912,0.840390879479,129,7,42,335,0.754385964912,0.979532163743,0.0204678362573,0.245614035088,0.948529411765,0.754385964912,0.840390879479,0.904483430799,0.578297595841,0.773497688752,0.783824067322,0.733918128655,342,171,171,0,342,0,171,0,171,37,342,0.256756756757,1.72528881811,18.4864864865,15.5454545455,9.77142857143,5.36771015539,0.290358590277,0.142642642643,9.50849154237,1.02869645341,0.544491860281,8.05331334643,0.871264894205,0.461830251304,0.640599570326,0.371299902718,2,1.72528881811,0.640599570326,2,0.344071394247,0.376569037657,810,0.104247104247,0.56957682835,37,37,37,1,0,0.405405405405,0.540540540541,0.0540540540541,37,0.128378378378,1.93134773166,9.24324324324,7.77272727273,4.88571428571,4.70463958594,0.508981475672,0.284020862968,5.93179451652,1.2834877024,0.644539276118,4.23839167184,0.917078899756,0.477951635846,0.905551025851,0.468870007719,2.7419047619,1.93134773166,0.905551025851,2.7419047619,0.0896687176099,0.034980566352,21,0.0027027027027,0.190066784289,37,37,37,1,0,0.405405405405,0.540540540541,0.0540540540541,37,307,0.23048048048,1.85973803179,16.5945945946,13.347826087,8.77142857143,4.67534585446,0.281739082435,0.125363148164,8.08587542455,0.974519187975,0.512897262083,8.19167892459,0.987270749869,0.507262963289,0.741461179972,0.39869119591,2.57142857143,1.85973803179,0.741461179972,2.57142857143,0.269484135738,0.253958944282,433,0.0557271557272,0.516115936082,37,37,37,1,0,0.378378378378,0.567567567568,0.0540540540541,-35,-0.0262762762763,0.134449213672,-1.89189189189,-2.1976284585,-1,-0.692364300929,-0.00861950784196,-0.0172794944782,-1.42261611782,-0.0541772654394,-0.0315945981984,0.138365578158,0.116005855665,0.0454327119851,0.100861609646,0.0273912931922,0.571428571429,0.134449213672,0.100861609646,0.571428571429,-0.0745872585094,-0.122610093375,-377,-0.0485199485199,-0.053460892268,-0.027027027027,0.027027027027,0,300,7,42,983,0.877192982456,0.992929292929,0.00707070707071,0.122807017544,0.977198697068,0.877192982456,0.924499229584,0.902567760891,0.870122275385,0.859598853868,136,171,0,0,0,0
2019,WLNM_dir_neg,0.96073150713,0.937956915833,00:00:05,10,50,25,1237612660,threshold_sweep,0.3,0.948529411765,0.754385964912,0.840390879479,129,7,42,335,0.754385964912,0.979532163743,0.0204678362573,0.245614035088,0.948529411765,0.754385964912,0.840390879479,0.904483430799,0.578297595841,0.773497688752,0.783824067322,0.733918128655,342,171,171,0,342,0,171,0,171,37,342,0.256756756757,1.72528881811,18.4864864865,15.5454545455,9.77142857143,5.36771015539,0.290358590277,0.142642642643,9.50849154237,1.02869645341,0.544491860281,8.05331334643,0.871264894205,0.461830251304,0.640599570326,0.371299902718,2,1.72528881811,0.640599570326,2,0.344071394247,0.376569037657,810,0.104247104247,0.56957682835,37,37,37,1,0,0.405405405405,0.540540540541,0.0540540540541,37,0.128378378378,1.93134773166,9.24324324324,7.77272727273,4.88571428571,4.70463958594,0.508981475672,0.284020862968,5.93179451652,1.2834877024,0.644539276118,4.23839167184,0.917078899756,0.477951635846,0.905551025851,0.468870007719,2.7419047619,1.93134773166,0.905551025851,2.7419047619,0.0896687176099,0.034980566352,21,0.0027027027027,0.190066784289,37,37,37,1,0,0.405405405405,0.540540540541,0.0540540540541,37,307,0.23048048048,1.85973803179,16.5945945946,13.347826087,8.77142857143,4.67534585446,0.281739082435,0.125363148164,8.08587542455,0.974519187975,0.512897262083,8.19167892459,0.987270749869,0.507262963289,0.741461179972,0.39869119591,2.57142857143,1.85973803179,0.741461179972,2.57142857143,0.269484135738,0.253958944282,433,0.0557271557272,0.516115936082,37,37,37,1,0,0.378378378378,0.567567567568,0.0540540540541,-35,-0.0262762762763,0.134449213672,-1.89189189189,-2.1976284585,-1,-0.692364300929,-0.00861950784196,-0.0172794944782,-1.42261611782,-0.0541772654394,-0.0315945981984,0.138365578158,0.116005855665,0.0454327119851,0.100861609646,0.0273912931922,0.571428571429,0.134449213672,0.100861609646,0.571428571429,-0.0745872585094,-0.122610093375,-377,-0.0485199485199,-0.053460892268,-0.027027027027,0.027027027027,0,300,7,42,983,0.877192982456,0.992929292929,0.00707070707071,0.122807017544,0.977198697068,0.877192982456,0.924499229584,0.902567760891,0.870122275385,0.859598853868,136,171,0,0,0,0
2020,WLNM_dir_neg,0.96073150713,0.937956915833,00:00:05,10,50,25,1237612660,threshold_sweep,0.4,0.948148148148,0.748538011696,0.83660130719,128,7,43,335,0.748538011696,0.979532163743,0.0204678362573,0.251461988304,0.948148148148,0.748538011696,0.83660130719,0.90253411306,0.578947368421,0.768518518519,0.779420034916,0.728070175439,342,171,171,0,342,0,171,0,171,37,342,0.256756756757,1.72528881811,18.4864864865,15.5454545455,9.77142857143,5.36771015539,0.290358590277,0.142642642643,9.50849154237,1.02869645341,0.544491860281,8.05331334643,0.871264894205,0.461830251304,0.640599570326,0.371299902718,2,1.72528881811,0.640599570326,2,0.344071394247,0.376569037657,810,0.104247104247,0.56957682835,37,37,37,1,0,0.405405405405,0.540540540541,0.0540540540541,37,0.128378378378,1.93134773166,9.24324324324,7.77272727273,4.88571428571,4.70463958594,0.508981475672,0.284020862968,5.93179451652,1.2834877024,0.644539276118,4.23839167184,0.917078899756,0.477951635846,0.905551025851,0.468870007719,2.7419047619,1.93134773166,0.905551025851,2.7419047619,0.0896687176099,0.034980566352,21,0.0027027027027,0.190066784289,37,37,37,1,0,0.405405405405,0.540540540541,0.0540540540541,37,306,0.22972972973,1.85850291767,16.5405405405,13.3043478261,8.74285714286,4.6523267452,0.281268120217,0.125507860802,8.05415230607,0.973868089296,0.512276982865,8.20788458553,0.992456632891,0.50856739092,0.740557887642,0.398470123775,2.57142857143,1.85850291767,0.740557887642,2.57142857143,0.264924545188,0.248031496063,420,0.0540540540541,0.517457636708,37,37,37,1,0,0.378378378378,0.567567567568,0.0540540540541,-36,-0.027027027027,0.133214099559,-1.94594594595,-2.24110671937,-1.02857142857,-0.715383410189,-0.00909047006052,-0.0171347818407,-1.4543392363,-0.0548283641188,-0.0322148774161,0.154571239095,0.121191738686,0.0467371396164,0.0999583173161,0.0271702210576,0.571428571429,0.133214099559,0.0999583173161,0.571428571429,-0.0791468490597,-0.128537541594,-390,-0.0501930501931,-0.052119191642,-0.027027027027,0.027027027027,0,299,7,43,983,0.874269005848,0.992929292929,0.00707070707071,0.125730994152,0.977124183007,0.874269005848,0.922839506173,0.90056419045,0.867198298777,0.856733524355,135,171,0,0,0,0
2021,WLNM_dir_neg,0.96073150713,0.937956915833,00:00:05,10,50,25,1237612660,threshold_sweep,0.5,0.94776119403,0.74269005848,0.832786885246,127,7,44,335,0.74269005848,0.979532163743,0.0204678362573,0.25730994152,0.94776119403,0.74269005848,0.832786885246,0.900584795322,0.579597141001,0.763523956723,0.775014720071,0.722222222222,342,171,171,0,342,0,171,0,171,37,342,0.256756756757,1.72528881811,18.4864864865,15.5454545455,9.77142857143,5.36771015539,0.290358590277,0.142642642643,9.50849154237,1.02869645341,0.544491860281,8.05331334643,0.871264894205,0.461830251304,0.640599570326,0.371299902718,2,1.72528881811,0.640599570326,2,0.344071394247,0.376569037657,810,0.104247104247,0.56957682835,37,37,37,1,0,0.405405405405,0.540540540541,0.0540540540541,37,0.128378378378,1.93134773166,9.24324324324,7.77272727273,4.88571428571,4.70463958594,0.508981475672,0.284020862968,5.93179451652,1.2834877024,0.644539276118,4.23839167184,0.917078899756,0.477951635846,0.905551025851,0.468870007719,2.7419047619,1.93134773166,0.905551025851,2.7419047619,0.0896687176099,0.034980566352,21,0.0027027027027,0.190066784289,37,37,37,1,0,0.405405405405,0.540540540541,0.0540540540541,37,305,0.228978978979,1.85699568293,16.4864864865,13.2608695652,8.71428571429,4.64651375658,0.281837719661,0.126716880815,8.02567202242,0.973606114195,0.511652636243,8.23071957636,0.998480735493,0.512007089056,0.739548651024,0.398250064781,2.57142857143,1.85699568293,0.739548651024,2.57142857143,0.258361635529,0.24133148405,406,0.0522522522523,0.519489002474,37,37,37,1,0,0.378378378378,0.567567567568,0.0540540540541,-37,-0.0277777777778,0.131706864813,-2,-2.28458498024,-1.05714285714,-0.721196398813,-0.00852087061569,-0.0159257618274,-1.48281951996,-0.0550903392199,-0.0328392240385,0.17740622993,0.127215841288,0.0501768377523,0.0989490806979,0.0269501620633,0.571428571429,0.131706864813,0.0989490806979,0.571428571429,-0.0857097587186,-0.135237553607,-404,-0.0519948519949,-0.0500878258761,-0.027027027027,0.027027027027,0,298,7,44,983,0.87134502924,0.992929292929,0.00707070707071,0.12865497076,0.977049180328,0.87134502924,0.921174652241,0.898560077089,0.864274322169,0.853868194842,134,171,0,0,0,0
2022,WLNM_dir_neg,0.96073150713,0.937956915833,00:00:05,10,50,25,1237612660,threshold_sweep,0.6,0.94696969697,0.730994152047,0.825082508251,125,7,46,335,0.730994152047,0.979532163743,0.0204678362573,0.269005847953,0.94696969697,0.730994152047,0.825082508251,0.896686159844,0.58089668616,0.753488372093,0.766199426055,0.710526315789,342,171,171,0,342,0,171,0,171,37,342,0.256756756757,1.72528881811,18.4864864865,15.5454545455,9.77142857143,5.36771015539,0.290358590277,0.142642642643,9.50849154237,1.02869645341,0.544491860281,8.05331334643,0.871264894205,0.461830251304,0.640599570326,0.371299902718,2,1.72528881811,0.640599570326,2,0.344071394247,0.376569037657,810,0.104247104247,0.56957682835,37,37,37,1,0,0.405405405405,0.540540540541,0.0540540540541,37,0.128378378378,1.93134773166,9.24324324324,7.77272727273,4.88571428571,4.70463958594,0.508981475672,0.284020862968,5.93179451652,1.2834877024,0.644539276118,4.23839167184,0.917078899756,0.477951635846,0.905551025851,0.468870007719,2.7419047619,1.93134773166,0.905551025851,2.7419047619,0.0896687176099,0.034980566352,21,0.0027027027027,0.190066784289,37,37,37,1,0,0.405405405405,0.540540540541,0.0540540540541,37,303,0.227477477477,1.85562461283,16.3783783784,13.1739130435,8.65714285714,4.69841197375,0.286866737671,0.127999286415,7.9681234297,0.973005171284,0.510391579699,8.2725712711,1.0101819704,0.516992239765,0.738775950864,0.398127911085,2.57142857143,1.85562461283,0.738775950864,2.57142857143,0.245903589247,0.236177884615,393,0.0505791505792,0.523845204234,37,37,37,1,0,0.378378378378,0.567567567568,0.0540540540541,-39,-0.0292792792793,0.130335794714,-2.10810810811,-2.37154150198,-1.11428571429,-0.669298181644,-0.00349185260593,-0.0146433562275,-1.54036811267,-0.0556912821309,-0.0341002805828,0.219257924666,0.138917076194,0.0551619884606,0.0981763805379,0.0268280083676,0.571428571429,0.130335794714,0.0981763805379,0.571428571429,-0.0981678050002,-0.140391153042,-417,-0.053667953668,-0.0457316241156,-0.027027027027,0.027027027027,0,296,7,46,983,0.865497076023,0.992929292929,0.00707070707071,0.134502923977,0.976897689769,0.865497076023,0.917829457364,0.894550161428,0.858426368953,0.848137535817,132,171,0,0,0,0
2023,WLNM_dir_neg,0.96073150713,0.937956915833,00:00:05,10,50,25,1237612660,threshold_sweep,0.7,0.94696969697,0.730994152047,0.825082508251,125,7,46,335,0.730994152047,0.979532163743,0.0204678362573,0.269005847953,0.94696969697,0.730994152047,0.825082508251,0.896686159844,0.58089668616,0.753488372093,0.766199426055,0.710526315789,342,171,171,0,342,0,171,0,171,37,342,0.256756756757,1.72528881811,18.4864864865,15.5454545455,9.77142857143,5.36771015539,0.290358590277,0.142642642643,9.50849154237,1.02869645341,0.544491860281,8.05331334643,0.871264894205,0.461830251304,0.640599570326,0.371299902718,2,1.72528881811,0.640599570326,2,0.344071394247,0.376569037657,810,0.104247104247,0.56957682835,37,37,37,1,0,0.405405405405,0.540540540541,0.0540540540541,37,0.128378378378,1.93134773166,9.24324324324,7.77272727273,4.88571428571,4.70463958594,0.508981475672,0.284020862968,5.93179451652,1.2834877024,0.644539276118,4.23839167184,0.917078899756,0.477951635846,0.905551025851,0.468870007719,2.7419047619,1.93134773166,0.905551025851,2.7419047619,0.0896687176099,0.034980566352,21,0.0027027027027,0.190066784289,37,37,37,1,0,0.405405405405,0.540540540541,0.0540540540541,37,303,0.227477477477,1.85562461283,16.3783783784,13.1739130435,8.65714285714,4.69841197375,0.286866737671,0.127999286415,7.9681234297,0.973005171284,0.510391579699,8.2725712711,1.0101819704,0.516992239765,0.738775950864,0.398127911085,2.57142857143,1.85562461283,0.738775950864,2.57142857143,0.245903589247,0.236177884615,393,0.0505791505792,0.523845204234,37,37,37,1,0,0.378378378378,0.567567567568,0.0540540540541,-39,-0.0292792792793,0.130335794714,-2.10810810811,-2.37154150198,-1.11428571429,-0.669298181644,-0.00349185260593,-0.0146433562275,-1.54036811267,-0.0556912821309,-0.0341002805828,0.219257924666,0.138917076194,0.0551619884606,0.0981763805379,0.0268280083676,0.571428571429,0.130335794714,0.0981763805379,0.571428571429,-0.0981678050002,-0.140391153042,-417,-0.053667953668,-0.0457316241156,-0.027027027027,0.027027027027,0,296,7,46,983,0.865497076023,0.992929292929,0.00707070707071,0.134502923977,0.976897689769,0.865497076023,0.917829457364,0.894550161428,0.858426368953,0.848137535817,132,171,0,0,0,0
2024,WLNM_dir_neg,0.96073150713,0.937956915833,00:00:05,10,50,25,1237612660,threshold_sweep,0.8,0.94696969697,0.730994152047,0.825082508251,125,7,46,335,0.730994152047,0.979532163743,0.0204678362573,0.269005847953,0.94696969697,0.730994152047,0.825082508251,0.896686159844,0.58089668616,0.753488372093,0.766199426055,0.710526315789,342,171,171,0,342,0,171,0,171,37,342,0.256756756757,1.72528881811,18.4864864865,15.5454545455,9.77142857143,5.36771015539,0.290358590277,0.142642642643,9.50849154237,1.02869645341,0.544491860281,8.05331334643,0.871264894205,0.461830251304,0.640599570326,0.371299902718,2,1.72528881811,0.640599570326,2,0.344071394247,0.376569037657,810,0.104247104247,0.56957682835,37,37,37,1,0,0.405405405405,0.540540540541,0.0540540540541,37,0.128378378378,1.93134773166,9.24324324324,7.77272727273,4.88571428571,4.70463958594,0.508981475672,0.284020862968,5.93179451652,1.2834877024,0.644539276118,4.23839167184,0.917078899756,0.477951635846,0.905551025851,0.468870007719,2.7419047619,1.93134773166,0.905551025851,2.7419047619,0.0896687176099,0.034980566352,21,0.0027027027027,0.190066784289,37,37,37,1,0,0.405405405405,0.540540540541,0.0540540540541,37,303,0.227477477477,1.85562461283,16.3783783784,13.1739130435,8.65714285714,4.69841197375,0.286866737671,0.127999286415,7.9681234297,0.973005171284,0.510391579699,8.2725712711,1.0101819704,0.516992239765,0.738775950864,0.398127911085,2.57142857143,1.85562461283,0.738775950864,2.57142857143,0.245903589247,0.236177884615,393,0.0505791505792,0.523845204234,37,37,37,1,0,0.378378378378,0.567567567568,0.0540540540541,-39,-0.0292792792793,0.130335794714,-2.10810810811,-2.37154150198,-1.11428571429,-0.669298181644,-0.00349185260593,-0.0146433562275,-1.54036811267,-0.0556912821309,-0.0341002805828,0.219257924666,0.138917076194,0.0551619884606,0.0981763805379,0.0268280083676,0.571428571429,0.130335794714,0.0981763805379,0.571428571429,-0.0981678050002,-0.140391153042,-417,-0.053667953668,-0.0457316241156,-0.027027027027,0.027027027027,0,296,7,46,983,0.865497076023,0.992929292929,0.00707070707071,0.134502923977,0.976897689769,0.865497076023,0.917829457364,0.894550161428,0.858426368953,0.848137535817,132,171,0,0,0,0
2025,WLNM_dir_neg,0.96073150713,0.937956915833,00:00:05,10,50,25,1237612660,threshold_sweep,0.9,0.976377952756,0.72514619883,0.832214765101,124,3,47,339,0.72514619883,0.991228070175,0.00877192982456,0.27485380117,0.976377952756,0.72514619883,0.832214765101,0.90253411306,0.584145549058,0.765625,0.782448160209,0.716374269006,342,171,171,0,342,0,171,0,171,37,342,0.256756756757,1.72528881811,18.4864864865,15.5454545455,9.77142857143,5.36771015539,0.290358590277,0.142642642643,9.50849154237,1.02869645341,0.544491860281,8.05331334643,0.871264894205,0.461830251304,0.640599570326,0.371299902718,2,1.72528881811,0.640599570326,2,0.344071394247,0.376569037657,810,0.104247104247,0.56957682835,37,37,37,1,0,0.405405405405,0.540540540541,0.0540540540541,37,0.128378378378,1.93134773166,9.24324324324,7.77272727273,4.88571428571,4.70463958594,0.508981475672,0.284020862968,5.93179451652,1.2834877024,0.644539276118,4.23839167184,0.917078899756,0.477951635846,0.905551025851,0.468870007719,2.7419047619,1.93134773166,0.905551025851,2.7419047619,0.0896687176099,0.034980566352,21,0.0027027027027,0.190066784289,37,37,37,1,0,0.405405405405,0.540540540541,0.0540540540541,37,298,0.223723723724,1.84907218271,16.1081081081,12.9565217391,8.51428571429,4.67132971661,0.289998656904,0.130872483221,7.79938012475,0.968379411462,0.505169599129,8.36309998992,1.03837147526,0.529657173952,0.734152795111,0.397038472578,2.57142857143,1.84907218271,0.734152795111,2.57142857143,0.191661619603,0.206832298137,333,0.0428571428571,0.534780205944,37,37,37,1,0,0.378378378378,0.567567567568,0.0540540540541,-44,-0.033033033033,0.123783364598,-2.37837837838,-2.58893280632,-1.25714285714,-0.696380438779,-0.000359933373232,-0.0117701594212,-1.70911141763,-0.0603170419527,-0.039322261152,0.309786643488,0.167106581054,0.0678269226485,0.0935532247852,0.0257385698605,0.571428571429,0.123783364598,0.0935532247852,0.571428571429,-0.152409774645,-0.16973673952,-477,-0.06138996139,-0.0347966224054,-0.027027027027,0.027027027027,0,295,3,47,987,0.862573099415,0.99696969697,0.0030303030303,0.137426900585,0.989932885906,0.862573099415,0.921875,0.90101029621,0.859542796385,0.855072463768,127,171,0,0,0,0
2026,WLNM_dir_neg,0.936330836839,0.560974475811,00:00:05,10,50,26,1237612661,threshold_sweep,0.1,0.922580645161,0.836257309942,0.877300613497,143,12,28,330,0.836257309942,0.964912280702,0.0350877192982,0.163742690058,0.922580645161,0.836257309942,0.877300613497,0.922027290448,0.565951916829,0.820359281437,0.82248540963,0.801169590643,342,171,171,0,342,0,171,0,171,37,342,0.256756756757,1.72528881811,18.4864864865,15.5454545455,9.77142857143,5.36771015539,0.290358590277,0.142642642643,9.50849154237,1.02869645341,0.544491860281,8.05331334643,0.871264894205,0.461830251304,0.640599570326,0.371299902718,2,1.72528881811,0.640599570326,2,0.344071394247,0.376569037657,810,0.104247104247,0.56957682835,37,37,37,1,0,0.405405405405,0.540540540541,0.0540540540541,37,0.128378378378,1.9349905461,9.24324324324,7.77272727273,4.88571428571,4.75163951474,0.514066263291,0.285759443654,6.00162640619,1.29859752649,0.651809704441,4.26452649027,0.922733801988,0.477003319109,0.885141294963,0.457439596667,2.64305555556,1.9349905461,0.885141294963,2.64305555556,0.0480175235077,0.0299003322259,18,0.0023166023166,0.188727989867,37,37,37,1,0,0.405405405405,0.540540540541,0.0540540540541,37,326,0.244744744745,1,17.6216216216,13.5833333333,9.05555555556,4.93486097604,0.280045791585,0.142347869342,8.63081635716,0.979571181641,0.527773171945,8.11664215547,0.92121398697,0.482672856906,0,0,0,NaN,NaN,NaN,0.31462648652,0.321035146005,612,0.0787644787645,0.473186153828,37,37,0,1,2,0.351351351351,0.621621621622,0.027027027027,-16,-0.012012012012,-0.725288818115,-0.864864864865,-1.96212121212,-0.715873015873,-0.432849179352,-0.010312798692,-0.000294773300908,-0.877675185216,-0.0491252717741,-0.0167186883364,0.0633288090313,0.0499490927651,0.0208426056021,-0.640599570326,-0.371299902718,-2,NaN,NaN,NaN,-0.029444907727,-0.0555338916524,-198,-0.0254826254826,-0.0963906745217,-0.0540540540541,0.0810810810811,-0.027027027027,314,12,28,978,0.918128654971,0.987878787879,0.0121212121212,0.0818713450292,0.963190184049,0.918128654971,0.940119760479,0.920565352743,0.90600744285,0.887005649718,155,171,0,0,0,0
2027,WLNM_dir_neg,0.936330836839,0.560974475811,00:00:05,10,50,26,1237612661,threshold_sweep,0.2,0.921052631579,0.818713450292,0.866873065015,140,12,31,330,0.818713450292,0.964912280702,0.0350877192982,0.181286549708,0.921052631579,0.818713450292,0.866873065015,0.916179337232,0.567901234568,0.806015037594,0.808992324701,0.783625730994,342,171,171,0,342,0,171,0,171,37,342,0.256756756757,1.72528881811,18.4864864865,15.5454545455,9.77142857143,5.36771015539,0.290358590277,0.142642642643,9.50849154237,1.02869645341,0.544491860281,8.05331334643,0.871264894205,0.461830251304,0.640599570326,0.371299902718,2,1.72528881811,0.640599570326,2,0.344071394247,0.376569037657,810,0.104247104247,0.56957682835,37,37,37,1,0,0.405405405405,0.540540540541,0.0540540540541,37,0.128378378378,1.9349905461,9.24324324324,7.77272727273,4.88571428571,4.75163951474,0.514066263291,0.285759443654,6.00162640619,1.29859752649,0.651809704441,4.26452649027,0.922733801988,0.477003319109,0.885141294963,0.457439596667,2.64305555556,1.9349905461,0.885141294963,2.64305555556,0.0480175235077,0.0299003322259,18,0.0023166023166,0.188727989867,37,37,37,1,0,0.405405405405,0.540540540541,0.0540540540541,37,323,0.242492492492,1,17.4594594595,13.4583333333,8.97222222222,4.9418540976,0.283047370915,0.143418960756,8.51354688015,0.975236020327,0.525144339386,8.18076554639,0.937115557945,0.489666136725,0,0,0,NaN,NaN,NaN,0.305875115257,0.311209964413,583,0.0750321750322,0.477683742723,37,37,0,1,2,0.351351351351,0.621621621622,0.027027027027,-19,-0.0142642642643,-0.725288818115,-1.02702702703,-2.08712121212,-0.799206349206,-0.425856057798,-0.00731121936221,0.000776318113779,-0.994944662227,-0.0534604330882,-0.0193475208955,0.127452199951,0.0658506637402,0.027835885421,-0.640599570326,-0.371299902718,-2,NaN,NaN,NaN,-0.0381962789901,-0.0653590732441,-227,-0.0292149292149,-0.0918930856267,-0.0540540540541,0.0810810810811,-0.027027027027,311,12,31,978,0.909356725146,0.987878787879,0.0121212121212,0.0906432748538,0.962848297214,0.909356725146,0.935338345865,0.914513794788,0.897235513025,0.878531073446,152,171,0,0,0,0
2028,WLNM_dir_neg,0.936330836839,0.560974475811,00:00:05,10,50,26,1237612661,threshold_sweep,0.3,0.927152317881,0.818713450292,0.869565217391,140,11,31,331,0.818713450292,0.96783625731,0.0321637426901,0.181286549708,0.927152317881,0.818713450292,0.869565217391,0.918128654971,0.568551007147,0.810240963855,0.813569245891,0.786549707602,342,171,171,0,342,0,171,0,171,37,342,0.256756756757,1.72528881811,18.4864864865,15.5454545455,9.77142857143,5.36771015539,0.290358590277,0.142642642643,9.50849154237,1.02869645341,0.544491860281,8.05331334643,0.871264894205,0.461830251304,0.640599570326,0.371299902718,2,1.72528881811,0.640599570326,2,0.344071394247,0.376569037657,810,0.104247104247,0.56957682835,37,37,37,1,0,0.405405405405,0.540540540541,0.0540540540541,37,0.128378378378,1.9349905461,9.24324324324,7.77272727273,4.88571428571,4.75163951474,0.514066263291,0.285759443654,6.00162640619,1.29859752649,0.651809704441,4.26452649027,0.922733801988,0.477003319109,0.885141294963,0.457439596667,2.64305555556,1.9349905461,0.885141294963,2.64305555556,0.0480175235077,0.0299003322259,18,0.0023166023166,0.188727989867,37,37,37,1,0,0.405405405405,0.540540540541,0.0540540540541,37,322,0.241741741742,1,17.4054054054,13.4166666667,9.2,4.87886291089,0.280307341154,0.141346315259,8.48156453356,0.974589713484,0.52476078563,8.20861628908,0.943226095329,0.494040624475,0,0,0,NaN,NaN,NaN,0.301152874713,0.303981348637,565,0.0727155727156,0.480081415658,37,37,0,1,2,0.351351351351,0.594594594595,0.0540540540541,-20,-0.015015015015,-0.725288818115,-1.08108108108,-2.12878787879,-0.571428571429,-0.488847244499,-0.0100512491232,-0.00129632738328,-1.02692700882,-0.0541067399312,-0.019731074651,0.155302942648,0.0719612011244,0.0322103731715,-0.640599570326,-0.371299902718,-2,NaN,NaN,NaN,-0.0429185195348,-0.0725876890199,-245,-0.0315315315315,-0.0894954126921,-0.0540540540541,0.0540540540541,0,311,11,31,979,0.909356725146,0.988888888889,0.0111111111111,0.0906432748538,0.965838509317,0.909356725146,0.936746987952,0.916509841722,0.898245614035,0.881019830028,151,171,0,0,0,0
2029,WLNM_dir_neg,0.936330836839,0.560974475811,00:00:05,10,50,26,1237612661,threshold_sweep,0.4,0.926174496644,0.80701754386,0.8625,138,11,33,331,0.80701754386,0.96783625731,0.0321637426901,0.19298245614,0.926174496644,0.80701754386,0.8625,0.914230019493,0.569850552307,0.800604229607,0.804613009185,0.77485380117,342,171,171,0,342,0,171,0,171,37,342,0.256756756757,1.72528881811,18.4864864865,15.5454545455,9.77142857143,5.36771015539,0.290358590277,0.142642642643,9.50849154237,1.02869645341,0.544491860281,8.05331334643,0.871264894205,0.461830251304,0.640599570326,0.371299902718,2,1.72528881811,0.640599570326,2,0.344071394247,0.376569037657,810,0.104247104247,0.56957682835,37,37,37,1,0,0.405405405405,0.540540540541,0.0540540540541,37,0.128378378378,1.9349905461,9.24324324324,7.77272727273,4.88571428571,4.75163951474,0.514066263291,0.285759443654,6.00162640619,1.29859752649,0.651809704441,4.26452649027,0.922733801988,0.477003319109,0.885141294963,0.457439596667,2.64305555556,1.9349905461,0.885141294963,2.64305555556,0.0480175235077,0.0299003322259,18,0.0023166023166,0.188727989867,37,37,37,1,0,0.405405405405,0.540540540541,0.0540540540541,37,320,0.24024024024,1,17.2972972973,13.3333333333,9.14285714286,4.82968175202,0.279215976289,0.139949324324,8.41366684566,0.97283022903,0.523310810811,8.20980516827,0.949258722581,0.495945945946,0,0,0,NaN,NaN,NaN,0.294636752592,0.294930038161,541,0.0696267696268,0.48028635509,37,37,0,1,2,0.351351351351,0.594594594595,0.0540540540541,-22,-0.0165165165165,-0.725288818115,-1.18918918919,-2.21212121212,-0.628571428571,-0.53802840337,-0.0111426139883,-0.00269331831832,-1.09482469671,-0.0558662243852,-0.0211810494705,0.156491821833,0.077993828376,0.034115694642,-0.640599570326,-0.371299902718,-2,NaN,NaN,NaN,-0.0494346416554,-0.0816389994959,-269,-0.0346203346203,-0.0892904732599,-0.0540540540541,0.0540540540541,0,309,11,33,979,0.90350877193,0.988888888889,0.0111111111111,0.0964912280702,0.965625,0.90350877193,0.933534743202,0.912480995696,0.892397660819,0.875354107649,149,171,0,0,0,0
2030,WLNM_dir_neg,0.936330836839,0.560974475811,00:00:05,10,50,26,1237612661,threshold_sweep,0.5,0.932432432432,0.80701754386,0.865203761755,138,10,33,332,0.80701754386,0.970760233918,0.0292397660819,0.19298245614,0.932432432432,0.80701754386,0.865203761755,0.916179337232,0.570500324886,0.804841149773,0.80926237434,0.777777777778,342,171,171,0,342,0,171,0,171,37,342,0.256756756757,1.72528881811,18.4864864865,15.5454545455,9.77142857143,5.36771015539,0.290358590277,0.142642642643,9.50849154237,1.02869645341,0.544491860281,8.05331334643,0.871264894205,0.461830251304,0.640599570326,0.371299902718,2,1.72528881811,0.640599570326,2,0.344071394247,0.376569037657,810,0.104247104247,0.56957682835,37,37,37,1,0,0.405405405405,0.540540540541,0.0540540540541,37,0.128378378378,1.9349905461,9.24324324324,7.77272727273,4.88571428571,4.75163951474,0.514066263291,0.285759443654,6.00162640619,1.29859752649,0.651809704441,4.26452649027,0.922733801988,0.477003319109,0.885141294963,0.457439596667,2.64305555556,1.9349905461,0.885141294963,2.64305555556,0.0480175235077,0.0299003322259,18,0.0023166023166,0.188727989867,37,37,37,1,0,0.405405405405,0.540540540541,0.0540540540541,37,319,0.239489489489,1,17.2432432432,13.2916666667,9.11428571429,4.87285796476,0.282595211123,0.140811658053,8.42730796397,0.977462052247,0.525120732017,8.1729613542,0.947961034814,0.494450563416,0,0,0,NaN,NaN,NaN,0.295645501279,0.295180722892,539,0.0693693693694,0.476567925353,37,37,0,1,2,0.351351351351,0.594594594595,0.0540540540541,-23,-0.0172672672673,-0.725288818115,-1.24324324324,-2.25378787879,-0.657142857143,-0.494852190631,-0.00776337915456,-0.00183098458961,-1.08118357841,-0.051234401168,-0.0193711282641,0.119648007769,0.0766961406087,0.0326203121121,-0.640599570326,-0.371299902718,-2,NaN,NaN,NaN,-0.0484258929686,-0.0813883147653,-271,-0.0348777348777,-0.0930089029972,-0.0540540540541,0.0540540540541,0,309,10,33,980,0.90350877193,0.989898989899,0.010101010101,0.0964912280702,0.968652037618,0.90350877193,0.934947049924,0.914492835464,0.893407761829,0.877840909091,148,171,0,0,0,0
2031,WLNM_dir_neg,0.936330836839,0.560974475811,00:00:05,10,50,26,1237612661,threshold_sweep,0.6,0.951724137931,0.80701754386,0.873417721519,138,7,33,335,0.80701754386,0.979532163743,0.0204678362573,0.19298245614,0.951724137931,0.80701754386,0.873417721519,0.922027290448,0.572449642625,0.817629179331,0.823435092964,0.786549707602,342,171,171,0,342,0,171,0,171,37,342,0.256756756757,1.72528881811,18.4864864865,15.5454545455,9.77142857143,5.36771015539,0.290358590277,0.142642642643,9.50849154237,1.02869645341,0.544491860281,8.05331334643,0.871264894205,0.461830251304,0.640599570326,0.371299902718,2,1.72528881811,0.640599570326,2,0.344071394247,0.376569037657,810,0.104247104247,0.56957682835,37,37,37,1,0,0.405405405405,0.540540540541,0.0540540540541,37,0.128378378378,1.9349905461,9.24324324324,7.77272727273,4.88571428571,4.75163951474,0.514066263291,0.285759443654,6.00162640619,1.29859752649,0.651809704441,4.26452649027,0.922733801988,0.477003319109,0.885141294963,0.457439596667,2.64305555556,1.9349905461,0.885141294963,2.64305555556,0.0480175235077,0.0299003322259,18,0.0023166023166,0.188727989867,37,37,37,1,0,0.405405405405,0.540540540541,0.0540540540541,37,316,0.237237237237,1,17.0810810811,13.1666666667,9.02857142857,4.82688292781,0.282586500521,0.139753677728,8.34863460092,0.977530000741,0.525487512829,8.20770164945,0.961028357689,0.500513171399,0,0,0,NaN,NaN,NaN,0.289035009761,0.287960051785,519,0.0667953667954,0.479715441737,37,37,0,1,2,0.351351351351,0.594594594595,0.0540540540541,-26,-0.0195195195195,-0.725288818115,-1.40540540541,-2.37878787879,-0.742857142857,-0.540827227582,-0.00777208975651,-0.00288896491428,-1.15985694145,-0.051166452674,-0.019004347452,0.154388303015,0.0897634634838,0.0386829200953,-0.640599570326,-0.371299902718,-2,NaN,NaN,NaN,-0.0550363844862,-0.0886089858722,-291,-0.0374517374517,-0.0898613866126,-0.0540540540541,0.0540540540541,0,309,7,33,983,0.90350877193,0.992929292929,0.00707070707071,0.0964912280702,0.977848101266,0.90350877193,0.939209726444,0.920577899439,0.896438064859,0.885386819484,145,171,0,0,0,0
2032,WLNM_dir_neg,0.936330836839,0.560974475811,00:00:05,10,50,26,1237612661,threshold_sweep,0.7,0.951048951049,0.795321637427,0.866242038217,136,7,35,335,0.795321637427,0.979532163743,0.0204678362573,0.204678362573,0.951048951049,0.795321637427,0.866242038217,0.918128654971,0.573749187784,0.807926829268,0.81463299321,0.77485380117,342,171,171,0,342,0,171,0,171,37,342,0.256756756757,1.72528881811,18.4864864865,15.5454545455,9.77142857143,5.36771015539,0.290358590277,0.142642642643,9.50849154237,1.02869645341,0.544491860281,8.05331334643,0.871264894205,0.461830251304,0.640599570326,0.371299902718,2,1.72528881811,0.640599570326,2,0.344071394247,0.376569037657,810,0.104247104247,0.56957682835,37,37,37,1,0,0.405405405405,0.540540540541,0.0540540540541,37,0.128378378378,1.9349905461,9.24324324324,7.77272727273,4.88571428571,4.75163951474,0.514066263291,0.285759443654,6.00162640619,1.29859752649,0.651809704441,4.26452649027,0.922733801988,0.477003319109,0.885141294963,0.457439596667,2.64305555556,1.9349905461,0.885141294963,2.64305555556,0.0480175235077,0.0299003322259,18,0.0023166023166,0.188727989867,37,37,37,1,0,0.405405405405,0.540540540541,0.0540540540541,37,314,0.235735735736,1,16.972972973,13.0833333333,8.97142857143,4.74040836548,0.279291575673,0.137889481839,8.2684864315,0.974312095431,0.523325873644,8.24156680634,0.97114003769,0.50421759339,0,0,0,NaN,NaN,NaN,0.278385855923,0.273700018772,486,0.0625482625483,0.482216766682,37,37,0,1,2,0.351351351351,0.594594594595,0.0540540540541,-28,-0.021021021021,-0.725288818115,-1.51351351351,-2.46212121212,-0.8,-0.627301789918,-0.0110670146042,-0.00475316080412,-1.24000511088,-0.0543843579835,-0.021165986637,0.188253459909,0.0998751434853,0.0423873420856,-0.640599570326,-0.371299902718,-2,NaN,NaN,NaN,-0.0656855383242,-0.102869018885,-324,-0.0416988416988,-0.0873600616681,-0.0540540540541,0.0540540540541,0,307,7,35,983,0.897660818713,0.992929292929,0.00707070707071,0.102339181287,0.977707006369,0.897660818713,0.935975609756,0.916578795904,0.890590111643,0.879656160458,143,171,0,0,0,0
2033,WLNM_dir_neg,0.936330836839,0.560974475811,00:00:05,10,50,26,1237612661,threshold_sweep,0.8,0.951048951049,0.795321637427,0.866242038217,136,7,35,335,0.795321637427,0.979532163743,0.0204678362573,0.204678362573,0.951048951049,0.795321637427,0.866242038217,0.918128654971,0.573749187784,0.807926829268,0.81463299321,0.77485380117,342,171,171,0,342,0,171,0,171,37,342,0.256756756757,1.72528881811,18.4864864865,15.5454545455,9.77142857143,5.36771015539,0.290358590277,0.142642642643,9.50849154237,1.02869645341,0.544491860281,8.05331334643,0.871264894205,0.461830251304,0.640599570326,0.371299902718,2,1.72528881811,0.640599570326,2,0.344071394247,0.376569037657,810,0.104247104247,0.56957682835,37,37,37,1,0,0.405405405405,0.540540540541,0.0540540540541,37,0.128378378378,1.9349905461,9.24324324324,7.77272727273,4.88571428571,4.75163951474,0.514066263291,0.285759443654,6.00162640619,1.29859752649,0.651809704441,4.26452649027,0.922733801988,0.477003319109,0.885141294963,0.457439596667,2.64305555556,1.9349905461,0.885141294963,2.64305555556,0.0480175235077,0.0299003322259,18,0.0023166023166,0.188727989867,37,37,37,1,0,0.405405405405,0.540540540541,0.0540540540541,37,314,0.235735735736,1,16.972972973,13.0833333333,8.97142857143,4.74040836548,0.279291575673,0.137889481839,8.2684864315,0.974312095431,0.523325873644,8.24156680634,0.97114003769,0.50421759339,0,0,0,NaN,NaN,NaN,0.278385855923,0.273700018772,486,0.0625482625483,0.482216766682,37,37,0,1,2,0.351351351351,0.594594594595,0.0540540540541,-28,-0.021021021021,-0.725288818115,-1.51351351351,-2.46212121212,-0.8,-0.627301789918,-0.0110670146042,-0.00475316080412,-1.24000511088,-0.0543843579835,-0.021165986637,0.188253459909,0.0998751434853,0.0423873420856,-0.640599570326,-0.371299902718,-2,NaN,NaN,NaN,-0.0656855383242,-0.102869018885,-324,-0.0416988416988,-0.0873600616681,-0.0540540540541,0.0540540540541,0,307,7,35,983,0.897660818713,0.992929292929,0.00707070707071,0.102339181287,0.977707006369,0.897660818713,0.935975609756,0.916578795904,0.890590111643,0.879656160458,143,171,0,0,0,0
2034,WLNM_dir_neg,0.936330836839,0.560974475811,00:00:05,10,50,26,1237612661,threshold_sweep,0.9,0.949275362319,0.766081871345,0.847896440129,131,7,40,335,0.766081871345,0.979532163743,0.0204678362573,0.233918128655,0.949275362319,0.766081871345,0.847896440129,0.908382066277,0.576998050682,0.783410138249,0.792629087004,0.745614035088,342,171,171,0,342,0,171,0,171,37,342,0.256756756757,1.72528881811,18.4864864865,15.5454545455,9.77142857143,5.36771015539,0.290358590277,0.142642642643,9.50849154237,1.02869645341,0.544491860281,8.05331334643,0.871264894205,0.461830251304,0.640599570326,0.371299902718,2,1.72528881811,0.640599570326,2,0.344071394247,0.376569037657,810,0.104247104247,0.56957682835,37,37,37,1,0,0.405405405405,0.540540540541,0.0540540540541,37,0.128378378378,1.9349905461,9.24324324324,7.77272727273,4.88571428571,4.75163951474,0.514066263291,0.285759443654,6.00162640619,1.29859752649,0.651809704441,4.26452649027,0.922733801988,0.477003319109,0.885141294963,0.457439596667,2.64305555556,1.9349905461,0.885141294963,2.64305555556,0.0480175235077,0.0299003322259,18,0.0023166023166,0.188727989867,37,37,37,1,0,0.405405405405,0.540540540541,0.0540540540541,37,309,0.231981981982,1,16.7027027027,12.875,8.82857142857,4.82968175202,0.2891557036,0.147380390099,8.18269249431,0.979804602879,0.527770488936,8.11451448611,0.971640893159,0.507128487711,0,0,0,NaN,NaN,NaN,0.281881289278,0.276254826255,477,0.06138996139,0.469762272223,37,37,0,1,2,0.351351351351,0.594594594595,0.0540540540541,-33,-0.0247747747748,-0.725288818115,-1.78378378378,-2.67045454545,-0.942857142857,-0.53802840337,-0.00120288667703,0.00473774745619,-1.32579904806,-0.0488918505361,-0.0167213713458,0.0612011396792,0.100375998954,0.0452982364071,-0.640599570326,-0.371299902718,-2,NaN,NaN,NaN,-0.0621901049694,-0.100314211402,-333,-0.0428571428571,-0.0998145561268,-0.0540540540541,0.0540540540541,0,302,7,40,983,0.883040935673,0.992929292929,0.00707070707071,0.116959064327,0.977346278317,0.883040935673,0.927803379416,0.90657333267,0.875970228602,0.865329512894,138,171,0,0,0,0
2035,WLNM_dir_neg,0.939280462364,0.907037463884,00:00:05,10,50,27,1237612662,threshold_sweep,0.1,0.87417218543,0.771929824561,0.819875776398,132,19,39,323,0.771929824561,0.944444444444,0.0555555555556,0.228070175439,0.87417218543,0.771929824561,0.819875776398,0.88693957115,0.568551007147,0.737951807229,0.740983142168,0.716374269006,342,171,171,0,342,0,171,0,171,37,342,0.256756756757,1.72528881811,18.4864864865,15.5454545455,9.77142857143,5.36771015539,0.290358590277,0.142642642643,9.50849154237,1.02869645341,0.544491860281,8.05331334643,0.871264894205,0.461830251304,0.640599570326,0.371299902718,2,1.72528881811,0.640599570326,2,0.344071394247,0.376569037657,810,0.104247104247,0.56957682835,37,37,37,1,0,0.405405405405,0.540540540541,0.0540540540541,37,0.128378378378,1.90829309702,9.24324324324,7.77272727273,4.88571428571,4.88992959166,0.529027470443,0.294768452663,5.96448447689,1.29056096868,0.647068120752,4.23183274816,0.915659717438,0.478267741426,0.863159584942,0.452320236494,2.39158496732,1.90829309702,0.863159584942,2.39158496732,0.0774519553931,0.0229508196721,14,0.0018018018018,0.189900186729,37,37,37,1,0,0.405405405405,0.540540540541,0.0540540540541,37,322,0.241741741742,2.08792274111,17.4054054054,14,8.7027027027,5.1986080373,0.298677790963,0.145123384254,8.71418022174,1.00131884536,0.534497230149,7.89115139066,0.906747209485,0.470706731576,1.23742011825,0.592656085344,4.82763139353,2.08792274111,1.23742011825,4.82763139353,0.300434505335,0.302543748872,559,0.0719433719434,0.497819748236,37,37,37,1,0,0.378378378378,0.621621621622,0,-20,-0.015015015015,0.362633922999,-1.08108108108,-1.54545454545,-1.06872586873,-0.169102118089,0.00831920068602,0.00248074161118,-0.794311320636,-0.0273776080598,-0.00999463013193,-0.162161955777,0.0354823152806,0.00887648027236,0.596820547923,0.221356182626,2.82763139353,0.362633922999,0.596820547923,2.82763139353,-0.0436368889126,-0.0740252887845,-251,-0.0323037323037,-0.0717570801138,-0.027027027027,0.0810810810811,-0.0540540540541,303,19,39,971,0.885964912281,0.980808080808,0.0191919191919,0.114035087719,0.94099378882,0.885964912281,0.91265060241,0.88439728098,0.866772993089,0.839335180055,151,171,0,0,0,0
2036,WLNM_dir_neg,0.939280462364,0.907037463884,00:00:05,10,50,27,1237612662,threshold_sweep,0.2,0.877551020408,0.754385964912,0.811320754717,129,18,42,324,0.754385964912,0.947368421053,0.0526315789474,0.245614035088,0.877551020408,0.754385964912,0.811320754717,0.883040935673,0.571150097466,0.727272727273,0.731639313902,0.701754385965,342,171,171,0,342,0,171,0,171,37,342,0.256756756757,1.72528881811,18.4864864865,15.5454545455,9.77142857143,5.36771015539,0.290358590277,0.142642642643,9.50849154237,1.02869645341,0.544491860281,8.05331334643,0.871264894205,0.461830251304,0.640599570326,0.371299902718,2,1.72528881811,0.640599570326,2,0.344071394247,0.376569037657,810,0.104247104247,0.56957682835,37,37,37,1,0,0.405405405405,0.540540540541,0.0540540540541,37,0.128378378378,1.90829309702,9.24324324324,7.77272727273,4.88571428571,4.88992959166,0.529027470443,0.294768452663,5.96448447689,1.29056096868,0.647068120752,4.23183274816,0.915659717438,0.478267741426,0.863159584942,0.452320236494,2.39158496732,1.90829309702,0.863159584942,2.39158496732,0.0774519553931,0.0229508196721,14,0.0018018018018,0.189900186729,37,37,37,1,0,0.405405405405,0.540540540541,0.0540540540541,37,318,0.238738738739,2.08063508662,17.1891891892,13.8260869565,8.59459459459,5.04886036557,0.293723008689,0.141084480707,8.50313491033,0.98935846441,0.528981812001,7.96680425076,0.926955211567,0.478157402686,1.2322070421,0.592226407229,4.82218565988,2.08063508662,1.2322070421,4.82218565988,0.282706439782,0.286908077994,515,0.0662805662806,0.50152980412,37,37,37,1,0,0.378378378378,0.621621621622,0,-24,-0.018018018018,0.355346268501,-1.2972972973,-1.71936758893,-1.17683397683,-0.318849789827,0.00336441841151,-0.00155816193552,-1.00535663204,-0.0393379890051,-0.0155100482807,-0.0865090956716,0.0556903173619,0.0163271513818,0.591607471774,0.220926504511,2.82218565988,0.355346268501,0.591607471774,2.82218565988,-0.0613649544653,-0.0896609596625,-295,-0.0379665379665,-0.0680470242297,-0.027027027027,0.0810810810811,-0.0540540540541,300,18,42,972,0.877192982456,0.981818181818,0.0181818181818,0.122807017544,0.943396226415,0.877192982456,0.909090909091,0.880231530191,0.859011164274,0.833333333333,147,171,0,0,0,0
2037,WLNM_dir_neg,0.939280462364,0.907037463884,00:00:05,10,50,27,1237612662,threshold_sweep,0.3,0.883561643836,0.754385964912,0.813880126183,129,17,42,325,0.754385964912,0.950292397661,0.0497076023392,0.245614035088,0.883561643836,0.754385964912,0.813880126183,0.884990253411,0.571799870045,0.731411229135,0.736194527379,0.704678362573,342,171,171,0,342,0,171,0,171,37,342,0.256756756757,1.72528881811,18.4864864865,15.5454545455,9.77142857143,5.36771015539,0.290358590277,0.142642642643,9.50849154237,1.02869645341,0.544491860281,8.05331334643,0.871264894205,0.461830251304,0.640599570326,0.371299902718,2,1.72528881811,0.640599570326,2,0.344071394247,0.376569037657,810,0.104247104247,0.56957682835,37,37,37,1,0,0.405405405405,0.540540540541,0.0540540540541,37,0.128378378378,1.90829309702,9.24324324324,7.77272727273,4.88571428571,4.88992959166,0.529027470443,0.294768452663,5.96448447689,1.29056096868,0.647068120752,4.23183274816,0.915659717438,0.478267741426,0.863159584942,0.452320236494,2.39158496732,1.90829309702,0.863159584942,2.39158496732,0.0774519553931,0.0229508196721,14,0.0018018018018,0.189900186729,37,37,37,1,0,0.405405405405,0.540540540541,0.0540540540541,37,317,0.237987987988,1.90777826048,17.1351351351,14.4090909091,8.56756756757,5.11078468732,0.29826345967,0.141955835962,8.52949308296,0.995555974983,0.531332594424,7.98102103096,0.931538732321,0.479154233097,0.97697705128,0.512101993988,3.73562074904,1.90777826048,0.97697705128,3.73562074904,0.282706439782,0.286908077994,515,0.0662805662806,0.548438459336,37,37,37,1,0,0.405405405405,0.594594594595,0,-25,-0.0187687687688,0.182489442368,-1.35135135135,-1.13636363636,-1.20386100386,-0.256925468076,0.00790486939283,-0.000686806680497,-0.978998459415,-0.0331404784322,-0.0131592658573,-0.0722923154698,0.0602738381159,0.0173239817935,0.336377480954,0.14080209127,1.73562074904,0.182489442368,0.336377480954,1.73562074904,-0.0613649544653,-0.0896609596625,-295,-0.0379665379665,-0.0211383690137,0,0.0540540540541,-0.0540540540541,300,17,42,973,0.877192982456,0.982828282828,0.0171717171717,0.122807017544,0.946372239748,0.877192982456,0.910470409712,0.882220587052,0.860021265284,0.8356545961,146,171,0,0,0,0
2038,WLNM_dir_neg,0.939280462364,0.907037463884,00:00:05,10,50,27,1237612662,threshold_sweep,0.4,0.879432624113,0.72514619883,0.794871794872,124,17,47,325,0.72514619883,0.950292397661,0.0497076023392,0.27485380117,0.879432624113,0.72514619883,0.794871794872,0.875243664717,0.575048732943,0.706422018349,0.713207589137,0.675438596491,342,171,171,0,342,0,171,0,171,37,342,0.256756756757,1.72528881811,18.4864864865,15.5454545455,9.77142857143,5.36771015539,0.290358590277,0.142642642643,9.50849154237,1.02869645341,0.544491860281,8.05331334643,0.871264894205,0.461830251304,0.640599570326,0.371299902718,2,1.72528881811,0.640599570326,2,0.344071394247,0.376569037657,810,0.104247104247,0.56957682835,37,37,37,1,0,0.405405405405,0.540540540541,0.0540540540541,37,0.128378378378,1.90829309702,9.24324324324,7.77272727273,4.88571428571,4.88992959166,0.529027470443,0.294768452663,5.96448447689,1.29056096868,0.647068120752,4.23183274816,0.915659717438,0.478267741426,0.863159584942,0.452320236494,2.39158496732,1.90829309702,0.863159584942,2.39158496732,0.0774519553931,0.0229508196721,14,0.0018018018018,0.189900186729,37,37,37,1,0,0.405405405405,0.540540540541,0.0540540540541,37,312,0.234234234234,1.91316456308,16.8648648649,14.1818181818,8.43243243243,4.93379593643,0.292548797513,0.13808038808,8.34845474904,0.990041108059,0.526680526681,7.81572681109,0.926865038495,0.47920997921,0.981253480992,0.512895492593,3.73927566614,1.91316456308,0.981253480992,3.73927566614,0.273706517614,0.274143901501,475,0.0611325611326,0.532818066438,37,37,37,1,0,0.405405405405,0.594594594595,0,-30,-0.0225225225225,0.187875744965,-1.62162162162,-1.36363636364,-1.338996139,-0.433914218962,0.00219020723561,-0.00456225456225,-1.16003679334,-0.0386553453561,-0.0178113336008,-0.237586535345,0.0556001442897,0.017379727906,0.340653910666,0.141595589875,1.73927566614,0.187875744965,0.340653910666,1.73927566614,-0.0703648766332,-0.102425136156,-335,-0.0431145431145,-0.0367587619121,0,0.0540540540541,-0.0540540540541,295,17,47,973,0.862573099415,0.982828282828,0.0171717171717,0.137426900585,0.945512820513,0.862573099415,0.902140672783,0.871999470078,0.845401382243,0.821727019499,141,171,0,0,0,0
2039,WLNM_dir_neg,0.939280462364,0.907037463884,00:00:05,10,50,27,1237612662,threshold_sweep,0.5,0.878571428571,0.719298245614,0.790996784566,123,17,48,325,0.719298245614,0.950292397661,0.0497076023392,0.280701754386,0.878571428571,0.719298245614,0.790996784566,0.873294346979,0.575698505523,0.701378254211,0.708601472967,0.669590643275,342,171,171,0,342,0,171,0,171,37,342,0.256756756757,1.72528881811,18.4864864865,15.5454545455,9.77142857143,5.36771015539,0.290358590277,0.142642642643,9.50849154237,1.02869645341,0.544491860281,8.05331334643,0.871264894205,0.461830251304,0.640599570326,0.371299902718,2,1.72528881811,0.640599570326,2,0.344071394247,0.376569037657,810,0.104247104247,0.56957682835,37,37,37,1,0,0.405405405405,0.540540540541,0.0540540540541,37,0.128378378378,1.90829309702,9.24324324324,7.77272727273,4.88571428571,4.88992959166,0.529027470443,0.294768452663,5.96448447689,1.29056096868,0.647068120752,4.23183274816,0.915659717438,0.478267741426,0.863159584942,0.452320236494,2.39158496732,1.90829309702,0.863159584942,2.39158496732,0.0774519553931,0.0229508196721,14,0.0018018018018,0.189900186729,37,37,37,1,0,0.405405405405,0.540540540541,0.0540540540541,37,311,0.233483483483,1.91071414455,16.8108108108,14.1363636364,8.40540540541,4.87532242716,0.290011141165,0.136004171374,8.32152316272,0.990020440581,0.526462153472,7.83673493328,0.932344670518,0.481446076301,0.980297572291,0.513052972935,3.73908437384,1.91071414455,0.980297572291,3.73908437384,0.268540974313,0.26643397324,458,0.0589446589447,0.535359244228,37,37,37,1,0,0.405405405405,0.594594594595,0,-31,-0.0232732732733,0.185425326437,-1.67567567568,-1.40909090909,-1.36602316602,-0.492387728233,-0.00034744911166,-0.0066384712687,-1.18696837965,-0.0386760128335,-0.0180297068095,-0.216578413159,0.0610797763134,0.0196158249974,0.339698001965,0.141753070217,1.73908437384,0.185425326437,0.339698001965,1.73908437384,-0.0755304199345,-0.110135064417,-352,-0.0453024453024,-0.0342175841216,0,0.0540540540541,-0.0540540540541,294,17,48,973,0.859649122807,0.982828282828,0.0171717171717,0.140350877193,0.945337620579,0.859649122807,0.90045941807,0.869953114271,0.842477405635,0.818941504178,140,171,0,0,0,0
2040,WLNM_dir_neg,0.939280462364,0.907037463884,00:00:05,10,50,27,1237612662,threshold_sweep,0.6,0.891304347826,0.719298245614,0.796116504854,123,15,48,327,0.719298245614,0.956140350877,0.0438596491228,0.280701754386,0.891304347826,0.719298245614,0.796116504854,0.877192982456,0.576998050682,0.709677419355,0.718028702345,0.675438596491,342,171,171,0,342,0,171,0,171,37,342,0.256756756757,1.72528881811,18.4864864865,15.5454545455,9.77142857143,5.36771015539,0.290358590277,0.142642642643,9.50849154237,1.02869645341,0.544491860281,8.05331334643,0.871264894205,0.461830251304,0.640599570326,0.371299902718,2,1.72528881811,0.640599570326,2,0.344071394247,0.376569037657,810,0.104247104247,0.56957682835,37,37,37,1,0,0.405405405405,0.540540540541,0.0540540540541,37,0.128378378378,1.90829309702,9.24324324324,7.77272727273,4.88571428571,4.88992959166,0.529027470443,0.294768452663,5.96448447689,1.29056096868,0.647068120752,4.23183274816,0.915659717438,0.478267741426,0.863159584942,0.452320236494,2.39158496732,1.90829309702,0.863159584942,2.39158496732,0.0774519553931,0.0229508196721,14,0.0018018018018,0.189900186729,37,37,37,1,0,0.405405405405,0.540540540541,0.0540540540541,37,309,0.231981981982,1.90518112642,16.7027027027,14.0454545455,8.35135135135,4.80662080922,0.287775032267,0.134085541853,8.25030711959,0.987900852508,0.524796641301,7.8747706006,0.942933696512,0.484912096563,0.974706700423,0.511608417125,3.72035490276,1.90518112642,0.974706700423,3.72035490276,0.263381672855,0.259136212625,442,0.0568854568855,0.538935414925,37,37,37,1,0,0.405405405405,0.594594594595,0,-33,-0.0247747747748,0.179892308301,-1.78378378378,-1.5,-1.42007722008,-0.561089346176,-0.00258355801005,-0.00855710079011,-1.25818442278,-0.0407956009072,-0.0196952189798,-0.178542745838,0.0716688023066,0.0230818452586,0.334107130097,0.140308514408,1.72035490276,0.179892308301,0.334107130097,1.72035490276,-0.0806897213921,-0.117432825032,-368,-0.0473616473616,-0.0306414134246,0,0.0540540540541,-0.0540540540541,294,15,48,975,0.859649122807,0.984848484848,0.0151515151515,0.140350877193,0.95145631068,0.859649122807,0.903225806452,0.87400117676,0.844497607656,0.823529411765,138,171,0,0,0,0
2041,WLNM_dir_neg,0.939280462364,0.907037463884,00:00:05,10,50,27,1237612662,threshold_sweep,0.7,0.897058823529,0.713450292398,0.794788273616,122,14,49,328,0.713450292398,0.959064327485,0.0409356725146,0.286549707602,0.897058823529,0.713450292398,0.794788273616,0.877192982456,0.578297595841,0.708782742681,0.718245161291,0.672514619883,342,171,171,0,342,0,171,0,171,37,342,0.256756756757,1.72528881811,18.4864864865,15.5454545455,9.77142857143,5.36771015539,0.290358590277,0.142642642643,9.50849154237,1.02869645341,0.544491860281,8.05331334643,0.871264894205,0.461830251304,0.640599570326,0.371299902718,2,1.72528881811,0.640599570326,2,0.344071394247,0.376569037657,810,0.104247104247,0.56957682835,37,37,37,1,0,0.405405405405,0.540540540541,0.0540540540541,37,0.128378378378,1.90829309702,9.24324324324,7.77272727273,4.88571428571,4.88992959166,0.529027470443,0.294768452663,5.96448447689,1.29056096868,0.647068120752,4.23183274816,0.915659717438,0.478267741426,0.863159584942,0.452320236494,2.39158496732,1.90829309702,0.863159584942,2.39158496732,0.0774519553931,0.0229508196721,14,0.0018018018018,0.189900186729,37,37,37,1,0,0.405405405405,0.540540540541,0.0540540540541,37,307,0.23048048048,1.90141850244,16.5945945946,13.9545454545,8.2972972973,4.70495872847,0.283523571586,0.131261554714,8.17810377663,0.985634657119,0.522581213135,7.87000234669,0.948501911491,0.489303635883,0.967885026374,0.509033137698,3.69181442646,1.90141850244,0.967885026374,3.69181442646,0.258381329525,0.251290194522,422,0.0543114543115,0.537736156175,37,37,37,1,0,0.405405405405,0.594594594595,0,-35,-0.0262762762763,0.176129684325,-1.89189189189,-1.59090909091,-1.47413127413,-0.66275142692,-0.0068350186916,-0.0113810879283,-1.33038776574,-0.0430617962962,-0.0219106471464,-0.183310999742,0.0772370172857,0.0274733845795,0.327285456048,0.13773323498,1.69181442646,0.176129684325,0.327285456048,1.69181442646,-0.0856900647226,-0.125278843135,-388,-0.0499356499356,-0.0318406721751,0,0.0540540540541,-0.0540540540541,293,14,49,976,0.856725146199,0.985858585859,0.0141414141414,0.143274853801,0.954397394137,0.856725146199,0.902927580894,0.874002348773,0.842583732057,0.823033707865,136,171,0,0,0,0
2042,WLNM_dir_neg,0.939280462364,0.907037463884,00:00:05,10,50,27,1237612662,threshold_sweep,0.8,0.908396946565,0.695906432749,0.788079470199,119,12,52,330,0.695906432749,0.964912280702,0.0350877192982,0.304093567251,0.908396946565,0.695906432749,0.788079470199,0.875243664717,0.581546458739,0.701863354037,0.714374776773,0.66081871345,342,171,171,0,342,0,171,0,171,37,342,0.256756756757,1.72528881811,18.4864864865,15.5454545455,9.77142857143,5.36771015539,0.290358590277,0.142642642643,9.50849154237,1.02869645341,0.544491860281,8.05331334643,0.871264894205,0.461830251304,0.640599570326,0.371299902718,2,1.72528881811,0.640599570326,2,0.344071394247,0.376569037657,810,0.104247104247,0.56957682835,37,37,37,1,0,0.405405405405,0.540540540541,0.0540540540541,37,0.128378378378,1.90829309702,9.24324324324,7.77272727273,4.88571428571,4.88992959166,0.529027470443,0.294768452663,5.96448447689,1.29056096868,0.647068120752,4.23183274816,0.915659717438,0.478267741426,0.863159584942,0.452320236494,2.39158496732,1.90829309702,0.863159584942,2.39158496732,0.0774519553931,0.0229508196721,14,0.0018018018018,0.189900186729,37,37,37,1,0,0.405405405405,0.540540540541,0.0540540540541,37,302,0.226726726727,1.89102345457,16.3243243243,13.7272727273,8.38888888889,4.73200717369,0.289874611634,0.131286916055,7.99831063244,0.979925474835,0.51745122606,7.94254896643,0.973093747542,0.501521388939,0.961002407553,0.508191691241,3.68647747909,1.89102345457,0.961002407553,3.68647747909,0.221003335167,0.24761130311,406,0.0522522522523,0.543525794087,37,37,37,1,0,0.405405405405,0.567567567568,0.027027027027,-40,-0.03003003003,0.165734636453,-2.16216216216,-1.81818181818,-1.38253968254,-0.635702981699,-0.000483978643547,-0.0113557265875,-1.51018090994,-0.0487709785797,-0.0270406342208,-0.110764380008,0.101828853337,0.0396911376347,0.320402837227,0.136891788523,1.68647747909,0.165734636453,0.320402837227,1.68647747909,-0.12306805908,-0.128957734547,-404,-0.0519948519949,-0.0260510342625,0,0.027027027027,-0.027027027027,290,12,52,978,0.847953216374,0.987878787879,0.0121212121212,0.152046783626,0.960264900662,0.847953216374,0.900621118012,0.872022243197,0.835832004253,0.819209039548,131,171,0,0,0,0
2043,WLNM_dir_neg,0.939280462364,0.907037463884,00:00:05,10,50,27,1237612662,threshold_sweep,0.9,0.9296875,0.695906432749,0.795986622074,119,9,52,333,0.695906432749,0.973684210526,0.0263157894737,0.304093567251,0.9296875,0.695906432749,0.795986622074,0.881091617934,0.583495776478,0.714508580343,0.729432542745,0.669590643275,342,171,171,0,342,0,171,0,171,37,342,0.256756756757,1.72528881811,18.4864864865,15.5454545455,9.77142857143,5.36771015539,0.290358590277,0.142642642643,9.50849154237,1.02869645341,0.544491860281,8.05331334643,0.871264894205,0.461830251304,0.640599570326,0.371299902718,2,1.72528881811,0.640599570326,2,0.344071394247,0.376569037657,810,0.104247104247,0.56957682835,37,37,37,1,0,0.405405405405,0.540540540541,0.0540540540541,37,0.128378378378,1.90829309702,9.24324324324,7.77272727273,4.88571428571,4.88992959166,0.529027470443,0.294768452663,5.96448447689,1.29056096868,0.647068120752,4.23183274816,0.915659717438,0.478267741426,0.863159584942,0.452320236494,2.39158496732,1.90829309702,0.863159584942,2.39158496732,0.0774519553931,0.0229508196721,14,0.0018018018018,0.189900186729,37,37,37,1,0,0.405405405405,0.540540540541,0.0540540540541,37,299,0.224474474474,1.88211353736,16.1621621622,13.5909090909,8.30555555556,4.65184260693,0.287823037552,0.12989243424,7.90350969288,0.978026283066,0.515050167224,8.00478460526,0.990558630082,0.508541986803,0.95086083256,0.505209071443,3.65177874951,1.88211353736,0.95086083256,3.65177874951,0.204803621522,0.227990033223,366,0.0471042471042,0.550214246636,37,37,37,1,0,0.405405405405,0.567567567568,0.027027027027,-43,-0.0322822822823,0.156824719245,-2.32432432432,-1.95454545455,-1.46587301587,-0.715867548464,-0.00253555272466,-0.0127502084024,-1.60498184949,-0.0506701703493,-0.0294416930573,-0.0485287411762,0.119293735877,0.0467117354989,0.310261262234,0.133909168725,1.65177874951,0.156824719245,0.310261262234,1.65177874951,-0.139267772726,-0.148579004434,-444,-0.0571428571429,-0.0193625817142,0,0.027027027027,-0.027027027027,290,9,52,981,0.847953216374,0.990909090909,0.00909090909091,0.152046783626,0.969899665552,0.847953216374,0.904836193448,0.878285223289,0.838862307283,0.826210826211,128,171,0,0,0,0
2044,WLNM_dir_neg,0.912921924695,0.794445701061,00:00:05,10,50,28,1237612663,threshold_sweep,0.1,0.900709219858,0.74269005848,0.814102564103,127,14,44,328,0.74269005848,0.959064327485,0.0409356725146,0.25730994152,0.900709219858,0.74269005848,0.814102564103,0.88693957115,0.575048732943,0.733944954128,0.740994897805,0.701754385965,342,171,171,0,342,0,171,0,171,37,342,0.256756756757,1.72528881811,18.4864864865,15.5454545455,9.77142857143,5.36771015539,0.290358590277,0.142642642643,9.50849154237,1.02869645341,0.544491860281,8.05331334643,0.871264894205,0.461830251304,0.640599570326,0.371299902718,2,1.72528881811,0.640599570326,2,0.344071394247,0.376569037657,810,0.104247104247,0.56957682835,37,37,37,1,0,0.405405405405,0.540540540541,0.0540540540541,37,0.128378378378,1.96047039227,9.24324324324,7.77272727273,4.88571428571,4.72819795016,0.51153018759,0.284653074127,5.95049648419,1.28753432699,0.647068120752,4.10522263134,0.888264545962,0.466887940572,0.931019624304,0.474896039224,2.73708333333,1.96047039227,0.931019624304,2.73708333333,0.0714955023779,0.0315964523282,19,0.0024453024453,0.187859312929,37,37,37,1,0,0.405405405405,0.540540540541,0.0540540540541,37,312,0.234234234234,1.7789043134,16.8648648649,14.1818181818,8.43243243243,5.25019662151,0.311309735571,0.157484407484,8.74496852336,1.03706357489,0.554227304227,7.11625892876,0.84391532168,0.443000693001,0.707434111222,0.397679687375,2.0037422077,1.7789043134,0.707434111222,2.0037422077,0.316542687661,0.325348924934,575,0.0740025740026,0.468256907089,37,37,37,1,0,0.405405405405,0.594594594595,0,-30,-0.0225225225225,0.0536154952839,-1.62162162162,-1.36363636364,-1.338996139,-0.117513533879,0.0209511452935,0.0148417648418,-0.763523019019,0.00836712147027,0.00973544394597,-0.937054417675,-0.0273495725251,-0.0188295583032,0.0668345408956,0.0263797846568,0.00374220769831,0.0536154952839,0.0668345408956,0.00374220769831,-0.0275287065868,-0.0512201127229,-235,-0.0302445302445,-0.101319921261,0,0.0540540540541,-0.0540540540541,298,14,44,976,0.87134502924,0.985858585859,0.0141414141414,0.12865497076,0.955128205128,0.87134502924,0.911314984709,0.884173025754,0.857203615098,0.837078651685,141,171,0,0,0,0
2045,WLNM_dir_neg,0.912921924695,0.794445701061,00:00:05,10,50,28,1237612663,threshold_sweep,0.2,0.9,0.736842105263,0.810289389068,126,14,45,328,0.736842105263,0.959064327485,0.0409356725146,0.263157894737,0.9,0.736842105263,0.810289389068,0.884990253411,0.575698505523,0.728943338438,0.736450439154,0.695906432749,342,171,171,0,342,0,171,0,171,37,342,0.256756756757,1.72528881811,18.4864864865,15.5454545455,9.77142857143,5.36771015539,0.290358590277,0.142642642643,9.50849154237,1.02869645341,0.544491860281,8.05331334643,0.871264894205,0.461830251304,0.640599570326,0.371299902718,2,1.72528881811,0.640599570326,2,0.344071394247,0.376569037657,810,0.104247104247,0.56957682835,37,37,37,1,0,0.405405405405,0.540540540541,0.0540540540541,37,0.128378378378,1.96047039227,9.24324324324,7.77272727273,4.88571428571,4.72819795016,0.51153018759,0.284653074127,5.95049648419,1.28753432699,0.647068120752,4.10522263134,0.888264545962,0.466887940572,0.931019624304,0.474896039224,2.73708333333,1.96047039227,0.931019624304,2.73708333333,0.0714955023779,0.0315964523282,19,0.0024453024453,0.187859312929,37,37,37,1,0,0.405405405405,0.540540540541,0.0540540540541,37,311,0.233483483483,1.77958630943,16.8108108108,14.1363636364,8.40540540541,5.20062943753,0.309362201268,0.15607890849,8.70012598714,1.03506322034,0.553228469627,7.08072288941,0.842401115461,0.441644216564,0.70814604239,0.39792733774,2.00386876086,1.77958630943,0.70814604239,2.00386876086,0.314337578208,0.322243346008,565,0.0727155727156,0.465424871456,37,37,37,1,0,0.405405405405,0.594594594595,0,-31,-0.0232732732733,0.0542974913127,-1.67567567568,-1.40909090909,-1.36602316602,-0.167080717859,0.019003610991,0.0134362658478,-0.80836555523,0.00636676692075,0.00873660934585,-0.972590457023,-0.0288637787443,-0.0201860347401,0.0675464720635,0.0266274350225,0.00386876086138,0.0542974913127,0.0675464720635,0.00386876086138,-0.0297338160399,-0.0543256916493,-245,-0.0315315315315,-0.104151956894,0,0.0540540540541,-0.0540540540541,297,14,45,976,0.868421052632,0.985858585859,0.0141414141414,0.131578947368,0.95498392283,0.868421052632,0.909647779479,0.882140253248,0.85427963849,0.834269662921,140,171,0,0,0,0
2046,WLNM_dir_neg,0.912921924695,0.794445701061,00:00:05,10,50,28,1237612663,threshold_sweep,0.3,0.882352941176,0.614035087719,0.724137931034,105,14,66,328,0.614035087719,0.959064327485,0.0409356725146,0.385964912281,0.882352941176,0.614035087719,0.724137931034,0.844054580897,0.589343729695,0.620253164557,0.640058223688,0.573099415205,342,171,171,0,342,0,171,0,171,37,342,0.256756756757,1.72528881811,18.4864864865,15.5454545455,9.77142857143,5.36771015539,0.290358590277,0.142642642643,9.50849154237,1.02869645341,0.544491860281,8.05331334643,0.871264894205,0.461830251304,0.640599570326,0.371299902718,2,1.72528881811,0.640599570326,2,0.344071394247,0.376569037657,810,0.104247104247,0.56957682835,37,37,37,1,0,0.405405405405,0.540540540541,0.0540540540541,37,0.128378378378,1.96047039227,9.24324324324,7.77272727273,4.88571428571,4.72819795016,0.51153018759,0.284653074127,5.95049648419,1.28753432699,0.647068120752,4.10522263134,0.888264545962,0.466887940572,0.931019624304,0.474896039224,2.73708333333,1.96047039227,0.931019624304,2.73708333333,0.0714955023779,0.0315964523282,19,0.0024453024453,0.187859312929,37,37,37,1,0,0.405405405405,0.540540540541,0.0540540540541,37,290,0.217717717718,1.80134826279,15.6756756757,13.1818181818,7.83783783784,5.29178637163,0.337579475432,0.174184529357,8.3250409192,1.06216039314,0.565890027959,6.38798139527,0.815018315948,0.4348555452,0.731674463504,0.406181568894,2.00643584278,1.80134826279,0.731674463504,2.00643584278,0.289929065019,0.287911611785,443,0.0570141570142,0.402932391348,37,37,37,1,0,0.405405405405,0.594594594595,0,-52,-0.039039039039,0.0760594446717,-2.81081081081,-2.36363636364,-1.93359073359,-0.0759237837601,0.0472208851547,0.0315418867143,-1.18345062318,0.0334639397241,0.0213981676777,-1.66533195116,-0.0562465782567,-0.0269747061036,0.0910748931777,0.0348816661766,0.0064358427834,0.0760594446717,0.0910748931777,0.0064358427834,-0.0541423292282,-0.0886574258718,-367,-0.0472329472329,-0.166644437002,0,0.0540540540541,-0.0540540540541,276,14,66,976,0.80701754386,0.985858585859,0.0141414141414,0.19298245614,0.951724137931,0.80701754386,0.873417721519,0.839272774515,0.792876129718,0.775280898876,119,171,0,0,0,0
2047,WLNM_dir_neg,0.912921924695,0.794445701061,00:00:05,10,50,28,1237612663,threshold_sweep,0.4,0.889830508475,0.614035087719,0.726643598616,105,13,66,329,0.614035087719,0.961988304094,0.0380116959064,0.385964912281,0.889830508475,0.614035087719,0.726643598616,0.846003898635,0.589993502274,0.62440570523,0.645225728834,0.576023391813,342,171,171,0,342,0,171,0,171,37,342,0.256756756757,1.72528881811,18.4864864865,15.5454545455,9.77142857143,5.36771015539,0.290358590277,0.142642642643,9.50849154237,1.02869645341,0.544491860281,8.05331334643,0.871264894205,0.461830251304,0.640599570326,0.371299902718,2,1.72528881811,0.640599570326,2,0.344071394247,0.376569037657,810,0.104247104247,0.56957682835,37,37,37,1,0,0.405405405405,0.540540540541,0.0540540540541,37,0.128378378378,1.96047039227,9.24324324324,7.77272727273,4.88571428571,4.72819795016,0.51153018759,0.284653074127,5.95049648419,1.28753432699,0.647068120752,4.10522263134,0.888264545962,0.466887940572,0.931019624304,0.474896039224,2.73708333333,1.96047039227,0.931019624304,2.73708333333,0.0714955023779,0.0315964523282,19,0.0024453024453,0.187859312929,37,37,37,1,0,0.405405405405,0.540540540541,0.0540540540541,37,289,0.216966966967,1.79998776134,15.6216216216,13.1363636364,8.02777777778,5.35075981807,0.342522687316,0.177218741233,8.31276741537,1.06426434038,0.567287010194,6.41975180309,0.821905940187,0.439726924156,0.729616980766,0.40534552314,2.00618338419,1.79998776134,0.729616980766,2.00618338419,0.289921065321,0.287796388949,441,0.0567567567568,0.403558979892,37,37,37,1,0,0.405405405405,0.567567567568,0.027027027027,-53,-0.0397897897898,0.0746989432252,-2.86486486486,-2.40909090909,-1.74365079365,-0.0169503373272,0.0521640970385,0.0345760985899,-1.195724127,0.0355678869618,0.0227951499123,-1.63356154335,-0.0493589540175,-0.0221033271479,0.0890174104396,0.0340456204221,0.00618338418516,0.0746989432252,0.0890174104396,0.00618338418516,-0.0541503289266,-0.0887726487076,-369,-0.0474903474903,-0.166017848458,0,0.027027027027,-0.027027027027,276,13,66,977,0.80701754386,0.986868686869,0.0131313131313,0.19298245614,0.955017301038,0.80701754386,0.874801901743,0.841390965202,0.793886230728,0.777464788732,118,171,0,0,0,0
2048,WLNM_dir_neg,0.912921924695,0.794445701061,00:00:05,10,50,28,1237612663,threshold_sweep,0.5,0.888888888889,0.608187134503,0.722222222222,104,13,67,329,0.608187134503,0.961988304094,0.0380116959064,0.391812865497,0.888888888889,0.608187134503,0.722222222222,0.844054580897,0.590643274854,0.619047619048,0.640588428988,0.570175438596,342,171,171,0,342,0,171,0,171,37,342,0.256756756757,1.72528881811,18.4864864865,15.5454545455,9.77142857143,5.36771015539,0.290358590277,0.142642642643,9.50849154237,1.02869645341,0.544491860281,8.05331334643,0.871264894205,0.461830251304,0.640599570326,0.371299902718,2,1.72528881811,0.640599570326,2,0.344071394247,0.376569037657,810,0.104247104247,0.56957682835,37,37,37,1,0,0.405405405405,0.540540540541,0.0540540540541,37,0.128378378378,1.96047039227,9.24324324324,7.77272727273,4.88571428571,4.72819795016,0.51153018759,0.284653074127,5.95049648419,1.28753432699,0.647068120752,4.10522263134,0.888264545962,0.466887940572,0.931019624304,0.474896039224,2.73708333333,1.96047039227,0.931019624304,2.73708333333,0.0714955023779,0.0315964523282,19,0.0024453024453,0.187859312929,37,37,37,1,0,0.405405405405,0.540540540541,0.0540540540541,37,288,0.216216216216,1.80068788639,15.5675675676,13.0909090909,8,5.32050822834,0.341768757723,0.176051051051,8.27692621131,1.06335510354,0.566629129129,6.38198477981,0.819907766851,0.438250750751,0.730257762574,0.405543774739,2.00653867362,1.80068788639,0.730257762574,2.00653867362,0.289299596681,0.287310979619,437,0.056241956242,0.400463407925,37,37,37,1,0,0.405405405405,0.567567567568,0.027027027027,-54,-0.0405405405405,0.0753990682758,-2.91891891892,-2.45454545455,-1.77142857143,-0.0472019270557,0.051410167446,0.0334084084084,-1.23156533106,0.0346586501218,0.0221372688478,-1.67132856662,-0.0513571273543,-0.0235795005532,0.0896581922476,0.0342438720213,0.00653867361534,0.0753990682758,0.0896581922476,0.00653867361534,-0.0547717975666,-0.0892580580382,-373,-0.0480051480051,-0.169113420425,0,0.027027027027,-0.027027027027,275,13,67,977,0.804093567251,0.986868686869,0.0131313131313,0.195906432749,0.954861111111,0.804093567251,0.873015873016,0.83934385638,0.79096225412,0.774647887324,117,171,0,0,0,0
2049,WLNM_dir_neg,0.912921924695,0.794445701061,00:00:05,10,50,28,1237612663,threshold_sweep,0.6,0.87619047619,0.538011695906,0.666666666667,92,13,79,329,0.538011695906,0.961988304094,0.0380116959064,0.461988304094,0.87619047619,0.538011695906,0.666666666667,0.820662768031,0.598440545809,0.553398058252,0.584193043955,0.5,342,171,171,0,342,0,171,0,171,37,342,0.256756756757,1.72528881811,18.4864864865,15.5454545455,9.77142857143,5.36771015539,0.290358590277,0.142642642643,9.50849154237,1.02869645341,0.544491860281,8.05331334643,0.871264894205,0.461830251304,0.640599570326,0.371299902718,2,1.72528881811,0.640599570326,2,0.344071394247,0.376569037657,810,0.104247104247,0.56957682835,37,37,37,1,0,0.405405405405,0.540540540541,0.0540540540541,37,0.128378378378,1.96047039227,9.24324324324,7.77272727273,4.88571428571,4.72819795016,0.51153018759,0.284653074127,5.95049648419,1.28753432699,0.647068120752,4.10522263134,0.888264545962,0.466887940572,0.931019624304,0.474896039224,2.73708333333,1.96047039227,0.931019624304,2.73708333333,0.0714955023779,0.0315964523282,19,0.0024453024453,0.187859312929,37,37,37,1,0,0.405405405405,0.540540540541,0.0540540540541,37,276,0.207207207207,1.80685417558,14.9189189189,12.5454545455,7.66666666667,5.60445447032,0.375660897467,0.199667058363,8.24147571263,1.1048355122,0.585977281629,6.04885018732,0.810896583082,0.435957696827,0.732324265641,0.405303469166,2,1.80685417558,0.732324265641,2,0.299292311639,0.287488284911,409,0.0526383526384,0.363569544305,37,37,37,1,0,0.405405405405,0.567567567568,0.027027027027,-66,-0.0495495495495,0.0815653574658,-3.56756756757,-3,-2.10476190476,0.236744314928,0.0853023071901,0.0570244157201,-1.26701582974,0.076139058786,0.0414854213481,-2.00446315912,-0.0603683111227,-0.0258725544767,0.0917246953146,0.0340035664486,0,0.0815653574658,0.0917246953146,0,-0.0447790826082,-0.0890807527459,-401,-0.0516087516088,-0.206007284045,0,0.027027027027,-0.027027027027,263,13,79,977,0.769005847953,0.986868686869,0.0131313131313,0.230994152047,0.952898550725,0.769005847953,0.851132686084,0.814692774428,0.755874534822,0.740845070423,105,171,0,0,0,0
2050,WLNM_dir_neg,0.912921924695,0.794445701061,00:00:05,10,50,28,1237612663,threshold_sweep,0.7,0.87619047619,0.538011695906,0.666666666667,92,13,79,329,0.538011695906,0.961988304094,0.0380116959064,0.461988304094,0.87619047619,0.538011695906,0.666666666667,0.820662768031,0.598440545809,0.553398058252,0.584193043955,0.5,342,171,171,0,342,0,171,0,171,37,342,0.256756756757,1.72528881811,18.4864864865,15.5454545455,9.77142857143,5.36771015539,0.290358590277,0.142642642643,9.50849154237,1.02869645341,0.544491860281,8.05331334643,0.871264894205,0.461830251304,0.640599570326,0.371299902718,2,1.72528881811,0.640599570326,2,0.344071394247,0.376569037657,810,0.104247104247,0.56957682835,37,37,37,1,0,0.405405405405,0.540540540541,0.0540540540541,37,0.128378378378,1.96047039227,9.24324324324,7.77272727273,4.88571428571,4.72819795016,0.51153018759,0.284653074127,5.95049648419,1.28753432699,0.647068120752,4.10522263134,0.888264545962,0.466887940572,0.931019624304,0.474896039224,2.73708333333,1.96047039227,0.931019624304,2.73708333333,0.0714955023779,0.0315964523282,19,0.0024453024453,0.187859312929,37,37,37,1,0,0.405405405405,0.540540540541,0.0540540540541,37,276,0.207207207207,1.80685417558,14.9189189189,12.5454545455,7.66666666667,5.60445447032,0.375660897467,0.199667058363,8.24147571263,1.1048355122,0.585977281629,6.04885018732,0.810896583082,0.435957696827,0.732324265641,0.405303469166,2,1.80685417558,0.732324265641,2,0.299292311639,0.287488284911,409,0.0526383526384,0.363569544305,37,37,37,1,0,0.405405405405,0.567567567568,0.027027027027,-66,-0.0495495495495,0.0815653574658,-3.56756756757,-3,-2.10476190476,0.236744314928,0.0853023071901,0.0570244157201,-1.26701582974,0.076139058786,0.0414854213481,-2.00446315912,-0.0603683111227,-0.0258725544767,0.0917246953146,0.0340035664486,0,0.0815653574658,0.0917246953146,0,-0.0447790826082,-0.0890807527459,-401,-0.0516087516088,-0.206007284045,0,0.027027027027,-0.027027027027,263,13,79,977,0.769005847953,0.986868686869,0.0131313131313,0.230994152047,0.952898550725,0.769005847953,0.851132686084,0.814692774428,0.755874534822,0.740845070423,105,171,0,0,0,0
2051,WLNM_dir_neg,0.912921924695,0.794445701061,00:00:05,10,50,28,1237612663,threshold_sweep,0.8,0.882352941176,0.526315789474,0.659340659341,90,12,81,330,0.526315789474,0.964912280702,0.0350877192982,0.473684210526,0.882352941176,0.526315789474,0.659340659341,0.818713450292,0.600389863548,0.546341463415,0.580194071853,0.491228070175,342,171,171,0,342,0,171,0,171,37,342,0.256756756757,1.72528881811,18.4864864865,15.5454545455,9.77142857143,5.36771015539,0.290358590277,0.142642642643,9.50849154237,1.02869645341,0.544491860281,8.05331334643,0.871264894205,0.461830251304,0.640599570326,0.371299902718,2,1.72528881811,0.640599570326,2,0.344071394247,0.376569037657,810,0.104247104247,0.56957682835,37,37,37,1,0,0.405405405405,0.540540540541,0.0540540540541,37,0.128378378378,1.96047039227,9.24324324324,7.77272727273,4.88571428571,4.72819795016,0.51153018759,0.284653074127,5.95049648419,1.28753432699,0.647068120752,4.10522263134,0.888264545962,0.466887940572,0.931019624304,0.474896039224,2.73708333333,1.96047039227,0.931019624304,2.73708333333,0.0714955023779,0.0315964523282,19,0.0024453024453,0.187859312929,37,37,37,1,0,0.405405405405,0.540540540541,0.0540540540541,37,273,0.204954954955,1.80257754537,14.7567567568,12.4090909091,7.58333333333,5.74168677019,0.389088663914,0.205722205722,8.28771296476,1.12324314907,0.592614592615,5.97843974142,0.810264726859,0.434412434412,0.724135004785,0.401721971209,2,1.80257754537,0.724135004785,2,0.299769578618,0.285612535613,401,0.0516087516088,0.355828606697,37,37,37,1,0,0.405405405405,0.567567567568,0.027027027027,-69,-0.0518018018018,0.077288727259,-3.72972972973,-3.13636363636,-2.1880952381,0.373976614796,0.0987300736368,0.0630795630796,-1.22077857762,0.0945466956547,0.0481227323333,-2.07487360502,-0.0610001673463,-0.0274178168915,0.083535434459,0.0304220684915,0,0.077288727259,0.083535434459,0,-0.0443018156294,-0.0909565020444,-409,-0.0526383526384,-0.213748221653,0,0.027027027027,-0.027027027027,261,12,81,978,0.763157894737,0.987878787879,0.0121212121212,0.236842105263,0.956043956044,0.763157894737,0.848780487805,0.812760326962,0.751036682616,0.737288135593,102,171,0,0,0,0
2052,WLNM_dir_neg,0.912921924695,0.794445701061,00:00:05,10,50,28,1237612663,threshold_sweep,0.9,0.88,0.514619883041,0.649446494465,88,12,83,330,0.514619883041,0.964912280702,0.0350877192982,0.485380116959,0.88,0.514619883041,0.649446494465,0.814814814815,0.601689408707,0.535073409462,0.570628980524,0.479532163743,342,171,171,0,342,0,171,0,171,37,342,0.256756756757,1.72528881811,18.4864864865,15.5454545455,9.77142857143,5.36771015539,0.290358590277,0.142642642643,9.50849154237,1.02869645341,0.544491860281,8.05331334643,0.871264894205,0.461830251304,0.640599570326,0.371299902718,2,1.72528881811,0.640599570326,2,0.344071394247,0.376569037657,810,0.104247104247,0.56957682835,37,37,37,1,0,0.405405405405,0.540540540541,0.0540540540541,37,0.128378378378,1.96047039227,9.24324324324,7.77272727273,4.88571428571,4.72819795016,0.51153018759,0.284653074127,5.95049648419,1.28753432699,0.647068120752,4.10522263134,0.888264545962,0.466887940572,0.931019624304,0.474896039224,2.73708333333,1.96047039227,0.931019624304,2.73708333333,0.0714955023779,0.0315964523282,19,0.0024453024453,0.187859312929,37,37,37,1,0,0.405405405405,0.540540540541,0.0540540540541,37,271,0.203453453453,1.80913108932,14.6486486486,12.3181818182,7.52777777778,5.74560806286,0.39222785669,0.207739104418,8.26993905007,1.12910606957,0.595392440411,5.89752327514,0.805196904723,0.430637279346,0.735008469707,0.406277065297,2.15462233478,1.80913108932,0.735008469707,2.15462233478,0.292274811008,0.276467757459,383,0.0492921492921,0.350099554726,37,37,37,1,0,0.405405405405,0.567567567568,0.027027027027,-71,-0.0533033033033,0.0838422712036,-3.83783783784,-3.22727272727,-2.24365079365,0.377897907468,0.101869266413,0.0650964617754,-1.2385524923,0.100409616152,0.0509005801296,-2.1557900713,-0.0660679894814,-0.0311929719582,0.0944088993806,0.0349771625797,0.154622334776,0.0838422712036,0.0944088993806,0.154622334776,-0.0517965832393,-0.100101280198,-427,-0.054954954955,-0.219477273624,0,0.027027027027,-0.027027027027,259,12,83,978,0.75730994152,0.987878787879,0.0121212121212,0.24269005848,0.955719557196,0.75730994152,0.845024469821,0.808638827876,0.745188729399,0.731638418079,100,171,0,0,0,0
2053,WLNM_dir_neg,0.932132963989,0.447537594942,00:00:05,10,50,29,1237612664,threshold_sweep,0.1,0.914285714286,0.748538011696,0.823151125402,128,12,43,330,0.748538011696,0.964912280702,0.0350877192982,0.251461988304,0.914285714286,0.748538011696,0.823151125402,0.892787524366,0.575698505523,0.747320061256,0.755016416611,0.713450292398,342,171,171,0,342,0,171,0,171,37,342,0.256756756757,1.72528881811,18.4864864865,15.5454545455,9.77142857143,5.36771015539,0.290358590277,0.142642642643,9.50849154237,1.02869645341,0.544491860281,8.05331334643,0.871264894205,0.461830251304,0.640599570326,0.371299902718,2,1.72528881811,0.640599570326,2,0.344071394247,0.376569037657,810,0.104247104247,0.56957682835,37,37,37,1,0,0.405405405405,0.540540540541,0.0540540540541,37,0.128378378378,1.9544136177,9.24324324324,7.77272727273,4.88571428571,4.72819795016,0.51153018759,0.284653074127,5.93647553198,1.2845005537,0.646119804015,4.14562253301,0.897006045154,0.471629524261,0.913981069931,0.467649765461,2.59674603175,1.9544136177,0.913981069931,2.59674603175,0.057670248234,0.0166389351082,10,0.001287001287,0.190545255848,37,37,37,1,0,0.405405405405,0.540540540541,0.0540540540541,37,311,0.233483483483,2.04823906736,16.8108108108,13.5217391304,8.63888888889,5.57194279821,0.331449973527,0.166854957852,8.75423535419,1.04150066915,0.557052229078,7.28186277854,0.866330941499,0.45433214565,1.07133017545,0.523049380573,4.36971155964,2.04823906736,1.07133017545,4.36971155964,0.315088199825,0.295432645982,511,0.0657657657658,0.437893262251,37,37,37,1,0,0.378378378378,0.594594594595,0.027027027027,-31,-0.0232732732733,0.322950249245,-1.67567567568,-2.02371541502,-1.13253968254,0.204232642819,0.04109138325,0.0242123152091,-0.75425618818,0.0128042157338,0.0125603687966,-0.771450567892,-0.00493395270623,-0.00749810565346,0.430730605121,0.151749477855,2.36971155964,0.322950249245,0.430730605121,2.36971155964,-0.0289831944224,-0.081136391675,-299,-0.0384813384813,-0.131683566098,-0.027027027027,0.0540540540541,-0.027027027027,299,12,43,978,0.874269005848,0.987878787879,0.0121212121212,0.125730994152,0.961414790997,0.874269005848,0.915773353752,0.890265012566,0.862147793727,0.844632768362,140,171,0,0,0,0
2054,WLNM_dir_neg,0.932132963989,0.447537594942,00:00:05,10,50,29,1237612664,threshold_sweep,0.2,0.919117647059,0.730994152047,0.814332247557,125,11,46,331,0.730994152047,0.96783625731,0.0321637426901,0.269005847953,0.919117647059,0.730994152047,0.814332247557,0.888888888889,0.578297595841,0.736517719569,0.746350406733,0.698830409357,342,171,171,0,342,0,171,0,171,37,342,0.256756756757,1.72528881811,18.4864864865,15.5454545455,9.77142857143,5.36771015539,0.290358590277,0.142642642643,9.50849154237,1.02869645341,0.544491860281,8.05331334643,0.871264894205,0.461830251304,0.640599570326,0.371299902718,2,1.72528881811,0.640599570326,2,0.344071394247,0.376569037657,810,0.104247104247,0.56957682835,37,37,37,1,0,0.405405405405,0.540540540541,0.0540540540541,37,0.128378378378,1.9544136177,9.24324324324,7.77272727273,4.88571428571,4.72819795016,0.51153018759,0.284653074127,5.93647553198,1.2845005537,0.646119804015,4.14562253301,0.897006045154,0.471629524261,0.913981069931,0.467649765461,2.59674603175,1.9544136177,0.913981069931,2.59674603175,0.057670248234,0.0166389351082,10,0.001287001287,0.190545255848,37,37,37,1,0,0.405405405405,0.540540540541,0.0540540540541,37,307,0.23048048048,2.04026345291,16.5945945946,13.347826087,8.77142857143,5.42350573102,0.326823635257,0.161898054406,8.57925425685,1.0339817834,0.553217712827,7.3706055264,0.888314021097,0.465181794172,1.06503177287,0.522006984614,4.35543260272,2.04026345291,1.06503177287,4.35543260272,0.288695774841,0.270940849543,455,0.0585585585586,0.443538142458,37,37,37,1,0,0.378378378378,0.567567567568,0.0540540540541,-35,-0.0262762762763,0.314974634798,-1.89189189189,-2.1976284585,-1,0.0557955756274,0.0364650449798,0.0192554117636,-0.929237285529,0.00528532998352,0.0087258525455,-0.682707820032,0.0170491268924,0.00335154286809,0.424432202547,0.150707081896,2.35543260272,0.314974634798,0.424432202547,2.35543260272,-0.0553756194061,-0.105628188113,-355,-0.0456885456885,-0.126038685892,-0.027027027027,0.027027027027,0,296,11,46,979,0.865497076023,0.988888888889,0.0111111111111,0.134502923977,0.964169381107,0.865497076023,0.91217257319,0.886244668252,0.854385964912,0.838526912181,136,171,0,0,0,0
2055,WLNM_dir_neg,0.932132963989,0.447537594942,00:00:05,10,50,29,1237612664,threshold_sweep,0.3,0.924242424242,0.713450292398,0.805280528053,122,10,49,332,0.713450292398,0.970760233918,0.0292397660819,0.286549707602,0.924242424242,0.713450292398,0.805280528053,0.884990253411,0.58089668616,0.725581395349,0.737821669534,0.684210526316,342,171,171,0,342,0,171,0,171,37,342,0.256756756757,1.72528881811,18.4864864865,15.5454545455,9.77142857143,5.36771015539,0.290358590277,0.142642642643,9.50849154237,1.02869645341,0.544491860281,8.05331334643,0.871264894205,0.461830251304,0.640599570326,0.371299902718,2,1.72528881811,0.640599570326,2,0.344071394247,0.376569037657,810,0.104247104247,0.56957682835,37,37,37,1,0,0.405405405405,0.540540540541,0.0540540540541,37,0.128378378378,1.9544136177,9.24324324324,7.77272727273,4.88571428571,4.72819795016,0.51153018759,0.284653074127,5.93647553198,1.2845005537,0.646119804015,4.14562253301,0.897006045154,0.471629524261,0.913981069931,0.467649765461,2.59674603175,1.9544136177,0.913981069931,2.59674603175,0.057670248234,0.0166389351082,10,0.001287001287,0.190545255848,37,37,37,1,0,0.405405405405,0.540540540541,0.0540540540541,37,303,0.227477477477,2.05344802079,16.3783783784,13.1739130435,8.65714285714,5.38181790513,0.328592842392,0.161002586745,8.44866142533,1.03168472851,0.551601106057,7.44176591139,0.908730490829,0.473106770136,1.09102070053,0.531311574233,4.35550537122,2.05344802079,1.09102070053,4.35550537122,0.279446336397,0.255709624796,418,0.0537966537967,0.445564151805,37,37,37,1,0,0.378378378378,0.567567567568,0.0540540540541,-39,-0.0292792792793,0.328159202675,-2.10810810811,-2.37154150198,-1.11428571429,0.0141077497354,0.0382342521152,0.0183599441025,-1.05983011704,0.00298827509099,0.00710924577522,-0.611547435047,0.0374655966245,0.0112765188325,0.450421130206,0.160011671515,2.35550537122,0.328159202675,0.450421130206,2.35550537122,-0.0646250578506,-0.120859412861,-392,-0.0504504504505,-0.124012676545,-0.027027027027,0.027027027027,0,293,10,49,980,0.856725146199,0.989898989899,0.010101010101,0.143274853801,0.96699669967,0.856725146199,0.908527131783,0.882251273966,0.846624136098,0.832386363636,132,171,0,0,0,0
2056,WLNM_dir_neg,0.932132963989,0.447537594942,00:00:05,10,50,29,1237612664,threshold_sweep,0.4,0.924242424242,0.713450292398,0.805280528053,122,10,49,332,0.713450292398,0.970760233918,0.0292397660819,0.286549707602,0.924242424242,0.713450292398,0.805280528053,0.884990253411,0.58089668616,0.725581395349,0.737821669534,0.684210526316,342,171,171,0,342,0,171,0,171,37,342,0.256756756757,1.72528881811,18.4864864865,15.5454545455,9.77142857143,5.36771015539,0.290358590277,0.142642642643,9.50849154237,1.02869645341,0.544491860281,8.05331334643,0.871264894205,0.461830251304,0.640599570326,0.371299902718,2,1.72528881811,0.640599570326,2,0.344071394247,0.376569037657,810,0.104247104247,0.56957682835,37,37,37,1,0,0.405405405405,0.540540540541,0.0540540540541,37,0.128378378378,1.9544136177,9.24324324324,7.77272727273,4.88571428571,4.72819795016,0.51153018759,0.284653074127,5.93647553198,1.2845005537,0.646119804015,4.14562253301,0.897006045154,0.471629524261,0.913981069931,0.467649765461,2.59674603175,1.9544136177,0.913981069931,2.59674603175,0.057670248234,0.0166389351082,10,0.001287001287,0.190545255848,37,37,37,1,0,0.405405405405,0.540540540541,0.0540540540541,37,303,0.227477477477,2.05344802079,16.3783783784,13.1739130435,8.65714285714,5.38181790513,0.328592842392,0.161002586745,8.44866142533,1.03168472851,0.551601106057,7.44176591139,0.908730490829,0.473106770136,1.09102070053,0.531311574233,4.35550537122,2.05344802079,1.09102070053,4.35550537122,0.279446336397,0.255709624796,418,0.0537966537967,0.445564151805,37,37,37,1,0,0.378378378378,0.567567567568,0.0540540540541,-39,-0.0292792792793,0.328159202675,-2.10810810811,-2.37154150198,-1.11428571429,0.0141077497354,0.0382342521152,0.0183599441025,-1.05983011704,0.00298827509099,0.00710924577522,-0.611547435047,0.0374655966245,0.0112765188325,0.450421130206,0.160011671515,2.35550537122,0.328159202675,0.450421130206,2.35550537122,-0.0646250578506,-0.120859412861,-392,-0.0504504504505,-0.124012676545,-0.027027027027,0.027027027027,0,293,10,49,980,0.856725146199,0.989898989899,0.010101010101,0.143274853801,0.96699669967,0.856725146199,0.908527131783,0.882251273966,0.846624136098,0.832386363636,132,171,0,0,0,0
2057,WLNM_dir_neg,0.932132963989,0.447537594942,00:00:05,10,50,29,1237612664,threshold_sweep,0.5,0.9375,0.701754385965,0.802675585284,120,8,51,334,0.701754385965,0.976608187135,0.0233918128655,0.298245614035,0.9375,0.701754385965,0.802675585284,0.884990253411,0.583495776478,0.723868954758,0.738988427585,0.678362573099,342,171,171,0,342,0,171,0,171,37,342,0.256756756757,1.72528881811,18.4864864865,15.5454545455,9.77142857143,5.36771015539,0.290358590277,0.142642642643,9.50849154237,1.02869645341,0.544491860281,8.05331334643,0.871264894205,0.461830251304,0.640599570326,0.371299902718,2,1.72528881811,0.640599570326,2,0.344071394247,0.376569037657,810,0.104247104247,0.56957682835,37,37,37,1,0,0.405405405405,0.540540540541,0.0540540540541,37,0.128378378378,1.9544136177,9.24324324324,7.77272727273,4.88571428571,4.72819795016,0.51153018759,0.284653074127,5.93647553198,1.2845005537,0.646119804015,4.14562253301,0.897006045154,0.471629524261,0.913981069931,0.467649765461,2.59674603175,1.9544136177,0.913981069931,2.59674603175,0.057670248234,0.0166389351082,10,0.001287001287,0.190545255848,37,37,37,1,0,0.405405405405,0.540540540541,0.0540540540541,37,299,0.224474474474,2.00414264475,16.1621621622,13,8.54285714286,5.53028788438,0.342175002879,0.167043297478,8.51592749036,1.05381042523,0.558980385067,7.41386980365,0.917435393763,0.475458736328,0.981345362349,0.489658440691,3.75363222548,2.00414264475,0.981345362349,3.75363222548,0.281541698523,0.254268668998,412,0.0530244530245,0.438082273691,37,37,37,1,0,0.378378378378,0.567567567568,0.0540540540541,-43,-0.0322822822823,0.278853826631,-2.32432432432,-2.54545454545,-1.22857142857,0.162577728983,0.0518164126024,0.0244006548354,-0.992564052018,0.0251139718133,0.014488524786,-0.639443542785,0.0461704995578,0.0136284850244,0.340745792023,0.118358537974,1.75363222548,0.278853826631,0.340745792023,1.75363222548,-0.0625296957243,-0.122300368659,-398,-0.0512226512227,-0.131494554659,-0.027027027027,0.027027027027,0,291,8,51,982,0.850877192982,0.991919191919,0.00808080808081,0.149122807018,0.973244147157,0.850877192982,0.907956318253,0.882404185614,0.842796384902,0.831428571429,128,171,0,0,0,0
2058,WLNM_dir_neg,0.932132963989,0.447537594942,00:00:05,10,50,29,1237612664,threshold_sweep,0.6,0.937007874016,0.695906432749,0.798657718121,119,8,52,334,0.695906432749,0.976608187135,0.0233918128655,0.304093567251,0.937007874016,0.695906432749,0.798657718121,0.883040935673,0.584145549058,0.71875,0.734543170808,0.672514619883,342,171,171,0,342,0,171,0,171,37,342,0.256756756757,1.72528881811,18.4864864865,15.5454545455,9.77142857143,5.36771015539,0.290358590277,0.142642642643,9.50849154237,1.02869645341,0.544491860281,8.05331334643,0.871264894205,0.461830251304,0.640599570326,0.371299902718,2,1.72528881811,0.640599570326,2,0.344071394247,0.376569037657,810,0.104247104247,0.56957682835,37,37,37,1,0,0.405405405405,0.540540540541,0.0540540540541,37,0.128378378378,1.9544136177,9.24324324324,7.77272727273,4.88571428571,4.72819795016,0.51153018759,0.284653074127,5.93647553198,1.2845005537,0.646119804015,4.14562253301,0.897006045154,0.471629524261,0.913981069931,0.467649765461,2.59674603175,1.9544136177,0.913981069931,2.59674603175,0.057670248234,0.0166389351082,10,0.001287001287,0.190545255848,37,37,37,1,0,0.405405405405,0.540540540541,0.0540540540541,37,298,0.223723723724,1.98479411109,16.1081081081,12.9565217391,8.51428571429,5.61141586304,0.348359709618,0.170324687103,8.53406880277,1.05959914665,0.560674768728,7.40099822826,0.918915887402,0.476328677671,0.961500277341,0.484433257822,3.75363222548,1.98479411109,0.961500277341,3.75363222548,0.300693717675,0.255003094698,412,0.0530244530245,0.434360630081,37,37,37,1,0,0.378378378378,0.567567567568,0.0540540540541,-44,-0.033033033033,0.259505292977,-2.37837837838,-2.58893280632,-1.25714285714,0.243705707648,0.0580011193412,0.0276820444606,-0.97442273961,0.0309026932372,0.0161829084471,-0.65231511817,0.0476509931971,0.014498426367,0.320900707015,0.113133355104,1.75363222548,0.259505292977,0.320900707015,1.75363222548,-0.0433776765723,-0.121565942959,-398,-0.0512226512227,-0.135216198269,-0.027027027027,0.027027027027,0,290,8,52,982,0.847953216374,0.991919191919,0.00808080808081,0.152046783626,0.973154362416,0.847953216374,0.90625,0.880390936388,0.839872408293,0.828571428571,127,171,0,0,0,0
2059,WLNM_dir_neg,0.932132963989,0.447537594942,00:00:05,10,50,29,1237612664,threshold_sweep,0.7,0.944444444444,0.695906432749,0.801346801347,119,7,52,335,0.695906432749,0.979532163743,0.0204678362573,0.304093567251,0.944444444444,0.695906432749,0.801346801347,0.884990253411,0.584795321637,0.723004694836,0.739701036054,0.675438596491,342,171,171,0,342,0,171,0,171,37,342,0.256756756757,1.72528881811,18.4864864865,15.5454545455,9.77142857143,5.36771015539,0.290358590277,0.142642642643,9.50849154237,1.02869645341,0.544491860281,8.05331334643,0.871264894205,0.461830251304,0.640599570326,0.371299902718,2,1.72528881811,0.640599570326,2,0.344071394247,0.376569037657,810,0.104247104247,0.56957682835,37,37,37,1,0,0.405405405405,0.540540540541,0.0540540540541,37,0.128378378378,1.9544136177,9.24324324324,7.77272727273,4.88571428571,4.72819795016,0.51153018759,0.284653074127,5.93647553198,1.2845005537,0.646119804015,4.14562253301,0.897006045154,0.471629524261,0.913981069931,0.467649765461,2.59674603175,1.9544136177,0.913981069931,2.59674603175,0.057670248234,0.0166389351082,10,0.001287001287,0.190545255848,37,37,37,1,0,0.405405405405,0.540540540541,0.0540540540541,37,297,0.222972972973,2.0123882207,16.0540540541,12.9130434783,8.48571428571,5.60231076306,0.348965485241,0.170716170716,8.55533130239,1.06581568414,0.563108563109,7.42176411526,0.924596876312,0.478842478842,1.01755011845,0.505643050373,4.06896551724,2.0123882207,1.01755011845,4.06896551724,0.300693717675,0.255003094698,412,0.0530244530245,0.433990097359,37,37,37,1,0,0.378378378378,0.567567567568,0.0540540540541,-45,-0.0337837837838,0.287099402584,-2.43243243243,-2.63241106719,-1.28571428571,0.234600607666,0.0586068949639,0.0280735280735,-0.953160239982,0.0371192307216,0.0186167028272,-0.631549231173,0.0533319821072,0.0170122275385,0.376950548123,0.134343147655,2.06896551724,0.287099402584,0.376950548123,2.06896551724,-0.0433776765723,-0.121565942959,-398,-0.0512226512227,-0.13558673099,-0.027027027027,0.027027027027,0,290,7,52,983,0.847953216374,0.992929292929,0.00707070707071,0.152046783626,0.976430976431,0.847953216374,0.907668231612,0.882505803063,0.840882509304,0.830945558739,126,171,0,0,0,0
2060,WLNM_dir_neg,0.932132963989,0.447537594942,00:00:05,10,50,29,1237612664,threshold_sweep,0.8,0.943548387097,0.684210526316,0.793220338983,117,7,54,335,0.684210526316,0.979532163743,0.0204678362573,0.315789473684,0.943548387097,0.684210526316,0.793220338983,0.881091617934,0.586094866797,0.712715855573,0.73084489228,0.663742690058,342,171,171,0,342,0,171,0,171,37,342,0.256756756757,1.72528881811,18.4864864865,15.5454545455,9.77142857143,5.36771015539,0.290358590277,0.142642642643,9.50849154237,1.02869645341,0.544491860281,8.05331334643,0.871264894205,0.461830251304,0.640599570326,0.371299902718,2,1.72528881811,0.640599570326,2,0.344071394247,0.376569037657,810,0.104247104247,0.56957682835,37,37,37,1,0,0.405405405405,0.540540540541,0.0540540540541,37,0.128378378378,1.9544136177,9.24324324324,7.77272727273,4.88571428571,4.72819795016,0.51153018759,0.284653074127,5.93647553198,1.2845005537,0.646119804015,4.14562253301,0.897006045154,0.471629524261,0.913981069931,0.467649765461,2.59674603175,1.9544136177,0.913981069931,2.59674603175,0.057670248234,0.0166389351082,10,0.001287001287,0.190545255848,37,37,37,1,0,0.405405405405,0.540540540541,0.0540540540541,37,295,0.221471471471,2.01031525407,15.9459459459,12.8260869565,8.42857142857,5.60231076306,0.351331352938,0.170132844709,8.49014620502,1.06486579521,0.562162162162,7.39927356227,0.928044480691,0.478424186899,1.01667459183,0.505728934687,4.06896551724,2.01031525407,1.01667459183,4.06896551724,0.296549356797,0.253865440869,405,0.0521235521236,0.431900540494,37,37,37,1,0,0.378378378378,0.567567567568,0.0540540540541,-47,-0.0352852852853,0.285026435958,-2.54054054054,-2.71936758893,-1.34285714286,0.234600607666,0.0609727626605,0.0274902020665,-1.01834533736,0.0361693417908,0.0176703018808,-0.654039784168,0.0567795864861,0.0165939355948,0.376075021501,0.134429031969,2.06896551724,0.285026435958,0.376075021501,2.06896551724,-0.0475220374504,-0.122703596788,-405,-0.0521235521236,-0.137676287856,-0.027027027027,0.027027027027,0,288,7,54,983,0.842105263158,0.992929292929,0.00707070707071,0.157894736842,0.976271186441,0.842105263158,0.904238618524,0.878485732146,0.835034556087,0.825214899713,124,171,0,0,0,0
2061,WLNM_dir_neg,0.932132963989,0.447537594942,00:00:05,10,50,29,1237612664,threshold_sweep,0.9,0.95,0.666666666667,0.783505154639,114,6,57,336,0.666666666667,0.982456140351,0.0175438596491,0.333333333333,0.95,0.666666666667,0.783505154639,0.877192982456,0.588693957115,0.701421800948,0.722854815277,0.649122807018,342,171,171,0,342,0,171,0,171,37,342,0.256756756757,1.72528881811,18.4864864865,15.5454545455,9.77142857143,5.36771015539,0.290358590277,0.142642642643,9.50849154237,1.02869645341,0.544491860281,8.05331334643,0.871264894205,0.461830251304,0.640599570326,0.371299902718,2,1.72528881811,0.640599570326,2,0.344071394247,0.376569037657,810,0.104247104247,0.56957682835,37,37,37,1,0,0.405405405405,0.540540540541,0.0540540540541,37,0.128378378378,1.9544136177,9.24324324324,7.77272727273,4.88571428571,4.72819795016,0.51153018759,0.284653074127,5.93647553198,1.2845005537,0.646119804015,4.14562253301,0.897006045154,0.471629524261,0.913981069931,0.467649765461,2.59674603175,1.9544136177,0.913981069931,2.59674603175,0.057670248234,0.0166389351082,10,0.001287001287,0.190545255848,37,37,37,1,0,0.405405405405,0.540540540541,0.0540540540541,37,291,0.218468468468,2.04114150554,15.7297297297,12.652173913,8.31428571429,5.58096292293,0.354803484791,0.169963778211,8.43327457872,1.07227202547,0.563759635925,7.37172587271,0.93729847866,0.482028420173,1.04242866252,0.510708669484,4.06896551724,2.04114150554,1.04242866252,4.06896551724,0.266432496,0.246016571064,386,0.0496782496782,0.426206794646,37,37,37,1,0,0.378378378378,0.567567567568,0.0540540540541,-51,-0.0382882882883,0.315852687422,-2.75675675676,-2.89328063241,-1.45714285714,0.213252767539,0.0644448945141,0.0273211355686,-1.07521696365,0.0435755720584,0.0192677756433,-0.681587473727,0.0660335844555,0.0201981688688,0.401829092196,0.139408766767,2.06896551724,0.315852687422,0.401829092196,2.06896551724,-0.0776388982471,-0.130552466593,-424,-0.0545688545689,-0.143370033703,-0.027027027027,0.027027027027,0,285,6,57,984,0.833333333333,0.993939393939,0.00606060606061,0.166666666667,0.979381443299,0.833333333333,0.900473933649,0.874596023142,0.827272727273,0.818965517241,120,171,0,0,0,0
2062,WLNM_dir_neg,0.966707704935,0.951823973374,00:00:05,10,50,30,1237612665,threshold_sweep,0.1,0.91875,0.859649122807,0.888217522659,147,13,24,329,0.859649122807,0.961988304094,0.0380116959064,0.140350877193,0.91875,0.859649122807,0.888217522659,0.927875243665,0.562703053931,0.835066864785,0.836072575363,0.821637426901,342,171,171,0,342,0,171,0,171,37,342,0.256756756757,1.72528881811,18.4864864865,15.5454545455,9.77142857143,5.36771015539,0.290358590277,0.142642642643,9.50849154237,1.02869645341,0.544491860281,8.05331334643,0.871264894205,0.461830251304,0.640599570326,0.371299902718,2,1.72528881811,0.640599570326,2,0.344071394247,0.376569037657,810,0.104247104247,0.56957682835,37,37,37,1,0,0.405405405405,0.540540540541,0.0540540540541,37,0.128378378378,1.93134043134,9.24324324324,7.77272727273,4.88571428571,4.66907917049,0.505134296223,0.281492018334,5.97843974142,1.29358052884,0.646119804015,4.12547203596,0.892645996086,0.470048996365,0.896827545032,0.46435497879,2.66060606061,1.93134043134,0.896827545032,2.66060606061,0.0577973695621,0.0200668896321,12,0.0015444015444,0.186367656291,37,37,37,1,0,0.405405405405,0.540540540541,0.0540540540541,37,331,0.248498498498,2.17338093732,17.8918918919,13.7916666667,9.19444444444,4.80036910493,0.268298575351,0.130317628807,8.76212159096,0.979451658204,0.522250347024,8.10673912367,0.906191382404,0.477504695027,1.07940927856,0.496649832538,4.06562139087,2.17338093732,1.07940927856,4.06562139087,0.284852008624,0.290138408304,559,0.0719433719434,0.480698159134,37,37,37,1,0,0.351351351351,0.621621621622,0.027027027027,-11,-0.00825825825826,0.448092119203,-0.594594594595,-1.75378787879,-0.576984126984,-0.567341050466,-0.0220600149262,-0.0123250138356,-0.746369951414,-0.0492447952108,-0.0222415132576,0.0534257772344,0.0349264881992,0.0156744437234,0.438809708234,0.12534992982,2.06562139087,0.448092119203,0.438809708234,2.06562139087,-0.0592193856237,-0.0864306293524,-251,-0.0323037323037,-0.0888786692162,-0.0540540540541,0.0810810810811,-0.027027027027,318,13,24,977,0.929824561404,0.986868686869,0.0131313131313,0.0701754385965,0.960725075529,0.929824561404,0.945022288262,0.926666893163,0.916693248272,0.895774647887,160,171,0,0,0,0
2063,WLNM_dir_neg,0.966707704935,0.951823973374,00:00:05,10,50,30,1237612665,threshold_sweep,0.2,0.929936305732,0.853801169591,0.890243902439,146,11,25,331,0.853801169591,0.96783625731,0.0321637426901,0.146198830409,0.929936305732,0.853801169591,0.890243902439,0.929824561404,0.56465237167,0.838805970149,0.840458931725,0.821637426901,342,171,171,0,342,0,171,0,171,37,342,0.256756756757,1.72528881811,18.4864864865,15.5454545455,9.77142857143,5.36771015539,0.290358590277,0.142642642643,9.50849154237,1.02869645341,0.544491860281,8.05331334643,0.871264894205,0.461830251304,0.640599570326,0.371299902718,2,1.72528881811,0.640599570326,2,0.344071394247,0.376569037657,810,0.104247104247,0.56957682835,37,37,37,1,0,0.405405405405,0.540540540541,0.0540540540541,37,0.128378378378,1.93134043134,9.24324324324,7.77272727273,4.88571428571,4.66907917049,0.505134296223,0.281492018334,5.97843974142,1.29358052884,0.646119804015,4.12547203596,0.892645996086,0.470048996365,0.896827545032,0.46435497879,2.66060606061,1.93134043134,0.896827545032,2.66060606061,0.0577973695621,0.0200668896321,12,0.0015444015444,0.186367656291,37,37,37,1,0,0.405405405405,0.540540540541,0.0540540540541,37,328,0.246246246246,2.15609030845,17.7297297297,13.6666666667,9.11111111111,4.68240589066,0.264099112736,0.126483190508,8.64472273883,0.975166894319,0.518951878708,8.13484330984,0.917650007513,0.481872116018,1.0571583968,0.490312670417,3.97710032348,2.15609030845,1.0571583968,3.97710032348,0.270799765227,0.276031606673,524,0.0674388674389,0.482693668656,37,37,37,1,0,0.351351351351,0.621621621622,0.027027027027,-14,-0.0105105105105,0.430801490335,-0.756756756757,-1.87878787879,-0.660317460317,-0.685304264729,-0.0262594775415,-0.0161594521351,-0.863768803545,-0.0535295590957,-0.0255399815734,0.0815299634074,0.0463851133078,0.0200418647145,0.416558826471,0.1190127677,1.97710032348,0.430801490335,0.416558826471,1.97710032348,-0.0732716290204,-0.100537430984,-286,-0.0368082368082,-0.0868831596941,-0.0540540540541,0.0810810810811,-0.027027027027,317,11,25,979,0.926900584795,0.988888888889,0.0111111111111,0.0730994152047,0.966463414634,0.926900584795,0.946268656716,0.928586829043,0.915789473684,0.898016997167,157,171,0,0,0,0
2064,WLNM_dir_neg,0.966707704935,0.951823973374,00:00:05,10,50,30,1237612665,threshold_sweep,0.3,0.929936305732,0.853801169591,0.890243902439,146,11,25,331,0.853801169591,0.96783625731,0.0321637426901,0.146198830409,0.929936305732,0.853801169591,0.890243902439,0.929824561404,0.56465237167,0.838805970149,0.840458931725,0.821637426901,342,171,171,0,342,0,171,0,171,37,342,0.256756756757,1.72528881811,18.4864864865,15.5454545455,9.77142857143,5.36771015539,0.290358590277,0.142642642643,9.50849154237,1.02869645341,0.544491860281,8.05331334643,0.871264894205,0.461830251304,0.640599570326,0.371299902718,2,1.72528881811,0.640599570326,2,0.344071394247,0.376569037657,810,0.104247104247,0.56957682835,37,37,37,1,0,0.405405405405,0.540540540541,0.0540540540541,37,0.128378378378,1.93134043134,9.24324324324,7.77272727273,4.88571428571,4.66907917049,0.505134296223,0.281492018334,5.97843974142,1.29358052884,0.646119804015,4.12547203596,0.892645996086,0.470048996365,0.896827545032,0.46435497879,2.66060606061,1.93134043134,0.896827545032,2.66060606061,0.0577973695621,0.0200668896321,12,0.0015444015444,0.186367656291,37,37,37,1,0,0.405405405405,0.540540540541,0.0540540540541,37,328,0.246246246246,2.15609030845,17.7297297297,13.6666666667,9.11111111111,4.68240589066,0.264099112736,0.126483190508,8.64472273883,0.975166894319,0.518951878708,8.13484330984,0.917650007513,0.481872116018,1.0571583968,0.490312670417,3.97710032348,2.15609030845,1.0571583968,3.97710032348,0.270799765227,0.276031606673,524,0.0674388674389,0.482693668656,37,37,37,1,0,0.351351351351,0.621621621622,0.027027027027,-14,-0.0105105105105,0.430801490335,-0.756756756757,-1.87878787879,-0.660317460317,-0.685304264729,-0.0262594775415,-0.0161594521351,-0.863768803545,-0.0535295590957,-0.0255399815734,0.0815299634074,0.0463851133078,0.0200418647145,0.416558826471,0.1190127677,1.97710032348,0.430801490335,0.416558826471,1.97710032348,-0.0732716290204,-0.100537430984,-286,-0.0368082368082,-0.0868831596941,-0.0540540540541,0.0810810810811,-0.027027027027,317,11,25,979,0.926900584795,0.988888888889,0.0111111111111,0.0730994152047,0.966463414634,0.926900584795,0.946268656716,0.928586829043,0.915789473684,0.898016997167,157,171,0,0,0,0
2065,WLNM_dir_neg,0.966707704935,0.951823973374,00:00:05,10,50,30,1237612665,threshold_sweep,0.4,0.929936305732,0.853801169591,0.890243902439,146,11,25,331,0.853801169591,0.96783625731,0.0321637426901,0.146198830409,0.929936305732,0.853801169591,0.890243902439,0.929824561404,0.56465237167,0.838805970149,0.840458931725,0.821637426901,342,171,171,0,342,0,171,0,171,37,342,0.256756756757,1.72528881811,18.4864864865,15.5454545455,9.77142857143,5.36771015539,0.290358590277,0.142642642643,9.50849154237,1.02869645341,0.544491860281,8.05331334643,0.871264894205,0.461830251304,0.640599570326,0.371299902718,2,1.72528881811,0.640599570326,2,0.344071394247,0.376569037657,810,0.104247104247,0.56957682835,37,37,37,1,0,0.405405405405,0.540540540541,0.0540540540541,37,0.128378378378,1.93134043134,9.24324324324,7.77272727273,4.88571428571,4.66907917049,0.505134296223,0.281492018334,5.97843974142,1.29358052884,0.646119804015,4.12547203596,0.892645996086,0.470048996365,0.896827545032,0.46435497879,2.66060606061,1.93134043134,0.896827545032,2.66060606061,0.0577973695621,0.0200668896321,12,0.0015444015444,0.186367656291,37,37,37,1,0,0.405405405405,0.540540540541,0.0540540540541,37,328,0.246246246246,2.15609030845,17.7297297297,13.6666666667,9.11111111111,4.68240589066,0.264099112736,0.126483190508,8.64472273883,0.975166894319,0.518951878708,8.13484330984,0.917650007513,0.481872116018,1.0571583968,0.490312670417,3.97710032348,2.15609030845,1.0571583968,3.97710032348,0.270799765227,0.276031606673,524,0.0674388674389,0.482693668656,37,37,37,1,0,0.351351351351,0.621621621622,0.027027027027,-14,-0.0105105105105,0.430801490335,-0.756756756757,-1.87878787879,-0.660317460317,-0.685304264729,-0.0262594775415,-0.0161594521351,-0.863768803545,-0.0535295590957,-0.0255399815734,0.0815299634074,0.0463851133078,0.0200418647145,0.416558826471,0.1190127677,1.97710032348,0.430801490335,0.416558826471,1.97710032348,-0.0732716290204,-0.100537430984,-286,-0.0368082368082,-0.0868831596941,-0.0540540540541,0.0810810810811,-0.027027027027,317,11,25,979,0.926900584795,0.988888888889,0.0111111111111,0.0730994152047,0.966463414634,0.926900584795,0.946268656716,0.928586829043,0.915789473684,0.898016997167,157,171,0,0,0,0
2066,WLNM_dir_neg,0.966707704935,0.951823973374,00:00:05,10,50,30,1237612665,threshold_sweep,0.5,0.929936305732,0.853801169591,0.890243902439,146,11,25,331,0.853801169591,0.96783625731,0.0321637426901,0.146198830409,0.929936305732,0.853801169591,0.890243902439,0.929824561404,0.56465237167,0.838805970149,0.840458931725,0.821637426901,342,171,171,0,342,0,171,0,171,37,342,0.256756756757,1.72528881811,18.4864864865,15.5454545455,9.77142857143,5.36771015539,0.290358590277,0.142642642643,9.50849154237,1.02869645341,0.544491860281,8.05331334643,0.871264894205,0.461830251304,0.640599570326,0.371299902718,2,1.72528881811,0.640599570326,2,0.344071394247,0.376569037657,810,0.104247104247,0.56957682835,37,37,37,1,0,0.405405405405,0.540540540541,0.0540540540541,37,0.128378378378,1.93134043134,9.24324324324,7.77272727273,4.88571428571,4.66907917049,0.505134296223,0.281492018334,5.97843974142,1.29358052884,0.646119804015,4.12547203596,0.892645996086,0.470048996365,0.896827545032,0.46435497879,2.66060606061,1.93134043134,0.896827545032,2.66060606061,0.0577973695621,0.0200668896321,12,0.0015444015444,0.186367656291,37,37,37,1,0,0.405405405405,0.540540540541,0.0540540540541,37,328,0.246246246246,2.15609030845,17.7297297297,13.6666666667,9.11111111111,4.68240589066,0.264099112736,0.126483190508,8.64472273883,0.975166894319,0.518951878708,8.13484330984,0.917650007513,0.481872116018,1.0571583968,0.490312670417,3.97710032348,2.15609030845,1.0571583968,3.97710032348,0.270799765227,0.276031606673,524,0.0674388674389,0.482693668656,37,37,37,1,0,0.351351351351,0.621621621622,0.027027027027,-14,-0.0105105105105,0.430801490335,-0.756756756757,-1.87878787879,-0.660317460317,-0.685304264729,-0.0262594775415,-0.0161594521351,-0.863768803545,-0.0535295590957,-0.0255399815734,0.0815299634074,0.0463851133078,0.0200418647145,0.416558826471,0.1190127677,1.97710032348,0.430801490335,0.416558826471,1.97710032348,-0.0732716290204,-0.100537430984,-286,-0.0368082368082,-0.0868831596941,-0.0540540540541,0.0810810810811,-0.027027027027,317,11,25,979,0.926900584795,0.988888888889,0.0111111111111,0.0730994152047,0.966463414634,0.926900584795,0.946268656716,0.928586829043,0.915789473684,0.898016997167,157,171,0,0,0,0
2067,WLNM_dir_neg,0.966707704935,0.951823973374,00:00:05,10,50,30,1237612665,threshold_sweep,0.6,0.935897435897,0.853801169591,0.892966360856,146,10,25,332,0.853801169591,0.970760233918,0.0292397660819,0.146198830409,0.935897435897,0.853801169591,0.892966360856,0.931773879142,0.56530214425,0.843049327354,0.844963021724,0.824561403509,342,171,171,0,342,0,171,0,171,37,342,0.256756756757,1.72528881811,18.4864864865,15.5454545455,9.77142857143,5.36771015539,0.290358590277,0.142642642643,9.50849154237,1.02869645341,0.544491860281,8.05331334643,0.871264894205,0.461830251304,0.640599570326,0.371299902718,2,1.72528881811,0.640599570326,2,0.344071394247,0.376569037657,810,0.104247104247,0.56957682835,37,37,37,1,0,0.405405405405,0.540540540541,0.0540540540541,37,0.128378378378,1.93134043134,9.24324324324,7.77272727273,4.88571428571,4.66907917049,0.505134296223,0.281492018334,5.97843974142,1.29358052884,0.646119804015,4.12547203596,0.892645996086,0.470048996365,0.896827545032,0.46435497879,2.66060606061,1.93134043134,0.896827545032,2.66060606061,0.0577973695621,0.0200668896321,12,0.0015444015444,0.186367656291,37,37,37,1,0,0.405405405405,0.540540540541,0.0540540540541,37,327,0.245495495495,1.90806500468,17.6756756757,14.2173913043,9.08333333333,4.7084678686,0.266381209692,0.126787337797,8.67151631465,0.981180745082,0.521365402099,8.1565022239,0.922906979463,0.48417224564,0.768745127059,0.402892524717,2.44355358547,1.90806500468,0.768745127059,2.44355358547,0.270799765227,0.276031606673,524,0.0674388674389,0.526196015741,37,37,37,1,0,0.378378378378,0.594594594595,0.027027027027,-15,-0.0112612612613,0.182776186565,-0.810810810811,-1.32806324111,-0.688095238095,-0.65924228679,-0.0239773805855,-0.0158553048461,-0.836975227727,-0.0475157083324,-0.023126458182,0.103188877468,0.0516420852581,0.0223419943362,0.128145556733,0.031592621999,0.443553585468,0.182776186565,0.128145556733,0.443553585468,-0.0732716290204,-0.100537430984,-286,-0.0368082368082,-0.0433808126086,-0.027027027027,0.0540540540541,-0.027027027027,317,10,25,980,0.926900584795,0.989898989899,0.010101010101,0.0730994152047,0.969418960245,0.926900584795,0.947683109118,0.930568068915,0.916799574694,0.900568181818,156,171,0,0,0,0
2068,WLNM_dir_neg,0.966707704935,0.951823973374,00:00:05,10,50,30,1237612665,threshold_sweep,0.7,0.947712418301,0.847953216374,0.895061728395,145,8,26,334,0.847953216374,0.976608187135,0.0233918128655,0.152046783626,0.947712418301,0.847953216374,0.895061728395,0.933723196881,0.567251461988,0.846846846847,0.849644293123,0.824561403509,342,171,171,0,342,0,171,0,171,37,342,0.256756756757,1.72528881811,18.4864864865,15.5454545455,9.77142857143,5.36771015539,0.290358590277,0.142642642643,9.50849154237,1.02869645341,0.544491860281,8.05331334643,0.871264894205,0.461830251304,0.640599570326,0.371299902718,2,1.72528881811,0.640599570326,2,0.344071394247,0.376569037657,810,0.104247104247,0.56957682835,37,37,37,1,0,0.405405405405,0.540540540541,0.0540540540541,37,0.128378378378,1.93134043134,9.24324324324,7.77272727273,4.88571428571,4.66907917049,0.505134296223,0.281492018334,5.97843974142,1.29358052884,0.646119804015,4.12547203596,0.892645996086,0.470048996365,0.896827545032,0.46435497879,2.66060606061,1.93134043134,0.896827545032,2.66060606061,0.0577973695621,0.0200668896321,12,0.0015444015444,0.186367656291,37,37,37,1,0,0.405405405405,0.540540540541,0.0540540540541,37,324,0.243243243243,1.91326131775,17.5135135135,14.0869565217,9,4.82828254272,0.275688972347,0.13046379713,8.63264284692,0.985826497951,0.522188855522,8.16974569645,0.932964786324,0.487487487487,0.784869606905,0.410226036363,2.73645909746,1.91326131775,0.784869606905,2.73645909746,0.269917011016,0.27680798005,518,0.0666666666667,0.526517274403,37,37,37,1,0,0.378378378378,0.594594594595,0.027027027027,-18,-0.0135135135135,0.187972499631,-0.972972972973,-1.45849802372,-0.771428571429,-0.539427612676,-0.0146696179306,-0.0121788455122,-0.875848695452,-0.0428699554638,-0.0223030047591,0.116432350021,0.0616998921187,0.0256572361836,0.144270036578,0.0389261336448,0.736459097459,0.187972499631,0.144270036578,0.736459097459,-0.0741543832313,-0.099761057607,-292,-0.0375804375804,-0.0430595539472,-0.027027027027,0.0540540540541,-0.027027027027,316,8,26,982,0.923976608187,0.991919191919,0.00808080808081,0.0760233918129,0.975308641975,0.923976608187,0.948948948949,0.932553908662,0.915895800106,0.902857142857,153,171,0,0,0,0
2069,WLNM_dir_neg,0.966707704935,0.951823973374,00:00:05,10,50,30,1237612665,threshold_sweep,0.8,0.947368421053,0.842105263158,0.891640866873,144,8,27,334,0.842105263158,0.976608187135,0.0233918128655,0.157894736842,0.947368421053,0.842105263158,0.891640866873,0.931773879142,0.567901234568,0.842105263158,0.845215861628,0.818713450292,342,171,171,0,342,0,171,0,171,37,342,0.256756756757,1.72528881811,18.4864864865,15.5454545455,9.77142857143,5.36771015539,0.290358590277,0.142642642643,9.50849154237,1.02869645341,0.544491860281,8.05331334643,0.871264894205,0.461830251304,0.640599570326,0.371299902718,2,1.72528881811,0.640599570326,2,0.344071394247,0.376569037657,810,0.104247104247,0.56957682835,37,37,37,1,0,0.405405405405,0.540540540541,0.0540540540541,37,0.128378378378,1.93134043134,9.24324324324,7.77272727273,4.88571428571,4.66907917049,0.505134296223,0.281492018334,5.97843974142,1.29358052884,0.646119804015,4.12547203596,0.892645996086,0.470048996365,0.896827545032,0.46435497879,2.66060606061,1.93134043134,0.896827545032,2.66060606061,0.0577973695621,0.0200668896321,12,0.0015444015444,0.186367656291,37,37,37,1,0,0.405405405405,0.540540540541,0.0540540540541,37,323,0.242492492492,1.91065711669,17.4594594595,14.0434782609,8.97222222222,4.87963224135,0.279483580387,0.132792234959,8.61087377373,0.986384921449,0.522299389172,8.17397172822,0.936337318713,0.488327336625,0.783486045627,0.410061040667,2.73645909746,1.91065711669,0.783486045627,2.73645909746,0.270647076452,0.276972624799,516,0.0664092664093,0.527453267036,37,37,37,1,0,0.378378378378,0.594594594595,0.027027027027,-19,-0.0142642642643,0.185368298573,-1.02702702703,-1.50197628458,-0.799206349206,-0.488077914044,-0.0108750098903,-0.00985040768322,-0.897617768643,-0.0423115319656,-0.0221924711089,0.12065838179,0.0650724245082,0.0264970853206,0.142886475301,0.0387611379493,0.736459097459,0.185368298573,0.142886475301,0.736459097459,-0.0734243177954,-0.0995964128582,-294,-0.0378378378378,-0.0421235613138,-0.027027027027,0.0540540540541,-0.027027027027,315,8,27,982,0.921052631579,0.991919191919,0.00808080808081,0.0789473684211,0.975232198142,0.921052631579,0.947368421053,0.930553143206,0.912971823498,0.9,152,171,0,0,0,0
2070,WLNM_dir_neg,0.966707704935,0.951823973374,00:00:05,10,50,30,1237612665,threshold_sweep,0.9,0.96,0.842105263158,0.897196261682,144,6,27,336,0.842105263158,0.982456140351,0.0175438596491,0.157894736842,0.96,0.842105263158,0.897196261682,0.93567251462,0.569200779727,0.850678733032,0.854545454545,0.824561403509,342,171,171,0,342,0,171,0,171,37,342,0.256756756757,1.72528881811,18.4864864865,15.5454545455,9.77142857143,5.36771015539,0.290358590277,0.142642642643,9.50849154237,1.02869645341,0.544491860281,8.05331334643,0.871264894205,0.461830251304,0.640599570326,0.371299902718,2,1.72528881811,0.640599570326,2,0.344071394247,0.376569037657,810,0.104247104247,0.56957682835,37,37,37,1,0,0.405405405405,0.540540540541,0.0540540540541,37,0.128378378378,1.93134043134,9.24324324324,7.77272727273,4.88571428571,4.66907917049,0.505134296223,0.281492018334,5.97843974142,1.29358052884,0.646119804015,4.12547203596,0.892645996086,0.470048996365,0.896827545032,0.46435497879,2.66060606061,1.93134043134,0.896827545032,2.66060606061,0.0577973695621,0.0200668896321,12,0.0015444015444,0.186367656291,37,37,37,1,0,0.405405405405,0.540540540541,0.0540540540541,37,321,0.240990990991,1.76299951821,17.3513513514,14.5909090909,8.91666666667,4.83170211679,0.278462583055,0.131093710533,8.60572824104,0.99193752311,0.523869664057,8.20248625606,0.945457917365,0.491201481856,0.70217869008,0.398286376614,2.63177617731,1.76299951821,0.70217869008,2.63177617731,0.265866045974,0.27076202486,501,0.0644787644788,0.578196185501,37,37,37,1,0,0.405405405405,0.567567567568,0.027027027027,-21,-0.0157657657658,0.0377107000955,-1.13513513514,-0.954545454545,-0.854761904762,-0.536008038608,-0.0118960072225,-0.0115489321097,-0.902763301339,-0.0367589303048,-0.0206221962248,0.149172909621,0.0741930231598,0.0293712305518,0.0615791197538,0.026986473896,0.631776177312,0.0377107000955,0.0615791197538,0.631776177312,-0.078205348273,-0.105807012797,-309,-0.0397683397683,0.00861935715087,0,0.027027027027,-0.027027027027,315,6,27,984,0.921052631579,0.993939393939,0.00606060606061,0.0789473684211,0.981308411215,0.921052631579,0.950226244344,0.934587278976,0.914992025518,0.905172413793,150,171,0,0,0,0
2071,WLNM_dir_neg,0.961535173216,0.902489110576,00:00:05,10,50,31,1237612666,threshold_sweep,0.1,0.90303030303,0.87134502924,0.886904761905,149,16,22,326,0.87134502924,0.953216374269,0.046783625731,0.12865497076,0.90303030303,0.87134502924,0.886904761905,0.925925925926,0.559454191033,0.83185840708,0.832151722361,0.824561403509,342,171,171,0,342,0,171,0,171,37,342,0.256756756757,1.72528881811,18.4864864865,15.5454545455,9.77142857143,5.36771015539,0.290358590277,0.142642642643,9.50849154237,1.02869645341,0.544491860281,8.05331334643,0.871264894205,0.461830251304,0.640599570326,0.371299902718,2,1.72528881811,0.640599570326,2,0.344071394247,0.376569037657,810,0.104247104247,0.56957682835,37,37,37,1,0,0.405405405405,0.540540540541,0.0540540540541,37,0.128378378378,1.9404013299,9.24324324324,7.77272727273,4.88571428571,4.74578997876,0.513433418755,0.287023865971,5.93647553198,1.2845005537,0.646119804015,4.23183274816,0.915659717438,0.478267741426,0.911683477219,0.469842739834,2.71972222222,1.9404013299,0.911683477219,2.71972222222,0.0936641568995,0.0365044247788,22,0.0028314028314,0.190091788975,37,37,37,1,0,0.405405405405,0.540540540541,0.0540540540541,37,336,0.252252252252,1.97997375192,18.1621621622,14.6086956522,9.08108108108,5.03605618136,0.277282855224,0.137065637066,9.04733962855,0.996284423382,0.531048906049,7.90350969288,0.870326960228,0.454794079794,0.975968393189,0.492919864337,3.78795298649,1.97997375192,0.975968393189,3.78795298649,0.321199484675,0.336922312407,678,0.0872586872587,0.512922651018,37,37,37,1,0,0.378378378378,0.621621621622,0,-6,-0.0045045045045,0.254684933808,-0.324324324324,-0.936758893281,-0.690347490347,-0.331653974029,-0.0130757350532,-0.00557700557701,-0.461151913823,-0.0324120300327,-0.0134429542324,-0.149803653553,-0.000937933976896,-0.00703617150986,0.335368822863,0.121619961619,1.78795298649,0.254684933808,0.335368822863,1.78795298649,-0.0228719095719,-0.0396467252501,-132,-0.0169884169884,-0.0566541773318,-0.027027027027,0.0810810810811,-0.0540540540541,320,16,22,974,0.93567251462,0.983838383838,0.0161616161616,0.0643274853801,0.952380952381,0.93567251462,0.94395280236,0.924886038118,0.919510898458,0.893854748603,165,171,0,0,0,0
2072,WLNM_dir_neg,0.961535173216,0.902489110576,00:00:05,10,50,31,1237612666,threshold_sweep,0.2,0.913043478261,0.859649122807,0.885542168675,147,14,24,328,0.859649122807,0.959064327485,0.0409356725146,0.140350877193,0.913043478261,0.859649122807,0.885542168675,0.925925925926,0.562053281352,0.830860534125,0.831684798913,0.818713450292,342,171,171,0,342,0,171,0,171,37,342,0.256756756757,1.72528881811,18.4864864865,15.5454545455,9.77142857143,5.36771015539,0.290358590277,0.142642642643,9.50849154237,1.02869645341,0.544491860281,8.05331334643,0.871264894205,0.461830251304,0.640599570326,0.371299902718,2,1.72528881811,0.640599570326,2,0.344071394247,0.376569037657,810,0.104247104247,0.56957682835,37,37,37,1,0,0.405405405405,0.540540540541,0.0540540540541,37,0.128378378378,1.9404013299,9.24324324324,7.77272727273,4.88571428571,4.74578997876,0.513433418755,0.287023865971,5.93647553198,1.2845005537,0.646119804015,4.23183274816,0.915659717438,0.478267741426,0.911683477219,0.469842739834,2.71972222222,1.9404013299,0.911683477219,2.71972222222,0.0936641568995,0.0365044247788,22,0.0028314028314,0.190091788975,37,37,37,1,0,0.405405405405,0.540540540541,0.0540540540541,37,332,0.249249249249,1.81467407104,17.9459459459,15.0909090909,8.97297297297,5.2384579259,0.291902022979,0.142787365679,9.03538256734,1.00695528612,0.534190817323,7.95293966086,0.88632158871,0.459785086291,0.778833025719,0.429186176266,2.71792231456,1.81467407104,0.778833025719,2.71792231456,0.324367707833,0.337287003007,673,0.0866151866152,0.56279815819,37,37,37,1,0,0.405405405405,0.594594594595,0,-10,-0.00750750750751,0.0893852529265,-0.540540540541,-0.454545454545,-0.798455598456,-0.129252229492,0.00154343270233,0.000144723036289,-0.473108975038,-0.0217411672959,-0.010301042958,-0.100373685576,0.0150566945052,-0.00204516501283,0.138233455393,0.057886273548,0.717922314564,0.0893852529265,0.138233455393,0.717922314564,-0.0197036864147,-0.0392820346499,-137,-0.0176319176319,-0.00677867015957,0,0.0540540540541,-0.0540540540541,318,14,24,976,0.929824561404,0.985858585859,0.0141414141414,0.0701754385965,0.957831325301,0.929824561404,0.943620178042,0.924712715909,0.915683147262,0.893258426966,161,171,0,0,0,0
2073,WLNM_dir_neg,0.961535173216,0.902489110576,00:00:05,10,50,31,1237612666,threshold_sweep,0.3,0.929487179487,0.847953216374,0.886850152905,145,11,26,331,0.847953216374,0.96783625731,0.0321637426901,0.152046783626,0.929487179487,0.847953216374,0.886850152905,0.927875243665,0.56530214425,0.834080717489,0.835974053407,0.815789473684,342,171,171,0,342,0,171,0,171,37,342,0.256756756757,1.72528881811,18.4864864865,15.5454545455,9.77142857143,5.36771015539,0.290358590277,0.142642642643,9.50849154237,1.02869645341,0.544491860281,8.05331334643,0.871264894205,0.461830251304,0.640599570326,0.371299902718,2,1.72528881811,0.640599570326,2,0.344071394247,0.376569037657,810,0.104247104247,0.56957682835,37,37,37,1,0,0.405405405405,0.540540540541,0.0540540540541,37,0.128378378378,1.9404013299,9.24324324324,7.77272727273,4.88571428571,4.74578997876,0.513433418755,0.287023865971,5.93647553198,1.2845005537,0.646119804015,4.23183274816,0.915659717438,0.478267741426,0.911683477219,0.469842739834,2.71972222222,1.9404013299,0.911683477219,2.71972222222,0.0936641568995,0.0365044247788,22,0.0028314028314,0.190091788975,37,37,37,1,0,0.405405405405,0.540540540541,0.0540540540541,37,327,0.245495495495,1.73757512532,17.6756756757,14.8636363636,8.83783783784,5.38028321257,0.304389111414,0.14513596165,8.98305043931,1.01643078365,0.536242664683,7.99831063244,0.905007625077,0.468799074304,0.670487310565,0.385875292985,2.2497012126,1.73757512532,0.670487310565,2.2497012126,0.30564516215,0.323715212566,632,0.0813384813385,0.564805555021,37,37,37,1,0,0.405405405405,0.594594594595,0,-15,-0.0112612612613,0.0122863072014,-0.810810810811,-0.681818181818,-0.933590733591,0.0125730571753,0.0140305211373,0.00249331900708,-0.525441103064,-0.0122656697619,-0.0082491955983,-0.0550027139961,0.0337427308722,0.00696882299973,0.0298877402387,0.0145753902672,0.2497012126,0.0122863072014,0.0298877402387,0.2497012126,-0.0384262320973,-0.0528538250907,-178,-0.0229086229086,-0.00477127332936,0,0.0540540540541,-0.0540540540541,316,11,26,979,0.923976608187,0.988888888889,0.0111111111111,0.0760233918129,0.966360856269,0.923976608187,0.944693572496,0.926574909326,0.912865497076,0.895184135977,156,171,0,0,0,0
2074,WLNM_dir_neg,0.961535173216,0.902489110576,00:00:05,10,50,31,1237612666,threshold_sweep,0.4,0.935064935065,0.842105263158,0.886153846154,144,10,27,332,0.842105263158,0.970760233918,0.0292397660819,0.157894736842,0.935064935065,0.842105263158,0.886153846154,0.927875243665,0.566601689409,0.833583208396,0.836030676627,0.812865497076,342,171,171,0,342,0,171,0,171,37,342,0.256756756757,1.72528881811,18.4864864865,15.5454545455,9.77142857143,5.36771015539,0.290358590277,0.142642642643,9.50849154237,1.02869645341,0.544491860281,8.05331334643,0.871264894205,0.461830251304,0.640599570326,0.371299902718,2,1.72528881811,0.640599570326,2,0.344071394247,0.376569037657,810,0.104247104247,0.56957682835,37,37,37,1,0,0.405405405405,0.540540540541,0.0540540540541,37,0.128378378378,1.9404013299,9.24324324324,7.77272727273,4.88571428571,4.74578997876,0.513433418755,0.287023865971,5.93647553198,1.2845005537,0.646119804015,4.23183274816,0.915659717438,0.478267741426,0.911683477219,0.469842739834,2.71972222222,1.9404013299,0.911683477219,2.71972222222,0.0936641568995,0.0365044247788,22,0.0028314028314,0.190091788975,37,37,37,1,0,0.405405405405,0.540540540541,0.0540540540541,37,325,0.243993993994,1.73557128819,17.5675675676,14.7727272727,8.78378378378,5.25748429776,0.299272183103,0.140873180873,8.89798708553,1.01300160666,0.534054054054,8.02473653128,0.913585389715,0.471018711019,0.668422886962,0.385131334859,2.24920649291,1.73557128819,0.668422886962,2.24920649291,0.291928983136,0.308532778356,593,0.0763191763192,0.566578846707,37,37,37,1,0,0.405405405405,0.594594594595,0,-17,-0.0127627627628,0.0102824700706,-0.918918918919,-0.772727272727,-0.987644787645,-0.110225857638,0.00891359282586,-0.00176946176946,-0.610504456849,-0.015694846755,-0.0104378062273,-0.0285768151582,0.0423204955096,0.00918845971478,0.0278233166363,0.0138314321415,0.24920649291,0.0102824700706,0.0278233166363,0.24920649291,-0.0521424111119,-0.068036259301,-217,-0.0279279279279,-0.00299798164272,0,0.0540540540541,-0.0540540540541,315,10,27,980,0.921052631579,0.989898989899,0.010101010101,0.0789473684211,0.969230769231,0.921052631579,0.944527736132,0.926551466505,0.910951621478,0.894886363636,154,171,0,0,0,0
2075,WLNM_dir_neg,0.961535173216,0.902489110576,00:00:05,10,50,31,1237612666,threshold_sweep,0.5,0.941176470588,0.842105263158,0.888888888889,144,9,27,333,0.842105263158,0.973684210526,0.0263157894737,0.157894736842,0.941176470588,0.842105263158,0.888888888889,0.929824561404,0.567251461988,0.837837837838,0.840605524047,0.815789473684,342,171,171,0,342,0,171,0,171,37,342,0.256756756757,1.72528881811,18.4864864865,15.5454545455,9.77142857143,5.36771015539,0.290358590277,0.142642642643,9.50849154237,1.02869645341,0.544491860281,8.05331334643,0.871264894205,0.461830251304,0.640599570326,0.371299902718,2,1.72528881811,0.640599570326,2,0.344071394247,0.376569037657,810,0.104247104247,0.56957682835,37,37,37,1,0,0.405405405405,0.540540540541,0.0540540540541,37,0.128378378378,1.9404013299,9.24324324324,7.77272727273,4.88571428571,4.74578997876,0.513433418755,0.287023865971,5.93647553198,1.2845005537,0.646119804015,4.23183274816,0.915659717438,0.478267741426,0.911683477219,0.469842739834,2.71972222222,1.9404013299,0.911683477219,2.71972222222,0.0936641568995,0.0365044247788,22,0.0028314028314,0.190091788975,37,37,37,1,0,0.405405405405,0.540540540541,0.0540540540541,37,324,0.243243243243,1.72889760871,17.5135135135,14.7272727273,9,5.24733594641,0.299616404348,0.141141141141,8.91754016097,1.01836106777,0.535869202536,8.05331334643,0.919668499438,0.475475475475,0.655020351728,0.378865901849,2.03786191537,1.72889760871,0.655020351728,2.03786191537,0.291928983136,0.308532778356,593,0.0763191763192,0.568092325796,37,37,37,1,0,0.405405405405,0.567567567568,0.027027027027,-18,-0.0135135135135,0.00360879059492,-0.972972972973,-0.818181818182,-0.771428571429,-0.120374208979,0.00925781407062,-0.0015015015015,-0.590951381404,-0.0103353856497,-0.00862265774546,0,0.0484036052336,0.0136452241715,0.0144207814024,0.00756599913131,0.0378619153675,0.00360879059492,0.0144207814024,0.0378619153675,-0.0521424111119,-0.068036259301,-217,-0.0279279279279,-0.00148450255363,0,0.027027027027,-0.027027027027,315,9,27,981,0.921052631579,0.990909090909,0.00909090909091,0.0789473684211,0.972222222222,0.921052631579,0.945945945946,0.928548278918,0.911961722488,0.897435897436,153,171,0,0,0,0
2076,WLNM_dir_neg,0.961535173216,0.902489110576,00:00:05,10,50,31,1237612666,threshold_sweep,0.6,0.941176470588,0.842105263158,0.888888888889,144,9,27,333,0.842105263158,0.973684210526,0.0263157894737,0.157894736842,0.941176470588,0.842105263158,0.888888888889,0.929824561404,0.567251461988,0.837837837838,0.840605524047,0.815789473684,342,171,171,0,342,0,171,0,171,37,342,0.256756756757,1.72528881811,18.4864864865,15.5454545455,9.77142857143,5.36771015539,0.290358590277,0.142642642643,9.50849154237,1.02869645341,0.544491860281,8.05331334643,0.871264894205,0.461830251304,0.640599570326,0.371299902718,2,1.72528881811,0.640599570326,2,0.344071394247,0.376569037657,810,0.104247104247,0.56957682835,37,37,37,1,0,0.405405405405,0.540540540541,0.0540540540541,37,0.128378378378,1.9404013299,9.24324324324,7.77272727273,4.88571428571,4.74578997876,0.513433418755,0.287023865971,5.93647553198,1.2845005537,0.646119804015,4.23183274816,0.915659717438,0.478267741426,0.911683477219,0.469842739834,2.71972222222,1.9404013299,0.911683477219,2.71972222222,0.0936641568995,0.0365044247788,22,0.0028314028314,0.190091788975,37,37,37,1,0,0.405405405405,0.540540540541,0.0540540540541,37,324,0.243243243243,1.72889760871,17.5135135135,14.7272727273,9,5.24733594641,0.299616404348,0.141141141141,8.91754016097,1.01836106777,0.535869202536,8.05331334643,0.919668499438,0.475475475475,0.655020351728,0.378865901849,2.03786191537,1.72889760871,0.655020351728,2.03786191537,0.291928983136,0.308532778356,593,0.0763191763192,0.568092325796,37,37,37,1,0,0.405405405405,0.567567567568,0.027027027027,-18,-0.0135135135135,0.00360879059492,-0.972972972973,-0.818181818182,-0.771428571429,-0.120374208979,0.00925781407062,-0.0015015015015,-0.590951381404,-0.0103353856497,-0.00862265774546,0,0.0484036052336,0.0136452241715,0.0144207814024,0.00756599913131,0.0378619153675,0.00360879059492,0.0144207814024,0.0378619153675,-0.0521424111119,-0.068036259301,-217,-0.0279279279279,-0.00148450255363,0,0.027027027027,-0.027027027027,315,9,27,981,0.921052631579,0.990909090909,0.00909090909091,0.0789473684211,0.972222222222,0.921052631579,0.945945945946,0.928548278918,0.911961722488,0.897435897436,153,171,0,0,0,0
2077,WLNM_dir_neg,0.961535173216,0.902489110576,00:00:05,10,50,31,1237612666,threshold_sweep,0.7,0.941176470588,0.842105263158,0.888888888889,144,9,27,333,0.842105263158,0.973684210526,0.0263157894737,0.157894736842,0.941176470588,0.842105263158,0.888888888889,0.929824561404,0.567251461988,0.837837837838,0.840605524047,0.815789473684,342,171,171,0,342,0,171,0,171,37,342,0.256756756757,1.72528881811,18.4864864865,15.5454545455,9.77142857143,5.36771015539,0.290358590277,0.142642642643,9.50849154237,1.02869645341,0.544491860281,8.05331334643,0.871264894205,0.461830251304,0.640599570326,0.371299902718,2,1.72528881811,0.640599570326,2,0.344071394247,0.376569037657,810,0.104247104247,0.56957682835,37,37,37,1,0,0.405405405405,0.540540540541,0.0540540540541,37,0.128378378378,1.9404013299,9.24324324324,7.77272727273,4.88571428571,4.74578997876,0.513433418755,0.287023865971,5.93647553198,1.2845005537,0.646119804015,4.23183274816,0.915659717438,0.478267741426,0.911683477219,0.469842739834,2.71972222222,1.9404013299,0.911683477219,2.71972222222,0.0936641568995,0.0365044247788,22,0.0028314028314,0.190091788975,37,37,37,1,0,0.405405405405,0.540540540541,0.0540540540541,37,324,0.243243243243,1.72889760871,17.5135135135,14.7272727273,9,5.24733594641,0.299616404348,0.141141141141,8.91754016097,1.01836106777,0.535869202536,8.05331334643,0.919668499438,0.475475475475,0.655020351728,0.378865901849,2.03786191537,1.72889760871,0.655020351728,2.03786191537,0.291928983136,0.308532778356,593,0.0763191763192,0.568092325796,37,37,37,1,0,0.405405405405,0.567567567568,0.027027027027,-18,-0.0135135135135,0.00360879059492,-0.972972972973,-0.818181818182,-0.771428571429,-0.120374208979,0.00925781407062,-0.0015015015015,-0.590951381404,-0.0103353856497,-0.00862265774546,0,0.0484036052336,0.0136452241715,0.0144207814024,0.00756599913131,0.0378619153675,0.00360879059492,0.0144207814024,0.0378619153675,-0.0521424111119,-0.068036259301,-217,-0.0279279279279,-0.00148450255363,0,0.027027027027,-0.027027027027,315,9,27,981,0.921052631579,0.990909090909,0.00909090909091,0.0789473684211,0.972222222222,0.921052631579,0.945945945946,0.928548278918,0.911961722488,0.897435897436,153,171,0,0,0,0
2078,WLNM_dir_neg,0.961535173216,0.902489110576,00:00:05,10,50,31,1237612666,threshold_sweep,0.8,0.946666666667,0.830409356725,0.884735202492,142,8,29,334,0.830409356725,0.976608187135,0.0233918128655,0.169590643275,0.946666666667,0.830409356725,0.884735202492,0.927875243665,0.569200779727,0.83257918552,0.836363636364,0.80701754386,342,171,171,0,342,0,171,0,171,37,342,0.256756756757,1.72528881811,18.4864864865,15.5454545455,9.77142857143,5.36771015539,0.290358590277,0.142642642643,9.50849154237,1.02869645341,0.544491860281,8.05331334643,0.871264894205,0.461830251304,0.640599570326,0.371299902718,2,1.72528881811,0.640599570326,2,0.344071394247,0.376569037657,810,0.104247104247,0.56957682835,37,37,37,1,0,0.405405405405,0.540540540541,0.0540540540541,37,0.128378378378,1.9404013299,9.24324324324,7.77272727273,4.88571428571,4.74578997876,0.513433418755,0.287023865971,5.93647553198,1.2845005537,0.646119804015,4.23183274816,0.915659717438,0.478267741426,0.911683477219,0.469842739834,2.71972222222,1.9404013299,0.911683477219,2.71972222222,0.0936641568995,0.0365044247788,22,0.0028314028314,0.190091788975,37,37,37,1,0,0.405405405405,0.540540540541,0.0540540540541,37,321,0.240990990991,1.72631964218,17.3513513514,14.5909090909,8.91666666667,5.28738654313,0.30472476962,0.144986107603,8.84136130184,1.01909772015,0.536162330555,8.10710954812,0.934464340438,0.480592742275,0.653032817802,0.378280361206,2.03786191537,1.72631964218,0.653032817802,2.03786191537,0.288057371009,0.297726070862,563,0.0724581724582,0.57339030065,37,37,37,1,0,0.405405405405,0.567567567568,0.027027027027,-21,-0.0157657657658,0.00103082406742,-1.13513513514,-0.954545454545,-0.854761904762,-0.0803236122648,0.0143661793424,0.00234346496029,-0.667130240535,-0.00959873326505,-0.00832952972648,0.0537962016862,0.0631994462327,0.018762490971,0.012433247476,0.00698045848848,0.0378619153675,0.00103082406742,0.012433247476,0.0378619153675,-0.0560140232383,-0.0788429667949,-247,-0.0317889317889,0.00381347230008,0,0.027027027027,-0.027027027027,313,8,29,982,0.915204678363,0.991919191919,0.00808080808081,0.0847953216374,0.97507788162,0.915204678363,0.94419306184,0.926550621182,0.907123870282,0.894285714286,150,171,0,0,0,0
2079,WLNM_dir_neg,0.961535173216,0.902489110576,00:00:05,10,50,31,1237612666,threshold_sweep,0.9,0.952054794521,0.812865497076,0.876971608833,139,7,32,335,0.812865497076,0.979532163743,0.0204678362573,0.187134502924,0.952054794521,0.812865497076,0.876971608833,0.923976608187,0.571799870045,0.822458270106,0.827836999667,0.792397660819,342,171,171,0,342,0,171,0,171,37,342,0.256756756757,1.72528881811,18.4864864865,15.5454545455,9.77142857143,5.36771015539,0.290358590277,0.142642642643,9.50849154237,1.02869645341,0.544491860281,8.05331334643,0.871264894205,0.461830251304,0.640599570326,0.371299902718,2,1.72528881811,0.640599570326,2,0.344071394247,0.376569037657,810,0.104247104247,0.56957682835,37,37,37,1,0,0.405405405405,0.540540540541,0.0540540540541,37,0.128378378378,1.9404013299,9.24324324324,7.77272727273,4.88571428571,4.74578997876,0.513433418755,0.287023865971,5.93647553198,1.2845005537,0.646119804015,4.23183274816,0.915659717438,0.478267741426,0.911683477219,0.469842739834,2.71972222222,1.9404013299,0.911683477219,2.71972222222,0.0936641568995,0.0365044247788,22,0.0028314028314,0.190091788975,37,37,37,1,0,0.405405405405,0.540540540541,0.0540540540541,37,317,0.237987987988,1.72402489913,17.1351351351,14.4090909091,8.80555555556,5.23960432222,0.305781324798,0.145962997698,8.73861335472,1.01996433478,0.536448120044,8.07100620376,0.942041733562,0.4849518288,0.651307337675,0.377783022742,2.04370179949,1.72402489913,0.651307337675,2.04370179949,0.277805863587,0.291809799313,538,0.0692406692407,0.567937854932,37,37,37,1,0,0.405405405405,0.567567567568,0.027027027027,-25,-0.0187687687688,-0.00126391898464,-1.35135135135,-1.13636363636,-0.965873015873,-0.128105833171,0.0154227345214,0.00332035505537,-0.769878187651,-0.00873211863628,-0.008043740237,0.0176928573263,0.0707768393571,0.0231215774965,0.0107077673492,0.00648312002389,0.0437017994859,-0.00126391898464,0.0107077673492,0.0437017994859,-0.0662655306599,-0.0847592383439,-272,-0.0350064350064,-0.00163897341774,0,0.027027027027,-0.027027027027,310,7,32,983,0.906432748538,0.992929292929,0.00707070707071,0.093567251462,0.977917981073,0.906432748538,0.940819423369,0.922576848066,0.899362041467,0.888252148997,146,171,0,0,0,0
2080,WLNM_dir_neg,0.96611777983,0.929189080474,00:00:05,10,50,32,1237612667,threshold_sweep,0.1,0.935714285714,0.766081871345,0.842443729904,131,9,40,333,0.766081871345,0.973684210526,0.0263157894737,0.233918128655,0.935714285714,0.766081871345,0.842443729904,0.904483430799,0.575698505523,0.774885145482,0.782865382798,0.739766081871,342,171,171,0,342,0,171,0,171,37,342,0.256756756757,1.72528881811,18.4864864865,15.5454545455,9.77142857143,5.36771015539,0.290358590277,0.142642642643,9.50849154237,1.02869645341,0.544491860281,8.05331334643,0.871264894205,0.461830251304,0.640599570326,0.371299902718,2,1.72528881811,0.640599570326,2,0.344071394247,0.376569037657,810,0.104247104247,0.56957682835,37,37,37,1,0,0.405405405405,0.540540540541,0.0540540540541,37,0.128378378378,1.97063966564,9.24324324324,7.77272727273,4.88571428571,4.73406922334,0.512165383812,0.285443338075,5.92242138615,1.28145959817,0.644223170539,4.1656755578,0.901345003735,0.468468468468,0.992958445406,0.5038762097,3.59066378066,1.97063966564,0.992958445406,3.59066378066,0.0693476325829,0.0266075388027,16,0.0020592020592,0.185933960844,37,37,37,1,0,0.405405405405,0.540540540541,0.0540540540541,37,311,0.233483483483,1.95045197315,16.8108108108,13.5217391304,8.40540540541,4.91504401381,0.292374000821,0.134092291649,8.30147061757,0.987634768007,0.515686104111,7.77624395,0.925147994052,0.480229425567,0.947703062366,0.485888950568,3.79170625691,1.95045197315,0.947703062366,3.79170625691,0.264954690694,0.258988656028,449,0.0577863577864,0.496227606754,37,37,37,1,0,0.378378378378,0.621621621622,0,-31,-0.0232732732733,0.225163155036,-1.67567567568,-2.02371541502,-1.36602316602,-0.452666141587,0.00201541054418,-0.00855035099408,-1.2070209248,-0.0410616854078,-0.0288057561708,-0.27706939643,0.053883099847,0.0183991742631,0.30710349204,0.11458904785,1.79170625691,0.225163155036,0.30710349204,1.79170625691,-0.0791167035534,-0.117580381629,-361,-0.0464607464607,-0.0733492215958,-0.027027027027,0.0810810810811,-0.0540540540541,302,9,40,981,0.883040935673,0.990909090909,0.00909090909091,0.116959064327,0.971061093248,0.883040935673,0.924961715161,0.902452151543,0.873950026582,0.860398860399,140,171,0,0,0,0
2081,WLNM_dir_neg,0.96611777983,0.929189080474,00:00:05,10,50,32,1237612667,threshold_sweep,0.2,0.94696969697,0.730994152047,0.825082508251,125,7,46,335,0.730994152047,0.979532163743,0.0204678362573,0.269005847953,0.94696969697,0.730994152047,0.825082508251,0.896686159844,0.58089668616,0.753488372093,0.766199426055,0.710526315789,342,171,171,0,342,0,171,0,171,37,342,0.256756756757,1.72528881811,18.4864864865,15.5454545455,9.77142857143,5.36771015539,0.290358590277,0.142642642643,9.50849154237,1.02869645341,0.544491860281,8.05331334643,0.871264894205,0.461830251304,0.640599570326,0.371299902718,2,1.72528881811,0.640599570326,2,0.344071394247,0.376569037657,810,0.104247104247,0.56957682835,37,37,37,1,0,0.405405405405,0.540540540541,0.0540540540541,37,0.128378378378,1.97063966564,9.24324324324,7.77272727273,4.88571428571,4.73406922334,0.512165383812,0.285443338075,5.92242138615,1.28145959817,0.644223170539,4.1656755578,0.901345003735,0.468468468468,0.992958445406,0.5038762097,3.59066378066,1.97063966564,0.992958445406,3.59066378066,0.0693476325829,0.0266075388027,16,0.0020592020592,0.185933960844,37,37,37,1,0,0.405405405405,0.540540540541,0.0540540540541,37,303,0.227477477477,1.94030774674,16.3783783784,13.1739130435,8.65714285714,4.56649240149,0.278812242335,0.125501739363,7.95416675515,0.971300890893,0.511105164571,7.92968346656,0.968311182386,0.498439033092,0.939822766784,0.484367888734,3.78844975187,1.94030774674,0.939822766784,3.78844975187,0.230066993132,0.218360253527,356,0.0458172458172,0.503033039556,37,37,37,1,0,0.378378378378,0.567567567568,0.0540540540541,-39,-0.0292792792793,0.215018928629,-2.10810810811,-2.37154150198,-1.11428571429,-0.801217753905,-0.011546347942,-0.0171409032795,-1.55432478722,-0.0573955625216,-0.0333866957108,-0.123629879871,0.0970462881807,0.0366087817886,0.299223196458,0.113067986016,1.78844975187,0.215018928629,0.299223196458,1.78844975187,-0.114004401115,-0.15820878413,-454,-0.0584298584299,-0.0665437887935,-0.027027027027,0.027027027027,0,296,7,46,983,0.865497076023,0.992929292929,0.00707070707071,0.134502923977,0.976897689769,0.865497076023,0.917829457364,0.894550161428,0.858426368953,0.848137535817,132,171,0,0,0,0
2082,WLNM_dir_neg,0.96611777983,0.929189080474,00:00:05,10,50,32,1237612667,threshold_sweep,0.3,0.94696969697,0.730994152047,0.825082508251,125,7,46,335,0.730994152047,0.979532163743,0.0204678362573,0.269005847953,0.94696969697,0.730994152047,0.825082508251,0.896686159844,0.58089668616,0.753488372093,0.766199426055,0.710526315789,342,171,171,0,342,0,171,0,171,37,342,0.256756756757,1.72528881811,18.4864864865,15.5454545455,9.77142857143,5.36771015539,0.290358590277,0.142642642643,9.50849154237,1.02869645341,0.544491860281,8.05331334643,0.871264894205,0.461830251304,0.640599570326,0.371299902718,2,1.72528881811,0.640599570326,2,0.344071394247,0.376569037657,810,0.104247104247,0.56957682835,37,37,37,1,0,0.405405405405,0.540540540541,0.0540540540541,37,0.128378378378,1.97063966564,9.24324324324,7.77272727273,4.88571428571,4.73406922334,0.512165383812,0.285443338075,5.92242138615,1.28145959817,0.644223170539,4.1656755578,0.901345003735,0.468468468468,0.992958445406,0.5038762097,3.59066378066,1.97063966564,0.992958445406,3.59066378066,0.0693476325829,0.0266075388027,16,0.0020592020592,0.185933960844,37,37,37,1,0,0.405405405405,0.540540540541,0.0540540540541,37,303,0.227477477477,1.94030774674,16.3783783784,13.1739130435,8.65714285714,4.56649240149,0.278812242335,0.125501739363,7.95416675515,0.971300890893,0.511105164571,7.92968346656,0.968311182386,0.498439033092,0.939822766784,0.484367888734,3.78844975187,1.94030774674,0.939822766784,3.78844975187,0.230066993132,0.218360253527,356,0.0458172458172,0.503033039556,37,37,37,1,0,0.378378378378,0.567567567568,0.0540540540541,-39,-0.0292792792793,0.215018928629,-2.10810810811,-2.37154150198,-1.11428571429,-0.801217753905,-0.011546347942,-0.0171409032795,-1.55432478722,-0.0573955625216,-0.0333866957108,-0.123629879871,0.0970462881807,0.0366087817886,0.299223196458,0.113067986016,1.78844975187,0.215018928629,0.299223196458,1.78844975187,-0.114004401115,-0.15820878413,-454,-0.0584298584299,-0.0665437887935,-0.027027027027,0.027027027027,0,296,7,46,983,0.865497076023,0.992929292929,0.00707070707071,0.134502923977,0.976897689769,0.865497076023,0.917829457364,0.894550161428,0.858426368953,0.848137535817,132,171,0,0,0,0
2083,WLNM_dir_neg,0.96611777983,0.929189080474,00:00:05,10,50,32,1237612667,threshold_sweep,0.4,0.953846153846,0.72514619883,0.823920265781,124,6,47,336,0.72514619883,0.982456140351,0.0175438596491,0.27485380117,0.953846153846,0.72514619883,0.823920265781,0.896686159844,0.582196231319,0.752721617418,0.76688334332,0.707602339181,342,171,171,0,342,0,171,0,171,37,342,0.256756756757,1.72528881811,18.4864864865,15.5454545455,9.77142857143,5.36771015539,0.290358590277,0.142642642643,9.50849154237,1.02869645341,0.544491860281,8.05331334643,0.871264894205,0.461830251304,0.640599570326,0.371299902718,2,1.72528881811,0.640599570326,2,0.344071394247,0.376569037657,810,0.104247104247,0.56957682835,37,37,37,1,0,0.405405405405,0.540540540541,0.0540540540541,37,0.128378378378,1.97063966564,9.24324324324,7.77272727273,4.88571428571,4.73406922334,0.512165383812,0.285443338075,5.92242138615,1.28145959817,0.644223170539,4.1656755578,0.901345003735,0.468468468468,0.992958445406,0.5038762097,3.59066378066,1.97063966564,0.992958445406,3.59066378066,0.0693476325829,0.0266075388027,16,0.0020592020592,0.185933960844,37,37,37,1,0,0.405405405405,0.540540540541,0.0540540540541,37,301,0.225975975976,1.937638663,16.2702702703,13.0869565217,8.6,4.48236450901,0.275494164175,0.123552123552,7.88515539959,0.969271593969,0.511268743827,7.96576759976,0.979180734855,0.501750920356,0.937975072547,0.484081521729,3.78835069137,1.937638663,0.937975072547,3.78835069137,0.223393758486,0.208013286278,334,0.0429858429858,0.504351582695,37,37,37,1,0,0.378378378378,0.567567567568,0.0540540540541,-41,-0.0307807807808,0.212349844889,-2.21621621622,-2.45849802372,-1.17142857143,-0.885345646388,-0.0148644261024,-0.0190905190905,-1.62333614279,-0.0594248594453,-0.0332231164545,-0.08754574667,0.10791584065,0.0399206690516,0.297375502221,0.112781619011,1.78835069137,0.212349844889,0.297375502221,1.78835069137,-0.120677635761,-0.168555751379,-476,-0.0612612612613,-0.0652252456544,-0.027027027027,0.027027027027,0,295,6,47,984,0.862573099415,0.993939393939,0.00606060606061,0.137426900585,0.980066445183,0.862573099415,0.917573872473,0.894647127778,0.856512493355,0.847701149425,130,171,0,0,0,0
2084,WLNM_dir_neg,0.96611777983,0.929189080474,00:00:05,10,50,32,1237612667,threshold_sweep,0.5,0.953488372093,0.719298245614,0.82,123,6,48,336,0.719298245614,0.982456140351,0.0175438596491,0.280701754386,0.953488372093,0.719298245614,0.82,0.894736842105,0.582846003899,0.747663551402,0.762492851663,0.701754385965,342,171,171,0,342,0,171,0,171,37,342,0.256756756757,1.72528881811,18.4864864865,15.5454545455,9.77142857143,5.36771015539,0.290358590277,0.142642642643,9.50849154237,1.02869645341,0.544491860281,8.05331334643,0.871264894205,0.461830251304,0.640599570326,0.371299902718,2,1.72528881811,0.640599570326,2,0.344071394247,0.376569037657,810,0.104247104247,0.56957682835,37,37,37,1,0,0.405405405405,0.540540540541,0.0540540540541,37,0.128378378378,1.97063966564,9.24324324324,7.77272727273,4.88571428571,4.73406922334,0.512165383812,0.285443338075,5.92242138615,1.28145959817,0.644223170539,4.1656755578,0.901345003735,0.468468468468,0.992958445406,0.5038762097,3.59066378066,1.97063966564,0.992958445406,3.59066378066,0.0693476325829,0.0266075388027,16,0.0020592020592,0.185933960844,37,37,37,1,0,0.405405405405,0.540540540541,0.0540540540541,37,300,0.225225225225,1.93721694668,16.2162162162,13.0434782609,8.57142857143,4.44181603961,0.273911989109,0.123153153153,7.83079314765,0.965797821544,0.50972972973,7.98882477723,0.985288389192,0.505225225225,0.937653452356,0.484020880554,3.78835069137,1.93721694668,0.937653452356,3.78835069137,0.217677680681,0.200878844947,320,0.041184041184,0.5057582031,37,37,37,1,0,0.378378378378,0.567567567568,0.0540540540541,-42,-0.0315315315315,0.211928128565,-2.27027027027,-2.50197628458,-1.2,-0.925894115784,-0.0164466011679,-0.0194894894895,-1.67769839472,-0.062898631871,-0.0347621305516,-0.0644885692019,0.114023494987,0.0433949739213,0.29705388203,0.112720977836,1.78835069137,0.211928128565,0.29705388203,1.78835069137,-0.126393713567,-0.17569019271,-490,-0.0630630630631,-0.0638186252497,-0.027027027027,0.027027027027,0,294,6,48,984,0.859649122807,0.993939393939,0.00606060606061,0.140350877193,0.98,0.859649122807,0.915887850467,0.892644920971,0.853588516746,0.844827586207,129,171,0,0,0,0
2085,WLNM_dir_neg,0.96611777983,0.929189080474,00:00:05,10,50,32,1237612667,threshold_sweep,0.6,0.953125,0.713450292398,0.816053511706,122,6,49,336,0.713450292398,0.982456140351,0.0175438596491,0.286549707602,0.953125,0.713450292398,0.816053511706,0.892787524366,0.583495776478,0.742589703588,0.758100197263,0.695906432749,342,171,171,0,342,0,171,0,171,37,342,0.256756756757,1.72528881811,18.4864864865,15.5454545455,9.77142857143,5.36771015539,0.290358590277,0.142642642643,9.50849154237,1.02869645341,0.544491860281,8.05331334643,0.871264894205,0.461830251304,0.640599570326,0.371299902718,2,1.72528881811,0.640599570326,2,0.344071394247,0.376569037657,810,0.104247104247,0.56957682835,37,37,37,1,0,0.405405405405,0.540540540541,0.0540540540541,37,0.128378378378,1.97063966564,9.24324324324,7.77272727273,4.88571428571,4.73406922334,0.512165383812,0.285443338075,5.92242138615,1.28145959817,0.644223170539,4.1656755578,0.901345003735,0.468468468468,0.992958445406,0.5038762097,3.59066378066,1.97063966564,0.992958445406,3.59066378066,0.0693476325829,0.0266075388027,16,0.0020592020592,0.185933960844,37,37,37,1,0,0.405405405405,0.540540540541,0.0540540540541,37,299,0.224474474474,1.92786493581,16.1621621622,13,8.54285714286,4.45666488104,0.275746823743,0.123384253819,7.79379517586,0.964449570257,0.508361204013,7.99089196238,0.988839473605,0.50619181054,0.923868050904,0.47921824488,3.72054905899,1.92786493581,0.923868050904,3.72054905899,0.217677680681,0.200878844947,320,0.041184041184,0.506378773162,37,37,37,1,0,0.378378378378,0.567567567568,0.0540540540541,-43,-0.0322822822823,0.202576117693,-2.32432432432,-2.54545454545,-1.22857142857,-0.911045274357,-0.0146117665341,-0.0192583888236,-1.71469636652,-0.064246883158,-0.036130656268,-0.0624213840589,0.1175745794,0.0443615592357,0.283268480578,0.107918342163,1.72054905899,0.202576117693,0.283268480578,1.72054905899,-0.126393713567,-0.17569019271,-490,-0.0630630630631,-0.0631980551883,-0.027027027027,0.027027027027,0,293,6,49,984,0.856725146199,0.993939393939,0.00606060606061,0.143274853801,0.979933110368,0.856725146199,0.914196567863,0.890642110263,0.850664540138,0.841954022989,128,171,0,0,0,0
2086,WLNM_dir_neg,0.96611777983,0.929189080474,00:00:05,10,50,32,1237612667,threshold_sweep,0.7,0.953125,0.713450292398,0.816053511706,122,6,49,336,0.713450292398,0.982456140351,0.0175438596491,0.286549707602,0.953125,0.713450292398,0.816053511706,0.892787524366,0.583495776478,0.742589703588,0.758100197263,0.695906432749,342,171,171,0,342,0,171,0,171,37,342,0.256756756757,1.72528881811,18.4864864865,15.5454545455,9.77142857143,5.36771015539,0.290358590277,0.142642642643,9.50849154237,1.02869645341,0.544491860281,8.05331334643,0.871264894205,0.461830251304,0.640599570326,0.371299902718,2,1.72528881811,0.640599570326,2,0.344071394247,0.376569037657,810,0.104247104247,0.56957682835,37,37,37,1,0,0.405405405405,0.540540540541,0.0540540540541,37,0.128378378378,1.97063966564,9.24324324324,7.77272727273,4.88571428571,4.73406922334,0.512165383812,0.285443338075,5.92242138615,1.28145959817,0.644223170539,4.1656755578,0.901345003735,0.468468468468,0.992958445406,0.5038762097,3.59066378066,1.97063966564,0.992958445406,3.59066378066,0.0693476325829,0.0266075388027,16,0.0020592020592,0.185933960844,37,37,37,1,0,0.405405405405,0.540540540541,0.0540540540541,37,299,0.224474474474,1.92786493581,16.1621621622,13,8.54285714286,4.45666488104,0.275746823743,0.123384253819,7.79379517586,0.964449570257,0.508361204013,7.99089196238,0.988839473605,0.50619181054,0.923868050904,0.47921824488,3.72054905899,1.92786493581,0.923868050904,3.72054905899,0.217677680681,0.200878844947,320,0.041184041184,0.506378773162,37,37,37,1,0,0.378378378378,0.567567567568,0.0540540540541,-43,-0.0322822822823,0.202576117693,-2.32432432432,-2.54545454545,-1.22857142857,-0.911045274357,-0.0146117665341,-0.0192583888236,-1.71469636652,-0.064246883158,-0.036130656268,-0.0624213840589,0.1175745794,0.0443615592357,0.283268480578,0.107918342163,1.72054905899,0.202576117693,0.283268480578,1.72054905899,-0.126393713567,-0.17569019271,-490,-0.0630630630631,-0.0631980551883,-0.027027027027,0.027027027027,0,293,6,49,984,0.856725146199,0.993939393939,0.00606060606061,0.143274853801,0.979933110368,0.856725146199,0.914196567863,0.890642110263,0.850664540138,0.841954022989,128,171,0,0,0,0
2087,WLNM_dir_neg,0.96611777983,0.929189080474,00:00:05,10,50,32,1237612667,threshold_sweep,0.8,0.96,0.701754385965,0.810810810811,120,5,51,337,0.701754385965,0.985380116959,0.0146198830409,0.298245614035,0.96,0.701754385965,0.810810810811,0.890838206628,0.585445094217,0.736677115987,0.754539526405,0.687134502924,342,171,171,0,342,0,171,0,171,37,342,0.256756756757,1.72528881811,18.4864864865,15.5454545455,9.77142857143,5.36771015539,0.290358590277,0.142642642643,9.50849154237,1.02869645341,0.544491860281,8.05331334643,0.871264894205,0.461830251304,0.640599570326,0.371299902718,2,1.72528881811,0.640599570326,2,0.344071394247,0.376569037657,810,0.104247104247,0.56957682835,37,37,37,1,0,0.405405405405,0.540540540541,0.0540540540541,37,0.128378378378,1.97063966564,9.24324324324,7.77272727273,4.88571428571,4.73406922334,0.512165383812,0.285443338075,5.92242138615,1.28145959817,0.644223170539,4.1656755578,0.901345003735,0.468468468468,0.992958445406,0.5038762097,3.59066378066,1.97063966564,0.992958445406,3.59066378066,0.0693476325829,0.0266075388027,16,0.0020592020592,0.185933960844,37,37,37,1,0,0.405405405405,0.540540540541,0.0540540540541,37,296,0.222222222222,1.92406948002,16,12.8695652174,8.45714285714,4.39064662411,0.274415414007,0.121986851717,7.70281333886,0.962851667358,0.505295836377,7.95124029458,0.993905036823,0.509678597516,0.917226741998,0.476711860733,3.68375241779,1.92406948002,0.917226741998,3.68375241779,0.217244276842,0.200551782683,315,0.0405405405405,0.50183889281,37,37,37,1,0,0.378378378378,0.567567567568,0.0540540540541,-46,-0.0345345345345,0.198780661901,-2.48648648649,-2.67588932806,-1.31428571429,-0.977063531287,-0.0159431762705,-0.0206557909261,-1.80567820351,-0.0658447860572,-0.0391960239044,-0.10207305185,0.122640142618,0.0478483462125,0.276627171672,0.105411958015,1.68375241779,0.198780661901,0.276627171672,1.68375241779,-0.126827117406,-0.176017254974,-495,-0.0637065637066,-0.0677379355403,-0.027027027027,0.027027027027,0,291,5,51,985,0.850877192982,0.994949494949,0.00505050505051,0.149122807018,0.983108108108,0.850877192982,0.912225705329,0.888763685456,0.845826687932,0.838616714697,125,171,0,0,0,0
2088,WLNM_dir_neg,0.96611777983,0.929189080474,00:00:05,10,50,32,1237612667,threshold_sweep,0.9,0.954954954955,0.619883040936,0.751773049645,106,5,65,337,0.619883040936,0.985380116959,0.0146198830409,0.380116959064,0.954954954955,0.619883040936,0.751773049645,0.863547758285,0.594541910331,0.663461538462,0.692916386148,0.605263157895,342,171,171,0,342,0,171,0,171,37,342,0.256756756757,1.72528881811,18.4864864865,15.5454545455,9.77142857143,5.36771015539,0.290358590277,0.142642642643,9.50849154237,1.02869645341,0.544491860281,8.05331334643,0.871264894205,0.461830251304,0.640599570326,0.371299902718,2,1.72528881811,0.640599570326,2,0.344071394247,0.376569037657,810,0.104247104247,0.56957682835,37,37,37,1,0,0.405405405405,0.540540540541,0.0540540540541,37,0.128378378378,1.97063966564,9.24324324324,7.77272727273,4.88571428571,4.73406922334,0.512165383812,0.285443338075,5.92242138615,1.28145959817,0.644223170539,4.1656755578,0.901345003735,0.468468468468,0.992958445406,0.5038762097,3.59066378066,1.97063966564,0.992958445406,3.59066378066,0.0693476325829,0.0266075388027,16,0.0020592020592,0.185933960844,37,37,37,1,0,0.405405405405,0.540540540541,0.0540540540541,37,282,0.211711711712,1.95808448679,15.2432432432,12.2608695652,8.05714285714,4.41842987073,0.289861534072,0.134655932528,7.49574453848,0.983484212496,0.520414031052,7.52533259269,0.987366333084,0.508721487445,0.955140913228,0.487793514361,3.68375241779,1.95808448679,0.955140913228,3.68375241779,0.194612157151,0.174256505576,250,0.032175032175,0.460743959777,37,37,37,1,0,0.378378378378,0.567567567568,0.0540540540541,-60,-0.045045045045,0.232795668676,-3.24324324324,-3.28458498024,-1.71428571429,-0.949280284667,-0.000497056204682,-0.00798671011437,-2.01274700389,-0.0452122409189,-0.024077829229,-0.527980753742,0.116101438879,0.046891236141,0.314541342902,0.116493611644,1.68375241779,0.232795668676,0.314541342902,1.68375241779,-0.149459237097,-0.202312532081,-560,-0.0720720720721,-0.108832868573,-0.027027027027,0.027027027027,0,277,5,65,985,0.809941520468,0.994949494949,0.00505050505051,0.190058479532,0.982269503546,0.809941520468,0.887820512821,0.860693506107,0.804891015417,0.798270893372,111,171,0,0,0,0
2089,WLNM_dir_neg,0.876141376834,0.637558464689,00:00:05,10,50,33,1237612668,threshold_sweep,0.1,0.875,0.695906432749,0.775244299674,119,17,52,325,0.695906432749,0.950292397661,0.0497076023392,0.304093567251,0.875,0.695906432749,0.775244299674,0.865497076023,0.578297595841,0.681047765794,0.690139915849,0.646198830409,342,171,171,0,342,0,171,0,171,37,342,0.256756756757,1.72528881811,18.4864864865,15.5454545455,9.77142857143,5.36771015539,0.290358590277,0.142642642643,9.50849154237,1.02869645341,0.544491860281,8.05331334643,0.871264894205,0.461830251304,0.640599570326,0.371299902718,2,1.72528881811,0.640599570326,2,0.344071394247,0.376569037657,810,0.104247104247,0.56957682835,37,37,37,1,0,0.405405405405,0.540540540541,0.0540540540541,37,0.128378378378,1.94177887709,9.24324324324,7.77272727273,4.88571428571,4.71643347719,0.510257422971,0.285917496444,5.94115285928,1.28551260698,0.645487592856,4.26452649027,0.922733801988,0.484273747432,0.931290494195,0.479606872431,3.27380952381,1.94177887709,0.931290494195,3.27380952381,0.0903231153231,0.0332778702163,20,0.002574002574,0.190306479994,37,37,37,1,0,0.405405405405,0.540540540541,0.0540540540541,37,307,0.23048048048,2.21096921187,16.5945945946,13.347826087,8.2972972973,6.06199206101,0.365299195859,0.184611321419,9.09476303785,1.09611150619,0.578043841887,6.64105440451,0.800387664387,0.426445989964,1.27544693681,0.576872319146,4.76154694407,2.21096921187,1.27544693681,4.76154694407,0.340255608267,0.327818391689,568,0.0731016731017,0.391261904657,37,37,37,1,0,0.378378378378,0.621621621622,0,-35,-0.0262762762763,0.485680393753,-1.89189189189,-2.1976284585,-1.47413127413,0.694281905617,0.0749406055818,0.0419686787765,-0.413728504521,0.0674150527761,0.0335519816062,-1.41225894193,-0.0708772298182,-0.03538426134,0.634847366484,0.205572416428,2.76154694407,0.485680393753,0.634847366484,2.76154694407,-0.00381578598063,-0.0487506459678,-242,-0.0311454311454,-0.178314923693,-0.027027027027,0.0810810810811,-0.0540540540541,290,17,52,973,0.847953216374,0.982828282828,0.0171717171717,0.152046783626,0.944625407166,0.847953216374,0.893682588598,0.861760029294,0.830781499203,0.807799442897,136,171,0,0,0,0
2090,WLNM_dir_neg,0.876141376834,0.637558464689,00:00:05,10,50,33,1237612668,threshold_sweep,0.2,0.87786259542,0.672514619883,0.761589403974,115,16,56,326,0.672514619883,0.953216374269,0.046783625731,0.327485380117,0.87786259542,0.672514619883,0.761589403974,0.859649122807,0.581546458739,0.664596273292,0.676443372697,0.625730994152,342,171,171,0,342,0,171,0,171,37,342,0.256756756757,1.72528881811,18.4864864865,15.5454545455,9.77142857143,5.36771015539,0.290358590277,0.142642642643,9.50849154237,1.02869645341,0.544491860281,8.05331334643,0.871264894205,0.461830251304,0.640599570326,0.371299902718,2,1.72528881811,0.640599570326,2,0.344071394247,0.376569037657,810,0.104247104247,0.56957682835,37,37,37,1,0,0.405405405405,0.540540540541,0.0540540540541,37,0.128378378378,1.94177887709,9.24324324324,7.77272727273,4.88571428571,4.71643347719,0.510257422971,0.285917496444,5.94115285928,1.28551260698,0.645487592856,4.26452649027,0.922733801988,0.484273747432,0.931290494195,0.479606872431,3.27380952381,1.94177887709,0.931290494195,3.27380952381,0.0903231153231,0.0332778702163,20,0.002574002574,0.190306479994,37,37,37,1,0,0.405405405405,0.540540540541,0.0540540540541,37,302,0.226726726727,2.23077305107,16.3243243243,13.1304347826,8.16216216216,6.11489099591,0.374587693458,0.188115267585,9.09979704753,1.11487579721,0.584213352425,6.56384674441,0.804179899149,0.424914981206,1.2970018111,0.581413609279,4.76593520495,2.23077305107,1.2970018111,4.76593520495,0.32621295168,0.312759643917,527,0.067824967825,0.383366279479,37,37,37,1,0,0.378378378378,0.621621621622,0,-40,-0.03003003003,0.505484232954,-2.16216216216,-2.41501976285,-1.60926640927,0.747180840519,0.0842291031811,0.0454726249428,-0.408694494841,0.0861793437996,0.0397214921439,-1.48946660203,-0.0670849950555,-0.0369152700976,0.656402240779,0.210113706561,2.76593520495,0.505484232954,0.656402240779,2.76593520495,-0.0178584425677,-0.06380939374,-283,-0.0364221364221,-0.186210548871,-0.027027027027,0.0810810810811,-0.0540540540541,286,16,56,974,0.836257309942,0.983838383838,0.0161616161616,0.163742690058,0.94701986755,0.836257309942,0.888198757764,0.855604574708,0.82009569378,0.798882681564,131,171,0,0,0,0
2091,WLNM_dir_neg,0.876141376834,0.637558464689,00:00:05,10,50,33,1237612668,threshold_sweep,0.3,0.888888888889,0.654970760234,0.754208754209,112,14,59,328,0.654970760234,0.959064327485,0.0409356725146,0.345029239766,0.888888888889,0.654970760234,0.754208754209,0.857699805068,0.584795321637,0.657276995305,0.672455487322,0.614035087719,342,171,171,0,342,0,171,0,171,37,342,0.256756756757,1.72528881811,18.4864864865,15.5454545455,9.77142857143,5.36771015539,0.290358590277,0.142642642643,9.50849154237,1.02869645341,0.544491860281,8.05331334643,0.871264894205,0.461830251304,0.640599570326,0.371299902718,2,1.72528881811,0.640599570326,2,0.344071394247,0.376569037657,810,0.104247104247,0.56957682835,37,37,37,1,0,0.405405405405,0.540540540541,0.0540540540541,37,0.128378378378,1.94177887709,9.24324324324,7.77272727273,4.88571428571,4.71643347719,0.510257422971,0.285917496444,5.94115285928,1.28551260698,0.645487592856,4.26452649027,0.922733801988,0.484273747432,0.931290494195,0.479606872431,3.27380952381,1.94177887709,0.931290494195,3.27380952381,0.0903231153231,0.0332778702163,20,0.002574002574,0.190306479994,37,37,37,1,0,0.405405405405,0.540540540541,0.0540540540541,37,297,0.222972972973,2.22342956857,16.0540540541,12.9130434783,8.02702702703,5.94393222794,0.370244936757,0.185822185822,8.84900021499,1.10240070018,0.579488579489,6.61851983489,0.82452940704,0.435708435708,1.29185314126,0.581018242952,4.76179189942,2.22342956857,1.29185314126,4.76179189942,0.314332982417,0.295809367297,480,0.0617760617761,0.384155645854,37,37,37,1,0,0.378378378378,0.621621621622,0,-45,-0.0337837837838,0.498140750455,-2.43243243243,-2.63241106719,-1.7444015444,0.576222072546,0.07988634648,0.0431795431795,-0.65949132739,0.0737042467685,0.0349967192072,-1.43479351155,-0.046735487165,-0.0261218155955,0.651253570932,0.209718340234,2.76179189942,0.498140750455,0.651253570932,2.76179189942,-0.0297384118299,-0.0807596703603,-330,-0.042471042471,-0.185421182496,-0.027027027027,0.0810810810811,-0.0540540540541,283,14,59,976,0.827485380117,0.985858585859,0.0141414141414,0.172514619883,0.952861952862,0.827485380117,0.885758998435,0.853604114628,0.813343965976,0.794943820225,126,171,0,0,0,0
2092,WLNM_dir_neg,0.876141376834,0.637558464689,00:00:05,10,50,33,1237612668,threshold_sweep,0.4,0.888888888889,0.654970760234,0.754208754209,112,14,59,328,0.654970760234,0.959064327485,0.0409356725146,0.345029239766,0.888888888889,0.654970760234,0.754208754209,0.857699805068,0.584795321637,0.657276995305,0.672455487322,0.614035087719,342,171,171,0,342,0,171,0,171,37,342,0.256756756757,1.72528881811,18.4864864865,15.5454545455,9.77142857143,5.36771015539,0.290358590277,0.142642642643,9.50849154237,1.02869645341,0.544491860281,8.05331334643,0.871264894205,0.461830251304,0.640599570326,0.371299902718,2,1.72528881811,0.640599570326,2,0.344071394247,0.376569037657,810,0.104247104247,0.56957682835,37,37,37,1,0,0.405405405405,0.540540540541,0.0540540540541,37,0.128378378378,1.94177887709,9.24324324324,7.77272727273,4.88571428571,4.71643347719,0.510257422971,0.285917496444,5.94115285928,1.28551260698,0.645487592856,4.26452649027,0.922733801988,0.484273747432,0.931290494195,0.479606872431,3.27380952381,1.94177887709,0.931290494195,3.27380952381,0.0903231153231,0.0332778702163,20,0.002574002574,0.190306479994,37,37,37,1,0,0.405405405405,0.540540540541,0.0540540540541,37,297,0.222972972973,2.22342956857,16.0540540541,12.9130434783,8.02702702703,5.94393222794,0.370244936757,0.185822185822,8.84900021499,1.10240070018,0.579488579489,6.61851983489,0.82452940704,0.435708435708,1.29185314126,0.581018242952,4.76179189942,2.22342956857,1.29185314126,4.76179189942,0.314332982417,0.295809367297,480,0.0617760617761,0.384155645854,37,37,37,1,0,0.378378378378,0.621621621622,0,-45,-0.0337837837838,0.498140750455,-2.43243243243,-2.63241106719,-1.7444015444,0.576222072546,0.07988634648,0.0431795431795,-0.65949132739,0.0737042467685,0.0349967192072,-1.43479351155,-0.046735487165,-0.0261218155955,0.651253570932,0.209718340234,2.76179189942,0.498140750455,0.651253570932,2.76179189942,-0.0297384118299,-0.0807596703603,-330,-0.042471042471,-0.185421182496,-0.027027027027,0.0810810810811,-0.0540540540541,283,14,59,976,0.827485380117,0.985858585859,0.0141414141414,0.172514619883,0.952861952862,0.827485380117,0.885758998435,0.853604114628,0.813343965976,0.794943820225,126,171,0,0,0,0
2093,WLNM_dir_neg,0.876141376834,0.637558464689,00:00:05,10,50,33,1237612668,threshold_sweep,0.5,0.896,0.654970760234,0.756756756757,112,13,59,329,0.654970760234,0.961988304094,0.0380116959064,0.345029239766,0.896,0.654970760234,0.756756756757,0.859649122807,0.585445094217,0.66144200627,0.677480170517,0.616959064327,342,171,171,0,342,0,171,0,171,37,342,0.256756756757,1.72528881811,18.4864864865,15.5454545455,9.77142857143,5.36771015539,0.290358590277,0.142642642643,9.50849154237,1.02869645341,0.544491860281,8.05331334643,0.871264894205,0.461830251304,0.640599570326,0.371299902718,2,1.72528881811,0.640599570326,2,0.344071394247,0.376569037657,810,0.104247104247,0.56957682835,37,37,37,1,0,0.405405405405,0.540540540541,0.0540540540541,37,0.128378378378,1.94177887709,9.24324324324,7.77272727273,4.88571428571,4.71643347719,0.510257422971,0.285917496444,5.94115285928,1.28551260698,0.645487592856,4.26452649027,0.922733801988,0.484273747432,0.931290494195,0.479606872431,3.27380952381,1.94177887709,0.931290494195,3.27380952381,0.0903231153231,0.0332778702163,20,0.002574002574,0.190306479994,37,37,37,1,0,0.405405405405,0.540540540541,0.0540540540541,37,296,0.222222222222,2.22252394938,16,12.8695652174,8,5.87367006224,0.36710437889,0.183984660336,8.79709548026,1.09963693503,0.578341855369,6.64580067913,0.830725084891,0.439371804237,1.29136348813,0.581034678385,4.76157898556,2.22252394938,1.29136348813,4.76157898556,0.314332982417,0.295809367297,480,0.0617760617761,0.38536897026,37,37,37,1,0,0.378378378378,0.621621621622,0,-46,-0.0345345345345,0.49723513126,-2.48648648649,-2.67588932806,-1.77142857143,0.505959906842,0.0767457886126,0.0413420176934,-0.71139606211,0.0709404816182,0.0338499950875,-1.40751266731,-0.0405398093142,-0.0224584470673,0.650763917802,0.209734775667,2.76157898556,0.49723513126,0.650763917802,2.76157898556,-0.0297384118299,-0.0807596703603,-330,-0.042471042471,-0.18420785809,-0.027027027027,0.0810810810811,-0.0540540540541,283,13,59,977,0.827485380117,0.986868686869,0.0131313131313,0.172514619883,0.956081081081,0.827485380117,0.887147335423,0.855693408788,0.814354066986,0.797183098592,125,171,0,0,0,0
2094,WLNM_dir_neg,0.876141376834,0.637558464689,00:00:05,10,50,33,1237612668,threshold_sweep,0.6,0.896,0.654970760234,0.756756756757,112,13,59,329,0.654970760234,0.961988304094,0.0380116959064,0.345029239766,0.896,0.654970760234,0.756756756757,0.859649122807,0.585445094217,0.66144200627,0.677480170517,0.616959064327,342,171,171,0,342,0,171,0,171,37,342,0.256756756757,1.72528881811,18.4864864865,15.5454545455,9.77142857143,5.36771015539,0.290358590277,0.142642642643,9.50849154237,1.02869645341,0.544491860281,8.05331334643,0.871264894205,0.461830251304,0.640599570326,0.371299902718,2,1.72528881811,0.640599570326,2,0.344071394247,0.376569037657,810,0.104247104247,0.56957682835,37,37,37,1,0,0.405405405405,0.540540540541,0.0540540540541,37,0.128378378378,1.94177887709,9.24324324324,7.77272727273,4.88571428571,4.71643347719,0.510257422971,0.285917496444,5.94115285928,1.28551260698,0.645487592856,4.26452649027,0.922733801988,0.484273747432,0.931290494195,0.479606872431,3.27380952381,1.94177887709,0.931290494195,3.27380952381,0.0903231153231,0.0332778702163,20,0.002574002574,0.190306479994,37,37,37,1,0,0.405405405405,0.540540540541,0.0540540540541,37,296,0.222222222222,2.22252394938,16,12.8695652174,8,5.87367006224,0.36710437889,0.183984660336,8.79709548026,1.09963693503,0.578341855369,6.64580067913,0.830725084891,0.439371804237,1.29136348813,0.581034678385,4.76157898556,2.22252394938,1.29136348813,4.76157898556,0.314332982417,0.295809367297,480,0.0617760617761,0.38536897026,37,37,37,1,0,0.378378378378,0.621621621622,0,-46,-0.0345345345345,0.49723513126,-2.48648648649,-2.67588932806,-1.77142857143,0.505959906842,0.0767457886126,0.0413420176934,-0.71139606211,0.0709404816182,0.0338499950875,-1.40751266731,-0.0405398093142,-0.0224584470673,0.650763917802,0.209734775667,2.76157898556,0.49723513126,0.650763917802,2.76157898556,-0.0297384118299,-0.0807596703603,-330,-0.042471042471,-0.18420785809,-0.027027027027,0.0810810810811,-0.0540540540541,283,13,59,977,0.827485380117,0.986868686869,0.0131313131313,0.172514619883,0.956081081081,0.827485380117,0.887147335423,0.855693408788,0.814354066986,0.797183098592,125,171,0,0,0,0
2095,WLNM_dir_neg,0.876141376834,0.637558464689,00:00:05,10,50,33,1237612668,threshold_sweep,0.7,0.90243902439,0.649122807018,0.755102040816,111,12,60,330,0.649122807018,0.964912280702,0.0350877192982,0.350877192982,0.90243902439,0.649122807018,0.755102040816,0.859649122807,0.586744639376,0.660377358491,0.677983988698,0.614035087719,342,171,171,0,342,0,171,0,171,37,342,0.256756756757,1.72528881811,18.4864864865,15.5454545455,9.77142857143,5.36771015539,0.290358590277,0.142642642643,9.50849154237,1.02869645341,0.544491860281,8.05331334643,0.871264894205,0.461830251304,0.640599570326,0.371299902718,2,1.72528881811,0.640599570326,2,0.344071394247,0.376569037657,810,0.104247104247,0.56957682835,37,37,37,1,0,0.405405405405,0.540540540541,0.0540540540541,37,0.128378378378,1.94177887709,9.24324324324,7.77272727273,4.88571428571,4.71643347719,0.510257422971,0.285917496444,5.94115285928,1.28551260698,0.645487592856,4.26452649027,0.922733801988,0.484273747432,0.931290494195,0.479606872431,3.27380952381,1.94177887709,0.931290494195,3.27380952381,0.0903231153231,0.0332778702163,20,0.002574002574,0.190306479994,37,37,37,1,0,0.405405405405,0.540540540541,0.0540540540541,37,294,0.220720720721,2.21474433086,15.8918918919,12.7826086957,7.94594594595,5.7338361397,0.360802614233,0.181742967457,8.70806122684,1.09591246732,0.576208861923,6.67893016194,0.840545632625,0.443831586689,1.2870807044,0.581141889144,4.75974997329,2.21474433086,1.2870807044,4.75974997329,0.311867009059,0.295905707196,477,0.06138996139,0.387122592048,37,37,37,1,0,0.378378378378,0.621621621622,0,-48,-0.036036036036,0.489455512741,-2.59459459459,-2.7628458498,-1.82548262548,0.366125984302,0.0704440239554,0.0391003248146,-0.800430315538,0.0672160139081,0.0317170016418,-1.37438318449,-0.0307192615794,-0.0179986646152,0.646481134079,0.209841986426,2.75974997329,0.489455512741,0.646481134079,2.75974997329,-0.0322043851884,-0.0806633304609,-333,-0.0428571428571,-0.182454236302,-0.027027027027,0.0810810810811,-0.0540540540541,282,12,60,978,0.824561403509,0.987878787879,0.0121212121212,0.175438596491,0.959183673469,0.824561403509,0.88679245283,0.855755517935,0.812440191388,0.796610169492,123,171,0,0,0,0
2096,WLNM_dir_neg,0.876141376834,0.637558464689,00:00:05,10,50,33,1237612668,threshold_sweep,0.8,0.908333333333,0.637426900585,0.749140893471,109,11,62,331,0.637426900585,0.96783625731,0.0321637426901,0.362573099415,0.908333333333,0.637426900585,0.749140893471,0.857699805068,0.588693957115,0.654028436019,0.674013273704,0.605263157895,342,171,171,0,342,0,171,0,171,37,342,0.256756756757,1.72528881811,18.4864864865,15.5454545455,9.77142857143,5.36771015539,0.290358590277,0.142642642643,9.50849154237,1.02869645341,0.544491860281,8.05331334643,0.871264894205,0.461830251304,0.640599570326,0.371299902718,2,1.72528881811,0.640599570326,2,0.344071394247,0.376569037657,810,0.104247104247,0.56957682835,37,37,37,1,0,0.405405405405,0.540540540541,0.0540540540541,37,0.128378378378,1.94177887709,9.24324324324,7.77272727273,4.88571428571,4.71643347719,0.510257422971,0.285917496444,5.94115285928,1.28551260698,0.645487592856,4.26452649027,0.922733801988,0.484273747432,0.931290494195,0.479606872431,3.27380952381,1.94177887709,0.931290494195,3.27380952381,0.0903231153231,0.0332778702163,20,0.002574002574,0.190306479994,37,37,37,1,0,0.405405405405,0.540540540541,0.0540540540541,37,291,0.218468468468,2.20988231257,15.7297297297,12.652173913,7.86486486486,5.56601118221,0.353852944573,0.176093619393,8.59961937841,1.09342239519,0.573976037894,6.73779621968,0.856695739272,0.450821955977,1.28512399246,0.581535037023,4.75860689783,2.20988231257,1.28512399246,4.75860689783,0.298001028471,0.281210592686,446,0.0574002574003,0.391003177549,37,37,37,1,0,0.378378378378,0.621621621622,0,-51,-0.0382882882883,0.484593494451,-2.75675675676,-2.89328063241,-1.90656370656,0.198301026816,0.0634943542963,0.0334509767499,-0.908872163969,0.0647259417777,0.0294841776122,-1.31551712676,-0.0145691549332,-0.0110082953273,0.644524422129,0.210235134306,2.75860689783,0.484593494451,0.644524422129,2.75860689783,-0.0460703657769,-0.0953584449709,-364,-0.0468468468468,-0.178573650801,-0.027027027027,0.0810810810811,-0.0540540540541,280,11,62,979,0.818713450292,0.988888888889,0.0111111111111,0.181286549708,0.962199312715,0.818713450292,0.88467614534,0.853800410484,0.807602339181,0.793201133144,120,171,0,0,0,0
2097,WLNM_dir_neg,0.876141376834,0.637558464689,00:00:05,10,50,33,1237612668,threshold_sweep,0.9,0.910714285714,0.59649122807,0.720848056537,102,10,69,332,0.59649122807,0.970760233918,0.0292397660819,0.40350877193,0.910714285714,0.59649122807,0.720848056537,0.846003898635,0.593892137752,0.6208,0.647299891845,0.567251461988,342,171,171,0,342,0,171,0,171,37,342,0.256756756757,1.72528881811,18.4864864865,15.5454545455,9.77142857143,5.36771015539,0.290358590277,0.142642642643,9.50849154237,1.02869645341,0.544491860281,8.05331334643,0.871264894205,0.461830251304,0.640599570326,0.371299902718,2,1.72528881811,0.640599570326,2,0.344071394247,0.376569037657,810,0.104247104247,0.56957682835,37,37,37,1,0,0.405405405405,0.540540540541,0.0540540540541,37,0.128378378378,1.94177887709,9.24324324324,7.77272727273,4.88571428571,4.71643347719,0.510257422971,0.285917496444,5.94115285928,1.28551260698,0.645487592856,4.26452649027,0.922733801988,0.484273747432,0.931290494195,0.479606872431,3.27380952381,1.94177887709,0.931290494195,3.27380952381,0.0903231153231,0.0332778702163,20,0.002574002574,0.190306479994,37,37,37,1,0,0.405405405405,0.540540540541,0.0540540540541,37,283,0.212462462462,2.17837488209,15.2972972973,12.3043478261,7.64864864865,5.50184244324,0.359661078445,0.179161493649,8.41366684566,1.10002004696,0.576640244485,6.81997155507,0.891657058437,0.465858084233,1.26182200438,0.579249244358,4.75865203908,2.17837488209,1.26182200438,4.75865203908,0.285046368994,0.256040789182,385,0.0495495495495,0.388054066769,37,37,37,1,0,0.378378378378,0.621621621622,0,-59,-0.0442942942943,0.45308606398,-3.18918918919,-3.24110671937,-2.12277992278,0.13413228785,0.0693024881681,0.0365188510065,-1.09482469671,0.0713235935445,0.0321483842034,-1.23334179136,0.0203921642323,0.00402783292871,0.621222434057,0.207949341641,2.75865203908,0.45308606398,0.621222434057,2.75865203908,-0.0590250252537,-0.120528248475,-425,-0.0546975546976,-0.181522761581,-0.027027027027,0.0810810810811,-0.0540540540541,273,10,69,980,0.798245614035,0.989898989899,0.010101010101,0.201754385965,0.964664310954,0.798245614035,0.8736,0.841696642812,0.788144603934,0.775568181818,112,171,0,0,0,0
2098,WLNM_dir_neg,0.975359939811,0.65570513416,00:00:06,10,50,34,1237612669,threshold_sweep,0.1,0.942857142857,0.771929824561,0.848874598071,132,8,39,334,0.771929824561,0.976608187135,0.0233918128655,0.228070175439,0.942857142857,0.771929824561,0.848874598071,0.908382066277,0.575698505523,0.784073506891,0.792148371527,0.748538011696,342,171,171,0,342,0,171,0,171,37,342,0.256756756757,1.72528881811,18.4864864865,15.5454545455,9.77142857143,5.36771015539,0.290358590277,0.142642642643,9.50849154237,1.02869645341,0.544491860281,8.05331334643,0.871264894205,0.461830251304,0.640599570326,0.371299902718,2,1.72528881811,0.640599570326,2,0.344071394247,0.376569037657,810,0.104247104247,0.56957682835,37,37,37,1,0,0.405405405405,0.540540540541,0.0540540540541,37,0.128378378378,1.90697083447,9.24324324324,7.77272727273,4.88571428571,4.60920218094,0.4986563763,0.277540698593,5.91303339784,1.27942827906,0.64359095938,4.14562253301,0.897006045154,0.471629524261,0.855138425803,0.448427637353,2.34948653199,1.90697083447,0.855138425803,2.34948653199,0.0414459723283,0.0185081323612,11,0.0014157014157,0.189746193533,37,37,37,1,0,0.405405405405,0.540540540541,0.0540540540541,37,311,0.233483483483,1.75049758845,16.8108108108,14.1363636364,8.40540540541,5.30637895911,0.315652767664,0.150777787434,8.7605791902,1.04225540205,0.550968975406,7.65019774421,0.910152143202,0.466324845746,0.673786159661,0.384911218449,2.13333333333,1.75049758845,0.673786159661,2.13333333333,0.263202478753,0.277555682467,486,0.0625482625483,0.506651700271,37,37,37,1,0,0.405405405405,0.594594594595,0,-31,-0.0232732732733,0.0252087703331,-1.67567567568,-1.40909090909,-1.36602316602,-0.0613311962859,0.0252941773868,0.00813514479109,-0.747912352176,0.0135589486346,0.00647711512494,-0.403115602224,0.038887248997,0.00449459444213,0.0331865893348,0.0136113157309,0.133333333333,0.0252087703331,0.0331865893348,0.133333333333,-0.0808689154944,-0.0990133551897,-324,-0.0416988416988,-0.0629251280786,0,0.0540540540541,-0.0540540540541,303,8,39,982,0.885964912281,0.991919191919,0.00808080808081,0.114035087719,0.974276527331,0.885964912281,0.928024502297,0.906514531202,0.8778841042,0.865714285714,140,171,0,0,0,0
2099,WLNM_dir_neg,0.975359939811,0.65570513416,00:00:06,10,50,34,1237612669,threshold_sweep,0.2,0.955882352941,0.760233918129,0.846905537459,130,6,41,336,0.760233918129,0.982456140351,0.0175438596491,0.239766081871,0.955882352941,0.760233918129,0.846905537459,0.908382066277,0.578297595841,0.782742681048,0.793192482469,0.74269005848,342,171,171,0,342,0,171,0,171,37,342,0.256756756757,1.72528881811,18.4864864865,15.5454545455,9.77142857143,5.36771015539,0.290358590277,0.142642642643,9.50849154237,1.02869645341,0.544491860281,8.05331334643,0.871264894205,0.461830251304,0.640599570326,0.371299902718,2,1.72528881811,0.640599570326,2,0.344071394247,0.376569037657,810,0.104247104247,0.56957682835,37,37,37,1,0,0.405405405405,0.540540540541,0.0540540540541,37,0.128378378378,1.90697083447,9.24324324324,7.77272727273,4.88571428571,4.60920218094,0.4986563763,0.277540698593,5.91303339784,1.27942827906,0.64359095938,4.14562253301,0.897006045154,0.471629524261,0.855138425803,0.448427637353,2.34948653199,1.90697083447,0.855138425803,2.34948653199,0.0414459723283,0.0185081323612,11,0.0014157014157,0.189746193533,37,37,37,1,0,0.405405405405,0.540540540541,0.0540540540541,37,307,0.23048048048,1.76067727235,16.5945945946,13.9545454545,8.2972972973,5.32530364006,0.320905919678,0.151685887842,8.66623353041,1.04446462744,0.549696276081,7.69871874212,0.927858610614,0.4738093142,0.691265804594,0.392613578563,2.13333333333,1.76067727235,0.691265804594,2.13333333333,0.25513575817,0.270144927536,466,0.0599742599743,0.508946025565,37,37,37,1,0,0.405405405405,0.594594594595,0,-35,-0.0262762762763,0.0353884542395,-1.89189189189,-1.59090909091,-1.47413127413,-0.0424065153312,0.0305473294009,0.0090432451996,-0.842258011965,0.0157681740288,0.00520441579931,-0.354594604314,0.0565937164089,0.0119790628963,0.0506662342678,0.0213136758454,0.133333333333,0.0353884542395,0.0506662342678,0.133333333333,-0.0889356360776,-0.106424110121,-344,-0.0442728442728,-0.0606308027852,0,0.0540540540541,-0.0540540540541,301,6,41,984,0.880116959064,0.993939393939,0.00606060606061,0.119883040936,0.980456026059,0.880116959064,0.927580893683,0.906648534051,0.874056353004,0.864942528736,136,171,0,0,0,0
2100,WLNM_dir_neg,0.975359939811,0.65570513416,00:00:06,10,50,34,1237612669,threshold_sweep,0.3,0.970149253731,0.760233918129,0.852459016393,130,4,41,338,0.760233918129,0.988304093567,0.0116959064327,0.239766081871,0.970149253731,0.760233918129,0.852459016393,0.912280701754,0.579597141001,0.791344667697,0.803254122827,0.748538011696,342,171,171,0,342,0,171,0,171,37,342,0.256756756757,1.72528881811,18.4864864865,15.5454545455,9.77142857143,5.36771015539,0.290358590277,0.142642642643,9.50849154237,1.02869645341,0.544491860281,8.05331334643,0.871264894205,0.461830251304,0.640599570326,0.371299902718,2,1.72528881811,0.640599570326,2,0.344071394247,0.376569037657,810,0.104247104247,0.56957682835,37,37,37,1,0,0.405405405405,0.540540540541,0.0540540540541,37,0.128378378378,1.90697083447,9.24324324324,7.77272727273,4.88571428571,4.60920218094,0.4986563763,0.277540698593,5.91303339784,1.27942827906,0.64359095938,4.14562253301,0.897006045154,0.471629524261,0.855138425803,0.448427637353,2.34948653199,1.90697083447,0.855138425803,2.34948653199,0.0414459723283,0.0185081323612,11,0.0014157014157,0.189746193533,37,37,37,1,0,0.405405405405,0.540540540541,0.0540540540541,37,305,0.228978978979,1.75725822925,16.4864864865,13.8636363636,8.47222222222,5.19412928016,0.315053743223,0.147009304386,8.59071011618,1.04215171901,0.547452370403,7.75100497214,0.940285849079,0.482410279132,0.688195027641,0.391629992783,2.13333333333,1.75725822925,0.688195027641,2.13333333333,0.250951414062,0.263742690058,451,0.0580437580438,0.513360658702,37,37,37,1,0,0.405405405405,0.567567567568,0.027027027027,-37,-0.0277777777778,0.0319694111387,-2,-1.68181818182,-1.29920634921,-0.173580875237,0.0246951529455,0.00436666174371,-0.917781426191,0.0134552655976,0.00296051012186,-0.302308374298,0.0690209548739,0.0205800278277,0.0475954573148,0.0203300900655,0.133333333333,0.0319694111387,0.0475954573148,0.133333333333,-0.0931199801852,-0.112826347598,-359,-0.0462033462033,-0.0562161696477,0,0.027027027027,-0.027027027027,301,4,41,986,0.880116959064,0.99595959596,0.0040404040404,0.119883040936,0.986885245902,0.880116959064,0.930448222566,0.910830504419,0.876076555024,0.869942196532,134,171,0,0,0,0
2101,WLNM_dir_neg,0.975359939811,0.65570513416,00:00:06,10,50,34,1237612669,threshold_sweep,0.4,0.969696969697,0.748538011696,0.844884488449,128,4,43,338,0.748538011696,0.988304093567,0.0116959064327,0.251461988304,0.969696969697,0.748538011696,0.844884488449,0.908382066277,0.58089668616,0.781395348837,0.794577182575,0.736842105263,342,171,171,0,342,0,171,0,171,37,342,0.256756756757,1.72528881811,18.4864864865,15.5454545455,9.77142857143,5.36771015539,0.290358590277,0.142642642643,9.50849154237,1.02869645341,0.544491860281,8.05331334643,0.871264894205,0.461830251304,0.640599570326,0.371299902718,2,1.72528881811,0.640599570326,2,0.344071394247,0.376569037657,810,0.104247104247,0.56957682835,37,37,37,1,0,0.405405405405,0.540540540541,0.0540540540541,37,0.128378378378,1.90697083447,9.24324324324,7.77272727273,4.88571428571,4.60920218094,0.4986563763,0.277540698593,5.91303339784,1.27942827906,0.64359095938,4.14562253301,0.897006045154,0.471629524261,0.855138425803,0.448427637353,2.34948653199,1.90697083447,0.855138425803,2.34948653199,0.0414459723283,0.0185081323612,11,0.0014157014157,0.189746193533,37,37,37,1,0,0.405405405405,0.540540540541,0.0540540540541,37,303,0.227477477477,1.75557040997,16.3783783784,13.7727272727,8.41666666667,5.07910398567,0.310110309356,0.142270983855,8.49456636078,1.03729028168,0.544643653555,7.79899508426,0.952352535042,0.48969761841,0.686162474481,0.390848735307,2.13333333333,1.75557040997,0.686162474481,2.13333333333,0.243569334281,0.252130822597,424,0.0545688545689,0.515636660718,37,37,37,1,0,0.405405405405,0.567567567568,0.027027027027,-39,-0.0292792792793,0.0302815918588,-2.10810810811,-1.77272727273,-1.35476190476,-0.288606169719,0.0197517190793,-0.0003716587875,-1.0139251816,0.00859382826433,0.000151793273211,-0.254318262173,0.0810876408369,0.0278673671066,0.0455629041551,0.0195488325896,0.133333333333,0.0302815918588,0.0455629041551,0.133333333333,-0.100502059966,-0.12443821506,-386,-0.0496782496782,-0.0539401676314,0,0.027027027027,-0.027027027027,299,4,43,986,0.874269005848,0.99595959596,0.0040404040404,0.125730994152,0.986798679868,0.874269005848,0.927131782946,0.906849048889,0.870228601808,0.864161849711,132,171,0,0,0,0
2102,WLNM_dir_neg,0.975359939811,0.65570513416,00:00:06,10,50,34,1237612669,threshold_sweep,0.5,0.969465648855,0.74269005848,0.841059602649,127,4,44,338,0.74269005848,0.988304093567,0.0116959064327,0.25730994152,0.969465648855,0.74269005848,0.841059602649,0.906432748538,0.581546458739,0.776397515528,0.790237584926,0.730994152047,342,171,171,0,342,0,171,0,171,37,342,0.256756756757,1.72528881811,18.4864864865,15.5454545455,9.77142857143,5.36771015539,0.290358590277,0.142642642643,9.50849154237,1.02869645341,0.544491860281,8.05331334643,0.871264894205,0.461830251304,0.640599570326,0.371299902718,2,1.72528881811,0.640599570326,2,0.344071394247,0.376569037657,810,0.104247104247,0.56957682835,37,37,37,1,0,0.405405405405,0.540540540541,0.0540540540541,37,0.128378378378,1.90697083447,9.24324324324,7.77272727273,4.88571428571,4.60920218094,0.4986563763,0.277540698593,5.91303339784,1.27942827906,0.64359095938,4.14562253301,0.897006045154,0.471629524261,0.855138425803,0.448427637353,2.34948653199,1.90697083447,0.855138425803,2.34948653199,0.0414459723283,0.0185081323612,11,0.0014157014157,0.189746193533,37,37,37,1,0,0.405405405405,0.540540540541,0.0540540540541,37,302,0.226726726727,1.7548801795,16.3243243243,13.7272727273,8.38888888889,5.05004980203,0.309357355422,0.142026132092,8.45088264132,1.03537303884,0.54322534455,7.82273578713,0.958414649416,0.493109003043,0.68537383618,0.390553066918,2.13333333333,1.7548801795,0.68537383618,2.13333333333,0.238156759751,0.246206070288,411,0.0528957528958,0.516923867425,37,37,37,1,0,0.405405405405,0.567567567568,0.027027027027,-40,-0.03003003003,0.0295913613894,-2.16216216216,-1.81818181818,-1.38253968254,-0.317660353361,0.0189987651454,-0.000616510550285,-1.05760890105,0.0066765854228,-0.00126651573149,-0.230577559307,0.0871497552113,0.0312787517388,0.0447742658537,0.0192531642007,0.133333333333,0.0295913613894,0.0447742658537,0.133333333333,-0.105914634496,-0.130362967369,-399,-0.0513513513514,-0.0526529609249,0,0.027027027027,-0.027027027027,298,4,44,986,0.87134502924,0.99595959596,0.0040404040404,0.12865497076,0.986754966887,0.87134502924,0.925465838509,0.904857580175,0.867304625199,0.861271676301,131,171,0,0,0,0
2103,WLNM_dir_neg,0.975359939811,0.65570513416,00:00:06,10,50,34,1237612669,threshold_sweep,0.6,0.969230769231,0.736842105263,0.837209302326,126,4,45,338,0.736842105263,0.988304093567,0.0116959064327,0.263157894737,0.969230769231,0.736842105263,0.837209302326,0.904483430799,0.582196231319,0.771384136858,0.785896979931,0.72514619883,342,171,171,0,342,0,171,0,171,37,342,0.256756756757,1.72528881811,18.4864864865,15.5454545455,9.77142857143,5.36771015539,0.290358590277,0.142642642643,9.50849154237,1.02869645341,0.544491860281,8.05331334643,0.871264894205,0.461830251304,0.640599570326,0.371299902718,2,1.72528881811,0.640599570326,2,0.344071394247,0.376569037657,810,0.104247104247,0.56957682835,37,37,37,1,0,0.405405405405,0.540540540541,0.0540540540541,37,0.128378378378,1.90697083447,9.24324324324,7.77272727273,4.88571428571,4.60920218094,0.4986563763,0.277540698593,5.91303339784,1.27942827906,0.64359095938,4.14562253301,0.897006045154,0.471629524261,0.855138425803,0.448427637353,2.34948653199,1.90697083447,0.855138425803,2.34948653199,0.0414459723283,0.0185081323612,11,0.0014157014157,0.189746193533,37,37,37,1,0,0.405405405405,0.540540540541,0.0540540540541,37,301,0.225975975976,1.75322633609,16.2702702703,13.6818181818,8.36111111111,5.07525942768,0.311934549542,0.142946933645,8.42338729096,1.03543298925,0.543234264164,7.82148807297,0.961445377741,0.494028912634,0.684465425262,0.390403344493,2.13333333333,1.75322633609,0.684465425262,2.13333333333,0.235520212223,0.245733788396,408,0.0525096525097,0.517364335575,37,37,37,1,0,0.405405405405,0.567567567568,0.027027027027,-41,-0.0307807807808,0.0279375179755,-2.21621621622,-1.86363636364,-1.41031746032,-0.292450727713,0.0215759592647,0.000304291001965,-1.08510425142,0.00673653583902,-0.00125759611684,-0.23182527346,0.0901804835361,0.0321986613296,0.0438658549364,0.019103441775,0.133333333333,0.0279375179755,0.0438658549364,0.133333333333,-0.108551182024,-0.130835249261,-402,-0.0517374517375,-0.0522124927749,0,0.027027027027,-0.027027027027,297,4,45,986,0.868421052632,0.99595959596,0.0040404040404,0.131578947368,0.986710963455,0.868421052632,0.923794712286,0.902865598072,0.864380648591,0.85838150289,130,171,0,0,0,0
2104,WLNM_dir_neg,0.975359939811,0.65570513416,00:00:06,10,50,34,1237612669,threshold_sweep,0.7,0.968253968254,0.713450292398,0.821548821549,122,4,49,338,0.713450292398,0.988304093567,0.0116959064327,0.286549707602,0.968253968254,0.713450292398,0.821548821549,0.896686159844,0.584795321637,0.75117370892,0.768520556939,0.701754385965,342,171,171,0,342,0,171,0,171,37,342,0.256756756757,1.72528881811,18.4864864865,15.5454545455,9.77142857143,5.36771015539,0.290358590277,0.142642642643,9.50849154237,1.02869645341,0.544491860281,8.05331334643,0.871264894205,0.461830251304,0.640599570326,0.371299902718,2,1.72528881811,0.640599570326,2,0.344071394247,0.376569037657,810,0.104247104247,0.56957682835,37,37,37,1,0,0.405405405405,0.540540540541,0.0540540540541,37,0.128378378378,1.90697083447,9.24324324324,7.77272727273,4.88571428571,4.60920218094,0.4986563763,0.277540698593,5.91303339784,1.27942827906,0.64359095938,4.14562253301,0.897006045154,0.471629524261,0.855138425803,0.448427637353,2.34948653199,1.90697083447,0.855138425803,2.34948653199,0.0414459723283,0.0185081323612,11,0.0014157014157,0.189746193533,37,37,37,1,0,0.405405405405,0.540540540541,0.0540540540541,37,297,0.222972972973,1.75244207084,16.0540540541,13.5,8.25,4.98300414713,0.310389147212,0.142779142779,8.29151670379,1.03294989239,0.540358540359,7.79774357137,0.971436067813,0.49959049959,0.683466902738,0.390008271377,2.13333333333,1.75244207084,0.683466902738,2.13333333333,0.224792345922,0.231722428748,374,0.0481338481338,0.512765395028,37,37,37,1,0,0.405405405405,0.567567567568,0.027027027027,-45,-0.0337837837838,0.0271532527297,-2.43243243243,-2.04545454545,-1.52142857143,-0.384706008262,0.0200305569348,0.0001365001365,-1.21697483858,0.00425343897669,-0.00413331992279,-0.255569775067,0.100171173609,0.0377602482866,0.0428673324118,0.0187083686589,0.133333333333,0.0271532527297,0.0428673324118,0.133333333333,-0.119279048325,-0.144846608908,-436,-0.0561132561133,-0.0568114333223,0,0.027027027027,-0.027027027027,293,4,49,986,0.856725146199,0.99595959596,0.0040404040404,0.143274853801,0.986531986532,0.856725146199,0.917057902973,0.894892240964,0.852684742158,0.846820809249,126,171,0,0,0,0
2105,WLNM_dir_neg,0.975359939811,0.65570513416,00:00:06,10,50,34,1237612669,threshold_sweep,0.8,0.976,0.713450292398,0.824324324324,122,3,49,339,0.713450292398,0.991228070175,0.00877192982456,0.286549707602,0.976,0.713450292398,0.824324324324,0.898635477583,0.585445094217,0.755485893417,0.773804365377,0.704678362573,342,171,171,0,342,0,171,0,171,37,342,0.256756756757,1.72528881811,18.4864864865,15.5454545455,9.77142857143,5.36771015539,0.290358590277,0.142642642643,9.50849154237,1.02869645341,0.544491860281,8.05331334643,0.871264894205,0.461830251304,0.640599570326,0.371299902718,2,1.72528881811,0.640599570326,2,0.344071394247,0.376569037657,810,0.104247104247,0.56957682835,37,37,37,1,0,0.405405405405,0.540540540541,0.0540540540541,37,0.128378378378,1.90697083447,9.24324324324,7.77272727273,4.88571428571,4.60920218094,0.4986563763,0.277540698593,5.91303339784,1.27942827906,0.64359095938,4.14562253301,0.897006045154,0.471629524261,0.855138425803,0.448427637353,2.34948653199,1.90697083447,0.855138425803,2.34948653199,0.0414459723283,0.0185081323612,11,0.0014157014157,0.189746193533,37,37,37,1,0,0.405405405405,0.540540540541,0.0540540540541,37,296,0.222222222222,1.74944786815,16,13.4545454545,8.22222222222,5.03873881928,0.314921176205,0.143626734843,8.25631071767,1.03203883971,0.539810080351,7.82091213777,0.977614017221,0.502739225712,0.681318026175,0.389447458583,2.13333333333,1.74944786815,0.681318026175,2.13333333333,0.225677441544,0.232731798382,374,0.0481338481338,0.515066329124,37,37,37,1,0,0.405405405405,0.567567567568,0.027027027027,-46,-0.0345345345345,0.0241590500373,-2.48648648649,-2.09090909091,-1.54920634921,-0.328971336116,0.0245625859277,0.000984092200309,-1.25218082471,0.0033423862936,-0.00468177993071,-0.232401208668,0.106349123016,0.0409089744083,0.0407184558493,0.0181475558653,0.133333333333,0.0241590500373,0.0407184558493,0.133333333333,-0.118393952703,-0.143837239275,-436,-0.0561132561133,-0.0545104992255,0,0.027027027027,-0.027027027027,293,3,49,987,0.856725146199,0.99696969697,0.0030303030303,0.143274853801,0.989864864865,0.856725146199,0.918495297806,0.897031254623,0.853694843169,0.849275362319,125,171,0,0,0,0
2106,WLNM_dir_neg,0.975359939811,0.65570513416,00:00:06,10,50,34,1237612669,threshold_sweep,0.9,0.991869918699,0.713450292398,0.829931972789,122,1,49,341,0.713450292398,0.997076023392,0.00292397660819,0.286549707602,0.991869918699,0.713450292398,0.829931972789,0.90253411306,0.586744639376,0.764150943396,0.784524329779,0.710526315789,342,171,171,0,342,0,171,0,171,37,342,0.256756756757,1.72528881811,18.4864864865,15.5454545455,9.77142857143,5.36771015539,0.290358590277,0.142642642643,9.50849154237,1.02869645341,0.544491860281,8.05331334643,0.871264894205,0.461830251304,0.640599570326,0.371299902718,2,1.72528881811,0.640599570326,2,0.344071394247,0.376569037657,810,0.104247104247,0.56957682835,37,37,37,1,0,0.405405405405,0.540540540541,0.0540540540541,37,0.128378378378,1.90697083447,9.24324324324,7.77272727273,4.88571428571,4.60920218094,0.4986563763,0.277540698593,5.91303339784,1.27942827906,0.64359095938,4.14562253301,0.897006045154,0.471629524261,0.855138425803,0.448427637353,2.34948653199,1.90697083447,0.855138425803,2.34948653199,0.0414459723283,0.0185081323612,11,0.0014157014157,0.189746193533,37,37,37,1,0,0.405405405405,0.540540540541,0.0540540540541,37,294,0.220720720721,1.74479886121,15.8918918919,13.3636363636,8.4,5.03754671213,0.316988483586,0.141753998897,8.18516933221,1.03010634453,0.538150395293,7.86322645803,0.98958972431,0.509100937672,0.677544527029,0.388322426208,2.13333333333,1.74479886121,0.677544527029,2.13333333333,0.227881693613,0.226212980466,359,0.0462033462033,0.519465999588,37,37,37,1,0,0.405405405405,0.540540540541,0.0540540540541,-48,-0.036036036036,0.0195100430913,-2.59459459459,-2.18181818182,-1.37142857143,-0.330163443265,0.0266298933092,-0.000888643745786,-1.32332221016,0.00140989111538,-0.00634146498808,-0.1900868884,0.118324830106,0.0472706863684,0.0369449567027,0.0170225234904,0.133333333333,0.0195100430913,0.0369449567027,0.133333333333,-0.116189700634,-0.150356057191,-451,-0.0580437580438,-0.0501108287623,0,0,0,293,1,49,989,0.856725146199,0.99898989899,0.0010101010101,0.143274853801,0.996598639456,0.856725146199,0.921383647799,0.901337574707,0.855715045189,0.854227405248,123,171,0,0,0,0
2107,WLNM_dir_neg,0.948343079922,0.85260958867,00:00:05,10,50,35,1237612670,threshold_sweep,0.1,0.964539007092,0.795321637427,0.871794871795,136,5,35,337,0.795321637427,0.985380116959,0.0146198830409,0.204678362573,0.964539007092,0.795321637427,0.871794871795,0.922027290448,0.575048732943,0.816513761468,0.824356823808,0.780701754386,342,171,171,0,342,0,171,0,171,37,342,0.256756756757,1.72528881811,18.4864864865,15.5454545455,9.77142857143,5.36771015539,0.290358590277,0.142642642643,9.50849154237,1.02869645341,0.544491860281,8.05331334643,0.871264894205,0.461830251304,0.640599570326,0.371299902718,2,1.72528881811,0.640599570326,2,0.344071394247,0.376569037657,810,0.104247104247,0.56957682835,37,37,37,1,0,0.405405405405,0.540540540541,0.0540540540541,37,0.128378378378,1.93007182693,9.24324324324,7.77272727273,4.88571428571,4.69873153926,0.508342301032,0.284336968547,5.95516279912,1.28854399747,0.648332543069,4.29697148745,0.929754064536,0.483957641852,0.91748264902,0.47536191981,3.23766439909,1.93007182693,0.91748264902,3.23766439909,0.0778556631498,0.03170189099,19,0.0024453024453,0.19220186939,37,37,37,1,0,0.405405405405,0.540540540541,0.0540540540541,37,312,0.234234234234,1.70387568085,16.8648648649,14.1818181818,8.91428571429,4.26980458935,0.253177515715,0.116857241857,8.23792227223,0.976933089976,0.515246015246,8.41473753648,0.997901566826,0.511261261261,0.618592132397,0.363050039008,2.06896551724,1.70387568085,0.618592132397,2.06896551724,0.203173842493,0.202450408401,347,0.0446589446589,0.593767133969,37,37,37,1,0,0.405405405405,0.540540540541,0.0540540540541,-30,-0.0225225225225,-0.0214131372655,-1.62162162162,-1.36363636364,-0.857142857143,-1.09790556604,-0.0371810745625,-0.0257854007854,-1.27056927014,-0.0517633634384,-0.0292458450353,0.361424190044,0.126636672621,0.0494310099573,-0.0220074379293,-0.00824986370997,0.0689655172414,-0.0214131372655,-0.0220074379293,0.0689655172414,-0.140897551755,-0.174118629256,-463,-0.0595881595882,0.0241903056195,0,0,0,307,5,35,985,0.897660818713,0.994949494949,0.00505050505051,0.102339181287,0.983974358974,0.897660818713,0.938837920489,0.920693692782,0.892610313663,0.884726224784,141,171,0,0,0,0
2108,WLNM_dir_neg,0.948343079922,0.85260958867,00:00:05,10,50,35,1237612670,threshold_sweep,0.2,0.964028776978,0.783625730994,0.864516129032,134,5,37,337,0.783625730994,0.985380116959,0.0146198830409,0.216374269006,0.964028776978,0.783625730994,0.864516129032,0.918128654971,0.576348278103,0.806748466258,0.815638184763,0.769005847953,342,171,171,0,342,0,171,0,171,37,342,0.256756756757,1.72528881811,18.4864864865,15.5454545455,9.77142857143,5.36771015539,0.290358590277,0.142642642643,9.50849154237,1.02869645341,0.544491860281,8.05331334643,0.871264894205,0.461830251304,0.640599570326,0.371299902718,2,1.72528881811,0.640599570326,2,0.344071394247,0.376569037657,810,0.104247104247,0.56957682835,37,37,37,1,0,0.405405405405,0.540540540541,0.0540540540541,37,0.128378378378,1.93007182693,9.24324324324,7.77272727273,4.88571428571,4.69873153926,0.508342301032,0.284336968547,5.95516279912,1.28854399747,0.648332543069,4.29697148745,0.929754064536,0.483957641852,0.91748264902,0.47536191981,3.23766439909,1.93007182693,0.91748264902,3.23766439909,0.0778556631498,0.03170189099,19,0.0024453024453,0.19220186939,37,37,37,1,0,0.405405405405,0.540540540541,0.0540540540541,37,310,0.232732732733,1.70480423046,16.7567567568,14.0909090909,8.85714285714,4.25836043961,0.254127961719,0.119093286835,8.18654502947,0.977103761582,0.514385353095,8.3544776795,0.997147335941,0.512641673932,0.61945088356,0.363356022054,2.06896551724,1.70480423046,0.61945088356,2.06896551724,0.202506335091,0.20157635468,341,0.0438867438867,0.586203107327,37,37,37,1,0,0.405405405405,0.540540540541,0.0540540540541,-32,-0.024024024024,-0.0204845876566,-1.72972972973,-1.45454545455,-0.914285714286,-1.10934971578,-0.0362306285585,-0.0235493558074,-1.32194651291,-0.0515926918331,-0.0301065071863,0.301164333068,0.125882441736,0.0508114226281,-0.0211486867664,-0.00794388066406,0.0689655172414,-0.0204845876566,-0.0211486867664,0.0689655172414,-0.141565059156,-0.174992682977,-469,-0.0603603603604,0.0166262789771,0,0,0,305,5,37,985,0.891812865497,0.994949494949,0.00505050505051,0.108187134503,0.983870967742,0.891812865497,0.935582822086,0.916709234521,0.886762360447,0.878962536023,139,171,0,0,0,0
2109,WLNM_dir_neg,0.948343079922,0.85260958867,00:00:05,10,50,35,1237612670,threshold_sweep,0.3,0.963768115942,0.777777777778,0.860841423948,133,5,38,337,0.777777777778,0.985380116959,0.0146198830409,0.222222222222,0.963768115942,0.777777777778,0.860841423948,0.916179337232,0.576998050682,0.801843317972,0.811279183169,0.763157894737,342,171,171,0,342,0,171,0,171,37,342,0.256756756757,1.72528881811,18.4864864865,15.5454545455,9.77142857143,5.36771015539,0.290358590277,0.142642642643,9.50849154237,1.02869645341,0.544491860281,8.05331334643,0.871264894205,0.461830251304,0.640599570326,0.371299902718,2,1.72528881811,0.640599570326,2,0.344071394247,0.376569037657,810,0.104247104247,0.56957682835,37,37,37,1,0,0.405405405405,0.540540540541,0.0540540540541,37,0.128378378378,1.93007182693,9.24324324324,7.77272727273,4.88571428571,4.69873153926,0.508342301032,0.284336968547,5.95516279912,1.28854399747,0.648332543069,4.29697148745,0.929754064536,0.483957641852,0.91748264902,0.47536191981,3.23766439909,1.93007182693,0.91748264902,3.23766439909,0.0778556631498,0.03170189099,19,0.0024453024453,0.19220186939,37,37,37,1,0,0.405405405405,0.540540540541,0.0540540540541,37,309,0.231981981982,1.70296978768,16.7027027027,14.0454545455,8.82857142857,4.25483297012,0.254739190768,0.120178430858,8.16229888715,0.977362649917,0.513950844048,8.37727155336,1.00310371351,0.515525233972,0.618125208729,0.36296898113,2.06896551724,1.70296978768,0.618125208729,2.06896551724,0.195787232088,0.194527067222,327,0.0420849420849,0.589427700554,37,37,37,1,0,0.405405405405,0.540540540541,0.0540540540541,-33,-0.0247747747748,-0.0223190304354,-1.78378378378,-1.5,-0.942857142857,-1.11287718528,-0.0356193995095,-0.0224642117846,-1.34619265523,-0.0513338034975,-0.0305410162334,0.323958206922,0.131838819304,0.0536949826679,-0.022474361597,-0.00833092158781,0.0689655172414,-0.0223190304354,-0.022474361597,0.0689655172414,-0.14828416216,-0.182041970435,-483,-0.0621621621622,0.019850872204,0,0,0,304,5,38,985,0.888888888889,0.994949494949,0.00505050505051,0.111111111111,0.983818770227,0.888888888889,0.933947772657,0.914716371648,0.883838383838,0.876080691643,138,171,0,0,0,0
2110,WLNM_dir_neg,0.948343079922,0.85260958867,00:00:05,10,50,35,1237612670,threshold_sweep,0.4,0.963768115942,0.777777777778,0.860841423948,133,5,38,337,0.777777777778,0.985380116959,0.0146198830409,0.222222222222,0.963768115942,0.777777777778,0.860841423948,0.916179337232,0.576998050682,0.801843317972,0.811279183169,0.763157894737,342,171,171,0,342,0,171,0,171,37,342,0.256756756757,1.72528881811,18.4864864865,15.5454545455,9.77142857143,5.36771015539,0.290358590277,0.142642642643,9.50849154237,1.02869645341,0.544491860281,8.05331334643,0.871264894205,0.461830251304,0.640599570326,0.371299902718,2,1.72528881811,0.640599570326,2,0.344071394247,0.376569037657,810,0.104247104247,0.56957682835,37,37,37,1,0,0.405405405405,0.540540540541,0.0540540540541,37,0.128378378378,1.93007182693,9.24324324324,7.77272727273,4.88571428571,4.69873153926,0.508342301032,0.284336968547,5.95516279912,1.28854399747,0.648332543069,4.29697148745,0.929754064536,0.483957641852,0.91748264902,0.47536191981,3.23766439909,1.93007182693,0.91748264902,3.23766439909,0.0778556631498,0.03170189099,19,0.0024453024453,0.19220186939,37,37,37,1,0,0.405405405405,0.540540540541,0.0540540540541,37,309,0.231981981982,1.70296978768,16.7027027027,14.0454545455,8.82857142857,4.25483297012,0.254739190768,0.120178430858,8.16229888715,0.977362649917,0.513950844048,8.37727155336,1.00310371351,0.515525233972,0.618125208729,0.36296898113,2.06896551724,1.70296978768,0.618125208729,2.06896551724,0.195787232088,0.194527067222,327,0.0420849420849,0.589427700554,37,37,37,1,0,0.405405405405,0.540540540541,0.0540540540541,-33,-0.0247747747748,-0.0223190304354,-1.78378378378,-1.5,-0.942857142857,-1.11287718528,-0.0356193995095,-0.0224642117846,-1.34619265523,-0.0513338034975,-0.0305410162334,0.323958206922,0.131838819304,0.0536949826679,-0.022474361597,-0.00833092158781,0.0689655172414,-0.0223190304354,-0.022474361597,0.0689655172414,-0.14828416216,-0.182041970435,-483,-0.0621621621622,0.019850872204,0,0,0,304,5,38,985,0.888888888889,0.994949494949,0.00505050505051,0.111111111111,0.983818770227,0.888888888889,0.933947772657,0.914716371648,0.883838383838,0.876080691643,138,171,0,0,0,0
2111,WLNM_dir_neg,0.948343079922,0.85260958867,00:00:05,10,50,35,1237612670,threshold_sweep,0.5,0.963503649635,0.771929824561,0.857142857143,132,5,39,337,0.771929824561,0.985380116959,0.0146198830409,0.228070175439,0.963503649635,0.771929824561,0.857142857143,0.914230019493,0.577647823262,0.796923076923,0.806920149302,0.75730994152,342,171,171,0,342,0,171,0,171,37,342,0.256756756757,1.72528881811,18.4864864865,15.5454545455,9.77142857143,5.36771015539,0.290358590277,0.142642642643,9.50849154237,1.02869645341,0.544491860281,8.05331334643,0.871264894205,0.461830251304,0.640599570326,0.371299902718,2,1.72528881811,0.640599570326,2,0.344071394247,0.376569037657,810,0.104247104247,0.56957682835,37,37,37,1,0,0.405405405405,0.540540540541,0.0540540540541,37,0.128378378378,1.93007182693,9.24324324324,7.77272727273,4.88571428571,4.69873153926,0.508342301032,0.284336968547,5.95516279912,1.28854399747,0.648332543069,4.29697148745,0.929754064536,0.483957641852,0.91748264902,0.47536191981,3.23766439909,1.93007182693,0.91748264902,3.23766439909,0.0778556631498,0.03170189099,19,0.0024453024453,0.19220186939,37,37,37,1,0,0.405405405405,0.540540540541,0.0540540540541,37,308,0.231231231231,1.70166939457,16.6486486486,14,8.8,4.22437514259,0.25373681863,0.119164619165,8.12764163571,0.97637253416,0.512987012987,8.3966066362,1.00868326474,0.517199017199,0.616902276766,0.362527691181,2.06896551724,1.70166939457,0.616902276766,2.06896551724,0.188316472759,0.185702875399,310,0.039897039897,0.591643730622,37,37,37,1,0,0.405405405405,0.540540540541,0.0540540540541,-34,-0.0255255255255,-0.0236194235465,-1.83783783784,-1.54545454545,-0.971428571429,-1.1433350128,-0.0366217716474,-0.023478023478,-1.38084990666,-0.0523239192546,-0.0315048472943,0.343293289761,0.137418370533,0.0553687658951,-0.0236972935604,-0.0087722115371,0.0689655172414,-0.0236194235465,-0.0236972935604,0.0689655172414,-0.155754921488,-0.190866162258,-500,-0.0643500643501,0.0220669022723,0,0,0,303,5,39,985,0.885964912281,0.994949494949,0.00505050505051,0.114035087719,0.983766233766,0.885964912281,0.932307692308,0.912723067318,0.88091440723,0.873198847262,137,171,0,0,0,0
2112,WLNM_dir_neg,0.948343079922,0.85260958867,00:00:05,10,50,35,1237612670,threshold_sweep,0.6,0.963235294118,0.766081871345,0.85342019544,131,5,40,337,0.766081871345,0.985380116959,0.0146198830409,0.233918128655,0.963235294118,0.766081871345,0.85342019544,0.912280701754,0.578297595841,0.791987673344,0.802560897616,0.751461988304,342,171,171,0,342,0,171,0,171,37,342,0.256756756757,1.72528881811,18.4864864865,15.5454545455,9.77142857143,5.36771015539,0.290358590277,0.142642642643,9.50849154237,1.02869645341,0.544491860281,8.05331334643,0.871264894205,0.461830251304,0.640599570326,0.371299902718,2,1.72528881811,0.640599570326,2,0.344071394247,0.376569037657,810,0.104247104247,0.56957682835,37,37,37,1,0,0.405405405405,0.540540540541,0.0540540540541,37,0.128378378378,1.93007182693,9.24324324324,7.77272727273,4.88571428571,4.69873153926,0.508342301032,0.284336968547,5.95516279912,1.28854399747,0.648332543069,4.29697148745,0.929754064536,0.483957641852,0.91748264902,0.47536191981,3.23766439909,1.93007182693,0.91748264902,3.23766439909,0.0778556631498,0.03170189099,19,0.0024453024453,0.19220186939,37,37,37,1,0,0.405405405405,0.540540540541,0.0540540540541,37,307,0.23048048048,1.70195801883,16.5945945946,13.9545454545,8.77142857143,4.30412889276,0.259369330671,0.1217536755,8.10646129422,0.977000221128,0.513777621269,8.4059002587,1.01308895626,0.51835548904,0.617122162916,0.362595408399,2.06896551724,1.70195801883,0.617122162916,2.06896551724,0.190206024649,0.185846030473,309,0.0397683397683,0.59302417639,37,37,37,1,0,0.405405405405,0.540540540541,0.0540540540541,-35,-0.0262762762763,-0.0233307992828,-1.89189189189,-1.59090909091,-1,-1.06358126263,-0.0309892596057,-0.020888967143,-1.40203024815,-0.0516962322871,-0.0307142390119,0.352586912263,0.141824062055,0.0565252377356,-0.0234774074102,-0.00870449431906,0.0689655172414,-0.0233307992828,-0.0234774074102,0.0689655172414,-0.153865369599,-0.190723007184,-501,-0.0644787644788,0.0234473480401,0,0,0,302,5,40,985,0.883040935673,0.994949494949,0.00505050505051,0.116959064327,0.983713355049,0.883040935673,0.930662557781,0.910729307211,0.877990430622,0.870317002882,136,171,0,0,0,0
2113,WLNM_dir_neg,0.948343079922,0.85260958867,00:00:05,10,50,35,1237612670,threshold_sweep,0.7,0.97037037037,0.766081871345,0.856209150327,131,4,40,338,0.766081871345,0.988304093567,0.0116959064327,0.233918128655,0.97037037037,0.766081871345,0.856209150327,0.914230019493,0.578947368421,0.796296296296,0.807591843407,0.754385964912,342,171,171,0,342,0,171,0,171,37,342,0.256756756757,1.72528881811,18.4864864865,15.5454545455,9.77142857143,5.36771015539,0.290358590277,0.142642642643,9.50849154237,1.02869645341,0.544491860281,8.05331334643,0.871264894205,0.461830251304,0.640599570326,0.371299902718,2,1.72528881811,0.640599570326,2,0.344071394247,0.376569037657,810,0.104247104247,0.56957682835,37,37,37,1,0,0.405405405405,0.540540540541,0.0540540540541,37,0.128378378378,1.93007182693,9.24324324324,7.77272727273,4.88571428571,4.69873153926,0.508342301032,0.284336968547,5.95516279912,1.28854399747,0.648332543069,4.29697148745,0.929754064536,0.483957641852,0.91748264902,0.47536191981,3.23766439909,1.93007182693,0.91748264902,3.23766439909,0.0778556631498,0.03170189099,19,0.0024453024453,0.19220186939,37,37,37,1,0,0.405405405405,0.540540540541,0.0540540540541,37,306,0.22972972973,1.70040051321,16.5405405405,13.9090909091,8.74285714286,4.25306813825,0.257129936463,0.119325207561,8.06793601807,0.975534747282,0.512630277336,8.42828784725,1.01910670048,0.521109344639,0.615696149962,0.362088899163,2.06896551724,1.70040051321,0.615696149962,2.06896551724,0.190206024649,0.185846030473,309,0.0397683397683,0.595358589506,37,37,37,1,0,0.405405405405,0.540540540541,0.0540540540541,-36,-0.027027027027,-0.0248883049097,-1.94594594595,-1.63636363636,-1.02857142857,-1.11464201714,-0.0332286538144,-0.0233174350821,-1.44055552431,-0.0531617061324,-0.0318615829452,0.374974500812,0.147841806279,0.0592790933348,-0.0249034203639,-0.00921100355506,0.0689655172414,-0.0248883049097,-0.0249034203639,0.0689655172414,-0.153865369599,-0.190723007184,-501,-0.0644787644788,0.0257817611557,0,0,0,302,4,40,986,0.883040935673,0.99595959596,0.0040404040404,0.116959064327,0.986928104575,0.883040935673,0.932098765432,0.912820520163,0.879000531632,0.872832369942,135,171,0,0,0,0
2114,WLNM_dir_neg,0.948343079922,0.85260958867,00:00:05,10,50,35,1237612670,threshold_sweep,0.8,0.984962406015,0.766081871345,0.861842105263,131,2,40,340,0.766081871345,0.994152046784,0.00584795321637,0.233918128655,0.984962406015,0.766081871345,0.861842105263,0.918128654971,0.58024691358,0.804953560372,0.81778799586,0.760233918129,342,171,171,0,342,0,171,0,171,37,342,0.256756756757,1.72528881811,18.4864864865,15.5454545455,9.77142857143,5.36771015539,0.290358590277,0.142642642643,9.50849154237,1.02869645341,0.544491860281,8.05331334643,0.871264894205,0.461830251304,0.640599570326,0.371299902718,2,1.72528881811,0.640599570326,2,0.344071394247,0.376569037657,810,0.104247104247,0.56957682835,37,37,37,1,0,0.405405405405,0.540540540541,0.0540540540541,37,0.128378378378,1.93007182693,9.24324324324,7.77272727273,4.88571428571,4.69873153926,0.508342301032,0.284336968547,5.95516279912,1.28854399747,0.648332543069,4.29697148745,0.929754064536,0.483957641852,0.91748264902,0.47536191981,3.23766439909,1.93007182693,0.91748264902,3.23766439909,0.0778556631498,0.03170189099,19,0.0024453024453,0.19220186939,37,37,37,1,0,0.405405405405,0.540540540541,0.0540540540541,37,304,0.228228228228,1.69737312346,16.4324324324,13.8181818182,8.68571428571,4.29172679919,0.261174163767,0.120554765292,7.99352215212,0.972895788251,0.510312944523,8.46934057231,1.0308078986,0.525248933144,0.612829592457,0.361045891435,2.06896551724,1.69737312346,0.612829592457,2.06896551724,0.188339329438,0.178832116788,294,0.0378378378378,0.600197538207,37,37,37,1,0,0.405405405405,0.540540540541,0.0540540540541,-38,-0.0285285285285,-0.0279156946534,-2.05405405405,-1.72727272727,-1.08571428571,-1.0759833562,-0.0291844265104,-0.022087877351,-1.51496939026,-0.0558006651636,-0.0341789157579,0.416027225873,0.159543004398,0.0634186818397,-0.0277699778686,-0.0102540112831,0.0689655172414,-0.0279156946534,-0.0277699778686,0.0689655172414,-0.155732064809,-0.197736920869,-516,-0.0664092664093,0.0306207098569,0,0,0,302,2,40,988,0.883040935673,0.99797979798,0.0020202020202,0.116959064327,0.993421052632,0.883040935673,0.934984520124,0.917029760813,0.881020733652,0.877906976744,133,171,0,0,0,0
2115,WLNM_dir_neg,0.948343079922,0.85260958867,00:00:05,10,50,35,1237612670,threshold_sweep,0.9,0.984962406015,0.766081871345,0.861842105263,131,2,40,340,0.766081871345,0.994152046784,0.00584795321637,0.233918128655,0.984962406015,0.766081871345,0.861842105263,0.918128654971,0.58024691358,0.804953560372,0.81778799586,0.760233918129,342,171,171,0,342,0,171,0,171,37,342,0.256756756757,1.72528881811,18.4864864865,15.5454545455,9.77142857143,5.36771015539,0.290358590277,0.142642642643,9.50849154237,1.02869645341,0.544491860281,8.05331334643,0.871264894205,0.461830251304,0.640599570326,0.371299902718,2,1.72528881811,0.640599570326,2,0.344071394247,0.376569037657,810,0.104247104247,0.56957682835,37,37,37,1,0,0.405405405405,0.540540540541,0.0540540540541,37,0.128378378378,1.93007182693,9.24324324324,7.77272727273,4.88571428571,4.69873153926,0.508342301032,0.284336968547,5.95516279912,1.28854399747,0.648332543069,4.29697148745,0.929754064536,0.483957641852,0.91748264902,0.47536191981,3.23766439909,1.93007182693,0.91748264902,3.23766439909,0.0778556631498,0.03170189099,19,0.0024453024453,0.19220186939,37,37,37,1,0,0.405405405405,0.540540540541,0.0540540540541,37,304,0.228228228228,1.69737312346,16.4324324324,13.8181818182,8.68571428571,4.29172679919,0.261174163767,0.120554765292,7.99352215212,0.972895788251,0.510312944523,8.46934057231,1.0308078986,0.525248933144,0.612829592457,0.361045891435,2.06896551724,1.69737312346,0.612829592457,2.06896551724,0.188339329438,0.178832116788,294,0.0378378378378,0.600197538207,37,37,37,1,0,0.405405405405,0.540540540541,0.0540540540541,-38,-0.0285285285285,-0.0279156946534,-2.05405405405,-1.72727272727,-1.08571428571,-1.0759833562,-0.0291844265104,-0.022087877351,-1.51496939026,-0.0558006651636,-0.0341789157579,0.416027225873,0.159543004398,0.0634186818397,-0.0277699778686,-0.0102540112831,0.0689655172414,-0.0279156946534,-0.0277699778686,0.0689655172414,-0.155732064809,-0.197736920869,-516,-0.0664092664093,0.0306207098569,0,0,0,302,2,40,988,0.883040935673,0.99797979798,0.0020202020202,0.116959064327,0.993421052632,0.883040935673,0.934984520124,0.917029760813,0.881020733652,0.877906976744,133,171,0,0,0,0
2116,WLNM_dir_neg,0.95503744742,0.936436144543,00:00:06,10,50,36,1237612671,threshold_sweep,0.1,0.940740740741,0.74269005848,0.830065359477,127,8,44,334,0.74269005848,0.976608187135,0.0233918128655,0.25730994152,0.940740740741,0.74269005848,0.830065359477,0.898635477583,0.578947368421,0.759259259259,0.770029432086,0.719298245614,342,171,171,0,342,0,171,0,171,37,342,0.256756756757,1.72528881811,18.4864864865,15.5454545455,9.77142857143,5.36771015539,0.290358590277,0.142642642643,9.50849154237,1.02869645341,0.544491860281,8.05331334643,0.871264894205,0.461830251304,0.640599570326,0.371299902718,2,1.72528881811,0.640599570326,2,0.344071394247,0.376569037657,810,0.104247104247,0.56957682835,37,37,37,1,0,0.405405405405,0.540540540541,0.0540540540541,37,0.128378378378,1.91162338475,9.24324324324,7.77272727273,4.88571428571,4.69873153926,0.508342301032,0.284811126916,5.89892340155,1.27637523893,0.641694325905,4.27753402059,0.925548296853,0.483009325115,0.869011244767,0.4545933324,2.55762626263,1.91162338475,0.869011244767,2.55762626263,0.0454253527783,0.0216787103947,13,0.0016731016731,0.197012592916,37,37,37,1,0,0.405405405405,0.540540540541,0.0540540540541,37,306,0.22972972973,1.73720506579,16.5405405405,13.9090909091,8.27027027027,4.78768440083,0.289451507893,0.135135135135,8.21465035656,0.993274716316,0.527821939587,7.95001274859,0.9612760513,0.488782900548,0.659370743439,0.379558381691,2.13873771211,1.73720506579,0.659370743439,2.13873771211,0.266031161189,0.25569520817,434,0.0558558558559,0.536934275327,37,37,37,1,0,0.405405405405,0.594594594595,0,-36,-0.027027027027,0.0119162476798,-1.94594594595,-1.63636363636,-1.50115830116,-0.580025754566,-0.000907082383989,-0.00750750750751,-1.29384118582,-0.0354217370991,-0.0166699206947,-0.103300597847,0.0900111570949,0.0269526492437,0.0187711731131,0.0082584789737,0.138737712111,0.0119162476798,0.0187711731131,0.138737712111,-0.0780402330588,-0.120873829487,-376,-0.0483912483912,-0.032642553023,0,0.0540540540541,-0.0540540540541,298,8,44,982,0.87134502924,0.991919191919,0.00808080808081,0.12865497076,0.97385620915,0.87134502924,0.91975308642,0.896478747212,0.863264221159,0.851428571429,135,171,0,0,0,0
2117,WLNM_dir_neg,0.95503744742,0.936436144543,00:00:06,10,50,36,1237612671,threshold_sweep,0.2,0.946153846154,0.719298245614,0.817275747508,123,7,48,335,0.719298245614,0.979532163743,0.0204678362573,0.280701754386,0.946153846154,0.719298245614,0.817275747508,0.892787524366,0.582196231319,0.743390357698,0.757376525014,0.698830409357,342,171,171,0,342,0,171,0,171,37,342,0.256756756757,1.72528881811,18.4864864865,15.5454545455,9.77142857143,5.36771015539,0.290358590277,0.142642642643,9.50849154237,1.02869645341,0.544491860281,8.05331334643,0.871264894205,0.461830251304,0.640599570326,0.371299902718,2,1.72528881811,0.640599570326,2,0.344071394247,0.376569037657,810,0.104247104247,0.56957682835,37,37,37,1,0,0.405405405405,0.540540540541,0.0540540540541,37,0.128378378378,1.91162338475,9.24324324324,7.77272727273,4.88571428571,4.69873153926,0.508342301032,0.284811126916,5.89892340155,1.27637523893,0.641694325905,4.27753402059,0.925548296853,0.483009325115,0.869011244767,0.4545933324,2.55762626263,1.91162338475,0.869011244767,2.55762626263,0.0454253527783,0.0216787103947,13,0.0016731016731,0.197012592916,37,37,37,1,0,0.405405405405,0.540540540541,0.0540540540541,37,301,0.225975975976,1.73121832244,16.2702702703,13.6818181818,8.13513513514,4.62270152285,0.284119528813,0.130196641825,8.06281644396,0.991110326999,0.525276106671,7.9970903117,0.983031034993,0.497440962557,0.654207623059,0.377888573948,2.13859882537,1.73121832244,0.654207623059,2.13859882537,0.242016683223,0.224236252546,367,0.0472329472329,0.541398965551,37,37,37,1,0,0.405405405405,0.594594594595,0,-41,-0.0307807807808,0.00592950432492,-2.21621621622,-1.86363636364,-1.63629343629,-0.745008632542,-0.00623906146402,-0.0124460008181,-1.44567509841,-0.0375861264163,-0.0192157536099,-0.0562230347363,0.111766140788,0.0356107112533,0.0136080527327,0.00658867122986,0.138598825373,0.00592950432492,0.0136080527327,0.138598825373,-0.102054711024,-0.152332785111,-443,-0.0570141570142,-0.0281778627991,0,0.0540540540541,-0.0540540540541,294,7,48,983,0.859649122807,0.992929292929,0.00707070707071,0.140350877193,0.976744186047,0.859649122807,0.914463452566,0.890537892631,0.852578415736,0.842406876791,130,171,0,0,0,0
2118,WLNM_dir_neg,0.95503744742,0.936436144543,00:00:06,10,50,36,1237612671,threshold_sweep,0.3,0.9453125,0.707602339181,0.809364548495,121,7,50,335,0.707602339181,0.979532163743,0.0204678362573,0.292397660819,0.9453125,0.707602339181,0.809364548495,0.888888888889,0.583495776478,0.733229329173,0.748544312424,0.687134502924,342,171,171,0,342,0,171,0,171,37,342,0.256756756757,1.72528881811,18.4864864865,15.5454545455,9.77142857143,5.36771015539,0.290358590277,0.142642642643,9.50849154237,1.02869645341,0.544491860281,8.05331334643,0.871264894205,0.461830251304,0.640599570326,0.371299902718,2,1.72528881811,0.640599570326,2,0.344071394247,0.376569037657,810,0.104247104247,0.56957682835,37,37,37,1,0,0.405405405405,0.540540540541,0.0540540540541,37,0.128378378378,1.91162338475,9.24324324324,7.77272727273,4.88571428571,4.69873153926,0.508342301032,0.284811126916,5.89892340155,1.27637523893,0.641694325905,4.27753402059,0.925548296853,0.483009325115,0.869011244767,0.4545933324,2.55762626263,1.91162338475,0.869011244767,2.55762626263,0.0454253527783,0.0216787103947,13,0.0016731016731,0.197012592916,37,37,37,1,0,0.405405405405,0.540540540541,0.0540540540541,37,299,0.224474474474,1.72847666937,16.1621621622,13.5909090909,8.08108108108,4.5308419227,0.280336373144,0.125734430082,7.9839365756,0.98797877357,0.522643044382,8.03941118069,0.994843524031,0.502214589171,0.651655589033,0.377011504165,2.13778918126,1.72847666937,0.651655589033,2.13778918126,0.232590156197,0.2104283054,339,0.0436293436293,0.545489349974,37,37,37,1,0,0.405405405405,0.594594594595,0,-43,-0.0322822822823,0.00318785125334,-2.32432432432,-1.95454545455,-1.69034749035,-0.83686823269,-0.0100222171333,-0.0169082125604,-1.52455496677,-0.0407176798453,-0.0218488158992,-0.0139021657487,0.123578629826,0.0403843378672,0.0110560187067,0.00571160144737,0.137789181262,0.00318785125334,0.0110560187067,0.137789181262,-0.11148123805,-0.166140732257,-471,-0.0606177606178,-0.0240874783756,0,0.0540540540541,-0.0540540540541,292,7,50,983,0.853801169591,0.992929292929,0.00707070707071,0.146198830409,0.976588628763,0.853801169591,0.911076443058,0.886523147939,0.84673046252,0.836676217765,128,171,0,0,0,0
2119,WLNM_dir_neg,0.95503744742,0.936436144543,00:00:06,10,50,36,1237612671,threshold_sweep,0.4,0.960317460317,0.707602339181,0.814814814815,121,5,50,337,0.707602339181,0.985380116959,0.0146198830409,0.292397660819,0.960317460317,0.707602339181,0.814814814815,0.892787524366,0.584795321637,0.741784037559,0.758914049977,0.69298245614,342,171,171,0,342,0,171,0,171,37,342,0.256756756757,1.72528881811,18.4864864865,15.5454545455,9.77142857143,5.36771015539,0.290358590277,0.142642642643,9.50849154237,1.02869645341,0.544491860281,8.05331334643,0.871264894205,0.461830251304,0.640599570326,0.371299902718,2,1.72528881811,0.640599570326,2,0.344071394247,0.376569037657,810,0.104247104247,0.56957682835,37,37,37,1,0,0.405405405405,0.540540540541,0.0540540540541,37,0.128378378378,1.91162338475,9.24324324324,7.77272727273,4.88571428571,4.69873153926,0.508342301032,0.284811126916,5.89892340155,1.27637523893,0.641694325905,4.27753402059,0.925548296853,0.483009325115,0.869011244767,0.4545933324,2.55762626263,1.91162338475,0.869011244767,2.55762626263,0.0454253527783,0.0216787103947,13,0.0016731016731,0.197012592916,37,37,37,1,0,0.405405405405,0.540540540541,0.0540540540541,37,297,0.222972972973,1.72421248486,16.0540540541,13.5,8.02702702703,4.64845222715,0.289550054553,0.1274001274,8.0259526485,0.999866154863,0.526526526527,8.0845754595,1.00716933334,0.508326508327,0.643316660454,0.37310752944,2,1.72421248486,0.643316660454,2,0.227889205598,0.211064718163,337,0.0433719433719,0.548246127511,37,37,37,1,0,0.405405405405,0.594594594595,0,-45,-0.0337837837838,-0.00107633325977,-2.43243243243,-2.04545454545,-1.7444015444,-0.719257928242,-0.000808535723926,-0.0152425152425,-1.48253889388,-0.0288302985515,-0.0179653337548,0.0312621130664,0.135904439134,0.0464962570226,0.00271709012814,0.00180762672244,0,-0.00107633325977,0.00271709012814,0,-0.116182188649,-0.165504319494,-473,-0.0608751608752,-0.0213307008386,0,0.0540540540541,-0.0540540540541,292,5,50,985,0.853801169591,0.994949494949,0.00505050505051,0.146198830409,0.983164983165,0.853801169591,0.91392801252,0.890763428331,0.84875066454,0.841498559078,126,171,0,0,0,0
2120,WLNM_dir_neg,0.95503744742,0.936436144543,00:00:06,10,50,36,1237612671,threshold_sweep,0.5,0.96,0.701754385965,0.810810810811,120,5,51,337,0.701754385965,0.985380116959,0.0146198830409,0.298245614035,0.96,0.701754385965,0.810810810811,0.890838206628,0.585445094217,0.736677115987,0.754539526405,0.687134502924,342,171,171,0,342,0,171,0,171,37,342,0.256756756757,1.72528881811,18.4864864865,15.5454545455,9.77142857143,5.36771015539,0.290358590277,0.142642642643,9.50849154237,1.02869645341,0.544491860281,8.05331334643,0.871264894205,0.461830251304,0.640599570326,0.371299902718,2,1.72528881811,0.640599570326,2,0.344071394247,0.376569037657,810,0.104247104247,0.56957682835,37,37,37,1,0,0.405405405405,0.540540540541,0.0540540540541,37,0.128378378378,1.91162338475,9.24324324324,7.77272727273,4.88571428571,4.69873153926,0.508342301032,0.284811126916,5.89892340155,1.27637523893,0.641694325905,4.27753402059,0.925548296853,0.483009325115,0.869011244767,0.4545933324,2.55762626263,1.91162338475,0.869011244767,2.55762626263,0.0454253527783,0.0216787103947,13,0.0016731016731,0.197012592916,37,37,37,1,0,0.405405405405,0.540540540541,0.0540540540541,37,296,0.222222222222,1.7247280429,16,13.4545454545,8,4.6127841677,0.288299010481,0.126552227904,7.98609903381,0.998262379226,0.525200876552,8.05191488612,1.00648936077,0.508948137327,0.643825036649,0.373290756939,2,1.7247280429,0.643825036649,2,0.226674789059,0.20950778292,332,0.0427284427284,0.544863420191,37,37,37,1,0,0.405405405405,0.594594594595,0,-46,-0.0345345345345,-0.000560775214067,-2.48648648649,-2.09090909091,-1.77142857143,-0.754925987694,-0.00205957979591,-0.0160904147391,-1.52239250857,-0.0304340741889,-0.0192909837291,-0.00139846031346,0.13522446656,0.0471178860226,0.00322546632256,0.00199085422141,0,-0.000560775214067,0.00322546632256,0,-0.117396605189,-0.167061254737,-478,-0.0615186615187,-0.0247134081587,0,0.0540540540541,-0.0540540540541,291,5,51,985,0.850877192982,0.994949494949,0.00505050505051,0.149122807018,0.983108108108,0.850877192982,0.912225705329,0.888763685456,0.845826687932,0.838616714697,125,171,0,0,0,0
2121,WLNM_dir_neg,0.95503744742,0.936436144543,00:00:06,10,50,36,1237612671,threshold_sweep,0.6,0.967741935484,0.701754385965,0.813559322034,120,4,51,338,0.701754385965,0.988304093567,0.0116959064327,0.298245614035,0.967741935484,0.701754385965,0.813559322034,0.892787524366,0.586094866797,0.740973312402,0.759821121489,0.690058479532,342,171,171,0,342,0,171,0,171,37,342,0.256756756757,1.72528881811,18.4864864865,15.5454545455,9.77142857143,5.36771015539,0.290358590277,0.142642642643,9.50849154237,1.02869645341,0.544491860281,8.05331334643,0.871264894205,0.461830251304,0.640599570326,0.371299902718,2,1.72528881811,0.640599570326,2,0.344071394247,0.376569037657,810,0.104247104247,0.56957682835,37,37,37,1,0,0.405405405405,0.540540540541,0.0540540540541,37,0.128378378378,1.91162338475,9.24324324324,7.77272727273,4.88571428571,4.69873153926,0.508342301032,0.284811126916,5.89892340155,1.27637523893,0.641694325905,4.27753402059,0.925548296853,0.483009325115,0.869011244767,0.4545933324,2.55762626263,1.91162338475,0.869011244767,2.55762626263,0.0454253527783,0.0216787103947,13,0.0016731016731,0.197012592916,37,37,37,1,0,0.405405405405,0.540540540541,0.0540540540541,37,295,0.221471471471,1.72299089504,15.9459459459,13.4090909091,7.97297297297,4.5883060657,0.287741227849,0.125973431058,7.9564316628,0.997925327199,0.52496564361,8.07426118563,1.01270394532,0.511772789739,0.642533738864,0.372917663531,2,1.72299089504,0.642533738864,2,0.220922132377,0.20152574698,317,0.0407979407979,0.54764010199,37,37,37,1,0,0.405405405405,0.594594594595,0,-47,-0.0352852852853,-0.00229792307501,-2.54054054054,-2.13636363636,-1.79845559846,-0.779404089692,-0.00261736242805,-0.0166692115845,-1.55205987957,-0.0307711262162,-0.0195262166716,0.020947839191,0.141439051111,0.049942538435,0.00193416853769,0.00161776081343,0,-0.00229792307501,0.00193416853769,0,-0.12314926187,-0.175043290677,-493,-0.0634491634492,-0.0219367263597,0,0.0540540540541,-0.0540540540541,291,4,51,986,0.850877192982,0.99595959596,0.0040404040404,0.149122807018,0.986440677966,0.850877192982,0.913657770801,0.890902096349,0.846836788942,0.841040462428,124,171,0,0,0,0
2122,WLNM_dir_neg,0.95503744742,0.936436144543,00:00:06,10,50,36,1237612671,threshold_sweep,0.7,0.967213114754,0.690058479532,0.805460750853,118,4,53,338,0.690058479532,0.988304093567,0.0116959064327,0.309941520468,0.967213114754,0.690058479532,0.805460750853,0.888888888889,0.587394411956,0.730708661417,0.751111987139,0.678362573099,342,171,171,0,342,0,171,0,171,37,342,0.256756756757,1.72528881811,18.4864864865,15.5454545455,9.77142857143,5.36771015539,0.290358590277,0.142642642643,9.50849154237,1.02869645341,0.544491860281,8.05331334643,0.871264894205,0.461830251304,0.640599570326,0.371299902718,2,1.72528881811,0.640599570326,2,0.344071394247,0.376569037657,810,0.104247104247,0.56957682835,37,37,37,1,0,0.405405405405,0.540540540541,0.0540540540541,37,0.128378378378,1.91162338475,9.24324324324,7.77272727273,4.88571428571,4.69873153926,0.508342301032,0.284811126916,5.89892340155,1.27637523893,0.641694325905,4.27753402059,0.925548296853,0.483009325115,0.869011244767,0.4545933324,2.55762626263,1.91162338475,0.869011244767,2.55762626263,0.0454253527783,0.0216787103947,13,0.0016731016731,0.197012592916,37,37,37,1,0,0.405405405405,0.540540540541,0.0540540540541,37,293,0.21996996997,1.7267047999,15.8378378378,13.3181818182,7.91891891892,4.65184260693,0.29371702467,0.126925560373,7.97000759228,1.0064514707,0.528549026843,8.00131370595,1.01040480246,0.508809150447,0.646234767581,0.374258974446,2,1.7267047999,0.646234767581,2,0.220545926893,0.199871465296,311,0.0400257400257,0.539866066643,37,37,37,1,0,0.405405405405,0.594594594595,0,-49,-0.0367867867868,0.00141598178144,-2.64864864865,-2.22727272727,-1.85250965251,-0.715867548464,0.00335843439245,-0.01571708227,-1.53848395009,-0.0222449827172,-0.0159428334388,-0.0519996404844,0.139139908253,0.0469788991434,0.00563519725492,0.00295907172872,0,0.00141598178144,0.00563519725492,0,-0.123525467355,-0.176697572361,-499,-0.0642213642214,-0.0297107617071,0,0.0540540540541,-0.0540540540541,289,4,53,986,0.845029239766,0.99595959596,0.0040404040404,0.154970760234,0.986348122867,0.845029239766,0.910236220472,0.886909479717,0.840988835726,0.835260115607,122,171,0,0,0,0
2123,WLNM_dir_neg,0.95503744742,0.936436144543,00:00:06,10,50,36,1237612671,threshold_sweep,0.8,0.966666666667,0.678362573099,0.797250859107,116,4,55,338,0.678362573099,0.988304093567,0.0116959064327,0.321637426901,0.966666666667,0.678362573099,0.797250859107,0.884990253411,0.588693957115,0.720379146919,0.742391431906,0.666666666667,342,171,171,0,342,0,171,0,171,37,342,0.256756756757,1.72528881811,18.4864864865,15.5454545455,9.77142857143,5.36771015539,0.290358590277,0.142642642643,9.50849154237,1.02869645341,0.544491860281,8.05331334643,0.871264894205,0.461830251304,0.640599570326,0.371299902718,2,1.72528881811,0.640599570326,2,0.344071394247,0.376569037657,810,0.104247104247,0.56957682835,37,37,37,1,0,0.405405405405,0.540540540541,0.0540540540541,37,0.128378378378,1.91162338475,9.24324324324,7.77272727273,4.88571428571,4.69873153926,0.508342301032,0.284811126916,5.89892340155,1.27637523893,0.641694325905,4.27753402059,0.925548296853,0.483009325115,0.869011244767,0.4545933324,2.55762626263,1.91162338475,0.869011244767,2.55762626263,0.0454253527783,0.0216787103947,13,0.0016731016731,0.197012592916,37,37,37,1,0,0.405405405405,0.540540540541,0.0540540540541,37,291,0.218468468468,1.72791020654,15.7297297297,13.2272727273,7.86486486486,4.59255828396,0.291966763757,0.124825856785,7.89923400703,1.00436995966,0.525866072258,7.93432123458,1.00883122227,0.509519829107,0.647462496971,0.374708416283,2,1.72791020654,0.647462496971,2,0.218053175406,0.196347031963,301,0.0387387387387,0.533062979225,37,37,37,1,0,0.405405405405,0.594594594595,0,-51,-0.0382882882883,0.00262138842577,-2.75675675676,-2.31818181818,-1.90656370656,-0.775151871431,0.00160817347994,-0.017816785858,-1.60925753534,-0.0243264937574,-0.0186257880235,-0.118992111858,0.137566328061,0.0476895778035,0.00686292664528,0.00340851356483,0,0.00262138842577,0.00686292664528,0,-0.126018218841,-0.180222005693,-509,-0.0655083655084,-0.0365138491252,0,0.0540540540541,-0.0540540540541,287,4,55,986,0.83918128655,0.99595959596,0.0040404040404,0.16081871345,0.986254295533,0.83918128655,0.906793048973,0.882914268205,0.835140882509,0.829479768786,120,171,0,0,0,0
2124,WLNM_dir_neg,0.95503744742,0.936436144543,00:00:06,10,50,36,1237612671,threshold_sweep,0.9,0.966386554622,0.672514619883,0.793103448276,115,4,56,338,0.672514619883,0.988304093567,0.0116959064327,0.327485380117,0.966386554622,0.672514619883,0.793103448276,0.883040935673,0.589343729695,0.715189873418,0.73802631915,0.66081871345,342,171,171,0,342,0,171,0,171,37,342,0.256756756757,1.72528881811,18.4864864865,15.5454545455,9.77142857143,5.36771015539,0.290358590277,0.142642642643,9.50849154237,1.02869645341,0.544491860281,8.05331334643,0.871264894205,0.461830251304,0.640599570326,0.371299902718,2,1.72528881811,0.640599570326,2,0.344071394247,0.376569037657,810,0.104247104247,0.56957682835,37,37,37,1,0,0.405405405405,0.540540540541,0.0540540540541,37,0.128378378378,1.91162338475,9.24324324324,7.77272727273,4.88571428571,4.69873153926,0.508342301032,0.284811126916,5.89892340155,1.27637523893,0.641694325905,4.27753402059,0.925548296853,0.483009325115,0.869011244767,0.4545933324,2.55762626263,1.91162338475,0.869011244767,2.55762626263,0.0454253527783,0.0216787103947,13,0.0016731016731,0.197012592916,37,37,37,1,0,0.405405405405,0.540540540541,0.0540540540541,37,290,0.217717717718,1.72862633498,15.6756756757,13.1818181818,7.83783783784,4.57076491322,0.291583278947,0.124976700839,7.86876212739,1.0039455128,0.525442684063,7.90046944285,1.00799092892,0.509599254427,0.648225621647,0.374994646633,2,1.72862633498,0.648225621647,2,0.216809705045,0.194480946124,296,0.0380952380952,0.529715284806,37,37,37,1,0,0.405405405405,0.594594594595,0,-52,-0.039039039039,0.00333751686603,-2.81081081081,-2.36363636364,-1.93359073359,-0.796945242177,0.00122468866945,-0.0176659418039,-1.63972941499,-0.0247509406101,-0.019049176218,-0.152843903584,0.136726034711,0.0477690031229,0.00762605132106,0.00369474391552,0,0.00333751686603,0.00762605132106,0,-0.127261689202,-0.182088091533,-514,-0.0661518661519,-0.0398615435434,0,0.0540540540541,-0.0540540540541,286,4,56,986,0.836257309942,0.99595959596,0.0040404040404,0.163742690058,0.986206896552,0.836257309942,0.905063291139,0.880915650547,0.832216905901,0.826589595376,119,171,0,0,0,0
2125,WLNM_dir_neg,0.953395916692,0.791065335267,00:00:05,10,50,37,1237612672,threshold_sweep,0.1,0.908396946565,0.695906432749,0.788079470199,119,12,52,330,0.695906432749,0.964912280702,0.0350877192982,0.304093567251,0.908396946565,0.695906432749,0.788079470199,0.875243664717,0.581546458739,0.701863354037,0.714374776773,0.66081871345,342,171,171,0,342,0,171,0,171,37,342,0.256756756757,1.72528881811,18.4864864865,15.5454545455,9.77142857143,5.36771015539,0.290358590277,0.142642642643,9.50849154237,1.02869645341,0.544491860281,8.05331334643,0.871264894205,0.461830251304,0.640599570326,0.371299902718,2,1.72528881811,0.640599570326,2,0.344071394247,0.376569037657,810,0.104247104247,0.56957682835,37,37,37,1,0,0.405405405405,0.540540540541,0.0540540540541,37,0.128378378378,1.93948588589,9.24324324324,7.77272727273,4.88571428571,4.62123964493,0.499958675036,0.278647068121,5.98772518181,1.29558965922,0.64801643749,4.13891660107,0.895555054033,0.472577840999,0.904236697501,0.466224943466,2.704,1.93948588589,0.904236697501,2.704,0.0306965865789,0.0201793721973,12,0.0015444015444,0.187211392292,37,37,37,1,0,0.405405405405,0.540540540541,0.0540540540541,37,302,0.226726726727,2.35171052825,16.3243243243,12.5833333333,8.16216216216,4.96685712193,0.304261115085,0.147664220512,8.24120242546,1.00968374087,0.539645605871,7.24382309095,0.887488259487,0.467692858421,1.31861085152,0.560702873794,4.69509138231,2.35171052825,1.31861085152,4.69509138231,0.258129620998,0.246490503716,398,0.0512226512227,0.403993066456,37,37,37,1,0,0.351351351351,0.648648648649,0,-40,-0.03003003003,0.626421710139,-2.16216216216,-2.96212121212,-1.60926640927,-0.400853033463,0.013902524808,0.00502157786926,-1.26728911691,-0.0190127125471,-0.00484625441056,-0.809490255485,0.0162233652823,0.0058626071174,0.678011281198,0.189402971076,2.69509138231,0.626421710139,0.678011281198,2.69509138231,-0.0859417732493,-0.130078533941,-412,-0.0530244530245,-0.165583761894,-0.0540540540541,0.108108108108,-0.0540540540541,290,12,52,978,0.847953216374,0.987878787879,0.0121212121212,0.152046783626,0.960264900662,0.847953216374,0.900621118012,0.872022243197,0.835832004253,0.819209039548,131,171,0,0,0,0
2126,WLNM_dir_neg,0.953395916692,0.791065335267,00:00:05,10,50,37,1237612672,threshold_sweep,0.2,0.928,0.678362573099,0.783783783784,116,9,55,333,0.678362573099,0.973684210526,0.0263157894737,0.321637426901,0.928,0.678362573099,0.783783783784,0.875243664717,0.585445094217,0.699059561129,0.716009848461,0.652046783626,342,171,171,0,342,0,171,0,171,37,342,0.256756756757,1.72528881811,18.4864864865,15.5454545455,9.77142857143,5.36771015539,0.290358590277,0.142642642643,9.50849154237,1.02869645341,0.544491860281,8.05331334643,0.871264894205,0.461830251304,0.640599570326,0.371299902718,2,1.72528881811,0.640599570326,2,0.344071394247,0.376569037657,810,0.104247104247,0.56957682835,37,37,37,1,0,0.405405405405,0.540540540541,0.0540540540541,37,0.128378378378,1.93948588589,9.24324324324,7.77272727273,4.88571428571,4.62123964493,0.499958675036,0.278647068121,5.98772518181,1.29558965922,0.64801643749,4.13891660107,0.895555054033,0.472577840999,0.904236697501,0.466224943466,2.704,1.93948588589,0.904236697501,2.704,0.0306965865789,0.0201793721973,12,0.0015444015444,0.187211392292,37,37,37,1,0,0.405405405405,0.540540540541,0.0540540540541,37,296,0.222222222222,2.55583817859,16,12.3333333333,8.22222222222,5.06074215023,0.316296384389,0.149926953981,8.2697574867,1.03371968584,0.547479912345,7.23033732116,0.903792165145,0.4746165084,1.71710921922,0.671838003516,6.5123298501,2.55583817859,1.71710921922,6.5123298501,0.257526749178,0.239872746554,377,0.0485199485199,0.398031204179,37,37,37,1,0,0.351351351351,0.621621621622,0.027027027027,-46,-0.0345345345345,0.830549360478,-2.48648648649,-3.21212121212,-1.54920634921,-0.306968005164,0.0259377941122,0.00728431133837,-1.23873405567,0.00502323242313,0.00298805206344,-0.822976025273,0.0325272709403,0.0127862570964,1.07650964889,0.300538100798,4.5123298501,0.830549360478,1.07650964889,4.5123298501,-0.0865446450697,-0.136696291103,-433,-0.0557271557272,-0.171545624171,-0.0540540540541,0.0810810810811,-0.027027027027,287,9,55,981,0.83918128655,0.990909090909,0.00909090909091,0.16081871345,0.969594594595,0.83918128655,0.899686520376,0.872228547122,0.830090377459,0.817663817664,125,171,0,0,0,0
2127,WLNM_dir_neg,0.953395916692,0.791065335267,00:00:05,10,50,37,1237612672,threshold_sweep,0.3,0.935483870968,0.678362573099,0.786440677966,116,8,55,334,0.678362573099,0.976608187135,0.0233918128655,0.321637426901,0.935483870968,0.678362573099,0.786440677966,0.877192982456,0.586094866797,0.703296703297,0.72118614921,0.654970760234,342,171,171,0,342,0,171,0,171,37,342,0.256756756757,1.72528881811,18.4864864865,15.5454545455,9.77142857143,5.36771015539,0.290358590277,0.142642642643,9.50849154237,1.02869645341,0.544491860281,8.05331334643,0.871264894205,0.461830251304,0.640599570326,0.371299902718,2,1.72528881811,0.640599570326,2,0.344071394247,0.376569037657,810,0.104247104247,0.56957682835,37,37,37,1,0,0.405405405405,0.540540540541,0.0540540540541,37,0.128378378378,1.93948588589,9.24324324324,7.77272727273,4.88571428571,4.62123964493,0.499958675036,0.278647068121,5.98772518181,1.29558965922,0.64801643749,4.13891660107,0.895555054033,0.472577840999,0.904236697501,0.466224943466,2.704,1.93948588589,0.904236697501,2.704,0.0306965865789,0.0201793721973,12,0.0015444015444,0.187211392292,37,37,37,1,0,0.405405405405,0.540540540541,0.0540540540541,37,295,0.221471471471,2.55310372253,15.9459459459,12.2916666667,8.19444444444,4.99414071102,0.313191875098,0.149152542373,8.24448127364,1.03405358347,0.547320201557,7.25521454804,0.909976061958,0.477691250573,1.71643862723,0.672294906032,6.51205113127,2.55310372253,1.71643862723,6.51205113127,0.250922829911,0.232349165597,362,0.0465894465894,0.399894148156,37,37,37,1,0,0.351351351351,0.621621621622,0.027027027027,-47,-0.0352852852853,0.827814904415,-2.54054054054,-3.25378787879,-1.57698412698,-0.373569444376,0.0228332848206,0.00650989973024,-1.26401026873,0.00535713005922,0.00282834127616,-0.798098798391,0.0387111677531,0.0158609992687,1.0758390569,0.300995003315,4.51205113127,0.827814904415,1.0758390569,4.51205113127,-0.0931485643362,-0.14421987206,-448,-0.0576576576577,-0.169682680194,-0.0540540540541,0.0810810810811,-0.027027027027,287,8,55,982,0.83918128655,0.991919191919,0.00808080808081,0.16081871345,0.972881355932,0.83918128655,0.901098901099,0.874346944078,0.831100478469,0.82,124,171,0,0,0,0
2128,WLNM_dir_neg,0.953395916692,0.791065335267,00:00:05,10,50,37,1237612672,threshold_sweep,0.4,0.950819672131,0.678362573099,0.79180887372,116,6,55,336,0.678362573099,0.982456140351,0.0175438596491,0.321637426901,0.950819672131,0.678362573099,0.79180887372,0.881091617934,0.587394411956,0.711811023622,0.731686677127,0.66081871345,342,171,171,0,342,0,171,0,171,37,342,0.256756756757,1.72528881811,18.4864864865,15.5454545455,9.77142857143,5.36771015539,0.290358590277,0.142642642643,9.50849154237,1.02869645341,0.544491860281,8.05331334643,0.871264894205,0.461830251304,0.640599570326,0.371299902718,2,1.72528881811,0.640599570326,2,0.344071394247,0.376569037657,810,0.104247104247,0.56957682835,37,37,37,1,0,0.405405405405,0.540540540541,0.0540540540541,37,0.128378378378,1.93948588589,9.24324324324,7.77272727273,4.88571428571,4.62123964493,0.499958675036,0.278647068121,5.98772518181,1.29558965922,0.64801643749,4.13891660107,0.895555054033,0.472577840999,0.904236697501,0.466224943466,2.704,1.93948588589,0.904236697501,2.704,0.0306965865789,0.0201793721973,12,0.0015444015444,0.187211392292,37,37,37,1,0,0.405405405405,0.540540540541,0.0540540540541,37,293,0.21996996997,2.36090151429,15.8378378378,12.7391304348,8.13888888889,4.90755377801,0.309862610557,0.145281800572,8.23737545304,1.04021464765,0.549211327368,7.28917911236,0.9204765432,0.481505396181,1.67124608355,0.7078847099,6.35748792271,2.36090151429,1.67124608355,6.35748792271,0.245142281561,0.22509702458,348,0.0447876447876,0.437258251709,37,37,37,1,0,0.378378378378,0.594594594595,0.027027027027,-49,-0.0367867867868,0.635612696175,-2.64864864865,-2.80632411067,-1.63253968254,-0.460156377381,0.01950402028,0.00263915792926,-1.27111608933,0.0115181942388,0.00471946708699,-0.76413423407,0.0492116489947,0.0196751448772,1.03064651322,0.336584807183,4.35748792271,0.635612696175,1.03064651322,4.35748792271,-0.0989291126864,-0.151472013077,-462,-0.0594594594595,-0.132318576641,-0.027027027027,0.0540540540541,-0.027027027027,287,6,55,984,0.83918128655,0.993939393939,0.00606060606061,0.16081871345,0.9795221843,0.83918128655,0.903937007874,0.878611698379,0.833120680489,0.824712643678,122,171,0,0,0,0
2129,WLNM_dir_neg,0.953395916692,0.791065335267,00:00:05,10,50,37,1237612672,threshold_sweep,0.5,0.95867768595,0.678362573099,0.794520547945,116,5,55,337,0.678362573099,0.985380116959,0.0146198830409,0.321637426901,0.95867768595,0.678362573099,0.794520547945,0.883040935673,0.588044184535,0.716088328076,0.737012987013,0.663742690058,342,171,171,0,342,0,171,0,171,37,342,0.256756756757,1.72528881811,18.4864864865,15.5454545455,9.77142857143,5.36771015539,0.290358590277,0.142642642643,9.50849154237,1.02869645341,0.544491860281,8.05331334643,0.871264894205,0.461830251304,0.640599570326,0.371299902718,2,1.72528881811,0.640599570326,2,0.344071394247,0.376569037657,810,0.104247104247,0.56957682835,37,37,37,1,0,0.405405405405,0.540540540541,0.0540540540541,37,0.128378378378,1.93948588589,9.24324324324,7.77272727273,4.88571428571,4.62123964493,0.499958675036,0.278647068121,5.98772518181,1.29558965922,0.64801643749,4.13891660107,0.895555054033,0.472577840999,0.904236697501,0.466224943466,2.704,1.93948588589,0.904236697501,2.704,0.0306965865789,0.0201793721973,12,0.0015444015444,0.187211392292,37,37,37,1,0,0.405405405405,0.540540540541,0.0540540540541,37,292,0.219219219219,2.359498877,15.7837837838,12.6956521739,8.34285714286,4.8024018015,0.304261757972,0.142539800074,8.19140397607,1.03795187368,0.547945205479,7.31734538911,0.927197874648,0.486301369863,1.67074528335,0.708093273379,6.35748792271,2.359498877,1.67074528335,6.35748792271,0.245142281561,0.22509702458,348,0.0447876447876,0.438505187257,37,37,37,1,0,0.378378378378,0.567567567568,0.0540540540541,-50,-0.0375375375375,0.634210058885,-2.7027027027,-2.84980237154,-1.42857142857,-0.565308353892,0.0139031676947,-0.000102842568596,-1.31708756631,0.0092554202647,0.00345334519812,-0.735967957323,0.0559329804427,0.0244711185591,1.03014571302,0.336793370661,4.35748792271,0.634210058885,1.03014571302,4.35748792271,-0.0989291126864,-0.151472013077,-462,-0.0594594594595,-0.131071641093,-0.027027027027,0.027027027027,0,287,5,55,985,0.83918128655,0.994949494949,0.00505050505051,0.16081871345,0.982876712329,0.83918128655,0.905362776025,0.880758215751,0.834130781499,0.827089337176,121,171,0,0,0,0
2130,WLNM_dir_neg,0.953395916692,0.791065335267,00:00:05,10,50,37,1237612672,threshold_sweep,0.6,0.955752212389,0.631578947368,0.760563380282,108,5,63,337,0.631578947368,0.985380116959,0.0146198830409,0.368421052632,0.955752212389,0.631578947368,0.760563380282,0.867446393762,0.593242365172,0.674121405751,0.701775561026,0.616959064327,342,171,171,0,342,0,171,0,171,37,342,0.256756756757,1.72528881811,18.4864864865,15.5454545455,9.77142857143,5.36771015539,0.290358590277,0.142642642643,9.50849154237,1.02869645341,0.544491860281,8.05331334643,0.871264894205,0.461830251304,0.640599570326,0.371299902718,2,1.72528881811,0.640599570326,2,0.344071394247,0.376569037657,810,0.104247104247,0.56957682835,37,37,37,1,0,0.405405405405,0.540540540541,0.0540540540541,37,0.128378378378,1.93948588589,9.24324324324,7.77272727273,4.88571428571,4.62123964493,0.499958675036,0.278647068121,5.98772518181,1.29558965922,0.64801643749,4.13891660107,0.895555054033,0.472577840999,0.904236697501,0.466224943466,2.704,1.93948588589,0.904236697501,2.704,0.0306965865789,0.0201793721973,12,0.0015444015444,0.187211392292,37,37,37,1,0,0.405405405405,0.540540540541,0.0540540540541,37,284,0.213213213213,2.37481752424,15.3513513514,12.347826087,8.11428571429,4.69169606987,0.305621046805,0.14350970689,8.04865086712,1.04859183832,0.555005709935,7.04767122315,0.918182518509,0.484012181195,1.67450276486,0.705107970514,6.35748792271,2.37481752424,1.67450276486,6.35748792271,0.241369468969,0.215748748293,316,0.0406692406692,0.412260382571,37,37,37,1,0,0.378378378378,0.567567567568,0.0540540540541,-58,-0.0435435435435,0.649528706128,-3.13513513514,-3.1976284585,-1.65714285714,-0.676014085526,0.0152624565276,0.000867064247346,-1.45984067526,0.0198953849071,0.010513849654,-1.00564212328,0.0469176243046,0.0221819298913,1.03390319453,0.333808067796,4.35748792271,0.649528706128,1.03390319453,4.35748792271,-0.102701925279,-0.160820289364,-494,-0.0635778635779,-0.157316445779,-0.027027027027,0.027027027027,0,279,5,63,985,0.815789473684,0.994949494949,0.00505050505051,0.184210526316,0.982394366197,0.815789473684,0.891373801917,0.864712798805,0.810738968634,0.804034582133,113,171,0,0,0,0
2131,WLNM_dir_neg,0.953395916692,0.791065335267,00:00:05,10,50,37,1237612672,threshold_sweep,0.7,0.955752212389,0.631578947368,0.760563380282,108,5,63,337,0.631578947368,0.985380116959,0.0146198830409,0.368421052632,0.955752212389,0.631578947368,0.760563380282,0.867446393762,0.593242365172,0.674121405751,0.701775561026,0.616959064327,342,171,171,0,342,0,171,0,171,37,342,0.256756756757,1.72528881811,18.4864864865,15.5454545455,9.77142857143,5.36771015539,0.290358590277,0.142642642643,9.50849154237,1.02869645341,0.544491860281,8.05331334643,0.871264894205,0.461830251304,0.640599570326,0.371299902718,2,1.72528881811,0.640599570326,2,0.344071394247,0.376569037657,810,0.104247104247,0.56957682835,37,37,37,1,0,0.405405405405,0.540540540541,0.0540540540541,37,0.128378378378,1.93948588589,9.24324324324,7.77272727273,4.88571428571,4.62123964493,0.499958675036,0.278647068121,5.98772518181,1.29558965922,0.64801643749,4.13891660107,0.895555054033,0.472577840999,0.904236697501,0.466224943466,2.704,1.93948588589,0.904236697501,2.704,0.0306965865789,0.0201793721973,12,0.0015444015444,0.187211392292,37,37,37,1,0,0.405405405405,0.540540540541,0.0540540540541,37,284,0.213213213213,2.37481752424,15.3513513514,12.347826087,8.11428571429,4.69169606987,0.305621046805,0.14350970689,8.04865086712,1.04859183832,0.555005709935,7.04767122315,0.918182518509,0.484012181195,1.67450276486,0.705107970514,6.35748792271,2.37481752424,1.67450276486,6.35748792271,0.241369468969,0.215748748293,316,0.0406692406692,0.412260382571,37,37,37,1,0,0.378378378378,0.567567567568,0.0540540540541,-58,-0.0435435435435,0.649528706128,-3.13513513514,-3.1976284585,-1.65714285714,-0.676014085526,0.0152624565276,0.000867064247346,-1.45984067526,0.0198953849071,0.010513849654,-1.00564212328,0.0469176243046,0.0221819298913,1.03390319453,0.333808067796,4.35748792271,0.649528706128,1.03390319453,4.35748792271,-0.102701925279,-0.160820289364,-494,-0.0635778635779,-0.157316445779,-0.027027027027,0.027027027027,0,279,5,63,985,0.815789473684,0.994949494949,0.00505050505051,0.184210526316,0.982394366197,0.815789473684,0.891373801917,0.864712798805,0.810738968634,0.804034582133,113,171,0,0,0,0
2132,WLNM_dir_neg,0.953395916692,0.791065335267,00:00:05,10,50,37,1237612672,threshold_sweep,0.8,0.955752212389,0.631578947368,0.760563380282,108,5,63,337,0.631578947368,0.985380116959,0.0146198830409,0.368421052632,0.955752212389,0.631578947368,0.760563380282,0.867446393762,0.593242365172,0.674121405751,0.701775561026,0.616959064327,342,171,171,0,342,0,171,0,171,37,342,0.256756756757,1.72528881811,18.4864864865,15.5454545455,9.77142857143,5.36771015539,0.290358590277,0.142642642643,9.50849154237,1.02869645341,0.544491860281,8.05331334643,0.871264894205,0.461830251304,0.640599570326,0.371299902718,2,1.72528881811,0.640599570326,2,0.344071394247,0.376569037657,810,0.104247104247,0.56957682835,37,37,37,1,0,0.405405405405,0.540540540541,0.0540540540541,37,0.128378378378,1.93948588589,9.24324324324,7.77272727273,4.88571428571,4.62123964493,0.499958675036,0.278647068121,5.98772518181,1.29558965922,0.64801643749,4.13891660107,0.895555054033,0.472577840999,0.904236697501,0.466224943466,2.704,1.93948588589,0.904236697501,2.704,0.0306965865789,0.0201793721973,12,0.0015444015444,0.187211392292,37,37,37,1,0,0.405405405405,0.540540540541,0.0540540540541,37,284,0.213213213213,2.37481752424,15.3513513514,12.347826087,8.11428571429,4.69169606987,0.305621046805,0.14350970689,8.04865086712,1.04859183832,0.555005709935,7.04767122315,0.918182518509,0.484012181195,1.67450276486,0.705107970514,6.35748792271,2.37481752424,1.67450276486,6.35748792271,0.241369468969,0.215748748293,316,0.0406692406692,0.412260382571,37,37,37,1,0,0.378378378378,0.567567567568,0.0540540540541,-58,-0.0435435435435,0.649528706128,-3.13513513514,-3.1976284585,-1.65714285714,-0.676014085526,0.0152624565276,0.000867064247346,-1.45984067526,0.0198953849071,0.010513849654,-1.00564212328,0.0469176243046,0.0221819298913,1.03390319453,0.333808067796,4.35748792271,0.649528706128,1.03390319453,4.35748792271,-0.102701925279,-0.160820289364,-494,-0.0635778635779,-0.157316445779,-0.027027027027,0.027027027027,0,279,5,63,985,0.815789473684,0.994949494949,0.00505050505051,0.184210526316,0.982394366197,0.815789473684,0.891373801917,0.864712798805,0.810738968634,0.804034582133,113,171,0,0,0,0
2133,WLNM_dir_neg,0.953395916692,0.791065335267,00:00:05,10,50,37,1237612672,threshold_sweep,0.9,0.963963963964,0.625730994152,0.758865248227,107,4,64,338,0.625730994152,0.988304093567,0.0116959064327,0.374269005848,0.963963963964,0.625730994152,0.758865248227,0.867446393762,0.594541910331,0.673076923077,0.702958652614,0.614035087719,342,171,171,0,342,0,171,0,171,37,342,0.256756756757,1.72528881811,18.4864864865,15.5454545455,9.77142857143,5.36771015539,0.290358590277,0.142642642643,9.50849154237,1.02869645341,0.544491860281,8.05331334643,0.871264894205,0.461830251304,0.640599570326,0.371299902718,2,1.72528881811,0.640599570326,2,0.344071394247,0.376569037657,810,0.104247104247,0.56957682835,37,37,37,1,0,0.405405405405,0.540540540541,0.0540540540541,37,0.128378378378,1.93948588589,9.24324324324,7.77272727273,4.88571428571,4.62123964493,0.499958675036,0.278647068121,5.98772518181,1.29558965922,0.64801643749,4.13891660107,0.895555054033,0.472577840999,0.904236697501,0.466224943466,2.704,1.93948588589,0.904236697501,2.704,0.0306965865789,0.0201793721973,12,0.0015444015444,0.187211392292,37,37,37,1,0,0.405405405405,0.540540540541,0.0540540540541,37,282,0.211711711712,2.12499559712,15.2432432432,12.2608695652,8.05714285714,4.73993322389,0.310953066106,0.14452750623,8.02202299005,1.05253493132,0.555683342917,7.08422093008,0.929489980188,0.488211615871,1.1973641524,0.563466650952,4.61835748792,2.12499559712,1.1973641524,4.61835748792,0.23499791732,0.207182320442,300,0.03861003861,0.412540940335,37,37,37,1,0,0.378378378378,0.567567567568,0.0540540540541,-60,-0.045045045045,0.399706779003,-3.24324324324,-3.28458498024,-1.71428571429,-0.6277769315,0.0205944758293,0.00188486358699,-1.48646855233,0.0238384779035,0.0111914826361,-0.969092416354,0.058225085983,0.0263813645673,0.556764582069,0.192166748234,2.61835748792,0.399706779003,0.556764582069,2.61835748792,-0.109073476928,-0.169386717215,-510,-0.0656370656371,-0.157035888014,-0.027027027027,0.027027027027,0,278,4,64,986,0.812865497076,0.99595959596,0.0040404040404,0.187134502924,0.985815602837,0.812865497076,0.891025641026,0.864900330377,0.808825093036,0.803468208092,111,171,0,0,0,0
2134,WLNM_dir_neg,0.972162374748,0.893227605794,00:00:06,10,50,38,1237612673,threshold_sweep,0.1,0.886904761905,0.87134502924,0.879056047198,149,19,22,323,0.87134502924,0.944444444444,0.0555555555556,0.12865497076,0.886904761905,0.87134502924,0.879056047198,0.92007797271,0.557504873294,0.819383259912,0.819454825588,0.815789473684,342,171,171,0,342,0,171,0,171,37,342,0.256756756757,1.72528881811,18.4864864865,15.5454545455,9.77142857143,5.36771015539,0.290358590277,0.142642642643,9.50849154237,1.02869645341,0.544491860281,8.05331334643,0.871264894205,0.461830251304,0.640599570326,0.371299902718,2,1.72528881811,0.640599570326,2,0.344071394247,0.376569037657,810,0.104247104247,0.56957682835,37,37,37,1,0,0.405405405405,0.540540540541,0.0540540540541,37,0.128378378378,1.91490049055,9.24324324324,7.77272727273,4.88571428571,4.71054022265,0.509619848649,0.283862810179,5.93179451652,1.2834877024,0.645803698435,4.19226371726,0.907097997302,0.475738896792,0.862242151089,0.450280395949,2.35555555556,1.91490049055,0.862242151089,2.35555555556,0.0484422304275,0.0150250417362,9,0.0011583011583,0.190763021655,37,37,37,1,0,0.405405405405,0.540540540541,0.0540540540541,37,339,0.254504504505,3.15237367174,18.3243243243,13.0384615385,9.16216216216,5.59788677416,0.30548939623,0.144463047118,9.09674396423,0.992859960698,0.526668261182,7.82983437285,0.854583692612,0.448855935582,2.02398038315,0.642049640654,8.74812785891,3.15237367174,2.02398038315,8.74812785891,0.344744279331,0.347545860188,701,0.0902187902188,0.407704402857,37,37,37,1,0,0.297297297297,0.702702702703,0,-3,-0.00225225225225,1.42708485363,-0.162162162162,-2.50699300699,-0.609266409266,0.230176618769,0.0151308059529,0.00182040447527,-0.411747578145,-0.0358364927172,-0.0178235990998,-0.223478973581,-0.0166812015926,-0.0129743157223,1.38338081282,0.270749737936,6.74812785891,1.42708485363,1.38338081282,6.74812785891,0.000672885083695,-0.0290231774685,-109,-0.0140283140283,-0.161872425493,-0.108108108108,0.162162162162,-0.0540540540541,320,19,22,971,0.93567251462,0.980808080808,0.0191919191919,0.0643274853801,0.94395280236,0.93567251462,0.939794419971,0.919135311214,0.916480595428,0.886426592798,168,171,0,0,0,0
2135,WLNM_dir_neg,0.972162374748,0.893227605794,00:00:06,10,50,38,1237612673,threshold_sweep,0.2,0.925,0.865497076023,0.894259818731,148,12,23,330,0.865497076023,0.964912280702,0.0350877192982,0.134502923977,0.925,0.865497076023,0.894259818731,0.931773879142,0.562703053931,0.843982169391,0.844998617093,0.830409356725,342,171,171,0,342,0,171,0,171,37,342,0.256756756757,1.72528881811,18.4864864865,15.5454545455,9.77142857143,5.36771015539,0.290358590277,0.142642642643,9.50849154237,1.02869645341,0.544491860281,8.05331334643,0.871264894205,0.461830251304,0.640599570326,0.371299902718,2,1.72528881811,0.640599570326,2,0.344071394247,0.376569037657,810,0.104247104247,0.56957682835,37,37,37,1,0,0.405405405405,0.540540540541,0.0540540540541,37,0.128378378378,1.91490049055,9.24324324324,7.77272727273,4.88571428571,4.71054022265,0.509619848649,0.283862810179,5.93179451652,1.2834877024,0.645803698435,4.19226371726,0.907097997302,0.475738896792,0.862242151089,0.450280395949,2.35555555556,1.91490049055,0.862242151089,2.35555555556,0.0484422304275,0.0150250417362,9,0.0011583011583,0.190763021655,37,37,37,1,0,0.405405405405,0.540540540541,0.0540540540541,37,331,0.248498498498,2.17083267599,17.8918918919,14.3913043478,8.94594594595,5.43539727559,0.3037910864,0.141830652405,9.13766912276,1.02143129167,0.538254266351,7.97546914658,0.891517699165,0.463950355189,1.40311793857,0.646350109839,6,2.17083267599,1.40311793857,6,0.330958021046,0.33546972508,663,0.0853281853282,0.51205651773,37,37,37,1,0,0.378378378378,0.621621621622,0,-11,-0.00825825825826,0.445543857876,-0.594594594595,-1.15415019763,-0.825482625483,0.0676871202015,0.0134324961232,-0.000811990237972,-0.370822419617,-0.00726516174704,-0.00623759393039,-0.0778441998506,0.0202528049601,0.00212010388509,0.762518368243,0.275050207122,4,0.445543857876,0.762518368243,4,-0.0131133732017,-0.0410993125768,-147,-0.0189189189189,-0.0575203106197,-0.027027027027,0.0810810810811,-0.0540540540541,319,12,23,978,0.932748538012,0.987878787879,0.0121212121212,0.0672514619883,0.963746223565,0.932748538012,0.947994056464,0.930643773641,0.92062732589,0.901129943503,160,171,0,0,0,0
2136,WLNM_dir_neg,0.972162374748,0.893227605794,00:00:06,10,50,38,1237612673,threshold_sweep,0.3,0.936708860759,0.865497076023,0.899696048632,148,10,23,332,0.865497076023,0.970760233918,0.0292397660819,0.134502923977,0.936708860759,0.865497076023,0.899696048632,0.93567251462,0.56400259909,0.852459016393,0.853902559447,0.836257309942,342,171,171,0,342,0,171,0,171,37,342,0.256756756757,1.72528881811,18.4864864865,15.5454545455,9.77142857143,5.36771015539,0.290358590277,0.142642642643,9.50849154237,1.02869645341,0.544491860281,8.05331334643,0.871264894205,0.461830251304,0.640599570326,0.371299902718,2,1.72528881811,0.640599570326,2,0.344071394247,0.376569037657,810,0.104247104247,0.56957682835,37,37,37,1,0,0.405405405405,0.540540540541,0.0540540540541,37,0.128378378378,1.91490049055,9.24324324324,7.77272727273,4.88571428571,4.71054022265,0.509619848649,0.283862810179,5.93179451652,1.2834877024,0.645803698435,4.19226371726,0.907097997302,0.475738896792,0.862242151089,0.450280395949,2.35555555556,1.91490049055,0.862242151089,2.35555555556,0.0484422304275,0.0150250417362,9,0.0011583011583,0.190763021655,37,37,37,1,0,0.405405405405,0.540540540541,0.0540540540541,37,329,0.246996996997,2.16191902072,17.7837837838,14.3043478261,8.89189189189,5.3858618166,0.30285241218,0.141707056601,9.06392049031,1.01934668128,0.536761685698,8.02698152685,0.902730445269,0.470878173006,1.39971261506,0.647439890969,6,2.16191902072,1.39971261506,6,0.33133249884,0.33604473818,661,0.0850707850708,0.515753662452,37,37,37,1,0,0.378378378378,0.621621621622,0,-13,-0.00975975975976,0.436630202607,-0.702702702703,-1.24110671937,-0.879536679537,0.0181516612065,0.0124938219025,-0.000935586041969,-0.444571052065,-0.00934977213379,-0.00773017458348,-0.0263318195817,0.0314655510643,0.0090479217019,0.759113044733,0.276139988251,4,0.436630202607,0.759113044733,4,-0.0127388954079,-0.0405242994769,-149,-0.0191763191763,-0.0538231658982,-0.027027027027,0.0810810810811,-0.0540540540541,319,10,23,980,0.932748538012,0.989898989899,0.010101010101,0.0672514619883,0.969604863222,0.932748538012,0.950819672131,0.934583388052,0.922647527911,0.90625,158,171,0,0,0,0
2137,WLNM_dir_neg,0.972162374748,0.893227605794,00:00:06,10,50,38,1237612673,threshold_sweep,0.4,0.942307692308,0.859649122807,0.899082568807,147,9,24,333,0.859649122807,0.973684210526,0.0263157894737,0.140350877193,0.942307692308,0.859649122807,0.899082568807,0.93567251462,0.56530214425,0.85201793722,0.85395199004,0.833333333333,342,171,171,0,342,0,171,0,171,37,342,0.256756756757,1.72528881811,18.4864864865,15.5454545455,9.77142857143,5.36771015539,0.290358590277,0.142642642643,9.50849154237,1.02869645341,0.544491860281,8.05331334643,0.871264894205,0.461830251304,0.640599570326,0.371299902718,2,1.72528881811,0.640599570326,2,0.344071394247,0.376569037657,810,0.104247104247,0.56957682835,37,37,37,1,0,0.405405405405,0.540540540541,0.0540540540541,37,0.128378378378,1.91490049055,9.24324324324,7.77272727273,4.88571428571,4.71054022265,0.509619848649,0.283862810179,5.93179451652,1.2834877024,0.645803698435,4.19226371726,0.907097997302,0.475738896792,0.862242151089,0.450280395949,2.35555555556,1.91490049055,0.862242151089,2.35555555556,0.0484422304275,0.0150250417362,9,0.0011583011583,0.190763021655,37,37,37,1,0,0.405405405405,0.540540540541,0.0540540540541,37,327,0.245495495495,2.42455670053,17.6756756757,14.2173913043,8.83783783784,5.46734779321,0.309314783408,0.146293082073,9.05696022562,1.02479366467,0.538060996777,7.98440672503,0.90343440008,0.472105132656,1.96443475972,0.810224301741,8,2.42455670053,1.96443475972,8,0.3307180991,0.336467772269,656,0.0844272844273,0.51096755319,37,37,37,1,0,0.378378378378,0.621621621622,0,-15,-0.0112612612613,0.699267882419,-0.810810810811,-1.32806324111,-0.933590733591,0.0996376378143,0.0189561931306,0.00365043943026,-0.451531316751,-0.0039027887418,-0.00643086350474,-0.0689066214013,0.0321695058753,0.0102748813517,1.3238351894,0.438924399024,6,0.699267882419,1.3238351894,6,-0.0133532951476,-0.0401012653881,-154,-0.0198198198198,-0.0586092751594,-0.027027027027,0.0810810810811,-0.0540540540541,318,9,24,981,0.929824561404,0.990909090909,0.00909090909091,0.0701754385965,0.97247706422,0.929824561404,0.95067264574,0.934561228503,0.920733652313,0.905982905983,156,171,0,0,0,0
2138,WLNM_dir_neg,0.972162374748,0.893227605794,00:00:06,10,50,38,1237612673,threshold_sweep,0.5,0.948051948052,0.853801169591,0.898461538462,146,8,25,334,0.853801169591,0.976608187135,0.0233918128655,0.146198830409,0.948051948052,0.853801169591,0.898461538462,0.93567251462,0.566601689409,0.851574212894,0.854074504181,0.830409356725,342,171,171,0,342,0,171,0,171,37,342,0.256756756757,1.72528881811,18.4864864865,15.5454545455,9.77142857143,5.36771015539,0.290358590277,0.142642642643,9.50849154237,1.02869645341,0.544491860281,8.05331334643,0.871264894205,0.461830251304,0.640599570326,0.371299902718,2,1.72528881811,0.640599570326,2,0.344071394247,0.376569037657,810,0.104247104247,0.56957682835,37,37,37,1,0,0.405405405405,0.540540540541,0.0540540540541,37,0.128378378378,1.91490049055,9.24324324324,7.77272727273,4.88571428571,4.71054022265,0.509619848649,0.283862810179,5.93179451652,1.2834877024,0.645803698435,4.19226371726,0.907097997302,0.475738896792,0.862242151089,0.450280395949,2.35555555556,1.91490049055,0.862242151089,2.35555555556,0.0484422304275,0.0150250417362,9,0.0011583011583,0.190763021655,37,37,37,1,0,0.405405405405,0.540540540541,0.0540540540541,37,325,0.243993993994,2.4237768548,17.5675675676,14.1304347826,8.78378378378,5.40339677395,0.307577970209,0.147276507277,8.9664037605,1.02079058197,0.536216216216,8.03165658551,0.914373211273,0.477671517672,1.96432816792,0.810441012353,8,2.4237768548,1.96432816792,8,0.320870611951,0.32547660312,626,0.0805662805663,0.514059912635,37,37,37,1,0,0.378378378378,0.621621621622,0,-17,-0.0127627627628,0.698488036682,-0.918918918919,-1.41501976285,-0.987644787645,0.0356866185533,0.0172193799321,0.00463386463386,-0.54208778187,-0.00790587144963,-0.00827564406512,-0.0216567609279,0.0431083170682,0.0158412663676,1.32372859759,0.439141109635,6,0.698488036682,1.32372859759,6,-0.0232007822965,-0.0510924345373,-184,-0.0236808236808,-0.0555169157152,-0.027027027027,0.0810810810811,-0.0540540540541,317,8,25,982,0.926900584795,0.991919191919,0.00808080808081,0.0730994152047,0.975384615385,0.926900584795,0.950524737631,0.93455436216,0.918819776715,0.905714285714,154,171,0,0,0,0
2139,WLNM_dir_neg,0.972162374748,0.893227605794,00:00:06,10,50,38,1237612673,threshold_sweep,0.6,0.948051948052,0.853801169591,0.898461538462,146,8,25,334,0.853801169591,0.976608187135,0.0233918128655,0.146198830409,0.948051948052,0.853801169591,0.898461538462,0.93567251462,0.566601689409,0.851574212894,0.854074504181,0.830409356725,342,171,171,0,342,0,171,0,171,37,342,0.256756756757,1.72528881811,18.4864864865,15.5454545455,9.77142857143,5.36771015539,0.290358590277,0.142642642643,9.50849154237,1.02869645341,0.544491860281,8.05331334643,0.871264894205,0.461830251304,0.640599570326,0.371299902718,2,1.72528881811,0.640599570326,2,0.344071394247,0.376569037657,810,0.104247104247,0.56957682835,37,37,37,1,0,0.405405405405,0.540540540541,0.0540540540541,37,0.128378378378,1.91490049055,9.24324324324,7.77272727273,4.88571428571,4.71054022265,0.509619848649,0.283862810179,5.93179451652,1.2834877024,0.645803698435,4.19226371726,0.907097997302,0.475738896792,0.862242151089,0.450280395949,2.35555555556,1.91490049055,0.862242151089,2.35555555556,0.0484422304275,0.0150250417362,9,0.0011583011583,0.190763021655,37,37,37,1,0,0.405405405405,0.540540540541,0.0540540540541,37,325,0.243993993994,2.4237768548,17.5675675676,14.1304347826,8.78378378378,5.40339677395,0.307577970209,0.147276507277,8.9664037605,1.02079058197,0.536216216216,8.03165658551,0.914373211273,0.477671517672,1.96432816792,0.810441012353,8,2.4237768548,1.96432816792,8,0.320870611951,0.32547660312,626,0.0805662805663,0.514059912635,37,37,37,1,0,0.378378378378,0.621621621622,0,-17,-0.0127627627628,0.698488036682,-0.918918918919,-1.41501976285,-0.987644787645,0.0356866185533,0.0172193799321,0.00463386463386,-0.54208778187,-0.00790587144963,-0.00827564406512,-0.0216567609279,0.0431083170682,0.0158412663676,1.32372859759,0.439141109635,6,0.698488036682,1.32372859759,6,-0.0232007822965,-0.0510924345373,-184,-0.0236808236808,-0.0555169157152,-0.027027027027,0.0810810810811,-0.0540540540541,317,8,25,982,0.926900584795,0.991919191919,0.00808080808081,0.0730994152047,0.975384615385,0.926900584795,0.950524737631,0.93455436216,0.918819776715,0.905714285714,154,171,0,0,0,0
2140,WLNM_dir_neg,0.972162374748,0.893227605794,00:00:06,10,50,38,1237612673,threshold_sweep,0.7,0.947368421053,0.842105263158,0.891640866873,144,8,27,334,0.842105263158,0.976608187135,0.0233918128655,0.157894736842,0.947368421053,0.842105263158,0.891640866873,0.931773879142,0.567901234568,0.842105263158,0.845215861628,0.818713450292,342,171,171,0,342,0,171,0,171,37,342,0.256756756757,1.72528881811,18.4864864865,15.5454545455,9.77142857143,5.36771015539,0.290358590277,0.142642642643,9.50849154237,1.02869645341,0.544491860281,8.05331334643,0.871264894205,0.461830251304,0.640599570326,0.371299902718,2,1.72528881811,0.640599570326,2,0.344071394247,0.376569037657,810,0.104247104247,0.56957682835,37,37,37,1,0,0.405405405405,0.540540540541,0.0540540540541,37,0.128378378378,1.91490049055,9.24324324324,7.77272727273,4.88571428571,4.71054022265,0.509619848649,0.283862810179,5.93179451652,1.2834877024,0.645803698435,4.19226371726,0.907097997302,0.475738896792,0.862242151089,0.450280395949,2.35555555556,1.91490049055,0.862242151089,2.35555555556,0.0484422304275,0.0150250417362,9,0.0011583011583,0.190763021655,37,37,37,1,0,0.405405405405,0.540540540541,0.0540540540541,37,323,0.242492492492,2.42279293278,17.4594594595,14.0434782609,8.72972972973,5.27886032836,0.302349585371,0.144590410844,8.85264759094,1.01408037419,0.533679190026,8.07137826812,0.924585126689,0.48213538616,1.96407024699,0.810663685044,8,2.42279293278,1.96407024699,8,0.30944358489,0.312676056338,592,0.0761904761905,0.515874987545,37,37,37,1,0,0.378378378378,0.621621621622,0,-19,-0.0142642642643,0.697504114668,-1.02702702703,-1.50197628458,-1.0416988417,-0.0888498270301,0.0119909950935,0.00194776820164,-0.655843951435,-0.0146160792205,-0.0108126702554,0.0180649216899,0.0533202324843,0.0203051348562,1.32347067666,0.439363782327,6,0.697504114668,1.32347067666,6,-0.0346278093579,-0.0638929813189,-218,-0.0280566280566,-0.053701840805,-0.027027027027,0.0810810810811,-0.0540540540541,315,8,27,982,0.921052631579,0.991919191919,0.00808080808081,0.0789473684211,0.975232198142,0.921052631579,0.947368421053,0.930553143206,0.912971823498,0.9,152,171,0,0,0,0
2141,WLNM_dir_neg,0.972162374748,0.893227605794,00:00:06,10,50,38,1237612673,threshold_sweep,0.8,0.946666666667,0.830409356725,0.884735202492,142,8,29,334,0.830409356725,0.976608187135,0.0233918128655,0.169590643275,0.946666666667,0.830409356725,0.884735202492,0.927875243665,0.569200779727,0.83257918552,0.836363636364,0.80701754386,342,171,171,0,342,0,171,0,171,37,342,0.256756756757,1.72528881811,18.4864864865,15.5454545455,9.77142857143,5.36771015539,0.290358590277,0.142642642643,9.50849154237,1.02869645341,0.544491860281,8.05331334643,0.871264894205,0.461830251304,0.640599570326,0.371299902718,2,1.72528881811,0.640599570326,2,0.344071394247,0.376569037657,810,0.104247104247,0.56957682835,37,37,37,1,0,0.405405405405,0.540540540541,0.0540540540541,37,0.128378378378,1.91490049055,9.24324324324,7.77272727273,4.88571428571,4.71054022265,0.509619848649,0.283862810179,5.93179451652,1.2834877024,0.645803698435,4.19226371726,0.907097997302,0.475738896792,0.862242151089,0.450280395949,2.35555555556,1.91490049055,0.862242151089,2.35555555556,0.0484422304275,0.0150250417362,9,0.0011583011583,0.190763021655,37,37,37,1,0,0.405405405405,0.540540540541,0.0540540540541,37,321,0.240990990991,2.42114722444,17.3513513514,13.9565217391,8.67567567568,5.16514072206,0.297679449714,0.14035530858,8.76246430981,1.01000367434,0.531447335186,8.09339255214,0.932883253673,0.484297381494,1.96374310117,0.811079591257,8,2.42114722444,1.96374310117,8,0.299548863688,0.29822993027,556,0.0715572715573,0.517100483064,37,37,37,1,0,0.378378378378,0.621621621622,0,-21,-0.0157657657658,0.695858406328,-1.13513513514,-1.58893280632,-1.09575289575,-0.202569433334,0.00732085943659,-0.00228733406303,-0.74602723256,-0.0186927790748,-0.0130445250957,0.0400792057038,0.0616183594684,0.0224671301897,1.32314353085,0.439779688539,6,0.695858406328,1.32314353085,6,-0.0445225305589,-0.0783391073869,-254,-0.0326898326898,-0.0524763452863,-0.027027027027,0.0810810810811,-0.0540540540541,313,8,29,982,0.915204678363,0.991919191919,0.00808080808081,0.0847953216374,0.97507788162,0.915204678363,0.94419306184,0.926550621182,0.907123870282,0.894285714286,150,171,0,0,0,0
2142,WLNM_dir_neg,0.972162374748,0.893227605794,00:00:06,10,50,38,1237612673,threshold_sweep,0.9,0.953020134228,0.830409356725,0.8875,142,7,29,335,0.830409356725,0.979532163743,0.0204678362573,0.169590643275,0.953020134228,0.830409356725,0.8875,0.929824561404,0.569850552307,0.836858006042,0.841048315261,0.809941520468,342,171,171,0,342,0,171,0,171,37,342,0.256756756757,1.72528881811,18.4864864865,15.5454545455,9.77142857143,5.36771015539,0.290358590277,0.142642642643,9.50849154237,1.02869645341,0.544491860281,8.05331334643,0.871264894205,0.461830251304,0.640599570326,0.371299902718,2,1.72528881811,0.640599570326,2,0.344071394247,0.376569037657,810,0.104247104247,0.56957682835,37,37,37,1,0,0.405405405405,0.540540540541,0.0540540540541,37,0.128378378378,1.91490049055,9.24324324324,7.77272727273,4.88571428571,4.71054022265,0.509619848649,0.283862810179,5.93179451652,1.2834877024,0.645803698435,4.19226371726,0.907097997302,0.475738896792,0.862242151089,0.450280395949,2.35555555556,1.91490049055,0.862242151089,2.35555555556,0.0484422304275,0.0150250417362,9,0.0011583011583,0.190763021655,37,37,37,1,0,0.405405405405,0.540540540541,0.0540540540541,37,320,0.24024024024,2.420347642,17.2972972973,13.9130434783,8.64864864865,5.12545317706,0.296315261799,0.139695945946,8.72167229192,1.00844335875,0.530405405405,8.11109054257,0.937844843985,0.48597972973,1.96359952069,0.811288216047,8,2.420347642,1.96359952069,8,0.294062261045,0.291193949217,539,0.0693693693694,0.518267810867,37,37,37,1,0,0.378378378378,0.621621621622,0,-22,-0.0165165165165,0.695058823884,-1.18918918919,-1.63241106719,-1.12277992278,-0.24225697833,0.00595667152186,-0.0029466966967,-0.786819250459,-0.0202530946621,-0.0140864548759,0.0577771961371,0.0665799497799,0.0241494784258,1.32299995036,0.439988313329,6,0.695058823884,1.32299995036,6,-0.050009133202,-0.0853750884403,-271,-0.0348777348777,-0.0513090174834,-0.027027027027,0.0810810810811,-0.0540540540541,313,7,29,983,0.915204678363,0.992929292929,0.00707070707071,0.0847953216374,0.978125,0.915204678363,0.945619335347,0.928571450523,0.908133971292,0.896848137536,149,171,0,0,0,0
2143,WLNM_dir_neg,0.961099141616,0.764807536107,00:00:05,10,50,39,1237612674,threshold_sweep,0.1,0.884615384615,0.80701754386,0.844036697248,138,18,33,324,0.80701754386,0.947368421053,0.0526315789474,0.19298245614,0.884615384615,0.80701754386,0.844036697248,0.900584795322,0.56530214425,0.77130044843,0.773051275194,0.754385964912,342,171,171,0,342,0,171,0,171,37,342,0.256756756757,1.72528881811,18.4864864865,15.5454545455,9.77142857143,5.36771015539,0.290358590277,0.142642642643,9.50849154237,1.02869645341,0.544491860281,8.05331334643,0.871264894205,0.461830251304,0.640599570326,0.371299902718,2,1.72528881811,0.640599570326,2,0.344071394247,0.376569037657,810,0.104247104247,0.56957682835,37,37,37,1,0,0.405405405405,0.540540540541,0.0540540540541,37,0.128378378378,1.88459459459,9.24324324324,7.77272727273,4.88571428571,4.6750246904,0.505777524985,0.28307254623,5.88477957367,1.27331487851,0.639165481271,4.36750215513,0.945015086198,0.4893314367,0.832814783609,0.441906596781,2.41333333333,1.88459459459,0.832814783609,2.41333333333,0.0687626452332,0.0234113712375,14,0.0018018018018,0.198023901214,37,37,37,1,0,0.405405405405,0.540540540541,0.0540540540541,37,327,0.245495495495,1,17.6756756757,13.625,9.08333333333,4.27560297277,0.241891911304,0.115629390859,8.3516914904,0.944992615121,0.505826927845,8.20404207122,0.928286105918,0.472931647244,0,0,0,NaN,NaN,NaN,0.242548713655,0.252642895538,470,0.0604890604891,0.49375896913,37,37,0,1,2,0.351351351351,0.621621621622,0.027027027027,-15,-0.0112612612613,-0.725288818115,-0.810810810811,-1.92045454545,-0.688095238095,-1.09210718262,-0.0484666789735,-0.0270132517839,-1.15680005198,-0.0837038382936,-0.0386649324361,0.150728724783,0.0570212117127,0.0111013959396,-0.640599570326,-0.371299902718,-2,NaN,NaN,NaN,-0.101522680592,-0.123926142118,-340,-0.043758043758,-0.0758178592199,-0.0540540540541,0.0810810810811,-0.027027027027,309,18,33,972,0.90350877193,0.981818181818,0.0181818181818,0.0964912280702,0.94495412844,0.90350877193,0.923766816143,0.898622792208,0.885326953748,0.858333333333,156,171,0,0,0,0
2144,WLNM_dir_neg,0.961099141616,0.764807536107,00:00:05,10,50,39,1237612674,threshold_sweep,0.2,0.924137931034,0.783625730994,0.848101265823,134,11,37,331,0.783625730994,0.96783625731,0.0321637426901,0.216374269006,0.924137931034,0.783625730994,0.848101265823,0.906432748538,0.572449642625,0.781155015198,0.786701928965,0.751461988304,342,171,171,0,342,0,171,0,171,37,342,0.256756756757,1.72528881811,18.4864864865,15.5454545455,9.77142857143,5.36771015539,0.290358590277,0.142642642643,9.50849154237,1.02869645341,0.544491860281,8.05331334643,0.871264894205,0.461830251304,0.640599570326,0.371299902718,2,1.72528881811,0.640599570326,2,0.344071394247,0.376569037657,810,0.104247104247,0.56957682835,37,37,37,1,0,0.405405405405,0.540540540541,0.0540540540541,37,0.128378378378,1.88459459459,9.24324324324,7.77272727273,4.88571428571,4.6750246904,0.505777524985,0.28307254623,5.88477957367,1.27331487851,0.639165481271,4.36750215513,0.945015086198,0.4893314367,0.832814783609,0.441906596781,2.41333333333,1.88459459459,0.832814783609,2.41333333333,0.0687626452332,0.0234113712375,14,0.0018018018018,0.198023901214,37,37,37,1,0,0.405405405405,0.540540540541,0.0540540540541,37,316,0.237237237237,1,17.0810810811,13.1666666667,8.77777777778,4.65103559781,0.272291641011,0.122562435854,8.25831094714,0.966954129887,0.51111871365,8.43469881763,0.987607140039,0.499828942867,0,0,0,NaN,NaN,NaN,0.237536357273,0.229724632214,406,0.0522522522523,0.504424392895,37,37,0,1,2,0.351351351351,0.621621621622,0.027027027027,-26,-0.0195195195195,-0.725288818115,-1.40540540541,-2.37878787879,-0.993650793651,-0.716674557579,-0.0180669492659,-0.0200802067891,-1.25018059523,-0.0617423235278,-0.033373146631,0.381385471197,0.116342245834,0.037998691563,-0.640599570326,-0.371299902718,-2,NaN,NaN,NaN,-0.106535036974,-0.146844405443,-404,-0.0519948519949,-0.0651524354544,-0.0540540540541,0.0810810810811,-0.027027027027,305,11,37,979,0.891812865497,0.988888888889,0.0111111111111,0.108187134503,0.965189873418,0.891812865497,0.927051671733,0.904417831936,0.880701754386,0.86402266289,145,171,0,0,0,0
2145,WLNM_dir_neg,0.961099141616,0.764807536107,00:00:05,10,50,39,1237612674,threshold_sweep,0.3,0.930555555556,0.783625730994,0.850793650794,134,10,37,332,0.783625730994,0.970760233918,0.0292397660819,0.216374269006,0.930555555556,0.783625730994,0.850793650794,0.908382066277,0.573099415205,0.785388127854,0.79142593687,0.754385964912,342,171,171,0,342,0,171,0,171,37,342,0.256756756757,1.72528881811,18.4864864865,15.5454545455,9.77142857143,5.36771015539,0.290358590277,0.142642642643,9.50849154237,1.02869645341,0.544491860281,8.05331334643,0.871264894205,0.461830251304,0.640599570326,0.371299902718,2,1.72528881811,0.640599570326,2,0.344071394247,0.376569037657,810,0.104247104247,0.56957682835,37,37,37,1,0,0.405405405405,0.540540540541,0.0540540540541,37,0.128378378378,1.88459459459,9.24324324324,7.77272727273,4.88571428571,4.6750246904,0.505777524985,0.28307254623,5.88477957367,1.27331487851,0.639165481271,4.36750215513,0.945015086198,0.4893314367,0.832814783609,0.441906596781,2.41333333333,1.88459459459,0.832814783609,2.41333333333,0.0687626452332,0.0234113712375,14,0.0018018018018,0.198023901214,37,37,37,1,0,0.405405405405,0.540540540541,0.0540540540541,37,315,0.236486486486,1,17.027027027,13.125,8.75,4.61571281654,0.271081546368,0.120806520807,8.21793979867,0.965281817621,0.509652509653,8.45452417224,0.993071093247,0.501587301587,0,0,0,NaN,NaN,NaN,0.232068551805,0.2223066692,390,0.0501930501931,0.505963694803,37,37,0,1,2,0.351351351351,0.621621621622,0.027027027027,-27,-0.0202702702703,-0.725288818115,-1.45945945946,-2.42045454545,-1.02142857143,-0.75199733885,-0.0192770439087,-0.0218361218361,-1.29055174371,-0.0634146357935,-0.0348393506288,0.401210825805,0.121806199042,0.0397570502834,-0.640599570326,-0.371299902718,-2,NaN,NaN,NaN,-0.112002842442,-0.154262368457,-420,-0.0540540540541,-0.0636131335465,-0.0540540540541,0.0810810810811,-0.027027027027,305,10,37,980,0.891812865497,0.989898989899,0.010101010101,0.108187134503,0.968253968254,0.891812865497,0.928462709285,0.906445249536,0.881711855396,0.866477272727,144,171,0,0,0,0
2146,WLNM_dir_neg,0.961099141616,0.764807536107,00:00:05,10,50,39,1237612674,threshold_sweep,0.4,0.937062937063,0.783625730994,0.853503184713,134,9,37,333,0.783625730994,0.973684210526,0.0263157894737,0.216374269006,0.937062937063,0.783625730994,0.853503184713,0.910331384016,0.573749187784,0.789634146341,0.796188472609,0.75730994152,342,171,171,0,342,0,171,0,171,37,342,0.256756756757,1.72528881811,18.4864864865,15.5454545455,9.77142857143,5.36771015539,0.290358590277,0.142642642643,9.50849154237,1.02869645341,0.544491860281,8.05331334643,0.871264894205,0.461830251304,0.640599570326,0.371299902718,2,1.72528881811,0.640599570326,2,0.344071394247,0.376569037657,810,0.104247104247,0.56957682835,37,37,37,1,0,0.405405405405,0.540540540541,0.0540540540541,37,0.128378378378,1.88459459459,9.24324324324,7.77272727273,4.88571428571,4.6750246904,0.505777524985,0.28307254623,5.88477957367,1.27331487851,0.639165481271,4.36750215513,0.945015086198,0.4893314367,0.832814783609,0.441906596781,2.41333333333,1.88459459459,0.832814783609,2.41333333333,0.0687626452332,0.0234113712375,14,0.0018018018018,0.198023901214,37,37,37,1,0,0.405405405405,0.540540540541,0.0540540540541,37,314,0.235735735736,1,16.972972973,13.0833333333,8.72222222222,4.59762309657,0.270879067792,0.121621621622,8.18746203256,0.964764634409,0.509209846789,8.47749183827,0.99894012107,0.504734033396,0,0,0,NaN,NaN,NaN,0.227010862537,0.215802563612,376,0.0483912483912,0.508182337039,37,37,0,1,2,0.351351351351,0.621621621622,0.027027027027,-28,-0.021021021021,-0.725288818115,-1.51351351351,-2.46212121212,-1.04920634921,-0.770087058821,-0.0194795224854,-0.021021021021,-1.32102950982,-0.0639318190054,-0.0352820134919,0.424178491832,0.127675226865,0.0429037820925,-0.640599570326,-0.371299902718,-2,NaN,NaN,NaN,-0.11706053171,-0.160766474045,-434,-0.0558558558559,-0.0613944913107,-0.0540540540541,0.0810810810811,-0.027027027027,305,9,37,981,0.891812865497,0.990909090909,0.00909090909091,0.108187134503,0.971337579618,0.891812865497,0.92987804878,0.908481036723,0.882721956406,0.868945868946,143,171,0,0,0,0
2147,WLNM_dir_neg,0.961099141616,0.764807536107,00:00:05,10,50,39,1237612674,threshold_sweep,0.5,0.943661971831,0.783625730994,0.856230031949,134,8,37,334,0.783625730994,0.976608187135,0.0233918128655,0.216374269006,0.943661971831,0.783625730994,0.856230031949,0.912280701754,0.574398960364,0.793893129771,0.800990237908,0.760233918129,342,171,171,0,342,0,171,0,171,37,342,0.256756756757,1.72528881811,18.4864864865,15.5454545455,9.77142857143,5.36771015539,0.290358590277,0.142642642643,9.50849154237,1.02869645341,0.544491860281,8.05331334643,0.871264894205,0.461830251304,0.640599570326,0.371299902718,2,1.72528881811,0.640599570326,2,0.344071394247,0.376569037657,810,0.104247104247,0.56957682835,37,37,37,1,0,0.405405405405,0.540540540541,0.0540540540541,37,0.128378378378,1.88459459459,9.24324324324,7.77272727273,4.88571428571,4.6750246904,0.505777524985,0.28307254623,5.88477957367,1.27331487851,0.639165481271,4.36750215513,0.945015086198,0.4893314367,0.832814783609,0.441906596781,2.41333333333,1.88459459459,0.832814783609,2.41333333333,0.0687626452332,0.0234113712375,14,0.0018018018018,0.198023901214,37,37,37,1,0,0.405405405405,0.540540540541,0.0540540540541,37,313,0.234984984985,1,16.9189189189,13.6086956522,8.69444444444,4.55447507878,0.269194213922,0.119419739228,8.21446757115,0.971039297548,0.511700198601,8.49704064364,1.0044425042,0.506346602193,0,0,0,NaN,NaN,NaN,0.227010862537,0.215802563612,376,0.0483912483912,0.553953114183,37,37,0,1,2,0.378378378378,0.594594594595,0.027027027027,-29,-0.0217717717718,-0.725288818115,-1.56756756757,-1.93675889328,-1.07698412698,-0.813235076612,-0.0211643763555,-0.0232229034146,-1.29402397122,-0.0576571558667,-0.0327916616802,0.443727297208,0.133177609996,0.0445163508893,-0.640599570326,-0.371299902718,-2,NaN,NaN,NaN,-0.11706053171,-0.160766474045,-434,-0.0558558558559,-0.0156237141668,-0.027027027027,0.0540540540541,-0.027027027027,305,8,37,982,0.891812865497,0.991919191919,0.00808080808081,0.108187134503,0.974440894569,0.891812865497,0.931297709924,0.910525260597,0.883732057416,0.871428571429,142,171,0,0,0,0
2148,WLNM_dir_neg,0.961099141616,0.764807536107,00:00:05,10,50,39,1237612674,threshold_sweep,0.6,0.95,0.777777777778,0.855305466238,133,7,38,335,0.777777777778,0.979532163743,0.0204678362573,0.222222222222,0.95,0.777777777778,0.855305466238,0.912280701754,0.575698505523,0.7932618683,0.801431360256,0.75730994152,342,171,171,0,342,0,171,0,171,37,342,0.256756756757,1.72528881811,18.4864864865,15.5454545455,9.77142857143,5.36771015539,0.290358590277,0.142642642643,9.50849154237,1.02869645341,0.544491860281,8.05331334643,0.871264894205,0.461830251304,0.640599570326,0.371299902718,2,1.72528881811,0.640599570326,2,0.344071394247,0.376569037657,810,0.104247104247,0.56957682835,37,37,37,1,0,0.405405405405,0.540540540541,0.0540540540541,37,0.128378378378,1.88459459459,9.24324324324,7.77272727273,4.88571428571,4.6750246904,0.505777524985,0.28307254623,5.88477957367,1.27331487851,0.639165481271,4.36750215513,0.945015086198,0.4893314367,0.832814783609,0.441906596781,2.41333333333,1.88459459459,0.832814783609,2.41333333333,0.0687626452332,0.0234113712375,14,0.0018018018018,0.198023901214,37,37,37,1,0,0.405405405405,0.540540540541,0.0540540540541,37,311,0.233483483483,1,16.8108108108,13.5217391304,8.63888888889,4.489728016,0.267073853042,0.116711566872,8.14950393671,0.969555130734,0.510124272182,8.54224618996,1.01628009334,0.512209959155,0,0,0,NaN,NaN,NaN,0.216525686959,0.201979045402,347,0.0446589446589,0.558729745623,37,37,0,1,2,0.378378378378,0.594594594595,0.027027027027,-31,-0.0232732732733,-0.725288818115,-1.67567567568,-2.02371541502,-1.13253968254,-0.877982139393,-0.0232847372353,-0.0259310757703,-1.35898760567,-0.0591413226811,-0.0343675880992,0.488932843531,0.145015199135,0.0503797078514,-0.640599570326,-0.371299902718,-2,NaN,NaN,NaN,-0.127545707288,-0.174589992255,-463,-0.0595881595882,-0.0108470827269,-0.027027027027,0.0540540540541,-0.027027027027,304,7,38,983,0.888888888889,0.992929292929,0.00707070707071,0.111111111111,0.977491961415,0.888888888889,0.931087289433,0.910576910861,0.881818181818,0.87106017192,140,171,0,0,0,0
2149,WLNM_dir_neg,0.961099141616,0.764807536107,00:00:05,10,50,39,1237612674,threshold_sweep,0.7,0.95,0.777777777778,0.855305466238,133,7,38,335,0.777777777778,0.979532163743,0.0204678362573,0.222222222222,0.95,0.777777777778,0.855305466238,0.912280701754,0.575698505523,0.7932618683,0.801431360256,0.75730994152,342,171,171,0,342,0,171,0,171,37,342,0.256756756757,1.72528881811,18.4864864865,15.5454545455,9.77142857143,5.36771015539,0.290358590277,0.142642642643,9.50849154237,1.02869645341,0.544491860281,8.05331334643,0.871264894205,0.461830251304,0.640599570326,0.371299902718,2,1.72528881811,0.640599570326,2,0.344071394247,0.376569037657,810,0.104247104247,0.56957682835,37,37,37,1,0,0.405405405405,0.540540540541,0.0540540540541,37,0.128378378378,1.88459459459,9.24324324324,7.77272727273,4.88571428571,4.6750246904,0.505777524985,0.28307254623,5.88477957367,1.27331487851,0.639165481271,4.36750215513,0.945015086198,0.4893314367,0.832814783609,0.441906596781,2.41333333333,1.88459459459,0.832814783609,2.41333333333,0.0687626452332,0.0234113712375,14,0.0018018018018,0.198023901214,37,37,37,1,0,0.405405405405,0.540540540541,0.0540540540541,37,311,0.233483483483,1,16.8108108108,13.5217391304,8.63888888889,4.489728016,0.267073853042,0.116711566872,8.14950393671,0.969555130734,0.510124272182,8.54224618996,1.01628009334,0.512209959155,0,0,0,NaN,NaN,NaN,0.216525686959,0.201979045402,347,0.0446589446589,0.558729745623,37,37,0,1,2,0.378378378378,0.594594594595,0.027027027027,-31,-0.0232732732733,-0.725288818115,-1.67567567568,-2.02371541502,-1.13253968254,-0.877982139393,-0.0232847372353,-0.0259310757703,-1.35898760567,-0.0591413226811,-0.0343675880992,0.488932843531,0.145015199135,0.0503797078514,-0.640599570326,-0.371299902718,-2,NaN,NaN,NaN,-0.127545707288,-0.174589992255,-463,-0.0595881595882,-0.0108470827269,-0.027027027027,0.0540540540541,-0.027027027027,304,7,38,983,0.888888888889,0.992929292929,0.00707070707071,0.111111111111,0.977491961415,0.888888888889,0.931087289433,0.910576910861,0.881818181818,0.87106017192,140,171,0,0,0,0
2150,WLNM_dir_neg,0.961099141616,0.764807536107,00:00:05,10,50,39,1237612674,threshold_sweep,0.8,0.95,0.777777777778,0.855305466238,133,7,38,335,0.777777777778,0.979532163743,0.0204678362573,0.222222222222,0.95,0.777777777778,0.855305466238,0.912280701754,0.575698505523,0.7932618683,0.801431360256,0.75730994152,342,171,171,0,342,0,171,0,171,37,342,0.256756756757,1.72528881811,18.4864864865,15.5454545455,9.77142857143,5.36771015539,0.290358590277,0.142642642643,9.50849154237,1.02869645341,0.544491860281,8.05331334643,0.871264894205,0.461830251304,0.640599570326,0.371299902718,2,1.72528881811,0.640599570326,2,0.344071394247,0.376569037657,810,0.104247104247,0.56957682835,37,37,37,1,0,0.405405405405,0.540540540541,0.0540540540541,37,0.128378378378,1.88459459459,9.24324324324,7.77272727273,4.88571428571,4.6750246904,0.505777524985,0.28307254623,5.88477957367,1.27331487851,0.639165481271,4.36750215513,0.945015086198,0.4893314367,0.832814783609,0.441906596781,2.41333333333,1.88459459459,0.832814783609,2.41333333333,0.0687626452332,0.0234113712375,14,0.0018018018018,0.198023901214,37,37,37,1,0,0.405405405405,0.540540540541,0.0540540540541,37,311,0.233483483483,1,16.8108108108,13.5217391304,8.63888888889,4.489728016,0.267073853042,0.116711566872,8.14950393671,0.969555130734,0.510124272182,8.54224618996,1.01628009334,0.512209959155,0,0,0,NaN,NaN,NaN,0.216525686959,0.201979045402,347,0.0446589446589,0.558729745623,37,37,0,1,2,0.378378378378,0.594594594595,0.027027027027,-31,-0.0232732732733,-0.725288818115,-1.67567567568,-2.02371541502,-1.13253968254,-0.877982139393,-0.0232847372353,-0.0259310757703,-1.35898760567,-0.0591413226811,-0.0343675880992,0.488932843531,0.145015199135,0.0503797078514,-0.640599570326,-0.371299902718,-2,NaN,NaN,NaN,-0.127545707288,-0.174589992255,-463,-0.0595881595882,-0.0108470827269,-0.027027027027,0.0540540540541,-0.027027027027,304,7,38,983,0.888888888889,0.992929292929,0.00707070707071,0.111111111111,0.977491961415,0.888888888889,0.931087289433,0.910576910861,0.881818181818,0.87106017192,140,171,0,0,0,0
2151,WLNM_dir_neg,0.961099141616,0.764807536107,00:00:05,10,50,39,1237612674,threshold_sweep,0.9,0.956834532374,0.777777777778,0.858064516129,133,6,38,336,0.777777777778,0.982456140351,0.0175438596491,0.222222222222,0.956834532374,0.777777777778,0.858064516129,0.914230019493,0.576348278103,0.79754601227,0.806334327142,0.760233918129,342,171,171,0,342,0,171,0,171,37,342,0.256756756757,1.72528881811,18.4864864865,15.5454545455,9.77142857143,5.36771015539,0.290358590277,0.142642642643,9.50849154237,1.02869645341,0.544491860281,8.05331334643,0.871264894205,0.461830251304,0.640599570326,0.371299902718,2,1.72528881811,0.640599570326,2,0.344071394247,0.376569037657,810,0.104247104247,0.56957682835,37,37,37,1,0,0.405405405405,0.540540540541,0.0540540540541,37,0.128378378378,1.88459459459,9.24324324324,7.77272727273,4.88571428571,4.6750246904,0.505777524985,0.28307254623,5.88477957367,1.27331487851,0.639165481271,4.36750215513,0.945015086198,0.4893314367,0.832814783609,0.441906596781,2.41333333333,1.88459459459,0.832814783609,2.41333333333,0.0687626452332,0.0234113712375,14,0.0018018018018,0.198023901214,37,37,37,1,0,0.405405405405,0.540540540541,0.0540540540541,37,310,0.232732732733,1,16.7567567568,13.4782608696,8.61111111111,4.56073462288,0.272172872656,0.11743679163,8.1729613542,0.975482484211,0.511944202267,8.56138407603,1.02184261553,0.51368788143,0,0,0,NaN,NaN,NaN,0.216555860674,0.201636469901,345,0.0444015444015,0.562334527457,37,37,0,1,2,0.378378378378,0.594594594595,0.027027027027,-32,-0.024024024024,-0.725288818115,-1.72972972973,-2.06719367589,-1.16031746032,-0.806975532517,-0.0181857176216,-0.0252058510123,-1.33553018817,-0.0532139692035,-0.0325476580146,0.508070729596,0.150577721321,0.0518576301259,-0.640599570326,-0.371299902718,-2,NaN,NaN,NaN,-0.127515533574,-0.174932567756,-465,-0.0598455598456,-0.00724230089321,-0.027027027027,0.0540540540541,-0.027027027027,304,6,38,984,0.888888888889,0.993939393939,0.00606060606061,0.111111111111,0.98064516129,0.888888888889,0.932515337423,0.912642299068,0.882828282828,0.873563218391,139,171,0,0,0,0
2152,WLNM_dir_neg,0.930166546972,0.816632853809,00:00:05,10,50,40,1237612675,threshold_sweep,0.1,0.911290322581,0.66081871345,0.766101694915,113,11,58,331,0.66081871345,0.96783625731,0.0321637426901,0.33918128655,0.911290322581,0.66081871345,0.766101694915,0.865497076023,0.586094866797,0.675039246468,0.692209920001,0.62865497076,342,171,171,0,342,0,171,0,171,37,342,0.256756756757,1.72528881811,18.4864864865,15.5454545455,9.77142857143,5.36771015539,0.290358590277,0.142642642643,9.50849154237,1.02869645341,0.544491860281,8.05331334643,0.871264894205,0.461830251304,0.640599570326,0.371299902718,2,1.72528881811,0.640599570326,2,0.344071394247,0.376569037657,810,0.104247104247,0.56957682835,37,37,37,1,0,0.405405405405,0.540540540541,0.0540540540541,37,0.128378378378,1.98214118881,9.24324324324,7.77272727273,4.88571428571,4.71054022265,0.509619848649,0.283704757389,5.99236250643,1.29659305695,0.650861387703,4.15231763498,0.898454692948,0.473210052157,0.987649558061,0.498274070302,3.26920634921,1.98214118881,0.987649558061,3.26920634921,0.0409386229239,0.0249722530522,15,0.0019305019305,0.188478993423,37,37,37,1,0,0.405405405405,0.540540540541,0.0540540540541,37,295,0.221471471471,1.81555037014,15.9459459459,13.4090909091,7.97297297297,5.09327413767,0.319408717108,0.157031607879,8.22424088522,1.03151495849,0.547869903802,7.11995039967,0.893010728094,0.464681630783,0.746621597762,0.411237060697,2.44582751612,1.81555037014,0.746621597762,2.44582751612,0.273256993288,0.261145151067,412,0.0530244530245,0.465422743939,37,37,37,1,0,0.405405405405,0.594594594595,0,-47,-0.0352852852853,0.0902615520201,-2.54054054054,-2.13636363636,-1.79845559846,-0.274436017725,0.0290501268309,0.0143889652364,-1.28425065715,0.00281850507052,0.00337804352077,-0.933362946769,0.0217458338887,0.00285137947939,0.106022027436,0.0399371579795,0.445827516116,0.0902615520201,0.106022027436,0.445827516116,-0.0708144009595,-0.11542388659,-398,-0.0512226512227,-0.104154084411,0,0.0540540540541,-0.0540540540541,284,11,58,979,0.830409356725,0.988888888889,0.0111111111111,0.169590643275,0.962711864407,0.830409356725,0.891679748823,0.861930579875,0.819298245614,0.804532577904,124,171,0,0,0,0
2153,WLNM_dir_neg,0.930166546972,0.816632853809,00:00:05,10,50,40,1237612675,threshold_sweep,0.2,0.918699186992,0.66081871345,0.768707482993,113,10,58,332,0.66081871345,0.970760233918,0.0292397660819,0.33918128655,0.918699186992,0.66081871345,0.768707482993,0.867446393762,0.586744639376,0.679245283019,0.697354959803,0.631578947368,342,171,171,0,342,0,171,0,171,37,342,0.256756756757,1.72528881811,18.4864864865,15.5454545455,9.77142857143,5.36771015539,0.290358590277,0.142642642643,9.50849154237,1.02869645341,0.544491860281,8.05331334643,0.871264894205,0.461830251304,0.640599570326,0.371299902718,2,1.72528881811,0.640599570326,2,0.344071394247,0.376569037657,810,0.104247104247,0.56957682835,37,37,37,1,0,0.405405405405,0.540540540541,0.0540540540541,37,0.128378378378,1.98214118881,9.24324324324,7.77272727273,4.88571428571,4.71054022265,0.509619848649,0.283704757389,5.99236250643,1.29659305695,0.650861387703,4.15231763498,0.898454692948,0.473210052157,0.987649558061,0.498274070302,3.26920634921,1.98214118881,0.987649558061,3.26920634921,0.0409386229239,0.0249722530522,15,0.0019305019305,0.188478993423,37,37,37,1,0,0.405405405405,0.540540540541,0.0540540540541,37,294,0.220720720721,1.81335283357,15.8918918919,13.3636363636,7.94594594595,5.08146842176,0.319752264634,0.157198014341,8.19534402351,1.03138683289,0.547343261629,7.14510689581,0.899214133146,0.468468468468,0.744449926065,0.410537823795,2.42702490029,1.81335283357,0.744449926065,2.42702490029,0.266592362304,0.254042553191,398,0.0512226512227,0.467955213599,37,37,37,1,0,0.405405405405,0.594594594595,0,-48,-0.036036036036,0.0880640154513,-2.59459459459,-2.18181818182,-1.82548262548,-0.286241733636,0.0293936743573,0.0145553716982,-1.31314751887,0.00269037947577,0.00285140134764,-0.908206450624,0.0279492389413,0.00663821716453,0.103850355738,0.0392379210771,0.427024900287,0.0880640154513,0.103850355738,0.427024900287,-0.077479031943,-0.122526484465,-412,-0.0530244530245,-0.101621614751,0,0.0540540540541,-0.0540540540541,284,10,58,980,0.830409356725,0.989898989899,0.010101010101,0.169590643275,0.965986394558,0.830409356725,0.893081761006,0.86404316462,0.820308346624,0.806818181818,123,171,0,0,0,0
2154,WLNM_dir_neg,0.930166546972,0.816632853809,00:00:05,10,50,40,1237612675,threshold_sweep,0.3,0.930434782609,0.625730994152,0.748251748252,107,8,64,334,0.625730994152,0.976608187135,0.0233918128655,0.374269005848,0.930434782609,0.625730994152,0.748251748252,0.859649122807,0.591942820013,0.656050955414,0.680866186106,0.602339181287,342,171,171,0,342,0,171,0,171,37,342,0.256756756757,1.72528881811,18.4864864865,15.5454545455,9.77142857143,5.36771015539,0.290358590277,0.142642642643,9.50849154237,1.02869645341,0.544491860281,8.05331334643,0.871264894205,0.461830251304,0.640599570326,0.371299902718,2,1.72528881811,0.640599570326,2,0.344071394247,0.376569037657,810,0.104247104247,0.56957682835,37,37,37,1,0,0.405405405405,0.540540540541,0.0540540540541,37,0.128378378378,1.98214118881,9.24324324324,7.77272727273,4.88571428571,4.71054022265,0.509619848649,0.283704757389,5.99236250643,1.29659305695,0.650861387703,4.15231763498,0.898454692948,0.473210052157,0.987649558061,0.498274070302,3.26920634921,1.98214118881,0.987649558061,3.26920634921,0.0409386229239,0.0249722530522,15,0.0019305019305,0.188478993423,37,37,37,1,0,0.405405405405,0.540540540541,0.0540540540541,37,286,0.214714714715,1.79068968408,15.4594594595,13,7.72972972973,5.0913575716,0.329336066695,0.16546966547,8.11599466297,1.04997133752,0.556416556417,7.05395337795,0.912574388056,0.479682479682,0.713956046791,0.398704506503,2.36842105263,1.79068968408,0.713956046791,2.36842105263,0.258610905499,0.246666666667,370,0.047619047619,0.452435329009,37,37,37,1,0,0.405405405405,0.594594594595,0,-56,-0.042042042042,0.0654008659672,-3.02702702703,-2.54545454545,-2.0416988417,-0.27635258379,0.0389774764175,0.022827022827,-1.3924968794,0.0212748841024,0.0119246961352,-0.999359968487,0.0413094938513,0.0178522283785,0.0733564764653,0.0274046037849,0.368421052632,0.0654008659672,0.0733564764653,0.368421052632,-0.085460488748,-0.12990237099,-440,-0.0566280566281,-0.117141499341,0,0.0540540540541,-0.0540540540541,278,8,64,982,0.812865497076,0.991919191919,0.00808080808081,0.187134502924,0.972027972028,0.812865497076,0.885350318471,0.856172938701,0.804784688995,0.794285714286,115,171,0,0,0,0
2155,WLNM_dir_neg,0.930166546972,0.816632853809,00:00:05,10,50,40,1237612675,threshold_sweep,0.4,0.917525773196,0.520467836257,0.664179104478,89,8,82,334,0.520467836257,0.976608187135,0.0233918128655,0.479532163743,0.917525773196,0.520467836257,0.664179104478,0.824561403509,0.603638726446,0.55737704918,0.598413511851,0.497076023392,342,171,171,0,342,0,171,0,171,37,342,0.256756756757,1.72528881811,18.4864864865,15.5454545455,9.77142857143,5.36771015539,0.290358590277,0.142642642643,9.50849154237,1.02869645341,0.544491860281,8.05331334643,0.871264894205,0.461830251304,0.640599570326,0.371299902718,2,1.72528881811,0.640599570326,2,0.344071394247,0.376569037657,810,0.104247104247,0.56957682835,37,37,37,1,0,0.405405405405,0.540540540541,0.0540540540541,37,0.128378378378,1.98214118881,9.24324324324,7.77272727273,4.88571428571,4.71054022265,0.509619848649,0.283704757389,5.99236250643,1.29659305695,0.650861387703,4.15231763498,0.898454692948,0.473210052157,0.987649558061,0.498274070302,3.26920634921,1.98214118881,0.987649558061,3.26920634921,0.0409386229239,0.0249722530522,15,0.0019305019305,0.188478993423,37,37,37,1,0,0.405405405405,0.540540540541,0.0540540540541,37,268,0.201201201201,1.82176477291,14.4864864865,12.1818181818,7.24324324324,5.38321270051,0.371602369252,0.188382412263,7.99446129589,1.1037129401,0.579870915692,6.43516988209,0.888437632976,0.467527228721,0.745838796132,0.40940455498,2.36842105263,1.82176477291,0.745838796132,2.36842105263,0.270939880367,0.238872403561,322,0.0414414414414,0.388597552251,37,37,37,1,0,0.405405405405,0.594594594595,0,-74,-0.0555555555556,0.096475954795,-4,-3.36363636364,-2.52818532819,0.0155025451211,0.0812437789748,0.0457397696204,-1.51403024649,0.0750164866888,0.0353790554105,-1.61814346434,0.0171727387708,0.00569697741732,0.105239225806,0.0381046522625,0.368421052632,0.096475954795,0.105239225806,0.368421052632,-0.0731315138803,-0.137696634096,-488,-0.0628056628057,-0.180979276098,0,0.0540540540541,-0.0540540540541,260,8,82,982,0.760233918129,0.991919191919,0.00808080808081,0.239766081871,0.970149253731,0.760233918129,0.852459016393,0.819593857561,0.752153110048,0.742857142857,97,171,0,0,0,0
2156,WLNM_dir_neg,0.930166546972,0.816632853809,00:00:05,10,50,40,1237612675,threshold_sweep,0.5,0.914893617021,0.502923976608,0.649056603774,86,8,85,334,0.502923976608,0.976608187135,0.0233918128655,0.497076023392,0.914893617021,0.502923976608,0.649056603774,0.818713450292,0.605588044185,0.540362438221,0.584329634034,0.479532163743,342,171,171,0,342,0,171,0,171,37,342,0.256756756757,1.72528881811,18.4864864865,15.5454545455,9.77142857143,5.36771015539,0.290358590277,0.142642642643,9.50849154237,1.02869645341,0.544491860281,8.05331334643,0.871264894205,0.461830251304,0.640599570326,0.371299902718,2,1.72528881811,0.640599570326,2,0.344071394247,0.376569037657,810,0.104247104247,0.56957682835,37,37,37,1,0,0.405405405405,0.540540540541,0.0540540540541,37,0.128378378378,1.98214118881,9.24324324324,7.77272727273,4.88571428571,4.71054022265,0.509619848649,0.283704757389,5.99236250643,1.29659305695,0.650861387703,4.15231763498,0.898454692948,0.473210052157,0.987649558061,0.498274070302,3.26920634921,1.98214118881,0.987649558061,3.26920634921,0.0409386229239,0.0249722530522,15,0.0019305019305,0.188478993423,37,37,37,1,0,0.405405405405,0.540540540541,0.0540540540541,37,265,0.198948948949,1.82857758126,14.3243243243,12.0454545455,7.16216216216,5.27601519485,0.368325589075,0.188679245283,7.88991449578,1.10161070318,0.579092299847,6.41401899277,0.895542274463,0.471188169301,0.754740463259,0.412747302053,2.36842105263,1.82857758126,0.754740463259,2.36842105263,0.260432853579,0.22602739726,297,0.0382239382239,0.387554319986,37,37,37,1,0,0.405405405405,0.594594594595,0,-77,-0.0578078078078,0.103288763142,-4.16216216216,-3.5,-2.60926640927,-0.0916949605387,0.0779669987976,0.0460366026404,-1.61857704659,0.0729142497698,0.0346004395657,-1.63929435366,0.0242773802576,0.00935791799744,0.114140892933,0.0414473993353,0.368421052632,0.103288763142,0.114140892933,0.368421052632,-0.0836385406681,-0.150541640397,-513,-0.0660231660232,-0.182022508364,0,0.0540540540541,-0.0540540540541,257,8,85,982,0.751461988304,0.991919191919,0.00808080808081,0.248538011696,0.969811320755,0.751461988304,0.846787479407,0.813461617145,0.743381180223,0.734285714286,94,171,0,0,0,0
2157,WLNM_dir_neg,0.930166546972,0.816632853809,00:00:05,10,50,40,1237612675,threshold_sweep,0.6,0.913043478261,0.491228070175,0.638783269962,84,8,87,334,0.491228070175,0.976608187135,0.0233918128655,0.508771929825,0.913043478261,0.491228070175,0.638783269962,0.814814814815,0.606887589344,0.528925619835,0.574870500304,0.46783625731,342,171,171,0,342,0,171,0,171,37,342,0.256756756757,1.72528881811,18.4864864865,15.5454545455,9.77142857143,5.36771015539,0.290358590277,0.142642642643,9.50849154237,1.02869645341,0.544491860281,8.05331334643,0.871264894205,0.461830251304,0.640599570326,0.371299902718,2,1.72528881811,0.640599570326,2,0.344071394247,0.376569037657,810,0.104247104247,0.56957682835,37,37,37,1,0,0.405405405405,0.540540540541,0.0540540540541,37,0.128378378378,1.98214118881,9.24324324324,7.77272727273,4.88571428571,4.71054022265,0.509619848649,0.283704757389,5.99236250643,1.29659305695,0.650861387703,4.15231763498,0.898454692948,0.473210052157,0.987649558061,0.498274070302,3.26920634921,1.98214118881,0.987649558061,3.26920634921,0.0409386229239,0.0249722530522,15,0.0019305019305,0.188478993423,37,37,37,1,0,0.405405405405,0.540540540541,0.0540540540541,37,263,0.197447447447,1.82612146933,14.2162162162,11.9545454545,7.10810810811,5.16470465508,0.363296715281,0.186414551434,7.7845423179,1.09516374814,0.576508067002,6.41951791104,0.903126093949,0.473949234406,0.752157431221,0.411887951516,2.36842105263,1.82612146933,0.752157431221,2.36842105263,0.24832624088,0.215615305067,278,0.0357786357786,0.387445011892,37,37,37,1,0,0.405405405405,0.594594594595,0,-79,-0.0593093093093,0.100832651213,-4.27027027027,-3.59090909091,-2.66332046332,-0.203005500316,0.072938125004,0.0437719087909,-1.72394922448,0.0664672947301,0.032016206721,-1.63379543539,0.0318611997442,0.0121189831016,0.111557860895,0.0405880487981,0.368421052632,0.100832651213,0.111557860895,0.368421052632,-0.095745153367,-0.16095373259,-532,-0.0684684684685,-0.182131816458,0,0.0540540540541,-0.0540540540541,255,8,87,982,0.745614035088,0.991919191919,0.00808080808081,0.254385964912,0.969581749049,0.745614035088,0.842975206612,0.809367039329,0.737533227007,0.728571428571,92,171,0,0,0,0
2158,WLNM_dir_neg,0.930166546972,0.816632853809,00:00:05,10,50,40,1237612675,threshold_sweep,0.7,0.912087912088,0.485380116959,0.63358778626,83,8,88,334,0.485380116959,0.976608187135,0.0233918128655,0.514619883041,0.912087912088,0.485380116959,0.63358778626,0.812865497076,0.607537361923,0.523178807947,0.570118544181,0.461988304094,342,171,171,0,342,0,171,0,171,37,342,0.256756756757,1.72528881811,18.4864864865,15.5454545455,9.77142857143,5.36771015539,0.290358590277,0.142642642643,9.50849154237,1.02869645341,0.544491860281,8.05331334643,0.871264894205,0.461830251304,0.640599570326,0.371299902718,2,1.72528881811,0.640599570326,2,0.344071394247,0.376569037657,810,0.104247104247,0.56957682835,37,37,37,1,0,0.405405405405,0.540540540541,0.0540540540541,37,0.128378378378,1.98214118881,9.24324324324,7.77272727273,4.88571428571,4.71054022265,0.509619848649,0.283704757389,5.99236250643,1.29659305695,0.650861387703,4.15231763498,0.898454692948,0.473210052157,0.987649558061,0.498274070302,3.26920634921,1.98214118881,0.987649558061,3.26920634921,0.0409386229239,0.0249722530522,15,0.0019305019305,0.188478993423,37,37,37,1,0,0.405405405405,0.540540540541,0.0540540540541,37,262,0.196696696697,1.83368460463,14.1621621622,11.9090909091,7.08108108108,5.21490126418,0.368227761021,0.188260779864,7.80092009665,1.10165665487,0.578708479472,6.38304341543,0.901422161721,0.472457190014,0.760743174723,0.414871332182,2.36842105263,1.83368460463,0.760743174723,2.36842105263,0.248280025834,0.215064935065,276,0.0355212355212,0.382900910457,37,37,37,1,0,0.405405405405,0.594594594595,0,-80,-0.0600600600601,0.108395786512,-4.32432432432,-3.63636363636,-2.69034749035,-0.152808891209,0.0778691707436,0.0456181372212,-1.70757144572,0.0729602014559,0.0342166191905,-1.67026993101,0.0301572675159,0.0106269387105,0.120143604397,0.0435714294642,0.368421052632,0.108395786512,0.120143604397,0.368421052632,-0.0957913684132,-0.161504102592,-534,-0.0687258687259,-0.186675917893,0,0.0540540540541,-0.0540540540541,254,8,88,982,0.74269005848,0.991919191919,0.00808080808081,0.25730994152,0.969465648855,0.74269005848,0.841059602649,0.807317763881,0.734609250399,0.725714285714,91,171,0,0,0,0
2159,WLNM_dir_neg,0.930166546972,0.816632853809,00:00:05,10,50,40,1237612675,threshold_sweep,0.8,0.911111111111,0.479532163743,0.628352490421,82,8,89,334,0.479532163743,0.976608187135,0.0233918128655,0.520467836257,0.911111111111,0.479532163743,0.628352490421,0.810916179337,0.608187134503,0.517412935323,0.565350996646,0.456140350877,342,171,171,0,342,0,171,0,171,37,342,0.256756756757,1.72528881811,18.4864864865,15.5454545455,9.77142857143,5.36771015539,0.290358590277,0.142642642643,9.50849154237,1.02869645341,0.544491860281,8.05331334643,0.871264894205,0.461830251304,0.640599570326,0.371299902718,2,1.72528881811,0.640599570326,2,0.344071394247,0.376569037657,810,0.104247104247,0.56957682835,37,37,37,1,0,0.405405405405,0.540540540541,0.0540540540541,37,0.128378378378,1.98214118881,9.24324324324,7.77272727273,4.88571428571,4.71054022265,0.509619848649,0.283704757389,5.99236250643,1.29659305695,0.650861387703,4.15231763498,0.898454692948,0.473210052157,0.987649558061,0.498274070302,3.26920634921,1.98214118881,0.987649558061,3.26920634921,0.0409386229239,0.0249722530522,15,0.0019305019305,0.188478993423,37,37,37,1,0,0.405405405405,0.540540540541,0.0540540540541,37,261,0.195945945946,1.82333322106,14.1081081081,11.8636363636,7.05405405405,5.28511423078,0.374615376511,0.191777984881,7.81716752463,1.10818083682,0.580718649684,6.376806698,0.903991754123,0.473438956198,0.748098381051,0.410291641929,2.36842105263,1.82333322106,0.748098381051,2.36842105263,0.240371723499,0.213503649635,273,0.0351351351351,0.379821881642,37,37,37,1,0,0.405405405405,0.594594594595,0,-81,-0.0608108108108,0.0980444029419,-4.37837837838,-3.68181818182,-2.71737451737,-0.0825959246096,0.0842567862344,0.0491353422388,-1.69132401775,0.0794843834099,0.0362267894028,-1.67650664843,0.0327268599178,0.0116087048936,0.107498810725,0.0389917392111,0.368421052632,0.0980444029419,0.107498810725,0.368421052632,-0.103699670749,-0.163065388022,-537,-0.069111969112,-0.189754946707,0,0.0540540540541,-0.0540540540541,253,8,89,982,0.739766081871,0.991919191919,0.00808080808081,0.260233918129,0.969348659004,0.739766081871,0.839137645108,0.805267136438,0.731685273791,0.722857142857,90,171,0,0,0,0
2160,WLNM_dir_neg,0.930166546972,0.816632853809,00:00:05,10,50,40,1237612675,threshold_sweep,0.9,0.922077922078,0.415204678363,0.572580645161,71,6,100,336,0.415204678363,0.982456140351,0.0175438596491,0.584795321637,0.922077922078,0.415204678363,0.572580645161,0.793372319688,0.616634178038,0.461016949153,0.524850123001,0.397660818713,342,171,171,0,342,0,171,0,171,37,342,0.256756756757,1.72528881811,18.4864864865,15.5454545455,9.77142857143,5.36771015539,0.290358590277,0.142642642643,9.50849154237,1.02869645341,0.544491860281,8.05331334643,0.871264894205,0.461830251304,0.640599570326,0.371299902718,2,1.72528881811,0.640599570326,2,0.344071394247,0.376569037657,810,0.104247104247,0.56957682835,37,37,37,1,0,0.405405405405,0.540540540541,0.0540540540541,37,0.128378378378,1.98214118881,9.24324324324,7.77272727273,4.88571428571,4.71054022265,0.509619848649,0.283704757389,5.99236250643,1.29659305695,0.650861387703,4.15231763498,0.898454692948,0.473210052157,0.987649558061,0.498274070302,3.26920634921,1.98214118881,0.987649558061,3.26920634921,0.0409386229239,0.0249722530522,15,0.0019305019305,0.188478993423,37,37,37,1,0,0.405405405405,0.540540540541,0.0540540540541,37,248,0.186186186186,1.84649171573,13.4054054054,11.2727272727,6.7027027027,5.20928369708,0.388595759661,0.204337401918,7.61892696172,1.13669474832,0.593286835222,6.01324863607,0.897137901349,0.470575414124,0.778264277592,0.42148268035,2.58620689655,1.84649171573,0.778264277592,2.58620689655,0.223529288932,0.193603655054,226,0.0290862290862,0.342988890424,37,37,37,1,0,0.405405405405,0.594594594595,0,-94,-0.0705705705706,0.121202897618,-5.08108108108,-4.27272727273,-3.06872586873,-0.158426458316,0.0982371693839,0.0616947592754,-1.88956458065,0.107998294907,0.048794974941,-2.04006471037,0.0258730071438,0.00874516281987,0.137664707266,0.0501827776327,0.586206896552,0.121202897618,0.137664707266,0.586206896552,-0.120542105316,-0.182965382603,-584,-0.0751608751609,-0.226587937926,0,0.0540540540541,-0.0540540540541,242,6,100,984,0.707602339181,0.993939393939,0.00606060606061,0.292397660819,0.975806451613,0.707602339181,0.820338983051,0.787306215647,0.701541733121,0.695402298851,77,171,0,0,0,0
2161,WLNM_dir_neg,0.948522622345,0.875101872218,00:00:05,10,50,41,1237612676,threshold_sweep,0.1,0.875,0.695906432749,0.775244299674,119,17,52,325,0.695906432749,0.950292397661,0.0497076023392,0.304093567251,0.875,0.695906432749,0.775244299674,0.865497076023,0.578297595841,0.681047765794,0.690139915849,0.646198830409,342,171,171,0,342,0,171,0,171,37,342,0.256756756757,1.72528881811,18.4864864865,15.5454545455,9.77142857143,5.36771015539,0.290358590277,0.142642642643,9.50849154237,1.02869645341,0.544491860281,8.05331334643,0.871264894205,0.461830251304,0.640599570326,0.371299902718,2,1.72528881811,0.640599570326,2,0.344071394247,0.376569037657,810,0.104247104247,0.56957682835,37,37,37,1,0,0.405405405405,0.540540540541,0.0540540540541,37,0.128378378378,1.95805216645,9.24324324324,7.77272727273,4.88571428571,4.74578997876,0.513433418755,0.285601390865,5.94115285928,1.28551260698,0.647068120752,4.1656755578,0.901345003735,0.470681207523,0.959717685265,0.490138976738,3.19777777778,1.95805216645,0.959717685265,3.19777777778,0.0712915551151,0.028192371476,17,0.0021879021879,0.186160160502,37,37,37,1,0,0.405405405405,0.540540540541,0.0540540540541,37,307,0.23048048048,2.06899472838,16.5945945946,13.347826087,8.52777777778,4.06515996309,0.244968922857,0.123954573466,8.05489797461,0.970785749383,0.522052997623,6.74069261552,0.812396178418,0.432784576107,1.07003835875,0.51717790484,3.88942310897,2.06899472838,1.07003835875,3.88942310897,0.242086815441,0.239230615107,398,0.0512226512227,0.423530572668,37,37,37,1,0,0.378378378378,0.594594594595,0.027027027027,-35,-0.0262762762763,0.343705910263,-1.89189189189,-2.1976284585,-1.24365079365,-1.3025501923,-0.0453896674198,-0.0186880691767,-1.45359356776,-0.0579107040318,-0.0224388626583,-1.31262073091,-0.0588687157871,-0.0290456751969,0.429438788422,0.145878002122,1.88942310897,0.343705910263,0.429438788422,1.88942310897,-0.101984578806,-0.13733842255,-412,-0.0530244530245,-0.146046255682,-0.027027027027,0.0540540540541,-0.027027027027,290,17,52,973,0.847953216374,0.982828282828,0.0171717171717,0.152046783626,0.944625407166,0.847953216374,0.893682588598,0.861760029294,0.830781499203,0.807799442897,136,171,0,0,0,0
2162,WLNM_dir_neg,0.948522622345,0.875101872218,00:00:05,10,50,41,1237612676,threshold_sweep,0.2,0.887218045113,0.690058479532,0.776315789474,118,15,53,327,0.690058479532,0.956140350877,0.0438596491228,0.309941520468,0.887218045113,0.690058479532,0.776315789474,0.867446393762,0.58024691358,0.684210526316,0.695119796481,0.646198830409,342,171,171,0,342,0,171,0,171,37,342,0.256756756757,1.72528881811,18.4864864865,15.5454545455,9.77142857143,5.36771015539,0.290358590277,0.142642642643,9.50849154237,1.02869645341,0.544491860281,8.05331334643,0.871264894205,0.461830251304,0.640599570326,0.371299902718,2,1.72528881811,0.640599570326,2,0.344071394247,0.376569037657,810,0.104247104247,0.56957682835,37,37,37,1,0,0.405405405405,0.540540540541,0.0540540540541,37,0.128378378378,1.95805216645,9.24324324324,7.77272727273,4.88571428571,4.74578997876,0.513433418755,0.285601390865,5.94115285928,1.28551260698,0.647068120752,4.1656755578,0.901345003735,0.470681207523,0.959717685265,0.490138976738,3.19777777778,1.95805216645,0.959717685265,3.19777777778,0.0712915551151,0.028192371476,17,0.0021879021879,0.186160160502,37,37,37,1,0,0.405405405405,0.540540540541,0.0540540540541,37,304,0.228228228228,2.06694257365,16.4324324324,13.2173913043,8.44444444444,3.99680803573,0.243226804806,0.122510668563,8.0212742654,0.976273512566,0.524893314367,6.79924479113,0.827539662079,0.438655761024,1.06801201379,0.516711024004,3.88931115123,2.06694257365,1.06801201379,3.88931115123,0.229752395461,0.227747084101,371,0.0477477477477,0.424212203018,37,37,37,1,0,0.378378378378,0.594594594595,0.027027027027,-38,-0.0285285285285,0.341653755531,-2.05405405405,-2.32806324111,-1.32698412698,-1.37090211966,-0.0471317854712,-0.0201319740793,-1.48721727697,-0.0524229408491,-0.0195985459143,-1.2540685553,-0.0437252321264,-0.0231744902798,0.427412443461,0.145411121287,1.88931115123,0.341653755531,0.427412443461,1.88931115123,-0.114318998786,-0.148821953556,-439,-0.0564993564994,-0.145364625332,-0.027027027027,0.0540540540541,-0.027027027027,289,15,53,975,0.845029239766,0.984848484848,0.0151515151515,0.154970760234,0.950657894737,0.845029239766,0.894736842105,0.863796437744,0.829877724615,0.809523809524,133,171,0,0,0,0
2163,WLNM_dir_neg,0.948522622345,0.875101872218,00:00:05,10,50,41,1237612676,threshold_sweep,0.3,0.887218045113,0.690058479532,0.776315789474,118,15,53,327,0.690058479532,0.956140350877,0.0438596491228,0.309941520468,0.887218045113,0.690058479532,0.776315789474,0.867446393762,0.58024691358,0.684210526316,0.695119796481,0.646198830409,342,171,171,0,342,0,171,0,171,37,342,0.256756756757,1.72528881811,18.4864864865,15.5454545455,9.77142857143,5.36771015539,0.290358590277,0.142642642643,9.50849154237,1.02869645341,0.544491860281,8.05331334643,0.871264894205,0.461830251304,0.640599570326,0.371299902718,2,1.72528881811,0.640599570326,2,0.344071394247,0.376569037657,810,0.104247104247,0.56957682835,37,37,37,1,0,0.405405405405,0.540540540541,0.0540540540541,37,0.128378378378,1.95805216645,9.24324324324,7.77272727273,4.88571428571,4.74578997876,0.513433418755,0.285601390865,5.94115285928,1.28551260698,0.647068120752,4.1656755578,0.901345003735,0.470681207523,0.959717685265,0.490138976738,3.19777777778,1.95805216645,0.959717685265,3.19777777778,0.0712915551151,0.028192371476,17,0.0021879021879,0.186160160502,37,37,37,1,0,0.405405405405,0.540540540541,0.0540540540541,37,304,0.228228228228,2.06694257365,16.4324324324,13.2173913043,8.44444444444,3.99680803573,0.243226804806,0.122510668563,8.0212742654,0.976273512566,0.524893314367,6.79924479113,0.827539662079,0.438655761024,1.06801201379,0.516711024004,3.88931115123,2.06694257365,1.06801201379,3.88931115123,0.229752395461,0.227747084101,371,0.0477477477477,0.424212203018,37,37,37,1,0,0.378378378378,0.594594594595,0.027027027027,-38,-0.0285285285285,0.341653755531,-2.05405405405,-2.32806324111,-1.32698412698,-1.37090211966,-0.0471317854712,-0.0201319740793,-1.48721727697,-0.0524229408491,-0.0195985459143,-1.2540685553,-0.0437252321264,-0.0231744902798,0.427412443461,0.145411121287,1.88931115123,0.341653755531,0.427412443461,1.88931115123,-0.114318998786,-0.148821953556,-439,-0.0564993564994,-0.145364625332,-0.027027027027,0.0540540540541,-0.027027027027,289,15,53,975,0.845029239766,0.984848484848,0.0151515151515,0.154970760234,0.950657894737,0.845029239766,0.894736842105,0.863796437744,0.829877724615,0.809523809524,133,171,0,0,0,0
2164,WLNM_dir_neg,0.948522622345,0.875101872218,00:00:05,10,50,41,1237612676,threshold_sweep,0.4,0.892307692308,0.678362573099,0.770764119601,116,14,55,328,0.678362573099,0.959064327485,0.0409356725146,0.321637426901,0.892307692308,0.678362573099,0.770764119601,0.865497076023,0.582196231319,0.678071539658,0.690828796875,0.637426900585,342,171,171,0,342,0,171,0,171,37,342,0.256756756757,1.72528881811,18.4864864865,15.5454545455,9.77142857143,5.36771015539,0.290358590277,0.142642642643,9.50849154237,1.02869645341,0.544491860281,8.05331334643,0.871264894205,0.461830251304,0.640599570326,0.371299902718,2,1.72528881811,0.640599570326,2,0.344071394247,0.376569037657,810,0.104247104247,0.56957682835,37,37,37,1,0,0.405405405405,0.540540540541,0.0540540540541,37,0.128378378378,1.95805216645,9.24324324324,7.77272727273,4.88571428571,4.74578997876,0.513433418755,0.285601390865,5.94115285928,1.28551260698,0.647068120752,4.1656755578,0.901345003735,0.470681207523,0.959717685265,0.490138976738,3.19777777778,1.95805216645,0.959717685265,3.19777777778,0.0712915551151,0.028192371476,17,0.0021879021879,0.186160160502,37,37,37,1,0,0.405405405405,0.540540540541,0.0540540540541,37,301,0.225975975976,2.13367374641,16.2702702703,13.0869565217,8.36111111111,4.16098712012,0.255741733296,0.126425428751,8.01790413929,0.985589545361,0.52779024872,6.78708807697,0.834293218764,0.440334021729,1.21141031126,0.567757987041,4.88447629988,2.13367374641,1.21141031126,4.88447629988,0.211557382061,0.218555417186,351,0.0451737451737,0.420633217317,37,37,37,1,0,0.378378378378,0.594594594595,0.027027027027,-41,-0.0307807807808,0.408384928293,-2.21621621622,-2.45849802372,-1.41031746032,-1.20672303527,-0.0346168569806,-0.0162172138916,-1.49058740309,-0.043106908054,-0.0167016115609,-1.26622526946,-0.036971675441,-0.0214962295746,0.570810740936,0.196458084323,2.88447629988,0.408384928293,0.570810740936,2.88447629988,-0.132514012186,-0.158013620471,-459,-0.0590733590734,-0.148943611033,-0.027027027027,0.0540540540541,-0.027027027027,287,14,55,976,0.83918128655,0.985858585859,0.0141414141414,0.16081871345,0.953488372093,0.83918128655,0.892690513219,0.861773246601,0.825039872408,0.806179775281,130,171,0,0,0,0
2165,WLNM_dir_neg,0.948522622345,0.875101872218,00:00:05,10,50,41,1237612676,threshold_sweep,0.5,0.897637795276,0.666666666667,0.765100671141,114,13,57,329,0.666666666667,0.961988304094,0.0380116959064,0.333333333333,0.897637795276,0.666666666667,0.765100671141,0.863547758285,0.584145549058,0.671875,0.686638181408,0.62865497076,342,171,171,0,342,0,171,0,171,37,342,0.256756756757,1.72528881811,18.4864864865,15.5454545455,9.77142857143,5.36771015539,0.290358590277,0.142642642643,9.50849154237,1.02869645341,0.544491860281,8.05331334643,0.871264894205,0.461830251304,0.640599570326,0.371299902718,2,1.72528881811,0.640599570326,2,0.344071394247,0.376569037657,810,0.104247104247,0.56957682835,37,37,37,1,0,0.405405405405,0.540540540541,0.0540540540541,37,0.128378378378,1.95805216645,9.24324324324,7.77272727273,4.88571428571,4.74578997876,0.513433418755,0.285601390865,5.94115285928,1.28551260698,0.647068120752,4.1656755578,0.901345003735,0.470681207523,0.959717685265,0.490138976738,3.19777777778,1.95805216645,0.959717685265,3.19777777778,0.0712915551151,0.028192371476,17,0.0021879021879,0.186160160502,37,37,37,1,0,0.405405405405,0.540540540541,0.0540540540541,37,298,0.223723723724,1.93273587629,16.1081081081,13.5454545455,8.27777777778,4.15520947315,0.257957635078,0.127607473245,8.00328386055,0.993696318256,0.531289678941,6.81479577401,0.846132361202,0.445492472338,0.975473455935,0.504711206483,3.68222659926,1.93273587629,0.975473455935,3.68222659926,0.204467754468,0.213968253968,337,0.0433719433719,0.459702975799,37,37,37,1,0,0.405405405405,0.567567567568,0.027027027027,-44,-0.033033033033,0.207447058174,-2.37837837838,-2,-1.49365079365,-1.21250068224,-0.0324009551989,-0.0150351693976,-1.50520768182,-0.0350001351585,-0.0132021813406,-1.23851757243,-0.0251325330025,-0.0163377789658,0.334873885609,0.133411303765,1.68222659926,0.207447058174,0.334873885609,1.68222659926,-0.13960363978,-0.162600783689,-473,-0.0608751608752,-0.109873852551,0,0.027027027027,-0.027027027027,285,13,57,977,0.833333333333,0.986868686869,0.0131313131313,0.166666666667,0.956375838926,0.833333333333,0.890625,0.859771576567,0.820202020202,0.802816901408,127,171,0,0,0,0
2166,WLNM_dir_neg,0.948522622345,0.875101872218,00:00:05,10,50,41,1237612676,threshold_sweep,0.6,0.904761904762,0.666666666667,0.767676767677,114,12,57,330,0.666666666667,0.964912280702,0.0350877192982,0.333333333333,0.904761904762,0.666666666667,0.767676767677,0.865497076023,0.584795321637,0.676056338028,0.691668501245,0.631578947368,342,171,171,0,342,0,171,0,171,37,342,0.256756756757,1.72528881811,18.4864864865,15.5454545455,9.77142857143,5.36771015539,0.290358590277,0.142642642643,9.50849154237,1.02869645341,0.544491860281,8.05331334643,0.871264894205,0.461830251304,0.640599570326,0.371299902718,2,1.72528881811,0.640599570326,2,0.344071394247,0.376569037657,810,0.104247104247,0.56957682835,37,37,37,1,0,0.405405405405,0.540540540541,0.0540540540541,37,0.128378378378,1.95805216645,9.24324324324,7.77272727273,4.88571428571,4.74578997876,0.513433418755,0.285601390865,5.94115285928,1.28551260698,0.647068120752,4.1656755578,0.901345003735,0.470681207523,0.959717685265,0.490138976738,3.19777777778,1.95805216645,0.959717685265,3.19777777778,0.0712915551151,0.028192371476,17,0.0021879021879,0.186160160502,37,37,37,1,0,0.405405405405,0.540540540541,0.0540540540541,37,297,0.222972972973,1.93112625911,16.0540540541,13.5,8.25,4.24228676506,0.264250185702,0.130767130767,8.02249090747,0.999434894196,0.533442533443,6.83734226504,0.851790113826,0.44863044863,0.972533039457,0.503609246091,3.68219935991,1.93112625911,0.972533039457,3.68219935991,0.207384657385,0.214103653356,336,0.0432432432432,0.459700599822,37,37,37,1,0,0.405405405405,0.567567567568,0.027027027027,-45,-0.0337837837838,0.205837440997,-2.43243243243,-2.04545454545,-1.52142857143,-1.12542339033,-0.0261084045748,-0.0118755118755,-1.48600063491,-0.0292615592188,-0.0110493268388,-1.2159710814,-0.0194747803788,-0.0131998026735,0.331933469131,0.132309343373,1.68219935991,0.205837440997,0.331933469131,1.68219935991,-0.136686736863,-0.162465384301,-474,-0.0610038610039,-0.109876228528,0,0.027027027027,-0.027027027027,285,12,57,978,0.833333333333,0.987878787879,0.0121212121212,0.166666666667,0.959595959596,0.833333333333,0.892018779343,0.861861739895,0.821212121212,0.805084745763,126,171,0,0,0,0
2167,WLNM_dir_neg,0.948522622345,0.875101872218,00:00:05,10,50,41,1237612676,threshold_sweep,0.7,0.903225806452,0.654970760234,0.759322033898,112,12,59,330,0.654970760234,0.964912280702,0.0350877192982,0.345029239766,0.903225806452,0.654970760234,0.759322033898,0.861598440546,0.586094866797,0.665620094192,0.682551176931,0.619883040936,342,171,171,0,342,0,171,0,171,37,342,0.256756756757,1.72528881811,18.4864864865,15.5454545455,9.77142857143,5.36771015539,0.290358590277,0.142642642643,9.50849154237,1.02869645341,0.544491860281,8.05331334643,0.871264894205,0.461830251304,0.640599570326,0.371299902718,2,1.72528881811,0.640599570326,2,0.344071394247,0.376569037657,810,0.104247104247,0.56957682835,37,37,37,1,0,0.405405405405,0.540540540541,0.0540540540541,37,0.128378378378,1.95805216645,9.24324324324,7.77272727273,4.88571428571,4.74578997876,0.513433418755,0.285601390865,5.94115285928,1.28551260698,0.647068120752,4.1656755578,0.901345003735,0.470681207523,0.959717685265,0.490138976738,3.19777777778,1.95805216645,0.959717685265,3.19777777778,0.0712915551151,0.028192371476,17,0.0021879021879,0.186160160502,37,37,37,1,0,0.405405405405,0.540540540541,0.0540540540541,37,295,0.221471471471,1.9315237297,15.9459459459,13.4090909091,8.19444444444,4.15629339373,0.260648907742,0.128355474118,7.94245444322,0.9961722522,0.531378836464,6.83327840013,0.857055256966,0.453137883646,0.974074712872,0.504303777321,3.6919763487,1.9315237297,0.974074712872,3.6919763487,0.199597243096,0.204574881312,316,0.0406692406692,0.45911884973,37,37,37,1,0,0.405405405405,0.567567567568,0.027027027027,-47,-0.0352852852853,0.206234911585,-2.54054054054,-2.13636363636,-1.57698412698,-1.21141676166,-0.0297096825346,-0.0142871685245,-1.56603709916,-0.0325242012147,-0.0131130238178,-1.2200349463,-0.0142096372393,-0.00869236765758,0.333475142546,0.133003874603,1.6919763487,0.206234911585,0.333475142546,1.6919763487,-0.144474151152,-0.171994156345,-494,-0.0635778635779,-0.11045797862,0,0.027027027027,-0.027027027027,283,12,59,978,0.827485380117,0.987878787879,0.0121212121212,0.172514619883,0.959322033898,0.827485380117,0.888540031397,0.857791791808,0.815364167996,0.799435028249,124,171,0,0,0,0
2168,WLNM_dir_neg,0.948522622345,0.875101872218,00:00:05,10,50,41,1237612676,threshold_sweep,0.8,0.909836065574,0.649122807018,0.757679180887,111,11,60,331,0.649122807018,0.96783625731,0.0321637426901,0.350877192982,0.909836065574,0.649122807018,0.757679180887,0.861598440546,0.587394411956,0.664566929134,0.683123402096,0.616959064327,342,171,171,0,342,0,171,0,171,37,342,0.256756756757,1.72528881811,18.4864864865,15.5454545455,9.77142857143,5.36771015539,0.290358590277,0.142642642643,9.50849154237,1.02869645341,0.544491860281,8.05331334643,0.871264894205,0.461830251304,0.640599570326,0.371299902718,2,1.72528881811,0.640599570326,2,0.344071394247,0.376569037657,810,0.104247104247,0.56957682835,37,37,37,1,0,0.405405405405,0.540540540541,0.0540540540541,37,0.128378378378,1.95805216645,9.24324324324,7.77272727273,4.88571428571,4.74578997876,0.513433418755,0.285601390865,5.94115285928,1.28551260698,0.647068120752,4.1656755578,0.901345003735,0.470681207523,0.959717685265,0.490138976738,3.19777777778,1.95805216645,0.959717685265,3.19777777778,0.0712915551151,0.028192371476,17,0.0021879021879,0.186160160502,37,37,37,1,0,0.405405405405,0.540540540541,0.0540540540541,37,293,0.21996996997,1.92803388781,15.8378378378,13.3181818182,8.13888888889,4.11982681347,0.260125583786,0.128309196569,7.8647539284,0.993160052392,0.529102481321,6.80023846959,0.858733185579,0.454386126741,0.971544812935,0.503904427757,3.69148052285,1.92803388781,0.971544812935,3.69148052285,0.192736810229,0.202276707531,308,0.0396396396396,0.456229733041,37,37,37,1,0,0.405405405405,0.567567567568,0.027027027027,-49,-0.0367867867868,0.202745069699,-2.64864864865,-2.22727272727,-1.63253968254,-1.24788334192,-0.0302330064916,-0.0143334460741,-1.64373761397,-0.0355364010224,-0.0153893789604,-1.25307487685,-0.0125317086257,-0.00744412456286,0.330945242609,0.132604525039,1.69148052285,0.202745069699,0.330945242609,1.69148052285,-0.151334584018,-0.174292330126,-502,-0.0646074646075,-0.113347095309,0,0.027027027027,-0.027027027027,282,11,60,979,0.824561403509,0.988888888889,0.0111111111111,0.175438596491,0.962457337884,0.824561403509,0.888188976378,0.857867245032,0.813450292398,0.798866855524,122,171,0,0,0,0
2169,WLNM_dir_neg,0.948522622345,0.875101872218,00:00:05,10,50,41,1237612676,threshold_sweep,0.9,0.925531914894,0.508771929825,0.656603773585,87,7,84,335,0.508771929825,0.979532163743,0.0204678362573,0.491228070175,0.925531914894,0.508771929825,0.656603773585,0.82261208577,0.605588044185,0.550247116969,0.595018590754,0.488304093567,342,171,171,0,342,0,171,0,171,37,342,0.256756756757,1.72528881811,18.4864864865,15.5454545455,9.77142857143,5.36771015539,0.290358590277,0.142642642643,9.50849154237,1.02869645341,0.544491860281,8.05331334643,0.871264894205,0.461830251304,0.640599570326,0.371299902718,2,1.72528881811,0.640599570326,2,0.344071394247,0.376569037657,810,0.104247104247,0.56957682835,37,37,37,1,0,0.405405405405,0.540540540541,0.0540540540541,37,0.128378378378,1.95805216645,9.24324324324,7.77272727273,4.88571428571,4.74578997876,0.513433418755,0.285601390865,5.94115285928,1.28551260698,0.647068120752,4.1656755578,0.901345003735,0.470681207523,0.959717685265,0.490138976738,3.19777777778,1.95805216645,0.959717685265,3.19777777778,0.0712915551151,0.028192371476,17,0.0021879021879,0.186160160502,37,37,37,1,0,0.405405405405,0.540540540541,0.0540540540541,37,265,0.198948948949,1.84857787044,14.3243243243,12.0454545455,7.36111111111,4.59500969685,0.320783695818,0.164405915349,7.59573532946,1.06053663091,0.560734319225,6.14416395865,0.857864401774,0.453850076492,0.839423421995,0.454091458856,2.90311098221,1.84857787044,0.839423421995,2.90311098221,0.19144755894,0.185943983402,239,0.0307593307593,0.382687675079,37,37,37,1,0,0.405405405405,0.567567567568,0.027027027027,-77,-0.0578078078078,0.123289052321,-4.16216216216,-3.5,-2.41031746032,-0.772700458547,0.0304251055405,0.0217632727067,-1.91275621292,0.0318401774908,0.0162424589436,-1.90914938779,-0.0134004924314,-0.00798017481235,0.198823851669,0.082791556138,0.903110982212,0.123289052321,0.198823851669,0.903110982212,-0.152623835308,-0.190625054254,-571,-0.0734877734878,-0.186889153271,0,0.027027027027,-0.027027027027,258,7,84,983,0.754385964912,0.992929292929,0.00707070707071,0.245614035088,0.97358490566,0.754385964912,0.850082372323,0.817766570279,0.747315257842,0.739255014327,94,171,0,0,0,0
2170,WLNM_dir_neg,0.948565370541,0.612206262534,00:00:06,10,50,42,1237612677,threshold_sweep,0.1,0.864705882353,0.859649122807,0.862170087977,147,23,24,319,0.859649122807,0.932748538012,0.0672514619883,0.140350877193,0.864705882353,0.859649122807,0.862170087977,0.908382066277,0.556205328135,0.793557833089,0.793565488279,0.792397660819,342,171,171,0,342,0,171,0,171,37,342,0.256756756757,1.72528881811,18.4864864865,15.5454545455,9.77142857143,5.36771015539,0.290358590277,0.142642642643,9.50849154237,1.02869645341,0.544491860281,8.05331334643,0.871264894205,0.461830251304,0.640599570326,0.371299902718,2,1.72528881811,0.640599570326,2,0.344071394247,0.376569037657,810,0.104247104247,0.56957682835,37,37,37,1,0,0.405405405405,0.540540540541,0.0540540540541,37,0.128378378378,1.95578070417,9.24324324324,7.77272727273,4.88571428571,4.81551546454,0.520976819263,0.290501027343,5.98308426293,1.29458548379,0.650545282124,4.172338482,0.902786689089,0.472893946578,0.921247537618,0.471038258866,2.9319047619,1.95578070417,0.921247537618,2.9319047619,0.0800483829896,0.0313186813187,19,0.0024453024453,0.185587228463,37,37,37,1,0,0.405405405405,0.540540540541,0.0540540540541,37,341,0.256006006006,2.10085397712,18.4324324324,14.2083333333,9.21621621622,5.53544407804,0.300310015964,0.137512879448,9.30989657162,1.01016473064,0.534992470476,7.55400973411,0.819643284933,0.419751129429,0.980186356961,0.466565676453,3.89178896058,2.10085397712,0.980186356961,3.89178896058,0.357061956714,0.359883908417,744,0.0957528957529,0.452253064659,37,37,37,1,0,0.351351351351,0.648648648649,0,-1,-0.000750750750751,0.375565159,-0.0540540540541,-1.33712121212,-0.555212355212,0.16773392265,0.00995142568709,-0.00512976319428,-0.198594970759,-0.0185317227703,-0.00949938980499,-0.499303612322,-0.0516216092719,-0.0420791218754,0.339586786635,0.095265773735,1.89178896058,0.375565159,0.339586786635,1.89178896058,0.0129905624662,-0.0166851292403,-66,-0.00849420849421,-0.117323763691,-0.0540540540541,0.108108108108,-0.0540540540541,318,23,24,967,0.929824561404,0.976767676768,0.0232323232323,0.0701754385965,0.932551319648,0.929824561404,0.931185944363,0.907462380503,0.906592238171,0.871232876712,170,171,0,0,0,0
2171,WLNM_dir_neg,0.948565370541,0.612206262534,00:00:06,10,50,42,1237612677,threshold_sweep,0.2,0.863905325444,0.853801169591,0.858823529412,146,23,25,319,0.853801169591,0.932748538012,0.0672514619883,0.146198830409,0.863905325444,0.853801169591,0.858823529412,0.906432748538,0.556855100715,0.788856304985,0.78888683499,0.786549707602,342,171,171,0,342,0,171,0,171,37,342,0.256756756757,1.72528881811,18.4864864865,15.5454545455,9.77142857143,5.36771015539,0.290358590277,0.142642642643,9.50849154237,1.02869645341,0.544491860281,8.05331334643,0.871264894205,0.461830251304,0.640599570326,0.371299902718,2,1.72528881811,0.640599570326,2,0.344071394247,0.376569037657,810,0.104247104247,0.56957682835,37,37,37,1,0,0.405405405405,0.540540540541,0.0540540540541,37,0.128378378378,1.95578070417,9.24324324324,7.77272727273,4.88571428571,4.81551546454,0.520976819263,0.290501027343,5.98308426293,1.29458548379,0.650545282124,4.172338482,0.902786689089,0.472893946578,0.921247537618,0.471038258866,2.9319047619,1.95578070417,0.921247537618,2.9319047619,0.0800483829896,0.0313186813187,19,0.0024453024453,0.185587228463,37,37,37,1,0,0.405405405405,0.540540540541,0.0540540540541,37,340,0.255255255255,2.09466701963,18.3783783784,14.1666666667,9.18918918919,5.51438196069,0.300047253744,0.135930047695,9.28809823208,1.01076363114,0.534658187599,7.51974378197,0.818325058627,0.419554848967,0.973313739052,0.464662750656,3.85435668649,2.09466701963,0.973313739052,3.85435668649,0.356943796959,0.359669046074,739,0.0951093951094,0.449011559024,37,37,37,1,0,0.351351351351,0.648648648649,0,-2,-0.0015015015015,0.369378201519,-0.108108108108,-1.37878787879,-0.582239382239,0.146671805299,0.00968866346643,-0.00671259494789,-0.220393310295,-0.0179328222767,-0.00983367268197,-0.53356956446,-0.0529398355782,-0.0422754023373,0.332714168726,0.0933628479384,1.85435668649,0.369378201519,0.332714168726,1.85435668649,0.0128724027119,-0.0168999915829,-71,-0.00913770913771,-0.120565269326,-0.0540540540541,0.108108108108,-0.0540540540541,317,23,25,967,0.926900584795,0.976767676768,0.0232323232323,0.0730994152047,0.932352941176,0.926900584795,0.929618768328,0.905408120018,0.903668261563,0.868493150685,169,171,0,0,0,0
2172,WLNM_dir_neg,0.948565370541,0.612206262534,00:00:06,10,50,42,1237612677,threshold_sweep,0.3,0.863905325444,0.853801169591,0.858823529412,146,23,25,319,0.853801169591,0.932748538012,0.0672514619883,0.146198830409,0.863905325444,0.853801169591,0.858823529412,0.906432748538,0.556855100715,0.788856304985,0.78888683499,0.786549707602,342,171,171,0,342,0,171,0,171,37,342,0.256756756757,1.72528881811,18.4864864865,15.5454545455,9.77142857143,5.36771015539,0.290358590277,0.142642642643,9.50849154237,1.02869645341,0.544491860281,8.05331334643,0.871264894205,0.461830251304,0.640599570326,0.371299902718,2,1.72528881811,0.640599570326,2,0.344071394247,0.376569037657,810,0.104247104247,0.56957682835,37,37,37,1,0,0.405405405405,0.540540540541,0.0540540540541,37,0.128378378378,1.95578070417,9.24324324324,7.77272727273,4.88571428571,4.81551546454,0.520976819263,0.290501027343,5.98308426293,1.29458548379,0.650545282124,4.172338482,0.902786689089,0.472893946578,0.921247537618,0.471038258866,2.9319047619,1.95578070417,0.921247537618,2.9319047619,0.0800483829896,0.0313186813187,19,0.0024453024453,0.185587228463,37,37,37,1,0,0.405405405405,0.540540540541,0.0540540540541,37,340,0.255255255255,2.09466701963,18.3783783784,14.1666666667,9.18918918919,5.51438196069,0.300047253744,0.135930047695,9.28809823208,1.01076363114,0.534658187599,7.51974378197,0.818325058627,0.419554848967,0.973313739052,0.464662750656,3.85435668649,2.09466701963,0.973313739052,3.85435668649,0.356943796959,0.359669046074,739,0.0951093951094,0.449011559024,37,37,37,1,0,0.351351351351,0.648648648649,0,-2,-0.0015015015015,0.369378201519,-0.108108108108,-1.37878787879,-0.582239382239,0.146671805299,0.00968866346643,-0.00671259494789,-0.220393310295,-0.0179328222767,-0.00983367268197,-0.53356956446,-0.0529398355782,-0.0422754023373,0.332714168726,0.0933628479384,1.85435668649,0.369378201519,0.332714168726,1.85435668649,0.0128724027119,-0.0168999915829,-71,-0.00913770913771,-0.120565269326,-0.0540540540541,0.108108108108,-0.0540540540541,317,23,25,967,0.926900584795,0.976767676768,0.0232323232323,0.0730994152047,0.932352941176,0.926900584795,0.929618768328,0.905408120018,0.903668261563,0.868493150685,169,171,0,0,0,0
2173,WLNM_dir_neg,0.948565370541,0.612206262534,00:00:06,10,50,42,1237612677,threshold_sweep,0.4,0.869047619048,0.853801169591,0.861356932153,146,22,25,320,0.853801169591,0.93567251462,0.0643274853801,0.146198830409,0.869047619048,0.853801169591,0.861356932153,0.908382066277,0.557504873294,0.79295154185,0.793020798957,0.789473684211,342,171,171,0,342,0,171,0,171,37,342,0.256756756757,1.72528881811,18.4864864865,15.5454545455,9.77142857143,5.36771015539,0.290358590277,0.142642642643,9.50849154237,1.02869645341,0.544491860281,8.05331334643,0.871264894205,0.461830251304,0.640599570326,0.371299902718,2,1.72528881811,0.640599570326,2,0.344071394247,0.376569037657,810,0.104247104247,0.56957682835,37,37,37,1,0,0.405405405405,0.540540540541,0.0540540540541,37,0.128378378378,1.95578070417,9.24324324324,7.77272727273,4.88571428571,4.81551546454,0.520976819263,0.290501027343,5.98308426293,1.29458548379,0.650545282124,4.172338482,0.902786689089,0.472893946578,0.921247537618,0.471038258866,2.9319047619,1.95578070417,0.921247537618,2.9319047619,0.0800483829896,0.0313186813187,19,0.0024453024453,0.185587228463,37,37,37,1,0,0.405405405405,0.540540540541,0.0540540540541,37,339,0.254504504505,2.09349544487,18.3243243243,14.125,9.16216216216,5.41117184913,0.295299938669,0.133700071753,9.23614131043,1.00807442031,0.533524675118,7.54436328774,0.823426081553,0.423184246193,0.972438254438,0.464504595328,3.85392268584,2.09349544487,0.972438254438,3.85392268584,0.351879434271,0.352045826514,717,0.092277992278,0.449960947091,37,37,37,1,0,0.351351351351,0.648648648649,0,-3,-0.00225225225225,0.368206626751,-0.162162162162,-1.42045454545,-0.609266409266,0.0434616937334,0.00494134839203,-0.00894257088947,-0.272350231941,-0.0206220331019,-0.0109671851637,-0.508950058693,-0.047838812652,-0.0386460051108,0.331838684112,0.0932046926098,1.85392268584,0.368206626751,0.331838684112,1.85392268584,0.00780804002366,-0.024523211143,-93,-0.0119691119691,-0.119615881259,-0.0540540540541,0.108108108108,-0.0540540540541,317,22,25,968,0.926900584795,0.977777777778,0.0222222222222,0.0730994152047,0.935103244838,0.926900584795,0.930983847283,0.907298891521,0.904678362573,0.870879120879,168,171,0,0,0,0
2174,WLNM_dir_neg,0.948565370541,0.612206262534,00:00:06,10,50,42,1237612677,threshold_sweep,0.5,0.873493975904,0.847953216374,0.860534124629,145,21,26,321,0.847953216374,0.938596491228,0.0614035087719,0.152046783626,0.873493975904,0.847953216374,0.860534124629,0.908382066277,0.558804418454,0.79234167894,0.79253509141,0.786549707602,342,171,171,0,342,0,171,0,171,37,342,0.256756756757,1.72528881811,18.4864864865,15.5454545455,9.77142857143,5.36771015539,0.290358590277,0.142642642643,9.50849154237,1.02869645341,0.544491860281,8.05331334643,0.871264894205,0.461830251304,0.640599570326,0.371299902718,2,1.72528881811,0.640599570326,2,0.344071394247,0.376569037657,810,0.104247104247,0.56957682835,37,37,37,1,0,0.405405405405,0.540540540541,0.0540540540541,37,0.128378378378,1.95578070417,9.24324324324,7.77272727273,4.88571428571,4.81551546454,0.520976819263,0.290501027343,5.98308426293,1.29458548379,0.650545282124,4.172338482,0.902786689089,0.472893946578,0.921247537618,0.471038258866,2.9319047619,1.95578070417,0.921247537618,2.9319047619,0.0800483829896,0.0313186813187,19,0.0024453024453,0.185587228463,37,37,37,1,0,0.405405405405,0.540540540541,0.0540540540541,37,337,0.253003003003,1.93563585071,18.2162162162,14.652173913,9.10810810811,5.48297939656,0.300994417912,0.136739113,9.24597144642,1.01513633091,0.536370198091,7.58208335406,0.832454255491,0.425695725399,0.900853234728,0.465404293063,3.74223946888,1.93563585071,0.900853234728,3.74223946888,0.352232008153,0.352332457293,715,0.0920205920206,0.488016747138,37,37,37,1,0,0.378378378378,0.621621621622,0,-5,-0.00375375375375,0.210347032596,-0.27027027027,-0.893280632411,-0.66332046332,0.115269241163,0.0106358276347,-0.0059035296424,-0.262520095956,-0.0135601225024,-0.00812166219007,-0.471229992369,-0.0388106387141,-0.0361345259049,0.260253664402,0.0941043903455,1.74223946888,0.210347032596,0.260253664402,1.74223946888,0.00816061390565,-0.0242365803639,-95,-0.0122265122265,-0.0815600812118,-0.027027027027,0.0810810810811,-0.0540540540541,316,21,26,969,0.923976608187,0.978787878788,0.0212121212121,0.0760233918129,0.937685459941,0.923976608187,0.930780559647,0.907148999557,0.902764486975,0.870523415978,166,171,0,0,0,0
2175,WLNM_dir_neg,0.948565370541,0.612206262534,00:00:06,10,50,42,1237612677,threshold_sweep,0.6,0.871951219512,0.836257309942,0.853731343284,143,21,28,321,0.836257309942,0.938596491228,0.0614035087719,0.163742690058,0.871951219512,0.836257309942,0.853731343284,0.904483430799,0.560103963613,0.782865583456,0.783242488545,0.77485380117,342,171,171,0,342,0,171,0,171,37,342,0.256756756757,1.72528881811,18.4864864865,15.5454545455,9.77142857143,5.36771015539,0.290358590277,0.142642642643,9.50849154237,1.02869645341,0.544491860281,8.05331334643,0.871264894205,0.461830251304,0.640599570326,0.371299902718,2,1.72528881811,0.640599570326,2,0.344071394247,0.376569037657,810,0.104247104247,0.56957682835,37,37,37,1,0,0.405405405405,0.540540540541,0.0540540540541,37,0.128378378378,1.95578070417,9.24324324324,7.77272727273,4.88571428571,4.81551546454,0.520976819263,0.290501027343,5.98308426293,1.29458548379,0.650545282124,4.172338482,0.902786689089,0.472893946578,0.921247537618,0.471038258866,2.9319047619,1.95578070417,0.921247537618,2.9319047619,0.0800483829896,0.0313186813187,19,0.0024453024453,0.185587228463,37,37,37,1,0,0.405405405405,0.540540540541,0.0540540540541,37,335,0.251501501502,1.93880145256,18.1081081081,14.5652173913,9.05405405405,5.48119909724,0.302693084474,0.137555465914,9.21033823105,1.01726123746,0.536345300524,7.52752706164,0.831398511285,0.426462283179,0.904836553433,0.466698924862,3.76136077962,1.93880145256,0.904836553433,3.76136077962,0.351753254191,0.351387273633,705,0.0907335907336,0.482200581109,37,37,37,1,0,0.378378378378,0.621621621622,0,-7,-0.00525525525526,0.213512634449,-0.378378378378,-0.98023715415,-0.717374517375,0.113488941843,0.0123344941971,-0.00508717672897,-0.298153311325,-0.0114352159556,-0.00814655975693,-0.525786284798,-0.0398663829197,-0.0353679681252,0.264236983107,0.0953990221446,1.76136077962,0.213512634449,0.264236983107,1.76136077962,0.00768185994392,-0.0251817640234,-105,-0.0135135135135,-0.0873762472404,-0.027027027027,0.0810810810811,-0.0540540540541,314,21,28,969,0.918128654971,0.978787878788,0.0212121212121,0.0818713450292,0.937313432836,0.918128654971,0.927621861152,0.903051872589,0.896916533759,0.865013774105,164,171,0,0,0,0
2176,WLNM_dir_neg,0.948565370541,0.612206262534,00:00:06,10,50,42,1237612677,threshold_sweep,0.7,0.871165644172,0.830409356725,0.850299401198,142,21,29,321,0.830409356725,0.938596491228,0.0614035087719,0.169590643275,0.871165644172,0.830409356725,0.850299401198,0.90253411306,0.560753736192,0.778106508876,0.778597359039,0.769005847953,342,171,171,0,342,0,171,0,171,37,342,0.256756756757,1.72528881811,18.4864864865,15.5454545455,9.77142857143,5.36771015539,0.290358590277,0.142642642643,9.50849154237,1.02869645341,0.544491860281,8.05331334643,0.871264894205,0.461830251304,0.640599570326,0.371299902718,2,1.72528881811,0.640599570326,2,0.344071394247,0.376569037657,810,0.104247104247,0.56957682835,37,37,37,1,0,0.405405405405,0.540540540541,0.0540540540541,37,0.128378378378,1.95578070417,9.24324324324,7.77272727273,4.88571428571,4.81551546454,0.520976819263,0.290501027343,5.98308426293,1.29458548379,0.650545282124,4.172338482,0.902786689089,0.472893946578,0.921247537618,0.471038258866,2.9319047619,1.95578070417,0.921247537618,2.9319047619,0.0800483829896,0.0313186813187,19,0.0024453024453,0.185587228463,37,37,37,1,0,0.405405405405,0.540540540541,0.0540540540541,37,334,0.250750750751,1.93147926483,18.0540540541,14.5217391304,9.02702702703,5.54750166965,0.307271799067,0.139262016508,9.19687895879,1.01881593256,0.537789286292,7.54794485085,0.836149579286,0.427900954847,0.895753623123,0.463765591188,3.71713227795,1.93147926483,0.895753623123,3.71713227795,0.350502754411,0.351617205735,703,0.0904761904762,0.483879588552,37,37,37,1,0,0.378378378378,0.621621621622,0,-8,-0.00600600600601,0.20619044672,-0.432432432432,-1.02371541502,-0.744401544402,0.179791514257,0.0169132087903,-0.00338062613512,-0.311612583588,-0.00988052085455,-0.00670257398905,-0.505368495584,-0.0351153149191,-0.0339292964569,0.255154052797,0.0924656884702,1.71713227795,0.20619044672,0.255154052797,1.71713227795,0.00643136016401,-0.0249518319217,-107,-0.0137709137709,-0.0856972397978,-0.027027027027,0.0810810810811,-0.0540540540541,313,21,29,969,0.915204678363,0.978787878788,0.0212121212121,0.0847953216374,0.937125748503,0.915204678363,0.926035502959,0.901002610784,0.89399255715,0.862258953168,163,171,0,0,0,0
2177,WLNM_dir_neg,0.948565370541,0.612206262534,00:00:06,10,50,42,1237612677,threshold_sweep,0.8,0.892405063291,0.824561403509,0.857142857143,141,17,30,325,0.824561403509,0.950292397661,0.0497076023392,0.175438596491,0.892405063291,0.824561403509,0.857142857143,0.908382066277,0.56400259909,0.789865871833,0.791203420467,0.77485380117,342,171,171,0,342,0,171,0,171,37,342,0.256756756757,1.72528881811,18.4864864865,15.5454545455,9.77142857143,5.36771015539,0.290358590277,0.142642642643,9.50849154237,1.02869645341,0.544491860281,8.05331334643,0.871264894205,0.461830251304,0.640599570326,0.371299902718,2,1.72528881811,0.640599570326,2,0.344071394247,0.376569037657,810,0.104247104247,0.56957682835,37,37,37,1,0,0.405405405405,0.540540540541,0.0540540540541,37,0.128378378378,1.95578070417,9.24324324324,7.77272727273,4.88571428571,4.81551546454,0.520976819263,0.290501027343,5.98308426293,1.29458548379,0.650545282124,4.172338482,0.902786689089,0.472893946578,0.921247537618,0.471038258866,2.9319047619,1.95578070417,0.921247537618,2.9319047619,0.0800483829896,0.0313186813187,19,0.0024453024453,0.185587228463,37,37,37,1,0,0.405405405405,0.540540540541,0.0540540540541,37,329,0.246996996997,1.94789522263,17.7837837838,14.3043478261,9.13888888889,5.44229901959,0.306025932712,0.141953503656,9.18266417339,1.03270083409,0.54201922287,7.61133578503,0.855986091325,0.438511459788,0.940130565731,0.482639186547,4,1.94789522263,0.940130565731,4,0.347378960808,0.347437626433,687,0.088416988417,0.484799883097,37,37,37,1,0,0.378378378378,0.594594594595,0.027027027027,-13,-0.00975975975976,0.222606404517,-0.702702702703,-1.24110671937,-0.63253968254,0.0745888641956,0.0156673424353,-0.000689138987011,-0.325827368981,0.00400438067502,-0.00247263741105,-0.441977561407,-0.0152788028796,-0.0233187915159,0.299530995405,0.11133928383,2,0.222606404517,0.299530995405,2,0.00330756656034,-0.029131411224,-123,-0.0158301158301,-0.0847769452529,-0.027027027027,0.0540540540541,-0.027027027027,312,17,30,973,0.912280701754,0.982828282828,0.0171717171717,0.0877192982456,0.948328267477,0.912280701754,0.929955290611,0.906688591451,0.895108984583,0.869080779944,158,171,0,0,0,0
2178,WLNM_dir_neg,0.948565370541,0.612206262534,00:00:06,10,50,42,1237612677,threshold_sweep,0.9,0.891719745223,0.818713450292,0.853658536585,140,17,31,325,0.818713450292,0.950292397661,0.0497076023392,0.181286549708,0.891719745223,0.818713450292,0.853658536585,0.906432748538,0.56465237167,0.785074626866,0.786621704782,0.769005847953,342,171,171,0,342,0,171,0,171,37,342,0.256756756757,1.72528881811,18.4864864865,15.5454545455,9.77142857143,5.36771015539,0.290358590277,0.142642642643,9.50849154237,1.02869645341,0.544491860281,8.05331334643,0.871264894205,0.461830251304,0.640599570326,0.371299902718,2,1.72528881811,0.640599570326,2,0.344071394247,0.376569037657,810,0.104247104247,0.56957682835,37,37,37,1,0,0.405405405405,0.540540540541,0.0540540540541,37,0.128378378378,1.95578070417,9.24324324324,7.77272727273,4.88571428571,4.81551546454,0.520976819263,0.290501027343,5.98308426293,1.29458548379,0.650545282124,4.172338482,0.902786689089,0.472893946578,0.921247537618,0.471038258866,2.9319047619,1.95578070417,0.921247537618,2.9319047619,0.0800483829896,0.0313186813187,19,0.0024453024453,0.185587228463,37,37,37,1,0,0.405405405405,0.540540540541,0.0540540540541,37,328,0.246246246246,1.94806116126,17.7297297297,14.2608695652,9.11111111111,5.44491938849,0.307106733802,0.142633487146,9.16564285847,1.03392922489,0.542188529993,7.57980563428,0.855039050208,0.438529993408,0.940167056951,0.482616806724,4,1.94806116126,0.940167056951,4,0.347682309215,0.347405900305,683,0.0879021879022,0.481140806569,37,37,37,1,0,0.378378378378,0.594594594595,0.027027027027,-14,-0.0105105105105,0.222772343148,-0.756756756757,-1.28458498024,-0.660317460317,0.077209233096,0.0167481435249,-9.15549696034e-06,-0.342848683905,0.0052327714735,-0.00230333028793,-0.473507712155,-0.0162258439965,-0.0233002578959,0.299567486625,0.111316904006,2,0.222772343148,0.299567486625,2,0.0036109149674,-0.0291631373517,-127,-0.0163449163449,-0.0884360217805,-0.027027027027,0.0540540540541,-0.027027027027,311,17,31,973,0.909356725146,0.982828282828,0.0171717171717,0.0906432748538,0.948170731707,0.909356725146,0.928358208955,0.90465251161,0.892185007974,0.866295264624,157,171,0,0,0,0
2179,WLNM_dir_neg,0.959303717383,0.84657148011,00:00:05,10,50,43,1237612678,threshold_sweep,0.1,0.86301369863,0.736842105263,0.794952681388,126,20,45,322,0.736842105263,0.941520467836,0.0584795321637,0.263157894737,0.86301369863,0.736842105263,0.794952681388,0.873294346979,0.571799870045,0.704097116844,0.708701785693,0.678362573099,342,171,171,0,342,0,171,0,171,37,342,0.256756756757,1.72528881811,18.4864864865,15.5454545455,9.77142857143,5.36771015539,0.290358590277,0.142642642643,9.50849154237,1.02869645341,0.544491860281,8.05331334643,0.871264894205,0.461830251304,0.640599570326,0.371299902718,2,1.72528881811,0.640599570326,2,0.344071394247,0.376569037657,810,0.104247104247,0.56957682835,37,37,37,1,0,0.405405405405,0.540540540541,0.0540540540541,37,0.128378378378,1.92278914208,9.24324324324,7.77272727273,4.88571428571,4.65119701084,0.503199676611,0.281017859965,5.94582650713,1.28652386412,0.647068120752,4.20549476116,0.909960854755,0.477951635846,0.902025166922,0.469123289278,3.17759477124,1.92278914208,0.902025166922,3.17759477124,0.0744885259591,0.0234768026831,14,0.0018018018018,0.189320813386,37,37,37,1,0,0.405405405405,0.540540540541,0.0540540540541,37,317,0.237987987988,2.40777667732,17.1351351351,12.68,8.56756756757,4.45447441819,0.259961440809,0.130957455879,8.08819627104,0.944048145201,0.508824281695,7.4144773568,0.865412183601,0.455963850286,1.20990227202,0.502497712272,4.2202612346,2.40777667732,1.20990227202,4.2202612346,0.270203957952,0.275287356322,479,0.0616473616474,0.405388587453,37,37,37,1,0,0.324324324324,0.675675675676,0,-25,-0.0187687687688,0.682487859203,-1.35135135135,-2.86545454545,-1.20386100386,-0.9132357372,-0.0303971494677,-0.0116851867641,-1.42029527133,-0.0846483082142,-0.0356675785864,-0.638835989636,-0.00585271060381,-0.00586640101832,0.569302701689,0.131197809555,2.2202612346,0.682487859203,0.569302701689,2.2202612346,-0.0738674362954,-0.101281681335,-331,-0.0425997425997,-0.164188240897,-0.0810810810811,0.135135135135,-0.0540540540541,297,20,45,970,0.868421052632,0.979797979798,0.020202020202,0.131578947368,0.93690851735,0.868421052632,0.901365705615,0.870113708748,0.84821903243,0.82044198895,146,171,0,0,0,0
2180,WLNM_dir_neg,0.959303717383,0.84657148011,00:00:05,10,50,43,1237612678,threshold_sweep,0.2,0.882352941176,0.701754385965,0.781758957655,120,16,51,326,0.701754385965,0.953216374269,0.046783625731,0.298245614035,0.882352941176,0.701754385965,0.781758957655,0.869395711501,0.578297595841,0.690292758089,0.699508330996,0.654970760234,342,171,171,0,342,0,171,0,171,37,342,0.256756756757,1.72528881811,18.4864864865,15.5454545455,9.77142857143,5.36771015539,0.290358590277,0.142642642643,9.50849154237,1.02869645341,0.544491860281,8.05331334643,0.871264894205,0.461830251304,0.640599570326,0.371299902718,2,1.72528881811,0.640599570326,2,0.344071394247,0.376569037657,810,0.104247104247,0.56957682835,37,37,37,1,0,0.405405405405,0.540540540541,0.0540540540541,37,0.128378378378,1.92278914208,9.24324324324,7.77272727273,4.88571428571,4.65119701084,0.503199676611,0.281017859965,5.94582650713,1.28652386412,0.647068120752,4.20549476116,0.909960854755,0.477951635846,0.902025166922,0.469123289278,3.17759477124,1.92278914208,0.902025166922,3.17759477124,0.0744885259591,0.0234768026831,14,0.0018018018018,0.189320813386,37,37,37,1,0,0.405405405405,0.540540540541,0.0540540540541,37,307,0.23048048048,2.13463120663,16.5945945946,13.347826087,8.2972972973,4.39355246962,0.264758047844,0.129148692667,8.03417998604,0.968288793106,0.519587991901,7.35929066957,0.886950341283,0.459371423541,1.32343893028,0.619984813381,5.74341539067,2.13463120663,1.32343893028,5.74341539067,0.266762877134,0.257297081168,429,0.0552123552124,0.463095695954,37,37,37,1,0,0.378378378378,0.621621621622,0,-35,-0.0262762762763,0.409342388514,-1.89189189189,-2.1976284585,-1.47413127413,-0.974157685773,-0.0256005424336,-0.013493949976,-1.47431155634,-0.0604076603093,-0.0249038683806,-0.694022676868,0.0156854470783,-0.00245882776313,0.682839359954,0.248684910664,3.74341539067,0.409342388514,0.682839359954,3.74341539067,-0.077308517113,-0.119271956489,-381,-0.0490347490347,-0.106481132396,-0.027027027027,0.0810810810811,-0.0540540540541,291,16,51,974,0.850877192982,0.983838383838,0.0161616161616,0.149122807018,0.947882736156,0.850877192982,0.896764252696,0.865840802453,0.834715576821,0.812849162011,136,171,0,0,0,0
2181,WLNM_dir_neg,0.959303717383,0.84657148011,00:00:05,10,50,43,1237612678,threshold_sweep,0.3,0.883720930233,0.666666666667,0.76,114,15,57,327,0.666666666667,0.956140350877,0.0438596491228,0.333333333333,0.883720930233,0.666666666667,0.76,0.859649122807,0.582846003899,0.663551401869,0.676712405851,0.622807017544,342,171,171,0,342,0,171,0,171,37,342,0.256756756757,1.72528881811,18.4864864865,15.5454545455,9.77142857143,5.36771015539,0.290358590277,0.142642642643,9.50849154237,1.02869645341,0.544491860281,8.05331334643,0.871264894205,0.461830251304,0.640599570326,0.371299902718,2,1.72528881811,0.640599570326,2,0.344071394247,0.376569037657,810,0.104247104247,0.56957682835,37,37,37,1,0,0.405405405405,0.540540540541,0.0540540540541,37,0.128378378378,1.92278914208,9.24324324324,7.77272727273,4.88571428571,4.65119701084,0.503199676611,0.281017859965,5.94582650713,1.28652386412,0.647068120752,4.20549476116,0.909960854755,0.477951635846,0.902025166922,0.469123289278,3.17759477124,1.92278914208,0.902025166922,3.17759477124,0.0744885259591,0.0234768026831,14,0.0018018018018,0.189320813386,37,37,37,1,0,0.405405405405,0.540540540541,0.0540540540541,37,300,0.225225225225,2.02837028254,16.2162162162,13.0434782609,8.10810810811,4.42929098374,0.273139610664,0.13009009009,7.89086597059,0.973206803039,0.518918918919,7.43409481819,0.916871694243,0.474594594595,1.09455894782,0.539624819612,4.57060544662,2.02837028254,1.09455894782,4.57060544662,0.242371517929,0.229952093314,368,0.0473616473616,0.467151136347,37,37,37,1,0,0.378378378378,0.621621621622,0,-42,-0.0315315315315,0.303081464429,-2.27027027027,-2.50197628458,-1.66332046332,-0.938419171656,-0.0172189796133,-0.0125525525526,-1.61762557179,-0.0554896503758,-0.0255729413624,-0.619218528249,0.0456068000379,0.0127643432907,0.453959377497,0.168324916894,2.57060544662,0.303081464429,0.453959377497,2.57060544662,-0.101699876319,-0.146616944343,-442,-0.0568854568855,-0.102425692003,-0.027027027027,0.0810810810811,-0.0540540540541,285,15,57,975,0.833333333333,0.984848484848,0.0151515151515,0.166666666667,0.95,0.833333333333,0.88785046729,0.855618169765,0.818181818182,0.798319327731,129,171,0,0,0,0
2182,WLNM_dir_neg,0.959303717383,0.84657148011,00:00:05,10,50,43,1237612678,threshold_sweep,0.4,0.890625,0.666666666667,0.76254180602,114,14,57,328,0.666666666667,0.959064327485,0.0409356725146,0.333333333333,0.890625,0.666666666667,0.76254180602,0.861598440546,0.583495776478,0.667706708268,0.681653118548,0.625730994152,342,171,171,0,342,0,171,0,171,37,342,0.256756756757,1.72528881811,18.4864864865,15.5454545455,9.77142857143,5.36771015539,0.290358590277,0.142642642643,9.50849154237,1.02869645341,0.544491860281,8.05331334643,0.871264894205,0.461830251304,0.640599570326,0.371299902718,2,1.72528881811,0.640599570326,2,0.344071394247,0.376569037657,810,0.104247104247,0.56957682835,37,37,37,1,0,0.405405405405,0.540540540541,0.0540540540541,37,0.128378378378,1.92278914208,9.24324324324,7.77272727273,4.88571428571,4.65119701084,0.503199676611,0.281017859965,5.94582650713,1.28652386412,0.647068120752,4.20549476116,0.909960854755,0.477951635846,0.902025166922,0.469123289278,3.17759477124,1.92278914208,0.902025166922,3.17759477124,0.0744885259591,0.0234768026831,14,0.0018018018018,0.189320813386,37,37,37,1,0,0.405405405405,0.540540540541,0.0540540540541,37,299,0.224474474474,2.01550111054,16.1621621622,13,8.08108108108,4.5308419227,0.280336373144,0.13332730724,7.90702352475,0.97846110507,0.520835216487,7.45496992459,0.922521361906,0.477085781434,1.07924171614,0.535470663103,4.5705642896,2.01550111054,1.07924171614,4.5705642896,0.244473620031,0.229997911009,367,0.0472329472329,0.467091015522,37,37,37,1,0,0.378378378378,0.621621621622,0,-43,-0.0322822822823,0.290212292426,-2.32432432432,-2.54545454545,-1.69034749035,-0.83686823269,-0.0100222171333,-0.00931533540229,-1.60146801762,-0.0502353483449,-0.0236566437939,-0.598343421842,0.0512564677012,0.0152555301297,0.438642145819,0.164170760385,2.5705642896,0.290212292426,0.438642145819,2.5705642896,-0.0995977742165,-0.146571126648,-443,-0.0570141570142,-0.102485812828,-0.027027027027,0.0810810810811,-0.0540540540541,285,14,57,976,0.833333333333,0.985858585859,0.0141414141414,0.166666666667,0.953177257525,0.833333333333,0.889235569423,0.857690411665,0.819191919192,0.800561797753,128,171,0,0,0,0
2183,WLNM_dir_neg,0.959303717383,0.84657148011,00:00:05,10,50,43,1237612678,threshold_sweep,0.5,0.889763779528,0.66081871345,0.758389261745,113,14,58,328,0.66081871345,0.959064327485,0.0409356725146,0.33918128655,0.889763779528,0.66081871345,0.758389261745,0.859649122807,0.584145549058,0.6625,0.677057183528,0.619883040936,342,171,171,0,342,0,171,0,171,37,342,0.256756756757,1.72528881811,18.4864864865,15.5454545455,9.77142857143,5.36771015539,0.290358590277,0.142642642643,9.50849154237,1.02869645341,0.544491860281,8.05331334643,0.871264894205,0.461830251304,0.640599570326,0.371299902718,2,1.72528881811,0.640599570326,2,0.344071394247,0.376569037657,810,0.104247104247,0.56957682835,37,37,37,1,0,0.405405405405,0.540540540541,0.0540540540541,37,0.128378378378,1.92278914208,9.24324324324,7.77272727273,4.88571428571,4.65119701084,0.503199676611,0.281017859965,5.94582650713,1.28652386412,0.647068120752,4.20549476116,0.909960854755,0.477951635846,0.902025166922,0.469123289278,3.17759477124,1.92278914208,0.902025166922,3.17759477124,0.0744885259591,0.0234768026831,14,0.0018018018018,0.189320813386,37,37,37,1,0,0.405405405405,0.540540540541,0.0540540540541,37,298,0.223723723724,2.01429751775,16.1081081081,12.9565217391,8.05405405405,4.52636586988,0.280999223466,0.133865409033,7.8949560056,0.98024621546,0.522401596227,7.47196964196,0.927727774337,0.478505350989,1.07846246149,0.535403758376,4.57055345333,2.01429751775,1.07846246149,4.57055345333,0.24174875873,0.226403195291,359,0.0462033462033,0.467746537527,37,37,37,1,0,0.378378378378,0.621621621622,0,-44,-0.033033033033,0.289008699638,-2.37837837838,-2.58893280632,-1.71737451737,-0.841344285516,-0.0093593668116,-0.00877723360945,-1.61353553678,-0.0484502379546,-0.0220902640542,-0.581343704477,0.0564628801321,0.0166750996846,0.437862891166,0.164103855658,2.57055345333,0.289008699638,0.437862891166,2.57055345333,-0.102322635517,-0.150165842366,-451,-0.0580437580438,-0.101830290823,-0.027027027027,0.0810810810811,-0.0540540540541,284,14,58,976,0.830409356725,0.985858585859,0.0141414141414,0.169590643275,0.953020134228,0.830409356725,0.8875,0.855647704602,0.816267942584,0.797752808989,127,171,0,0,0,0
2184,WLNM_dir_neg,0.959303717383,0.84657148011,00:00:05,10,50,43,1237612678,threshold_sweep,0.6,0.888888888889,0.654970760234,0.754208754209,112,14,59,328,0.654970760234,0.959064327485,0.0409356725146,0.345029239766,0.888888888889,0.654970760234,0.754208754209,0.857699805068,0.584795321637,0.657276995305,0.672455487322,0.614035087719,342,171,171,0,342,0,171,0,171,37,342,0.256756756757,1.72528881811,18.4864864865,15.5454545455,9.77142857143,5.36771015539,0.290358590277,0.142642642643,9.50849154237,1.02869645341,0.544491860281,8.05331334643,0.871264894205,0.461830251304,0.640599570326,0.371299902718,2,1.72528881811,0.640599570326,2,0.344071394247,0.376569037657,810,0.104247104247,0.56957682835,37,37,37,1,0,0.405405405405,0.540540540541,0.0540540540541,37,0.128378378378,1.92278914208,9.24324324324,7.77272727273,4.88571428571,4.65119701084,0.503199676611,0.281017859965,5.94582650713,1.28652386412,0.647068120752,4.20549476116,0.909960854755,0.477951635846,0.902025166922,0.469123289278,3.17759477124,1.92278914208,0.902025166922,3.17759477124,0.0744885259591,0.0234768026831,14,0.0018018018018,0.189320813386,37,37,37,1,0,0.405405405405,0.540540540541,0.0540540540541,37,297,0.222972972973,2.01446132233,16.0540540541,12.9130434783,8.02702702703,4.51507318721,0.281241932537,0.134316134316,7.8721961022,0.980711298927,0.522886522887,7.43672003001,0.926460071079,0.477568477568,1.07848138147,0.535369614456,4.5705549281,2.01446132233,1.07848138147,4.5705549281,0.24215769708,0.226714648603,357,0.0459459459459,0.463745955646,37,37,37,1,0,0.378378378378,0.621621621622,0,-45,-0.0337837837838,0.289172504218,-2.43243243243,-2.63241106719,-1.7444015444,-0.852636968181,-0.00911665774031,-0.00832650832651,-1.63629544018,-0.0479851544877,-0.0216053373948,-0.616593316421,0.0551951768743,0.0157382262645,0.437881811148,0.164069711738,2.5705549281,0.289172504218,0.437881811148,2.5705549281,-0.101913697167,-0.149854389054,-453,-0.0583011583012,-0.105830872704,-0.027027027027,0.0810810810811,-0.0540540540541,283,14,59,976,0.827485380117,0.985858585859,0.0141414141414,0.172514619883,0.952861952862,0.827485380117,0.885758998435,0.853604114628,0.813343965976,0.794943820225,126,171,0,0,0,0
2185,WLNM_dir_neg,0.959303717383,0.84657148011,00:00:05,10,50,43,1237612678,threshold_sweep,0.7,0.888888888889,0.654970760234,0.754208754209,112,14,59,328,0.654970760234,0.959064327485,0.0409356725146,0.345029239766,0.888888888889,0.654970760234,0.754208754209,0.857699805068,0.584795321637,0.657276995305,0.672455487322,0.614035087719,342,171,171,0,342,0,171,0,171,37,342,0.256756756757,1.72528881811,18.4864864865,15.5454545455,9.77142857143,5.36771015539,0.290358590277,0.142642642643,9.50849154237,1.02869645341,0.544491860281,8.05331334643,0.871264894205,0.461830251304,0.640599570326,0.371299902718,2,1.72528881811,0.640599570326,2,0.344071394247,0.376569037657,810,0.104247104247,0.56957682835,37,37,37,1,0,0.405405405405,0.540540540541,0.0540540540541,37,0.128378378378,1.92278914208,9.24324324324,7.77272727273,4.88571428571,4.65119701084,0.503199676611,0.281017859965,5.94582650713,1.28652386412,0.647068120752,4.20549476116,0.909960854755,0.477951635846,0.902025166922,0.469123289278,3.17759477124,1.92278914208,0.902025166922,3.17759477124,0.0744885259591,0.0234768026831,14,0.0018018018018,0.189320813386,37,37,37,1,0,0.405405405405,0.540540540541,0.0540540540541,37,297,0.222972972973,2.01446132233,16.0540540541,12.9130434783,8.02702702703,4.51507318721,0.281241932537,0.134316134316,7.8721961022,0.980711298927,0.522886522887,7.43672003001,0.926460071079,0.477568477568,1.07848138147,0.535369614456,4.5705549281,2.01446132233,1.07848138147,4.5705549281,0.24215769708,0.226714648603,357,0.0459459459459,0.463745955646,37,37,37,1,0,0.378378378378,0.621621621622,0,-45,-0.0337837837838,0.289172504218,-2.43243243243,-2.63241106719,-1.7444015444,-0.852636968181,-0.00911665774031,-0.00832650832651,-1.63629544018,-0.0479851544877,-0.0216053373948,-0.616593316421,0.0551951768743,0.0157382262645,0.437881811148,0.164069711738,2.5705549281,0.289172504218,0.437881811148,2.5705549281,-0.101913697167,-0.149854389054,-453,-0.0583011583012,-0.105830872704,-0.027027027027,0.0810810810811,-0.0540540540541,283,14,59,976,0.827485380117,0.985858585859,0.0141414141414,0.172514619883,0.952861952862,0.827485380117,0.885758998435,0.853604114628,0.813343965976,0.794943820225,126,171,0,0,0,0
2186,WLNM_dir_neg,0.959303717383,0.84657148011,00:00:05,10,50,43,1237612678,threshold_sweep,0.8,0.888,0.649122807018,0.75,111,14,60,328,0.649122807018,0.959064327485,0.0409356725146,0.350877192982,0.888,0.649122807018,0.75,0.855750487329,0.585445094217,0.652037617555,0.667847751031,0.608187134503,342,171,171,0,342,0,171,0,171,37,342,0.256756756757,1.72528881811,18.4864864865,15.5454545455,9.77142857143,5.36771015539,0.290358590277,0.142642642643,9.50849154237,1.02869645341,0.544491860281,8.05331334643,0.871264894205,0.461830251304,0.640599570326,0.371299902718,2,1.72528881811,0.640599570326,2,0.344071394247,0.376569037657,810,0.104247104247,0.56957682835,37,37,37,1,0,0.405405405405,0.540540540541,0.0540540540541,37,0.128378378378,1.92278914208,9.24324324324,7.77272727273,4.88571428571,4.65119701084,0.503199676611,0.281017859965,5.94582650713,1.28652386412,0.647068120752,4.20549476116,0.909960854755,0.477951635846,0.902025166922,0.469123289278,3.17759477124,1.92278914208,0.902025166922,3.17759477124,0.0744885259591,0.0234768026831,14,0.0018018018018,0.189320813386,37,37,37,1,0,0.405405405405,0.540540540541,0.0540540540541,37,296,0.222222222222,1.99683403317,16,12.8695652174,8,4.59468291736,0.287167682335,0.137417823229,7.87400787401,0.984250984251,0.52465303141,7.43863786814,0.929829733518,0.478451424397,1.04313402178,0.522393951854,4.43690108293,1.99683403317,1.04313402178,4.43690108293,0.24215769708,0.226714648603,357,0.0459459459459,0.462029075688,37,37,37,1,0,0.378378378378,0.621621621622,0,-46,-0.0345345345345,0.271545215051,-2.48648648649,-2.67588932806,-1.77142857143,-0.77302723803,-0.00319090794191,-0.00522481941401,-1.63448366836,-0.0444454691633,-0.0198388288715,-0.614675478294,0.0585648393127,0.0166211730934,0.402534451456,0.151094049136,2.43690108293,0.271545215051,0.402534451456,2.43690108293,-0.101913697167,-0.149854389054,-453,-0.0583011583012,-0.107547752662,-0.027027027027,0.0810810810811,-0.0540540540541,282,14,60,976,0.824561403509,0.985858585859,0.0141414141414,0.175438596491,0.952702702703,0.824561403509,0.884012539185,0.851559624204,0.810419989367,0.792134831461,125,171,0,0,0,0
2187,WLNM_dir_neg,0.959303717383,0.84657148011,00:00:05,10,50,43,1237612678,threshold_sweep,0.9,0.915254237288,0.631578947368,0.747404844291,108,10,63,332,0.631578947368,0.970760233918,0.0292397660819,0.368421052632,0.915254237288,0.631578947368,0.747404844291,0.857699805068,0.589993502274,0.6529318542,0.674703046395,0.602339181287,342,171,171,0,342,0,171,0,171,37,342,0.256756756757,1.72528881811,18.4864864865,15.5454545455,9.77142857143,5.36771015539,0.290358590277,0.142642642643,9.50849154237,1.02869645341,0.544491860281,8.05331334643,0.871264894205,0.461830251304,0.640599570326,0.371299902718,2,1.72528881811,0.640599570326,2,0.344071394247,0.376569037657,810,0.104247104247,0.56957682835,37,37,37,1,0,0.405405405405,0.540540540541,0.0540540540541,37,0.128378378378,1.92278914208,9.24324324324,7.77272727273,4.88571428571,4.65119701084,0.503199676611,0.281017859965,5.94582650713,1.28652386412,0.647068120752,4.20549476116,0.909960854755,0.477951635846,0.902025166922,0.469123289278,3.17759477124,1.92278914208,0.902025166922,3.17759477124,0.0744885259591,0.0234768026831,14,0.0018018018018,0.189320813386,37,37,37,1,0,0.405405405405,0.540540540541,0.0540540540541,37,289,0.216966966967,1.99308525377,15.6216216216,12.5652173913,8.02777777778,4.72200140802,0.302273446534,0.143271298981,7.79186840323,0.997574847472,0.530253436828,7.41933599095,0.949880386384,0.488543907229,1.02866671002,0.516117766701,4.25427714739,1.99308525377,1.02866671002,4.25427714739,0.20471038584,0.21768857521,329,0.0423423423423,0.454735964911,37,37,37,1,0,0.378378378378,0.594594594595,0.027027027027,-53,-0.0397897897898,0.267796435659,-2.86486486486,-2.98023715415,-1.74365079365,-0.645708747378,0.0119148562567,0.000628656337999,-1.71662313915,-0.0311216059428,-0.0142384234535,-0.633977355488,0.0786154921792,0.0267136559251,0.388067139696,0.144817863983,2.25427714739,0.267796435659,0.388067139696,2.25427714739,-0.139361008407,-0.158880462447,-481,-0.0619047619048,-0.114840863439,-0.027027027027,0.0540540540541,-0.027027027027,279,10,63,980,0.815789473684,0.989898989899,0.010101010101,0.184210526316,0.965397923875,0.815789473684,0.884310618067,0.853899422597,0.805688463583,0.792613636364,118,171,0,0,0,0
2188,WLNM_dir_neg,0.924489586539,0.689697830138,00:00:05,10,50,44,1237612679,threshold_sweep,0.1,0.923076923077,0.771929824561,0.84076433121,132,11,39,331,0.771929824561,0.96783625731,0.0321637426901,0.228070175439,0.923076923077,0.771929824561,0.84076433121,0.90253411306,0.573749187784,0.771341463415,0.777743952008,0.739766081871,342,171,171,0,342,0,171,0,171,37,342,0.256756756757,1.72528881811,18.4864864865,15.5454545455,9.77142857143,5.36771015539,0.290358590277,0.142642642643,9.50849154237,1.02869645341,0.544491860281,8.05331334643,0.871264894205,0.461830251304,0.640599570326,0.371299902718,2,1.72528881811,0.640599570326,2,0.344071394247,0.376569037657,810,0.104247104247,0.56957682835,37,37,37,1,0,0.405405405405,0.540540540541,0.0540540540541,37,0.128378378378,1.9105525168,9.24324324324,7.77272727273,4.88571428571,4.75748185847,0.514698329717,0.28733997155,5.97379160887,1.29257479256,0.649596965386,4.33558500058,0.938109035214,0.485854275328,0.866449220545,0.453507146716,2.88148148148,1.9105525168,0.866449220545,2.88148148148,0.0590669769591,0.028192371476,17,0.0021879021879,0.192164375054,37,37,37,1,0,0.405405405405,0.540540540541,0.0540540540541,37,314,0.235735735736,2.14771921419,16.972972973,13.0833333333,8.48648648649,4.53680312363,0.267295725437,0.127388535032,8.23144925009,0.969947841571,0.516956446893,8.21117673805,0.967559042381,0.493372353245,0.934895896651,0.435297077231,2.91310511538,2.14771921419,0.934895896651,2.91310511538,0.23586101535,0.228429309355,398,0.0512226512227,0.482934960216,37,37,37,1,0,0.351351351351,0.648648648649,0,-28,-0.021021021021,0.42243039608,-1.51351351351,-2.46212121212,-1.28494208494,-0.830907031763,-0.0230628648403,-0.0152541076108,-1.27704229229,-0.0587486118441,-0.0275354133886,0.157863391611,0.0962941481763,0.031542101941,0.294296326325,0.063997174513,0.913105115378,0.42243039608,0.294296326325,0.913105115378,-0.108210378897,-0.148139728302,-412,-0.0530244530245,-0.0866418681336,-0.0540540540541,0.108108108108,-0.0540540540541,303,11,39,979,0.885964912281,0.988888888889,0.0111111111111,0.114035087719,0.964968152866,0.885964912281,0.923780487805,0.900383277543,0.87485380117,0.85835694051,143,171,0,0,0,0
2189,WLNM_dir_neg,0.924489586539,0.689697830138,00:00:05,10,50,44,1237612679,threshold_sweep,0.2,0.934782608696,0.754385964912,0.834951456311,129,9,42,333,0.754385964912,0.973684210526,0.0263157894737,0.245614035088,0.934782608696,0.754385964912,0.834951456311,0.900584795322,0.576998050682,0.764976958525,0.773978990839,0.728070175439,342,171,171,0,342,0,171,0,171,37,342,0.256756756757,1.72528881811,18.4864864865,15.5454545455,9.77142857143,5.36771015539,0.290358590277,0.142642642643,9.50849154237,1.02869645341,0.544491860281,8.05331334643,0.871264894205,0.461830251304,0.640599570326,0.371299902718,2,1.72528881811,0.640599570326,2,0.344071394247,0.376569037657,810,0.104247104247,0.56957682835,37,37,37,1,0,0.405405405405,0.540540540541,0.0540540540541,37,0.128378378378,1.9105525168,9.24324324324,7.77272727273,4.88571428571,4.75748185847,0.514698329717,0.28733997155,5.97379160887,1.29257479256,0.649596965386,4.33558500058,0.938109035214,0.485854275328,0.866449220545,0.453507146716,2.88148148148,1.9105525168,0.866449220545,2.88148148148,0.0590669769591,0.028192371476,17,0.0021879021879,0.192164375054,37,37,37,1,0,0.405405405405,0.540540540541,0.0540540540541,37,309,0.231981981982,1.75780141641,16.7027027027,14.0454545455,8.35135135135,4.38345921787,0.262440114986,0.121752820782,8.18947907791,0.980617235867,0.519198810461,8.18947907791,0.980617235867,0.50013119916,0.694264145434,0.394961648656,2.60148162677,1.75780141641,0.694264145434,2.60148162677,0.230976360775,0.224736636754,384,0.0494208494208,0.565358944092,37,37,37,1,0,0.405405405405,0.594594594595,0,-33,-0.0247747747748,0.0325125982934,-1.78378378378,-1.5,-1.42007722008,-0.984250937525,-0.0279184752915,-0.0208898218607,-1.31901246446,-0.0480792175483,-0.0252930498204,0.136165731478,0.109352341662,0.0383009478564,0.053664575108,0.023661745938,0.601481626771,0.0325125982934,0.053664575108,0.601481626771,-0.113095033472,-0.151832400903,-426,-0.0548262548263,-0.00421788425794,0,0.0540540540541,-0.0540540540541,300,9,42,981,0.877192982456,0.990909090909,0.00909090909091,0.122807017544,0.970873786408,0.877192982456,0.921658986175,0.898430293693,0.868102073365,0.854700854701,138,171,0,0,0,0
2190,WLNM_dir_neg,0.924489586539,0.689697830138,00:00:05,10,50,44,1237612679,threshold_sweep,0.3,0.948529411765,0.754385964912,0.840390879479,129,7,42,335,0.754385964912,0.979532163743,0.0204678362573,0.245614035088,0.948529411765,0.754385964912,0.840390879479,0.904483430799,0.578297595841,0.773497688752,0.783824067322,0.733918128655,342,171,171,0,342,0,171,0,171,37,342,0.256756756757,1.72528881811,18.4864864865,15.5454545455,9.77142857143,5.36771015539,0.290358590277,0.142642642643,9.50849154237,1.02869645341,0.544491860281,8.05331334643,0.871264894205,0.461830251304,0.640599570326,0.371299902718,2,1.72528881811,0.640599570326,2,0.344071394247,0.376569037657,810,0.104247104247,0.56957682835,37,37,37,1,0,0.405405405405,0.540540540541,0.0540540540541,37,0.128378378378,1.9105525168,9.24324324324,7.77272727273,4.88571428571,4.75748185847,0.514698329717,0.28733997155,5.97379160887,1.29257479256,0.649596965386,4.33558500058,0.938109035214,0.485854275328,0.866449220545,0.453507146716,2.88148148148,1.9105525168,0.866449220545,2.88148148148,0.0590669769591,0.028192371476,17,0.0021879021879,0.192164375054,37,37,37,1,0,0.405405405405,0.540540540541,0.0540540540541,37,307,0.23048048048,1.7540900813,16.5945945946,13.9545454545,8.2972972973,4.3745441633,0.26361259616,0.121929747337,8.12015621383,0.978650748898,0.517475129853,8.21199956995,0.989719817877,0.502685095519,0.691605842996,0.39428182758,2.60133154519,1.7540900813,0.691605842996,2.60133154519,0.214093168428,0.215217391304,363,0.0467181467181,0.568363149795,37,37,37,1,0,0.405405405405,0.594594594595,0,-35,-0.0262762762763,0.028801263188,-1.89189189189,-1.59090909091,-1.47413127413,-0.993165992096,-0.0267459941175,-0.0207128953057,-1.38833532855,-0.0500457045172,-0.0270167304284,0.158686223521,0.118454923672,0.040854844215,0.0510062726695,0.022981924862,0.601331545187,0.028801263188,0.0510062726695,0.601331545187,-0.12997822582,-0.161351646353,-447,-0.057528957529,-0.00121367855471,0,0.0540540540541,-0.0540540540541,300,7,42,983,0.877192982456,0.992929292929,0.00707070707071,0.122807017544,0.977198697068,0.877192982456,0.924499229584,0.902567760891,0.870122275385,0.859598853868,136,171,0,0,0,0
2191,WLNM_dir_neg,0.924489586539,0.689697830138,00:00:05,10,50,44,1237612679,threshold_sweep,0.4,0.955555555556,0.754385964912,0.843137254902,129,6,42,336,0.754385964912,0.982456140351,0.0175438596491,0.245614035088,0.955555555556,0.754385964912,0.843137254902,0.906432748538,0.578947368421,0.777777777778,0.788810637747,0.736842105263,342,171,171,0,342,0,171,0,171,37,342,0.256756756757,1.72528881811,18.4864864865,15.5454545455,9.77142857143,5.36771015539,0.290358590277,0.142642642643,9.50849154237,1.02869645341,0.544491860281,8.05331334643,0.871264894205,0.461830251304,0.640599570326,0.371299902718,2,1.72528881811,0.640599570326,2,0.344071394247,0.376569037657,810,0.104247104247,0.56957682835,37,37,37,1,0,0.405405405405,0.540540540541,0.0540540540541,37,0.128378378378,1.9105525168,9.24324324324,7.77272727273,4.88571428571,4.75748185847,0.514698329717,0.28733997155,5.97379160887,1.29257479256,0.649596965386,4.33558500058,0.938109035214,0.485854275328,0.866449220545,0.453507146716,2.88148148148,1.9105525168,0.866449220545,2.88148148148,0.0590669769591,0.028192371476,17,0.0021879021879,0.192164375054,37,37,37,1,0,0.405405405405,0.540540540541,0.0540540540541,37,306,0.22972972973,1.77967813441,16.5405405405,13.9090909091,8.27027027027,4.43843437483,0.26833671874,0.123476417594,8.14332940595,0.984650941242,0.51951951952,8.17736934285,0.988766881325,0.502561384914,0.739181926471,0.415345849444,2.60143579986,1.77967813441,0.739181926471,2.60143579986,0.207302842055,0.214370782056,360,0.046332046332,0.565825844699,37,37,37,1,0,0.405405405405,0.594594594595,0,-36,-0.027027027027,0.054389316291,-1.94594594595,-1.63636363636,-1.50115830116,-0.92927578056,-0.0220218715372,-0.0191662250486,-1.36516213642,-0.0440455121725,-0.0249723407618,0.124055996415,0.11750198712,0.0407311336104,0.0985823561453,0.044045946726,0.601435799864,0.054389316291,0.0985823561453,0.601435799864,-0.136768552192,-0.162198255601,-450,-0.0579150579151,-0.00375098365122,0,0.0540540540541,-0.0540540540541,300,6,42,984,0.877192982456,0.993939393939,0.00606060606061,0.122807017544,0.980392156863,0.877192982456,0.925925925926,0.904649633687,0.871132376396,0.862068965517,135,171,0,0,0,0
2192,WLNM_dir_neg,0.924489586539,0.689697830138,00:00:05,10,50,44,1237612679,threshold_sweep,0.5,0.954887218045,0.74269005848,0.835526315789,127,6,44,336,0.74269005848,0.982456140351,0.0175438596491,0.25730994152,0.954887218045,0.74269005848,0.835526315789,0.90253411306,0.58024691358,0.767801857585,0.780043934513,0.72514619883,342,171,171,0,342,0,171,0,171,37,342,0.256756756757,1.72528881811,18.4864864865,15.5454545455,9.77142857143,5.36771015539,0.290358590277,0.142642642643,9.50849154237,1.02869645341,0.544491860281,8.05331334643,0.871264894205,0.461830251304,0.640599570326,0.371299902718,2,1.72528881811,0.640599570326,2,0.344071394247,0.376569037657,810,0.104247104247,0.56957682835,37,37,37,1,0,0.405405405405,0.540540540541,0.0540540540541,37,0.128378378378,1.9105525168,9.24324324324,7.77272727273,4.88571428571,4.75748185847,0.514698329717,0.28733997155,5.97379160887,1.29257479256,0.649596965386,4.33558500058,0.938109035214,0.485854275328,0.866449220545,0.453507146716,2.88148148148,1.9105525168,0.866449220545,2.88148148148,0.0590669769591,0.028192371476,17,0.0021879021879,0.192164375054,37,37,37,1,0,0.405405405405,0.540540540541,0.0540540540541,37,304,0.228228228228,1.78129853667,16.4324324324,13.8181818182,8.21621621622,4.51257834983,0.274614143,0.127222617354,8.10738735535,0.986754382066,0.520981507824,8.15861894337,0.992989805607,0.50426742532,0.741268703723,0.41613951197,2.61073670176,1.78129853667,0.741268703723,2.61073670176,0.211679673212,0.214758371767,357,0.0459459459459,0.563825059388,37,37,37,1,0,0.405405405405,0.594594594595,0,-38,-0.0285285285285,0.0560097185576,-2.05405405405,-1.72727272727,-1.55521235521,-0.855131805562,-0.0157444472775,-0.0154200252884,-1.40110418702,-0.0419420713489,-0.0235103524577,0.105305596933,0.121724911402,0.0424371740161,0.100669133397,0.044839609252,0.610736701756,0.0560097185576,0.100669133397,0.610736701756,-0.132391721035,-0.16181066589,-453,-0.0583011583012,-0.00575176896198,0,0.0540540540541,-0.0540540540541,298,6,44,984,0.87134502924,0.993939393939,0.00606060606061,0.12865497076,0.980263157895,0.87134502924,0.922600619195,0.900650276791,0.865284423179,0.85632183908,133,171,0,0,0,0
2193,WLNM_dir_neg,0.924489586539,0.689697830138,00:00:05,10,50,44,1237612679,threshold_sweep,0.6,0.953846153846,0.72514619883,0.823920265781,124,6,47,336,0.72514619883,0.982456140351,0.0175438596491,0.27485380117,0.953846153846,0.72514619883,0.823920265781,0.896686159844,0.582196231319,0.752721617418,0.76688334332,0.707602339181,342,171,171,0,342,0,171,0,171,37,342,0.256756756757,1.72528881811,18.4864864865,15.5454545455,9.77142857143,5.36771015539,0.290358590277,0.142642642643,9.50849154237,1.02869645341,0.544491860281,8.05331334643,0.871264894205,0.461830251304,0.640599570326,0.371299902718,2,1.72528881811,0.640599570326,2,0.344071394247,0.376569037657,810,0.104247104247,0.56957682835,37,37,37,1,0,0.405405405405,0.540540540541,0.0540540540541,37,0.128378378378,1.9105525168,9.24324324324,7.77272727273,4.88571428571,4.75748185847,0.514698329717,0.28733997155,5.97379160887,1.29257479256,0.649596965386,4.33558500058,0.938109035214,0.485854275328,0.866449220545,0.453507146716,2.88148148148,1.9105525168,0.866449220545,2.88148148148,0.0590669769591,0.028192371476,17,0.0021879021879,0.192164375054,37,37,37,1,0,0.405405405405,0.540540540541,0.0540540540541,37,301,0.225975975976,1.77640846155,16.2702702703,13.6818181818,8.13513513514,4.50708484653,0.277013520468,0.130914968124,8.03175005892,0.987291535482,0.520606985723,8.22314539091,1.01081853642,0.512166651702,0.737779326422,0.415320767937,2.61073559092,1.77640846155,0.737779326422,2.61073559092,0.197757319661,0.197957099081,323,0.0415701415701,0.570330992968,37,37,37,1,0,0.405405405405,0.594594594595,0,-41,-0.0307807807808,0.0511196434364,-2.21621621622,-1.86363636364,-1.63629343629,-0.860625308864,-0.0133450698094,-0.0117276745184,-1.47674148345,-0.0414049179326,-0.0238848745581,0.16983204448,0.13955364222,0.0503364003976,0.0971797560955,0.0440208652194,0.610735590917,0.0511196434364,0.0971797560955,0.610735590917,-0.146314074586,-0.178611938576,-487,-0.062676962677,0.000754164618261,0,0.0540540540541,-0.0540540540541,295,6,47,984,0.862573099415,0.993939393939,0.00606060606061,0.137426900585,0.980066445183,0.862573099415,0.917573872473,0.894647127778,0.856512493355,0.847701149425,130,171,0,0,0,0
2194,WLNM_dir_neg,0.924489586539,0.689697830138,00:00:05,10,50,44,1237612679,threshold_sweep,0.7,0.953488372093,0.719298245614,0.82,123,6,48,336,0.719298245614,0.982456140351,0.0175438596491,0.280701754386,0.953488372093,0.719298245614,0.82,0.894736842105,0.582846003899,0.747663551402,0.762492851663,0.701754385965,342,171,171,0,342,0,171,0,171,37,342,0.256756756757,1.72528881811,18.4864864865,15.5454545455,9.77142857143,5.36771015539,0.290358590277,0.142642642643,9.50849154237,1.02869645341,0.544491860281,8.05331334643,0.871264894205,0.461830251304,0.640599570326,0.371299902718,2,1.72528881811,0.640599570326,2,0.344071394247,0.376569037657,810,0.104247104247,0.56957682835,37,37,37,1,0,0.405405405405,0.540540540541,0.0540540540541,37,0.128378378378,1.9105525168,9.24324324324,7.77272727273,4.88571428571,4.75748185847,0.514698329717,0.28733997155,5.97379160887,1.29257479256,0.649596965386,4.33558500058,0.938109035214,0.485854275328,0.866449220545,0.453507146716,2.88148148148,1.9105525168,0.866449220545,2.88148148148,0.0590669769591,0.028192371476,17,0.0021879021879,0.192164375054,37,37,37,1,0,0.405405405405,0.540540540541,0.0540540540541,37,300,0.225225225225,1.77347673162,16.2162162162,13.6363636364,8.10810810811,4.54688620642,0.280391316063,0.132612612613,8.00619129793,0.987430260078,0.52,8.22862140399,1.01486330649,0.513153153153,0.736272028433,0.415157422314,2.61072262972,1.77347673162,0.736272028433,2.61072262972,0.193807992183,0.198357289528,322,0.0414414414414,0.571393291733,37,37,37,1,0,0.405405405405,0.594594594595,0,-42,-0.0315315315315,0.0481879135034,-2.27027027027,-1.90909090909,-1.66332046332,-0.820823948969,-0.00996727421427,-0.01003003003,-1.50230024444,-0.0412661933364,-0.0244918602813,0.175308057556,0.143598412287,0.0513229018492,0.0956724581067,0.0438575195964,0.61072262972,0.0481879135034,0.0956724581067,0.61072262972,-0.150263402065,-0.178211748129,-488,-0.0628056628057,0.00181646338336,0,0.0540540540541,-0.0540540540541,294,6,48,984,0.859649122807,0.993939393939,0.00606060606061,0.140350877193,0.98,0.859649122807,0.915887850467,0.892644920971,0.853588516746,0.844827586207,129,171,0,0,0,0
2195,WLNM_dir_neg,0.924489586539,0.689697830138,00:00:05,10,50,44,1237612679,threshold_sweep,0.8,0.968,0.707602339181,0.817567567568,121,4,50,338,0.707602339181,0.988304093567,0.0116959064327,0.292397660819,0.968,0.707602339181,0.817567567568,0.894736842105,0.585445094217,0.746081504702,0.764171945891,0.695906432749,342,171,171,0,342,0,171,0,171,37,342,0.256756756757,1.72528881811,18.4864864865,15.5454545455,9.77142857143,5.36771015539,0.290358590277,0.142642642643,9.50849154237,1.02869645341,0.544491860281,8.05331334643,0.871264894205,0.461830251304,0.640599570326,0.371299902718,2,1.72528881811,0.640599570326,2,0.344071394247,0.376569037657,810,0.104247104247,0.56957682835,37,37,37,1,0,0.405405405405,0.540540540541,0.0540540540541,37,0.128378378378,1.9105525168,9.24324324324,7.77272727273,4.88571428571,4.75748185847,0.514698329717,0.28733997155,5.97379160887,1.29257479256,0.649596965386,4.33558500058,0.938109035214,0.485854275328,0.866449220545,0.453507146716,2.88148148148,1.9105525168,0.866449220545,2.88148148148,0.0590669769591,0.028192371476,17,0.0021879021879,0.192164375054,37,37,37,1,0,0.405405405405,0.540540540541,0.0540540540541,37,296,0.222222222222,1.7140773544,16,13.4545454545,8.22222222222,4.58863329931,0.286789581207,0.13623082542,7.95822425754,0.994778032193,0.523009495982,8.21583836258,1.02697979532,0.52246165084,0.637274851868,0.37178885202,2,1.7140773544,0.637274851868,2,0.185701263565,0.190576356752,302,0.0388674388674,0.565912501189,37,37,37,1,0,0.405405405405,0.567567567568,0.027027027027,-46,-0.0345345345345,-0.0112114637106,-2.48648648649,-2.09090909091,-1.54920634921,-0.779076856081,-0.00356900907012,-0.00641181722263,-1.55026728483,-0.033918421222,-0.0214823642989,0.162525016143,0.155714901117,0.0606313995361,-0.00332471845823,0.000488949302485,0,-0.0112114637106,-0.00332471845823,0,-0.158370130682,-0.185992680905,-508,-0.0653796653797,-0.00366432716117,0,0.027027027027,-0.027027027027,292,4,50,986,0.853801169591,0.99595959596,0.0040404040404,0.146198830409,0.986486486486,0.853801169591,0.915360501567,0.892897470039,0.84976076555,0.843930635838,125,171,0,0,0,0
2196,WLNM_dir_neg,0.924489586539,0.689697830138,00:00:05,10,50,44,1237612679,threshold_sweep,0.9,0.967479674797,0.695906432749,0.809523809524,119,4,52,338,0.695906432749,0.988304093567,0.0116959064327,0.304093567251,0.967479674797,0.695906432749,0.809523809524,0.890838206628,0.586744639376,0.735849056604,0.75546787312,0.684210526316,342,171,171,0,342,0,171,0,171,37,342,0.256756756757,1.72528881811,18.4864864865,15.5454545455,9.77142857143,5.36771015539,0.290358590277,0.142642642643,9.50849154237,1.02869645341,0.544491860281,8.05331334643,0.871264894205,0.461830251304,0.640599570326,0.371299902718,2,1.72528881811,0.640599570326,2,0.344071394247,0.376569037657,810,0.104247104247,0.56957682835,37,37,37,1,0,0.405405405405,0.540540540541,0.0540540540541,37,0.128378378378,1.9105525168,9.24324324324,7.77272727273,4.88571428571,4.75748185847,0.514698329717,0.28733997155,5.97379160887,1.29257479256,0.649596965386,4.33558500058,0.938109035214,0.485854275328,0.866449220545,0.453507146716,2.88148148148,1.9105525168,0.866449220545,2.88148148148,0.0590669769591,0.028192371476,17,0.0021879021879,0.192164375054,37,37,37,1,0,0.405405405405,0.540540540541,0.0540540540541,37,294,0.220720720721,1.71443383576,15.8918918919,13.3636363636,8.16666666667,4.58126488952,0.2882768723,0.138352638353,7.9160383819,0.996236122892,0.52491266777,8.15797478254,1.0266839012,0.523625666483,0.637495957625,0.371840513369,2,1.71443383576,0.637495957625,2,0.18627224587,0.190577701983,298,0.0383526383526,0.558599514559,37,37,37,1,0,0.405405405405,0.567567567568,0.027027027027,-48,-0.036036036036,-0.0108549823569,-2.59459459459,-2.18181818182,-1.60476190476,-0.786445265869,-0.00208171797712,-0.00429000429,-1.59245316048,-0.032460330523,-0.0195791925115,0.104661436105,0.155419006999,0.0617954151789,-0.00310361270088,0.000540610651109,0,-0.0108549823569,-0.00310361270088,0,-0.157799148378,-0.185991335674,-512,-0.0658944658945,-0.0109773137909,0,0.027027027027,-0.027027027027,290,4,52,986,0.847953216374,0.99595959596,0.0040404040404,0.152046783626,0.986394557823,0.847953216374,0.911949685535,0.888906104678,0.843912812334,0.838150289017,123,171,0,0,0,0
2197,WLNM_dir_neg,0.968759618344,0.65640206391,00:00:05,10,50,45,1237612680,threshold_sweep,0.1,0.907514450867,0.918128654971,0.912790697674,157,16,14,326,0.918128654971,0.953216374269,0.046783625731,0.0818713450292,0.907514450867,0.918128654971,0.912790697674,0.941520467836,0.554256010396,0.868804664723,0.86883789786,0.87134502924,342,171,171,0,342,0,171,0,171,37,342,0.256756756757,1.72528881811,18.4864864865,15.5454545455,9.77142857143,5.36771015539,0.290358590277,0.142642642643,9.50849154237,1.02869645341,0.544491860281,8.05331334643,0.871264894205,0.461830251304,0.640599570326,0.371299902718,2,1.72528881811,0.640599570326,2,0.344071394247,0.376569037657,810,0.104247104247,0.56957682835,37,37,37,1,0,0.405405405405,0.540540540541,0.0540540540541,37,0.128378378378,1.96064569672,9.24324324324,7.77272727273,4.88571428571,4.69281605462,0.507702321699,0.282440335072,5.90363048072,1.27739372975,0.641378220326,4.18563251128,0.905663174956,0.47637110795,0.96083392887,0.490059948352,2.97142857143,1.96064569672,0.96083392887,2.97142857143,0.0559998118822,0.0233463035019,14,0.0018018018018,0.1896727929,37,37,37,1,0,0.405405405405,0.540540540541,0.0540540540541,37,344,0.258258258258,2.2577466689,18.5945945946,14.3333333333,9.82857142857,5.00255190133,0.269032587717,0.132620993086,9.11307017684,0.980184873672,0.525769956003,7.77054575827,0.83578544493,0.444374607165,1.17403029899,0.520000899642,4.38067340622,2.2577466689,1.17403029899,4.38067340622,0.348100645637,0.369070208729,778,0.100128700129,0.464520484984,37,37,37,1,0,0.351351351351,0.594594594595,0.0540540540541,2,0.0015015015015,0.532457850784,0.108108108108,-1.21212121212,0.0571428571429,-0.365158254061,-0.0213260025601,-0.0100216495565,-0.395421365533,-0.0485115797428,-0.0187219042788,-0.282767588163,-0.0354794492746,-0.0174556441386,0.533430728664,0.148700996924,2.38067340622,0.532457850784,0.533430728664,2.38067340622,0.00402925138987,-0.00749882892825,-32,-0.0041184041184,-0.105056343366,-0.0540540540541,0.0540540540541,0,328,16,14,974,0.959064327485,0.983838383838,0.0161616161616,0.0409356725146,0.953488372093,0.959064327485,0.956268221574,0.941108814999,0.942902711324,0.916201117318,173,171,0,0,0,0
2198,WLNM_dir_neg,0.968759618344,0.65640206391,00:00:05,10,50,45,1237612680,threshold_sweep,0.2,0.911949685535,0.847953216374,0.878787878788,145,14,26,328,0.847953216374,0.959064327485,0.0409356725146,0.152046783626,0.911949685535,0.847953216374,0.878787878788,0.922027290448,0.563352826511,0.821428571429,0.822609822681,0.80701754386,342,171,171,0,342,0,171,0,171,37,342,0.256756756757,1.72528881811,18.4864864865,15.5454545455,9.77142857143,5.36771015539,0.290358590277,0.142642642643,9.50849154237,1.02869645341,0.544491860281,8.05331334643,0.871264894205,0.461830251304,0.640599570326,0.371299902718,2,1.72528881811,0.640599570326,2,0.344071394247,0.376569037657,810,0.104247104247,0.56957682835,37,37,37,1,0,0.405405405405,0.540540540541,0.0540540540541,37,0.128378378378,1.96064569672,9.24324324324,7.77272727273,4.88571428571,4.69281605462,0.507702321699,0.282440335072,5.90363048072,1.27739372975,0.641378220326,4.18563251128,0.905663174956,0.47637110795,0.96083392887,0.490059948352,2.97142857143,1.96064569672,0.96083392887,2.97142857143,0.0559998118822,0.0233463035019,14,0.0018018018018,0.1896727929,37,37,37,1,0,0.405405405405,0.540540540541,0.0540540540541,37,330,0.247747747748,2.62387328099,17.8378378378,13.75,9.42857142857,5.09636860647,0.285705512787,0.142588042588,9.09327705988,1.01954924611,0.544471744472,7.47729295333,0.838363149313,0.445045045045,1.75995919876,0.670748550057,6.39316868826,2.62387328099,1.75995919876,6.39316868826,0.337251216718,0.348908075165,687,0.088416988417,0.431665692513,37,37,37,1,0,0.351351351351,0.594594594595,0.0540540540541,-12,-0.00900900900901,0.898584462874,-0.648648648649,-1.79545454545,-0.342857142857,-0.271341548927,-0.00465307749039,-5.46000546e-05,-0.415214482498,-0.00914720730737,-2.01158095894e-05,-0.576020393105,-0.0329017448922,-0.0167852062589,1.11935962843,0.299448647339,4.39316868826,0.898584462874,1.11935962843,4.39316868826,-0.00682017752944,-0.0276609624918,-123,-0.0158301158301,-0.137911135837,-0.0540540540541,0.0540540540541,0,316,14,26,976,0.923976608187,0.985858585859,0.0141414141414,0.0760233918129,0.957575757576,0.923976608187,0.940476190476,0.920666946924,0.909835194046,0.887640449438,159,171,0,0,0,0
2199,WLNM_dir_neg,0.968759618344,0.65640206391,00:00:05,10,50,45,1237612680,threshold_sweep,0.3,0.911949685535,0.847953216374,0.878787878788,145,14,26,328,0.847953216374,0.959064327485,0.0409356725146,0.152046783626,0.911949685535,0.847953216374,0.878787878788,0.922027290448,0.563352826511,0.821428571429,0.822609822681,0.80701754386,342,171,171,0,342,0,171,0,171,37,342,0.256756756757,1.72528881811,18.4864864865,15.5454545455,9.77142857143,5.36771015539,0.290358590277,0.142642642643,9.50849154237,1.02869645341,0.544491860281,8.05331334643,0.871264894205,0.461830251304,0.640599570326,0.371299902718,2,1.72528881811,0.640599570326,2,0.344071394247,0.376569037657,810,0.104247104247,0.56957682835,37,37,37,1,0,0.405405405405,0.540540540541,0.0540540540541,37,0.128378378378,1.96064569672,9.24324324324,7.77272727273,4.88571428571,4.69281605462,0.507702321699,0.282440335072,5.90363048072,1.27739372975,0.641378220326,4.18563251128,0.905663174956,0.47637110795,0.96083392887,0.490059948352,2.97142857143,1.96064569672,0.96083392887,2.97142857143,0.0559998118822,0.0233463035019,14,0.0018018018018,0.1896727929,37,37,37,1,0,0.405405405405,0.540540540541,0.0540540540541,37,330,0.247747747748,2.62387328099,17.8378378378,13.75,9.42857142857,5.09636860647,0.285705512787,0.142588042588,9.09327705988,1.01954924611,0.544471744472,7.47729295333,0.838363149313,0.445045045045,1.75995919876,0.670748550057,6.39316868826,2.62387328099,1.75995919876,6.39316868826,0.337251216718,0.348908075165,687,0.088416988417,0.431665692513,37,37,37,1,0,0.351351351351,0.594594594595,0.0540540540541,-12,-0.00900900900901,0.898584462874,-0.648648648649,-1.79545454545,-0.342857142857,-0.271341548927,-0.00465307749039,-5.46000546e-05,-0.415214482498,-0.00914720730737,-2.01158095894e-05,-0.576020393105,-0.0329017448922,-0.0167852062589,1.11935962843,0.299448647339,4.39316868826,0.898584462874,1.11935962843,4.39316868826,-0.00682017752944,-0.0276609624918,-123,-0.0158301158301,-0.137911135837,-0.0540540540541,0.0540540540541,0,316,14,26,976,0.923976608187,0.985858585859,0.0141414141414,0.0760233918129,0.957575757576,0.923976608187,0.940476190476,0.920666946924,0.909835194046,0.887640449438,159,171,0,0,0,0
2200,WLNM_dir_neg,0.968759618344,0.65640206391,00:00:05,10,50,45,1237612680,threshold_sweep,0.4,0.917197452229,0.842105263158,0.878048780488,144,13,27,329,0.842105263158,0.961988304094,0.0380116959064,0.157894736842,0.917197452229,0.842105263158,0.878048780488,0.922027290448,0.56465237167,0.820895522388,0.822513189411,0.804093567251,342,171,171,0,342,0,171,0,171,37,342,0.256756756757,1.72528881811,18.4864864865,15.5454545455,9.77142857143,5.36771015539,0.290358590277,0.142642642643,9.50849154237,1.02869645341,0.544491860281,8.05331334643,0.871264894205,0.461830251304,0.640599570326,0.371299902718,2,1.72528881811,0.640599570326,2,0.344071394247,0.376569037657,810,0.104247104247,0.56957682835,37,37,37,1,0,0.405405405405,0.540540540541,0.0540540540541,37,0.128378378378,1.96064569672,9.24324324324,7.77272727273,4.88571428571,4.69281605462,0.507702321699,0.282440335072,5.90363048072,1.27739372975,0.641378220326,4.18563251128,0.905663174956,0.47637110795,0.96083392887,0.490059948352,2.97142857143,1.96064569672,0.96083392887,2.97142857143,0.0559998118822,0.0233463035019,14,0.0018018018018,0.1896727929,37,37,37,1,0,0.405405405405,0.540540540541,0.0540540540541,37,328,0.246246246246,2.7860853965,17.7297297297,13.6666666667,9.37142857143,5.08072965368,0.286565544491,0.142880685564,9.07120646809,1.02327633939,0.545319709954,7.52094173389,0.848398915103,0.450065919578,2.05845705349,0.738834874222,7.26552579712,2.7860853965,2.05845705349,7.26552579712,0.332210894954,0.341785163611,665,0.0855855855856,0.433250500022,37,37,37,1,0,0.351351351351,0.594594594595,0.0540540540541,-14,-0.0105105105105,1.06079657838,-0.756756756757,-1.87878787879,-0.4,-0.28698050171,-0.00379304578586,0.00023804292097,-0.437285074281,-0.00542011402618,0.000827849672522,-0.532371612544,-0.0228659791015,-0.0117643317258,1.41785748317,0.367534971504,5.26552579712,1.06079657838,1.41785748317,5.26552579712,-0.0118604992936,-0.0347838740455,-145,-0.0186615186615,-0.136326328328,-0.0540540540541,0.0540540540541,0,315,13,27,977,0.921052631579,0.986868686869,0.0131313131313,0.0789473684211,0.960365853659,0.921052631579,0.940298507463,0.920608723232,0.907921318448,0.887323943662,157,171,0,0,0,0
2201,WLNM_dir_neg,0.968759618344,0.65640206391,00:00:05,10,50,45,1237612680,threshold_sweep,0.5,0.916666666667,0.836257309942,0.874617737003,143,13,28,329,0.836257309942,0.961988304094,0.0380116959064,0.163742690058,0.916666666667,0.836257309942,0.874617737003,0.92007797271,0.56530214425,0.816143497758,0.817996116775,0.798245614035,342,171,171,0,342,0,171,0,171,37,342,0.256756756757,1.72528881811,18.4864864865,15.5454545455,9.77142857143,5.36771015539,0.290358590277,0.142642642643,9.50849154237,1.02869645341,0.544491860281,8.05331334643,0.871264894205,0.461830251304,0.640599570326,0.371299902718,2,1.72528881811,0.640599570326,2,0.344071394247,0.376569037657,810,0.104247104247,0.56957682835,37,37,37,1,0,0.405405405405,0.540540540541,0.0540540540541,37,0.128378378378,1.96064569672,9.24324324324,7.77272727273,4.88571428571,4.69281605462,0.507702321699,0.282440335072,5.90363048072,1.27739372975,0.641378220326,4.18563251128,0.905663174956,0.47637110795,0.96083392887,0.490059948352,2.97142857143,1.96064569672,0.96083392887,2.97142857143,0.0559998118822,0.0233463035019,14,0.0018018018018,0.1896727929,37,37,37,1,0,0.405405405405,0.540540540541,0.0540540540541,37,327,0.245495495495,2.90183199747,17.6756756757,13.625,9.34285714286,5.11019707194,0.289109008657,0.143813538309,9.08757856,1.02825812453,0.546987354327,7.53699584094,0.852809926956,0.451607570874,2.25332062624,0.776516568914,7.92517218237,2.90183199747,2.25332062624,7.92517218237,0.332159429988,0.340791738382,660,0.0849420849421,0.433447045328,37,37,37,1,0,0.351351351351,0.594594594595,0.0540540540541,-15,-0.0112612612613,1.17654317936,-0.810810810811,-1.92045454545,-0.428571428571,-0.257513083448,-0.00124958161969,0.00117089566631,-0.42091298238,-0.000438328889359,0.00249549404547,-0.516317505497,-0.0184549672487,-0.0102226804303,1.61272105592,0.405216666197,5.92517218237,1.17654317936,1.61272105592,5.92517218237,-0.0119119642598,-0.0357772992748,-150,-0.019305019305,-0.136129783022,-0.0540540540541,0.0540540540541,0,314,13,28,977,0.918128654971,0.986868686869,0.0131313131313,0.0818713450292,0.960244648318,0.918128654971,0.938714499253,0.91858859015,0.904997341839,0.884507042254,156,171,0,0,0,0
2202,WLNM_dir_neg,0.968759618344,0.65640206391,00:00:05,10,50,45,1237612680,threshold_sweep,0.6,0.915584415584,0.824561403509,0.867692307692,141,13,30,329,0.824561403509,0.961988304094,0.0380116959064,0.175438596491,0.915584415584,0.824561403509,0.867692307692,0.916179337232,0.566601689409,0.806596701649,0.808964935298,0.786549707602,342,171,171,0,342,0,171,0,171,37,342,0.256756756757,1.72528881811,18.4864864865,15.5454545455,9.77142857143,5.36771015539,0.290358590277,0.142642642643,9.50849154237,1.02869645341,0.544491860281,8.05331334643,0.871264894205,0.461830251304,0.640599570326,0.371299902718,2,1.72528881811,0.640599570326,2,0.344071394247,0.376569037657,810,0.104247104247,0.56957682835,37,37,37,1,0,0.405405405405,0.540540540541,0.0540540540541,37,0.128378378378,1.96064569672,9.24324324324,7.77272727273,4.88571428571,4.69281605462,0.507702321699,0.282440335072,5.90363048072,1.27739372975,0.641378220326,4.18563251128,0.905663174956,0.47637110795,0.96083392887,0.490059948352,2.97142857143,1.96064569672,0.96083392887,2.97142857143,0.0559998118822,0.0233463035019,14,0.0018018018018,0.1896727929,37,37,37,1,0,0.405405405405,0.540540540541,0.0540540540541,37,325,0.243993993994,2.84204023227,17.5675675676,13.5416666667,9.28571428571,5.12369517558,0.29165649461,0.144864864865,9.01891572423,1.02676886707,0.54553014553,7.53928649415,0.858318770103,0.453388773389,2.20397626505,0.775490874486,7.78435741099,2.84204023227,2.20397626505,7.78435741099,0.329506787363,0.340814196242,653,0.0840411840412,0.43355612937,37,37,37,1,0,0.351351351351,0.594594594595,0.0540540540541,-17,-0.0127627627628,1.11675141415,-0.918918918919,-2.00378787879,-0.485714285714,-0.244014979814,0.00129790433276,0.00222222222222,-0.48957581814,-0.00192758634813,0.00103828524881,-0.514026852286,-0.0129461241019,-0.00844147791516,1.56337669472,0.404190971768,5.78435741099,1.11675141415,1.56337669472,5.78435741099,-0.0145646068844,-0.0357548414147,-157,-0.0202059202059,-0.13602069898,-0.0540540540541,0.0540540540541,0,312,13,30,977,0.912280701754,0.986868686869,0.0131313131313,0.0877192982456,0.96,0.912280701754,0.935532233883,0.914547123023,0.899149388623,0.878873239437,154,171,0,0,0,0
2203,WLNM_dir_neg,0.968759618344,0.65640206391,00:00:05,10,50,45,1237612680,threshold_sweep,0.7,0.926174496644,0.80701754386,0.8625,138,11,33,331,0.80701754386,0.96783625731,0.0321637426901,0.19298245614,0.926174496644,0.80701754386,0.8625,0.914230019493,0.569850552307,0.800604229607,0.804613009185,0.77485380117,342,171,171,0,342,0,171,0,171,37,342,0.256756756757,1.72528881811,18.4864864865,15.5454545455,9.77142857143,5.36771015539,0.290358590277,0.142642642643,9.50849154237,1.02869645341,0.544491860281,8.05331334643,0.871264894205,0.461830251304,0.640599570326,0.371299902718,2,1.72528881811,0.640599570326,2,0.344071394247,0.376569037657,810,0.104247104247,0.56957682835,37,37,37,1,0,0.405405405405,0.540540540541,0.0540540540541,37,0.128378378378,1.96064569672,9.24324324324,7.77272727273,4.88571428571,4.69281605462,0.507702321699,0.282440335072,5.90363048072,1.27739372975,0.641378220326,4.18563251128,0.905663174956,0.47637110795,0.96083392887,0.490059948352,2.97142857143,1.96064569672,0.96083392887,2.97142857143,0.0559998118822,0.0233463035019,14,0.0018018018018,0.1896727929,37,37,37,1,0,0.405405405405,0.540540540541,0.0540540540541,37,320,0.24024024024,2.77915138488,17.2972972973,13.3333333333,9.14285714286,5.06548706041,0.29284847068,0.142736486486,8.85442832152,1.02379327468,0.542060810811,7.58732940945,0.877284962968,0.459290540541,2.15844849713,0.776657403004,7.65199255665,2.77915138488,2.15844849713,7.65199255665,0.316897579047,0.325022421525,604,0.0777348777349,0.436936666923,37,37,37,1,0,0.351351351351,0.594594594595,0.0540540540541,-22,-0.0165165165165,1.05386256676,-1.18918918919,-2.21212121212,-0.628571428571,-0.302223094985,0.00248988040271,9.3843843844e-05,-0.654063220857,-0.00490317873928,-0.00243104947052,-0.46598393698,0.00602006876326,-0.0025397107634,1.51784892681,0.405357500286,5.65199255665,1.05386256676,1.51784892681,5.65199255665,-0.0271738152005,-0.0515466161322,-206,-0.0265122265122,-0.132640161427,-0.0540540540541,0.0540540540541,0,309,11,33,979,0.90350877193,0.988888888889,0.0111111111111,0.0964912280702,0.965625,0.90350877193,0.933534743202,0.912480995696,0.892397660819,0.875354107649,149,171,0,0,0,0
2204,WLNM_dir_neg,0.968759618344,0.65640206391,00:00:05,10,50,45,1237612680,threshold_sweep,0.8,0.931972789116,0.801169590643,0.861635220126,137,10,34,332,0.801169590643,0.970760233918,0.0292397660819,0.198830409357,0.931972789116,0.801169590643,0.861635220126,0.914230019493,0.571150097466,0.8,0.804803245292,0.771929824561,342,171,171,0,342,0,171,0,171,37,342,0.256756756757,1.72528881811,18.4864864865,15.5454545455,9.77142857143,5.36771015539,0.290358590277,0.142642642643,9.50849154237,1.02869645341,0.544491860281,8.05331334643,0.871264894205,0.461830251304,0.640599570326,0.371299902718,2,1.72528881811,0.640599570326,2,0.344071394247,0.376569037657,810,0.104247104247,0.56957682835,37,37,37,1,0,0.405405405405,0.540540540541,0.0540540540541,37,0.128378378378,1.96064569672,9.24324324324,7.77272727273,4.88571428571,4.69281605462,0.507702321699,0.282440335072,5.90363048072,1.27739372975,0.641378220326,4.18563251128,0.905663174956,0.47637110795,0.96083392887,0.490059948352,2.97142857143,1.96064569672,0.96083392887,2.97142857143,0.0559998118822,0.0233463035019,14,0.0018018018018,0.1896727929,37,37,37,1,0,0.405405405405,0.540540540541,0.0540540540541,37,318,0.238738738739,2.57972817333,17.1891891892,13.25,9.08571428571,5.10902163845,0.297222956954,0.143889172191,8.84577570074,1.02922547461,0.543430222676,7.60650109175,0.885033145896,0.463029066803,1.8080660991,0.70087465718,6.52525205125,2.57972817333,1.8080660991,6.52525205125,0.312510612064,0.319241192412,589,0.0758043758044,0.434957505046,37,37,37,1,0,0.351351351351,0.594594594595,0.0540540540541,-24,-0.018018018018,0.854439355217,-1.2972972973,-2.29545454545,-0.685714285714,-0.258688516948,0.00686436667646,0.00124652954842,-0.662715841638,0.000529021199236,-0.00106163760583,-0.44681225468,0.0137682516911,0.00119881549872,1.16746652878,0.329574754462,4.52525205125,0.854439355217,1.16746652878,4.52525205125,-0.0315607821836,-0.057327845245,-221,-0.0284427284427,-0.134619323304,-0.0540540540541,0.0540540540541,0,308,10,34,980,0.900584795322,0.989898989899,0.010101010101,0.0994152046784,0.968553459119,0.900584795322,0.933333333333,0.912481627101,0.890483785221,0.875,147,171,0,0,0,0
2205,WLNM_dir_neg,0.968759618344,0.65640206391,00:00:05,10,50,45,1237612680,threshold_sweep,0.9,0.943661971831,0.783625730994,0.856230031949,134,8,37,334,0.783625730994,0.976608187135,0.0233918128655,0.216374269006,0.943661971831,0.783625730994,0.856230031949,0.912280701754,0.574398960364,0.793893129771,0.800990237908,0.760233918129,342,171,171,0,342,0,171,0,171,37,342,0.256756756757,1.72528881811,18.4864864865,15.5454545455,9.77142857143,5.36771015539,0.290358590277,0.142642642643,9.50849154237,1.02869645341,0.544491860281,8.05331334643,0.871264894205,0.461830251304,0.640599570326,0.371299902718,2,1.72528881811,0.640599570326,2,0.344071394247,0.376569037657,810,0.104247104247,0.56957682835,37,37,37,1,0,0.405405405405,0.540540540541,0.0540540540541,37,0.128378378378,1.96064569672,9.24324324324,7.77272727273,4.88571428571,4.69281605462,0.507702321699,0.282440335072,5.90363048072,1.27739372975,0.641378220326,4.18563251128,0.905663174956,0.47637110795,0.96083392887,0.490059948352,2.97142857143,1.96064569672,0.96083392887,2.97142857143,0.0559998118822,0.0233463035019,14,0.0018018018018,0.1896727929,37,37,37,1,0,0.405405405405,0.540540540541,0.0540540540541,37,313,0.234984984985,2.41771069664,16.9189189189,13.6086956522,8.94285714286,5.03531075053,0.297614213689,0.141093169847,8.79265664124,1.03938752628,0.545203350315,7.60699456858,0.899229389896,0.471979967188,1.90545979866,0.78812564353,7.07810226564,2.41771069664,1.90545979866,7.07810226564,0.306077321295,0.311955514365,561,0.0722007722008,0.470051253132,37,37,37,1,0,0.378378378378,0.567567567568,0.0540540540541,-29,-0.0217717717718,0.69242187853,-1.56756756757,-1.93675889328,-0.828571428571,-0.332399404868,0.00725562341206,-0.00154947279548,-0.715834901131,0.0106910728664,0.000711490033837,-0.446318777857,0.0279644956909,0.0101497158837,1.26486022834,0.416825740813,5.07810226564,0.69242187853,1.26486022834,5.07810226564,-0.0379940729524,-0.0646135232918,-249,-0.0320463320463,-0.0995255752174,-0.027027027027,0.027027027027,0,305,8,37,982,0.891812865497,0.991919191919,0.00808080808081,0.108187134503,0.974440894569,0.891812865497,0.931297709924,0.910525260597,0.883732057416,0.871428571429,142,171,0,0,0,0
2206,WLNM_dir_neg,0.951985226223,0.839126277322,00:00:05,10,50,46,1237612681,threshold_sweep,0.1,0.914473684211,0.812865497076,0.860681114551,139,13,32,329,0.812865497076,0.961988304094,0.0380116959064,0.187134502924,0.914473684211,0.812865497076,0.860681114551,0.912280701754,0.567901234568,0.796992481203,0.79993644047,0.77485380117,342,171,171,0,342,0,171,0,171,37,342,0.256756756757,1.72528881811,18.4864864865,15.5454545455,9.77142857143,5.36771015539,0.290358590277,0.142642642643,9.50849154237,1.02869645341,0.544491860281,8.05331334643,0.871264894205,0.461830251304,0.640599570326,0.371299902718,2,1.72528881811,0.640599570326,2,0.344071394247,0.376569037657,810,0.104247104247,0.56957682835,37,37,37,1,0,0.405405405405,0.540540540541,0.0540540540541,37,0.128378378378,1.92850445445,9.24324324324,7.77272727273,4.88571428571,4.75163951474,0.514066263291,0.286707760392,5.96913985685,1.29156827312,0.648964754228,4.19888445074,0.908530553668,0.47637110795,0.874205372569,0.453307416817,2.41749814815,1.92850445445,0.874205372569,2.41749814815,0.039936774373,0.0232300884956,14,0.0018018018018,0.188545684573,37,37,37,1,0,0.405405405405,0.540540540541,0.0540540540541,37,323,0.242492492492,2.07469650209,17.4594594595,13.4583333333,8.72972972973,5.04752191451,0.289099552379,0.137896410342,8.51028348088,0.974862194404,0.520793239059,8.02305237234,0.919049342962,0.475608735671,0.949949455978,0.457873937234,3.77361037889,2.07469650209,0.949949455978,3.77361037889,0.276438142442,0.284964718654,525,0.0675675675676,0.472943758496,37,37,37,1,0,0.351351351351,0.648648648649,0,-19,-0.0142642642643,0.349407683973,-1.02702702703,-2.08712121212,-1.0416988417,-0.320188240881,-0.00125903789796,-0.00474623230041,-0.998208061496,-0.0538342590107,-0.0236986212218,-0.0302609740906,0.0477844487571,0.0137784843667,0.309349885652,0.0865740345167,1.77361037889,0.349407683973,0.309349885652,1.77361037889,-0.0676332518058,-0.091604319003,-285,-0.0366795366795,-0.0966330698537,-0.0540540540541,0.108108108108,-0.0540540540541,310,13,32,977,0.906432748538,0.986868686869,0.0131313131313,0.093567251462,0.959752321981,0.906432748538,0.932330827068,0.910503957683,0.893301435407,0.87323943662,152,171,0,0,0,0
2207,WLNM_dir_neg,0.951985226223,0.839126277322,00:00:05,10,50,46,1237612681,threshold_sweep,0.2,0.919463087248,0.801169590643,0.85625,137,12,34,330,0.801169590643,0.964912280702,0.0350877192982,0.198830409357,0.919463087248,0.801169590643,0.85625,0.910331384016,0.569850552307,0.791540785498,0.795504182666,0.766081871345,342,171,171,0,342,0,171,0,171,37,342,0.256756756757,1.72528881811,18.4864864865,15.5454545455,9.77142857143,5.36771015539,0.290358590277,0.142642642643,9.50849154237,1.02869645341,0.544491860281,8.05331334643,0.871264894205,0.461830251304,0.640599570326,0.371299902718,2,1.72528881811,0.640599570326,2,0.344071394247,0.376569037657,810,0.104247104247,0.56957682835,37,37,37,1,0,0.405405405405,0.540540540541,0.0540540540541,37,0.128378378378,1.92850445445,9.24324324324,7.77272727273,4.88571428571,4.75163951474,0.514066263291,0.286707760392,5.96913985685,1.29156827312,0.648964754228,4.19888445074,0.908530553668,0.47637110795,0.874205372569,0.453307416817,2.41749814815,1.92850445445,0.874205372569,2.41749814815,0.039936774373,0.0232300884956,14,0.0018018018018,0.188545684573,37,37,37,1,0,0.405405405405,0.540540540541,0.0540540540541,37,320,0.24024024024,2.07287486209,17.2972972973,13.3333333333,8.64864864865,4.8754764147,0.281863480225,0.133108108108,8.38721320495,0.969771526823,0.517398648649,8.03885085837,0.929492130499,0.481925675676,0.948865319119,0.45775330507,3.77350142572,2.07287486209,0.948865319119,3.77350142572,0.26487641274,0.26883910387,484,0.0622908622909,0.473459568166,37,37,37,1,0,0.351351351351,0.648648648649,0,-22,-0.0165165165165,0.347586043978,-1.18918918919,-2.21212121212,-1.12277992278,-0.492233740696,-0.00849511005243,-0.00953453453453,-1.12127833742,-0.0589249265921,-0.0270932116327,-0.0144624880638,0.0582272362942,0.0200954243717,0.308265748793,0.0864534023522,1.77350142572,0.347586043978,0.308265748793,1.77350142572,-0.0791949815072,-0.107729933787,-326,-0.0419562419562,-0.0961172601842,-0.0540540540541,0.108108108108,-0.0540540540541,308,12,34,978,0.900584795322,0.987878787879,0.0121212121212,0.0994152046784,0.9625,0.900584795322,0.930513595166,0.908458381989,0.8884635832,0.870056497175,149,171,0,0,0,0
2208,WLNM_dir_neg,0.951985226223,0.839126277322,00:00:05,10,50,46,1237612681,threshold_sweep,0.3,0.925675675676,0.801169590643,0.858934169279,137,11,34,331,0.801169590643,0.96783625731,0.0321637426901,0.198830409357,0.925675675676,0.801169590643,0.858934169279,0.912280701754,0.570500324886,0.795763993949,0.80013535508,0.769005847953,342,171,171,0,342,0,171,0,171,37,342,0.256756756757,1.72528881811,18.4864864865,15.5454545455,9.77142857143,5.36771015539,0.290358590277,0.142642642643,9.50849154237,1.02869645341,0.544491860281,8.05331334643,0.871264894205,0.461830251304,0.640599570326,0.371299902718,2,1.72528881811,0.640599570326,2,0.344071394247,0.376569037657,810,0.104247104247,0.56957682835,37,37,37,1,0,0.405405405405,0.540540540541,0.0540540540541,37,0.128378378378,1.92850445445,9.24324324324,7.77272727273,4.88571428571,4.75163951474,0.514066263291,0.286707760392,5.96913985685,1.29156827312,0.648964754228,4.19888445074,0.908530553668,0.47637110795,0.874205372569,0.453307416817,2.41749814815,1.92850445445,0.874205372569,2.41749814815,0.039936774373,0.0232300884956,14,0.0018018018018,0.188545684573,37,37,37,1,0,0.405405405405,0.540540540541,0.0540540540541,37,319,0.239489489489,1.91169774479,17.2432432432,13.8695652174,8.62162162162,4.94640950256,0.286860739176,0.135135135135,8.41411298339,0.975931599955,0.519867830213,8.04967684428,0.933661577549,0.482928069135,0.781439542033,0.40876730862,2.61821417993,1.91169774479,0.781439542033,2.61821417993,0.270462881562,0.269838320015,484,0.0622908622909,0.514759079695,37,37,37,1,0,0.378378378378,0.621621621622,0,-23,-0.0172672672673,0.186408926676,-1.24324324324,-1.67588932806,-1.14980694981,-0.421300652838,-0.00349785110073,-0.00750750750751,-1.09437855898,-0.0527648534602,-0.0246240300687,-0.00363650215674,0.0623966833446,0.021097817831,0.140839971707,0.037467405902,0.618214179926,0.186408926676,0.140839971707,0.618214179926,-0.0736085126855,-0.106730717642,-326,-0.0419562419562,-0.0548177486544,-0.027027027027,0.0810810810811,-0.0540540540541,308,11,34,979,0.900584795322,0.988888888889,0.0111111111111,0.0994152046784,0.965517241379,0.900584795322,0.931921331316,0.91046591075,0.889473684211,0.872521246459,148,171,0,0,0,0
2209,WLNM_dir_neg,0.951985226223,0.839126277322,00:00:05,10,50,46,1237612681,threshold_sweep,0.4,0.931034482759,0.789473684211,0.854430379747,135,10,36,332,0.789473684211,0.970760233918,0.0292397660819,0.210526315789,0.931034482759,0.789473684211,0.854430379747,0.910331384016,0.572449642625,0.790273556231,0.795885219965,0.760233918129,342,171,171,0,342,0,171,0,171,37,342,0.256756756757,1.72528881811,18.4864864865,15.5454545455,9.77142857143,5.36771015539,0.290358590277,0.142642642643,9.50849154237,1.02869645341,0.544491860281,8.05331334643,0.871264894205,0.461830251304,0.640599570326,0.371299902718,2,1.72528881811,0.640599570326,2,0.344071394247,0.376569037657,810,0.104247104247,0.56957682835,37,37,37,1,0,0.405405405405,0.540540540541,0.0540540540541,37,0.128378378378,1.92850445445,9.24324324324,7.77272727273,4.88571428571,4.75163951474,0.514066263291,0.286707760392,5.96913985685,1.29156827312,0.648964754228,4.19888445074,0.908530553668,0.47637110795,0.874205372569,0.453307416817,2.41749814815,1.92850445445,0.874205372569,2.41749814815,0.039936774373,0.0232300884956,14,0.0018018018018,0.188545684573,37,37,37,1,0,0.405405405405,0.540540540541,0.0540540540541,37,316,0.237237237237,1.92054730484,17.0810810811,13.7391304348,8.54054054054,4.91244665438,0.287595769323,0.134536435169,8.33864695457,0.976360561137,0.519158398905,8.06430610983,0.944238373619,0.488539172083,0.796895020974,0.414931212037,2.6190007713,1.92054730484,0.796895020974,2.6190007713,0.25874358655,0.262267343486,465,0.0598455598456,0.514029223977,37,37,37,1,0,0.378378378378,0.621621621622,0,-26,-0.0195195195195,0.19525848673,-1.40540540541,-1.80632411067,-1.23088803089,-0.455263501013,-0.00276282095423,-0.0081062074733,-1.1698445878,-0.0523358922779,-0.0253334613761,0.0109927633952,0.0729734794144,0.0267089207795,0.156295450648,0.0436313093195,0.619000771297,0.19525848673,0.156295450648,0.619000771297,-0.0853278076973,-0.114301694171,-345,-0.0444015444015,-0.0555476043726,-0.027027027027,0.0810810810811,-0.0540540540541,306,10,36,980,0.894736842105,0.989898989899,0.010101010101,0.105263157895,0.96835443038,0.894736842105,0.93009118541,0.908457848812,0.884635832004,0.869318181818,145,171,0,0,0,0
2210,WLNM_dir_neg,0.951985226223,0.839126277322,00:00:05,10,50,46,1237612681,threshold_sweep,0.5,0.937062937063,0.783625730994,0.853503184713,134,9,37,333,0.783625730994,0.973684210526,0.0263157894737,0.216374269006,0.937062937063,0.783625730994,0.853503184713,0.910331384016,0.573749187784,0.789634146341,0.796188472609,0.75730994152,342,171,171,0,342,0,171,0,171,37,342,0.256756756757,1.72528881811,18.4864864865,15.5454545455,9.77142857143,5.36771015539,0.290358590277,0.142642642643,9.50849154237,1.02869645341,0.544491860281,8.05331334643,0.871264894205,0.461830251304,0.640599570326,0.371299902718,2,1.72528881811,0.640599570326,2,0.344071394247,0.376569037657,810,0.104247104247,0.56957682835,37,37,37,1,0,0.405405405405,0.540540540541,0.0540540540541,37,0.128378378378,1.92850445445,9.24324324324,7.77272727273,4.88571428571,4.75163951474,0.514066263291,0.286707760392,5.96913985685,1.29156827312,0.648964754228,4.19888445074,0.908530553668,0.47637110795,0.874205372569,0.453307416817,2.41749814815,1.92850445445,0.874205372569,2.41749814815,0.039936774373,0.0232300884956,14,0.0018018018018,0.188545684573,37,37,37,1,0,0.405405405405,0.540540540541,0.0540540540541,37,314,0.235735735736,1.92022914673,16.972972973,13.652173913,8.48648648649,4.82174753064,0.284083851328,0.131864348425,8.24830494917,0.971934022673,0.516440006886,8.06439920481,0.950263600567,0.492339473231,0.796550572395,0.41482058209,2.61900083702,1.92022914673,0.796550572395,2.61900083702,0.257801655813,0.261215218626,460,0.0592020592021,0.513287947439,37,37,37,1,0,0.378378378378,0.621621621622,0,-28,-0.021021021021,0.194940328619,-1.51351351351,-1.89328063241,-1.28494208494,-0.545962624752,-0.00627473894951,-0.0107782942178,-1.2601865932,-0.0567624307417,-0.0280518533955,0.0110858583754,0.0789987063619,0.0305092219273,0.155951002069,0.0435206793724,0.619000837022,0.194940328619,0.155951002069,0.619000837022,-0.0862697384346,-0.115353819031,-350,-0.045045045045,-0.0562888809112,-0.027027027027,0.0810810810811,-0.0540540540541,305,9,37,981,0.891812865497,0.990909090909,0.00909090909091,0.108187134503,0.971337579618,0.891812865497,0.92987804878,0.908481036723,0.882721956406,0.868945868946,143,171,0,0,0,0
2211,WLNM_dir_neg,0.951985226223,0.839126277322,00:00:05,10,50,46,1237612681,threshold_sweep,0.6,0.943262411348,0.777777777778,0.852564102564,133,8,38,334,0.777777777778,0.976608187135,0.0233918128655,0.222222222222,0.943262411348,0.777777777778,0.852564102564,0.910331384016,0.575048732943,0.788990825688,0.79656951514,0.754385964912,342,171,171,0,342,0,171,0,171,37,342,0.256756756757,1.72528881811,18.4864864865,15.5454545455,9.77142857143,5.36771015539,0.290358590277,0.142642642643,9.50849154237,1.02869645341,0.544491860281,8.05331334643,0.871264894205,0.461830251304,0.640599570326,0.371299902718,2,1.72528881811,0.640599570326,2,0.344071394247,0.376569037657,810,0.104247104247,0.56957682835,37,37,37,1,0,0.405405405405,0.540540540541,0.0540540540541,37,0.128378378378,1.92850445445,9.24324324324,7.77272727273,4.88571428571,4.75163951474,0.514066263291,0.286707760392,5.96913985685,1.29156827312,0.648964754228,4.19888445074,0.908530553668,0.47637110795,0.874205372569,0.453307416817,2.41749814815,1.92850445445,0.874205372569,2.41749814815,0.039936774373,0.0232300884956,14,0.0018018018018,0.188545684573,37,37,37,1,0,0.405405405405,0.540540540541,0.0540540540541,37,312,0.234234234234,1.92130287527,16.8648648649,13.5652173913,8.43243243243,4.86005351001,0.288176249792,0.133402633403,8.23117563002,0.976133007406,0.517151767152,8.09506207697,0.959991336051,0.494975744976,0.799282034476,0.416010429571,2.6191387234,1.92130287527,0.799282034476,2.6191387234,0.253842130262,0.254928229665,444,0.0571428571429,0.514452094133,37,37,37,1,0,0.378378378378,0.621621621622,0,-30,-0.0225225225225,0.196014057152,-1.62162162162,-1.98023715415,-1.338996139,-0.507656645387,-0.00218234048511,-0.00924000924001,-1.27731591235,-0.0525634460085,-0.0273400931296,0.0417487305377,0.0887264418463,0.0331454936718,0.15868246415,0.0447105268534,0.619138723398,0.196014057152,0.15868246415,0.619138723398,-0.0902292639852,-0.121640807992,-366,-0.0471042471042,-0.0551247342172,-0.027027027027,0.0810810810811,-0.0540540540541,304,8,38,982,0.888888888889,0.991919191919,0.00808080808081,0.111111111111,0.974358974359,0.888888888889,0.929663608563,0.908520137106,0.880808080808,0.868571428571,141,171,0,0,0,0
2212,WLNM_dir_neg,0.951985226223,0.839126277322,00:00:05,10,50,46,1237612681,threshold_sweep,0.7,0.956834532374,0.777777777778,0.858064516129,133,6,38,336,0.777777777778,0.982456140351,0.0175438596491,0.222222222222,0.956834532374,0.777777777778,0.858064516129,0.914230019493,0.576348278103,0.79754601227,0.806334327142,0.760233918129,342,171,171,0,342,0,171,0,171,37,342,0.256756756757,1.72528881811,18.4864864865,15.5454545455,9.77142857143,5.36771015539,0.290358590277,0.142642642643,9.50849154237,1.02869645341,0.544491860281,8.05331334643,0.871264894205,0.461830251304,0.640599570326,0.371299902718,2,1.72528881811,0.640599570326,2,0.344071394247,0.376569037657,810,0.104247104247,0.56957682835,37,37,37,1,0,0.405405405405,0.540540540541,0.0540540540541,37,0.128378378378,1.92850445445,9.24324324324,7.77272727273,4.88571428571,4.75163951474,0.514066263291,0.286707760392,5.96913985685,1.29156827312,0.648964754228,4.19888445074,0.908530553668,0.47637110795,0.874205372569,0.453307416817,2.41749814815,1.92850445445,0.874205372569,2.41749814815,0.039936774373,0.0232300884956,14,0.0018018018018,0.188545684573,37,37,37,1,0,0.405405405405,0.540540540541,0.0540540540541,37,310,0.232732732733,1.86424990891,16.7567567568,13.4782608696,8.61111111111,4.87855514474,0.291139581219,0.135309503051,8.23391142151,0.982757169664,0.5197907585,8.14572604823,0.97223181866,0.502702702703,0.729037977047,0.391062364313,2.21428571429,1.86424990891,0.729037977047,2.21428571429,0.251373364403,0.250435793144,431,0.0554697554698,0.517242292582,37,37,37,1,0,0.378378378378,0.594594594595,0.027027027027,-32,-0.024024024024,0.138961090791,-1.72972972973,-2.06719367589,-1.16031746032,-0.48915501065,0.000780990941423,-0.0073331395912,-1.27458012086,-0.0459392837505,-0.0247011017809,0.0924127017982,0.100966924455,0.0408724513988,0.0884384067214,0.0197624615956,0.214285714286,0.138961090791,0.0884384067214,0.214285714286,-0.092698029844,-0.126133244513,-379,-0.0487773487773,-0.0523345357678,-0.027027027027,0.0540540540541,-0.027027027027,304,6,38,984,0.888888888889,0.993939393939,0.00606060606061,0.111111111111,0.98064516129,0.888888888889,0.932515337423,0.912642299068,0.882828282828,0.873563218391,139,171,0,0,0,0
2213,WLNM_dir_neg,0.951985226223,0.839126277322,00:00:05,10,50,46,1237612681,threshold_sweep,0.8,0.95652173913,0.771929824561,0.854368932039,132,6,39,336,0.771929824561,0.982456140351,0.0175438596491,0.228070175439,0.95652173913,0.771929824561,0.854368932039,0.912280701754,0.576998050682,0.792626728111,0.801954135087,0.754385964912,342,171,171,0,342,0,171,0,171,37,342,0.256756756757,1.72528881811,18.4864864865,15.5454545455,9.77142857143,5.36771015539,0.290358590277,0.142642642643,9.50849154237,1.02869645341,0.544491860281,8.05331334643,0.871264894205,0.461830251304,0.640599570326,0.371299902718,2,1.72528881811,0.640599570326,2,0.344071394247,0.376569037657,810,0.104247104247,0.56957682835,37,37,37,1,0,0.405405405405,0.540540540541,0.0540540540541,37,0.128378378378,1.92850445445,9.24324324324,7.77272727273,4.88571428571,4.75163951474,0.514066263291,0.286707760392,5.96913985685,1.29156827312,0.648964754228,4.19888445074,0.908530553668,0.47637110795,0.874205372569,0.453307416817,2.41749814815,1.92850445445,0.874205372569,2.41749814815,0.039936774373,0.0232300884956,14,0.0018018018018,0.188545684573,37,37,37,1,0,0.405405405405,0.540540540541,0.0540540540541,37,309,0.231981981982,1.86078224749,16.7027027027,13.4347826087,8.58333333333,4.84117102951,0.289843572964,0.134173007959,8.20303540098,0.982240484907,0.519198810461,8.11451448611,0.971640893159,0.503279979008,0.726280266918,0.390309112147,2.21428571429,1.86078224749,0.726280266918,2.21428571429,0.250472160332,0.249219968799,426,0.0548262548263,0.514050767278,37,37,37,1,0,0.378378378378,0.594594594595,0.027027027027,-33,-0.0247747747748,0.135493429378,-1.78378378378,-2.11067193676,-1.1880952381,-0.526539125886,-0.000515017313117,-0.00846963468323,-1.30545614139,-0.0464559685074,-0.0252930498204,0.0612011396792,0.100375998954,0.0414497277042,0.0856806965917,0.0190092094292,0.214285714286,0.135493429378,0.0856806965917,0.214285714286,-0.0935992339152,-0.127349068858,-384,-0.0494208494208,-0.0555260610723,-0.027027027027,0.0540540540541,-0.027027027027,303,6,39,984,0.885964912281,0.993939393939,0.00606060606061,0.114035087719,0.980582524272,0.885964912281,0.930875576037,0.910644852159,0.87990430622,0.870689655172,138,171,0,0,0,0
2214,WLNM_dir_neg,0.951985226223,0.839126277322,00:00:05,10,50,46,1237612681,threshold_sweep,0.9,0.95652173913,0.771929824561,0.854368932039,132,6,39,336,0.771929824561,0.982456140351,0.0175438596491,0.228070175439,0.95652173913,0.771929824561,0.854368932039,0.912280701754,0.576998050682,0.792626728111,0.801954135087,0.754385964912,342,171,171,0,342,0,171,0,171,37,342,0.256756756757,1.72528881811,18.4864864865,15.5454545455,9.77142857143,5.36771015539,0.290358590277,0.142642642643,9.50849154237,1.02869645341,0.544491860281,8.05331334643,0.871264894205,0.461830251304,0.640599570326,0.371299902718,2,1.72528881811,0.640599570326,2,0.344071394247,0.376569037657,810,0.104247104247,0.56957682835,37,37,37,1,0,0.405405405405,0.540540540541,0.0540540540541,37,0.128378378378,1.92850445445,9.24324324324,7.77272727273,4.88571428571,4.75163951474,0.514066263291,0.286707760392,5.96913985685,1.29156827312,0.648964754228,4.19888445074,0.908530553668,0.47637110795,0.874205372569,0.453307416817,2.41749814815,1.92850445445,0.874205372569,2.41749814815,0.039936774373,0.0232300884956,14,0.0018018018018,0.188545684573,37,37,37,1,0,0.405405405405,0.540540540541,0.0540540540541,37,309,0.231981981982,1.86078224749,16.7027027027,13.4347826087,8.58333333333,4.84117102951,0.289843572964,0.134173007959,8.20303540098,0.982240484907,0.519198810461,8.11451448611,0.971640893159,0.503279979008,0.726280266918,0.390309112147,2.21428571429,1.86078224749,0.726280266918,2.21428571429,0.250472160332,0.249219968799,426,0.0548262548263,0.514050767278,37,37,37,1,0,0.378378378378,0.594594594595,0.027027027027,-33,-0.0247747747748,0.135493429378,-1.78378378378,-2.11067193676,-1.1880952381,-0.526539125886,-0.000515017313117,-0.00846963468323,-1.30545614139,-0.0464559685074,-0.0252930498204,0.0612011396792,0.100375998954,0.0414497277042,0.0856806965917,0.0190092094292,0.214285714286,0.135493429378,0.0856806965917,0.214285714286,-0.0935992339152,-0.127349068858,-384,-0.0494208494208,-0.0555260610723,-0.027027027027,0.0540540540541,-0.027027027027,303,6,39,984,0.885964912281,0.993939393939,0.00606060606061,0.114035087719,0.980582524272,0.885964912281,0.930875576037,0.910644852159,0.87990430622,0.870689655172,138,171,0,0,0,0
2215,WLNM_dir_neg,0.956619130673,0.808082442815,00:00:05,10,50,47,1237612682,threshold_sweep,0.1,0.87573964497,0.865497076023,0.870588235294,148,21,23,321,0.865497076023,0.938596491228,0.0614035087719,0.134502923977,0.87573964497,0.865497076023,0.870588235294,0.914230019493,0.556855100715,0.806451612903,0.806482823874,0.804093567251,342,171,171,0,342,0,171,0,171,37,342,0.256756756757,1.72528881811,18.4864864865,15.5454545455,9.77142857143,5.36771015539,0.290358590277,0.142642642643,9.50849154237,1.02869645341,0.544491860281,8.05331334643,0.871264894205,0.461830251304,0.640599570326,0.371299902718,2,1.72528881811,0.640599570326,2,0.344071394247,0.376569037657,810,0.104247104247,0.56957682835,37,37,37,1,0,0.405405405405,0.540540540541,0.0540540540541,37,0.128378378378,1.9549049049,9.24324324324,7.77272727273,4.88571428571,4.74578997876,0.513433418755,0.286391654813,5.98308426293,1.29458548379,0.648648648649,4.18563251128,0.905663174956,0.475738896792,0.949286079524,0.485591947282,3.22444444444,1.9549049049,0.949286079524,3.22444444444,0.0959487498703,0.0381426202322,23,0.0029601029601,0.185120857826,37,37,37,1,0,0.405405405405,0.540540540541,0.0540540540541,37,340,0.255255255255,2.29307560076,18.3783783784,14.1666666667,9.18918918919,5.71718341373,0.311082038688,0.154451510334,9.27313274956,1.00913503451,0.534817170111,7.51974378197,0.818325058627,0.438155802862,1.19136610015,0.519549420767,4.12857858276,2.29307560076,1.19136610015,4.12857858276,0.375762602215,0.398915816327,834,0.107335907336,0.440855667491,37,37,37,1,0,0.351351351351,0.648648648649,0,-2,-0.0015015015015,0.567786782643,-0.108108108108,-1.37878787879,-0.582239382239,0.349473258333,0.0207234484109,0.0118088676912,-0.235358792813,-0.0195614189037,-0.00967469017005,-0.53356956446,-0.0529398355782,-0.0236744484423,0.550766529822,0.148249518049,2.12857858276,0.567786782643,0.550766529822,2.12857858276,0.0316912079673,0.0223467786696,24,0.0030888030888,-0.128721160858,-0.0540540540541,0.108108108108,-0.0540540540541,319,21,23,969,0.932748538012,0.978787878788,0.0212121212121,0.0672514619883,0.938235294118,0.932748538012,0.935483870968,0.91329142404,0.9115364168,0.878787878788,169,171,0,0,0,0
2216,WLNM_dir_neg,0.956619130673,0.808082442815,00:00:05,10,50,47,1237612682,threshold_sweep,0.2,0.874251497006,0.853801169591,0.863905325444,146,21,25,321,0.853801169591,0.938596491228,0.0614035087719,0.146198830409,0.874251497006,0.853801169591,0.863905325444,0.910331384016,0.558154645874,0.797058823529,0.79718296203,0.792397660819,342,171,171,0,342,0,171,0,171,37,342,0.256756756757,1.72528881811,18.4864864865,15.5454545455,9.77142857143,5.36771015539,0.290358590277,0.142642642643,9.50849154237,1.02869645341,0.544491860281,8.05331334643,0.871264894205,0.461830251304,0.640599570326,0.371299902718,2,1.72528881811,0.640599570326,2,0.344071394247,0.376569037657,810,0.104247104247,0.56957682835,37,37,37,1,0,0.405405405405,0.540540540541,0.0540540540541,37,0.128378378378,1.9549049049,9.24324324324,7.77272727273,4.88571428571,4.74578997876,0.513433418755,0.286391654813,5.98308426293,1.29458548379,0.648648648649,4.18563251128,0.905663174956,0.475738896792,0.949286079524,0.485591947282,3.22444444444,1.9549049049,0.949286079524,3.22444444444,0.0959487498703,0.0381426202322,23,0.0029601029601,0.185120857826,37,37,37,1,0,0.405405405405,0.540540540541,0.0540540540541,37,338,0.253753753754,2.27483268644,18.2702702703,14.0833333333,9.13513513514,5.80061610065,0.317489342787,0.157604349912,9.23207621455,1.01061189331,0.535902766672,7.52832489175,0.82410657099,0.439788901327,1.17901636299,0.51828706789,4.12323738981,2.27483268644,1.17901636299,4.12323738981,0.375502009152,0.399485365069,828,0.106563706564,0.441288738217,37,37,37,1,0,0.351351351351,0.648648648649,0,-4,-0.003003003003,0.549543868324,-0.216216216216,-1.46212121212,-0.636293436293,0.432905945259,0.0271307525101,0.0149617072694,-0.276415327826,-0.0180845601062,-0.00858909360934,-0.524988454689,-0.047158323215,-0.0220413499766,0.538416792668,0.146987165172,2.12323738981,0.549543868324,0.538416792668,2.12323738981,0.0314306149048,0.0229163274123,18,0.0023166023166,-0.128288090133,-0.0540540540541,0.108108108108,-0.0540540540541,317,21,25,969,0.926900584795,0.978787878788,0.0212121212121,0.0730994152047,0.937869822485,0.926900584795,0.932352941176,0.909196894885,0.905688463583,0.873278236915,167,171,0,0,0,0
2217,WLNM_dir_neg,0.956619130673,0.808082442815,00:00:05,10,50,47,1237612682,threshold_sweep,0.3,0.878787878788,0.847953216374,0.863095238095,145,20,26,322,0.847953216374,0.941520467836,0.0584795321637,0.152046783626,0.878787878788,0.847953216374,0.863095238095,0.910331384016,0.559454191033,0.796460176991,0.796741010771,0.789473684211,342,171,171,0,342,0,171,0,171,37,342,0.256756756757,1.72528881811,18.4864864865,15.5454545455,9.77142857143,5.36771015539,0.290358590277,0.142642642643,9.50849154237,1.02869645341,0.544491860281,8.05331334643,0.871264894205,0.461830251304,0.640599570326,0.371299902718,2,1.72528881811,0.640599570326,2,0.344071394247,0.376569037657,810,0.104247104247,0.56957682835,37,37,37,1,0,0.405405405405,0.540540540541,0.0540540540541,37,0.128378378378,1.9549049049,9.24324324324,7.77272727273,4.88571428571,4.74578997876,0.513433418755,0.286391654813,5.98308426293,1.29458548379,0.648648648649,4.18563251128,0.905663174956,0.475738896792,0.949286079524,0.485591947282,3.22444444444,1.9549049049,0.949286079524,3.22444444444,0.0959487498703,0.0381426202322,23,0.0029601029601,0.185120857826,37,37,37,1,0,0.405405405405,0.540540540541,0.0540540540541,37,336,0.252252252252,2.26866440198,18.1621621622,14,9.08108108108,5.82386619158,0.320659299239,0.158703346203,9.12377351994,1.00470125071,0.533622908623,7.57693275078,0.83436461839,0.445463320463,1.17552991313,0.518159456333,4.12323738981,2.26866440198,1.17552991313,4.12323738981,0.377724139103,0.400714982125,822,0.105791505792,0.443433339912,37,37,37,1,0,0.351351351351,0.648648648649,0,-6,-0.0045045045045,0.54337558387,-0.324324324324,-1.54545454545,-0.690347490347,0.456156036186,0.0303007089616,0.0160607035607,-0.38471802243,-0.0239952027066,-0.0108689516584,-0.47638059565,-0.0369002758149,-0.0163669308406,0.534930342808,0.146859553615,2.12323738981,0.54337558387,0.534930342808,2.12323738981,0.0336527448559,0.0241459444685,12,0.0015444015444,-0.126143488438,-0.0540540540541,0.108108108108,-0.0540540540541,316,20,26,970,0.923976608187,0.979797979798,0.020202020202,0.0760233918129,0.940476190476,0.923976608187,0.93215339233,0.909057738668,0.903774587985,0.872928176796,165,171,0,0,0,0
2218,WLNM_dir_neg,0.956619130673,0.808082442815,00:00:05,10,50,47,1237612682,threshold_sweep,0.4,0.884146341463,0.847953216374,0.865671641791,145,19,26,323,0.847953216374,0.944444444444,0.0555555555556,0.152046783626,0.884146341463,0.847953216374,0.865671641791,0.912280701754,0.560103963613,0.80059084195,0.800976280739,0.792397660819,342,171,171,0,342,0,171,0,171,37,342,0.256756756757,1.72528881811,18.4864864865,15.5454545455,9.77142857143,5.36771015539,0.290358590277,0.142642642643,9.50849154237,1.02869645341,0.544491860281,8.05331334643,0.871264894205,0.461830251304,0.640599570326,0.371299902718,2,1.72528881811,0.640599570326,2,0.344071394247,0.376569037657,810,0.104247104247,0.56957682835,37,37,37,1,0,0.405405405405,0.540540540541,0.0540540540541,37,0.128378378378,1.9549049049,9.24324324324,7.77272727273,4.88571428571,4.74578997876,0.513433418755,0.286391654813,5.98308426293,1.29458548379,0.648648648649,4.18563251128,0.905663174956,0.475738896792,0.949286079524,0.485591947282,3.22444444444,1.9549049049,0.949286079524,3.22444444444,0.0959487498703,0.0381426202322,23,0.0029601029601,0.185120857826,37,37,37,1,0,0.405405405405,0.540540540541,0.0540540540541,37,335,0.251501501502,2.28412588332,18.1081081081,13.9583333333,9.05405405405,5.85369676066,0.323263850962,0.159257765228,9.14070853668,1.0095707936,0.535377168213,7.58267742931,0.837489745924,0.446308995563,1.19579440877,0.523523864207,4.18827978226,2.28412588332,1.19579440877,4.18827978226,0.377438403577,0.401077375122,819,0.105405405405,0.441900843499,37,37,37,1,0,0.351351351351,0.648648648649,0,-7,-0.00525525525526,0.558837065205,-0.378378378378,-1.58712121212,-0.717374517375,0.485986605267,0.0329052606847,0.0166151225853,-0.367783005694,-0.0191256598112,-0.00911469206834,-0.470635917122,-0.0337751482809,-0.0155212557412,0.555194838445,0.152223961489,2.18827978226,0.558837065205,0.555194838445,2.18827978226,0.0333670093299,0.0245083374655,9,0.0011583011583,-0.127675984851,-0.0540540540541,0.108108108108,-0.0540540540541,316,19,26,971,0.923976608187,0.980808080808,0.0191919191919,0.0760233918129,0.94328358209,0.923976608187,0.93353028065,0.910973849778,0.904784688995,0.875346260388,164,171,0,0,0,0
2219,WLNM_dir_neg,0.956619130673,0.808082442815,00:00:05,10,50,47,1237612682,threshold_sweep,0.5,0.893081761006,0.830409356725,0.860606060606,142,17,29,325,0.830409356725,0.950292397661,0.0497076023392,0.169590643275,0.893081761006,0.830409356725,0.860606060606,0.910331384016,0.563352826511,0.794642857143,0.795785589333,0.780701754386,342,171,171,0,342,0,171,0,171,37,342,0.256756756757,1.72528881811,18.4864864865,15.5454545455,9.77142857143,5.36771015539,0.290358590277,0.142642642643,9.50849154237,1.02869645341,0.544491860281,8.05331334643,0.871264894205,0.461830251304,0.640599570326,0.371299902718,2,1.72528881811,0.640599570326,2,0.344071394247,0.376569037657,810,0.104247104247,0.56957682835,37,37,37,1,0,0.405405405405,0.540540540541,0.0540540540541,37,0.128378378378,1.9549049049,9.24324324324,7.77272727273,4.88571428571,4.74578997876,0.513433418755,0.286391654813,5.98308426293,1.29458548379,0.648648648649,4.18563251128,0.905663174956,0.475738896792,0.949286079524,0.485591947282,3.22444444444,1.9549049049,0.949286079524,3.22444444444,0.0959487498703,0.0381426202322,23,0.0029601029601,0.185120857826,37,37,37,1,0,0.405405405405,0.540540540541,0.0540540540541,37,330,0.247747747748,1.98292826562,17.8378378378,14.347826087,8.91891891892,5.87609807002,0.329417619077,0.164045864046,9.05961238556,1.01577472202,0.53579033579,7.54386571394,0.845827367926,0.451597051597,0.981396762048,0.494922977832,3.79898913655,1.98292826562,0.981396762048,3.79898913655,0.365731214589,0.392485743039,780,0.100386100386,0.475569442708,37,37,37,1,0,0.378378378378,0.621621621622,0,-12,-0.00900900900901,0.257639447507,-0.648648648649,-1.1976284585,-0.85250965251,0.50838791463,0.0390590287999,0.0214032214032,-0.448879156816,-0.0129217313976,-0.008701524491,-0.509447632498,-0.0254375262786,-0.0102331997069,0.340797191722,0.123623075114,1.79898913655,0.257639447507,0.340797191722,1.79898913655,0.021659820342,0.0159167053823,-30,-0.003861003861,-0.0940073856417,-0.027027027027,0.0810810810811,-0.0540540540541,313,17,29,973,0.915204678363,0.982828282828,0.0171717171717,0.0847953216374,0.948484848485,0.915204678363,0.931547619048,0.908724206348,0.898032961191,0.871866295265,159,171,0,0,0,0
2220,WLNM_dir_neg,0.956619130673,0.808082442815,00:00:05,10,50,47,1237612682,threshold_sweep,0.6,0.897435897436,0.818713450292,0.85626911315,140,16,31,326,0.818713450292,0.953216374269,0.046783625731,0.181286549708,0.897435897436,0.818713450292,0.85626911315,0.908382066277,0.56530214425,0.789237668161,0.791029211826,0.771929824561,342,171,171,0,342,0,171,0,171,37,342,0.256756756757,1.72528881811,18.4864864865,15.5454545455,9.77142857143,5.36771015539,0.290358590277,0.142642642643,9.50849154237,1.02869645341,0.544491860281,8.05331334643,0.871264894205,0.461830251304,0.640599570326,0.371299902718,2,1.72528881811,0.640599570326,2,0.344071394247,0.376569037657,810,0.104247104247,0.56957682835,37,37,37,1,0,0.405405405405,0.540540540541,0.0540540540541,37,0.128378378378,1.9549049049,9.24324324324,7.77272727273,4.88571428571,4.74578997876,0.513433418755,0.286391654813,5.98308426293,1.29458548379,0.648648648649,4.18563251128,0.905663174956,0.475738896792,0.949286079524,0.485591947282,3.22444444444,1.9549049049,0.949286079524,3.22444444444,0.0959487498703,0.0381426202322,23,0.0029601029601,0.185120857826,37,37,37,1,0,0.405405405405,0.540540540541,0.0540540540541,37,327,0.245495495495,1.7424286309,17.6756756757,14.8636363636,8.83783783784,5.81212360336,0.328820448508,0.162906025291,8.99232238423,1.0174799028,0.536407967601,7.59573532946,0.859456291101,0.457558475907,0.656941632813,0.377026422294,2.07530647986,1.7424286309,0.656941632813,2.07530647986,0.363522551698,0.388983050847,765,0.0984555984556,0.521560085099,37,37,37,1,0,0.405405405405,0.594594594595,0,-15,-0.0112612612613,0.0171398127898,-0.810810810811,-0.681818181818,-0.933590733591,0.444413447971,0.0384618582312,0.0202633826487,-0.516169158148,-0.0112165506124,-0.00808389268071,-0.457578016975,-0.011808603104,-0.00427177539684,0.0163420624871,0.00572651957655,0.0753064798599,0.0171398127898,0.0163420624871,0.0753064798599,0.0194511574507,0.0124140131906,-45,-0.00579150579151,-0.0480167432509,0,0.0540540540541,-0.0540540540541,311,16,31,974,0.909356725146,0.983838383838,0.0161616161616,0.0906432748538,0.951070336391,0.909356725146,0.929745889387,0.906609111385,0.893195108985,0.868715083799,156,171,0,0,0,0
2221,WLNM_dir_neg,0.956619130673,0.808082442815,00:00:05,10,50,47,1237612682,threshold_sweep,0.7,0.903225806452,0.818713450292,0.858895705521,140,15,31,327,0.818713450292,0.956140350877,0.0438596491228,0.181286549708,0.903225806452,0.818713450292,0.858895705521,0.910331384016,0.565951916829,0.793413173653,0.795469465518,0.77485380117,342,171,171,0,342,0,171,0,171,37,342,0.256756756757,1.72528881811,18.4864864865,15.5454545455,9.77142857143,5.36771015539,0.290358590277,0.142642642643,9.50849154237,1.02869645341,0.544491860281,8.05331334643,0.871264894205,0.461830251304,0.640599570326,0.371299902718,2,1.72528881811,0.640599570326,2,0.344071394247,0.376569037657,810,0.104247104247,0.56957682835,37,37,37,1,0,0.405405405405,0.540540540541,0.0540540540541,37,0.128378378378,1.9549049049,9.24324324324,7.77272727273,4.88571428571,4.74578997876,0.513433418755,0.286391654813,5.98308426293,1.29458548379,0.648648648649,4.18563251128,0.905663174956,0.475738896792,0.949286079524,0.485591947282,3.22444444444,1.9549049049,0.949286079524,3.22444444444,0.0959487498703,0.0381426202322,23,0.0029601029601,0.185120857826,37,37,37,1,0,0.405405405405,0.540540540541,0.0540540540541,37,326,0.244744744745,1.74131490055,17.6216216216,14.8181818182,8.81081081081,5.78000072737,0.328006176247,0.161498922235,8.95618296001,1.01649929301,0.535400431106,7.61882842349,0.864713655427,0.460122699387,0.655752631759,0.37658474728,2.07530647986,1.74131490055,0.655752631759,2.07530647986,0.359110354851,0.384024577573,750,0.0965250965251,0.523278371061,37,37,37,1,0,0.405405405405,0.594594594595,0,-16,-0.012012012012,0.0160260824374,-0.864864864865,-0.727272727273,-0.960617760618,0.412290571978,0.0376475859694,0.0188562795925,-0.552308582362,-0.0121971604073,-0.00909142917538,-0.434484922946,-0.00655123877834,-0.00170755191743,0.015153061433,0.00528484456207,0.0753064798599,0.0160260824374,0.015153061433,0.0753064798599,0.0150389606035,0.00745553991606,-60,-0.00772200772201,-0.0462984572886,0,0.0540540540541,-0.0540540540541,311,15,31,975,0.909356725146,0.984848484848,0.0151515151515,0.0906432748538,0.953987730061,0.909356725146,0.931137724551,0.908573479235,0.894205209995,0.871148459384,155,171,0,0,0,0
2222,WLNM_dir_neg,0.956619130673,0.808082442815,00:00:05,10,50,47,1237612682,threshold_sweep,0.8,0.902597402597,0.812865497076,0.855384615385,139,15,32,327,0.812865497076,0.956140350877,0.0438596491228,0.187134502924,0.902597402597,0.812865497076,0.855384615385,0.908382066277,0.566601689409,0.788605697151,0.790921107745,0.769005847953,342,171,171,0,342,0,171,0,171,37,342,0.256756756757,1.72528881811,18.4864864865,15.5454545455,9.77142857143,5.36771015539,0.290358590277,0.142642642643,9.50849154237,1.02869645341,0.544491860281,8.05331334643,0.871264894205,0.461830251304,0.640599570326,0.371299902718,2,1.72528881811,0.640599570326,2,0.344071394247,0.376569037657,810,0.104247104247,0.56957682835,37,37,37,1,0,0.405405405405,0.540540540541,0.0540540540541,37,0.128378378378,1.9549049049,9.24324324324,7.77272727273,4.88571428571,4.74578997876,0.513433418755,0.286391654813,5.98308426293,1.29458548379,0.648648648649,4.18563251128,0.905663174956,0.475738896792,0.949286079524,0.485591947282,3.22444444444,1.9549049049,0.949286079524,3.22444444444,0.0959487498703,0.0381426202322,23,0.0029601029601,0.185120857826,37,37,37,1,0,0.405405405405,0.540540540541,0.0540540540541,37,325,0.243993993994,1.73960374552,17.5675675676,14.7727272727,8.78378378378,5.73750110405,0.326596216692,0.159667359667,8.92915056037,1.01654944841,0.534719334719,7.63084069613,0.868741863867,0.461205821206,0.653973049673,0.375932192234,2.07530647986,1.73960374552,0.653973049673,2.07530647986,0.354114138186,0.376418013063,730,0.0939510939511,0.52428500381,37,37,37,1,0,0.405405405405,0.594594594595,0,-17,-0.0127627627628,0.0143149274099,-0.918918918919,-0.772727272727,-0.987644787645,0.369790948652,0.0362376264147,0.0170247170247,-0.579340982006,-0.0121470050036,-0.009772525562,-0.422472650303,-0.00252303033765,-0.000624430098114,0.0133734793474,0.0046322895162,0.0753064798599,0.0143149274099,0.0133734793474,0.0753064798599,0.0100427439387,-0.000151024593996,-80,-0.010296010296,-0.0452918245401,0,0.0540540540541,-0.0540540540541,310,15,32,975,0.906432748538,0.984848484848,0.0151515151515,0.093567251462,0.953846153846,0.906432748538,0.929535232384,0.906544227368,0.891281233386,0.868347338936,154,171,0,0,0,0
2223,WLNM_dir_neg,0.956619130673,0.808082442815,00:00:05,10,50,47,1237612682,threshold_sweep,0.9,0.906666666667,0.795321637427,0.847352024922,136,14,35,328,0.795321637427,0.959064327485,0.0409356725146,0.204678362573,0.906666666667,0.795321637427,0.847352024922,0.904483430799,0.569200779727,0.778280542986,0.781818181818,0.754385964912,342,171,171,0,342,0,171,0,171,37,342,0.256756756757,1.72528881811,18.4864864865,15.5454545455,9.77142857143,5.36771015539,0.290358590277,0.142642642643,9.50849154237,1.02869645341,0.544491860281,8.05331334643,0.871264894205,0.461830251304,0.640599570326,0.371299902718,2,1.72528881811,0.640599570326,2,0.344071394247,0.376569037657,810,0.104247104247,0.56957682835,37,37,37,1,0,0.405405405405,0.540540540541,0.0540540540541,37,0.128378378378,1.9549049049,9.24324324324,7.77272727273,4.88571428571,4.74578997876,0.513433418755,0.286391654813,5.98308426293,1.29458548379,0.648648648649,4.18563251128,0.905663174956,0.475738896792,0.949286079524,0.485591947282,3.22444444444,1.9549049049,0.949286079524,3.22444444444,0.0959487498703,0.0381426202322,23,0.0029601029601,0.185120857826,37,37,37,1,0,0.405405405405,0.540540540541,0.0540540540541,37,321,0.240990990991,1.73920143573,17.3513513514,14.5909090909,8.67567567568,5.71652680206,0.329457152144,0.162162162162,8.86959241846,1.02235177409,0.538688220931,7.54267140288,0.869404491921,0.462406331565,0.653513980459,0.375755198354,2.08428246014,1.73920143573,0.653513980459,2.08428246014,0.35071304229,0.370774647887,702,0.0903474903475,0.512406231449,37,37,37,1,0,0.405405405405,0.594594594595,0,-21,-0.0157657657658,0.0139126176125,-1.13513513514,-0.954545454545,-1.09575289575,0.348816646667,0.0390985618666,0.0195195195195,-0.638899123911,-0.00634467932397,-0.00580363935012,-0.51064194355,-0.00186040228361,0.000576080261274,0.0129144101325,0.00445529563583,0.0842824601367,0.0139126176125,0.0129144101325,0.0842824601367,0.00664164804283,-0.00579438976958,-108,-0.0138996138996,-0.0571705969008,0,0.0540540540541,-0.0540540540541,307,14,35,976,0.897660818713,0.985858585859,0.0141414141414,0.102339181287,0.956386292835,0.897660818713,0.926093514329,0.902440647801,0.883519404572,0.862359550562,150,171,0,0,0,0
2224,WLNM_dir_neg,0.962005403372,0.788533043598,00:00:05,10,50,48,1237612683,threshold_sweep,0.1,0.890322580645,0.80701754386,0.846625766871,138,17,33,325,0.80701754386,0.950292397661,0.0497076023392,0.19298245614,0.890322580645,0.80701754386,0.846625766871,0.90253411306,0.565951916829,0.775449101796,0.77745883611,0.75730994152,342,171,171,0,342,0,171,0,171,37,342,0.256756756757,1.72528881811,18.4864864865,15.5454545455,9.77142857143,5.36771015539,0.290358590277,0.142642642643,9.50849154237,1.02869645341,0.544491860281,8.05331334643,0.871264894205,0.461830251304,0.640599570326,0.371299902718,2,1.72528881811,0.640599570326,2,0.344071394247,0.376569037657,810,0.104247104247,0.56957682835,37,37,37,1,0,0.405405405405,0.540540540541,0.0540540540541,37,0.128378378378,1.94335585586,9.24324324324,7.77272727273,4.88571428571,4.7223193772,0.510894201627,0.284811126916,5.93179451652,1.2834877024,0.644539276118,4.1656755578,0.901345003735,0.473842263316,0.909972855611,0.468248186697,2.6562962963,1.94335585586,0.909972855611,2.6562962963,0.0342797151621,0.0249722530522,15,0.0019305019305,0.193162430261,37,37,37,1,0,0.405405405405,0.540540540541,0.0540540540541,37,326,0.244744744745,2.33802493384,17.6216216216,13.5833333333,8.81081081081,5.26704297892,0.298896610767,0.146493118886,8.90018051577,1.01014318737,0.536395290997,7.46412842958,0.847155680657,0.440888741502,1.31313325365,0.561642108536,4.98384287367,2.33802493384,1.31313325365,4.98384287367,0.312622224536,0.319823788546,605,0.0778635778636,0.433560537462,37,37,37,1,0,0.351351351351,0.648648648649,0,-16,-0.012012012012,0.612736115724,-0.864864864865,-1.96212121212,-0.960617760618,-0.100667176478,0.00853802048955,0.00385047624311,-0.608311026609,-0.0185532660426,-0.00809656928482,-0.589184916858,-0.0241092135474,-0.0209415098017,0.672533683324,0.190342205818,2.98384287367,0.612736115724,0.672533683324,2.98384287367,-0.0314491697113,-0.0567452491106,-205,-0.0263835263835,-0.136016290888,-0.0540540540541,0.108108108108,-0.0540540540541,309,17,33,973,0.90350877193,0.982828282828,0.0171717171717,0.0964912280702,0.947852760736,0.90350877193,0.925149700599,0.900578896897,0.886337054758,0.860724233983,155,171,0,0,0,0
2225,WLNM_dir_neg,0.962005403372,0.788533043598,00:00:05,10,50,48,1237612683,threshold_sweep,0.2,0.913333333333,0.801169590643,0.853582554517,137,13,34,329,0.801169590643,0.961988304094,0.0380116959064,0.198830409357,0.913333333333,0.801169590643,0.853582554517,0.908382066277,0.569200779727,0.787330316742,0.790909090909,0.763157894737,342,171,171,0,342,0,171,0,171,37,342,0.256756756757,1.72528881811,18.4864864865,15.5454545455,9.77142857143,5.36771015539,0.290358590277,0.142642642643,9.50849154237,1.02869645341,0.544491860281,8.05331334643,0.871264894205,0.461830251304,0.640599570326,0.371299902718,2,1.72528881811,0.640599570326,2,0.344071394247,0.376569037657,810,0.104247104247,0.56957682835,37,37,37,1,0,0.405405405405,0.540540540541,0.0540540540541,37,0.128378378378,1.94335585586,9.24324324324,7.77272727273,4.88571428571,4.7223193772,0.510894201627,0.284811126916,5.93179451652,1.2834877024,0.644539276118,4.1656755578,0.901345003735,0.473842263316,0.909972855611,0.468248186697,2.6562962963,1.94335585586,0.909972855611,2.6562962963,0.0342797151621,0.0249722530522,15,0.0019305019305,0.193162430261,37,37,37,1,0,0.405405405405,0.540540540541,0.0540540540541,37,321,0.240990990991,2.19076964206,17.3513513514,13.9565217391,8.67567567568,5.2716022033,0.303815080252,0.143975751452,8.8570563647,1.02090680839,0.539193399006,7.56106273414,0.871524364995,0.451124021217,1.34139328424,0.612293167883,5.11901395173,2.19076964206,1.34139328424,5.11901395173,0.293456340293,0.306221821461,566,0.0728442728443,0.477420978108,37,37,37,1,0,0.378378378378,0.621621621622,0,-21,-0.0157657657658,0.465480823948,-1.13513513514,-1.58893280632,-1.09575289575,-0.0961079520978,0.0134564899751,0.00133310880974,-0.651435177676,-0.00778964502276,-0.00529846127485,-0.49225061229,0.000259470789982,-0.0107062300865,0.700793713916,0.240993265166,3.11901395173,0.465480823948,0.700793713916,3.11901395173,-0.0506150539547,-0.0703472161961,-244,-0.0314028314028,-0.0921558502414,-0.027027027027,0.0810810810811,-0.0540540540541,308,13,34,977,0.900584795322,0.986868686869,0.0131313131313,0.0994152046784,0.959501557632,0.900584795322,0.929110105581,0.906458976698,0.88745348219,0.867605633803,150,171,0,0,0,0
2226,WLNM_dir_neg,0.962005403372,0.788533043598,00:00:05,10,50,48,1237612683,threshold_sweep,0.3,0.911764705882,0.72514619883,0.807817589577,124,12,47,330,0.72514619883,0.964912280702,0.0350877192982,0.27485380117,0.911764705882,0.72514619883,0.807817589577,0.884990253411,0.578297595841,0.727272727273,0.736981991586,0.690058479532,342,171,171,0,342,0,171,0,171,37,342,0.256756756757,1.72528881811,18.4864864865,15.5454545455,9.77142857143,5.36771015539,0.290358590277,0.142642642643,9.50849154237,1.02869645341,0.544491860281,8.05331334643,0.871264894205,0.461830251304,0.640599570326,0.371299902718,2,1.72528881811,0.640599570326,2,0.344071394247,0.376569037657,810,0.104247104247,0.56957682835,37,37,37,1,0,0.405405405405,0.540540540541,0.0540540540541,37,0.128378378378,1.94335585586,9.24324324324,7.77272727273,4.88571428571,4.7223193772,0.510894201627,0.284811126916,5.93179451652,1.2834877024,0.644539276118,4.1656755578,0.901345003735,0.473842263316,0.909972855611,0.468248186697,2.6562962963,1.94335585586,0.909972855611,2.6562962963,0.0342797151621,0.0249722530522,15,0.0019305019305,0.193162430261,37,37,37,1,0,0.405405405405,0.540540540541,0.0540540540541,37,307,0.23048048048,2.22376088713,16.5945945946,13.347826087,8.2972972973,5.39783629213,0.325276779819,0.156880007043,8.69503327214,1.04793560609,0.552513425478,7.19129436991,0.86670323025,0.448807113302,1.36326989391,0.613046979014,5.10073418713,2.22376088713,1.36326989391,5.10073418713,0.286781986127,0.292954990215,499,0.0642213642214,0.43883586928,37,37,37,1,0,0.378378378378,0.621621621622,0,-35,-0.0262762762763,0.498472069018,-1.89189189189,-2.1976284585,-1.47413127413,0.0301261367368,0.0349181895418,0.0142373644002,-0.813458270236,0.0192391526736,0.00802156519626,-0.862018976523,-0.00456166395501,-0.0130231380017,0.72267032358,0.241747076296,3.10073418713,0.498472069018,0.72267032358,3.10073418713,-0.0572894081208,-0.0836140474416,-311,-0.0400257400257,-0.13074095907,-0.027027027027,0.0810810810811,-0.0540540540541,295,12,47,978,0.862573099415,0.987878787879,0.0121212121212,0.137426900585,0.960912052117,0.862573099415,0.909090909091,0.882163895093,0.850451887294,0.833333333333,136,171,0,0,0,0
2227,WLNM_dir_neg,0.962005403372,0.788533043598,00:00:05,10,50,48,1237612683,threshold_sweep,0.4,0.911764705882,0.72514619883,0.807817589577,124,12,47,330,0.72514619883,0.964912280702,0.0350877192982,0.27485380117,0.911764705882,0.72514619883,0.807817589577,0.884990253411,0.578297595841,0.727272727273,0.736981991586,0.690058479532,342,171,171,0,342,0,171,0,171,37,342,0.256756756757,1.72528881811,18.4864864865,15.5454545455,9.77142857143,5.36771015539,0.290358590277,0.142642642643,9.50849154237,1.02869645341,0.544491860281,8.05331334643,0.871264894205,0.461830251304,0.640599570326,0.371299902718,2,1.72528881811,0.640599570326,2,0.344071394247,0.376569037657,810,0.104247104247,0.56957682835,37,37,37,1,0,0.405405405405,0.540540540541,0.0540540540541,37,0.128378378378,1.94335585586,9.24324324324,7.77272727273,4.88571428571,4.7223193772,0.510894201627,0.284811126916,5.93179451652,1.2834877024,0.644539276118,4.1656755578,0.901345003735,0.473842263316,0.909972855611,0.468248186697,2.6562962963,1.94335585586,0.909972855611,2.6562962963,0.0342797151621,0.0249722530522,15,0.0019305019305,0.193162430261,37,37,37,1,0,0.405405405405,0.540540540541,0.0540540540541,37,307,0.23048048048,2.22376088713,16.5945945946,13.347826087,8.2972972973,5.39783629213,0.325276779819,0.156880007043,8.69503327214,1.04793560609,0.552513425478,7.19129436991,0.86670323025,0.448807113302,1.36326989391,0.613046979014,5.10073418713,2.22376088713,1.36326989391,5.10073418713,0.286781986127,0.292954990215,499,0.0642213642214,0.43883586928,37,37,37,1,0,0.378378378378,0.621621621622,0,-35,-0.0262762762763,0.498472069018,-1.89189189189,-2.1976284585,-1.47413127413,0.0301261367368,0.0349181895418,0.0142373644002,-0.813458270236,0.0192391526736,0.00802156519626,-0.862018976523,-0.00456166395501,-0.0130231380017,0.72267032358,0.241747076296,3.10073418713,0.498472069018,0.72267032358,3.10073418713,-0.0572894081208,-0.0836140474416,-311,-0.0400257400257,-0.13074095907,-0.027027027027,0.0810810810811,-0.0540540540541,295,12,47,978,0.862573099415,0.987878787879,0.0121212121212,0.137426900585,0.960912052117,0.862573099415,0.909090909091,0.882163895093,0.850451887294,0.833333333333,136,171,0,0,0,0
2228,WLNM_dir_neg,0.962005403372,0.788533043598,00:00:05,10,50,48,1237612683,threshold_sweep,0.5,0.918518518519,0.72514619883,0.81045751634,124,11,47,331,0.72514619883,0.96783625731,0.0321637426901,0.27485380117,0.918518518519,0.72514619883,0.81045751634,0.88693957115,0.578947368421,0.731481481481,0.741857623595,0.69298245614,342,171,171,0,342,0,171,0,171,37,342,0.256756756757,1.72528881811,18.4864864865,15.5454545455,9.77142857143,5.36771015539,0.290358590277,0.142642642643,9.50849154237,1.02869645341,0.544491860281,8.05331334643,0.871264894205,0.461830251304,0.640599570326,0.371299902718,2,1.72528881811,0.640599570326,2,0.344071394247,0.376569037657,810,0.104247104247,0.56957682835,37,37,37,1,0,0.405405405405,0.540540540541,0.0540540540541,37,0.128378378378,1.94335585586,9.24324324324,7.77272727273,4.88571428571,4.7223193772,0.510894201627,0.284811126916,5.93179451652,1.2834877024,0.644539276118,4.1656755578,0.901345003735,0.473842263316,0.909972855611,0.468248186697,2.6562962963,1.94335585586,0.909972855611,2.6562962963,0.0342797151621,0.0249722530522,15,0.0019305019305,0.193162430261,37,37,37,1,0,0.405405405405,0.540540540541,0.0540540540541,37,306,0.22972972973,2.53536425362,16.5405405405,13.3043478261,8.27027027027,5.42931648345,0.328242990013,0.15756933404,8.71667829396,1.05397744077,0.554848966614,7.21360076772,0.872232772567,0.451157039392,1.99035863149,0.7850385319,7.35714285714,2.53536425362,1.99035863149,7.35714285714,0.28870541392,0.293805309735,498,0.0640926640927,0.43944914997,37,37,37,1,0,0.378378378378,0.621621621622,0,-36,-0.027027027027,0.810075435507,-1.94594594595,-2.24110671937,-1.50115830116,0.0616063280581,0.0378843997355,0.0149266913973,-0.79181324841,0.0252809873587,0.0103571063323,-0.839712578715,0.000967878362455,-0.0106732119116,1.34975906117,0.413738629182,5.35714285714,0.810075435507,1.34975906117,5.35714285714,-0.0553659803273,-0.0827637279224,-312,-0.0401544401544,-0.13012767838,-0.027027027027,0.0810810810811,-0.0540540540541,295,11,47,979,0.862573099415,0.988888888889,0.0111111111111,0.137426900585,0.964052287582,0.862573099415,0.91049382716,0.884222417499,0.851461988304,0.835694050992,135,171,0,0,0,0
2229,WLNM_dir_neg,0.962005403372,0.788533043598,00:00:05,10,50,48,1237612683,threshold_sweep,0.6,0.917910447761,0.719298245614,0.806557377049,123,11,48,331,0.719298245614,0.96783625731,0.0321637426901,0.280701754386,0.917910447761,0.719298245614,0.806557377049,0.884990253411,0.579597141001,0.726429675425,0.737362183064,0.687134502924,342,171,171,0,342,0,171,0,171,37,342,0.256756756757,1.72528881811,18.4864864865,15.5454545455,9.77142857143,5.36771015539,0.290358590277,0.142642642643,9.50849154237,1.02869645341,0.544491860281,8.05331334643,0.871264894205,0.461830251304,0.640599570326,0.371299902718,2,1.72528881811,0.640599570326,2,0.344071394247,0.376569037657,810,0.104247104247,0.56957682835,37,37,37,1,0,0.405405405405,0.540540540541,0.0540540540541,37,0.128378378378,1.94335585586,9.24324324324,7.77272727273,4.88571428571,4.7223193772,0.510894201627,0.284811126916,5.93179451652,1.2834877024,0.644539276118,4.1656755578,0.901345003735,0.473842263316,0.909972855611,0.468248186697,2.6562962963,1.94335585586,0.909972855611,2.6562962963,0.0342797151621,0.0249722530522,15,0.0019305019305,0.193162430261,37,37,37,1,0,0.405405405405,0.540540540541,0.0540540540541,37,305,0.228978978979,2.53914032538,16.4864864865,13.2608695652,8.24324324324,5.47530629088,0.332108742234,0.158883473638,8.72545893542,1.05849829708,0.556668143553,7.23957259867,0.878243233281,0.455117412494,1.99360037519,0.785147774331,7.35714285714,2.53914032538,1.99360037519,7.35714285714,0.289914472482,0.293362307388,495,0.0637065637066,0.439789375949,37,37,37,1,0,0.378378378378,0.621621621622,0,-37,-0.0277777777778,0.81385150727,-2,-2.28458498024,-1.52818532819,0.107596135489,0.0417501519567,0.0162408309949,-0.783032606959,0.0298018436685,0.0121762832721,-0.813740747764,0.00697833907639,-0.00671283880947,1.35300080486,0.413847871613,5.35714285714,0.81385150727,1.35300080486,5.35714285714,-0.0541569217653,-0.0832067302685,-315,-0.0405405405405,-0.129787452401,-0.027027027027,0.0810810810811,-0.0540540540541,294,11,48,979,0.859649122807,0.988888888889,0.0111111111111,0.140350877193,0.96393442623,0.859649122807,0.908809891808,0.882199507315,0.848538011696,0.832861189802,134,171,0,0,0,0
2230,WLNM_dir_neg,0.962005403372,0.788533043598,00:00:05,10,50,48,1237612683,threshold_sweep,0.7,0.917293233083,0.713450292398,0.802631578947,122,11,49,331,0.713450292398,0.96783625731,0.0321637426901,0.286549707602,0.917293233083,0.713450292398,0.802631578947,0.883040935673,0.58024691358,0.721362229102,0.732863857829,0.681286549708,342,171,171,0,342,0,171,0,171,37,342,0.256756756757,1.72528881811,18.4864864865,15.5454545455,9.77142857143,5.36771015539,0.290358590277,0.142642642643,9.50849154237,1.02869645341,0.544491860281,8.05331334643,0.871264894205,0.461830251304,0.640599570326,0.371299902718,2,1.72528881811,0.640599570326,2,0.344071394247,0.376569037657,810,0.104247104247,0.56957682835,37,37,37,1,0,0.405405405405,0.540540540541,0.0540540540541,37,0.128378378378,1.94335585586,9.24324324324,7.77272727273,4.88571428571,4.7223193772,0.510894201627,0.284811126916,5.93179451652,1.2834877024,0.644539276118,4.1656755578,0.901345003735,0.473842263316,0.909972855611,0.468248186697,2.6562962963,1.94335585586,0.909972855611,2.6562962963,0.0342797151621,0.0249722530522,15,0.0019305019305,0.193162430261,37,37,37,1,0,0.405405405405,0.540540540541,0.0540540540541,37,304,0.228228228228,2.55310805137,16.4324324324,13.2173913043,8.21621621622,5.60030029225,0.340807748048,0.162428876245,8.74685700738,1.06458456998,0.558854907539,7.25769758079,0.883338192399,0.456970128023,2.03213153919,0.795944197542,7.35714285714,2.55310805137,2.03213153919,7.35714285714,0.281396863965,0.293117088608,494,0.0635778635779,0.439615896253,37,37,37,1,0,0.378378378378,0.621621621622,0,-38,-0.0285285285285,0.827819233254,-2.05405405405,-2.32806324111,-1.55521235521,0.232590136856,0.0504491577709,0.019786233602,-0.761634534997,0.035888116562,0.0143630472578,-0.795615765646,0.0120732981937,-0.00486012328118,1.39153196886,0.424644294824,5.35714285714,0.827819233254,1.39153196886,5.35714285714,-0.0626745302829,-0.0834519490493,-316,-0.0406692406692,-0.129960932097,-0.027027027027,0.0810810810811,-0.0540540540541,293,11,49,979,0.856725146199,0.988888888889,0.0111111111111,0.143274853801,0.963815789474,0.856725146199,0.907120743034,0.880175921765,0.845614035088,0.830028328612,133,171,0,0,0,0
2231,WLNM_dir_neg,0.962005403372,0.788533043598,00:00:05,10,50,48,1237612683,threshold_sweep,0.8,0.930769230769,0.707602339181,0.803986710963,121,9,50,333,0.707602339181,0.973684210526,0.0263157894737,0.292397660819,0.930769230769,0.707602339181,0.803986710963,0.884990253411,0.582196231319,0.724727838258,0.738362888403,0.681286549708,342,171,171,0,342,0,171,0,171,37,342,0.256756756757,1.72528881811,18.4864864865,15.5454545455,9.77142857143,5.36771015539,0.290358590277,0.142642642643,9.50849154237,1.02869645341,0.544491860281,8.05331334643,0.871264894205,0.461830251304,0.640599570326,0.371299902718,2,1.72528881811,0.640599570326,2,0.344071394247,0.376569037657,810,0.104247104247,0.56957682835,37,37,37,1,0,0.405405405405,0.540540540541,0.0540540540541,37,0.128378378378,1.94335585586,9.24324324324,7.77272727273,4.88571428571,4.7223193772,0.510894201627,0.284811126916,5.93179451652,1.2834877024,0.644539276118,4.1656755578,0.901345003735,0.473842263316,0.909972855611,0.468248186697,2.6562962963,1.94335585586,0.909972855611,2.6562962963,0.0342797151621,0.0249722530522,15,0.0019305019305,0.193162430261,37,37,37,1,0,0.405405405405,0.540540540541,0.0540540540541,37,301,0.225975975976,2.08000471137,16.2702702703,13.0869565217,8.36111111111,5.56101833524,0.341790163462,0.161623417437,8.70556068193,1.07011875492,0.559396605908,7.32257605765,0.900117322702,0.464936697495,1.13208405839,0.544269949103,4.14285714286,2.08000471137,1.13208405839,4.14285714286,0.275147586062,0.28497305927,476,0.0612612612613,0.442919592545,37,37,37,1,0,0.378378378378,0.594594594595,0.027027027027,-41,-0.0307807807808,0.354715893258,-2.21621621622,-2.45849802372,-1.41031746032,0.193308179851,0.0514315731847,0.0189807747947,-0.802930860443,0.041422301507,0.0149047456269,-0.730737288781,0.0288524284967,0.0031064461909,0.491484488067,0.172970046386,2.14285714286,0.354715893258,0.491484488067,2.14285714286,-0.0689238081853,-0.0915959783873,-334,-0.0429858429858,-0.126657235805,-0.027027027027,0.0540540540541,-0.027027027027,292,9,50,981,0.853801169591,0.990909090909,0.00909090909091,0.146198830409,0.970099667774,0.853801169591,0.908242612753,0.882319422337,0.8447102605,0.831908831909,130,171,0,0,0,0
2232,WLNM_dir_neg,0.962005403372,0.788533043598,00:00:05,10,50,48,1237612683,threshold_sweep,0.9,0.930769230769,0.707602339181,0.803986710963,121,9,50,333,0.707602339181,0.973684210526,0.0263157894737,0.292397660819,0.930769230769,0.707602339181,0.803986710963,0.884990253411,0.582196231319,0.724727838258,0.738362888403,0.681286549708,342,171,171,0,342,0,171,0,171,37,342,0.256756756757,1.72528881811,18.4864864865,15.5454545455,9.77142857143,5.36771015539,0.290358590277,0.142642642643,9.50849154237,1.02869645341,0.544491860281,8.05331334643,0.871264894205,0.461830251304,0.640599570326,0.371299902718,2,1.72528881811,0.640599570326,2,0.344071394247,0.376569037657,810,0.104247104247,0.56957682835,37,37,37,1,0,0.405405405405,0.540540540541,0.0540540540541,37,0.128378378378,1.94335585586,9.24324324324,7.77272727273,4.88571428571,4.7223193772,0.510894201627,0.284811126916,5.93179451652,1.2834877024,0.644539276118,4.1656755578,0.901345003735,0.473842263316,0.909972855611,0.468248186697,2.6562962963,1.94335585586,0.909972855611,2.6562962963,0.0342797151621,0.0249722530522,15,0.0019305019305,0.193162430261,37,37,37,1,0,0.405405405405,0.540540540541,0.0540540540541,37,301,0.225975975976,2.08000471137,16.2702702703,13.0869565217,8.36111111111,5.56101833524,0.341790163462,0.161623417437,8.70556068193,1.07011875492,0.559396605908,7.32257605765,0.900117322702,0.464936697495,1.13208405839,0.544269949103,4.14285714286,2.08000471137,1.13208405839,4.14285714286,0.275147586062,0.28497305927,476,0.0612612612613,0.442919592545,37,37,37,1,0,0.378378378378,0.594594594595,0.027027027027,-41,-0.0307807807808,0.354715893258,-2.21621621622,-2.45849802372,-1.41031746032,0.193308179851,0.0514315731847,0.0189807747947,-0.802930860443,0.041422301507,0.0149047456269,-0.730737288781,0.0288524284967,0.0031064461909,0.491484488067,0.172970046386,2.14285714286,0.354715893258,0.491484488067,2.14285714286,-0.0689238081853,-0.0915959783873,-334,-0.0429858429858,-0.126657235805,-0.027027027027,0.0540540540541,-0.027027027027,292,9,50,981,0.853801169591,0.990909090909,0.00909090909091,0.146198830409,0.970099667774,0.853801169591,0.908242612753,0.882319422337,0.8447102605,0.831908831909,130,171,0,0,0,0
2233,WLNM_dir_neg,0.95277179303,0.516226411017,00:00:05,10,50,49,1237612684,threshold_sweep,0.1,0.953642384106,0.842105263158,0.894409937888,144,7,27,335,0.842105263158,0.979532163743,0.0204678362573,0.157894736842,0.953642384106,0.842105263158,0.894409937888,0.933723196881,0.568551007147,0.846385542169,0.849862297752,0.821637426901,342,171,171,0,342,0,171,0,171,37,342,0.256756756757,1.72528881811,18.4864864865,15.5454545455,9.77142857143,5.36771015539,0.290358590277,0.142642642643,9.50849154237,1.02869645341,0.544491860281,8.05331334643,0.871264894205,0.461830251304,0.640599570326,0.371299902718,2,1.72528881811,0.640599570326,2,0.344071394247,0.376569037657,810,0.104247104247,0.56957682835,37,37,37,1,0,0.405405405405,0.540540540541,0.0540540540541,37,0.128378378378,1.93708984878,9.24324324324,7.77272727273,4.88571428571,4.82128040511,0.521600511664,0.289710763395,5.99236250643,1.29659305695,0.650229176545,4.15231763498,0.898454692948,0.473526157737,0.893990382525,0.461512088915,2.57527777778,1.93708984878,0.893990382525,2.57527777778,0.0923285021582,0.0263881253436,16,0.0020592020592,0.186013054151,37,37,37,1,0,0.405405405405,0.540540540541,0.0540540540541,37,322,0.241741741742,1.72668366509,17.4054054054,14.6363636364,8.7027027027,4.89591359911,0.28128696144,0.129847238543,8.68224518091,0.997649290974,0.52744670136,8.3395472328,0.958270955321,0.49101896928,0.650922152901,0.376978230616,2.06896551724,1.72668366509,0.650922152901,2.06896551724,0.270576734424,0.271950133571,509,0.0655083655084,0.586577877796,37,37,37,1,0,0.405405405405,0.594594594595,0,-20,-0.015015015015,0.00139484697902,-1.08108108108,-0.909090909091,-1.06872586873,-0.471796556281,-0.00907162883746,-0.0127954040998,-0.826246361468,-0.031047162441,-0.0170451589216,0.286233886363,0.0870060611165,0.0291887179759,0.010322582575,0.00567832789853,0.0689655172414,0.00139484697902,0.010322582575,0.0689655172414,-0.0734946598229,-0.104618904086,-301,-0.0387387387387,0.0170010494463,0,0.0540540540541,-0.0540540540541,315,7,27,983,0.921052631579,0.992929292929,0.00707070707071,0.0789473684211,0.978260869565,0.921052631579,0.948795180723,0.932566122093,0.913981924508,0.902578796562,151,171,0,0,0,0
2234,WLNM_dir_neg,0.95277179303,0.516226411017,00:00:05,10,50,49,1237612684,threshold_sweep,0.2,0.959731543624,0.836257309942,0.89375,143,6,28,336,0.836257309942,0.982456140351,0.0175438596491,0.163742690058,0.959731543624,0.836257309942,0.89375,0.933723196881,0.569850552307,0.845921450151,0.85015714178,0.818713450292,342,171,171,0,342,0,171,0,171,37,342,0.256756756757,1.72528881811,18.4864864865,15.5454545455,9.77142857143,5.36771015539,0.290358590277,0.142642642643,9.50849154237,1.02869645341,0.544491860281,8.05331334643,0.871264894205,0.461830251304,0.640599570326,0.371299902718,2,1.72528881811,0.640599570326,2,0.344071394247,0.376569037657,810,0.104247104247,0.56957682835,37,37,37,1,0,0.405405405405,0.540540540541,0.0540540540541,37,0.128378378378,1.93708984878,9.24324324324,7.77272727273,4.88571428571,4.82128040511,0.521600511664,0.289710763395,5.99236250643,1.29659305695,0.650229176545,4.15231763498,0.898454692948,0.473526157737,0.893990382525,0.461512088915,2.57527777778,1.93708984878,0.893990382525,2.57527777778,0.0923285021582,0.0263881253436,16,0.0020592020592,0.186013054151,37,37,37,1,0,0.405405405405,0.540540540541,0.0540540540541,37,320,0.24024024024,1.72535530582,17.2972972973,14.5454545455,8.64864864865,4.81816507757,0.278550168547,0.127871621622,8.57715381508,0.991733409869,0.524662162162,8.34737555635,0.965165298702,0.493243243243,0.649347089308,0.376355575642,2.06896551724,1.72535530582,0.649347089308,2.06896551724,0.26414005187,0.263956639566,487,0.062676962677,0.586638476631,37,37,37,1,0,0.405405405405,0.594594594595,0,-22,-0.0165165165165,6.648770152e-05,-1.18918918919,-1,-1.12277992278,-0.549545077823,-0.0118084217301,-0.014771021021,-0.931337727293,-0.036963043546,-0.0198296981192,0.294062209912,0.0939004044976,0.0314129919393,0.00874751898208,0.00505567292462,0.0689655172414,6.648770152e-05,0.00874751898208,0.0689655172414,-0.0799313423775,-0.112612398091,-323,-0.0415701415701,0.017061648281,0,0.0540540540541,-0.0540540540541,314,6,28,984,0.918128654971,0.993939393939,0.00606060606061,0.0818713450292,0.98125,0.918128654971,0.948640483384,0.932594064229,0.91206804891,0.902298850575,149,171,0,0,0,0
2235,WLNM_dir_neg,0.95277179303,0.516226411017,00:00:05,10,50,49,1237612684,threshold_sweep,0.3,0.959731543624,0.836257309942,0.89375,143,6,28,336,0.836257309942,0.982456140351,0.0175438596491,0.163742690058,0.959731543624,0.836257309942,0.89375,0.933723196881,0.569850552307,0.845921450151,0.85015714178,0.818713450292,342,171,171,0,342,0,171,0,171,37,342,0.256756756757,1.72528881811,18.4864864865,15.5454545455,9.77142857143,5.36771015539,0.290358590277,0.142642642643,9.50849154237,1.02869645341,0.544491860281,8.05331334643,0.871264894205,0.461830251304,0.640599570326,0.371299902718,2,1.72528881811,0.640599570326,2,0.344071394247,0.376569037657,810,0.104247104247,0.56957682835,37,37,37,1,0,0.405405405405,0.540540540541,0.0540540540541,37,0.128378378378,1.93708984878,9.24324324324,7.77272727273,4.88571428571,4.82128040511,0.521600511664,0.289710763395,5.99236250643,1.29659305695,0.650229176545,4.15231763498,0.898454692948,0.473526157737,0.893990382525,0.461512088915,2.57527777778,1.93708984878,0.893990382525,2.57527777778,0.0923285021582,0.0263881253436,16,0.0020592020592,0.186013054151,37,37,37,1,0,0.405405405405,0.540540540541,0.0540540540541,37,320,0.24024024024,1.72535530582,17.2972972973,14.5454545455,8.64864864865,4.81816507757,0.278550168547,0.127871621622,8.57715381508,0.991733409869,0.524662162162,8.34737555635,0.965165298702,0.493243243243,0.649347089308,0.376355575642,2.06896551724,1.72535530582,0.649347089308,2.06896551724,0.26414005187,0.263956639566,487,0.062676962677,0.586638476631,37,37,37,1,0,0.405405405405,0.594594594595,0,-22,-0.0165165165165,6.648770152e-05,-1.18918918919,-1,-1.12277992278,-0.549545077823,-0.0118084217301,-0.014771021021,-0.931337727293,-0.036963043546,-0.0198296981192,0.294062209912,0.0939004044976,0.0314129919393,0.00874751898208,0.00505567292462,0.0689655172414,6.648770152e-05,0.00874751898208,0.0689655172414,-0.0799313423775,-0.112612398091,-323,-0.0415701415701,0.017061648281,0,0.0540540540541,-0.0540540540541,314,6,28,984,0.918128654971,0.993939393939,0.00606060606061,0.0818713450292,0.98125,0.918128654971,0.948640483384,0.932594064229,0.91206804891,0.902298850575,149,171,0,0,0,0
2236,WLNM_dir_neg,0.95277179303,0.516226411017,00:00:05,10,50,49,1237612684,threshold_sweep,0.4,0.959459459459,0.830409356725,0.890282131661,142,6,29,336,0.830409356725,0.982456140351,0.0175438596491,0.169590643275,0.959459459459,0.830409356725,0.890282131661,0.931773879142,0.570500324886,0.841149773071,0.845770451378,0.812865497076,342,171,171,0,342,0,171,0,171,37,342,0.256756756757,1.72528881811,18.4864864865,15.5454545455,9.77142857143,5.36771015539,0.290358590277,0.142642642643,9.50849154237,1.02869645341,0.544491860281,8.05331334643,0.871264894205,0.461830251304,0.640599570326,0.371299902718,2,1.72528881811,0.640599570326,2,0.344071394247,0.376569037657,810,0.104247104247,0.56957682835,37,37,37,1,0,0.405405405405,0.540540540541,0.0540540540541,37,0.128378378378,1.93708984878,9.24324324324,7.77272727273,4.88571428571,4.82128040511,0.521600511664,0.289710763395,5.99236250643,1.29659305695,0.650229176545,4.15231763498,0.898454692948,0.473526157737,0.893990382525,0.461512088915,2.57527777778,1.93708984878,0.893990382525,2.57527777778,0.0923285021582,0.0263881253436,16,0.0020592020592,0.186013054151,37,37,37,1,0,0.405405405405,0.540540540541,0.0540540540541,37,319,0.239489489489,1.72431165902,17.2432432432,14.5,8.62162162162,4.76331703639,0.276242524054,0.125646022198,8.5288769332,0.989242779086,0.523256799119,8.3710856569,0.970940969609,0.496145047869,0.648170005621,0.375900726663,2.06896551724,1.72431165902,0.648170005621,2.06896551724,0.260027617031,0.257782632441,472,0.0607464607465,0.588199269384,37,37,37,1,0,0.405405405405,0.594594594595,0,-23,-0.0172672672673,-0.000977159091311,-1.24324324324,-1.04545454545,-1.14980694981,-0.604393119001,-0.014116066223,-0.0169966204449,-0.979614609171,-0.0394536743284,-0.0212350611625,0.317772310461,0.0996760754037,0.0343147965653,0.00757043529514,0.0046008239457,0.0689655172414,-0.000977159091311,0.00757043529514,0.0689655172414,-0.0840437772168,-0.118786405216,-338,-0.0435006435006,0.0186224410337,0,0.0540540540541,-0.0540540540541,313,6,29,984,0.915204678363,0.993939393939,0.00606060606061,0.0847953216374,0.981191222571,0.915204678363,0.947049924357,0.930600534321,0.909144072302,0.899425287356,148,171,0,0,0,0
2237,WLNM_dir_neg,0.95277179303,0.516226411017,00:00:05,10,50,49,1237612684,threshold_sweep,0.5,0.965986394558,0.830409356725,0.893081761006,142,5,29,337,0.830409356725,0.985380116959,0.0146198830409,0.169590643275,0.965986394558,0.830409356725,0.893081761006,0.933723196881,0.571150097466,0.845454545455,0.850530702411,0.815789473684,342,171,171,0,342,0,171,0,171,37,342,0.256756756757,1.72528881811,18.4864864865,15.5454545455,9.77142857143,5.36771015539,0.290358590277,0.142642642643,9.50849154237,1.02869645341,0.544491860281,8.05331334643,0.871264894205,0.461830251304,0.640599570326,0.371299902718,2,1.72528881811,0.640599570326,2,0.344071394247,0.376569037657,810,0.104247104247,0.56957682835,37,37,37,1,0,0.405405405405,0.540540540541,0.0540540540541,37,0.128378378378,1.93708984878,9.24324324324,7.77272727273,4.88571428571,4.82128040511,0.521600511664,0.289710763395,5.99236250643,1.29659305695,0.650229176545,4.15231763498,0.898454692948,0.473526157737,0.893990382525,0.461512088915,2.57527777778,1.93708984878,0.893990382525,2.57527777778,0.0923285021582,0.0263881253436,16,0.0020592020592,0.186013054151,37,37,37,1,0,0.405405405405,0.540540540541,0.0540540540541,37,318,0.238738738739,1.72339521714,17.1891891892,14.4545454545,8.83333333333,4.73073777332,0.27521587675,0.125276219616,8.4835116532,0.987075255246,0.521842597314,8.39794769724,0.977119700622,0.500764915859,0.647180463682,0.375526435981,2.06896551724,1.72339521714,0.647180463682,2.06896551724,0.255216697372,0.251925192519,458,0.0589446589447,0.590188304576,37,37,37,1,0,0.405405405405,0.567567567568,0.027027027027,-24,-0.018018018018,-0.00189360097043,-1.2972972973,-1.09090909091,-0.938095238095,-0.636972382077,-0.0151427135276,-0.0173664230268,-1.02497988918,-0.0416211981683,-0.022649262967,0.344634350803,0.105854806417,0.0389346645553,0.00658089335564,0.00422653326369,0.0689655172414,-0.00189360097043,0.00658089335564,0.0689655172414,-0.088854696875,-0.124643845138,-352,-0.0453024453024,0.0206114762266,0,0.027027027027,-0.027027027027,313,5,29,985,0.915204678363,0.994949494949,0.00505050505051,0.0847953216374,0.98427672956,0.915204678363,0.948484848485,0.93263793767,0.910154173312,0.902017291066,147,171,0,0,0,0
2238,WLNM_dir_neg,0.95277179303,0.516226411017,00:00:05,10,50,49,1237612684,threshold_sweep,0.6,0.965753424658,0.824561403509,0.889589905363,141,5,30,337,0.824561403509,0.985380116959,0.0146198830409,0.175438596491,0.965753424658,0.824561403509,0.889589905363,0.931773879142,0.571799870045,0.8406676783,0.846165494125,0.809941520468,342,171,171,0,342,0,171,0,171,37,342,0.256756756757,1.72528881811,18.4864864865,15.5454545455,9.77142857143,5.36771015539,0.290358590277,0.142642642643,9.50849154237,1.02869645341,0.544491860281,8.05331334643,0.871264894205,0.461830251304,0.640599570326,0.371299902718,2,1.72528881811,0.640599570326,2,0.344071394247,0.376569037657,810,0.104247104247,0.56957682835,37,37,37,1,0,0.405405405405,0.540540540541,0.0540540540541,37,0.128378378378,1.93708984878,9.24324324324,7.77272727273,4.88571428571,4.82128040511,0.521600511664,0.289710763395,5.99236250643,1.29659305695,0.650229176545,4.15231763498,0.898454692948,0.473526157737,0.893990382525,0.461512088915,2.57527777778,1.93708984878,0.893990382525,2.57527777778,0.0923285021582,0.0263881253436,16,0.0020592020592,0.186013054151,37,37,37,1,0,0.405405405405,0.540540540541,0.0540540540541,37,317,0.237987987988,1.72353761696,17.1351351351,14.4090909091,8.80555555556,4.7267686999,0.275852432013,0.126694517862,8.46410899866,0.987924394165,0.52263620087,8.36507468433,0.976365183976,0.501492028306,0.647264018926,0.37554388866,2.06896551724,1.72353761696,0.647264018926,2.06896551724,0.255311853347,0.25184501845,455,0.0585585585586,0.585653508927,37,37,37,1,0,0.405405405405,0.567567567568,0.027027027027,-25,-0.0187687687688,-0.00175120115438,-1.35135135135,-1.13636363636,-0.965873015873,-0.640941455495,-0.0145061582641,-0.0159481247809,-1.04438254372,-0.0407720592498,-0.0218556594117,0.311761337899,0.105100289771,0.039661777002,0.00666444859983,0.0042439859427,0.0689655172414,-0.00175120115438,0.00666444859983,0.0689655172414,-0.0887595409008,-0.124724019207,-355,-0.0456885456885,0.0160766805772,0,0.027027027027,-0.027027027027,312,5,30,985,0.912280701754,0.994949494949,0.00505050505051,0.0877192982456,0.984227129338,0.912280701754,0.9468892261,0.930648100268,0.907230196704,0.899135446686,146,171,0,0,0,0
2239,WLNM_dir_neg,0.95277179303,0.516226411017,00:00:05,10,50,49,1237612684,threshold_sweep,0.7,0.965753424658,0.824561403509,0.889589905363,141,5,30,337,0.824561403509,0.985380116959,0.0146198830409,0.175438596491,0.965753424658,0.824561403509,0.889589905363,0.931773879142,0.571799870045,0.8406676783,0.846165494125,0.809941520468,342,171,171,0,342,0,171,0,171,37,342,0.256756756757,1.72528881811,18.4864864865,15.5454545455,9.77142857143,5.36771015539,0.290358590277,0.142642642643,9.50849154237,1.02869645341,0.544491860281,8.05331334643,0.871264894205,0.461830251304,0.640599570326,0.371299902718,2,1.72528881811,0.640599570326,2,0.344071394247,0.376569037657,810,0.104247104247,0.56957682835,37,37,37,1,0,0.405405405405,0.540540540541,0.0540540540541,37,0.128378378378,1.93708984878,9.24324324324,7.77272727273,4.88571428571,4.82128040511,0.521600511664,0.289710763395,5.99236250643,1.29659305695,0.650229176545,4.15231763498,0.898454692948,0.473526157737,0.893990382525,0.461512088915,2.57527777778,1.93708984878,0.893990382525,2.57527777778,0.0923285021582,0.0263881253436,16,0.0020592020592,0.186013054151,37,37,37,1,0,0.405405405405,0.540540540541,0.0540540540541,37,317,0.237987987988,1.72353761696,17.1351351351,14.4090909091,8.80555555556,4.7267686999,0.275852432013,0.126694517862,8.46410899866,0.987924394165,0.52263620087,8.36507468433,0.976365183976,0.501492028306,0.647264018926,0.37554388866,2.06896551724,1.72353761696,0.647264018926,2.06896551724,0.255311853347,0.25184501845,455,0.0585585585586,0.585653508927,37,37,37,1,0,0.405405405405,0.567567567568,0.027027027027,-25,-0.0187687687688,-0.00175120115438,-1.35135135135,-1.13636363636,-0.965873015873,-0.640941455495,-0.0145061582641,-0.0159481247809,-1.04438254372,-0.0407720592498,-0.0218556594117,0.311761337899,0.105100289771,0.039661777002,0.00666444859983,0.0042439859427,0.0689655172414,-0.00175120115438,0.00666444859983,0.0689655172414,-0.0887595409008,-0.124724019207,-355,-0.0456885456885,0.0160766805772,0,0.027027027027,-0.027027027027,312,5,30,985,0.912280701754,0.994949494949,0.00505050505051,0.0877192982456,0.984227129338,0.912280701754,0.9468892261,0.930648100268,0.907230196704,0.899135446686,146,171,0,0,0,0
2240,WLNM_dir_neg,0.95277179303,0.516226411017,00:00:05,10,50,49,1237612684,threshold_sweep,0.8,0.965277777778,0.812865497076,0.88253968254,139,5,32,337,0.812865497076,0.985380116959,0.0146198830409,0.187134502924,0.965277777778,0.812865497076,0.88253968254,0.927875243665,0.573099415205,0.831050228311,0.837439072734,0.798245614035,342,171,171,0,342,0,171,0,171,37,342,0.256756756757,1.72528881811,18.4864864865,15.5454545455,9.77142857143,5.36771015539,0.290358590277,0.142642642643,9.50849154237,1.02869645341,0.544491860281,8.05331334643,0.871264894205,0.461830251304,0.640599570326,0.371299902718,2,1.72528881811,0.640599570326,2,0.344071394247,0.376569037657,810,0.104247104247,0.56957682835,37,37,37,1,0,0.405405405405,0.540540540541,0.0540540540541,37,0.128378378378,1.93708984878,9.24324324324,7.77272727273,4.88571428571,4.82128040511,0.521600511664,0.289710763395,5.99236250643,1.29659305695,0.650229176545,4.15231763498,0.898454692948,0.473526157737,0.893990382525,0.461512088915,2.57527777778,1.93708984878,0.893990382525,2.57527777778,0.0923285021582,0.0263881253436,16,0.0020592020592,0.186013054151,37,37,37,1,0,0.405405405405,0.540540540541,0.0540540540541,37,315,0.236486486486,1.72126806112,17.027027027,14.3181818182,8.75,4.6397227317,0.272491652496,0.12380952381,8.38193037174,0.984544202395,0.52012012012,8.41170355854,0.988041370368,0.506906906907,0.64499209716,0.374719145569,2.06896551724,1.72126806112,0.64499209716,2.06896551724,0.245604752958,0.23768495973,423,0.0544401544402,0.589535938374,37,37,37,1,0,0.405405405405,0.567567567568,0.027027027027,-27,-0.0202702702703,-0.00402075699159,-1.45945945946,-1.22727272727,-1.02142857143,-0.727987423696,-0.0178669377806,-0.0188331188331,-1.12656117063,-0.0441522510195,-0.0243717401612,0.358390212106,0.116776476163,0.045076655603,0.00439252683371,0.00341924285152,0.0689655172414,-0.00402075699159,0.00439252683371,0.0689655172414,-0.0984666412897,-0.138884077927,-387,-0.0498069498069,0.0199591100243,0,0.027027027027,-0.027027027027,310,5,32,985,0.906432748538,0.994949494949,0.00505050505051,0.093567251462,0.984126984127,0.906432748538,0.943683409437,0.926667422724,0.901382243488,0.893371757925,144,171,0,0,0,0
2241,WLNM_dir_neg,0.95277179303,0.516226411017,00:00:05,10,50,49,1237612684,threshold_sweep,0.9,0.962406015038,0.748538011696,0.842105263158,128,5,43,337,0.748538011696,0.985380116959,0.0146198830409,0.251461988304,0.962406015038,0.748538011696,0.842105263158,0.906432748538,0.58024691358,0.777089783282,0.78947994985,0.733918128655,342,171,171,0,342,0,171,0,171,37,342,0.256756756757,1.72528881811,18.4864864865,15.5454545455,9.77142857143,5.36771015539,0.290358590277,0.142642642643,9.50849154237,1.02869645341,0.544491860281,8.05331334643,0.871264894205,0.461830251304,0.640599570326,0.371299902718,2,1.72528881811,0.640599570326,2,0.344071394247,0.376569037657,810,0.104247104247,0.56957682835,37,37,37,1,0,0.405405405405,0.540540540541,0.0540540540541,37,0.128378378378,1.93708984878,9.24324324324,7.77272727273,4.88571428571,4.82128040511,0.521600511664,0.289710763395,5.99236250643,1.29659305695,0.650229176545,4.15231763498,0.898454692948,0.473526157737,0.893990382525,0.461512088915,2.57527777778,1.93708984878,0.893990382525,2.57527777778,0.0923285021582,0.0263881253436,16,0.0020592020592,0.186013054151,37,37,37,1,0,0.405405405405,0.540540540541,0.0540540540541,37,304,0.228228228228,1.72613718798,16.4324324324,13.8181818182,8.44444444444,4.57978978497,0.278704312572,0.131845661451,8.12791874117,0.98925326784,0.523826458037,8.14839839456,0.991745857232,0.510312944523,0.65072292923,0.376982162113,2.06896551724,1.72613718798,0.65072292923,2.06896551724,0.221610021223,0.205148833467,340,0.043758043758,0.560214803317,37,37,37,1,0,0.405405405405,0.567567567568,0.027027027027,-38,-0.0285285285285,0.000848369867474,-2.05405405405,-1.72727272727,-1.32698412698,-0.787920370428,-0.0116542777052,-0.0107969811917,-1.3805728012,-0.039443185575,-0.0206654022443,0.0950850481214,0.120480963027,0.0484826932195,0.0101233589039,0.0056822593957,0.0689655172414,0.000848369867474,0.0101233589039,0.0689655172414,-0.122461373024,-0.171420204189,-470,-0.0604890604891,-0.00936202503264,0,0.027027027027,-0.027027027027,299,5,43,985,0.874269005848,0.994949494949,0.00505050505051,0.125730994152,0.983552631579,0.874269005848,0.925696594427,0.904745147797,0.869218500797,0.861671469741,133,171,0,0,0,0
2242,WLNM_dir_neg,0.951600492459,0.565166355846,00:00:05,10,50,50,1237612685,threshold_sweep,0.1,0.929032258065,0.842105263158,0.883435582822,144,11,27,331,0.842105263158,0.96783625731,0.0321637426901,0.157894736842,0.929032258065,0.842105263158,0.883435582822,0.925925925926,0.565951916829,0.829341317365,0.831490724334,0.809941520468,342,171,171,0,342,0,171,0,171,37,342,0.256756756757,1.72528881811,18.4864864865,15.5454545455,9.77142857143,5.36771015539,0.290358590277,0.142642642643,9.50849154237,1.02869645341,0.544491860281,8.05331334643,0.871264894205,0.461830251304,0.640599570326,0.371299902718,2,1.72528881811,0.640599570326,2,0.344071394247,0.376569037657,810,0.104247104247,0.56957682835,37,37,37,1,0,0.405405405405,0.540540540541,0.0540540540541,37,0.128378378378,1.91726492117,9.24324324324,7.77272727273,4.88571428571,4.78077983763,0.517218871322,0.288446341078,6.00162640619,1.29859752649,0.651177493283,4.2186843088,0.912814733483,0.475422791212,0.870296153106,0.453925872995,2.40278888889,1.91726492117,0.870296153106,2.40278888889,0.0553614459252,0.0264900662252,16,0.0020592020592,0.185273813019,37,37,37,1,0,0.405405405405,0.540540540541,0.0540540540541,37,326,0.244744744745,1.7988767514,17.6216216216,14.8181818182,8.81081081081,4.74547358222,0.269298347457,0.127590780965,8.65973388685,0.982853232556,0.523296302437,8.20514011607,0.931258234032,0.480019897198,0.735681351603,0.408967068493,2.58620689655,1.7988767514,0.735681351603,2.58620689655,0.275297459816,0.284199363733,536,0.0689832689833,0.574016190111,37,37,37,1,0,0.405405405405,0.594594594595,0,-16,-0.012012012012,0.0735879332894,-0.864864864865,-0.727272727273,-0.960617760618,-0.622236573176,-0.02106024282,-0.0150518616776,-0.848757655529,-0.0458432208587,-0.0211955578439,0.151826769635,0.0599933398275,0.0181896458939,0.0950817812766,0.0376671657756,0.586206896552,0.0735879332894,0.0950817812766,0.586206896552,-0.0687739344319,-0.0923696739241,-274,-0.0352638352638,0.00443936176116,0,0.0540540540541,-0.0540540540541,315,11,27,979,0.921052631579,0.988888888889,0.0111111111111,0.0789473684211,0.966257668712,0.921052631579,0.943113772455,0.924562643912,0.909941520468,0.892351274788,155,171,0,0,0,0
2243,WLNM_dir_neg,0.951600492459,0.565166355846,00:00:05,10,50,50,1237612685,threshold_sweep,0.2,0.933774834437,0.824561403509,0.875776397516,141,10,30,332,0.824561403509,0.970760233918,0.0292397660819,0.175438596491,0.933774834437,0.824561403509,0.875776397516,0.922027290448,0.568551007147,0.819277108434,0.822642508856,0.795321637427,342,171,171,0,342,0,171,0,171,37,342,0.256756756757,1.72528881811,18.4864864865,15.5454545455,9.77142857143,5.36771015539,0.290358590277,0.142642642643,9.50849154237,1.02869645341,0.544491860281,8.05331334643,0.871264894205,0.461830251304,0.640599570326,0.371299902718,2,1.72528881811,0.640599570326,2,0.344071394247,0.376569037657,810,0.104247104247,0.56957682835,37,37,37,1,0,0.405405405405,0.540540540541,0.0540540540541,37,0.128378378378,1.91726492117,9.24324324324,7.77272727273,4.88571428571,4.78077983763,0.517218871322,0.288446341078,6.00162640619,1.29859752649,0.651177493283,4.2186843088,0.912814733483,0.475422791212,0.870296153106,0.453925872995,2.40278888889,1.91726492117,0.870296153106,2.40278888889,0.0553614459252,0.0264900662252,16,0.0020592020592,0.185273813019,37,37,37,1,0,0.405405405405,0.540540540541,0.0540540540541,37,322,0.241741741742,1.72099173148,17.4054054054,14.6363636364,8.7027027027,4.91855590516,0.282587839272,0.134211851603,8.58896211834,0.986930429747,0.523921436965,8.21876195348,0.944391901487,0.485815007554,0.634674774469,0.368784325258,2.06896551724,1.72099173148,0.634674774469,2.06896551724,0.273783081899,0.283842010772,527,0.067824967825,0.573878898258,37,37,37,1,0,0.405405405405,0.594594594595,0,-20,-0.015015015015,-0.00429708663301,-1.08108108108,-0.909090909091,-1.06872586873,-0.449154250232,-0.00777075100546,-0.00843079103949,-0.919529424035,-0.0417660236677,-0.0205704233164,0.16544860705,0.0731270072825,0.0239847562502,-0.00592479585675,-0.00251557745964,0.0689655172414,-0.00429708663301,-0.00592479585675,0.0689655172414,-0.0702883123488,-0.0927270268849,-283,-0.0364221364221,0.00430206990767,0,0.0540540540541,-0.0540540540541,312,10,30,980,0.912280701754,0.989898989899,0.010101010101,0.0877192982456,0.968944099379,0.912280701754,0.939759036145,0.920523911815,0.902179691653,0.886363636364,151,171,0,0,0,0
2244,WLNM_dir_neg,0.951600492459,0.565166355846,00:00:05,10,50,50,1237612685,threshold_sweep,0.3,0.933774834437,0.824561403509,0.875776397516,141,10,30,332,0.824561403509,0.970760233918,0.0292397660819,0.175438596491,0.933774834437,0.824561403509,0.875776397516,0.922027290448,0.568551007147,0.819277108434,0.822642508856,0.795321637427,342,171,171,0,342,0,171,0,171,37,342,0.256756756757,1.72528881811,18.4864864865,15.5454545455,9.77142857143,5.36771015539,0.290358590277,0.142642642643,9.50849154237,1.02869645341,0.544491860281,8.05331334643,0.871264894205,0.461830251304,0.640599570326,0.371299902718,2,1.72528881811,0.640599570326,2,0.344071394247,0.376569037657,810,0.104247104247,0.56957682835,37,37,37,1,0,0.405405405405,0.540540540541,0.0540540540541,37,0.128378378378,1.91726492117,9.24324324324,7.77272727273,4.88571428571,4.78077983763,0.517218871322,0.288446341078,6.00162640619,1.29859752649,0.651177493283,4.2186843088,0.912814733483,0.475422791212,0.870296153106,0.453925872995,2.40278888889,1.91726492117,0.870296153106,2.40278888889,0.0553614459252,0.0264900662252,16,0.0020592020592,0.185273813019,37,37,37,1,0,0.405405405405,0.540540540541,0.0540540540541,37,322,0.241741741742,1.72099173148,17.4054054054,14.6363636364,8.7027027027,4.91855590516,0.282587839272,0.134211851603,8.58896211834,0.986930429747,0.523921436965,8.21876195348,0.944391901487,0.485815007554,0.634674774469,0.368784325258,2.06896551724,1.72099173148,0.634674774469,2.06896551724,0.273783081899,0.283842010772,527,0.067824967825,0.573878898258,37,37,37,1,0,0.405405405405,0.594594594595,0,-20,-0.015015015015,-0.00429708663301,-1.08108108108,-0.909090909091,-1.06872586873,-0.449154250232,-0.00777075100546,-0.00843079103949,-0.919529424035,-0.0417660236677,-0.0205704233164,0.16544860705,0.0731270072825,0.0239847562502,-0.00592479585675,-0.00251557745964,0.0689655172414,-0.00429708663301,-0.00592479585675,0.0689655172414,-0.0702883123488,-0.0927270268849,-283,-0.0364221364221,0.00430206990767,0,0.0540540540541,-0.0540540540541,312,10,30,980,0.912280701754,0.989898989899,0.010101010101,0.0877192982456,0.968944099379,0.912280701754,0.939759036145,0.920523911815,0.902179691653,0.886363636364,151,171,0,0,0,0
2245,WLNM_dir_neg,0.951600492459,0.565166355846,00:00:05,10,50,50,1237612685,threshold_sweep,0.4,0.939597315436,0.818713450292,0.875,140,9,31,333,0.818713450292,0.973684210526,0.0263157894737,0.181286549708,0.939597315436,0.818713450292,0.875,0.922027290448,0.569850552307,0.818731117825,0.822830662223,0.792397660819,342,171,171,0,342,0,171,0,171,37,342,0.256756756757,1.72528881811,18.4864864865,15.5454545455,9.77142857143,5.36771015539,0.290358590277,0.142642642643,9.50849154237,1.02869645341,0.544491860281,8.05331334643,0.871264894205,0.461830251304,0.640599570326,0.371299902718,2,1.72528881811,0.640599570326,2,0.344071394247,0.376569037657,810,0.104247104247,0.56957682835,37,37,37,1,0,0.405405405405,0.540540540541,0.0540540540541,37,0.128378378378,1.91726492117,9.24324324324,7.77272727273,4.88571428571,4.78077983763,0.517218871322,0.288446341078,6.00162640619,1.29859752649,0.651177493283,4.2186843088,0.912814733483,0.475422791212,0.870296153106,0.453925872995,2.40278888889,1.91726492117,0.870296153106,2.40278888889,0.0553614459252,0.0264900662252,16,0.0020592020592,0.185273813019,37,37,37,1,0,0.405405405405,0.540540540541,0.0540540540541,37,320,0.24024024024,1.71687881283,17.2972972973,14.5454545455,8.64864864865,4.80083826514,0.277548462204,0.131503378378,8.52843679898,0.986100504882,0.523648648649,8.2536733109,0.954330976573,0.489189189189,0.631301539934,0.367703029017,2.06896551724,1.71687881283,0.631301539934,2.06896551724,0.268845099914,0.275837104072,508,0.0653796653797,0.577092266067,37,37,37,1,0,0.405405405405,0.594594594595,0,-22,-0.0165165165165,-0.00841000528048,-1.18918918919,-1,-1.12277992278,-0.566871890252,-0.0128101280736,-0.0111392642643,-0.980054743392,-0.0425959485325,-0.0208432116327,0.200359964469,0.0830660823684,0.0273589378853,-0.0092980303924,-0.00359687370112,0.0689655172414,-0.00841000528048,-0.0092980303924,0.0689655172414,-0.0752262943335,-0.100731933585,-302,-0.0388674388674,0.00751543771685,0,0.0540540540541,-0.0540540540541,311,9,31,981,0.909356725146,0.990909090909,0.00909090909091,0.0906432748538,0.971875,0.909356725146,0.939577039275,0.920526223109,0.900265816055,0.88603988604,149,171,0,0,0,0
2246,WLNM_dir_neg,0.951600492459,0.565166355846,00:00:05,10,50,50,1237612685,threshold_sweep,0.5,0.939597315436,0.818713450292,0.875,140,9,31,333,0.818713450292,0.973684210526,0.0263157894737,0.181286549708,0.939597315436,0.818713450292,0.875,0.922027290448,0.569850552307,0.818731117825,0.822830662223,0.792397660819,342,171,171,0,342,0,171,0,171,37,342,0.256756756757,1.72528881811,18.4864864865,15.5454545455,9.77142857143,5.36771015539,0.290358590277,0.142642642643,9.50849154237,1.02869645341,0.544491860281,8.05331334643,0.871264894205,0.461830251304,0.640599570326,0.371299902718,2,1.72528881811,0.640599570326,2,0.344071394247,0.376569037657,810,0.104247104247,0.56957682835,37,37,37,1,0,0.405405405405,0.540540540541,0.0540540540541,37,0.128378378378,1.91726492117,9.24324324324,7.77272727273,4.88571428571,4.78077983763,0.517218871322,0.288446341078,6.00162640619,1.29859752649,0.651177493283,4.2186843088,0.912814733483,0.475422791212,0.870296153106,0.453925872995,2.40278888889,1.91726492117,0.870296153106,2.40278888889,0.0553614459252,0.0264900662252,16,0.0020592020592,0.185273813019,37,37,37,1,0,0.405405405405,0.540540540541,0.0540540540541,37,320,0.24024024024,1.71687881283,17.2972972973,14.5454545455,8.64864864865,4.80083826514,0.277548462204,0.131503378378,8.52843679898,0.986100504882,0.523648648649,8.2536733109,0.954330976573,0.489189189189,0.631301539934,0.367703029017,2.06896551724,1.71687881283,0.631301539934,2.06896551724,0.268845099914,0.275837104072,508,0.0653796653797,0.577092266067,37,37,37,1,0,0.405405405405,0.594594594595,0,-22,-0.0165165165165,-0.00841000528048,-1.18918918919,-1,-1.12277992278,-0.566871890252,-0.0128101280736,-0.0111392642643,-0.980054743392,-0.0425959485325,-0.0208432116327,0.200359964469,0.0830660823684,0.0273589378853,-0.0092980303924,-0.00359687370112,0.0689655172414,-0.00841000528048,-0.0092980303924,0.0689655172414,-0.0752262943335,-0.100731933585,-302,-0.0388674388674,0.00751543771685,0,0.0540540540541,-0.0540540540541,311,9,31,981,0.909356725146,0.990909090909,0.00909090909091,0.0906432748538,0.971875,0.909356725146,0.939577039275,0.920526223109,0.900265816055,0.88603988604,149,171,0,0,0,0
2247,WLNM_dir_neg,0.951600492459,0.565166355846,00:00:05,10,50,50,1237612685,threshold_sweep,0.6,0.945945945946,0.818713450292,0.877742946708,140,8,31,334,0.818713450292,0.976608187135,0.0233918128655,0.181286549708,0.945945945946,0.818713450292,0.877742946708,0.923976608187,0.570500324886,0.822995461422,0.827516412859,0.795321637427,342,171,171,0,342,0,171,0,171,37,342,0.256756756757,1.72528881811,18.4864864865,15.5454545455,9.77142857143,5.36771015539,0.290358590277,0.142642642643,9.50849154237,1.02869645341,0.544491860281,8.05331334643,0.871264894205,0.461830251304,0.640599570326,0.371299902718,2,1.72528881811,0.640599570326,2,0.344071394247,0.376569037657,810,0.104247104247,0.56957682835,37,37,37,1,0,0.405405405405,0.540540540541,0.0540540540541,37,0.128378378378,1.91726492117,9.24324324324,7.77272727273,4.88571428571,4.78077983763,0.517218871322,0.288446341078,6.00162640619,1.29859752649,0.651177493283,4.2186843088,0.912814733483,0.475422791212,0.870296153106,0.453925872995,2.40278888889,1.91726492117,0.870296153106,2.40278888889,0.0553614459252,0.0264900662252,16,0.0020592020592,0.185273813019,37,37,37,1,0,0.405405405405,0.540540540541,0.0540540540541,37,319,0.239489489489,1.71573278708,17.2432432432,14.5,8.62162162162,4.75748185847,0.275904120319,0.130644751334,8.48643149501,0.984319640487,0.522409556892,8.27765181193,0.960103815177,0.492247733627,0.63002419022,0.36720414447,2.06896551724,1.71573278708,0.63002419022,2.06896551724,0.263560366582,0.268003646308,490,0.0630630630631,0.57911946115,37,37,37,1,0,0.405405405405,0.594594594595,0,-23,-0.0172672672673,-0.00955603103124,-1.24324324324,-1.04545454545,-1.14980694981,-0.610228296927,-0.0144544699586,-0.0119978913082,-1.02206004736,-0.0443768129276,-0.022082303389,0.224338465494,0.0888389209718,0.0304174823231,-0.0105753801063,-0.00409575824801,0.0689655172414,-0.00955603103124,-0.0105753801063,0.0689655172414,-0.0805110276651,-0.108565391349,-320,-0.041184041184,0.00954263279976,0,0.0540540540541,-0.0540540540541,311,8,31,982,0.909356725146,0.991919191919,0.00808080808081,0.0906432748538,0.974921630094,0.909356725146,0.940998487141,0.922546684893,0.901275917065,0.888571428571,148,171,0,0,0,0
2248,WLNM_dir_neg,0.951600492459,0.565166355846,00:00:05,10,50,50,1237612685,threshold_sweep,0.7,0.945205479452,0.80701754386,0.870662460568,138,8,33,334,0.80701754386,0.976608187135,0.0233918128655,0.19298245614,0.945205479452,0.80701754386,0.870662460568,0.92007797271,0.571799870045,0.813353566009,0.818672752438,0.783625730994,342,171,171,0,342,0,171,0,171,37,342,0.256756756757,1.72528881811,18.4864864865,15.5454545455,9.77142857143,5.36771015539,0.290358590277,0.142642642643,9.50849154237,1.02869645341,0.544491860281,8.05331334643,0.871264894205,0.461830251304,0.640599570326,0.371299902718,2,1.72528881811,0.640599570326,2,0.344071394247,0.376569037657,810,0.104247104247,0.56957682835,37,37,37,1,0,0.405405405405,0.540540540541,0.0540540540541,37,0.128378378378,1.91726492117,9.24324324324,7.77272727273,4.88571428571,4.78077983763,0.517218871322,0.288446341078,6.00162640619,1.29859752649,0.651177493283,4.2186843088,0.912814733483,0.475422791212,0.870296153106,0.453925872995,2.40278888889,1.91726492117,0.870296153106,2.40278888889,0.0553614459252,0.0264900662252,16,0.0020592020592,0.185273813019,37,37,37,1,0,0.405405405405,0.540540540541,0.0540540540541,37,317,0.237987987988,1.7168807057,17.1351351351,14.4090909091,8.56756756757,4.7326417462,0.276195180772,0.13129849092,8.42463497574,0.983317016096,0.521101543184,8.21766572878,0.959159722287,0.493477704834,0.631220343196,0.367655330449,2.06896551724,1.7168807057,0.631220343196,2.06896551724,0.262576189128,0.267085334318,482,0.0620334620335,0.572247698121,37,37,37,1,0,0.405405405405,0.594594594595,0,-25,-0.0187687687688,-0.00840811241481,-1.35135135135,-1.13636363636,-1.20386100386,-0.635068409191,-0.0141634095051,-0.0113441517227,-1.08385656663,-0.0453794373189,-0.0233903170978,0.16435238235,0.0878948280822,0.0316474535302,-0.00937922713017,-0.00364457226861,0.0689655172414,-0.00840811241481,-0.00937922713017,0.0689655172414,-0.0814952051199,-0.109483703338,-328,-0.0422136422136,0.0026708697713,0,0.0540540540541,-0.0540540540541,309,8,33,982,0.90350877193,0.991919191919,0.00808080808081,0.0964912280702,0.97476340694,0.90350877193,0.937784522003,0.918541221964,0.895427963849,0.882857142857,146,171,0,0,0,0
2249,WLNM_dir_neg,0.951600492459,0.565166355846,00:00:05,10,50,50,1237612685,threshold_sweep,0.8,0.951724137931,0.80701754386,0.873417721519,138,7,33,335,0.80701754386,0.979532163743,0.0204678362573,0.19298245614,0.951724137931,0.80701754386,0.873417721519,0.922027290448,0.572449642625,0.817629179331,0.823435092964,0.786549707602,342,171,171,0,342,0,171,0,171,37,342,0.256756756757,1.72528881811,18.4864864865,15.5454545455,9.77142857143,5.36771015539,0.290358590277,0.142642642643,9.50849154237,1.02869645341,0.544491860281,8.05331334643,0.871264894205,0.461830251304,0.640599570326,0.371299902718,2,1.72528881811,0.640599570326,2,0.344071394247,0.376569037657,810,0.104247104247,0.56957682835,37,37,37,1,0,0.405405405405,0.540540540541,0.0540540540541,37,0.128378378378,1.91726492117,9.24324324324,7.77272727273,4.88571428571,4.78077983763,0.517218871322,0.288446341078,6.00162640619,1.29859752649,0.651177493283,4.2186843088,0.912814733483,0.475422791212,0.870296153106,0.453925872995,2.40278888889,1.91726492117,0.870296153106,2.40278888889,0.0553614459252,0.0264900662252,16,0.0020592020592,0.185273813019,37,37,37,1,0,0.405405405405,0.540540540541,0.0540540540541,37,316,0.237237237237,1.71576792281,17.0810810811,14.3636363636,8.54054054054,4.76315942287,0.278855852288,0.133339035238,8.39839467,0.983356337943,0.520697913103,8.21108530719,0.961424545462,0.494355114608,0.630059818618,0.367217390091,2.06896551724,1.71576792281,0.630059818618,2.06896551724,0.253170149458,0.266245822503,478,0.0615186615187,0.571665993897,37,37,37,1,0,0.405405405405,0.594594594595,0,-26,-0.0195195195195,-0.00952089530146,-1.40540540541,-1.18181818182,-1.23088803089,-0.604550732522,-0.0115027379888,-0.00930360740487,-1.11009687238,-0.0453401154721,-0.0237939471784,0.157771960754,0.090159651257,0.0325248633043,-0.0105397517081,-0.00408251262644,0.0689655172414,-0.00952089530146,-0.0105397517081,0.0689655172414,-0.0909012447891,-0.110323215154,-332,-0.0427284427284,0.00208916554734,0,0.0540540540541,-0.0540540540541,309,7,33,983,0.90350877193,0.992929292929,0.00707070707071,0.0964912280702,0.977848101266,0.90350877193,0.939209726444,0.920577899439,0.896438064859,0.885386819484,145,171,0,0,0,0
2250,WLNM_dir_neg,0.951600492459,0.565166355846,00:00:05,10,50,50,1237612685,threshold_sweep,0.9,0.951724137931,0.80701754386,0.873417721519,138,7,33,335,0.80701754386,0.979532163743,0.0204678362573,0.19298245614,0.951724137931,0.80701754386,0.873417721519,0.922027290448,0.572449642625,0.817629179331,0.823435092964,0.786549707602,342,171,171,0,342,0,171,0,171,37,342,0.256756756757,1.72528881811,18.4864864865,15.5454545455,9.77142857143,5.36771015539,0.290358590277,0.142642642643,9.50849154237,1.02869645341,0.544491860281,8.05331334643,0.871264894205,0.461830251304,0.640599570326,0.371299902718,2,1.72528881811,0.640599570326,2,0.344071394247,0.376569037657,810,0.104247104247,0.56957682835,37,37,37,1,0,0.405405405405,0.540540540541,0.0540540540541,37,0.128378378378,1.91726492117,9.24324324324,7.77272727273,4.88571428571,4.78077983763,0.517218871322,0.288446341078,6.00162640619,1.29859752649,0.651177493283,4.2186843088,0.912814733483,0.475422791212,0.870296153106,0.453925872995,2.40278888889,1.91726492117,0.870296153106,2.40278888889,0.0553614459252,0.0264900662252,16,0.0020592020592,0.185273813019,37,37,37,1,0,0.405405405405,0.540540540541,0.0540540540541,37,316,0.237237237237,1.71576792281,17.0810810811,14.3636363636,8.54054054054,4.76315942287,0.278855852288,0.133339035238,8.39839467,0.983356337943,0.520697913103,8.21108530719,0.961424545462,0.494355114608,0.630059818618,0.367217390091,2.06896551724,1.71576792281,0.630059818618,2.06896551724,0.253170149458,0.266245822503,478,0.0615186615187,0.571665993897,37,37,37,1,0,0.405405405405,0.594594594595,0,-26,-0.0195195195195,-0.00952089530146,-1.40540540541,-1.18181818182,-1.23088803089,-0.604550732522,-0.0115027379888,-0.00930360740487,-1.11009687238,-0.0453401154721,-0.0237939471784,0.157771960754,0.090159651257,0.0325248633043,-0.0105397517081,-0.00408251262644,0.0689655172414,-0.00952089530146,-0.0105397517081,0.0689655172414,-0.0909012447891,-0.110323215154,-332,-0.0427284427284,0.00208916554734,0,0.0540540540541,-0.0540540540541,309,7,33,983,0.90350877193,0.992929292929,0.00707070707071,0.0964912280702,0.977848101266,0.90350877193,0.939209726444,0.920577899439,0.896438064859,0.885386819484,145,171,0,0,0,0
2251,WLNM_dir_neg,0.970336725452,0.760722301369,00:00:04,10,60,1,1238529936,threshold_sweep,0.1,0.981981981982,0.795620437956,0.879032258065,109,2,28,272,0.795620437956,0.992700729927,0.00729927007299,0.204379562044,0.981981981982,0.795620437956,0.879032258065,0.92700729927,0.576642335766,0.827586206897,0.836982998955,0.788321167883,342,205,137,0,342,0,205,0,137,37,342,0.256756756757,1.72528881811,18.4864864865,15.5454545455,9.77142857143,5.36771015539,0.290358590277,0.142642642643,9.50849154237,1.02869645341,0.544491860281,8.05331334643,0.871264894205,0.461830251304,0.640599570326,0.371299902718,2,1.72528881811,0.640599570326,2,0.344071394247,0.376569037657,810,0.104247104247,0.56957682835,37,37,37,1,0,0.405405405405,0.540540540541,0.0540540540541,37,0.153903903904,1.80876689445,11.0810810811,9.31818181818,5.85714285714,4.19244279348,0.378342398436,0.208437705999,6.13548238887,1.10737974824,0.589584706658,5.05302216827,0.912008879151,0.48147659855,0.73109973902,0.404197877164,2,1.80876689445,0.73109973902,2,0.130257717022,0.10370994941,82,0.0105534105534,0.261300577075,37,37,37,1,0,0.405405405405,0.540540540541,0.0540540540541,37,316,0.237237237237,1,17.0810810811,13.7391304348,9.02857142857,4.49924918661,0.263405411242,0.121450564489,8.44457286136,0.988763278071,0.521040027369,8.16698841065,0.956261301247,0.499144714335,0,0,0,NaN,NaN,NaN,0.269730421588,0.261640798226,472,0.0607464607465,0.519841430841,37,37,0,1,2,0.378378378378,0.567567567568,0.0540540540541,-26,-0.0195195195195,-0.725288818115,-1.40540540541,-1.80632411067,-0.742857142857,-0.86846096878,-0.0269531790355,-0.0211920781541,-1.06391868102,-0.0399331753442,-0.0234518329122,0.113675064216,0.0849964070422,0.0373144630307,-0.640599570326,-0.371299902718,-2,NaN,NaN,NaN,-0.0743409726594,-0.114928239431,-338,-0.0435006435006,-0.0497353975084,-0.027027027027,0.027027027027,0,314,2,28,988,0.918128654971,0.99797979798,0.0020202020202,0.0818713450292,0.993670886076,0.918128654971,0.954407294833,0.940777983818,0.916108452951,0.912790697674,111,137,0,0,0,0
2252,WLNM_dir_neg,0.970336725452,0.760722301369,00:00:04,10,60,1,1238529936,threshold_sweep,0.2,0.990825688073,0.788321167883,0.878048780488,108,1,29,273,0.788321167883,0.996350364964,0.0036496350365,0.211678832117,0.990825688073,0.788321167883,0.878048780488,0.92700729927,0.578264395783,0.826923076923,0.837928074652,0.784671532847,342,205,137,0,342,0,205,0,137,37,342,0.256756756757,1.72528881811,18.4864864865,15.5454545455,9.77142857143,5.36771015539,0.290358590277,0.142642642643,9.50849154237,1.02869645341,0.544491860281,8.05331334643,0.871264894205,0.461830251304,0.640599570326,0.371299902718,2,1.72528881811,0.640599570326,2,0.344071394247,0.376569037657,810,0.104247104247,0.56957682835,37,37,37,1,0,0.405405405405,0.540540540541,0.0540540540541,37,0.153903903904,1.80876689445,11.0810810811,9.31818181818,5.85714285714,4.19244279348,0.378342398436,0.208437705999,6.13548238887,1.10737974824,0.589584706658,5.05302216827,0.912008879151,0.48147659855,0.73109973902,0.404197877164,2,1.80876689445,0.73109973902,2,0.130257717022,0.10370994941,82,0.0105534105534,0.261300577075,37,37,37,1,0,0.405405405405,0.540540540541,0.0540540540541,37,314,0.235735735736,1.72632721259,16.972972973,14.2727272727,8.97142857143,4.69329596627,0.276515845147,0.12523670167,8.43808042159,0.994296100633,0.5224651403,8.19763387821,0.965963227687,0.5024961267,0.64873806503,0.375790904701,2,1.72632721259,0.64873806503,2,0.257861272877,0.260505764225,467,0.060102960103,0.56994569873,37,37,37,1,0,0.405405405405,0.540540540541,0.0540540540541,-28,-0.021021021021,0.00103839447801,-1.51351351351,-1.27272727273,-0.8,-0.674414189121,-0.0138427451305,-0.0174059409728,-1.07041112079,-0.0344003527817,-0.0220267199818,0.144320531777,0.0946983334825,0.040665875396,0.00813849470364,0.00449100198295,0,0.00103839447801,0.00813849470364,0,-0.0862101213707,-0.116063273432,-343,-0.0441441441441,0.000368870380054,0,0,0,313,1,29,989,0.915204678363,0.99898989899,0.0010101010101,0.0847953216374,0.996815286624,0.915204678363,0.954268292683,0.940872073446,0.914194577352,0.912536443149,109,137,0,0,0,0
2253,WLNM_dir_neg,0.970336725452,0.760722301369,00:00:04,10,60,1,1238529936,threshold_sweep,0.3,0.990825688073,0.788321167883,0.878048780488,108,1,29,273,0.788321167883,0.996350364964,0.0036496350365,0.211678832117,0.990825688073,0.788321167883,0.878048780488,0.92700729927,0.578264395783,0.826923076923,0.837928074652,0.784671532847,342,205,137,0,342,0,205,0,137,37,342,0.256756756757,1.72528881811,18.4864864865,15.5454545455,9.77142857143,5.36771015539,0.290358590277,0.142642642643,9.50849154237,1.02869645341,0.544491860281,8.05331334643,0.871264894205,0.461830251304,0.640599570326,0.371299902718,2,1.72528881811,0.640599570326,2,0.344071394247,0.376569037657,810,0.104247104247,0.56957682835,37,37,37,1,0,0.405405405405,0.540540540541,0.0540540540541,37,0.153903903904,1.80876689445,11.0810810811,9.31818181818,5.85714285714,4.19244279348,0.378342398436,0.208437705999,6.13548238887,1.10737974824,0.589584706658,5.05302216827,0.912008879151,0.48147659855,0.73109973902,0.404197877164,2,1.80876689445,0.73109973902,2,0.130257717022,0.10370994941,82,0.0105534105534,0.261300577075,37,37,37,1,0,0.405405405405,0.540540540541,0.0540540540541,37,314,0.235735735736,1.72632721259,16.972972973,14.2727272727,8.97142857143,4.69329596627,0.276515845147,0.12523670167,8.43808042159,0.994296100633,0.5224651403,8.19763387821,0.965963227687,0.5024961267,0.64873806503,0.375790904701,2,1.72632721259,0.64873806503,2,0.257861272877,0.260505764225,467,0.060102960103,0.56994569873,37,37,37,1,0,0.405405405405,0.540540540541,0.0540540540541,-28,-0.021021021021,0.00103839447801,-1.51351351351,-1.27272727273,-0.8,-0.674414189121,-0.0138427451305,-0.0174059409728,-1.07041112079,-0.0344003527817,-0.0220267199818,0.144320531777,0.0946983334825,0.040665875396,0.00813849470364,0.00449100198295,0,0.00103839447801,0.00813849470364,0,-0.0862101213707,-0.116063273432,-343,-0.0441441441441,0.000368870380054,0,0,0,313,1,29,989,0.915204678363,0.99898989899,0.0010101010101,0.0847953216374,0.996815286624,0.915204678363,0.954268292683,0.940872073446,0.914194577352,0.912536443149,109,137,0,0,0,0
2254,WLNM_dir_neg,0.970336725452,0.760722301369,00:00:04,10,60,1,1238529936,threshold_sweep,0.4,0.990825688073,0.788321167883,0.878048780488,108,1,29,273,0.788321167883,0.996350364964,0.0036496350365,0.211678832117,0.990825688073,0.788321167883,0.878048780488,0.92700729927,0.578264395783,0.826923076923,0.837928074652,0.784671532847,342,205,137,0,342,0,205,0,137,37,342,0.256756756757,1.72528881811,18.4864864865,15.5454545455,9.77142857143,5.36771015539,0.290358590277,0.142642642643,9.50849154237,1.02869645341,0.544491860281,8.05331334643,0.871264894205,0.461830251304,0.640599570326,0.371299902718,2,1.72528881811,0.640599570326,2,0.344071394247,0.376569037657,810,0.104247104247,0.56957682835,37,37,37,1,0,0.405405405405,0.540540540541,0.0540540540541,37,0.153903903904,1.80876689445,11.0810810811,9.31818181818,5.85714285714,4.19244279348,0.378342398436,0.208437705999,6.13548238887,1.10737974824,0.589584706658,5.05302216827,0.912008879151,0.48147659855,0.73109973902,0.404197877164,2,1.80876689445,0.73109973902,2,0.130257717022,0.10370994941,82,0.0105534105534,0.261300577075,37,37,37,1,0,0.405405405405,0.540540540541,0.0540540540541,37,314,0.235735735736,1.72632721259,16.972972973,14.2727272727,8.97142857143,4.69329596627,0.276515845147,0.12523670167,8.43808042159,0.994296100633,0.5224651403,8.19763387821,0.965963227687,0.5024961267,0.64873806503,0.375790904701,2,1.72632721259,0.64873806503,2,0.257861272877,0.260505764225,467,0.060102960103,0.56994569873,37,37,37,1,0,0.405405405405,0.540540540541,0.0540540540541,-28,-0.021021021021,0.00103839447801,-1.51351351351,-1.27272727273,-0.8,-0.674414189121,-0.0138427451305,-0.0174059409728,-1.07041112079,-0.0344003527817,-0.0220267199818,0.144320531777,0.0946983334825,0.040665875396,0.00813849470364,0.00449100198295,0,0.00103839447801,0.00813849470364,0,-0.0862101213707,-0.116063273432,-343,-0.0441441441441,0.000368870380054,0,0,0,313,1,29,989,0.915204678363,0.99898989899,0.0010101010101,0.0847953216374,0.996815286624,0.915204678363,0.954268292683,0.940872073446,0.914194577352,0.912536443149,109,137,0,0,0,0
2255,WLNM_dir_neg,0.970336725452,0.760722301369,00:00:04,10,60,1,1238529936,threshold_sweep,0.5,0.990654205607,0.773722627737,0.868852459016,106,1,31,273,0.773722627737,0.996350364964,0.0036496350365,0.226277372263,0.990654205607,0.773722627737,0.868852459016,0.922141119221,0.579886455799,0.814671814672,0.827253811516,0.770072992701,342,205,137,0,342,0,205,0,137,37,342,0.256756756757,1.72528881811,18.4864864865,15.5454545455,9.77142857143,5.36771015539,0.290358590277,0.142642642643,9.50849154237,1.02869645341,0.544491860281,8.05331334643,0.871264894205,0.461830251304,0.640599570326,0.371299902718,2,1.72528881811,0.640599570326,2,0.344071394247,0.376569037657,810,0.104247104247,0.56957682835,37,37,37,1,0,0.405405405405,0.540540540541,0.0540540540541,37,0.153903903904,1.80876689445,11.0810810811,9.31818181818,5.85714285714,4.19244279348,0.378342398436,0.208437705999,6.13548238887,1.10737974824,0.589584706658,5.05302216827,0.912008879151,0.48147659855,0.73109973902,0.404197877164,2,1.80876689445,0.73109973902,2,0.130257717022,0.10370994941,82,0.0105534105534,0.261300577075,37,37,37,1,0,0.405405405405,0.540540540541,0.0540540540541,37,312,0.234234234234,1.72559058359,16.8648648649,14.1818181818,8.91428571429,4.64376620477,0.275351521757,0.123873873874,8.38166166415,0.993979107607,0.522176022176,8.17360433394,0.969305642166,0.503465003465,0.648376358801,0.375741711253,2,1.72559058359,0.648376358801,2,0.251438877461,0.25164938737,445,0.0572715572716,0.567549228072,37,37,37,1,0,0.405405405405,0.540540540541,0.0540540540541,-30,-0.0225225225225,0.000301765478917,-1.62162162162,-1.36363636364,-0.857142857143,-0.723943950623,-0.0150070685199,-0.0187687687688,-1.12682987823,-0.0347173458075,-0.0223158381053,0.120290987506,0.0980407479611,0.0416347521611,0.00777678847521,0.00444180853507,0,0.000301765478917,0.00777678847521,0,-0.0926325167869,-0.124919650286,-365,-0.0469755469755,-0.0020276002778,0,0,0,311,1,31,989,0.909356725146,0.99898989899,0.0010101010101,0.0906432748538,0.996794871795,0.909356725146,0.951070336391,0.936925100349,0.908346624136,0.906705539359,107,137,0,0,0,0
2256,WLNM_dir_neg,0.970336725452,0.760722301369,00:00:04,10,60,1,1238529936,threshold_sweep,0.6,0.990566037736,0.766423357664,0.864197530864,105,1,32,273,0.766423357664,0.996350364964,0.0036496350365,0.233576642336,0.990566037736,0.766423357664,0.864197530864,0.919708029197,0.580697485807,0.808510638298,0.821917894727,0.762773722628,342,205,137,0,342,0,205,0,137,37,342,0.256756756757,1.72528881811,18.4864864865,15.5454545455,9.77142857143,5.36771015539,0.290358590277,0.142642642643,9.50849154237,1.02869645341,0.544491860281,8.05331334643,0.871264894205,0.461830251304,0.640599570326,0.371299902718,2,1.72528881811,0.640599570326,2,0.344071394247,0.376569037657,810,0.104247104247,0.56957682835,37,37,37,1,0,0.405405405405,0.540540540541,0.0540540540541,37,0.153903903904,1.80876689445,11.0810810811,9.31818181818,5.85714285714,4.19244279348,0.378342398436,0.208437705999,6.13548238887,1.10737974824,0.589584706658,5.05302216827,0.912008879151,0.48147659855,0.73109973902,0.404197877164,2,1.80876689445,0.73109973902,2,0.130257717022,0.10370994941,82,0.0105534105534,0.261300577075,37,37,37,1,0,0.405405405405,0.540540540541,0.0540540540541,37,311,0.233483483483,1.72476883088,16.8108108108,14.1363636364,8.88571428571,4.62383821948,0.275051469647,0.123663856783,8.34818496394,0.993192423363,0.521074128791,8.19369493188,0.97481258032,0.505431476493,0.647334807092,0.375316851454,2,1.72476883088,0.647334807092,2,0.24715020376,0.245966976656,432,0.0555984555985,0.568576223436,37,37,37,1,0,0.405405405405,0.540540540541,0.0540540540541,-31,-0.0232732732733,-0.000519987231385,-1.67567567568,-1.40909090909,-0.885714285714,-0.743871935918,-0.0153071206299,-0.0189787858598,-1.16030657843,-0.0355040300519,-0.0234177314902,0.140381585441,0.103547686115,0.0436012251886,0.00673523676643,0.00401694873585,0,-0.000519987231385,0.00673523676643,0,-0.0969211904873,-0.130602061001,-378,-0.0486486486486,-0.00100060491343,0,0,0,310,1,32,989,0.906432748538,0.99898989899,0.0010101010101,0.093567251462,0.996784565916,0.906432748538,0.949464012251,0.934951188815,0.905422647528,0.903790087464,106,137,0,0,0,0
2257,WLNM_dir_neg,0.970336725452,0.760722301369,00:00:04,10,60,1,1238529936,threshold_sweep,0.7,0.989130434783,0.664233576642,0.794759825328,91,1,46,273,0.664233576642,0.996350364964,0.0036496350365,0.335766423358,0.989130434783,0.664233576642,0.794759825328,0.885644768856,0.592051905921,0.719681908549,0.747092405819,0.660583941606,342,205,137,0,342,0,205,0,137,37,342,0.256756756757,1.72528881811,18.4864864865,15.5454545455,9.77142857143,5.36771015539,0.290358590277,0.142642642643,9.50849154237,1.02869645341,0.544491860281,8.05331334643,0.871264894205,0.461830251304,0.640599570326,0.371299902718,2,1.72528881811,0.640599570326,2,0.344071394247,0.376569037657,810,0.104247104247,0.56957682835,37,37,37,1,0,0.405405405405,0.540540540541,0.0540540540541,37,0.153903903904,1.80876689445,11.0810810811,9.31818181818,5.85714285714,4.19244279348,0.378342398436,0.208437705999,6.13548238887,1.10737974824,0.589584706658,5.05302216827,0.912008879151,0.48147659855,0.73109973902,0.404197877164,2,1.80876689445,0.73109973902,2,0.130257717022,0.10370994941,82,0.0105534105534,0.261300577075,37,37,37,1,0,0.405405405405,0.540540540541,0.0540540540541,37,297,0.222972972973,1.73509672029,16.0540540541,13.5,8.48571428571,4.39662715389,0.273863980966,0.127309127309,7.95992213281,0.991640131023,0.521794521795,7.74053718523,0.964309346308,0.505778505779,0.658224863531,0.379359176831,2,1.73509672029,0.658224863531,2,0.230073044779,0.223150856665,356,0.0458172458172,0.521001892706,37,37,37,1,0,0.405405405405,0.540540540541,0.0540540540541,-45,-0.0337837837838,0.00980790217725,-2.43243243243,-2.04545454545,-1.28571428571,-0.971083001502,-0.0164946093109,-0.0153335153335,-1.54856940957,-0.0370563223916,-0.0226973384868,-0.312776161205,0.0930444521031,0.0439482544746,0.0176252932054,0.00805927411285,0,0.00980790217725,0.0176252932054,0,-0.113998349468,-0.153418180992,-454,-0.0584298584299,-0.0485749356437,0,0,0,296,1,46,989,0.865497076023,0.99898989899,0.0010101010101,0.134502923977,0.996632996633,0.865497076023,0.926447574335,0.907278678865,0.864486975013,0.862973760933,92,137,0,0,0,0
2258,WLNM_dir_neg,0.970336725452,0.760722301369,00:00:04,10,60,1,1238529936,threshold_sweep,0.8,0.989130434783,0.664233576642,0.794759825328,91,1,46,273,0.664233576642,0.996350364964,0.0036496350365,0.335766423358,0.989130434783,0.664233576642,0.794759825328,0.885644768856,0.592051905921,0.719681908549,0.747092405819,0.660583941606,342,205,137,0,342,0,205,0,137,37,342,0.256756756757,1.72528881811,18.4864864865,15.5454545455,9.77142857143,5.36771015539,0.290358590277,0.142642642643,9.50849154237,1.02869645341,0.544491860281,8.05331334643,0.871264894205,0.461830251304,0.640599570326,0.371299902718,2,1.72528881811,0.640599570326,2,0.344071394247,0.376569037657,810,0.104247104247,0.56957682835,37,37,37,1,0,0.405405405405,0.540540540541,0.0540540540541,37,0.153903903904,1.80876689445,11.0810810811,9.31818181818,5.85714285714,4.19244279348,0.378342398436,0.208437705999,6.13548238887,1.10737974824,0.589584706658,5.05302216827,0.912008879151,0.48147659855,0.73109973902,0.404197877164,2,1.80876689445,0.73109973902,2,0.130257717022,0.10370994941,82,0.0105534105534,0.261300577075,37,37,37,1,0,0.405405405405,0.540540540541,0.0540540540541,37,297,0.222972972973,1.73509672029,16.0540540541,13.5,8.48571428571,4.39662715389,0.273863980966,0.127309127309,7.95992213281,0.991640131023,0.521794521795,7.74053718523,0.964309346308,0.505778505779,0.658224863531,0.379359176831,2,1.73509672029,0.658224863531,2,0.230073044779,0.223150856665,356,0.0458172458172,0.521001892706,37,37,37,1,0,0.405405405405,0.540540540541,0.0540540540541,-45,-0.0337837837838,0.00980790217725,-2.43243243243,-2.04545454545,-1.28571428571,-0.971083001502,-0.0164946093109,-0.0153335153335,-1.54856940957,-0.0370563223916,-0.0226973384868,-0.312776161205,0.0930444521031,0.0439482544746,0.0176252932054,0.00805927411285,0,0.00980790217725,0.0176252932054,0,-0.113998349468,-0.153418180992,-454,-0.0584298584299,-0.0485749356437,0,0,0,296,1,46,989,0.865497076023,0.99898989899,0.0010101010101,0.134502923977,0.996632996633,0.865497076023,0.926447574335,0.907278678865,0.864486975013,0.862973760933,92,137,0,0,0,0
2259,WLNM_dir_neg,0.970336725452,0.760722301369,00:00:04,10,60,1,1238529936,threshold_sweep,0.9,0.989130434783,0.664233576642,0.794759825328,91,1,46,273,0.664233576642,0.996350364964,0.0036496350365,0.335766423358,0.989130434783,0.664233576642,0.794759825328,0.885644768856,0.592051905921,0.719681908549,0.747092405819,0.660583941606,342,205,137,0,342,0,205,0,137,37,342,0.256756756757,1.72528881811,18.4864864865,15.5454545455,9.77142857143,5.36771015539,0.290358590277,0.142642642643,9.50849154237,1.02869645341,0.544491860281,8.05331334643,0.871264894205,0.461830251304,0.640599570326,0.371299902718,2,1.72528881811,0.640599570326,2,0.344071394247,0.376569037657,810,0.104247104247,0.56957682835,37,37,37,1,0,0.405405405405,0.540540540541,0.0540540540541,37,0.153903903904,1.80876689445,11.0810810811,9.31818181818,5.85714285714,4.19244279348,0.378342398436,0.208437705999,6.13548238887,1.10737974824,0.589584706658,5.05302216827,0.912008879151,0.48147659855,0.73109973902,0.404197877164,2,1.80876689445,0.73109973902,2,0.130257717022,0.10370994941,82,0.0105534105534,0.261300577075,37,37,37,1,0,0.405405405405,0.540540540541,0.0540540540541,37,297,0.222972972973,1.73509672029,16.0540540541,13.5,8.48571428571,4.39662715389,0.273863980966,0.127309127309,7.95992213281,0.991640131023,0.521794521795,7.74053718523,0.964309346308,0.505778505779,0.658224863531,0.379359176831,2,1.73509672029,0.658224863531,2,0.230073044779,0.223150856665,356,0.0458172458172,0.521001892706,37,37,37,1,0,0.405405405405,0.540540540541,0.0540540540541,-45,-0.0337837837838,0.00980790217725,-2.43243243243,-2.04545454545,-1.28571428571,-0.971083001502,-0.0164946093109,-0.0153335153335,-1.54856940957,-0.0370563223916,-0.0226973384868,-0.312776161205,0.0930444521031,0.0439482544746,0.0176252932054,0.00805927411285,0,0.00980790217725,0.0176252932054,0,-0.113998349468,-0.153418180992,-454,-0.0584298584299,-0.0485749356437,0,0,0,296,1,46,989,0.865497076023,0.99898989899,0.0010101010101,0.134502923977,0.996632996633,0.865497076023,0.926447574335,0.907278678865,0.864486975013,0.862973760933,92,137,0,0,0,0
2260,WLNM_dir_neg,0.951529117161,0.862325712875,00:00:05,10,60,2,1238529937,threshold_sweep,0.1,0.981651376147,0.78102189781,0.869918699187,107,2,30,272,0.78102189781,0.992700729927,0.00729927007299,0.21897810219,0.981651376147,0.78102189781,0.869918699187,0.922141119221,0.578264395783,0.815384615385,0.826236055006,0.773722627737,342,205,137,0,342,0,205,0,137,37,342,0.256756756757,1.72528881811,18.4864864865,15.5454545455,9.77142857143,5.36771015539,0.290358590277,0.142642642643,9.50849154237,1.02869645341,0.544491860281,8.05331334643,0.871264894205,0.461830251304,0.640599570326,0.371299902718,2,1.72528881811,0.640599570326,2,0.344071394247,0.376569037657,810,0.104247104247,0.56957682835,37,37,37,1,0,0.405405405405,0.540540540541,0.0540540540541,37,0.153903903904,1.81034021412,11.0810810811,9.31818181818,5.85714285714,4.42454252738,0.399287984178,0.218457481872,6.15807777816,1.11145794045,0.591166776533,5.00885102479,0.904036526426,0.482003955175,0.732478067634,0.404607963697,2,1.81034021412,0.732478067634,2,0.182354414707,0.10986267166,88,0.0113256113256,0.256544189904,37,37,37,1,0,0.405405405405,0.540540540541,0.0540540540541,37,314,0.235735735736,1,16.972972973,13.652173913,8.97142857143,4.94124639296,0.291124389394,0.147099328628,8.74840182745,1.03086263572,0.54897572732,7.59613067299,0.895085461467,0.477018419694,0,0,0,NaN,NaN,NaN,0.2991195858,0.307365700572,555,0.0714285714286,0.462741727868,37,37,0,1,2,0.378378378378,0.567567567568,0.0540540540541,-28,-0.021021021021,-0.725288818115,-1.51351351351,-1.89328063241,-0.8,-0.426463762436,0.000765799116873,0.00445668598535,-0.760089714924,0.00216618230385,0.00448386703834,-0.45718267344,0.0238205672626,0.0151881683896,-0.640599570326,-0.371299902718,-2,NaN,NaN,NaN,-0.0449518084473,-0.0692033370846,-255,-0.0328185328185,-0.106835100482,-0.027027027027,0.027027027027,0,312,2,30,988,0.912280701754,0.99797979798,0.0020202020202,0.0877192982456,0.993630573248,0.912280701754,0.951219512195,0.936823193855,0.910260499734,0.906976744186,109,137,0,0,0,0
2261,WLNM_dir_neg,0.951529117161,0.862325712875,00:00:05,10,60,2,1238529937,threshold_sweep,0.2,0.981651376147,0.78102189781,0.869918699187,107,2,30,272,0.78102189781,0.992700729927,0.00729927007299,0.21897810219,0.981651376147,0.78102189781,0.869918699187,0.922141119221,0.578264395783,0.815384615385,0.826236055006,0.773722627737,342,205,137,0,342,0,205,0,137,37,342,0.256756756757,1.72528881811,18.4864864865,15.5454545455,9.77142857143,5.36771015539,0.290358590277,0.142642642643,9.50849154237,1.02869645341,0.544491860281,8.05331334643,0.871264894205,0.461830251304,0.640599570326,0.371299902718,2,1.72528881811,0.640599570326,2,0.344071394247,0.376569037657,810,0.104247104247,0.56957682835,37,37,37,1,0,0.405405405405,0.540540540541,0.0540540540541,37,0.153903903904,1.81034021412,11.0810810811,9.31818181818,5.85714285714,4.42454252738,0.399287984178,0.218457481872,6.15807777816,1.11145794045,0.591166776533,5.00885102479,0.904036526426,0.482003955175,0.732478067634,0.404607963697,2,1.81034021412,0.732478067634,2,0.182354414707,0.10986267166,88,0.0113256113256,0.256544189904,37,37,37,1,0,0.405405405405,0.540540540541,0.0540540540541,37,314,0.235735735736,1,16.972972973,13.652173913,8.97142857143,4.94124639296,0.291124389394,0.147099328628,8.74840182745,1.03086263572,0.54897572732,7.59613067299,0.895085461467,0.477018419694,0,0,0,NaN,NaN,NaN,0.2991195858,0.307365700572,555,0.0714285714286,0.462741727868,37,37,0,1,2,0.378378378378,0.567567567568,0.0540540540541,-28,-0.021021021021,-0.725288818115,-1.51351351351,-1.89328063241,-0.8,-0.426463762436,0.000765799116873,0.00445668598535,-0.760089714924,0.00216618230385,0.00448386703834,-0.45718267344,0.0238205672626,0.0151881683896,-0.640599570326,-0.371299902718,-2,NaN,NaN,NaN,-0.0449518084473,-0.0692033370846,-255,-0.0328185328185,-0.106835100482,-0.027027027027,0.027027027027,0,312,2,30,988,0.912280701754,0.99797979798,0.0020202020202,0.0877192982456,0.993630573248,0.912280701754,0.951219512195,0.936823193855,0.910260499734,0.906976744186,109,137,0,0,0,0
2262,WLNM_dir_neg,0.951529117161,0.862325712875,00:00:05,10,60,2,1238529937,threshold_sweep,0.3,0.981308411215,0.766423357664,0.860655737705,105,2,32,272,0.766423357664,0.992700729927,0.00729927007299,0.233576642336,0.981308411215,0.766423357664,0.860655737705,0.917274939173,0.579886455799,0.803088803089,0.815491908982,0.759124087591,342,205,137,0,342,0,205,0,137,37,342,0.256756756757,1.72528881811,18.4864864865,15.5454545455,9.77142857143,5.36771015539,0.290358590277,0.142642642643,9.50849154237,1.02869645341,0.544491860281,8.05331334643,0.871264894205,0.461830251304,0.640599570326,0.371299902718,2,1.72528881811,0.640599570326,2,0.344071394247,0.376569037657,810,0.104247104247,0.56957682835,37,37,37,1,0,0.405405405405,0.540540540541,0.0540540540541,37,0.153903903904,1.81034021412,11.0810810811,9.31818181818,5.85714285714,4.42454252738,0.399287984178,0.218457481872,6.15807777816,1.11145794045,0.591166776533,5.00885102479,0.904036526426,0.482003955175,0.732478067634,0.404607963697,2,1.81034021412,0.732478067634,2,0.182354414707,0.10986267166,88,0.0113256113256,0.256544189904,37,37,37,1,0,0.405405405405,0.540540540541,0.0540540540541,37,312,0.234234234234,1,16.8648648649,13.5652173913,8.91428571429,5.02859690041,0.298170008518,0.151853776854,8.70038485911,1.03177640957,0.548856548857,7.59217631125,0.90035424204,0.478863478863,0,0,0,NaN,NaN,NaN,0.302008169571,0.309670206819,554,0.0712998712999,0.462917124994,37,37,0,1,2,0.378378378378,0.567567567568,0.0540540540541,-30,-0.0225225225225,-0.725288818115,-1.62162162162,-1.98023715415,-0.857142857143,-0.339113254986,0.00781141824062,0.00921113421113,-0.808106683261,0.00307995615959,0.00436468857521,-0.461137035182,0.0290893478347,0.0170332275595,-0.640599570326,-0.371299902718,-2,NaN,NaN,NaN,-0.0420632246763,-0.0668988308375,-256,-0.0329472329472,-0.106659703356,-0.027027027027,0.027027027027,0,310,2,32,988,0.906432748538,0.99797979798,0.0020202020202,0.093567251462,0.99358974359,0.906432748538,0.948012232416,0.932867248457,0.904412546518,0.901162790698,107,137,0,0,0,0
2263,WLNM_dir_neg,0.951529117161,0.862325712875,00:00:05,10,60,2,1238529937,threshold_sweep,0.4,0.990566037736,0.766423357664,0.864197530864,105,1,32,273,0.766423357664,0.996350364964,0.0036496350365,0.233576642336,0.990566037736,0.766423357664,0.864197530864,0.919708029197,0.580697485807,0.808510638298,0.821917894727,0.762773722628,342,205,137,0,342,0,205,0,137,37,342,0.256756756757,1.72528881811,18.4864864865,15.5454545455,9.77142857143,5.36771015539,0.290358590277,0.142642642643,9.50849154237,1.02869645341,0.544491860281,8.05331334643,0.871264894205,0.461830251304,0.640599570326,0.371299902718,2,1.72528881811,0.640599570326,2,0.344071394247,0.376569037657,810,0.104247104247,0.56957682835,37,37,37,1,0,0.405405405405,0.540540540541,0.0540540540541,37,0.153903903904,1.81034021412,11.0810810811,9.31818181818,5.85714285714,4.42454252738,0.399287984178,0.218457481872,6.15807777816,1.11145794045,0.591166776533,5.00885102479,0.904036526426,0.482003955175,0.732478067634,0.404607963697,2,1.81034021412,0.732478067634,2,0.182354414707,0.10986267166,88,0.0113256113256,0.256544189904,37,37,37,1,0,0.405405405405,0.540540540541,0.0540540540541,37,311,0.233483483483,1,16.8108108108,13.5217391304,8.88571428571,5.08176389892,0.30229142164,0.15381941427,8.71607537657,1.03696073612,0.550621360911,7.61380128254,0.905822017537,0.481446076301,0,0,0,NaN,NaN,NaN,0.306667539246,0.310441616766,553,0.0711711711712,0.463270697387,37,37,0,1,2,0.378378378378,0.567567567568,0.0540540540541,-31,-0.0232732732733,-0.725288818115,-1.67567567568,-2.02371541502,-0.885714285714,-0.285946256477,0.0119328313626,0.0111767716269,-0.792416165809,0.00826428270391,0.00612950062942,-0.439512063897,0.0345571233317,0.0196158249974,-0.640599570326,-0.371299902718,-2,NaN,NaN,NaN,-0.0374038550015,-0.0661274208904,-257,-0.0330759330759,-0.106306130963,-0.027027027027,0.027027027027,0,310,1,32,989,0.906432748538,0.99898989899,0.0010101010101,0.093567251462,0.996784565916,0.906432748538,0.949464012251,0.934951188815,0.905422647528,0.903790087464,106,137,0,0,0,0
2264,WLNM_dir_neg,0.951529117161,0.862325712875,00:00:05,10,60,2,1238529937,threshold_sweep,0.5,0.990476190476,0.759124087591,0.859504132231,104,1,33,273,0.759124087591,0.996350364964,0.0036496350365,0.240875912409,0.990476190476,0.759124087591,0.859504132231,0.917274939173,0.581508515815,0.802325581395,0.816582342871,0.755474452555,342,205,137,0,342,0,205,0,137,37,342,0.256756756757,1.72528881811,18.4864864865,15.5454545455,9.77142857143,5.36771015539,0.290358590277,0.142642642643,9.50849154237,1.02869645341,0.544491860281,8.05331334643,0.871264894205,0.461830251304,0.640599570326,0.371299902718,2,1.72528881811,0.640599570326,2,0.344071394247,0.376569037657,810,0.104247104247,0.56957682835,37,37,37,1,0,0.405405405405,0.540540540541,0.0540540540541,37,0.153903903904,1.81034021412,11.0810810811,9.31818181818,5.85714285714,4.42454252738,0.399287984178,0.218457481872,6.15807777816,1.11145794045,0.591166776533,5.00885102479,0.904036526426,0.482003955175,0.732478067634,0.404607963697,2,1.81034021412,0.732478067634,2,0.182354414707,0.10986267166,88,0.0113256113256,0.256544189904,37,37,37,1,0,0.405405405405,0.540540540541,0.0540540540541,37,310,0.232732732733,1,16.7567567568,13.4782608696,8.85714285714,5.04097326033,0.300832275214,0.15283347864,8.6774015291,1.03568985993,0.549607672188,7.58049892579,0.904769226627,0.481255448997,0,0,0,NaN,NaN,NaN,0.305074519814,0.308199811499,545,0.0701415701416,0.460304585478,37,37,0,1,2,0.378378378378,0.567567567568,0.0540540540541,-32,-0.024024024024,-0.725288818115,-1.72972972973,-2.06719367589,-0.914285714286,-0.326736895058,0.0104736849364,0.0101908359973,-0.831090013271,0.00699340651051,0.00511581190698,-0.47281442064,0.0335043324222,0.0194251976934,-0.640599570326,-0.371299902718,-2,NaN,NaN,NaN,-0.0389968744334,-0.0683692261583,-265,-0.0341055341055,-0.109272242872,-0.027027027027,0.027027027027,0,309,1,33,989,0.90350877193,0.99898989899,0.0010101010101,0.0964912280702,0.996774193548,0.90350877193,0.947852760736,0.932976976333,0.90249867092,0.900874635569,105,137,0,0,0,0
2265,WLNM_dir_neg,0.951529117161,0.862325712875,00:00:05,10,60,2,1238529937,threshold_sweep,0.6,0.990476190476,0.759124087591,0.859504132231,104,1,33,273,0.759124087591,0.996350364964,0.0036496350365,0.240875912409,0.990476190476,0.759124087591,0.859504132231,0.917274939173,0.581508515815,0.802325581395,0.816582342871,0.755474452555,342,205,137,0,342,0,205,0,137,37,342,0.256756756757,1.72528881811,18.4864864865,15.5454545455,9.77142857143,5.36771015539,0.290358590277,0.142642642643,9.50849154237,1.02869645341,0.544491860281,8.05331334643,0.871264894205,0.461830251304,0.640599570326,0.371299902718,2,1.72528881811,0.640599570326,2,0.344071394247,0.376569037657,810,0.104247104247,0.56957682835,37,37,37,1,0,0.405405405405,0.540540540541,0.0540540540541,37,0.153903903904,1.81034021412,11.0810810811,9.31818181818,5.85714285714,4.42454252738,0.399287984178,0.218457481872,6.15807777816,1.11145794045,0.591166776533,5.00885102479,0.904036526426,0.482003955175,0.732478067634,0.404607963697,2,1.81034021412,0.732478067634,2,0.182354414707,0.10986267166,88,0.0113256113256,0.256544189904,37,37,37,1,0,0.405405405405,0.540540540541,0.0540540540541,37,310,0.232732732733,1,16.7567567568,13.4782608696,8.85714285714,5.04097326033,0.300832275214,0.15283347864,8.6774015291,1.03568985993,0.549607672188,7.58049892579,0.904769226627,0.481255448997,0,0,0,NaN,NaN,NaN,0.305074519814,0.308199811499,545,0.0701415701416,0.460304585478,37,37,0,1,2,0.378378378378,0.567567567568,0.0540540540541,-32,-0.024024024024,-0.725288818115,-1.72972972973,-2.06719367589,-0.914285714286,-0.326736895058,0.0104736849364,0.0101908359973,-0.831090013271,0.00699340651051,0.00511581190698,-0.47281442064,0.0335043324222,0.0194251976934,-0.640599570326,-0.371299902718,-2,NaN,NaN,NaN,-0.0389968744334,-0.0683692261583,-265,-0.0341055341055,-0.109272242872,-0.027027027027,0.027027027027,0,309,1,33,989,0.90350877193,0.99898989899,0.0010101010101,0.0964912280702,0.996774193548,0.90350877193,0.947852760736,0.932976976333,0.90249867092,0.900874635569,105,137,0,0,0,0
2266,WLNM_dir_neg,0.951529117161,0.862325712875,00:00:05,10,60,2,1238529937,threshold_sweep,0.7,0.990476190476,0.759124087591,0.859504132231,104,1,33,273,0.759124087591,0.996350364964,0.0036496350365,0.240875912409,0.990476190476,0.759124087591,0.859504132231,0.917274939173,0.581508515815,0.802325581395,0.816582342871,0.755474452555,342,205,137,0,342,0,205,0,137,37,342,0.256756756757,1.72528881811,18.4864864865,15.5454545455,9.77142857143,5.36771015539,0.290358590277,0.142642642643,9.50849154237,1.02869645341,0.544491860281,8.05331334643,0.871264894205,0.461830251304,0.640599570326,0.371299902718,2,1.72528881811,0.640599570326,2,0.344071394247,0.376569037657,810,0.104247104247,0.56957682835,37,37,37,1,0,0.405405405405,0.540540540541,0.0540540540541,37,0.153903903904,1.81034021412,11.0810810811,9.31818181818,5.85714285714,4.42454252738,0.399287984178,0.218457481872,6.15807777816,1.11145794045,0.591166776533,5.00885102479,0.904036526426,0.482003955175,0.732478067634,0.404607963697,2,1.81034021412,0.732478067634,2,0.182354414707,0.10986267166,88,0.0113256113256,0.256544189904,37,37,37,1,0,0.405405405405,0.540540540541,0.0540540540541,37,310,0.232732732733,1,16.7567567568,13.4782608696,8.85714285714,5.04097326033,0.300832275214,0.15283347864,8.6774015291,1.03568985993,0.549607672188,7.58049892579,0.904769226627,0.481255448997,0,0,0,NaN,NaN,NaN,0.305074519814,0.308199811499,545,0.0701415701416,0.460304585478,37,37,0,1,2,0.378378378378,0.567567567568,0.0540540540541,-32,-0.024024024024,-0.725288818115,-1.72972972973,-2.06719367589,-0.914285714286,-0.326736895058,0.0104736849364,0.0101908359973,-0.831090013271,0.00699340651051,0.00511581190698,-0.47281442064,0.0335043324222,0.0194251976934,-0.640599570326,-0.371299902718,-2,NaN,NaN,NaN,-0.0389968744334,-0.0683692261583,-265,-0.0341055341055,-0.109272242872,-0.027027027027,0.027027027027,0,309,1,33,989,0.90350877193,0.99898989899,0.0010101010101,0.0964912280702,0.996774193548,0.90350877193,0.947852760736,0.932976976333,0.90249867092,0.900874635569,105,137,0,0,0,0
2267,WLNM_dir_neg,0.951529117161,0.862325712875,00:00:05,10,60,2,1238529937,threshold_sweep,0.8,0.990476190476,0.759124087591,0.859504132231,104,1,33,273,0.759124087591,0.996350364964,0.0036496350365,0.240875912409,0.990476190476,0.759124087591,0.859504132231,0.917274939173,0.581508515815,0.802325581395,0.816582342871,0.755474452555,342,205,137,0,342,0,205,0,137,37,342,0.256756756757,1.72528881811,18.4864864865,15.5454545455,9.77142857143,5.36771015539,0.290358590277,0.142642642643,9.50849154237,1.02869645341,0.544491860281,8.05331334643,0.871264894205,0.461830251304,0.640599570326,0.371299902718,2,1.72528881811,0.640599570326,2,0.344071394247,0.376569037657,810,0.104247104247,0.56957682835,37,37,37,1,0,0.405405405405,0.540540540541,0.0540540540541,37,0.153903903904,1.81034021412,11.0810810811,9.31818181818,5.85714285714,4.42454252738,0.399287984178,0.218457481872,6.15807777816,1.11145794045,0.591166776533,5.00885102479,0.904036526426,0.482003955175,0.732478067634,0.404607963697,2,1.81034021412,0.732478067634,2,0.182354414707,0.10986267166,88,0.0113256113256,0.256544189904,37,37,37,1,0,0.405405405405,0.540540540541,0.0540540540541,37,310,0.232732732733,1,16.7567567568,13.4782608696,8.85714285714,5.04097326033,0.300832275214,0.15283347864,8.6774015291,1.03568985993,0.549607672188,7.58049892579,0.904769226627,0.481255448997,0,0,0,NaN,NaN,NaN,0.305074519814,0.308199811499,545,0.0701415701416,0.460304585478,37,37,0,1,2,0.378378378378,0.567567567568,0.0540540540541,-32,-0.024024024024,-0.725288818115,-1.72972972973,-2.06719367589,-0.914285714286,-0.326736895058,0.0104736849364,0.0101908359973,-0.831090013271,0.00699340651051,0.00511581190698,-0.47281442064,0.0335043324222,0.0194251976934,-0.640599570326,-0.371299902718,-2,NaN,NaN,NaN,-0.0389968744334,-0.0683692261583,-265,-0.0341055341055,-0.109272242872,-0.027027027027,0.027027027027,0,309,1,33,989,0.90350877193,0.99898989899,0.0010101010101,0.0964912280702,0.996774193548,0.90350877193,0.947852760736,0.932976976333,0.90249867092,0.900874635569,105,137,0,0,0,0
2268,WLNM_dir_neg,0.951529117161,0.862325712875,00:00:05,10,60,2,1238529937,threshold_sweep,0.9,0.990476190476,0.759124087591,0.859504132231,104,1,33,273,0.759124087591,0.996350364964,0.0036496350365,0.240875912409,0.990476190476,0.759124087591,0.859504132231,0.917274939173,0.581508515815,0.802325581395,0.816582342871,0.755474452555,342,205,137,0,342,0,205,0,137,37,342,0.256756756757,1.72528881811,18.4864864865,15.5454545455,9.77142857143,5.36771015539,0.290358590277,0.142642642643,9.50849154237,1.02869645341,0.544491860281,8.05331334643,0.871264894205,0.461830251304,0.640599570326,0.371299902718,2,1.72528881811,0.640599570326,2,0.344071394247,0.376569037657,810,0.104247104247,0.56957682835,37,37,37,1,0,0.405405405405,0.540540540541,0.0540540540541,37,0.153903903904,1.81034021412,11.0810810811,9.31818181818,5.85714285714,4.42454252738,0.399287984178,0.218457481872,6.15807777816,1.11145794045,0.591166776533,5.00885102479,0.904036526426,0.482003955175,0.732478067634,0.404607963697,2,1.81034021412,0.732478067634,2,0.182354414707,0.10986267166,88,0.0113256113256,0.256544189904,37,37,37,1,0,0.405405405405,0.540540540541,0.0540540540541,37,310,0.232732732733,1,16.7567567568,13.4782608696,8.85714285714,5.04097326033,0.300832275214,0.15283347864,8.6774015291,1.03568985993,0.549607672188,7.58049892579,0.904769226627,0.481255448997,0,0,0,NaN,NaN,NaN,0.305074519814,0.308199811499,545,0.0701415701416,0.460304585478,37,37,0,1,2,0.378378378378,0.567567567568,0.0540540540541,-32,-0.024024024024,-0.725288818115,-1.72972972973,-2.06719367589,-0.914285714286,-0.326736895058,0.0104736849364,0.0101908359973,-0.831090013271,0.00699340651051,0.00511581190698,-0.47281442064,0.0335043324222,0.0194251976934,-0.640599570326,-0.371299902718,-2,NaN,NaN,NaN,-0.0389968744334,-0.0683692261583,-265,-0.0341055341055,-0.109272242872,-0.027027027027,0.027027027027,0,309,1,33,989,0.90350877193,0.99898989899,0.0010101010101,0.0964912280702,0.996774193548,0.90350877193,0.947852760736,0.932976976333,0.90249867092,0.900874635569,105,137,0,0,0,0
2269,WLNM_dir_neg,0.955631626618,0.888811344214,00:00:04,10,60,3,1238529938,threshold_sweep,0.1,0.95867768595,0.846715328467,0.899224806202,116,5,21,269,0.846715328467,0.981751824818,0.0182481751825,0.153284671533,0.95867768595,0.846715328467,0.899224806202,0.936739659367,0.568532035685,0.853383458647,0.856878360309,0.828467153285,342,205,137,0,342,0,205,0,137,37,342,0.256756756757,1.72528881811,18.4864864865,15.5454545455,9.77142857143,5.36771015539,0.290358590277,0.142642642643,9.50849154237,1.02869645341,0.544491860281,8.05331334643,0.871264894205,0.461830251304,0.640599570326,0.371299902718,2,1.72528881811,0.640599570326,2,0.344071394247,0.376569037657,810,0.104247104247,0.56957682835,37,37,37,1,0,0.405405405405,0.540540540541,0.0540540540541,37,0.153903903904,1.80766077444,11.0810810811,9.31818181818,5.85714285714,4.24511731534,0.383095952848,0.213711272248,6.19405895729,1.11795210449,0.592485168095,5.04201566062,0.910022338746,0.485168094924,0.732929609629,0.40545749512,2,1.80766077444,0.732929609629,2,0.166247217718,0.105971404542,84,0.0108108108108,0.262126735044,37,37,37,1,0,0.405405405405,0.540540540541,0.0540540540541,37,326,0.244744744745,2.26165604816,17.6216216216,14.1739130435,9.31428571429,4.41179826873,0.250362785189,0.114491792406,8.66294098713,0.983217228601,0.522798872492,8.35277012546,0.948013787245,0.491129165976,1.50018014296,0.663310472951,5.73358813898,2.26165604816,1.50018014296,5.73358813898,0.277264521655,0.264596930676,500,0.0643500643501,0.542937196071,37,37,37,1,0,0.378378378378,0.567567567568,0.0540540540541,-16,-0.012012012012,0.536367230043,-0.864864864865,-1.37154150198,-0.457142857143,-0.955911886664,-0.0399958050885,-0.0281508502367,-0.845550555242,-0.0454792248138,-0.0216929877892,0.299456779025,0.0767488930405,0.0292989146719,0.85958057263,0.292010570233,3.73358813898,0.536367230043,0.85958057263,3.73358813898,-0.0668068725927,-0.111972106981,-310,-0.039897039897,-0.0266396322789,-0.027027027027,0.027027027027,0,321,5,21,985,0.938596491228,0.994949494949,0.00505050505051,0.0614035087719,0.984662576687,0.938596491228,0.961077844311,0.948546390926,0.933545986178,0.92507204611,121,137,0,0,0,0
2270,WLNM_dir_neg,0.955631626618,0.888811344214,00:00:04,10,60,3,1238529938,threshold_sweep,0.2,0.966666666667,0.846715328467,0.902723735409,116,4,21,270,0.846715328467,0.985401459854,0.014598540146,0.153284671533,0.966666666667,0.846715328467,0.902723735409,0.939172749392,0.569343065693,0.858757062147,0.862745557454,0.832116788321,342,205,137,0,342,0,205,0,137,37,342,0.256756756757,1.72528881811,18.4864864865,15.5454545455,9.77142857143,5.36771015539,0.290358590277,0.142642642643,9.50849154237,1.02869645341,0.544491860281,8.05331334643,0.871264894205,0.461830251304,0.640599570326,0.371299902718,2,1.72528881811,0.640599570326,2,0.344071394247,0.376569037657,810,0.104247104247,0.56957682835,37,37,37,1,0,0.405405405405,0.540540540541,0.0540540540541,37,0.153903903904,1.80766077444,11.0810810811,9.31818181818,5.85714285714,4.24511731534,0.383095952848,0.213711272248,6.19405895729,1.11795210449,0.592485168095,5.04201566062,0.910022338746,0.485168094924,0.732929609629,0.40545749512,2,1.80766077444,0.732929609629,2,0.166247217718,0.105971404542,84,0.0108108108108,0.262126735044,37,37,37,1,0,0.405405405405,0.540540540541,0.0540540540541,37,325,0.243993993994,1,17.5675675676,14.1304347826,9.28571428571,4.38140350763,0.249402968896,0.114594594595,8.68630830399,0.988902791531,0.52474012474,8.37700269632,0.953689537735,0.494303534304,0,0,0,NaN,NaN,NaN,0.277264521655,0.264596930676,500,0.0643500643501,0.542782125375,37,37,0,1,2,0.378378378378,0.567567567568,0.0540540540541,-17,-0.0127627627628,-0.725288818115,-0.918918918919,-1.41501976285,-0.485714285714,-0.986306647761,-0.0409556213811,-0.028048048048,-0.822183238385,-0.0397936618837,-0.0197517355412,0.323689349887,0.0824246435302,0.0324732829996,-0.640599570326,-0.371299902718,-2,NaN,NaN,NaN,-0.0668068725927,-0.111972106981,-310,-0.039897039897,-0.0267947029751,-0.027027027027,0.027027027027,0,321,4,21,986,0.938596491228,0.99595959596,0.0040404040404,0.0614035087719,0.987692307692,0.938596491228,0.96251874063,0.950560153469,0.934556087188,0.92774566474,120,137,0,0,0,0
2271,WLNM_dir_neg,0.955631626618,0.888811344214,00:00:04,10,60,3,1238529938,threshold_sweep,0.3,0.966386554622,0.839416058394,0.8984375,115,4,22,270,0.839416058394,0.985401459854,0.014598540146,0.160583941606,0.966386554622,0.839416058394,0.8984375,0.936739659367,0.570154095702,0.852830188679,0.857291533861,0.824817518248,342,205,137,0,342,0,205,0,137,37,342,0.256756756757,1.72528881811,18.4864864865,15.5454545455,9.77142857143,5.36771015539,0.290358590277,0.142642642643,9.50849154237,1.02869645341,0.544491860281,8.05331334643,0.871264894205,0.461830251304,0.640599570326,0.371299902718,2,1.72528881811,0.640599570326,2,0.344071394247,0.376569037657,810,0.104247104247,0.56957682835,37,37,37,1,0,0.405405405405,0.540540540541,0.0540540540541,37,0.153903903904,1.80766077444,11.0810810811,9.31818181818,5.85714285714,4.24511731534,0.383095952848,0.213711272248,6.19405895729,1.11795210449,0.592485168095,5.04201566062,0.910022338746,0.485168094924,0.732929609629,0.40545749512,2,1.80766077444,0.732929609629,2,0.166247217718,0.105971404542,84,0.0108108108108,0.262126735044,37,37,37,1,0,0.405405405405,0.540540540541,0.0540540540541,37,324,0.243243243243,1,17.5135135135,14.0869565217,9.25714285714,4.34371590552,0.248020815593,0.112696029363,8.65513786207,0.988395373137,0.524024024024,8.40107600716,0.95938213662,0.497330663997,0,0,0,NaN,NaN,NaN,0.271658847938,0.257371225577,483,0.0621621621622,0.545071540646,37,37,0,1,2,0.378378378378,0.567567567568,0.0540540540541,-18,-0.0135135135135,-0.725288818115,-0.972972972973,-1.45849802372,-0.514285714286,-1.02399424987,-0.0423377746842,-0.0299466132799,-0.853353680306,-0.0403010802774,-0.0204678362573,0.347762660726,0.0881172424152,0.0355004126934,-0.640599570326,-0.371299902718,-2,NaN,NaN,NaN,-0.0724125463098,-0.11919781208,-327,-0.0420849420849,-0.0245052877038,-0.027027027027,0.027027027027,0,320,4,22,986,0.93567251462,0.99595959596,0.0040404040404,0.0643274853801,0.987654320988,0.93567251462,0.960960960961,0.948576427641,0.931632110579,0.924855491329,119,137,0,0,0,0
2272,WLNM_dir_neg,0.955631626618,0.888811344214,00:00:04,10,60,3,1238529938,threshold_sweep,0.4,0.966386554622,0.839416058394,0.8984375,115,4,22,270,0.839416058394,0.985401459854,0.014598540146,0.160583941606,0.966386554622,0.839416058394,0.8984375,0.936739659367,0.570154095702,0.852830188679,0.857291533861,0.824817518248,342,205,137,0,342,0,205,0,137,37,342,0.256756756757,1.72528881811,18.4864864865,15.5454545455,9.77142857143,5.36771015539,0.290358590277,0.142642642643,9.50849154237,1.02869645341,0.544491860281,8.05331334643,0.871264894205,0.461830251304,0.640599570326,0.371299902718,2,1.72528881811,0.640599570326,2,0.344071394247,0.376569037657,810,0.104247104247,0.56957682835,37,37,37,1,0,0.405405405405,0.540540540541,0.0540540540541,37,0.153903903904,1.80766077444,11.0810810811,9.31818181818,5.85714285714,4.24511731534,0.383095952848,0.213711272248,6.19405895729,1.11795210449,0.592485168095,5.04201566062,0.910022338746,0.485168094924,0.732929609629,0.40545749512,2,1.80766077444,0.732929609629,2,0.166247217718,0.105971404542,84,0.0108108108108,0.262126735044,37,37,37,1,0,0.405405405405,0.540540540541,0.0540540540541,37,324,0.243243243243,1,17.5135135135,14.0869565217,9.25714285714,4.34371590552,0.248020815593,0.112696029363,8.65513786207,0.988395373137,0.524024024024,8.40107600716,0.95938213662,0.497330663997,0,0,0,NaN,NaN,NaN,0.271658847938,0.257371225577,483,0.0621621621622,0.545071540646,37,37,0,1,2,0.378378378378,0.567567567568,0.0540540540541,-18,-0.0135135135135,-0.725288818115,-0.972972972973,-1.45849802372,-0.514285714286,-1.02399424987,-0.0423377746842,-0.0299466132799,-0.853353680306,-0.0403010802774,-0.0204678362573,0.347762660726,0.0881172424152,0.0355004126934,-0.640599570326,-0.371299902718,-2,NaN,NaN,NaN,-0.0724125463098,-0.11919781208,-327,-0.0420849420849,-0.0245052877038,-0.027027027027,0.027027027027,0,320,4,22,986,0.93567251462,0.99595959596,0.0040404040404,0.0643274853801,0.987654320988,0.93567251462,0.960960960961,0.948576427641,0.931632110579,0.924855491329,119,137,0,0,0,0
2273,WLNM_dir_neg,0.955631626618,0.888811344214,00:00:04,10,60,3,1238529938,threshold_sweep,0.5,0.966386554622,0.839416058394,0.8984375,115,4,22,270,0.839416058394,0.985401459854,0.014598540146,0.160583941606,0.966386554622,0.839416058394,0.8984375,0.936739659367,0.570154095702,0.852830188679,0.857291533861,0.824817518248,342,205,137,0,342,0,205,0,137,37,342,0.256756756757,1.72528881811,18.4864864865,15.5454545455,9.77142857143,5.36771015539,0.290358590277,0.142642642643,9.50849154237,1.02869645341,0.544491860281,8.05331334643,0.871264894205,0.461830251304,0.640599570326,0.371299902718,2,1.72528881811,0.640599570326,2,0.344071394247,0.376569037657,810,0.104247104247,0.56957682835,37,37,37,1,0,0.405405405405,0.540540540541,0.0540540540541,37,0.153903903904,1.80766077444,11.0810810811,9.31818181818,5.85714285714,4.24511731534,0.383095952848,0.213711272248,6.19405895729,1.11795210449,0.592485168095,5.04201566062,0.910022338746,0.485168094924,0.732929609629,0.40545749512,2,1.80766077444,0.732929609629,2,0.166247217718,0.105971404542,84,0.0108108108108,0.262126735044,37,37,37,1,0,0.405405405405,0.540540540541,0.0540540540541,37,324,0.243243243243,1,17.5135135135,14.0869565217,9.25714285714,4.34371590552,0.248020815593,0.112696029363,8.65513786207,0.988395373137,0.524024024024,8.40107600716,0.95938213662,0.497330663997,0,0,0,NaN,NaN,NaN,0.271658847938,0.257371225577,483,0.0621621621622,0.545071540646,37,37,0,1,2,0.378378378378,0.567567567568,0.0540540540541,-18,-0.0135135135135,-0.725288818115,-0.972972972973,-1.45849802372,-0.514285714286,-1.02399424987,-0.0423377746842,-0.0299466132799,-0.853353680306,-0.0403010802774,-0.0204678362573,0.347762660726,0.0881172424152,0.0355004126934,-0.640599570326,-0.371299902718,-2,NaN,NaN,NaN,-0.0724125463098,-0.11919781208,-327,-0.0420849420849,-0.0245052877038,-0.027027027027,0.027027027027,0,320,4,22,986,0.93567251462,0.99595959596,0.0040404040404,0.0643274853801,0.987654320988,0.93567251462,0.960960960961,0.948576427641,0.931632110579,0.924855491329,119,137,0,0,0,0
2274,WLNM_dir_neg,0.955631626618,0.888811344214,00:00:04,10,60,3,1238529938,threshold_sweep,0.6,0.974576271186,0.839416058394,0.901960784314,115,3,22,271,0.839416058394,0.989051094891,0.0109489051095,0.160583941606,0.974576271186,0.839416058394,0.901960784314,0.939172749392,0.57096512571,0.858223062382,0.863248923676,0.828467153285,342,205,137,0,342,0,205,0,137,37,342,0.256756756757,1.72528881811,18.4864864865,15.5454545455,9.77142857143,5.36771015539,0.290358590277,0.142642642643,9.50849154237,1.02869645341,0.544491860281,8.05331334643,0.871264894205,0.461830251304,0.640599570326,0.371299902718,2,1.72528881811,0.640599570326,2,0.344071394247,0.376569037657,810,0.104247104247,0.56957682835,37,37,37,1,0,0.405405405405,0.540540540541,0.0540540540541,37,0.153903903904,1.80766077444,11.0810810811,9.31818181818,5.85714285714,4.24511731534,0.383095952848,0.213711272248,6.19405895729,1.11795210449,0.592485168095,5.04201566062,0.910022338746,0.485168094924,0.732929609629,0.40545749512,2,1.80766077444,0.732929609629,2,0.166247217718,0.105971404542,84,0.0108108108108,0.262126735044,37,37,37,1,0,0.405405405405,0.540540540541,0.0540540540541,37,323,0.242492492492,1,17.4594594595,14.0434782609,9.22857142857,4.29854364611,0.246201416263,0.112124508409,8.60764727388,0.986015322395,0.52280143921,8.4216937088,0.964714140018,0.499372437453,0,0,0,NaN,NaN,NaN,0.266963538144,0.251207729469,468,0.0602316602317,0.54635408935,37,37,0,1,2,0.378378378378,0.567567567568,0.0540540540541,-19,-0.0142642642643,-0.725288818115,-1.02702702703,-1.50197628458,-0.542857142857,-1.06916650929,-0.0441571740141,-0.0305181342333,-0.900844268491,-0.0426811310195,-0.0216904210712,0.368380362371,0.093449245813,0.037542186149,-0.640599570326,-0.371299902718,-2,NaN,NaN,NaN,-0.0771078561034,-0.125361308188,-342,-0.0440154440154,-0.0232227390003,-0.027027027027,0.027027027027,0,320,3,22,987,0.93567251462,0.99696969697,0.0030303030303,0.0643274853801,0.990712074303,0.93567251462,0.962406015038,0.950602328729,0.93264221159,0.927536231884,118,137,0,0,0,0
2275,WLNM_dir_neg,0.955631626618,0.888811344214,00:00:04,10,60,3,1238529938,threshold_sweep,0.7,0.982905982906,0.839416058394,0.905511811024,115,2,22,272,0.839416058394,0.992700729927,0.00729927007299,0.160583941606,0.982905982906,0.839416058394,0.905511811024,0.941605839416,0.571776155718,0.863636363636,0.869267120656,0.832116788321,342,205,137,0,342,0,205,0,137,37,342,0.256756756757,1.72528881811,18.4864864865,15.5454545455,9.77142857143,5.36771015539,0.290358590277,0.142642642643,9.50849154237,1.02869645341,0.544491860281,8.05331334643,0.871264894205,0.461830251304,0.640599570326,0.371299902718,2,1.72528881811,0.640599570326,2,0.344071394247,0.376569037657,810,0.104247104247,0.56957682835,37,37,37,1,0,0.405405405405,0.540540540541,0.0540540540541,37,0.153903903904,1.80766077444,11.0810810811,9.31818181818,5.85714285714,4.24511731534,0.383095952848,0.213711272248,6.19405895729,1.11795210449,0.592485168095,5.04201566062,0.910022338746,0.485168094924,0.732929609629,0.40545749512,2,1.80766077444,0.732929609629,2,0.166247217718,0.105971404542,84,0.0108108108108,0.262126735044,37,37,37,1,0,0.405405405405,0.540540540541,0.0540540540541,37,322,0.241741741742,1,17.4054054054,14,9.2,4.36818968007,0.250967419507,0.112892395501,8.63090334163,0.991749762858,0.524592915897,8.38604947671,0.963614380864,0.497901628336,0,0,0,NaN,NaN,NaN,0.262096902476,0.250628817822,465,0.0598455598456,0.545856205946,37,37,0,1,2,0.378378378378,0.567567567568,0.0540540540541,-20,-0.015015015015,-0.725288818115,-1.08108108108,-1.54545454545,-0.571428571429,-0.999520475322,-0.0393911707699,-0.0297502471416,-0.877588200749,-0.0369466905572,-0.0198989443841,0.332736130276,0.0923494866593,0.0360713770325,-0.640599570326,-0.371299902718,-2,NaN,NaN,NaN,-0.0819744917716,-0.125940219834,-345,-0.0444015444015,-0.0237206224034,-0.027027027027,0.027027027027,0,320,2,22,988,0.93567251462,0.99797979798,0.0020202020202,0.0643274853801,0.993788819876,0.93567251462,0.963855421687,0.952636472557,0.9336523126,0.93023255814,117,137,0,0,0,0
2276,WLNM_dir_neg,0.955631626618,0.888811344214,00:00:04,10,60,3,1238529938,threshold_sweep,0.8,0.982456140351,0.817518248175,0.892430278884,112,2,25,272,0.817518248175,0.992700729927,0.00729927007299,0.182481751825,0.982456140351,0.817518248175,0.892430278884,0.934306569343,0.574209245742,0.845714285714,0.853114505435,0.810218978102,342,205,137,0,342,0,205,0,137,37,342,0.256756756757,1.72528881811,18.4864864865,15.5454545455,9.77142857143,5.36771015539,0.290358590277,0.142642642643,9.50849154237,1.02869645341,0.544491860281,8.05331334643,0.871264894205,0.461830251304,0.640599570326,0.371299902718,2,1.72528881811,0.640599570326,2,0.344071394247,0.376569037657,810,0.104247104247,0.56957682835,37,37,37,1,0,0.405405405405,0.540540540541,0.0540540540541,37,0.153903903904,1.80766077444,11.0810810811,9.31818181818,5.85714285714,4.24511731534,0.383095952848,0.213711272248,6.19405895729,1.11795210449,0.592485168095,5.04201566062,0.910022338746,0.485168094924,0.732929609629,0.40545749512,2,1.80766077444,0.732929609629,2,0.166247217718,0.105971404542,84,0.0108108108108,0.262126735044,37,37,37,1,0,0.405405405405,0.540540540541,0.0540540540541,37,319,0.239489489489,1,17.2432432432,13.8695652174,9.11428571429,4.24529416207,0.246200445136,0.109887316784,8.50604801614,0.986594910963,0.520884520885,8.28771296476,0.961270782746,0.499025671439,0,0,0,NaN,NaN,NaN,0.255047495416,0.241278002203,438,0.0563706563707,0.537140893743,37,37,0,1,2,0.378378378378,0.567567567568,0.0540540540541,-23,-0.0172672672673,-0.725288818115,-1.24324324324,-1.67588932806,-0.657142857143,-1.12241599332,-0.0441581451413,-0.0327553258588,-1.00244352624,-0.042101542452,-0.0236073393968,0.234399618322,0.0900058885411,0.0371954201355,-0.640599570326,-0.371299902718,-2,NaN,NaN,NaN,-0.0890238988311,-0.135291035453,-372,-0.0478764478764,-0.0324359346064,-0.027027027027,0.027027027027,0,317,2,25,988,0.926900584795,0.99797979798,0.0020202020202,0.0730994152047,0.993730407524,0.926900584795,0.95915279879,0.946708233179,0.924880382775,0.921511627907,114,137,0,0,0,0
2277,WLNM_dir_neg,0.955631626618,0.888811344214,00:00:04,10,60,3,1238529938,threshold_sweep,0.9,0.981818181818,0.788321167883,0.874493927126,108,2,29,272,0.788321167883,0.992700729927,0.00729927007299,0.211678832117,0.981818181818,0.788321167883,0.874493927126,0.924574209246,0.577453365775,0.821497120921,0.83160900833,0.78102189781,342,205,137,0,342,0,205,0,137,37,342,0.256756756757,1.72528881811,18.4864864865,15.5454545455,9.77142857143,5.36771015539,0.290358590277,0.142642642643,9.50849154237,1.02869645341,0.544491860281,8.05331334643,0.871264894205,0.461830251304,0.640599570326,0.371299902718,2,1.72528881811,0.640599570326,2,0.344071394247,0.376569037657,810,0.104247104247,0.56957682835,37,37,37,1,0,0.405405405405,0.540540540541,0.0540540540541,37,0.153903903904,1.80766077444,11.0810810811,9.31818181818,5.85714285714,4.24511731534,0.383095952848,0.213711272248,6.19405895729,1.11795210449,0.592485168095,5.04201566062,0.910022338746,0.485168094924,0.732929609629,0.40545749512,2,1.80766077444,0.732929609629,2,0.166247217718,0.105971404542,84,0.0108108108108,0.262126735044,37,37,37,1,0,0.405405405405,0.540540540541,0.0540540540541,37,315,0.236486486486,1,17.027027027,13.6956521739,9,4.23927723456,0.248973424887,0.110767910768,8.39517593496,0.986100030456,0.519433719434,8.19424466596,0.962498579811,0.500729300729,0,0,0,NaN,NaN,NaN,0.253254413592,0.23927765237,424,0.0545688545689,0.527061853424,37,37,0,1,2,0.378378378378,0.567567567568,0.0540540540541,-27,-0.0202702702703,-0.725288818115,-1.45945945946,-1.84980237154,-0.771428571429,-1.12843292083,-0.0413851653902,-0.0318747318747,-1.11331560741,-0.0425964229589,-0.0250581408476,0.140931319528,0.0912336856065,0.0388990494254,-0.640599570326,-0.371299902718,-2,NaN,NaN,NaN,-0.0908169806551,-0.137291385287,-386,-0.0496782496782,-0.0425149749261,-0.027027027027,0.027027027027,0,313,2,29,988,0.915204678363,0.99797979798,0.0020202020202,0.0847953216374,0.993650793651,0.915204678363,0.952815829528,0.938800726637,0.913184476342,0.90988372093,110,137,0,0,0,0
2278,WLNM_dir_neg,0.958202354947,0.575717822849,00:00:05,10,60,4,1238529939,threshold_sweep,0.1,0.884057971014,0.890510948905,0.887272727273,122,16,15,258,0.890510948905,0.941605839416,0.0583941605839,0.109489051095,0.884057971014,0.890510948905,0.887272727273,0.924574209246,0.554744525547,0.830601092896,0.830613494277,0.832116788321,342,205,137,0,342,0,205,0,137,37,342,0.256756756757,1.72528881811,18.4864864865,15.5454545455,9.77142857143,5.36771015539,0.290358590277,0.142642642643,9.50849154237,1.02869645341,0.544491860281,8.05331334643,0.871264894205,0.461830251304,0.640599570326,0.371299902718,2,1.72528881811,0.640599570326,2,0.344071394247,0.376569037657,810,0.104247104247,0.56957682835,37,37,37,1,0,0.405405405405,0.540540540541,0.0540540540541,37,0.153903903904,1.81135687004,11.0810810811,9.31818181818,5.85714285714,4.24511731534,0.383095952848,0.211601845748,6.12188512449,1.10492560784,0.589057350033,4.96428687166,0.895993240251,0.480158206987,0.741983214536,0.409628398913,2.0186352724,1.81135687004,0.741983214536,2.0186352724,0.179930350054,0.103578947368,82,0.0105534105534,0.256543371976,37,37,37,1,0,0.405405405405,0.540540540541,0.0540540540541,37,343,0.257507507508,2.39038443711,18.5405405405,14.9130434783,9.8,5.10769895242,0.275488135918,0.13584429911,9.26357456999,0.999277723294,0.534867228745,7.90094455903,0.852288480129,0.450240327791,1.72487017623,0.721586933653,6.69250300379,2.39038443711,1.72487017623,6.69250300379,0.338212999817,0.354016354016,736,0.0947232947233,0.507977323932,37,37,37,1,0,0.378378378378,0.567567567568,0.0540540540541,1,0.000750750750751,0.665095618998,0.0540540540541,-0.632411067194,0.0285714285714,-0.26001120297,-0.0148704543592,-0.00679834353304,-0.244916972382,-0.0294187301211,-0.00962463153655,-0.1523687874,-0.0189764140759,-0.0115899235126,1.0842706059,0.350287030935,4.69250300379,0.665095618998,1.0842706059,4.69250300379,-0.00585839443057,-0.0225526836405,-74,-0.00952380952381,-0.0615995044178,-0.027027027027,0.027027027027,0,327,16,15,974,0.956140350877,0.983838383838,0.0161616161616,0.0438596491228,0.953352769679,0.956140350877,0.954744525547,0.939081906775,0.939978734716,0.913407821229,138,137,0,0,0,0
2279,WLNM_dir_neg,0.958202354947,0.575717822849,00:00:05,10,60,4,1238529939,threshold_sweep,0.2,0.884057971014,0.890510948905,0.887272727273,122,16,15,258,0.890510948905,0.941605839416,0.0583941605839,0.109489051095,0.884057971014,0.890510948905,0.887272727273,0.924574209246,0.554744525547,0.830601092896,0.830613494277,0.832116788321,342,205,137,0,342,0,205,0,137,37,342,0.256756756757,1.72528881811,18.4864864865,15.5454545455,9.77142857143,5.36771015539,0.290358590277,0.142642642643,9.50849154237,1.02869645341,0.544491860281,8.05331334643,0.871264894205,0.461830251304,0.640599570326,0.371299902718,2,1.72528881811,0.640599570326,2,0.344071394247,0.376569037657,810,0.104247104247,0.56957682835,37,37,37,1,0,0.405405405405,0.540540540541,0.0540540540541,37,0.153903903904,1.81135687004,11.0810810811,9.31818181818,5.85714285714,4.24511731534,0.383095952848,0.211601845748,6.12188512449,1.10492560784,0.589057350033,4.96428687166,0.895993240251,0.480158206987,0.741983214536,0.409628398913,2.0186352724,1.81135687004,0.741983214536,2.0186352724,0.179930350054,0.103578947368,82,0.0105534105534,0.256543371976,37,37,37,1,0,0.405405405405,0.540540540541,0.0540540540541,37,343,0.257507507508,2.39038443711,18.5405405405,14.9130434783,9.8,5.10769895242,0.275488135918,0.13584429911,9.26357456999,0.999277723294,0.534867228745,7.90094455903,0.852288480129,0.450240327791,1.72487017623,0.721586933653,6.69250300379,2.39038443711,1.72487017623,6.69250300379,0.338212999817,0.354016354016,736,0.0947232947233,0.507977323932,37,37,37,1,0,0.378378378378,0.567567567568,0.0540540540541,1,0.000750750750751,0.665095618998,0.0540540540541,-0.632411067194,0.0285714285714,-0.26001120297,-0.0148704543592,-0.00679834353304,-0.244916972382,-0.0294187301211,-0.00962463153655,-0.1523687874,-0.0189764140759,-0.0115899235126,1.0842706059,0.350287030935,4.69250300379,0.665095618998,1.0842706059,4.69250300379,-0.00585839443057,-0.0225526836405,-74,-0.00952380952381,-0.0615995044178,-0.027027027027,0.027027027027,0,327,16,15,974,0.956140350877,0.983838383838,0.0161616161616,0.0438596491228,0.953352769679,0.956140350877,0.954744525547,0.939081906775,0.939978734716,0.913407821229,138,137,0,0,0,0
2280,WLNM_dir_neg,0.958202354947,0.575717822849,00:00:05,10,60,4,1238529939,threshold_sweep,0.3,0.897058823529,0.890510948905,0.893772893773,122,14,15,260,0.890510948905,0.948905109489,0.0510948905109,0.109489051095,0.897058823529,0.890510948905,0.893772893773,0.929440389294,0.556366585564,0.840950639854,0.840963287746,0.839416058394,342,205,137,0,342,0,205,0,137,37,342,0.256756756757,1.72528881811,18.4864864865,15.5454545455,9.77142857143,5.36771015539,0.290358590277,0.142642642643,9.50849154237,1.02869645341,0.544491860281,8.05331334643,0.871264894205,0.461830251304,0.640599570326,0.371299902718,2,1.72528881811,0.640599570326,2,0.344071394247,0.376569037657,810,0.104247104247,0.56957682835,37,37,37,1,0,0.405405405405,0.540540540541,0.0540540540541,37,0.153903903904,1.81135687004,11.0810810811,9.31818181818,5.85714285714,4.24511731534,0.383095952848,0.211601845748,6.12188512449,1.10492560784,0.589057350033,4.96428687166,0.895993240251,0.480158206987,0.741983214536,0.409628398913,2.0186352724,1.81135687004,0.741983214536,2.0186352724,0.179930350054,0.103578947368,82,0.0105534105534,0.256543371976,37,37,37,1,0,0.405405405405,0.540540540541,0.0540540540541,37,341,0.256006006006,1,18.4324324324,14.8260869565,9.74285714286,5.00855124618,0.27172492098,0.133946262979,9.23500326396,1.00203847732,0.535626535627,7.94122553911,0.861657903071,0.454307680114,0,0,0,NaN,NaN,NaN,0.338212999817,0.354016354016,736,0.0947232947233,0.509745801578,37,37,0,1,2,0.378378378378,0.567567567568,0.0540540540541,-1,-0.000750750750751,-0.725288818115,-0.0540540540541,-0.719367588933,-0.0285714285714,-0.359158909216,-0.0186336692968,-0.00869637966412,-0.273488278418,-0.026657976094,-0.0088653246548,-0.112087807321,-0.00960699113394,-0.0075225711898,-0.640599570326,-0.371299902718,-2,NaN,NaN,NaN,-0.00585839443057,-0.0225526836405,-74,-0.00952380952381,-0.0598310267723,-0.027027027027,0.027027027027,0,327,14,15,976,0.956140350877,0.985858585859,0.0141414141414,0.0438596491228,0.958944281525,0.956140350877,0.957540263543,0.942903062226,0.941998936736,0.918539325843,136,137,0,0,0,0
2281,WLNM_dir_neg,0.958202354947,0.575717822849,00:00:05,10,60,4,1238529939,threshold_sweep,0.4,0.896296296296,0.883211678832,0.889705882353,121,14,16,260,0.883211678832,0.948905109489,0.0510948905109,0.116788321168,0.896296296296,0.883211678832,0.889705882353,0.92700729927,0.557177615572,0.835164835165,0.835215266301,0.832116788321,342,205,137,0,342,0,205,0,137,37,342,0.256756756757,1.72528881811,18.4864864865,15.5454545455,9.77142857143,5.36771015539,0.290358590277,0.142642642643,9.50849154237,1.02869645341,0.544491860281,8.05331334643,0.871264894205,0.461830251304,0.640599570326,0.371299902718,2,1.72528881811,0.640599570326,2,0.344071394247,0.376569037657,810,0.104247104247,0.56957682835,37,37,37,1,0,0.405405405405,0.540540540541,0.0540540540541,37,0.153903903904,1.81135687004,11.0810810811,9.31818181818,5.85714285714,4.24511731534,0.383095952848,0.211601845748,6.12188512449,1.10492560784,0.589057350033,4.96428687166,0.895993240251,0.480158206987,0.741983214536,0.409628398913,2.0186352724,1.81135687004,0.741983214536,2.0186352724,0.179930350054,0.103578947368,82,0.0105534105534,0.256543371976,37,37,37,1,0,0.405405405405,0.540540540541,0.0540540540541,37,340,0.255255255255,1,18.3783783784,14.7826086957,9.71428571429,4.97968847392,0.270953637552,0.132591414944,9.20699564292,1.00193776114,0.535135135135,7.95765821862,0.865980453202,0.455643879173,0,0,0,NaN,NaN,NaN,0.332948489908,0.348071647571,719,0.0925353925354,0.511173147769,37,37,0,1,2,0.378378378378,0.567567567568,0.0540540540541,-2,-0.0015015015015,-0.725288818115,-0.108108108108,-0.762845849802,-0.0571428571429,-0.388021681473,-0.0194049527256,-0.0100512276983,-0.301495899454,-0.0267586922734,-0.0093567251462,-0.0956551278171,-0.00528444100242,-0.00618637213064,-0.640599570326,-0.371299902718,-2,NaN,NaN,NaN,-0.011122904339,-0.0284973900855,-91,-0.0117117117117,-0.0584036805807,-0.027027027027,0.027027027027,0,326,14,16,976,0.953216374269,0.985858585859,0.0141414141414,0.046783625731,0.958823529412,0.953216374269,0.956011730205,0.940882988117,0.939074960128,0.915730337079,135,137,0,0,0,0
2282,WLNM_dir_neg,0.958202354947,0.575717822849,00:00:05,10,60,4,1238529939,threshold_sweep,0.5,0.896296296296,0.883211678832,0.889705882353,121,14,16,260,0.883211678832,0.948905109489,0.0510948905109,0.116788321168,0.896296296296,0.883211678832,0.889705882353,0.92700729927,0.557177615572,0.835164835165,0.835215266301,0.832116788321,342,205,137,0,342,0,205,0,137,37,342,0.256756756757,1.72528881811,18.4864864865,15.5454545455,9.77142857143,5.36771015539,0.290358590277,0.142642642643,9.50849154237,1.02869645341,0.544491860281,8.05331334643,0.871264894205,0.461830251304,0.640599570326,0.371299902718,2,1.72528881811,0.640599570326,2,0.344071394247,0.376569037657,810,0.104247104247,0.56957682835,37,37,37,1,0,0.405405405405,0.540540540541,0.0540540540541,37,0.153903903904,1.81135687004,11.0810810811,9.31818181818,5.85714285714,4.24511731534,0.383095952848,0.211601845748,6.12188512449,1.10492560784,0.589057350033,4.96428687166,0.895993240251,0.480158206987,0.741983214536,0.409628398913,2.0186352724,1.81135687004,0.741983214536,2.0186352724,0.179930350054,0.103578947368,82,0.0105534105534,0.256543371976,37,37,37,1,0,0.405405405405,0.540540540541,0.0540540540541,37,340,0.255255255255,1,18.3783783784,14.7826086957,9.71428571429,4.97968847392,0.270953637552,0.132591414944,9.20699564292,1.00193776114,0.535135135135,7.95765821862,0.865980453202,0.455643879173,0,0,0,NaN,NaN,NaN,0.332948489908,0.348071647571,719,0.0925353925354,0.511173147769,37,37,0,1,2,0.378378378378,0.567567567568,0.0540540540541,-2,-0.0015015015015,-0.725288818115,-0.108108108108,-0.762845849802,-0.0571428571429,-0.388021681473,-0.0194049527256,-0.0100512276983,-0.301495899454,-0.0267586922734,-0.0093567251462,-0.0956551278171,-0.00528444100242,-0.00618637213064,-0.640599570326,-0.371299902718,-2,NaN,NaN,NaN,-0.011122904339,-0.0284973900855,-91,-0.0117117117117,-0.0584036805807,-0.027027027027,0.027027027027,0,326,14,16,976,0.953216374269,0.985858585859,0.0141414141414,0.046783625731,0.958823529412,0.953216374269,0.956011730205,0.940882988117,0.939074960128,0.915730337079,135,137,0,0,0,0
2283,WLNM_dir_neg,0.958202354947,0.575717822849,00:00:05,10,60,4,1238529939,threshold_sweep,0.6,0.896296296296,0.883211678832,0.889705882353,121,14,16,260,0.883211678832,0.948905109489,0.0510948905109,0.116788321168,0.896296296296,0.883211678832,0.889705882353,0.92700729927,0.557177615572,0.835164835165,0.835215266301,0.832116788321,342,205,137,0,342,0,205,0,137,37,342,0.256756756757,1.72528881811,18.4864864865,15.5454545455,9.77142857143,5.36771015539,0.290358590277,0.142642642643,9.50849154237,1.02869645341,0.544491860281,8.05331334643,0.871264894205,0.461830251304,0.640599570326,0.371299902718,2,1.72528881811,0.640599570326,2,0.344071394247,0.376569037657,810,0.104247104247,0.56957682835,37,37,37,1,0,0.405405405405,0.540540540541,0.0540540540541,37,0.153903903904,1.81135687004,11.0810810811,9.31818181818,5.85714285714,4.24511731534,0.383095952848,0.211601845748,6.12188512449,1.10492560784,0.589057350033,4.96428687166,0.895993240251,0.480158206987,0.741983214536,0.409628398913,2.0186352724,1.81135687004,0.741983214536,2.0186352724,0.179930350054,0.103578947368,82,0.0105534105534,0.256543371976,37,37,37,1,0,0.405405405405,0.540540540541,0.0540540540541,37,340,0.255255255255,1,18.3783783784,14.7826086957,9.71428571429,4.97968847392,0.270953637552,0.132591414944,9.20699564292,1.00193776114,0.535135135135,7.95765821862,0.865980453202,0.455643879173,0,0,0,NaN,NaN,NaN,0.332948489908,0.348071647571,719,0.0925353925354,0.511173147769,37,37,0,1,2,0.378378378378,0.567567567568,0.0540540540541,-2,-0.0015015015015,-0.725288818115,-0.108108108108,-0.762845849802,-0.0571428571429,-0.388021681473,-0.0194049527256,-0.0100512276983,-0.301495899454,-0.0267586922734,-0.0093567251462,-0.0956551278171,-0.00528444100242,-0.00618637213064,-0.640599570326,-0.371299902718,-2,NaN,NaN,NaN,-0.011122904339,-0.0284973900855,-91,-0.0117117117117,-0.0584036805807,-0.027027027027,0.027027027027,0,326,14,16,976,0.953216374269,0.985858585859,0.0141414141414,0.046783625731,0.958823529412,0.953216374269,0.956011730205,0.940882988117,0.939074960128,0.915730337079,135,137,0,0,0,0
2284,WLNM_dir_neg,0.958202354947,0.575717822849,00:00:05,10,60,4,1238529939,threshold_sweep,0.7,0.896296296296,0.883211678832,0.889705882353,121,14,16,260,0.883211678832,0.948905109489,0.0510948905109,0.116788321168,0.896296296296,0.883211678832,0.889705882353,0.92700729927,0.557177615572,0.835164835165,0.835215266301,0.832116788321,342,205,137,0,342,0,205,0,137,37,342,0.256756756757,1.72528881811,18.4864864865,15.5454545455,9.77142857143,5.36771015539,0.290358590277,0.142642642643,9.50849154237,1.02869645341,0.544491860281,8.05331334643,0.871264894205,0.461830251304,0.640599570326,0.371299902718,2,1.72528881811,0.640599570326,2,0.344071394247,0.376569037657,810,0.104247104247,0.56957682835,37,37,37,1,0,0.405405405405,0.540540540541,0.0540540540541,37,0.153903903904,1.81135687004,11.0810810811,9.31818181818,5.85714285714,4.24511731534,0.383095952848,0.211601845748,6.12188512449,1.10492560784,0.589057350033,4.96428687166,0.895993240251,0.480158206987,0.741983214536,0.409628398913,2.0186352724,1.81135687004,0.741983214536,2.0186352724,0.179930350054,0.103578947368,82,0.0105534105534,0.256543371976,37,37,37,1,0,0.405405405405,0.540540540541,0.0540540540541,37,340,0.255255255255,1,18.3783783784,14.7826086957,9.71428571429,4.97968847392,0.270953637552,0.132591414944,9.20699564292,1.00193776114,0.535135135135,7.95765821862,0.865980453202,0.455643879173,0,0,0,NaN,NaN,NaN,0.332948489908,0.348071647571,719,0.0925353925354,0.511173147769,37,37,0,1,2,0.378378378378,0.567567567568,0.0540540540541,-2,-0.0015015015015,-0.725288818115,-0.108108108108,-0.762845849802,-0.0571428571429,-0.388021681473,-0.0194049527256,-0.0100512276983,-0.301495899454,-0.0267586922734,-0.0093567251462,-0.0956551278171,-0.00528444100242,-0.00618637213064,-0.640599570326,-0.371299902718,-2,NaN,NaN,NaN,-0.011122904339,-0.0284973900855,-91,-0.0117117117117,-0.0584036805807,-0.027027027027,0.027027027027,0,326,14,16,976,0.953216374269,0.985858585859,0.0141414141414,0.046783625731,0.958823529412,0.953216374269,0.956011730205,0.940882988117,0.939074960128,0.915730337079,135,137,0,0,0,0
2285,WLNM_dir_neg,0.958202354947,0.575717822849,00:00:05,10,60,4,1238529939,threshold_sweep,0.8,0.900763358779,0.861313868613,0.880597014925,118,13,19,261,0.861313868613,0.952554744526,0.0474452554745,0.138686131387,0.900763358779,0.861313868613,0.880597014925,0.922141119221,0.560421735604,0.822878228782,0.82333239146,0.813868613139,342,205,137,0,342,0,205,0,137,37,342,0.256756756757,1.72528881811,18.4864864865,15.5454545455,9.77142857143,5.36771015539,0.290358590277,0.142642642643,9.50849154237,1.02869645341,0.544491860281,8.05331334643,0.871264894205,0.461830251304,0.640599570326,0.371299902718,2,1.72528881811,0.640599570326,2,0.344071394247,0.376569037657,810,0.104247104247,0.56957682835,37,37,37,1,0,0.405405405405,0.540540540541,0.0540540540541,37,0.153903903904,1.81135687004,11.0810810811,9.31818181818,5.85714285714,4.24511731534,0.383095952848,0.211601845748,6.12188512449,1.10492560784,0.589057350033,4.96428687166,0.895993240251,0.480158206987,0.741983214536,0.409628398913,2.0186352724,1.81135687004,0.741983214536,2.0186352724,0.179930350054,0.103578947368,82,0.0105534105534,0.256543371976,37,37,37,1,0,0.405405405405,0.540540540541,0.0540540540541,37,336,0.252252252252,1,18.1621621622,14.6086956522,9.6,4.94139832612,0.27207103879,0.133767696268,9.12377351994,1.00470125071,0.535875160875,7.87886899095,0.867613549599,0.45768983269,0,0,0,NaN,NaN,NaN,0.326351618867,0.340221524219,686,0.0882882882883,0.502241019146,37,37,0,1,2,0.378378378378,0.567567567568,0.0540540540541,-6,-0.0045045045045,-0.725288818115,-0.324324324324,-0.936758893281,-0.171428571429,-0.42631182927,-0.0182875514876,-0.00887494637495,-0.38471802243,-0.0239952027066,-0.00861669940617,-0.174444355483,-0.00365134460605,-0.0041404186141,-0.640599570326,-0.371299902718,-2,NaN,NaN,NaN,-0.0177197753807,-0.036347513438,-124,-0.0159588159588,-0.0673358092042,-0.027027027027,0.027027027027,0,323,13,19,977,0.944444444444,0.986868686869,0.0131313131313,0.0555555555556,0.96130952381,0.944444444444,0.952802359882,0.936757262705,0.931313131313,0.90985915493,131,137,0,0,0,0
2286,WLNM_dir_neg,0.958202354947,0.575717822849,00:00:05,10,60,4,1238529939,threshold_sweep,0.9,0.936507936508,0.861313868613,0.897338403042,118,8,19,266,0.861313868613,0.970802919708,0.029197080292,0.138686131387,0.936507936508,0.861313868613,0.897338403042,0.934306569343,0.564476885645,0.849162011173,0.850769959395,0.832116788321,342,205,137,0,342,0,205,0,137,37,342,0.256756756757,1.72528881811,18.4864864865,15.5454545455,9.77142857143,5.36771015539,0.290358590277,0.142642642643,9.50849154237,1.02869645341,0.544491860281,8.05331334643,0.871264894205,0.461830251304,0.640599570326,0.371299902718,2,1.72528881811,0.640599570326,2,0.344071394247,0.376569037657,810,0.104247104247,0.56957682835,37,37,37,1,0,0.405405405405,0.540540540541,0.0540540540541,37,0.153903903904,1.81135687004,11.0810810811,9.31818181818,5.85714285714,4.24511731534,0.383095952848,0.211601845748,6.12188512449,1.10492560784,0.589057350033,4.96428687166,0.895993240251,0.480158206987,0.741983214536,0.409628398913,2.0186352724,1.81135687004,0.741983214536,2.0186352724,0.179930350054,0.103578947368,82,0.0105534105534,0.256543371976,37,37,37,1,0,0.405405405405,0.540540540541,0.0540540540541,37,331,0.248498498498,1,17.8918918919,14.3913043478,9.45714285714,4.86360510883,0.271832913938,0.134236955989,8.92545033394,0.997708949716,0.533191802074,7.99981231011,0.89423883829,0.47260553605,0,0,0,NaN,NaN,NaN,0.300815330691,0.320259208731,626,0.0805662805663,0.509770443941,37,37,0,1,2,0.378378378378,0.567567567568,0.0540540540541,-11,-0.00825825825826,-0.725288818115,-0.594594594595,-1.15415019763,-0.314285714286,-0.504105046562,-0.0185256763394,-0.00840568665342,-0.583041208433,-0.0309875036992,-0.0113000582074,-0.0535010363236,0.0229739440854,0.0107752847457,-0.640599570326,-0.371299902718,-2,NaN,NaN,NaN,-0.0432560635559,-0.0563098289257,-184,-0.0236808236808,-0.0598063844091,-0.027027027027,0.027027027027,0,323,8,19,982,0.944444444444,0.991919191919,0.00808080808081,0.0555555555556,0.97583081571,0.944444444444,0.959881129272,0.946551295556,0.936363636364,0.922857142857,126,137,0,0,0,0
2287,WLNM_dir_neg,0.985841014439,0.70877752914,00:00:05,10,60,5,1238529940,threshold_sweep,0.1,0.984615384615,0.934306569343,0.958801498127,128,2,9,272,0.934306569343,0.992700729927,0.00729927007299,0.0656934306569,0.984615384615,0.934306569343,0.958801498127,0.973236009732,0.561232765612,0.939001848429,0.939710074049,0.92700729927,342,205,137,0,342,0,205,0,137,37,342,0.256756756757,1.72528881811,18.4864864865,15.5454545455,9.77142857143,5.36771015539,0.290358590277,0.142642642643,9.50849154237,1.02869645341,0.544491860281,8.05331334643,0.871264894205,0.461830251304,0.640599570326,0.371299902718,2,1.72528881811,0.640599570326,2,0.344071394247,0.376569037657,810,0.104247104247,0.56957682835,37,37,37,1,0,0.405405405405,0.540540540541,0.0540540540541,37,0.153903903904,1.80152988909,11.0810810811,9.31818181818,5.85714285714,4.43708098728,0.40041950373,0.221885299934,6.0763411624,1.09670547809,0.584838497034,5.17791568209,0.934550635304,0.498352010547,0.726747859766,0.403405940787,2,1.80152988909,0.726747859766,2,0.163181776804,0.112266112266,90,0.011583011583,0.271336726621,37,37,37,1,0,0.405405405405,0.540540540541,0.0540540540541,37,335,0.251501501502,1.72998457899,18.1081081081,15.2272727273,9.57142857143,5.33741397945,0.294752712298,0.142718838241,9.28543048109,1.02555500836,0.540379185155,7.96850029786,0.880103017973,0.465994352562,0.644518626944,0.372557440552,2,1.72998457899,0.644518626944,2,0.339371507362,0.360272638754,740,0.0952380952381,0.559097724894,37,37,37,1,0,0.405405405405,0.540540540541,0.0540540540541,-7,-0.00525525525526,0.00469576087959,-0.378378378378,-0.318181818182,-0.2,-0.0302961759471,0.00439412202065,7.61955985837e-05,-0.223061061281,-0.00314144505523,-0.00411267512603,-0.0848130485741,0.00883812376774,0.00416410125758,0.00391905661828,0.0012575378341,0,0.00469576087959,0.00391905661828,0,-0.00469988688517,-0.0162963989033,-70,-0.00900900900901,-0.0104791034557,0,0,0,333,2,9,988,0.973684210526,0.99797979798,0.0020202020202,0.0263157894737,0.994029850746,0.973684210526,0.983751846381,0.978310655878,0.971664008506,0.968023255814,130,137,0,0,0,0
2288,WLNM_dir_neg,0.985841014439,0.70877752914,00:00:05,10,60,5,1238529940,threshold_sweep,0.2,0.983739837398,0.883211678832,0.930769230769,121,2,16,272,0.883211678832,0.992700729927,0.00729927007299,0.116788321168,0.983739837398,0.883211678832,0.930769230769,0.956204379562,0.566909975669,0.898876404494,0.901669634667,0.875912408759,342,205,137,0,342,0,205,0,137,37,342,0.256756756757,1.72528881811,18.4864864865,15.5454545455,9.77142857143,5.36771015539,0.290358590277,0.142642642643,9.50849154237,1.02869645341,0.544491860281,8.05331334643,0.871264894205,0.461830251304,0.640599570326,0.371299902718,2,1.72528881811,0.640599570326,2,0.344071394247,0.376569037657,810,0.104247104247,0.56957682835,37,37,37,1,0,0.405405405405,0.540540540541,0.0540540540541,37,0.153903903904,1.80152988909,11.0810810811,9.31818181818,5.85714285714,4.43708098728,0.40041950373,0.221885299934,6.0763411624,1.09670547809,0.584838497034,5.17791568209,0.934550635304,0.498352010547,0.726747859766,0.403405940787,2,1.80152988909,0.726747859766,2,0.163181776804,0.112266112266,90,0.011583011583,0.271336726621,37,37,37,1,0,0.405405405405,0.540540540541,0.0540540540541,37,328,0.246246246246,1.74195623121,17.7297297297,14.9090909091,9.37142857143,5.22626193506,0.294773920117,0.140408701384,8.98814701631,1.01390682806,0.535431773237,8.08689667907,0.912241393675,0.479400131839,0.663980468281,0.381169432609,2,1.74195623121,0.663980468281,2,0.32821088388,0.330620549339,650,0.0836550836551,0.563504371931,37,37,37,1,0,0.405405405405,0.540540540541,0.0540540540541,-14,-0.0105105105105,0.0166674130992,-0.756756756757,-0.636363636364,-0.4,-0.141448220337,0.00441532984036,-0.00223394125833,-0.520344526066,-0.0147896253555,-0.00906008704468,0.0335833326323,0.0409764994703,0.0175698805352,0.0233808979553,0.00986952989112,0,0.0166674130992,0.0233808979553,0,-0.0158605103675,-0.0459484883181,-160,-0.020592020592,-0.00607245641848,0,0,0,326,2,16,988,0.953216374269,0.99797979798,0.0020202020202,0.046783625731,0.993902439024,0.953216374269,0.973134328358,0.964488305192,0.951196172249,0.947674418605,123,137,0,0,0,0
2289,WLNM_dir_neg,0.985841014439,0.70877752914,00:00:05,10,60,5,1238529940,threshold_sweep,0.3,0.983606557377,0.875912408759,0.926640926641,120,2,17,272,0.875912408759,0.992700729927,0.00729927007299,0.124087591241,0.983606557377,0.875912408759,0.926640926641,0.953771289538,0.567721005677,0.893058161351,0.89625815953,0.868613138686,342,205,137,0,342,0,205,0,137,37,342,0.256756756757,1.72528881811,18.4864864865,15.5454545455,9.77142857143,5.36771015539,0.290358590277,0.142642642643,9.50849154237,1.02869645341,0.544491860281,8.05331334643,0.871264894205,0.461830251304,0.640599570326,0.371299902718,2,1.72528881811,0.640599570326,2,0.344071394247,0.376569037657,810,0.104247104247,0.56957682835,37,37,37,1,0,0.405405405405,0.540540540541,0.0540540540541,37,0.153903903904,1.80152988909,11.0810810811,9.31818181818,5.85714285714,4.43708098728,0.40041950373,0.221885299934,6.0763411624,1.09670547809,0.584838497034,5.17791568209,0.934550635304,0.498352010547,0.726747859766,0.403405940787,2,1.80152988909,0.726747859766,2,0.163181776804,0.112266112266,90,0.011583011583,0.271336726621,37,37,37,1,0,0.405405405405,0.540540540541,0.0540540540541,37,327,0.245495495495,1.74131875103,17.6756756757,14.8636363636,9.34285714286,5.16426855127,0.292168098467,0.138606496405,8.93032758362,1.01046520059,0.534093726754,8.11210862269,0.917883850274,0.482519216464,0.663100478714,0.380803616984,2,1.74131875103,0.663100478714,2,0.318614149206,0.323991797676,632,0.0813384813385,0.564767418582,37,37,37,1,0,0.405405405405,0.540540540541,0.0540540540541,-15,-0.0112612612613,0.0160299329149,-0.810810810811,-0.681818181818,-0.428571428571,-0.20344160412,0.00180950818941,-0.00403614623798,-0.578163958755,-0.0182312528218,-0.0103981335271,0.0587952762548,0.0466189560688,0.0206889651602,0.0225009083879,0.00950371426612,0,0.0160299329149,0.0225009083879,0,-0.0254572450417,-0.0525772399809,-178,-0.0229086229086,-0.0048094097677,0,0,0,325,2,17,988,0.950292397661,0.99797979798,0.0020202020202,0.0497076023392,0.993883792049,0.950292397661,0.971599402093,0.962513345621,0.948272195641,0.94476744186,122,137,0,0,0,0
2290,WLNM_dir_neg,0.985841014439,0.70877752914,00:00:05,10,60,5,1238529940,threshold_sweep,0.4,0.983333333333,0.861313868613,0.918287937743,118,2,19,272,0.861313868613,0.992700729927,0.00729927007299,0.138686131387,0.983333333333,0.861313868613,0.918287937743,0.948905109489,0.569343065693,0.881355932203,0.885449387914,0.85401459854,342,205,137,0,342,0,205,0,137,37,342,0.256756756757,1.72528881811,18.4864864865,15.5454545455,9.77142857143,5.36771015539,0.290358590277,0.142642642643,9.50849154237,1.02869645341,0.544491860281,8.05331334643,0.871264894205,0.461830251304,0.640599570326,0.371299902718,2,1.72528881811,0.640599570326,2,0.344071394247,0.376569037657,810,0.104247104247,0.56957682835,37,37,37,1,0,0.405405405405,0.540540540541,0.0540540540541,37,0.153903903904,1.80152988909,11.0810810811,9.31818181818,5.85714285714,4.43708098728,0.40041950373,0.221885299934,6.0763411624,1.09670547809,0.584838497034,5.17791568209,0.934550635304,0.498352010547,0.726747859766,0.403405940787,2,1.80152988909,0.726747859766,2,0.163181776804,0.112266112266,90,0.011583011583,0.271336726621,37,37,37,1,0,0.405405405405,0.540540540541,0.0540540540541,37,325,0.243993993994,1.739043608,17.5675675676,14.7727272727,9.28571428571,5.12369517558,0.29165649461,0.136798336798,8.82274565205,1.00443565885,0.531392931393,8.15521351698,0.928439692702,0.486985446985,0.660135996282,0.379597149402,2,1.739043608,0.660135996282,2,0.314798500839,0.318331313831,613,0.0788931788932,0.567056427547,37,37,37,1,0,0.405405405405,0.540540540541,0.0540540540541,-17,-0.0127627627628,0.013754789884,-0.918918918919,-0.772727272727,-0.485714285714,-0.244014979814,0.00129790433276,-0.00584430584431,-0.685745890321,-0.0242607945656,-0.0130989288884,0.101900170544,0.0571747984973,0.0251551956815,0.019536425956,0.00829724668424,0,0.013754789884,0.019536425956,0,-0.0292728934084,-0.0582377238262,-197,-0.0253539253539,-0.00252040080302,0,0,0,323,2,19,988,0.944444444444,0.99797979798,0.0020202020202,0.0555555555556,0.993846153846,0.944444444444,0.968515742129,0.958563049124,0.942424242424,0.938953488372,120,137,0,0,0,0
2291,WLNM_dir_neg,0.985841014439,0.70877752914,00:00:05,10,60,5,1238529940,threshold_sweep,0.5,0.983333333333,0.861313868613,0.918287937743,118,2,19,272,0.861313868613,0.992700729927,0.00729927007299,0.138686131387,0.983333333333,0.861313868613,0.918287937743,0.948905109489,0.569343065693,0.881355932203,0.885449387914,0.85401459854,342,205,137,0,342,0,205,0,137,37,342,0.256756756757,1.72528881811,18.4864864865,15.5454545455,9.77142857143,5.36771015539,0.290358590277,0.142642642643,9.50849154237,1.02869645341,0.544491860281,8.05331334643,0.871264894205,0.461830251304,0.640599570326,0.371299902718,2,1.72528881811,0.640599570326,2,0.344071394247,0.376569037657,810,0.104247104247,0.56957682835,37,37,37,1,0,0.405405405405,0.540540540541,0.0540540540541,37,0.153903903904,1.80152988909,11.0810810811,9.31818181818,5.85714285714,4.43708098728,0.40041950373,0.221885299934,6.0763411624,1.09670547809,0.584838497034,5.17791568209,0.934550635304,0.498352010547,0.726747859766,0.403405940787,2,1.80152988909,0.726747859766,2,0.163181776804,0.112266112266,90,0.011583011583,0.271336726621,37,37,37,1,0,0.405405405405,0.540540540541,0.0540540540541,37,325,0.243993993994,1.739043608,17.5675675676,14.7727272727,9.28571428571,5.12369517558,0.29165649461,0.136798336798,8.82274565205,1.00443565885,0.531392931393,8.15521351698,0.928439692702,0.486985446985,0.660135996282,0.379597149402,2,1.739043608,0.660135996282,2,0.314798500839,0.318331313831,613,0.0788931788932,0.567056427547,37,37,37,1,0,0.405405405405,0.540540540541,0.0540540540541,-17,-0.0127627627628,0.013754789884,-0.918918918919,-0.772727272727,-0.485714285714,-0.244014979814,0.00129790433276,-0.00584430584431,-0.685745890321,-0.0242607945656,-0.0130989288884,0.101900170544,0.0571747984973,0.0251551956815,0.019536425956,0.00829724668424,0,0.013754789884,0.019536425956,0,-0.0292728934084,-0.0582377238262,-197,-0.0253539253539,-0.00252040080302,0,0,0,323,2,19,988,0.944444444444,0.99797979798,0.0020202020202,0.0555555555556,0.993846153846,0.944444444444,0.968515742129,0.958563049124,0.942424242424,0.938953488372,120,137,0,0,0,0
2292,WLNM_dir_neg,0.985841014439,0.70877752914,00:00:05,10,60,5,1238529940,threshold_sweep,0.6,0.983050847458,0.846715328467,0.909803921569,116,2,21,272,0.846715328467,0.992700729927,0.00729927007299,0.153284671533,0.983050847458,0.846715328467,0.909803921569,0.94403892944,0.57096512571,0.869565217391,0.87465749976,0.839416058394,342,205,137,0,342,0,205,0,137,37,342,0.256756756757,1.72528881811,18.4864864865,15.5454545455,9.77142857143,5.36771015539,0.290358590277,0.142642642643,9.50849154237,1.02869645341,0.544491860281,8.05331334643,0.871264894205,0.461830251304,0.640599570326,0.371299902718,2,1.72528881811,0.640599570326,2,0.344071394247,0.376569037657,810,0.104247104247,0.56957682835,37,37,37,1,0,0.405405405405,0.540540540541,0.0540540540541,37,0.153903903904,1.80152988909,11.0810810811,9.31818181818,5.85714285714,4.43708098728,0.40041950373,0.221885299934,6.0763411624,1.09670547809,0.584838497034,5.17791568209,0.934550635304,0.498352010547,0.726747859766,0.403405940787,2,1.80152988909,0.726747859766,2,0.163181776804,0.112266112266,90,0.011583011583,0.271336726621,37,37,37,1,0,0.405405405405,0.540540540541,0.0540540540541,37,323,0.242492492492,1.73732460083,17.4594594595,14.6818181818,9.22857142857,5.00885102479,0.286884656219,0.133880010041,8.72623327371,0.999599477174,0.528826039662,8.20111323286,0.93944640748,0.492009036901,0.658080337548,0.378789511893,2,1.73732460083,0.658080337548,2,0.304875982773,0.304324894515,577,0.07425997426,0.570072840863,37,37,37,1,0,0.405405405405,0.540540540541,0.0540540540541,-19,-0.0142642642643,0.0120357827122,-1.02702702703,-0.863636363636,-0.542857142857,-0.358859130598,-0.00347393405822,-0.00876263260164,-0.782258268668,-0.029096976241,-0.0156658206194,0.14779988643,0.0681815132749,0.0301787855967,0.0174807672218,0.00748960917577,0,0.0120357827122,0.0174807672218,0,-0.039195411474,-0.0722441431421,-233,-0.0299871299871,0.000496012513246,0,0,0,321,2,21,988,0.938596491228,0.99797979798,0.0020202020202,0.0614035087719,0.993808049536,0.938596491228,0.965413533835,0.954612165834,0.936576289208,0.933139534884,118,137,0,0,0,0
2293,WLNM_dir_neg,0.985841014439,0.70877752914,00:00:05,10,60,5,1238529940,threshold_sweep,0.7,0.983050847458,0.846715328467,0.909803921569,116,2,21,272,0.846715328467,0.992700729927,0.00729927007299,0.153284671533,0.983050847458,0.846715328467,0.909803921569,0.94403892944,0.57096512571,0.869565217391,0.87465749976,0.839416058394,342,205,137,0,342,0,205,0,137,37,342,0.256756756757,1.72528881811,18.4864864865,15.5454545455,9.77142857143,5.36771015539,0.290358590277,0.142642642643,9.50849154237,1.02869645341,0.544491860281,8.05331334643,0.871264894205,0.461830251304,0.640599570326,0.371299902718,2,1.72528881811,0.640599570326,2,0.344071394247,0.376569037657,810,0.104247104247,0.56957682835,37,37,37,1,0,0.405405405405,0.540540540541,0.0540540540541,37,0.153903903904,1.80152988909,11.0810810811,9.31818181818,5.85714285714,4.43708098728,0.40041950373,0.221885299934,6.0763411624,1.09670547809,0.584838497034,5.17791568209,0.934550635304,0.498352010547,0.726747859766,0.403405940787,2,1.80152988909,0.726747859766,2,0.163181776804,0.112266112266,90,0.011583011583,0.271336726621,37,37,37,1,0,0.405405405405,0.540540540541,0.0540540540541,37,323,0.242492492492,1.73732460083,17.4594594595,14.6818181818,9.22857142857,5.00885102479,0.286884656219,0.133880010041,8.72623327371,0.999599477174,0.528826039662,8.20111323286,0.93944640748,0.492009036901,0.658080337548,0.378789511893,2,1.73732460083,0.658080337548,2,0.304875982773,0.304324894515,577,0.07425997426,0.570072840863,37,37,37,1,0,0.405405405405,0.540540540541,0.0540540540541,-19,-0.0142642642643,0.0120357827122,-1.02702702703,-0.863636363636,-0.542857142857,-0.358859130598,-0.00347393405822,-0.00876263260164,-0.782258268668,-0.029096976241,-0.0156658206194,0.14779988643,0.0681815132749,0.0301787855967,0.0174807672218,0.00748960917577,0,0.0120357827122,0.0174807672218,0,-0.039195411474,-0.0722441431421,-233,-0.0299871299871,0.000496012513246,0,0,0,321,2,21,988,0.938596491228,0.99797979798,0.0020202020202,0.0614035087719,0.993808049536,0.938596491228,0.965413533835,0.954612165834,0.936576289208,0.933139534884,118,137,0,0,0,0
2294,WLNM_dir_neg,0.985841014439,0.70877752914,00:00:05,10,60,5,1238529940,threshold_sweep,0.8,0.98275862069,0.832116788321,0.901185770751,114,2,23,272,0.832116788321,0.992700729927,0.00729927007299,0.167883211679,0.98275862069,0.832116788321,0.901185770751,0.939172749392,0.572587185726,0.857685009488,0.863880037995,0.824817518248,342,205,137,0,342,0,205,0,137,37,342,0.256756756757,1.72528881811,18.4864864865,15.5454545455,9.77142857143,5.36771015539,0.290358590277,0.142642642643,9.50849154237,1.02869645341,0.544491860281,8.05331334643,0.871264894205,0.461830251304,0.640599570326,0.371299902718,2,1.72528881811,0.640599570326,2,0.344071394247,0.376569037657,810,0.104247104247,0.56957682835,37,37,37,1,0,0.405405405405,0.540540540541,0.0540540540541,37,0.153903903904,1.80152988909,11.0810810811,9.31818181818,5.85714285714,4.43708098728,0.40041950373,0.221885299934,6.0763411624,1.09670547809,0.584838497034,5.17791568209,0.934550635304,0.498352010547,0.726747859766,0.403405940787,2,1.80152988909,0.726747859766,2,0.163181776804,0.112266112266,90,0.011583011583,0.271336726621,37,37,37,1,0,0.405405405405,0.540540540541,0.0540540540541,37,321,0.240990990991,1.7347887309,17.3513513514,14.5909090909,9.17142857143,4.96216919533,0.28598171375,0.132440852067,8.66042741457,0.998242412271,0.5270691252,8.20587206434,0.945848181871,0.494737728383,0.655796358702,0.378026642105,2,1.7347887309,0.655796358702,2,0.298930408821,0.295511221945,553,0.0711711711712,0.570707339905,37,37,37,1,0,0.405405405405,0.540540540541,0.0540540540541,-21,-0.0157657657658,0.00949991278184,-1.13513513514,-0.954545454545,-0.6,-0.405540960059,-0.00437687652734,-0.0102017905756,-0.848064127807,-0.0304540411437,-0.0174227350814,0.152558717907,0.0745832876662,0.0329074770787,0.0151967883759,0.00672673938697,0,0.00949991278184,0.0151967883759,0,-0.045140985426,-0.0810578157118,-257,-0.0330759330759,0.00113051155513,0,0,0,319,2,23,988,0.932748538012,0.99797979798,0.0020202020202,0.0672514619883,0.993769470405,0.932748538012,0.962292609351,0.950660594563,0.930728335991,0.927325581395,116,137,0,0,0,0
2295,WLNM_dir_neg,0.985841014439,0.70877752914,00:00:05,10,60,5,1238529940,threshold_sweep,0.9,0.982456140351,0.817518248175,0.892430278884,112,2,25,272,0.817518248175,0.992700729927,0.00729927007299,0.182481751825,0.982456140351,0.817518248175,0.892430278884,0.934306569343,0.574209245742,0.845714285714,0.853114505435,0.810218978102,342,205,137,0,342,0,205,0,137,37,342,0.256756756757,1.72528881811,18.4864864865,15.5454545455,9.77142857143,5.36771015539,0.290358590277,0.142642642643,9.50849154237,1.02869645341,0.544491860281,8.05331334643,0.871264894205,0.461830251304,0.640599570326,0.371299902718,2,1.72528881811,0.640599570326,2,0.344071394247,0.376569037657,810,0.104247104247,0.56957682835,37,37,37,1,0,0.405405405405,0.540540540541,0.0540540540541,37,0.153903903904,1.80152988909,11.0810810811,9.31818181818,5.85714285714,4.43708098728,0.40041950373,0.221885299934,6.0763411624,1.09670547809,0.584838497034,5.17791568209,0.934550635304,0.498352010547,0.726747859766,0.403405940787,2,1.80152988909,0.726747859766,2,0.163181776804,0.112266112266,90,0.011583011583,0.271336726621,37,37,37,1,0,0.405405405405,0.540540540541,0.0540540540541,37,319,0.239489489489,1.73369354187,17.2432432432,14.5,9.11428571429,5.0464806516,0.292664238416,0.135389307803,8.60345974126,0.997893449613,0.526137422689,8.21364498648,0.952679826018,0.497331186986,0.655263945328,0.377958347022,2,1.73369354187,0.655263945328,2,0.286954380359,0.29665587918,550,0.0707850707851,0.572180783051,37,37,37,1,0,0.405405405405,0.540540540541,0.0540540540541,-23,-0.0172672672673,0.00840472375595,-1.24324324324,-1.04545454545,-0.657142857143,-0.321229503794,0.00230564813852,-0.00725333483954,-0.905031801113,-0.0308030038013,-0.0183544375922,0.160331640048,0.0814149318134,0.0355009356824,0.0146643750022,0.00665844430428,0,0.00840472375595,0.0146643750022,0,-0.0571170138881,-0.0799131584768,-260,-0.033462033462,0.00260395470155,0,0,0,317,2,25,988,0.926900584795,0.99797979798,0.0020202020202,0.0730994152047,0.993730407524,0.926900584795,0.95915279879,0.946708233179,0.924880382775,0.921511627907,114,137,0,0,0,0
2296,WLNM_dir_neg,0.966274175502,0.926361363034,00:00:04,10,60,6,1238529941,threshold_sweep,0.1,0.925619834711,0.817518248175,0.868217054264,112,9,25,265,0.817518248175,0.967153284672,0.0328467153285,0.182481751825,0.925619834711,0.817518248175,0.868217054264,0.917274939173,0.568532035685,0.808270676692,0.811580825843,0.784671532847,342,205,137,0,342,0,205,0,137,37,342,0.256756756757,1.72528881811,18.4864864865,15.5454545455,9.77142857143,5.36771015539,0.290358590277,0.142642642643,9.50849154237,1.02869645341,0.544491860281,8.05331334643,0.871264894205,0.461830251304,0.640599570326,0.371299902718,2,1.72528881811,0.640599570326,2,0.344071394247,0.376569037657,810,0.104247104247,0.56957682835,37,37,37,1,0,0.405405405405,0.540540540541,0.0540540540541,37,0.153903903904,1.80754891905,11.0810810811,9.31818181818,5.85714285714,4.54226068518,0.409911330126,0.224917600527,6.18508328604,1.11633210529,0.59090309822,5.1131344735,0.922858417169,0.490177982861,0.735811457249,0.407076925827,2.12097530864,1.80754891905,0.735811457249,2.12097530864,0.168286290036,0.117768595041,95,0.0122265122265,0.262736167623,37,37,37,1,0,0.405405405405,0.540540540541,0.0540540540541,37,326,0.244744744745,1.88804635653,17.6216216216,14.1739130435,9.05555555556,4.48052174139,0.254262736858,0.116315702205,8.45851916984,0.960015979399,0.51318189355,8.34278743,0.946880781932,0.489139446195,0.804901061653,0.42631424746,2.94947209653,1.88804635653,0.804901061653,2.94947209653,0.273247365639,0.271189427313,513,0.0660231660232,0.539873764706,37,37,37,1,0,0.378378378378,0.594594594595,0.027027027027,-16,-0.012012012012,0.162757538414,-0.864864864865,-1.37154150198,-0.715873015873,-0.887188414003,-0.0360958534191,-0.0263269404374,-1.04997237253,-0.0686804740158,-0.0313099667313,0.289474083562,0.0756158877272,0.0273091948907,0.164301491327,0.0550143447421,0.949472096531,0.162757538414,0.164301491327,0.949472096531,-0.0708240286087,-0.105379610344,-297,-0.0382239382239,-0.0297030636437,-0.027027027027,0.0540540540541,-0.027027027027,317,9,25,981,0.926900584795,0.990909090909,0.00909090909091,0.0730994152047,0.972392638037,0.926900584795,0.949101796407,0.93255722625,0.917809675704,0.903133903134,121,137,0,0,0,0
2297,WLNM_dir_neg,0.966274175502,0.926361363034,00:00:04,10,60,6,1238529941,threshold_sweep,0.2,0.925619834711,0.817518248175,0.868217054264,112,9,25,265,0.817518248175,0.967153284672,0.0328467153285,0.182481751825,0.925619834711,0.817518248175,0.868217054264,0.917274939173,0.568532035685,0.808270676692,0.811580825843,0.784671532847,342,205,137,0,342,0,205,0,137,37,342,0.256756756757,1.72528881811,18.4864864865,15.5454545455,9.77142857143,5.36771015539,0.290358590277,0.142642642643,9.50849154237,1.02869645341,0.544491860281,8.05331334643,0.871264894205,0.461830251304,0.640599570326,0.371299902718,2,1.72528881811,0.640599570326,2,0.344071394247,0.376569037657,810,0.104247104247,0.56957682835,37,37,37,1,0,0.405405405405,0.540540540541,0.0540540540541,37,0.153903903904,1.80754891905,11.0810810811,9.31818181818,5.85714285714,4.54226068518,0.409911330126,0.224917600527,6.18508328604,1.11633210529,0.59090309822,5.1131344735,0.922858417169,0.490177982861,0.735811457249,0.407076925827,2.12097530864,1.80754891905,0.735811457249,2.12097530864,0.168286290036,0.117768595041,95,0.0122265122265,0.262736167623,37,37,37,1,0,0.405405405405,0.540540540541,0.0540540540541,37,326,0.244744744745,1.88804635653,17.6216216216,14.1739130435,9.05555555556,4.48052174139,0.254262736858,0.116315702205,8.45851916984,0.960015979399,0.51318189355,8.34278743,0.946880781932,0.489139446195,0.804901061653,0.42631424746,2.94947209653,1.88804635653,0.804901061653,2.94947209653,0.273247365639,0.271189427313,513,0.0660231660232,0.539873764706,37,37,37,1,0,0.378378378378,0.594594594595,0.027027027027,-16,-0.012012012012,0.162757538414,-0.864864864865,-1.37154150198,-0.715873015873,-0.887188414003,-0.0360958534191,-0.0263269404374,-1.04997237253,-0.0686804740158,-0.0313099667313,0.289474083562,0.0756158877272,0.0273091948907,0.164301491327,0.0550143447421,0.949472096531,0.162757538414,0.164301491327,0.949472096531,-0.0708240286087,-0.105379610344,-297,-0.0382239382239,-0.0297030636437,-0.027027027027,0.0540540540541,-0.027027027027,317,9,25,981,0.926900584795,0.990909090909,0.00909090909091,0.0730994152047,0.972392638037,0.926900584795,0.949101796407,0.93255722625,0.917809675704,0.903133903134,121,137,0,0,0,0
2298,WLNM_dir_neg,0.966274175502,0.926361363034,00:00:04,10,60,6,1238529941,threshold_sweep,0.3,0.940170940171,0.802919708029,0.866141732283,110,7,27,267,0.802919708029,0.974452554745,0.0255474452555,0.197080291971,0.940170940171,0.802919708029,0.866141732283,0.917274939173,0.571776155718,0.806818181818,0.812078494297,0.777372262774,342,205,137,0,342,0,205,0,137,37,342,0.256756756757,1.72528881811,18.4864864865,15.5454545455,9.77142857143,5.36771015539,0.290358590277,0.142642642643,9.50849154237,1.02869645341,0.544491860281,8.05331334643,0.871264894205,0.461830251304,0.640599570326,0.371299902718,2,1.72528881811,0.640599570326,2,0.344071394247,0.376569037657,810,0.104247104247,0.56957682835,37,37,37,1,0,0.405405405405,0.540540540541,0.0540540540541,37,0.153903903904,1.80754891905,11.0810810811,9.31818181818,5.85714285714,4.54226068518,0.409911330126,0.224917600527,6.18508328604,1.11633210529,0.59090309822,5.1131344735,0.922858417169,0.490177982861,0.735811457249,0.407076925827,2.12097530864,1.80754891905,0.735811457249,2.12097530864,0.168286290036,0.117768595041,95,0.0122265122265,0.262736167623,37,37,37,1,0,0.405405405405,0.540540540541,0.0540540540541,37,322,0.241741741742,1.91327497426,17.4054054054,14,8.94444444444,4.3745441633,0.251332506276,0.113815679033,8.37610644388,0.962471858458,0.512338425382,8.41580809108,0.967033848975,0.495719321806,0.855216818931,0.446991065287,3.18045862413,1.91327497426,0.855216818931,3.18045862413,0.254562694063,0.249683372535,460,0.0592020592021,0.543702854207,37,37,37,1,0,0.378378378378,0.594594594595,0.027027027027,-20,-0.015015015015,0.187986156144,-1.08108108108,-1.54545454545,-0.826984126984,-0.993165992096,-0.0390260840007,-0.0288269636096,-1.1323850985,-0.0662245949569,-0.0321534348994,0.362494744642,0.0957689547697,0.0338890705023,0.214617248605,0.0756911625692,1.18045862413,0.187986156144,0.214617248605,1.18045862413,-0.0895087001841,-0.126885665122,-350,-0.045045045045,-0.0258739741432,-0.027027027027,0.0540540540541,-0.027027027027,315,7,27,983,0.921052631579,0.992929292929,0.00707070707071,0.0789473684211,0.978260869565,0.921052631579,0.948795180723,0.932566122093,0.913981924508,0.902578796562,117,137,0,0,0,0
2299,WLNM_dir_neg,0.966274175502,0.926361363034,00:00:04,10,60,6,1238529941,threshold_sweep,0.4,0.940170940171,0.802919708029,0.866141732283,110,7,27,267,0.802919708029,0.974452554745,0.0255474452555,0.197080291971,0.940170940171,0.802919708029,0.866141732283,0.917274939173,0.571776155718,0.806818181818,0.812078494297,0.777372262774,342,205,137,0,342,0,205,0,137,37,342,0.256756756757,1.72528881811,18.4864864865,15.5454545455,9.77142857143,5.36771015539,0.290358590277,0.142642642643,9.50849154237,1.02869645341,0.544491860281,8.05331334643,0.871264894205,0.461830251304,0.640599570326,0.371299902718,2,1.72528881811,0.640599570326,2,0.344071394247,0.376569037657,810,0.104247104247,0.56957682835,37,37,37,1,0,0.405405405405,0.540540540541,0.0540540540541,37,0.153903903904,1.80754891905,11.0810810811,9.31818181818,5.85714285714,4.54226068518,0.409911330126,0.224917600527,6.18508328604,1.11633210529,0.59090309822,5.1131344735,0.922858417169,0.490177982861,0.735811457249,0.407076925827,2.12097530864,1.80754891905,0.735811457249,2.12097530864,0.168286290036,0.117768595041,95,0.0122265122265,0.262736167623,37,37,37,1,0,0.405405405405,0.540540540541,0.0540540540541,37,322,0.241741741742,1.91327497426,17.4054054054,14,8.94444444444,4.3745441633,0.251332506276,0.113815679033,8.37610644388,0.962471858458,0.512338425382,8.41580809108,0.967033848975,0.495719321806,0.855216818931,0.446991065287,3.18045862413,1.91327497426,0.855216818931,3.18045862413,0.254562694063,0.249683372535,460,0.0592020592021,0.543702854207,37,37,37,1,0,0.378378378378,0.594594594595,0.027027027027,-20,-0.015015015015,0.187986156144,-1.08108108108,-1.54545454545,-0.826984126984,-0.993165992096,-0.0390260840007,-0.0288269636096,-1.1323850985,-0.0662245949569,-0.0321534348994,0.362494744642,0.0957689547697,0.0338890705023,0.214617248605,0.0756911625692,1.18045862413,0.187986156144,0.214617248605,1.18045862413,-0.0895087001841,-0.126885665122,-350,-0.045045045045,-0.0258739741432,-0.027027027027,0.0540540540541,-0.027027027027,315,7,27,983,0.921052631579,0.992929292929,0.00707070707071,0.0789473684211,0.978260869565,0.921052631579,0.948795180723,0.932566122093,0.913981924508,0.902578796562,117,137,0,0,0,0
2300,WLNM_dir_neg,0.966274175502,0.926361363034,00:00:04,10,60,6,1238529941,threshold_sweep,0.5,0.940170940171,0.802919708029,0.866141732283,110,7,27,267,0.802919708029,0.974452554745,0.0255474452555,0.197080291971,0.940170940171,0.802919708029,0.866141732283,0.917274939173,0.571776155718,0.806818181818,0.812078494297,0.777372262774,342,205,137,0,342,0,205,0,137,37,342,0.256756756757,1.72528881811,18.4864864865,15.5454545455,9.77142857143,5.36771015539,0.290358590277,0.142642642643,9.50849154237,1.02869645341,0.544491860281,8.05331334643,0.871264894205,0.461830251304,0.640599570326,0.371299902718,2,1.72528881811,0.640599570326,2,0.344071394247,0.376569037657,810,0.104247104247,0.56957682835,37,37,37,1,0,0.405405405405,0.540540540541,0.0540540540541,37,0.153903903904,1.80754891905,11.0810810811,9.31818181818,5.85714285714,4.54226068518,0.409911330126,0.224917600527,6.18508328604,1.11633210529,0.59090309822,5.1131344735,0.922858417169,0.490177982861,0.735811457249,0.407076925827,2.12097530864,1.80754891905,0.735811457249,2.12097530864,0.168286290036,0.117768595041,95,0.0122265122265,0.262736167623,37,37,37,1,0,0.405405405405,0.540540540541,0.0540540540541,37,322,0.241741741742,1.91327497426,17.4054054054,14,8.94444444444,4.3745441633,0.251332506276,0.113815679033,8.37610644388,0.962471858458,0.512338425382,8.41580809108,0.967033848975,0.495719321806,0.855216818931,0.446991065287,3.18045862413,1.91327497426,0.855216818931,3.18045862413,0.254562694063,0.249683372535,460,0.0592020592021,0.543702854207,37,37,37,1,0,0.378378378378,0.594594594595,0.027027027027,-20,-0.015015015015,0.187986156144,-1.08108108108,-1.54545454545,-0.826984126984,-0.993165992096,-0.0390260840007,-0.0288269636096,-1.1323850985,-0.0662245949569,-0.0321534348994,0.362494744642,0.0957689547697,0.0338890705023,0.214617248605,0.0756911625692,1.18045862413,0.187986156144,0.214617248605,1.18045862413,-0.0895087001841,-0.126885665122,-350,-0.045045045045,-0.0258739741432,-0.027027027027,0.0540540540541,-0.027027027027,315,7,27,983,0.921052631579,0.992929292929,0.00707070707071,0.0789473684211,0.978260869565,0.921052631579,0.948795180723,0.932566122093,0.913981924508,0.902578796562,117,137,0,0,0,0
2301,WLNM_dir_neg,0.966274175502,0.926361363034,00:00:04,10,60,6,1238529941,threshold_sweep,0.6,0.940170940171,0.802919708029,0.866141732283,110,7,27,267,0.802919708029,0.974452554745,0.0255474452555,0.197080291971,0.940170940171,0.802919708029,0.866141732283,0.917274939173,0.571776155718,0.806818181818,0.812078494297,0.777372262774,342,205,137,0,342,0,205,0,137,37,342,0.256756756757,1.72528881811,18.4864864865,15.5454545455,9.77142857143,5.36771015539,0.290358590277,0.142642642643,9.50849154237,1.02869645341,0.544491860281,8.05331334643,0.871264894205,0.461830251304,0.640599570326,0.371299902718,2,1.72528881811,0.640599570326,2,0.344071394247,0.376569037657,810,0.104247104247,0.56957682835,37,37,37,1,0,0.405405405405,0.540540540541,0.0540540540541,37,0.153903903904,1.80754891905,11.0810810811,9.31818181818,5.85714285714,4.54226068518,0.409911330126,0.224917600527,6.18508328604,1.11633210529,0.59090309822,5.1131344735,0.922858417169,0.490177982861,0.735811457249,0.407076925827,2.12097530864,1.80754891905,0.735811457249,2.12097530864,0.168286290036,0.117768595041,95,0.0122265122265,0.262736167623,37,37,37,1,0,0.405405405405,0.540540540541,0.0540540540541,37,322,0.241741741742,1.91327497426,17.4054054054,14,8.94444444444,4.3745441633,0.251332506276,0.113815679033,8.37610644388,0.962471858458,0.512338425382,8.41580809108,0.967033848975,0.495719321806,0.855216818931,0.446991065287,3.18045862413,1.91327497426,0.855216818931,3.18045862413,0.254562694063,0.249683372535,460,0.0592020592021,0.543702854207,37,37,37,1,0,0.378378378378,0.594594594595,0.027027027027,-20,-0.015015015015,0.187986156144,-1.08108108108,-1.54545454545,-0.826984126984,-0.993165992096,-0.0390260840007,-0.0288269636096,-1.1323850985,-0.0662245949569,-0.0321534348994,0.362494744642,0.0957689547697,0.0338890705023,0.214617248605,0.0756911625692,1.18045862413,0.187986156144,0.214617248605,1.18045862413,-0.0895087001841,-0.126885665122,-350,-0.045045045045,-0.0258739741432,-0.027027027027,0.0540540540541,-0.027027027027,315,7,27,983,0.921052631579,0.992929292929,0.00707070707071,0.0789473684211,0.978260869565,0.921052631579,0.948795180723,0.932566122093,0.913981924508,0.902578796562,117,137,0,0,0,0
2302,WLNM_dir_neg,0.966274175502,0.926361363034,00:00:04,10,60,6,1238529941,threshold_sweep,0.7,0.940170940171,0.802919708029,0.866141732283,110,7,27,267,0.802919708029,0.974452554745,0.0255474452555,0.197080291971,0.940170940171,0.802919708029,0.866141732283,0.917274939173,0.571776155718,0.806818181818,0.812078494297,0.777372262774,342,205,137,0,342,0,205,0,137,37,342,0.256756756757,1.72528881811,18.4864864865,15.5454545455,9.77142857143,5.36771015539,0.290358590277,0.142642642643,9.50849154237,1.02869645341,0.544491860281,8.05331334643,0.871264894205,0.461830251304,0.640599570326,0.371299902718,2,1.72528881811,0.640599570326,2,0.344071394247,0.376569037657,810,0.104247104247,0.56957682835,37,37,37,1,0,0.405405405405,0.540540540541,0.0540540540541,37,0.153903903904,1.80754891905,11.0810810811,9.31818181818,5.85714285714,4.54226068518,0.409911330126,0.224917600527,6.18508328604,1.11633210529,0.59090309822,5.1131344735,0.922858417169,0.490177982861,0.735811457249,0.407076925827,2.12097530864,1.80754891905,0.735811457249,2.12097530864,0.168286290036,0.117768595041,95,0.0122265122265,0.262736167623,37,37,37,1,0,0.405405405405,0.540540540541,0.0540540540541,37,322,0.241741741742,1.91327497426,17.4054054054,14,8.94444444444,4.3745441633,0.251332506276,0.113815679033,8.37610644388,0.962471858458,0.512338425382,8.41580809108,0.967033848975,0.495719321806,0.855216818931,0.446991065287,3.18045862413,1.91327497426,0.855216818931,3.18045862413,0.254562694063,0.249683372535,460,0.0592020592021,0.543702854207,37,37,37,1,0,0.378378378378,0.594594594595,0.027027027027,-20,-0.015015015015,0.187986156144,-1.08108108108,-1.54545454545,-0.826984126984,-0.993165992096,-0.0390260840007,-0.0288269636096,-1.1323850985,-0.0662245949569,-0.0321534348994,0.362494744642,0.0957689547697,0.0338890705023,0.214617248605,0.0756911625692,1.18045862413,0.187986156144,0.214617248605,1.18045862413,-0.0895087001841,-0.126885665122,-350,-0.045045045045,-0.0258739741432,-0.027027027027,0.0540540540541,-0.027027027027,315,7,27,983,0.921052631579,0.992929292929,0.00707070707071,0.0789473684211,0.978260869565,0.921052631579,0.948795180723,0.932566122093,0.913981924508,0.902578796562,117,137,0,0,0,0
2303,WLNM_dir_neg,0.966274175502,0.926361363034,00:00:04,10,60,6,1238529941,threshold_sweep,0.8,0.940170940171,0.802919708029,0.866141732283,110,7,27,267,0.802919708029,0.974452554745,0.0255474452555,0.197080291971,0.940170940171,0.802919708029,0.866141732283,0.917274939173,0.571776155718,0.806818181818,0.812078494297,0.777372262774,342,205,137,0,342,0,205,0,137,37,342,0.256756756757,1.72528881811,18.4864864865,15.5454545455,9.77142857143,5.36771015539,0.290358590277,0.142642642643,9.50849154237,1.02869645341,0.544491860281,8.05331334643,0.871264894205,0.461830251304,0.640599570326,0.371299902718,2,1.72528881811,0.640599570326,2,0.344071394247,0.376569037657,810,0.104247104247,0.56957682835,37,37,37,1,0,0.405405405405,0.540540540541,0.0540540540541,37,0.153903903904,1.80754891905,11.0810810811,9.31818181818,5.85714285714,4.54226068518,0.409911330126,0.224917600527,6.18508328604,1.11633210529,0.59090309822,5.1131344735,0.922858417169,0.490177982861,0.735811457249,0.407076925827,2.12097530864,1.80754891905,0.735811457249,2.12097530864,0.168286290036,0.117768595041,95,0.0122265122265,0.262736167623,37,37,37,1,0,0.405405405405,0.540540540541,0.0540540540541,37,322,0.241741741742,1.91327497426,17.4054054054,14,8.94444444444,4.3745441633,0.251332506276,0.113815679033,8.37610644388,0.962471858458,0.512338425382,8.41580809108,0.967033848975,0.495719321806,0.855216818931,0.446991065287,3.18045862413,1.91327497426,0.855216818931,3.18045862413,0.254562694063,0.249683372535,460,0.0592020592021,0.543702854207,37,37,37,1,0,0.378378378378,0.594594594595,0.027027027027,-20,-0.015015015015,0.187986156144,-1.08108108108,-1.54545454545,-0.826984126984,-0.993165992096,-0.0390260840007,-0.0288269636096,-1.1323850985,-0.0662245949569,-0.0321534348994,0.362494744642,0.0957689547697,0.0338890705023,0.214617248605,0.0756911625692,1.18045862413,0.187986156144,0.214617248605,1.18045862413,-0.0895087001841,-0.126885665122,-350,-0.045045045045,-0.0258739741432,-0.027027027027,0.0540540540541,-0.027027027027,315,7,27,983,0.921052631579,0.992929292929,0.00707070707071,0.0789473684211,0.978260869565,0.921052631579,0.948795180723,0.932566122093,0.913981924508,0.902578796562,117,137,0,0,0,0
2304,WLNM_dir_neg,0.966274175502,0.926361363034,00:00:04,10,60,6,1238529941,threshold_sweep,0.9,0.95652173913,0.802919708029,0.873015873016,110,5,27,269,0.802919708029,0.981751824818,0.0182481751825,0.197080291971,0.95652173913,0.802919708029,0.873015873016,0.922141119221,0.573398215734,0.817490494297,0.82400279796,0.784671532847,342,205,137,0,342,0,205,0,137,37,342,0.256756756757,1.72528881811,18.4864864865,15.5454545455,9.77142857143,5.36771015539,0.290358590277,0.142642642643,9.50849154237,1.02869645341,0.544491860281,8.05331334643,0.871264894205,0.461830251304,0.640599570326,0.371299902718,2,1.72528881811,0.640599570326,2,0.344071394247,0.376569037657,810,0.104247104247,0.56957682835,37,37,37,1,0,0.405405405405,0.540540540541,0.0540540540541,37,0.153903903904,1.80754891905,11.0810810811,9.31818181818,5.85714285714,4.54226068518,0.409911330126,0.224917600527,6.18508328604,1.11633210529,0.59090309822,5.1131344735,0.922858417169,0.490177982861,0.735811457249,0.407076925827,2.12097530864,1.80754891905,0.735811457249,2.12097530864,0.168286290036,0.117768595041,95,0.0122265122265,0.262736167623,37,37,37,1,0,0.405405405405,0.540540540541,0.0540540540541,37,320,0.24024024024,1.94620208504,17.2972972973,13.9130434783,8.88888888889,4.50841721958,0.260642870507,0.116554054054,8.41366684566,0.97283022903,0.515878378378,8.34737555635,0.965165298702,0.494932432432,0.911887303502,0.468547079727,3.18255578093,1.94620208504,0.911887303502,3.18255578093,0.243373951141,0.249498449754,456,0.0586872586873,0.535966057942,37,37,37,1,0,0.378378378378,0.594594594595,0.027027027027,-22,-0.0165165165165,0.220913266921,-1.18918918919,-1.63241106719,-0.88253968254,-0.859292935811,-0.02971571977,-0.0260885885886,-1.09482469671,-0.0558662243852,-0.028613481903,0.294062209912,0.0939004044976,0.0331021811285,0.271287733176,0.0972471770093,1.18255578093,0.220913266921,0.271287733176,1.18255578093,-0.100697443107,-0.127070587903,-354,-0.0455598455598,-0.0336107704081,-0.027027027027,0.0540540540541,-0.027027027027,315,5,27,985,0.921052631579,0.994949494949,0.00505050505051,0.0789473684211,0.984375,0.921052631579,0.95166163142,0.936616677936,0.916002126528,0.907780979827,115,137,0,0,0,0
2305,WLNM_dir_neg,0.967113325164,0.863807556138,00:00:04,10,60,7,1238529942,threshold_sweep,0.1,0.955752212389,0.788321167883,0.864,108,5,29,269,0.788321167883,0.981751824818,0.0182481751825,0.211678832117,0.955752212389,0.788321167883,0.864,0.917274939173,0.57502027575,0.80534351145,0.813055334681,0.770072992701,342,205,137,0,342,0,205,0,137,37,342,0.256756756757,1.72528881811,18.4864864865,15.5454545455,9.77142857143,5.36771015539,0.290358590277,0.142642642643,9.50849154237,1.02869645341,0.544491860281,8.05331334643,0.871264894205,0.461830251304,0.640599570326,0.371299902718,2,1.72528881811,0.640599570326,2,0.344071394247,0.376569037657,810,0.104247104247,0.56957682835,37,37,37,1,0,0.405405405405,0.540540540541,0.0540540540541,37,0.153903903904,1.80202717328,11.0810810811,9.31818181818,5.85714285714,4.00956064633,0.361838399791,0.197758734344,6.06261125714,1.09422739763,0.583520105471,5.07496357182,0.915969034913,0.48147659855,0.72942048188,0.404777737371,2,1.80202717328,0.72942048188,2,0.11713877008,0.0935098206661,73,0.00939510939511,0.263933125419,37,37,37,1,0,0.405405405405,0.540540540541,0.0540540540541,37,318,0.238738738739,1.81107155019,17.1891891892,14.4545454545,8.83333333333,4.72486236036,0.274874068134,0.124851266361,8.44412833295,0.982492919242,0.51980282169,8.02585910756,0.93382637415,0.487676355601,0.782161053178,0.431877499867,2.77937112555,1.81107155019,0.782161053178,2.77937112555,0.277416652588,0.278890317839,506,0.0651222651223,0.558028591514,37,37,37,1,0,0.405405405405,0.567567567568,0.027027027027,-24,-0.018018018018,0.0857827320781,-1.2972972973,-1.09090909091,-0.938095238095,-0.642847795036,-0.0154845221431,-0.0177913762819,-1.06436320943,-0.0462035341724,-0.0246890385917,-0.0274542388736,0.0625614799453,0.0258461042969,0.141561482852,0.0605775971494,0.779371125551,0.0857827320781,0.141561482852,0.779371125551,-0.0666547416591,-0.0976787198175,-304,-0.0391248391248,-0.0115482368362,0,0.027027027027,-0.027027027027,313,5,29,985,0.915204678363,0.994949494949,0.00505050505051,0.0847953216374,0.98427672956,0.915204678363,0.948484848485,0.93263793767,0.910154173312,0.902017291066,113,137,0,0,0,0
2306,WLNM_dir_neg,0.967113325164,0.863807556138,00:00:04,10,60,7,1238529942,threshold_sweep,0.2,0.955752212389,0.788321167883,0.864,108,5,29,269,0.788321167883,0.981751824818,0.0182481751825,0.211678832117,0.955752212389,0.788321167883,0.864,0.917274939173,0.57502027575,0.80534351145,0.813055334681,0.770072992701,342,205,137,0,342,0,205,0,137,37,342,0.256756756757,1.72528881811,18.4864864865,15.5454545455,9.77142857143,5.36771015539,0.290358590277,0.142642642643,9.50849154237,1.02869645341,0.544491860281,8.05331334643,0.871264894205,0.461830251304,0.640599570326,0.371299902718,2,1.72528881811,0.640599570326,2,0.344071394247,0.376569037657,810,0.104247104247,0.56957682835,37,37,37,1,0,0.405405405405,0.540540540541,0.0540540540541,37,0.153903903904,1.80202717328,11.0810810811,9.31818181818,5.85714285714,4.00956064633,0.361838399791,0.197758734344,6.06261125714,1.09422739763,0.583520105471,5.07496357182,0.915969034913,0.48147659855,0.72942048188,0.404777737371,2,1.80202717328,0.72942048188,2,0.11713877008,0.0935098206661,73,0.00939510939511,0.263933125419,37,37,37,1,0,0.405405405405,0.540540540541,0.0540540540541,37,318,0.238738738739,1.81107155019,17.1891891892,14.4545454545,8.83333333333,4.72486236036,0.274874068134,0.124851266361,8.44412833295,0.982492919242,0.51980282169,8.02585910756,0.93382637415,0.487676355601,0.782161053178,0.431877499867,2.77937112555,1.81107155019,0.782161053178,2.77937112555,0.277416652588,0.278890317839,506,0.0651222651223,0.558028591514,37,37,37,1,0,0.405405405405,0.567567567568,0.027027027027,-24,-0.018018018018,0.0857827320781,-1.2972972973,-1.09090909091,-0.938095238095,-0.642847795036,-0.0154845221431,-0.0177913762819,-1.06436320943,-0.0462035341724,-0.0246890385917,-0.0274542388736,0.0625614799453,0.0258461042969,0.141561482852,0.0605775971494,0.779371125551,0.0857827320781,0.141561482852,0.779371125551,-0.0666547416591,-0.0976787198175,-304,-0.0391248391248,-0.0115482368362,0,0.027027027027,-0.027027027027,313,5,29,985,0.915204678363,0.994949494949,0.00505050505051,0.0847953216374,0.98427672956,0.915204678363,0.948484848485,0.93263793767,0.910154173312,0.902017291066,113,137,0,0,0,0
2307,WLNM_dir_neg,0.967113325164,0.863807556138,00:00:04,10,60,7,1238529942,threshold_sweep,0.3,0.964285714286,0.788321167883,0.867469879518,108,4,29,270,0.788321167883,0.985401459854,0.014598540146,0.211678832117,0.964285714286,0.788321167883,0.867469879518,0.919708029197,0.575831305758,0.810707456979,0.819174184749,0.773722627737,342,205,137,0,342,0,205,0,137,37,342,0.256756756757,1.72528881811,18.4864864865,15.5454545455,9.77142857143,5.36771015539,0.290358590277,0.142642642643,9.50849154237,1.02869645341,0.544491860281,8.05331334643,0.871264894205,0.461830251304,0.640599570326,0.371299902718,2,1.72528881811,0.640599570326,2,0.344071394247,0.376569037657,810,0.104247104247,0.56957682835,37,37,37,1,0,0.405405405405,0.540540540541,0.0540540540541,37,0.153903903904,1.80202717328,11.0810810811,9.31818181818,5.85714285714,4.00956064633,0.361838399791,0.197758734344,6.06261125714,1.09422739763,0.583520105471,5.07496357182,0.915969034913,0.48147659855,0.72942048188,0.404777737371,2,1.80202717328,0.72942048188,2,0.11713877008,0.0935098206661,73,0.00939510939511,0.263933125419,37,37,37,1,0,0.405405405405,0.540540540541,0.0540540540541,37,317,0.237987987988,1.79587554543,17.1351351351,14.4090909091,9.05714285714,4.75606140836,0.27756194339,0.127291329184,8.46410899866,0.987924394165,0.521613095746,8.05377944591,0.940031039428,0.492113564669,0.754328161533,0.420033650692,2.62748643761,1.79587554543,0.754328161533,2.62748643761,0.275787081841,0.279726735598,505,0.0649935649936,0.558105136316,37,37,37,1,0,0.405405405405,0.540540540541,0.0540540540541,-25,-0.0187687687688,0.0705867273112,-1.35135135135,-1.13636363636,-0.714285714286,-0.61164874703,-0.0127966468869,-0.0153513134586,-1.04438254372,-0.0407720592498,-0.0228787645357,0.000466099475821,0.0687661452231,0.0302833133648,0.113728591207,0.0487337479739,0.627486437613,0.0705867273112,0.113728591207,0.627486437613,-0.0682843124064,-0.0968423020587,-305,-0.0392535392535,-0.0114716920334,0,0,0,313,4,29,986,0.915204678363,0.99595959596,0.0040404040404,0.0847953216374,0.98738170347,0.915204678363,0.949924127466,0.93468372637,0.911164274322,0.904624277457,112,137,0,0,0,0
2308,WLNM_dir_neg,0.967113325164,0.863807556138,00:00:04,10,60,7,1238529942,threshold_sweep,0.4,0.964285714286,0.788321167883,0.867469879518,108,4,29,270,0.788321167883,0.985401459854,0.014598540146,0.211678832117,0.964285714286,0.788321167883,0.867469879518,0.919708029197,0.575831305758,0.810707456979,0.819174184749,0.773722627737,342,205,137,0,342,0,205,0,137,37,342,0.256756756757,1.72528881811,18.4864864865,15.5454545455,9.77142857143,5.36771015539,0.290358590277,0.142642642643,9.50849154237,1.02869645341,0.544491860281,8.05331334643,0.871264894205,0.461830251304,0.640599570326,0.371299902718,2,1.72528881811,0.640599570326,2,0.344071394247,0.376569037657,810,0.104247104247,0.56957682835,37,37,37,1,0,0.405405405405,0.540540540541,0.0540540540541,37,0.153903903904,1.80202717328,11.0810810811,9.31818181818,5.85714285714,4.00956064633,0.361838399791,0.197758734344,6.06261125714,1.09422739763,0.583520105471,5.07496357182,0.915969034913,0.48147659855,0.72942048188,0.404777737371,2,1.80202717328,0.72942048188,2,0.11713877008,0.0935098206661,73,0.00939510939511,0.263933125419,37,37,37,1,0,0.405405405405,0.540540540541,0.0540540540541,37,317,0.237987987988,1.79587554543,17.1351351351,14.4090909091,9.05714285714,4.75606140836,0.27756194339,0.127291329184,8.46410899866,0.987924394165,0.521613095746,8.05377944591,0.940031039428,0.492113564669,0.754328161533,0.420033650692,2.62748643761,1.79587554543,0.754328161533,2.62748643761,0.275787081841,0.279726735598,505,0.0649935649936,0.558105136316,37,37,37,1,0,0.405405405405,0.540540540541,0.0540540540541,-25,-0.0187687687688,0.0705867273112,-1.35135135135,-1.13636363636,-0.714285714286,-0.61164874703,-0.0127966468869,-0.0153513134586,-1.04438254372,-0.0407720592498,-0.0228787645357,0.000466099475821,0.0687661452231,0.0302833133648,0.113728591207,0.0487337479739,0.627486437613,0.0705867273112,0.113728591207,0.627486437613,-0.0682843124064,-0.0968423020587,-305,-0.0392535392535,-0.0114716920334,0,0,0,313,4,29,986,0.915204678363,0.99595959596,0.0040404040404,0.0847953216374,0.98738170347,0.915204678363,0.949924127466,0.93468372637,0.911164274322,0.904624277457,112,137,0,0,0,0
2309,WLNM_dir_neg,0.967113325164,0.863807556138,00:00:04,10,60,7,1238529942,threshold_sweep,0.5,0.964285714286,0.788321167883,0.867469879518,108,4,29,270,0.788321167883,0.985401459854,0.014598540146,0.211678832117,0.964285714286,0.788321167883,0.867469879518,0.919708029197,0.575831305758,0.810707456979,0.819174184749,0.773722627737,342,205,137,0,342,0,205,0,137,37,342,0.256756756757,1.72528881811,18.4864864865,15.5454545455,9.77142857143,5.36771015539,0.290358590277,0.142642642643,9.50849154237,1.02869645341,0.544491860281,8.05331334643,0.871264894205,0.461830251304,0.640599570326,0.371299902718,2,1.72528881811,0.640599570326,2,0.344071394247,0.376569037657,810,0.104247104247,0.56957682835,37,37,37,1,0,0.405405405405,0.540540540541,0.0540540540541,37,0.153903903904,1.80202717328,11.0810810811,9.31818181818,5.85714285714,4.00956064633,0.361838399791,0.197758734344,6.06261125714,1.09422739763,0.583520105471,5.07496357182,0.915969034913,0.48147659855,0.72942048188,0.404777737371,2,1.80202717328,0.72942048188,2,0.11713877008,0.0935098206661,73,0.00939510939511,0.263933125419,37,37,37,1,0,0.405405405405,0.540540540541,0.0540540540541,37,317,0.237987987988,1.79587554543,17.1351351351,14.4090909091,9.05714285714,4.75606140836,0.27756194339,0.127291329184,8.46410899866,0.987924394165,0.521613095746,8.05377944591,0.940031039428,0.492113564669,0.754328161533,0.420033650692,2.62748643761,1.79587554543,0.754328161533,2.62748643761,0.275787081841,0.279726735598,505,0.0649935649936,0.558105136316,37,37,37,1,0,0.405405405405,0.540540540541,0.0540540540541,-25,-0.0187687687688,0.0705867273112,-1.35135135135,-1.13636363636,-0.714285714286,-0.61164874703,-0.0127966468869,-0.0153513134586,-1.04438254372,-0.0407720592498,-0.0228787645357,0.000466099475821,0.0687661452231,0.0302833133648,0.113728591207,0.0487337479739,0.627486437613,0.0705867273112,0.113728591207,0.627486437613,-0.0682843124064,-0.0968423020587,-305,-0.0392535392535,-0.0114716920334,0,0,0,313,4,29,986,0.915204678363,0.99595959596,0.0040404040404,0.0847953216374,0.98738170347,0.915204678363,0.949924127466,0.93468372637,0.911164274322,0.904624277457,112,137,0,0,0,0
2310,WLNM_dir_neg,0.967113325164,0.863807556138,00:00:04,10,60,7,1238529942,threshold_sweep,0.6,0.964285714286,0.788321167883,0.867469879518,108,4,29,270,0.788321167883,0.985401459854,0.014598540146,0.211678832117,0.964285714286,0.788321167883,0.867469879518,0.919708029197,0.575831305758,0.810707456979,0.819174184749,0.773722627737,342,205,137,0,342,0,205,0,137,37,342,0.256756756757,1.72528881811,18.4864864865,15.5454545455,9.77142857143,5.36771015539,0.290358590277,0.142642642643,9.50849154237,1.02869645341,0.544491860281,8.05331334643,0.871264894205,0.461830251304,0.640599570326,0.371299902718,2,1.72528881811,0.640599570326,2,0.344071394247,0.376569037657,810,0.104247104247,0.56957682835,37,37,37,1,0,0.405405405405,0.540540540541,0.0540540540541,37,0.153903903904,1.80202717328,11.0810810811,9.31818181818,5.85714285714,4.00956064633,0.361838399791,0.197758734344,6.06261125714,1.09422739763,0.583520105471,5.07496357182,0.915969034913,0.48147659855,0.72942048188,0.404777737371,2,1.80202717328,0.72942048188,2,0.11713877008,0.0935098206661,73,0.00939510939511,0.263933125419,37,37,37,1,0,0.405405405405,0.540540540541,0.0540540540541,37,317,0.237987987988,1.79587554543,17.1351351351,14.4090909091,9.05714285714,4.75606140836,0.27756194339,0.127291329184,8.46410899866,0.987924394165,0.521613095746,8.05377944591,0.940031039428,0.492113564669,0.754328161533,0.420033650692,2.62748643761,1.79587554543,0.754328161533,2.62748643761,0.275787081841,0.279726735598,505,0.0649935649936,0.558105136316,37,37,37,1,0,0.405405405405,0.540540540541,0.0540540540541,-25,-0.0187687687688,0.0705867273112,-1.35135135135,-1.13636363636,-0.714285714286,-0.61164874703,-0.0127966468869,-0.0153513134586,-1.04438254372,-0.0407720592498,-0.0228787645357,0.000466099475821,0.0687661452231,0.0302833133648,0.113728591207,0.0487337479739,0.627486437613,0.0705867273112,0.113728591207,0.627486437613,-0.0682843124064,-0.0968423020587,-305,-0.0392535392535,-0.0114716920334,0,0,0,313,4,29,986,0.915204678363,0.99595959596,0.0040404040404,0.0847953216374,0.98738170347,0.915204678363,0.949924127466,0.93468372637,0.911164274322,0.904624277457,112,137,0,0,0,0
2311,WLNM_dir_neg,0.967113325164,0.863807556138,00:00:04,10,60,7,1238529942,threshold_sweep,0.7,0.971428571429,0.744525547445,0.842975206612,102,3,35,271,0.744525547445,0.989051094891,0.0109489051095,0.255474452555,0.971428571429,0.744525547445,0.842975206612,0.907542579075,0.581508515815,0.779069767442,0.792913289455,0.733576642336,342,205,137,0,342,0,205,0,137,37,342,0.256756756757,1.72528881811,18.4864864865,15.5454545455,9.77142857143,5.36771015539,0.290358590277,0.142642642643,9.50849154237,1.02869645341,0.544491860281,8.05331334643,0.871264894205,0.461830251304,0.640599570326,0.371299902718,2,1.72528881811,0.640599570326,2,0.344071394247,0.376569037657,810,0.104247104247,0.56957682835,37,37,37,1,0,0.405405405405,0.540540540541,0.0540540540541,37,0.153903903904,1.80202717328,11.0810810811,9.31818181818,5.85714285714,4.00956064633,0.361838399791,0.197758734344,6.06261125714,1.09422739763,0.583520105471,5.07496357182,0.915969034913,0.48147659855,0.72942048188,0.404777737371,2,1.80202717328,0.72942048188,2,0.11713877008,0.0935098206661,73,0.00939510939511,0.263933125419,37,37,37,1,0,0.405405405405,0.540540540541,0.0540540540541,37,310,0.232732732733,1.79465101793,16.7567567568,14.0909090909,8.85714285714,4.78077983763,0.285304603213,0.135745422842,8.3710856569,0.999129578404,0.530950305144,7.87171925083,0.939527781551,0.493286835222,0.753677886838,0.419957907864,2.62748643761,1.79465101793,0.753677886838,2.62748643761,0.277489884493,0.279456771232,487,0.062676962677,0.53450365113,37,37,37,1,0,0.405405405405,0.540540540541,0.0540540540541,-32,-0.024024024024,0.0693621998188,-1.72972972973,-1.45454545455,-0.914285714286,-0.586930317767,-0.00505398706393,-0.00689721980045,-1.13740588548,-0.0295668750112,-0.0135415551375,-0.181594095599,0.0682628873464,0.0314565839184,0.113078316512,0.0486580051468,0.627486437613,0.0693621998188,0.113078316512,0.627486437613,-0.0665815097546,-0.0971122664251,-323,-0.0415701415701,-0.0350731772194,0,0,0,307,3,35,987,0.897660818713,0.99696969697,0.0030303030303,0.102339181287,0.990322580645,0.897660818713,0.941717791411,0.924843105427,0.894630515683,0.889855072464,105,137,0,0,0,0
2312,WLNM_dir_neg,0.967113325164,0.863807556138,00:00:04,10,60,7,1238529942,threshold_sweep,0.8,0.971428571429,0.744525547445,0.842975206612,102,3,35,271,0.744525547445,0.989051094891,0.0109489051095,0.255474452555,0.971428571429,0.744525547445,0.842975206612,0.907542579075,0.581508515815,0.779069767442,0.792913289455,0.733576642336,342,205,137,0,342,0,205,0,137,37,342,0.256756756757,1.72528881811,18.4864864865,15.5454545455,9.77142857143,5.36771015539,0.290358590277,0.142642642643,9.50849154237,1.02869645341,0.544491860281,8.05331334643,0.871264894205,0.461830251304,0.640599570326,0.371299902718,2,1.72528881811,0.640599570326,2,0.344071394247,0.376569037657,810,0.104247104247,0.56957682835,37,37,37,1,0,0.405405405405,0.540540540541,0.0540540540541,37,0.153903903904,1.80202717328,11.0810810811,9.31818181818,5.85714285714,4.00956064633,0.361838399791,0.197758734344,6.06261125714,1.09422739763,0.583520105471,5.07496357182,0.915969034913,0.48147659855,0.72942048188,0.404777737371,2,1.80202717328,0.72942048188,2,0.11713877008,0.0935098206661,73,0.00939510939511,0.263933125419,37,37,37,1,0,0.405405405405,0.540540540541,0.0540540540541,37,310,0.232732732733,1.79465101793,16.7567567568,14.0909090909,8.85714285714,4.78077983763,0.285304603213,0.135745422842,8.3710856569,0.999129578404,0.530950305144,7.87171925083,0.939527781551,0.493286835222,0.753677886838,0.419957907864,2.62748643761,1.79465101793,0.753677886838,2.62748643761,0.277489884493,0.279456771232,487,0.062676962677,0.53450365113,37,37,37,1,0,0.405405405405,0.540540540541,0.0540540540541,-32,-0.024024024024,0.0693621998188,-1.72972972973,-1.45454545455,-0.914285714286,-0.586930317767,-0.00505398706393,-0.00689721980045,-1.13740588548,-0.0295668750112,-0.0135415551375,-0.181594095599,0.0682628873464,0.0314565839184,0.113078316512,0.0486580051468,0.627486437613,0.0693621998188,0.113078316512,0.627486437613,-0.0665815097546,-0.0971122664251,-323,-0.0415701415701,-0.0350731772194,0,0,0,307,3,35,987,0.897660818713,0.99696969697,0.0030303030303,0.102339181287,0.990322580645,0.897660818713,0.941717791411,0.924843105427,0.894630515683,0.889855072464,105,137,0,0,0,0
2313,WLNM_dir_neg,0.967113325164,0.863807556138,00:00:04,10,60,7,1238529942,threshold_sweep,0.9,0.971153846154,0.737226277372,0.838174273859,101,3,36,271,0.737226277372,0.989051094891,0.0109489051095,0.262773722628,0.971153846154,0.737226277372,0.838174273859,0.905109489051,0.582319545823,0.772815533981,0.787503007754,0.726277372263,342,205,137,0,342,0,205,0,137,37,342,0.256756756757,1.72528881811,18.4864864865,15.5454545455,9.77142857143,5.36771015539,0.290358590277,0.142642642643,9.50849154237,1.02869645341,0.544491860281,8.05331334643,0.871264894205,0.461830251304,0.640599570326,0.371299902718,2,1.72528881811,0.640599570326,2,0.344071394247,0.376569037657,810,0.104247104247,0.56957682835,37,37,37,1,0,0.405405405405,0.540540540541,0.0540540540541,37,0.153903903904,1.80202717328,11.0810810811,9.31818181818,5.85714285714,4.00956064633,0.361838399791,0.197758734344,6.06261125714,1.09422739763,0.583520105471,5.07496357182,0.915969034913,0.48147659855,0.72942048188,0.404777737371,2,1.80202717328,0.72942048188,2,0.11713877008,0.0935098206661,73,0.00939510939511,0.263933125419,37,37,37,1,0,0.405405405405,0.540540540541,0.0540540540541,37,309,0.231981981982,1.79331595977,16.7027027027,14.0454545455,8.82857142857,4.74847849822,0.28429402012,0.134522872387,8.33405402289,0.997928798857,0.529869675501,7.89238809169,0.94504323428,0.495408029389,0.752307152545,0.41950619379,2.62748643761,1.79331595977,0.752307152545,2.62748643761,0.273503852801,0.273357734541,473,0.0608751608752,0.535604392376,37,37,37,1,0,0.405405405405,0.540540540541,0.0540540540541,-33,-0.0247747747748,0.0680271416531,-1.78378378378,-1.5,-0.942857142857,-0.619231657174,-0.00606457015722,-0.00811977025569,-1.17443751948,-0.0307676545574,-0.0146221847806,-0.160925254748,0.0737783400747,0.0335777780847,0.111707582218,0.0482062910719,0.627486437613,0.0680271416531,0.111707582218,0.627486437613,-0.0705675414462,-0.103211303116,-337,-0.0433719433719,-0.0339724359741,0,0,0,306,3,36,987,0.894736842105,0.99696969697,0.0030303030303,0.105263157895,0.990291262136,0.894736842105,0.940092165899,0.922859410626,0.891706539075,0.886956521739,104,137,0,0,0,0
2314,WLNM_dir_neg,0.991834940594,0.204602968873,00:00:04,10,60,8,1238529943,threshold_sweep,0.1,0.968,0.883211678832,0.923664122137,121,4,16,270,0.883211678832,0.985401459854,0.014598540146,0.116788321168,0.968,0.883211678832,0.923664122137,0.951338199513,0.565287915653,0.888059701493,0.890069534488,0.868613138686,342,205,137,0,342,0,205,0,137,37,342,0.256756756757,1.72528881811,18.4864864865,15.5454545455,9.77142857143,5.36771015539,0.290358590277,0.142642642643,9.50849154237,1.02869645341,0.544491860281,8.05331334643,0.871264894205,0.461830251304,0.640599570326,0.371299902718,2,1.72528881811,0.640599570326,2,0.344071394247,0.376569037657,810,0.104247104247,0.56957682835,37,37,37,1,0,0.405405405405,0.540540540541,0.0540540540541,37,0.153903903904,1.80832992771,11.0810810811,9.31818181818,5.85714285714,4.35493575905,0.393006397768,0.216743572841,6.14904958598,1.10982846186,0.588529993408,5.01993024849,0.906036191191,0.486222808174,0.733923550587,0.405857105687,2,1.80832992771,0.733923550587,2,0.143636385974,0.115529510255,92,0.0118404118404,0.261963219732,37,37,37,1,0,0.405405405405,0.540540540541,0.0540540540541,37,330,0.247747747748,1.86432668826,17.8378378378,14.347826087,9.42857142857,4.93014262535,0.276386783542,0.132022932023,8.85493703591,0.992826273723,0.528255528256,8.27438610807,0.927734199996,0.48665028665,0.723197887334,0.387913712703,2.35722848274,1.86432668826,0.723197887334,2.35722848274,0.287721236,0.314266373329,619,0.0796653796654,0.531258394144,37,37,37,1,0,0.378378378378,0.567567567568,0.0540540540541,-12,-0.00900900900901,0.139037870141,-0.648648648649,-1.1976284585,-0.342857142857,-0.437567530042,-0.0139718067347,-0.0106197106197,-0.653554506466,-0.0358701796917,-0.0162363320258,0.221072761638,0.0564693057911,0.0248200353464,0.0825983170075,0.0166138099857,0.357228482737,0.139037870141,0.0825983170075,0.357228482737,-0.0563501582478,-0.0623026643281,-191,-0.0245817245817,-0.0383184342061,-0.027027027027,0.027027027027,0,326,4,16,986,0.953216374269,0.99595959596,0.0040404040404,0.046783625731,0.987878787879,0.953216374269,0.970238095238,0.960476082177,0.949175970229,0.942196531792,125,137,0,0,0,0
2315,WLNM_dir_neg,0.991834940594,0.204602968873,00:00:04,10,60,8,1238529943,threshold_sweep,0.2,0.975806451613,0.883211678832,0.927203065134,121,3,16,271,0.883211678832,0.989051094891,0.0109489051095,0.116788321168,0.975806451613,0.883211678832,0.927203065134,0.953771289538,0.566098945661,0.893457943925,0.895841365575,0.872262773723,342,205,137,0,342,0,205,0,137,37,342,0.256756756757,1.72528881811,18.4864864865,15.5454545455,9.77142857143,5.36771015539,0.290358590277,0.142642642643,9.50849154237,1.02869645341,0.544491860281,8.05331334643,0.871264894205,0.461830251304,0.640599570326,0.371299902718,2,1.72528881811,0.640599570326,2,0.344071394247,0.376569037657,810,0.104247104247,0.56957682835,37,37,37,1,0,0.405405405405,0.540540540541,0.0540540540541,37,0.153903903904,1.80832992771,11.0810810811,9.31818181818,5.85714285714,4.35493575905,0.393006397768,0.216743572841,6.14904958598,1.10982846186,0.588529993408,5.01993024849,0.906036191191,0.486222808174,0.733923550587,0.405857105687,2,1.80832992771,0.733923550587,2,0.143636385974,0.115529510255,92,0.0118404118404,0.261963219732,37,37,37,1,0,0.405405405405,0.540540540541,0.0540540540541,37,329,0.246996996997,1.71919773102,17.7837837838,14.9545454545,9.4,4.89407314534,0.275198641911,0.130452641091,8.88126549974,0.998804934621,0.530518360306,8.28581044042,0.931838864121,0.487965168816,0.630493606935,0.366737109733,2,1.71919773102,0.630493606935,2,0.287721236,0.314266373329,619,0.0796653796654,0.58079800254,37,37,37,1,0,0.405405405405,0.540540540541,0.0540540540541,-13,-0.00975975975976,-0.00609108709172,-0.702702702703,-0.590909090909,-0.371428571429,-0.473637010052,-0.0151599483658,-0.0121900015517,-0.627226042634,-0.0298915187936,-0.0139734999757,0.232497093991,0.0605739699159,0.0261349175123,-0.0101059633907,-0.00456279298453,0,-0.00609108709172,-0.0101059633907,0,-0.0563501582478,-0.0623026643281,-191,-0.0245817245817,0.0112211741905,0,0,0,326,3,16,987,0.953216374269,0.99696969697,0.0030303030303,0.046783625731,0.990881458967,0.953216374269,0.971684053651,0.962478184653,0.950186071239,0.944927536232,124,137,0,0,0,0
2316,WLNM_dir_neg,0.991834940594,0.204602968873,00:00:04,10,60,8,1238529943,threshold_sweep,0.3,0.983739837398,0.883211678832,0.930769230769,121,2,16,272,0.883211678832,0.992700729927,0.00729927007299,0.116788321168,0.983739837398,0.883211678832,0.930769230769,0.956204379562,0.566909975669,0.898876404494,0.901669634667,0.875912408759,342,205,137,0,342,0,205,0,137,37,342,0.256756756757,1.72528881811,18.4864864865,15.5454545455,9.77142857143,5.36771015539,0.290358590277,0.142642642643,9.50849154237,1.02869645341,0.544491860281,8.05331334643,0.871264894205,0.461830251304,0.640599570326,0.371299902718,2,1.72528881811,0.640599570326,2,0.344071394247,0.376569037657,810,0.104247104247,0.56957682835,37,37,37,1,0,0.405405405405,0.540540540541,0.0540540540541,37,0.153903903904,1.80832992771,11.0810810811,9.31818181818,5.85714285714,4.35493575905,0.393006397768,0.216743572841,6.14904958598,1.10982846186,0.588529993408,5.01993024849,0.906036191191,0.486222808174,0.733923550587,0.405857105687,2,1.80832992771,0.733923550587,2,0.143636385974,0.115529510255,92,0.0118404118404,0.261963219732,37,37,37,1,0,0.405405405405,0.540540540541,0.0540540540541,37,328,0.246246246246,1.71728665935,17.7297297297,14.9090909091,9.37142857143,4.86283324279,0.274275655462,0.130191166777,8.85425874356,0.99880357778,0.530323005933,8.30716612384,0.93708886153,0.490112063283,0.629113269218,0.366341440897,2,1.71728665935,0.629113269218,2,0.282540827417,0.308740841711,604,0.0777348777349,0.583267691784,37,37,37,1,0,0.405405405405,0.540540540541,0.0540540540541,-14,-0.0105105105105,-0.00800215876565,-0.756756756757,-0.636363636364,-0.4,-0.504876912607,-0.0160829348151,-0.0124514758661,-0.654232798815,-0.0298928756352,-0.0141688543486,0.253852777402,0.0658239673254,0.0282818119789,-0.0114863011076,-0.00495846182118,0,-0.00800215876565,-0.0114863011076,0,-0.0615305668304,-0.0678281959462,-206,-0.0265122265122,0.013690863434,0,0,0,326,2,16,988,0.953216374269,0.99797979798,0.0020202020202,0.046783625731,0.993902439024,0.953216374269,0.973134328358,0.964488305192,0.951196172249,0.947674418605,123,137,0,0,0,0
2317,WLNM_dir_neg,0.991834940594,0.204602968873,00:00:04,10,60,8,1238529943,threshold_sweep,0.4,0.983739837398,0.883211678832,0.930769230769,121,2,16,272,0.883211678832,0.992700729927,0.00729927007299,0.116788321168,0.983739837398,0.883211678832,0.930769230769,0.956204379562,0.566909975669,0.898876404494,0.901669634667,0.875912408759,342,205,137,0,342,0,205,0,137,37,342,0.256756756757,1.72528881811,18.4864864865,15.5454545455,9.77142857143,5.36771015539,0.290358590277,0.142642642643,9.50849154237,1.02869645341,0.544491860281,8.05331334643,0.871264894205,0.461830251304,0.640599570326,0.371299902718,2,1.72528881811,0.640599570326,2,0.344071394247,0.376569037657,810,0.104247104247,0.56957682835,37,37,37,1,0,0.405405405405,0.540540540541,0.0540540540541,37,0.153903903904,1.80832992771,11.0810810811,9.31818181818,5.85714285714,4.35493575905,0.393006397768,0.216743572841,6.14904958598,1.10982846186,0.588529993408,5.01993024849,0.906036191191,0.486222808174,0.733923550587,0.405857105687,2,1.80832992771,0.733923550587,2,0.143636385974,0.115529510255,92,0.0118404118404,0.261963219732,37,37,37,1,0,0.405405405405,0.540540540541,0.0540540540541,37,328,0.246246246246,1.71728665935,17.7297297297,14.9090909091,9.37142857143,4.86283324279,0.274275655462,0.130191166777,8.85425874356,0.99880357778,0.530323005933,8.30716612384,0.93708886153,0.490112063283,0.629113269218,0.366341440897,2,1.71728665935,0.629113269218,2,0.282540827417,0.308740841711,604,0.0777348777349,0.583267691784,37,37,37,1,0,0.405405405405,0.540540540541,0.0540540540541,-14,-0.0105105105105,-0.00800215876565,-0.756756756757,-0.636363636364,-0.4,-0.504876912607,-0.0160829348151,-0.0124514758661,-0.654232798815,-0.0298928756352,-0.0141688543486,0.253852777402,0.0658239673254,0.0282818119789,-0.0114863011076,-0.00495846182118,0,-0.00800215876565,-0.0114863011076,0,-0.0615305668304,-0.0678281959462,-206,-0.0265122265122,0.013690863434,0,0,0,326,2,16,988,0.953216374269,0.99797979798,0.0020202020202,0.046783625731,0.993902439024,0.953216374269,0.973134328358,0.964488305192,0.951196172249,0.947674418605,123,137,0,0,0,0
2318,WLNM_dir_neg,0.991834940594,0.204602968873,00:00:04,10,60,8,1238529943,threshold_sweep,0.5,0.991803278689,0.883211678832,0.934362934363,121,1,16,273,0.883211678832,0.996350364964,0.0036496350365,0.116788321168,0.991803278689,0.883211678832,0.934362934363,0.958637469586,0.567721005677,0.904315196998,0.907555531289,0.879562043796,342,205,137,0,342,0,205,0,137,37,342,0.256756756757,1.72528881811,18.4864864865,15.5454545455,9.77142857143,5.36771015539,0.290358590277,0.142642642643,9.50849154237,1.02869645341,0.544491860281,8.05331334643,0.871264894205,0.461830251304,0.640599570326,0.371299902718,2,1.72528881811,0.640599570326,2,0.344071394247,0.376569037657,810,0.104247104247,0.56957682835,37,37,37,1,0,0.405405405405,0.540540540541,0.0540540540541,37,0.153903903904,1.80832992771,11.0810810811,9.31818181818,5.85714285714,4.35493575905,0.393006397768,0.216743572841,6.14904958598,1.10982846186,0.588529993408,5.01993024849,0.906036191191,0.486222808174,0.733923550587,0.405857105687,2,1.80832992771,0.733923550587,2,0.143636385974,0.115529510255,92,0.0118404118404,0.261963219732,37,37,37,1,0,0.405405405405,0.540540540541,0.0540540540541,37,327,0.245495495495,1.71528442517,17.6756756757,14.8636363636,9.34285714286,4.83076974574,0.27330042904,0.129762790313,8.82708431009,0.998783239979,0.529961153814,8.3317115539,0.942731888362,0.492767997355,0.627621041024,0.365899107936,2,1.71528442517,0.627621041024,2,0.277364532632,0.302624806999,588,0.0756756756757,0.586218381508,37,37,37,1,0,0.405405405405,0.540540540541,0.0540540540541,-15,-0.0112612612613,-0.0100043929495,-0.810810810811,-0.681818181818,-0.428571428571,-0.536940409655,-0.0170581612369,-0.0128798523294,-0.681407232286,-0.0299132134353,-0.014530706467,0.278398207467,0.0714669941571,0.0309377460512,-0.012978529302,-0.00540079478201,0,-0.0100043929495,-0.012978529302,0,-0.066706861615,-0.0739442306574,-222,-0.0285714285714,0.0166415531584,0,0,0,326,1,16,989,0.953216374269,0.99898989899,0.0010101010101,0.046783625731,0.996941896024,0.953216374269,0.974588938714,0.966506505209,0.952206273259,0.950437317784,122,137,0,0,0,0
2319,WLNM_dir_neg,0.991834940594,0.204602968873,00:00:04,10,60,8,1238529943,threshold_sweep,0.6,0.99173553719,0.875912408759,0.93023255814,120,1,17,273,0.875912408759,0.996350364964,0.0036496350365,0.124087591241,0.99173553719,0.875912408759,0.93023255814,0.956204379562,0.568532035685,0.898496240602,0.902175894775,0.872262773723,342,205,137,0,342,0,205,0,137,37,342,0.256756756757,1.72528881811,18.4864864865,15.5454545455,9.77142857143,5.36771015539,0.290358590277,0.142642642643,9.50849154237,1.02869645341,0.544491860281,8.05331334643,0.871264894205,0.461830251304,0.640599570326,0.371299902718,2,1.72528881811,0.640599570326,2,0.344071394247,0.376569037657,810,0.104247104247,0.56957682835,37,37,37,1,0,0.405405405405,0.540540540541,0.0540540540541,37,0.153903903904,1.80832992771,11.0810810811,9.31818181818,5.85714285714,4.35493575905,0.393006397768,0.216743572841,6.14904958598,1.10982846186,0.588529993408,5.01993024849,0.906036191191,0.486222808174,0.733923550587,0.405857105687,2,1.80832992771,0.733923550587,2,0.143636385974,0.115529510255,92,0.0118404118404,0.261963219732,37,37,37,1,0,0.405405405405,0.540540540541,0.0540540540541,37,326,0.244744744745,1.71415893304,17.6216216216,14.8181818182,9.31428571429,4.78627291412,0.271613646967,0.127922400929,8.79026556873,0.997668178046,0.528933841817,8.34611632184,0.947258600945,0.494279555629,0.626386909985,0.365419389014,2,1.71415893304,0.626386909985,2,0.271870520537,0.294920525225,569,0.0732303732304,0.587459293492,37,37,37,1,0,0.405405405405,0.540540540541,0.0540540540541,-16,-0.012012012012,-0.0111298850723,-0.864864864865,-0.727272727273,-0.457142857143,-0.581437241276,-0.0187449433104,-0.0147202417141,-0.718225973646,-0.031028275369,-0.0155580184641,0.292802975404,0.07599370674,0.0324493043253,-0.0142126603409,-0.00588051370382,0,-0.0111298850723,-0.0142126603409,0,-0.0722008737102,-0.0816485124323,-241,-0.0310167310167,0.0178824651419,0,0,0,325,1,17,989,0.950292397661,0.99898989899,0.0010101010101,0.0497076023392,0.996932515337,0.950292397661,0.973053892216,0.964535555602,0.949282296651,0.947521865889,121,137,0,0,0,0
2320,WLNM_dir_neg,0.991834940594,0.204602968873,00:00:04,10,60,8,1238529943,threshold_sweep,0.7,0.99173553719,0.875912408759,0.93023255814,120,1,17,273,0.875912408759,0.996350364964,0.0036496350365,0.124087591241,0.99173553719,0.875912408759,0.93023255814,0.956204379562,0.568532035685,0.898496240602,0.902175894775,0.872262773723,342,205,137,0,342,0,205,0,137,37,342,0.256756756757,1.72528881811,18.4864864865,15.5454545455,9.77142857143,5.36771015539,0.290358590277,0.142642642643,9.50849154237,1.02869645341,0.544491860281,8.05331334643,0.871264894205,0.461830251304,0.640599570326,0.371299902718,2,1.72528881811,0.640599570326,2,0.344071394247,0.376569037657,810,0.104247104247,0.56957682835,37,37,37,1,0,0.405405405405,0.540540540541,0.0540540540541,37,0.153903903904,1.80832992771,11.0810810811,9.31818181818,5.85714285714,4.35493575905,0.393006397768,0.216743572841,6.14904958598,1.10982846186,0.588529993408,5.01993024849,0.906036191191,0.486222808174,0.733923550587,0.405857105687,2,1.80832992771,0.733923550587,2,0.143636385974,0.115529510255,92,0.0118404118404,0.261963219732,37,37,37,1,0,0.405405405405,0.540540540541,0.0540540540541,37,326,0.244744744745,1.71415893304,17.6216216216,14.8181818182,9.31428571429,4.78627291412,0.271613646967,0.127922400929,8.79026556873,0.997668178046,0.528933841817,8.34611632184,0.947258600945,0.494279555629,0.626386909985,0.365419389014,2,1.71415893304,0.626386909985,2,0.271870520537,0.294920525225,569,0.0732303732304,0.587459293492,37,37,37,1,0,0.405405405405,0.540540540541,0.0540540540541,-16,-0.012012012012,-0.0111298850723,-0.864864864865,-0.727272727273,-0.457142857143,-0.581437241276,-0.0187449433104,-0.0147202417141,-0.718225973646,-0.031028275369,-0.0155580184641,0.292802975404,0.07599370674,0.0324493043253,-0.0142126603409,-0.00588051370382,0,-0.0111298850723,-0.0142126603409,0,-0.0722008737102,-0.0816485124323,-241,-0.0310167310167,0.0178824651419,0,0,0,325,1,17,989,0.950292397661,0.99898989899,0.0010101010101,0.0497076023392,0.996932515337,0.950292397661,0.973053892216,0.964535555602,0.949282296651,0.947521865889,121,137,0,0,0,0
2321,WLNM_dir_neg,0.991834940594,0.204602968873,00:00:04,10,60,8,1238529943,threshold_sweep,0.8,0.99173553719,0.875912408759,0.93023255814,120,1,17,273,0.875912408759,0.996350364964,0.0036496350365,0.124087591241,0.99173553719,0.875912408759,0.93023255814,0.956204379562,0.568532035685,0.898496240602,0.902175894775,0.872262773723,342,205,137,0,342,0,205,0,137,37,342,0.256756756757,1.72528881811,18.4864864865,15.5454545455,9.77142857143,5.36771015539,0.290358590277,0.142642642643,9.50849154237,1.02869645341,0.544491860281,8.05331334643,0.871264894205,0.461830251304,0.640599570326,0.371299902718,2,1.72528881811,0.640599570326,2,0.344071394247,0.376569037657,810,0.104247104247,0.56957682835,37,37,37,1,0,0.405405405405,0.540540540541,0.0540540540541,37,0.153903903904,1.80832992771,11.0810810811,9.31818181818,5.85714285714,4.35493575905,0.393006397768,0.216743572841,6.14904958598,1.10982846186,0.588529993408,5.01993024849,0.906036191191,0.486222808174,0.733923550587,0.405857105687,2,1.80832992771,0.733923550587,2,0.143636385974,0.115529510255,92,0.0118404118404,0.261963219732,37,37,37,1,0,0.405405405405,0.540540540541,0.0540540540541,37,326,0.244744744745,1.71415893304,17.6216216216,14.8181818182,9.31428571429,4.78627291412,0.271613646967,0.127922400929,8.79026556873,0.997668178046,0.528933841817,8.34611632184,0.947258600945,0.494279555629,0.626386909985,0.365419389014,2,1.71415893304,0.626386909985,2,0.271870520537,0.294920525225,569,0.0732303732304,0.587459293492,37,37,37,1,0,0.405405405405,0.540540540541,0.0540540540541,-16,-0.012012012012,-0.0111298850723,-0.864864864865,-0.727272727273,-0.457142857143,-0.581437241276,-0.0187449433104,-0.0147202417141,-0.718225973646,-0.031028275369,-0.0155580184641,0.292802975404,0.07599370674,0.0324493043253,-0.0142126603409,-0.00588051370382,0,-0.0111298850723,-0.0142126603409,0,-0.0722008737102,-0.0816485124323,-241,-0.0310167310167,0.0178824651419,0,0,0,325,1,17,989,0.950292397661,0.99898989899,0.0010101010101,0.0497076023392,0.996932515337,0.950292397661,0.973053892216,0.964535555602,0.949282296651,0.947521865889,121,137,0,0,0,0
2322,WLNM_dir_neg,0.991834940594,0.204602968873,00:00:04,10,60,8,1238529943,threshold_sweep,0.9,0.991596638655,0.861313868613,0.921875,118,1,19,273,0.861313868613,0.996350364964,0.0036496350365,0.138686131387,0.991596638655,0.861313868613,0.921875,0.951338199513,0.570154095702,0.88679245283,0.891431462201,0.857664233577,342,205,137,0,342,0,205,0,137,37,342,0.256756756757,1.72528881811,18.4864864865,15.5454545455,9.77142857143,5.36771015539,0.290358590277,0.142642642643,9.50849154237,1.02869645341,0.544491860281,8.05331334643,0.871264894205,0.461830251304,0.640599570326,0.371299902718,2,1.72528881811,0.640599570326,2,0.344071394247,0.376569037657,810,0.104247104247,0.56957682835,37,37,37,1,0,0.405405405405,0.540540540541,0.0540540540541,37,0.153903903904,1.80832992771,11.0810810811,9.31818181818,5.85714285714,4.35493575905,0.393006397768,0.216743572841,6.14904958598,1.10982846186,0.588529993408,5.01993024849,0.906036191191,0.486222808174,0.733923550587,0.405857105687,2,1.80832992771,0.733923550587,2,0.143636385974,0.115529510255,92,0.0118404118404,0.261963219732,37,37,37,1,0,0.405405405405,0.540540540541,0.0540540540541,37,324,0.243243243243,1.72714537961,17.5135135135,14.7272727273,9.25714285714,4.91947163842,0.280895757132,0.131131131131,8.77941217156,1.00258719243,0.52986319653,8.37458259459,0.956356654321,0.497330663997,0.648443649978,0.375442425191,2,1.72714537961,0.648443649978,2,0.275109676392,0.287828660979,551,0.0709137709138,0.588352208845,37,37,37,1,0,0.405405405405,0.540540540541,0.0540540540541,-18,-0.0135135135135,0.00185656149353,-0.972972972973,-0.818181818182,-0.514285714286,-0.448238516975,-0.00946283314522,-0.0115115115115,-0.729079370818,-0.0261092609839,-0.0146286637515,0.321269248157,0.0850917601158,0.0355004126934,0.00784407965184,0.00414252247343,0,0.00185656149353,0.00784407965184,0,-0.0689617178549,-0.0887403766783,-259,-0.0333333333333,0.0187753804956,0,0,0,323,1,19,989,0.944444444444,0.99898989899,0.0010101010101,0.0555555555556,0.996913580247,0.944444444444,0.96996996997,0.960593316875,0.943434343434,0.941690962099,119,137,0,0,0,0
2323,WLNM_dir_neg,0.956097820875,0.867757622162,00:00:04,10,60,9,1238529944,threshold_sweep,0.1,0.974137931034,0.824817518248,0.893280632411,113,3,24,271,0.824817518248,0.989051094891,0.0109489051095,0.175182481752,0.974137931034,0.824817518248,0.893280632411,0.934306569343,0.572587185726,0.846299810247,0.852412603863,0.813868613139,342,205,137,0,342,0,205,0,137,37,342,0.256756756757,1.72528881811,18.4864864865,15.5454545455,9.77142857143,5.36771015539,0.290358590277,0.142642642643,9.50849154237,1.02869645341,0.544491860281,8.05331334643,0.871264894205,0.461830251304,0.640599570326,0.371299902718,2,1.72528881811,0.640599570326,2,0.344071394247,0.376569037657,810,0.104247104247,0.56957682835,37,37,37,1,0,0.405405405405,0.540540540541,0.0540540540541,37,0.153903903904,1.83088934535,11.0810810811,9.31818181818,5.85714285714,4.07143421617,0.367422112191,0.204218852999,6.12188512449,1.10492560784,0.586420566908,4.82812704999,0.871418052924,0.470929466051,0.766251805682,0.418513444096,2.19651184023,1.83088934535,0.766251805682,2.19651184023,0.135307724007,0.0893617021277,70,0.00900900900901,0.253878025106,37,37,37,1,0,0.405405405405,0.540540540541,0.0540540540541,37,321,0.240990990991,1.73926951246,17.3513513514,14.5909090909,9.17142857143,4.73882437493,0.273109816001,0.134124778985,8.7814642352,1.01219369689,0.537004294014,8.00712895576,0.922940097704,0.485812915719,0.661092247073,0.380097645787,2,1.73926951246,0.661092247073,2,0.272876285338,0.282302619854,528,0.0679536679537,0.54962014523,37,37,37,1,0,0.405405405405,0.540540540541,0.0540540540541,-21,-0.0157657657658,0.0139806943421,-1.13513513514,-0.954545454545,-0.6,-0.628885780461,-0.0172487742763,-0.00851786365805,-0.727027307174,-0.0165027565225,-0.00748756626769,-0.0461843906777,0.0516752034991,0.0239826644155,0.0204926767473,0.00879774306888,0,0.0139806943421,0.0204926767473,0,-0.0711951089098,-0.094266417803,-282,-0.0362934362934,-0.0199566831194,0,0,0,318,3,24,987,0.929824561404,0.99696969697,0.0030303030303,0.0701754385965,0.990654205607,0.929824561404,0.9592760181,0.946642265667,0.926794258373,0.921739130435,116,137,0,0,0,0
2324,WLNM_dir_neg,0.956097820875,0.867757622162,00:00:04,10,60,9,1238529944,threshold_sweep,0.2,0.982608695652,0.824817518248,0.896825396825,113,2,24,272,0.824817518248,0.992700729927,0.00729927007299,0.175182481752,0.982608695652,0.824817518248,0.896825396825,0.936739659367,0.573398215734,0.851711026616,0.85849593834,0.817518248175,342,205,137,0,342,0,205,0,137,37,342,0.256756756757,1.72528881811,18.4864864865,15.5454545455,9.77142857143,5.36771015539,0.290358590277,0.142642642643,9.50849154237,1.02869645341,0.544491860281,8.05331334643,0.871264894205,0.461830251304,0.640599570326,0.371299902718,2,1.72528881811,0.640599570326,2,0.344071394247,0.376569037657,810,0.104247104247,0.56957682835,37,37,37,1,0,0.405405405405,0.540540540541,0.0540540540541,37,0.153903903904,1.83088934535,11.0810810811,9.31818181818,5.85714285714,4.07143421617,0.367422112191,0.204218852999,6.12188512449,1.10492560784,0.586420566908,4.82812704999,0.871418052924,0.470929466051,0.766251805682,0.418513444096,2.19651184023,1.83088934535,0.766251805682,2.19651184023,0.135307724007,0.0893617021277,70,0.00900900900901,0.253878025106,37,37,37,1,0,0.405405405405,0.540540540541,0.0540540540541,37,320,0.24024024024,1.73604382817,17.2972972973,14.5454545455,9.14285714286,4.82392685167,0.278883271112,0.136570945946,8.75663626507,1.01248606815,0.536993243243,8.03193700249,0.928692715913,0.488851351351,0.659093774447,0.379652727514,2,1.73604382817,0.659093774447,2,0.291556730489,0.283261802575,528,0.0679536679537,0.552633323638,37,37,37,1,0,0.405405405405,0.540540540541,0.0540540540541,-22,-0.0165165165165,0.0107550100503,-1.18918918919,-1,-0.628571428571,-0.543783303723,-0.0114753191649,-0.0060716966967,-0.751855277308,-0.0162103852665,-0.00749861703809,-0.0213763439415,0.0574278217083,0.0270211000474,0.0184942041207,0.00835282479628,0,0.0107550100503,0.0184942041207,0,-0.0525146637588,-0.0933072350818,-282,-0.0362934362934,-0.0169435047122,0,0,0,318,2,24,988,0.929824561404,0.99797979798,0.0020202020202,0.0701754385965,0.99375,0.929824561404,0.960725075529,0.948684519056,0.927804359383,0.924418604651,115,137,0,0,0,0
2325,WLNM_dir_neg,0.956097820875,0.867757622162,00:00:04,10,60,9,1238529944,threshold_sweep,0.3,0.982608695652,0.824817518248,0.896825396825,113,2,24,272,0.824817518248,0.992700729927,0.00729927007299,0.175182481752,0.982608695652,0.824817518248,0.896825396825,0.936739659367,0.573398215734,0.851711026616,0.85849593834,0.817518248175,342,205,137,0,342,0,205,0,137,37,342,0.256756756757,1.72528881811,18.4864864865,15.5454545455,9.77142857143,5.36771015539,0.290358590277,0.142642642643,9.50849154237,1.02869645341,0.544491860281,8.05331334643,0.871264894205,0.461830251304,0.640599570326,0.371299902718,2,1.72528881811,0.640599570326,2,0.344071394247,0.376569037657,810,0.104247104247,0.56957682835,37,37,37,1,0,0.405405405405,0.540540540541,0.0540540540541,37,0.153903903904,1.83088934535,11.0810810811,9.31818181818,5.85714285714,4.07143421617,0.367422112191,0.204218852999,6.12188512449,1.10492560784,0.586420566908,4.82812704999,0.871418052924,0.470929466051,0.766251805682,0.418513444096,2.19651184023,1.83088934535,0.766251805682,2.19651184023,0.135307724007,0.0893617021277,70,0.00900900900901,0.253878025106,37,37,37,1,0,0.405405405405,0.540540540541,0.0540540540541,37,320,0.24024024024,1.73604382817,17.2972972973,14.5454545455,9.14285714286,4.82392685167,0.278883271112,0.136570945946,8.75663626507,1.01248606815,0.536993243243,8.03193700249,0.928692715913,0.488851351351,0.659093774447,0.379652727514,2,1.73604382817,0.659093774447,2,0.291556730489,0.283261802575,528,0.0679536679537,0.552633323638,37,37,37,1,0,0.405405405405,0.540540540541,0.0540540540541,-22,-0.0165165165165,0.0107550100503,-1.18918918919,-1,-0.628571428571,-0.543783303723,-0.0114753191649,-0.0060716966967,-0.751855277308,-0.0162103852665,-0.00749861703809,-0.0213763439415,0.0574278217083,0.0270211000474,0.0184942041207,0.00835282479628,0,0.0107550100503,0.0184942041207,0,-0.0525146637588,-0.0933072350818,-282,-0.0362934362934,-0.0169435047122,0,0,0,318,2,24,988,0.929824561404,0.99797979798,0.0020202020202,0.0701754385965,0.99375,0.929824561404,0.960725075529,0.948684519056,0.927804359383,0.924418604651,115,137,0,0,0,0
2326,WLNM_dir_neg,0.956097820875,0.867757622162,00:00:04,10,60,9,1238529944,threshold_sweep,0.4,0.982456140351,0.817518248175,0.892430278884,112,2,25,272,0.817518248175,0.992700729927,0.00729927007299,0.182481751825,0.982456140351,0.817518248175,0.892430278884,0.934306569343,0.574209245742,0.845714285714,0.853114505435,0.810218978102,342,205,137,0,342,0,205,0,137,37,342,0.256756756757,1.72528881811,18.4864864865,15.5454545455,9.77142857143,5.36771015539,0.290358590277,0.142642642643,9.50849154237,1.02869645341,0.544491860281,8.05331334643,0.871264894205,0.461830251304,0.640599570326,0.371299902718,2,1.72528881811,0.640599570326,2,0.344071394247,0.376569037657,810,0.104247104247,0.56957682835,37,37,37,1,0,0.405405405405,0.540540540541,0.0540540540541,37,0.153903903904,1.83088934535,11.0810810811,9.31818181818,5.85714285714,4.07143421617,0.367422112191,0.204218852999,6.12188512449,1.10492560784,0.586420566908,4.82812704999,0.871418052924,0.470929466051,0.766251805682,0.418513444096,2.19651184023,1.83088934535,0.766251805682,2.19651184023,0.135307724007,0.0893617021277,70,0.00900900900901,0.253878025106,37,37,37,1,0,0.405405405405,0.540540540541,0.0540540540541,37,319,0.239489489489,1.73524436129,17.2432432432,14.5,9.11428571429,4.76331703639,0.276242524054,0.134626789799,8.70935433042,1.01017589412,0.535795984072,8.04967684428,0.933661577549,0.490553249174,0.65818706903,0.379305119044,2,1.73524436129,0.65818706903,2,0.286583120623,0.276315789474,511,0.0657657657658,0.553706311015,37,37,37,1,0,0.405405405405,0.540540540541,0.0540540540541,-23,-0.0172672672673,0.00995554317588,-1.24324324324,-1.04545454545,-0.657142857143,-0.604393119001,-0.014116066223,-0.00801585284344,-0.799137211952,-0.0185205592905,-0.00869587620949,-0.00363650215674,0.0623966833446,0.02872299787,0.0175874987041,0.00800521632645,0,0.00995554317588,0.0175874987041,0,-0.057488273624,-0.100253248183,-299,-0.0384813384813,-0.0158705173354,0,0,0,317,2,25,988,0.926900584795,0.99797979798,0.0020202020202,0.0730994152047,0.993730407524,0.926900584795,0.95915279879,0.946708233179,0.924880382775,0.921511627907,114,137,0,0,0,0
2327,WLNM_dir_neg,0.956097820875,0.867757622162,00:00:04,10,60,9,1238529944,threshold_sweep,0.5,0.982300884956,0.810218978102,0.888,111,2,26,272,0.810218978102,0.992700729927,0.00729927007299,0.189781021898,0.982300884956,0.810218978102,0.888,0.931873479319,0.57502027575,0.839694656489,0.847735420046,0.802919708029,342,205,137,0,342,0,205,0,137,37,342,0.256756756757,1.72528881811,18.4864864865,15.5454545455,9.77142857143,5.36771015539,0.290358590277,0.142642642643,9.50849154237,1.02869645341,0.544491860281,8.05331334643,0.871264894205,0.461830251304,0.640599570326,0.371299902718,2,1.72528881811,0.640599570326,2,0.344071394247,0.376569037657,810,0.104247104247,0.56957682835,37,37,37,1,0,0.405405405405,0.540540540541,0.0540540540541,37,0.153903903904,1.83088934535,11.0810810811,9.31818181818,5.85714285714,4.07143421617,0.367422112191,0.204218852999,6.12188512449,1.10492560784,0.586420566908,4.82812704999,0.871418052924,0.470929466051,0.766251805682,0.418513444096,2.19651184023,1.83088934535,0.766251805682,2.19651184023,0.135307724007,0.0893617021277,70,0.00900900900901,0.253878025106,37,37,37,1,0,0.405405405405,0.540540540541,0.0540540540541,37,318,0.238738738739,1.73445919865,17.1891891892,14.4545454545,9.08571428571,4.74832039215,0.276238764952,0.134795172531,8.66493399173,1.00818414369,0.534591194969,8.0396913272,0.935435783353,0.491415944246,0.65732272102,0.378978485934,2,1.73445919865,0.65732272102,2,0.28442847086,0.274310595065,504,0.0648648648649,0.552784510768,37,37,37,1,0,0.405405405405,0.540540540541,0.0540540540541,-24,-0.018018018018,0.00917038053628,-1.2972972973,-1.09090909091,-0.685714285714,-0.619389763239,-0.0141198253248,-0.00784747011162,-0.843557550642,-0.0205123097227,-0.00990066531278,-0.0136220192354,0.0641708891485,0.0295856929422,0.0167231506939,0.00767858321673,0,0.00917038053628,0.0167231506939,0,-0.0596429233874,-0.102258442592,-306,-0.0393822393822,-0.0167923175818,0,0,0,316,2,26,988,0.923976608187,0.99797979798,0.0020202020202,0.0760233918129,0.993710691824,0.923976608187,0.957575757576,0.944731724011,0.921956406167,0.918604651163,113,137,0,0,0,0
2328,WLNM_dir_neg,0.956097820875,0.867757622162,00:00:04,10,60,9,1238529944,threshold_sweep,0.6,0.982142857143,0.802919708029,0.883534136546,110,2,27,272,0.802919708029,0.992700729927,0.00729927007299,0.197080291971,0.982142857143,0.802919708029,0.883534136546,0.929440389294,0.575831305758,0.833652007648,0.842358359789,0.795620437956,342,205,137,0,342,0,205,0,137,37,342,0.256756756757,1.72528881811,18.4864864865,15.5454545455,9.77142857143,5.36771015539,0.290358590277,0.142642642643,9.50849154237,1.02869645341,0.544491860281,8.05331334643,0.871264894205,0.461830251304,0.640599570326,0.371299902718,2,1.72528881811,0.640599570326,2,0.344071394247,0.376569037657,810,0.104247104247,0.56957682835,37,37,37,1,0,0.405405405405,0.540540540541,0.0540540540541,37,0.153903903904,1.83088934535,11.0810810811,9.31818181818,5.85714285714,4.07143421617,0.367422112191,0.204218852999,6.12188512449,1.10492560784,0.586420566908,4.82812704999,0.871418052924,0.470929466051,0.766251805682,0.418513444096,2.19651184023,1.83088934535,0.766251805682,2.19651184023,0.135307724007,0.0893617021277,70,0.00900900900901,0.253878025106,37,37,37,1,0,0.405405405405,0.540540540541,0.0540540540541,37,317,0.237987987988,1.73350205852,17.1351351351,14.4090909091,9.05714285714,4.71500066079,0.275165653705,0.134453065052,8.62341947045,1.00651899182,0.533378804672,8.06411991664,0.941237971343,0.494330292438,0.656304229103,0.378600201758,2,1.73350205852,0.656304229103,2,0.279054933904,0.268043120775,489,0.0629343629344,0.554543694621,37,37,37,1,0,0.405405405405,0.540540540541,0.0540540540541,-25,-0.0187687687688,0.00821324040523,-1.35135135135,-1.13636363636,-0.714285714286,-0.652709494605,-0.0151929365718,-0.00818957759021,-0.885072071923,-0.0221774615955,-0.0111130556092,0.0108065702107,0.0699730771385,0.0325000411336,0.0157046587771,0.00730029904,0,0.00821324040523,0.0157046587771,0,-0.0650164603432,-0.108525916882,-321,-0.0413127413127,-0.0150331337293,0,0,0,315,2,27,988,0.921052631579,0.99797979798,0.0020202020202,0.0789473684211,0.993690851735,0.921052631579,0.955993930197,0.942754978573,0.919032429559,0.915697674419,112,137,0,0,0,0
2329,WLNM_dir_neg,0.956097820875,0.867757622162,00:00:04,10,60,9,1238529944,threshold_sweep,0.7,0.981981981982,0.795620437956,0.879032258065,109,2,28,272,0.795620437956,0.992700729927,0.00729927007299,0.204379562044,0.981981981982,0.795620437956,0.879032258065,0.92700729927,0.576642335766,0.827586206897,0.836982998955,0.788321167883,342,205,137,0,342,0,205,0,137,37,342,0.256756756757,1.72528881811,18.4864864865,15.5454545455,9.77142857143,5.36771015539,0.290358590277,0.142642642643,9.50849154237,1.02869645341,0.544491860281,8.05331334643,0.871264894205,0.461830251304,0.640599570326,0.371299902718,2,1.72528881811,0.640599570326,2,0.344071394247,0.376569037657,810,0.104247104247,0.56957682835,37,37,37,1,0,0.405405405405,0.540540540541,0.0540540540541,37,0.153903903904,1.83088934535,11.0810810811,9.31818181818,5.85714285714,4.07143421617,0.367422112191,0.204218852999,6.12188512449,1.10492560784,0.586420566908,4.82812704999,0.871418052924,0.470929466051,0.766251805682,0.418513444096,2.19651184023,1.83088934535,0.766251805682,2.19651184023,0.135307724007,0.0893617021277,70,0.00900900900901,0.253878025106,37,37,37,1,0,0.405405405405,0.540540540541,0.0540540540541,37,316,0.237237237237,1.73501540264,17.0810810811,14.3636363636,9.02857142857,4.73977483278,0.277486817742,0.135819363667,8.61714890525,1.00896996675,0.535066712282,8.02978688867,0.940196566079,0.493670886076,0.658276068492,0.379406469528,2,1.73501540264,0.658276068492,2,0.279051870105,0.266715650257,484,0.0622908622909,0.550844066677,37,37,37,1,0,0.405405405405,0.540540540541,0.0540540540541,-26,-0.0195195195195,0.00972658452344,-1.40540540541,-1.18181818182,-0.742857142857,-0.627935322612,-0.0128717725352,-0.00682327897518,-0.891342637124,-0.0197264866608,-0.00942514799943,-0.0235264577629,0.0689316718737,0.031840634772,0.0176764981656,0.00810656681024,0,0.00972658452344,0.0176764981656,0,-0.0650195241422,-0.1098533874,-326,-0.0419562419562,-0.0187327616726,0,0,0,314,2,28,988,0.918128654971,0.99797979798,0.0020202020202,0.0818713450292,0.993670886076,0.918128654971,0.954407294833,0.940777983818,0.916108452951,0.912790697674,111,137,0,0,0,0
2330,WLNM_dir_neg,0.956097820875,0.867757622162,00:00:04,10,60,9,1238529944,threshold_sweep,0.8,0.981818181818,0.788321167883,0.874493927126,108,2,29,272,0.788321167883,0.992700729927,0.00729927007299,0.211678832117,0.981818181818,0.788321167883,0.874493927126,0.924574209246,0.577453365775,0.821497120921,0.83160900833,0.78102189781,342,205,137,0,342,0,205,0,137,37,342,0.256756756757,1.72528881811,18.4864864865,15.5454545455,9.77142857143,5.36771015539,0.290358590277,0.142642642643,9.50849154237,1.02869645341,0.544491860281,8.05331334643,0.871264894205,0.461830251304,0.640599570326,0.371299902718,2,1.72528881811,0.640599570326,2,0.344071394247,0.376569037657,810,0.104247104247,0.56957682835,37,37,37,1,0,0.405405405405,0.540540540541,0.0540540540541,37,0.153903903904,1.83088934535,11.0810810811,9.31818181818,5.85714285714,4.07143421617,0.367422112191,0.204218852999,6.12188512449,1.10492560784,0.586420566908,4.82812704999,0.871418052924,0.470929466051,0.766251805682,0.418513444096,2.19651184023,1.83088934535,0.766251805682,2.19651184023,0.135307724007,0.0893617021277,70,0.00900900900901,0.253878025106,37,37,37,1,0,0.405405405405,0.540540540541,0.0540540540541,37,315,0.236486486486,1.73522737932,17.027027027,14.3181818182,9,4.79864845837,0.28182538565,0.138223938224,8.59140921574,1.00914965391,0.534877734878,8.0333389406,0.943598542229,0.494723294723,0.658406551025,0.379435317165,2,1.73522737932,0.658406551025,2,0.280101602037,0.267293857222,483,0.0621621621622,0.551345465605,37,37,37,1,0,0.405405405405,0.540540540541,0.0540540540541,-27,-0.0202702702703,0.00993856120601,-1.45945945946,-1.22727272727,-0.771428571429,-0.569061697022,-0.00853320462676,-0.0044187044187,-0.917082326634,-0.0195467995024,-0.0096141254036,-0.0199744058358,0.0723336480241,0.0328930434194,0.0178069806994,0.00813541444695,0,0.00993856120601,0.0178069806994,0,-0.0639697922102,-0.109275180435,-327,-0.0420849420849,-0.0182313627449,0,0,0,313,2,29,988,0.915204678363,0.99797979798,0.0020202020202,0.0847953216374,0.993650793651,0.915204678363,0.952815829528,0.938800726637,0.913184476342,0.90988372093,110,137,0,0,0,0
2331,WLNM_dir_neg,0.956097820875,0.867757622162,00:00:04,10,60,9,1238529944,threshold_sweep,0.9,0.990825688073,0.788321167883,0.878048780488,108,1,29,273,0.788321167883,0.996350364964,0.0036496350365,0.211678832117,0.990825688073,0.788321167883,0.878048780488,0.92700729927,0.578264395783,0.826923076923,0.837928074652,0.784671532847,342,205,137,0,342,0,205,0,137,37,342,0.256756756757,1.72528881811,18.4864864865,15.5454545455,9.77142857143,5.36771015539,0.290358590277,0.142642642643,9.50849154237,1.02869645341,0.544491860281,8.05331334643,0.871264894205,0.461830251304,0.640599570326,0.371299902718,2,1.72528881811,0.640599570326,2,0.344071394247,0.376569037657,810,0.104247104247,0.56957682835,37,37,37,1,0,0.405405405405,0.540540540541,0.0540540540541,37,0.153903903904,1.83088934535,11.0810810811,9.31818181818,5.85714285714,4.07143421617,0.367422112191,0.204218852999,6.12188512449,1.10492560784,0.586420566908,4.82812704999,0.871418052924,0.470929466051,0.766251805682,0.418513444096,2.19651184023,1.83088934535,0.766251805682,2.19651184023,0.135307724007,0.0893617021277,70,0.00900900900901,0.253878025106,37,37,37,1,0,0.405405405405,0.540540540541,0.0540540540541,37,314,0.235735735736,1.73379615464,16.972972973,14.2727272727,8.97142857143,4.76961730637,0.281012484611,0.137114821828,8.55901610915,1.0085464842,0.534171113789,8.05060943732,0.948638691659,0.496298846617,0.657219919046,0.379064123131,2,1.73379615464,0.657219919046,2,0.270495976952,0.260821103474,468,0.0602316602317,0.552972281174,37,37,37,1,0,0.405405405405,0.540540540541,0.0540540540541,-28,-0.021021021021,0.00850733652563,-1.51351351351,-1.27272727273,-0.8,-0.598092849021,-0.009346105666,-0.00552782081444,-0.949475433221,-0.0201499692151,-0.0103207464924,-0.00270390911136,0.0773737974542,0.0344685953134,0.01662034872,0.00776422041287,0,0.00850733652563,0.01662034872,0,-0.0735754172957,-0.115747934183,-342,-0.0440154440154,-0.0166045471763,0,0,0,313,1,29,989,0.915204678363,0.99898989899,0.0010101010101,0.0847953216374,0.996815286624,0.915204678363,0.954268292683,0.940872073446,0.914194577352,0.912536443149,109,137,0,0,0,0
2332,WLNM_dir_neg,0.961412435399,0.626583667515,00:00:04,10,60,10,1238529945,threshold_sweep,0.1,0.902255639098,0.875912408759,0.888888888889,120,13,17,261,0.875912408759,0.952554744526,0.0474452554745,0.124087591241,0.902255639098,0.875912408759,0.888888888889,0.92700729927,0.558799675588,0.834558823529,0.834761942356,0.828467153285,342,205,137,0,342,0,205,0,137,37,342,0.256756756757,1.72528881811,18.4864864865,15.5454545455,9.77142857143,5.36771015539,0.290358590277,0.142642642643,9.50849154237,1.02869645341,0.544491860281,8.05331334643,0.871264894205,0.461830251304,0.640599570326,0.371299902718,2,1.72528881811,0.640599570326,2,0.344071394247,0.376569037657,810,0.104247104247,0.56957682835,37,37,37,1,0,0.405405405405,0.540540540541,0.0540540540541,37,0.153903903904,1.80445500109,11.0810810811,9.31818181818,5.85714285714,4.27770952717,0.386037201232,0.214502307185,6.17159530337,1.1138976889,0.59195781147,4.98104515246,0.899017905565,0.481740276862,0.721500061301,0.399843753856,2,1.80445500109,0.721500061301,2,0.159405183322,0.105793450882,84,0.0108108108108,0.258217708527,37,37,37,1,0,0.405405405405,0.540540540541,0.0540540540541,37,338,0.253753753754,2.20144951665,18.2702702703,13.52,9.38888888889,4.89698687771,0.268030346857,0.13337597953,9.00050048658,0.985261887585,0.527746681593,7.96576759976,0.871992311217,0.460898768591,0.894486597607,0.406317106454,2.57777777778,2.20144951665,0.894486597607,2.57777777778,0.313088083567,0.342393974128,697,0.089703989704,0.43019422609,37,37,37,1,0,0.324324324324,0.648648648649,0.027027027027,-4,-0.003003003003,0.476160698532,-0.216216216216,-2.02545454545,-0.38253968254,-0.470723277682,-0.0223282434201,-0.00926666311282,-0.50799105579,-0.0434345658301,-0.0167451786885,-0.08754574667,0.00072741701192,-0.000931482712859,0.253887027281,0.0350172037358,0.577777777778,0.476160698532,0.253887027281,0.577777777778,-0.0309833106808,-0.0341750635289,-113,-0.0145431145431,-0.139382602259,-0.0810810810811,0.108108108108,-0.027027027027,325,13,17,977,0.950292397661,0.986868686869,0.0131313131313,0.0497076023392,0.961538461538,0.950292397661,0.955882352941,0.940791433613,0.93716108453,0.915492957746,133,137,0,0,0,0
2333,WLNM_dir_neg,0.961412435399,0.626583667515,00:00:04,10,60,10,1238529945,threshold_sweep,0.2,0.925619834711,0.817518248175,0.868217054264,112,9,25,265,0.817518248175,0.967153284672,0.0328467153285,0.182481751825,0.925619834711,0.817518248175,0.868217054264,0.917274939173,0.568532035685,0.808270676692,0.811580825843,0.784671532847,342,205,137,0,342,0,205,0,137,37,342,0.256756756757,1.72528881811,18.4864864865,15.5454545455,9.77142857143,5.36771015539,0.290358590277,0.142642642643,9.50849154237,1.02869645341,0.544491860281,8.05331334643,0.871264894205,0.461830251304,0.640599570326,0.371299902718,2,1.72528881811,0.640599570326,2,0.344071394247,0.376569037657,810,0.104247104247,0.56957682835,37,37,37,1,0,0.405405405405,0.540540540541,0.0540540540541,37,0.153903903904,1.80445500109,11.0810810811,9.31818181818,5.85714285714,4.27770952717,0.386037201232,0.214502307185,6.17159530337,1.1138976889,0.59195781147,4.98104515246,0.899017905565,0.481740276862,0.721500061301,0.399843753856,2,1.80445500109,0.721500061301,2,0.159405183322,0.105793450882,84,0.0108108108108,0.258217708527,37,37,37,1,0,0.405405405405,0.540540540541,0.0540540540541,37,326,0.244744744745,2.21426707121,17.6216216216,13.04,9.05555555556,5.01858408181,0.284796949428,0.143674349196,8.84382344991,1.00374683327,0.538716630741,7.7811661431,0.883138488634,0.466920908639,0.908350299726,0.410226169885,2.57777777778,2.21426707121,0.908350299726,2.57777777778,0.294409752873,0.316590829541,603,0.0776061776062,0.412364811466,37,37,37,1,0,0.324324324324,0.648648648649,0.027027027027,-16,-0.012012012012,0.488978253098,-0.864864864865,-2.50545454545,-0.715873015873,-0.349126073584,-0.00556164084931,0.00103170655318,-0.664668092463,-0.0249496201426,-0.00577522954016,-0.272147203333,0.0118735944293,0.00509065733476,0.2677507294,0.0389262671673,0.577777777778,0.488978253098,0.2677507294,0.577777777778,-0.0496616413749,-0.0599782081154,-207,-0.0266409266409,-0.157212016884,-0.0810810810811,0.108108108108,-0.027027027027,317,9,25,981,0.926900584795,0.990909090909,0.00909090909091,0.0730994152047,0.972392638037,0.926900584795,0.949101796407,0.93255722625,0.917809675704,0.903133903134,121,137,0,0,0,0
2334,WLNM_dir_neg,0.961412435399,0.626583667515,00:00:04,10,60,10,1238529945,threshold_sweep,0.3,0.941176470588,0.817518248175,0.875,112,7,25,267,0.817518248175,0.974452554745,0.0255474452555,0.182481751825,0.941176470588,0.817518248175,0.875,0.922141119221,0.570154095702,0.818867924528,0.823151605522,0.79197080292,342,205,137,0,342,0,205,0,137,37,342,0.256756756757,1.72528881811,18.4864864865,15.5454545455,9.77142857143,5.36771015539,0.290358590277,0.142642642643,9.50849154237,1.02869645341,0.544491860281,8.05331334643,0.871264894205,0.461830251304,0.640599570326,0.371299902718,2,1.72528881811,0.640599570326,2,0.344071394247,0.376569037657,810,0.104247104247,0.56957682835,37,37,37,1,0,0.405405405405,0.540540540541,0.0540540540541,37,0.153903903904,1.80445500109,11.0810810811,9.31818181818,5.85714285714,4.27770952717,0.386037201232,0.214502307185,6.17159530337,1.1138976889,0.59195781147,4.98104515246,0.899017905565,0.481740276862,0.721500061301,0.399843753856,2,1.80445500109,0.721500061301,2,0.159405183322,0.105793450882,84,0.0108108108108,0.258217708527,37,37,37,1,0,0.405405405405,0.540540540541,0.0540540540541,37,324,0.243243243243,1.85816752371,17.5135135135,14.0869565217,9,4.97003030184,0.283782594395,0.141725058392,8.89570872014,1.01586797113,0.543877210544,7.80813466629,0.891669699546,0.469469469469,0.712528798005,0.38345778242,2.14285714286,1.85816752371,0.712528798005,2.14285714286,0.294409752873,0.316590829541,603,0.0776061776062,0.482549403144,37,37,37,1,0,0.378378378378,0.594594594595,0.027027027027,-18,-0.0135135135135,0.13287870559,-0.972972972973,-1.45849802372,-0.771428571429,-0.397679853554,-0.00657599588198,-0.000917584250917,-0.612782822231,-0.0128284822873,-0.000614649737457,-0.245178680141,0.0204048053409,0.00763921816553,0.0719292276787,0.0121578797022,0.142857142857,0.13287870559,0.0719292276787,0.142857142857,-0.0496616413749,-0.0599782081154,-207,-0.0266409266409,-0.0870274252058,-0.027027027027,0.0540540540541,-0.027027027027,317,7,25,983,0.926900584795,0.992929292929,0.00707070707071,0.0730994152047,0.978395061728,0.926900584795,0.951951951952,0.936559538407,0.919829877725,0.908309455587,119,137,0,0,0,0
2335,WLNM_dir_neg,0.961412435399,0.626583667515,00:00:04,10,60,10,1238529945,threshold_sweep,0.4,0.948717948718,0.810218978102,0.874015748031,111,6,26,268,0.810218978102,0.978102189781,0.021897810219,0.189781021898,0.948717948718,0.810218978102,0.874015748031,0.922141119221,0.571776155718,0.818181818182,0.823516219569,0.788321167883,342,205,137,0,342,0,205,0,137,37,342,0.256756756757,1.72528881811,18.4864864865,15.5454545455,9.77142857143,5.36771015539,0.290358590277,0.142642642643,9.50849154237,1.02869645341,0.544491860281,8.05331334643,0.871264894205,0.461830251304,0.640599570326,0.371299902718,2,1.72528881811,0.640599570326,2,0.344071394247,0.376569037657,810,0.104247104247,0.56957682835,37,37,37,1,0,0.405405405405,0.540540540541,0.0540540540541,37,0.153903903904,1.80445500109,11.0810810811,9.31818181818,5.85714285714,4.27770952717,0.386037201232,0.214502307185,6.17159530337,1.1138976889,0.59195781147,4.98104515246,0.899017905565,0.481740276862,0.721500061301,0.399843753856,2,1.80445500109,0.721500061301,2,0.159405183322,0.105793450882,84,0.0108108108108,0.258217708527,37,37,37,1,0,0.405405405405,0.540540540541,0.0540540540541,37,322,0.241741741742,1.8571767295,17.4054054054,14,8.94444444444,4.99699609465,0.287094496121,0.141682054726,8.8281899015,1.01441933651,0.542554977338,7.79909134617,0.896168881392,0.471546080242,0.711883688981,0.383314995106,2.14285714286,1.8571767295,0.711883688981,2.14285714286,0.297843595013,0.315817409766,595,0.0765765765766,0.481540732573,37,37,37,1,0,0.378378378378,0.594594594595,0.027027027027,-20,-0.015015015015,0.131887911388,-1.08108108108,-1.54545454545,-0.826984126984,-0.370714060741,-0.0032640941558,-0.00096058791711,-0.680301640875,-0.0142771169071,-0.00193688294375,-0.254222000269,0.0249039871868,0.0097158289378,0.0712841186549,0.0120150923886,0.142857142857,0.131887911388,0.0712841186549,0.142857142857,-0.0462277992346,-0.0607516278904,-215,-0.0276705276705,-0.0880360957773,-0.027027027027,0.0540540540541,-0.027027027027,316,6,26,984,0.923976608187,0.993939393939,0.00606060606061,0.0760233918129,0.981366459627,0.923976608187,0.951807228916,0.936580192186,0.917916002127,0.908045977011,117,137,0,0,0,0
2336,WLNM_dir_neg,0.961412435399,0.626583667515,00:00:04,10,60,10,1238529945,threshold_sweep,0.5,0.948717948718,0.810218978102,0.874015748031,111,6,26,268,0.810218978102,0.978102189781,0.021897810219,0.189781021898,0.948717948718,0.810218978102,0.874015748031,0.922141119221,0.571776155718,0.818181818182,0.823516219569,0.788321167883,342,205,137,0,342,0,205,0,137,37,342,0.256756756757,1.72528881811,18.4864864865,15.5454545455,9.77142857143,5.36771015539,0.290358590277,0.142642642643,9.50849154237,1.02869645341,0.544491860281,8.05331334643,0.871264894205,0.461830251304,0.640599570326,0.371299902718,2,1.72528881811,0.640599570326,2,0.344071394247,0.376569037657,810,0.104247104247,0.56957682835,37,37,37,1,0,0.405405405405,0.540540540541,0.0540540540541,37,0.153903903904,1.80445500109,11.0810810811,9.31818181818,5.85714285714,4.27770952717,0.386037201232,0.214502307185,6.17159530337,1.1138976889,0.59195781147,4.98104515246,0.899017905565,0.481740276862,0.721500061301,0.399843753856,2,1.80445500109,0.721500061301,2,0.159405183322,0.105793450882,84,0.0108108108108,0.258217708527,37,37,37,1,0,0.405405405405,0.540540540541,0.0540540540541,37,322,0.241741741742,1.8571767295,17.4054054054,14,8.94444444444,4.99699609465,0.287094496121,0.141682054726,8.8281899015,1.01441933651,0.542554977338,7.79909134617,0.896168881392,0.471546080242,0.711883688981,0.383314995106,2.14285714286,1.8571767295,0.711883688981,2.14285714286,0.297843595013,0.315817409766,595,0.0765765765766,0.481540732573,37,37,37,1,0,0.378378378378,0.594594594595,0.027027027027,-20,-0.015015015015,0.131887911388,-1.08108108108,-1.54545454545,-0.826984126984,-0.370714060741,-0.0032640941558,-0.00096058791711,-0.680301640875,-0.0142771169071,-0.00193688294375,-0.254222000269,0.0249039871868,0.0097158289378,0.0712841186549,0.0120150923886,0.142857142857,0.131887911388,0.0712841186549,0.142857142857,-0.0462277992346,-0.0607516278904,-215,-0.0276705276705,-0.0880360957773,-0.027027027027,0.0540540540541,-0.027027027027,316,6,26,984,0.923976608187,0.993939393939,0.00606060606061,0.0760233918129,0.981366459627,0.923976608187,0.951807228916,0.936580192186,0.917916002127,0.908045977011,117,137,0,0,0,0
2337,WLNM_dir_neg,0.961412435399,0.626583667515,00:00:04,10,60,10,1238529945,threshold_sweep,0.6,0.965217391304,0.810218978102,0.880952380952,111,4,26,270,0.810218978102,0.985401459854,0.014598540146,0.189781021898,0.965217391304,0.810218978102,0.880952380952,0.92700729927,0.573398215734,0.828897338403,0.83550051142,0.795620437956,342,205,137,0,342,0,205,0,137,37,342,0.256756756757,1.72528881811,18.4864864865,15.5454545455,9.77142857143,5.36771015539,0.290358590277,0.142642642643,9.50849154237,1.02869645341,0.544491860281,8.05331334643,0.871264894205,0.461830251304,0.640599570326,0.371299902718,2,1.72528881811,0.640599570326,2,0.344071394247,0.376569037657,810,0.104247104247,0.56957682835,37,37,37,1,0,0.405405405405,0.540540540541,0.0540540540541,37,0.153903903904,1.80445500109,11.0810810811,9.31818181818,5.85714285714,4.27770952717,0.386037201232,0.214502307185,6.17159530337,1.1138976889,0.59195781147,4.98104515246,0.899017905565,0.481740276862,0.721500061301,0.399843753856,2,1.80445500109,0.721500061301,2,0.159405183322,0.105793450882,84,0.0108108108108,0.258217708527,37,37,37,1,0,0.405405405405,0.540540540541,0.0540540540541,37,320,0.24024024024,1.85036792995,17.2972972973,13.9130434783,8.88888888889,5.01034964884,0.289660839073,0.142905405405,8.81039857913,1.01870233571,0.544087837838,7.8429593912,0.906842179607,0.47652027027,0.707250752729,0.382221687527,2.14285714286,1.85036792995,0.707250752729,2.14285714286,0.292339386552,0.309289421872,576,0.0741312741313,0.484504731408,37,37,37,1,0,0.378378378378,0.594594594595,0.027027027027,-22,-0.0165165165165,0.125079111832,-1.18918918919,-1.63241106719,-0.88253968254,-0.357360506556,-0.000697751203719,0.000262762762763,-0.698092963245,-0.00999411770299,-0.000404022443496,-0.210353955234,0.0355772854026,0.0146900189663,0.0666511824034,0.0109217848088,0.142857142857,0.125079111832,0.0666511824034,0.142857142857,-0.0517320076955,-0.0672796157847,-234,-0.0301158301158,-0.0850720969419,-0.027027027027,0.0540540540541,-0.027027027027,316,4,26,986,0.923976608187,0.99595959596,0.0040404040404,0.0760233918129,0.9875,0.923976608187,0.954682779456,0.940639291643,0.919936204147,0.913294797688,115,137,0,0,0,0
2338,WLNM_dir_neg,0.961412435399,0.626583667515,00:00:04,10,60,10,1238529945,threshold_sweep,0.7,0.964912280702,0.802919708029,0.876494023904,110,4,27,270,0.802919708029,0.985401459854,0.014598540146,0.197080291971,0.964912280702,0.802919708029,0.876494023904,0.924574209246,0.574209245742,0.822857142857,0.830057356639,0.788321167883,342,205,137,0,342,0,205,0,137,37,342,0.256756756757,1.72528881811,18.4864864865,15.5454545455,9.77142857143,5.36771015539,0.290358590277,0.142642642643,9.50849154237,1.02869645341,0.544491860281,8.05331334643,0.871264894205,0.461830251304,0.640599570326,0.371299902718,2,1.72528881811,0.640599570326,2,0.344071394247,0.376569037657,810,0.104247104247,0.56957682835,37,37,37,1,0,0.405405405405,0.540540540541,0.0540540540541,37,0.153903903904,1.80445500109,11.0810810811,9.31818181818,5.85714285714,4.27770952717,0.386037201232,0.214502307185,6.17159530337,1.1138976889,0.59195781147,4.98104515246,0.899017905565,0.481740276862,0.721500061301,0.399843753856,2,1.80445500109,0.721500061301,2,0.159405183322,0.105793450882,84,0.0108108108108,0.258217708527,37,37,37,1,0,0.405405405405,0.540540540541,0.0540540540541,37,319,0.239489489489,1.85205063474,17.2432432432,13.8695652174,8.86111111111,5.06845037355,0.293938344548,0.145302041854,8.82342636694,1.02340681999,0.545793442345,7.81149918514,0.906035955644,0.477166821994,0.708312186334,0.382447527648,2.14285714286,1.85205063474,0.708312186334,2.14285714286,0.29344018686,0.308950395399,573,0.0737451737452,0.481339496235,37,37,37,1,0,0.378378378378,0.594594594595,0.027027027027,-23,-0.0172672672673,0.126761816622,-1.24324324324,-1.67588932806,-0.910317460317,-0.299259781838,0.00357975427073,0.00265939921112,-0.685065175432,-0.00528963342463,0.00130158206383,-0.241814161289,0.0347710614389,0.0153365706905,0.0677126160081,0.0111476249304,0.142857142857,0.126761816622,0.0677126160081,0.142857142857,-0.0506312073875,-0.0676186422579,-237,-0.0305019305019,-0.0882373321145,-0.027027027027,0.0540540540541,-0.027027027027,315,4,27,986,0.921052631579,0.99595959596,0.0040404040404,0.0789473684211,0.987460815047,0.921052631579,0.953101361573,0.93865438375,0.917012227539,0.910404624277,114,137,0,0,0,0
2339,WLNM_dir_neg,0.961412435399,0.626583667515,00:00:04,10,60,10,1238529945,threshold_sweep,0.8,0.973214285714,0.795620437956,0.875502008032,109,3,28,271,0.795620437956,0.989051094891,0.0109489051095,0.204379562044,0.973214285714,0.795620437956,0.875502008032,0.924574209246,0.575831305758,0.822179732314,0.830766272269,0.784671532847,342,205,137,0,342,0,205,0,137,37,342,0.256756756757,1.72528881811,18.4864864865,15.5454545455,9.77142857143,5.36771015539,0.290358590277,0.142642642643,9.50849154237,1.02869645341,0.544491860281,8.05331334643,0.871264894205,0.461830251304,0.640599570326,0.371299902718,2,1.72528881811,0.640599570326,2,0.344071394247,0.376569037657,810,0.104247104247,0.56957682835,37,37,37,1,0,0.405405405405,0.540540540541,0.0540540540541,37,0.153903903904,1.80445500109,11.0810810811,9.31818181818,5.85714285714,4.27770952717,0.386037201232,0.214502307185,6.17159530337,1.1138976889,0.59195781147,4.98104515246,0.899017905565,0.481740276862,0.721500061301,0.399843753856,2,1.80445500109,0.721500061301,2,0.159405183322,0.105793450882,84,0.0108108108108,0.258217708527,37,37,37,1,0,0.405405405405,0.540540540541,0.0540540540541,37,317,0.237987987988,1.85290734157,17.1351351351,13.7826086957,9.05714285714,5.0616321597,0.295394936765,0.144428340012,8.80511385673,1.02772622303,0.546849688806,7.80505726558,0.911000374846,0.480177338222,0.708789240869,0.382528162617,2.14285714286,1.85290734157,0.708789240869,2.14285714286,0.289632498469,0.301855895197,553,0.0711711711712,0.480696718571,37,37,37,1,0,0.378378378378,0.567567567568,0.0540540540541,-25,-0.0187687687688,0.12761852345,-1.35135135135,-1.7628458498,-0.714285714286,-0.306077995692,0.00503634648777,0.00178569736929,-0.703377685642,-0.0009702303892,0.00235782852419,-0.248256080858,0.0397354806415,0.0183470869176,0.068189670543,0.0112282598996,0.142857142857,0.12761852345,0.068189670543,0.142857142857,-0.0544388957779,-0.0747131424604,-257,-0.0330759330759,-0.0888801097788,-0.027027027027,0.027027027027,0,314,3,28,987,0.918128654971,0.99696969697,0.0030303030303,0.0818713450292,0.990536277603,0.918128654971,0.952959028832,0.938719352471,0.91509835194,0.910144927536,112,137,0,0,0,0
2340,WLNM_dir_neg,0.961412435399,0.626583667515,00:00:04,10,60,10,1238529945,threshold_sweep,0.9,0.981651376147,0.78102189781,0.869918699187,107,2,30,272,0.78102189781,0.992700729927,0.00729927007299,0.21897810219,0.981651376147,0.78102189781,0.869918699187,0.922141119221,0.578264395783,0.815384615385,0.826236055006,0.773722627737,342,205,137,0,342,0,205,0,137,37,342,0.256756756757,1.72528881811,18.4864864865,15.5454545455,9.77142857143,5.36771015539,0.290358590277,0.142642642643,9.50849154237,1.02869645341,0.544491860281,8.05331334643,0.871264894205,0.461830251304,0.640599570326,0.371299902718,2,1.72528881811,0.640599570326,2,0.344071394247,0.376569037657,810,0.104247104247,0.56957682835,37,37,37,1,0,0.405405405405,0.540540540541,0.0540540540541,37,0.153903903904,1.80445500109,11.0810810811,9.31818181818,5.85714285714,4.27770952717,0.386037201232,0.214502307185,6.17159530337,1.1138976889,0.59195781147,4.98104515246,0.899017905565,0.481740276862,0.721500061301,0.399843753856,2,1.80445500109,0.721500061301,2,0.159405183322,0.105793450882,84,0.0108108108108,0.258217708527,37,37,37,1,0,0.405405405405,0.540540540541,0.0540540540541,37,314,0.235735735736,1.72418392185,16.972972973,14.2727272727,8.97142857143,4.92435267312,0.290129058767,0.140729901876,8.73251148048,1.0289902063,0.546565673954,7.79466206816,0.918479288286,0.483215699776,0.635464520443,0.36855959065,2,1.72418392185,0.635464520443,2,0.280077901067,0.292182591018,527,0.067824967825,0.521944451591,37,37,37,1,0,0.405405405405,0.540540540541,0.0540540540541,-28,-0.021021021021,-0.00110489626323,-1.51351351351,-1.27272727273,-0.8,-0.443357482275,-0.000229531510587,-0.00191274076624,-0.775980061892,0.000293752884073,0.00207381367288,-0.258651278278,0.0472143940811,0.0213854484723,-0.00513504988317,-0.00274031206778,0,-0.00110489626323,-0.00513504988317,0,-0.0639934931808,-0.0843864466386,-283,-0.0364221364221,-0.0476323767592,0,0,0,312,2,30,988,0.912280701754,0.99797979798,0.0020202020202,0.0877192982456,0.993630573248,0.912280701754,0.951219512195,0.936823193855,0.910260499734,0.906976744186,109,137,0,0,0,0
2341,WLNM_dir_neg,0.988571580798,0.973808109852,00:00:04,10,60,11,1238529946,threshold_sweep,0.1,0.96062992126,0.890510948905,0.924242424242,122,5,15,269,0.890510948905,0.981751824818,0.0182481751825,0.109489051095,0.96062992126,0.890510948905,0.924242424242,0.951338199513,0.563665855637,0.888475836431,0.889860383834,0.872262773723,342,205,137,0,342,0,205,0,137,37,342,0.256756756757,1.72528881811,18.4864864865,15.5454545455,9.77142857143,5.36771015539,0.290358590277,0.142642642643,9.50849154237,1.02869645341,0.544491860281,8.05331334643,0.871264894205,0.461830251304,0.640599570326,0.371299902718,2,1.72528881811,0.640599570326,2,0.344071394247,0.376569037657,810,0.104247104247,0.56957682835,37,37,37,1,0,0.405405405405,0.540540540541,0.0540540540541,37,0.153903903904,1.79602926645,11.0810810811,9.31818181818,5.85714285714,4.45582252276,0.40211081303,0.222940013184,6.22983232606,1.12440876129,0.594858272907,5.06948712393,0.914980602856,0.487541199736,0.716833461034,0.399121258448,2,1.79602926645,0.716833461034,2,0.157698096862,0.118404653095,95,0.0122265122265,0.258076299687,37,37,37,1,0,0.405405405405,0.540540540541,0.0540540540541,37,332,0.249249249249,1.72703836278,17.9459459459,15.0909090909,9.22222222222,4.84163623597,0.26978997098,0.135460761967,9.02615485528,1.00592689652,0.53353956366,8.02941289706,0.894844208407,0.47541517421,0.639696981915,0.370401142037,2,1.72703836278,0.639696981915,2,0.304677506066,0.327336331834,655,0.0842985842986,0.557043784341,37,37,37,1,0,0.405405405405,0.567567567568,0.027027027027,-10,-0.00750750750751,0.00174954466386,-0.540540540541,-0.454545454545,-0.549206349206,-0.526073919425,-0.020568619297,-0.00718188067586,-0.482336687096,-0.0227695568928,-0.0109522966213,-0.0239004493744,0.0235793142024,0.0135849229064,-0.000902588411405,-0.000898760680914,0,0.00174954466386,-0.000902588411405,0,-0.0393938881814,-0.0492327058228,-155,-0.0199485199485,-0.0125330440093,0,0.027027027027,-0.027027027027,327,5,15,985,0.956140350877,0.994949494949,0.00505050505051,0.0438596491228,0.984939759036,0.956140350877,0.970326409496,0.960468560591,0.951089845827,0.942363112392,127,137,0,0,0,0
2342,WLNM_dir_neg,0.988571580798,0.973808109852,00:00:04,10,60,11,1238529946,threshold_sweep,0.2,0.968,0.883211678832,0.923664122137,121,4,16,270,0.883211678832,0.985401459854,0.014598540146,0.116788321168,0.968,0.883211678832,0.923664122137,0.951338199513,0.565287915653,0.888059701493,0.890069534488,0.868613138686,342,205,137,0,342,0,205,0,137,37,342,0.256756756757,1.72528881811,18.4864864865,15.5454545455,9.77142857143,5.36771015539,0.290358590277,0.142642642643,9.50849154237,1.02869645341,0.544491860281,8.05331334643,0.871264894205,0.461830251304,0.640599570326,0.371299902718,2,1.72528881811,0.640599570326,2,0.344071394247,0.376569037657,810,0.104247104247,0.56957682835,37,37,37,1,0,0.405405405405,0.540540540541,0.0540540540541,37,0.153903903904,1.79602926645,11.0810810811,9.31818181818,5.85714285714,4.45582252276,0.40211081303,0.222940013184,6.22983232606,1.12440876129,0.594858272907,5.06948712393,0.914980602856,0.487541199736,0.716833461034,0.399121258448,2,1.79602926645,0.716833461034,2,0.157698096862,0.118404653095,95,0.0122265122265,0.258076299687,37,37,37,1,0,0.405405405405,0.540540540541,0.0540540540541,37,330,0.247747747748,1.72446862852,17.8378378378,15,9.16666666667,4.74056673542,0.265759044258,0.132022932023,8.94855164686,1.00332245738,0.531859131859,8.07044807505,0.904868420536,0.479606879607,0.637250679096,0.369534515478,2,1.72446862852,0.637250679096,2,0.295759957634,0.315362514788,622,0.0800514800515,0.560231224839,37,37,37,1,0,0.405405405405,0.567567567568,0.027027027027,-12,-0.00900900900901,-0.000820189599102,-0.648648648649,-0.545454545455,-0.604761904762,-0.627143419973,-0.0245995460187,-0.0106197106197,-0.559939895512,-0.0253739960392,-0.0126327284222,0.0171347286191,0.0336035263314,0.0177766283029,-0.00334889123046,-0.00176538723973,0,-0.000820189599102,-0.00334889123046,0,-0.048311436613,-0.061206522869,-188,-0.0241956241956,-0.00934560351075,0,0.027027027027,-0.027027027027,326,4,16,986,0.953216374269,0.99595959596,0.0040404040404,0.046783625731,0.987878787879,0.953216374269,0.970238095238,0.960476082177,0.949175970229,0.942196531792,125,137,0,0,0,0
2343,WLNM_dir_neg,0.988571580798,0.973808109852,00:00:04,10,60,11,1238529946,threshold_sweep,0.3,0.968,0.883211678832,0.923664122137,121,4,16,270,0.883211678832,0.985401459854,0.014598540146,0.116788321168,0.968,0.883211678832,0.923664122137,0.951338199513,0.565287915653,0.888059701493,0.890069534488,0.868613138686,342,205,137,0,342,0,205,0,137,37,342,0.256756756757,1.72528881811,18.4864864865,15.5454545455,9.77142857143,5.36771015539,0.290358590277,0.142642642643,9.50849154237,1.02869645341,0.544491860281,8.05331334643,0.871264894205,0.461830251304,0.640599570326,0.371299902718,2,1.72528881811,0.640599570326,2,0.344071394247,0.376569037657,810,0.104247104247,0.56957682835,37,37,37,1,0,0.405405405405,0.540540540541,0.0540540540541,37,0.153903903904,1.79602926645,11.0810810811,9.31818181818,5.85714285714,4.45582252276,0.40211081303,0.222940013184,6.22983232606,1.12440876129,0.594858272907,5.06948712393,0.914980602856,0.487541199736,0.716833461034,0.399121258448,2,1.79602926645,0.716833461034,2,0.157698096862,0.118404653095,95,0.0122265122265,0.258076299687,37,37,37,1,0,0.405405405405,0.540540540541,0.0540540540541,37,330,0.247747747748,1.72446862852,17.8378378378,15,9.16666666667,4.74056673542,0.265759044258,0.132022932023,8.94855164686,1.00332245738,0.531859131859,8.07044807505,0.904868420536,0.479606879607,0.637250679096,0.369534515478,2,1.72446862852,0.637250679096,2,0.295759957634,0.315362514788,622,0.0800514800515,0.560231224839,37,37,37,1,0,0.405405405405,0.567567567568,0.027027027027,-12,-0.00900900900901,-0.000820189599102,-0.648648648649,-0.545454545455,-0.604761904762,-0.627143419973,-0.0245995460187,-0.0106197106197,-0.559939895512,-0.0253739960392,-0.0126327284222,0.0171347286191,0.0336035263314,0.0177766283029,-0.00334889123046,-0.00176538723973,0,-0.000820189599102,-0.00334889123046,0,-0.048311436613,-0.061206522869,-188,-0.0241956241956,-0.00934560351075,0,0.027027027027,-0.027027027027,326,4,16,986,0.953216374269,0.99595959596,0.0040404040404,0.046783625731,0.987878787879,0.953216374269,0.970238095238,0.960476082177,0.949175970229,0.942196531792,125,137,0,0,0,0
2344,WLNM_dir_neg,0.988571580798,0.973808109852,00:00:04,10,60,11,1238529946,threshold_sweep,0.4,0.967213114754,0.861313868613,0.911196911197,118,4,19,270,0.861313868613,0.985401459854,0.014598540146,0.138686131387,0.967213114754,0.861313868613,0.911196911197,0.94403892944,0.567721005677,0.870544090056,0.873663416013,0.846715328467,342,205,137,0,342,0,205,0,137,37,342,0.256756756757,1.72528881811,18.4864864865,15.5454545455,9.77142857143,5.36771015539,0.290358590277,0.142642642643,9.50849154237,1.02869645341,0.544491860281,8.05331334643,0.871264894205,0.461830251304,0.640599570326,0.371299902718,2,1.72528881811,0.640599570326,2,0.344071394247,0.376569037657,810,0.104247104247,0.56957682835,37,37,37,1,0,0.405405405405,0.540540540541,0.0540540540541,37,0.153903903904,1.79602926645,11.0810810811,9.31818181818,5.85714285714,4.45582252276,0.40211081303,0.222940013184,6.22983232606,1.12440876129,0.594858272907,5.06948712393,0.914980602856,0.487541199736,0.716833461034,0.399121258448,2,1.79602926645,0.716833461034,2,0.157698096862,0.118404653095,95,0.0122265122265,0.258076299687,37,37,37,1,0,0.405405405405,0.540540540541,0.0540540540541,37,327,0.245495495495,1.7241983785,17.6756756757,14.8636363636,9.08333333333,4.71436371372,0.266714766678,0.131085213654,8.83023062966,0.999139245558,0.528804033391,8.02604618834,0.908145898987,0.481527398959,0.636514750679,0.369165612621,2,1.7241983785,0.636514750679,2,0.285023549801,0.312854930305,606,0.0779922779923,0.554208851552,37,37,37,1,0,0.405405405405,0.567567567568,0.027027027027,-15,-0.0112612612613,-0.00109043961737,-0.810810810811,-0.681818181818,-0.688095238095,-0.653346441675,-0.0236438235989,-0.0115574289886,-0.678260912715,-0.029557207857,-0.0156878268901,-0.0272671580911,0.036881004782,0.0196971476547,-0.00408481964724,-0.00213429009636,0,-0.00109043961737,-0.00408481964724,0,-0.059047844446,-0.0637141073523,-204,-0.0262548262548,-0.0153679767977,0,0.027027027027,-0.027027027027,323,4,19,986,0.944444444444,0.99595959596,0.0040404040404,0.0555555555556,0.987767584098,0.944444444444,0.965620328849,0.954527026444,0.940404040404,0.933526011561,122,137,0,0,0,0
2345,WLNM_dir_neg,0.988571580798,0.973808109852,00:00:04,10,60,11,1238529946,threshold_sweep,0.5,0.975,0.85401459854,0.910505836576,117,3,20,271,0.85401459854,0.989051094891,0.0109489051095,0.14598540146,0.975,0.85401459854,0.910505836576,0.94403892944,0.569343065693,0.870056497175,0.874097472684,0.843065693431,342,205,137,0,342,0,205,0,137,37,342,0.256756756757,1.72528881811,18.4864864865,15.5454545455,9.77142857143,5.36771015539,0.290358590277,0.142642642643,9.50849154237,1.02869645341,0.544491860281,8.05331334643,0.871264894205,0.461830251304,0.640599570326,0.371299902718,2,1.72528881811,0.640599570326,2,0.344071394247,0.376569037657,810,0.104247104247,0.56957682835,37,37,37,1,0,0.405405405405,0.540540540541,0.0540540540541,37,0.153903903904,1.79602926645,11.0810810811,9.31818181818,5.85714285714,4.45582252276,0.40211081303,0.222940013184,6.22983232606,1.12440876129,0.594858272907,5.06948712393,0.914980602856,0.487541199736,0.716833461034,0.399121258448,2,1.79602926645,0.716833461034,2,0.157698096862,0.118404653095,95,0.0122265122265,0.258076299687,37,37,37,1,0,0.405405405405,0.540540540541,0.0540540540541,37,325,0.243993993994,1.73758758988,17.5675675676,14.7727272727,9.28571428571,4.85649931387,0.27644688402,0.135966735967,8.83218588502,1.00551039306,0.530893970894,8.05582996323,0.917125257352,0.486819126819,0.658362173933,0.378894380789,2,1.73758758988,0.658362173933,2,0.286818852603,0.309519680943,595,0.0765765765766,0.554319645027,37,37,37,1,0,0.405405405405,0.540540540541,0.0540540540541,-17,-0.0127627627628,0.012298771763,-0.918918918919,-0.772727272727,-0.485714285714,-0.511210841527,-0.013911706257,-0.00667590667591,-0.676305657357,-0.0231860603512,-0.0135978893874,0.00251661679093,0.0458603631469,0.0249888755152,0.0177626036074,0.00759447807127,0,0.012298771763,0.0177626036074,0,-0.0572525416445,-0.0670493567136,-215,-0.0276705276705,-0.0152571833233,0,0,0,322,3,20,987,0.941520467836,0.99696969697,0.0030303030303,0.0584795321637,0.990769230769,0.941520467836,0.965517241379,0.954561601296,0.938490164806,0.933333333333,120,137,0,0,0,0
2346,WLNM_dir_neg,0.988571580798,0.973808109852,00:00:04,10,60,11,1238529946,threshold_sweep,0.6,0.974789915966,0.846715328467,0.90625,116,3,21,271,0.846715328467,0.989051094891,0.0109489051095,0.153284671533,0.974789915966,0.846715328467,0.90625,0.941605839416,0.570154095702,0.864150943396,0.868671509974,0.835766423358,342,205,137,0,342,0,205,0,137,37,342,0.256756756757,1.72528881811,18.4864864865,15.5454545455,9.77142857143,5.36771015539,0.290358590277,0.142642642643,9.50849154237,1.02869645341,0.544491860281,8.05331334643,0.871264894205,0.461830251304,0.640599570326,0.371299902718,2,1.72528881811,0.640599570326,2,0.344071394247,0.376569037657,810,0.104247104247,0.56957682835,37,37,37,1,0,0.405405405405,0.540540540541,0.0540540540541,37,0.153903903904,1.79602926645,11.0810810811,9.31818181818,5.85714285714,4.45582252276,0.40211081303,0.222940013184,6.22983232606,1.12440876129,0.594858272907,5.06948712393,0.914980602856,0.487541199736,0.716833461034,0.399121258448,2,1.79602926645,0.716833461034,2,0.157698096862,0.118404653095,95,0.0122265122265,0.258076299687,37,37,37,1,0,0.405405405405,0.540540540541,0.0540540540541,37,324,0.243243243243,1.73642221615,17.5135135135,14.7272727273,9.25714285714,4.87409035172,0.278304541688,0.136720053387,8.80468753123,1.0054735761,0.530530530531,8.04986337153,0.919274520823,0.487654320988,0.657216956507,0.378489143018,2,1.73642221615,0.657216956507,2,0.287175326346,0.309046540003,591,0.0760617760618,0.553554812785,37,37,37,1,0,0.405405405405,0.540540540541,0.0540540540541,-18,-0.0135135135135,0.0111333980339,-0.972972972973,-0.818181818182,-0.514285714286,-0.493619803671,-0.0120540485892,-0.00592258925592,-0.703804011149,-0.023222877318,-0.0139613297508,-0.00344997490424,0.048009626618,0.0258240696837,0.0166173861808,0.00718924029988,0,0.0111333980339,0.0166173861808,0,-0.0568960679013,-0.0675224976534,-219,-0.0281853281853,-0.0160220155646,0,0,0,321,3,21,987,0.938596491228,0.99696969697,0.0030303030303,0.0614035087719,0.990740740741,0.938596491228,0.963963963964,0.952582057386,0.935566188198,0.930434782609,119,137,0,0,0,0
2347,WLNM_dir_neg,0.988571580798,0.973808109852,00:00:04,10,60,11,1238529946,threshold_sweep,0.7,0.974789915966,0.846715328467,0.90625,116,3,21,271,0.846715328467,0.989051094891,0.0109489051095,0.153284671533,0.974789915966,0.846715328467,0.90625,0.941605839416,0.570154095702,0.864150943396,0.868671509974,0.835766423358,342,205,137,0,342,0,205,0,137,37,342,0.256756756757,1.72528881811,18.4864864865,15.5454545455,9.77142857143,5.36771015539,0.290358590277,0.142642642643,9.50849154237,1.02869645341,0.544491860281,8.05331334643,0.871264894205,0.461830251304,0.640599570326,0.371299902718,2,1.72528881811,0.640599570326,2,0.344071394247,0.376569037657,810,0.104247104247,0.56957682835,37,37,37,1,0,0.405405405405,0.540540540541,0.0540540540541,37,0.153903903904,1.79602926645,11.0810810811,9.31818181818,5.85714285714,4.45582252276,0.40211081303,0.222940013184,6.22983232606,1.12440876129,0.594858272907,5.06948712393,0.914980602856,0.487541199736,0.716833461034,0.399121258448,2,1.79602926645,0.716833461034,2,0.157698096862,0.118404653095,95,0.0122265122265,0.258076299687,37,37,37,1,0,0.405405405405,0.540540540541,0.0540540540541,37,324,0.243243243243,1.73642221615,17.5135135135,14.7272727273,9.25714285714,4.87409035172,0.278304541688,0.136720053387,8.80468753123,1.0054735761,0.530530530531,8.04986337153,0.919274520823,0.487654320988,0.657216956507,0.378489143018,2,1.73642221615,0.657216956507,2,0.287175326346,0.309046540003,591,0.0760617760618,0.553554812785,37,37,37,1,0,0.405405405405,0.540540540541,0.0540540540541,-18,-0.0135135135135,0.0111333980339,-0.972972972973,-0.818181818182,-0.514285714286,-0.493619803671,-0.0120540485892,-0.00592258925592,-0.703804011149,-0.023222877318,-0.0139613297508,-0.00344997490424,0.048009626618,0.0258240696837,0.0166173861808,0.00718924029988,0,0.0111333980339,0.0166173861808,0,-0.0568960679013,-0.0675224976534,-219,-0.0281853281853,-0.0160220155646,0,0,0,321,3,21,987,0.938596491228,0.99696969697,0.0030303030303,0.0614035087719,0.990740740741,0.938596491228,0.963963963964,0.952582057386,0.935566188198,0.930434782609,119,137,0,0,0,0
2348,WLNM_dir_neg,0.988571580798,0.973808109852,00:00:04,10,60,11,1238529946,threshold_sweep,0.8,0.974789915966,0.846715328467,0.90625,116,3,21,271,0.846715328467,0.989051094891,0.0109489051095,0.153284671533,0.974789915966,0.846715328467,0.90625,0.941605839416,0.570154095702,0.864150943396,0.868671509974,0.835766423358,342,205,137,0,342,0,205,0,137,37,342,0.256756756757,1.72528881811,18.4864864865,15.5454545455,9.77142857143,5.36771015539,0.290358590277,0.142642642643,9.50849154237,1.02869645341,0.544491860281,8.05331334643,0.871264894205,0.461830251304,0.640599570326,0.371299902718,2,1.72528881811,0.640599570326,2,0.344071394247,0.376569037657,810,0.104247104247,0.56957682835,37,37,37,1,0,0.405405405405,0.540540540541,0.0540540540541,37,0.153903903904,1.79602926645,11.0810810811,9.31818181818,5.85714285714,4.45582252276,0.40211081303,0.222940013184,6.22983232606,1.12440876129,0.594858272907,5.06948712393,0.914980602856,0.487541199736,0.716833461034,0.399121258448,2,1.79602926645,0.716833461034,2,0.157698096862,0.118404653095,95,0.0122265122265,0.258076299687,37,37,37,1,0,0.405405405405,0.540540540541,0.0540540540541,37,324,0.243243243243,1.73642221615,17.5135135135,14.7272727273,9.25714285714,4.87409035172,0.278304541688,0.136720053387,8.80468753123,1.0054735761,0.530530530531,8.04986337153,0.919274520823,0.487654320988,0.657216956507,0.378489143018,2,1.73642221615,0.657216956507,2,0.287175326346,0.309046540003,591,0.0760617760618,0.553554812785,37,37,37,1,0,0.405405405405,0.540540540541,0.0540540540541,-18,-0.0135135135135,0.0111333980339,-0.972972972973,-0.818181818182,-0.514285714286,-0.493619803671,-0.0120540485892,-0.00592258925592,-0.703804011149,-0.023222877318,-0.0139613297508,-0.00344997490424,0.048009626618,0.0258240696837,0.0166173861808,0.00718924029988,0,0.0111333980339,0.0166173861808,0,-0.0568960679013,-0.0675224976534,-219,-0.0281853281853,-0.0160220155646,0,0,0,321,3,21,987,0.938596491228,0.99696969697,0.0030303030303,0.0614035087719,0.990740740741,0.938596491228,0.963963963964,0.952582057386,0.935566188198,0.930434782609,119,137,0,0,0,0
2349,WLNM_dir_neg,0.988571580798,0.973808109852,00:00:04,10,60,11,1238529946,threshold_sweep,0.9,0.982142857143,0.802919708029,0.883534136546,110,2,27,272,0.802919708029,0.992700729927,0.00729927007299,0.197080291971,0.982142857143,0.802919708029,0.883534136546,0.929440389294,0.575831305758,0.833652007648,0.842358359789,0.795620437956,342,205,137,0,342,0,205,0,137,37,342,0.256756756757,1.72528881811,18.4864864865,15.5454545455,9.77142857143,5.36771015539,0.290358590277,0.142642642643,9.50849154237,1.02869645341,0.544491860281,8.05331334643,0.871264894205,0.461830251304,0.640599570326,0.371299902718,2,1.72528881811,0.640599570326,2,0.344071394247,0.376569037657,810,0.104247104247,0.56957682835,37,37,37,1,0,0.405405405405,0.540540540541,0.0540540540541,37,0.153903903904,1.79602926645,11.0810810811,9.31818181818,5.85714285714,4.45582252276,0.40211081303,0.222940013184,6.22983232606,1.12440876129,0.594858272907,5.06948712393,0.914980602856,0.487541199736,0.716833461034,0.399121258448,2,1.79602926645,0.716833461034,2,0.157698096862,0.118404653095,95,0.0122265122265,0.258076299687,37,37,37,1,0,0.405405405405,0.540540540541,0.0540540540541,37,317,0.237987987988,1.73639473438,17.1351351351,14.4090909091,9.05714285714,4.89989887743,0.285956243635,0.141273765879,8.60407055004,1.00426060048,0.530138971779,7.91110520633,0.923378210202,0.491943047148,0.656502156577,0.378083475824,2,1.73639473438,0.656502156577,2,0.296036099592,0.309480566655,568,0.0731016731017,0.536378349421,37,37,37,1,0,0.405405405405,0.540540540541,0.0540540540541,-25,-0.0187687687688,0.0111059162655,-1.35135135135,-1.13636363636,-0.714285714286,-0.467811277966,-0.0044023466418,-0.0013688767632,-0.904420992337,-0.0244358529372,-0.014352888502,-0.142208140107,0.0521133159974,0.0301127958442,0.0159025862509,0.00678357310621,0,0.0111059162655,0.0159025862509,0,-0.0480352946557,-0.0670884710023,-242,-0.0311454311454,-0.0331984789284,0,0,0,315,2,27,988,0.921052631579,0.99797979798,0.0020202020202,0.0789473684211,0.993690851735,0.921052631579,0.955993930197,0.942754978573,0.919032429559,0.915697674419,112,137,0,0,0,0
2350,WLNM_dir_neg,0.976637007832,0.900766410429,00:00:04,10,60,12,1238529947,threshold_sweep,0.1,0.918518518519,0.905109489051,0.911764705882,124,11,13,263,0.905109489051,0.959854014599,0.0401459854015,0.0948905109489,0.918518518519,0.905109489051,0.911764705882,0.941605839416,0.557177615572,0.868131868132,0.868184289971,0.86496350365,342,205,137,0,342,0,205,0,137,37,342,0.256756756757,1.72528881811,18.4864864865,15.5454545455,9.77142857143,5.36771015539,0.290358590277,0.142642642643,9.50849154237,1.02869645341,0.544491860281,8.05331334643,0.871264894205,0.461830251304,0.640599570326,0.371299902718,2,1.72528881811,0.640599570326,2,0.344071394247,0.376569037657,810,0.104247104247,0.56957682835,37,37,37,1,0,0.405405405405,0.540540540541,0.0540540540541,37,0.153903903904,1.8074446573,11.0810810811,9.31818181818,5.85714285714,4.47448555937,0.403795038285,0.22412656559,6.22537189694,1.12360370823,0.594330916282,5.03650338691,0.909027440564,0.484113381674,0.727777481771,0.402655472095,2,1.8074446573,0.727777481771,2,0.149933924702,0.119402985075,96,0.0123552123552,0.258224769821,37,37,37,1,0,0.405405405405,0.540540540541,0.0540540540541,37,340,0.255255255255,2.57059340879,18.3783783784,13.6,9.71428571429,4.38020389779,0.23833462385,0.114546899841,8.80920553183,0.958648837288,0.516375198728,8.05480476982,0.876552283774,0.460572337043,1.4096108972,0.548360114973,5.43981498702,2.57059340879,1.4096108972,5.43981498702,0.292923823816,0.302248126561,605,0.0778635778636,0.446353265812,37,37,37,1,0,0.324324324324,0.621621621622,0.0540540540541,-2,-0.0015015015015,0.845304590678,-0.108108108108,-1.94545454545,-0.0571428571429,-0.987506257607,-0.052023966427,-0.0280957428016,-0.69928601054,-0.0700476161269,-0.0281166615532,0.00149142338358,0.00528738956942,-0.00125791426101,0.76901132687,0.177060212256,3.43981498702,0.845304590678,0.76901132687,3.43981498702,-0.0511475704318,-0.0743209110957,-205,-0.0263835263835,-0.123223562538,-0.0810810810811,0.0810810810811,0,329,11,13,979,0.961988304094,0.988888888889,0.0111111111111,0.0380116959064,0.967647058824,0.961988304094,0.964809384164,0.952707944149,0.950877192982,0.932011331445,135,137,0,0,0,0
2351,WLNM_dir_neg,0.976637007832,0.900766410429,00:00:04,10,60,12,1238529947,threshold_sweep,0.2,0.931297709924,0.890510948905,0.910447761194,122,9,15,265,0.890510948905,0.967153284672,0.0328467153285,0.109489051095,0.931297709924,0.890510948905,0.910447761194,0.941605839416,0.560421735604,0.867158671587,0.867637273511,0.857664233577,342,205,137,0,342,0,205,0,137,37,342,0.256756756757,1.72528881811,18.4864864865,15.5454545455,9.77142857143,5.36771015539,0.290358590277,0.142642642643,9.50849154237,1.02869645341,0.544491860281,8.05331334643,0.871264894205,0.461830251304,0.640599570326,0.371299902718,2,1.72528881811,0.640599570326,2,0.344071394247,0.376569037657,810,0.104247104247,0.56957682835,37,37,37,1,0,0.405405405405,0.540540540541,0.0540540540541,37,0.153903903904,1.8074446573,11.0810810811,9.31818181818,5.85714285714,4.47448555937,0.403795038285,0.22412656559,6.22537189694,1.12360370823,0.594330916282,5.03650338691,0.909027440564,0.484113381674,0.727777481771,0.402655472095,2,1.8074446573,0.727777481771,2,0.149933924702,0.119402985075,96,0.0123552123552,0.258224769821,37,37,37,1,0,0.405405405405,0.540540540541,0.0540540540541,37,336,0.252252252252,2.3230828014,18.1621621622,14,9.6,4.27208974048,0.235219226783,0.111003861004,8.71581697063,0.959777464027,0.515765765766,8.1389952232,0.896258402555,0.469272844273,1.31384040932,0.565559010005,5.19730571409,2.3230828014,1.31384040932,5.19730571409,0.283358996897,0.290125551408,570,0.0733590733591,0.488474634105,37,37,37,1,0,0.351351351351,0.594594594595,0.0540540540541,-6,-0.0045045045045,0.597793983285,-0.324324324324,-1.54545454545,-0.171428571429,-1.09562041491,-0.0551393634945,-0.0316387816388,-0.792674571748,-0.0689189893875,-0.0287260945156,0.085681876764,0.0249935083497,0.00744259296891,0.673240838992,0.194259107287,3.19730571409,0.597793983285,0.673240838992,3.19730571409,-0.0607123973503,-0.0864434862487,-240,-0.030888030888,-0.081102194245,-0.0540540540541,0.0540540540541,0,327,9,15,981,0.956140350877,0.990909090909,0.00909090909091,0.0438596491228,0.973214285714,0.956140350877,0.964601769912,0.952585562155,0.947049441786,0.931623931624,131,137,0,0,0,0
2352,WLNM_dir_neg,0.976637007832,0.900766410429,00:00:04,10,60,12,1238529947,threshold_sweep,0.3,0.937984496124,0.883211678832,0.90977443609,121,8,16,266,0.883211678832,0.970802919708,0.029197080292,0.116788321168,0.937984496124,0.883211678832,0.90977443609,0.941605839416,0.56204379562,0.866666666667,0.867523903935,0.85401459854,342,205,137,0,342,0,205,0,137,37,342,0.256756756757,1.72528881811,18.4864864865,15.5454545455,9.77142857143,5.36771015539,0.290358590277,0.142642642643,9.50849154237,1.02869645341,0.544491860281,8.05331334643,0.871264894205,0.461830251304,0.640599570326,0.371299902718,2,1.72528881811,0.640599570326,2,0.344071394247,0.376569037657,810,0.104247104247,0.56957682835,37,37,37,1,0,0.405405405405,0.540540540541,0.0540540540541,37,0.153903903904,1.8074446573,11.0810810811,9.31818181818,5.85714285714,4.47448555937,0.403795038285,0.22412656559,6.22537189694,1.12360370823,0.594330916282,5.03650338691,0.909027440564,0.484113381674,0.727777481771,0.402655472095,2,1.8074446573,0.727777481771,2,0.149933924702,0.119402985075,96,0.0123552123552,0.258224769821,37,37,37,1,0,0.405405405405,0.540540540541,0.0540540540541,37,334,0.250750750751,2.38844893007,18.0540540541,13.9166666667,9.54285714286,4.2749005573,0.236783414102,0.109969250688,8.68743181104,0.962380170684,0.516264767762,8.17342063061,0.905438812372,0.47224469979,1.43363340126,0.600236154607,5.62433137402,2.38844893007,1.43363340126,5.62433137402,0.281179375182,0.283582089552,551,0.0709137709138,0.488587555054,37,37,37,1,0,0.351351351351,0.594594594595,0.0540540540541,-8,-0.00600600600601,0.663160111957,-0.432432432432,-1.62878787879,-0.228571428571,-1.0928095981,-0.0535751761754,-0.0326733919548,-0.821059731335,-0.0663162827307,-0.0282270925196,0.120107284171,0.0341739181676,0.0104144484857,0.793033830936,0.228936251889,3.62433137402,0.663160111957,0.793033830936,3.62433137402,-0.0628920190655,-0.0929869481047,-259,-0.0333333333333,-0.0809892732958,-0.0540540540541,0.0540540540541,0,326,8,16,982,0.953216374269,0.991919191919,0.00808080808081,0.046783625731,0.976047904192,0.953216374269,0.96449704142,0.952546646914,0.945135566188,0.931428571429,129,137,0,0,0,0
2353,WLNM_dir_neg,0.976637007832,0.900766410429,00:00:04,10,60,12,1238529947,threshold_sweep,0.4,0.944,0.861313868613,0.900763358779,118,7,19,267,0.861313868613,0.974452554745,0.0255474452555,0.138686131387,0.944,0.861313868613,0.900763358779,0.936739659367,0.565287915653,0.85447761194,0.856411442848,0.835766423358,342,205,137,0,342,0,205,0,137,37,342,0.256756756757,1.72528881811,18.4864864865,15.5454545455,9.77142857143,5.36771015539,0.290358590277,0.142642642643,9.50849154237,1.02869645341,0.544491860281,8.05331334643,0.871264894205,0.461830251304,0.640599570326,0.371299902718,2,1.72528881811,0.640599570326,2,0.344071394247,0.376569037657,810,0.104247104247,0.56957682835,37,37,37,1,0,0.405405405405,0.540540540541,0.0540540540541,37,0.153903903904,1.8074446573,11.0810810811,9.31818181818,5.85714285714,4.47448555937,0.403795038285,0.22412656559,6.22537189694,1.12360370823,0.594330916282,5.03650338691,0.909027440564,0.484113381674,0.727777481771,0.402655472095,2,1.8074446573,0.727777481771,2,0.149933924702,0.119402985075,96,0.0123552123552,0.258224769821,37,37,37,1,0,0.405405405405,0.540540540541,0.0540540540541,37,330,0.247747747748,2.379583218,17.8378378378,13.75,9.42857142857,4.09276810371,0.22944306036,0.104995904996,8.52570745966,0.955912654568,0.511875511876,8.23737545304,0.923584520492,0.4819000819,1.43094865466,0.601344237023,5.62406700485,2.379583218,1.43094865466,5.62406700485,0.27058922453,0.269001751313,512,0.0658944658945,0.492646972664,37,37,37,1,0,0.351351351351,0.594594594595,0.0540540540541,-12,-0.00900900900901,0.654294399889,-0.648648648649,-1.79545454545,-0.342857142857,-1.27494205168,-0.0609155299176,-0.0376467376467,-0.982784082716,-0.072783798847,-0.0326163484058,0.184062106606,0.0523196262875,0.0200698305961,0.790349084337,0.230044334305,3.62406700485,0.654294399889,0.790349084337,3.62406700485,-0.0734821697176,-0.107567286343,-298,-0.0383526383526,-0.0769298556855,-0.0540540540541,0.0540540540541,0,323,7,19,983,0.944444444444,0.992929292929,0.00707070707071,0.0555555555556,0.978787878788,0.944444444444,0.96130952381,0.948533341601,0.937373737374,0.925501432665,125,137,0,0,0,0
2354,WLNM_dir_neg,0.976637007832,0.900766410429,00:00:04,10,60,12,1238529947,threshold_sweep,0.5,0.951612903226,0.861313868613,0.904214559387,118,6,19,268,0.861313868613,0.978102189781,0.021897810219,0.138686131387,0.951612903226,0.861313868613,0.904214559387,0.939172749392,0.566098945661,0.859813084112,0.862106753483,0.839416058394,342,205,137,0,342,0,205,0,137,37,342,0.256756756757,1.72528881811,18.4864864865,15.5454545455,9.77142857143,5.36771015539,0.290358590277,0.142642642643,9.50849154237,1.02869645341,0.544491860281,8.05331334643,0.871264894205,0.461830251304,0.640599570326,0.371299902718,2,1.72528881811,0.640599570326,2,0.344071394247,0.376569037657,810,0.104247104247,0.56957682835,37,37,37,1,0,0.405405405405,0.540540540541,0.0540540540541,37,0.153903903904,1.8074446573,11.0810810811,9.31818181818,5.85714285714,4.47448555937,0.403795038285,0.22412656559,6.22537189694,1.12360370823,0.594330916282,5.03650338691,0.909027440564,0.484113381674,0.727777481771,0.402655472095,2,1.8074446573,0.727777481771,2,0.149933924702,0.119402985075,96,0.0123552123552,0.258224769821,37,37,37,1,0,0.405405405405,0.540540540541,0.0540540540541,37,329,0.246996996997,2.19285188362,17.7837837838,14.3043478261,9.4,4.06977432582,0.228847492485,0.103754210137,8.553049436,0.961893097666,0.514252854678,8.2589472822,0.928817779457,0.484022015937,1.36796708737,0.623830135352,5.43733567046,2.19285188362,1.36796708737,5.43733567046,0.27058922453,0.269001751313,512,0.0658944658945,0.537025256333,37,37,37,1,0,0.378378378378,0.567567567568,0.0540540540541,-13,-0.00975975975976,0.467563065503,-0.702702702703,-1.24110671937,-0.371428571429,-1.29793582958,-0.0615110977921,-0.0388884325055,-0.955442106375,-0.0668033557492,-0.0302390056029,0.205633935769,0.0575528852526,0.022191764633,0.727367517039,0.252530232635,3.43733567046,0.467563065503,0.727367517039,3.43733567046,-0.0734821697176,-0.107567286343,-298,-0.0383526383526,-0.032551572017,-0.027027027027,0.027027027027,0,323,6,19,984,0.944444444444,0.993939393939,0.00606060606061,0.0555555555556,0.981762917933,0.944444444444,0.962742175857,0.950523271824,0.938383838384,0.92816091954,124,137,0,0,0,0
2355,WLNM_dir_neg,0.976637007832,0.900766410429,00:00:04,10,60,12,1238529947,threshold_sweep,0.6,0.959349593496,0.861313868613,0.907692307692,118,5,19,269,0.861313868613,0.981751824818,0.0182481751825,0.138686131387,0.959349593496,0.861313868613,0.907692307692,0.941605839416,0.566909975669,0.865168539326,0.867857023367,0.843065693431,342,205,137,0,342,0,205,0,137,37,342,0.256756756757,1.72528881811,18.4864864865,15.5454545455,9.77142857143,5.36771015539,0.290358590277,0.142642642643,9.50849154237,1.02869645341,0.544491860281,8.05331334643,0.871264894205,0.461830251304,0.640599570326,0.371299902718,2,1.72528881811,0.640599570326,2,0.344071394247,0.376569037657,810,0.104247104247,0.56957682835,37,37,37,1,0,0.405405405405,0.540540540541,0.0540540540541,37,0.153903903904,1.8074446573,11.0810810811,9.31818181818,5.85714285714,4.47448555937,0.403795038285,0.22412656559,6.22537189694,1.12360370823,0.594330916282,5.03650338691,0.909027440564,0.484113381674,0.727777481771,0.402655472095,2,1.8074446573,0.727777481771,2,0.149933924702,0.119402985075,96,0.0123552123552,0.258224769821,37,37,37,1,0,0.405405405405,0.540540540541,0.0540540540541,37,328,0.246246246246,1.79081947904,17.7297297297,14.9090909091,9.37142857143,4.21405484756,0.237682971585,0.106789716546,8.58021678748,0.967890308344,0.516479894529,8.28037224795,0.934066381628,0.485992089651,0.735444009415,0.410674564367,2.63273588096,1.79081947904,0.735444009415,2.63273588096,0.2657596697,0.268515268515,510,0.0656370656371,0.587641418312,37,37,37,1,0,0.405405405405,0.540540540541,0.0540540540541,-14,-0.0105105105105,0.0655306609266,-0.756756756757,-0.636363636364,-0.4,-1.15365530783,-0.0526756186921,-0.0358529260968,-0.928274754897,-0.0608061450712,-0.0280119657527,0.227058901512,0.0628014874233,0.0241618383467,0.0948444390889,0.0393746616491,0.63273588096,0.0655306609266,0.0948444390889,0.63273588096,-0.0783117245471,-0.108053769142,-300,-0.03861003861,0.0180645899617,0,0,0,323,5,19,985,0.944444444444,0.994949494949,0.00505050505051,0.0555555555556,0.984756097561,0.944444444444,0.964179104478,0.952521146475,0.939393939394,0.93083573487,123,137,0,0,0,0
2356,WLNM_dir_neg,0.976637007832,0.900766410429,00:00:04,10,60,12,1238529947,threshold_sweep,0.7,0.959016393443,0.85401459854,0.903474903475,117,5,20,269,0.85401459854,0.981751824818,0.0182481751825,0.14598540146,0.959016393443,0.85401459854,0.903474903475,0.939172749392,0.567721005677,0.859287054409,0.862366044254,0.835766423358,342,205,137,0,342,0,205,0,137,37,342,0.256756756757,1.72528881811,18.4864864865,15.5454545455,9.77142857143,5.36771015539,0.290358590277,0.142642642643,9.50849154237,1.02869645341,0.544491860281,8.05331334643,0.871264894205,0.461830251304,0.640599570326,0.371299902718,2,1.72528881811,0.640599570326,2,0.344071394247,0.376569037657,810,0.104247104247,0.56957682835,37,37,37,1,0,0.405405405405,0.540540540541,0.0540540540541,37,0.153903903904,1.8074446573,11.0810810811,9.31818181818,5.85714285714,4.47448555937,0.403795038285,0.22412656559,6.22537189694,1.12360370823,0.594330916282,5.03650338691,0.909027440564,0.484113381674,0.727777481771,0.402655472095,2,1.8074446573,0.727777481771,2,0.149933924702,0.119402985075,96,0.0123552123552,0.258224769821,37,37,37,1,0,0.405405405405,0.540540540541,0.0540540540541,37,327,0.245495495495,1.78957794671,17.6756756757,14.8636363636,9.34285714286,4.17035872461,0.23593772601,0.104719398297,8.54242196177,0.966573738794,0.515414497066,8.30165148735,0.939330596428,0.487808909827,0.734434466927,0.410395349516,2.63273588096,1.78957794671,0.734434466927,2.63273588096,0.261710028809,0.262506628955,495,0.0637065637066,0.589363996192,37,37,37,1,0,0.405405405405,0.540540540541,0.0540540540541,-15,-0.0112612612613,0.0642891285997,-0.810810810811,-0.681818181818,-0.428571428571,-1.19735143079,-0.0544208642673,-0.0379232443453,-0.966069580602,-0.062122714621,-0.0290773632155,0.248338140916,0.0680657022231,0.0259786585233,0.0938348966012,0.0390954467978,0.63273588096,0.0642891285997,0.0938348966012,0.63273588096,-0.0823613654389,-0.114062408702,-315,-0.0405405405405,0.0197871678419,0,0,0,322,5,20,985,0.941520467836,0.994949494949,0.00505050505051,0.0584795321637,0.984709480122,0.941520467836,0.962630792227,0.950533866856,0.936469962786,0.92795389049,122,137,0,0,0,0
2357,WLNM_dir_neg,0.976637007832,0.900766410429,00:00:04,10,60,12,1238529947,threshold_sweep,0.8,0.95867768595,0.846715328467,0.899224806202,116,5,21,269,0.846715328467,0.981751824818,0.0182481751825,0.153284671533,0.95867768595,0.846715328467,0.899224806202,0.936739659367,0.568532035685,0.853383458647,0.856878360309,0.828467153285,342,205,137,0,342,0,205,0,137,37,342,0.256756756757,1.72528881811,18.4864864865,15.5454545455,9.77142857143,5.36771015539,0.290358590277,0.142642642643,9.50849154237,1.02869645341,0.544491860281,8.05331334643,0.871264894205,0.461830251304,0.640599570326,0.371299902718,2,1.72528881811,0.640599570326,2,0.344071394247,0.376569037657,810,0.104247104247,0.56957682835,37,37,37,1,0,0.405405405405,0.540540540541,0.0540540540541,37,0.153903903904,1.8074446573,11.0810810811,9.31818181818,5.85714285714,4.47448555937,0.403795038285,0.22412656559,6.22537189694,1.12360370823,0.594330916282,5.03650338691,0.909027440564,0.484113381674,0.727777481771,0.402655472095,2,1.8074446573,0.727777481771,2,0.149933924702,0.119402985075,96,0.0123552123552,0.258224769821,37,37,37,1,0,0.405405405405,0.540540540541,0.0540540540541,37,326,0.244744744745,1.78802087068,17.6216216216,14.8181818182,9.31428571429,4.13219978644,0.234496000151,0.102802188692,8.5141641393,0.966331512743,0.514839993368,8.31944789113,0.944231815864,0.489471066158,0.733289699397,0.410112494448,2.63273588096,1.78802087068,0.733289699397,2.63273588096,0.256043923142,0.255250978996,478,0.0615186615187,0.59142193052,37,37,37,1,0,0.405405405405,0.540540540541,0.0540540540541,-16,-0.012012012012,0.0627320525615,-0.864864864865,-0.727272727273,-0.457142857143,-1.23551036895,-0.0558625901262,-0.0398404539509,-0.994327403072,-0.0623649406718,-0.0296518669137,0.266134544695,0.0729669216595,0.0276408148542,0.0926901290713,0.0388125917298,0.63273588096,0.0627320525615,0.0926901290713,0.63273588096,-0.088027471105,-0.121318058661,-332,-0.0427284427284,0.0218451021697,0,0,0,321,5,21,985,0.938596491228,0.994949494949,0.00505050505051,0.0614035087719,0.984662576687,0.938596491228,0.961077844311,0.948546390926,0.933545986178,0.92507204611,121,137,0,0,0,0
2358,WLNM_dir_neg,0.976637007832,0.900766410429,00:00:04,10,60,12,1238529947,threshold_sweep,0.9,0.966101694915,0.832116788321,0.894117647059,114,4,23,270,0.832116788321,0.985401459854,0.014598540146,0.167883211679,0.966101694915,0.832116788321,0.894117647059,0.934306569343,0.57096512571,0.846880907372,0.851840347593,0.817518248175,342,205,137,0,342,0,205,0,137,37,342,0.256756756757,1.72528881811,18.4864864865,15.5454545455,9.77142857143,5.36771015539,0.290358590277,0.142642642643,9.50849154237,1.02869645341,0.544491860281,8.05331334643,0.871264894205,0.461830251304,0.640599570326,0.371299902718,2,1.72528881811,0.640599570326,2,0.344071394247,0.376569037657,810,0.104247104247,0.56957682835,37,37,37,1,0,0.405405405405,0.540540540541,0.0540540540541,37,0.153903903904,1.8074446573,11.0810810811,9.31818181818,5.85714285714,4.47448555937,0.403795038285,0.22412656559,6.22537189694,1.12360370823,0.594330916282,5.03650338691,0.909027440564,0.484113381674,0.727777481771,0.402655472095,2,1.8074446573,0.727777481771,2,0.149933924702,0.119402985075,96,0.0123552123552,0.258224769821,37,37,37,1,0,0.405405405405,0.540540540541,0.0540540540541,37,323,0.242492492492,1.84667640434,17.4594594595,14.6818181818,9.22857142857,4.2595943638,0.243970575017,0.107271358045,8.49067674521,0.972616221587,0.517278888796,8.30210364455,0.951014968571,0.492343736926,0.86279926502,0.467217354914,3.45043616178,1.84667640434,0.86279926502,3.45043616178,0.260405482148,0.249232436337,460,0.0592020592021,0.587275252621,37,37,37,1,0,0.405405405405,0.540540540541,0.0540540540541,-19,-0.0142642642643,0.121387586228,-1.02702702703,-0.863636363636,-0.542857142857,-1.10811579159,-0.0463880152605,-0.0353712845973,-1.01781479717,-0.0560802318277,-0.0272129714854,0.24879029812,0.0797500743664,0.0305134856218,0.222199694694,0.0959174521966,1.45043616178,0.121387586228,0.222199694694,1.45043616178,-0.0836659120994,-0.12733660132,-350,-0.045045045045,0.0176984242708,0,0,0,319,4,23,986,0.932748538012,0.99595959596,0.0040404040404,0.0672514619883,0.987616099071,0.932748538012,0.959398496241,0.946592491625,0.928708133971,0.921965317919,118,137,0,0,0,0
2359,WLNM_dir_neg,0.96979061218,0.88024629093,00:00:04,10,60,13,1238529948,threshold_sweep,0.1,0.941176470588,0.817518248175,0.875,112,7,25,267,0.817518248175,0.974452554745,0.0255474452555,0.182481751825,0.941176470588,0.817518248175,0.875,0.922141119221,0.570154095702,0.818867924528,0.823151605522,0.79197080292,342,205,137,0,342,0,205,0,137,37,342,0.256756756757,1.72528881811,18.4864864865,15.5454545455,9.77142857143,5.36771015539,0.290358590277,0.142642642643,9.50849154237,1.02869645341,0.544491860281,8.05331334643,0.871264894205,0.461830251304,0.640599570326,0.371299902718,2,1.72528881811,0.640599570326,2,0.344071394247,0.376569037657,810,0.104247104247,0.56957682835,37,37,37,1,0,0.405405405405,0.540540540541,0.0540540540541,37,0.153903903904,1.78060093723,11.0810810811,9.31818181818,5.85714285714,4.00956064633,0.361838399791,0.201582069875,6.05802770708,1.09340012274,0.583783783784,5.25776988315,0.948963344763,0.500461437047,0.698639918519,0.392361872844,2,1.78060093723,0.698639918519,2,0.136407762878,0.0896669513237,70,0.00900900900901,0.275112318402,37,37,37,1,0,0.405405405405,0.540540540541,0.0540540540541,37,324,0.243243243243,1.7967201801,17.5135135135,14.7272727273,8.75675675676,4.66441387065,0.266332273479,0.121371371371,8.60363426248,0.982513789234,0.522188855522,8.1493196901,0.930632186832,0.482315648982,0.749247388709,0.417008389513,2.91969414257,1.7967201801,0.749247388709,2.91969414257,0.268692494714,0.27911969941,520,0.0669240669241,0.569851185393,37,37,37,1,0,0.405405405405,0.594594594595,0,-18,-0.0135135135135,0.0714313619865,-0.972972972973,-0.818181818182,-1.01467181467,-0.703296284739,-0.0240263167984,-0.0212712712713,-0.904857279895,-0.046182664181,-0.0223030047591,0.0960063436633,0.0593672926273,0.0204853976784,0.108647818383,0.0457084867949,0.919694142566,0.0714313619865,0.108647818383,0.919694142566,-0.0753788995332,-0.0974493382473,-290,-0.037323037323,0.000274357043385,0,0.0540540540541,-0.0540540540541,317,7,25,983,0.926900584795,0.992929292929,0.00707070707071,0.0730994152047,0.978395061728,0.926900584795,0.951951951952,0.936559538407,0.919829877725,0.908309455587,119,137,0,0,0,0
2360,WLNM_dir_neg,0.96979061218,0.88024629093,00:00:04,10,60,13,1238529948,threshold_sweep,0.2,0.940677966102,0.810218978102,0.870588235294,111,7,26,267,0.810218978102,0.974452554745,0.0255474452555,0.189781021898,0.940677966102,0.810218978102,0.870588235294,0.919708029197,0.57096512571,0.812854442344,0.817614619341,0.784671532847,342,205,137,0,342,0,205,0,137,37,342,0.256756756757,1.72528881811,18.4864864865,15.5454545455,9.77142857143,5.36771015539,0.290358590277,0.142642642643,9.50849154237,1.02869645341,0.544491860281,8.05331334643,0.871264894205,0.461830251304,0.640599570326,0.371299902718,2,1.72528881811,0.640599570326,2,0.344071394247,0.376569037657,810,0.104247104247,0.56957682835,37,37,37,1,0,0.405405405405,0.540540540541,0.0540540540541,37,0.153903903904,1.78060093723,11.0810810811,9.31818181818,5.85714285714,4.00956064633,0.361838399791,0.201582069875,6.05802770708,1.09340012274,0.583783783784,5.25776988315,0.948963344763,0.500461437047,0.698639918519,0.392361872844,2,1.78060093723,0.698639918519,2,0.136407762878,0.0896669513237,70,0.00900900900901,0.275112318402,37,37,37,1,0,0.405405405405,0.540540540541,0.0540540540541,37,323,0.242492492492,1.79520417908,17.4594594595,14.6818181818,8.72972972973,4.62237670105,0.264749129936,0.120492009037,8.57207562265,0.981940551202,0.521295289097,8.16717225866,0.935558432107,0.483808886286,0.748012361051,0.416672582299,2.91900004087,1.79520417908,0.748012361051,2.91900004087,0.262860298479,0.271891891892,503,0.0647361647362,0.571758142646,37,37,37,1,0,0.405405405405,0.594594594595,0,-19,-0.0142642642643,0.0699153609647,-1.02702702703,-0.863636363636,-1.0416988417,-0.745333454348,-0.0256094603411,-0.0221506336057,-0.936415919722,-0.0467559022131,-0.0231965711842,0.11385891223,0.0642935379022,0.0219786349817,0.107412790725,0.0453726795815,0.919000040873,0.0699153609647,0.107412790725,0.919000040873,-0.0812110957679,-0.104677145765,-307,-0.0395109395109,0.00218131429577,0,0.0540540540541,-0.0540540540541,316,7,26,983,0.923976608187,0.992929292929,0.00707070707071,0.0760233918129,0.978328173375,0.923976608187,0.95037593985,0.934562980311,0.916905901116,0.905444126074,118,137,0,0,0,0
2361,WLNM_dir_neg,0.96979061218,0.88024629093,00:00:04,10,60,13,1238529948,threshold_sweep,0.3,0.940677966102,0.810218978102,0.870588235294,111,7,26,267,0.810218978102,0.974452554745,0.0255474452555,0.189781021898,0.940677966102,0.810218978102,0.870588235294,0.919708029197,0.57096512571,0.812854442344,0.817614619341,0.784671532847,342,205,137,0,342,0,205,0,137,37,342,0.256756756757,1.72528881811,18.4864864865,15.5454545455,9.77142857143,5.36771015539,0.290358590277,0.142642642643,9.50849154237,1.02869645341,0.544491860281,8.05331334643,0.871264894205,0.461830251304,0.640599570326,0.371299902718,2,1.72528881811,0.640599570326,2,0.344071394247,0.376569037657,810,0.104247104247,0.56957682835,37,37,37,1,0,0.405405405405,0.540540540541,0.0540540540541,37,0.153903903904,1.78060093723,11.0810810811,9.31818181818,5.85714285714,4.00956064633,0.361838399791,0.201582069875,6.05802770708,1.09340012274,0.583783783784,5.25776988315,0.948963344763,0.500461437047,0.698639918519,0.392361872844,2,1.78060093723,0.698639918519,2,0.136407762878,0.0896669513237,70,0.00900900900901,0.275112318402,37,37,37,1,0,0.405405405405,0.540540540541,0.0540540540541,37,323,0.242492492492,1.79520417908,17.4594594595,14.6818181818,8.72972972973,4.62237670105,0.264749129936,0.120492009037,8.57207562265,0.981940551202,0.521295289097,8.16717225866,0.935558432107,0.483808886286,0.748012361051,0.416672582299,2.91900004087,1.79520417908,0.748012361051,2.91900004087,0.262860298479,0.271891891892,503,0.0647361647362,0.571758142646,37,37,37,1,0,0.405405405405,0.594594594595,0,-19,-0.0142642642643,0.0699153609647,-1.02702702703,-0.863636363636,-1.0416988417,-0.745333454348,-0.0256094603411,-0.0221506336057,-0.936415919722,-0.0467559022131,-0.0231965711842,0.11385891223,0.0642935379022,0.0219786349817,0.107412790725,0.0453726795815,0.919000040873,0.0699153609647,0.107412790725,0.919000040873,-0.0812110957679,-0.104677145765,-307,-0.0395109395109,0.00218131429577,0,0.0540540540541,-0.0540540540541,316,7,26,983,0.923976608187,0.992929292929,0.00707070707071,0.0760233918129,0.978328173375,0.923976608187,0.95037593985,0.934562980311,0.916905901116,0.905444126074,118,137,0,0,0,0
2362,WLNM_dir_neg,0.96979061218,0.88024629093,00:00:04,10,60,13,1238529948,threshold_sweep,0.4,0.956896551724,0.810218978102,0.877470355731,111,5,26,269,0.810218978102,0.981751824818,0.0182481751825,0.189781021898,0.956896551724,0.810218978102,0.877470355731,0.924574209246,0.572587185726,0.823529411765,0.829477735597,0.79197080292,342,205,137,0,342,0,205,0,137,37,342,0.256756756757,1.72528881811,18.4864864865,15.5454545455,9.77142857143,5.36771015539,0.290358590277,0.142642642643,9.50849154237,1.02869645341,0.544491860281,8.05331334643,0.871264894205,0.461830251304,0.640599570326,0.371299902718,2,1.72528881811,0.640599570326,2,0.344071394247,0.376569037657,810,0.104247104247,0.56957682835,37,37,37,1,0,0.405405405405,0.540540540541,0.0540540540541,37,0.153903903904,1.78060093723,11.0810810811,9.31818181818,5.85714285714,4.00956064633,0.361838399791,0.201582069875,6.05802770708,1.09340012274,0.583783783784,5.25776988315,0.948963344763,0.500461437047,0.698639918519,0.392361872844,2,1.78060093723,0.698639918519,2,0.136407762878,0.0896669513237,70,0.00900900900901,0.275112318402,37,37,37,1,0,0.405405405405,0.540540540541,0.0540540540541,37,321,0.240990990991,1.7928551752,17.3513513514,14.5909090909,8.67567567568,4.54738151893,0.262076504985,0.117622295192,8.49200295067,0.978829000544,0.518817883304,8.21602111749,0.947018010427,0.490022733013,0.746164843756,0.416188019019,2.91892598187,1.7928551752,0.746164843756,2.91892598187,0.248682278032,0.258176502832,471,0.0606177606178,0.576125476382,37,37,37,1,0,0.405405405405,0.594594594595,0,-21,-0.0157657657658,0.0675663570882,-1.13513513514,-0.954545454545,-1.09575289575,-0.820328636466,-0.0282820852922,-0.0250203474503,-1.01648859171,-0.0498674528708,-0.0256739769775,0.162707771053,0.0757531162221,0.0281924817095,0.10556527343,0.0448881163012,0.918925981874,0.0675663570882,0.10556527343,0.918925981874,-0.0953891162153,-0.118392534825,-339,-0.0436293436293,0.00654864803197,0,0.0540540540541,-0.0540540540541,316,5,26,985,0.923976608187,0.994949494949,0.00505050505051,0.0760233918129,0.984423676012,0.923976608187,0.953242835596,0.938605607873,0.918926103137,0.910662824207,116,137,0,0,0,0
2363,WLNM_dir_neg,0.96979061218,0.88024629093,00:00:04,10,60,13,1238529948,threshold_sweep,0.5,0.956896551724,0.810218978102,0.877470355731,111,5,26,269,0.810218978102,0.981751824818,0.0182481751825,0.189781021898,0.956896551724,0.810218978102,0.877470355731,0.924574209246,0.572587185726,0.823529411765,0.829477735597,0.79197080292,342,205,137,0,342,0,205,0,137,37,342,0.256756756757,1.72528881811,18.4864864865,15.5454545455,9.77142857143,5.36771015539,0.290358590277,0.142642642643,9.50849154237,1.02869645341,0.544491860281,8.05331334643,0.871264894205,0.461830251304,0.640599570326,0.371299902718,2,1.72528881811,0.640599570326,2,0.344071394247,0.376569037657,810,0.104247104247,0.56957682835,37,37,37,1,0,0.405405405405,0.540540540541,0.0540540540541,37,0.153903903904,1.78060093723,11.0810810811,9.31818181818,5.85714285714,4.00956064633,0.361838399791,0.201582069875,6.05802770708,1.09340012274,0.583783783784,5.25776988315,0.948963344763,0.500461437047,0.698639918519,0.392361872844,2,1.78060093723,0.698639918519,2,0.136407762878,0.0896669513237,70,0.00900900900901,0.275112318402,37,37,37,1,0,0.405405405405,0.540540540541,0.0540540540541,37,321,0.240990990991,1.7928551752,17.3513513514,14.5909090909,8.67567567568,4.54738151893,0.262076504985,0.117622295192,8.49200295067,0.978829000544,0.518817883304,8.21602111749,0.947018010427,0.490022733013,0.746164843756,0.416188019019,2.91892598187,1.7928551752,0.746164843756,2.91892598187,0.248682278032,0.258176502832,471,0.0606177606178,0.576125476382,37,37,37,1,0,0.405405405405,0.594594594595,0,-21,-0.0157657657658,0.0675663570882,-1.13513513514,-0.954545454545,-1.09575289575,-0.820328636466,-0.0282820852922,-0.0250203474503,-1.01648859171,-0.0498674528708,-0.0256739769775,0.162707771053,0.0757531162221,0.0281924817095,0.10556527343,0.0448881163012,0.918925981874,0.0675663570882,0.10556527343,0.918925981874,-0.0953891162153,-0.118392534825,-339,-0.0436293436293,0.00654864803197,0,0.0540540540541,-0.0540540540541,316,5,26,985,0.923976608187,0.994949494949,0.00505050505051,0.0760233918129,0.984423676012,0.923976608187,0.953242835596,0.938605607873,0.918926103137,0.910662824207,116,137,0,0,0,0
2364,WLNM_dir_neg,0.96979061218,0.88024629093,00:00:04,10,60,13,1238529948,threshold_sweep,0.6,0.965217391304,0.810218978102,0.880952380952,111,4,26,270,0.810218978102,0.985401459854,0.014598540146,0.189781021898,0.965217391304,0.810218978102,0.880952380952,0.92700729927,0.573398215734,0.828897338403,0.83550051142,0.795620437956,342,205,137,0,342,0,205,0,137,37,342,0.256756756757,1.72528881811,18.4864864865,15.5454545455,9.77142857143,5.36771015539,0.290358590277,0.142642642643,9.50849154237,1.02869645341,0.544491860281,8.05331334643,0.871264894205,0.461830251304,0.640599570326,0.371299902718,2,1.72528881811,0.640599570326,2,0.344071394247,0.376569037657,810,0.104247104247,0.56957682835,37,37,37,1,0,0.405405405405,0.540540540541,0.0540540540541,37,0.153903903904,1.78060093723,11.0810810811,9.31818181818,5.85714285714,4.00956064633,0.361838399791,0.201582069875,6.05802770708,1.09340012274,0.583783783784,5.25776988315,0.948963344763,0.500461437047,0.698639918519,0.392361872844,2,1.78060093723,0.698639918519,2,0.136407762878,0.0896669513237,70,0.00900900900901,0.275112318402,37,37,37,1,0,0.405405405405,0.540540540541,0.0540540540541,37,320,0.24024024024,1.7910023783,17.2972972973,14.5454545455,8.64864864865,4.51457433003,0.260998828455,0.11722972973,8.46304455401,0.978539526557,0.518243243243,8.23682859755,0.952383306591,0.491891891892,0.744747460952,0.415827175874,2.91808048009,1.7910023783,0.744747460952,2.91808048009,0.243786758895,0.252207505519,457,0.058815958816,0.578412617052,37,37,37,1,0,0.405405405405,0.594594594595,0,-22,-0.0165165165165,0.0657135601868,-1.18918918919,-1,-1.12277992278,-0.853135825362,-0.0293597618222,-0.0254129129129,-1.04544698837,-0.0501569268576,-0.0262486170381,0.183515251111,0.0811184123863,0.030061640588,0.104147890626,0.044527273156,0.918080480086,0.0657135601868,0.104147890626,0.918080480086,-0.100284635352,-0.124361532138,-353,-0.0454311454311,0.00883578870166,0,0.0540540540541,-0.0540540540541,316,4,26,986,0.923976608187,0.99595959596,0.0040404040404,0.0760233918129,0.9875,0.923976608187,0.954682779456,0.940639291643,0.919936204147,0.913294797688,115,137,0,0,0,0
2365,WLNM_dir_neg,0.96979061218,0.88024629093,00:00:04,10,60,13,1238529948,threshold_sweep,0.7,0.973684210526,0.810218978102,0.884462151394,111,3,26,271,0.810218978102,0.989051094891,0.0109489051095,0.189781021898,0.973684210526,0.810218978102,0.884462151394,0.929440389294,0.574209245742,0.834285714286,0.841585931037,0.799270072993,342,205,137,0,342,0,205,0,137,37,342,0.256756756757,1.72528881811,18.4864864865,15.5454545455,9.77142857143,5.36771015539,0.290358590277,0.142642642643,9.50849154237,1.02869645341,0.544491860281,8.05331334643,0.871264894205,0.461830251304,0.640599570326,0.371299902718,2,1.72528881811,0.640599570326,2,0.344071394247,0.376569037657,810,0.104247104247,0.56957682835,37,37,37,1,0,0.405405405405,0.540540540541,0.0540540540541,37,0.153903903904,1.78060093723,11.0810810811,9.31818181818,5.85714285714,4.00956064633,0.361838399791,0.201582069875,6.05802770708,1.09340012274,0.583783783784,5.25776988315,0.948963344763,0.500461437047,0.698639918519,0.392361872844,2,1.78060093723,0.698639918519,2,0.136407762878,0.0896669513237,70,0.00900900900901,0.275112318402,37,37,37,1,0,0.405405405405,0.540540540541,0.0540540540541,37,319,0.239489489489,1.76171077236,17.2432432432,14.5,8.86111111111,4.48705177523,0.260220870978,0.117343048378,8.48315766469,0.983939917221,0.520037278658,8.26421788782,0.95854564843,0.49648394476,0.694701238192,0.394333308901,2.58097165992,1.76171077236,0.694701238192,2.58097165992,0.243786758895,0.252207505519,457,0.058815958816,0.578836850106,37,37,37,1,0,0.405405405405,0.567567567568,0.027027027027,-23,-0.0172672672673,0.036421954246,-1.24324324324,-1.04545454545,-0.910317460317,-0.880658380159,-0.0301377192996,-0.0252995942651,-1.02533387769,-0.0447565361939,-0.0244545816234,0.210904541382,0.0872807542252,0.0346536934559,0.054101667866,0.0230334061835,0.580971659919,0.036421954246,0.054101667866,0.580971659919,-0.100284635352,-0.124361532138,-353,-0.0454311454311,0.00926002175576,0,0.027027027027,-0.027027027027,316,3,26,987,0.923976608187,0.99696969697,0.0030303030303,0.0760233918129,0.990595611285,0.923976608187,0.956127080182,0.942681308464,0.920946305157,0.915942028986,114,137,0,0,0,0
2366,WLNM_dir_neg,0.96979061218,0.88024629093,00:00:04,10,60,13,1238529948,threshold_sweep,0.8,0.982142857143,0.802919708029,0.883534136546,110,2,27,272,0.802919708029,0.992700729927,0.00729927007299,0.197080291971,0.982142857143,0.802919708029,0.883534136546,0.929440389294,0.575831305758,0.833652007648,0.842358359789,0.795620437956,342,205,137,0,342,0,205,0,137,37,342,0.256756756757,1.72528881811,18.4864864865,15.5454545455,9.77142857143,5.36771015539,0.290358590277,0.142642642643,9.50849154237,1.02869645341,0.544491860281,8.05331334643,0.871264894205,0.461830251304,0.640599570326,0.371299902718,2,1.72528881811,0.640599570326,2,0.344071394247,0.376569037657,810,0.104247104247,0.56957682835,37,37,37,1,0,0.405405405405,0.540540540541,0.0540540540541,37,0.153903903904,1.78060093723,11.0810810811,9.31818181818,5.85714285714,4.00956064633,0.361838399791,0.201582069875,6.05802770708,1.09340012274,0.583783783784,5.25776988315,0.948963344763,0.500461437047,0.698639918519,0.392361872844,2,1.78060093723,0.698639918519,2,0.136407762878,0.0896669513237,70,0.00900900900901,0.275112318402,37,37,37,1,0,0.405405405405,0.540540540541,0.0540540540541,37,317,0.237987987988,1.75831638422,17.1351351351,14.4090909091,8.80555555556,4.45447441819,0.259961440809,0.117401312985,8.43122681379,0.984086410442,0.519396367977,8.30843126168,0.969753806568,0.501150993265,0.692162951594,0.393650970785,2.58097165992,1.75831638422,0.692162951594,2.58097165992,0.233718053625,0.239888164026,429,0.0552123552124,0.583326967553,37,37,37,1,0,0.405405405405,0.567567567568,0.027027027027,-25,-0.0187687687688,0.0330275661005,-1.35135135135,-1.13636363636,-0.965873015873,-0.9132357372,-0.0303971494677,-0.0252413296577,-1.07726472858,-0.0446100429723,-0.0250954923045,0.255117915244,0.0984889123632,0.0393207419606,0.0515633812683,0.0223510680677,0.580971659919,0.0330275661005,0.0515633812683,0.580971659919,-0.110353340622,-0.136680873631,-381,-0.0490347490347,0.0137501392029,0,0.027027027027,-0.027027027027,315,2,27,988,0.921052631579,0.99797979798,0.0020202020202,0.0789473684211,0.993690851735,0.921052631579,0.955993930197,0.942754978573,0.919032429559,0.915697674419,112,137,0,0,0,0
2367,WLNM_dir_neg,0.96979061218,0.88024629093,00:00:04,10,60,13,1238529948,threshold_sweep,0.9,0.981981981982,0.795620437956,0.879032258065,109,2,28,272,0.795620437956,0.992700729927,0.00729927007299,0.204379562044,0.981981981982,0.795620437956,0.879032258065,0.92700729927,0.576642335766,0.827586206897,0.836982998955,0.788321167883,342,205,137,0,342,0,205,0,137,37,342,0.256756756757,1.72528881811,18.4864864865,15.5454545455,9.77142857143,5.36771015539,0.290358590277,0.142642642643,9.50849154237,1.02869645341,0.544491860281,8.05331334643,0.871264894205,0.461830251304,0.640599570326,0.371299902718,2,1.72528881811,0.640599570326,2,0.344071394247,0.376569037657,810,0.104247104247,0.56957682835,37,37,37,1,0,0.405405405405,0.540540540541,0.0540540540541,37,0.153903903904,1.78060093723,11.0810810811,9.31818181818,5.85714285714,4.00956064633,0.361838399791,0.201582069875,6.05802770708,1.09340012274,0.583783783784,5.25776988315,0.948963344763,0.500461437047,0.698639918519,0.392361872844,2,1.78060093723,0.698639918519,2,0.136407762878,0.0896669513237,70,0.00900900900901,0.275112318402,37,37,37,1,0,0.405405405405,0.540540540541,0.0540540540541,37,316,0.237237237237,1.75675947816,17.0810810811,14.3636363636,8.77777777778,4.41825995399,0.258663953003,0.11623332193,8.40170152937,0.983743533502,0.518474170373,8.32197424024,0.974408376231,0.502394799863,0.690936647944,0.393301790332,2.58097165992,1.75675947816,0.690936647944,2.58097165992,0.226945074422,0.231418918919,411,0.0528957528958,0.585198131948,37,37,37,1,0,0.405405405405,0.567567567568,0.027027027027,-26,-0.0195195195195,0.0314706600459,-1.40540540541,-1.18181818182,-0.993650793651,-0.949450201405,-0.0316946372746,-0.0264093207131,-1.10679001301,-0.0449529199128,-0.0260176899084,0.268660893808,0.103143482026,0.0405645485592,0.0503370776175,0.0220018876144,0.580971659919,0.0314706600459,0.0503370776175,0.580971659919,-0.117126319826,-0.145150118738,-399,-0.0513513513514,0.0156213035983,0,0.027027027027,-0.027027027027,314,2,28,988,0.918128654971,0.99797979798,0.0020202020202,0.0818713450292,0.993670886076,0.918128654971,0.954407294833,0.940777983818,0.916108452951,0.912790697674,111,137,0,0,0,0
2368,WLNM_dir_neg,0.975717939155,0.927901211246,00:00:06,10,60,14,1238529949,threshold_sweep,0.1,0.912408759124,0.912408759124,0.912408759124,125,12,12,262,0.912408759124,0.956204379562,0.043795620438,0.0875912408759,0.912408759124,0.912408759124,0.912408759124,0.941605839416,0.555555555556,0.868613138686,0.868613138686,0.868613138686,342,205,137,0,342,0,205,0,137,37,342,0.256756756757,1.72528881811,18.4864864865,15.5454545455,9.77142857143,5.36771015539,0.290358590277,0.142642642643,9.50849154237,1.02869645341,0.544491860281,8.05331334643,0.871264894205,0.461830251304,0.640599570326,0.371299902718,2,1.72528881811,0.640599570326,2,0.344071394247,0.376569037657,810,0.104247104247,0.56957682835,37,37,37,1,0,0.405405405405,0.540540540541,0.0540540540541,37,0.153903903904,1.79354325175,11.0810810811,9.31818181818,5.85714285714,3.91136789356,0.35297710259,0.196704021094,6.01200001199,1.08509268509,0.580883322347,4.93059943727,0.889913069166,0.475939353988,0.726576967692,0.405107023197,2.15485987513,1.79354325175,0.726576967692,2.15485987513,0.118881123293,0.0710288420146,55,0.00707850707851,0.261217381388,37,37,37,1,0,0.405405405405,0.540540540541,0.0540540540541,37,342,0.256756756757,1,18.4864864865,14.8695652174,9.77142857143,5.14577292338,0.278353213692,0.138059111743,9.26584350482,1.00244505754,0.535324798483,7.96312824281,0.861508026269,0.458827248301,0,0,0,NaN,NaN,NaN,0.3543402059,0.382219439662,814,0.104761904762,0.512506342884,37,37,0,1,2,0.378378378378,0.567567567568,0.0540540540541,0,0,-0.725288818115,0,-0.675889328063,0,-0.221937232014,-0.0120053765856,-0.00458353089932,-0.242648037553,-0.0262513958756,-0.00916706179864,-0.0901851036259,-0.00975686793614,-0.003003003003,-0.640599570326,-0.371299902718,-2,NaN,NaN,NaN,0.0102688116526,0.00565040200502,4,0.000514800514801,-0.0570704854657,-0.027027027027,0.027027027027,0,330,12,12,978,0.964912280702,0.987878787879,0.0121212121212,0.0350877192982,0.964912280702,0.964912280702,0.964912280702,0.952791068581,0.952791068581,0.932203389831,137,137,0,0,0,0
2369,WLNM_dir_neg,0.975717939155,0.927901211246,00:00:06,10,60,14,1238529949,threshold_sweep,0.2,0.925925925926,0.912408759124,0.919117647059,125,10,12,264,0.912408759124,0.963503649635,0.036496350365,0.0875912408759,0.925925925926,0.912408759124,0.919117647059,0.946472019465,0.557177615572,0.879120879121,0.879173964528,0.875912408759,342,205,137,0,342,0,205,0,137,37,342,0.256756756757,1.72528881811,18.4864864865,15.5454545455,9.77142857143,5.36771015539,0.290358590277,0.142642642643,9.50849154237,1.02869645341,0.544491860281,8.05331334643,0.871264894205,0.461830251304,0.640599570326,0.371299902718,2,1.72528881811,0.640599570326,2,0.344071394247,0.376569037657,810,0.104247104247,0.56957682835,37,37,37,1,0,0.405405405405,0.540540540541,0.0540540540541,37,0.153903903904,1.79354325175,11.0810810811,9.31818181818,5.85714285714,3.91136789356,0.35297710259,0.196704021094,6.01200001199,1.08509268509,0.580883322347,4.93059943727,0.889913069166,0.475939353988,0.726576967692,0.405107023197,2.15485987513,1.79354325175,0.726576967692,2.15485987513,0.118881123293,0.0710288420146,55,0.00707850707851,0.261217381388,37,37,37,1,0,0.405405405405,0.540540540541,0.0540540540541,37,340,0.255255255255,1,18.3783783784,14.7826086957,9.71428571429,5.05718054602,0.275170117945,0.135135135135,9.19491960522,1.0006236041,0.53386327504,7.99248896652,0.869770858121,0.461844197138,0,0,0,NaN,NaN,NaN,0.343160400876,0.370417394064,778,0.100128700129,0.514572519739,37,37,0,1,2,0.378378378378,0.567567567568,0.0540540540541,-2,-0.0015015015015,-0.725288818115,-0.108108108108,-0.762845849802,-0.0571428571429,-0.31052960937,-0.0151884723317,-0.00750750750751,-0.31357193715,-0.0280728493168,-0.0106285852416,-0.0608243799182,-0.00149403608402,1.39458343793e-05,-0.640599570326,-0.371299902718,-2,NaN,NaN,NaN,-0.000910993371515,-0.00615164359247,-32,-0.0041184041184,-0.0550043086104,-0.027027027027,0.027027027027,0,330,10,12,980,0.964912280702,0.989898989899,0.010101010101,0.0350877192982,0.970588235294,0.964912280702,0.967741935484,0.95664959616,0.954811270601,0.9375,135,137,0,0,0,0
2370,WLNM_dir_neg,0.975717939155,0.927901211246,00:00:06,10,60,14,1238529949,threshold_sweep,0.3,0.932835820896,0.912408759124,0.922509225092,125,9,12,265,0.912408759124,0.967153284672,0.0328467153285,0.0875912408759,0.932835820896,0.912408759124,0.922509225092,0.948905109489,0.55798864558,0.884403669725,0.884524284744,0.879562043796,342,205,137,0,342,0,205,0,137,37,342,0.256756756757,1.72528881811,18.4864864865,15.5454545455,9.77142857143,5.36771015539,0.290358590277,0.142642642643,9.50849154237,1.02869645341,0.544491860281,8.05331334643,0.871264894205,0.461830251304,0.640599570326,0.371299902718,2,1.72528881811,0.640599570326,2,0.344071394247,0.376569037657,810,0.104247104247,0.56957682835,37,37,37,1,0,0.405405405405,0.540540540541,0.0540540540541,37,0.153903903904,1.79354325175,11.0810810811,9.31818181818,5.85714285714,3.91136789356,0.35297710259,0.196704021094,6.01200001199,1.08509268509,0.580883322347,4.93059943727,0.889913069166,0.475939353988,0.726576967692,0.405107023197,2.15485987513,1.79354325175,0.726576967692,2.15485987513,0.118881123293,0.0710288420146,55,0.00707850707851,0.261217381388,37,37,37,1,0,0.405405405405,0.540540540541,0.0540540540541,37,339,0.254504504505,1,18.3243243243,14.7391304348,9.68571428571,5.00585243076,0.273180737372,0.133301443036,9.16367682609,1.0001653173,0.533205772144,8.01565660135,0.874865174779,0.464163278323,0,0,0,NaN,NaN,NaN,0.338447408892,0.364450127877,760,0.0978120978121,0.516545812834,37,37,0,1,2,0.378378378378,0.567567567568,0.0540540540541,-3,-0.00225225225225,-0.725288818115,-0.162162162162,-0.806324110672,-0.0857142857143,-0.361857724632,-0.0171778529052,-0.00934119960669,-0.344814716287,-0.0285311361132,-0.0112860881375,-0.0376567450852,0.00360028057364,0.00233302701863,-0.640599570326,-0.371299902718,-2,NaN,NaN,NaN,-0.00562398535531,-0.0121189097797,-50,-0.00643500643501,-0.0530310155159,-0.027027027027,0.027027027027,0,330,9,12,981,0.964912280702,0.990909090909,0.00909090909091,0.0350877192982,0.973451327434,0.964912280702,0.969162995595,0.958590043525,0.955821371611,0.940170940171,134,137,0,0,0,0
2371,WLNM_dir_neg,0.975717939155,0.927901211246,00:00:06,10,60,14,1238529949,threshold_sweep,0.4,0.932835820896,0.912408759124,0.922509225092,125,9,12,265,0.912408759124,0.967153284672,0.0328467153285,0.0875912408759,0.932835820896,0.912408759124,0.922509225092,0.948905109489,0.55798864558,0.884403669725,0.884524284744,0.879562043796,342,205,137,0,342,0,205,0,137,37,342,0.256756756757,1.72528881811,18.4864864865,15.5454545455,9.77142857143,5.36771015539,0.290358590277,0.142642642643,9.50849154237,1.02869645341,0.544491860281,8.05331334643,0.871264894205,0.461830251304,0.640599570326,0.371299902718,2,1.72528881811,0.640599570326,2,0.344071394247,0.376569037657,810,0.104247104247,0.56957682835,37,37,37,1,0,0.405405405405,0.540540540541,0.0540540540541,37,0.153903903904,1.79354325175,11.0810810811,9.31818181818,5.85714285714,3.91136789356,0.35297710259,0.196704021094,6.01200001199,1.08509268509,0.580883322347,4.93059943727,0.889913069166,0.475939353988,0.726576967692,0.405107023197,2.15485987513,1.79354325175,0.726576967692,2.15485987513,0.118881123293,0.0710288420146,55,0.00707850707851,0.261217381388,37,37,37,1,0,0.405405405405,0.540540540541,0.0540540540541,37,339,0.254504504505,1,18.3243243243,14.7391304348,9.68571428571,5.00585243076,0.273180737372,0.133301443036,9.16367682609,1.0001653173,0.533205772144,8.01565660135,0.874865174779,0.464163278323,0,0,0,NaN,NaN,NaN,0.338447408892,0.364450127877,760,0.0978120978121,0.516545812834,37,37,0,1,2,0.378378378378,0.567567567568,0.0540540540541,-3,-0.00225225225225,-0.725288818115,-0.162162162162,-0.806324110672,-0.0857142857143,-0.361857724632,-0.0171778529052,-0.00934119960669,-0.344814716287,-0.0285311361132,-0.0112860881375,-0.0376567450852,0.00360028057364,0.00233302701863,-0.640599570326,-0.371299902718,-2,NaN,NaN,NaN,-0.00562398535531,-0.0121189097797,-50,-0.00643500643501,-0.0530310155159,-0.027027027027,0.027027027027,0,330,9,12,981,0.964912280702,0.990909090909,0.00909090909091,0.0350877192982,0.973451327434,0.964912280702,0.969162995595,0.958590043525,0.955821371611,0.940170940171,134,137,0,0,0,0
2372,WLNM_dir_neg,0.975717939155,0.927901211246,00:00:06,10,60,14,1238529949,threshold_sweep,0.5,0.931297709924,0.890510948905,0.910447761194,122,9,15,265,0.890510948905,0.967153284672,0.0328467153285,0.109489051095,0.931297709924,0.890510948905,0.910447761194,0.941605839416,0.560421735604,0.867158671587,0.867637273511,0.857664233577,342,205,137,0,342,0,205,0,137,37,342,0.256756756757,1.72528881811,18.4864864865,15.5454545455,9.77142857143,5.36771015539,0.290358590277,0.142642642643,9.50849154237,1.02869645341,0.544491860281,8.05331334643,0.871264894205,0.461830251304,0.640599570326,0.371299902718,2,1.72528881811,0.640599570326,2,0.344071394247,0.376569037657,810,0.104247104247,0.56957682835,37,37,37,1,0,0.405405405405,0.540540540541,0.0540540540541,37,0.153903903904,1.79354325175,11.0810810811,9.31818181818,5.85714285714,3.91136789356,0.35297710259,0.196704021094,6.01200001199,1.08509268509,0.580883322347,4.93059943727,0.889913069166,0.475939353988,0.726576967692,0.405107023197,2.15485987513,1.79354325175,0.726576967692,2.15485987513,0.118881123293,0.0710288420146,55,0.00707850707851,0.261217381388,37,37,37,1,0,0.405405405405,0.540540540541,0.0540540540541,37,336,0.252252252252,1,18.1621621622,14.6086956522,9.6,4.9245051275,0.271140907318,0.131515444015,9.06267797796,0.997973467811,0.53120978121,7.96652154114,0.877265764947,0.466216216216,0,0,0,NaN,NaN,NaN,0.331458937826,0.354954367666,726,0.0934362934363,0.51178929889,37,37,0,1,2,0.378378378378,0.567567567568,0.0540540540541,-6,-0.0045045045045,-0.725288818115,-0.324324324324,-0.936758893281,-0.171428571429,-0.443205027896,-0.0192176829595,-0.0111271986272,-0.445813564419,-0.0307229856042,-0.0132820790716,-0.0867918052931,0.00600087074221,0.00438596491228,-0.640599570326,-0.371299902718,-2,NaN,NaN,NaN,-0.0126124564217,-0.0216146699907,-84,-0.0108108108108,-0.0577875294594,-0.027027027027,0.027027027027,0,327,9,15,981,0.956140350877,0.990909090909,0.00909090909091,0.0438596491228,0.973214285714,0.956140350877,0.964601769912,0.952585562155,0.947049441786,0.931623931624,131,137,0,0,0,0
2373,WLNM_dir_neg,0.975717939155,0.927901211246,00:00:06,10,60,14,1238529949,threshold_sweep,0.6,0.938461538462,0.890510948905,0.913857677903,122,8,15,266,0.890510948905,0.970802919708,0.029197080292,0.109489051095,0.938461538462,0.890510948905,0.913857677903,0.94403892944,0.561232765612,0.872458410351,0.873116446754,0.861313868613,342,205,137,0,342,0,205,0,137,37,342,0.256756756757,1.72528881811,18.4864864865,15.5454545455,9.77142857143,5.36771015539,0.290358590277,0.142642642643,9.50849154237,1.02869645341,0.544491860281,8.05331334643,0.871264894205,0.461830251304,0.640599570326,0.371299902718,2,1.72528881811,0.640599570326,2,0.344071394247,0.376569037657,810,0.104247104247,0.56957682835,37,37,37,1,0,0.405405405405,0.540540540541,0.0540540540541,37,0.153903903904,1.79354325175,11.0810810811,9.31818181818,5.85714285714,3.91136789356,0.35297710259,0.196704021094,6.01200001199,1.08509268509,0.580883322347,4.93059943727,0.889913069166,0.475939353988,0.726576967692,0.405107023197,2.15485987513,1.79354325175,0.726576967692,2.15485987513,0.118881123293,0.0710288420146,55,0.00707850707851,0.261217381388,37,37,37,1,0,0.405405405405,0.540540540541,0.0540540540541,37,335,0.251501501502,1.72922848014,18.1081081081,15.2272727273,9.57142857143,5.00435245996,0.276359762714,0.134409035902,9.08890026946,1.00384868648,0.53344090359,7.95454428454,0.878561607547,0.466962484873,0.641956783042,0.371238844615,2,1.72922848014,0.641956783042,2,0.331458937826,0.354954367666,726,0.0934362934363,0.553905457539,37,37,37,1,0,0.405405405405,0.540540540541,0.0540540540541,-7,-0.00525525525526,0.003939662025,-0.378378378378,-0.318181818182,-0.2,-0.36335769543,-0.0139988275627,-0.00823360674107,-0.419591272919,-0.0248477669376,-0.0110509566912,-0.09876906189,0.0072967133418,0.005132233569,0.00135721271618,-6.10581028793e-05,0,0.003939662025,0.00135721271618,0,-0.0126124564217,-0.0216146699907,-84,-0.0108108108108,-0.0156713708113,0,0,0,327,8,15,982,0.956140350877,0.991919191919,0.00808080808081,0.0438596491228,0.976119402985,0.956140350877,0.966026587888,0.954544724313,0.948059542796,0.934285714286,130,137,0,0,0,0
2374,WLNM_dir_neg,0.975717939155,0.927901211246,00:00:06,10,60,14,1238529949,threshold_sweep,0.7,0.938461538462,0.890510948905,0.913857677903,122,8,15,266,0.890510948905,0.970802919708,0.029197080292,0.109489051095,0.938461538462,0.890510948905,0.913857677903,0.94403892944,0.561232765612,0.872458410351,0.873116446754,0.861313868613,342,205,137,0,342,0,205,0,137,37,342,0.256756756757,1.72528881811,18.4864864865,15.5454545455,9.77142857143,5.36771015539,0.290358590277,0.142642642643,9.50849154237,1.02869645341,0.544491860281,8.05331334643,0.871264894205,0.461830251304,0.640599570326,0.371299902718,2,1.72528881811,0.640599570326,2,0.344071394247,0.376569037657,810,0.104247104247,0.56957682835,37,37,37,1,0,0.405405405405,0.540540540541,0.0540540540541,37,0.153903903904,1.79354325175,11.0810810811,9.31818181818,5.85714285714,3.91136789356,0.35297710259,0.196704021094,6.01200001199,1.08509268509,0.580883322347,4.93059943727,0.889913069166,0.475939353988,0.726576967692,0.405107023197,2.15485987513,1.79354325175,0.726576967692,2.15485987513,0.118881123293,0.0710288420146,55,0.00707850707851,0.261217381388,37,37,37,1,0,0.405405405405,0.540540540541,0.0540540540541,37,335,0.251501501502,1.72922848014,18.1081081081,15.2272727273,9.57142857143,5.00435245996,0.276359762714,0.134409035902,9.08890026946,1.00384868648,0.53344090359,7.95454428454,0.878561607547,0.466962484873,0.641956783042,0.371238844615,2,1.72922848014,0.641956783042,2,0.331458937826,0.354954367666,726,0.0934362934363,0.553905457539,37,37,37,1,0,0.405405405405,0.540540540541,0.0540540540541,-7,-0.00525525525526,0.003939662025,-0.378378378378,-0.318181818182,-0.2,-0.36335769543,-0.0139988275627,-0.00823360674107,-0.419591272919,-0.0248477669376,-0.0110509566912,-0.09876906189,0.0072967133418,0.005132233569,0.00135721271618,-6.10581028793e-05,0,0.003939662025,0.00135721271618,0,-0.0126124564217,-0.0216146699907,-84,-0.0108108108108,-0.0156713708113,0,0,0,327,8,15,982,0.956140350877,0.991919191919,0.00808080808081,0.0438596491228,0.976119402985,0.956140350877,0.966026587888,0.954544724313,0.948059542796,0.934285714286,130,137,0,0,0,0
2375,WLNM_dir_neg,0.975717939155,0.927901211246,00:00:06,10,60,14,1238529949,threshold_sweep,0.8,0.9375,0.875912408759,0.905660377358,120,8,17,266,0.875912408759,0.970802919708,0.029197080292,0.124087591241,0.9375,0.875912408759,0.905660377358,0.939172749392,0.562854825629,0.860853432282,0.861935532503,0.846715328467,342,205,137,0,342,0,205,0,137,37,342,0.256756756757,1.72528881811,18.4864864865,15.5454545455,9.77142857143,5.36771015539,0.290358590277,0.142642642643,9.50849154237,1.02869645341,0.544491860281,8.05331334643,0.871264894205,0.461830251304,0.640599570326,0.371299902718,2,1.72528881811,0.640599570326,2,0.344071394247,0.376569037657,810,0.104247104247,0.56957682835,37,37,37,1,0,0.405405405405,0.540540540541,0.0540540540541,37,0.153903903904,1.79354325175,11.0810810811,9.31818181818,5.85714285714,3.91136789356,0.35297710259,0.196704021094,6.01200001199,1.08509268509,0.580883322347,4.93059943727,0.889913069166,0.475939353988,0.726576967692,0.405107023197,2.15485987513,1.79354325175,0.726576967692,2.15485987513,0.118881123293,0.0710288420146,55,0.00707850707851,0.261217381388,37,37,37,1,0,0.405405405405,0.540540540541,0.0540540540541,37,333,0.25,1.72690169048,18,15.1363636364,9.51428571429,5.027701043,0.279316724611,0.136677217758,9.03388682191,1.00376520243,0.532586640695,7.9652020969,0.885022455211,0.469767064362,0.640057607014,0.37063928453,2,1.72690169048,0.640057607014,2,0.327320857531,0.350411861614,709,0.0912483912484,0.554708603283,37,37,37,1,0,0.405405405405,0.540540540541,0.0540540540541,-9,-0.00675675675676,0.00161287236746,-0.486486486486,-0.409090909091,-0.257142857143,-0.340009112394,-0.011041865666,-0.00596542488434,-0.474604720463,-0.0249312509802,-0.0119052195866,-0.0881112495352,0.0137575610061,0.00793681305772,-0.000541963312501,-0.000660618188008,0,0.00161287236746,-0.000541963312501,0,-0.0167505367167,-0.0261571760424,-101,-0.0129987129987,-0.0148682250666,0,0,0,325,8,17,982,0.950292397661,0.991919191919,0.00808080808081,0.0497076023392,0.975975975976,0.950292397661,0.962962962963,0.950548391752,0.94221158958,0.928571428571,128,137,0,0,0,0
2376,WLNM_dir_neg,0.975717939155,0.927901211246,00:00:06,10,60,14,1238529949,threshold_sweep,0.9,0.936507936508,0.861313868613,0.897338403042,118,8,19,266,0.861313868613,0.970802919708,0.029197080292,0.138686131387,0.936507936508,0.861313868613,0.897338403042,0.934306569343,0.564476885645,0.849162011173,0.850769959395,0.832116788321,342,205,137,0,342,0,205,0,137,37,342,0.256756756757,1.72528881811,18.4864864865,15.5454545455,9.77142857143,5.36771015539,0.290358590277,0.142642642643,9.50849154237,1.02869645341,0.544491860281,8.05331334643,0.871264894205,0.461830251304,0.640599570326,0.371299902718,2,1.72528881811,0.640599570326,2,0.344071394247,0.376569037657,810,0.104247104247,0.56957682835,37,37,37,1,0,0.405405405405,0.540540540541,0.0540540540541,37,0.153903903904,1.79354325175,11.0810810811,9.31818181818,5.85714285714,3.91136789356,0.35297710259,0.196704021094,6.01200001199,1.08509268509,0.580883322347,4.93059943727,0.889913069166,0.475939353988,0.726576967692,0.405107023197,2.15485987513,1.79354325175,0.726576967692,2.15485987513,0.118881123293,0.0710288420146,55,0.00707850707851,0.261217381388,37,37,37,1,0,0.405405405405,0.540540540541,0.0540540540541,37,331,0.248498498498,1.72470955544,17.8918918919,15.0454545455,9.45714285714,4.98767249094,0.278767193602,0.135380093084,8.96581763622,1.00222130677,0.531068833184,7.97895128846,0.891906941611,0.47244223075,0.637601878512,0.369686522871,2,1.72470955544,0.637601878512,2,0.322931886014,0.342842842843,685,0.0881595881596,0.555425330028,37,37,37,1,0,0.405405405405,0.540540540541,0.0540540540541,-11,-0.00825825825826,-0.000579262678322,-0.594594594595,-0.5,-0.314285714286,-0.380037664454,-0.0115913966748,-0.00726254955862,-0.542673906158,-0.0264751466474,-0.0134230270977,-0.0743620579713,0.0206420474058,0.0106119794465,-0.00299769181364,-0.00161337984634,0,-0.000579262678322,-0.00299769181364,0,-0.0211395082331,-0.0337261948141,-125,-0.0160875160875,-0.0141514983218,0,0,0,323,8,19,982,0.944444444444,0.991919191919,0.00808080808081,0.0555555555556,0.97583081571,0.944444444444,0.959881129272,0.946551295556,0.936363636364,0.922857142857,126,137,0,0,0,0
2377,WLNM_dir_neg,0.953500452874,0.940211037171,00:00:04,10,60,15,1238529950,threshold_sweep,0.1,0.916030534351,0.875912408759,0.89552238806,120,11,17,263,0.875912408759,0.959854014599,0.0401459854015,0.124087591241,0.916030534351,0.875912408759,0.89552238806,0.931873479319,0.560421735604,0.845018450185,0.845484832485,0.835766423358,342,205,137,0,342,0,205,0,137,37,342,0.256756756757,1.72528881811,18.4864864865,15.5454545455,9.77142857143,5.36771015539,0.290358590277,0.142642642643,9.50849154237,1.02869645341,0.544491860281,8.05331334643,0.871264894205,0.461830251304,0.640599570326,0.371299902718,2,1.72528881811,0.640599570326,2,0.344071394247,0.376569037657,810,0.104247104247,0.56957682835,37,37,37,1,0,0.405405405405,0.540540540541,0.0540540540541,37,0.153903903904,1.81113505098,11.0810810811,9.31818181818,5.85714285714,4.18581187119,0.377743998132,0.208965062624,6.15807777816,1.11145794045,0.589057350033,4.95308318455,0.893971111357,0.470929466051,0.736447253585,0.406621943066,2,1.81113505098,0.736447253585,2,0.109191400368,0.0886824324324,70,0.00900900900901,0.257994130998,37,37,37,1,0,0.405405405405,0.540540540541,0.0540540540541,37,336,0.252252252252,1.74230241428,18.1621621622,15.2727272727,9.33333333333,5.1343803776,0.282696538648,0.142937580438,9.18748659373,1.01171727371,0.539253539254,7.75449109434,0.853917174079,0.454150579151,0.653582030705,0.375125480714,2,1.74230241428,0.653582030705,2,0.332537957711,0.351806036616,711,0.0915057915058,0.53155291968,37,37,37,1,0,0.405405405405,0.567567567568,0.027027027027,-6,-0.0045045045045,0.0170135961643,-0.324324324324,-0.272727272727,-0.438095238095,-0.233329777795,-0.00766205162962,0.000294937794938,-0.321004948648,-0.0169791797008,-0.00523832102779,-0.298822252099,-0.0173477201262,-0.00767967215336,0.0129824603794,0.00382557799617,0,0.0170135961643,0.0129824603794,0,-0.0115334365369,-0.0247630010414,-99,-0.0127413127413,-0.0380239086695,0,0.027027027027,-0.027027027027,325,11,17,979,0.950292397661,0.988888888889,0.0111111111111,0.0497076023392,0.967261904762,0.950292397661,0.958702064897,0.94467141243,0.93918128655,0.920679886686,131,137,0,0,0,0
2378,WLNM_dir_neg,0.953500452874,0.940211037171,00:00:04,10,60,15,1238529950,threshold_sweep,0.2,0.9296875,0.868613138686,0.898113207547,119,9,18,265,0.868613138686,0.967153284672,0.0328467153285,0.131386861314,0.9296875,0.868613138686,0.898113207547,0.934306569343,0.562854825629,0.849721706865,0.85078981441,0.835766423358,342,205,137,0,342,0,205,0,137,37,342,0.256756756757,1.72528881811,18.4864864865,15.5454545455,9.77142857143,5.36771015539,0.290358590277,0.142642642643,9.50849154237,1.02869645341,0.544491860281,8.05331334643,0.871264894205,0.461830251304,0.640599570326,0.371299902718,2,1.72528881811,0.640599570326,2,0.344071394247,0.376569037657,810,0.104247104247,0.56957682835,37,37,37,1,0,0.405405405405,0.540540540541,0.0540540540541,37,0.153903903904,1.81113505098,11.0810810811,9.31818181818,5.85714285714,4.18581187119,0.377743998132,0.208965062624,6.15807777816,1.11145794045,0.589057350033,4.95308318455,0.893971111357,0.470929466051,0.736447253585,0.406621943066,2,1.81113505098,0.736447253585,2,0.109191400368,0.0886824324324,70,0.00900900900901,0.257994130998,37,37,37,1,0,0.405405405405,0.540540540541,0.0540540540541,37,333,0.25,1.73931627069,18,15.1363636364,9.25,5.027701043,0.279316724611,0.139599058518,9.09212113132,1.01023568126,0.537618699781,7.80669228575,0.867410253973,0.460189919649,0.650503663235,0.373999642387,2,1.73931627069,0.650503663235,2,0.322075405521,0.33826994278,670,0.0862290862291,0.535726130739,37,37,37,1,0,0.405405405405,0.567567567568,0.027027027027,-9,-0.00675675675676,0.014027452572,-0.486486486486,-0.409090909091,-0.521428571429,-0.340009112394,-0.011041865666,-0.00304358412467,-0.416370411051,-0.0184607721566,-0.00687316050047,-0.246621060681,-0.00385464023225,-0.00164033165456,0.00990409290863,0.0026997396692,0,0.014027452572,0.00990409290863,0,-0.0219959887261,-0.0382990948767,-140,-0.018018018018,-0.0338506976114,0,0.027027027027,-0.027027027027,324,9,18,981,0.947368421053,0.990909090909,0.00909090909091,0.0526315789474,0.972972972973,0.947368421053,0.96,0.946579504939,0.938277511962,0.923076923077,128,137,0,0,0,0
2379,WLNM_dir_neg,0.953500452874,0.940211037171,00:00:04,10,60,15,1238529950,threshold_sweep,0.3,0.9296875,0.868613138686,0.898113207547,119,9,18,265,0.868613138686,0.967153284672,0.0328467153285,0.131386861314,0.9296875,0.868613138686,0.898113207547,0.934306569343,0.562854825629,0.849721706865,0.85078981441,0.835766423358,342,205,137,0,342,0,205,0,137,37,342,0.256756756757,1.72528881811,18.4864864865,15.5454545455,9.77142857143,5.36771015539,0.290358590277,0.142642642643,9.50849154237,1.02869645341,0.544491860281,8.05331334643,0.871264894205,0.461830251304,0.640599570326,0.371299902718,2,1.72528881811,0.640599570326,2,0.344071394247,0.376569037657,810,0.104247104247,0.56957682835,37,37,37,1,0,0.405405405405,0.540540540541,0.0540540540541,37,0.153903903904,1.81113505098,11.0810810811,9.31818181818,5.85714285714,4.18581187119,0.377743998132,0.208965062624,6.15807777816,1.11145794045,0.589057350033,4.95308318455,0.893971111357,0.470929466051,0.736447253585,0.406621943066,2,1.81113505098,0.736447253585,2,0.109191400368,0.0886824324324,70,0.00900900900901,0.257994130998,37,37,37,1,0,0.405405405405,0.540540540541,0.0540540540541,37,333,0.25,1.73931627069,18,15.1363636364,9.25,5.027701043,0.279316724611,0.139599058518,9.09212113132,1.01023568126,0.537618699781,7.80669228575,0.867410253973,0.460189919649,0.650503663235,0.373999642387,2,1.73931627069,0.650503663235,2,0.322075405521,0.33826994278,670,0.0862290862291,0.535726130739,37,37,37,1,0,0.405405405405,0.567567567568,0.027027027027,-9,-0.00675675675676,0.014027452572,-0.486486486486,-0.409090909091,-0.521428571429,-0.340009112394,-0.011041865666,-0.00304358412467,-0.416370411051,-0.0184607721566,-0.00687316050047,-0.246621060681,-0.00385464023225,-0.00164033165456,0.00990409290863,0.0026997396692,0,0.014027452572,0.00990409290863,0,-0.0219959887261,-0.0382990948767,-140,-0.018018018018,-0.0338506976114,0,0.027027027027,-0.027027027027,324,9,18,981,0.947368421053,0.990909090909,0.00909090909091,0.0526315789474,0.972972972973,0.947368421053,0.96,0.946579504939,0.938277511962,0.923076923077,128,137,0,0,0,0
2380,WLNM_dir_neg,0.953500452874,0.940211037171,00:00:04,10,60,15,1238529950,threshold_sweep,0.4,0.9296875,0.868613138686,0.898113207547,119,9,18,265,0.868613138686,0.967153284672,0.0328467153285,0.131386861314,0.9296875,0.868613138686,0.898113207547,0.934306569343,0.562854825629,0.849721706865,0.85078981441,0.835766423358,342,205,137,0,342,0,205,0,137,37,342,0.256756756757,1.72528881811,18.4864864865,15.5454545455,9.77142857143,5.36771015539,0.290358590277,0.142642642643,9.50849154237,1.02869645341,0.544491860281,8.05331334643,0.871264894205,0.461830251304,0.640599570326,0.371299902718,2,1.72528881811,0.640599570326,2,0.344071394247,0.376569037657,810,0.104247104247,0.56957682835,37,37,37,1,0,0.405405405405,0.540540540541,0.0540540540541,37,0.153903903904,1.81113505098,11.0810810811,9.31818181818,5.85714285714,4.18581187119,0.377743998132,0.208965062624,6.15807777816,1.11145794045,0.589057350033,4.95308318455,0.893971111357,0.470929466051,0.736447253585,0.406621943066,2,1.81113505098,0.736447253585,2,0.109191400368,0.0886824324324,70,0.00900900900901,0.257994130998,37,37,37,1,0,0.405405405405,0.540540540541,0.0540540540541,37,333,0.25,1.73931627069,18,15.1363636364,9.25,5.027701043,0.279316724611,0.139599058518,9.09212113132,1.01023568126,0.537618699781,7.80669228575,0.867410253973,0.460189919649,0.650503663235,0.373999642387,2,1.73931627069,0.650503663235,2,0.322075405521,0.33826994278,670,0.0862290862291,0.535726130739,37,37,37,1,0,0.405405405405,0.567567567568,0.027027027027,-9,-0.00675675675676,0.014027452572,-0.486486486486,-0.409090909091,-0.521428571429,-0.340009112394,-0.011041865666,-0.00304358412467,-0.416370411051,-0.0184607721566,-0.00687316050047,-0.246621060681,-0.00385464023225,-0.00164033165456,0.00990409290863,0.0026997396692,0,0.014027452572,0.00990409290863,0,-0.0219959887261,-0.0382990948767,-140,-0.018018018018,-0.0338506976114,0,0.027027027027,-0.027027027027,324,9,18,981,0.947368421053,0.990909090909,0.00909090909091,0.0526315789474,0.972972972973,0.947368421053,0.96,0.946579504939,0.938277511962,0.923076923077,128,137,0,0,0,0
2381,WLNM_dir_neg,0.953500452874,0.940211037171,00:00:04,10,60,15,1238529950,threshold_sweep,0.5,0.937007874016,0.868613138686,0.901515151515,119,8,18,266,0.868613138686,0.970802919708,0.029197080292,0.131386861314,0.937007874016,0.868613138686,0.901515151515,0.936739659367,0.563665855637,0.855018587361,0.856350996995,0.839416058394,342,205,137,0,342,0,205,0,137,37,342,0.256756756757,1.72528881811,18.4864864865,15.5454545455,9.77142857143,5.36771015539,0.290358590277,0.142642642643,9.50849154237,1.02869645341,0.544491860281,8.05331334643,0.871264894205,0.461830251304,0.640599570326,0.371299902718,2,1.72528881811,0.640599570326,2,0.344071394247,0.376569037657,810,0.104247104247,0.56957682835,37,37,37,1,0,0.405405405405,0.540540540541,0.0540540540541,37,0.153903903904,1.81113505098,11.0810810811,9.31818181818,5.85714285714,4.18581187119,0.377743998132,0.208965062624,6.15807777816,1.11145794045,0.589057350033,4.95308318455,0.893971111357,0.470929466051,0.736447253585,0.406621943066,2,1.81113505098,0.736447253585,2,0.109191400368,0.0886824324324,70,0.00900900900901,0.257994130998,37,37,37,1,0,0.405405405405,0.540540540541,0.0540540540541,37,332,0.249249249249,1.73761427875,17.9459459459,15.0909090909,9.22222222222,4.94382862177,0.275484426213,0.137333116249,9.05380977663,1.00900892089,0.536633018561,7.82973848892,0.87259133762,0.462715727776,0.648843333835,0.373410452348,2,1.73761427875,0.648843333835,2,0.322075405521,0.33826994278,670,0.0862290862291,0.537465298983,37,37,37,1,0,0.405405405405,0.567567567568,0.027027027027,-10,-0.00750750750751,0.0123254606373,-0.540540540541,-0.454545454545,-0.549206349206,-0.423881533622,-0.014874164064,-0.00530952639386,-0.454681765741,-0.0196875325249,-0.0078588417206,-0.223574857519,0.00132644341523,0.000885476472033,0.00824376350867,0.00211054962999,0,0.0123254606373,0.00824376350867,0,-0.0219959887261,-0.0382990948767,-140,-0.018018018018,-0.0321115293674,0,0.027027027027,-0.027027027027,324,8,18,982,0.947368421053,0.991919191919,0.00808080808081,0.0526315789474,0.975903614458,0.947368421053,0.961424332344,0.948549945697,0.939287612972,0.925714285714,127,137,0,0,0,0
2382,WLNM_dir_neg,0.953500452874,0.940211037171,00:00:04,10,60,15,1238529950,threshold_sweep,0.6,0.944444444444,0.868613138686,0.904942965779,119,7,18,267,0.868613138686,0.974452554745,0.0255474452555,0.131386861314,0.944444444444,0.868613138686,0.904942965779,0.939172749392,0.564476885645,0.860335195531,0.861964300966,0.843065693431,342,205,137,0,342,0,205,0,137,37,342,0.256756756757,1.72528881811,18.4864864865,15.5454545455,9.77142857143,5.36771015539,0.290358590277,0.142642642643,9.50849154237,1.02869645341,0.544491860281,8.05331334643,0.871264894205,0.461830251304,0.640599570326,0.371299902718,2,1.72528881811,0.640599570326,2,0.344071394247,0.376569037657,810,0.104247104247,0.56957682835,37,37,37,1,0,0.405405405405,0.540540540541,0.0540540540541,37,0.153903903904,1.81113505098,11.0810810811,9.31818181818,5.85714285714,4.18581187119,0.377743998132,0.208965062624,6.15807777816,1.11145794045,0.589057350033,4.95308318455,0.893971111357,0.470929466051,0.736447253585,0.406621943066,2,1.81113505098,0.736447253585,2,0.109191400368,0.0886824324324,70,0.00900900900901,0.257994130998,37,37,37,1,0,0.405405405405,0.540540540541,0.0540540540541,37,331,0.248498498498,1.73636354016,17.8918918919,15.0454545455,9.19444444444,4.91473851335,0.274690823254,0.136114966931,9.0214126325,1.00843585318,0.536131297461,7.84554348357,0.876994286683,0.464276965788,0.647668241428,0.373002672798,2,1.73636354016,0.647668241428,2,0.317347163347,0.332881585634,655,0.0842985842986,0.538619538064,37,37,37,1,0,0.405405405405,0.567567567568,0.027027027027,-11,-0.00825825825826,0.011074722042,-0.594594594595,-0.5,-0.576984126984,-0.452971642038,-0.0156677670231,-0.00652767571197,-0.487078909872,-0.0202606002347,-0.00836056282073,-0.207769862866,0.00572939247793,0.0024467144836,0.00706867110198,0.00170277008057,0,0.011074722042,0.00706867110198,0,-0.0267242309001,-0.0436874520225,-155,-0.0199485199485,-0.030957290286,0,0.027027027027,-0.027027027027,324,7,18,983,0.947368421053,0.992929292929,0.00707070707071,0.0526315789474,0.978851963746,0.947368421053,0.962852897474,0.950528176035,0.940297713982,0.928366762178,126,137,0,0,0,0
2383,WLNM_dir_neg,0.953500452874,0.940211037171,00:00:04,10,60,15,1238529950,threshold_sweep,0.7,0.943548387097,0.85401459854,0.896551724138,117,7,20,267,0.85401459854,0.974452554745,0.0255474452555,0.14598540146,0.943548387097,0.85401459854,0.896551724138,0.934306569343,0.566098945661,0.848598130841,0.850861882785,0.828467153285,342,205,137,0,342,0,205,0,137,37,342,0.256756756757,1.72528881811,18.4864864865,15.5454545455,9.77142857143,5.36771015539,0.290358590277,0.142642642643,9.50849154237,1.02869645341,0.544491860281,8.05331334643,0.871264894205,0.461830251304,0.640599570326,0.371299902718,2,1.72528881811,0.640599570326,2,0.344071394247,0.376569037657,810,0.104247104247,0.56957682835,37,37,37,1,0,0.405405405405,0.540540540541,0.0540540540541,37,0.153903903904,1.81113505098,11.0810810811,9.31818181818,5.85714285714,4.18581187119,0.377743998132,0.208965062624,6.15807777816,1.11145794045,0.589057350033,4.95308318455,0.893971111357,0.470929466051,0.736447253585,0.406621943066,2,1.81113505098,0.736447253585,2,0.109191400368,0.0886824324324,70,0.00900900900901,0.257994130998,37,37,37,1,0,0.405405405405,0.540540540541,0.0540540540541,37,329,0.246996996997,1.73852413054,17.7837837838,14.9545454545,9.13888888889,4.9280102765,0.277106960837,0.138585393905,8.9962454631,1.01173581196,0.539390454284,7.77740239334,0.874662275239,0.46332046332,0.650092688221,0.373933658325,2,1.73852413054,0.650092688221,2,0.316880049063,0.330421377184,643,0.0827541827542,0.531279060775,37,37,37,1,0,0.405405405405,0.567567567568,0.027027027027,-13,-0.00975975975976,0.0132353124301,-0.702702702703,-0.590909090909,-0.63253968254,-0.439699878894,-0.0132516294405,-0.0040572487381,-0.51224607927,-0.0169606414547,-0.00510140599726,-0.275910953091,0.00339738103439,0.00149021201653,0.00949311789468,0.00263375560713,0,0.0132353124301,0.00949311789468,0,-0.027191345184,-0.0461476604729,-167,-0.0214929214929,-0.0382977675745,0,0.027027027027,-0.027027027027,322,7,20,983,0.941520467836,0.992929292929,0.00707070707071,0.0584795321637,0.978723404255,0.941520467836,0.959761549925,0.946538300881,0.934449760766,0.922636103152,124,137,0,0,0,0
2384,WLNM_dir_neg,0.953500452874,0.940211037171,00:00:04,10,60,15,1238529950,threshold_sweep,0.8,0.943548387097,0.85401459854,0.896551724138,117,7,20,267,0.85401459854,0.974452554745,0.0255474452555,0.14598540146,0.943548387097,0.85401459854,0.896551724138,0.934306569343,0.566098945661,0.848598130841,0.850861882785,0.828467153285,342,205,137,0,342,0,205,0,137,37,342,0.256756756757,1.72528881811,18.4864864865,15.5454545455,9.77142857143,5.36771015539,0.290358590277,0.142642642643,9.50849154237,1.02869645341,0.544491860281,8.05331334643,0.871264894205,0.461830251304,0.640599570326,0.371299902718,2,1.72528881811,0.640599570326,2,0.344071394247,0.376569037657,810,0.104247104247,0.56957682835,37,37,37,1,0,0.405405405405,0.540540540541,0.0540540540541,37,0.153903903904,1.81113505098,11.0810810811,9.31818181818,5.85714285714,4.18581187119,0.377743998132,0.208965062624,6.15807777816,1.11145794045,0.589057350033,4.95308318455,0.893971111357,0.470929466051,0.736447253585,0.406621943066,2,1.81113505098,0.736447253585,2,0.109191400368,0.0886824324324,70,0.00900900900901,0.257994130998,37,37,37,1,0,0.405405405405,0.540540540541,0.0540540540541,37,329,0.246996996997,1.73852413054,17.7837837838,14.9545454545,9.13888888889,4.9280102765,0.277106960837,0.138585393905,8.9962454631,1.01173581196,0.539390454284,7.77740239334,0.874662275239,0.46332046332,0.650092688221,0.373933658325,2,1.73852413054,0.650092688221,2,0.316880049063,0.330421377184,643,0.0827541827542,0.531279060775,37,37,37,1,0,0.405405405405,0.567567567568,0.027027027027,-13,-0.00975975975976,0.0132353124301,-0.702702702703,-0.590909090909,-0.63253968254,-0.439699878894,-0.0132516294405,-0.0040572487381,-0.51224607927,-0.0169606414547,-0.00510140599726,-0.275910953091,0.00339738103439,0.00149021201653,0.00949311789468,0.00263375560713,0,0.0132353124301,0.00949311789468,0,-0.027191345184,-0.0461476604729,-167,-0.0214929214929,-0.0382977675745,0,0.027027027027,-0.027027027027,322,7,20,983,0.941520467836,0.992929292929,0.00707070707071,0.0584795321637,0.978723404255,0.941520467836,0.959761549925,0.946538300881,0.934449760766,0.922636103152,124,137,0,0,0,0
2385,WLNM_dir_neg,0.953500452874,0.940211037171,00:00:04,10,60,15,1238529950,threshold_sweep,0.9,0.943089430894,0.846715328467,0.892307692308,116,7,21,267,0.846715328467,0.974452554745,0.0255474452555,0.153284671533,0.943089430894,0.846715328467,0.892307692308,0.931873479319,0.566909975669,0.842696629213,0.845315282501,0.821167883212,342,205,137,0,342,0,205,0,137,37,342,0.256756756757,1.72528881811,18.4864864865,15.5454545455,9.77142857143,5.36771015539,0.290358590277,0.142642642643,9.50849154237,1.02869645341,0.544491860281,8.05331334643,0.871264894205,0.461830251304,0.640599570326,0.371299902718,2,1.72528881811,0.640599570326,2,0.344071394247,0.376569037657,810,0.104247104247,0.56957682835,37,37,37,1,0,0.405405405405,0.540540540541,0.0540540540541,37,0.153903903904,1.81113505098,11.0810810811,9.31818181818,5.85714285714,4.18581187119,0.377743998132,0.208965062624,6.15807777816,1.11145794045,0.589057350033,4.95308318455,0.893971111357,0.470929466051,0.736447253585,0.406621943066,2,1.81113505098,0.736447253585,2,0.109191400368,0.0886824324324,70,0.00900900900901,0.257994130998,37,37,37,1,0,0.405405405405,0.540540540541,0.0540540540541,37,328,0.246246246246,1.7390094556,17.7297297297,14.9090909091,9.11111111111,4.97576710249,0.280645400598,0.139419907713,8.96648748942,1.01146352777,0.538892551088,7.78589237789,0.878286640189,0.464238628873,0.650537168853,0.37408489457,2,1.7390094556,0.650537168853,2,0.312395865632,0.330810252881,641,0.0824967824968,0.53195838879,37,37,37,1,0,0.405405405405,0.567567567568,0.027027027027,-14,-0.0105105105105,0.0137206374805,-0.756756756757,-0.636363636364,-0.660317460317,-0.3919430529,-0.00971318967916,-0.00322273493005,-0.542004052956,-0.017232925645,-0.00559930919366,-0.267420968542,0.00702174598419,0.00240837756884,0.00993759852741,0.00278499185275,0,0.0137206374805,0.00993759852741,0,-0.0316755286156,-0.0457587847754,-169,-0.0217503217503,-0.0376184395603,0,0.027027027027,-0.027027027027,321,7,21,983,0.938596491228,0.992929292929,0.00707070707071,0.0614035087719,0.978658536585,0.938596491228,0.958208955224,0.944543040665,0.931525784157,0.919770773639,123,137,0,0,0,0
2386,WLNM_dir_neg,0.982764132346,0.593438920972,00:00:04,10,60,16,1238529951,threshold_sweep,0.1,0.961240310078,0.905109489051,0.932330827068,124,5,13,269,0.905109489051,0.981751824818,0.0182481751825,0.0948905109489,0.961240310078,0.905109489051,0.932330827068,0.956204379562,0.56204379562,0.9,0.900890207933,0.886861313869,342,205,137,0,342,0,205,0,137,37,342,0.256756756757,1.72528881811,18.4864864865,15.5454545455,9.77142857143,5.36771015539,0.290358590277,0.142642642643,9.50849154237,1.02869645341,0.544491860281,8.05331334643,0.871264894205,0.461830251304,0.640599570326,0.371299902718,2,1.72528881811,0.640599570326,2,0.344071394247,0.376569037657,810,0.104247104247,0.56957682835,37,37,37,1,0,0.405405405405,0.540540540541,0.0540540540541,37,0.153903903904,1.78928482825,11.0810810811,9.31818181818,5.85714285714,4.34855262241,0.392430358608,0.21819380356,6.09915565465,1.10082321572,0.587211601846,5.04201566062,0.910022338746,0.484377059987,0.714534543927,0.399340861023,2,1.78928482825,0.714534543927,2,0.137385762463,0.101588628763,81,0.0104247104247,0.260303417143,37,37,37,1,0,0.405405405405,0.540540540541,0.0540540540541,37,334,0.250750750751,1.70245937515,18.0540540541,15.1818181818,9.54285714286,5.03292462991,0.278769777405,0.136510762259,9.20593554449,1.01981920702,0.54021686357,8.01902767203,0.888335400794,0.472730215245,0.606230306005,0.356090908749,1.65625322296,1.70245937515,0.606230306005,1.65625322296,0.329197480163,0.34341782502,700,0.0900900900901,0.56119833175,37,37,37,1,0,0.405405405405,0.540540540541,0.0540540540541,-8,-0.00600600600601,-0.0228294429641,-0.432432432432,-0.363636363636,-0.228571428571,-0.334785525486,-0.0115888128721,-0.00613188038338,-0.302555997888,-0.0088772463908,-0.00427499671118,-0.0342856744029,0.017070506589,0.0108999639412,-0.0343692643207,-0.0152089939689,-0.343746777039,-0.0228294429641,-0.0343692643207,-0.343746777039,-0.0148739140847,-0.0331512126365,-110,-0.014157014157,-0.00837849660021,0,0,0,329,5,13,985,0.961988304094,0.994949494949,0.00505050505051,0.0380116959064,0.98502994012,0.961988304094,0.973372781065,0.964441424483,0.956937799043,0.948126801153,129,137,0,0,0,0
2387,WLNM_dir_neg,0.982764132346,0.593438920972,00:00:04,10,60,16,1238529951,threshold_sweep,0.2,0.961240310078,0.905109489051,0.932330827068,124,5,13,269,0.905109489051,0.981751824818,0.0182481751825,0.0948905109489,0.961240310078,0.905109489051,0.932330827068,0.956204379562,0.56204379562,0.9,0.900890207933,0.886861313869,342,205,137,0,342,0,205,0,137,37,342,0.256756756757,1.72528881811,18.4864864865,15.5454545455,9.77142857143,5.36771015539,0.290358590277,0.142642642643,9.50849154237,1.02869645341,0.544491860281,8.05331334643,0.871264894205,0.461830251304,0.640599570326,0.371299902718,2,1.72528881811,0.640599570326,2,0.344071394247,0.376569037657,810,0.104247104247,0.56957682835,37,37,37,1,0,0.405405405405,0.540540540541,0.0540540540541,37,0.153903903904,1.78928482825,11.0810810811,9.31818181818,5.85714285714,4.34855262241,0.392430358608,0.21819380356,6.09915565465,1.10082321572,0.587211601846,5.04201566062,0.910022338746,0.484377059987,0.714534543927,0.399340861023,2,1.78928482825,0.714534543927,2,0.137385762463,0.101588628763,81,0.0104247104247,0.260303417143,37,37,37,1,0,0.405405405405,0.540540540541,0.0540540540541,37,334,0.250750750751,1.70245937515,18.0540540541,15.1818181818,9.54285714286,5.03292462991,0.278769777405,0.136510762259,9.20593554449,1.01981920702,0.54021686357,8.01902767203,0.888335400794,0.472730215245,0.606230306005,0.356090908749,1.65625322296,1.70245937515,0.606230306005,1.65625322296,0.329197480163,0.34341782502,700,0.0900900900901,0.56119833175,37,37,37,1,0,0.405405405405,0.540540540541,0.0540540540541,-8,-0.00600600600601,-0.0228294429641,-0.432432432432,-0.363636363636,-0.228571428571,-0.334785525486,-0.0115888128721,-0.00613188038338,-0.302555997888,-0.0088772463908,-0.00427499671118,-0.0342856744029,0.017070506589,0.0108999639412,-0.0343692643207,-0.0152089939689,-0.343746777039,-0.0228294429641,-0.0343692643207,-0.343746777039,-0.0148739140847,-0.0331512126365,-110,-0.014157014157,-0.00837849660021,0,0,0,329,5,13,985,0.961988304094,0.994949494949,0.00505050505051,0.0380116959064,0.98502994012,0.961988304094,0.973372781065,0.964441424483,0.956937799043,0.948126801153,129,137,0,0,0,0
2388,WLNM_dir_neg,0.982764132346,0.593438920972,00:00:04,10,60,16,1238529951,threshold_sweep,0.3,0.961240310078,0.905109489051,0.932330827068,124,5,13,269,0.905109489051,0.981751824818,0.0182481751825,0.0948905109489,0.961240310078,0.905109489051,0.932330827068,0.956204379562,0.56204379562,0.9,0.900890207933,0.886861313869,342,205,137,0,342,0,205,0,137,37,342,0.256756756757,1.72528881811,18.4864864865,15.5454545455,9.77142857143,5.36771015539,0.290358590277,0.142642642643,9.50849154237,1.02869645341,0.544491860281,8.05331334643,0.871264894205,0.461830251304,0.640599570326,0.371299902718,2,1.72528881811,0.640599570326,2,0.344071394247,0.376569037657,810,0.104247104247,0.56957682835,37,37,37,1,0,0.405405405405,0.540540540541,0.0540540540541,37,0.153903903904,1.78928482825,11.0810810811,9.31818181818,5.85714285714,4.34855262241,0.392430358608,0.21819380356,6.09915565465,1.10082321572,0.587211601846,5.04201566062,0.910022338746,0.484377059987,0.714534543927,0.399340861023,2,1.78928482825,0.714534543927,2,0.137385762463,0.101588628763,81,0.0104247104247,0.260303417143,37,37,37,1,0,0.405405405405,0.540540540541,0.0540540540541,37,334,0.250750750751,1.70245937515,18.0540540541,15.1818181818,9.54285714286,5.03292462991,0.278769777405,0.136510762259,9.20593554449,1.01981920702,0.54021686357,8.01902767203,0.888335400794,0.472730215245,0.606230306005,0.356090908749,1.65625322296,1.70245937515,0.606230306005,1.65625322296,0.329197480163,0.34341782502,700,0.0900900900901,0.56119833175,37,37,37,1,0,0.405405405405,0.540540540541,0.0540540540541,-8,-0.00600600600601,-0.0228294429641,-0.432432432432,-0.363636363636,-0.228571428571,-0.334785525486,-0.0115888128721,-0.00613188038338,-0.302555997888,-0.0088772463908,-0.00427499671118,-0.0342856744029,0.017070506589,0.0108999639412,-0.0343692643207,-0.0152089939689,-0.343746777039,-0.0228294429641,-0.0343692643207,-0.343746777039,-0.0148739140847,-0.0331512126365,-110,-0.014157014157,-0.00837849660021,0,0,0,329,5,13,985,0.961988304094,0.994949494949,0.00505050505051,0.0380116959064,0.98502994012,0.961988304094,0.973372781065,0.964441424483,0.956937799043,0.948126801153,129,137,0,0,0,0
2389,WLNM_dir_neg,0.982764132346,0.593438920972,00:00:04,10,60,16,1238529951,threshold_sweep,0.4,0.961240310078,0.905109489051,0.932330827068,124,5,13,269,0.905109489051,0.981751824818,0.0182481751825,0.0948905109489,0.961240310078,0.905109489051,0.932330827068,0.956204379562,0.56204379562,0.9,0.900890207933,0.886861313869,342,205,137,0,342,0,205,0,137,37,342,0.256756756757,1.72528881811,18.4864864865,15.5454545455,9.77142857143,5.36771015539,0.290358590277,0.142642642643,9.50849154237,1.02869645341,0.544491860281,8.05331334643,0.871264894205,0.461830251304,0.640599570326,0.371299902718,2,1.72528881811,0.640599570326,2,0.344071394247,0.376569037657,810,0.104247104247,0.56957682835,37,37,37,1,0,0.405405405405,0.540540540541,0.0540540540541,37,0.153903903904,1.78928482825,11.0810810811,9.31818181818,5.85714285714,4.34855262241,0.392430358608,0.21819380356,6.09915565465,1.10082321572,0.587211601846,5.04201566062,0.910022338746,0.484377059987,0.714534543927,0.399340861023,2,1.78928482825,0.714534543927,2,0.137385762463,0.101588628763,81,0.0104247104247,0.260303417143,37,37,37,1,0,0.405405405405,0.540540540541,0.0540540540541,37,334,0.250750750751,1.70245937515,18.0540540541,15.1818181818,9.54285714286,5.03292462991,0.278769777405,0.136510762259,9.20593554449,1.01981920702,0.54021686357,8.01902767203,0.888335400794,0.472730215245,0.606230306005,0.356090908749,1.65625322296,1.70245937515,0.606230306005,1.65625322296,0.329197480163,0.34341782502,700,0.0900900900901,0.56119833175,37,37,37,1,0,0.405405405405,0.540540540541,0.0540540540541,-8,-0.00600600600601,-0.0228294429641,-0.432432432432,-0.363636363636,-0.228571428571,-0.334785525486,-0.0115888128721,-0.00613188038338,-0.302555997888,-0.0088772463908,-0.00427499671118,-0.0342856744029,0.017070506589,0.0108999639412,-0.0343692643207,-0.0152089939689,-0.343746777039,-0.0228294429641,-0.0343692643207,-0.343746777039,-0.0148739140847,-0.0331512126365,-110,-0.014157014157,-0.00837849660021,0,0,0,329,5,13,985,0.961988304094,0.994949494949,0.00505050505051,0.0380116959064,0.98502994012,0.961988304094,0.973372781065,0.964441424483,0.956937799043,0.948126801153,129,137,0,0,0,0
2390,WLNM_dir_neg,0.982764132346,0.593438920972,00:00:04,10,60,16,1238529951,threshold_sweep,0.5,0.976377952756,0.905109489051,0.939393939394,124,3,13,271,0.905109489051,0.989051094891,0.0109489051095,0.0948905109489,0.976377952756,0.905109489051,0.939393939394,0.961070559611,0.563665855637,0.910780669145,0.91219997506,0.894160583942,342,205,137,0,342,0,205,0,137,37,342,0.256756756757,1.72528881811,18.4864864865,15.5454545455,9.77142857143,5.36771015539,0.290358590277,0.142642642643,9.50849154237,1.02869645341,0.544491860281,8.05331334643,0.871264894205,0.461830251304,0.640599570326,0.371299902718,2,1.72528881811,0.640599570326,2,0.344071394247,0.376569037657,810,0.104247104247,0.56957682835,37,37,37,1,0,0.405405405405,0.540540540541,0.0540540540541,37,0.153903903904,1.78928482825,11.0810810811,9.31818181818,5.85714285714,4.34855262241,0.392430358608,0.21819380356,6.09915565465,1.10082321572,0.587211601846,5.04201566062,0.910022338746,0.484377059987,0.714534543927,0.399340861023,2,1.78928482825,0.714534543927,2,0.137385762463,0.101588628763,81,0.0104247104247,0.260303417143,37,37,37,1,0,0.405405405405,0.540540540541,0.0540540540541,37,332,0.249249249249,1.72363845871,17.9459459459,15.0909090909,9.48571428571,5.16368702224,0.287735572022,0.139531097362,9.24808234322,1.03065977921,0.543959622273,7.94944612496,0.885932248866,0.471182025399,0.637506386666,0.369860850717,2,1.72363845871,0.637506386666,2,0.323642319846,0.343054869006,694,0.0893178893179,0.552993676682,37,37,37,1,0,0.405405405405,0.540540540541,0.0540540540541,-10,-0.00750750750751,-0.00165035940722,-0.540540540541,-0.454545454545,-0.285714285714,-0.204023133152,-0.00262301825464,-0.00311154528022,-0.260409199152,0.00196332579977,-0.000532238008459,-0.103867221471,0.0146673546615,0.00935177409496,-0.00309318366045,-0.00143905200105,0,-0.00165035940722,-0.00309318366045,0,-0.0204290744012,-0.0335141686505,-116,-0.0149292149292,-0.016583151668,0,0,0,329,3,13,987,0.961988304094,0.99696969697,0.0030303030303,0.0380116959064,0.990963855422,0.961988304094,0.976261127596,0.968414303853,0.958958001063,0.953623188406,127,137,0,0,0,0
2391,WLNM_dir_neg,0.982764132346,0.593438920972,00:00:04,10,60,16,1238529951,threshold_sweep,0.6,0.976377952756,0.905109489051,0.939393939394,124,3,13,271,0.905109489051,0.989051094891,0.0109489051095,0.0948905109489,0.976377952756,0.905109489051,0.939393939394,0.961070559611,0.563665855637,0.910780669145,0.91219997506,0.894160583942,342,205,137,0,342,0,205,0,137,37,342,0.256756756757,1.72528881811,18.4864864865,15.5454545455,9.77142857143,5.36771015539,0.290358590277,0.142642642643,9.50849154237,1.02869645341,0.544491860281,8.05331334643,0.871264894205,0.461830251304,0.640599570326,0.371299902718,2,1.72528881811,0.640599570326,2,0.344071394247,0.376569037657,810,0.104247104247,0.56957682835,37,37,37,1,0,0.405405405405,0.540540540541,0.0540540540541,37,0.153903903904,1.78928482825,11.0810810811,9.31818181818,5.85714285714,4.34855262241,0.392430358608,0.21819380356,6.09915565465,1.10082321572,0.587211601846,5.04201566062,0.910022338746,0.484377059987,0.714534543927,0.399340861023,2,1.78928482825,0.714534543927,2,0.137385762463,0.101588628763,81,0.0104247104247,0.260303417143,37,37,37,1,0,0.405405405405,0.540540540541,0.0540540540541,37,332,0.249249249249,1.72363845871,17.9459459459,15.0909090909,9.48571428571,5.16368702224,0.287735572022,0.139531097362,9.24808234322,1.03065977921,0.543959622273,7.94944612496,0.885932248866,0.471182025399,0.637506386666,0.369860850717,2,1.72363845871,0.637506386666,2,0.323642319846,0.343054869006,694,0.0893178893179,0.552993676682,37,37,37,1,0,0.405405405405,0.540540540541,0.0540540540541,-10,-0.00750750750751,-0.00165035940722,-0.540540540541,-0.454545454545,-0.285714285714,-0.204023133152,-0.00262301825464,-0.00311154528022,-0.260409199152,0.00196332579977,-0.000532238008459,-0.103867221471,0.0146673546615,0.00935177409496,-0.00309318366045,-0.00143905200105,0,-0.00165035940722,-0.00309318366045,0,-0.0204290744012,-0.0335141686505,-116,-0.0149292149292,-0.016583151668,0,0,0,329,3,13,987,0.961988304094,0.99696969697,0.0030303030303,0.0380116959064,0.990963855422,0.961988304094,0.976261127596,0.968414303853,0.958958001063,0.953623188406,127,137,0,0,0,0
2392,WLNM_dir_neg,0.982764132346,0.593438920972,00:00:04,10,60,16,1238529951,threshold_sweep,0.7,1,0.905109489051,0.950191570881,124,0,13,274,0.905109489051,1,0,0.0948905109489,1,0.905109489051,0.950191570881,0.968369829684,0.566098945661,0.927102803738,0.929575977668,0.905109489051,342,205,137,0,342,0,205,0,137,37,342,0.256756756757,1.72528881811,18.4864864865,15.5454545455,9.77142857143,5.36771015539,0.290358590277,0.142642642643,9.50849154237,1.02869645341,0.544491860281,8.05331334643,0.871264894205,0.461830251304,0.640599570326,0.371299902718,2,1.72528881811,0.640599570326,2,0.344071394247,0.376569037657,810,0.104247104247,0.56957682835,37,37,37,1,0,0.405405405405,0.540540540541,0.0540540540541,37,0.153903903904,1.78928482825,11.0810810811,9.31818181818,5.85714285714,4.34855262241,0.392430358608,0.21819380356,6.09915565465,1.10082321572,0.587211601846,5.04201566062,0.910022338746,0.484377059987,0.714534543927,0.399340861023,2,1.78928482825,0.714534543927,2,0.137385762463,0.101588628763,81,0.0104247104247,0.260303417143,37,37,37,1,0,0.405405405405,0.540540540541,0.0540540540541,37,329,0.246996996997,1.71862261574,17.7837837838,14.9545454545,9.4,5.09430583612,0.286457926955,0.137271009611,9.17055609541,1.03133913535,0.54300501109,8.00619129793,0.900392334418,0.476957200361,0.633630395373,0.368685009478,2,1.71862261574,0.633630395373,2,0.307420513549,0.325046195196,645,0.0830115830116,0.559274738416,37,37,37,1,0,0.405405405405,0.540540540541,0.0540540540541,-13,-0.00975975975976,-0.0066662023757,-0.702702702703,-0.590909090909,-0.371428571429,-0.273404319271,-0.00390066332191,-0.00537163303121,-0.337935446963,0.00264268193548,-0.00148684919122,-0.0471220485012,0.0291274402131,0.0151269490575,-0.00696917495328,-0.00261489323981,0,-0.0066662023757,-0.00696917495328,0,-0.0366508806986,-0.0515228424612,-165,-0.0212355212355,-0.0103020899341,0,0,0,329,0,13,990,0.961988304094,1,0,0.0380116959064,1,0.961988304094,0.980625931446,0.974433097482,0.961988304094,0.961988304094,124,137,0,0,0,0
2393,WLNM_dir_neg,0.982764132346,0.593438920972,00:00:04,10,60,16,1238529951,threshold_sweep,0.8,1,0.890510948905,0.942084942085,122,0,15,274,0.890510948905,1,0,0.109489051095,1,0.890510948905,0.942084942085,0.963503649635,0.567721005677,0.915572232645,0.918852903048,0.890510948905,342,205,137,0,342,0,205,0,137,37,342,0.256756756757,1.72528881811,18.4864864865,15.5454545455,9.77142857143,5.36771015539,0.290358590277,0.142642642643,9.50849154237,1.02869645341,0.544491860281,8.05331334643,0.871264894205,0.461830251304,0.640599570326,0.371299902718,2,1.72528881811,0.640599570326,2,0.344071394247,0.376569037657,810,0.104247104247,0.56957682835,37,37,37,1,0,0.405405405405,0.540540540541,0.0540540540541,37,0.153903903904,1.78928482825,11.0810810811,9.31818181818,5.85714285714,4.34855262241,0.392430358608,0.21819380356,6.09915565465,1.10082321572,0.587211601846,5.04201566062,0.910022338746,0.484377059987,0.714534543927,0.399340861023,2,1.78928482825,0.714534543927,2,0.137385762463,0.101588628763,81,0.0104247104247,0.260303417143,37,37,37,1,0,0.405405405405,0.540540540541,0.0540540540541,37,327,0.245495495495,1.73101723228,17.6756756757,14.8636363636,9.34285714286,5.26019673298,0.297595228013,0.142656417886,9.16973740541,1.03755438532,0.54467311348,8.00178283438,0.905400504196,0.478717249359,0.655408292566,0.378626093574,2,1.73101723228,0.655408292566,2,0.317190793907,0.32561284869,642,0.0826254826255,0.55742758644,37,37,37,1,0,0.405405405405,0.540540540541,0.0540540540541,-15,-0.0112612612613,0.00572841416179,-0.810810810811,-0.681818181818,-0.428571428571,-0.107513422412,0.00723663773559,1.37752431331e-05,-0.33875413697,0.00885793190625,0.000181253199119,-0.0515305120574,0.0341356099907,0.0168869980555,0.0148087222395,0.00732619085591,0,0.00572841416179,0.0148087222395,0,-0.0268806003401,-0.0509561889671,-168,-0.0216216216216,-0.0121492419096,0,0,0,327,0,15,990,0.956140350877,1,0,0.0438596491228,1,0.956140350877,0.977578475336,0.970499664797,0.956140350877,0.956140350877,122,137,0,0,0,0
2394,WLNM_dir_neg,0.982764132346,0.593438920972,00:00:04,10,60,16,1238529951,threshold_sweep,0.9,1,0.883211678832,0.937984496124,121,0,16,274,0.883211678832,1,0,0.116788321168,1,0.883211678832,0.937984496124,0.961070559611,0.568532035685,0.90977443609,0.913500278391,0.883211678832,342,205,137,0,342,0,205,0,137,37,342,0.256756756757,1.72528881811,18.4864864865,15.5454545455,9.77142857143,5.36771015539,0.290358590277,0.142642642643,9.50849154237,1.02869645341,0.544491860281,8.05331334643,0.871264894205,0.461830251304,0.640599570326,0.371299902718,2,1.72528881811,0.640599570326,2,0.344071394247,0.376569037657,810,0.104247104247,0.56957682835,37,37,37,1,0,0.405405405405,0.540540540541,0.0540540540541,37,0.153903903904,1.78928482825,11.0810810811,9.31818181818,5.85714285714,4.34855262241,0.392430358608,0.21819380356,6.09915565465,1.10082321572,0.587211601846,5.04201566062,0.910022338746,0.484377059987,0.714534543927,0.399340861023,2,1.78928482825,0.714534543927,2,0.137385762463,0.101588628763,81,0.0104247104247,0.260303417143,37,37,37,1,0,0.405405405405,0.540540540541,0.0540540540541,37,326,0.244744744745,1.73188376303,17.6216216216,14.8181818182,9.31428571429,5.26704297892,0.298896610767,0.143923064168,9.16162842706,1.03981672332,0.546343889902,7.9681234297,0.904357567175,0.478527607362,0.656216169333,0.378903124644,2,1.73188376303,0.656216169333,2,0.317127481943,0.324324324324,636,0.0818532818533,0.553388613957,37,37,37,1,0,0.405405405405,0.540540540541,0.0540540540541,-16,-0.012012012012,0.00659494491796,-0.864864864865,-0.727272727273,-0.457142857143,-0.100667176478,0.00853802048955,0.00128042152582,-0.346863115319,0.0111202699013,0.00185202962084,-0.0851899167307,0.0330926729701,0.016697356058,0.0156165990068,0.00760322192595,0,0.00659494491796,0.0156165990068,0,-0.0269439123042,-0.0522447133326,-174,-0.0223938223938,-0.0161882143929,0,0,0,326,0,16,990,0.953216374269,1,0,0.046783625731,1,0.953216374269,0.976047904192,0.968532846771,0.953216374269,0.953216374269,121,137,0,0,0,0
2395,WLNM_dir_neg,0.982404496777,0.692935529808,00:00:05,10,60,17,1238529952,threshold_sweep,0.1,0.922480620155,0.868613138686,0.894736842105,119,10,18,264,0.868613138686,0.963503649635,0.036496350365,0.131386861314,0.922480620155,0.868613138686,0.894736842105,0.931873479319,0.56204379562,0.844444444444,0.84527970127,0.832116788321,342,205,137,0,342,0,205,0,137,37,342,0.256756756757,1.72528881811,18.4864864865,15.5454545455,9.77142857143,5.36771015539,0.290358590277,0.142642642643,9.50849154237,1.02869645341,0.544491860281,8.05331334643,0.871264894205,0.461830251304,0.640599570326,0.371299902718,2,1.72528881811,0.640599570326,2,0.344071394247,0.376569037657,810,0.104247104247,0.56957682835,37,37,37,1,0,0.405405405405,0.540540540541,0.0540540540541,37,0.153903903904,1.81200569908,11.0810810811,9.31818181818,5.85714285714,4.00956064633,0.361838399791,0.200659195781,5.97492256851,1.07840065871,0.576400791035,4.97546533052,0.898010815753,0.475675675676,0.74625116743,0.411837097317,2.20439476061,1.81200569908,0.74625116743,2.20439476061,0.112958014429,0.0858607432721,67,0.00862290862291,0.262146590504,37,37,37,1,0,0.405405405405,0.540540540541,0.0540540540541,37,334,0.250750750751,1.72873497778,18.0540540541,15.1818181818,9.02702702703,5.36421240955,0.297119549631,0.145735555915,9.14538890032,1.01311194405,0.538598478718,7.88981934199,0.874021903155,0.454766143389,0.643461659772,0.372215329731,2.03333333333,1.72873497778,0.643461659772,2.03333333333,0.324008881937,0.339471041178,676,0.0870012870013,0.549510806801,37,37,37,1,0,0.405405405405,0.594594594595,0,-8,-0.00600600600601,0.00344615966684,-0.432432432432,-0.363636363636,-0.744401544402,-0.00349774584287,0.00676095935366,0.00309291327255,-0.363102642052,-0.0155845093671,-0.00589338156309,-0.163494004444,0.00275700894978,-0.00706410791504,0.00286208944581,0.000915427012874,0.0333333333333,0.00344615966684,0.00286208944581,0.0333333333333,-0.0200625123102,-0.0370979964785,-134,-0.0172458172458,-0.0200660215487,0,0.0540540540541,-0.0540540540541,324,10,18,980,0.947368421053,0.989898989899,0.010101010101,0.0526315789474,0.97005988024,0.947368421053,0.958579881657,0.944616795202,0.937267410952,0.920454545455,129,137,0,0,0,0
2396,WLNM_dir_neg,0.982404496777,0.692935529808,00:00:05,10,60,17,1238529952,threshold_sweep,0.2,0.921875,0.861313868613,0.890566037736,118,10,19,264,0.861313868613,0.963503649635,0.036496350365,0.138686131387,0.921875,0.861313868613,0.890566037736,0.929440389294,0.562854825629,0.838589981447,0.839644096317,0.824817518248,342,205,137,0,342,0,205,0,137,37,342,0.256756756757,1.72528881811,18.4864864865,15.5454545455,9.77142857143,5.36771015539,0.290358590277,0.142642642643,9.50849154237,1.02869645341,0.544491860281,8.05331334643,0.871264894205,0.461830251304,0.640599570326,0.371299902718,2,1.72528881811,0.640599570326,2,0.344071394247,0.376569037657,810,0.104247104247,0.56957682835,37,37,37,1,0,0.405405405405,0.540540540541,0.0540540540541,37,0.153903903904,1.81200569908,11.0810810811,9.31818181818,5.85714285714,4.00956064633,0.361838399791,0.200659195781,5.97492256851,1.07840065871,0.576400791035,4.97546533052,0.898010815753,0.475675675676,0.74625116743,0.411837097317,2.20439476061,1.81200569908,0.74625116743,2.20439476061,0.112958014429,0.0858607432721,67,0.00862290862291,0.262146590504,37,37,37,1,0,0.405405405405,0.540540540541,0.0540540540541,37,333,0.25,1.72754015154,18,15.1363636364,9,5.29674952736,0.294263862631,0.143657170684,9.10128196098,1.01125355122,0.537456375294,7.9092070118,0.878800779089,0.456456456456,0.642073645929,0.371669304101,2.03333333333,1.72754015154,0.642073645929,2.03333333333,0.319195658319,0.332433799966,657,0.084555984556,0.550630159702,37,37,37,1,0,0.405405405405,0.594594594595,0,-9,-0.00675675675676,0.00225133342643,-0.486486486486,-0.409090909091,-0.771428571429,-0.0709606280364,0.00390527235382,0.00101452804156,-0.407209581391,-0.0174429021944,-0.00703548498712,-0.144106334631,0.00753588488436,-0.00537379484748,0.00147407560325,0.000369401382922,0.0333333333333,0.00225133342643,0.00147407560325,0.0333333333333,-0.0248757359287,-0.0441352376906,-153,-0.0196911196911,-0.0189466686476,0,0.0540540540541,-0.0540540540541,323,10,19,980,0.944444444444,0.989898989899,0.010101010101,0.0555555555556,0.96996996997,0.944444444444,0.957037037037,0.942610618126,0.934343434343,0.917613636364,128,137,0,0,0,0
2397,WLNM_dir_neg,0.982404496777,0.692935529808,00:00:05,10,60,17,1238529952,threshold_sweep,0.3,0.921875,0.861313868613,0.890566037736,118,10,19,264,0.861313868613,0.963503649635,0.036496350365,0.138686131387,0.921875,0.861313868613,0.890566037736,0.929440389294,0.562854825629,0.838589981447,0.839644096317,0.824817518248,342,205,137,0,342,0,205,0,137,37,342,0.256756756757,1.72528881811,18.4864864865,15.5454545455,9.77142857143,5.36771015539,0.290358590277,0.142642642643,9.50849154237,1.02869645341,0.544491860281,8.05331334643,0.871264894205,0.461830251304,0.640599570326,0.371299902718,2,1.72528881811,0.640599570326,2,0.344071394247,0.376569037657,810,0.104247104247,0.56957682835,37,37,37,1,0,0.405405405405,0.540540540541,0.0540540540541,37,0.153903903904,1.81200569908,11.0810810811,9.31818181818,5.85714285714,4.00956064633,0.361838399791,0.200659195781,5.97492256851,1.07840065871,0.576400791035,4.97546533052,0.898010815753,0.475675675676,0.74625116743,0.411837097317,2.20439476061,1.81200569908,0.74625116743,2.20439476061,0.112958014429,0.0858607432721,67,0.00862290862291,0.262146590504,37,37,37,1,0,0.405405405405,0.540540540541,0.0540540540541,37,333,0.25,1.72754015154,18,15.1363636364,9,5.29674952736,0.294263862631,0.143657170684,9.10128196098,1.01125355122,0.537456375294,7.9092070118,0.878800779089,0.456456456456,0.642073645929,0.371669304101,2.03333333333,1.72754015154,0.642073645929,2.03333333333,0.319195658319,0.332433799966,657,0.084555984556,0.550630159702,37,37,37,1,0,0.405405405405,0.594594594595,0,-9,-0.00675675675676,0.00225133342643,-0.486486486486,-0.409090909091,-0.771428571429,-0.0709606280364,0.00390527235382,0.00101452804156,-0.407209581391,-0.0174429021944,-0.00703548498712,-0.144106334631,0.00753588488436,-0.00537379484748,0.00147407560325,0.000369401382922,0.0333333333333,0.00225133342643,0.00147407560325,0.0333333333333,-0.0248757359287,-0.0441352376906,-153,-0.0196911196911,-0.0189466686476,0,0.0540540540541,-0.0540540540541,323,10,19,980,0.944444444444,0.989898989899,0.010101010101,0.0555555555556,0.96996996997,0.944444444444,0.957037037037,0.942610618126,0.934343434343,0.917613636364,128,137,0,0,0,0
2398,WLNM_dir_neg,0.982404496777,0.692935529808,00:00:05,10,60,17,1238529952,threshold_sweep,0.4,0.928571428571,0.85401459854,0.889733840304,117,9,20,265,0.85401459854,0.967153284672,0.0328467153285,0.14598540146,0.928571428571,0.85401459854,0.889733840304,0.929440389294,0.564476885645,0.837988826816,0.839575617824,0.821167883212,342,205,137,0,342,0,205,0,137,37,342,0.256756756757,1.72528881811,18.4864864865,15.5454545455,9.77142857143,5.36771015539,0.290358590277,0.142642642643,9.50849154237,1.02869645341,0.544491860281,8.05331334643,0.871264894205,0.461830251304,0.640599570326,0.371299902718,2,1.72528881811,0.640599570326,2,0.344071394247,0.376569037657,810,0.104247104247,0.56957682835,37,37,37,1,0,0.405405405405,0.540540540541,0.0540540540541,37,0.153903903904,1.81200569908,11.0810810811,9.31818181818,5.85714285714,4.00956064633,0.361838399791,0.200659195781,5.97492256851,1.07840065871,0.576400791035,4.97546533052,0.898010815753,0.475675675676,0.74625116743,0.411837097317,2.20439476061,1.81200569908,0.74625116743,2.20439476061,0.112958014429,0.0858607432721,67,0.00862290862291,0.262146590504,37,37,37,1,0,0.405405405405,0.540540540541,0.0540540540541,37,331,0.248498498498,1.72706624219,17.8918918919,15.0454545455,8.94594594595,5.39950503793,0.301785024779,0.145260063689,9.09195598668,1.01632136407,0.538744182249,7.93006216154,0.886441993888,0.458397975014,0.64068033744,0.370964541943,2,1.72706624219,0.64068033744,2,0.317157003122,0.334183673469,655,0.0842985842986,0.551096300702,37,37,37,1,0,0.405405405405,0.594594594595,0,-11,-0.00825825825826,0.00177742407909,-0.594594594595,-0.5,-0.825482625483,0.0317948825389,0.0114264345016,0.00261742104642,-0.416535555698,-0.0123750893452,-0.00574767803262,-0.123251184894,0.0151770996833,-0.00343227628965,8.07671139426e-05,-0.000335360775147,0,0.00177742407909,8.07671139426e-05,0,-0.0269143911253,-0.0423853641875,-155,-0.0199485199485,-0.0184805276475,0,0.0540540540541,-0.0540540540541,322,9,20,981,0.941520467836,0.990909090909,0.00909090909091,0.0584795321637,0.972809667674,0.941520467836,0.95690936107,0.942574415077,0.932429558745,0.917378917379,126,137,0,0,0,0
2399,WLNM_dir_neg,0.982404496777,0.692935529808,00:00:05,10,60,17,1238529952,threshold_sweep,0.5,0.935483870968,0.846715328467,0.888888888889,116,8,21,266,0.846715328467,0.970802919708,0.029197080292,0.153284671533,0.935483870968,0.846715328467,0.888888888889,0.929440389294,0.566098945661,0.83738317757,0.839617012087,0.817518248175,342,205,137,0,342,0,205,0,137,37,342,0.256756756757,1.72528881811,18.4864864865,15.5454545455,9.77142857143,5.36771015539,0.290358590277,0.142642642643,9.50849154237,1.02869645341,0.544491860281,8.05331334643,0.871264894205,0.461830251304,0.640599570326,0.371299902718,2,1.72528881811,0.640599570326,2,0.344071394247,0.376569037657,810,0.104247104247,0.56957682835,37,37,37,1,0,0.405405405405,0.540540540541,0.0540540540541,37,0.153903903904,1.81200569908,11.0810810811,9.31818181818,5.85714285714,4.00956064633,0.361838399791,0.200659195781,5.97492256851,1.07840065871,0.576400791035,4.97546533052,0.898010815753,0.475675675676,0.74625116743,0.411837097317,2.20439476061,1.81200569908,0.74625116743,2.20439476061,0.112958014429,0.0858607432721,67,0.00862290862291,0.262146590504,37,37,37,1,0,0.405405405405,0.540540540541,0.0540540540541,37,329,0.246996996997,1.72519780442,17.7837837838,14.9545454545,8.89189189189,5.32361163505,0.299352022032,0.144582272242,9.0485842471,1.0176219366,0.539883348394,7.92248482269,0.89097853629,0.462498973137,0.638746512715,0.370245377706,2,1.72519780442,0.638746512715,2,0.317386712331,0.33407458091,651,0.0837837837838,0.548950032711,37,37,37,1,0,0.405405405405,0.594594594595,0,-13,-0.00975975975976,-9.10136930061e-05,-0.702702702703,-0.590909090909,-0.879536679537,-0.0440985203432,0.00899343175457,0.0019396295992,-0.459907295274,-0.0110745168108,-0.00460851188735,-0.130828523743,0.0197136420856,0.000668721833335,-0.00185305761094,-0.0010545250121,0,-9.10136930061e-05,-0.00185305761094,0,-0.0266846819165,-0.0424944567469,-159,-0.0204633204633,-0.0206267956389,0,0.0540540540541,-0.0540540540541,321,8,21,982,0.938596491228,0.991919191919,0.00808080808081,0.0614035087719,0.975683890578,0.938596491228,0.956780923994,0.942553329938,0.930515683147,0.917142857143,124,137,0,0,0,0
2400,WLNM_dir_neg,0.982404496777,0.692935529808,00:00:05,10,60,17,1238529952,threshold_sweep,0.6,0.938053097345,0.773722627737,0.848,106,7,31,267,0.773722627737,0.974452554745,0.0255474452555,0.226277372263,0.938053097345,0.773722627737,0.848,0.907542579075,0.57502027575,0.782442748092,0.78993527777,0.748175182482,342,205,137,0,342,0,205,0,137,37,342,0.256756756757,1.72528881811,18.4864864865,15.5454545455,9.77142857143,5.36771015539,0.290358590277,0.142642642643,9.50849154237,1.02869645341,0.544491860281,8.05331334643,0.871264894205,0.461830251304,0.640599570326,0.371299902718,2,1.72528881811,0.640599570326,2,0.344071394247,0.376569037657,810,0.104247104247,0.56957682835,37,37,37,1,0,0.405405405405,0.540540540541,0.0540540540541,37,0.153903903904,1.81200569908,11.0810810811,9.31818181818,5.85714285714,4.00956064633,0.361838399791,0.200659195781,5.97492256851,1.07840065871,0.576400791035,4.97546533052,0.898010815753,0.475675675676,0.74625116743,0.411837097317,2.20439476061,1.81200569908,0.74625116743,2.20439476061,0.112958014429,0.0858607432721,67,0.00862290862291,0.262146590504,37,37,37,1,0,0.405405405405,0.540540540541,0.0540540540541,37,318,0.238738738739,1.72804785122,17.1891891892,14.4545454545,8.83333333333,5.36365255854,0.312036390984,0.155022947476,8.89899950512,1.03541818141,0.550569437362,7.60650109175,0.885033145896,0.463708992011,0.640589733967,0.370701386257,2,1.72804785122,0.640589733967,2,0.317646338231,0.330858384643,609,0.0783783783784,0.510208003974,37,37,37,1,0,0.405405405405,0.567567567568,0.027027027027,-24,-0.018018018018,0.00275903310938,-1.2972972973,-1.09090909091,-0.938095238095,-0.00405759684993,0.0216778007073,0.0123803048331,-0.609492037251,0.00672172799896,0.00607757708056,-0.44681225468,0.0137682516911,0.00187874070694,-9.83635904794e-06,-0.000598516460885,0,0.00275903310938,-9.83635904794e-06,0,-0.0264250560161,-0.0457106530137,-201,-0.0258687258687,-0.0593688243764,0,0.027027027027,-0.027027027027,311,7,31,983,0.909356725146,0.992929292929,0.00707070707071,0.0906432748538,0.977987421384,0.909356725146,0.942424242424,0.924575413442,0.902286018075,0.89111747851,113,137,0,0,0,0
2401,WLNM_dir_neg,0.982404496777,0.692935529808,00:00:05,10,60,17,1238529952,threshold_sweep,0.7,0.946428571429,0.773722627737,0.85140562249,106,6,31,268,0.773722627737,0.978102189781,0.021897810219,0.226277372263,0.946428571429,0.773722627737,0.85140562249,0.9099756691,0.575831305758,0.78776290631,0.795990009709,0.751824817518,342,205,137,0,342,0,205,0,137,37,342,0.256756756757,1.72528881811,18.4864864865,15.5454545455,9.77142857143,5.36771015539,0.290358590277,0.142642642643,9.50849154237,1.02869645341,0.544491860281,8.05331334643,0.871264894205,0.461830251304,0.640599570326,0.371299902718,2,1.72528881811,0.640599570326,2,0.344071394247,0.376569037657,810,0.104247104247,0.56957682835,37,37,37,1,0,0.405405405405,0.540540540541,0.0540540540541,37,0.153903903904,1.81200569908,11.0810810811,9.31818181818,5.85714285714,4.00956064633,0.361838399791,0.200659195781,5.97492256851,1.07840065871,0.576400791035,4.97546533052,0.898010815753,0.475675675676,0.74625116743,0.411837097317,2.20439476061,1.81200569908,0.74625116743,2.20439476061,0.112958014429,0.0858607432721,67,0.00862290862291,0.262146590504,37,37,37,1,0,0.405405405405,0.540540540541,0.0540540540541,37,317,0.237987987988,1.72616962344,17.1351351351,14.4090909091,9.05714285714,5.26604512241,0.307324399888,0.152698439765,8.86171710393,1.03433291118,0.549748486657,7.63595493752,0.891262879142,0.468070594254,0.638614828251,0.36996064557,2,1.72616962344,0.638614828251,2,0.317646338231,0.330858384643,609,0.0783783783784,0.51247403007,37,37,37,1,0,0.405405405405,0.540540540541,0.0540540540541,-25,-0.0187687687688,0.000880805324738,-1.35135135135,-1.13636363636,-0.714285714286,-0.101665032986,0.016965809611,0.010055797122,-0.646774438448,0.00563645776909,0.00525662637567,-0.417358408916,0.0199979849376,0.00624034294962,-0.00198474207504,-0.00133925714776,0,0.000880805324738,-0.00198474207504,0,-0.0264250560161,-0.0457106530137,-201,-0.0258687258687,-0.0571027982797,0,0,0,311,6,31,984,0.909356725146,0.993939393939,0.00606060606061,0.0906432748538,0.981072555205,0.909356725146,0.943854324734,0.926612474167,0.903296119086,0.89367816092,112,137,0,0,0,0
2402,WLNM_dir_neg,0.982404496777,0.692935529808,00:00:05,10,60,17,1238529952,threshold_sweep,0.8,0.945945945946,0.766423357664,0.846774193548,105,6,32,268,0.766423357664,0.978102189781,0.021897810219,0.233576642336,0.945945945946,0.766423357664,0.846774193548,0.907542579075,0.576642335766,0.781609195402,0.790483943458,0.744525547445,342,205,137,0,342,0,205,0,137,37,342,0.256756756757,1.72528881811,18.4864864865,15.5454545455,9.77142857143,5.36771015539,0.290358590277,0.142642642643,9.50849154237,1.02869645341,0.544491860281,8.05331334643,0.871264894205,0.461830251304,0.640599570326,0.371299902718,2,1.72528881811,0.640599570326,2,0.344071394247,0.376569037657,810,0.104247104247,0.56957682835,37,37,37,1,0,0.405405405405,0.540540540541,0.0540540540541,37,0.153903903904,1.81200569908,11.0810810811,9.31818181818,5.85714285714,4.00956064633,0.361838399791,0.200659195781,5.97492256851,1.07840065871,0.576400791035,4.97546533052,0.898010815753,0.475675675676,0.74625116743,0.411837097317,2.20439476061,1.81200569908,0.74625116743,2.20439476061,0.112958014429,0.0858607432721,67,0.00862290862291,0.262146590504,37,37,37,1,0,0.405405405405,0.540540540541,0.0540540540541,37,316,0.237237237237,1.72495981693,17.0810810811,14.3636363636,9.02857142857,5.23544744123,0.306505625515,0.151385562778,8.83048568752,1.03394927354,0.549093397195,7.65431829679,0.89623347146,0.469722887444,0.637393507133,0.369512090008,2,1.72495981693,0.637393507133,2,0.311998214332,0.324398249453,593,0.0763191763192,0.513918026609,37,37,37,1,0,0.405405405405,0.540540540541,0.0540540540541,-26,-0.0195195195195,-0.000329001186512,-1.40540540541,-1.18181818182,-0.742857142857,-0.132262714161,0.0161470352381,0.00874292013533,-0.678005854856,0.00525282012381,0.00460153691333,-0.398995049643,0.0249685772548,0.00789263614047,-0.00320606319306,-0.00178781270975,0,-0.000329001186512,-0.00320606319306,0,-0.032073179915,-0.0521707882039,-217,-0.0279279279279,-0.0556588017404,0,0,0,310,6,32,984,0.906432748538,0.993939393939,0.00606060606061,0.093567251462,0.981012658228,0.906432748538,0.942249240122,0.924617916315,0.900372142477,0.890804597701,111,137,0,0,0,0
2403,WLNM_dir_neg,0.982404496777,0.692935529808,00:00:05,10,60,17,1238529952,threshold_sweep,0.9,0.954545454545,0.766423357664,0.85020242915,105,5,32,269,0.766423357664,0.981751824818,0.0182481751825,0.233576642336,0.954545454545,0.766423357664,0.85020242915,0.9099756691,0.577453365775,0.786948176583,0.7966347977,0.748175182482,342,205,137,0,342,0,205,0,137,37,342,0.256756756757,1.72528881811,18.4864864865,15.5454545455,9.77142857143,5.36771015539,0.290358590277,0.142642642643,9.50849154237,1.02869645341,0.544491860281,8.05331334643,0.871264894205,0.461830251304,0.640599570326,0.371299902718,2,1.72528881811,0.640599570326,2,0.344071394247,0.376569037657,810,0.104247104247,0.56957682835,37,37,37,1,0,0.405405405405,0.540540540541,0.0540540540541,37,0.153903903904,1.81200569908,11.0810810811,9.31818181818,5.85714285714,4.00956064633,0.361838399791,0.200659195781,5.97492256851,1.07840065871,0.576400791035,4.97546533052,0.898010815753,0.475675675676,0.74625116743,0.411837097317,2.20439476061,1.81200569908,0.74625116743,2.20439476061,0.112958014429,0.0858607432721,67,0.00862290862291,0.262146590504,37,37,37,1,0,0.405405405405,0.540540540541,0.0540540540541,37,315,0.236486486486,1.72292635742,17.027027027,14.3181818182,9,5.18805511882,0.304695300629,0.150750750751,8.80852371797,1.03465199227,0.548948948949,7.67253985769,0.901218967411,0.471214071214,0.635444430652,0.368816942127,2,1.72292635742,0.635444430652,2,0.307864635768,0.319125482271,579,0.0745173745174,0.515527805439,37,37,37,1,0,0.405405405405,0.540540540541,0.0540540540541,-27,-0.0202702702703,-0.00236246069936,-1.45945945946,-1.22727272727,-0.771428571429,-0.179655036573,0.014336710352,0.00810810810811,-0.699967824402,0.00595553885502,0.00445708866761,-0.380773488743,0.0299540732065,0.00938381991014,-0.00515513967383,-0.00248296059061,0,-0.00236246069936,-0.00515513967383,0,-0.0362067584792,-0.0574435553861,-231,-0.0297297297297,-0.0540490229114,0,0,0,310,5,32,985,0.906432748538,0.994949494949,0.00505050505051,0.093567251462,0.984126984127,0.906432748538,0.943683409437,0.926667422724,0.901382243488,0.893371757925,110,137,0,0,0,0
2404,WLNM_dir_neg,0.965328467153,0.504098413691,00:00:05,10,60,18,1238529953,threshold_sweep,0.1,0.910447761194,0.890510948905,0.90036900369,122,12,15,262,0.890510948905,0.956204379562,0.043795620438,0.109489051095,0.910447761194,0.890510948905,0.90036900369,0.934306569343,0.55798864558,0.851376146789,0.851492257513,0.846715328467,342,205,137,0,342,0,205,0,137,37,342,0.256756756757,1.72528881811,18.4864864865,15.5454545455,9.77142857143,5.36771015539,0.290358590277,0.142642642643,9.50849154237,1.02869645341,0.544491860281,8.05331334643,0.871264894205,0.461830251304,0.640599570326,0.371299902718,2,1.72528881811,0.640599570326,2,0.344071394247,0.376569037657,810,0.104247104247,0.56957682835,37,37,37,1,0,0.405405405405,0.540540540541,0.0540540540541,37,0.153903903904,1.78858078786,11.0810810811,9.31818181818,5.85714285714,3.95374912357,0.356801750176,0.198549769281,6.11734598678,1.10410634883,0.588793671721,4.96428687166,0.895993240251,0.481212920237,0.707453434158,0.395538987649,2,1.78858078786,0.707453434158,2,0.128155919332,0.0899742930591,70,0.00900900900901,0.257184972013,37,37,37,1,0,0.405405405405,0.540540540541,0.0540540540541,37,339,0.254504504505,1,18.3243243243,14.7391304348,9.16216216216,4.77873794389,0.260786583958,0.12389380531,9.08757856,0.991859606843,0.530813999841,7.96001644859,0.868792355746,0.454915092083,0,0,0,NaN,NaN,NaN,0.315717880428,0.32822540781,664,0.0854568854569,0.511380794472,37,37,0,1,2,0.378378378378,0.621621621622,0,-3,-0.00225225225225,-0.725288818115,-0.162162162162,-0.806324110672,-0.609266409266,-0.588972211507,-0.0295720063187,-0.0187488373329,-0.42091298238,-0.0368368465717,-0.0136778604408,-0.0932968978418,-0.0024725384588,-0.0069151592207,-0.640599570326,-0.371299902718,-2,NaN,NaN,NaN,-0.0283535138196,-0.0483436298467,-146,-0.0187902187902,-0.0581960338777,-0.027027027027,0.0810810810811,-0.0540540540541,327,12,15,978,0.956140350877,0.987878787879,0.0121212121212,0.0438596491228,0.964601769912,0.956140350877,0.960352422907,0.946753623832,0.944019138756,0.923728813559,134,137,0,0,0,0
2405,WLNM_dir_neg,0.965328467153,0.504098413691,00:00:05,10,60,18,1238529953,threshold_sweep,0.2,0.916666666667,0.883211678832,0.899628252788,121,11,16,263,0.883211678832,0.959854014599,0.0401459854015,0.116788321168,0.916666666667,0.883211678832,0.899628252788,0.934306569343,0.559610705596,0.850828729282,0.851153549949,0.843065693431,342,205,137,0,342,0,205,0,137,37,342,0.256756756757,1.72528881811,18.4864864865,15.5454545455,9.77142857143,5.36771015539,0.290358590277,0.142642642643,9.50849154237,1.02869645341,0.544491860281,8.05331334643,0.871264894205,0.461830251304,0.640599570326,0.371299902718,2,1.72528881811,0.640599570326,2,0.344071394247,0.376569037657,810,0.104247104247,0.56957682835,37,37,37,1,0,0.405405405405,0.540540540541,0.0540540540541,37,0.153903903904,1.78858078786,11.0810810811,9.31818181818,5.85714285714,3.95374912357,0.356801750176,0.198549769281,6.11734598678,1.10410634883,0.588793671721,4.96428687166,0.895993240251,0.481212920237,0.707453434158,0.395538987649,2,1.78858078786,0.707453434158,2,0.128155919332,0.0899742930591,70,0.00900900900901,0.257184972013,37,37,37,1,0,0.405405405405,0.540540540541,0.0540540540541,37,337,0.253003003003,1.73816742479,18.2162162162,15.3181818182,9.10810810811,4.7733934769,0.262040888198,0.124629080119,9.06698462612,0.99548495895,0.531718662282,7.96095954498,0.874051938173,0.456812895982,0.652840574668,0.375591306888,2,1.73816742479,0.652840574668,2,0.311563327477,0.322318166722,647,0.083268983269,0.552578961863,37,37,37,1,0,0.405405405405,0.594594594595,0,-5,-0.00375375375375,0.0128786066773,-0.27027027027,-0.227272727273,-0.66332046332,-0.594316678496,-0.0283177020795,-0.0180135625239,-0.441506916259,-0.0332114944645,-0.0127731979989,-0.0923538014499,0.00278704396848,-0.0050173553219,0.0122410043422,0.00429140417048,0,0.0128786066773,0.0122410043422,0,-0.0325080667708,-0.0542508709349,-163,-0.0209781209781,-0.0169978664865,0,0.0540540540541,-0.0540540540541,326,11,16,979,0.953216374269,0.988888888889,0.0111111111111,0.046783625731,0.967359050445,0.953216374269,0.960235640648,0.946680844541,0.942105263158,0.923512747875,132,137,0,0,0,0
2406,WLNM_dir_neg,0.965328467153,0.504098413691,00:00:05,10,60,18,1238529953,threshold_sweep,0.3,0.930769230769,0.883211678832,0.906367041199,121,9,16,265,0.883211678832,0.967153284672,0.0328467153285,0.116788321168,0.930769230769,0.883211678832,0.906367041199,0.939172749392,0.561232765612,0.861367837338,0.862017508871,0.850364963504,342,205,137,0,342,0,205,0,137,37,342,0.256756756757,1.72528881811,18.4864864865,15.5454545455,9.77142857143,5.36771015539,0.290358590277,0.142642642643,9.50849154237,1.02869645341,0.544491860281,8.05331334643,0.871264894205,0.461830251304,0.640599570326,0.371299902718,2,1.72528881811,0.640599570326,2,0.344071394247,0.376569037657,810,0.104247104247,0.56957682835,37,37,37,1,0,0.405405405405,0.540540540541,0.0540540540541,37,0.153903903904,1.78858078786,11.0810810811,9.31818181818,5.85714285714,3.95374912357,0.356801750176,0.198549769281,6.11734598678,1.10410634883,0.588793671721,4.96428687166,0.895993240251,0.481212920237,0.707453434158,0.395538987649,2,1.78858078786,0.707453434158,2,0.128155919332,0.0899742930591,70,0.00900900900901,0.257184972013,37,37,37,1,0,0.405405405405,0.540540540541,0.0540540540541,37,335,0.251501501502,1.73575501105,18.1081081081,15.2272727273,9.05405405405,4.6534562053,0.256981909845,0.121984671238,8.98129521081,0.991963948656,0.529568374344,8.01368948857,0.885094062917,0.463574021783,0.650080968327,0.374523457624,2,1.73575501105,0.650080968327,2,0.306290154345,0.316555183946,631,0.0812097812098,0.556054456063,37,37,37,1,0,0.405405405405,0.594594594595,0,-7,-0.00525525525526,0.010466192936,-0.378378378378,-0.318181818182,-0.717374517375,-0.714253950092,-0.0333766804321,-0.0206579714042,-0.527196331568,-0.0367325047585,-0.0149234859368,-0.0396238578641,0.0138291687118,0.00174377047904,0.00948139800074,0.00322355490616,0,0.010466192936,0.00948139800074,0,-0.0377812399023,-0.0600138537104,-179,-0.0230373230373,-0.0135223722869,0,0.0540540540541,-0.0540540540541,326,9,16,981,0.953216374269,0.990909090909,0.00909090909091,0.046783625731,0.973134328358,0.953216374269,0.963072378139,0.950583735719,0.944125465178,0.928774928775,130,137,0,0,0,0
2407,WLNM_dir_neg,0.965328467153,0.504098413691,00:00:05,10,60,18,1238529953,threshold_sweep,0.4,0.937984496124,0.883211678832,0.90977443609,121,8,16,266,0.883211678832,0.970802919708,0.029197080292,0.116788321168,0.937984496124,0.883211678832,0.90977443609,0.941605839416,0.56204379562,0.866666666667,0.867523903935,0.85401459854,342,205,137,0,342,0,205,0,137,37,342,0.256756756757,1.72528881811,18.4864864865,15.5454545455,9.77142857143,5.36771015539,0.290358590277,0.142642642643,9.50849154237,1.02869645341,0.544491860281,8.05331334643,0.871264894205,0.461830251304,0.640599570326,0.371299902718,2,1.72528881811,0.640599570326,2,0.344071394247,0.376569037657,810,0.104247104247,0.56957682835,37,37,37,1,0,0.405405405405,0.540540540541,0.0540540540541,37,0.153903903904,1.78858078786,11.0810810811,9.31818181818,5.85714285714,3.95374912357,0.356801750176,0.198549769281,6.11734598678,1.10410634883,0.588793671721,4.96428687166,0.895993240251,0.481212920237,0.707453434158,0.395538987649,2,1.78858078786,0.707453434158,2,0.128155919332,0.0899742930591,70,0.00900900900901,0.257184972013,37,37,37,1,0,0.405405405405,0.540540540541,0.0540540540541,37,334,0.250750750751,1.73403799594,18.0540540541,15.1818181818,9.02702702703,4.56402567152,0.252797829111,0.119517721314,8.94267697457,0.990655832512,0.528564492636,8.0397847072,0.890634832834,0.466742191293,0.648250348485,0.373838606767,2,1.73403799594,0.648250348485,2,0.306290154345,0.316555183946,631,0.0812097812098,0.557945931819,37,37,37,1,0,0.405405405405,0.594594594595,0,-8,-0.00600600600601,0.00874917782667,-0.432432432432,-0.363636363636,-0.744401544402,-0.803684483869,-0.0375607611658,-0.0231249213285,-0.565814567807,-0.0380406209028,-0.015927367645,-0.0135286392335,0.0193699386287,0.00491193998915,0.00765077815855,0.00253870404971,0,0.00874917782667,0.00765077815855,0,-0.0377812399023,-0.0600138537104,-179,-0.0230373230373,-0.0116308965309,0,0.0540540540541,-0.0540540540541,326,8,16,982,0.953216374269,0.991919191919,0.00808080808081,0.046783625731,0.976047904192,0.953216374269,0.96449704142,0.952546646914,0.945135566188,0.931428571429,129,137,0,0,0,0
2408,WLNM_dir_neg,0.965328467153,0.504098413691,00:00:05,10,60,18,1238529953,threshold_sweep,0.5,0.952755905512,0.883211678832,0.916666666667,121,6,16,268,0.883211678832,0.978102189781,0.021897810219,0.116788321168,0.952755905512,0.883211678832,0.916666666667,0.946472019465,0.563665855637,0.877323420074,0.878690588221,0.861313868613,342,205,137,0,342,0,205,0,137,37,342,0.256756756757,1.72528881811,18.4864864865,15.5454545455,9.77142857143,5.36771015539,0.290358590277,0.142642642643,9.50849154237,1.02869645341,0.544491860281,8.05331334643,0.871264894205,0.461830251304,0.640599570326,0.371299902718,2,1.72528881811,0.640599570326,2,0.344071394247,0.376569037657,810,0.104247104247,0.56957682835,37,37,37,1,0,0.405405405405,0.540540540541,0.0540540540541,37,0.153903903904,1.78858078786,11.0810810811,9.31818181818,5.85714285714,3.95374912357,0.356801750176,0.198549769281,6.11734598678,1.10410634883,0.588793671721,4.96428687166,0.895993240251,0.481212920237,0.707453434158,0.395538987649,2,1.78858078786,0.707453434158,2,0.128155919332,0.0899742930591,70,0.00900900900901,0.257184972013,37,37,37,1,0,0.405405405405,0.540540540541,0.0540540540541,37,332,0.249249249249,1.73188991378,17.9459459459,15.0909090909,8.97297297297,4.52122123341,0.251935520536,0.119505047216,8.87407737454,0.988978502584,0.526864213611,8.09144433778,0.901757350898,0.472647346141,0.646118096422,0.373071112246,2,1.73188991378,0.646118096422,2,0.294881133123,0.30533446232,601,0.0773487773488,0.562430744344,37,37,37,1,0,0.405405405405,0.594594594595,0,-10,-0.00750750750751,0.00660109566468,-0.540540540541,-0.454545454545,-0.798455598456,-0.846488921983,-0.0384230697407,-0.0231375954268,-0.634414167839,-0.039717950831,-0.0176276466701,0.0381309913507,0.0304924566928,0.0108170948374,0.00551852609597,0.00177120952864,0,0.00660109566468,0.00551852609597,0,-0.0491902611243,-0.0712345753368,-209,-0.0268983268983,-0.0071460840059,0,0.0540540540541,-0.0540540540541,326,6,16,984,0.953216374269,0.993939393939,0.00606060606061,0.046783625731,0.981927710843,0.953216374269,0.967359050445,0.956495688959,0.947155768208,0.936781609195,127,137,0,0,0,0
2409,WLNM_dir_neg,0.965328467153,0.504098413691,00:00:05,10,60,18,1238529953,threshold_sweep,0.6,0.952755905512,0.883211678832,0.916666666667,121,6,16,268,0.883211678832,0.978102189781,0.021897810219,0.116788321168,0.952755905512,0.883211678832,0.916666666667,0.946472019465,0.563665855637,0.877323420074,0.878690588221,0.861313868613,342,205,137,0,342,0,205,0,137,37,342,0.256756756757,1.72528881811,18.4864864865,15.5454545455,9.77142857143,5.36771015539,0.290358590277,0.142642642643,9.50849154237,1.02869645341,0.544491860281,8.05331334643,0.871264894205,0.461830251304,0.640599570326,0.371299902718,2,1.72528881811,0.640599570326,2,0.344071394247,0.376569037657,810,0.104247104247,0.56957682835,37,37,37,1,0,0.405405405405,0.540540540541,0.0540540540541,37,0.153903903904,1.78858078786,11.0810810811,9.31818181818,5.85714285714,3.95374912357,0.356801750176,0.198549769281,6.11734598678,1.10410634883,0.588793671721,4.96428687166,0.895993240251,0.481212920237,0.707453434158,0.395538987649,2,1.78858078786,0.707453434158,2,0.128155919332,0.0899742930591,70,0.00900900900901,0.257184972013,37,37,37,1,0,0.405405405405,0.540540540541,0.0540540540541,37,332,0.249249249249,1.73188991378,17.9459459459,15.0909090909,8.97297297297,4.52122123341,0.251935520536,0.119505047216,8.87407737454,0.988978502584,0.526864213611,8.09144433778,0.901757350898,0.472647346141,0.646118096422,0.373071112246,2,1.73188991378,0.646118096422,2,0.294881133123,0.30533446232,601,0.0773487773488,0.562430744344,37,37,37,1,0,0.405405405405,0.594594594595,0,-10,-0.00750750750751,0.00660109566468,-0.540540540541,-0.454545454545,-0.798455598456,-0.846488921983,-0.0384230697407,-0.0231375954268,-0.634414167839,-0.039717950831,-0.0176276466701,0.0381309913507,0.0304924566928,0.0108170948374,0.00551852609597,0.00177120952864,0,0.00660109566468,0.00551852609597,0,-0.0491902611243,-0.0712345753368,-209,-0.0268983268983,-0.0071460840059,0,0.0540540540541,-0.0540540540541,326,6,16,984,0.953216374269,0.993939393939,0.00606060606061,0.046783625731,0.981927710843,0.953216374269,0.967359050445,0.956495688959,0.947155768208,0.936781609195,127,137,0,0,0,0
2410,WLNM_dir_neg,0.965328467153,0.504098413691,00:00:05,10,60,18,1238529953,threshold_sweep,0.7,0.952755905512,0.883211678832,0.916666666667,121,6,16,268,0.883211678832,0.978102189781,0.021897810219,0.116788321168,0.952755905512,0.883211678832,0.916666666667,0.946472019465,0.563665855637,0.877323420074,0.878690588221,0.861313868613,342,205,137,0,342,0,205,0,137,37,342,0.256756756757,1.72528881811,18.4864864865,15.5454545455,9.77142857143,5.36771015539,0.290358590277,0.142642642643,9.50849154237,1.02869645341,0.544491860281,8.05331334643,0.871264894205,0.461830251304,0.640599570326,0.371299902718,2,1.72528881811,0.640599570326,2,0.344071394247,0.376569037657,810,0.104247104247,0.56957682835,37,37,37,1,0,0.405405405405,0.540540540541,0.0540540540541,37,0.153903903904,1.78858078786,11.0810810811,9.31818181818,5.85714285714,3.95374912357,0.356801750176,0.198549769281,6.11734598678,1.10410634883,0.588793671721,4.96428687166,0.895993240251,0.481212920237,0.707453434158,0.395538987649,2,1.78858078786,0.707453434158,2,0.128155919332,0.0899742930591,70,0.00900900900901,0.257184972013,37,37,37,1,0,0.405405405405,0.540540540541,0.0540540540541,37,332,0.249249249249,1.73188991378,17.9459459459,15.0909090909,8.97297297297,4.52122123341,0.251935520536,0.119505047216,8.87407737454,0.988978502584,0.526864213611,8.09144433778,0.901757350898,0.472647346141,0.646118096422,0.373071112246,2,1.73188991378,0.646118096422,2,0.294881133123,0.30533446232,601,0.0773487773488,0.562430744344,37,37,37,1,0,0.405405405405,0.594594594595,0,-10,-0.00750750750751,0.00660109566468,-0.540540540541,-0.454545454545,-0.798455598456,-0.846488921983,-0.0384230697407,-0.0231375954268,-0.634414167839,-0.039717950831,-0.0176276466701,0.0381309913507,0.0304924566928,0.0108170948374,0.00551852609597,0.00177120952864,0,0.00660109566468,0.00551852609597,0,-0.0491902611243,-0.0712345753368,-209,-0.0268983268983,-0.0071460840059,0,0.0540540540541,-0.0540540540541,326,6,16,984,0.953216374269,0.993939393939,0.00606060606061,0.046783625731,0.981927710843,0.953216374269,0.967359050445,0.956495688959,0.947155768208,0.936781609195,127,137,0,0,0,0
2411,WLNM_dir_neg,0.965328467153,0.504098413691,00:00:05,10,60,18,1238529953,threshold_sweep,0.8,0.960317460317,0.883211678832,0.920152091255,121,5,16,269,0.883211678832,0.981751824818,0.0182481751825,0.116788321168,0.960317460317,0.883211678832,0.920152091255,0.948905109489,0.564476885645,0.882681564246,0.884352984108,0.86496350365,342,205,137,0,342,0,205,0,137,37,342,0.256756756757,1.72528881811,18.4864864865,15.5454545455,9.77142857143,5.36771015539,0.290358590277,0.142642642643,9.50849154237,1.02869645341,0.544491860281,8.05331334643,0.871264894205,0.461830251304,0.640599570326,0.371299902718,2,1.72528881811,0.640599570326,2,0.344071394247,0.376569037657,810,0.104247104247,0.56957682835,37,37,37,1,0,0.405405405405,0.540540540541,0.0540540540541,37,0.153903903904,1.78858078786,11.0810810811,9.31818181818,5.85714285714,3.95374912357,0.356801750176,0.198549769281,6.11734598678,1.10410634883,0.588793671721,4.96428687166,0.895993240251,0.481212920237,0.707453434158,0.395538987649,2,1.78858078786,0.707453434158,2,0.128155919332,0.0899742930591,70,0.00900900900901,0.257184972013,37,37,37,1,0,0.405405405405,0.540540540541,0.0540540540541,37,331,0.248498498498,1.72600513592,17.8918918919,15.0454545455,9.19444444444,4.61148194898,0.257741438236,0.122070711195,8.89427389437,0.994223970066,0.528619253695,8.12043357472,0.907722182068,0.47701477913,0.637910044692,0.369587570406,2,1.72600513592,0.637910044692,2,0.293811301171,0.305352591334,599,0.0770913770914,0.564094001155,37,37,37,1,0,0.405405405405,0.567567567568,0.027027027027,-11,-0.00825825825826,0.000716317802312,-0.594594594595,-0.5,-0.576984126984,-0.756228206414,-0.0326171520411,-0.0205719314481,-0.614217648003,-0.0344724833491,-0.0158726065866,0.0671202282859,0.0364572878635,0.0151845278256,-0.00268952563424,-0.00171233231179,0,0.000716317802312,-0.00268952563424,0,-0.0502600930764,-0.071216446323,-211,-0.0271557271557,-0.00548282719465,0,0.027027027027,-0.027027027027,326,5,16,985,0.953216374269,0.994949494949,0.00505050505051,0.046783625731,0.984894259819,0.953216374269,0.968796433878,0.958481936992,0.948165869219,0.939481268012,126,137,0,0,0,0
2412,WLNM_dir_neg,0.965328467153,0.504098413691,00:00:05,10,60,18,1238529953,threshold_sweep,0.9,0.960317460317,0.883211678832,0.920152091255,121,5,16,269,0.883211678832,0.981751824818,0.0182481751825,0.116788321168,0.960317460317,0.883211678832,0.920152091255,0.948905109489,0.564476885645,0.882681564246,0.884352984108,0.86496350365,342,205,137,0,342,0,205,0,137,37,342,0.256756756757,1.72528881811,18.4864864865,15.5454545455,9.77142857143,5.36771015539,0.290358590277,0.142642642643,9.50849154237,1.02869645341,0.544491860281,8.05331334643,0.871264894205,0.461830251304,0.640599570326,0.371299902718,2,1.72528881811,0.640599570326,2,0.344071394247,0.376569037657,810,0.104247104247,0.56957682835,37,37,37,1,0,0.405405405405,0.540540540541,0.0540540540541,37,0.153903903904,1.78858078786,11.0810810811,9.31818181818,5.85714285714,3.95374912357,0.356801750176,0.198549769281,6.11734598678,1.10410634883,0.588793671721,4.96428687166,0.895993240251,0.481212920237,0.707453434158,0.395538987649,2,1.78858078786,0.707453434158,2,0.128155919332,0.0899742930591,70,0.00900900900901,0.257184972013,37,37,37,1,0,0.405405405405,0.540540540541,0.0540540540541,37,331,0.248498498498,1.72600513592,17.8918918919,15.0454545455,9.19444444444,4.61148194898,0.257741438236,0.122070711195,8.89427389437,0.994223970066,0.528619253695,8.12043357472,0.907722182068,0.47701477913,0.637910044692,0.369587570406,2,1.72600513592,0.637910044692,2,0.293811301171,0.305352591334,599,0.0770913770914,0.564094001155,37,37,37,1,0,0.405405405405,0.567567567568,0.027027027027,-11,-0.00825825825826,0.000716317802312,-0.594594594595,-0.5,-0.576984126984,-0.756228206414,-0.0326171520411,-0.0205719314481,-0.614217648003,-0.0344724833491,-0.0158726065866,0.0671202282859,0.0364572878635,0.0151845278256,-0.00268952563424,-0.00171233231179,0,0.000716317802312,-0.00268952563424,0,-0.0502600930764,-0.071216446323,-211,-0.0271557271557,-0.00548282719465,0,0.027027027027,-0.027027027027,326,5,16,985,0.953216374269,0.994949494949,0.00505050505051,0.046783625731,0.984894259819,0.953216374269,0.968796433878,0.958481936992,0.948165869219,0.939481268012,126,137,0,0,0,0
2413,WLNM_dir_neg,0.988331823752,0.955588069128,00:00:04,10,60,19,1238529954,threshold_sweep,0.1,0.93984962406,0.912408759124,0.925925925926,125,8,12,266,0.912408759124,0.970802919708,0.029197080292,0.0875912408759,0.93984962406,0.912408759124,0.925925925926,0.951338199513,0.558799675588,0.889705882353,0.889922423128,0.883211678832,342,205,137,0,342,0,205,0,137,37,342,0.256756756757,1.72528881811,18.4864864865,15.5454545455,9.77142857143,5.36771015539,0.290358590277,0.142642642643,9.50849154237,1.02869645341,0.544491860281,8.05331334643,0.871264894205,0.461830251304,0.640599570326,0.371299902718,2,1.72528881811,0.640599570326,2,0.344071394247,0.376569037657,810,0.104247104247,0.56957682835,37,37,37,1,0,0.405405405405,0.540540540541,0.0540540540541,37,0.153903903904,1.81541750083,11.0810810811,9.31818181818,5.85714285714,4.36130955345,0.393581593848,0.215161502966,6.09915565465,1.10082321572,0.586420566908,4.85108575816,0.875561819766,0.471193144364,0.745650221222,0.410732088283,2.07118181818,1.81541750083,0.745650221222,2.07118181818,0.148340038665,0.11417816813,91,0.0117117117117,0.252116056574,37,37,37,1,0,0.405405405405,0.540540540541,0.0540540540541,37,338,0.253753753754,2.1964195158,18.2702702703,13.52,9.38888888889,5.02575947079,0.275078550916,0.133615864385,9.03745958086,0.989307705597,0.528706221014,8.19268699024,0.896832599524,0.471453702223,0.893894545594,0.406978056408,2.58333333333,2.1964195158,0.893894545594,2.58333333333,0.321533222539,0.325004109814,659,0.0848133848134,0.455288246878,37,37,37,1,0,0.324324324324,0.648648648649,0.027027027027,-4,-0.003003003003,0.47113069768,-0.216216216216,-2.02545454545,-0.38253968254,-0.341950684601,-0.015280039361,-0.00902677825755,-0.471031961515,-0.0393887478177,-0.0157856392674,0.13937364381,0.0255677053189,0.009623450919,0.253294975268,0.0356781536899,0.583333333333,0.47113069768,0.253294975268,0.583333333333,-0.022538171708,-0.0515649278427,-151,-0.0194337194337,-0.114288581472,-0.0810810810811,0.108108108108,-0.027027027027,330,8,12,982,0.964912280702,0.991919191919,0.00808080808081,0.0350877192982,0.976331360947,0.964912280702,0.970588235294,0.960538020318,0.956831472621,0.942857142857,133,137,0,0,0,0
2414,WLNM_dir_neg,0.988331823752,0.955588069128,00:00:04,10,60,19,1238529954,threshold_sweep,0.2,0.946153846154,0.897810218978,0.921348314607,123,7,14,267,0.897810218978,0.974452554745,0.0255474452555,0.102189781022,0.946153846154,0.897810218978,0.921348314607,0.948905109489,0.561232765612,0.883548983364,0.884215384636,0.872262773723,342,205,137,0,342,0,205,0,137,37,342,0.256756756757,1.72528881811,18.4864864865,15.5454545455,9.77142857143,5.36771015539,0.290358590277,0.142642642643,9.50849154237,1.02869645341,0.544491860281,8.05331334643,0.871264894205,0.461830251304,0.640599570326,0.371299902718,2,1.72528881811,0.640599570326,2,0.344071394247,0.376569037657,810,0.104247104247,0.56957682835,37,37,37,1,0,0.405405405405,0.540540540541,0.0540540540541,37,0.153903903904,1.81541750083,11.0810810811,9.31818181818,5.85714285714,4.36130955345,0.393581593848,0.215161502966,6.09915565465,1.10082321572,0.586420566908,4.85108575816,0.875561819766,0.471193144364,0.745650221222,0.410732088283,2.07118181818,1.81541750083,0.745650221222,2.07118181818,0.148340038665,0.11417816813,91,0.0117117117117,0.252116056574,37,37,37,1,0,0.405405405405,0.540540540541,0.0540540540541,37,335,0.251501501502,2.21023076597,18.1081081081,13.4,9.30555555556,5.08693197093,0.280920123768,0.133602258975,8.9689152879,0.990596613887,0.528277531263,8.1987327813,0.905531680323,0.473739411053,0.901974013679,0.408090425473,2.58333333333,2.21023076597,0.901974013679,2.58333333333,0.31345343558,0.320086825847,639,0.0822393822394,0.455108173392,37,37,37,1,0,0.324324324324,0.648648648649,0.027027027027,-7,-0.00525525525526,0.484941947859,-0.378378378378,-2.14545454545,-0.465873015873,-0.280778184463,-0.00943846650931,-0.00904038366725,-0.539576254479,-0.0380998395279,-0.0162143290187,0.145419434869,0.0342667861182,0.0119091597489,0.261374443353,0.036790522755,0.583333333333,0.484941947859,0.261374443353,0.583333333333,-0.0306179586672,-0.0564822118095,-171,-0.0220077220077,-0.114468654958,-0.0810810810811,0.108108108108,-0.027027027027,328,7,14,983,0.959064327485,0.992929292929,0.00707070707071,0.0409356725146,0.979104477612,0.959064327485,0.968980797637,0.958505712907,0.951993620415,0.939828080229,130,137,0,0,0,0
2415,WLNM_dir_neg,0.988331823752,0.955588069128,00:00:04,10,60,19,1238529954,threshold_sweep,0.3,0.953125,0.890510948905,0.920754716981,122,6,15,268,0.890510948905,0.978102189781,0.021897810219,0.109489051095,0.953125,0.890510948905,0.920754716981,0.948905109489,0.562854825629,0.883116883117,0.884226968688,0.868613138686,342,205,137,0,342,0,205,0,137,37,342,0.256756756757,1.72528881811,18.4864864865,15.5454545455,9.77142857143,5.36771015539,0.290358590277,0.142642642643,9.50849154237,1.02869645341,0.544491860281,8.05331334643,0.871264894205,0.461830251304,0.640599570326,0.371299902718,2,1.72528881811,0.640599570326,2,0.344071394247,0.376569037657,810,0.104247104247,0.56957682835,37,37,37,1,0,0.405405405405,0.540540540541,0.0540540540541,37,0.153903903904,1.81541750083,11.0810810811,9.31818181818,5.85714285714,4.36130955345,0.393581593848,0.215161502966,6.09915565465,1.10082321572,0.586420566908,4.85108575816,0.875561819766,0.471193144364,0.745650221222,0.410732088283,2.07118181818,1.81541750083,0.745650221222,2.07118181818,0.148340038665,0.11417816813,91,0.0117117117117,0.252116056574,37,37,37,1,0,0.405405405405,0.540540540541,0.0540540540541,37,333,0.25,2.2104770442,18,13.32,9.51428571429,5.12076383191,0.284486879551,0.135703270838,8.90068661521,0.988965179468,0.527229932635,8.2360994004,0.9151221556,0.479019560101,0.901780132838,0.407957248507,2.58333333333,2.2104770442,0.901780132838,2.58333333333,0.309603336167,0.315389807627,623,0.0801801801802,0.457422867187,37,37,37,1,0,0.324324324324,0.621621621622,0.0540540540541,-9,-0.00675675675676,0.485188226083,-0.486486486486,-2.22545454545,-0.257142857143,-0.246946323481,-0.00587171072643,-0.00693937180424,-0.607804927162,-0.0397312739468,-0.017261927646,0.18278605397,0.0438572613956,0.0171893087967,0.261180562512,0.0366573457889,0.583333333333,0.485188226083,0.261180562512,0.583333333333,-0.0344680580806,-0.0611792300295,-187,-0.0240669240669,-0.112153961163,-0.0810810810811,0.0810810810811,0,327,6,15,984,0.956140350877,0.993939393939,0.00606060606061,0.0438596491228,0.981981981982,0.956140350877,0.968888888889,0.958486165379,0.950079744817,0.939655172414,128,137,0,0,0,0
2416,WLNM_dir_neg,0.988331823752,0.955588069128,00:00:04,10,60,19,1238529954,threshold_sweep,0.4,0.96062992126,0.890510948905,0.924242424242,122,5,15,269,0.890510948905,0.981751824818,0.0182481751825,0.109489051095,0.96062992126,0.890510948905,0.924242424242,0.951338199513,0.563665855637,0.888475836431,0.889860383834,0.872262773723,342,205,137,0,342,0,205,0,137,37,342,0.256756756757,1.72528881811,18.4864864865,15.5454545455,9.77142857143,5.36771015539,0.290358590277,0.142642642643,9.50849154237,1.02869645341,0.544491860281,8.05331334643,0.871264894205,0.461830251304,0.640599570326,0.371299902718,2,1.72528881811,0.640599570326,2,0.344071394247,0.376569037657,810,0.104247104247,0.56957682835,37,37,37,1,0,0.405405405405,0.540540540541,0.0540540540541,37,0.153903903904,1.81541750083,11.0810810811,9.31818181818,5.85714285714,4.36130955345,0.393581593848,0.215161502966,6.09915565465,1.10082321572,0.586420566908,4.85108575816,0.875561819766,0.471193144364,0.745650221222,0.410732088283,2.07118181818,1.81541750083,0.745650221222,2.07118181818,0.148340038665,0.11417816813,91,0.0117117117117,0.252116056574,37,37,37,1,0,0.405405405405,0.540540540541,0.0540540540541,37,332,0.249249249249,2.20866784754,17.9459459459,13.28,9.48571428571,5.10417011399,0.284419117798,0.135216541843,8.87720703852,0.989327290438,0.527189840443,8.25121703645,0.919563344424,0.480462390101,0.900867309837,0.407878129272,2.58333333333,2.20866784754,0.900867309837,2.58333333333,0.304680668384,0.309273097826,607,0.078120978121,0.458937957389,37,37,37,1,0,0.324324324324,0.621621621622,0.0540540540541,-10,-0.00750750750751,0.483379029426,-0.540540540541,-2.26545454545,-0.285714285714,-0.263540041403,-0.00593947247947,-0.00742610079959,-0.631284503852,-0.039369162977,-0.0173020198385,0.197903690015,0.0482984502186,0.018632138797,0.260267739511,0.0365782265538,0.583333333333,0.483379029426,0.260267739511,0.583333333333,-0.0393907258637,-0.0672959398308,-203,-0.0261261261261,-0.110638870961,-0.0810810810811,0.0810810810811,0,327,5,15,985,0.956140350877,0.994949494949,0.00505050505051,0.0438596491228,0.984939759036,0.956140350877,0.970326409496,0.960468560591,0.951089845827,0.942363112392,127,137,0,0,0,0
2417,WLNM_dir_neg,0.988331823752,0.955588069128,00:00:04,10,60,19,1238529954,threshold_sweep,0.5,0.96062992126,0.890510948905,0.924242424242,122,5,15,269,0.890510948905,0.981751824818,0.0182481751825,0.109489051095,0.96062992126,0.890510948905,0.924242424242,0.951338199513,0.563665855637,0.888475836431,0.889860383834,0.872262773723,342,205,137,0,342,0,205,0,137,37,342,0.256756756757,1.72528881811,18.4864864865,15.5454545455,9.77142857143,5.36771015539,0.290358590277,0.142642642643,9.50849154237,1.02869645341,0.544491860281,8.05331334643,0.871264894205,0.461830251304,0.640599570326,0.371299902718,2,1.72528881811,0.640599570326,2,0.344071394247,0.376569037657,810,0.104247104247,0.56957682835,37,37,37,1,0,0.405405405405,0.540540540541,0.0540540540541,37,0.153903903904,1.81541750083,11.0810810811,9.31818181818,5.85714285714,4.36130955345,0.393581593848,0.215161502966,6.09915565465,1.10082321572,0.586420566908,4.85108575816,0.875561819766,0.471193144364,0.745650221222,0.410732088283,2.07118181818,1.81541750083,0.745650221222,2.07118181818,0.148340038665,0.11417816813,91,0.0117117117117,0.252116056574,37,37,37,1,0,0.405405405405,0.540540540541,0.0540540540541,37,332,0.249249249249,2.20866784754,17.9459459459,13.28,9.48571428571,5.10417011399,0.284419117798,0.135216541843,8.87720703852,0.989327290438,0.527189840443,8.25121703645,0.919563344424,0.480462390101,0.900867309837,0.407878129272,2.58333333333,2.20866784754,0.900867309837,2.58333333333,0.304680668384,0.309273097826,607,0.078120978121,0.458937957389,37,37,37,1,0,0.324324324324,0.621621621622,0.0540540540541,-10,-0.00750750750751,0.483379029426,-0.540540540541,-2.26545454545,-0.285714285714,-0.263540041403,-0.00593947247947,-0.00742610079959,-0.631284503852,-0.039369162977,-0.0173020198385,0.197903690015,0.0482984502186,0.018632138797,0.260267739511,0.0365782265538,0.583333333333,0.483379029426,0.260267739511,0.583333333333,-0.0393907258637,-0.0672959398308,-203,-0.0261261261261,-0.110638870961,-0.0810810810811,0.0810810810811,0,327,5,15,985,0.956140350877,0.994949494949,0.00505050505051,0.0438596491228,0.984939759036,0.956140350877,0.970326409496,0.960468560591,0.951089845827,0.942363112392,127,137,0,0,0,0
2418,WLNM_dir_neg,0.988331823752,0.955588069128,00:00:04,10,60,19,1238529954,threshold_sweep,0.6,0.96062992126,0.890510948905,0.924242424242,122,5,15,269,0.890510948905,0.981751824818,0.0182481751825,0.109489051095,0.96062992126,0.890510948905,0.924242424242,0.951338199513,0.563665855637,0.888475836431,0.889860383834,0.872262773723,342,205,137,0,342,0,205,0,137,37,342,0.256756756757,1.72528881811,18.4864864865,15.5454545455,9.77142857143,5.36771015539,0.290358590277,0.142642642643,9.50849154237,1.02869645341,0.544491860281,8.05331334643,0.871264894205,0.461830251304,0.640599570326,0.371299902718,2,1.72528881811,0.640599570326,2,0.344071394247,0.376569037657,810,0.104247104247,0.56957682835,37,37,37,1,0,0.405405405405,0.540540540541,0.0540540540541,37,0.153903903904,1.81541750083,11.0810810811,9.31818181818,5.85714285714,4.36130955345,0.393581593848,0.215161502966,6.09915565465,1.10082321572,0.586420566908,4.85108575816,0.875561819766,0.471193144364,0.745650221222,0.410732088283,2.07118181818,1.81541750083,0.745650221222,2.07118181818,0.148340038665,0.11417816813,91,0.0117117117117,0.252116056574,37,37,37,1,0,0.405405405405,0.540540540541,0.0540540540541,37,332,0.249249249249,2.20866784754,17.9459459459,13.28,9.48571428571,5.10417011399,0.284419117798,0.135216541843,8.87720703852,0.989327290438,0.527189840443,8.25121703645,0.919563344424,0.480462390101,0.900867309837,0.407878129272,2.58333333333,2.20866784754,0.900867309837,2.58333333333,0.304680668384,0.309273097826,607,0.078120978121,0.458937957389,37,37,37,1,0,0.324324324324,0.621621621622,0.0540540540541,-10,-0.00750750750751,0.483379029426,-0.540540540541,-2.26545454545,-0.285714285714,-0.263540041403,-0.00593947247947,-0.00742610079959,-0.631284503852,-0.039369162977,-0.0173020198385,0.197903690015,0.0482984502186,0.018632138797,0.260267739511,0.0365782265538,0.583333333333,0.483379029426,0.260267739511,0.583333333333,-0.0393907258637,-0.0672959398308,-203,-0.0261261261261,-0.110638870961,-0.0810810810811,0.0810810810811,0,327,5,15,985,0.956140350877,0.994949494949,0.00505050505051,0.0438596491228,0.984939759036,0.956140350877,0.970326409496,0.960468560591,0.951089845827,0.942363112392,127,137,0,0,0,0
2419,WLNM_dir_neg,0.988331823752,0.955588069128,00:00:04,10,60,19,1238529954,threshold_sweep,0.7,0.968253968254,0.890510948905,0.927756653992,122,4,15,270,0.890510948905,0.985401459854,0.014598540146,0.109489051095,0.968253968254,0.890510948905,0.927756653992,0.953771289538,0.564476885645,0.893854748603,0.895547325679,0.875912408759,342,205,137,0,342,0,205,0,137,37,342,0.256756756757,1.72528881811,18.4864864865,15.5454545455,9.77142857143,5.36771015539,0.290358590277,0.142642642643,9.50849154237,1.02869645341,0.544491860281,8.05331334643,0.871264894205,0.461830251304,0.640599570326,0.371299902718,2,1.72528881811,0.640599570326,2,0.344071394247,0.376569037657,810,0.104247104247,0.56957682835,37,37,37,1,0,0.405405405405,0.540540540541,0.0540540540541,37,0.153903903904,1.81541750083,11.0810810811,9.31818181818,5.85714285714,4.36130955345,0.393581593848,0.215161502966,6.09915565465,1.10082321572,0.586420566908,4.85108575816,0.875561819766,0.471193144364,0.745650221222,0.410732088283,2.07118181818,1.81541750083,0.745650221222,2.07118181818,0.148340038665,0.11417816813,91,0.0117117117117,0.252116056574,37,37,37,1,0,0.405405405405,0.540540540541,0.0540540540541,37,331,0.248498498498,2.20822101467,17.8918918919,13.24,9.45714285714,5.11416216546,0.285836858191,0.135951661631,8.84730324872,0.988973474932,0.526659590104,8.23928916144,0.921008153998,0.48126071691,0.900597279379,0.407838379128,2.58333333333,2.20822101467,0.900597279379,2.58333333333,0.293311497015,0.308454312553,602,0.0774774774775,0.458215623842,37,37,37,1,0,0.324324324324,0.621621621622,0.0540540540541,-11,-0.00825825825826,0.482932196555,-0.594594594595,-2.30545454545,-0.314285714286,-0.25354798993,-0.00452173208658,-0.00669098101122,-0.661188293657,-0.0397229784826,-0.0178322701776,0.18597581501,0.0497432597934,0.0194304656063,0.259997709052,0.0365384764099,0.583333333333,0.482932196555,0.259997709052,0.583333333333,-0.0507598972329,-0.0681147251035,-208,-0.0267696267696,-0.111361204508,-0.0810810810811,0.0810810810811,0,327,4,15,986,0.956140350877,0.99595959596,0.0040404040404,0.0438596491228,0.987915407855,0.956140350877,0.97176820208,0.962458817471,0.952099946837,0.945086705202,126,137,0,0,0,0
2420,WLNM_dir_neg,0.988331823752,0.955588069128,00:00:04,10,60,19,1238529954,threshold_sweep,0.8,0.968253968254,0.890510948905,0.927756653992,122,4,15,270,0.890510948905,0.985401459854,0.014598540146,0.109489051095,0.968253968254,0.890510948905,0.927756653992,0.953771289538,0.564476885645,0.893854748603,0.895547325679,0.875912408759,342,205,137,0,342,0,205,0,137,37,342,0.256756756757,1.72528881811,18.4864864865,15.5454545455,9.77142857143,5.36771015539,0.290358590277,0.142642642643,9.50849154237,1.02869645341,0.544491860281,8.05331334643,0.871264894205,0.461830251304,0.640599570326,0.371299902718,2,1.72528881811,0.640599570326,2,0.344071394247,0.376569037657,810,0.104247104247,0.56957682835,37,37,37,1,0,0.405405405405,0.540540540541,0.0540540540541,37,0.153903903904,1.81541750083,11.0810810811,9.31818181818,5.85714285714,4.36130955345,0.393581593848,0.215161502966,6.09915565465,1.10082321572,0.586420566908,4.85108575816,0.875561819766,0.471193144364,0.745650221222,0.410732088283,2.07118181818,1.81541750083,0.745650221222,2.07118181818,0.148340038665,0.11417816813,91,0.0117117117117,0.252116056574,37,37,37,1,0,0.405405405405,0.540540540541,0.0540540540541,37,331,0.248498498498,2.20822101467,17.8918918919,13.24,9.45714285714,5.11416216546,0.285836858191,0.135951661631,8.84730324872,0.988973474932,0.526659590104,8.23928916144,0.921008153998,0.48126071691,0.900597279379,0.407838379128,2.58333333333,2.20822101467,0.900597279379,2.58333333333,0.293311497015,0.308454312553,602,0.0774774774775,0.458215623842,37,37,37,1,0,0.324324324324,0.621621621622,0.0540540540541,-11,-0.00825825825826,0.482932196555,-0.594594594595,-2.30545454545,-0.314285714286,-0.25354798993,-0.00452173208658,-0.00669098101122,-0.661188293657,-0.0397229784826,-0.0178322701776,0.18597581501,0.0497432597934,0.0194304656063,0.259997709052,0.0365384764099,0.583333333333,0.482932196555,0.259997709052,0.583333333333,-0.0507598972329,-0.0681147251035,-208,-0.0267696267696,-0.111361204508,-0.0810810810811,0.0810810810811,0,327,4,15,986,0.956140350877,0.99595959596,0.0040404040404,0.0438596491228,0.987915407855,0.956140350877,0.97176820208,0.962458817471,0.952099946837,0.945086705202,126,137,0,0,0,0
2421,WLNM_dir_neg,0.988331823752,0.955588069128,00:00:04,10,60,19,1238529954,threshold_sweep,0.9,0.991869918699,0.890510948905,0.938461538462,122,1,15,273,0.890510948905,0.996350364964,0.0036496350365,0.109489051095,0.991869918699,0.890510948905,0.938461538462,0.961070559611,0.566909975669,0.910112359551,0.912940505101,0.886861313869,342,205,137,0,342,0,205,0,137,37,342,0.256756756757,1.72528881811,18.4864864865,15.5454545455,9.77142857143,5.36771015539,0.290358590277,0.142642642643,9.50849154237,1.02869645341,0.544491860281,8.05331334643,0.871264894205,0.461830251304,0.640599570326,0.371299902718,2,1.72528881811,0.640599570326,2,0.344071394247,0.376569037657,810,0.104247104247,0.56957682835,37,37,37,1,0,0.405405405405,0.540540540541,0.0540540540541,37,0.153903903904,1.81541750083,11.0810810811,9.31818181818,5.85714285714,4.36130955345,0.393581593848,0.215161502966,6.09915565465,1.10082321572,0.586420566908,4.85108575816,0.875561819766,0.471193144364,0.745650221222,0.410732088283,2.07118181818,1.81541750083,0.745650221222,2.07118181818,0.148340038665,0.11417816813,91,0.0117117117117,0.252116056574,37,37,37,1,0,0.405405405405,0.540540540541,0.0540540540541,37,328,0.246246246246,1.73134600749,17.7297297297,14.9090909091,9.37142857143,5.02575947079,0.283465092103,0.132003955175,8.92612321647,1.00691024088,0.533948582729,8.26358195862,0.932172355088,0.484344100198,0.652839767926,0.377070652026,2,1.73134600749,0.652839767926,2,0.293311497015,0.308454312553,602,0.0774774774775,0.578802853171,37,37,37,1,0,0.405405405405,0.540540540541,0.0540540540541,-14,-0.0105105105105,0.00605718937431,-0.756756756757,-0.636363636364,-0.4,-0.341950684601,-0.00689349817451,-0.010638687468,-0.582368325901,-0.0217862125321,-0.0105432775523,0.210268612183,0.0609074608831,0.0225138488938,0.0122401976,0.00577074930795,0,0.00605718937431,0.0122401976,0,-0.0507598972329,-0.0681147251035,-208,-0.0267696267696,0.00922602482062,0,0,0,327,1,15,989,0.956140350877,0.99898989899,0.0010101010101,0.0438596491228,0.996951219512,0.956140350877,0.976119402985,0.968477358097,0.955130249867,0.953352769679,123,137,0,0,0,0
2422,WLNM_dir_neg,0.976823485535,0.921417904228,00:00:04,10,60,20,1238529955,threshold_sweep,0.1,0.923076923077,0.875912408759,0.898876404494,120,10,17,264,0.875912408759,0.963503649635,0.036496350365,0.124087591241,0.923076923077,0.875912408759,0.898876404494,0.934306569343,0.561232765612,0.850277264325,0.850918570989,0.839416058394,342,205,137,0,342,0,205,0,137,37,342,0.256756756757,1.72528881811,18.4864864865,15.5454545455,9.77142857143,5.36771015539,0.290358590277,0.142642642643,9.50849154237,1.02869645341,0.544491860281,8.05331334643,0.871264894205,0.461830251304,0.640599570326,0.371299902718,2,1.72528881811,0.640599570326,2,0.344071394247,0.376569037657,810,0.104247104247,0.56957682835,37,37,37,1,0,0.405405405405,0.540540540541,0.0540540540541,37,0.153903903904,1.80206299132,11.0810810811,9.31818181818,5.85714285714,4.39303981302,0.396445056297,0.216875411997,6.14904958598,1.10982846186,0.589584706658,5.11856422248,0.923838420644,0.486486486486,0.733574661498,0.407074927475,2.03130689612,1.80206299132,0.733574661498,2.03130689612,0.146237375107,0.0999583506872,80,0.010296010296,0.26510603287,37,37,37,1,0,0.405405405405,0.540540540541,0.0540540540541,37,335,0.251501501502,2.75420133236,18.1081081081,13.9583333333,9.05405405405,4.66537948786,0.257640359777,0.121742638161,8.96271891394,0.989912238256,0.528116175877,8.16478191158,0.901781882772,0.469866881807,1.87197797617,0.679680876693,7,2.75420133236,1.87197797617,7,0.326186090287,0.331524420326,672,0.0864864864865,0.486465673797,37,37,37,1,0,0.351351351351,0.648648648649,0,-7,-0.00525525525526,1.02891251424,-0.378378378378,-1.58712121212,-0.717374517375,-0.702330667531,-0.0327182304997,-0.0209000044821,-0.545772628433,-0.0387842151585,-0.016375684404,0.111468565146,0.0305169885666,0.00803663050324,1.23137840584,0.308380973975,5,1.02891251424,1.23137840584,5,-0.0178853039608,-0.0450446173313,-138,-0.0177606177606,-0.0831111545529,-0.0540540540541,0.108108108108,-0.0540540540541,325,10,17,980,0.950292397661,0.989898989899,0.010101010101,0.0497076023392,0.970149253731,0.950292397661,0.96011816839,0.946622747125,0.94019138756,0.923295454545,130,137,0,0,0,0
2423,WLNM_dir_neg,0.976823485535,0.921417904228,00:00:04,10,60,20,1238529955,threshold_sweep,0.2,0.950819672131,0.846715328467,0.895752895753,116,6,21,268,0.846715328467,0.978102189781,0.021897810219,0.153284671533,0.950819672131,0.846715328467,0.895752895753,0.934306569343,0.567721005677,0.848030018762,0.851068672495,0.824817518248,342,205,137,0,342,0,205,0,137,37,342,0.256756756757,1.72528881811,18.4864864865,15.5454545455,9.77142857143,5.36771015539,0.290358590277,0.142642642643,9.50849154237,1.02869645341,0.544491860281,8.05331334643,0.871264894205,0.461830251304,0.640599570326,0.371299902718,2,1.72528881811,0.640599570326,2,0.344071394247,0.376569037657,810,0.104247104247,0.56957682835,37,37,37,1,0,0.405405405405,0.540540540541,0.0540540540541,37,0.153903903904,1.80206299132,11.0810810811,9.31818181818,5.85714285714,4.39303981302,0.396445056297,0.216875411997,6.14904958598,1.10982846186,0.589584706658,5.11856422248,0.923838420644,0.486486486486,0.733574661498,0.407074927475,2.03130689612,1.80206299132,0.733574661498,2.03130689612,0.146237375107,0.0999583506872,80,0.010296010296,0.26510603287,37,37,37,1,0,0.405405405405,0.540540540541,0.0540540540541,37,327,0.245495495495,2.31205231812,17.6756756757,14.2173913043,8.83783783784,4.42250591391,0.250202933967,0.118026283164,8.6811210026,0.982267514056,0.523018431275,8.25467380577,0.93401507894,0.482849822299,1.6337659676,0.706630189464,6.5,2.31205231812,1.6337659676,6.5,0.288512512831,0.28839146278,554,0.0712998712999,0.530992842325,37,37,37,1,0,0.378378378378,0.621621621622,0,-15,-0.0112612612613,0.586763500001,-0.810810810811,-1.32806324111,-0.933590733591,-0.945204241484,-0.0401556563098,-0.0246163594787,-0.82737053977,-0.0464289393586,-0.021473429006,0.201360459334,0.0627501847353,0.0210195709954,0.993166397275,0.335330286746,4.5,0.586763500001,0.993166397275,4.5,-0.055558881416,-0.0881775748771,-256,-0.0329472329472,-0.0385839860246,-0.027027027027,0.0810810810811,-0.0540540540541,321,6,21,984,0.938596491228,0.993939393939,0.00606060606061,0.0614035087719,0.981651376147,0.938596491228,0.959641255605,0.946540707268,0.932535885167,0.922413793103,122,137,0,0,0,0
2424,WLNM_dir_neg,0.976823485535,0.921417904228,00:00:04,10,60,20,1238529955,threshold_sweep,0.3,0.950819672131,0.846715328467,0.895752895753,116,6,21,268,0.846715328467,0.978102189781,0.021897810219,0.153284671533,0.950819672131,0.846715328467,0.895752895753,0.934306569343,0.567721005677,0.848030018762,0.851068672495,0.824817518248,342,205,137,0,342,0,205,0,137,37,342,0.256756756757,1.72528881811,18.4864864865,15.5454545455,9.77142857143,5.36771015539,0.290358590277,0.142642642643,9.50849154237,1.02869645341,0.544491860281,8.05331334643,0.871264894205,0.461830251304,0.640599570326,0.371299902718,2,1.72528881811,0.640599570326,2,0.344071394247,0.376569037657,810,0.104247104247,0.56957682835,37,37,37,1,0,0.405405405405,0.540540540541,0.0540540540541,37,0.153903903904,1.80206299132,11.0810810811,9.31818181818,5.85714285714,4.39303981302,0.396445056297,0.216875411997,6.14904958598,1.10982846186,0.589584706658,5.11856422248,0.923838420644,0.486486486486,0.733574661498,0.407074927475,2.03130689612,1.80206299132,0.733574661498,2.03130689612,0.146237375107,0.0999583506872,80,0.010296010296,0.26510603287,37,37,37,1,0,0.405405405405,0.540540540541,0.0540540540541,37,327,0.245495495495,2.31205231812,17.6756756757,14.2173913043,8.83783783784,4.42250591391,0.250202933967,0.118026283164,8.6811210026,0.982267514056,0.523018431275,8.25467380577,0.93401507894,0.482849822299,1.6337659676,0.706630189464,6.5,2.31205231812,1.6337659676,6.5,0.288512512831,0.28839146278,554,0.0712998712999,0.530992842325,37,37,37,1,0,0.378378378378,0.621621621622,0,-15,-0.0112612612613,0.586763500001,-0.810810810811,-1.32806324111,-0.933590733591,-0.945204241484,-0.0401556563098,-0.0246163594787,-0.82737053977,-0.0464289393586,-0.021473429006,0.201360459334,0.0627501847353,0.0210195709954,0.993166397275,0.335330286746,4.5,0.586763500001,0.993166397275,4.5,-0.055558881416,-0.0881775748771,-256,-0.0329472329472,-0.0385839860246,-0.027027027027,0.0810810810811,-0.0540540540541,321,6,21,984,0.938596491228,0.993939393939,0.00606060606061,0.0614035087719,0.981651376147,0.938596491228,0.959641255605,0.946540707268,0.932535885167,0.922413793103,122,137,0,0,0,0
2425,WLNM_dir_neg,0.976823485535,0.921417904228,00:00:04,10,60,20,1238529955,threshold_sweep,0.4,0.95867768595,0.846715328467,0.899224806202,116,5,21,269,0.846715328467,0.981751824818,0.0182481751825,0.153284671533,0.95867768595,0.846715328467,0.899224806202,0.936739659367,0.568532035685,0.853383458647,0.856878360309,0.828467153285,342,205,137,0,342,0,205,0,137,37,342,0.256756756757,1.72528881811,18.4864864865,15.5454545455,9.77142857143,5.36771015539,0.290358590277,0.142642642643,9.50849154237,1.02869645341,0.544491860281,8.05331334643,0.871264894205,0.461830251304,0.640599570326,0.371299902718,2,1.72528881811,0.640599570326,2,0.344071394247,0.376569037657,810,0.104247104247,0.56957682835,37,37,37,1,0,0.405405405405,0.540540540541,0.0540540540541,37,0.153903903904,1.80206299132,11.0810810811,9.31818181818,5.85714285714,4.39303981302,0.396445056297,0.216875411997,6.14904958598,1.10982846186,0.589584706658,5.11856422248,0.923838420644,0.486486486486,0.733574661498,0.407074927475,2.03130689612,1.80206299132,0.733574661498,2.03130689612,0.146237375107,0.0999583506872,80,0.010296010296,0.26510603287,37,37,37,1,0,0.405405405405,0.540540540541,0.0540540540541,37,326,0.244744744745,2.31055261381,17.6216216216,14.1739130435,9.05555555556,4.34837997516,0.246763894296,0.115652462278,8.64368053628,0.98103122651,0.521804012602,8.28263859541,0.940054073712,0.487315536395,1.63314458788,0.706819908847,6.5,2.31055261381,1.63314458788,6.5,0.281816281925,0.281266398461,536,0.0689832689833,0.533296613499,37,37,37,1,0,0.378378378378,0.594594594595,0.027027027027,-16,-0.012012012012,0.585263795693,-0.864864864865,-1.37154150198,-0.715873015873,-1.01933018023,-0.043594695981,-0.0269901803644,-0.864811006098,-0.0476652269048,-0.0226878476798,0.229325248971,0.0687891795068,0.0254852850914,0.992545017552,0.335520006129,4.5,0.585263795693,0.992545017552,4.5,-0.0622551123228,-0.0953026391962,-274,-0.0352638352638,-0.0362802148512,-0.027027027027,0.0540540540541,-0.027027027027,321,5,21,985,0.938596491228,0.994949494949,0.00505050505051,0.0614035087719,0.984662576687,0.938596491228,0.961077844311,0.948546390926,0.933545986178,0.92507204611,121,137,0,0,0,0
2426,WLNM_dir_neg,0.976823485535,0.921417904228,00:00:04,10,60,20,1238529955,threshold_sweep,0.5,0.95867768595,0.846715328467,0.899224806202,116,5,21,269,0.846715328467,0.981751824818,0.0182481751825,0.153284671533,0.95867768595,0.846715328467,0.899224806202,0.936739659367,0.568532035685,0.853383458647,0.856878360309,0.828467153285,342,205,137,0,342,0,205,0,137,37,342,0.256756756757,1.72528881811,18.4864864865,15.5454545455,9.77142857143,5.36771015539,0.290358590277,0.142642642643,9.50849154237,1.02869645341,0.544491860281,8.05331334643,0.871264894205,0.461830251304,0.640599570326,0.371299902718,2,1.72528881811,0.640599570326,2,0.344071394247,0.376569037657,810,0.104247104247,0.56957682835,37,37,37,1,0,0.405405405405,0.540540540541,0.0540540540541,37,0.153903903904,1.80206299132,11.0810810811,9.31818181818,5.85714285714,4.39303981302,0.396445056297,0.216875411997,6.14904958598,1.10982846186,0.589584706658,5.11856422248,0.923838420644,0.486486486486,0.733574661498,0.407074927475,2.03130689612,1.80206299132,0.733574661498,2.03130689612,0.146237375107,0.0999583506872,80,0.010296010296,0.26510603287,37,37,37,1,0,0.405405405405,0.540540540541,0.0540540540541,37,326,0.244744744745,2.31055261381,17.6216216216,14.1739130435,9.05555555556,4.34837997516,0.246763894296,0.115652462278,8.64368053628,0.98103122651,0.521804012602,8.28263859541,0.940054073712,0.487315536395,1.63314458788,0.706819908847,6.5,2.31055261381,1.63314458788,6.5,0.281816281925,0.281266398461,536,0.0689832689833,0.533296613499,37,37,37,1,0,0.378378378378,0.594594594595,0.027027027027,-16,-0.012012012012,0.585263795693,-0.864864864865,-1.37154150198,-0.715873015873,-1.01933018023,-0.043594695981,-0.0269901803644,-0.864811006098,-0.0476652269048,-0.0226878476798,0.229325248971,0.0687891795068,0.0254852850914,0.992545017552,0.335520006129,4.5,0.585263795693,0.992545017552,4.5,-0.0622551123228,-0.0953026391962,-274,-0.0352638352638,-0.0362802148512,-0.027027027027,0.0540540540541,-0.027027027027,321,5,21,985,0.938596491228,0.994949494949,0.00505050505051,0.0614035087719,0.984662576687,0.938596491228,0.961077844311,0.948546390926,0.933545986178,0.92507204611,121,137,0,0,0,0
2427,WLNM_dir_neg,0.976823485535,0.921417904228,00:00:04,10,60,20,1238529955,threshold_sweep,0.6,0.95867768595,0.846715328467,0.899224806202,116,5,21,269,0.846715328467,0.981751824818,0.0182481751825,0.153284671533,0.95867768595,0.846715328467,0.899224806202,0.936739659367,0.568532035685,0.853383458647,0.856878360309,0.828467153285,342,205,137,0,342,0,205,0,137,37,342,0.256756756757,1.72528881811,18.4864864865,15.5454545455,9.77142857143,5.36771015539,0.290358590277,0.142642642643,9.50849154237,1.02869645341,0.544491860281,8.05331334643,0.871264894205,0.461830251304,0.640599570326,0.371299902718,2,1.72528881811,0.640599570326,2,0.344071394247,0.376569037657,810,0.104247104247,0.56957682835,37,37,37,1,0,0.405405405405,0.540540540541,0.0540540540541,37,0.153903903904,1.80206299132,11.0810810811,9.31818181818,5.85714285714,4.39303981302,0.396445056297,0.216875411997,6.14904958598,1.10982846186,0.589584706658,5.11856422248,0.923838420644,0.486486486486,0.733574661498,0.407074927475,2.03130689612,1.80206299132,0.733574661498,2.03130689612,0.146237375107,0.0999583506872,80,0.010296010296,0.26510603287,37,37,37,1,0,0.405405405405,0.540540540541,0.0540540540541,37,326,0.244744744745,2.31055261381,17.6216216216,14.1739130435,9.05555555556,4.34837997516,0.246763894296,0.115652462278,8.64368053628,0.98103122651,0.521804012602,8.28263859541,0.940054073712,0.487315536395,1.63314458788,0.706819908847,6.5,2.31055261381,1.63314458788,6.5,0.281816281925,0.281266398461,536,0.0689832689833,0.533296613499,37,37,37,1,0,0.378378378378,0.594594594595,0.027027027027,-16,-0.012012012012,0.585263795693,-0.864864864865,-1.37154150198,-0.715873015873,-1.01933018023,-0.043594695981,-0.0269901803644,-0.864811006098,-0.0476652269048,-0.0226878476798,0.229325248971,0.0687891795068,0.0254852850914,0.992545017552,0.335520006129,4.5,0.585263795693,0.992545017552,4.5,-0.0622551123228,-0.0953026391962,-274,-0.0352638352638,-0.0362802148512,-0.027027027027,0.0540540540541,-0.027027027027,321,5,21,985,0.938596491228,0.994949494949,0.00505050505051,0.0614035087719,0.984662576687,0.938596491228,0.961077844311,0.948546390926,0.933545986178,0.92507204611,121,137,0,0,0,0
2428,WLNM_dir_neg,0.976823485535,0.921417904228,00:00:04,10,60,20,1238529955,threshold_sweep,0.7,0.965811965812,0.824817518248,0.889763779528,113,4,24,270,0.824817518248,0.985401459854,0.014598540146,0.175182481752,0.965811965812,0.824817518248,0.889763779528,0.931873479319,0.571776155718,0.840909090909,0.846391670113,0.810218978102,342,205,137,0,342,0,205,0,137,37,342,0.256756756757,1.72528881811,18.4864864865,15.5454545455,9.77142857143,5.36771015539,0.290358590277,0.142642642643,9.50849154237,1.02869645341,0.544491860281,8.05331334643,0.871264894205,0.461830251304,0.640599570326,0.371299902718,2,1.72528881811,0.640599570326,2,0.344071394247,0.376569037657,810,0.104247104247,0.56957682835,37,37,37,1,0,0.405405405405,0.540540540541,0.0540540540541,37,0.153903903904,1.80206299132,11.0810810811,9.31818181818,5.85714285714,4.39303981302,0.396445056297,0.216875411997,6.14904958598,1.10982846186,0.589584706658,5.11856422248,0.923838420644,0.486486486486,0.733574661498,0.407074927475,2.03130689612,1.80206299132,0.733574661498,2.03130689612,0.146237375107,0.0999583506872,80,0.010296010296,0.26510603287,37,37,37,1,0,0.405405405405,0.540540540541,0.0540540540541,37,322,0.241741741742,2.29613446769,17.4054054054,14,9.2,4.28472389529,0.24617202504,0.113731744167,8.51425231553,0.978345762965,0.518885344972,8.33621571773,0.957888141478,0.495215712607,1.63152438852,0.710552631597,6.5,2.29613446769,1.63152438852,6.5,0.267135422987,0.261618517854,486,0.0625482625483,0.53743602413,37,37,37,1,0,0.378378378378,0.567567567568,0.0540540540541,-20,-0.015015015015,0.57084564958,-1.08108108108,-1.54545454545,-0.571428571429,-1.0829862601,-0.0441865652372,-0.0289108984761,-0.994239226846,-0.0503506904503,-0.025606515309,0.282902371294,0.0866232472732,0.0333854613031,0.990924818195,0.339252728879,4.5,0.57084564958,0.990924818195,4.5,-0.0769359712606,-0.114950519803,-324,-0.0416988416988,-0.0321408042198,-0.027027027027,0.027027027027,0,318,4,24,986,0.929824561404,0.99595959596,0.0040404040404,0.0701754385965,0.987577639752,0.929824561404,0.957831325301,0.944608332372,0.925784157363,0.919075144509,117,137,0,0,0,0
2429,WLNM_dir_neg,0.976823485535,0.921417904228,00:00:04,10,60,20,1238529955,threshold_sweep,0.8,0.974137931034,0.824817518248,0.893280632411,113,3,24,271,0.824817518248,0.989051094891,0.0109489051095,0.175182481752,0.974137931034,0.824817518248,0.893280632411,0.934306569343,0.572587185726,0.846299810247,0.852412603863,0.813868613139,342,205,137,0,342,0,205,0,137,37,342,0.256756756757,1.72528881811,18.4864864865,15.5454545455,9.77142857143,5.36771015539,0.290358590277,0.142642642643,9.50849154237,1.02869645341,0.544491860281,8.05331334643,0.871264894205,0.461830251304,0.640599570326,0.371299902718,2,1.72528881811,0.640599570326,2,0.344071394247,0.376569037657,810,0.104247104247,0.56957682835,37,37,37,1,0,0.405405405405,0.540540540541,0.0540540540541,37,0.153903903904,1.80206299132,11.0810810811,9.31818181818,5.85714285714,4.39303981302,0.396445056297,0.216875411997,6.14904958598,1.10982846186,0.589584706658,5.11856422248,0.923838420644,0.486486486486,0.733574661498,0.407074927475,2.03130689612,1.80206299132,0.733574661498,2.03130689612,0.146237375107,0.0999583506872,80,0.010296010296,0.26510603287,37,37,37,1,0,0.405405405405,0.540540540541,0.0540540540541,37,321,0.240990990991,1,17.3513513514,13.9565217391,9.17142857143,4.35390129154,0.250925775369,0.115769975583,8.53767485279,0.984093363094,0.520838595605,8.30345996844,0.957096631876,0.495916477225,0,0,0,NaN,NaN,NaN,0.264943994495,0.261081081081,483,0.0621621621622,0.53385513175,37,37,0,1,2,0.378378378378,0.567567567568,0.0540540540541,-21,-0.0157657657658,-0.725288818115,-1.13513513514,-1.58893280632,-0.6,-1.01380886386,-0.0394328149081,-0.0268726670596,-0.970816689589,-0.0446030903211,-0.0236532646764,0.250146622003,0.0858317376711,0.034086225921,-0.640599570326,-0.371299902718,-2,NaN,NaN,NaN,-0.0791273997523,-0.115487956576,-327,-0.0420849420849,-0.0357216966003,-0.027027027027,0.027027027027,0,318,3,24,987,0.929824561404,0.99696969697,0.0030303030303,0.0701754385965,0.990654205607,0.929824561404,0.9592760181,0.946642265667,0.926794258373,0.921739130435,116,137,0,0,0,0
2430,WLNM_dir_neg,0.976823485535,0.921417904228,00:00:04,10,60,20,1238529955,threshold_sweep,0.9,0.981481481481,0.773722627737,0.865306122449,106,2,31,272,0.773722627737,0.992700729927,0.00729927007299,0.226277372263,0.981481481481,0.773722627737,0.865306122449,0.919708029197,0.579075425791,0.809248554913,0.820863802185,0.766423357664,342,205,137,0,342,0,205,0,137,37,342,0.256756756757,1.72528881811,18.4864864865,15.5454545455,9.77142857143,5.36771015539,0.290358590277,0.142642642643,9.50849154237,1.02869645341,0.544491860281,8.05331334643,0.871264894205,0.461830251304,0.640599570326,0.371299902718,2,1.72528881811,0.640599570326,2,0.344071394247,0.376569037657,810,0.104247104247,0.56957682835,37,37,37,1,0,0.405405405405,0.540540540541,0.0540540540541,37,0.153903903904,1.80206299132,11.0810810811,9.31818181818,5.85714285714,4.39303981302,0.396445056297,0.216875411997,6.14904958598,1.10982846186,0.589584706658,5.11856422248,0.923838420644,0.486486486486,0.733574661498,0.407074927475,2.03130689612,1.80206299132,0.733574661498,2.03130689612,0.146237375107,0.0999583506872,80,0.010296010296,0.26510603287,37,37,37,1,0,0.405405405405,0.540540540541,0.0540540540541,37,313,0.234984984985,1,16.9189189189,13.6086956522,8.94285714286,4.22544132066,0.249746531732,0.116829289353,8.34863460092,0.986899297872,0.522580088075,8.1975422963,0.969038546209,0.503238062343,0,0,0,NaN,NaN,NaN,0.248120178616,0.236767216847,416,0.0535392535393,0.520636845262,37,37,0,1,2,0.378378378378,0.567567567568,0.0540540540541,-29,-0.0217717717718,-0.725288818115,-1.56756756757,-1.93675889328,-0.828571428571,-1.14226883473,-0.0406120585447,-0.0258133532894,-1.15985694145,-0.0417971555423,-0.021911772206,0.14422894987,0.0977736520036,0.0414078110396,-0.640599570326,-0.371299902718,-2,NaN,NaN,NaN,-0.0959512156319,-0.13980182081,-394,-0.0507078507079,-0.0489399830874,-0.027027027027,0.027027027027,0,311,2,31,988,0.909356725146,0.99797979798,0.0020202020202,0.0906432748538,0.993610223642,0.909356725146,0.949618320611,0.934845372232,0.907336523126,0.904069767442,108,137,0,0,0,0
2431,WLNM_dir_neg,0.98060631893,0.841020947169,00:00:04,10,60,21,1238529956,threshold_sweep,0.1,0.944444444444,0.868613138686,0.904942965779,119,7,18,267,0.868613138686,0.974452554745,0.0255474452555,0.131386861314,0.944444444444,0.868613138686,0.904942965779,0.939172749392,0.564476885645,0.860335195531,0.861964300966,0.843065693431,342,205,137,0,342,0,205,0,137,37,342,0.256756756757,1.72528881811,18.4864864865,15.5454545455,9.77142857143,5.36771015539,0.290358590277,0.142642642643,9.50849154237,1.02869645341,0.544491860281,8.05331334643,0.871264894205,0.461830251304,0.640599570326,0.371299902718,2,1.72528881811,0.640599570326,2,0.344071394247,0.376569037657,810,0.104247104247,0.56957682835,37,37,37,1,0,0.405405405405,0.540540540541,0.0540540540541,37,0.153903903904,1.82193420609,11.0810810811,9.31818181818,5.85714285714,4.16585577695,0.37594308231,0.209228740936,6.14000811886,1.10819658731,0.587475280158,4.90801269238,0.885836437162,0.474620962426,0.750566674406,0.411961459363,2,1.82193420609,0.750566674406,2,0.142628502923,0.0989010989011,78,0.0100386100386,0.25528686495,37,37,37,1,0,0.405405405405,0.540540540541,0.0540540540541,37,331,0.248498498498,1,17.8918918919,13.7916666667,9.19444444444,5.08146842176,0.284009564358,0.135461745734,8.95961911996,1.00152842126,0.531395443782,8.10331189475,0.905808278266,0.473585367845,0,0,0,NaN,NaN,NaN,0.301942107283,0.30144280316,585,0.0752895752896,0.483165590573,37,37,0,1,2,0.351351351351,0.621621621622,0.027027027027,-11,-0.00825825825826,-0.725288818115,-0.594594594595,-1.75378787879,-0.576984126984,-0.286241733636,-0.00634902591906,-0.00718089690899,-0.548872422413,-0.0271680321503,-0.0130964164992,0.0499985483199,0.0345433840607,0.0117551165413,-0.640599570326,-0.371299902718,-2,NaN,NaN,NaN,-0.0421292869648,-0.0751262344965,-225,-0.0289575289575,-0.0864112377773,-0.0540540540541,0.0810810810811,-0.027027027027,324,7,18,983,0.947368421053,0.992929292929,0.00707070707071,0.0526315789474,0.978851963746,0.947368421053,0.962852897474,0.950528176035,0.940297713982,0.928366762178,126,137,0,0,0,0
2432,WLNM_dir_neg,0.98060631893,0.841020947169,00:00:04,10,60,21,1238529956,threshold_sweep,0.2,0.959677419355,0.868613138686,0.911877394636,119,5,18,269,0.868613138686,0.981751824818,0.0182481751825,0.131386861314,0.959677419355,0.868613138686,0.911877394636,0.94403892944,0.566098945661,0.871028037383,0.87335162418,0.850364963504,342,205,137,0,342,0,205,0,137,37,342,0.256756756757,1.72528881811,18.4864864865,15.5454545455,9.77142857143,5.36771015539,0.290358590277,0.142642642643,9.50849154237,1.02869645341,0.544491860281,8.05331334643,0.871264894205,0.461830251304,0.640599570326,0.371299902718,2,1.72528881811,0.640599570326,2,0.344071394247,0.376569037657,810,0.104247104247,0.56957682835,37,37,37,1,0,0.405405405405,0.540540540541,0.0540540540541,37,0.153903903904,1.82193420609,11.0810810811,9.31818181818,5.85714285714,4.16585577695,0.37594308231,0.209228740936,6.14000811886,1.10819658731,0.587475280158,4.90801269238,0.885836437162,0.474620962426,0.750566674406,0.411961459363,2,1.82193420609,0.750566674406,2,0.142628502923,0.0989010989011,78,0.0100386100386,0.25528686495,37,37,37,1,0,0.405405405405,0.540540540541,0.0540540540541,37,329,0.246996996997,1.73902136395,17.7837837838,14.9545454545,9.13888888889,5.15393665687,0.289811027818,0.138585393905,9.01167077795,1.01347057381,0.536104493551,8.10960947061,0.912022949582,0.476792902325,0.661363559953,0.380307898259,2,1.73902136395,0.661363559953,2,0.301942107283,0.30144280316,585,0.0752895752896,0.56552603383,37,37,37,1,0,0.405405405405,0.567567567568,0.027027027027,-13,-0.00975975975976,0.0137325458371,-0.702702702703,-0.590909090909,-0.63253968254,-0.21377349852,-0.000547562459015,-0.0040572487381,-0.496820764422,-0.0152258796025,-0.00838736673003,0.0562961241732,0.0407580553771,0.0149626510209,0.0207639896268,0.0090079955417,0,0.0137325458371,0.0207639896268,0,-0.0421292869648,-0.0751262344965,-225,-0.0289575289575,-0.0040507945201,0,0.027027027027,-0.027027027027,324,5,18,985,0.947368421053,0.994949494949,0.00505050505051,0.0526315789474,0.984802431611,0.947368421053,0.965722801788,0.954508242767,0.942317916002,0.933717579251,124,137,0,0,0,0
2433,WLNM_dir_neg,0.98060631893,0.841020947169,00:00:04,10,60,21,1238529956,threshold_sweep,0.3,0.959349593496,0.861313868613,0.907692307692,118,5,19,269,0.861313868613,0.981751824818,0.0182481751825,0.138686131387,0.959349593496,0.861313868613,0.907692307692,0.941605839416,0.566909975669,0.865168539326,0.867857023367,0.843065693431,342,205,137,0,342,0,205,0,137,37,342,0.256756756757,1.72528881811,18.4864864865,15.5454545455,9.77142857143,5.36771015539,0.290358590277,0.142642642643,9.50849154237,1.02869645341,0.544491860281,8.05331334643,0.871264894205,0.461830251304,0.640599570326,0.371299902718,2,1.72528881811,0.640599570326,2,0.344071394247,0.376569037657,810,0.104247104247,0.56957682835,37,37,37,1,0,0.405405405405,0.540540540541,0.0540540540541,37,0.153903903904,1.82193420609,11.0810810811,9.31818181818,5.85714285714,4.16585577695,0.37594308231,0.209228740936,6.14000811886,1.10819658731,0.587475280158,4.90801269238,0.885836437162,0.474620962426,0.750566674406,0.411961459363,2,1.82193420609,0.750566674406,2,0.142628502923,0.0989010989011,78,0.0100386100386,0.25528686495,37,37,37,1,0,0.405405405405,0.540540540541,0.0540540540541,37,328,0.246246246246,1.73822340234,17.7297297297,14.9090909091,9.11111111111,5.07525942768,0.286257010403,0.136371127225,8.96028943655,1.01076435717,0.534937376401,8.12459285189,0.916493705854,0.478081740277,0.660344853157,0.379896423134,2,1.73822340234,0.660344853157,2,0.296835182052,0.293975069252,566,0.0728442728443,0.566284112331,37,37,37,1,0,0.405405405405,0.567567567568,0.027027027027,-14,-0.0105105105105,0.0129345842268,-0.756756756757,-0.636363636364,-0.660317460317,-0.292450727713,-0.00410157987442,-0.00627151541786,-0.548202105823,-0.0179320962428,-0.00955448388054,0.0712795054574,0.0452288116488,0.0162514889729,0.0197452828306,0.00859652041585,0,0.0129345842268,0.0197452828306,0,-0.0472362121955,-0.0825939684048,-244,-0.0314028314028,-0.00329271601896,0,0.027027027027,-0.027027027027,323,5,19,985,0.944444444444,0.994949494949,0.00505050505051,0.0555555555556,0.984756097561,0.944444444444,0.964179104478,0.952521146475,0.939393939394,0.93083573487,123,137,0,0,0,0
2434,WLNM_dir_neg,0.98060631893,0.841020947169,00:00:04,10,60,21,1238529956,threshold_sweep,0.4,0.967213114754,0.861313868613,0.911196911197,118,4,19,270,0.861313868613,0.985401459854,0.014598540146,0.138686131387,0.967213114754,0.861313868613,0.911196911197,0.94403892944,0.567721005677,0.870544090056,0.873663416013,0.846715328467,342,205,137,0,342,0,205,0,137,37,342,0.256756756757,1.72528881811,18.4864864865,15.5454545455,9.77142857143,5.36771015539,0.290358590277,0.142642642643,9.50849154237,1.02869645341,0.544491860281,8.05331334643,0.871264894205,0.461830251304,0.640599570326,0.371299902718,2,1.72528881811,0.640599570326,2,0.344071394247,0.376569037657,810,0.104247104247,0.56957682835,37,37,37,1,0,0.405405405405,0.540540540541,0.0540540540541,37,0.153903903904,1.82193420609,11.0810810811,9.31818181818,5.85714285714,4.16585577695,0.37594308231,0.209228740936,6.14000811886,1.10819658731,0.587475280158,4.90801269238,0.885836437162,0.474620962426,0.750566674406,0.411961459363,2,1.82193420609,0.750566674406,2,0.142628502923,0.0989010989011,78,0.0100386100386,0.25528686495,37,37,37,1,0,0.405405405405,0.540540540541,0.0540540540541,37,327,0.245495495495,1.73685343156,17.6756756757,14.8636363636,9.08333333333,5.02247202334,0.284145970739,0.134391272006,8.92410441667,1.0097610502,0.533928423837,8.14286843233,0.921364318032,0.479709066865,0.659010491474,0.379427808645,2,1.73685343156,0.659010491474,2,0.296835182052,0.293975069252,566,0.0728442728443,0.56790401165,37,37,37,1,0,0.405405405405,0.567567567568,0.027027027027,-15,-0.0112612612613,0.0115646134438,-0.810810810811,-0.681818181818,-0.688095238095,-0.345238132054,-0.00621261953775,-0.00825137063669,-0.584387125704,-0.0189354032105,-0.0105634364447,0.0895550859001,0.0500994238268,0.0178788155611,0.0184109211476,0.00812790592712,0,0.0115646134438,0.0184109211476,0,-0.0472362121955,-0.0825939684048,-244,-0.0314028314028,-0.00167281669954,0,0.027027027027,-0.027027027027,323,4,19,986,0.944444444444,0.99595959596,0.0040404040404,0.0555555555556,0.987767584098,0.944444444444,0.965620328849,0.954527026444,0.940404040404,0.933526011561,122,137,0,0,0,0
2435,WLNM_dir_neg,0.98060631893,0.841020947169,00:00:04,10,60,21,1238529956,threshold_sweep,0.5,0.967213114754,0.861313868613,0.911196911197,118,4,19,270,0.861313868613,0.985401459854,0.014598540146,0.138686131387,0.967213114754,0.861313868613,0.911196911197,0.94403892944,0.567721005677,0.870544090056,0.873663416013,0.846715328467,342,205,137,0,342,0,205,0,137,37,342,0.256756756757,1.72528881811,18.4864864865,15.5454545455,9.77142857143,5.36771015539,0.290358590277,0.142642642643,9.50849154237,1.02869645341,0.544491860281,8.05331334643,0.871264894205,0.461830251304,0.640599570326,0.371299902718,2,1.72528881811,0.640599570326,2,0.344071394247,0.376569037657,810,0.104247104247,0.56957682835,37,37,37,1,0,0.405405405405,0.540540540541,0.0540540540541,37,0.153903903904,1.82193420609,11.0810810811,9.31818181818,5.85714285714,4.16585577695,0.37594308231,0.209228740936,6.14000811886,1.10819658731,0.587475280158,4.90801269238,0.885836437162,0.474620962426,0.750566674406,0.411961459363,2,1.82193420609,0.750566674406,2,0.142628502923,0.0989010989011,78,0.0100386100386,0.25528686495,37,37,37,1,0,0.405405405405,0.540540540541,0.0540540540541,37,327,0.245495495495,1.73685343156,17.6756756757,14.8636363636,9.08333333333,5.02247202334,0.284145970739,0.134391272006,8.92410441667,1.0097610502,0.533928423837,8.14286843233,0.921364318032,0.479709066865,0.659010491474,0.379427808645,2,1.73685343156,0.659010491474,2,0.296835182052,0.293975069252,566,0.0728442728443,0.56790401165,37,37,37,1,0,0.405405405405,0.567567567568,0.027027027027,-15,-0.0112612612613,0.0115646134438,-0.810810810811,-0.681818181818,-0.688095238095,-0.345238132054,-0.00621261953775,-0.00825137063669,-0.584387125704,-0.0189354032105,-0.0105634364447,0.0895550859001,0.0500994238268,0.0178788155611,0.0184109211476,0.00812790592712,0,0.0115646134438,0.0184109211476,0,-0.0472362121955,-0.0825939684048,-244,-0.0314028314028,-0.00167281669954,0,0.027027027027,-0.027027027027,323,4,19,986,0.944444444444,0.99595959596,0.0040404040404,0.0555555555556,0.987767584098,0.944444444444,0.965620328849,0.954527026444,0.940404040404,0.933526011561,122,137,0,0,0,0
2436,WLNM_dir_neg,0.98060631893,0.841020947169,00:00:04,10,60,21,1238529956,threshold_sweep,0.6,0.97520661157,0.861313868613,0.914728682171,118,3,19,271,0.861313868613,0.989051094891,0.0109489051095,0.138686131387,0.97520661157,0.861313868613,0.914728682171,0.946472019465,0.568532035685,0.875939849624,0.879527127542,0.850364963504,342,205,137,0,342,0,205,0,137,37,342,0.256756756757,1.72528881811,18.4864864865,15.5454545455,9.77142857143,5.36771015539,0.290358590277,0.142642642643,9.50849154237,1.02869645341,0.544491860281,8.05331334643,0.871264894205,0.461830251304,0.640599570326,0.371299902718,2,1.72528881811,0.640599570326,2,0.344071394247,0.376569037657,810,0.104247104247,0.56957682835,37,37,37,1,0,0.405405405405,0.540540540541,0.0540540540541,37,0.153903903904,1.82193420609,11.0810810811,9.31818181818,5.85714285714,4.16585577695,0.37594308231,0.209228740936,6.14000811886,1.10819658731,0.587475280158,4.90801269238,0.885836437162,0.474620962426,0.750566674406,0.411961459363,2,1.82193420609,0.750566674406,2,0.142628502923,0.0989010989011,78,0.0100386100386,0.25528686495,37,37,37,1,0,0.405405405405,0.540540540541,0.0540540540541,37,326,0.244744744745,1.73485660708,17.6216216216,14.8181818182,9.05555555556,4.94610593942,0.28068392601,0.132150555463,8.89081247955,1.009079944,0.533079091361,8.16781569413,0.927022026634,0.482838666888,0.657204256534,0.378823387392,2,1.73485660708,0.657204256534,2,0.296835182052,0.293975069252,566,0.0728442728443,0.57033293011,37,37,37,1,0,0.405405405405,0.567567567568,0.027027027027,-16,-0.012012012012,0.00956778896802,-0.864864864865,-0.727272727273,-0.715873015873,-0.421604215973,-0.0096746642671,-0.0104920871792,-0.617679062823,-0.0196165094166,-0.01141276892,0.114502347692,0.0557571324291,0.0210084155838,0.0166046862083,0.00752348467418,0,0.00956778896802,0.0166046862083,0,-0.0472362121955,-0.0825939684048,-244,-0.0314028314028,0.00075610176026,0,0.027027027027,-0.027027027027,323,3,19,987,0.944444444444,0.99696969697,0.0030303030303,0.0555555555556,0.990797546012,0.944444444444,0.967065868263,0.956540973264,0.941414141414,0.936231884058,121,137,0,0,0,0
2437,WLNM_dir_neg,0.98060631893,0.841020947169,00:00:04,10,60,21,1238529956,threshold_sweep,0.7,0.983333333333,0.861313868613,0.918287937743,118,2,19,272,0.861313868613,0.992700729927,0.00729927007299,0.138686131387,0.983333333333,0.861313868613,0.918287937743,0.948905109489,0.569343065693,0.881355932203,0.885449387914,0.85401459854,342,205,137,0,342,0,205,0,137,37,342,0.256756756757,1.72528881811,18.4864864865,15.5454545455,9.77142857143,5.36771015539,0.290358590277,0.142642642643,9.50849154237,1.02869645341,0.544491860281,8.05331334643,0.871264894205,0.461830251304,0.640599570326,0.371299902718,2,1.72528881811,0.640599570326,2,0.344071394247,0.376569037657,810,0.104247104247,0.56957682835,37,37,37,1,0,0.405405405405,0.540540540541,0.0540540540541,37,0.153903903904,1.82193420609,11.0810810811,9.31818181818,5.85714285714,4.16585577695,0.37594308231,0.209228740936,6.14000811886,1.10819658731,0.587475280158,4.90801269238,0.885836437162,0.474620962426,0.750566674406,0.411961459363,2,1.82193420609,0.750566674406,2,0.142628502923,0.0989010989011,78,0.0100386100386,0.25528686495,37,37,37,1,0,0.405405405405,0.540540540541,0.0540540540541,37,325,0.243993993994,1.73369362162,17.5675675676,14.7727272727,9.28571428571,4.85077622964,0.276121108456,0.129646569647,8.83847377202,1.00622624481,0.531725571726,8.19598524731,0.933081397386,0.487151767152,0.655787054125,0.378260060456,2,1.73369362162,0.655787054125,2,0.29211607515,0.286113537118,546,0.0702702702703,0.572085786194,37,37,37,1,0,0.405405405405,0.540540540541,0.0540540540541,-17,-0.0127627627628,0.00840480350421,-0.918918918919,-0.772727272727,-0.485714285714,-0.516933925754,-0.0142374818208,-0.0129960729961,-0.670017770358,-0.0224702086007,-0.0127662885558,0.142671900879,0.0618165031815,0.0253215158478,0.0151874837993,0.00696015773798,0,0.00840480350421,0.0151874837993,0,-0.0519553190973,-0.090455500539,-264,-0.0339768339768,0.00250895784405,0,0,0,323,2,19,988,0.944444444444,0.99797979798,0.0020202020202,0.0555555555556,0.993846153846,0.944444444444,0.968515742129,0.958563049124,0.942424242424,0.938953488372,120,137,0,0,0,0
2438,WLNM_dir_neg,0.98060631893,0.841020947169,00:00:04,10,60,21,1238529956,threshold_sweep,0.8,0.983193277311,0.85401459854,0.9140625,117,2,20,272,0.85401459854,0.992700729927,0.00729927007299,0.14598540146,0.983193277311,0.85401459854,0.9140625,0.946472019465,0.570154095702,0.875471698113,0.880051486088,0.846715328467,342,205,137,0,342,0,205,0,137,37,342,0.256756756757,1.72528881811,18.4864864865,15.5454545455,9.77142857143,5.36771015539,0.290358590277,0.142642642643,9.50849154237,1.02869645341,0.544491860281,8.05331334643,0.871264894205,0.461830251304,0.640599570326,0.371299902718,2,1.72528881811,0.640599570326,2,0.344071394247,0.376569037657,810,0.104247104247,0.56957682835,37,37,37,1,0,0.405405405405,0.540540540541,0.0540540540541,37,0.153903903904,1.82193420609,11.0810810811,9.31818181818,5.85714285714,4.16585577695,0.37594308231,0.209228740936,6.14000811886,1.10819658731,0.587475280158,4.90801269238,0.885836437162,0.474620962426,0.750566674406,0.411961459363,2,1.82193420609,0.750566674406,2,0.142628502923,0.0989010989011,78,0.0100386100386,0.25528686495,37,37,37,1,0,0.405405405405,0.540540540541,0.0540540540541,37,324,0.243243243243,1.73416017712,17.5135135135,14.7272727273,9.25714285714,4.82828254272,0.275688972347,0.129129129129,8.8109950422,1.00619387828,0.531364698031,8.16294270675,0.932187901696,0.487320653987,0.656185348034,0.3783879694,2,1.73416017712,0.656185348034,2,0.291689062711,0.285337552743,541,0.0696267696268,0.568165822138,37,37,37,1,0,0.405405405405,0.540540540541,0.0540540540541,-18,-0.0135135135135,0.0088713590012,-0.972972972973,-0.818181818182,-0.514285714286,-0.539427612676,-0.0146696179306,-0.0135135135135,-0.697496500177,-0.0225025751391,-0.01312716225,0.109629360313,0.0609230074915,0.0254904026834,0.015585777708,0.00708806668269,0,0.0088713590012,0.015585777708,0,-0.0523823315367,-0.0912314849143,-269,-0.0346203346203,-0.00141100621218,0,0,0,322,2,20,988,0.941520467836,0.99797979798,0.0020202020202,0.0584795321637,0.993827160494,0.941520467836,0.966966966967,0.95658768713,0.939500265816,0.936046511628,119,137,0,0,0,0
2439,WLNM_dir_neg,0.98060631893,0.841020947169,00:00:04,10,60,21,1238529956,threshold_sweep,0.9,0.991228070175,0.824817518248,0.900398406375,113,1,24,273,0.824817518248,0.996350364964,0.0036496350365,0.175182481752,0.991228070175,0.824817518248,0.900398406375,0.939172749392,0.574209245742,0.857142857143,0.864643079833,0.821167883212,342,205,137,0,342,0,205,0,137,37,342,0.256756756757,1.72528881811,18.4864864865,15.5454545455,9.77142857143,5.36771015539,0.290358590277,0.142642642643,9.50849154237,1.02869645341,0.544491860281,8.05331334643,0.871264894205,0.461830251304,0.640599570326,0.371299902718,2,1.72528881811,0.640599570326,2,0.344071394247,0.376569037657,810,0.104247104247,0.56957682835,37,37,37,1,0,0.405405405405,0.540540540541,0.0540540540541,37,0.153903903904,1.82193420609,11.0810810811,9.31818181818,5.85714285714,4.16585577695,0.37594308231,0.209228740936,6.14000811886,1.10819658731,0.587475280158,4.90801269238,0.885836437162,0.474620962426,0.750566674406,0.411961459363,2,1.82193420609,0.750566674406,2,0.142628502923,0.0989010989011,78,0.0100386100386,0.25528686495,37,37,37,1,0,0.405405405405,0.540540540541,0.0540540540541,37,319,0.239489489489,1.7348090634,17.2432432432,14.5,9.11428571429,4.7223193772,0.27386491686,0.127933576209,8.68380149522,1.00721208565,0.530543082267,8.05312689909,0.934061740647,0.489875455393,0.65686725935,0.378639513251,2,1.7348090634,0.65686725935,2,0.291070647479,0.282804614275,523,0.0673101673102,0.555012451454,37,37,37,1,0,0.405405405405,0.540540540541,0.0540540540541,-23,-0.0172672672673,0.00952024528558,-1.24324324324,-1.04545454545,-0.657142857143,-0.645390778191,-0.0164936734174,-0.0147090664332,-0.824690047153,-0.0214843677622,-0.0139487780141,-0.00018644734387,0.062796846442,0.0280452040888,0.0162676890235,0.00733961053335,0,0.00952024528558,0.0162676890235,0,-0.0530007467681,-0.0937644233815,-287,-0.0369369369369,-0.0145643768957,0,0,0,318,1,24,989,0.929824561404,0.99898989899,0.0010101010101,0.0701754385965,0.996865203762,0.929824561404,0.962178517398,0.950735157893,0.928814460393,0.927113702624,114,137,0,0,0,0
2440,WLNM_dir_neg,0.971295753636,0.811307966827,00:00:04,10,60,22,1238529957,threshold_sweep,0.1,0.959016393443,0.85401459854,0.903474903475,117,5,20,269,0.85401459854,0.981751824818,0.0182481751825,0.14598540146,0.959016393443,0.85401459854,0.903474903475,0.939172749392,0.567721005677,0.859287054409,0.862366044254,0.835766423358,342,205,137,0,342,0,205,0,137,37,342,0.256756756757,1.72528881811,18.4864864865,15.5454545455,9.77142857143,5.36771015539,0.290358590277,0.142642642643,9.50849154237,1.02869645341,0.544491860281,8.05331334643,0.871264894205,0.461830251304,0.640599570326,0.371299902718,2,1.72528881811,0.640599570326,2,0.344071394247,0.376569037657,810,0.104247104247,0.56957682835,37,37,37,1,0,0.405405405405,0.540540540541,0.0540540540541,37,0.153903903904,1.79095474301,11.0810810811,9.31818181818,5.85714285714,3.96076857285,0.357435212672,0.198417930125,6.11280347847,1.10328648148,0.585893210283,4.9418540976,0.891944398103,0.478048780488,0.718684154481,0.4012854916,2.10282622617,1.79095474301,0.718684154481,2.10282622617,0.137907067319,0.0900128589799,70,0.00900900900901,0.260248872709,37,37,37,1,0,0.405405405405,0.540540540541,0.0540540540541,37,327,0.245495495495,1,17.6756756757,14.2173913043,9.08333333333,4.83076974574,0.27330042904,0.128109761137,8.92099120525,1.00940879081,0.531118274238,7.9809269634,0.903040665584,0.476237705596,0,0,0,NaN,NaN,NaN,0.29791963471,0.31308411215,603,0.0776061776062,0.508528644834,37,37,0,1,2,0.378378378378,0.594594594595,0.027027027027,-15,-0.0112612612613,-0.725288818115,-0.810810810811,-1.32806324111,-0.688095238095,-0.536940409655,-0.0170581612369,-0.0145328815054,-0.587500337128,-0.0192876626071,-0.0133735860438,-0.0723863830299,0.0317757713791,0.0144074542916,-0.640599570326,-0.371299902718,-2,NaN,NaN,NaN,-0.0461517595375,-0.0634849255074,-207,-0.0266409266409,-0.0610481835155,-0.027027027027,0.0540540540541,-0.027027027027,322,5,20,985,0.941520467836,0.994949494949,0.00505050505051,0.0584795321637,0.984709480122,0.941520467836,0.962630792227,0.950533866856,0.936469962786,0.92795389049,122,137,0,0,0,0
2441,WLNM_dir_neg,0.971295753636,0.811307966827,00:00:04,10,60,22,1238529957,threshold_sweep,0.2,0.975,0.85401459854,0.910505836576,117,3,20,271,0.85401459854,0.989051094891,0.0109489051095,0.14598540146,0.975,0.85401459854,0.910505836576,0.94403892944,0.569343065693,0.870056497175,0.874097472684,0.843065693431,342,205,137,0,342,0,205,0,137,37,342,0.256756756757,1.72528881811,18.4864864865,15.5454545455,9.77142857143,5.36771015539,0.290358590277,0.142642642643,9.50849154237,1.02869645341,0.544491860281,8.05331334643,0.871264894205,0.461830251304,0.640599570326,0.371299902718,2,1.72528881811,0.640599570326,2,0.344071394247,0.376569037657,810,0.104247104247,0.56957682835,37,37,37,1,0,0.405405405405,0.540540540541,0.0540540540541,37,0.153903903904,1.79095474301,11.0810810811,9.31818181818,5.85714285714,3.96076857285,0.357435212672,0.198417930125,6.11280347847,1.10328648148,0.585893210283,4.9418540976,0.891944398103,0.478048780488,0.718684154481,0.4012854916,2.10282622617,1.79095474301,0.718684154481,2.10282622617,0.137907067319,0.0900128589799,70,0.00900900900901,0.260248872709,37,37,37,1,0,0.405405405405,0.540540540541,0.0540540540541,37,325,0.243993993994,1,17.5675675676,14.1304347826,9.28571428571,4.74072510007,0.269856659543,0.127068607069,8.87923650101,1.01086692473,0.531725571726,8.028197304,0.913979385378,0.482162162162,0,0,0,NaN,NaN,NaN,0.295515350791,0.309246038656,592,0.0761904761905,0.512380589925,37,37,0,1,2,0.378378378378,0.567567567568,0.0540540540541,-17,-0.0127627627628,-0.725288818115,-0.918918918919,-1.41501976285,-0.485714285714,-0.626985055319,-0.0205019307344,-0.015574035574,-0.629255041366,-0.0178295286846,-0.0127662885558,-0.0251160424343,0.0427144911736,0.0203319108582,-0.640599570326,-0.371299902718,-2,NaN,NaN,NaN,-0.0485560434561,-0.0673229990011,-218,-0.0280566280566,-0.0571962384246,-0.027027027027,0.027027027027,0,322,3,20,987,0.941520467836,0.99696969697,0.0030303030303,0.0584795321637,0.990769230769,0.941520467836,0.965517241379,0.954561601296,0.938490164806,0.933333333333,120,137,0,0,0,0
2442,WLNM_dir_neg,0.971295753636,0.811307966827,00:00:04,10,60,22,1238529957,threshold_sweep,0.3,0.983193277311,0.85401459854,0.9140625,117,2,20,272,0.85401459854,0.992700729927,0.00729927007299,0.14598540146,0.983193277311,0.85401459854,0.9140625,0.946472019465,0.570154095702,0.875471698113,0.880051486088,0.846715328467,342,205,137,0,342,0,205,0,137,37,342,0.256756756757,1.72528881811,18.4864864865,15.5454545455,9.77142857143,5.36771015539,0.290358590277,0.142642642643,9.50849154237,1.02869645341,0.544491860281,8.05331334643,0.871264894205,0.461830251304,0.640599570326,0.371299902718,2,1.72528881811,0.640599570326,2,0.344071394247,0.376569037657,810,0.104247104247,0.56957682835,37,37,37,1,0,0.405405405405,0.540540540541,0.0540540540541,37,0.153903903904,1.79095474301,11.0810810811,9.31818181818,5.85714285714,3.96076857285,0.357435212672,0.198417930125,6.11280347847,1.10328648148,0.585893210283,4.9418540976,0.891944398103,0.478048780488,0.718684154481,0.4012854916,2.10282622617,1.79095474301,0.718684154481,2.10282622617,0.137907067319,0.0900128589799,70,0.00900900900901,0.260248872709,37,37,37,1,0,0.405405405405,0.540540540541,0.0540540540541,37,324,0.243243243243,1,17.5135135135,14.0869565217,9.25714285714,4.75874412483,0.271718414535,0.127711044378,8.84874569079,1.01050490913,0.530697364031,8.0187468036,0.915721085597,0.482982982983,0,0,0,NaN,NaN,NaN,0.289736729223,0.308823529412,588,0.0756756756757,0.511800226747,37,37,0,1,2,0.378378378378,0.567567567568,0.0540540540541,-18,-0.0135135135135,-0.725288818115,-0.972972972973,-1.45849802372,-0.514285714286,-0.608966030559,-0.0186401757418,-0.0149315982649,-0.659745851583,-0.0181915442812,-0.0137944962506,-0.0345665428308,0.0444561913918,0.021152731679,-0.640599570326,-0.371299902718,-2,NaN,NaN,NaN,-0.0543346650242,-0.0677455082451,-222,-0.0285714285714,-0.0577766016025,-0.027027027027,0.027027027027,0,322,2,20,988,0.941520467836,0.99797979798,0.0020202020202,0.0584795321637,0.993827160494,0.941520467836,0.966966966967,0.95658768713,0.939500265816,0.936046511628,119,137,0,0,0,0
2443,WLNM_dir_neg,0.971295753636,0.811307966827,00:00:04,10,60,22,1238529957,threshold_sweep,0.4,0.983193277311,0.85401459854,0.9140625,117,2,20,272,0.85401459854,0.992700729927,0.00729927007299,0.14598540146,0.983193277311,0.85401459854,0.9140625,0.946472019465,0.570154095702,0.875471698113,0.880051486088,0.846715328467,342,205,137,0,342,0,205,0,137,37,342,0.256756756757,1.72528881811,18.4864864865,15.5454545455,9.77142857143,5.36771015539,0.290358590277,0.142642642643,9.50849154237,1.02869645341,0.544491860281,8.05331334643,0.871264894205,0.461830251304,0.640599570326,0.371299902718,2,1.72528881811,0.640599570326,2,0.344071394247,0.376569037657,810,0.104247104247,0.56957682835,37,37,37,1,0,0.405405405405,0.540540540541,0.0540540540541,37,0.153903903904,1.79095474301,11.0810810811,9.31818181818,5.85714285714,3.96076857285,0.357435212672,0.198417930125,6.11280347847,1.10328648148,0.585893210283,4.9418540976,0.891944398103,0.478048780488,0.718684154481,0.4012854916,2.10282622617,1.79095474301,0.718684154481,2.10282622617,0.137907067319,0.0900128589799,70,0.00900900900901,0.260248872709,37,37,37,1,0,0.405405405405,0.540540540541,0.0540540540541,37,324,0.243243243243,1,17.5135135135,14.0869565217,9.25714285714,4.75874412483,0.271718414535,0.127711044378,8.84874569079,1.01050490913,0.530697364031,8.0187468036,0.915721085597,0.482982982983,0,0,0,NaN,NaN,NaN,0.289736729223,0.308823529412,588,0.0756756756757,0.511800226747,37,37,0,1,2,0.378378378378,0.567567567568,0.0540540540541,-18,-0.0135135135135,-0.725288818115,-0.972972972973,-1.45849802372,-0.514285714286,-0.608966030559,-0.0186401757418,-0.0149315982649,-0.659745851583,-0.0181915442812,-0.0137944962506,-0.0345665428308,0.0444561913918,0.021152731679,-0.640599570326,-0.371299902718,-2,NaN,NaN,NaN,-0.0543346650242,-0.0677455082451,-222,-0.0285714285714,-0.0577766016025,-0.027027027027,0.027027027027,0,322,2,20,988,0.941520467836,0.99797979798,0.0020202020202,0.0584795321637,0.993827160494,0.941520467836,0.966966966967,0.95658768713,0.939500265816,0.936046511628,119,137,0,0,0,0
2444,WLNM_dir_neg,0.971295753636,0.811307966827,00:00:04,10,60,22,1238529957,threshold_sweep,0.5,0.983193277311,0.85401459854,0.9140625,117,2,20,272,0.85401459854,0.992700729927,0.00729927007299,0.14598540146,0.983193277311,0.85401459854,0.9140625,0.946472019465,0.570154095702,0.875471698113,0.880051486088,0.846715328467,342,205,137,0,342,0,205,0,137,37,342,0.256756756757,1.72528881811,18.4864864865,15.5454545455,9.77142857143,5.36771015539,0.290358590277,0.142642642643,9.50849154237,1.02869645341,0.544491860281,8.05331334643,0.871264894205,0.461830251304,0.640599570326,0.371299902718,2,1.72528881811,0.640599570326,2,0.344071394247,0.376569037657,810,0.104247104247,0.56957682835,37,37,37,1,0,0.405405405405,0.540540540541,0.0540540540541,37,0.153903903904,1.79095474301,11.0810810811,9.31818181818,5.85714285714,3.96076857285,0.357435212672,0.198417930125,6.11280347847,1.10328648148,0.585893210283,4.9418540976,0.891944398103,0.478048780488,0.718684154481,0.4012854916,2.10282622617,1.79095474301,0.718684154481,2.10282622617,0.137907067319,0.0900128589799,70,0.00900900900901,0.260248872709,37,37,37,1,0,0.405405405405,0.540540540541,0.0540540540541,37,324,0.243243243243,1,17.5135135135,14.0869565217,9.25714285714,4.75874412483,0.271718414535,0.127711044378,8.84874569079,1.01050490913,0.530697364031,8.0187468036,0.915721085597,0.482982982983,0,0,0,NaN,NaN,NaN,0.289736729223,0.308823529412,588,0.0756756756757,0.511800226747,37,37,0,1,2,0.378378378378,0.567567567568,0.0540540540541,-18,-0.0135135135135,-0.725288818115,-0.972972972973,-1.45849802372,-0.514285714286,-0.608966030559,-0.0186401757418,-0.0149315982649,-0.659745851583,-0.0181915442812,-0.0137944962506,-0.0345665428308,0.0444561913918,0.021152731679,-0.640599570326,-0.371299902718,-2,NaN,NaN,NaN,-0.0543346650242,-0.0677455082451,-222,-0.0285714285714,-0.0577766016025,-0.027027027027,0.027027027027,0,322,2,20,988,0.941520467836,0.99797979798,0.0020202020202,0.0584795321637,0.993827160494,0.941520467836,0.966966966967,0.95658768713,0.939500265816,0.936046511628,119,137,0,0,0,0
2445,WLNM_dir_neg,0.971295753636,0.811307966827,00:00:04,10,60,22,1238529957,threshold_sweep,0.6,0.983193277311,0.85401459854,0.9140625,117,2,20,272,0.85401459854,0.992700729927,0.00729927007299,0.14598540146,0.983193277311,0.85401459854,0.9140625,0.946472019465,0.570154095702,0.875471698113,0.880051486088,0.846715328467,342,205,137,0,342,0,205,0,137,37,342,0.256756756757,1.72528881811,18.4864864865,15.5454545455,9.77142857143,5.36771015539,0.290358590277,0.142642642643,9.50849154237,1.02869645341,0.544491860281,8.05331334643,0.871264894205,0.461830251304,0.640599570326,0.371299902718,2,1.72528881811,0.640599570326,2,0.344071394247,0.376569037657,810,0.104247104247,0.56957682835,37,37,37,1,0,0.405405405405,0.540540540541,0.0540540540541,37,0.153903903904,1.79095474301,11.0810810811,9.31818181818,5.85714285714,3.96076857285,0.357435212672,0.198417930125,6.11280347847,1.10328648148,0.585893210283,4.9418540976,0.891944398103,0.478048780488,0.718684154481,0.4012854916,2.10282622617,1.79095474301,0.718684154481,2.10282622617,0.137907067319,0.0900128589799,70,0.00900900900901,0.260248872709,37,37,37,1,0,0.405405405405,0.540540540541,0.0540540540541,37,324,0.243243243243,1,17.5135135135,14.0869565217,9.25714285714,4.75874412483,0.271718414535,0.127711044378,8.84874569079,1.01050490913,0.530697364031,8.0187468036,0.915721085597,0.482982982983,0,0,0,NaN,NaN,NaN,0.289736729223,0.308823529412,588,0.0756756756757,0.511800226747,37,37,0,1,2,0.378378378378,0.567567567568,0.0540540540541,-18,-0.0135135135135,-0.725288818115,-0.972972972973,-1.45849802372,-0.514285714286,-0.608966030559,-0.0186401757418,-0.0149315982649,-0.659745851583,-0.0181915442812,-0.0137944962506,-0.0345665428308,0.0444561913918,0.021152731679,-0.640599570326,-0.371299902718,-2,NaN,NaN,NaN,-0.0543346650242,-0.0677455082451,-222,-0.0285714285714,-0.0577766016025,-0.027027027027,0.027027027027,0,322,2,20,988,0.941520467836,0.99797979798,0.0020202020202,0.0584795321637,0.993827160494,0.941520467836,0.966966966967,0.95658768713,0.939500265816,0.936046511628,119,137,0,0,0,0
2446,WLNM_dir_neg,0.971295753636,0.811307966827,00:00:04,10,60,22,1238529957,threshold_sweep,0.7,0.991525423729,0.85401459854,0.917647058824,117,1,20,273,0.85401459854,0.996350364964,0.0036496350365,0.14598540146,0.991525423729,0.85401459854,0.917647058824,0.948905109489,0.57096512571,0.880907372401,0.886066075844,0.850364963504,342,205,137,0,342,0,205,0,137,37,342,0.256756756757,1.72528881811,18.4864864865,15.5454545455,9.77142857143,5.36771015539,0.290358590277,0.142642642643,9.50849154237,1.02869645341,0.544491860281,8.05331334643,0.871264894205,0.461830251304,0.640599570326,0.371299902718,2,1.72528881811,0.640599570326,2,0.344071394247,0.376569037657,810,0.104247104247,0.56957682835,37,37,37,1,0,0.405405405405,0.540540540541,0.0540540540541,37,0.153903903904,1.79095474301,11.0810810811,9.31818181818,5.85714285714,3.96076857285,0.357435212672,0.198417930125,6.11280347847,1.10328648148,0.585893210283,4.9418540976,0.891944398103,0.478048780488,0.718684154481,0.4012854916,2.10282622617,1.79095474301,0.718684154481,2.10282622617,0.137907067319,0.0900128589799,70,0.00900900900901,0.260248872709,37,37,37,1,0,0.405405405405,0.540540540541,0.0540540540541,37,323,0.242492492492,1.71872344367,17.4594594595,14.6818181818,9.22857142857,4.89668025069,0.280460014358,0.130951384821,8.87458496259,1.01659332389,0.533009789976,8.04379902177,0.921425894135,0.486151786461,0.633220766223,0.368425047413,2,1.71872344367,0.633220766223,2,0.289736729223,0.308823529412,588,0.0756756756757,0.560398805341,37,37,37,1,0,0.405405405405,0.540540540541,0.0540540540541,-19,-0.0142642642643,-0.00656537444723,-1.02702702703,-0.863636363636,-0.542857142857,-0.471029904705,-0.00989857591883,-0.0116912578213,-0.633906579783,-0.0121031295266,-0.0114820703056,-0.0095143246596,0.0501609999303,0.0243215351574,-0.00737880410331,-0.00287485530494,0,-0.00656537444723,-0.00737880410331,0,-0.0543346650242,-0.0677455082451,-222,-0.0285714285714,-0.00917802300896,0,0,0,322,1,20,989,0.941520467836,0.99898989899,0.0010101010101,0.0584795321637,0.996904024768,0.941520467836,0.968421052632,0.958622002939,0.940510366826,0.938775510204,118,137,0,0,0,0
2447,WLNM_dir_neg,0.971295753636,0.811307966827,00:00:04,10,60,22,1238529957,threshold_sweep,0.8,0.991452991453,0.846715328467,0.913385826772,116,1,21,273,0.846715328467,0.996350364964,0.0036496350365,0.153284671533,0.991452991453,0.846715328467,0.913385826772,0.946472019465,0.571776155718,0.875,0.880704845928,0.843065693431,342,205,137,0,342,0,205,0,137,37,342,0.256756756757,1.72528881811,18.4864864865,15.5454545455,9.77142857143,5.36771015539,0.290358590277,0.142642642643,9.50849154237,1.02869645341,0.544491860281,8.05331334643,0.871264894205,0.461830251304,0.640599570326,0.371299902718,2,1.72528881811,0.640599570326,2,0.344071394247,0.376569037657,810,0.104247104247,0.56957682835,37,37,37,1,0,0.405405405405,0.540540540541,0.0540540540541,37,0.153903903904,1.79095474301,11.0810810811,9.31818181818,5.85714285714,3.96076857285,0.357435212672,0.198417930125,6.11280347847,1.10328648148,0.585893210283,4.9418540976,0.891944398103,0.478048780488,0.718684154481,0.4012854916,2.10282622617,1.79095474301,0.718684154481,2.10282622617,0.137907067319,0.0900128589799,70,0.00900900900901,0.260248872709,37,37,37,1,0,0.405405405405,0.540540540541,0.0540540540541,37,322,0.241741741742,1.71694550889,17.4054054054,14.6363636364,9.2,4.89023664196,0.280960800858,0.131777740473,8.85332600673,1.01730764674,0.532986402552,8.06523701128,0.926750836699,0.488500923284,0.631979852443,0.368083814642,2,1.71694550889,0.631979852443,2,0.283735349757,0.302272326933,572,0.0736164736165,0.563315732877,37,37,37,1,0,0.405405405405,0.540540540541,0.0540540540541,-20,-0.015015015015,-0.00834330922698,-1.08108108108,-0.909090909091,-0.571428571429,-0.477473513429,-0.0093977894189,-0.0108649021692,-0.655165535648,-0.0113888066791,-0.0115054577297,0.0119236648413,0.0554859424945,0.0266706719796,-0.00861971788274,-0.00321608807608,0,-0.00834330922698,-0.00861971788274,0,-0.0603360444904,-0.0742967107237,-238,-0.0306306306306,-0.00626109547239,0,0,0,321,1,21,989,0.938596491228,0.99898989899,0.0010101010101,0.0614035087719,0.996894409938,0.938596491228,0.96686746988,0.95665054265,0.937586390218,0.935860058309,117,137,0,0,0,0
2448,WLNM_dir_neg,0.971295753636,0.811307966827,00:00:04,10,60,22,1238529957,threshold_sweep,0.9,0.991228070175,0.824817518248,0.900398406375,113,1,24,273,0.824817518248,0.996350364964,0.0036496350365,0.175182481752,0.991228070175,0.824817518248,0.900398406375,0.939172749392,0.574209245742,0.857142857143,0.864643079833,0.821167883212,342,205,137,0,342,0,205,0,137,37,342,0.256756756757,1.72528881811,18.4864864865,15.5454545455,9.77142857143,5.36771015539,0.290358590277,0.142642642643,9.50849154237,1.02869645341,0.544491860281,8.05331334643,0.871264894205,0.461830251304,0.640599570326,0.371299902718,2,1.72528881811,0.640599570326,2,0.344071394247,0.376569037657,810,0.104247104247,0.56957682835,37,37,37,1,0,0.405405405405,0.540540540541,0.0540540540541,37,0.153903903904,1.79095474301,11.0810810811,9.31818181818,5.85714285714,3.96076857285,0.357435212672,0.198417930125,6.11280347847,1.10328648148,0.585893210283,4.9418540976,0.891944398103,0.478048780488,0.718684154481,0.4012854916,2.10282622617,1.79095474301,0.718684154481,2.10282622617,0.137907067319,0.0900128589799,70,0.00900900900901,0.260248872709,37,37,37,1,0,0.405405405405,0.540540540541,0.0540540540541,37,319,0.239489489489,1.71964410902,17.2432432432,14.5,9.11428571429,4.87285796476,0.282595211123,0.133525374905,8.7982048401,1.02048143913,0.535795984072,7.96642730237,0.92400567457,0.48851986783,0.635063185005,0.369299194917,2,1.71964410902,0.635063185005,2,0.283112686325,0.298601147776,555,0.0714285714286,0.552357750762,37,37,37,1,0,0.405405405405,0.540540540541,0.0540540540541,-23,-0.0172672672673,-0.00564470909341,-1.24324324324,-1.04545454545,-0.657142857143,-0.494852190631,-0.00776337915456,-0.00911726773796,-0.710286702272,-0.00821501428063,-0.00869587620949,-0.0868860440631,0.0527407803648,0.0266896165263,-0.00553638532064,-0.00200070780072,0,-0.00564470909341,-0.00553638532064,0,-0.0609587079224,-0.0779678898807,-255,-0.0328185328185,-0.0172190775882,0,0,0,318,1,24,989,0.929824561404,0.99898989899,0.0010101010101,0.0701754385965,0.996865203762,0.929824561404,0.962178517398,0.950735157893,0.928814460393,0.927113702624,114,137,0,0,0,0
2449,WLNM_dir_neg,0.973453567052,0.719763837673,00:00:04,10,60,23,1238529958,threshold_sweep,0.1,0.918518518519,0.905109489051,0.911764705882,124,11,13,263,0.905109489051,0.959854014599,0.0401459854015,0.0948905109489,0.918518518519,0.905109489051,0.911764705882,0.941605839416,0.557177615572,0.868131868132,0.868184289971,0.86496350365,342,205,137,0,342,0,205,0,137,37,342,0.256756756757,1.72528881811,18.4864864865,15.5454545455,9.77142857143,5.36771015539,0.290358590277,0.142642642643,9.50849154237,1.02869645341,0.544491860281,8.05331334643,0.871264894205,0.461830251304,0.640599570326,0.371299902718,2,1.72528881811,0.640599570326,2,0.344071394247,0.376569037657,810,0.104247104247,0.56957682835,37,37,37,1,0,0.405405405405,0.540540540541,0.0540540540541,37,0.153903903904,1.81908730372,11.0810810811,9.31818181818,5.85714285714,4.38037529074,0.395302160383,0.219907712591,6.17609457053,1.11470975175,0.590639419908,5.08043411637,0.916956401492,0.488332234674,0.747619616744,0.410986111121,2.19582664084,1.81908730372,0.747619616744,2.19582664084,0.171799708023,0.115240083507,92,0.0118404118404,0.262872272261,37,37,37,1,0,0.405405405405,0.540540540541,0.0540540540541,37,340,0.255255255255,1.71492933317,18.3783783784,15.4545454545,9.44444444444,4.46188395282,0.242778979786,0.119634340223,9.02415843364,0.98204077072,0.526709062003,8.1576066678,0.887739549143,0.466454689984,0.617663649303,0.360168572172,1.57531702127,1.71492933317,0.617663649303,1.57531702127,0.322473090871,0.332685769791,685,0.0881595881596,0.571514184452,37,37,37,1,0,0.405405405405,0.567567567568,0.027027027027,-2,-0.0015015015015,-0.0103594849494,-0.108108108108,-0.0909090909091,-0.326984126984,-0.905826202576,-0.0475796104915,-0.0230083024201,-0.484333108735,-0.0466556826952,-0.0177827982782,0.104293321366,0.0164746549381,0.00462443868017,-0.0229359210233,-0.0111313305453,-0.424682978726,-0.0103594849494,-0.0229359210233,-0.424682978726,-0.0215983033768,-0.0438832678657,-125,-0.0160875160875,0.00193735610255,0,0.027027027027,-0.027027027027,329,11,13,979,0.961988304094,0.988888888889,0.0111111111111,0.0380116959064,0.967647058824,0.961988304094,0.964809384164,0.952707944149,0.950877192982,0.932011331445,135,137,0,0,0,0
2450,WLNM_dir_neg,0.973453567052,0.719763837673,00:00:04,10,60,23,1238529958,threshold_sweep,0.2,0.952,0.868613138686,0.908396946565,119,6,18,268,0.868613138686,0.978102189781,0.021897810219,0.131386861314,0.952,0.868613138686,0.908396946565,0.941605839416,0.565287915653,0.865671641791,0.867630806728,0.846715328467,342,205,137,0,342,0,205,0,137,37,342,0.256756756757,1.72528881811,18.4864864865,15.5454545455,9.77142857143,5.36771015539,0.290358590277,0.142642642643,9.50849154237,1.02869645341,0.544491860281,8.05331334643,0.871264894205,0.461830251304,0.640599570326,0.371299902718,2,1.72528881811,0.640599570326,2,0.344071394247,0.376569037657,810,0.104247104247,0.56957682835,37,37,37,1,0,0.405405405405,0.540540540541,0.0540540540541,37,0.153903903904,1.81908730372,11.0810810811,9.31818181818,5.85714285714,4.38037529074,0.395302160383,0.219907712591,6.17609457053,1.11470975175,0.590639419908,5.08043411637,0.916956401492,0.488332234674,0.747619616744,0.410986111121,2.19582664084,1.81908730372,0.747619616744,2.19582664084,0.171799708023,0.115240083507,92,0.0118404118404,0.262872272261,37,37,37,1,0,0.405405405405,0.540540540541,0.0540540540541,37,330,0.247747747748,1.74673550084,17.8378378378,15,9.16666666667,4.62789557114,0.259442630504,0.125307125307,8.84552108376,0.991770545755,0.527108927109,8.03941118069,0.901388526319,0.476003276003,0.670659241002,0.383950083272,2.15172296626,1.74673550084,0.670659241002,2.15172296626,0.289594513309,0.309267793139,604,0.0777348777349,0.553732942618,37,37,37,1,0,0.405405405405,0.567567567568,0.027027027027,-12,-0.00900900900901,0.0214466827263,-0.648648648649,-0.545454545455,-0.604761904762,-0.739814584249,-0.0309159597736,-0.0173355173355,-0.662970458615,-0.0369259076599,-0.0173829331724,-0.0139021657487,0.0301236321144,0.0141730246993,0.0300596706757,0.012650180554,0.151722966263,0.0214466827263,0.0300596706757,0.151722966263,-0.0544768809384,-0.0673012445181,-206,-0.0265122265122,-0.0158438857322,0,0.027027027027,-0.027027027027,324,6,18,984,0.947368421053,0.993939393939,0.00606060606061,0.0526315789474,0.981818181818,0.947368421053,0.964285714286,0.952514255127,0.941307814992,0.931034482759,125,137,0,0,0,0
2451,WLNM_dir_neg,0.973453567052,0.719763837673,00:00:04,10,60,23,1238529958,threshold_sweep,0.3,0.959677419355,0.868613138686,0.911877394636,119,5,18,269,0.868613138686,0.981751824818,0.0182481751825,0.131386861314,0.959677419355,0.868613138686,0.911877394636,0.94403892944,0.566098945661,0.871028037383,0.87335162418,0.850364963504,342,205,137,0,342,0,205,0,137,37,342,0.256756756757,1.72528881811,18.4864864865,15.5454545455,9.77142857143,5.36771015539,0.290358590277,0.142642642643,9.50849154237,1.02869645341,0.544491860281,8.05331334643,0.871264894205,0.461830251304,0.640599570326,0.371299902718,2,1.72528881811,0.640599570326,2,0.344071394247,0.376569037657,810,0.104247104247,0.56957682835,37,37,37,1,0,0.405405405405,0.540540540541,0.0540540540541,37,0.153903903904,1.81908730372,11.0810810811,9.31818181818,5.85714285714,4.38037529074,0.395302160383,0.219907712591,6.17609457053,1.11470975175,0.590639419908,5.08043411637,0.916956401492,0.488332234674,0.747619616744,0.410986111121,2.19582664084,1.81908730372,0.747619616744,2.19582664084,0.171799708023,0.115240083507,92,0.0118404118404,0.262872272261,37,37,37,1,0,0.405405405405,0.540540540541,0.0540540540541,37,329,0.246996996997,1.74210989242,17.7837837838,14.9545454545,9.13888888889,4.6793585454,0.263125024589,0.125687998028,8.868745946,0.997396960492,0.528875379939,8.054618357,0.905838538629,0.477614392508,0.661858848566,0.37991796697,2,1.74210989242,0.661858848566,2,0.290340340142,0.310078848132,603,0.0776061776062,0.555172055581,37,37,37,1,0,0.405405405405,0.567567567568,0.027027027027,-13,-0.00975975975976,0.0168210743037,-0.702702702703,-0.590909090909,-0.63253968254,-0.688351609995,-0.0272335656878,-0.0169546446142,-0.639745596377,-0.0312994929226,-0.0156164803421,0.001305010563,0.034573644424,0.0157841412041,0.0212592782397,0.0086180642521,0,0.0168210743037,0.0212592782397,0,-0.0537310541056,-0.0664901895253,-207,-0.0266409266409,-0.0144047727688,0,0.027027027027,-0.027027027027,324,5,18,985,0.947368421053,0.994949494949,0.00505050505051,0.0526315789474,0.984802431611,0.947368421053,0.965722801788,0.954508242767,0.942317916002,0.933717579251,124,137,0,0,0,0
2452,WLNM_dir_neg,0.973453567052,0.719763837673,00:00:04,10,60,23,1238529958,threshold_sweep,0.4,0.967479674797,0.868613138686,0.915384615385,119,4,18,270,0.868613138686,0.985401459854,0.014598540146,0.131386861314,0.967479674797,0.868613138686,0.915384615385,0.946472019465,0.566909975669,0.876404494382,0.879127893801,0.85401459854,342,205,137,0,342,0,205,0,137,37,342,0.256756756757,1.72528881811,18.4864864865,15.5454545455,9.77142857143,5.36771015539,0.290358590277,0.142642642643,9.50849154237,1.02869645341,0.544491860281,8.05331334643,0.871264894205,0.461830251304,0.640599570326,0.371299902718,2,1.72528881811,0.640599570326,2,0.344071394247,0.376569037657,810,0.104247104247,0.56957682835,37,37,37,1,0,0.405405405405,0.540540540541,0.0540540540541,37,0.153903903904,1.81908730372,11.0810810811,9.31818181818,5.85714285714,4.38037529074,0.395302160383,0.219907712591,6.17609457053,1.11470975175,0.590639419908,5.08043411637,0.916956401492,0.488332234674,0.747619616744,0.410986111121,2.19582664084,1.81908730372,0.747619616744,2.19582664084,0.171799708023,0.115240083507,92,0.0118404118404,0.262872272261,37,37,37,1,0,0.405405405405,0.540540540541,0.0540540540541,37,328,0.246246246246,1.73989739893,17.7297297297,14.9090909091,9.11111111111,4.64667532668,0.262083821779,0.124258404746,8.84170094923,0.997386997322,0.52867501648,8.08002393479,0.911466114595,0.480718523401,0.660148200302,0.379417890221,2,1.73989739893,0.660148200302,2,0.290340340142,0.310078848132,603,0.0776061776062,0.557817980072,37,37,37,1,0,0.405405405405,0.567567567568,0.027027027027,-14,-0.0105105105105,0.0146085808148,-0.756756756757,-0.636363636364,-0.660317460317,-0.721034828712,-0.0282747684978,-0.0183842378964,-0.666790593141,-0.0313094560927,-0.0158168438014,0.0267105883562,0.0402012203904,0.0188882720975,0.0195486299763,0.00811798750295,0,0.0146085808148,0.0195486299763,0,-0.0537310541056,-0.0664901895253,-207,-0.0266409266409,-0.0117588482783,0,0.027027027027,-0.027027027027,324,4,18,986,0.947368421053,0.99595959596,0.0040404040404,0.0526315789474,0.987804878049,0.947368421053,0.967164179104,0.956510199381,0.943328017012,0.936416184971,123,137,0,0,0,0
2453,WLNM_dir_neg,0.973453567052,0.719763837673,00:00:04,10,60,23,1238529958,threshold_sweep,0.5,0.967213114754,0.861313868613,0.911196911197,118,4,19,270,0.861313868613,0.985401459854,0.014598540146,0.138686131387,0.967213114754,0.861313868613,0.911196911197,0.94403892944,0.567721005677,0.870544090056,0.873663416013,0.846715328467,342,205,137,0,342,0,205,0,137,37,342,0.256756756757,1.72528881811,18.4864864865,15.5454545455,9.77142857143,5.36771015539,0.290358590277,0.142642642643,9.50849154237,1.02869645341,0.544491860281,8.05331334643,0.871264894205,0.461830251304,0.640599570326,0.371299902718,2,1.72528881811,0.640599570326,2,0.344071394247,0.376569037657,810,0.104247104247,0.56957682835,37,37,37,1,0,0.405405405405,0.540540540541,0.0540540540541,37,0.153903903904,1.81908730372,11.0810810811,9.31818181818,5.85714285714,4.38037529074,0.395302160383,0.219907712591,6.17609457053,1.11470975175,0.590639419908,5.08043411637,0.916956401492,0.488332234674,0.747619616744,0.410986111121,2.19582664084,1.81908730372,0.747619616744,2.19582664084,0.171799708023,0.115240083507,92,0.0118404118404,0.262872272261,37,37,37,1,0,0.405405405405,0.540540540541,0.0540540540541,37,327,0.245495495495,1.73855404591,17.6756756757,14.8636363636,9.08333333333,4.61310966494,0.26098632661,0.122902719233,8.80818279125,0.996644536013,0.527812215886,8.10525725657,0.917108619245,0.483676336887,0.658576248315,0.378806888324,2,1.73855404591,0.658576248315,2,0.286656199844,0.304400345125,588,0.0756756756757,0.559259723339,37,37,37,1,0,0.405405405405,0.567567567568,0.027027027027,-15,-0.0112612612613,0.0132652277966,-0.810810810811,-0.681818181818,-0.688095238095,-0.754600490451,-0.0293722636673,-0.0197399234096,-0.700308751124,-0.0320519174017,-0.0166796443957,0.0519439101367,0.0458437250402,0.0218460855834,0.0179766779892,0.00750698560653,0,0.0132652277966,0.0179766779892,0,-0.057415194403,-0.0721686925318,-222,-0.0285714285714,-0.0103171050112,0,0.027027027027,-0.027027027027,323,4,19,986,0.944444444444,0.99595959596,0.0040404040404,0.0555555555556,0.987767584098,0.944444444444,0.965620328849,0.954527026444,0.940404040404,0.933526011561,122,137,0,0,0,0
2454,WLNM_dir_neg,0.973453567052,0.719763837673,00:00:04,10,60,23,1238529958,threshold_sweep,0.6,0.97520661157,0.861313868613,0.914728682171,118,3,19,271,0.861313868613,0.989051094891,0.0109489051095,0.138686131387,0.97520661157,0.861313868613,0.914728682171,0.946472019465,0.568532035685,0.875939849624,0.879527127542,0.850364963504,342,205,137,0,342,0,205,0,137,37,342,0.256756756757,1.72528881811,18.4864864865,15.5454545455,9.77142857143,5.36771015539,0.290358590277,0.142642642643,9.50849154237,1.02869645341,0.544491860281,8.05331334643,0.871264894205,0.461830251304,0.640599570326,0.371299902718,2,1.72528881811,0.640599570326,2,0.344071394247,0.376569037657,810,0.104247104247,0.56957682835,37,37,37,1,0,0.405405405405,0.540540540541,0.0540540540541,37,0.153903903904,1.81908730372,11.0810810811,9.31818181818,5.85714285714,4.38037529074,0.395302160383,0.219907712591,6.17609457053,1.11470975175,0.590639419908,5.08043411637,0.916956401492,0.488332234674,0.747619616744,0.410986111121,2.19582664084,1.81908730372,0.747619616744,2.19582664084,0.171799708023,0.115240083507,92,0.0118404118404,0.262872272261,37,37,37,1,0,0.405405405405,0.540540540541,0.0540540540541,37,326,0.244744744745,1.73769551083,17.6216216216,14.8181818182,9.31428571429,4.57864215286,0.259830919718,0.12236776654,8.76494862075,0.994794782109,0.526612502073,8.13373577501,0.923154060354,0.487978776322,0.657632805892,0.378451116315,2,1.73769551083,0.657632805892,2,0.281393223892,0.298696785404,573,0.0737451737452,0.56134585592,37,37,37,1,0,0.405405405405,0.540540540541,0.0540540540541,-16,-0.012012012012,0.01240669272,-0.864864864865,-0.727272727273,-0.457142857143,-0.789068002531,-0.0305276705595,-0.0202748761031,-0.743542921628,-0.0339016713056,-0.0178793582087,0.0804224285745,0.0518891661489,0.0261485250184,0.0170332355655,0.00715121359759,0,0.01240669272,0.0170332355655,0,-0.0626781703552,-0.0778722522529,-237,-0.0305019305019,-0.00823097242966,0,0,0,323,3,19,987,0.944444444444,0.99696969697,0.0030303030303,0.0555555555556,0.990797546012,0.944444444444,0.967065868263,0.956540973264,0.941414141414,0.936231884058,121,137,0,0,0,0
2455,WLNM_dir_neg,0.973453567052,0.719763837673,00:00:04,10,60,23,1238529958,threshold_sweep,0.7,0.983333333333,0.861313868613,0.918287937743,118,2,19,272,0.861313868613,0.992700729927,0.00729927007299,0.138686131387,0.983333333333,0.861313868613,0.918287937743,0.948905109489,0.569343065693,0.881355932203,0.885449387914,0.85401459854,342,205,137,0,342,0,205,0,137,37,342,0.256756756757,1.72528881811,18.4864864865,15.5454545455,9.77142857143,5.36771015539,0.290358590277,0.142642642643,9.50849154237,1.02869645341,0.544491860281,8.05331334643,0.871264894205,0.461830251304,0.640599570326,0.371299902718,2,1.72528881811,0.640599570326,2,0.344071394247,0.376569037657,810,0.104247104247,0.56957682835,37,37,37,1,0,0.405405405405,0.540540540541,0.0540540540541,37,0.153903903904,1.81908730372,11.0810810811,9.31818181818,5.85714285714,4.38037529074,0.395302160383,0.219907712591,6.17609457053,1.11470975175,0.590639419908,5.08043411637,0.916956401492,0.488332234674,0.747619616744,0.410986111121,2.19582664084,1.81908730372,0.747619616744,2.19582664084,0.171799708023,0.115240083507,92,0.0118404118404,0.262872272261,37,37,37,1,0,0.405405405405,0.540540540541,0.0540540540541,37,325,0.243993993994,1.73429931431,17.5675675676,14.7727272727,9.28571428571,4.66393098708,0.265485302342,0.124490644491,8.74050321185,0.995072673349,0.526735966736,8.15861894337,0.928827387399,0.490810810811,0.655432906099,0.377923753236,2,1.73429931431,0.655432906099,2,0.300210803081,0.299738448126,573,0.0737451737452,0.564330820939,37,37,37,1,0,0.405405405405,0.540540540541,0.0540540540541,-17,-0.0127627627628,0.00901049619552,-0.918918918919,-0.772727272727,-0.485714285714,-0.703779168313,-0.0248732879356,-0.018151998152,-0.767988330523,-0.0336237800655,-0.0177558935454,0.105305596933,0.0575624931938,0.0289805595069,0.0148333357731,0.00662385051844,0,0.00901049619552,0.0148333357731,0,-0.0438605911661,-0.0768305895314,-237,-0.0305019305019,-0.00524600741109,0,0,0,323,2,19,988,0.944444444444,0.99797979798,0.0020202020202,0.0555555555556,0.993846153846,0.944444444444,0.968515742129,0.958563049124,0.942424242424,0.938953488372,120,137,0,0,0,0
2456,WLNM_dir_neg,0.973453567052,0.719763837673,00:00:04,10,60,23,1238529958,threshold_sweep,0.8,0.983333333333,0.861313868613,0.918287937743,118,2,19,272,0.861313868613,0.992700729927,0.00729927007299,0.138686131387,0.983333333333,0.861313868613,0.918287937743,0.948905109489,0.569343065693,0.881355932203,0.885449387914,0.85401459854,342,205,137,0,342,0,205,0,137,37,342,0.256756756757,1.72528881811,18.4864864865,15.5454545455,9.77142857143,5.36771015539,0.290358590277,0.142642642643,9.50849154237,1.02869645341,0.544491860281,8.05331334643,0.871264894205,0.461830251304,0.640599570326,0.371299902718,2,1.72528881811,0.640599570326,2,0.344071394247,0.376569037657,810,0.104247104247,0.56957682835,37,37,37,1,0,0.405405405405,0.540540540541,0.0540540540541,37,0.153903903904,1.81908730372,11.0810810811,9.31818181818,5.85714285714,4.38037529074,0.395302160383,0.219907712591,6.17609457053,1.11470975175,0.590639419908,5.08043411637,0.916956401492,0.488332234674,0.747619616744,0.410986111121,2.19582664084,1.81908730372,0.747619616744,2.19582664084,0.171799708023,0.115240083507,92,0.0118404118404,0.262872272261,37,37,37,1,0,0.405405405405,0.540540540541,0.0540540540541,37,325,0.243993993994,1.73429931431,17.5675675676,14.7727272727,9.28571428571,4.66393098708,0.265485302342,0.124490644491,8.74050321185,0.995072673349,0.526735966736,8.15861894337,0.928827387399,0.490810810811,0.655432906099,0.377923753236,2,1.73429931431,0.655432906099,2,0.300210803081,0.299738448126,573,0.0737451737452,0.564330820939,37,37,37,1,0,0.405405405405,0.540540540541,0.0540540540541,-17,-0.0127627627628,0.00901049619552,-0.918918918919,-0.772727272727,-0.485714285714,-0.703779168313,-0.0248732879356,-0.018151998152,-0.767988330523,-0.0336237800655,-0.0177558935454,0.105305596933,0.0575624931938,0.0289805595069,0.0148333357731,0.00662385051844,0,0.00901049619552,0.0148333357731,0,-0.0438605911661,-0.0768305895314,-237,-0.0305019305019,-0.00524600741109,0,0,0,323,2,19,988,0.944444444444,0.99797979798,0.0020202020202,0.0555555555556,0.993846153846,0.944444444444,0.968515742129,0.958563049124,0.942424242424,0.938953488372,120,137,0,0,0,0
2457,WLNM_dir_neg,0.973453567052,0.719763837673,00:00:04,10,60,23,1238529958,threshold_sweep,0.9,0.983050847458,0.846715328467,0.909803921569,116,2,21,272,0.846715328467,0.992700729927,0.00729927007299,0.153284671533,0.983050847458,0.846715328467,0.909803921569,0.94403892944,0.57096512571,0.869565217391,0.87465749976,0.839416058394,342,205,137,0,342,0,205,0,137,37,342,0.256756756757,1.72528881811,18.4864864865,15.5454545455,9.77142857143,5.36771015539,0.290358590277,0.142642642643,9.50849154237,1.02869645341,0.544491860281,8.05331334643,0.871264894205,0.461830251304,0.640599570326,0.371299902718,2,1.72528881811,0.640599570326,2,0.344071394247,0.376569037657,810,0.104247104247,0.56957682835,37,37,37,1,0,0.405405405405,0.540540540541,0.0540540540541,37,0.153903903904,1.81908730372,11.0810810811,9.31818181818,5.85714285714,4.38037529074,0.395302160383,0.219907712591,6.17609457053,1.11470975175,0.590639419908,5.08043411637,0.916956401492,0.488332234674,0.747619616744,0.410986111121,2.19582664084,1.81908730372,0.747619616744,2.19582664084,0.171799708023,0.115240083507,92,0.0118404118404,0.262872272261,37,37,37,1,0,0.405405405405,0.540540540541,0.0540540540541,37,323,0.242492492492,1.7323291831,17.4594594595,14.6818181818,9.22857142857,4.57404874503,0.261981120071,0.120910384068,8.66874541944,0.993014181175,0.525144339386,8.18755372722,0.937893151415,0.493849887039,0.653287358477,0.377115022277,2,1.7323291831,0.653287358477,2,0.291378475865,0.286624203822,540,0.0694980694981,0.566060878743,37,37,37,1,0,0.405405405405,0.540540540541,0.0540540540541,-19,-0.0142642642643,0.00704036498958,-1.02702702703,-0.863636363636,-0.542857142857,-0.793661410362,-0.0283774702057,-0.0217322585744,-0.83974612293,-0.03568227224,-0.0193475208955,0.134240380781,0.0666282572099,0.0320196357348,0.0126877881511,0.00581511955905,0,0.00704036498958,0.0126877881511,0,-0.0526929183825,-0.0899448338352,-270,-0.034749034749,-0.00351594960735,0,0,0,321,2,21,988,0.938596491228,0.99797979798,0.0020202020202,0.0614035087719,0.993808049536,0.938596491228,0.965413533835,0.954612165834,0.936576289208,0.933139534884,118,137,0,0,0,0
2458,WLNM_dir_neg,0.95884170707,0.655910026992,00:00:04,10,60,24,1238529959,threshold_sweep,0.1,0.954954954955,0.773722627737,0.854838709677,106,5,31,269,0.773722627737,0.981751824818,0.0182481751825,0.226277372263,0.954954954955,0.773722627737,0.854838709677,0.912408759124,0.576642335766,0.793103448276,0.802108707332,0.755474452555,342,205,137,0,342,0,205,0,137,37,342,0.256756756757,1.72528881811,18.4864864865,15.5454545455,9.77142857143,5.36771015539,0.290358590277,0.142642642643,9.50849154237,1.02869645341,0.544491860281,8.05331334643,0.871264894205,0.461830251304,0.640599570326,0.371299902718,2,1.72528881811,0.640599570326,2,0.344071394247,0.376569037657,810,0.104247104247,0.56957682835,37,37,37,1,0,0.405405405405,0.540540540541,0.0540540540541,37,0.153903903904,1.79894800344,11.0810810811,9.31818181818,5.85714285714,4.56665680278,0.412112930982,0.229268292683,6.22983232606,1.12440876129,0.594594594595,5.19398473982,0.93745090426,0.499406723797,0.721870223087,0.401273534147,2,1.79894800344,0.721870223087,2,0.200065181102,0.121237113402,98,0.0126126126126,0.269452662329,37,37,37,1,0,0.405405405405,0.540540540541,0.0540540540541,37,316,0.237237237237,1.85751203683,17.0810810811,13.7391304348,9.02857142857,4.76315942287,0.278855852288,0.1362470065,8.48722764117,0.993757666846,0.531132398221,8.01940214797,0.938980631249,0.490420800547,0.715784590257,0.385345869133,2.15384615385,1.85751203683,0.715784590257,2.15384615385,0.255784056409,0.264954059629,471,0.0606177606178,0.50385365178,37,37,37,1,0,0.378378378378,0.567567567568,0.0540540540541,-26,-0.0195195195195,0.132223218713,-1.40540540541,-1.80632411067,-0.742857142857,-0.604550732522,-0.0115027379888,-0.00639563614247,-1.02126390121,-0.034938786569,-0.0133594620603,-0.0339111984677,0.0677157370444,0.0285905492434,0.0751850199309,0.0140459664154,0.153846153846,0.132223218713,0.0751850199309,0.153846153846,-0.0882873378381,-0.111614978028,-339,-0.0436293436293,-0.0657231765694,-0.027027027027,0.027027027027,0,311,5,31,985,0.909356725146,0.994949494949,0.00505050505051,0.0906432748538,0.98417721519,0.909356725146,0.945288753799,0.92865793319,0.904306220096,0.896253602305,111,137,0,0,0,0
2459,WLNM_dir_neg,0.95884170707,0.655910026992,00:00:04,10,60,24,1238529959,threshold_sweep,0.2,0.962264150943,0.744525547445,0.83950617284,102,4,35,270,0.744525547445,0.985401459854,0.014598540146,0.255474452555,0.962264150943,0.744525547445,0.83950617284,0.905109489051,0.580697485807,0.773694390716,0.786524301174,0.729927007299,342,205,137,0,342,0,205,0,137,37,342,0.256756756757,1.72528881811,18.4864864865,15.5454545455,9.77142857143,5.36771015539,0.290358590277,0.142642642643,9.50849154237,1.02869645341,0.544491860281,8.05331334643,0.871264894205,0.461830251304,0.640599570326,0.371299902718,2,1.72528881811,0.640599570326,2,0.344071394247,0.376569037657,810,0.104247104247,0.56957682835,37,37,37,1,0,0.405405405405,0.540540540541,0.0540540540541,37,0.153903903904,1.79894800344,11.0810810811,9.31818181818,5.85714285714,4.56665680278,0.412112930982,0.229268292683,6.22983232606,1.12440876129,0.594594594595,5.19398473982,0.93745090426,0.499406723797,0.721870223087,0.401273534147,2,1.79894800344,0.721870223087,2,0.200065181102,0.121237113402,98,0.0126126126126,0.269452662329,37,37,37,1,0,0.405405405405,0.540540540541,0.0540540540541,37,311,0.233483483483,1.72399757405,16.8108108108,14.1363636364,8.88571428571,4.94322115987,0.294050133304,0.141218388807,8.53248517744,1.01511881532,0.540366733293,7.90027938838,0.939904621768,0.488224558964,0.637300929261,0.36966463228,2.03333333333,1.72399757405,0.637300929261,2.03333333333,0.259515496828,0.267621776504,467,0.060102960103,0.534622488847,37,37,37,1,0,0.405405405405,0.540540540541,0.0540540540541,-31,-0.0232732732733,-0.00129124406721,-1.67567567568,-1.40909090909,-0.885714285714,-0.424488995518,0.00369154302734,-0.00142425383583,-0.976006364931,-0.0135776380919,-0.00412512698856,-0.153033958057,0.0686397275635,0.0263943076602,-0.00329864106462,-0.00163527043803,0.0333333333333,-0.00129124406721,-0.00329864106462,0.0333333333333,-0.0845558974194,-0.108947261153,-343,-0.0441441441441,-0.0349543395031,0,0,0,307,4,35,986,0.897660818713,0.99595959596,0.0040404040404,0.102339181287,0.987138263666,0.897660818713,0.940275650842,0.922764049838,0.893620414673,0.887283236994,106,137,0,0,0,0
2460,WLNM_dir_neg,0.95884170707,0.655910026992,00:00:04,10,60,24,1238529959,threshold_sweep,0.3,0.962264150943,0.744525547445,0.83950617284,102,4,35,270,0.744525547445,0.985401459854,0.014598540146,0.255474452555,0.962264150943,0.744525547445,0.83950617284,0.905109489051,0.580697485807,0.773694390716,0.786524301174,0.729927007299,342,205,137,0,342,0,205,0,137,37,342,0.256756756757,1.72528881811,18.4864864865,15.5454545455,9.77142857143,5.36771015539,0.290358590277,0.142642642643,9.50849154237,1.02869645341,0.544491860281,8.05331334643,0.871264894205,0.461830251304,0.640599570326,0.371299902718,2,1.72528881811,0.640599570326,2,0.344071394247,0.376569037657,810,0.104247104247,0.56957682835,37,37,37,1,0,0.405405405405,0.540540540541,0.0540540540541,37,0.153903903904,1.79894800344,11.0810810811,9.31818181818,5.85714285714,4.56665680278,0.412112930982,0.229268292683,6.22983232606,1.12440876129,0.594594594595,5.19398473982,0.93745090426,0.499406723797,0.721870223087,0.401273534147,2,1.79894800344,0.721870223087,2,0.200065181102,0.121237113402,98,0.0126126126126,0.269452662329,37,37,37,1,0,0.405405405405,0.540540540541,0.0540540540541,37,311,0.233483483483,1.72399757405,16.8108108108,14.1363636364,8.88571428571,4.94322115987,0.294050133304,0.141218388807,8.53248517744,1.01511881532,0.540366733293,7.90027938838,0.939904621768,0.488224558964,0.637300929261,0.36966463228,2.03333333333,1.72399757405,0.637300929261,2.03333333333,0.259515496828,0.267621776504,467,0.060102960103,0.534622488847,37,37,37,1,0,0.405405405405,0.540540540541,0.0540540540541,-31,-0.0232732732733,-0.00129124406721,-1.67567567568,-1.40909090909,-0.885714285714,-0.424488995518,0.00369154302734,-0.00142425383583,-0.976006364931,-0.0135776380919,-0.00412512698856,-0.153033958057,0.0686397275635,0.0263943076602,-0.00329864106462,-0.00163527043803,0.0333333333333,-0.00129124406721,-0.00329864106462,0.0333333333333,-0.0845558974194,-0.108947261153,-343,-0.0441441441441,-0.0349543395031,0,0,0,307,4,35,986,0.897660818713,0.99595959596,0.0040404040404,0.102339181287,0.987138263666,0.897660818713,0.940275650842,0.922764049838,0.893620414673,0.887283236994,106,137,0,0,0,0
2461,WLNM_dir_neg,0.95884170707,0.655910026992,00:00:04,10,60,24,1238529959,threshold_sweep,0.4,0.961904761905,0.737226277372,0.834710743802,101,4,36,270,0.737226277372,0.985401459854,0.014598540146,0.262773722628,0.961904761905,0.737226277372,0.834710743802,0.902676399027,0.581508515815,0.767441860465,0.781078762746,0.722627737226,342,205,137,0,342,0,205,0,137,37,342,0.256756756757,1.72528881811,18.4864864865,15.5454545455,9.77142857143,5.36771015539,0.290358590277,0.142642642643,9.50849154237,1.02869645341,0.544491860281,8.05331334643,0.871264894205,0.461830251304,0.640599570326,0.371299902718,2,1.72528881811,0.640599570326,2,0.344071394247,0.376569037657,810,0.104247104247,0.56957682835,37,37,37,1,0,0.405405405405,0.540540540541,0.0540540540541,37,0.153903903904,1.79894800344,11.0810810811,9.31818181818,5.85714285714,4.56665680278,0.412112930982,0.229268292683,6.22983232606,1.12440876129,0.594594594595,5.19398473982,0.93745090426,0.499406723797,0.721870223087,0.401273534147,2,1.79894800344,0.721870223087,2,0.200065181102,0.121237113402,98,0.0126126126126,0.269452662329,37,37,37,1,0,0.405405405405,0.540540540541,0.0540540540541,37,310,0.232732732733,1.73807415062,16.7567567568,14.0909090909,8.85714285714,5.08486537244,0.303451643194,0.144551002616,8.5548925292,1.021067818,0.54245858762,7.91044089006,0.944149396555,0.489276373147,0.659828460174,0.379631939142,2.03333333333,1.73807415062,0.659828460174,2.03333333333,0.269078906391,0.26740627391,466,0.0599742599743,0.532443614454,37,37,37,1,0,0.405405405405,0.540540540541,0.0540540540541,-32,-0.024024024024,0.0127853325094,-1.72972972973,-1.45454545455,-0.914285714286,-0.282844782952,0.013093052917,0.00190835997288,-0.953599013173,-0.00762863541335,-0.00203327266146,-0.142872456378,0.0728845023502,0.0274461218434,0.0192288898475,0.00833203642394,0.0333333333333,0.0127853325094,0.0192288898475,0.0333333333333,-0.074992487856,-0.109162763747,-344,-0.0442728442728,-0.0371332138959,0,0,0,306,4,36,986,0.894736842105,0.99595959596,0.0040404040404,0.105263157895,0.987096774194,0.894736842105,0.938650306748,0.920776169974,0.890696438065,0.884393063584,105,137,0,0,0,0
2462,WLNM_dir_neg,0.95884170707,0.655910026992,00:00:04,10,60,24,1238529959,threshold_sweep,0.5,0.961538461538,0.729927007299,0.829875518672,100,4,37,270,0.729927007299,0.985401459854,0.014598540146,0.270072992701,0.961538461538,0.729927007299,0.829875518672,0.900243309002,0.582319545823,0.761165048544,0.775631103114,0.715328467153,342,205,137,0,342,0,205,0,137,37,342,0.256756756757,1.72528881811,18.4864864865,15.5454545455,9.77142857143,5.36771015539,0.290358590277,0.142642642643,9.50849154237,1.02869645341,0.544491860281,8.05331334643,0.871264894205,0.461830251304,0.640599570326,0.371299902718,2,1.72528881811,0.640599570326,2,0.344071394247,0.376569037657,810,0.104247104247,0.56957682835,37,37,37,1,0,0.405405405405,0.540540540541,0.0540540540541,37,0.153903903904,1.79894800344,11.0810810811,9.31818181818,5.85714285714,4.56665680278,0.412112930982,0.229268292683,6.22983232606,1.12440876129,0.594594594595,5.19398473982,0.93745090426,0.499406723797,0.721870223087,0.401273534147,2,1.79894800344,0.721870223087,2,0.200065181102,0.121237113402,98,0.0126126126126,0.269452662329,37,37,37,1,0,0.405405405405,0.540540540541,0.0540540540541,37,309,0.231981981982,1.73645431761,16.7027027027,14.0454545455,8.82857142857,5.04900906045,0.302286950221,0.143007084755,8.52843679898,1.02120440635,0.542114930464,7.93100881987,0.949667722768,0.491384588472,0.658323579214,0.379119434666,2.03333333333,1.73645431761,0.658323579214,2.03333333333,0.263215677866,0.260065497977,450,0.0579150579151,0.534255474337,37,37,37,1,0,0.405405405405,0.540540540541,0.0540540540541,-33,-0.0247747747748,0.0111654994902,-1.78378378378,-1.5,-0.942857142857,-0.318701094945,0.0119283599439,0.000364442112015,-0.980054743392,-0.00749204706418,-0.00237692981689,-0.122304526561,0.0784028285631,0.029554337168,0.017724008888,0.00781953194842,0.0333333333333,0.0111654994902,0.017724008888,0.0333333333333,-0.0808557163817,-0.11650353968,-360,-0.046332046332,-0.0353213540133,0,0,0,305,4,37,986,0.891812865497,0.99595959596,0.0040404040404,0.108187134503,0.987055016181,0.891812865497,0.937019969278,0.918787891137,0.887772461457,0.881502890173,104,137,0,0,0,0
2463,WLNM_dir_neg,0.95884170707,0.655910026992,00:00:04,10,60,24,1238529959,threshold_sweep,0.6,0.97,0.70802919708,0.818565400844,97,3,40,271,0.70802919708,0.989051094891,0.0109489051095,0.29197080292,0.97,0.70802919708,0.818565400844,0.895377128954,0.585563665856,0.747553816047,0.765840227475,0.697080291971,342,205,137,0,342,0,205,0,137,37,342,0.256756756757,1.72528881811,18.4864864865,15.5454545455,9.77142857143,5.36771015539,0.290358590277,0.142642642643,9.50849154237,1.02869645341,0.544491860281,8.05331334643,0.871264894205,0.461830251304,0.640599570326,0.371299902718,2,1.72528881811,0.640599570326,2,0.344071394247,0.376569037657,810,0.104247104247,0.56957682835,37,37,37,1,0,0.405405405405,0.540540540541,0.0540540540541,37,0.153903903904,1.79894800344,11.0810810811,9.31818181818,5.85714285714,4.56665680278,0.412112930982,0.229268292683,6.22983232606,1.12440876129,0.594594594595,5.19398473982,0.93745090426,0.499406723797,0.721870223087,0.401273534147,2,1.79894800344,0.721870223087,2,0.200065181102,0.121237113402,98,0.0126126126126,0.269452662329,37,37,37,1,0,0.405405405405,0.540540540541,0.0540540540541,37,305,0.228978978979,1.73558594287,16.4864864865,13.8636363636,8.71428571429,4.95323475464,0.300442108068,0.141781125388,8.4208913668,1.02155075597,0.540363314134,7.91414137059,0.960076166268,0.498892334958,0.656589109572,0.378309764648,2,1.73558594287,0.656589109572,2,0.257627348693,0.246632329635,415,0.0534105534106,0.531948923379,37,37,37,1,0,0.405405405405,0.540540540541,0.0540540540541,-37,-0.0277777777778,0.0102971247514,-2,-1.68181818182,-1.05714285714,-0.414475400757,0.010083517791,-0.00086151725496,-1.08760017558,-0.0071456974426,-0.00412854614753,-0.139171975847,0.088811272063,0.037062083654,0.0159895392462,0.00700986193034,0,0.0102971247514,0.0159895392462,0,-0.0864440455546,-0.129936708021,-395,-0.0508365508366,-0.0376279049712,0,0,0,302,3,40,987,0.883040935673,0.99696969697,0.0030303030303,0.116959064327,0.990163934426,0.883040935673,0.933539412674,0.914920646863,0.880010632642,0.875362318841,100,137,0,0,0,0
2464,WLNM_dir_neg,0.95884170707,0.655910026992,00:00:04,10,60,24,1238529959,threshold_sweep,0.7,0.97,0.70802919708,0.818565400844,97,3,40,271,0.70802919708,0.989051094891,0.0109489051095,0.29197080292,0.97,0.70802919708,0.818565400844,0.895377128954,0.585563665856,0.747553816047,0.765840227475,0.697080291971,342,205,137,0,342,0,205,0,137,37,342,0.256756756757,1.72528881811,18.4864864865,15.5454545455,9.77142857143,5.36771015539,0.290358590277,0.142642642643,9.50849154237,1.02869645341,0.544491860281,8.05331334643,0.871264894205,0.461830251304,0.640599570326,0.371299902718,2,1.72528881811,0.640599570326,2,0.344071394247,0.376569037657,810,0.104247104247,0.56957682835,37,37,37,1,0,0.405405405405,0.540540540541,0.0540540540541,37,0.153903903904,1.79894800344,11.0810810811,9.31818181818,5.85714285714,4.56665680278,0.412112930982,0.229268292683,6.22983232606,1.12440876129,0.594594594595,5.19398473982,0.93745090426,0.499406723797,0.721870223087,0.401273534147,2,1.79894800344,0.721870223087,2,0.200065181102,0.121237113402,98,0.0126126126126,0.269452662329,37,37,37,1,0,0.405405405405,0.540540540541,0.0540540540541,37,305,0.228978978979,1.73558594287,16.4864864865,13.8636363636,8.71428571429,4.95323475464,0.300442108068,0.141781125388,8.4208913668,1.02155075597,0.540363314134,7.91414137059,0.960076166268,0.498892334958,0.656589109572,0.378309764648,2,1.73558594287,0.656589109572,2,0.257627348693,0.246632329635,415,0.0534105534106,0.531948923379,37,37,37,1,0,0.405405405405,0.540540540541,0.0540540540541,-37,-0.0277777777778,0.0102971247514,-2,-1.68181818182,-1.05714285714,-0.414475400757,0.010083517791,-0.00086151725496,-1.08760017558,-0.0071456974426,-0.00412854614753,-0.139171975847,0.088811272063,0.037062083654,0.0159895392462,0.00700986193034,0,0.0102971247514,0.0159895392462,0,-0.0864440455546,-0.129936708021,-395,-0.0508365508366,-0.0376279049712,0,0,0,302,3,40,987,0.883040935673,0.99696969697,0.0030303030303,0.116959064327,0.990163934426,0.883040935673,0.933539412674,0.914920646863,0.880010632642,0.875362318841,100,137,0,0,0,0
2465,WLNM_dir_neg,0.95884170707,0.655910026992,00:00:04,10,60,24,1238529959,threshold_sweep,0.8,0.969072164948,0.686131386861,0.803418803419,94,3,43,271,0.686131386861,0.989051094891,0.0109489051095,0.313868613139,0.969072164948,0.686131386861,0.803418803419,0.888077858881,0.58799675588,0.728346456693,0.749559373269,0.675182481752,342,205,137,0,342,0,205,0,137,37,342,0.256756756757,1.72528881811,18.4864864865,15.5454545455,9.77142857143,5.36771015539,0.290358590277,0.142642642643,9.50849154237,1.02869645341,0.544491860281,8.05331334643,0.871264894205,0.461830251304,0.640599570326,0.371299902718,2,1.72528881811,0.640599570326,2,0.344071394247,0.376569037657,810,0.104247104247,0.56957682835,37,37,37,1,0,0.405405405405,0.540540540541,0.0540540540541,37,0.153903903904,1.79894800344,11.0810810811,9.31818181818,5.85714285714,4.56665680278,0.412112930982,0.229268292683,6.22983232606,1.12440876129,0.594594594595,5.19398473982,0.93745090426,0.499406723797,0.721870223087,0.401273534147,2,1.79894800344,0.721870223087,2,0.200065181102,0.121237113402,98,0.0126126126126,0.269452662329,37,37,37,1,0,0.405405405405,0.540540540541,0.0540540540541,37,302,0.226726726727,1.7359803309,16.3243243243,13.7272727273,8.62857142857,4.89928596869,0.300121822585,0.142563092894,8.33837685215,1.02158921699,0.539824592805,7.87229146901,0.964486040905,0.501700375873,0.65681289292,0.378352727406,2,1.7359803309,0.65681289292,2,0.25448633905,0.24070331447,397,0.051093951094,0.526096377271,37,37,37,1,0,0.405405405405,0.540540540541,0.0540540540541,-40,-0.03003003003,0.0106915127885,-2.16216216216,-1.81818181818,-1.14285714286,-0.468424186703,0.00976323230819,-7.95497484238e-05,-1.17011469022,-0.00710723642912,-0.00466726747661,-0.181021877429,0.0932211466997,0.0398701245686,0.0162133225943,0.00705282468822,0,0.0106915127885,0.0162133225943,0,-0.0895850551972,-0.135865723186,-413,-0.0531531531532,-0.0434804510787,0,0,0,299,3,43,987,0.874269005848,0.99696969697,0.0030303030303,0.125730994152,0.990066225166,0.874269005848,0.928571428571,0.908961997298,0.871238702818,0.866666666667,97,137,0,0,0,0
2466,WLNM_dir_neg,0.95884170707,0.655910026992,00:00:04,10,60,24,1238529959,threshold_sweep,0.9,0.968085106383,0.664233576642,0.787878787879,91,3,46,271,0.664233576642,0.989051094891,0.0109489051095,0.335766423358,0.968085106383,0.664233576642,0.787878787879,0.880778588808,0.590429845904,0.708910891089,0.733237174552,0.653284671533,342,205,137,0,342,0,205,0,137,37,342,0.256756756757,1.72528881811,18.4864864865,15.5454545455,9.77142857143,5.36771015539,0.290358590277,0.142642642643,9.50849154237,1.02869645341,0.544491860281,8.05331334643,0.871264894205,0.461830251304,0.640599570326,0.371299902718,2,1.72528881811,0.640599570326,2,0.344071394247,0.376569037657,810,0.104247104247,0.56957682835,37,37,37,1,0,0.405405405405,0.540540540541,0.0540540540541,37,0.153903903904,1.79894800344,11.0810810811,9.31818181818,5.85714285714,4.56665680278,0.412112930982,0.229268292683,6.22983232606,1.12440876129,0.594594594595,5.19398473982,0.93745090426,0.499406723797,0.721870223087,0.401273534147,2,1.79894800344,0.721870223087,2,0.200065181102,0.121237113402,98,0.0126126126126,0.269452662329,37,37,37,1,0,0.405405405405,0.540540540541,0.0540540540541,37,299,0.224474474474,1.7359165026,16.1621621622,13.5909090909,8.54285714286,4.78140793719,0.295839621532,0.138750790925,8.24411702158,1.02017501605,0.538009581488,7.82580623599,0.968410805122,0.504383982645,0.656744952595,0.378327501127,2,1.7359165026,0.656744952595,2,0.245863712942,0.228193468375,368,0.0473616473616,0.520821873217,37,37,37,1,0,0.405405405405,0.540540540541,0.0540540540541,-43,-0.0322822822823,0.0106276844856,-2.32432432432,-1.95454545455,-1.22857142857,-0.586302218199,0.00548103125495,-0.00389185171794,-1.2643745208,-0.00852143736674,-0.00648227879349,-0.227507110445,0.0971459109175,0.0425537313409,0.0161453822686,0.00702759840965,0,0.0106276844856,0.0161453822686,0,-0.0982076813054,-0.148375569282,-442,-0.0568854568855,-0.0487549551325,0,0,0,296,3,46,987,0.865497076023,0.99696969697,0.0030303030303,0.134502923977,0.989966555184,0.865497076023,0.923556942278,0.902998997238,0.862466772993,0.857971014493,94,137,0,0,0,0
2467,WLNM_dir_neg,0.939141669775,0.90004429835,00:00:04,10,60,25,1238529960,threshold_sweep,0.1,0.94262295082,0.839416058394,0.888030888031,115,7,22,267,0.839416058394,0.974452554745,0.0255474452555,0.160583941606,0.94262295082,0.839416058394,0.888030888031,0.929440389294,0.567721005677,0.836772983114,0.839771300736,0.813868613139,342,205,137,0,342,0,205,0,137,37,342,0.256756756757,1.72528881811,18.4864864865,15.5454545455,9.77142857143,5.36771015539,0.290358590277,0.142642642643,9.50849154237,1.02869645341,0.544491860281,8.05331334643,0.871264894205,0.461830251304,0.640599570326,0.371299902718,2,1.72528881811,0.640599570326,2,0.344071394247,0.376569037657,810,0.104247104247,0.56957682835,37,37,37,1,0,0.405405405405,0.540540540541,0.0540540540541,37,0.153903903904,1.80415229063,11.0810810811,9.31818181818,5.85714285714,4.05776606835,0.366188645193,0.2021094265,6.01200001199,1.08509268509,0.580883322347,5.00885102479,0.904036526426,0.480158206987,0.736968206128,0.4084844777,2.1368997388,1.80415229063,0.736968206128,2.1368997388,0.12643050592,0.0844709897611,66,0.00849420849421,0.264050783581,37,37,37,1,0,0.405405405405,0.540540540541,0.0540540540541,37,327,0.245495495495,1.73190713081,17.6756756757,14.8636363636,9.34285714286,5.16426855127,0.292168098467,0.146127779155,9.01083765225,1.01957490255,0.543020084304,7.79071211092,0.88151788411,0.467807256798,0.645185350499,0.372528837731,2,1.73190713081,0.645185350499,2,0.32242717398,0.337183244268,652,0.0839124839125,0.532480260805,37,37,37,1,0,0.405405405405,0.540540540541,0.0540540540541,-15,-0.0112612612613,0.00661831269501,-0.810810810811,-0.681818181818,-0.428571428571,-0.20344160412,0.00180950818941,0.00348513651266,-0.497653890125,-0.00912155086671,-0.00147177597685,-0.262601235517,0.010252989905,0.00597700549415,0.0045857801727,0.00122893501333,0,0.00661831269501,0.0045857801727,0,-0.0216442202675,-0.0393857933887,-158,-0.0203346203346,-0.037096567545,0,0,0,320,7,22,983,0.93567251462,0.992929292929,0.00707070707071,0.0643274853801,0.978593272171,0.93567251462,0.956651718984,0.942547547679,0.928601807549,0.916905444126,122,137,0,0,0,0
2468,WLNM_dir_neg,0.939141669775,0.90004429835,00:00:04,10,60,25,1238529960,threshold_sweep,0.2,0.941666666667,0.824817518248,0.879377431907,113,7,24,267,0.824817518248,0.974452554745,0.0255474452555,0.175182481752,0.941666666667,0.824817518248,0.879377431907,0.924574209246,0.569343065693,0.824858757062,0.828689811765,0.799270072993,342,205,137,0,342,0,205,0,137,37,342,0.256756756757,1.72528881811,18.4864864865,15.5454545455,9.77142857143,5.36771015539,0.290358590277,0.142642642643,9.50849154237,1.02869645341,0.544491860281,8.05331334643,0.871264894205,0.461830251304,0.640599570326,0.371299902718,2,1.72528881811,0.640599570326,2,0.344071394247,0.376569037657,810,0.104247104247,0.56957682835,37,37,37,1,0,0.405405405405,0.540540540541,0.0540540540541,37,0.153903903904,1.80415229063,11.0810810811,9.31818181818,5.85714285714,4.05776606835,0.366188645193,0.2021094265,6.01200001199,1.08509268509,0.580883322347,5.00885102479,0.904036526426,0.480158206987,0.736968206128,0.4084844777,2.1368997388,1.80415229063,0.736968206128,2.1368997388,0.12643050592,0.0844709897611,66,0.00849420849421,0.264050783581,37,37,37,1,0,0.405405405405,0.540540540541,0.0540540540541,37,325,0.243993993994,1.72926846831,17.5675675676,14.7727272727,9.28571428571,5.19369564708,0.295641136834,0.149106029106,8.94779654793,1.01867222238,0.541871101871,7.80361431623,0.888411476001,0.470686070686,0.643012862747,0.371840968902,2,1.72926846831,0.643012862747,2,0.321306502083,0.335075797177,641,0.0824967824968,0.533519320434,37,37,37,1,0,0.405405405405,0.540540540541,0.0540540540541,-17,-0.0127627627628,0.00397965019114,-0.918918918919,-0.772727272727,-0.485714285714,-0.174014508316,0.00528254655653,0.00646338646339,-0.560694994449,-0.0100242310356,-0.00262075841023,-0.249699030209,0.0171465817962,0.00885581938214,0.00241329242124,0.000541066184674,0,0.00397965019114,0.00241329242124,0,-0.0227648921649,-0.0414932404797,-169,-0.0217503217503,-0.036057507916,0,0,0,318,7,24,983,0.929824561404,0.992929292929,0.00707070707071,0.0701754385965,0.978461538462,0.929824561404,0.953523238381,0.938555809987,0.922753854333,0.9111747851,120,137,0,0,0,0
2469,WLNM_dir_neg,0.939141669775,0.90004429835,00:00:04,10,60,25,1238529960,threshold_sweep,0.3,0.949579831933,0.824817518248,0.8828125,113,6,24,268,0.824817518248,0.978102189781,0.021897810219,0.175182481752,0.949579831933,0.824817518248,0.8828125,0.92700729927,0.570154095702,0.830188679245,0.834531581635,0.802919708029,342,205,137,0,342,0,205,0,137,37,342,0.256756756757,1.72528881811,18.4864864865,15.5454545455,9.77142857143,5.36771015539,0.290358590277,0.142642642643,9.50849154237,1.02869645341,0.544491860281,8.05331334643,0.871264894205,0.461830251304,0.640599570326,0.371299902718,2,1.72528881811,0.640599570326,2,0.344071394247,0.376569037657,810,0.104247104247,0.56957682835,37,37,37,1,0,0.405405405405,0.540540540541,0.0540540540541,37,0.153903903904,1.80415229063,11.0810810811,9.31818181818,5.85714285714,4.05776606835,0.366188645193,0.2021094265,6.01200001199,1.08509268509,0.580883322347,5.00885102479,0.904036526426,0.480158206987,0.736968206128,0.4084844777,2.1368997388,1.80415229063,0.736968206128,2.1368997388,0.12643050592,0.0844709897611,66,0.00849420849421,0.264050783581,37,37,37,1,0,0.405405405405,0.540540540541,0.0540540540541,37,324,0.243243243243,1.72746064618,17.5135135135,14.7272727273,9.25714285714,5.11871089252,0.292272072567,0.146980313647,8.91130806399,1.01764937768,0.541207874541,7.82235189628,0.893293272106,0.472639305973,0.641282450491,0.371228399274,2,1.72746064618,0.641282450491,2,0.316961946414,0.327770946777,622,0.0800514800515,0.535172582718,37,37,37,1,0,0.405405405405,0.540540540541,0.0540540540541,-18,-0.0135135135135,0.0021718280699,-0.972972972973,-0.818181818182,-0.514285714286,-0.248999262873,0.0019134822896,0.00433767100434,-0.59718347838,-0.0110470757364,-0.00328398574013,-0.230961450157,0.0220283779008,0.0108090546687,0.000682880165192,-7.15034441761e-05,0,0.0021718280699,0.000682880165192,0,-0.0271094478333,-0.0487980908802,-188,-0.0241956241956,-0.0344042456322,0,0,0,318,6,24,984,0.929824561404,0.993939393939,0.00606060606061,0.0701754385965,0.981481481481,0.929824561404,0.954954954955,0.940565168152,0.923763955343,0.913793103448,119,137,0,0,0,0
2470,WLNM_dir_neg,0.939141669775,0.90004429835,00:00:04,10,60,25,1238529960,threshold_sweep,0.4,0.948717948718,0.810218978102,0.874015748031,111,6,26,268,0.810218978102,0.978102189781,0.021897810219,0.189781021898,0.948717948718,0.810218978102,0.874015748031,0.922141119221,0.571776155718,0.818181818182,0.823516219569,0.788321167883,342,205,137,0,342,0,205,0,137,37,342,0.256756756757,1.72528881811,18.4864864865,15.5454545455,9.77142857143,5.36771015539,0.290358590277,0.142642642643,9.50849154237,1.02869645341,0.544491860281,8.05331334643,0.871264894205,0.461830251304,0.640599570326,0.371299902718,2,1.72528881811,0.640599570326,2,0.344071394247,0.376569037657,810,0.104247104247,0.56957682835,37,37,37,1,0,0.405405405405,0.540540540541,0.0540540540541,37,0.153903903904,1.80415229063,11.0810810811,9.31818181818,5.85714285714,4.05776606835,0.366188645193,0.2021094265,6.01200001199,1.08509268509,0.580883322347,5.00885102479,0.904036526426,0.480158206987,0.736968206128,0.4084844777,2.1368997388,1.80415229063,0.736968206128,2.1368997388,0.12643050592,0.0844709897611,66,0.00849420849421,0.264050783581,37,37,37,1,0,0.405405405405,0.540540540541,0.0540540540541,37,322,0.241741741742,1.72678783844,17.4054054054,14.6363636364,9.2,5.08516065222,0.292159851137,0.14738962565,8.8407668875,1.01586451813,0.539869061608,7.81687940316,0.898212850674,0.476078563035,0.640511117367,0.370926354188,2,1.72678783844,0.640511117367,2,0.312557196529,0.322305229456,604,0.0777348777349,0.533718922036,37,37,37,1,0,0.405405405405,0.540540540541,0.0540540540541,-20,-0.015015015015,0.0014990203216,-1.08108108108,-0.909090909091,-0.571428571429,-0.282549503176,0.00180126085958,0.00474698300785,-0.667724654872,-0.0128319352856,-0.00462279867314,-0.236433943271,0.0269479564692,0.0142483117311,-8.84529589857e-05,-0.00037354852994,0,0.0014990203216,-8.84529589857e-05,0,-0.0315141977179,-0.0542638082012,-206,-0.0265122265122,-0.0358579063137,0,0,0,316,6,26,984,0.923976608187,0.993939393939,0.00606060606061,0.0760233918129,0.981366459627,0.923976608187,0.951807228916,0.936580192186,0.917916002127,0.908045977011,117,137,0,0,0,0
2471,WLNM_dir_neg,0.939141669775,0.90004429835,00:00:04,10,60,25,1238529960,threshold_sweep,0.5,0.948717948718,0.810218978102,0.874015748031,111,6,26,268,0.810218978102,0.978102189781,0.021897810219,0.189781021898,0.948717948718,0.810218978102,0.874015748031,0.922141119221,0.571776155718,0.818181818182,0.823516219569,0.788321167883,342,205,137,0,342,0,205,0,137,37,342,0.256756756757,1.72528881811,18.4864864865,15.5454545455,9.77142857143,5.36771015539,0.290358590277,0.142642642643,9.50849154237,1.02869645341,0.544491860281,8.05331334643,0.871264894205,0.461830251304,0.640599570326,0.371299902718,2,1.72528881811,0.640599570326,2,0.344071394247,0.376569037657,810,0.104247104247,0.56957682835,37,37,37,1,0,0.405405405405,0.540540540541,0.0540540540541,37,0.153903903904,1.80415229063,11.0810810811,9.31818181818,5.85714285714,4.05776606835,0.366188645193,0.2021094265,6.01200001199,1.08509268509,0.580883322347,5.00885102479,0.904036526426,0.480158206987,0.736968206128,0.4084844777,2.1368997388,1.80415229063,0.736968206128,2.1368997388,0.12643050592,0.0844709897611,66,0.00849420849421,0.264050783581,37,37,37,1,0,0.405405405405,0.540540540541,0.0540540540541,37,322,0.241741741742,1.72678783844,17.4054054054,14.6363636364,9.2,5.08516065222,0.292159851137,0.14738962565,8.8407668875,1.01586451813,0.539869061608,7.81687940316,0.898212850674,0.476078563035,0.640511117367,0.370926354188,2,1.72678783844,0.640511117367,2,0.312557196529,0.322305229456,604,0.0777348777349,0.533718922036,37,37,37,1,0,0.405405405405,0.540540540541,0.0540540540541,-20,-0.015015015015,0.0014990203216,-1.08108108108,-0.909090909091,-0.571428571429,-0.282549503176,0.00180126085958,0.00474698300785,-0.667724654872,-0.0128319352856,-0.00462279867314,-0.236433943271,0.0269479564692,0.0142483117311,-8.84529589857e-05,-0.00037354852994,0,0.0014990203216,-8.84529589857e-05,0,-0.0315141977179,-0.0542638082012,-206,-0.0265122265122,-0.0358579063137,0,0,0,316,6,26,984,0.923976608187,0.993939393939,0.00606060606061,0.0760233918129,0.981366459627,0.923976608187,0.951807228916,0.936580192186,0.917916002127,0.908045977011,117,137,0,0,0,0
2472,WLNM_dir_neg,0.939141669775,0.90004429835,00:00:04,10,60,25,1238529960,threshold_sweep,0.6,0.956896551724,0.810218978102,0.877470355731,111,5,26,269,0.810218978102,0.981751824818,0.0182481751825,0.189781021898,0.956896551724,0.810218978102,0.877470355731,0.924574209246,0.572587185726,0.823529411765,0.829477735597,0.79197080292,342,205,137,0,342,0,205,0,137,37,342,0.256756756757,1.72528881811,18.4864864865,15.5454545455,9.77142857143,5.36771015539,0.290358590277,0.142642642643,9.50849154237,1.02869645341,0.544491860281,8.05331334643,0.871264894205,0.461830251304,0.640599570326,0.371299902718,2,1.72528881811,0.640599570326,2,0.344071394247,0.376569037657,810,0.104247104247,0.56957682835,37,37,37,1,0,0.405405405405,0.540540540541,0.0540540540541,37,0.153903903904,1.80415229063,11.0810810811,9.31818181818,5.85714285714,4.05776606835,0.366188645193,0.2021094265,6.01200001199,1.08509268509,0.580883322347,5.00885102479,0.904036526426,0.480158206987,0.736968206128,0.4084844777,2.1368997388,1.80415229063,0.736968206128,2.1368997388,0.12643050592,0.0844709897611,66,0.00849420849421,0.264050783581,37,37,37,1,0,0.405405405405,0.540540540541,0.0540540540541,37,321,0.240990990991,1.72556047925,17.3513513514,14.5909090909,9.17142857143,5.06741341107,0.292047190358,0.147596194325,8.79726616011,1.01401510257,0.538688220931,7.84238503282,0.903950922786,0.479245600741,0.639119613019,0.370383780056,2,1.72556047925,0.639119613019,2,0.308533653903,0.318954716306,594,0.0764478764479,0.535429256921,37,37,37,1,0,0.405405405405,0.540540540541,0.0540540540541,-21,-0.0157657657658,0.000271661130681,-1.13513513514,-0.954545454545,-0.6,-0.300296744325,0.00168860008042,0.00495355168252,-0.71122538226,-0.0146813508471,-0.00580363935012,-0.210928313614,0.0326860285813,0.017415349437,-0.00147995730749,-0.000916122661535,0,0.000271661130681,-0.00147995730749,0,-0.0355377403443,-0.0576143213512,-216,-0.0277992277992,-0.0341475714285,0,0,0,316,5,26,985,0.923976608187,0.994949494949,0.00505050505051,0.0760233918129,0.984423676012,0.923976608187,0.953242835596,0.938605607873,0.918926103137,0.910662824207,116,137,0,0,0,0
2473,WLNM_dir_neg,0.939141669775,0.90004429835,00:00:04,10,60,25,1238529960,threshold_sweep,0.7,0.95652173913,0.802919708029,0.873015873016,110,5,27,269,0.802919708029,0.981751824818,0.0182481751825,0.197080291971,0.95652173913,0.802919708029,0.873015873016,0.922141119221,0.573398215734,0.817490494297,0.82400279796,0.784671532847,342,205,137,0,342,0,205,0,137,37,342,0.256756756757,1.72528881811,18.4864864865,15.5454545455,9.77142857143,5.36771015539,0.290358590277,0.142642642643,9.50849154237,1.02869645341,0.544491860281,8.05331334643,0.871264894205,0.461830251304,0.640599570326,0.371299902718,2,1.72528881811,0.640599570326,2,0.344071394247,0.376569037657,810,0.104247104247,0.56957682835,37,37,37,1,0,0.405405405405,0.540540540541,0.0540540540541,37,0.153903903904,1.80415229063,11.0810810811,9.31818181818,5.85714285714,4.05776606835,0.366188645193,0.2021094265,6.01200001199,1.08509268509,0.580883322347,5.00885102479,0.904036526426,0.480158206987,0.736968206128,0.4084844777,2.1368997388,1.80415229063,0.736968206128,2.1368997388,0.12643050592,0.0844709897611,66,0.00849420849421,0.264050783581,37,37,37,1,0,0.405405405405,0.540540540541,0.0540540540541,37,320,0.24024024024,1.72431575309,17.2972972973,14.5454545455,9.14285714286,5.00480249841,0.289340144439,0.145608108108,8.75663626507,1.01248606815,0.537668918919,7.86064817873,0.908887445666,0.481081081081,0.63774950759,0.369856568581,2,1.72431575309,0.63774950759,2,0.303316238896,0.311688311688,576,0.0741312741313,0.536743324964,37,37,37,1,0,0.405405405405,0.540540540541,0.0540540540541,-22,-0.0165165165165,-0.00097306502156,-1.18918918919,-1,-0.628571428571,-0.362907656988,-0.00101844583804,0.00296546546547,-0.751855277308,-0.0162103852665,-0.00682294136242,-0.192665167703,0.0376225514609,0.0192508297771,-0.00285006273604,-0.0014433341363,0,-0.00097306502156,-0.00285006273604,0,-0.040755155351,-0.0648807259686,-234,-0.0301158301158,-0.0328335033856,0,0,0,315,5,27,985,0.921052631579,0.994949494949,0.00505050505051,0.0789473684211,0.984375,0.921052631579,0.95166163142,0.936616677936,0.916002126528,0.907780979827,115,137,0,0,0,0
2474,WLNM_dir_neg,0.939141669775,0.90004429835,00:00:04,10,60,25,1238529960,threshold_sweep,0.8,0.954954954955,0.773722627737,0.854838709677,106,5,31,269,0.773722627737,0.981751824818,0.0182481751825,0.226277372263,0.954954954955,0.773722627737,0.854838709677,0.912408759124,0.576642335766,0.793103448276,0.802108707332,0.755474452555,342,205,137,0,342,0,205,0,137,37,342,0.256756756757,1.72528881811,18.4864864865,15.5454545455,9.77142857143,5.36771015539,0.290358590277,0.142642642643,9.50849154237,1.02869645341,0.544491860281,8.05331334643,0.871264894205,0.461830251304,0.640599570326,0.371299902718,2,1.72528881811,0.640599570326,2,0.344071394247,0.376569037657,810,0.104247104247,0.56957682835,37,37,37,1,0,0.405405405405,0.540540540541,0.0540540540541,37,0.153903903904,1.80415229063,11.0810810811,9.31818181818,5.85714285714,4.05776606835,0.366188645193,0.2021094265,6.01200001199,1.08509268509,0.580883322347,5.00885102479,0.904036526426,0.480158206987,0.736968206128,0.4084844777,2.1368997388,1.80415229063,0.736968206128,2.1368997388,0.12643050592,0.0844709897611,66,0.00849420849421,0.264050783581,37,37,37,1,0,0.405405405405,0.540540540541,0.0540540540541,37,316,0.237237237237,1.72659597247,17.0810810811,14.3636363636,9.02857142857,4.88977605928,0.286268535116,0.144714334588,8.61069939924,1.00821480308,0.534211426616,7.75526557535,0.908053247746,0.483407458091,0.640154569519,0.370761069599,2,1.72659597247,0.640154569519,2,0.298863943291,0.306451612903,551,0.0709137709138,0.525943475698,37,37,37,1,0,0.405405405405,0.540540540541,0.0540540540541,-26,-0.0195195195195,0.00130715435721,-1.40540540541,-1.18181818182,-0.742857142857,-0.477934096113,-0.00409005516103,0.00207169194511,-0.897792143131,-0.0204816503387,-0.0102804336648,-0.298047771088,0.0367883535413,0.0215772067871,-0.000445000807329,-0.00053883311894,0,0.00130715435721,-0.000445000807329,0,-0.0452074509562,-0.0701174247537,-259,-0.0333333333333,-0.0436333526522,0,0,0,311,5,31,985,0.909356725146,0.994949494949,0.00505050505051,0.0906432748538,0.98417721519,0.909356725146,0.945288753799,0.92865793319,0.904306220096,0.896253602305,111,137,0,0,0,0
2475,WLNM_dir_neg,0.939141669775,0.90004429835,00:00:04,10,60,25,1238529960,threshold_sweep,0.9,0.954545454545,0.766423357664,0.85020242915,105,5,32,269,0.766423357664,0.981751824818,0.0182481751825,0.233576642336,0.954545454545,0.766423357664,0.85020242915,0.9099756691,0.577453365775,0.786948176583,0.7966347977,0.748175182482,342,205,137,0,342,0,205,0,137,37,342,0.256756756757,1.72528881811,18.4864864865,15.5454545455,9.77142857143,5.36771015539,0.290358590277,0.142642642643,9.50849154237,1.02869645341,0.544491860281,8.05331334643,0.871264894205,0.461830251304,0.640599570326,0.371299902718,2,1.72528881811,0.640599570326,2,0.344071394247,0.376569037657,810,0.104247104247,0.56957682835,37,37,37,1,0,0.405405405405,0.540540540541,0.0540540540541,37,0.153903903904,1.80415229063,11.0810810811,9.31818181818,5.85714285714,4.05776606835,0.366188645193,0.2021094265,6.01200001199,1.08509268509,0.580883322347,5.00885102479,0.904036526426,0.480158206987,0.736968206128,0.4084844777,2.1368997388,1.80415229063,0.736968206128,2.1368997388,0.12643050592,0.0844709897611,66,0.00849420849421,0.264050783581,37,37,37,1,0,0.405405405405,0.540540540541,0.0540540540541,37,315,0.236486486486,1.72563515314,17.027027027,14.3181818182,9,4.8561901304,0.285204817182,0.143715143715,8.57198804123,1.00686843659,0.53299013299,7.77325050564,0.913048472091,0.485113685114,0.639156950079,0.37038938904,2,1.72563515314,0.639156950079,2,0.292826868601,0.299159663866,534,0.0687258687259,0.527419258526,37,37,37,1,0,0.405405405405,0.540540540541,0.0540540540541,-27,-0.0202702702703,0.000346335029969,-1.45945945946,-1.22727272727,-0.771428571429,-0.511520024995,-0.00515377309497,0.0010725010725,-0.936503501145,-0.021828016826,-0.0115017272912,-0.280062840795,0.0417835778861,0.0232834338097,-0.00144262024681,-0.00091051367775,0,0.000346335029969,-0.00144262024681,0,-0.0512445256466,-0.0774093737914,-276,-0.0355212355212,-0.042157569824,0,0,0,310,5,32,985,0.906432748538,0.994949494949,0.00505050505051,0.093567251462,0.984126984127,0.906432748538,0.943683409437,0.926667422724,0.901382243488,0.893371757925,110,137,0,0,0,0
2476,WLNM_dir_neg,0.958721828547,0.670634194035,00:00:04,10,60,26,1238529961,threshold_sweep,0.1,0.957627118644,0.824817518248,0.886274509804,113,5,24,269,0.824817518248,0.981751824818,0.0182481751825,0.175182481752,0.957627118644,0.824817518248,0.886274509804,0.929440389294,0.57096512571,0.835538752363,0.840431771509,0.806569343066,342,205,137,0,342,0,205,0,137,37,342,0.256756756757,1.72528881811,18.4864864865,15.5454545455,9.77142857143,5.36771015539,0.290358590277,0.142642642643,9.50849154237,1.02869645341,0.544491860281,8.05331334643,0.871264894205,0.461830251304,0.640599570326,0.371299902718,2,1.72528881811,0.640599570326,2,0.344071394247,0.376569037657,810,0.104247104247,0.56957682835,37,37,37,1,0,0.405405405405,0.540540540541,0.0540540540541,37,0.153903903904,1.79498659038,11.0810810811,9.31818181818,5.85714285714,4.31005528695,0.388956208822,0.21502966381,5.99348996178,1.08175184676,0.578510217535,5.13481901983,0.926772213334,0.490705339486,0.724172424979,0.403441690796,2.10308253844,1.79498659038,0.724172424979,2.10308253844,0.13005643888,0.100755667506,80,0.010296010296,0.268797920357,37,37,37,1,0,0.405405405405,0.540540540541,0.0540540540541,37,323,0.242492492492,2.04942020533,17.4594594595,14.0434782609,8.97222222222,5.14022586293,0.294409221251,0.141410760606,8.78650685442,1.00650388116,0.535185340139,7.998779937,0.916268909191,0.482302736173,1.13469948998,0.553668538559,4.35639880952,2.04942020533,1.13469948998,4.35639880952,0.329345452202,0.332522585129,638,0.0821106821107,0.503434179268,37,37,37,1,0,0.378378378378,0.594594594595,0.027027027027,-19,-0.0142642642643,0.324131387217,-1.02702702703,-1.50197628458,-0.799206349206,-0.227484292465,0.00405063097422,-0.00123188203684,-0.721984687959,-0.0221925722588,-0.00930652014243,-0.0545334094388,0.0450040149866,0.0204724848688,0.494099919653,0.182368635841,2.35639880952,0.324131387217,0.494099919653,2.35639880952,-0.0147259420456,-0.0440464525283,-172,-0.0221364221364,-0.0661426490819,-0.027027027027,0.0540540540541,-0.027027027027,318,5,24,985,0.929824561404,0.994949494949,0.00505050505051,0.0701754385965,0.984520123839,0.929824561404,0.956390977444,0.94258265452,0.924774056353,0.916426512968,118,137,0,0,0,0
2477,WLNM_dir_neg,0.958721828547,0.670634194035,00:00:04,10,60,26,1238529961,threshold_sweep,0.2,0.965517241379,0.817518248175,0.885375494071,112,4,25,270,0.817518248175,0.985401459854,0.014598540146,0.182481751825,0.965517241379,0.817518248175,0.885375494071,0.929440389294,0.572587185726,0.834914611006,0.84094516973,0.802919708029,342,205,137,0,342,0,205,0,137,37,342,0.256756756757,1.72528881811,18.4864864865,15.5454545455,9.77142857143,5.36771015539,0.290358590277,0.142642642643,9.50849154237,1.02869645341,0.544491860281,8.05331334643,0.871264894205,0.461830251304,0.640599570326,0.371299902718,2,1.72528881811,0.640599570326,2,0.344071394247,0.376569037657,810,0.104247104247,0.56957682835,37,37,37,1,0,0.405405405405,0.540540540541,0.0540540540541,37,0.153903903904,1.79498659038,11.0810810811,9.31818181818,5.85714285714,4.31005528695,0.388956208822,0.21502966381,5.99348996178,1.08175184676,0.578510217535,5.13481901983,0.926772213334,0.490705339486,0.724172424979,0.403441690796,2.10308253844,1.79498659038,0.724172424979,2.10308253844,0.13005643888,0.100755667506,80,0.010296010296,0.268797920357,37,37,37,1,0,0.405405405405,0.540540540541,0.0540540540541,37,321,0.240990990991,2.04532360286,17.3513513514,13.9565217391,8.91666666667,5.08383175817,0.292993419084,0.139344952429,8.73706680393,1.00707623597,0.534646796329,8.03137615873,0.925734946645,0.485476130336,1.13389860211,0.554385917476,4.35639880952,2.04532360286,1.13389860211,4.35639880952,0.321246346913,0.321126760563,608,0.0782496782497,0.50661664837,37,37,37,1,0,0.378378378378,0.594594594595,0.027027027027,-21,-0.0157657657658,0.320034784743,-1.13513513514,-1.58893280632,-0.854761904762,-0.283878397226,0.00263482880726,-0.00329769021358,-0.771424738445,-0.0216202174478,-0.00984506395229,-0.0219371877051,0.0544700524399,0.023645879032,0.49329903178,0.183086014758,2.35639880952,0.320034784743,0.49329903178,2.35639880952,-0.0228250473341,-0.0554422770935,-202,-0.0259974259974,-0.0629601799798,-0.027027027027,0.0540540540541,-0.027027027027,317,4,25,986,0.926900584795,0.99595959596,0.0040404040404,0.0730994152047,0.98753894081,0.926900584795,0.956259426848,0.94262393677,0.922860180755,0.916184971098,116,137,0,0,0,0
2478,WLNM_dir_neg,0.958721828547,0.670634194035,00:00:04,10,60,26,1238529961,threshold_sweep,0.3,0.991150442478,0.817518248175,0.896,112,1,25,273,0.817518248175,0.996350364964,0.0036496350365,0.182481751825,0.991150442478,0.817518248175,0.896,0.936739659367,0.57502027575,0.851145038168,0.859295448501,0.813868613139,342,205,137,0,342,0,205,0,137,37,342,0.256756756757,1.72528881811,18.4864864865,15.5454545455,9.77142857143,5.36771015539,0.290358590277,0.142642642643,9.50849154237,1.02869645341,0.544491860281,8.05331334643,0.871264894205,0.461830251304,0.640599570326,0.371299902718,2,1.72528881811,0.640599570326,2,0.344071394247,0.376569037657,810,0.104247104247,0.56957682835,37,37,37,1,0,0.405405405405,0.540540540541,0.0540540540541,37,0.153903903904,1.79498659038,11.0810810811,9.31818181818,5.85714285714,4.31005528695,0.388956208822,0.21502966381,5.99348996178,1.08175184676,0.578510217535,5.13481901983,0.926772213334,0.490705339486,0.724172424979,0.403441690796,2.10308253844,1.79498659038,0.724172424979,2.10308253844,0.13005643888,0.100755667506,80,0.010296010296,0.268797920357,37,37,37,1,0,0.405405405405,0.540540540541,0.0540540540541,37,318,0.238738738739,1.73104095548,17.1891891892,14.4545454545,9.08571428571,5.10358173703,0.296906484701,0.140829508754,8.70331820329,1.0126502312,0.535951045385,8.10164406998,0.94264412135,0.494815570287,0.652954304795,0.377203267623,2,1.73104095548,0.652954304795,2,0.309332018607,0.309511015583,576,0.0741312741313,0.559728834012,37,37,37,1,0,0.405405405405,0.540540540541,0.0540540540541,-24,-0.018018018018,0.00575213736288,-1.2972972973,-1.09090909091,-0.685714285714,-0.264128418363,0.00654789442431,-0.00181313388861,-0.805173339083,-0.0160462222142,-0.00854081489633,0.0483307235454,0.071379227145,0.0329853189833,0.0123547344692,0.00590336490515,0,0.00575213736288,0.0123547344692,0,-0.0347393756403,-0.0670580220739,-234,-0.0301158301158,-0.00984799433833,0,0,0,317,1,25,989,0.926900584795,0.99898989899,0.0010101010101,0.0730994152047,0.996855345912,0.926900584795,0.960606060606,0.948762986125,0.925890483785,0.924198250729,113,137,0,0,0,0
2479,WLNM_dir_neg,0.958721828547,0.670634194035,00:00:04,10,60,26,1238529961,threshold_sweep,0.4,0.991071428571,0.810218978102,0.89156626506,111,1,26,273,0.810218978102,0.996350364964,0.0036496350365,0.189781021898,0.991071428571,0.810218978102,0.89156626506,0.934306569343,0.575831305758,0.845124282983,0.853950447309,0.806569343066,342,205,137,0,342,0,205,0,137,37,342,0.256756756757,1.72528881811,18.4864864865,15.5454545455,9.77142857143,5.36771015539,0.290358590277,0.142642642643,9.50849154237,1.02869645341,0.544491860281,8.05331334643,0.871264894205,0.461830251304,0.640599570326,0.371299902718,2,1.72528881811,0.640599570326,2,0.344071394247,0.376569037657,810,0.104247104247,0.56957682835,37,37,37,1,0,0.405405405405,0.540540540541,0.0540540540541,37,0.153903903904,1.79498659038,11.0810810811,9.31818181818,5.85714285714,4.31005528695,0.388956208822,0.21502966381,5.99348996178,1.08175184676,0.578510217535,5.13481901983,0.926772213334,0.490705339486,0.724172424979,0.403441690796,2.10308253844,1.79498659038,0.724172424979,2.10308253844,0.13005643888,0.100755667506,80,0.010296010296,0.268797920357,37,37,37,1,0,0.405405405405,0.540540540541,0.0540540540541,37,317,0.237987987988,1.72982598403,17.1351351351,14.4090909091,9.05714285714,5.0616321597,0.295394936765,0.13888652059,8.66198764892,1.01102064041,0.534913462358,8.12246726521,0.948048229694,0.497058572768,0.651646417312,0.376712122103,2,1.72982598403,0.651646417312,2,0.305107671872,0.303084972037,560,0.0720720720721,0.561362541389,37,37,37,1,0,0.405405405405,0.540540540541,0.0540540540541,-25,-0.0187687687688,0.00453716591423,-1.35135135135,-1.13636363636,-0.714285714286,-0.306077995692,0.00503634648777,-0.00375612205265,-0.846503893455,-0.0176758130047,-0.00957839792308,0.0691539187799,0.0767833354889,0.0352283214644,0.0110468469857,0.00541221938484,0,0.00453716591423,0.0110468469857,0,-0.038963722375,-0.0734840656201,-250,-0.032175032175,-0.00821428696084,0,0,0,316,1,26,989,0.923976608187,0.99898989899,0.0010101010101,0.0760233918129,0.996845425868,0.923976608187,0.959028831563,0.946790604674,0.922966507177,0.921282798834,112,137,0,0,0,0
2480,WLNM_dir_neg,0.958721828547,0.670634194035,00:00:04,10,60,26,1238529961,threshold_sweep,0.5,0.991071428571,0.810218978102,0.89156626506,111,1,26,273,0.810218978102,0.996350364964,0.0036496350365,0.189781021898,0.991071428571,0.810218978102,0.89156626506,0.934306569343,0.575831305758,0.845124282983,0.853950447309,0.806569343066,342,205,137,0,342,0,205,0,137,37,342,0.256756756757,1.72528881811,18.4864864865,15.5454545455,9.77142857143,5.36771015539,0.290358590277,0.142642642643,9.50849154237,1.02869645341,0.544491860281,8.05331334643,0.871264894205,0.461830251304,0.640599570326,0.371299902718,2,1.72528881811,0.640599570326,2,0.344071394247,0.376569037657,810,0.104247104247,0.56957682835,37,37,37,1,0,0.405405405405,0.540540540541,0.0540540540541,37,0.153903903904,1.79498659038,11.0810810811,9.31818181818,5.85714285714,4.31005528695,0.388956208822,0.21502966381,5.99348996178,1.08175184676,0.578510217535,5.13481901983,0.926772213334,0.490705339486,0.724172424979,0.403441690796,2.10308253844,1.79498659038,0.724172424979,2.10308253844,0.13005643888,0.100755667506,80,0.010296010296,0.268797920357,37,37,37,1,0,0.405405405405,0.540540540541,0.0540540540541,37,317,0.237987987988,1.72982598403,17.1351351351,14.4090909091,9.05714285714,5.0616321597,0.295394936765,0.13888652059,8.66198764892,1.01102064041,0.534913462358,8.12246726521,0.948048229694,0.497058572768,0.651646417312,0.376712122103,2,1.72982598403,0.651646417312,2,0.305107671872,0.303084972037,560,0.0720720720721,0.561362541389,37,37,37,1,0,0.405405405405,0.540540540541,0.0540540540541,-25,-0.0187687687688,0.00453716591423,-1.35135135135,-1.13636363636,-0.714285714286,-0.306077995692,0.00503634648777,-0.00375612205265,-0.846503893455,-0.0176758130047,-0.00957839792308,0.0691539187799,0.0767833354889,0.0352283214644,0.0110468469857,0.00541221938484,0,0.00453716591423,0.0110468469857,0,-0.038963722375,-0.0734840656201,-250,-0.032175032175,-0.00821428696084,0,0,0,316,1,26,989,0.923976608187,0.99898989899,0.0010101010101,0.0760233918129,0.996845425868,0.923976608187,0.959028831563,0.946790604674,0.922966507177,0.921282798834,112,137,0,0,0,0
2481,WLNM_dir_neg,0.958721828547,0.670634194035,00:00:04,10,60,26,1238529961,threshold_sweep,0.6,0.991071428571,0.810218978102,0.89156626506,111,1,26,273,0.810218978102,0.996350364964,0.0036496350365,0.189781021898,0.991071428571,0.810218978102,0.89156626506,0.934306569343,0.575831305758,0.845124282983,0.853950447309,0.806569343066,342,205,137,0,342,0,205,0,137,37,342,0.256756756757,1.72528881811,18.4864864865,15.5454545455,9.77142857143,5.36771015539,0.290358590277,0.142642642643,9.50849154237,1.02869645341,0.544491860281,8.05331334643,0.871264894205,0.461830251304,0.640599570326,0.371299902718,2,1.72528881811,0.640599570326,2,0.344071394247,0.376569037657,810,0.104247104247,0.56957682835,37,37,37,1,0,0.405405405405,0.540540540541,0.0540540540541,37,0.153903903904,1.79498659038,11.0810810811,9.31818181818,5.85714285714,4.31005528695,0.388956208822,0.21502966381,5.99348996178,1.08175184676,0.578510217535,5.13481901983,0.926772213334,0.490705339486,0.724172424979,0.403441690796,2.10308253844,1.79498659038,0.724172424979,2.10308253844,0.13005643888,0.100755667506,80,0.010296010296,0.268797920357,37,37,37,1,0,0.405405405405,0.540540540541,0.0540540540541,37,317,0.237987987988,1.72982598403,17.1351351351,14.4090909091,9.05714285714,5.0616321597,0.295394936765,0.13888652059,8.66198764892,1.01102064041,0.534913462358,8.12246726521,0.948048229694,0.497058572768,0.651646417312,0.376712122103,2,1.72982598403,0.651646417312,2,0.305107671872,0.303084972037,560,0.0720720720721,0.561362541389,37,37,37,1,0,0.405405405405,0.540540540541,0.0540540540541,-25,-0.0187687687688,0.00453716591423,-1.35135135135,-1.13636363636,-0.714285714286,-0.306077995692,0.00503634648777,-0.00375612205265,-0.846503893455,-0.0176758130047,-0.00957839792308,0.0691539187799,0.0767833354889,0.0352283214644,0.0110468469857,0.00541221938484,0,0.00453716591423,0.0110468469857,0,-0.038963722375,-0.0734840656201,-250,-0.032175032175,-0.00821428696084,0,0,0,316,1,26,989,0.923976608187,0.99898989899,0.0010101010101,0.0760233918129,0.996845425868,0.923976608187,0.959028831563,0.946790604674,0.922966507177,0.921282798834,112,137,0,0,0,0
2482,WLNM_dir_neg,0.958721828547,0.670634194035,00:00:04,10,60,26,1238529961,threshold_sweep,0.7,0.990990990991,0.802919708029,0.887096774194,110,1,27,273,0.802919708029,0.996350364964,0.0036496350365,0.197080291971,0.990990990991,0.802919708029,0.887096774194,0.931873479319,0.576642335766,0.83908045977,0.84860776283,0.799270072993,342,205,137,0,342,0,205,0,137,37,342,0.256756756757,1.72528881811,18.4864864865,15.5454545455,9.77142857143,5.36771015539,0.290358590277,0.142642642643,9.50849154237,1.02869645341,0.544491860281,8.05331334643,0.871264894205,0.461830251304,0.640599570326,0.371299902718,2,1.72528881811,0.640599570326,2,0.344071394247,0.376569037657,810,0.104247104247,0.56957682835,37,37,37,1,0,0.405405405405,0.540540540541,0.0540540540541,37,0.153903903904,1.79498659038,11.0810810811,9.31818181818,5.85714285714,4.31005528695,0.388956208822,0.21502966381,5.99348996178,1.08175184676,0.578510217535,5.13481901983,0.926772213334,0.490705339486,0.724172424979,0.403441690796,2.10308253844,1.79498659038,0.724172424979,2.10308253844,0.13005643888,0.100755667506,80,0.010296010296,0.268797920357,37,37,37,1,0,0.405405405405,0.540540540541,0.0540540540541,37,316,0.237237237237,1.72841541073,17.0810810811,14.3636363636,9.02857142857,5.03531075053,0.294788762293,0.138128634964,8.63646852531,1.01123207417,0.534553540883,8.13290502491,0.952270525068,0.498118371536,0.650343478262,0.376265725371,2,1.72841541073,0.650343478262,2,0.300541313065,0.296948783146,545,0.0701415701416,0.56221170865,37,37,37,1,0,0.405405405405,0.540540540541,0.0540540540541,-26,-0.0195195195195,0.0031265926184,-1.40540540541,-1.18181818182,-0.742857142857,-0.332399404868,0.00443017201628,-0.00451400767856,-0.872023017069,-0.0174643792493,-0.00993831939868,0.0795916784719,0.0810056308633,0.0362881202322,0.00974390793632,0.0049658226535,0,0.0031265926184,0.00974390793632,0,-0.0435300811829,-0.0796202545112,-265,-0.0341055341055,-0.00736511970033,0,0,0,315,1,27,989,0.921052631579,0.99898989899,0.0010101010101,0.0789473684211,0.996835443038,0.921052631579,0.957446808511,0.944818000693,0.920042530569,0.918367346939,111,137,0,0,0,0
2483,WLNM_dir_neg,0.958721828547,0.670634194035,00:00:04,10,60,26,1238529961,threshold_sweep,0.8,0.990990990991,0.802919708029,0.887096774194,110,1,27,273,0.802919708029,0.996350364964,0.0036496350365,0.197080291971,0.990990990991,0.802919708029,0.887096774194,0.931873479319,0.576642335766,0.83908045977,0.84860776283,0.799270072993,342,205,137,0,342,0,205,0,137,37,342,0.256756756757,1.72528881811,18.4864864865,15.5454545455,9.77142857143,5.36771015539,0.290358590277,0.142642642643,9.50849154237,1.02869645341,0.544491860281,8.05331334643,0.871264894205,0.461830251304,0.640599570326,0.371299902718,2,1.72528881811,0.640599570326,2,0.344071394247,0.376569037657,810,0.104247104247,0.56957682835,37,37,37,1,0,0.405405405405,0.540540540541,0.0540540540541,37,0.153903903904,1.79498659038,11.0810810811,9.31818181818,5.85714285714,4.31005528695,0.388956208822,0.21502966381,5.99348996178,1.08175184676,0.578510217535,5.13481901983,0.926772213334,0.490705339486,0.724172424979,0.403441690796,2.10308253844,1.79498659038,0.724172424979,2.10308253844,0.13005643888,0.100755667506,80,0.010296010296,0.268797920357,37,37,37,1,0,0.405405405405,0.540540540541,0.0540540540541,37,316,0.237237237237,1.72841541073,17.0810810811,14.3636363636,9.02857142857,5.03531075053,0.294788762293,0.138128634964,8.63646852531,1.01123207417,0.534553540883,8.13290502491,0.952270525068,0.498118371536,0.650343478262,0.376265725371,2,1.72841541073,0.650343478262,2,0.300541313065,0.296948783146,545,0.0701415701416,0.56221170865,37,37,37,1,0,0.405405405405,0.540540540541,0.0540540540541,-26,-0.0195195195195,0.0031265926184,-1.40540540541,-1.18181818182,-0.742857142857,-0.332399404868,0.00443017201628,-0.00451400767856,-0.872023017069,-0.0174643792493,-0.00993831939868,0.0795916784719,0.0810056308633,0.0362881202322,0.00974390793632,0.0049658226535,0,0.0031265926184,0.00974390793632,0,-0.0435300811829,-0.0796202545112,-265,-0.0341055341055,-0.00736511970033,0,0,0,315,1,27,989,0.921052631579,0.99898989899,0.0010101010101,0.0789473684211,0.996835443038,0.921052631579,0.957446808511,0.944818000693,0.920042530569,0.918367346939,111,137,0,0,0,0
2484,WLNM_dir_neg,0.958721828547,0.670634194035,00:00:04,10,60,26,1238529961,threshold_sweep,0.9,0.990990990991,0.802919708029,0.887096774194,110,1,27,273,0.802919708029,0.996350364964,0.0036496350365,0.197080291971,0.990990990991,0.802919708029,0.887096774194,0.931873479319,0.576642335766,0.83908045977,0.84860776283,0.799270072993,342,205,137,0,342,0,205,0,137,37,342,0.256756756757,1.72528881811,18.4864864865,15.5454545455,9.77142857143,5.36771015539,0.290358590277,0.142642642643,9.50849154237,1.02869645341,0.544491860281,8.05331334643,0.871264894205,0.461830251304,0.640599570326,0.371299902718,2,1.72528881811,0.640599570326,2,0.344071394247,0.376569037657,810,0.104247104247,0.56957682835,37,37,37,1,0,0.405405405405,0.540540540541,0.0540540540541,37,0.153903903904,1.79498659038,11.0810810811,9.31818181818,5.85714285714,4.31005528695,0.388956208822,0.21502966381,5.99348996178,1.08175184676,0.578510217535,5.13481901983,0.926772213334,0.490705339486,0.724172424979,0.403441690796,2.10308253844,1.79498659038,0.724172424979,2.10308253844,0.13005643888,0.100755667506,80,0.010296010296,0.268797920357,37,37,37,1,0,0.405405405405,0.540540540541,0.0540540540541,37,316,0.237237237237,1.72841541073,17.0810810811,14.3636363636,9.02857142857,5.03531075053,0.294788762293,0.138128634964,8.63646852531,1.01123207417,0.534553540883,8.13290502491,0.952270525068,0.498118371536,0.650343478262,0.376265725371,2,1.72841541073,0.650343478262,2,0.300541313065,0.296948783146,545,0.0701415701416,0.56221170865,37,37,37,1,0,0.405405405405,0.540540540541,0.0540540540541,-26,-0.0195195195195,0.0031265926184,-1.40540540541,-1.18181818182,-0.742857142857,-0.332399404868,0.00443017201628,-0.00451400767856,-0.872023017069,-0.0174643792493,-0.00993831939868,0.0795916784719,0.0810056308633,0.0362881202322,0.00974390793632,0.0049658226535,0,0.0031265926184,0.00974390793632,0,-0.0435300811829,-0.0796202545112,-265,-0.0341055341055,-0.00736511970033,0,0,0,315,1,27,989,0.921052631579,0.99898989899,0.0010101010101,0.0789473684211,0.996835443038,0.921052631579,0.957446808511,0.944818000693,0.920042530569,0.918367346939,111,137,0,0,0,0
2485,WLNM_dir_neg,0.904363578241,0.641896960595,00:00:04,10,60,27,1238529962,threshold_sweep,0.1,0.911504424779,0.751824817518,0.824,103,10,34,264,0.751824817518,0.963503649635,0.036496350365,0.248175182482,0.911504424779,0.751824817518,0.824,0.892944038929,0.57502027575,0.748091603053,0.755255192405,0.715328467153,342,205,137,0,342,0,205,0,137,37,342,0.256756756757,1.72528881811,18.4864864865,15.5454545455,9.77142857143,5.36771015539,0.290358590277,0.142642642643,9.50849154237,1.02869645341,0.544491860281,8.05331334643,0.871264894205,0.461830251304,0.640599570326,0.371299902718,2,1.72528881811,0.640599570326,2,0.344071394247,0.376569037657,810,0.104247104247,0.56957682835,37,37,37,1,0,0.405405405405,0.540540540541,0.0540540540541,37,0.153903903904,1.81645725989,11.0810810811,9.31818181818,5.85714285714,4.33575815732,0.391275736149,0.215952537904,6.18059056237,1.11552122345,0.590112063283,5.15102252306,0.929696748064,0.489123269611,0.745474742561,0.410400376063,2,1.81645725989,0.745474742561,2,0.110288898524,0.106649937265,85,0.0109395109395,0.265565317367,37,37,37,1,0,0.405405405405,0.540540540541,0.0540540540541,37,318,0.238738738739,1.84062046605,17.1891891892,14.4545454545,8.83333333333,4.96005061487,0.288556403695,0.142359340473,8.85519138214,1.03032100987,0.548019717831,7.58089506391,0.88205382819,0.459799422064,0.79538822527,0.432130490745,3,1.84062046605,0.79538822527,3,0.277111803736,0.298675009201,541,0.0696267696268,0.503937521002,37,37,37,1,0,0.405405405405,0.567567567568,0.027027027027,-24,-0.018018018018,0.115331647937,-1.2972972973,-1.09090909091,-0.938095238095,-0.40765954052,-0.00180218658168,-0.000283302170095,-0.65330016023,0.0016245564574,0.0035278575497,-0.472418282527,0.0107889339856,-0.00203082924036,0.154788654944,0.0608305880271,1,0.115331647937,0.154788654944,1,-0.0669595905116,-0.0778940284556,-269,-0.0346203346203,-0.0656393073478,0,0.027027027027,-0.027027027027,308,10,34,980,0.900584795322,0.989898989899,0.010101010101,0.0994152046784,0.968553459119,0.900584795322,0.933333333333,0.912481627101,0.890483785221,0.875,113,137,0,0,0,0
2486,WLNM_dir_neg,0.904363578241,0.641896960595,00:00:04,10,60,27,1238529962,threshold_sweep,0.2,0.94495412844,0.751824817518,0.837398373984,103,6,34,268,0.751824817518,0.978102189781,0.021897810219,0.248175182482,0.94495412844,0.751824817518,0.837398373984,0.902676399027,0.578264395783,0.769230769231,0.779467976421,0.729927007299,342,205,137,0,342,0,205,0,137,37,342,0.256756756757,1.72528881811,18.4864864865,15.5454545455,9.77142857143,5.36771015539,0.290358590277,0.142642642643,9.50849154237,1.02869645341,0.544491860281,8.05331334643,0.871264894205,0.461830251304,0.640599570326,0.371299902718,2,1.72528881811,0.640599570326,2,0.344071394247,0.376569037657,810,0.104247104247,0.56957682835,37,37,37,1,0,0.405405405405,0.540540540541,0.0540540540541,37,0.153903903904,1.81645725989,11.0810810811,9.31818181818,5.85714285714,4.33575815732,0.391275736149,0.215952537904,6.18059056237,1.11552122345,0.590112063283,5.15102252306,0.929696748064,0.489123269611,0.745474742561,0.410400376063,2,1.81645725989,0.745474742561,2,0.110288898524,0.106649937265,85,0.0109395109395,0.265565317367,37,37,37,1,0,0.405405405405,0.540540540541,0.0540540540541,37,314,0.235735735736,1.83680969307,16.972972973,14.2727272727,8.72222222222,4.99158450954,0.294090170148,0.142021001894,8.73251148048,1.0289902063,0.546221380616,7.66891858819,0.903662381411,0.469788259597,0.791919857585,0.431138762264,3,1.83680969307,0.791919857585,3,0.280983100595,0.286225065864,507,0.065250965251,0.508553479472,37,37,37,1,0,0.405405405405,0.567567567568,0.027027027027,-28,-0.021021021021,0.111520874957,-1.51351351351,-1.27272727273,-1.04920634921,-0.37612564585,0.00373157987115,-0.000621640749029,-0.775980061892,0.000293752884073,0.00172952033495,-0.384394758243,0.0323974872063,0.00795800829324,0.151320287259,0.0598388595461,1,0.111520874957,0.151320287259,1,-0.063088293652,-0.0903439717931,-303,-0.0389961389961,-0.0610233488774,0,0.027027027027,-0.027027027027,308,6,34,984,0.900584795322,0.993939393939,0.00606060606061,0.0994152046784,0.980891719745,0.900584795322,0.939024390244,0.920627675494,0.894524189261,0.885057471264,109,137,0,0,0,0
2487,WLNM_dir_neg,0.904363578241,0.641896960595,00:00:04,10,60,27,1238529962,threshold_sweep,0.3,0.944444444444,0.744525547445,0.832653061224,102,6,35,268,0.744525547445,0.978102189781,0.021897810219,0.255474452555,0.944444444444,0.744525547445,0.832653061224,0.900243309002,0.579075425791,0.763005780347,0.773957299203,0.722627737226,342,205,137,0,342,0,205,0,137,37,342,0.256756756757,1.72528881811,18.4864864865,15.5454545455,9.77142857143,5.36771015539,0.290358590277,0.142642642643,9.50849154237,1.02869645341,0.544491860281,8.05331334643,0.871264894205,0.461830251304,0.640599570326,0.371299902718,2,1.72528881811,0.640599570326,2,0.344071394247,0.376569037657,810,0.104247104247,0.56957682835,37,37,37,1,0,0.405405405405,0.540540540541,0.0540540540541,37,0.153903903904,1.81645725989,11.0810810811,9.31818181818,5.85714285714,4.33575815732,0.391275736149,0.215952537904,6.18059056237,1.11552122345,0.590112063283,5.15102252306,0.929696748064,0.489123269611,0.745474742561,0.410400376063,2,1.81645725989,0.745474742561,2,0.110288898524,0.106649937265,85,0.0109395109395,0.265565317367,37,37,37,1,0,0.405405405405,0.540540540541,0.0540540540541,37,313,0.234984984985,1.83555713171,16.9189189189,14.2272727273,8.69444444444,4.95747683571,0.293013806583,0.140488731543,8.70374949405,1.02887773572,0.546066833607,7.68329571428,0.908249014148,0.470943787238,0.7909379874,0.430898049281,3,1.83555713171,0.7909379874,3,0.275470506464,0.278620166793,490,0.0630630630631,0.509524077243,37,37,37,1,0,0.405405405405,0.567567567568,0.027027027027,-29,-0.0217717717718,0.110268313599,-1.56756756757,-1.31818181818,-1.07698412698,-0.410233319686,0.00265521630623,-0.0021539110996,-0.80474204832,0.000181282304103,0.00157497332544,-0.370017632157,0.0369841199429,0.00911353593378,0.150338417074,0.0595981465635,1,0.110268313599,0.150338417074,1,-0.0686008877835,-0.0979488708639,-320,-0.041184041184,-0.0600527511064,0,0.027027027027,-0.027027027027,307,6,35,984,0.897660818713,0.993939393939,0.00606060606061,0.102339181287,0.980830670927,0.897660818713,0.937404580153,0.918631964475,0.891600212653,0.882183908046,108,137,0,0,0,0
2488,WLNM_dir_neg,0.904363578241,0.641896960595,00:00:04,10,60,27,1238529962,threshold_sweep,0.4,0.944444444444,0.744525547445,0.832653061224,102,6,35,268,0.744525547445,0.978102189781,0.021897810219,0.255474452555,0.944444444444,0.744525547445,0.832653061224,0.900243309002,0.579075425791,0.763005780347,0.773957299203,0.722627737226,342,205,137,0,342,0,205,0,137,37,342,0.256756756757,1.72528881811,18.4864864865,15.5454545455,9.77142857143,5.36771015539,0.290358590277,0.142642642643,9.50849154237,1.02869645341,0.544491860281,8.05331334643,0.871264894205,0.461830251304,0.640599570326,0.371299902718,2,1.72528881811,0.640599570326,2,0.344071394247,0.376569037657,810,0.104247104247,0.56957682835,37,37,37,1,0,0.405405405405,0.540540540541,0.0540540540541,37,0.153903903904,1.81645725989,11.0810810811,9.31818181818,5.85714285714,4.33575815732,0.391275736149,0.215952537904,6.18059056237,1.11552122345,0.590112063283,5.15102252306,0.929696748064,0.489123269611,0.745474742561,0.410400376063,2,1.81645725989,0.745474742561,2,0.110288898524,0.106649937265,85,0.0109395109395,0.265565317367,37,37,37,1,0,0.405405405405,0.540540540541,0.0540540540541,37,313,0.234984984985,1.83555713171,16.9189189189,14.2272727273,8.69444444444,4.95747683571,0.293013806583,0.140488731543,8.70374949405,1.02887773572,0.546066833607,7.68329571428,0.908249014148,0.470943787238,0.7909379874,0.430898049281,3,1.83555713171,0.7909379874,3,0.275470506464,0.278620166793,490,0.0630630630631,0.509524077243,37,37,37,1,0,0.405405405405,0.567567567568,0.027027027027,-29,-0.0217717717718,0.110268313599,-1.56756756757,-1.31818181818,-1.07698412698,-0.410233319686,0.00265521630623,-0.0021539110996,-0.80474204832,0.000181282304103,0.00157497332544,-0.370017632157,0.0369841199429,0.00911353593378,0.150338417074,0.0595981465635,1,0.110268313599,0.150338417074,1,-0.0686008877835,-0.0979488708639,-320,-0.041184041184,-0.0600527511064,0,0.027027027027,-0.027027027027,307,6,35,984,0.897660818713,0.993939393939,0.00606060606061,0.102339181287,0.980830670927,0.897660818713,0.937404580153,0.918631964475,0.891600212653,0.882183908046,108,137,0,0,0,0
2489,WLNM_dir_neg,0.904363578241,0.641896960595,00:00:04,10,60,27,1238529962,threshold_sweep,0.5,0.952830188679,0.737226277372,0.831275720165,101,5,36,269,0.737226277372,0.981751824818,0.0182481751825,0.262773722628,0.952830188679,0.737226277372,0.831275720165,0.900243309002,0.580697485807,0.762088974855,0.774726436657,0.71897810219,342,205,137,0,342,0,205,0,137,37,342,0.256756756757,1.72528881811,18.4864864865,15.5454545455,9.77142857143,5.36771015539,0.290358590277,0.142642642643,9.50849154237,1.02869645341,0.544491860281,8.05331334643,0.871264894205,0.461830251304,0.640599570326,0.371299902718,2,1.72528881811,0.640599570326,2,0.344071394247,0.376569037657,810,0.104247104247,0.56957682835,37,37,37,1,0,0.405405405405,0.540540540541,0.0540540540541,37,0.153903903904,1.81645725989,11.0810810811,9.31818181818,5.85714285714,4.33575815732,0.391275736149,0.215952537904,6.18059056237,1.11552122345,0.590112063283,5.15102252306,0.929696748064,0.489123269611,0.745474742561,0.410400376063,2,1.81645725989,0.745474742561,2,0.110288898524,0.106649937265,85,0.0109395109395,0.265565317367,37,37,37,1,0,0.405405405405,0.540540540541,0.0540540540541,37,311,0.233483483483,1.83300390455,16.8108108108,14.1363636364,8.88571428571,4.85819947121,0.288992573046,0.136525593117,8.62959848255,1.02667248828,0.544190492744,7.7332595523,0.920034094647,0.477622316851,0.788952125598,0.430414863623,3,1.83300390455,0.788952125598,3,0.263561005875,0.264485081809,458,0.0589446589447,0.513449991068,37,37,37,1,0,0.405405405405,0.540540540541,0.0540540540541,-31,-0.0232732732733,0.107715086437,-1.67567567568,-1.40909090909,-0.885714285714,-0.509510684179,-0.00136601723064,-0.00611704952541,-0.878893059828,-0.00202396513756,-0.000301367537787,-0.32005379413,0.0487692004422,0.0157920655467,0.148352555272,0.0591149609051,1,0.107715086437,0.148352555272,1,-0.0805103883725,-0.112083955847,-352,-0.0453024453024,-0.0561268372823,0,0,0,306,5,36,985,0.894736842105,0.994949494949,0.00505050505051,0.105263157895,0.983922829582,0.894736842105,0.937212863706,0.918701670179,0.889686337055,0.881844380403,106,137,0,0,0,0
2490,WLNM_dir_neg,0.904363578241,0.641896960595,00:00:04,10,60,27,1238529962,threshold_sweep,0.6,0.961904761905,0.737226277372,0.834710743802,101,4,36,270,0.737226277372,0.985401459854,0.014598540146,0.262773722628,0.961904761905,0.737226277372,0.834710743802,0.902676399027,0.581508515815,0.767441860465,0.781078762746,0.722627737226,342,205,137,0,342,0,205,0,137,37,342,0.256756756757,1.72528881811,18.4864864865,15.5454545455,9.77142857143,5.36771015539,0.290358590277,0.142642642643,9.50849154237,1.02869645341,0.544491860281,8.05331334643,0.871264894205,0.461830251304,0.640599570326,0.371299902718,2,1.72528881811,0.640599570326,2,0.344071394247,0.376569037657,810,0.104247104247,0.56957682835,37,37,37,1,0,0.405405405405,0.540540540541,0.0540540540541,37,0.153903903904,1.81645725989,11.0810810811,9.31818181818,5.85714285714,4.33575815732,0.391275736149,0.215952537904,6.18059056237,1.11552122345,0.590112063283,5.15102252306,0.929696748064,0.489123269611,0.745474742561,0.410400376063,2,1.81645725989,0.745474742561,2,0.110288898524,0.106649937265,85,0.0109395109395,0.265565317367,37,37,37,1,0,0.405405405405,0.540540540541,0.0540540540541,37,310,0.232732732733,1.83300390455,16.7567567568,14.0909090909,8.85714285714,5.00225174522,0.298521475118,0.139843068875,8.65175432227,1.03262874169,0.546294681779,7.75439427877,0.925524478434,0.479686137751,0.788952125598,0.430414863623,3,1.83300390455,0.788952125598,3,0.263214505528,0.264212757757,457,0.058815958816,0.512639680766,37,37,37,1,0,0.405405405405,0.540540540541,0.0540540540541,-32,-0.024024024024,0.107715086437,-1.72972972973,-1.45454545455,-0.914285714286,-0.365458410177,0.00816288484064,-0.00279957376732,-0.856737220108,0.00393228827504,0.00180282149722,-0.298919067664,0.054259584229,0.0178558864467,0.148352555272,0.0591149609051,1,0.107715086437,0.148352555272,1,-0.080856888719,-0.1123562799,-353,-0.0454311454311,-0.056937147584,0,0,0,306,4,36,986,0.894736842105,0.99595959596,0.0040404040404,0.105263157895,0.987096774194,0.894736842105,0.938650306748,0.920776169974,0.890696438065,0.884393063584,105,137,0,0,0,0
2491,WLNM_dir_neg,0.904363578241,0.641896960595,00:00:04,10,60,27,1238529962,threshold_sweep,0.7,0.971153846154,0.737226277372,0.838174273859,101,3,36,271,0.737226277372,0.989051094891,0.0109489051095,0.262773722628,0.971153846154,0.737226277372,0.838174273859,0.905109489051,0.582319545823,0.772815533981,0.787503007754,0.726277372263,342,205,137,0,342,0,205,0,137,37,342,0.256756756757,1.72528881811,18.4864864865,15.5454545455,9.77142857143,5.36771015539,0.290358590277,0.142642642643,9.50849154237,1.02869645341,0.544491860281,8.05331334643,0.871264894205,0.461830251304,0.640599570326,0.371299902718,2,1.72528881811,0.640599570326,2,0.344071394247,0.376569037657,810,0.104247104247,0.56957682835,37,37,37,1,0,0.405405405405,0.540540540541,0.0540540540541,37,0.153903903904,1.81645725989,11.0810810811,9.31818181818,5.85714285714,4.33575815732,0.391275736149,0.215952537904,6.18059056237,1.11552122345,0.590112063283,5.15102252306,0.929696748064,0.489123269611,0.745474742561,0.410400376063,2,1.81645725989,0.745474742561,2,0.110288898524,0.106649937265,85,0.0109395109395,0.265565317367,37,37,37,1,0,0.405405405405,0.540540540541,0.0540540540541,37,309,0.231981981982,1.74447434039,16.7027027027,14.0454545455,8.82857142857,5.09283191721,0.304910648765,0.142919618648,8.67376701522,1.03860640635,0.548237557946,7.77894671611,0.931459639145,0.483337706639,0.663157035361,0.380147199651,2,1.74447434039,0.663157035361,2,0.263214505528,0.264212757757,457,0.058815958816,0.513232035295,37,37,37,1,0,0.405405405405,0.540540540541,0.0540540540541,-33,-0.0247747747748,0.0191855222703,-1.78378378378,-1.5,-0.942857142857,-0.274878238185,0.0145520584878,0.000276976005132,-0.83472452716,0.00990995293781,0.00374569766496,-0.274366630329,0.0601947449405,0.0215074553347,0.0225574650351,0.00884729693365,0,0.0191855222703,0.0225574650351,0,-0.080856888719,-0.1123562799,-353,-0.0454311454311,-0.0563447930549,0,0,0,306,3,36,987,0.894736842105,0.99696969697,0.0030303030303,0.105263157895,0.990291262136,0.894736842105,0.940092165899,0.922859410626,0.891706539075,0.886956521739,104,137,0,0,0,0
2492,WLNM_dir_neg,0.904363578241,0.641896960595,00:00:04,10,60,27,1238529962,threshold_sweep,0.8,0.980392156863,0.729927007299,0.836820083682,100,2,37,272,0.729927007299,0.992700729927,0.00729927007299,0.270072992701,0.980392156863,0.729927007299,0.836820083682,0.905109489051,0.583941605839,0.771929824561,0.788625592742,0.722627737226,342,205,137,0,342,0,205,0,137,37,342,0.256756756757,1.72528881811,18.4864864865,15.5454545455,9.77142857143,5.36771015539,0.290358590277,0.142642642643,9.50849154237,1.02869645341,0.544491860281,8.05331334643,0.871264894205,0.461830251304,0.640599570326,0.371299902718,2,1.72528881811,0.640599570326,2,0.344071394247,0.376569037657,810,0.104247104247,0.56957682835,37,37,37,1,0,0.405405405405,0.540540540541,0.0540540540541,37,0.153903903904,1.81645725989,11.0810810811,9.31818181818,5.85714285714,4.33575815732,0.391275736149,0.215952537904,6.18059056237,1.11552122345,0.590112063283,5.15102252306,0.929696748064,0.489123269611,0.745474742561,0.410400376063,2,1.81645725989,0.745474742561,2,0.110288898524,0.106649937265,85,0.0109395109395,0.265565317367,37,37,37,1,0,0.405405405405,0.540540540541,0.0540540540541,37,307,0.23048048048,1.7566966729,16.5945945946,13.9545454545,8.77142857143,5.18791040925,0.312626523033,0.145699445374,8.66623353041,1.04446462744,0.549696276081,7.80621143302,0.940813755771,0.486310414649,0.683190778196,0.388906513421,2,1.7566966729,0.683190778196,2,0.266612895692,0.257242854365,441,0.0567567567568,0.514539047361,37,37,37,1,0,0.405405405405,0.540540540541,0.0540540540541,-35,-0.0262762762763,0.0314078547858,-1.89189189189,-1.59090909091,-1,-0.179799746142,0.0222679327559,0.00305680273107,-0.842258011965,0.0157681740288,0.00520441579931,-0.247101913419,0.0695488615657,0.0244801633452,0.0425912078696,0.017606610703,0,0.0314078547858,0.0425912078696,0,-0.0774584985559,-0.119326183292,-369,-0.0474903474903,-0.0550377809893,0,0,0,305,2,37,988,0.891812865497,0.99797979798,0.0020202020202,0.108187134503,0.99348534202,0.891812865497,0.939907550077,0.92297162669,0.889792663477,0.886627906977,102,137,0,0,0,0
2493,WLNM_dir_neg,0.904363578241,0.641896960595,00:00:04,10,60,27,1238529962,threshold_sweep,0.9,0.98,0.715328467153,0.827004219409,98,2,39,272,0.715328467153,0.992700729927,0.00729927007299,0.284671532847,0.98,0.715328467153,0.827004219409,0.900243309002,0.585563665856,0.759295499022,0.777869131572,0.70802919708,342,205,137,0,342,0,205,0,137,37,342,0.256756756757,1.72528881811,18.4864864865,15.5454545455,9.77142857143,5.36771015539,0.290358590277,0.142642642643,9.50849154237,1.02869645341,0.544491860281,8.05331334643,0.871264894205,0.461830251304,0.640599570326,0.371299902718,2,1.72528881811,0.640599570326,2,0.344071394247,0.376569037657,810,0.104247104247,0.56957682835,37,37,37,1,0,0.405405405405,0.540540540541,0.0540540540541,37,0.153903903904,1.81645725989,11.0810810811,9.31818181818,5.85714285714,4.33575815732,0.391275736149,0.215952537904,6.18059056237,1.11552122345,0.590112063283,5.15102252306,0.929696748064,0.489123269611,0.745474742561,0.410400376063,2,1.81645725989,0.745474742561,2,0.110288898524,0.106649937265,85,0.0109395109395,0.265565317367,37,37,37,1,0,0.405405405405,0.540540540541,0.0540540540541,37,305,0.228978978979,1.7527510345,16.4864864865,13.8636363636,8.71428571429,5.25791267003,0.318922571789,0.148604342047,8.60363426248,1.04371956627,0.54869295525,7.81880001238,0.948510165437,0.490739920248,0.680104346822,0.388021078542,2,1.7527510345,0.680104346822,2,0.275645811694,0.258590221873,439,0.0564993564994,0.515954641878,37,37,37,1,0,0.405405405405,0.540540540541,0.0540540540541,-37,-0.0277777777778,0.0274622163864,-2,-1.68181818182,-1.05714285714,-0.109797485365,0.0285639815115,0.00596169940432,-0.904857279895,0.0150231128533,0.004201094969,-0.234513334052,0.0772452712317,0.0289096689442,0.0395047764962,0.0167211758239,0,0.0274622163864,0.0395047764962,0,-0.0684255825537,-0.117978815784,-371,-0.0477477477477,-0.0536221864718,0,0,0,303,2,39,988,0.885964912281,0.99797979798,0.0020202020202,0.114035087719,0.993442622951,0.885964912281,0.936630602782,0.919010789307,0.88394471026,0.880813953488,100,137,0,0,0,0
2494,WLNM_dir_neg,0.924436570941,0.823436244064,00:00:04,10,60,28,1238529963,threshold_sweep,0.1,0.972972972973,0.788321167883,0.870967741935,108,3,29,271,0.788321167883,0.989051094891,0.0109489051095,0.211678832117,0.972972972973,0.788321167883,0.870967741935,0.922141119221,0.576642335766,0.816091954023,0.825358235081,0.777372262774,342,205,137,0,342,0,205,0,137,37,342,0.256756756757,1.72528881811,18.4864864865,15.5454545455,9.77142857143,5.36771015539,0.290358590277,0.142642642643,9.50849154237,1.02869645341,0.544491860281,8.05331334643,0.871264894205,0.461830251304,0.640599570326,0.371299902718,2,1.72528881811,0.640599570326,2,0.344071394247,0.376569037657,810,0.104247104247,0.56957682835,37,37,37,1,0,0.405405405405,0.540540540541,0.0540540540541,37,0.153903903904,1.80042854536,11.0810810811,9.31818181818,5.85714285714,4.09863377222,0.369876706274,0.202900461437,6.02584523621,1.08759157922,0.581147000659,5.08043411637,0.916956401492,0.487013843111,0.723430637743,0.401810246571,2,1.80042854536,0.723430637743,2,0.159356194109,0.096980008507,76,0.00978120978121,0.265884035605,37,37,37,1,0,0.405405405405,0.540540540541,0.0540540540541,37,316,0.237237237237,1.75032347047,17.0810810811,14.3636363636,9.02857142857,5.13364922393,0.300545919755,0.147964420116,8.64932429793,1.01273733868,0.537632569278,7.71936451974,0.903849643134,0.480841601095,0.670994070348,0.383354323739,2,1.75032347047,0.670994070348,2,0.312348524349,0.318496898942,582,0.0749034749035,0.52018142692,37,37,37,1,0,0.405405405405,0.540540540541,0.0540540540541,-26,-0.0195195195195,0.0250346523599,-1.40540540541,-1.18181818182,-0.742857142857,-0.234060931464,0.0101873294783,0.00532177747368,-0.859167244442,-0.0159591147328,-0.0068592910032,-0.333948826696,0.032584748929,0.0190113497908,0.0303945000219,0.012054421021,0,0.0250346523599,0.0303945000219,0,-0.0317228698979,-0.0580721387149,-228,-0.0293436293436,-0.0493954014303,0,0,0,313,3,29,987,0.915204678363,0.99696969697,0.0030303030303,0.0847953216374,0.990506329114,0.915204678363,0.951367781155,0.936737966942,0.912174375332,0.907246376812,111,137,0,0,0,0
2495,WLNM_dir_neg,0.924436570941,0.823436244064,00:00:04,10,60,28,1238529963,threshold_sweep,0.2,0.972727272727,0.78102189781,0.866396761134,107,3,30,271,0.78102189781,0.989051094891,0.0109489051095,0.21897810219,0.972727272727,0.78102189781,0.866396761134,0.919708029197,0.577453365775,0.809980806142,0.81995093812,0.770072992701,342,205,137,0,342,0,205,0,137,37,342,0.256756756757,1.72528881811,18.4864864865,15.5454545455,9.77142857143,5.36771015539,0.290358590277,0.142642642643,9.50849154237,1.02869645341,0.544491860281,8.05331334643,0.871264894205,0.461830251304,0.640599570326,0.371299902718,2,1.72528881811,0.640599570326,2,0.344071394247,0.376569037657,810,0.104247104247,0.56957682835,37,37,37,1,0,0.405405405405,0.540540540541,0.0540540540541,37,0.153903903904,1.80042854536,11.0810810811,9.31818181818,5.85714285714,4.09863377222,0.369876706274,0.202900461437,6.02584523621,1.08759157922,0.581147000659,5.08043411637,0.916956401492,0.487013843111,0.723430637743,0.401810246571,2,1.80042854536,0.723430637743,2,0.159356194109,0.096980008507,76,0.00978120978121,0.265884035605,37,37,37,1,0,0.405405405405,0.540540540541,0.0540540540541,37,315,0.236486486486,1.74890269207,17.027027027,14.3181818182,9,5.12882099559,0.30121647117,0.148348348348,8.6140119109,1.01180457366,0.536765336765,7.71586252693,0.906307661894,0.481681681682,0.669799546043,0.382982740596,2,1.74890269207,0.669799546043,2,0.307351952419,0.31718061674,576,0.0741312741313,0.519985409577,37,37,37,1,0,0.405405405405,0.540540540541,0.0540540540541,-27,-0.0202702702703,0.0236138739503,-1.45945945946,-1.22727272727,-0.771428571429,-0.238889159803,0.0108578808924,0.00570570570571,-0.89447963147,-0.016891879753,-0.007726523516,-0.337450819501,0.0350427676889,0.0198514303777,0.0291999757167,0.0116828378782,0,0.0236138739503,0.0291999757167,0,-0.0367194418282,-0.0593884209168,-234,-0.0301158301158,-0.0495914187725,0,0,0,312,3,30,987,0.912280701754,0.99696969697,0.0030303030303,0.0877192982456,0.990476190476,0.912280701754,0.949771689498,0.934756291999,0.909250398724,0.904347826087,110,137,0,0,0,0
2496,WLNM_dir_neg,0.924436570941,0.823436244064,00:00:04,10,60,28,1238529963,threshold_sweep,0.3,0.972727272727,0.78102189781,0.866396761134,107,3,30,271,0.78102189781,0.989051094891,0.0109489051095,0.21897810219,0.972727272727,0.78102189781,0.866396761134,0.919708029197,0.577453365775,0.809980806142,0.81995093812,0.770072992701,342,205,137,0,342,0,205,0,137,37,342,0.256756756757,1.72528881811,18.4864864865,15.5454545455,9.77142857143,5.36771015539,0.290358590277,0.142642642643,9.50849154237,1.02869645341,0.544491860281,8.05331334643,0.871264894205,0.461830251304,0.640599570326,0.371299902718,2,1.72528881811,0.640599570326,2,0.344071394247,0.376569037657,810,0.104247104247,0.56957682835,37,37,37,1,0,0.405405405405,0.540540540541,0.0540540540541,37,0.153903903904,1.80042854536,11.0810810811,9.31818181818,5.85714285714,4.09863377222,0.369876706274,0.202900461437,6.02584523621,1.08759157922,0.581147000659,5.08043411637,0.916956401492,0.487013843111,0.723430637743,0.401810246571,2,1.80042854536,0.723430637743,2,0.159356194109,0.096980008507,76,0.00978120978121,0.265884035605,37,37,37,1,0,0.405405405405,0.540540540541,0.0540540540541,37,315,0.236486486486,1.74890269207,17.027027027,14.3181818182,9,5.12882099559,0.30121647117,0.148348348348,8.6140119109,1.01180457366,0.536765336765,7.71586252693,0.906307661894,0.481681681682,0.669799546043,0.382982740596,2,1.74890269207,0.669799546043,2,0.307351952419,0.31718061674,576,0.0741312741313,0.519985409577,37,37,37,1,0,0.405405405405,0.540540540541,0.0540540540541,-27,-0.0202702702703,0.0236138739503,-1.45945945946,-1.22727272727,-0.771428571429,-0.238889159803,0.0108578808924,0.00570570570571,-0.89447963147,-0.016891879753,-0.007726523516,-0.337450819501,0.0350427676889,0.0198514303777,0.0291999757167,0.0116828378782,0,0.0236138739503,0.0291999757167,0,-0.0367194418282,-0.0593884209168,-234,-0.0301158301158,-0.0495914187725,0,0,0,312,3,30,987,0.912280701754,0.99696969697,0.0030303030303,0.0877192982456,0.990476190476,0.912280701754,0.949771689498,0.934756291999,0.909250398724,0.904347826087,110,137,0,0,0,0
2497,WLNM_dir_neg,0.924436570941,0.823436244064,00:00:04,10,60,28,1238529963,threshold_sweep,0.4,0.972727272727,0.78102189781,0.866396761134,107,3,30,271,0.78102189781,0.989051094891,0.0109489051095,0.21897810219,0.972727272727,0.78102189781,0.866396761134,0.919708029197,0.577453365775,0.809980806142,0.81995093812,0.770072992701,342,205,137,0,342,0,205,0,137,37,342,0.256756756757,1.72528881811,18.4864864865,15.5454545455,9.77142857143,5.36771015539,0.290358590277,0.142642642643,9.50849154237,1.02869645341,0.544491860281,8.05331334643,0.871264894205,0.461830251304,0.640599570326,0.371299902718,2,1.72528881811,0.640599570326,2,0.344071394247,0.376569037657,810,0.104247104247,0.56957682835,37,37,37,1,0,0.405405405405,0.540540540541,0.0540540540541,37,0.153903903904,1.80042854536,11.0810810811,9.31818181818,5.85714285714,4.09863377222,0.369876706274,0.202900461437,6.02584523621,1.08759157922,0.581147000659,5.08043411637,0.916956401492,0.487013843111,0.723430637743,0.401810246571,2,1.80042854536,0.723430637743,2,0.159356194109,0.096980008507,76,0.00978120978121,0.265884035605,37,37,37,1,0,0.405405405405,0.540540540541,0.0540540540541,37,315,0.236486486486,1.74890269207,17.027027027,14.3181818182,9,5.12882099559,0.30121647117,0.148348348348,8.6140119109,1.01180457366,0.536765336765,7.71586252693,0.906307661894,0.481681681682,0.669799546043,0.382982740596,2,1.74890269207,0.669799546043,2,0.307351952419,0.31718061674,576,0.0741312741313,0.519985409577,37,37,37,1,0,0.405405405405,0.540540540541,0.0540540540541,-27,-0.0202702702703,0.0236138739503,-1.45945945946,-1.22727272727,-0.771428571429,-0.238889159803,0.0108578808924,0.00570570570571,-0.89447963147,-0.016891879753,-0.007726523516,-0.337450819501,0.0350427676889,0.0198514303777,0.0291999757167,0.0116828378782,0,0.0236138739503,0.0291999757167,0,-0.0367194418282,-0.0593884209168,-234,-0.0301158301158,-0.0495914187725,0,0,0,312,3,30,987,0.912280701754,0.99696969697,0.0030303030303,0.0877192982456,0.990476190476,0.912280701754,0.949771689498,0.934756291999,0.909250398724,0.904347826087,110,137,0,0,0,0
2498,WLNM_dir_neg,0.924436570941,0.823436244064,00:00:04,10,60,28,1238529963,threshold_sweep,0.5,0.972727272727,0.78102189781,0.866396761134,107,3,30,271,0.78102189781,0.989051094891,0.0109489051095,0.21897810219,0.972727272727,0.78102189781,0.866396761134,0.919708029197,0.577453365775,0.809980806142,0.81995093812,0.770072992701,342,205,137,0,342,0,205,0,137,37,342,0.256756756757,1.72528881811,18.4864864865,15.5454545455,9.77142857143,5.36771015539,0.290358590277,0.142642642643,9.50849154237,1.02869645341,0.544491860281,8.05331334643,0.871264894205,0.461830251304,0.640599570326,0.371299902718,2,1.72528881811,0.640599570326,2,0.344071394247,0.376569037657,810,0.104247104247,0.56957682835,37,37,37,1,0,0.405405405405,0.540540540541,0.0540540540541,37,0.153903903904,1.80042854536,11.0810810811,9.31818181818,5.85714285714,4.09863377222,0.369876706274,0.202900461437,6.02584523621,1.08759157922,0.581147000659,5.08043411637,0.916956401492,0.487013843111,0.723430637743,0.401810246571,2,1.80042854536,0.723430637743,2,0.159356194109,0.096980008507,76,0.00978120978121,0.265884035605,37,37,37,1,0,0.405405405405,0.540540540541,0.0540540540541,37,315,0.236486486486,1.74890269207,17.027027027,14.3181818182,9,5.12882099559,0.30121647117,0.148348348348,8.6140119109,1.01180457366,0.536765336765,7.71586252693,0.906307661894,0.481681681682,0.669799546043,0.382982740596,2,1.74890269207,0.669799546043,2,0.307351952419,0.31718061674,576,0.0741312741313,0.519985409577,37,37,37,1,0,0.405405405405,0.540540540541,0.0540540540541,-27,-0.0202702702703,0.0236138739503,-1.45945945946,-1.22727272727,-0.771428571429,-0.238889159803,0.0108578808924,0.00570570570571,-0.89447963147,-0.016891879753,-0.007726523516,-0.337450819501,0.0350427676889,0.0198514303777,0.0291999757167,0.0116828378782,0,0.0236138739503,0.0291999757167,0,-0.0367194418282,-0.0593884209168,-234,-0.0301158301158,-0.0495914187725,0,0,0,312,3,30,987,0.912280701754,0.99696969697,0.0030303030303,0.0877192982456,0.990476190476,0.912280701754,0.949771689498,0.934756291999,0.909250398724,0.904347826087,110,137,0,0,0,0
2499,WLNM_dir_neg,0.924436570941,0.823436244064,00:00:04,10,60,28,1238529963,threshold_sweep,0.6,0.972727272727,0.78102189781,0.866396761134,107,3,30,271,0.78102189781,0.989051094891,0.0109489051095,0.21897810219,0.972727272727,0.78102189781,0.866396761134,0.919708029197,0.577453365775,0.809980806142,0.81995093812,0.770072992701,342,205,137,0,342,0,205,0,137,37,342,0.256756756757,1.72528881811,18.4864864865,15.5454545455,9.77142857143,5.36771015539,0.290358590277,0.142642642643,9.50849154237,1.02869645341,0.544491860281,8.05331334643,0.871264894205,0.461830251304,0.640599570326,0.371299902718,2,1.72528881811,0.640599570326,2,0.344071394247,0.376569037657,810,0.104247104247,0.56957682835,37,37,37,1,0,0.405405405405,0.540540540541,0.0540540540541,37,0.153903903904,1.80042854536,11.0810810811,9.31818181818,5.85714285714,4.09863377222,0.369876706274,0.202900461437,6.02584523621,1.08759157922,0.581147000659,5.08043411637,0.916956401492,0.487013843111,0.723430637743,0.401810246571,2,1.80042854536,0.723430637743,2,0.159356194109,0.096980008507,76,0.00978120978121,0.265884035605,37,37,37,1,0,0.405405405405,0.540540540541,0.0540540540541,37,315,0.236486486486,1.74890269207,17.027027027,14.3181818182,9,5.12882099559,0.30121647117,0.148348348348,8.6140119109,1.01180457366,0.536765336765,7.71586252693,0.906307661894,0.481681681682,0.669799546043,0.382982740596,2,1.74890269207,0.669799546043,2,0.307351952419,0.31718061674,576,0.0741312741313,0.519985409577,37,37,37,1,0,0.405405405405,0.540540540541,0.0540540540541,-27,-0.0202702702703,0.0236138739503,-1.45945945946,-1.22727272727,-0.771428571429,-0.238889159803,0.0108578808924,0.00570570570571,-0.89447963147,-0.016891879753,-0.007726523516,-0.337450819501,0.0350427676889,0.0198514303777,0.0291999757167,0.0116828378782,0,0.0236138739503,0.0291999757167,0,-0.0367194418282,-0.0593884209168,-234,-0.0301158301158,-0.0495914187725,0,0,0,312,3,30,987,0.912280701754,0.99696969697,0.0030303030303,0.0877192982456,0.990476190476,0.912280701754,0.949771689498,0.934756291999,0.909250398724,0.904347826087,110,137,0,0,0,0
2500,WLNM_dir_neg,0.924436570941,0.823436244064,00:00:04,10,60,28,1238529963,threshold_sweep,0.7,0.97247706422,0.773722627737,0.861788617886,106,3,31,271,0.773722627737,0.989051094891,0.0109489051095,0.226277372263,0.97247706422,0.773722627737,0.861788617886,0.917274939173,0.578264395783,0.803846153846,0.81454403536,0.762773722628,342,205,137,0,342,0,205,0,137,37,342,0.256756756757,1.72528881811,18.4864864865,15.5454545455,9.77142857143,5.36771015539,0.290358590277,0.142642642643,9.50849154237,1.02869645341,0.544491860281,8.05331334643,0.871264894205,0.461830251304,0.640599570326,0.371299902718,2,1.72528881811,0.640599570326,2,0.344071394247,0.376569037657,810,0.104247104247,0.56957682835,37,37,37,1,0,0.405405405405,0.540540540541,0.0540540540541,37,0.153903903904,1.80042854536,11.0810810811,9.31818181818,5.85714285714,4.09863377222,0.369876706274,0.202900461437,6.02584523621,1.08759157922,0.581147000659,5.08043411637,0.916956401492,0.487013843111,0.723430637743,0.401810246571,2,1.80042854536,0.723430637743,2,0.159356194109,0.096980008507,76,0.00978120978121,0.265884035605,37,37,37,1,0,0.405405405405,0.540540540541,0.0540540540541,37,314,0.235735735736,1.74832065732,16.972972973,14.2727272727,8.97142857143,5.07437180834,0.298967765778,0.146410741952,8.56226093461,1.00892883624,0.535376140472,7.73024946278,0.910889267907,0.483215699776,0.669093226027,0.382706240542,2,1.74832065732,0.669093226027,2,0.30168696855,0.31026827012,559,0.0719433719434,0.520744819844,37,37,37,1,0,0.405405405405,0.540540540541,0.0540540540541,-28,-0.021021021021,0.02303183921,-1.51351351351,-1.27272727273,-0.8,-0.293338347056,0.00860917550072,0.0037680993095,-0.946230607767,-0.0197676171712,-0.00911571980965,-0.323063883658,0.0396243737019,0.0213854484723,0.0284936557009,0.0114063378244,0,0.02303183921,0.0284936557009,0,-0.0423844256975,-0.0663007675366,-251,-0.0323037323037,-0.0488320085057,0,0,0,311,3,31,987,0.909356725146,0.99696969697,0.0030303030303,0.0906432748538,0.990445859873,0.909356725146,0.948170731707,0.932774314265,0.906326422116,0.901449275362,109,137,0,0,0,0
2501,WLNM_dir_neg,0.924436570941,0.823436244064,00:00:04,10,60,28,1238529963,threshold_sweep,0.8,0.972222222222,0.766423357664,0.857142857143,105,3,32,271,0.766423357664,0.989051094891,0.0109489051095,0.233576642336,0.972222222222,0.766423357664,0.857142857143,0.914841849148,0.579075425791,0.797687861272,0.80913717644,0.755474452555,342,205,137,0,342,0,205,0,137,37,342,0.256756756757,1.72528881811,18.4864864865,15.5454545455,9.77142857143,5.36771015539,0.290358590277,0.142642642643,9.50849154237,1.02869645341,0.544491860281,8.05331334643,0.871264894205,0.461830251304,0.640599570326,0.371299902718,2,1.72528881811,0.640599570326,2,0.344071394247,0.376569037657,810,0.104247104247,0.56957682835,37,37,37,1,0,0.405405405405,0.540540540541,0.0540540540541,37,0.153903903904,1.80042854536,11.0810810811,9.31818181818,5.85714285714,4.09863377222,0.369876706274,0.202900461437,6.02584523621,1.08759157922,0.581147000659,5.08043411637,0.916956401492,0.487013843111,0.723430637743,0.401810246571,2,1.80042854536,0.723430637743,2,0.159356194109,0.096980008507,76,0.00978120978121,0.265884035605,37,37,37,1,0,0.405405405405,0.540540540541,0.0540540540541,37,313,0.234984984985,1.74714747221,16.9189189189,14.2272727273,8.94285714286,5.02426544315,0.296961376033,0.144978844659,8.51989369585,1.00714398322,0.534323460841,7.75526557535,0.916756633507,0.486313789828,0.667874955261,0.382265931117,2,1.74714747221,0.667874955261,2,0.296958281542,0.304250559284,544,0.0700128700129,0.522552053069,37,37,37,1,0,0.405405405405,0.540540540541,0.0540540540541,-29,-0.0217717717718,0.0218586540919,-1.56756756757,-1.31818181818,-0.828571428571,-0.343444712242,0.00660278575578,0.00233620201671,-0.988597846524,-0.0215524701993,-0.0101683994403,-0.298047771088,0.0454917393025,0.0244835385242,0.0272753849352,0.0109660283989,0,0.0218586540919,0.0272753849352,0,-0.0471131127051,-0.0723184783728,-266,-0.0342342342342,-0.0470247752808,0,0,0,310,3,32,987,0.906432748538,0.99696969697,0.0030303030303,0.093567251462,0.990415335463,0.906432748538,0.946564885496,0.930792020293,0.903402445508,0.898550724638,108,137,0,0,0,0
2502,WLNM_dir_neg,0.924436570941,0.823436244064,00:00:04,10,60,28,1238529963,threshold_sweep,0.9,0.972222222222,0.766423357664,0.857142857143,105,3,32,271,0.766423357664,0.989051094891,0.0109489051095,0.233576642336,0.972222222222,0.766423357664,0.857142857143,0.914841849148,0.579075425791,0.797687861272,0.80913717644,0.755474452555,342,205,137,0,342,0,205,0,137,37,342,0.256756756757,1.72528881811,18.4864864865,15.5454545455,9.77142857143,5.36771015539,0.290358590277,0.142642642643,9.50849154237,1.02869645341,0.544491860281,8.05331334643,0.871264894205,0.461830251304,0.640599570326,0.371299902718,2,1.72528881811,0.640599570326,2,0.344071394247,0.376569037657,810,0.104247104247,0.56957682835,37,37,37,1,0,0.405405405405,0.540540540541,0.0540540540541,37,0.153903903904,1.80042854536,11.0810810811,9.31818181818,5.85714285714,4.09863377222,0.369876706274,0.202900461437,6.02584523621,1.08759157922,0.581147000659,5.08043411637,0.916956401492,0.487013843111,0.723430637743,0.401810246571,2,1.80042854536,0.723430637743,2,0.159356194109,0.096980008507,76,0.00978120978121,0.265884035605,37,37,37,1,0,0.405405405405,0.540540540541,0.0540540540541,37,313,0.234984984985,1.74714747221,16.9189189189,14.2272727273,8.94285714286,5.02426544315,0.296961376033,0.144978844659,8.51989369585,1.00714398322,0.534323460841,7.75526557535,0.916756633507,0.486313789828,0.667874955261,0.382265931117,2,1.74714747221,0.667874955261,2,0.296958281542,0.304250559284,544,0.0700128700129,0.522552053069,37,37,37,1,0,0.405405405405,0.540540540541,0.0540540540541,-29,-0.0217717717718,0.0218586540919,-1.56756756757,-1.31818181818,-0.828571428571,-0.343444712242,0.00660278575578,0.00233620201671,-0.988597846524,-0.0215524701993,-0.0101683994403,-0.298047771088,0.0454917393025,0.0244835385242,0.0272753849352,0.0109660283989,0,0.0218586540919,0.0272753849352,0,-0.0471131127051,-0.0723184783728,-266,-0.0342342342342,-0.0470247752808,0,0,0,310,3,32,987,0.906432748538,0.99696969697,0.0030303030303,0.093567251462,0.990415335463,0.906432748538,0.946564885496,0.930792020293,0.903402445508,0.898550724638,108,137,0,0,0,0
2503,WLNM_dir_neg,0.976250732591,0.934117246211,00:00:04,10,60,29,1238529964,threshold_sweep,0.1,0.981308411215,0.766423357664,0.860655737705,105,2,32,272,0.766423357664,0.992700729927,0.00729927007299,0.233576642336,0.981308411215,0.766423357664,0.860655737705,0.917274939173,0.579886455799,0.803088803089,0.815491908982,0.759124087591,342,205,137,0,342,0,205,0,137,37,342,0.256756756757,1.72528881811,18.4864864865,15.5454545455,9.77142857143,5.36771015539,0.290358590277,0.142642642643,9.50849154237,1.02869645341,0.544491860281,8.05331334643,0.871264894205,0.461830251304,0.640599570326,0.371299902718,2,1.72528881811,0.640599570326,2,0.344071394247,0.376569037657,810,0.104247104247,0.56957682835,37,37,37,1,0,0.405405405405,0.540540540541,0.0540540540541,37,0.153903903904,1.78806592374,11.0810810811,9.31818181818,5.85714285714,4.08505663213,0.368651452168,0.204350692156,6.06261125714,1.09422739763,0.584311140409,5.12940647744,0.925795315441,0.489386947924,0.716659048872,0.400801245277,2.08539394564,1.78806592374,0.716659048872,2.08539394564,0.134809228927,0.0803571428571,63,0.00810810810811,0.269546437221,37,37,37,1,0,0.405405405405,0.540540540541,0.0540540540541,37,312,0.234234234234,1.78305201593,16.8648648649,14.1818181818,8.91428571429,4.5653414267,0.270701334596,0.126992376992,8.39159811472,0.995157468732,0.528586278586,8.20751870929,0.973327539243,0.502772002772,0.743431065138,0.416943004744,2.62748643761,1.78305201593,0.743431065138,2.62748643761,0.237664415363,0.230945997702,402,0.0517374517375,0.567404540832,37,37,37,1,0,0.405405405405,0.540540540541,0.0540540540541,-30,-0.0225225225225,0.057763197817,-1.62162162162,-1.36363636364,-0.857142857143,-0.802368728693,-0.0196572556811,-0.0156502656503,-1.11689342766,-0.0335389846824,-0.0159055816951,0.154205362857,0.102062645038,0.0409417514681,0.102831494812,0.0456431020264,0.627486437613,0.057763197817,0.102831494812,0.627486437613,-0.106406978884,-0.145623039955,-408,-0.0525096525097,-0.00217228751818,0,0,0,310,2,32,988,0.906432748538,0.99797979798,0.0020202020202,0.093567251462,0.99358974359,0.906432748538,0.948012232416,0.932867248457,0.904412546518,0.901162790698,107,137,0,0,0,0
2504,WLNM_dir_neg,0.976250732591,0.934117246211,00:00:04,10,60,29,1238529964,threshold_sweep,0.2,0.990196078431,0.737226277372,0.845188284519,101,1,36,273,0.737226277372,0.996350364964,0.0036496350365,0.262773722628,0.990196078431,0.737226277372,0.845188284519,0.9099756691,0.583941605839,0.783625730994,0.80057446536,0.733576642336,342,205,137,0,342,0,205,0,137,37,342,0.256756756757,1.72528881811,18.4864864865,15.5454545455,9.77142857143,5.36771015539,0.290358590277,0.142642642643,9.50849154237,1.02869645341,0.544491860281,8.05331334643,0.871264894205,0.461830251304,0.640599570326,0.371299902718,2,1.72528881811,0.640599570326,2,0.344071394247,0.376569037657,810,0.104247104247,0.56957682835,37,37,37,1,0,0.405405405405,0.540540540541,0.0540540540541,37,0.153903903904,1.78806592374,11.0810810811,9.31818181818,5.85714285714,4.08505663213,0.368651452168,0.204350692156,6.06261125714,1.09422739763,0.584311140409,5.12940647744,0.925795315441,0.489386947924,0.716659048872,0.400801245277,2.08539394564,1.78806592374,0.716659048872,2.08539394564,0.134809228927,0.0803571428571,63,0.00810810810811,0.269546437221,37,37,37,1,0,0.405405405405,0.540540540541,0.0540540540541,37,307,0.23048048048,1.71922427576,16.5945945946,13.9545454545,8.77142857143,4.47498888552,0.269665454013,0.12562725592,8.28608225636,0.998648350115,0.52751122458,8.21199956995,0.989719817877,0.512192974734,0.640920895737,0.372796559921,2,1.71922427576,0.640920895737,2,0.226678300978,0.215678550325,365,0.0469755469755,0.564521149155,37,37,37,1,0,0.405405405405,0.540540540541,0.0540540540541,-35,-0.0262762762763,-0.00606454235225,-1.89189189189,-1.59090909091,-1,-0.892721269874,-0.0206931362637,-0.0170153867222,-1.22240928602,-0.0300481032998,-0.0169806357017,0.158686223521,0.118454923672,0.0503627234298,0.000321325410793,0.00149665720319,0,-0.00606454235225,0.000321325410793,0,-0.117393093269,-0.160890487332,-445,-0.0572715572716,-0.00505567919475,0,0,0,306,1,36,989,0.894736842105,0.99898989899,0.0010101010101,0.105263157895,0.99674267101,0.894736842105,0.942989214176,0.92705239985,0.893726741095,0.892128279883,102,137,0,0,0,0
2505,WLNM_dir_neg,0.976250732591,0.934117246211,00:00:04,10,60,29,1238529964,threshold_sweep,0.3,0.99,0.722627737226,0.835443037975,99,1,38,273,0.722627737226,0.996350364964,0.0036496350365,0.277372262774,0.99,0.722627737226,0.835443037975,0.905109489051,0.585563665856,0.771037181996,0.789898035668,0.71897810219,342,205,137,0,342,0,205,0,137,37,342,0.256756756757,1.72528881811,18.4864864865,15.5454545455,9.77142857143,5.36771015539,0.290358590277,0.142642642643,9.50849154237,1.02869645341,0.544491860281,8.05331334643,0.871264894205,0.461830251304,0.640599570326,0.371299902718,2,1.72528881811,0.640599570326,2,0.344071394247,0.376569037657,810,0.104247104247,0.56957682835,37,37,37,1,0,0.405405405405,0.540540540541,0.0540540540541,37,0.153903903904,1.78806592374,11.0810810811,9.31818181818,5.85714285714,4.08505663213,0.368651452168,0.204350692156,6.06261125714,1.09422739763,0.584311140409,5.12940647744,0.925795315441,0.489386947924,0.716659048872,0.400801245277,2.08539394564,1.78806592374,0.716659048872,2.08539394564,0.134809228927,0.0803571428571,63,0.00810810810811,0.269546437221,37,37,37,1,0,0.405405405405,0.540540540541,0.0540540540541,37,305,0.228978978979,1.71981169644,16.4864864865,13.8636363636,8.71428571429,4.5069182722,0.273370452576,0.127159946832,8.22734399361,0.998071238569,0.526362428002,8.1867284383,0.99314410563,0.513779353124,0.641420501001,0.372959727119,2,1.71981169644,0.641420501001,2,0.227086577551,0.215182307233,360,0.046332046332,0.562181972932,37,37,37,1,0,0.405405405405,0.540540540541,0.0540540540541,-37,-0.0277777777778,-0.00547712167524,-2,-1.68181818182,-1.05714285714,-0.860791883191,-0.0169881377009,-0.0154826958106,-1.28114754876,-0.0306252148457,-0.0181294322796,0.133415091869,0.121879211425,0.0519491018197,0.000820930674792,0.00165982440164,0,-0.00547712167524,0.000820930674792,0,-0.116984816696,-0.161386730424,-450,-0.0579150579151,-0.00739485541769,0,0,0,304,1,38,989,0.888888888889,0.99898989899,0.0010101010101,0.111111111111,0.996721311475,0.888888888889,0.93972179289,0.92310093175,0.887878787879,0.886297376093,100,137,0,0,0,0
2506,WLNM_dir_neg,0.976250732591,0.934117246211,00:00:04,10,60,29,1238529964,threshold_sweep,0.4,0.989795918367,0.70802919708,0.825531914894,97,1,40,273,0.70802919708,0.996350364964,0.0036496350365,0.29197080292,0.989795918367,0.70802919708,0.825531914894,0.900243309002,0.587185725872,0.758349705305,0.77921464183,0.704379562044,342,205,137,0,342,0,205,0,137,37,342,0.256756756757,1.72528881811,18.4864864865,15.5454545455,9.77142857143,5.36771015539,0.290358590277,0.142642642643,9.50849154237,1.02869645341,0.544491860281,8.05331334643,0.871264894205,0.461830251304,0.640599570326,0.371299902718,2,1.72528881811,0.640599570326,2,0.344071394247,0.376569037657,810,0.104247104247,0.56957682835,37,37,37,1,0,0.405405405405,0.540540540541,0.0540540540541,37,0.153903903904,1.78806592374,11.0810810811,9.31818181818,5.85714285714,4.08505663213,0.368651452168,0.204350692156,6.06261125714,1.09422739763,0.584311140409,5.12940647744,0.925795315441,0.489386947924,0.716659048872,0.400801245277,2.08539394564,1.78806592374,0.716659048872,2.08539394564,0.134809228927,0.0803571428571,63,0.00810810810811,0.269546437221,37,37,37,1,0,0.405405405405,0.540540540541,0.0540540540541,37,303,0.227477477477,1.71645165217,16.3783783784,13.7727272727,8.65714285714,4.52371130422,0.276200195142,0.129248059941,8.18140791279,0.999049811133,0.526804031755,8.20175400562,1.00153431752,0.516457051111,0.63856669474,0.372027195717,2,1.71645165217,0.63856669474,2,0.22194745175,0.208669354839,345,0.0444015444015,0.563937079551,37,37,37,1,0,0.405405405405,0.540540540541,0.0540540540541,-39,-0.0292792792793,-0.0088371659471,-2.10810810811,-1.77272727273,-1.11428571429,-0.843998851169,-0.0141583951347,-0.0133945827015,-1.32708362959,-0.0296466422822,-0.0176878285268,0.14844065919,0.130269423314,0.0546267998066,-0.00203287558567,0.000727292999611,0,-0.0088371659471,-0.00203287558567,0,-0.122123942498,-0.167899682818,-465,-0.0598455598456,-0.00563974879929,0,0,0,302,1,40,989,0.883040935673,0.99898989899,0.0010101010101,0.116959064327,0.996699669967,0.883040935673,0.936434108527,0.91914793635,0.882030834662,0.880466472303,98,137,0,0,0,0
2507,WLNM_dir_neg,0.976250732591,0.934117246211,00:00:04,10,60,29,1238529964,threshold_sweep,0.5,0.989795918367,0.70802919708,0.825531914894,97,1,40,273,0.70802919708,0.996350364964,0.0036496350365,0.29197080292,0.989795918367,0.70802919708,0.825531914894,0.900243309002,0.587185725872,0.758349705305,0.77921464183,0.704379562044,342,205,137,0,342,0,205,0,137,37,342,0.256756756757,1.72528881811,18.4864864865,15.5454545455,9.77142857143,5.36771015539,0.290358590277,0.142642642643,9.50849154237,1.02869645341,0.544491860281,8.05331334643,0.871264894205,0.461830251304,0.640599570326,0.371299902718,2,1.72528881811,0.640599570326,2,0.344071394247,0.376569037657,810,0.104247104247,0.56957682835,37,37,37,1,0,0.405405405405,0.540540540541,0.0540540540541,37,0.153903903904,1.78806592374,11.0810810811,9.31818181818,5.85714285714,4.08505663213,0.368651452168,0.204350692156,6.06261125714,1.09422739763,0.584311140409,5.12940647744,0.925795315441,0.489386947924,0.716659048872,0.400801245277,2.08539394564,1.78806592374,0.716659048872,2.08539394564,0.134809228927,0.0803571428571,63,0.00810810810811,0.269546437221,37,37,37,1,0,0.405405405405,0.540540540541,0.0540540540541,37,303,0.227477477477,1.71645165217,16.3783783784,13.7727272727,8.65714285714,4.52371130422,0.276200195142,0.129248059941,8.18140791279,0.999049811133,0.526804031755,8.20175400562,1.00153431752,0.516457051111,0.63856669474,0.372027195717,2,1.71645165217,0.63856669474,2,0.22194745175,0.208669354839,345,0.0444015444015,0.563937079551,37,37,37,1,0,0.405405405405,0.540540540541,0.0540540540541,-39,-0.0292792792793,-0.0088371659471,-2.10810810811,-1.77272727273,-1.11428571429,-0.843998851169,-0.0141583951347,-0.0133945827015,-1.32708362959,-0.0296466422822,-0.0176878285268,0.14844065919,0.130269423314,0.0546267998066,-0.00203287558567,0.000727292999611,0,-0.0088371659471,-0.00203287558567,0,-0.122123942498,-0.167899682818,-465,-0.0598455598456,-0.00563974879929,0,0,0,302,1,40,989,0.883040935673,0.99898989899,0.0010101010101,0.116959064327,0.996699669967,0.883040935673,0.936434108527,0.91914793635,0.882030834662,0.880466472303,98,137,0,0,0,0
2508,WLNM_dir_neg,0.976250732591,0.934117246211,00:00:04,10,60,29,1238529964,threshold_sweep,0.6,0.989795918367,0.70802919708,0.825531914894,97,1,40,273,0.70802919708,0.996350364964,0.0036496350365,0.29197080292,0.989795918367,0.70802919708,0.825531914894,0.900243309002,0.587185725872,0.758349705305,0.77921464183,0.704379562044,342,205,137,0,342,0,205,0,137,37,342,0.256756756757,1.72528881811,18.4864864865,15.5454545455,9.77142857143,5.36771015539,0.290358590277,0.142642642643,9.50849154237,1.02869645341,0.544491860281,8.05331334643,0.871264894205,0.461830251304,0.640599570326,0.371299902718,2,1.72528881811,0.640599570326,2,0.344071394247,0.376569037657,810,0.104247104247,0.56957682835,37,37,37,1,0,0.405405405405,0.540540540541,0.0540540540541,37,0.153903903904,1.78806592374,11.0810810811,9.31818181818,5.85714285714,4.08505663213,0.368651452168,0.204350692156,6.06261125714,1.09422739763,0.584311140409,5.12940647744,0.925795315441,0.489386947924,0.716659048872,0.400801245277,2.08539394564,1.78806592374,0.716659048872,2.08539394564,0.134809228927,0.0803571428571,63,0.00810810810811,0.269546437221,37,37,37,1,0,0.405405405405,0.540540540541,0.0540540540541,37,303,0.227477477477,1.71645165217,16.3783783784,13.7727272727,8.65714285714,4.52371130422,0.276200195142,0.129248059941,8.18140791279,0.999049811133,0.526804031755,8.20175400562,1.00153431752,0.516457051111,0.63856669474,0.372027195717,2,1.71645165217,0.63856669474,2,0.22194745175,0.208669354839,345,0.0444015444015,0.563937079551,37,37,37,1,0,0.405405405405,0.540540540541,0.0540540540541,-39,-0.0292792792793,-0.0088371659471,-2.10810810811,-1.77272727273,-1.11428571429,-0.843998851169,-0.0141583951347,-0.0133945827015,-1.32708362959,-0.0296466422822,-0.0176878285268,0.14844065919,0.130269423314,0.0546267998066,-0.00203287558567,0.000727292999611,0,-0.0088371659471,-0.00203287558567,0,-0.122123942498,-0.167899682818,-465,-0.0598455598456,-0.00563974879929,0,0,0,302,1,40,989,0.883040935673,0.99898989899,0.0010101010101,0.116959064327,0.996699669967,0.883040935673,0.936434108527,0.91914793635,0.882030834662,0.880466472303,98,137,0,0,0,0
2509,WLNM_dir_neg,0.976250732591,0.934117246211,00:00:04,10,60,29,1238529964,threshold_sweep,0.7,0.989795918367,0.70802919708,0.825531914894,97,1,40,273,0.70802919708,0.996350364964,0.0036496350365,0.29197080292,0.989795918367,0.70802919708,0.825531914894,0.900243309002,0.587185725872,0.758349705305,0.77921464183,0.704379562044,342,205,137,0,342,0,205,0,137,37,342,0.256756756757,1.72528881811,18.4864864865,15.5454545455,9.77142857143,5.36771015539,0.290358590277,0.142642642643,9.50849154237,1.02869645341,0.544491860281,8.05331334643,0.871264894205,0.461830251304,0.640599570326,0.371299902718,2,1.72528881811,0.640599570326,2,0.344071394247,0.376569037657,810,0.104247104247,0.56957682835,37,37,37,1,0,0.405405405405,0.540540540541,0.0540540540541,37,0.153903903904,1.78806592374,11.0810810811,9.31818181818,5.85714285714,4.08505663213,0.368651452168,0.204350692156,6.06261125714,1.09422739763,0.584311140409,5.12940647744,0.925795315441,0.489386947924,0.716659048872,0.400801245277,2.08539394564,1.78806592374,0.716659048872,2.08539394564,0.134809228927,0.0803571428571,63,0.00810810810811,0.269546437221,37,37,37,1,0,0.405405405405,0.540540540541,0.0540540540541,37,303,0.227477477477,1.71645165217,16.3783783784,13.7727272727,8.65714285714,4.52371130422,0.276200195142,0.129248059941,8.18140791279,0.999049811133,0.526804031755,8.20175400562,1.00153431752,0.516457051111,0.63856669474,0.372027195717,2,1.71645165217,0.63856669474,2,0.22194745175,0.208669354839,345,0.0444015444015,0.563937079551,37,37,37,1,0,0.405405405405,0.540540540541,0.0540540540541,-39,-0.0292792792793,-0.0088371659471,-2.10810810811,-1.77272727273,-1.11428571429,-0.843998851169,-0.0141583951347,-0.0133945827015,-1.32708362959,-0.0296466422822,-0.0176878285268,0.14844065919,0.130269423314,0.0546267998066,-0.00203287558567,0.000727292999611,0,-0.0088371659471,-0.00203287558567,0,-0.122123942498,-0.167899682818,-465,-0.0598455598456,-0.00563974879929,0,0,0,302,1,40,989,0.883040935673,0.99898989899,0.0010101010101,0.116959064327,0.996699669967,0.883040935673,0.936434108527,0.91914793635,0.882030834662,0.880466472303,98,137,0,0,0,0
2510,WLNM_dir_neg,0.976250732591,0.934117246211,00:00:04,10,60,29,1238529964,threshold_sweep,0.8,0.989690721649,0.700729927007,0.820512820513,96,1,41,273,0.700729927007,0.996350364964,0.0036496350365,0.299270072993,0.989690721649,0.700729927007,0.820512820513,0.897810218978,0.58799675588,0.751968503937,0.773869406996,0.697080291971,342,205,137,0,342,0,205,0,137,37,342,0.256756756757,1.72528881811,18.4864864865,15.5454545455,9.77142857143,5.36771015539,0.290358590277,0.142642642643,9.50849154237,1.02869645341,0.544491860281,8.05331334643,0.871264894205,0.461830251304,0.640599570326,0.371299902718,2,1.72528881811,0.640599570326,2,0.344071394247,0.376569037657,810,0.104247104247,0.56957682835,37,37,37,1,0,0.405405405405,0.540540540541,0.0540540540541,37,0.153903903904,1.78806592374,11.0810810811,9.31818181818,5.85714285714,4.08505663213,0.368651452168,0.204350692156,6.06261125714,1.09422739763,0.584311140409,5.12940647744,0.925795315441,0.489386947924,0.716659048872,0.400801245277,2.08539394564,1.78806592374,0.716659048872,2.08539394564,0.134809228927,0.0803571428571,63,0.00810810810811,0.269546437221,37,37,37,1,0,0.405405405405,0.540540540541,0.0540540540541,37,302,0.226726726727,1.71556472731,16.3243243243,13.7272727273,8.62857142857,4.46003272319,0.273213925096,0.126812242706,8.12921177508,0.995963032046,0.525326651154,8.22433216983,1.00761685524,0.519420082334,0.637482785992,0.371587720267,2,1.71556472731,0.637482785992,2,0.217099679968,0.200691337942,329,0.0423423423423,0.565497848358,37,37,37,1,0,0.405405405405,0.540540540541,0.0540540540541,-40,-0.03003003003,-0.00972409080518,-2.16216216216,-1.81818181818,-1.14285714286,-0.907677432207,-0.0171446651813,-0.0158303999364,-1.3792797673,-0.0327334213687,-0.0191652091269,0.171018823392,0.136351961039,0.0575898310301,-0.00311678433383,0.000287817549689,0,-0.00972409080518,-0.00311678433383,0,-0.126971714279,-0.175877699715,-481,-0.0619047619048,-0.00407897999215,0,0,0,301,1,41,989,0.880116959064,0.99898989899,0.0010101010101,0.119883040936,0.996688741722,0.880116959064,0.934782608696,0.917170831542,0.879106858054,0.877551020408,97,137,0,0,0,0
2511,WLNM_dir_neg,0.976250732591,0.934117246211,00:00:04,10,60,29,1238529964,threshold_sweep,0.9,0.989583333333,0.693430656934,0.815450643777,95,1,42,273,0.693430656934,0.996350364964,0.0036496350365,0.306569343066,0.989583333333,0.693430656934,0.815450643777,0.895377128954,0.588807785888,0.745562130178,0.768521307447,0.689781021898,342,205,137,0,342,0,205,0,137,37,342,0.256756756757,1.72528881811,18.4864864865,15.5454545455,9.77142857143,5.36771015539,0.290358590277,0.142642642643,9.50849154237,1.02869645341,0.544491860281,8.05331334643,0.871264894205,0.461830251304,0.640599570326,0.371299902718,2,1.72528881811,0.640599570326,2,0.344071394247,0.376569037657,810,0.104247104247,0.56957682835,37,37,37,1,0,0.405405405405,0.540540540541,0.0540540540541,37,0.153903903904,1.78806592374,11.0810810811,9.31818181818,5.85714285714,4.08505663213,0.368651452168,0.204350692156,6.06261125714,1.09422739763,0.584311140409,5.12940647744,0.925795315441,0.489386947924,0.716659048872,0.400801245277,2.08539394564,1.78806592374,0.716659048872,2.08539394564,0.134809228927,0.0803571428571,63,0.00810810810811,0.269546437221,37,37,37,1,0,0.405405405405,0.540540540541,0.0540540540541,37,301,0.225975975976,1.71594884654,16.2702702703,13.6818181818,8.6,4.45750708013,0.273966382001,0.12786208135,8.11090542337,0.997021596892,0.526892340846,8.18929573068,1.00665761473,0.519170333124,0.63777970617,0.371677575038,2,1.71594884654,0.63777970617,2,0.216776020431,0.200163733115,326,0.0419562419562,0.561104419535,37,37,37,1,0,0.405405405405,0.540540540541,0.0540540540541,-41,-0.0307807807808,-0.00933997157931,-2.21621621622,-1.86363636364,-1.17142857143,-0.910203075268,-0.0163922082761,-0.0147805612922,-1.39758611901,-0.0316748565227,-0.0175995194355,0.135982384248,0.13539272053,0.0573400818199,-0.00281986415589,0.000377672320594,0,-0.00933997157931,-0.00281986415589,0,-0.127295373817,-0.176405304542,-484,-0.0622908622909,-0.00847240881503,0,0,0,300,1,42,989,0.877192982456,0.99898989899,0.0010101010101,0.122807017544,0.996677740864,0.877192982456,0.933125972006,0.915193303514,0.876182881446,0.874635568513,96,137,0,0,0,0
2512,WLNM_dir_neg,0.967832596302,0.935897692895,00:00:04,10,60,30,1238529965,threshold_sweep,0.1,0.936936936937,0.759124087591,0.838709677419,104,7,33,267,0.759124087591,0.974452554745,0.0255474452555,0.240875912409,0.936936936937,0.759124087591,0.838709677419,0.902676399027,0.576642335766,0.770114942529,0.778859179584,0.733576642336,342,205,137,0,342,0,205,0,137,37,342,0.256756756757,1.72528881811,18.4864864865,15.5454545455,9.77142857143,5.36771015539,0.290358590277,0.142642642643,9.50849154237,1.02869645341,0.544491860281,8.05331334643,0.871264894205,0.461830251304,0.640599570326,0.371299902718,2,1.72528881811,0.640599570326,2,0.344071394247,0.376569037657,810,0.104247104247,0.56957682835,37,37,37,1,0,0.405405405405,0.540540540541,0.0540540540541,37,0.153903903904,1.83778796209,11.0810810811,9.31818181818,5.85714285714,4.36130955345,0.393581593848,0.218984838497,6.15356533778,1.11064349999,0.588529993408,4.96428687166,0.895993240251,0.479630850363,0.774627417177,0.421499886361,2.15217861504,1.83778796209,0.774627417177,2.15217861504,0.141387309034,0.112876254181,90,0.011583011583,0.259418222651,37,37,37,1,0,0.405405405405,0.540540540541,0.0540540540541,37,316,0.237237237237,1.93271471134,17.0810810811,13.7391304348,8.54054054054,5.49938571508,0.321957708003,0.159852890866,8.79897277652,1.03025947067,0.547211768731,7.59237407825,0.888980509163,0.467157030448,0.798292467513,0.413042060906,2.58943565308,1.93271471134,0.798292467513,2.58943565308,0.325853311875,0.311180466312,565,0.0727155727156,0.463110715193,37,37,37,1,0,0.378378378378,0.621621621622,0,-26,-0.0195195195195,0.207425893222,-1.40540540541,-1.80632411067,-1.23088803089,0.131675559688,0.0315991177261,0.0172102482229,-0.709518765856,0.00156301725355,0.00271990844942,-0.46093926818,0.0177156149578,0.00532677914423,0.157692897187,0.0417421581879,0.589435653083,0.207425893222,0.157692897187,0.589435653083,-0.0182180823724,-0.0653885713452,-245,-0.0315315315315,-0.106466113157,-0.027027027027,0.0810810810811,-0.0540540540541,309,7,33,983,0.90350877193,0.992929292929,0.00707070707071,0.0964912280702,0.977848101266,0.90350877193,0.939209726444,0.920577899439,0.896438064859,0.885386819484,111,137,0,0,0,0
2513,WLNM_dir_neg,0.967832596302,0.935897692895,00:00:04,10,60,30,1238529965,threshold_sweep,0.2,0.935185185185,0.737226277372,0.824489795918,101,7,36,267,0.737226277372,0.974452554745,0.0255474452555,0.262773722628,0.935185185185,0.737226277372,0.824489795918,0.895377128954,0.579075425791,0.751445086705,0.762230673458,0.711678832117,342,205,137,0,342,0,205,0,137,37,342,0.256756756757,1.72528881811,18.4864864865,15.5454545455,9.77142857143,5.36771015539,0.290358590277,0.142642642643,9.50849154237,1.02869645341,0.544491860281,8.05331334643,0.871264894205,0.461830251304,0.640599570326,0.371299902718,2,1.72528881811,0.640599570326,2,0.344071394247,0.376569037657,810,0.104247104247,0.56957682835,37,37,37,1,0,0.405405405405,0.540540540541,0.0540540540541,37,0.153903903904,1.83778796209,11.0810810811,9.31818181818,5.85714285714,4.36130955345,0.393581593848,0.218984838497,6.15356533778,1.11064349999,0.588529993408,4.96428687166,0.895993240251,0.479630850363,0.774627417177,0.421499886361,2.15217861504,1.83778796209,0.774627417177,2.15217861504,0.141387309034,0.112876254181,90,0.011583011583,0.259418222651,37,37,37,1,0,0.405405405405,0.540540540541,0.0540540540541,37,313,0.234984984985,1.93172741069,16.9189189189,13.6086956522,8.45945945946,5.48421157292,0.324146690412,0.161989465504,8.70055743615,1.0285003998,0.54572144029,7.54097913844,0.891425648953,0.467144460755,0.797349463813,0.412764999554,2.58943174284,1.93172741069,0.797349463813,2.58943174284,0.318799099774,0.305274971942,544,0.0700128700129,0.458164207523,37,37,37,1,0,0.378378378378,0.621621621622,0,-29,-0.0217717717718,0.206438592579,-1.56756756757,-1.93675889328,-1.31196911197,0.116501417529,0.0337881001352,0.0193468228612,-0.807934106227,-0.000196053614637,0.0012295800088,-0.512334207996,0.0201607547479,0.00531420945075,0.156749893487,0.041465096836,0.589431742841,0.206438592579,0.156749893487,0.589431742841,-0.0252722944731,-0.0712940657153,-266,-0.0342342342342,-0.111412620827,-0.027027027027,0.0810810810811,-0.0540540540541,306,7,36,983,0.894736842105,0.992929292929,0.00707070707071,0.105263157895,0.977635782748,0.894736842105,0.934351145038,0.914578612536,0.887666135035,0.876790830946,108,137,0,0,0,0
2514,WLNM_dir_neg,0.967832596302,0.935897692895,00:00:04,10,60,30,1238529965,threshold_sweep,0.3,0.952380952381,0.729927007299,0.826446280992,100,5,37,269,0.729927007299,0.981751824818,0.0182481751825,0.270072992701,0.952380952381,0.729927007299,0.826446280992,0.897810218978,0.581508515815,0.755813953488,0.769244236038,0.711678832117,342,205,137,0,342,0,205,0,137,37,342,0.256756756757,1.72528881811,18.4864864865,15.5454545455,9.77142857143,5.36771015539,0.290358590277,0.142642642643,9.50849154237,1.02869645341,0.544491860281,8.05331334643,0.871264894205,0.461830251304,0.640599570326,0.371299902718,2,1.72528881811,0.640599570326,2,0.344071394247,0.376569037657,810,0.104247104247,0.56957682835,37,37,37,1,0,0.405405405405,0.540540540541,0.0540540540541,37,0.153903903904,1.83778796209,11.0810810811,9.31818181818,5.85714285714,4.36130955345,0.393581593848,0.218984838497,6.15356533778,1.11064349999,0.588529993408,4.96428687166,0.895993240251,0.479630850363,0.774627417177,0.421499886361,2.15217861504,1.83778796209,0.774627417177,2.15217861504,0.141387309034,0.112876254181,90,0.011583011583,0.259418222651,37,37,37,1,0,0.405405405405,0.540540540541,0.0540540540541,37,310,0.232732732733,1.96589604613,16.7567567568,13.4782608696,8.37837837838,5.59962997491,0.334171466244,0.166259808195,8.72210267511,1.041025158,0.550305143854,7.43247884233,0.88710231344,0.463818657367,0.841396920217,0.427996649097,2.58943770606,1.96589604613,0.841396920217,2.58943770606,0.30711898102,0.303357996585,533,0.0685971685972,0.448800385031,37,37,37,1,0,0.378378378378,0.621621621622,0,-32,-0.024024024024,0.240607228015,-1.72972972973,-2.06719367589,-1.39305019305,0.231919819512,0.0438128759672,0.0236171655526,-0.78638886727,0.0123287045816,0.0058132835722,-0.6208345041,0.015837419235,0.00198840606311,0.200797349891,0.0566967463796,0.589437706064,0.240607228015,0.200797349891,0.589437706064,-0.0369524132275,-0.0732110410718,-277,-0.0356499356499,-0.120776443319,-0.027027027027,0.0810810810811,-0.0540540540541,305,5,37,985,0.891812865497,0.994949494949,0.00505050505051,0.108187134503,0.983870967742,0.891812865497,0.935582822086,0.916709234521,0.886762360447,0.878962536023,105,137,0,0,0,0
2515,WLNM_dir_neg,0.967832596302,0.935897692895,00:00:04,10,60,30,1238529965,threshold_sweep,0.4,0.952380952381,0.729927007299,0.826446280992,100,5,37,269,0.729927007299,0.981751824818,0.0182481751825,0.270072992701,0.952380952381,0.729927007299,0.826446280992,0.897810218978,0.581508515815,0.755813953488,0.769244236038,0.711678832117,342,205,137,0,342,0,205,0,137,37,342,0.256756756757,1.72528881811,18.4864864865,15.5454545455,9.77142857143,5.36771015539,0.290358590277,0.142642642643,9.50849154237,1.02869645341,0.544491860281,8.05331334643,0.871264894205,0.461830251304,0.640599570326,0.371299902718,2,1.72528881811,0.640599570326,2,0.344071394247,0.376569037657,810,0.104247104247,0.56957682835,37,37,37,1,0,0.405405405405,0.540540540541,0.0540540540541,37,0.153903903904,1.83778796209,11.0810810811,9.31818181818,5.85714285714,4.36130955345,0.393581593848,0.218984838497,6.15356533778,1.11064349999,0.588529993408,4.96428687166,0.895993240251,0.479630850363,0.774627417177,0.421499886361,2.15217861504,1.83778796209,0.774627417177,2.15217861504,0.141387309034,0.112876254181,90,0.011583011583,0.259418222651,37,37,37,1,0,0.405405405405,0.540540540541,0.0540540540541,37,310,0.232732732733,1.96589604613,16.7567567568,13.4782608696,8.37837837838,5.59962997491,0.334171466244,0.166259808195,8.72210267511,1.041025158,0.550305143854,7.43247884233,0.88710231344,0.463818657367,0.841396920217,0.427996649097,2.58943770606,1.96589604613,0.841396920217,2.58943770606,0.30711898102,0.303357996585,533,0.0685971685972,0.448800385031,37,37,37,1,0,0.378378378378,0.621621621622,0,-32,-0.024024024024,0.240607228015,-1.72972972973,-2.06719367589,-1.39305019305,0.231919819512,0.0438128759672,0.0236171655526,-0.78638886727,0.0123287045816,0.0058132835722,-0.6208345041,0.015837419235,0.00198840606311,0.200797349891,0.0566967463796,0.589437706064,0.240607228015,0.200797349891,0.589437706064,-0.0369524132275,-0.0732110410718,-277,-0.0356499356499,-0.120776443319,-0.027027027027,0.0810810810811,-0.0540540540541,305,5,37,985,0.891812865497,0.994949494949,0.00505050505051,0.108187134503,0.983870967742,0.891812865497,0.935582822086,0.916709234521,0.886762360447,0.878962536023,105,137,0,0,0,0
2516,WLNM_dir_neg,0.967832596302,0.935897692895,00:00:04,10,60,30,1238529965,threshold_sweep,0.5,0.98,0.715328467153,0.827004219409,98,2,39,272,0.715328467153,0.992700729927,0.00729927007299,0.284671532847,0.98,0.715328467153,0.827004219409,0.900243309002,0.585563665856,0.759295499022,0.777869131572,0.70802919708,342,205,137,0,342,0,205,0,137,37,342,0.256756756757,1.72528881811,18.4864864865,15.5454545455,9.77142857143,5.36771015539,0.290358590277,0.142642642643,9.50849154237,1.02869645341,0.544491860281,8.05331334643,0.871264894205,0.461830251304,0.640599570326,0.371299902718,2,1.72528881811,0.640599570326,2,0.344071394247,0.376569037657,810,0.104247104247,0.56957682835,37,37,37,1,0,0.405405405405,0.540540540541,0.0540540540541,37,0.153903903904,1.83778796209,11.0810810811,9.31818181818,5.85714285714,4.36130955345,0.393581593848,0.218984838497,6.15356533778,1.11064349999,0.588529993408,4.96428687166,0.895993240251,0.479630850363,0.774627417177,0.421499886361,2.15217861504,1.83778796209,0.774627417177,2.15217861504,0.141387309034,0.112876254181,90,0.011583011583,0.259418222651,37,37,37,1,0,0.405405405405,0.540540540541,0.0540540540541,37,305,0.228978978979,1.90142075133,16.4864864865,13.2608695652,8.71428571429,5.60070244415,0.339714738415,0.168453699601,8.61653902357,1.04528506188,0.549756313691,7.52922234957,0.913381071914,0.47868852459,0.765934460984,0.402822184647,2.46052571554,1.90142075133,0.765934460984,2.46052571554,0.303221360543,0.299418604651,515,0.0662805662806,0.4546029839,37,37,37,1,0,0.378378378378,0.567567567568,0.0540540540541,-37,-0.0277777777778,0.176131933213,-2,-2.28458498024,-1.05714285714,0.232992288753,0.0493561481383,0.0258110569586,-0.891952518802,0.0165886084612,0.00526445340941,-0.524090996869,0.0421161777096,0.0168582732862,0.125334890658,0.0315222819297,0.460525715536,0.176131933213,0.125334890658,0.460525715536,-0.0408500337041,-0.0771504330057,-295,-0.0379665379665,-0.11497384445,-0.027027027027,0.027027027027,0,303,2,39,988,0.885964912281,0.99797979798,0.0020202020202,0.114035087719,0.993442622951,0.885964912281,0.936630602782,0.919010789307,0.88394471026,0.880813953488,100,137,0,0,0,0
2517,WLNM_dir_neg,0.967832596302,0.935897692895,00:00:04,10,60,30,1238529965,threshold_sweep,0.6,0.989795918367,0.70802919708,0.825531914894,97,1,40,273,0.70802919708,0.996350364964,0.0036496350365,0.29197080292,0.989795918367,0.70802919708,0.825531914894,0.900243309002,0.587185725872,0.758349705305,0.77921464183,0.704379562044,342,205,137,0,342,0,205,0,137,37,342,0.256756756757,1.72528881811,18.4864864865,15.5454545455,9.77142857143,5.36771015539,0.290358590277,0.142642642643,9.50849154237,1.02869645341,0.544491860281,8.05331334643,0.871264894205,0.461830251304,0.640599570326,0.371299902718,2,1.72528881811,0.640599570326,2,0.344071394247,0.376569037657,810,0.104247104247,0.56957682835,37,37,37,1,0,0.405405405405,0.540540540541,0.0540540540541,37,0.153903903904,1.83778796209,11.0810810811,9.31818181818,5.85714285714,4.36130955345,0.393581593848,0.218984838497,6.15356533778,1.11064349999,0.588529993408,4.96428687166,0.895993240251,0.479630850363,0.774627417177,0.421499886361,2.15217861504,1.83778796209,0.774627417177,2.15217861504,0.141387309034,0.112876254181,90,0.011583011583,0.259418222651,37,37,37,1,0,0.405405405405,0.540540540541,0.0540540540541,37,303,0.227477477477,1.74930266253,16.3783783784,13.7727272727,8.65714285714,5.5993618255,0.341875226969,0.167603246811,8.61148405663,1.05156736005,0.551779502275,7.56026835884,0.923201086723,0.4816697886,0.671555136415,0.383898767662,2,1.74930266253,0.671555136415,2,0.313219328436,0.300759197975,515,0.0662805662806,0.498705454622,37,37,37,1,0,0.405405405405,0.540540540541,0.0540540540541,-39,-0.0292792792793,0.0240138444172,-2.10810810811,-1.77272727273,-1.11428571429,0.231651670105,0.0515166366923,0.0249606041685,-0.897007485741,0.0228709066362,0.00728764199322,-0.493044987596,0.051936192518,0.0198395372965,0.0309555660887,0.0125988649448,0,0.0240138444172,0.0309555660887,0,-0.0308520658114,-0.0758098396814,-295,-0.0379665379665,-0.0708713737274,0,0,0,302,1,40,989,0.883040935673,0.99898989899,0.0010101010101,0.116959064327,0.996699669967,0.883040935673,0.936434108527,0.91914793635,0.882030834662,0.880466472303,98,137,0,0,0,0
2518,WLNM_dir_neg,0.967832596302,0.935897692895,00:00:04,10,60,30,1238529965,threshold_sweep,0.7,0.989795918367,0.70802919708,0.825531914894,97,1,40,273,0.70802919708,0.996350364964,0.0036496350365,0.29197080292,0.989795918367,0.70802919708,0.825531914894,0.900243309002,0.587185725872,0.758349705305,0.77921464183,0.704379562044,342,205,137,0,342,0,205,0,137,37,342,0.256756756757,1.72528881811,18.4864864865,15.5454545455,9.77142857143,5.36771015539,0.290358590277,0.142642642643,9.50849154237,1.02869645341,0.544491860281,8.05331334643,0.871264894205,0.461830251304,0.640599570326,0.371299902718,2,1.72528881811,0.640599570326,2,0.344071394247,0.376569037657,810,0.104247104247,0.56957682835,37,37,37,1,0,0.405405405405,0.540540540541,0.0540540540541,37,0.153903903904,1.83778796209,11.0810810811,9.31818181818,5.85714285714,4.36130955345,0.393581593848,0.218984838497,6.15356533778,1.11064349999,0.588529993408,4.96428687166,0.895993240251,0.479630850363,0.774627417177,0.421499886361,2.15217861504,1.83778796209,0.774627417177,2.15217861504,0.141387309034,0.112876254181,90,0.011583011583,0.259418222651,37,37,37,1,0,0.405405405405,0.540540540541,0.0540540540541,37,303,0.227477477477,1.74930266253,16.3783783784,13.7727272727,8.65714285714,5.5993618255,0.341875226969,0.167603246811,8.61148405663,1.05156736005,0.551779502275,7.56026835884,0.923201086723,0.4816697886,0.671555136415,0.383898767662,2,1.74930266253,0.671555136415,2,0.313219328436,0.300759197975,515,0.0662805662806,0.498705454622,37,37,37,1,0,0.405405405405,0.540540540541,0.0540540540541,-39,-0.0292792792793,0.0240138444172,-2.10810810811,-1.77272727273,-1.11428571429,0.231651670105,0.0515166366923,0.0249606041685,-0.897007485741,0.0228709066362,0.00728764199322,-0.493044987596,0.051936192518,0.0198395372965,0.0309555660887,0.0125988649448,0,0.0240138444172,0.0309555660887,0,-0.0308520658114,-0.0758098396814,-295,-0.0379665379665,-0.0708713737274,0,0,0,302,1,40,989,0.883040935673,0.99898989899,0.0010101010101,0.116959064327,0.996699669967,0.883040935673,0.936434108527,0.91914793635,0.882030834662,0.880466472303,98,137,0,0,0,0
2519,WLNM_dir_neg,0.967832596302,0.935897692895,00:00:04,10,60,30,1238529965,threshold_sweep,0.8,0.989690721649,0.700729927007,0.820512820513,96,1,41,273,0.700729927007,0.996350364964,0.0036496350365,0.299270072993,0.989690721649,0.700729927007,0.820512820513,0.897810218978,0.58799675588,0.751968503937,0.773869406996,0.697080291971,342,205,137,0,342,0,205,0,137,37,342,0.256756756757,1.72528881811,18.4864864865,15.5454545455,9.77142857143,5.36771015539,0.290358590277,0.142642642643,9.50849154237,1.02869645341,0.544491860281,8.05331334643,0.871264894205,0.461830251304,0.640599570326,0.371299902718,2,1.72528881811,0.640599570326,2,0.344071394247,0.376569037657,810,0.104247104247,0.56957682835,37,37,37,1,0,0.405405405405,0.540540540541,0.0540540540541,37,0.153903903904,1.83778796209,11.0810810811,9.31818181818,5.85714285714,4.36130955345,0.393581593848,0.218984838497,6.15356533778,1.11064349999,0.588529993408,4.96428687166,0.895993240251,0.479630850363,0.774627417177,0.421499886361,2.15217861504,1.83778796209,0.774627417177,2.15217861504,0.141387309034,0.112876254181,90,0.011583011583,0.259418222651,37,37,37,1,0,0.405405405405,0.540540540541,0.0540540540541,37,302,0.226726726727,1.74983731438,16.3243243243,13.7272727273,8.62857142857,5.57302059556,0.341393645755,0.166815822445,8.58135418449,1.051357963,0.551100769644,7.52593114768,0.9220511671,0.481295865402,0.672024771805,0.384049857825,2,1.74983731438,0.672024771805,2,0.312684601028,0.299882399059,510,0.0656370656371,0.495038549288,37,37,37,1,0,0.405405405405,0.540540540541,0.0540540540541,-40,-0.03003003003,0.0245484962666,-2.16216216216,-1.81818181818,-1.14285714286,0.205310440169,0.0510350554775,0.0241731798023,-0.927137357886,0.0226615095854,0.00660890936248,-0.527382198753,0.0507862728952,0.0194656140979,0.0314252014788,0.0127499551071,0,0.0245484962666,0.0314252014788,0,-0.0313867932192,-0.0766866385977,-300,-0.03861003861,-0.0745382790622,0,0,0,301,1,41,989,0.880116959064,0.99898989899,0.0010101010101,0.119883040936,0.996688741722,0.880116959064,0.934782608696,0.917170831542,0.879106858054,0.877551020408,97,137,0,0,0,0
2520,WLNM_dir_neg,0.967832596302,0.935897692895,00:00:04,10,60,30,1238529965,threshold_sweep,0.9,0.989247311828,0.671532846715,0.8,92,1,45,273,0.671532846715,0.996350364964,0.0036496350365,0.328467153285,0.989247311828,0.671532846715,0.8,0.888077858881,0.591240875912,0.72619047619,0.752455910024,0.667883211679,342,205,137,0,342,0,205,0,137,37,342,0.256756756757,1.72528881811,18.4864864865,15.5454545455,9.77142857143,5.36771015539,0.290358590277,0.142642642643,9.50849154237,1.02869645341,0.544491860281,8.05331334643,0.871264894205,0.461830251304,0.640599570326,0.371299902718,2,1.72528881811,0.640599570326,2,0.344071394247,0.376569037657,810,0.104247104247,0.56957682835,37,37,37,1,0,0.405405405405,0.540540540541,0.0540540540541,37,0.153903903904,1.83778796209,11.0810810811,9.31818181818,5.85714285714,4.36130955345,0.393581593848,0.218984838497,6.15356533778,1.11064349999,0.588529993408,4.96428687166,0.895993240251,0.479630850363,0.774627417177,0.421499886361,2.15217861504,1.83778796209,0.774627417177,2.15217861504,0.141387309034,0.112876254181,90,0.011583011583,0.259418222651,37,37,37,1,0,0.405405405405,0.540540540541,0.0540540540541,37,298,0.223723723724,1.7541292202,16.1081081081,13.5454545455,8.51428571429,5.51152219236,0.342158256908,0.169236350444,8.47199945555,1.05189254985,0.552693633231,7.39348792274,0.917983399803,0.481226192636,0.677646228823,0.386314885484,2,1.7541292202,0.677646228823,2,0.307666233626,0.291121401248,482,0.0620334620335,0.482504266144,37,37,37,1,0,0.405405405405,0.540540540541,0.0540540540541,-44,-0.033033033033,0.0288404020809,-2.37837837838,-2,-1.25714285714,0.143812036967,0.0517996666311,0.0265937078018,-1.03649208683,0.0231960964349,0.00820177294921,-0.659825423697,0.0467185055981,0.0193959413317,0.0370466584972,0.0150149827658,0,0.0288404020809,0.0370466584972,0,-0.0364051606214,-0.0854476364087,-328,-0.0422136422136,-0.0870725622054,0,0,0,297,1,45,989,0.868421052632,0.99898989899,0.0010101010101,0.131578947368,0.996644295302,0.868421052632,0.928125,0.909258040139,0.867410951621,0.865889212828,93,137,0,0,0,0
2521,WLNM_dir_neg,0.943936810698,0.914884515637,00:00:04,10,60,31,1238529966,threshold_sweep,0.1,0.973214285714,0.795620437956,0.875502008032,109,3,28,271,0.795620437956,0.989051094891,0.0109489051095,0.204379562044,0.973214285714,0.795620437956,0.875502008032,0.924574209246,0.575831305758,0.822179732314,0.830766272269,0.784671532847,342,205,137,0,342,0,205,0,137,37,342,0.256756756757,1.72528881811,18.4864864865,15.5454545455,9.77142857143,5.36771015539,0.290358590277,0.142642642643,9.50849154237,1.02869645341,0.544491860281,8.05331334643,0.871264894205,0.461830251304,0.640599570326,0.371299902718,2,1.72528881811,0.640599570326,2,0.344071394247,0.376569037657,810,0.104247104247,0.56957682835,37,37,37,1,0,0.405405405405,0.540540540541,0.0540540540541,37,0.153903903904,1.79221843913,11.0810810811,9.31818181818,5.85714285714,4.07825111195,0.368037295469,0.204350692156,6.0763411624,1.09670547809,0.584574818721,5.09681052007,0.919912142646,0.489650626236,0.72241109009,0.403082054239,2.08524291058,1.79221843913,0.72241109009,2.08524291058,0.156093082022,0.0957446808511,75,0.00965250965251,0.267379598226,37,37,37,1,0,0.405405405405,0.540540540541,0.0540540540541,37,317,0.237987987988,1.71485079202,17.1351351351,14.4090909091,9.05714285714,4.39167243619,0.256296340913,0.123028391167,8.50666581942,0.992891594065,0.529797936738,8.07100620376,0.942041733562,0.494500809958,0.628858090372,0.366713006927,2.04545454545,1.71485079202,0.628858090372,2.04545454545,0.248121343137,0.259615384615,468,0.0602316602317,0.558162373647,37,37,37,1,0,0.405405405405,0.540540540541,0.0540540540541,-25,-0.0187687687688,-0.0104380260958,-1.35135135135,-1.13636363636,-0.714285714286,-0.976037719204,-0.0340622493639,-0.0196142514755,-1.00182572295,-0.0358048593495,-0.0146939235433,0.0176928573263,0.0707768393571,0.0326705586543,-0.0117414799541,-0.00458689579106,0.0454545454545,-0.0104380260958,-0.0117414799541,0.0454545454545,-0.0959500511106,-0.116953653042,-342,-0.0440154440154,-0.0114144547029,0,0,0,314,3,28,987,0.918128654971,0.99696969697,0.0030303030303,0.0818713450292,0.990536277603,0.918128654971,0.952959028832,0.938719352471,0.91509835194,0.910144927536,112,137,0,0,0,0
2522,WLNM_dir_neg,0.943936810698,0.914884515637,00:00:04,10,60,31,1238529966,threshold_sweep,0.2,0.973214285714,0.795620437956,0.875502008032,109,3,28,271,0.795620437956,0.989051094891,0.0109489051095,0.204379562044,0.973214285714,0.795620437956,0.875502008032,0.924574209246,0.575831305758,0.822179732314,0.830766272269,0.784671532847,342,205,137,0,342,0,205,0,137,37,342,0.256756756757,1.72528881811,18.4864864865,15.5454545455,9.77142857143,5.36771015539,0.290358590277,0.142642642643,9.50849154237,1.02869645341,0.544491860281,8.05331334643,0.871264894205,0.461830251304,0.640599570326,0.371299902718,2,1.72528881811,0.640599570326,2,0.344071394247,0.376569037657,810,0.104247104247,0.56957682835,37,37,37,1,0,0.405405405405,0.540540540541,0.0540540540541,37,0.153903903904,1.79221843913,11.0810810811,9.31818181818,5.85714285714,4.07825111195,0.368037295469,0.204350692156,6.0763411624,1.09670547809,0.584574818721,5.09681052007,0.919912142646,0.489650626236,0.72241109009,0.403082054239,2.08524291058,1.79221843913,0.72241109009,2.08524291058,0.156093082022,0.0957446808511,75,0.00965250965251,0.267379598226,37,37,37,1,0,0.405405405405,0.540540540541,0.0540540540541,37,317,0.237987987988,1.71485079202,17.1351351351,14.4090909091,9.05714285714,4.39167243619,0.256296340913,0.123028391167,8.50666581942,0.992891594065,0.529797936738,8.07100620376,0.942041733562,0.494500809958,0.628858090372,0.366713006927,2.04545454545,1.71485079202,0.628858090372,2.04545454545,0.248121343137,0.259615384615,468,0.0602316602317,0.558162373647,37,37,37,1,0,0.405405405405,0.540540540541,0.0540540540541,-25,-0.0187687687688,-0.0104380260958,-1.35135135135,-1.13636363636,-0.714285714286,-0.976037719204,-0.0340622493639,-0.0196142514755,-1.00182572295,-0.0358048593495,-0.0146939235433,0.0176928573263,0.0707768393571,0.0326705586543,-0.0117414799541,-0.00458689579106,0.0454545454545,-0.0104380260958,-0.0117414799541,0.0454545454545,-0.0959500511106,-0.116953653042,-342,-0.0440154440154,-0.0114144547029,0,0,0,314,3,28,987,0.918128654971,0.99696969697,0.0030303030303,0.0818713450292,0.990536277603,0.918128654971,0.952959028832,0.938719352471,0.91509835194,0.910144927536,112,137,0,0,0,0
2523,WLNM_dir_neg,0.943936810698,0.914884515637,00:00:04,10,60,31,1238529966,threshold_sweep,0.3,0.972972972973,0.788321167883,0.870967741935,108,3,29,271,0.788321167883,0.989051094891,0.0109489051095,0.211678832117,0.972972972973,0.788321167883,0.870967741935,0.922141119221,0.576642335766,0.816091954023,0.825358235081,0.777372262774,342,205,137,0,342,0,205,0,137,37,342,0.256756756757,1.72528881811,18.4864864865,15.5454545455,9.77142857143,5.36771015539,0.290358590277,0.142642642643,9.50849154237,1.02869645341,0.544491860281,8.05331334643,0.871264894205,0.461830251304,0.640599570326,0.371299902718,2,1.72528881811,0.640599570326,2,0.344071394247,0.376569037657,810,0.104247104247,0.56957682835,37,37,37,1,0,0.405405405405,0.540540540541,0.0540540540541,37,0.153903903904,1.79221843913,11.0810810811,9.31818181818,5.85714285714,4.07825111195,0.368037295469,0.204350692156,6.0763411624,1.09670547809,0.584574818721,5.09681052007,0.919912142646,0.489650626236,0.72241109009,0.403082054239,2.08524291058,1.79221843913,0.72241109009,2.08524291058,0.156093082022,0.0957446808511,75,0.00965250965251,0.267379598226,37,37,37,1,0,0.405405405405,0.540540540541,0.0540540540541,37,316,0.237237237237,1.7135792592,17.0810810811,14.3636363636,9.02857142857,4.36767404651,0.255702436267,0.122134793021,8.47412596147,0.992223609412,0.528908655491,8.09524755848,0.947861264758,0.497605200137,0.627645546809,0.366277511494,2.04545454545,1.7135792592,0.627645546809,2.04545454545,0.241876301304,0.25246695215,452,0.0581724581725,0.560713812905,37,37,37,1,0,0.405405405405,0.540540540541,0.0540540540541,-26,-0.0195195195195,-0.0117095589135,-1.40540540541,-1.18181818182,-0.742857142857,-1.00003610888,-0.0346561540098,-0.0205078496218,-1.03436558091,-0.0364728440025,-0.0155832047904,0.0419342120431,0.0765963705535,0.0357749488329,-0.0129540235173,-0.00502239122331,0.0454545454545,-0.0117095589135,-0.0129540235173,0.0454545454545,-0.102195092944,-0.124102085506,-358,-0.0460746460746,-0.00886301544521,0,0,0,313,3,29,987,0.915204678363,0.99696969697,0.0030303030303,0.0847953216374,0.990506329114,0.915204678363,0.951367781155,0.936737966942,0.912174375332,0.907246376812,111,137,0,0,0,0
2524,WLNM_dir_neg,0.943936810698,0.914884515637,00:00:04,10,60,31,1238529966,threshold_sweep,0.4,0.97247706422,0.773722627737,0.861788617886,106,3,31,271,0.773722627737,0.989051094891,0.0109489051095,0.226277372263,0.97247706422,0.773722627737,0.861788617886,0.917274939173,0.578264395783,0.803846153846,0.81454403536,0.762773722628,342,205,137,0,342,0,205,0,137,37,342,0.256756756757,1.72528881811,18.4864864865,15.5454545455,9.77142857143,5.36771015539,0.290358590277,0.142642642643,9.50849154237,1.02869645341,0.544491860281,8.05331334643,0.871264894205,0.461830251304,0.640599570326,0.371299902718,2,1.72528881811,0.640599570326,2,0.344071394247,0.376569037657,810,0.104247104247,0.56957682835,37,37,37,1,0,0.405405405405,0.540540540541,0.0540540540541,37,0.153903903904,1.79221843913,11.0810810811,9.31818181818,5.85714285714,4.07825111195,0.368037295469,0.204350692156,6.0763411624,1.09670547809,0.584574818721,5.09681052007,0.919912142646,0.489650626236,0.72241109009,0.403082054239,2.08524291058,1.79221843913,0.72241109009,2.08524291058,0.156093082022,0.0957446808511,75,0.00965250965251,0.267379598226,37,37,37,1,0,0.405405405405,0.540540540541,0.0540540540541,37,314,0.235735735736,1.71388077811,16.972972973,14.2727272727,8.97142857143,4.37471577798,0.257745993289,0.124978481666,8.43808042159,0.994296100633,0.531072473748,8.0333389406,0.946603633128,0.498536753314,0.627838060672,0.366325399462,2.04545454545,1.71388077811,0.627838060672,2.04545454545,0.242281202003,0.252167357708,446,0.0574002574003,0.552810912244,37,37,37,1,0,0.405405405405,0.540540540541,0.0540540540541,-28,-0.021021021021,-0.0114080400033,-1.51351351351,-1.27272727273,-0.8,-0.99299437741,-0.0326125969883,-0.0176641609763,-1.07041112079,-0.0344003527817,-0.0134193865337,-0.0199744058358,0.075338738923,0.0367065020099,-0.0127615096536,-0.00497450325546,0.0454545454545,-0.0114080400033,-0.0127615096536,0.0454545454545,-0.101790192245,-0.124401679949,-364,-0.0468468468468,-0.0167659161057,0,0,0,311,3,31,987,0.909356725146,0.99696969697,0.0030303030303,0.0906432748538,0.990445859873,0.909356725146,0.948170731707,0.932774314265,0.906326422116,0.901449275362,109,137,0,0,0,0
2525,WLNM_dir_neg,0.943936810698,0.914884515637,00:00:04,10,60,31,1238529966,threshold_sweep,0.5,0.981308411215,0.766423357664,0.860655737705,105,2,32,272,0.766423357664,0.992700729927,0.00729927007299,0.233576642336,0.981308411215,0.766423357664,0.860655737705,0.917274939173,0.579886455799,0.803088803089,0.815491908982,0.759124087591,342,205,137,0,342,0,205,0,137,37,342,0.256756756757,1.72528881811,18.4864864865,15.5454545455,9.77142857143,5.36771015539,0.290358590277,0.142642642643,9.50849154237,1.02869645341,0.544491860281,8.05331334643,0.871264894205,0.461830251304,0.640599570326,0.371299902718,2,1.72528881811,0.640599570326,2,0.344071394247,0.376569037657,810,0.104247104247,0.56957682835,37,37,37,1,0,0.405405405405,0.540540540541,0.0540540540541,37,0.153903903904,1.79221843913,11.0810810811,9.31818181818,5.85714285714,4.07825111195,0.368037295469,0.204350692156,6.0763411624,1.09670547809,0.584574818721,5.09681052007,0.919912142646,0.489650626236,0.72241109009,0.403082054239,2.08524291058,1.79221843913,0.72241109009,2.08524291058,0.156093082022,0.0957446808511,75,0.00965250965251,0.267379598226,37,37,37,1,0,0.405405405405,0.540540540541,0.0540540540541,37,312,0.234234234234,1.71520437682,16.8648648649,14.1818181818,8.91428571429,4.38534277238,0.260028337465,0.125,8.41143580206,0.997510014988,0.531704781705,8.01575026134,0.950585768172,0.50051975052,0.630016099529,0.36731255356,2.06896551724,1.71520437682,0.630016099529,2.06896551724,0.240784111485,0.250047682624,437,0.056241956242,0.549591120542,37,37,37,1,0,0.405405405405,0.540540540541,0.0540540540541,-30,-0.0225225225225,-0.0100844412908,-1.62162162162,-1.36363636364,-0.857142857143,-0.982367383017,-0.0303302528125,-0.0176426426426,-1.09705574031,-0.0311864384264,-0.0127870785766,-0.0375630850892,0.0793208739674,0.0386894992158,-0.0105834707972,-0.00398734915754,0.0689655172414,-0.0100844412908,-0.0105834707972,0.0689655172414,-0.103287282763,-0.126521355032,-373,-0.0480051480051,-0.0199857078083,0,0,0,310,2,32,988,0.906432748538,0.99797979798,0.0020202020202,0.093567251462,0.99358974359,0.906432748538,0.948012232416,0.932867248457,0.904412546518,0.901162790698,107,137,0,0,0,0
2526,WLNM_dir_neg,0.943936810698,0.914884515637,00:00:04,10,60,31,1238529966,threshold_sweep,0.6,0.981132075472,0.759124087591,0.855967078189,104,2,33,272,0.759124087591,0.992700729927,0.00729927007299,0.240875912409,0.981132075472,0.759124087591,0.855967078189,0.914841849148,0.580697485807,0.796905222437,0.81012003021,0.751824817518,342,205,137,0,342,0,205,0,137,37,342,0.256756756757,1.72528881811,18.4864864865,15.5454545455,9.77142857143,5.36771015539,0.290358590277,0.142642642643,9.50849154237,1.02869645341,0.544491860281,8.05331334643,0.871264894205,0.461830251304,0.640599570326,0.371299902718,2,1.72528881811,0.640599570326,2,0.344071394247,0.376569037657,810,0.104247104247,0.56957682835,37,37,37,1,0,0.405405405405,0.540540540541,0.0540540540541,37,0.153903903904,1.79221843913,11.0810810811,9.31818181818,5.85714285714,4.07825111195,0.368037295469,0.204350692156,6.0763411624,1.09670547809,0.584574818721,5.09681052007,0.919912142646,0.489650626236,0.72241109009,0.403082054239,2.08524291058,1.79221843913,0.72241109009,2.08524291058,0.156093082022,0.0957446808511,75,0.00965250965251,0.267379598226,37,37,37,1,0,0.405405405405,0.540540540541,0.0540540540541,37,311,0.233483483483,1.71464833661,16.8108108108,14.1363636364,8.88571428571,4.31945108291,0.256944839337,0.12270791692,8.35816121278,0.994379308273,0.530285912923,8.02931939644,0.95525664845,0.50178152429,0.629307236873,0.367018252919,2.06896551724,1.71464833661,0.629307236873,2.06896551724,0.235624348237,0.242307692308,420,0.0540540540541,0.55028149202,37,37,37,1,0,0.405405405405,0.540540540541,0.0540540540541,-31,-0.0232732732733,-0.0106404815022,-1.67567567568,-1.40909090909,-0.885714285714,-1.04825907248,-0.03341375094,-0.0199347257225,-1.15033032959,-0.0343171451417,-0.0142059473588,-0.0239939499991,0.0839917542456,0.0399512729856,-0.0112923334528,-0.00428164979921,0.0689655172414,-0.0106404815022,-0.0112923334528,0.0689655172414,-0.10844704601,-0.134261345349,-390,-0.0501930501931,-0.0192953363297,0,0,0,309,2,33,988,0.90350877193,0.99797979798,0.0020202020202,0.0964912280702,0.993569131833,0.90350877193,0.946401225115,0.930888809156,0.90148856991,0.898255813953,106,137,0,0,0,0
2527,WLNM_dir_neg,0.943936810698,0.914884515637,00:00:04,10,60,31,1238529966,threshold_sweep,0.7,0.981132075472,0.759124087591,0.855967078189,104,2,33,272,0.759124087591,0.992700729927,0.00729927007299,0.240875912409,0.981132075472,0.759124087591,0.855967078189,0.914841849148,0.580697485807,0.796905222437,0.81012003021,0.751824817518,342,205,137,0,342,0,205,0,137,37,342,0.256756756757,1.72528881811,18.4864864865,15.5454545455,9.77142857143,5.36771015539,0.290358590277,0.142642642643,9.50849154237,1.02869645341,0.544491860281,8.05331334643,0.871264894205,0.461830251304,0.640599570326,0.371299902718,2,1.72528881811,0.640599570326,2,0.344071394247,0.376569037657,810,0.104247104247,0.56957682835,37,37,37,1,0,0.405405405405,0.540540540541,0.0540540540541,37,0.153903903904,1.79221843913,11.0810810811,9.31818181818,5.85714285714,4.07825111195,0.368037295469,0.204350692156,6.0763411624,1.09670547809,0.584574818721,5.09681052007,0.919912142646,0.489650626236,0.72241109009,0.403082054239,2.08524291058,1.79221843913,0.72241109009,2.08524291058,0.156093082022,0.0957446808511,75,0.00965250965251,0.267379598226,37,37,37,1,0,0.405405405405,0.540540540541,0.0540540540541,37,311,0.233483483483,1.71464833661,16.8108108108,14.1363636364,8.88571428571,4.31945108291,0.256944839337,0.12270791692,8.35816121278,0.994379308273,0.530285912923,8.02931939644,0.95525664845,0.50178152429,0.629307236873,0.367018252919,2.06896551724,1.71464833661,0.629307236873,2.06896551724,0.235624348237,0.242307692308,420,0.0540540540541,0.55028149202,37,37,37,1,0,0.405405405405,0.540540540541,0.0540540540541,-31,-0.0232732732733,-0.0106404815022,-1.67567567568,-1.40909090909,-0.885714285714,-1.04825907248,-0.03341375094,-0.0199347257225,-1.15033032959,-0.0343171451417,-0.0142059473588,-0.0239939499991,0.0839917542456,0.0399512729856,-0.0112923334528,-0.00428164979921,0.0689655172414,-0.0106404815022,-0.0112923334528,0.0689655172414,-0.10844704601,-0.134261345349,-390,-0.0501930501931,-0.0192953363297,0,0,0,309,2,33,988,0.90350877193,0.99797979798,0.0020202020202,0.0964912280702,0.993569131833,0.90350877193,0.946401225115,0.930888809156,0.90148856991,0.898255813953,106,137,0,0,0,0
2528,WLNM_dir_neg,0.943936810698,0.914884515637,00:00:04,10,60,31,1238529966,threshold_sweep,0.8,0.980769230769,0.744525547445,0.846473029046,102,2,35,272,0.744525547445,0.992700729927,0.00729927007299,0.255474452555,0.980769230769,0.744525547445,0.846473029046,0.9099756691,0.582319545823,0.784466019417,0.799374912393,0.737226277372,342,205,137,0,342,0,205,0,137,37,342,0.256756756757,1.72528881811,18.4864864865,15.5454545455,9.77142857143,5.36771015539,0.290358590277,0.142642642643,9.50849154237,1.02869645341,0.544491860281,8.05331334643,0.871264894205,0.461830251304,0.640599570326,0.371299902718,2,1.72528881811,0.640599570326,2,0.344071394247,0.376569037657,810,0.104247104247,0.56957682835,37,37,37,1,0,0.405405405405,0.540540540541,0.0540540540541,37,0.153903903904,1.79221843913,11.0810810811,9.31818181818,5.85714285714,4.07825111195,0.368037295469,0.204350692156,6.0763411624,1.09670547809,0.584574818721,5.09681052007,0.919912142646,0.489650626236,0.72241109009,0.403082054239,2.08524291058,1.79221843913,0.72241109009,2.08524291058,0.156093082022,0.0957446808511,75,0.00965250965251,0.267379598226,37,37,37,1,0,0.405405405405,0.540540540541,0.0540540540541,37,309,0.231981981982,1.71419567882,16.7027027027,14.0454545455,8.82857142857,4.21547983867,0.252383097137,0.119478702003,8.27384169878,0.990718908915,0.527770488936,8.02155504534,0.960509827435,0.505029301146,0.628765681773,0.366799245584,2.06896551724,1.71419567882,0.628765681773,2.06896551724,0.228447110359,0.232076577457,396,0.0509652509653,0.54875502801,37,37,37,1,0,0.405405405405,0.540540540541,0.0540540540541,-33,-0.0247747747748,-0.0110931392999,-1.78378378378,-1.5,-0.942857142857,-1.15223031672,-0.0379754931397,-0.0231639406397,-1.2346498436,-0.0379775444995,-0.0167213713458,-0.0317583010989,0.0892449332301,0.0431990498419,-0.0118338885535,-0.00450065713384,0.0689655172414,-0.0110931392999,-0.0118338885535,0.0689655172414,-0.115624283888,-0.1444924602,-414,-0.0532818532819,-0.0208218003402,0,0,0,307,2,35,988,0.897660818713,0.99797979798,0.0020202020202,0.102339181287,0.993527508091,0.897660818713,0.943164362519,0.926930930115,0.895640616693,0.892441860465,104,137,0,0,0,0
2529,WLNM_dir_neg,0.943936810698,0.914884515637,00:00:04,10,60,31,1238529966,threshold_sweep,0.9,0.98,0.715328467153,0.827004219409,98,2,39,272,0.715328467153,0.992700729927,0.00729927007299,0.284671532847,0.98,0.715328467153,0.827004219409,0.900243309002,0.585563665856,0.759295499022,0.777869131572,0.70802919708,342,205,137,0,342,0,205,0,137,37,342,0.256756756757,1.72528881811,18.4864864865,15.5454545455,9.77142857143,5.36771015539,0.290358590277,0.142642642643,9.50849154237,1.02869645341,0.544491860281,8.05331334643,0.871264894205,0.461830251304,0.640599570326,0.371299902718,2,1.72528881811,0.640599570326,2,0.344071394247,0.376569037657,810,0.104247104247,0.56957682835,37,37,37,1,0,0.405405405405,0.540540540541,0.0540540540541,37,0.153903903904,1.79221843913,11.0810810811,9.31818181818,5.85714285714,4.07825111195,0.368037295469,0.204350692156,6.0763411624,1.09670547809,0.584574818721,5.09681052007,0.919912142646,0.489650626236,0.72241109009,0.403082054239,2.08524291058,1.79221843913,0.72241109009,2.08524291058,0.156093082022,0.0957446808511,75,0.00965250965251,0.267379598226,37,37,37,1,0,0.405405405405,0.540540540541,0.0540540540541,37,305,0.228978978979,1.71504759062,16.4864864865,13.8636363636,8.71428571429,4.17413744664,0.253185386108,0.120336730173,8.1969011943,0.99437817767,0.528843597696,7.99446129589,0.969819894911,0.508639787328,0.629615730522,0.367112687697,2.06896551724,1.71504759062,0.629615730522,2.06896551724,0.219609014608,0.217809867629,362,0.0465894465894,0.543414258721,37,37,37,1,0,0.405405405405,0.540540540541,0.0540540540541,-37,-0.0277777777778,-0.0102412274941,-2,-1.68181818182,-1.05714285714,-1.19357270876,-0.0371732041696,-0.0223059124698,-1.31159034807,-0.0343182757451,-0.0156482625853,-0.0588520505487,0.0985550007058,0.0468095360244,-0.0109838398041,-0.00418721502025,0.0689655172414,-0.0102412274941,-0.0109838398041,0.0689655172414,-0.124462379639,-0.158759170028,-448,-0.0576576576577,-0.0261625696284,0,0,0,303,2,39,988,0.885964912281,0.99797979798,0.0020202020202,0.114035087719,0.993442622951,0.885964912281,0.936630602782,0.919010789307,0.88394471026,0.880813953488,100,137,0,0,0,0
2530,WLNM_dir_neg,0.97852842453,0.679676854393,00:00:04,10,60,32,1238529967,threshold_sweep,0.1,0.944,0.861313868613,0.900763358779,118,7,19,267,0.861313868613,0.974452554745,0.0255474452555,0.138686131387,0.944,0.861313868613,0.900763358779,0.936739659367,0.565287915653,0.85447761194,0.856411442848,0.835766423358,342,205,137,0,342,0,205,0,137,37,342,0.256756756757,1.72528881811,18.4864864865,15.5454545455,9.77142857143,5.36771015539,0.290358590277,0.142642642643,9.50849154237,1.02869645341,0.544491860281,8.05331334643,0.871264894205,0.461830251304,0.640599570326,0.371299902718,2,1.72528881811,0.640599570326,2,0.344071394247,0.376569037657,810,0.104247104247,0.56957682835,37,37,37,1,0,0.405405405405,0.540540540541,0.0540540540541,37,0.153903903904,1.80814617458,11.0810810811,9.31818181818,5.85714285714,4.12565401131,0.372315118094,0.20593276203,6.15807777816,1.11145794045,0.588793671721,5.00885102479,0.904036526426,0.4804218853,0.737369819212,0.407804318909,2,1.80814617458,0.737369819212,2,0.134087565667,0.116899618806,92,0.0118404118404,0.258420839291,37,37,37,1,0,0.405405405405,0.540540540541,0.0540540540541,37,330,0.247747747748,2.00052599548,17.8378378378,13.75,9.16666666667,4.66377001478,0.261453773556,0.121375921376,8.72855587641,0.978656264931,0.521375921376,8.32459000785,0.933363122092,0.486486486486,0.785464712336,0.392629095603,2.30769230769,2.00052599548,0.785464712336,2.30769230769,0.282810021345,0.291452111226,566,0.0728442728443,0.493925836425,37,37,37,1,0,0.351351351351,0.621621621622,0.027027027027,-12,-0.00900900900901,0.275237177366,-0.648648648649,-1.79545454545,-0.604761904762,-0.703940140614,-0.0289048167213,-0.0212667212667,-0.77993566596,-0.0500401884835,-0.0231159389054,0.271276661416,0.0620982278874,0.0246562351826,0.144865142009,0.021329192885,0.307692307692,0.275237177366,0.144865142009,0.307692307692,-0.0612613729026,-0.0851169264314,-244,-0.0314028314028,-0.0756509919247,-0.0540540540541,0.0810810810811,-0.027027027027,323,7,19,983,0.944444444444,0.992929292929,0.00707070707071,0.0555555555556,0.978787878788,0.944444444444,0.96130952381,0.948533341601,0.937373737374,0.925501432665,125,137,0,0,0,0
2531,WLNM_dir_neg,0.97852842453,0.679676854393,00:00:04,10,60,32,1238529967,threshold_sweep,0.2,0.944,0.861313868613,0.900763358779,118,7,19,267,0.861313868613,0.974452554745,0.0255474452555,0.138686131387,0.944,0.861313868613,0.900763358779,0.936739659367,0.565287915653,0.85447761194,0.856411442848,0.835766423358,342,205,137,0,342,0,205,0,137,37,342,0.256756756757,1.72528881811,18.4864864865,15.5454545455,9.77142857143,5.36771015539,0.290358590277,0.142642642643,9.50849154237,1.02869645341,0.544491860281,8.05331334643,0.871264894205,0.461830251304,0.640599570326,0.371299902718,2,1.72528881811,0.640599570326,2,0.344071394247,0.376569037657,810,0.104247104247,0.56957682835,37,37,37,1,0,0.405405405405,0.540540540541,0.0540540540541,37,0.153903903904,1.80814617458,11.0810810811,9.31818181818,5.85714285714,4.12565401131,0.372315118094,0.20593276203,6.15807777816,1.11145794045,0.588793671721,5.00885102479,0.904036526426,0.4804218853,0.737369819212,0.407804318909,2,1.80814617458,0.737369819212,2,0.134087565667,0.116899618806,92,0.0118404118404,0.258420839291,37,37,37,1,0,0.405405405405,0.540540540541,0.0540540540541,37,330,0.247747747748,2.00052599548,17.8378378378,13.75,9.16666666667,4.66377001478,0.261453773556,0.121375921376,8.72855587641,0.978656264931,0.521375921376,8.32459000785,0.933363122092,0.486486486486,0.785464712336,0.392629095603,2.30769230769,2.00052599548,0.785464712336,2.30769230769,0.282810021345,0.291452111226,566,0.0728442728443,0.493925836425,37,37,37,1,0,0.351351351351,0.621621621622,0.027027027027,-12,-0.00900900900901,0.275237177366,-0.648648648649,-1.79545454545,-0.604761904762,-0.703940140614,-0.0289048167213,-0.0212667212667,-0.77993566596,-0.0500401884835,-0.0231159389054,0.271276661416,0.0620982278874,0.0246562351826,0.144865142009,0.021329192885,0.307692307692,0.275237177366,0.144865142009,0.307692307692,-0.0612613729026,-0.0851169264314,-244,-0.0314028314028,-0.0756509919247,-0.0540540540541,0.0810810810811,-0.027027027027,323,7,19,983,0.944444444444,0.992929292929,0.00707070707071,0.0555555555556,0.978787878788,0.944444444444,0.96130952381,0.948533341601,0.937373737374,0.925501432665,125,137,0,0,0,0
2532,WLNM_dir_neg,0.97852842453,0.679676854393,00:00:04,10,60,32,1238529967,threshold_sweep,0.3,0.94262295082,0.839416058394,0.888030888031,115,7,22,267,0.839416058394,0.974452554745,0.0255474452555,0.160583941606,0.94262295082,0.839416058394,0.888030888031,0.929440389294,0.567721005677,0.836772983114,0.839771300736,0.813868613139,342,205,137,0,342,0,205,0,137,37,342,0.256756756757,1.72528881811,18.4864864865,15.5454545455,9.77142857143,5.36771015539,0.290358590277,0.142642642643,9.50849154237,1.02869645341,0.544491860281,8.05331334643,0.871264894205,0.461830251304,0.640599570326,0.371299902718,2,1.72528881811,0.640599570326,2,0.344071394247,0.376569037657,810,0.104247104247,0.56957682835,37,37,37,1,0,0.405405405405,0.540540540541,0.0540540540541,37,0.153903903904,1.80814617458,11.0810810811,9.31818181818,5.85714285714,4.12565401131,0.372315118094,0.20593276203,6.15807777816,1.11145794045,0.588793671721,5.00885102479,0.904036526426,0.4804218853,0.737369819212,0.407804318909,2,1.80814617458,0.737369819212,2,0.134087565667,0.116899618806,92,0.0118404118404,0.258420839291,37,37,37,1,0,0.405405405405,0.540540540541,0.0540540540541,37,327,0.245495495495,1.99767045581,17.6756756757,13.625,9.08333333333,4.55859416715,0.25790211649,0.118770146293,8.60721116762,0.973904627529,0.517728737912,8.38819777198,0.949123295301,0.492602694438,0.78284749938,0.391880200812,2.30769230769,1.99767045581,0.78284749938,2.30769230769,0.26734893399,0.271866783523,517,0.066537966538,0.498108216128,37,37,37,1,0,0.351351351351,0.621621621622,0.027027027027,-15,-0.0112612612613,0.272381637698,-0.810810810811,-1.92045454545,-0.688095238095,-0.809115988243,-0.0324564737869,-0.0238724963496,-0.90128037475,-0.0547918258854,-0.0267631223691,0.334884425546,0.0778584010957,0.0307724431336,0.142247929054,0.020580298094,0.307692307692,0.272381637698,0.142247929054,0.307692307692,-0.0767224602576,-0.104702254134,-293,-0.0377091377091,-0.0714686122222,-0.0540540540541,0.0810810810811,-0.027027027027,320,7,22,983,0.93567251462,0.992929292929,0.00707070707071,0.0643274853801,0.978593272171,0.93567251462,0.956651718984,0.942547547679,0.928601807549,0.916905444126,122,137,0,0,0,0
2533,WLNM_dir_neg,0.97852842453,0.679676854393,00:00:04,10,60,32,1238529967,threshold_sweep,0.4,0.940677966102,0.810218978102,0.870588235294,111,7,26,267,0.810218978102,0.974452554745,0.0255474452555,0.189781021898,0.940677966102,0.810218978102,0.870588235294,0.919708029197,0.57096512571,0.812854442344,0.817614619341,0.784671532847,342,205,137,0,342,0,205,0,137,37,342,0.256756756757,1.72528881811,18.4864864865,15.5454545455,9.77142857143,5.36771015539,0.290358590277,0.142642642643,9.50849154237,1.02869645341,0.544491860281,8.05331334643,0.871264894205,0.461830251304,0.640599570326,0.371299902718,2,1.72528881811,0.640599570326,2,0.344071394247,0.376569037657,810,0.104247104247,0.56957682835,37,37,37,1,0,0.405405405405,0.540540540541,0.0540540540541,37,0.153903903904,1.80814617458,11.0810810811,9.31818181818,5.85714285714,4.12565401131,0.372315118094,0.20593276203,6.15807777816,1.11145794045,0.588793671721,5.00885102479,0.904036526426,0.4804218853,0.737369819212,0.407804318909,2,1.80814617458,0.737369819212,2,0.134087565667,0.116899618806,92,0.0118404118404,0.258420839291,37,37,37,1,0,0.405405405405,0.540540540541,0.0540540540541,37,323,0.242492492492,2.00253439259,17.4594594595,13.4583333333,8.97222222222,4.52520468901,0.2591835503,0.1226675592,8.51354688015,0.975236020327,0.518617688896,8.25849276216,0.946019294737,0.494351937076,0.786956748765,0.392980391087,2.30769230769,2.00253439259,0.786956748765,2.30769230769,0.266810854195,0.269983833303,501,0.0644787644788,0.484973872516,37,37,37,1,0,0.351351351351,0.621621621622,0.027027027027,-19,-0.0142642642643,0.277245574477,-1.02702702703,-2.08712121212,-0.799206349206,-0.842505466379,-0.0311750399775,-0.0199750834426,-0.994944662227,-0.0534604330882,-0.025874171385,0.205179415729,0.0747544005321,0.0325216857725,0.146357178439,0.0216804883689,0.307692307692,0.277245574477,0.146357178439,0.307692307692,-0.0772605400527,-0.106585204354,-309,-0.0397683397683,-0.0846029558336,-0.0540540540541,0.0810810810811,-0.027027027027,316,7,26,983,0.923976608187,0.992929292929,0.00707070707071,0.0760233918129,0.978328173375,0.923976608187,0.95037593985,0.934562980311,0.916905901116,0.905444126074,118,137,0,0,0,0
2534,WLNM_dir_neg,0.97852842453,0.679676854393,00:00:04,10,60,32,1238529967,threshold_sweep,0.5,0.940170940171,0.802919708029,0.866141732283,110,7,27,267,0.802919708029,0.974452554745,0.0255474452555,0.197080291971,0.940170940171,0.802919708029,0.866141732283,0.917274939173,0.571776155718,0.806818181818,0.812078494297,0.777372262774,342,205,137,0,342,0,205,0,137,37,342,0.256756756757,1.72528881811,18.4864864865,15.5454545455,9.77142857143,5.36771015539,0.290358590277,0.142642642643,9.50849154237,1.02869645341,0.544491860281,8.05331334643,0.871264894205,0.461830251304,0.640599570326,0.371299902718,2,1.72528881811,0.640599570326,2,0.344071394247,0.376569037657,810,0.104247104247,0.56957682835,37,37,37,1,0,0.405405405405,0.540540540541,0.0540540540541,37,0.153903903904,1.80814617458,11.0810810811,9.31818181818,5.85714285714,4.12565401131,0.372315118094,0.20593276203,6.15807777816,1.11145794045,0.588793671721,5.00885102479,0.904036526426,0.4804218853,0.737369819212,0.407804318909,2,1.80814617458,0.737369819212,2,0.134087565667,0.116899618806,92,0.0118404118404,0.258420839291,37,37,37,1,0,0.405405405405,0.540540540541,0.0540540540541,37,322,0.241741741742,2.00216469367,17.4054054054,13.4166666667,8.94444444444,4.52437509165,0.259940804955,0.123048514353,8.47173360477,0.973460072598,0.517206647641,8.24575602916,0.947493705214,0.495215712607,0.786616976178,0.392883252144,2.30769230769,2.00216469367,0.786616976178,2.30769230769,0.258322045706,0.27001626604,498,0.0640926640927,0.484037248695,37,37,37,1,0,0.351351351351,0.621621621622,0.027027027027,-20,-0.015015015015,0.276875875559,-1.08108108108,-2.12878787879,-0.826984126984,-0.84333506374,-0.0304177853219,-0.0195941282898,-1.0367579376,-0.0552363808165,-0.0272852126399,0.19244268273,0.0762288110096,0.0333854613031,0.146017405852,0.021583349426,0.307692307692,0.276875875559,0.146017405852,0.307692307692,-0.0857493485415,-0.106552771617,-312,-0.0401544401544,-0.0855395796546,-0.0540540540541,0.0810810810811,-0.027027027027,315,7,27,983,0.921052631579,0.992929292929,0.00707070707071,0.0789473684211,0.978260869565,0.921052631579,0.948795180723,0.932566122093,0.913981924508,0.902578796562,117,137,0,0,0,0
2535,WLNM_dir_neg,0.97852842453,0.679676854393,00:00:04,10,60,32,1238529967,threshold_sweep,0.6,0.940170940171,0.802919708029,0.866141732283,110,7,27,267,0.802919708029,0.974452554745,0.0255474452555,0.197080291971,0.940170940171,0.802919708029,0.866141732283,0.917274939173,0.571776155718,0.806818181818,0.812078494297,0.777372262774,342,205,137,0,342,0,205,0,137,37,342,0.256756756757,1.72528881811,18.4864864865,15.5454545455,9.77142857143,5.36771015539,0.290358590277,0.142642642643,9.50849154237,1.02869645341,0.544491860281,8.05331334643,0.871264894205,0.461830251304,0.640599570326,0.371299902718,2,1.72528881811,0.640599570326,2,0.344071394247,0.376569037657,810,0.104247104247,0.56957682835,37,37,37,1,0,0.405405405405,0.540540540541,0.0540540540541,37,0.153903903904,1.80814617458,11.0810810811,9.31818181818,5.85714285714,4.12565401131,0.372315118094,0.20593276203,6.15807777816,1.11145794045,0.588793671721,5.00885102479,0.904036526426,0.4804218853,0.737369819212,0.407804318909,2,1.80814617458,0.737369819212,2,0.134087565667,0.116899618806,92,0.0118404118404,0.258420839291,37,37,37,1,0,0.405405405405,0.540540540541,0.0540540540541,37,322,0.241741741742,2.00216469367,17.4054054054,13.4166666667,8.94444444444,4.52437509165,0.259940804955,0.123048514353,8.47173360477,0.973460072598,0.517206647641,8.24575602916,0.947493705214,0.495215712607,0.786616976178,0.392883252144,2.30769230769,2.00216469367,0.786616976178,2.30769230769,0.258322045706,0.27001626604,498,0.0640926640927,0.484037248695,37,37,37,1,0,0.351351351351,0.621621621622,0.027027027027,-20,-0.015015015015,0.276875875559,-1.08108108108,-2.12878787879,-0.826984126984,-0.84333506374,-0.0304177853219,-0.0195941282898,-1.0367579376,-0.0552363808165,-0.0272852126399,0.19244268273,0.0762288110096,0.0333854613031,0.146017405852,0.021583349426,0.307692307692,0.276875875559,0.146017405852,0.307692307692,-0.0857493485415,-0.106552771617,-312,-0.0401544401544,-0.0855395796546,-0.0540540540541,0.0810810810811,-0.027027027027,315,7,27,983,0.921052631579,0.992929292929,0.00707070707071,0.0789473684211,0.978260869565,0.921052631579,0.948795180723,0.932566122093,0.913981924508,0.902578796562,117,137,0,0,0,0
2536,WLNM_dir_neg,0.97852842453,0.679676854393,00:00:04,10,60,32,1238529967,threshold_sweep,0.7,0.940170940171,0.802919708029,0.866141732283,110,7,27,267,0.802919708029,0.974452554745,0.0255474452555,0.197080291971,0.940170940171,0.802919708029,0.866141732283,0.917274939173,0.571776155718,0.806818181818,0.812078494297,0.777372262774,342,205,137,0,342,0,205,0,137,37,342,0.256756756757,1.72528881811,18.4864864865,15.5454545455,9.77142857143,5.36771015539,0.290358590277,0.142642642643,9.50849154237,1.02869645341,0.544491860281,8.05331334643,0.871264894205,0.461830251304,0.640599570326,0.371299902718,2,1.72528881811,0.640599570326,2,0.344071394247,0.376569037657,810,0.104247104247,0.56957682835,37,37,37,1,0,0.405405405405,0.540540540541,0.0540540540541,37,0.153903903904,1.80814617458,11.0810810811,9.31818181818,5.85714285714,4.12565401131,0.372315118094,0.20593276203,6.15807777816,1.11145794045,0.588793671721,5.00885102479,0.904036526426,0.4804218853,0.737369819212,0.407804318909,2,1.80814617458,0.737369819212,2,0.134087565667,0.116899618806,92,0.0118404118404,0.258420839291,37,37,37,1,0,0.405405405405,0.540540540541,0.0540540540541,37,322,0.241741741742,2.00216469367,17.4054054054,13.4166666667,8.94444444444,4.52437509165,0.259940804955,0.123048514353,8.47173360477,0.973460072598,0.517206647641,8.24575602916,0.947493705214,0.495215712607,0.786616976178,0.392883252144,2.30769230769,2.00216469367,0.786616976178,2.30769230769,0.258322045706,0.27001626604,498,0.0640926640927,0.484037248695,37,37,37,1,0,0.351351351351,0.621621621622,0.027027027027,-20,-0.015015015015,0.276875875559,-1.08108108108,-2.12878787879,-0.826984126984,-0.84333506374,-0.0304177853219,-0.0195941282898,-1.0367579376,-0.0552363808165,-0.0272852126399,0.19244268273,0.0762288110096,0.0333854613031,0.146017405852,0.021583349426,0.307692307692,0.276875875559,0.146017405852,0.307692307692,-0.0857493485415,-0.106552771617,-312,-0.0401544401544,-0.0855395796546,-0.0540540540541,0.0810810810811,-0.027027027027,315,7,27,983,0.921052631579,0.992929292929,0.00707070707071,0.0789473684211,0.978260869565,0.921052631579,0.948795180723,0.932566122093,0.913981924508,0.902578796562,117,137,0,0,0,0
2537,WLNM_dir_neg,0.97852842453,0.679676854393,00:00:04,10,60,32,1238529967,threshold_sweep,0.8,0.954954954955,0.773722627737,0.854838709677,106,5,31,269,0.773722627737,0.981751824818,0.0182481751825,0.226277372263,0.954954954955,0.773722627737,0.854838709677,0.912408759124,0.576642335766,0.793103448276,0.802108707332,0.755474452555,342,205,137,0,342,0,205,0,137,37,342,0.256756756757,1.72528881811,18.4864864865,15.5454545455,9.77142857143,5.36771015539,0.290358590277,0.142642642643,9.50849154237,1.02869645341,0.544491860281,8.05331334643,0.871264894205,0.461830251304,0.640599570326,0.371299902718,2,1.72528881811,0.640599570326,2,0.344071394247,0.376569037657,810,0.104247104247,0.56957682835,37,37,37,1,0,0.405405405405,0.540540540541,0.0540540540541,37,0.153903903904,1.80814617458,11.0810810811,9.31818181818,5.85714285714,4.12565401131,0.372315118094,0.20593276203,6.15807777816,1.11145794045,0.588793671721,5.00885102479,0.904036526426,0.4804218853,0.737369819212,0.407804318909,2,1.80814617458,0.737369819212,2,0.134087565667,0.116899618806,92,0.0118404118404,0.258420839291,37,37,37,1,0,0.405405405405,0.540540540541,0.0540540540541,37,316,0.237237237237,1.85083128598,17.0810810811,13.7391304348,9.02857142857,4.4930710753,0.263043718016,0.126154635648,8.39177704196,0.98258148909,0.523092712966,8.16698841065,0.956261301247,0.501368457065,0.70656819629,0.381757214525,2.14285714286,1.85083128598,0.70656819629,2.14285714286,0.249540342884,0.259728169801,465,0.0598455598456,0.51428432957,37,37,37,1,0,0.378378378378,0.567567567568,0.0540540540541,-26,-0.0195195195195,0.125542467864,-1.40540540541,-1.80632411067,-0.742857142857,-0.874639080094,-0.0273148722612,-0.0164880069943,-1.11671450042,-0.0461149643249,-0.0213991473152,0.113675064216,0.0849964070422,0.0395382057607,0.0659686259642,0.0104573118068,0.142857142857,0.125542467864,0.0659686259642,0.142857142857,-0.0945310513634,-0.116840867856,-345,-0.0444015444015,-0.0552924987795,-0.027027027027,0.027027027027,0,311,5,31,985,0.909356725146,0.994949494949,0.00505050505051,0.0906432748538,0.98417721519,0.909356725146,0.945288753799,0.92865793319,0.904306220096,0.896253602305,111,137,0,0,0,0
2538,WLNM_dir_neg,0.97852842453,0.679676854393,00:00:04,10,60,32,1238529967,threshold_sweep,0.9,0.954954954955,0.773722627737,0.854838709677,106,5,31,269,0.773722627737,0.981751824818,0.0182481751825,0.226277372263,0.954954954955,0.773722627737,0.854838709677,0.912408759124,0.576642335766,0.793103448276,0.802108707332,0.755474452555,342,205,137,0,342,0,205,0,137,37,342,0.256756756757,1.72528881811,18.4864864865,15.5454545455,9.77142857143,5.36771015539,0.290358590277,0.142642642643,9.50849154237,1.02869645341,0.544491860281,8.05331334643,0.871264894205,0.461830251304,0.640599570326,0.371299902718,2,1.72528881811,0.640599570326,2,0.344071394247,0.376569037657,810,0.104247104247,0.56957682835,37,37,37,1,0,0.405405405405,0.540540540541,0.0540540540541,37,0.153903903904,1.80814617458,11.0810810811,9.31818181818,5.85714285714,4.12565401131,0.372315118094,0.20593276203,6.15807777816,1.11145794045,0.588793671721,5.00885102479,0.904036526426,0.4804218853,0.737369819212,0.407804318909,2,1.80814617458,0.737369819212,2,0.134087565667,0.116899618806,92,0.0118404118404,0.258420839291,37,37,37,1,0,0.405405405405,0.540540540541,0.0540540540541,37,316,0.237237237237,1.85083128598,17.0810810811,13.7391304348,9.02857142857,4.4930710753,0.263043718016,0.126154635648,8.39177704196,0.98258148909,0.523092712966,8.16698841065,0.956261301247,0.501368457065,0.70656819629,0.381757214525,2.14285714286,1.85083128598,0.70656819629,2.14285714286,0.249540342884,0.259728169801,465,0.0598455598456,0.51428432957,37,37,37,1,0,0.378378378378,0.567567567568,0.0540540540541,-26,-0.0195195195195,0.125542467864,-1.40540540541,-1.80632411067,-0.742857142857,-0.874639080094,-0.0273148722612,-0.0164880069943,-1.11671450042,-0.0461149643249,-0.0213991473152,0.113675064216,0.0849964070422,0.0395382057607,0.0659686259642,0.0104573118068,0.142857142857,0.125542467864,0.0659686259642,0.142857142857,-0.0945310513634,-0.116840867856,-345,-0.0444015444015,-0.0552924987795,-0.027027027027,0.027027027027,0,311,5,31,985,0.909356725146,0.994949494949,0.00505050505051,0.0906432748538,0.98417721519,0.909356725146,0.945288753799,0.92865793319,0.904306220096,0.896253602305,111,137,0,0,0,0
2539,WLNM_dir_neg,0.95091640471,0.728667002504,00:00:04,10,60,33,1238529968,threshold_sweep,0.1,0.90625,0.846715328467,0.875471698113,116,12,21,262,0.846715328467,0.956204379562,0.043795620438,0.153284671533,0.90625,0.846715328467,0.875471698113,0.919708029197,0.562854825629,0.816326530612,0.817352660132,0.802919708029,342,205,137,0,342,0,205,0,137,37,342,0.256756756757,1.72528881811,18.4864864865,15.5454545455,9.77142857143,5.36771015539,0.290358590277,0.142642642643,9.50849154237,1.02869645341,0.544491860281,8.05331334643,0.871264894205,0.461830251304,0.640599570326,0.371299902718,2,1.72528881811,0.640599570326,2,0.344071394247,0.376569037657,810,0.104247104247,0.56957682835,37,37,37,1,0,0.405405405405,0.540540540541,0.0540540540541,37,0.153903903904,1.8037531823,11.0810810811,9.31818181818,5.85714285714,4.13909798533,0.373528354773,0.207119314436,6.13548238887,1.10737974824,0.588529993408,4.90801269238,0.885836437162,0.472775214239,0.72699899672,0.403047935745,2,1.8037531823,0.72699899672,2,0.141858911596,0.0941076727427,74,0.00952380952381,0.253386877762,37,37,37,1,0,0.405405405405,0.540540540541,0.0540540540541,37,333,0.25,2.57366184083,18,14.4782608696,9.25,4.53382350291,0.251879083495,0.123853583313,8.98764584181,0.998627315757,0.535346156968,7.9092070118,0.878800779089,0.463761058356,2.05271813761,0.797586576854,7.92857142857,2.57366184083,2.05271813761,7.92857142857,0.307038546009,0.312902133424,616,0.0792792792793,0.498796612643,37,37,37,1,0,0.378378378378,0.594594594595,0.027027027027,-9,-0.00675675675676,0.848373022717,-0.486486486486,-1.06719367589,-0.521428571429,-0.833886652481,-0.038479506782,-0.0187890593296,-0.520845700566,-0.0300691376583,-0.00914570331356,-0.144106334631,0.00753588488436,0.00193080705172,1.41211856728,0.426286674136,5.92857142857,0.848373022717,1.41211856728,5.92857142857,-0.0370328482386,-0.0636669042333,-194,-0.0249678249678,-0.0707802157071,-0.027027027027,0.0540540540541,-0.027027027027,321,12,21,978,0.938596491228,0.987878787879,0.0121212121212,0.0614035087719,0.963963963964,0.938596491228,0.951111111111,0.9346728445,0.926475279107,0.906779661017,128,137,0,0,0,0
2540,WLNM_dir_neg,0.95091640471,0.728667002504,00:00:04,10,60,33,1238529968,threshold_sweep,0.2,0.912698412698,0.839416058394,0.874524714829,115,11,22,263,0.839416058394,0.959854014599,0.0401459854015,0.160583941606,0.912698412698,0.839416058394,0.874524714829,0.919708029197,0.564476885645,0.815642458101,0.817186934682,0.799270072993,342,205,137,0,342,0,205,0,137,37,342,0.256756756757,1.72528881811,18.4864864865,15.5454545455,9.77142857143,5.36771015539,0.290358590277,0.142642642643,9.50849154237,1.02869645341,0.544491860281,8.05331334643,0.871264894205,0.461830251304,0.640599570326,0.371299902718,2,1.72528881811,0.640599570326,2,0.344071394247,0.376569037657,810,0.104247104247,0.56957682835,37,37,37,1,0,0.405405405405,0.540540540541,0.0540540540541,37,0.153903903904,1.8037531823,11.0810810811,9.31818181818,5.85714285714,4.13909798533,0.373528354773,0.207119314436,6.13548238887,1.10737974824,0.588529993408,4.90801269238,0.885836437162,0.472775214239,0.72699899672,0.403047935745,2,1.8037531823,0.72699899672,2,0.141858911596,0.0941076727427,74,0.00952380952381,0.253386877762,37,37,37,1,0,0.405405405405,0.540540540541,0.0540540540541,37,331,0.248498498498,1.72833063035,17.8918918919,15.0454545455,9.19444444444,4.66537948786,0.260753838445,0.127214828121,9.00600400334,1.00671343844,0.539234098146,7.95105145369,0.888788228962,0.467706377072,0.640066977054,0.370338270822,2,1.72833063035,0.640066977054,2,0.296648287495,0.30819112628,602,0.0774774774775,0.546817267083,37,37,37,1,0,0.405405405405,0.567567567568,0.027027027027,-11,-0.00825825825826,0.00304181223999,-0.594594594595,-0.5,-0.576984126984,-0.702330667531,-0.0296047518316,-0.0154278145215,-0.502487539038,-0.0219830149754,-0.00525776213485,-0.102261892745,0.0175233347574,0.005876125768,-0.000532593271561,-0.000961631895637,0,0.00304181223999,-0.000532593271561,0,-0.0474231067524,-0.068377911377,-208,-0.0267696267696,-0.022759561267,0,0.027027027027,-0.027027027027,320,11,22,979,0.93567251462,0.988888888889,0.0111111111111,0.0643274853801,0.966767371601,0.93567251462,0.950965824666,0.93462065412,0.924561403509,0.906515580737,126,137,0,0,0,0
2541,WLNM_dir_neg,0.95091640471,0.728667002504,00:00:04,10,60,33,1238529968,threshold_sweep,0.3,0.92,0.839416058394,0.87786259542,115,10,22,264,0.839416058394,0.963503649635,0.036496350365,0.160583941606,0.92,0.839416058394,0.87786259542,0.922141119221,0.565287915653,0.820895522388,0.822753351207,0.802919708029,342,205,137,0,342,0,205,0,137,37,342,0.256756756757,1.72528881811,18.4864864865,15.5454545455,9.77142857143,5.36771015539,0.290358590277,0.142642642643,9.50849154237,1.02869645341,0.544491860281,8.05331334643,0.871264894205,0.461830251304,0.640599570326,0.371299902718,2,1.72528881811,0.640599570326,2,0.344071394247,0.376569037657,810,0.104247104247,0.56957682835,37,37,37,1,0,0.405405405405,0.540540540541,0.0540540540541,37,0.153903903904,1.8037531823,11.0810810811,9.31818181818,5.85714285714,4.13909798533,0.373528354773,0.207119314436,6.13548238887,1.10737974824,0.588529993408,4.90801269238,0.885836437162,0.472775214239,0.72699899672,0.403047935745,2,1.8037531823,0.72699899672,2,0.141858911596,0.0941076727427,74,0.00952380952381,0.253386877762,37,37,37,1,0,0.405405405405,0.540540540541,0.0540540540541,37,330,0.247747747748,1.72744037818,17.8378378378,15,9.42857142857,4.62789557114,0.259442630504,0.126863226863,8.9640590334,1.00506116435,0.538411138411,7.98045660897,0.894778468279,0.471908271908,0.639039054967,0.369934073002,2,1.72744037818,0.639039054967,2,0.291469551916,0.302629317752,587,0.075546975547,0.54885846352,37,37,37,1,0,0.405405405405,0.540540540541,0.0540540540541,-12,-0.00900900900901,0.00215156006092,-0.648648648649,-0.545454545455,-0.342857142857,-0.739814584249,-0.0309159597736,-0.0157794157794,-0.544432508971,-0.0236352890634,-0.0060807218702,-0.0728567374621,0.0235135740738,0.0100780206043,-0.00156051535952,-0.00136582971582,0,0.00215156006092,-0.00156051535952,0,-0.0526018423316,-0.0739397199047,-223,-0.0287001287001,-0.0207183648302,0,0,0,320,10,22,980,0.93567251462,0.989898989899,0.010101010101,0.0643274853801,0.969696969697,0.93567251462,0.952380952381,0.936590601025,0.925571504519,0.909090909091,125,137,0,0,0,0
2542,WLNM_dir_neg,0.95091640471,0.728667002504,00:00:04,10,60,33,1238529968,threshold_sweep,0.4,0.92,0.839416058394,0.87786259542,115,10,22,264,0.839416058394,0.963503649635,0.036496350365,0.160583941606,0.92,0.839416058394,0.87786259542,0.922141119221,0.565287915653,0.820895522388,0.822753351207,0.802919708029,342,205,137,0,342,0,205,0,137,37,342,0.256756756757,1.72528881811,18.4864864865,15.5454545455,9.77142857143,5.36771015539,0.290358590277,0.142642642643,9.50849154237,1.02869645341,0.544491860281,8.05331334643,0.871264894205,0.461830251304,0.640599570326,0.371299902718,2,1.72528881811,0.640599570326,2,0.344071394247,0.376569037657,810,0.104247104247,0.56957682835,37,37,37,1,0,0.405405405405,0.540540540541,0.0540540540541,37,0.153903903904,1.8037531823,11.0810810811,9.31818181818,5.85714285714,4.13909798533,0.373528354773,0.207119314436,6.13548238887,1.10737974824,0.588529993408,4.90801269238,0.885836437162,0.472775214239,0.72699899672,0.403047935745,2,1.8037531823,0.72699899672,2,0.141858911596,0.0941076727427,74,0.00952380952381,0.253386877762,37,37,37,1,0,0.405405405405,0.540540540541,0.0540540540541,37,330,0.247747747748,1.72744037818,17.8378378378,15,9.42857142857,4.62789557114,0.259442630504,0.126863226863,8.9640590334,1.00506116435,0.538411138411,7.98045660897,0.894778468279,0.471908271908,0.639039054967,0.369934073002,2,1.72744037818,0.639039054967,2,0.291469551916,0.302629317752,587,0.075546975547,0.54885846352,37,37,37,1,0,0.405405405405,0.540540540541,0.0540540540541,-12,-0.00900900900901,0.00215156006092,-0.648648648649,-0.545454545455,-0.342857142857,-0.739814584249,-0.0309159597736,-0.0157794157794,-0.544432508971,-0.0236352890634,-0.0060807218702,-0.0728567374621,0.0235135740738,0.0100780206043,-0.00156051535952,-0.00136582971582,0,0.00215156006092,-0.00156051535952,0,-0.0526018423316,-0.0739397199047,-223,-0.0287001287001,-0.0207183648302,0,0,0,320,10,22,980,0.93567251462,0.989898989899,0.010101010101,0.0643274853801,0.969696969697,0.93567251462,0.952380952381,0.936590601025,0.925571504519,0.909090909091,125,137,0,0,0,0
2543,WLNM_dir_neg,0.95091640471,0.728667002504,00:00:04,10,60,33,1238529968,threshold_sweep,0.5,0.92,0.839416058394,0.87786259542,115,10,22,264,0.839416058394,0.963503649635,0.036496350365,0.160583941606,0.92,0.839416058394,0.87786259542,0.922141119221,0.565287915653,0.820895522388,0.822753351207,0.802919708029,342,205,137,0,342,0,205,0,137,37,342,0.256756756757,1.72528881811,18.4864864865,15.5454545455,9.77142857143,5.36771015539,0.290358590277,0.142642642643,9.50849154237,1.02869645341,0.544491860281,8.05331334643,0.871264894205,0.461830251304,0.640599570326,0.371299902718,2,1.72528881811,0.640599570326,2,0.344071394247,0.376569037657,810,0.104247104247,0.56957682835,37,37,37,1,0,0.405405405405,0.540540540541,0.0540540540541,37,0.153903903904,1.8037531823,11.0810810811,9.31818181818,5.85714285714,4.13909798533,0.373528354773,0.207119314436,6.13548238887,1.10737974824,0.588529993408,4.90801269238,0.885836437162,0.472775214239,0.72699899672,0.403047935745,2,1.8037531823,0.72699899672,2,0.141858911596,0.0941076727427,74,0.00952380952381,0.253386877762,37,37,37,1,0,0.405405405405,0.540540540541,0.0540540540541,37,330,0.247747747748,1.72744037818,17.8378378378,15,9.42857142857,4.62789557114,0.259442630504,0.126863226863,8.9640590334,1.00506116435,0.538411138411,7.98045660897,0.894778468279,0.471908271908,0.639039054967,0.369934073002,2,1.72744037818,0.639039054967,2,0.291469551916,0.302629317752,587,0.075546975547,0.54885846352,37,37,37,1,0,0.405405405405,0.540540540541,0.0540540540541,-12,-0.00900900900901,0.00215156006092,-0.648648648649,-0.545454545455,-0.342857142857,-0.739814584249,-0.0309159597736,-0.0157794157794,-0.544432508971,-0.0236352890634,-0.0060807218702,-0.0728567374621,0.0235135740738,0.0100780206043,-0.00156051535952,-0.00136582971582,0,0.00215156006092,-0.00156051535952,0,-0.0526018423316,-0.0739397199047,-223,-0.0287001287001,-0.0207183648302,0,0,0,320,10,22,980,0.93567251462,0.989898989899,0.010101010101,0.0643274853801,0.969696969697,0.93567251462,0.952380952381,0.936590601025,0.925571504519,0.909090909091,125,137,0,0,0,0
2544,WLNM_dir_neg,0.95091640471,0.728667002504,00:00:04,10,60,33,1238529968,threshold_sweep,0.6,0.94262295082,0.839416058394,0.888030888031,115,7,22,267,0.839416058394,0.974452554745,0.0255474452555,0.160583941606,0.94262295082,0.839416058394,0.888030888031,0.929440389294,0.567721005677,0.836772983114,0.839771300736,0.813868613139,342,205,137,0,342,0,205,0,137,37,342,0.256756756757,1.72528881811,18.4864864865,15.5454545455,9.77142857143,5.36771015539,0.290358590277,0.142642642643,9.50849154237,1.02869645341,0.544491860281,8.05331334643,0.871264894205,0.461830251304,0.640599570326,0.371299902718,2,1.72528881811,0.640599570326,2,0.344071394247,0.376569037657,810,0.104247104247,0.56957682835,37,37,37,1,0,0.405405405405,0.540540540541,0.0540540540541,37,0.153903903904,1.8037531823,11.0810810811,9.31818181818,5.85714285714,4.13909798533,0.373528354773,0.207119314436,6.13548238887,1.10737974824,0.588529993408,4.90801269238,0.885836437162,0.472775214239,0.72699899672,0.403047935745,2,1.8037531823,0.72699899672,2,0.141858911596,0.0941076727427,74,0.00952380952381,0.253386877762,37,37,37,1,0,0.405405405405,0.540540540541,0.0540540540541,37,327,0.245495495495,1.72501675062,17.6756756757,14.8636363636,9.34285714286,4.58290333773,0.259277405957,0.125299611538,8.89292325864,1.00623290694,0.537730390941,8.0295063966,0.908537421022,0.476568311431,0.636328823061,0.3688826922,2,1.72501675062,0.636328823061,2,0.297030752214,0.303830227743,587,0.075546975547,0.550991485346,37,37,37,1,0,0.405405405405,0.540540540541,0.0540540540541,-15,-0.0112612612613,-0.000272067490882,-0.810810810811,-0.681818181818,-0.428571428571,-0.78480681766,-0.0310811843198,-0.0173430311045,-0.615568283733,-0.0224635464737,-0.00676146933993,-0.0238069498384,0.0372725268167,0.0147380601268,-0.00427074726516,-0.00241721051738,0,-0.000272067490882,-0.00427074726516,0,-0.0470406420336,-0.0727388099136,-223,-0.0287001287001,-0.0185853430036,0,0,0,320,7,22,983,0.93567251462,0.992929292929,0.00707070707071,0.0643274853801,0.978593272171,0.93567251462,0.956651718984,0.942547547679,0.928601807549,0.916905444126,122,137,0,0,0,0
2545,WLNM_dir_neg,0.95091640471,0.728667002504,00:00:04,10,60,33,1238529968,threshold_sweep,0.7,0.94262295082,0.839416058394,0.888030888031,115,7,22,267,0.839416058394,0.974452554745,0.0255474452555,0.160583941606,0.94262295082,0.839416058394,0.888030888031,0.929440389294,0.567721005677,0.836772983114,0.839771300736,0.813868613139,342,205,137,0,342,0,205,0,137,37,342,0.256756756757,1.72528881811,18.4864864865,15.5454545455,9.77142857143,5.36771015539,0.290358590277,0.142642642643,9.50849154237,1.02869645341,0.544491860281,8.05331334643,0.871264894205,0.461830251304,0.640599570326,0.371299902718,2,1.72528881811,0.640599570326,2,0.344071394247,0.376569037657,810,0.104247104247,0.56957682835,37,37,37,1,0,0.405405405405,0.540540540541,0.0540540540541,37,0.153903903904,1.8037531823,11.0810810811,9.31818181818,5.85714285714,4.13909798533,0.373528354773,0.207119314436,6.13548238887,1.10737974824,0.588529993408,4.90801269238,0.885836437162,0.472775214239,0.72699899672,0.403047935745,2,1.8037531823,0.72699899672,2,0.141858911596,0.0941076727427,74,0.00952380952381,0.253386877762,37,37,37,1,0,0.405405405405,0.540540540541,0.0540540540541,37,327,0.245495495495,1.72501675062,17.6756756757,14.8636363636,9.34285714286,4.58290333773,0.259277405957,0.125299611538,8.89292325864,1.00623290694,0.537730390941,8.0295063966,0.908537421022,0.476568311431,0.636328823061,0.3688826922,2,1.72501675062,0.636328823061,2,0.297030752214,0.303830227743,587,0.075546975547,0.550991485346,37,37,37,1,0,0.405405405405,0.540540540541,0.0540540540541,-15,-0.0112612612613,-0.000272067490882,-0.810810810811,-0.681818181818,-0.428571428571,-0.78480681766,-0.0310811843198,-0.0173430311045,-0.615568283733,-0.0224635464737,-0.00676146933993,-0.0238069498384,0.0372725268167,0.0147380601268,-0.00427074726516,-0.00241721051738,0,-0.000272067490882,-0.00427074726516,0,-0.0470406420336,-0.0727388099136,-223,-0.0287001287001,-0.0185853430036,0,0,0,320,7,22,983,0.93567251462,0.992929292929,0.00707070707071,0.0643274853801,0.978593272171,0.93567251462,0.956651718984,0.942547547679,0.928601807549,0.916905444126,122,137,0,0,0,0
2546,WLNM_dir_neg,0.95091640471,0.728667002504,00:00:04,10,60,33,1238529968,threshold_sweep,0.8,0.942148760331,0.832116788321,0.883720930233,114,7,23,267,0.832116788321,0.974452554745,0.0255474452555,0.167883211679,0.942148760331,0.832116788321,0.883720930233,0.92700729927,0.568532035685,0.830827067669,0.834229593076,0.806569343066,342,205,137,0,342,0,205,0,137,37,342,0.256756756757,1.72528881811,18.4864864865,15.5454545455,9.77142857143,5.36771015539,0.290358590277,0.142642642643,9.50849154237,1.02869645341,0.544491860281,8.05331334643,0.871264894205,0.461830251304,0.640599570326,0.371299902718,2,1.72528881811,0.640599570326,2,0.344071394247,0.376569037657,810,0.104247104247,0.56957682835,37,37,37,1,0,0.405405405405,0.540540540541,0.0540540540541,37,0.153903903904,1.8037531823,11.0810810811,9.31818181818,5.85714285714,4.13909798533,0.373528354773,0.207119314436,6.13548238887,1.10737974824,0.588529993408,4.90801269238,0.885836437162,0.472775214239,0.72699899672,0.403047935745,2,1.8037531823,0.72699899672,2,0.141858911596,0.0941076727427,74,0.00952380952381,0.253386877762,37,37,37,1,0,0.405405405405,0.540540540541,0.0540540540541,37,326,0.244744744745,1.72412035921,17.6216216216,14.8181818182,9.31428571429,4.54209540087,0.257756947596,0.124357486321,8.8532412076,1.00481571988,0.536892720942,8.04790461976,0.913412487519,0.478030177417,0.635328361561,0.368494205273,2,1.72412035921,0.635328361561,2,0.291444364724,0.29661164205,569,0.0732303732304,0.552327226203,37,37,37,1,0,0.405405405405,0.540540540541,0.0540540540541,-16,-0.012012012012,-0.00116845890808,-0.864864864865,-0.727272727273,-0.457142857143,-0.82561475452,-0.0326016426816,-0.018285156322,-0.655250334778,-0.0238807335343,-0.00759913933953,-0.00540872667334,0.042147593314,0.0161999261127,-0.0052712087652,-0.00280569744477,0,-0.00116845890808,-0.0052712087652,0,-0.0526270295233,-0.0799573956065,-241,-0.0310167310167,-0.0172496021469,0,0,0,319,7,23,983,0.932748538012,0.992929292929,0.00707070707071,0.0672514619883,0.978527607362,0.932748538012,0.955089820359,0.940551808588,0.925677830941,0.914040114613,121,137,0,0,0,0
2547,WLNM_dir_neg,0.95091640471,0.728667002504,00:00:04,10,60,33,1238529968,threshold_sweep,0.9,0.941666666667,0.824817518248,0.879377431907,113,7,24,267,0.824817518248,0.974452554745,0.0255474452555,0.175182481752,0.941666666667,0.824817518248,0.879377431907,0.924574209246,0.569343065693,0.824858757062,0.828689811765,0.799270072993,342,205,137,0,342,0,205,0,137,37,342,0.256756756757,1.72528881811,18.4864864865,15.5454545455,9.77142857143,5.36771015539,0.290358590277,0.142642642643,9.50849154237,1.02869645341,0.544491860281,8.05331334643,0.871264894205,0.461830251304,0.640599570326,0.371299902718,2,1.72528881811,0.640599570326,2,0.344071394247,0.376569037657,810,0.104247104247,0.56957682835,37,37,37,1,0,0.405405405405,0.540540540541,0.0540540540541,37,0.153903903904,1.8037531823,11.0810810811,9.31818181818,5.85714285714,4.13909798533,0.373528354773,0.207119314436,6.13548238887,1.10737974824,0.588529993408,4.90801269238,0.885836437162,0.472775214239,0.72699899672,0.403047935745,2,1.8037531823,0.72699899672,2,0.141858911596,0.0941076727427,74,0.00952380952381,0.253386877762,37,37,37,1,0,0.405405405405,0.540540540541,0.0540540540541,37,325,0.243993993994,1.72293962444,17.5675675676,14.7727272727,9.28571428571,4.51872979043,0.257220003455,0.124241164241,8.81959666228,1.00407715847,0.536216216216,8.06961080961,0.91869415371,0.480166320166,0.634154463708,0.368065400964,2,1.72293962444,0.634154463708,2,0.285498796797,0.290136411333,553,0.0711711711712,0.55433406968,37,37,37,1,0,0.405405405405,0.540540540541,0.0540540540541,-17,-0.0127627627628,-0.00234919367147,-0.918918918919,-0.772727272727,-0.485714285714,-0.848980364963,-0.0331385868219,-0.0184014784015,-0.688894880096,-0.02461929494,-0.00827564406512,0.0162974631785,0.0474292595049,0.0183360688624,-0.00644510661841,-0.00323450175367,0,-0.00234919367147,-0.00644510661841,0,-0.0585725974503,-0.0864326263243,-257,-0.0330759330759,-0.0152427586696,0,0,0,318,7,24,983,0.929824561404,0.992929292929,0.00707070707071,0.0701754385965,0.978461538462,0.929824561404,0.953523238381,0.938555809987,0.922753854333,0.9111747851,120,137,0,0,0,0
2548,WLNM_dir_neg,0.883331557355,0.538756146104,00:00:05,10,60,34,1238529969,threshold_sweep,0.1,0.914285714286,0.700729927007,0.793388429752,96,9,41,265,0.700729927007,0.967153284672,0.0328467153285,0.299270072993,0.914285714286,0.700729927007,0.793388429752,0.878345498783,0.581508515815,0.709302325581,0.721906129205,0.667883211679,342,205,137,0,342,0,205,0,137,37,342,0.256756756757,1.72528881811,18.4864864865,15.5454545455,9.77142857143,5.36771015539,0.290358590277,0.142642642643,9.50849154237,1.02869645341,0.544491860281,8.05331334643,0.871264894205,0.461830251304,0.640599570326,0.371299902718,2,1.72528881811,0.640599570326,2,0.344071394247,0.376569037657,810,0.104247104247,0.56957682835,37,37,37,1,0,0.405405405405,0.540540540541,0.0540540540541,37,0.153903903904,1.81042021726,11.0810810811,9.31818181818,5.85714285714,4.19244279348,0.378342398436,0.211074489123,6.17609457053,1.11470975175,0.59195781147,4.9418540976,0.891944398103,0.476203032301,0.739862804551,0.408669102066,2.13113677536,1.81042021726,0.739862804551,2.13113677536,0.150278466223,0.0949367088608,75,0.00965250965251,0.255159092713,37,37,37,1,0,0.405405405405,0.540540540541,0.0540540540541,37,310,0.232732732733,2.51190143079,16.7567567568,12.4,8.85714285714,5.10122755055,0.304428095759,0.152920662598,8.63246891217,1.03032693468,0.550828247602,7.38373344044,0.881284313859,0.468177855275,1.29335949037,0.514892612631,4.67057808238,2.51190143079,1.29335949037,4.67057808238,0.28863844828,0.28998849252,504,0.0648648648649,0.385075654396,37,37,37,1,0,0.324324324324,0.621621621622,0.0540540540541,-32,-0.024024024024,0.786612612676,-1.72972972973,-3.14545454545,-0.914285714286,-0.26648260484,0.0140695054817,0.0102780199554,-0.876022630208,0.00163048126312,0.00633638732111,-0.669579905991,0.0100194196545,0.00634760397069,0.652759920046,0.143592709913,2.67057808238,0.786612612676,0.652759920046,2.67057808238,-0.0554329459677,-0.0865805451368,-306,-0.0393822393822,-0.184501173953,-0.0810810810811,0.0810810810811,0,301,9,41,981,0.880116959064,0.990909090909,0.00909090909091,0.119883040936,0.970967741935,0.880116959064,0.923312883436,0.90044149271,0.871026049973,0.85754985755,105,137,0,0,0,0
2549,WLNM_dir_neg,0.883331557355,0.538756146104,00:00:05,10,60,34,1238529969,threshold_sweep,0.2,0.922330097087,0.693430656934,0.791666666667,95,8,42,266,0.693430656934,0.970802919708,0.029197080292,0.306569343066,0.922330097087,0.693430656934,0.791666666667,0.878345498783,0.583130575831,0.708171206226,0.722540873119,0.664233576642,342,205,137,0,342,0,205,0,137,37,342,0.256756756757,1.72528881811,18.4864864865,15.5454545455,9.77142857143,5.36771015539,0.290358590277,0.142642642643,9.50849154237,1.02869645341,0.544491860281,8.05331334643,0.871264894205,0.461830251304,0.640599570326,0.371299902718,2,1.72528881811,0.640599570326,2,0.344071394247,0.376569037657,810,0.104247104247,0.56957682835,37,37,37,1,0,0.405405405405,0.540540540541,0.0540540540541,37,0.153903903904,1.81042021726,11.0810810811,9.31818181818,5.85714285714,4.19244279348,0.378342398436,0.211074489123,6.17609457053,1.11470975175,0.59195781147,4.9418540976,0.891944398103,0.476203032301,0.739862804551,0.408669102066,2.13113677536,1.81042021726,0.739862804551,2.13113677536,0.150278466223,0.0949367088608,75,0.00965250965251,0.255159092713,37,37,37,1,0,0.405405405405,0.540540540541,0.0540540540541,37,308,0.231231231231,2.16978075315,16.6486486486,12.8333333333,8.8,5.06741341107,0.304373857483,0.152070902071,8.6250734427,1.03612895253,0.553176553177,7.36377791797,0.884609684951,0.469989469989,0.947954425255,0.436889498573,3.00445717193,2.16978075315,0.947954425255,3.00445717193,0.288024095034,0.289818742769,501,0.0644787644788,0.40793407263,37,37,37,1,0,0.351351351351,0.594594594595,0.0540540540541,-34,-0.0255255255255,0.444491935032,-1.83783783784,-2.71212121212,-0.971428571429,-0.300296744325,0.0140152672059,0.00942825942826,-0.883418099679,0.0074324991168,0.00868469289522,-0.689535428461,0.0133447907464,0.00815921868553,0.307354854929,0.065589595855,1.00445717193,0.444491935032,0.307354854929,1.00445717193,-0.0560472992136,-0.0867502948879,-309,-0.0397683397683,-0.16164275572,-0.0540540540541,0.0540540540541,0,300,8,42,982,0.877192982456,0.991919191919,0.00808080808081,0.122807017544,0.974025974026,0.877192982456,0.923076923077,0.900494671365,0.869112174375,0.857142857143,103,137,0,0,0,0
2550,WLNM_dir_neg,0.883331557355,0.538756146104,00:00:05,10,60,34,1238529969,threshold_sweep,0.3,0.93137254902,0.693430656934,0.794979079498,95,7,42,267,0.693430656934,0.974452554745,0.0255474452555,0.306569343066,0.93137254902,0.693430656934,0.794979079498,0.880778588808,0.583941605839,0.713450292398,0.728881229656,0.667883211679,342,205,137,0,342,0,205,0,137,37,342,0.256756756757,1.72528881811,18.4864864865,15.5454545455,9.77142857143,5.36771015539,0.290358590277,0.142642642643,9.50849154237,1.02869645341,0.544491860281,8.05331334643,0.871264894205,0.461830251304,0.640599570326,0.371299902718,2,1.72528881811,0.640599570326,2,0.344071394247,0.376569037657,810,0.104247104247,0.56957682835,37,37,37,1,0,0.405405405405,0.540540540541,0.0540540540541,37,0.153903903904,1.81042021726,11.0810810811,9.31818181818,5.85714285714,4.19244279348,0.378342398436,0.211074489123,6.17609457053,1.11470975175,0.59195781147,4.9418540976,0.891944398103,0.476203032301,0.739862804551,0.408669102066,2.13113677536,1.81042021726,0.739862804551,2.13113677536,0.150278466223,0.0949367088608,75,0.00965250965251,0.255159092713,37,37,37,1,0,0.405405405405,0.540540540541,0.0540540540541,37,307,0.23048048048,2.00994885915,16.5945945946,13.347826087,8.77142857143,5.03575802227,0.303457730984,0.15186195968,8.65019224213,1.04253131257,0.555858790386,7.37813912426,0.889221979145,0.471520380315,0.884658109142,0.440139611072,2.98673707099,2.00994885915,0.884658109142,2.98673707099,0.28704038244,0.288349514563,495,0.0637065637066,0.440195057314,37,37,37,1,0,0.378378378378,0.567567567568,0.0540540540541,-35,-0.0262762762763,0.284660041038,-1.89189189189,-2.1976284585,-1,-0.331952133123,0.0130991407066,0.00921931703691,-0.858299300244,0.0138348591547,0.0113669301051,-0.675174222174,0.0179570849405,0.00969012901123,0.244058538816,0.068839708354,0.986737070986,0.284660041038,0.244058538816,0.986737070986,-0.0570310118072,-0.0882195230938,-315,-0.0405405405405,-0.129381771036,-0.027027027027,0.027027027027,0,300,7,42,983,0.877192982456,0.992929292929,0.00707070707071,0.122807017544,0.977198697068,0.877192982456,0.924499229584,0.902567760891,0.870122275385,0.859598853868,102,137,0,0,0,0
2551,WLNM_dir_neg,0.883331557355,0.538756146104,00:00:05,10,60,34,1238529969,threshold_sweep,0.4,0.95,0.693430656934,0.801687763713,95,5,42,269,0.693430656934,0.981751824818,0.0182481751825,0.306569343066,0.95,0.693430656934,0.801687763713,0.885644768856,0.585563665856,0.724070450098,0.741782419282,0.675182481752,342,205,137,0,342,0,205,0,137,37,342,0.256756756757,1.72528881811,18.4864864865,15.5454545455,9.77142857143,5.36771015539,0.290358590277,0.142642642643,9.50849154237,1.02869645341,0.544491860281,8.05331334643,0.871264894205,0.461830251304,0.640599570326,0.371299902718,2,1.72528881811,0.640599570326,2,0.344071394247,0.376569037657,810,0.104247104247,0.56957682835,37,37,37,1,0,0.405405405405,0.540540540541,0.0540540540541,37,0.153903903904,1.81042021726,11.0810810811,9.31818181818,5.85714285714,4.19244279348,0.378342398436,0.211074489123,6.17609457053,1.11470975175,0.59195781147,4.9418540976,0.891944398103,0.476203032301,0.739862804551,0.408669102066,2.13113677536,1.81042021726,0.739862804551,2.13113677536,0.150278466223,0.0949367088608,75,0.00965250965251,0.255159092713,37,37,37,1,0,0.405405405405,0.540540540541,0.0540540540541,37,305,0.228978978979,1.99302301516,16.4864864865,13.2608695652,8.71428571429,5.14577292338,0.31212065273,0.155693398316,8.63264284692,1.04723864045,0.55684536996,7.4102234387,0.898945138465,0.474612317235,0.869275296834,0.436159186432,2.98607512801,1.99302301516,0.869275296834,2.98607512801,0.294668634805,0.287196554424,489,0.0629343629344,0.440326741216,37,37,37,1,0,0.378378378378,0.567567567568,0.0540540540541,-37,-0.0277777777778,0.267734197048,-2,-2.28458498024,-1.05714285714,-0.221937232014,0.0217620624524,0.0130507556737,-0.875848695452,0.0185421870315,0.0123535096788,-0.643089907737,0.02768024426,0.0127820659313,0.228675726507,0.0648592837142,0.986075128009,0.267734197048,0.228675726507,0.986075128009,-0.0494027594422,-0.0893724832325,-321,-0.0413127413127,-0.129250087134,-0.027027027027,0.027027027027,0,300,5,42,985,0.877192982456,0.994949494949,0.00505050505051,0.122807017544,0.983606557377,0.877192982456,0.927357032457,0.906740361976,0.872142477406,0.864553314121,100,137,0,0,0,0
2552,WLNM_dir_neg,0.883331557355,0.538756146104,00:00:05,10,60,34,1238529969,threshold_sweep,0.5,0.95,0.693430656934,0.801687763713,95,5,42,269,0.693430656934,0.981751824818,0.0182481751825,0.306569343066,0.95,0.693430656934,0.801687763713,0.885644768856,0.585563665856,0.724070450098,0.741782419282,0.675182481752,342,205,137,0,342,0,205,0,137,37,342,0.256756756757,1.72528881811,18.4864864865,15.5454545455,9.77142857143,5.36771015539,0.290358590277,0.142642642643,9.50849154237,1.02869645341,0.544491860281,8.05331334643,0.871264894205,0.461830251304,0.640599570326,0.371299902718,2,1.72528881811,0.640599570326,2,0.344071394247,0.376569037657,810,0.104247104247,0.56957682835,37,37,37,1,0,0.405405405405,0.540540540541,0.0540540540541,37,0.153903903904,1.81042021726,11.0810810811,9.31818181818,5.85714285714,4.19244279348,0.378342398436,0.211074489123,6.17609457053,1.11470975175,0.59195781147,4.9418540976,0.891944398103,0.476203032301,0.739862804551,0.408669102066,2.13113677536,1.81042021726,0.739862804551,2.13113677536,0.150278466223,0.0949367088608,75,0.00965250965251,0.255159092713,37,37,37,1,0,0.405405405405,0.540540540541,0.0540540540541,37,305,0.228978978979,1.99302301516,16.4864864865,13.2608695652,8.71428571429,5.14577292338,0.31212065273,0.155693398316,8.63264284692,1.04723864045,0.55684536996,7.4102234387,0.898945138465,0.474612317235,0.869275296834,0.436159186432,2.98607512801,1.99302301516,0.869275296834,2.98607512801,0.294668634805,0.287196554424,489,0.0629343629344,0.440326741216,37,37,37,1,0,0.378378378378,0.567567567568,0.0540540540541,-37,-0.0277777777778,0.267734197048,-2,-2.28458498024,-1.05714285714,-0.221937232014,0.0217620624524,0.0130507556737,-0.875848695452,0.0185421870315,0.0123535096788,-0.643089907737,0.02768024426,0.0127820659313,0.228675726507,0.0648592837142,0.986075128009,0.267734197048,0.228675726507,0.986075128009,-0.0494027594422,-0.0893724832325,-321,-0.0413127413127,-0.129250087134,-0.027027027027,0.027027027027,0,300,5,42,985,0.877192982456,0.994949494949,0.00505050505051,0.122807017544,0.983606557377,0.877192982456,0.927357032457,0.906740361976,0.872142477406,0.864553314121,100,137,0,0,0,0
2553,WLNM_dir_neg,0.883331557355,0.538756146104,00:00:05,10,60,34,1238529969,threshold_sweep,0.6,0.95,0.693430656934,0.801687763713,95,5,42,269,0.693430656934,0.981751824818,0.0182481751825,0.306569343066,0.95,0.693430656934,0.801687763713,0.885644768856,0.585563665856,0.724070450098,0.741782419282,0.675182481752,342,205,137,0,342,0,205,0,137,37,342,0.256756756757,1.72528881811,18.4864864865,15.5454545455,9.77142857143,5.36771015539,0.290358590277,0.142642642643,9.50849154237,1.02869645341,0.544491860281,8.05331334643,0.871264894205,0.461830251304,0.640599570326,0.371299902718,2,1.72528881811,0.640599570326,2,0.344071394247,0.376569037657,810,0.104247104247,0.56957682835,37,37,37,1,0,0.405405405405,0.540540540541,0.0540540540541,37,0.153903903904,1.81042021726,11.0810810811,9.31818181818,5.85714285714,4.19244279348,0.378342398436,0.211074489123,6.17609457053,1.11470975175,0.59195781147,4.9418540976,0.891944398103,0.476203032301,0.739862804551,0.408669102066,2.13113677536,1.81042021726,0.739862804551,2.13113677536,0.150278466223,0.0949367088608,75,0.00965250965251,0.255159092713,37,37,37,1,0,0.405405405405,0.540540540541,0.0540540540541,37,305,0.228978978979,1.99302301516,16.4864864865,13.2608695652,8.71428571429,5.14577292338,0.31212065273,0.155693398316,8.63264284692,1.04723864045,0.55684536996,7.4102234387,0.898945138465,0.474612317235,0.869275296834,0.436159186432,2.98607512801,1.99302301516,0.869275296834,2.98607512801,0.294668634805,0.287196554424,489,0.0629343629344,0.440326741216,37,37,37,1,0,0.378378378378,0.567567567568,0.0540540540541,-37,-0.0277777777778,0.267734197048,-2,-2.28458498024,-1.05714285714,-0.221937232014,0.0217620624524,0.0130507556737,-0.875848695452,0.0185421870315,0.0123535096788,-0.643089907737,0.02768024426,0.0127820659313,0.228675726507,0.0648592837142,0.986075128009,0.267734197048,0.228675726507,0.986075128009,-0.0494027594422,-0.0893724832325,-321,-0.0413127413127,-0.129250087134,-0.027027027027,0.027027027027,0,300,5,42,985,0.877192982456,0.994949494949,0.00505050505051,0.122807017544,0.983606557377,0.877192982456,0.927357032457,0.906740361976,0.872142477406,0.864553314121,100,137,0,0,0,0
2554,WLNM_dir_neg,0.883331557355,0.538756146104,00:00:05,10,60,34,1238529969,threshold_sweep,0.7,0.959595959596,0.693430656934,0.805084745763,95,4,42,270,0.693430656934,0.985401459854,0.014598540146,0.306569343066,0.959595959596,0.693430656934,0.805084745763,0.888077858881,0.586374695864,0.729411764706,0.748347051857,0.678832116788,342,205,137,0,342,0,205,0,137,37,342,0.256756756757,1.72528881811,18.4864864865,15.5454545455,9.77142857143,5.36771015539,0.290358590277,0.142642642643,9.50849154237,1.02869645341,0.544491860281,8.05331334643,0.871264894205,0.461830251304,0.640599570326,0.371299902718,2,1.72528881811,0.640599570326,2,0.344071394247,0.376569037657,810,0.104247104247,0.56957682835,37,37,37,1,0,0.405405405405,0.540540540541,0.0540540540541,37,0.153903903904,1.81042021726,11.0810810811,9.31818181818,5.85714285714,4.19244279348,0.378342398436,0.211074489123,6.17609457053,1.11470975175,0.59195781147,4.9418540976,0.891944398103,0.476203032301,0.739862804551,0.408669102066,2.13113677536,1.81042021726,0.739862804551,2.13113677536,0.150278466223,0.0949367088608,75,0.00965250965251,0.255159092713,37,37,37,1,0,0.405405405405,0.540540540541,0.0540540540541,37,304,0.228228228228,1.90022595552,16.4324324324,13.2173913043,8.68571428571,5.19369564708,0.316063715365,0.158605974395,8.65427041387,1.05331580695,0.559032716927,7.42793202541,0.904057516251,0.476173541963,0.762962126061,0.401511264409,2.590491218,1.90022595552,0.762962126061,2.590491218,0.294668634805,0.287196554424,489,0.0629343629344,0.440527819528,37,37,37,1,0,0.378378378378,0.567567567568,0.0540540540541,-38,-0.0285285285285,0.174937137401,-2.05405405405,-2.32806324111,-1.08571428571,-0.174014508316,0.0257051250878,0.0159633317528,-0.854221128504,0.0246193535366,0.0145408566461,-0.62538132102,0.0327926220462,0.0143432906591,0.122362555735,0.030211361691,0.590491217995,0.174937137401,0.122362555735,0.590491217995,-0.0494027594422,-0.0893724832325,-321,-0.0413127413127,-0.129049008822,-0.027027027027,0.027027027027,0,300,4,42,986,0.877192982456,0.99595959596,0.0040404040404,0.122807017544,0.986842105263,0.877192982456,0.928792569659,0.908840018802,0.873152578416,0.867052023121,99,137,0,0,0,0
2555,WLNM_dir_neg,0.883331557355,0.538756146104,00:00:05,10,60,34,1238529969,threshold_sweep,0.8,0.969387755102,0.693430656934,0.808510638298,95,3,42,271,0.693430656934,0.989051094891,0.0109489051095,0.306569343066,0.969387755102,0.693430656934,0.808510638298,0.890510948905,0.587185725872,0.734774066798,0.754990352447,0.682481751825,342,205,137,0,342,0,205,0,137,37,342,0.256756756757,1.72528881811,18.4864864865,15.5454545455,9.77142857143,5.36771015539,0.290358590277,0.142642642643,9.50849154237,1.02869645341,0.544491860281,8.05331334643,0.871264894205,0.461830251304,0.640599570326,0.371299902718,2,1.72528881811,0.640599570326,2,0.344071394247,0.376569037657,810,0.104247104247,0.56957682835,37,37,37,1,0,0.405405405405,0.540540540541,0.0540540540541,37,0.153903903904,1.81042021726,11.0810810811,9.31818181818,5.85714285714,4.19244279348,0.378342398436,0.211074489123,6.17609457053,1.11470975175,0.59195781147,4.9418540976,0.891944398103,0.476203032301,0.739862804551,0.408669102066,2.13113677536,1.81042021726,0.739862804551,2.13113677536,0.150278466223,0.0949367088608,75,0.00965250965251,0.255159092713,37,37,37,1,0,0.405405405405,0.540540540541,0.0540540540541,37,303,0.227477477477,1.73672396384,16.3783783784,13.7727272727,8.65714285714,5.15510184915,0.314750442935,0.15698867184,8.67895871198,1.05980683942,0.561591294265,7.44549766204,0.909186183153,0.477566675586,0.648730676346,0.373537009826,2,1.73672396384,0.648730676346,2,0.294668634805,0.287196554424,489,0.0629343629344,0.481528501277,37,37,37,1,0,0.405405405405,0.540540540541,0.0540540540541,-39,-0.0292792792793,0.0114351457263,-2.10810810811,-1.77272727273,-1.11428571429,-0.212608306247,0.0243918526576,0.0143460291975,-0.829532830391,0.0311103860024,0.0170994339832,-0.607815684395,0.0379212889485,0.0157364242825,0.00813110602032,0.00223710710824,0,0.0114351457263,0.00813110602032,0,-0.0494027594422,-0.0893724832325,-321,-0.0413127413127,-0.0880483270728,0,0,0,300,3,42,987,0.877192982456,0.99696969697,0.0030303030303,0.122807017544,0.990099009901,0.877192982456,0.93023255814,0.910948678043,0.874162679426,0.869565217391,98,137,0,0,0,0
2556,WLNM_dir_neg,0.883331557355,0.538756146104,00:00:05,10,60,34,1238529969,threshold_sweep,0.9,0.969387755102,0.693430656934,0.808510638298,95,3,42,271,0.693430656934,0.989051094891,0.0109489051095,0.306569343066,0.969387755102,0.693430656934,0.808510638298,0.890510948905,0.587185725872,0.734774066798,0.754990352447,0.682481751825,342,205,137,0,342,0,205,0,137,37,342,0.256756756757,1.72528881811,18.4864864865,15.5454545455,9.77142857143,5.36771015539,0.290358590277,0.142642642643,9.50849154237,1.02869645341,0.544491860281,8.05331334643,0.871264894205,0.461830251304,0.640599570326,0.371299902718,2,1.72528881811,0.640599570326,2,0.344071394247,0.376569037657,810,0.104247104247,0.56957682835,37,37,37,1,0,0.405405405405,0.540540540541,0.0540540540541,37,0.153903903904,1.81042021726,11.0810810811,9.31818181818,5.85714285714,4.19244279348,0.378342398436,0.211074489123,6.17609457053,1.11470975175,0.59195781147,4.9418540976,0.891944398103,0.476203032301,0.739862804551,0.408669102066,2.13113677536,1.81042021726,0.739862804551,2.13113677536,0.150278466223,0.0949367088608,75,0.00965250965251,0.255159092713,37,37,37,1,0,0.405405405405,0.540540540541,0.0540540540541,37,303,0.227477477477,1.73672396384,16.3783783784,13.7727272727,8.65714285714,5.15510184915,0.314750442935,0.15698867184,8.67895871198,1.05980683942,0.561591294265,7.44549766204,0.909186183153,0.477566675586,0.648730676346,0.373537009826,2,1.73672396384,0.648730676346,2,0.294668634805,0.287196554424,489,0.0629343629344,0.481528501277,37,37,37,1,0,0.405405405405,0.540540540541,0.0540540540541,-39,-0.0292792792793,0.0114351457263,-2.10810810811,-1.77272727273,-1.11428571429,-0.212608306247,0.0243918526576,0.0143460291975,-0.829532830391,0.0311103860024,0.0170994339832,-0.607815684395,0.0379212889485,0.0157364242825,0.00813110602032,0.00223710710824,0,0.0114351457263,0.00813110602032,0,-0.0494027594422,-0.0893724832325,-321,-0.0413127413127,-0.0880483270728,0,0,0,300,3,42,987,0.877192982456,0.99696969697,0.0030303030303,0.122807017544,0.990099009901,0.877192982456,0.93023255814,0.910948678043,0.874162679426,0.869565217391,98,137,0,0,0,0
2557,WLNM_dir_neg,0.971095956098,0.945984538851,00:00:04,10,60,35,1238529970,threshold_sweep,0.1,0.964601769912,0.795620437956,0.872,109,4,28,270,0.795620437956,0.985401459854,0.014598540146,0.204379562044,0.964601769912,0.795620437956,0.872,0.922141119221,0.57502027575,0.81679389313,0.824615363136,0.78102189781,342,205,137,0,342,0,205,0,137,37,342,0.256756756757,1.72528881811,18.4864864865,15.5454545455,9.77142857143,5.36771015539,0.290358590277,0.142642642643,9.50849154237,1.02869645341,0.544491860281,8.05331334643,0.871264894205,0.461830251304,0.640599570326,0.371299902718,2,1.72528881811,0.640599570326,2,0.344071394247,0.376569037657,810,0.104247104247,0.56957682835,37,37,37,1,0,0.405405405405,0.540540540541,0.0540540540541,37,0.153903903904,1.79901754093,11.0810810811,9.31818181818,5.85714285714,4.09863377222,0.369876706274,0.206855636124,6.0945995885,1.10000090134,0.583520105471,4.95868819231,0.894982746905,0.472511535926,0.72624852825,0.403691743813,2.07685612366,1.79901754093,0.72624852825,2.07685612366,0.119744938863,0.0905227369316,71,0.00913770913771,0.258756870463,37,37,37,1,0,0.405405405405,0.540540540541,0.0540540540541,37,318,0.238738738739,1.71957567235,17.1891891892,14.4545454545,9.08571428571,4.7948921772,0.278948129806,0.135135135135,8.72244696637,1.01487590489,0.540880503145,8.01546927807,0.932617494619,0.488526262111,0.631899010037,0.367473801938,2,1.71957567235,0.631899010037,2,0.287339840469,0.282224247949,516,0.0664092664093,0.549035656127,37,37,37,1,0,0.405405405405,0.540540540541,0.0540540540541,-24,-0.018018018018,-0.00571314576719,-1.2972972973,-1.09090909091,-0.685714285714,-0.572817978191,-0.0114104604714,-0.00750750750751,-0.786044576008,-0.0138205485231,-0.00361135713668,-0.0378440683603,0.0613526004138,0.0266960108072,-0.00870056028891,-0.00382610078006,0,-0.00571314576719,-0.00870056028891,0,-0.0567315537779,-0.094344789708,-294,-0.0378378378378,-0.0205411722227,0,0,0,314,4,28,986,0.918128654971,0.99595959596,0.0040404040404,0.0818713450292,0.987421383648,0.918128654971,0.951515151515,0.936669199784,0.91408825093,0.907514450867,113,137,0,0,0,0
2558,WLNM_dir_neg,0.971095956098,0.945984538851,00:00:04,10,60,35,1238529970,threshold_sweep,0.2,0.963963963964,0.78102189781,0.862903225806,107,4,30,270,0.78102189781,0.985401459854,0.014598540146,0.21897810219,0.963963963964,0.78102189781,0.862903225806,0.917274939173,0.576642335766,0.804597701149,0.813733471207,0.766423357664,342,205,137,0,342,0,205,0,137,37,342,0.256756756757,1.72528881811,18.4864864865,15.5454545455,9.77142857143,5.36771015539,0.290358590277,0.142642642643,9.50849154237,1.02869645341,0.544491860281,8.05331334643,0.871264894205,0.461830251304,0.640599570326,0.371299902718,2,1.72528881811,0.640599570326,2,0.344071394247,0.376569037657,810,0.104247104247,0.56957682835,37,37,37,1,0,0.405405405405,0.540540540541,0.0540540540541,37,0.153903903904,1.79901754093,11.0810810811,9.31818181818,5.85714285714,4.09863377222,0.369876706274,0.206855636124,6.0945995885,1.10000090134,0.583520105471,4.95868819231,0.894982746905,0.472511535926,0.72624852825,0.403691743813,2.07685612366,1.79901754093,0.72624852825,2.07685612366,0.119744938863,0.0905227369316,71,0.00913770913771,0.258756870463,37,37,37,1,0,0.405405405405,0.540540540541,0.0540540540541,37,316,0.237237237237,1.71958031012,17.0810810811,14.3636363636,9.02857142857,4.75732405162,0.278514224541,0.135135135135,8.63646852531,1.01123207417,0.539001026343,7.9777280064,0.934101064041,0.490078686281,0.631719207979,0.367368249254,2,1.71958031012,0.631719207979,2,0.27300136528,0.280487804878,506,0.0651222651223,0.544935377691,37,37,37,1,0,0.405405405405,0.540540540541,0.0540540540541,-26,-0.0195195195195,-0.00570850799752,-1.40540540541,-1.18181818182,-0.742857142857,-0.610386103772,-0.011844365736,-0.00750750750751,-0.872023017069,-0.0174643792493,-0.00549083393854,-0.0755853400314,0.062836169836,0.0282484349773,-0.00888036234724,-0.00393165346412,0,-0.00570850799752,-0.00888036234724,0,-0.0710700289678,-0.0960812327789,-304,-0.0391248391248,-0.0246414506588,0,0,0,312,4,30,986,0.912280701754,0.99595959596,0.0040404040404,0.0877192982456,0.987341772152,0.912280701754,0.948328267477,0.932697950066,0.908240297714,0.901734104046,111,137,0,0,0,0
2559,WLNM_dir_neg,0.971095956098,0.945984538851,00:00:04,10,60,35,1238529970,threshold_sweep,0.3,0.990291262136,0.744525547445,0.85,102,1,35,273,0.744525547445,0.996350364964,0.0036496350365,0.255474452555,0.990291262136,0.744525547445,0.85,0.912408759124,0.583130575831,0.789883268482,0.805910973863,0.740875912409,342,205,137,0,342,0,205,0,137,37,342,0.256756756757,1.72528881811,18.4864864865,15.5454545455,9.77142857143,5.36771015539,0.290358590277,0.142642642643,9.50849154237,1.02869645341,0.544491860281,8.05331334643,0.871264894205,0.461830251304,0.640599570326,0.371299902718,2,1.72528881811,0.640599570326,2,0.344071394247,0.376569037657,810,0.104247104247,0.56957682835,37,37,37,1,0,0.405405405405,0.540540540541,0.0540540540541,37,0.153903903904,1.79901754093,11.0810810811,9.31818181818,5.85714285714,4.09863377222,0.369876706274,0.206855636124,6.0945995885,1.10000090134,0.583520105471,4.95868819231,0.894982746905,0.472511535926,0.72624852825,0.403691743813,2.07685612366,1.79901754093,0.72624852825,2.07685612366,0.119744938863,0.0905227369316,71,0.00913770913771,0.258756870463,37,37,37,1,0,0.405405405405,0.540540540541,0.0540540540541,37,308,0.231231231231,1.71624648816,16.6486486486,14,8.8,4.56567030625,0.274236690473,0.130923130923,8.37673383066,1.00629594719,0.533696033696,7.89533636626,0.94846573231,0.495085995086,0.628786286186,0.366372948481,2,1.71624648816,0.628786286186,2,0.25638826193,0.262006196747,451,0.0580437580438,0.53529053253,37,37,37,1,0,0.405405405405,0.540540540541,0.0540540540541,-34,-0.0255255255255,-0.00904232995778,-1.83783783784,-1.54545454545,-0.971428571429,-0.802039849146,-0.0161218998045,-0.0117195117195,-1.13175771172,-0.0224005062255,-0.0107958265853,-0.157976980177,0.0772008381052,0.0332557437821,-0.0118132841404,-0.00492695423707,0,-0.00904232995778,-0.0118132841404,0,-0.0876831323174,-0.11456284091,-359,-0.0462033462033,-0.0342862958194,0,0,0,307,1,35,989,0.897660818713,0.99898989899,0.0010101010101,0.102339181287,0.996753246753,0.897660818713,0.944615384615,0.929027595256,0.896650717703,0.895043731778,103,137,0,0,0,0
2560,WLNM_dir_neg,0.971095956098,0.945984538851,00:00:04,10,60,35,1238529970,threshold_sweep,0.4,0.990291262136,0.744525547445,0.85,102,1,35,273,0.744525547445,0.996350364964,0.0036496350365,0.255474452555,0.990291262136,0.744525547445,0.85,0.912408759124,0.583130575831,0.789883268482,0.805910973863,0.740875912409,342,205,137,0,342,0,205,0,137,37,342,0.256756756757,1.72528881811,18.4864864865,15.5454545455,9.77142857143,5.36771015539,0.290358590277,0.142642642643,9.50849154237,1.02869645341,0.544491860281,8.05331334643,0.871264894205,0.461830251304,0.640599570326,0.371299902718,2,1.72528881811,0.640599570326,2,0.344071394247,0.376569037657,810,0.104247104247,0.56957682835,37,37,37,1,0,0.405405405405,0.540540540541,0.0540540540541,37,0.153903903904,1.79901754093,11.0810810811,9.31818181818,5.85714285714,4.09863377222,0.369876706274,0.206855636124,6.0945995885,1.10000090134,0.583520105471,4.95868819231,0.894982746905,0.472511535926,0.72624852825,0.403691743813,2.07685612366,1.79901754093,0.72624852825,2.07685612366,0.119744938863,0.0905227369316,71,0.00913770913771,0.258756870463,37,37,37,1,0,0.405405405405,0.540540540541,0.0540540540541,37,308,0.231231231231,1.71624648816,16.6486486486,14,8.8,4.56567030625,0.274236690473,0.130923130923,8.37673383066,1.00629594719,0.533696033696,7.89533636626,0.94846573231,0.495085995086,0.628786286186,0.366372948481,2,1.71624648816,0.628786286186,2,0.25638826193,0.262006196747,451,0.0580437580438,0.53529053253,37,37,37,1,0,0.405405405405,0.540540540541,0.0540540540541,-34,-0.0255255255255,-0.00904232995778,-1.83783783784,-1.54545454545,-0.971428571429,-0.802039849146,-0.0161218998045,-0.0117195117195,-1.13175771172,-0.0224005062255,-0.0107958265853,-0.157976980177,0.0772008381052,0.0332557437821,-0.0118132841404,-0.00492695423707,0,-0.00904232995778,-0.0118132841404,0,-0.0876831323174,-0.11456284091,-359,-0.0462033462033,-0.0342862958194,0,0,0,307,1,35,989,0.897660818713,0.99898989899,0.0010101010101,0.102339181287,0.996753246753,0.897660818713,0.944615384615,0.929027595256,0.896650717703,0.895043731778,103,137,0,0,0,0
2561,WLNM_dir_neg,0.971095956098,0.945984538851,00:00:04,10,60,35,1238529970,threshold_sweep,0.5,0.990291262136,0.744525547445,0.85,102,1,35,273,0.744525547445,0.996350364964,0.0036496350365,0.255474452555,0.990291262136,0.744525547445,0.85,0.912408759124,0.583130575831,0.789883268482,0.805910973863,0.740875912409,342,205,137,0,342,0,205,0,137,37,342,0.256756756757,1.72528881811,18.4864864865,15.5454545455,9.77142857143,5.36771015539,0.290358590277,0.142642642643,9.50849154237,1.02869645341,0.544491860281,8.05331334643,0.871264894205,0.461830251304,0.640599570326,0.371299902718,2,1.72528881811,0.640599570326,2,0.344071394247,0.376569037657,810,0.104247104247,0.56957682835,37,37,37,1,0,0.405405405405,0.540540540541,0.0540540540541,37,0.153903903904,1.79901754093,11.0810810811,9.31818181818,5.85714285714,4.09863377222,0.369876706274,0.206855636124,6.0945995885,1.10000090134,0.583520105471,4.95868819231,0.894982746905,0.472511535926,0.72624852825,0.403691743813,2.07685612366,1.79901754093,0.72624852825,2.07685612366,0.119744938863,0.0905227369316,71,0.00913770913771,0.258756870463,37,37,37,1,0,0.405405405405,0.540540540541,0.0540540540541,37,308,0.231231231231,1.71624648816,16.6486486486,14,8.8,4.56567030625,0.274236690473,0.130923130923,8.37673383066,1.00629594719,0.533696033696,7.89533636626,0.94846573231,0.495085995086,0.628786286186,0.366372948481,2,1.71624648816,0.628786286186,2,0.25638826193,0.262006196747,451,0.0580437580438,0.53529053253,37,37,37,1,0,0.405405405405,0.540540540541,0.0540540540541,-34,-0.0255255255255,-0.00904232995778,-1.83783783784,-1.54545454545,-0.971428571429,-0.802039849146,-0.0161218998045,-0.0117195117195,-1.13175771172,-0.0224005062255,-0.0107958265853,-0.157976980177,0.0772008381052,0.0332557437821,-0.0118132841404,-0.00492695423707,0,-0.00904232995778,-0.0118132841404,0,-0.0876831323174,-0.11456284091,-359,-0.0462033462033,-0.0342862958194,0,0,0,307,1,35,989,0.897660818713,0.99898989899,0.0010101010101,0.102339181287,0.996753246753,0.897660818713,0.944615384615,0.929027595256,0.896650717703,0.895043731778,103,137,0,0,0,0
2562,WLNM_dir_neg,0.971095956098,0.945984538851,00:00:04,10,60,35,1238529970,threshold_sweep,0.6,0.990099009901,0.729927007299,0.840336134454,100,1,37,273,0.729927007299,0.996350364964,0.0036496350365,0.270072992701,0.990099009901,0.729927007299,0.840336134454,0.907542579075,0.584752635848,0.77734375,0.795236938633,0.726277372263,342,205,137,0,342,0,205,0,137,37,342,0.256756756757,1.72528881811,18.4864864865,15.5454545455,9.77142857143,5.36771015539,0.290358590277,0.142642642643,9.50849154237,1.02869645341,0.544491860281,8.05331334643,0.871264894205,0.461830251304,0.640599570326,0.371299902718,2,1.72528881811,0.640599570326,2,0.344071394247,0.376569037657,810,0.104247104247,0.56957682835,37,37,37,1,0,0.405405405405,0.540540540541,0.0540540540541,37,0.153903903904,1.79901754093,11.0810810811,9.31818181818,5.85714285714,4.09863377222,0.369876706274,0.206855636124,6.0945995885,1.10000090134,0.583520105471,4.95868819231,0.894982746905,0.472511535926,0.72624852825,0.403691743813,2.07685612366,1.79901754093,0.72624852825,2.07685612366,0.119744938863,0.0905227369316,71,0.00913770913771,0.258756870463,37,37,37,1,0,0.405405405405,0.540540540541,0.0540540540541,37,306,0.22972972973,1.71753709445,16.5405405405,13.9090909091,8.74285714286,4.49440760275,0.271720721082,0.129747394453,8.29875709787,1.00344448569,0.531178237061,7.83386043847,0.947231490926,0.496202084437,0.630199378103,0.366920388584,2,1.71753709445,0.630199378103,2,0.254673147676,0.259332023576,440,0.0566280566281,0.529142012064,37,37,37,1,0,0.405405405405,0.540540540541,0.0540540540541,-36,-0.027027027027,-0.00775172366429,-1.94594594595,-1.63636363636,-1.02857142857,-0.873302552639,-0.0186378691955,-0.0128952481894,-1.20973444451,-0.0252519677252,-0.0133136232207,-0.219452907968,0.0759665967208,0.0343718331334,-0.0104001922228,-0.00437951413373,0,-0.00775172366429,-0.0104001922228,0,-0.0893982465712,-0.117237014081,-370,-0.047619047619,-0.0404348162863,0,0,0,305,1,37,989,0.891812865497,0.99898989899,0.0010101010101,0.108187134503,0.996732026144,0.891812865497,0.941358024691,0.925076849876,0.890802764487,0.889212827988,101,137,0,0,0,0
2563,WLNM_dir_neg,0.971095956098,0.945984538851,00:00:04,10,60,35,1238529970,threshold_sweep,0.7,0.990099009901,0.729927007299,0.840336134454,100,1,37,273,0.729927007299,0.996350364964,0.0036496350365,0.270072992701,0.990099009901,0.729927007299,0.840336134454,0.907542579075,0.584752635848,0.77734375,0.795236938633,0.726277372263,342,205,137,0,342,0,205,0,137,37,342,0.256756756757,1.72528881811,18.4864864865,15.5454545455,9.77142857143,5.36771015539,0.290358590277,0.142642642643,9.50849154237,1.02869645341,0.544491860281,8.05331334643,0.871264894205,0.461830251304,0.640599570326,0.371299902718,2,1.72528881811,0.640599570326,2,0.344071394247,0.376569037657,810,0.104247104247,0.56957682835,37,37,37,1,0,0.405405405405,0.540540540541,0.0540540540541,37,0.153903903904,1.79901754093,11.0810810811,9.31818181818,5.85714285714,4.09863377222,0.369876706274,0.206855636124,6.0945995885,1.10000090134,0.583520105471,4.95868819231,0.894982746905,0.472511535926,0.72624852825,0.403691743813,2.07685612366,1.79901754093,0.72624852825,2.07685612366,0.119744938863,0.0905227369316,71,0.00913770913771,0.258756870463,37,37,37,1,0,0.405405405405,0.540540540541,0.0540540540541,37,306,0.22972972973,1.71753709445,16.5405405405,13.9090909091,8.74285714286,4.49440760275,0.271720721082,0.129747394453,8.29875709787,1.00344448569,0.531178237061,7.83386043847,0.947231490926,0.496202084437,0.630199378103,0.366920388584,2,1.71753709445,0.630199378103,2,0.254673147676,0.259332023576,440,0.0566280566281,0.529142012064,37,37,37,1,0,0.405405405405,0.540540540541,0.0540540540541,-36,-0.027027027027,-0.00775172366429,-1.94594594595,-1.63636363636,-1.02857142857,-0.873302552639,-0.0186378691955,-0.0128952481894,-1.20973444451,-0.0252519677252,-0.0133136232207,-0.219452907968,0.0759665967208,0.0343718331334,-0.0104001922228,-0.00437951413373,0,-0.00775172366429,-0.0104001922228,0,-0.0893982465712,-0.117237014081,-370,-0.047619047619,-0.0404348162863,0,0,0,305,1,37,989,0.891812865497,0.99898989899,0.0010101010101,0.108187134503,0.996732026144,0.891812865497,0.941358024691,0.925076849876,0.890802764487,0.889212827988,101,137,0,0,0,0
2564,WLNM_dir_neg,0.971095956098,0.945984538851,00:00:04,10,60,35,1238529970,threshold_sweep,0.8,0.990099009901,0.729927007299,0.840336134454,100,1,37,273,0.729927007299,0.996350364964,0.0036496350365,0.270072992701,0.990099009901,0.729927007299,0.840336134454,0.907542579075,0.584752635848,0.77734375,0.795236938633,0.726277372263,342,205,137,0,342,0,205,0,137,37,342,0.256756756757,1.72528881811,18.4864864865,15.5454545455,9.77142857143,5.36771015539,0.290358590277,0.142642642643,9.50849154237,1.02869645341,0.544491860281,8.05331334643,0.871264894205,0.461830251304,0.640599570326,0.371299902718,2,1.72528881811,0.640599570326,2,0.344071394247,0.376569037657,810,0.104247104247,0.56957682835,37,37,37,1,0,0.405405405405,0.540540540541,0.0540540540541,37,0.153903903904,1.79901754093,11.0810810811,9.31818181818,5.85714285714,4.09863377222,0.369876706274,0.206855636124,6.0945995885,1.10000090134,0.583520105471,4.95868819231,0.894982746905,0.472511535926,0.72624852825,0.403691743813,2.07685612366,1.79901754093,0.72624852825,2.07685612366,0.119744938863,0.0905227369316,71,0.00913770913771,0.258756870463,37,37,37,1,0,0.405405405405,0.540540540541,0.0540540540541,37,306,0.22972972973,1.71753709445,16.5405405405,13.9090909091,8.74285714286,4.49440760275,0.271720721082,0.129747394453,8.29875709787,1.00344448569,0.531178237061,7.83386043847,0.947231490926,0.496202084437,0.630199378103,0.366920388584,2,1.71753709445,0.630199378103,2,0.254673147676,0.259332023576,440,0.0566280566281,0.529142012064,37,37,37,1,0,0.405405405405,0.540540540541,0.0540540540541,-36,-0.027027027027,-0.00775172366429,-1.94594594595,-1.63636363636,-1.02857142857,-0.873302552639,-0.0186378691955,-0.0128952481894,-1.20973444451,-0.0252519677252,-0.0133136232207,-0.219452907968,0.0759665967208,0.0343718331334,-0.0104001922228,-0.00437951413373,0,-0.00775172366429,-0.0104001922228,0,-0.0893982465712,-0.117237014081,-370,-0.047619047619,-0.0404348162863,0,0,0,305,1,37,989,0.891812865497,0.99898989899,0.0010101010101,0.108187134503,0.996732026144,0.891812865497,0.941358024691,0.925076849876,0.890802764487,0.889212827988,101,137,0,0,0,0
2565,WLNM_dir_neg,0.971095956098,0.945984538851,00:00:04,10,60,35,1238529970,threshold_sweep,0.9,0.989473684211,0.686131386861,0.810344827586,94,1,43,273,0.686131386861,0.996350364964,0.0036496350365,0.313868613139,0.989473684211,0.686131386861,0.810344827586,0.892944038929,0.589618815896,0.739130434783,0.763169955566,0.682481751825,342,205,137,0,342,0,205,0,137,37,342,0.256756756757,1.72528881811,18.4864864865,15.5454545455,9.77142857143,5.36771015539,0.290358590277,0.142642642643,9.50849154237,1.02869645341,0.544491860281,8.05331334643,0.871264894205,0.461830251304,0.640599570326,0.371299902718,2,1.72528881811,0.640599570326,2,0.344071394247,0.376569037657,810,0.104247104247,0.56957682835,37,37,37,1,0,0.405405405405,0.540540540541,0.0540540540541,37,0.153903903904,1.79901754093,11.0810810811,9.31818181818,5.85714285714,4.09863377222,0.369876706274,0.206855636124,6.0945995885,1.10000090134,0.583520105471,4.95868819231,0.894982746905,0.472511535926,0.72624852825,0.403691743813,2.07685612366,1.79901754093,0.72624852825,2.07685612366,0.119744938863,0.0905227369316,71,0.00913770913771,0.258756870463,37,37,37,1,0,0.405405405405,0.540540540541,0.0540540540541,37,300,0.225225225225,1.71827912481,16.2162162162,13.6363636364,8.57142857143,4.36612678046,0.269244484795,0.128198198198,8.14037872373,1.00398004259,0.530990990991,7.6948171005,0.949027442396,0.498558558559,0.630761616321,0.367089145886,2,1.71827912481,0.630761616321,2,0.244816512665,0.244672131148,398,0.0512226512227,0.512554021738,37,37,37,1,0,0.405405405405,0.540540540541,0.0540540540541,-42,-0.0315315315315,-0.00700969330305,-2.27027027027,-1.90909090909,-1.2,-1.00158337493,-0.021114105482,-0.0144444444444,-1.36811281864,-0.0247164108214,-0.0135008692903,-0.35849624593,0.0777625481906,0.0367283072546,-0.00983795400474,-0.00421075683151,0,-0.00700969330305,-0.00983795400474,0,-0.0992548815826,-0.131896906509,-412,-0.0530244530245,-0.057022806612,0,0,0,299,1,43,989,0.874269005848,0.99898989899,0.0010101010101,0.125730994152,0.996666666667,0.874269005848,0.931464174455,0.913215338308,0.873258904838,0.871720116618,95,137,0,0,0,0
2566,WLNM_dir_neg,0.911516330119,0.604864407601,00:00:05,10,60,36,1238529971,threshold_sweep,0.1,0.916666666667,0.722627737226,0.808163265306,99,9,38,265,0.722627737226,0.967153284672,0.0328467153285,0.277372262774,0.916666666667,0.722627737226,0.808163265306,0.885644768856,0.579075425791,0.728323699422,0.738777421967,0.689781021898,342,205,137,0,342,0,205,0,137,37,342,0.256756756757,1.72528881811,18.4864864865,15.5454545455,9.77142857143,5.36771015539,0.290358590277,0.142642642643,9.50849154237,1.02869645341,0.544491860281,8.05331334643,0.871264894205,0.461830251304,0.640599570326,0.371299902718,2,1.72528881811,0.640599570326,2,0.344071394247,0.376569037657,810,0.104247104247,0.56957682835,37,37,37,1,0,0.405405405405,0.540540540541,0.0540540540541,37,0.153903903904,1.83665210999,11.0810810811,9.31818181818,5.85714285714,4.13909798533,0.373528354773,0.20698747528,6.14453051545,1.10901282474,0.588266315096,4.99218608647,0.901028708289,0.482003955175,0.767140941896,0.41768440399,2,1.83665210999,0.767140941896,2,0.125542404954,0.0902542372881,71,0.00913770913771,0.259008908393,37,37,37,1,0,0.405405405405,0.540540540541,0.0540540540541,37,313,0.234984984985,2.06590456213,16.9189189189,13.0416666667,8.94285714286,5.11195971543,0.302144583819,0.146619462913,8.61069939924,1.01787820374,0.542094810465,7.30142525887,0.863107778205,0.46144547103,0.850716231682,0.411788737619,2.48,2.06590456213,0.850716231682,2.48,0.326214341276,0.319736842105,567,0.072972972973,0.409927195378,37,37,37,1,0,0.351351351351,0.594594594595,0.0540540540541,-29,-0.0217717717718,0.340615744016,-1.56756756757,-2.50378787879,-0.828571428571,-0.255750439968,0.011785993542,0.00397682027075,-0.897792143131,-0.0108182496703,-0.00239704981592,-0.751888087568,-0.00815711600023,-0.0003847802738,0.210116661356,0.0404888349017,0.48,0.340615744016,0.210116661356,0.48,-0.0178570529712,-0.0568321955516,-243,-0.0312741312741,-0.159649632972,-0.0540540540541,0.0540540540541,0,304,9,38,981,0.888888888889,0.990909090909,0.00909090909091,0.111111111111,0.97124600639,0.888888888889,0.928244274809,0.906471908658,0.879797979798,0.866096866097,108,137,0,0,0,0
2567,WLNM_dir_neg,0.911516330119,0.604864407601,00:00:05,10,60,36,1238529971,threshold_sweep,0.2,0.915094339623,0.70802919708,0.798353909465,97,9,40,265,0.70802919708,0.967153284672,0.0328467153285,0.29197080292,0.915094339623,0.70802919708,0.798353909465,0.880778588808,0.580697485807,0.715667311412,0.727534978586,0.675182481752,342,205,137,0,342,0,205,0,137,37,342,0.256756756757,1.72528881811,18.4864864865,15.5454545455,9.77142857143,5.36771015539,0.290358590277,0.142642642643,9.50849154237,1.02869645341,0.544491860281,8.05331334643,0.871264894205,0.461830251304,0.640599570326,0.371299902718,2,1.72528881811,0.640599570326,2,0.344071394247,0.376569037657,810,0.104247104247,0.56957682835,37,37,37,1,0,0.405405405405,0.540540540541,0.0540540540541,37,0.153903903904,1.83665210999,11.0810810811,9.31818181818,5.85714285714,4.13909798533,0.373528354773,0.20698747528,6.14453051545,1.10901282474,0.588266315096,4.99218608647,0.901028708289,0.482003955175,0.767140941896,0.41768440399,2,1.83665210999,0.767140941896,2,0.125542404954,0.0902542372881,71,0.00913770913771,0.259008908393,37,37,37,1,0,0.405405405405,0.540540540541,0.0540540540541,37,311,0.233483483483,2.068454732,16.8108108108,12.9583333333,8.88571428571,5.19528545809,0.309044311815,0.148170678717,8.59088489641,1.02206669186,0.543147649257,7.33128554537,0.87221082051,0.464586773268,0.852928202764,0.412350432219,2.48,2.068454732,0.852928202764,2.48,0.325339925541,0.313602731929,551,0.0709137709138,0.410223596832,37,37,37,1,0,0.351351351351,0.594594594595,0.0540540540541,-31,-0.0232732732733,0.343165913881,-1.67567567568,-2.58712121212,-0.885714285714,-0.172424697308,0.0186857215382,0.00552803607466,-0.917606645968,-0.00662976155939,-0.00134421102436,-0.722027801064,0.000945926305356,0.00275652196451,0.212328632438,0.0410505295012,0.48,0.343165913881,0.212328632438,0.48,-0.0187314687063,-0.0629663057275,-259,-0.0333333333333,-0.159353231518,-0.0540540540541,0.0540540540541,0,302,9,40,981,0.883040935673,0.990909090909,0.00909090909091,0.116959064327,0.971061093248,0.883040935673,0.924961715161,0.902452151543,0.873950026582,0.860398860399,106,137,0,0,0,0
2568,WLNM_dir_neg,0.911516330119,0.604864407601,00:00:05,10,60,36,1238529971,threshold_sweep,0.3,0.920792079208,0.678832116788,0.781512605042,93,8,44,266,0.678832116788,0.970802919708,0.029197080292,0.321167883212,0.920792079208,0.678832116788,0.781512605042,0.873479318735,0.584752635848,0.6953125,0.711317462697,0.649635036496,342,205,137,0,342,0,205,0,137,37,342,0.256756756757,1.72528881811,18.4864864865,15.5454545455,9.77142857143,5.36771015539,0.290358590277,0.142642642643,9.50849154237,1.02869645341,0.544491860281,8.05331334643,0.871264894205,0.461830251304,0.640599570326,0.371299902718,2,1.72528881811,0.640599570326,2,0.344071394247,0.376569037657,810,0.104247104247,0.56957682835,37,37,37,1,0,0.405405405405,0.540540540541,0.0540540540541,37,0.153903903904,1.83665210999,11.0810810811,9.31818181818,5.85714285714,4.13909798533,0.373528354773,0.20698747528,6.14453051545,1.10901282474,0.588266315096,4.99218608647,0.901028708289,0.482003955175,0.767140941896,0.41768440399,2,1.83665210999,0.767140941896,2,0.125542404954,0.0902542372881,71,0.00913770913771,0.259008908393,37,37,37,1,0,0.405405405405,0.540540540541,0.0540540540541,37,306,0.22972972973,1.92066748914,16.5405405405,13.3043478261,8.74285714286,5.37274290901,0.324822692212,0.15368309486,8.6847524389,1.05011712496,0.553082494259,7.20203925075,0.870834811365,0.46334569864,0.786834583051,0.409667257607,2.2962962963,1.92066748914,0.786834583051,2.2962962963,0.325584087302,0.309725974527,535,0.0688545688546,0.425355012676,37,37,37,1,0,0.378378378378,0.567567567568,0.0540540540541,-36,-0.027027027027,0.195378671024,-1.94594594595,-2.24110671937,-1.02857142857,0.00503275362128,0.0344641019345,0.0110404522169,-0.823739103478,0.0214206715498,0.00859063397763,-0.851274095682,-0.000430082839462,0.00151544733588,0.146235012725,0.0383673548895,0.296296296296,0.195378671024,0.146235012725,0.296296296296,-0.0184873069451,-0.0668430631297,-275,-0.0353925353925,-0.144221815673,-0.027027027027,0.027027027027,0,298,8,44,982,0.87134502924,0.991919191919,0.00808080808081,0.12865497076,0.97385620915,0.87134502924,0.91975308642,0.896478747212,0.863264221159,0.851428571429,101,137,0,0,0,0
2569,WLNM_dir_neg,0.911516330119,0.604864407601,00:00:05,10,60,36,1238529971,threshold_sweep,0.4,0.920792079208,0.678832116788,0.781512605042,93,8,44,266,0.678832116788,0.970802919708,0.029197080292,0.321167883212,0.920792079208,0.678832116788,0.781512605042,0.873479318735,0.584752635848,0.6953125,0.711317462697,0.649635036496,342,205,137,0,342,0,205,0,137,37,342,0.256756756757,1.72528881811,18.4864864865,15.5454545455,9.77142857143,5.36771015539,0.290358590277,0.142642642643,9.50849154237,1.02869645341,0.544491860281,8.05331334643,0.871264894205,0.461830251304,0.640599570326,0.371299902718,2,1.72528881811,0.640599570326,2,0.344071394247,0.376569037657,810,0.104247104247,0.56957682835,37,37,37,1,0,0.405405405405,0.540540540541,0.0540540540541,37,0.153903903904,1.83665210999,11.0810810811,9.31818181818,5.85714285714,4.13909798533,0.373528354773,0.20698747528,6.14453051545,1.10901282474,0.588266315096,4.99218608647,0.901028708289,0.482003955175,0.767140941896,0.41768440399,2,1.83665210999,0.767140941896,2,0.125542404954,0.0902542372881,71,0.00913770913771,0.259008908393,37,37,37,1,0,0.405405405405,0.540540540541,0.0540540540541,37,306,0.22972972973,1.92066748914,16.5405405405,13.3043478261,8.74285714286,5.37274290901,0.324822692212,0.15368309486,8.6847524389,1.05011712496,0.553082494259,7.20203925075,0.870834811365,0.46334569864,0.786834583051,0.409667257607,2.2962962963,1.92066748914,0.786834583051,2.2962962963,0.325584087302,0.309725974527,535,0.0688545688546,0.425355012676,37,37,37,1,0,0.378378378378,0.567567567568,0.0540540540541,-36,-0.027027027027,0.195378671024,-1.94594594595,-2.24110671937,-1.02857142857,0.00503275362128,0.0344641019345,0.0110404522169,-0.823739103478,0.0214206715498,0.00859063397763,-0.851274095682,-0.000430082839462,0.00151544733588,0.146235012725,0.0383673548895,0.296296296296,0.195378671024,0.146235012725,0.296296296296,-0.0184873069451,-0.0668430631297,-275,-0.0353925353925,-0.144221815673,-0.027027027027,0.027027027027,0,298,8,44,982,0.87134502924,0.991919191919,0.00808080808081,0.12865497076,0.97385620915,0.87134502924,0.91975308642,0.896478747212,0.863264221159,0.851428571429,101,137,0,0,0,0
2570,WLNM_dir_neg,0.911516330119,0.604864407601,00:00:05,10,60,36,1238529971,threshold_sweep,0.5,0.948979591837,0.678832116788,0.791489361702,93,5,44,269,0.678832116788,0.981751824818,0.0182481751825,0.321167883212,0.948979591837,0.678832116788,0.791489361702,0.880778588808,0.587185725872,0.711198428291,0.730766063064,0.660583941606,342,205,137,0,342,0,205,0,137,37,342,0.256756756757,1.72528881811,18.4864864865,15.5454545455,9.77142857143,5.36771015539,0.290358590277,0.142642642643,9.50849154237,1.02869645341,0.544491860281,8.05331334643,0.871264894205,0.461830251304,0.640599570326,0.371299902718,2,1.72528881811,0.640599570326,2,0.344071394247,0.376569037657,810,0.104247104247,0.56957682835,37,37,37,1,0,0.405405405405,0.540540540541,0.0540540540541,37,0.153903903904,1.83665210999,11.0810810811,9.31818181818,5.85714285714,4.13909798533,0.373528354773,0.20698747528,6.14453051545,1.10901282474,0.588266315096,4.99218608647,0.901028708289,0.482003955175,0.767140941896,0.41768440399,2,1.83665210999,0.767140941896,2,0.125542404954,0.0902542372881,71,0.00913770913771,0.259008908393,37,37,37,1,0,0.405405405405,0.540540540541,0.0540540540541,37,303,0.227477477477,1.91712796505,16.3783783784,13.1739130435,8.65714285714,5.24590502388,0.320294531161,0.153688341807,8.56620568746,1.04603831827,0.549995540095,7.27949112171,0.888914757436,0.473820355008,0.78405831075,0.4089754701,2.2962962963,1.91712796505,0.78405831075,2.2962962963,0.307529454862,0.290399051758,490,0.0630630630631,0.430973381034,37,37,37,1,0,0.378378378378,0.567567567568,0.0540540540541,-39,-0.0292792792793,0.19183914694,-2.10810810811,-2.37154150198,-1.11428571429,-0.121805131518,0.0299359408836,0.0110456991645,-0.942285854914,0.0173418648559,0.00550367981322,-0.773822224729,0.0176498632311,0.0119901037045,0.143458740424,0.0376755673824,0.296296296296,0.19183914694,0.143458740424,0.296296296296,-0.0365419393859,-0.0861699858987,-320,-0.041184041184,-0.138603447316,-0.027027027027,0.027027027027,0,298,5,44,985,0.87134502924,0.994949494949,0.00505050505051,0.12865497076,0.983498349835,0.87134502924,0.924031007752,0.902749419735,0.866294524189,0.85878962536,98,137,0,0,0,0
2571,WLNM_dir_neg,0.911516330119,0.604864407601,00:00:05,10,60,36,1238529971,threshold_sweep,0.6,0.968421052632,0.671532846715,0.793103448276,92,3,45,271,0.671532846715,0.989051094891,0.0109489051095,0.328467153285,0.968421052632,0.671532846715,0.793103448276,0.883211678832,0.589618815896,0.715415019763,0.738683219024,0.660583941606,342,205,137,0,342,0,205,0,137,37,342,0.256756756757,1.72528881811,18.4864864865,15.5454545455,9.77142857143,5.36771015539,0.290358590277,0.142642642643,9.50849154237,1.02869645341,0.544491860281,8.05331334643,0.871264894205,0.461830251304,0.640599570326,0.371299902718,2,1.72528881811,0.640599570326,2,0.344071394247,0.376569037657,810,0.104247104247,0.56957682835,37,37,37,1,0,0.405405405405,0.540540540541,0.0540540540541,37,0.153903903904,1.83665210999,11.0810810811,9.31818181818,5.85714285714,4.13909798533,0.373528354773,0.20698747528,6.14453051545,1.10901282474,0.588266315096,4.99218608647,0.901028708289,0.482003955175,0.767140941896,0.41768440399,2,1.83665210999,0.767140941896,2,0.125542404954,0.0902542372881,71,0.00913770913771,0.259008908393,37,37,37,1,0,0.405405405405,0.540540540541,0.0540540540541,37,300,0.225225225225,1.77690942992,16.2162162162,13.6363636364,8.57142857143,5.23415670346,0.322772996713,0.153513513514,8.53028521011,1.05206850925,0.551171171171,7.32114055999,0.902940669065,0.478378378378,0.705935101894,0.397282545755,2.06896551724,1.77690942992,0.705935101894,2.06896551724,0.302351067414,0.284286285486,474,0.0610038610039,0.472069544115,37,37,37,1,0,0.405405405405,0.540540540541,0.0540540540541,-42,-0.0315315315315,0.0516206118031,-2.27027027027,-1.90909090909,-1.2,-0.133553451931,0.0324144064364,0.0108708708709,-0.978206332268,0.0233720558317,0.00667931088984,-0.732172786446,0.0316757748603,0.0165481270744,0.0653355315684,0.0259826430376,0.0689655172414,0.0516206118031,0.0653355315684,0.0689655172414,-0.0417203268331,-0.0922827521711,-336,-0.0432432432432,-0.0975072842349,0,0,0,297,3,45,987,0.868421052632,0.99696969697,0.0030303030303,0.131578947368,0.99,0.868421052632,0.92523364486,0.904987171373,0.865390749601,0.860869565217,95,137,0,0,0,0
2572,WLNM_dir_neg,0.911516330119,0.604864407601,00:00:05,10,60,36,1238529971,threshold_sweep,0.7,0.978723404255,0.671532846715,0.796536796537,92,2,45,272,0.671532846715,0.992700729927,0.00729927007299,0.328467153285,0.978723404255,0.671532846715,0.796536796537,0.885644768856,0.590429845904,0.720792079208,0.745526065745,0.664233576642,342,205,137,0,342,0,205,0,137,37,342,0.256756756757,1.72528881811,18.4864864865,15.5454545455,9.77142857143,5.36771015539,0.290358590277,0.142642642643,9.50849154237,1.02869645341,0.544491860281,8.05331334643,0.871264894205,0.461830251304,0.640599570326,0.371299902718,2,1.72528881811,0.640599570326,2,0.344071394247,0.376569037657,810,0.104247104247,0.56957682835,37,37,37,1,0,0.405405405405,0.540540540541,0.0540540540541,37,0.153903903904,1.83665210999,11.0810810811,9.31818181818,5.85714285714,4.13909798533,0.373528354773,0.20698747528,6.14453051545,1.10901282474,0.588266315096,4.99218608647,0.901028708289,0.482003955175,0.767140941896,0.41768440399,2,1.83665210999,0.767140941896,2,0.125542404954,0.0902542372881,71,0.00913770913771,0.259008908393,37,37,37,1,0,0.405405405405,0.540540540541,0.0540540540541,37,299,0.224474474474,1.77471479626,16.1621621622,13.5909090909,8.54285714286,5.28369353932,0.326917493235,0.154569285004,8.55173269765,1.05824116994,0.553014553015,7.33855260623,0.908115205453,0.480339871644,0.702251211165,0.395698065202,2,1.77471479626,0.702251211165,2,0.302351067414,0.284286285486,474,0.0610038610039,0.473545063785,37,37,37,1,0,0.405405405405,0.540540540541,0.0540540540541,-43,-0.0322822822823,0.0494259781439,-2.32432432432,-1.95454545455,-1.22857142857,-0.0840166160766,0.0365589029582,0.0119266423614,-0.95675884472,0.0295447165291,0.00852269273322,-0.714760740208,0.0368503112479,0.0185096203403,0.0616516408391,0.0243981624844,0,0.0494259781439,0.0616516408391,0,-0.0417203268331,-0.0922827521711,-336,-0.0432432432432,-0.0960317645646,0,0,0,297,2,45,988,0.868421052632,0.99797979798,0.0020202020202,0.131578947368,0.993311036789,0.868421052632,0.926677067083,0.907117959563,0.866400850611,0.863372093023,94,137,0,0,0,0
2573,WLNM_dir_neg,0.911516330119,0.604864407601,00:00:05,10,60,36,1238529971,threshold_sweep,0.8,0.978494623656,0.664233576642,0.791304347826,91,2,46,272,0.664233576642,0.992700729927,0.00729927007299,0.335766423358,0.978494623656,0.664233576642,0.791304347826,0.883211678832,0.591240875912,0.714285714286,0.740120567237,0.656934306569,342,205,137,0,342,0,205,0,137,37,342,0.256756756757,1.72528881811,18.4864864865,15.5454545455,9.77142857143,5.36771015539,0.290358590277,0.142642642643,9.50849154237,1.02869645341,0.544491860281,8.05331334643,0.871264894205,0.461830251304,0.640599570326,0.371299902718,2,1.72528881811,0.640599570326,2,0.344071394247,0.376569037657,810,0.104247104247,0.56957682835,37,37,37,1,0,0.405405405405,0.540540540541,0.0540540540541,37,0.153903903904,1.83665210999,11.0810810811,9.31818181818,5.85714285714,4.13909798533,0.373528354773,0.20698747528,6.14453051545,1.10901282474,0.588266315096,4.99218608647,0.901028708289,0.482003955175,0.767140941896,0.41768440399,2,1.83665210999,0.767140941896,2,0.125542404954,0.0902542372881,71,0.00913770913771,0.259008908393,37,37,37,1,0,0.405405405405,0.540540540541,0.0540540540541,37,298,0.223723723724,1.7731532347,16.1081081081,13.5454545455,8.51428571429,5.30609598996,0.329405287967,0.157173952476,8.52755646239,1.05879056748,0.552875022674,7.32554869369,0.90954799217,0.481226192636,0.701495449671,0.395620319747,2,1.7731532347,0.701495449671,2,0.304061519125,0.285829145729,474,0.0610038610039,0.472766733024,37,37,37,1,0,0.405405405405,0.540540540541,0.0540540540541,-44,-0.033033033033,0.0478644165823,-2.37837837838,-2,-1.25714285714,-0.0616141654347,0.0390466976901,0.0145313098333,-0.980935079986,0.0300941140629,0.00838316239235,-0.727764652741,0.038283097965,0.0193959413317,0.0608958793453,0.0243204170293,0,0.0478644165823,0.0608958793453,0,-0.0400098751226,-0.0907398919283,-336,-0.0432432432432,-0.0968100953257,0,0,0,296,2,46,988,0.865497076023,0.99797979798,0.0020202020202,0.134502923977,0.993288590604,0.865497076023,0.925,0.905134168174,0.863476874003,0.860465116279,93,137,0,0,0,0
2574,WLNM_dir_neg,0.911516330119,0.604864407601,00:00:05,10,60,36,1238529971,threshold_sweep,0.9,0.978260869565,0.656934306569,0.786026200873,90,2,47,272,0.656934306569,0.992700729927,0.00729927007299,0.343065693431,0.978260869565,0.656934306569,0.786026200873,0.880778588808,0.592051905921,0.707753479125,0.734709658761,0.649635036496,342,205,137,0,342,0,205,0,137,37,342,0.256756756757,1.72528881811,18.4864864865,15.5454545455,9.77142857143,5.36771015539,0.290358590277,0.142642642643,9.50849154237,1.02869645341,0.544491860281,8.05331334643,0.871264894205,0.461830251304,0.640599570326,0.371299902718,2,1.72528881811,0.640599570326,2,0.344071394247,0.376569037657,810,0.104247104247,0.56957682835,37,37,37,1,0,0.405405405405,0.540540540541,0.0540540540541,37,0.153903903904,1.83665210999,11.0810810811,9.31818181818,5.85714285714,4.13909798533,0.373528354773,0.20698747528,6.14453051545,1.10901282474,0.588266315096,4.99218608647,0.901028708289,0.482003955175,0.767140941896,0.41768440399,2,1.83665210999,0.767140941896,2,0.125542404954,0.0902542372881,71,0.00913770913771,0.259008908393,37,37,37,1,0,0.405405405405,0.540540540541,0.0540540540541,37,297,0.222972972973,1.77178615671,16.0540540541,13.5,8.48571428571,5.28070884313,0.328933042417,0.155792155792,8.49995583808,1.05891705727,0.552370552371,7.34274580221,0.914752844047,0.483028483028,0.700324383078,0.395264620634,2,1.77178615671,0.700324383078,2,0.297753719934,0.278744939271,459,0.0590733590734,0.474179270444,37,37,37,1,0,0.405405405405,0.540540540541,0.0540540540541,-45,-0.0337837837838,0.046497338597,-2.43243243243,-2.04545454545,-1.28571428571,-0.0870013122657,0.0385744521399,0.0131495131495,-1.0085357043,0.030220603854,0.00787869208922,-0.710567544221,0.0434879498419,0.0211982317245,0.0597248127522,0.0239647179168,0,0.046497338597,0.0597248127522,0,-0.0463176743131,-0.0978240983856,-351,-0.0451737451737,-0.0953975579063,0,0,0,295,2,47,988,0.862573099415,0.99797979798,0.0020202020202,0.137426900585,0.993265993266,0.862573099415,0.923317683881,0.903149866232,0.860552897395,0.857558139535,92,137,0,0,0,0
2575,WLNM_dir_neg,0.988185305557,0.94575556718,00:00:04,10,60,37,1238529972,threshold_sweep,0.1,0.983739837398,0.883211678832,0.930769230769,121,2,16,272,0.883211678832,0.992700729927,0.00729927007299,0.116788321168,0.983739837398,0.883211678832,0.930769230769,0.956204379562,0.566909975669,0.898876404494,0.901669634667,0.875912408759,342,205,137,0,342,0,205,0,137,37,342,0.256756756757,1.72528881811,18.4864864865,15.5454545455,9.77142857143,5.36771015539,0.290358590277,0.142642642643,9.50849154237,1.02869645341,0.544491860281,8.05331334643,0.871264894205,0.461830251304,0.640599570326,0.371299902718,2,1.72528881811,0.640599570326,2,0.344071394247,0.376569037657,810,0.104247104247,0.56957682835,37,37,37,1,0,0.405405405405,0.540540540541,0.0540540540541,37,0.153903903904,1.80112470887,11.0810810811,9.31818181818,5.85714285714,4.11891556911,0.371707014773,0.204614370468,6.0945995885,1.10000090134,0.585629531971,4.8050586457,0.867254487272,0.466974291365,0.724577559552,0.402291721381,2,1.80112470887,0.724577559552,2,0.161833987608,0.10327241819,81,0.0104247104247,0.251435333762,37,37,37,1,0,0.405405405405,0.540540540541,0.0540540540541,37,328,0.246246246246,1.71721430664,17.7297297297,14.9090909091,9.11111111111,4.86283324279,0.274275655462,0.128543177324,8.89182571605,1.00304131553,0.530158206987,8.27030216485,0.932930427132,0.486321687541,0.629713025434,0.366706137375,2,1.71721430664,0.629713025434,2,0.28253912699,0.298763736264,580,0.0746460746461,0.581492493614,37,37,37,1,0,0.405405405405,0.567567567568,0.027027027027,-14,-0.0105105105105,-0.00807451147027,-0.756756756757,-0.636363636364,-0.660317460317,-0.504876912607,-0.0160829348151,-0.014099465319,-0.616665826327,-0.0256551378851,-0.0143336532939,0.216988818414,0.0616655329274,0.0244914362373,-0.0108865448917,-0.00459376534294,0,-0.00807451147027,-0.0108865448917,0,-0.0615322672575,-0.0778053013932,-230,-0.029601029601,0.0119156652639,0,0.027027027027,-0.027027027027,326,2,16,988,0.953216374269,0.99797979798,0.0020202020202,0.046783625731,0.993902439024,0.953216374269,0.973134328358,0.964488305192,0.951196172249,0.947674418605,123,137,0,0,0,0
2576,WLNM_dir_neg,0.988185305557,0.94575556718,00:00:04,10,60,37,1238529972,threshold_sweep,0.2,0.983739837398,0.883211678832,0.930769230769,121,2,16,272,0.883211678832,0.992700729927,0.00729927007299,0.116788321168,0.983739837398,0.883211678832,0.930769230769,0.956204379562,0.566909975669,0.898876404494,0.901669634667,0.875912408759,342,205,137,0,342,0,205,0,137,37,342,0.256756756757,1.72528881811,18.4864864865,15.5454545455,9.77142857143,5.36771015539,0.290358590277,0.142642642643,9.50849154237,1.02869645341,0.544491860281,8.05331334643,0.871264894205,0.461830251304,0.640599570326,0.371299902718,2,1.72528881811,0.640599570326,2,0.344071394247,0.376569037657,810,0.104247104247,0.56957682835,37,37,37,1,0,0.405405405405,0.540540540541,0.0540540540541,37,0.153903903904,1.80112470887,11.0810810811,9.31818181818,5.85714285714,4.11891556911,0.371707014773,0.204614370468,6.0945995885,1.10000090134,0.585629531971,4.8050586457,0.867254487272,0.466974291365,0.724577559552,0.402291721381,2,1.80112470887,0.724577559552,2,0.161833987608,0.10327241819,81,0.0104247104247,0.251435333762,37,37,37,1,0,0.405405405405,0.540540540541,0.0540540540541,37,328,0.246246246246,1.71721430664,17.7297297297,14.9090909091,9.11111111111,4.86283324279,0.274275655462,0.128543177324,8.89182571605,1.00304131553,0.530158206987,8.27030216485,0.932930427132,0.486321687541,0.629713025434,0.366706137375,2,1.71721430664,0.629713025434,2,0.28253912699,0.298763736264,580,0.0746460746461,0.581492493614,37,37,37,1,0,0.405405405405,0.567567567568,0.027027027027,-14,-0.0105105105105,-0.00807451147027,-0.756756756757,-0.636363636364,-0.660317460317,-0.504876912607,-0.0160829348151,-0.014099465319,-0.616665826327,-0.0256551378851,-0.0143336532939,0.216988818414,0.0616655329274,0.0244914362373,-0.0108865448917,-0.00459376534294,0,-0.00807451147027,-0.0108865448917,0,-0.0615322672575,-0.0778053013932,-230,-0.029601029601,0.0119156652639,0,0.027027027027,-0.027027027027,326,2,16,988,0.953216374269,0.99797979798,0.0020202020202,0.046783625731,0.993902439024,0.953216374269,0.973134328358,0.964488305192,0.951196172249,0.947674418605,123,137,0,0,0,0
2577,WLNM_dir_neg,0.988185305557,0.94575556718,00:00:04,10,60,37,1238529972,threshold_sweep,0.3,0.983739837398,0.883211678832,0.930769230769,121,2,16,272,0.883211678832,0.992700729927,0.00729927007299,0.116788321168,0.983739837398,0.883211678832,0.930769230769,0.956204379562,0.566909975669,0.898876404494,0.901669634667,0.875912408759,342,205,137,0,342,0,205,0,137,37,342,0.256756756757,1.72528881811,18.4864864865,15.5454545455,9.77142857143,5.36771015539,0.290358590277,0.142642642643,9.50849154237,1.02869645341,0.544491860281,8.05331334643,0.871264894205,0.461830251304,0.640599570326,0.371299902718,2,1.72528881811,0.640599570326,2,0.344071394247,0.376569037657,810,0.104247104247,0.56957682835,37,37,37,1,0,0.405405405405,0.540540540541,0.0540540540541,37,0.153903903904,1.80112470887,11.0810810811,9.31818181818,5.85714285714,4.11891556911,0.371707014773,0.204614370468,6.0945995885,1.10000090134,0.585629531971,4.8050586457,0.867254487272,0.466974291365,0.724577559552,0.402291721381,2,1.80112470887,0.724577559552,2,0.161833987608,0.10327241819,81,0.0104247104247,0.251435333762,37,37,37,1,0,0.405405405405,0.540540540541,0.0540540540541,37,328,0.246246246246,1.71721430664,17.7297297297,14.9090909091,9.11111111111,4.86283324279,0.274275655462,0.128543177324,8.89182571605,1.00304131553,0.530158206987,8.27030216485,0.932930427132,0.486321687541,0.629713025434,0.366706137375,2,1.71721430664,0.629713025434,2,0.28253912699,0.298763736264,580,0.0746460746461,0.581492493614,37,37,37,1,0,0.405405405405,0.567567567568,0.027027027027,-14,-0.0105105105105,-0.00807451147027,-0.756756756757,-0.636363636364,-0.660317460317,-0.504876912607,-0.0160829348151,-0.014099465319,-0.616665826327,-0.0256551378851,-0.0143336532939,0.216988818414,0.0616655329274,0.0244914362373,-0.0108865448917,-0.00459376534294,0,-0.00807451147027,-0.0108865448917,0,-0.0615322672575,-0.0778053013932,-230,-0.029601029601,0.0119156652639,0,0.027027027027,-0.027027027027,326,2,16,988,0.953216374269,0.99797979798,0.0020202020202,0.046783625731,0.993902439024,0.953216374269,0.973134328358,0.964488305192,0.951196172249,0.947674418605,123,137,0,0,0,0
2578,WLNM_dir_neg,0.988185305557,0.94575556718,00:00:04,10,60,37,1238529972,threshold_sweep,0.4,0.983739837398,0.883211678832,0.930769230769,121,2,16,272,0.883211678832,0.992700729927,0.00729927007299,0.116788321168,0.983739837398,0.883211678832,0.930769230769,0.956204379562,0.566909975669,0.898876404494,0.901669634667,0.875912408759,342,205,137,0,342,0,205,0,137,37,342,0.256756756757,1.72528881811,18.4864864865,15.5454545455,9.77142857143,5.36771015539,0.290358590277,0.142642642643,9.50849154237,1.02869645341,0.544491860281,8.05331334643,0.871264894205,0.461830251304,0.640599570326,0.371299902718,2,1.72528881811,0.640599570326,2,0.344071394247,0.376569037657,810,0.104247104247,0.56957682835,37,37,37,1,0,0.405405405405,0.540540540541,0.0540540540541,37,0.153903903904,1.80112470887,11.0810810811,9.31818181818,5.85714285714,4.11891556911,0.371707014773,0.204614370468,6.0945995885,1.10000090134,0.585629531971,4.8050586457,0.867254487272,0.466974291365,0.724577559552,0.402291721381,2,1.80112470887,0.724577559552,2,0.161833987608,0.10327241819,81,0.0104247104247,0.251435333762,37,37,37,1,0,0.405405405405,0.540540540541,0.0540540540541,37,328,0.246246246246,1.71721430664,17.7297297297,14.9090909091,9.11111111111,4.86283324279,0.274275655462,0.128543177324,8.89182571605,1.00304131553,0.530158206987,8.27030216485,0.932930427132,0.486321687541,0.629713025434,0.366706137375,2,1.71721430664,0.629713025434,2,0.28253912699,0.298763736264,580,0.0746460746461,0.581492493614,37,37,37,1,0,0.405405405405,0.567567567568,0.027027027027,-14,-0.0105105105105,-0.00807451147027,-0.756756756757,-0.636363636364,-0.660317460317,-0.504876912607,-0.0160829348151,-0.014099465319,-0.616665826327,-0.0256551378851,-0.0143336532939,0.216988818414,0.0616655329274,0.0244914362373,-0.0108865448917,-0.00459376534294,0,-0.00807451147027,-0.0108865448917,0,-0.0615322672575,-0.0778053013932,-230,-0.029601029601,0.0119156652639,0,0.027027027027,-0.027027027027,326,2,16,988,0.953216374269,0.99797979798,0.0020202020202,0.046783625731,0.993902439024,0.953216374269,0.973134328358,0.964488305192,0.951196172249,0.947674418605,123,137,0,0,0,0
2579,WLNM_dir_neg,0.988185305557,0.94575556718,00:00:04,10,60,37,1238529972,threshold_sweep,0.5,0.983606557377,0.875912408759,0.926640926641,120,2,17,272,0.875912408759,0.992700729927,0.00729927007299,0.124087591241,0.983606557377,0.875912408759,0.926640926641,0.953771289538,0.567721005677,0.893058161351,0.89625815953,0.868613138686,342,205,137,0,342,0,205,0,137,37,342,0.256756756757,1.72528881811,18.4864864865,15.5454545455,9.77142857143,5.36771015539,0.290358590277,0.142642642643,9.50849154237,1.02869645341,0.544491860281,8.05331334643,0.871264894205,0.461830251304,0.640599570326,0.371299902718,2,1.72528881811,0.640599570326,2,0.344071394247,0.376569037657,810,0.104247104247,0.56957682835,37,37,37,1,0,0.405405405405,0.540540540541,0.0540540540541,37,0.153903903904,1.80112470887,11.0810810811,9.31818181818,5.85714285714,4.11891556911,0.371707014773,0.204614370468,6.0945995885,1.10000090134,0.585629531971,4.8050586457,0.867254487272,0.466974291365,0.724577559552,0.402291721381,2,1.80112470887,0.724577559552,2,0.161833987608,0.10327241819,81,0.0104247104247,0.251435333762,37,37,37,1,0,0.405405405405,0.540540540541,0.0540540540541,37,327,0.245495495495,1.7159071253,17.6756756757,14.8636363636,9.08333333333,4.84225644173,0.273950287988,0.127200595091,8.86163238509,1.00269234938,0.529630547979,8.29160724774,0.938194092252,0.488470121498,0.628463505623,0.366257297005,2,1.7159071253,0.628463505623,2,0.276936402421,0.291861067911,563,0.0724581724582,0.58362018707,37,37,37,1,0,0.405405405405,0.567567567568,0.027027027027,-15,-0.0112612612613,-0.00938169281697,-0.810810810811,-0.681818181818,-0.688095238095,-0.525453713666,-0.0164083022895,-0.0154420475521,-0.646859157282,-0.0260041040312,-0.0148613123022,0.238293901304,0.0669291980469,0.0266398701937,-0.0121360647032,-0.00504260571294,0,-0.00938169281697,-0.0121360647032,0,-0.0671349918264,-0.0847079697461,-247,-0.0317889317889,0.0140433587197,0,0.027027027027,-0.027027027027,325,2,17,988,0.950292397661,0.99797979798,0.0020202020202,0.0497076023392,0.993883792049,0.950292397661,0.971599402093,0.962513345621,0.948272195641,0.94476744186,122,137,0,0,0,0
2580,WLNM_dir_neg,0.988185305557,0.94575556718,00:00:04,10,60,37,1238529972,threshold_sweep,0.6,0.983606557377,0.875912408759,0.926640926641,120,2,17,272,0.875912408759,0.992700729927,0.00729927007299,0.124087591241,0.983606557377,0.875912408759,0.926640926641,0.953771289538,0.567721005677,0.893058161351,0.89625815953,0.868613138686,342,205,137,0,342,0,205,0,137,37,342,0.256756756757,1.72528881811,18.4864864865,15.5454545455,9.77142857143,5.36771015539,0.290358590277,0.142642642643,9.50849154237,1.02869645341,0.544491860281,8.05331334643,0.871264894205,0.461830251304,0.640599570326,0.371299902718,2,1.72528881811,0.640599570326,2,0.344071394247,0.376569037657,810,0.104247104247,0.56957682835,37,37,37,1,0,0.405405405405,0.540540540541,0.0540540540541,37,0.153903903904,1.80112470887,11.0810810811,9.31818181818,5.85714285714,4.11891556911,0.371707014773,0.204614370468,6.0945995885,1.10000090134,0.585629531971,4.8050586457,0.867254487272,0.466974291365,0.724577559552,0.402291721381,2,1.80112470887,0.724577559552,2,0.161833987608,0.10327241819,81,0.0104247104247,0.251435333762,37,37,37,1,0,0.405405405405,0.540540540541,0.0540540540541,37,327,0.245495495495,1.7159071253,17.6756756757,14.8636363636,9.08333333333,4.84225644173,0.273950287988,0.127200595091,8.86163238509,1.00269234938,0.529630547979,8.29160724774,0.938194092252,0.488470121498,0.628463505623,0.366257297005,2,1.7159071253,0.628463505623,2,0.276936402421,0.291861067911,563,0.0724581724582,0.58362018707,37,37,37,1,0,0.405405405405,0.567567567568,0.027027027027,-15,-0.0112612612613,-0.00938169281697,-0.810810810811,-0.681818181818,-0.688095238095,-0.525453713666,-0.0164083022895,-0.0154420475521,-0.646859157282,-0.0260041040312,-0.0148613123022,0.238293901304,0.0669291980469,0.0266398701937,-0.0121360647032,-0.00504260571294,0,-0.00938169281697,-0.0121360647032,0,-0.0671349918264,-0.0847079697461,-247,-0.0317889317889,0.0140433587197,0,0.027027027027,-0.027027027027,325,2,17,988,0.950292397661,0.99797979798,0.0020202020202,0.0497076023392,0.993883792049,0.950292397661,0.971599402093,0.962513345621,0.948272195641,0.94476744186,122,137,0,0,0,0
2581,WLNM_dir_neg,0.988185305557,0.94575556718,00:00:04,10,60,37,1238529972,threshold_sweep,0.7,0.983193277311,0.85401459854,0.9140625,117,2,20,272,0.85401459854,0.992700729927,0.00729927007299,0.14598540146,0.983193277311,0.85401459854,0.9140625,0.946472019465,0.570154095702,0.875471698113,0.880051486088,0.846715328467,342,205,137,0,342,0,205,0,137,37,342,0.256756756757,1.72528881811,18.4864864865,15.5454545455,9.77142857143,5.36771015539,0.290358590277,0.142642642643,9.50849154237,1.02869645341,0.544491860281,8.05331334643,0.871264894205,0.461830251304,0.640599570326,0.371299902718,2,1.72528881811,0.640599570326,2,0.344071394247,0.376569037657,810,0.104247104247,0.56957682835,37,37,37,1,0,0.405405405405,0.540540540541,0.0540540540541,37,0.153903903904,1.80112470887,11.0810810811,9.31818181818,5.85714285714,4.11891556911,0.371707014773,0.204614370468,6.0945995885,1.10000090134,0.585629531971,4.8050586457,0.867254487272,0.466974291365,0.724577559552,0.402291721381,2,1.80112470887,0.724577559552,2,0.161833987608,0.10327241819,81,0.0104247104247,0.251435333762,37,37,37,1,0,0.405405405405,0.540540540541,0.0540540540541,37,324,0.243243243243,1.71311574804,17.5135135135,14.7272727273,9,4.68817437591,0.267688968995,0.125375375375,8.71908954665,0.995698497611,0.526359693026,8.36462593108,0.955219627932,0.495995995996,0.62531930381,0.365018711973,2,1.71311574804,0.62531930381,2,0.266524069327,0.2787028922,530,0.0682110682111,0.588893516677,37,37,37,1,0,0.405405405405,0.567567567568,0.027027027027,-18,-0.0135135135135,-0.0121730700763,-0.972972972973,-0.818181818182,-0.771428571429,-0.679535779479,-0.022669621282,-0.0172672672673,-0.789401995723,-0.0329979558034,-0.018132167255,0.31131258465,0.0839547337276,0.0341657446921,-0.0152802665158,-0.00628119074445,0,-0.0121730700763,-0.0152802665158,0,-0.0775473249201,-0.0978661454571,-280,-0.036036036036,0.0193166883273,0,0.027027027027,-0.027027027027,322,2,20,988,0.941520467836,0.99797979798,0.0020202020202,0.0584795321637,0.993827160494,0.941520467836,0.966966966967,0.95658768713,0.939500265816,0.936046511628,119,137,0,0,0,0
2582,WLNM_dir_neg,0.988185305557,0.94575556718,00:00:04,10,60,37,1238529972,threshold_sweep,0.8,0.983193277311,0.85401459854,0.9140625,117,2,20,272,0.85401459854,0.992700729927,0.00729927007299,0.14598540146,0.983193277311,0.85401459854,0.9140625,0.946472019465,0.570154095702,0.875471698113,0.880051486088,0.846715328467,342,205,137,0,342,0,205,0,137,37,342,0.256756756757,1.72528881811,18.4864864865,15.5454545455,9.77142857143,5.36771015539,0.290358590277,0.142642642643,9.50849154237,1.02869645341,0.544491860281,8.05331334643,0.871264894205,0.461830251304,0.640599570326,0.371299902718,2,1.72528881811,0.640599570326,2,0.344071394247,0.376569037657,810,0.104247104247,0.56957682835,37,37,37,1,0,0.405405405405,0.540540540541,0.0540540540541,37,0.153903903904,1.80112470887,11.0810810811,9.31818181818,5.85714285714,4.11891556911,0.371707014773,0.204614370468,6.0945995885,1.10000090134,0.585629531971,4.8050586457,0.867254487272,0.466974291365,0.724577559552,0.402291721381,2,1.80112470887,0.724577559552,2,0.161833987608,0.10327241819,81,0.0104247104247,0.251435333762,37,37,37,1,0,0.405405405405,0.540540540541,0.0540540540541,37,324,0.243243243243,1.71311574804,17.5135135135,14.7272727273,9,4.68817437591,0.267688968995,0.125375375375,8.71908954665,0.995698497611,0.526359693026,8.36462593108,0.955219627932,0.495995995996,0.62531930381,0.365018711973,2,1.71311574804,0.62531930381,2,0.266524069327,0.2787028922,530,0.0682110682111,0.588893516677,37,37,37,1,0,0.405405405405,0.567567567568,0.027027027027,-18,-0.0135135135135,-0.0121730700763,-0.972972972973,-0.818181818182,-0.771428571429,-0.679535779479,-0.022669621282,-0.0172672672673,-0.789401995723,-0.0329979558034,-0.018132167255,0.31131258465,0.0839547337276,0.0341657446921,-0.0152802665158,-0.00628119074445,0,-0.0121730700763,-0.0152802665158,0,-0.0775473249201,-0.0978661454571,-280,-0.036036036036,0.0193166883273,0,0.027027027027,-0.027027027027,322,2,20,988,0.941520467836,0.99797979798,0.0020202020202,0.0584795321637,0.993827160494,0.941520467836,0.966966966967,0.95658768713,0.939500265816,0.936046511628,119,137,0,0,0,0
2583,WLNM_dir_neg,0.988185305557,0.94575556718,00:00:04,10,60,37,1238529972,threshold_sweep,0.9,0.991304347826,0.832116788321,0.904761904762,114,1,23,273,0.832116788321,0.996350364964,0.0036496350365,0.167883211679,0.991304347826,0.832116788321,0.904761904762,0.941605839416,0.573398215734,0.863117870722,0.8699936518,0.828467153285,342,205,137,0,342,0,205,0,137,37,342,0.256756756757,1.72528881811,18.4864864865,15.5454545455,9.77142857143,5.36771015539,0.290358590277,0.142642642643,9.50849154237,1.02869645341,0.544491860281,8.05331334643,0.871264894205,0.461830251304,0.640599570326,0.371299902718,2,1.72528881811,0.640599570326,2,0.344071394247,0.376569037657,810,0.104247104247,0.56957682835,37,37,37,1,0,0.405405405405,0.540540540541,0.0540540540541,37,0.153903903904,1.80112470887,11.0810810811,9.31818181818,5.85714285714,4.11891556911,0.371707014773,0.204614370468,6.0945995885,1.10000090134,0.585629531971,4.8050586457,0.867254487272,0.466974291365,0.724577559552,0.402291721381,2,1.80112470887,0.724577559552,2,0.161833987608,0.10327241819,81,0.0104247104247,0.251435333762,37,37,37,1,0,0.405405405405,0.540540540541,0.0540540540541,37,320,0.24024024024,1.71193875748,17.2972972973,14.5454545455,9.14285714286,4.63000398887,0.267672105606,0.128462837838,8.62881547238,0.997706788994,0.527364864865,8.29396104342,0.958989245646,0.502027027027,0.624817362766,0.364976468952,2,1.71193875748,0.624817362766,2,0.262128933761,0.271402877698,503,0.0647361647362,0.579992240546,37,37,37,1,0,0.405405405405,0.540540540541,0.0540540540541,-22,-0.0165165165165,-0.0133500606392,-1.18918918919,-1,-0.628571428571,-0.737706166525,-0.0226864846707,-0.0141798048048,-0.879676069991,-0.0309896644204,-0.0171269954165,0.240647696987,0.0877243514407,0.0401967757231,-0.01578220756,-0.00632343376544,0,-0.0133500606392,-0.01578220756,0,-0.0819424604864,-0.105166159959,-307,-0.0395109395109,0.0104154121959,0,0,0,319,1,23,989,0.932748538012,0.99898989899,0.0010101010101,0.0672514619883,0.996875,0.932748538012,0.963746223565,0.952707132763,0.931738437002,0.930029154519,115,137,0,0,0,0
2584,WLNM_dir_neg,0.972627737226,0.849436517586,00:00:05,10,60,38,1238529973,threshold_sweep,0.1,0.97619047619,0.897810218978,0.93536121673,123,3,14,271,0.897810218978,0.989051094891,0.0109489051095,0.102189781022,0.97619047619,0.897810218978,0.93536121673,0.958637469586,0.564476885645,0.905027932961,0.90674166725,0.886861313869,342,205,137,0,342,0,205,0,137,37,342,0.256756756757,1.72528881811,18.4864864865,15.5454545455,9.77142857143,5.36771015539,0.290358590277,0.142642642643,9.50849154237,1.02869645341,0.544491860281,8.05331334643,0.871264894205,0.461830251304,0.640599570326,0.371299902718,2,1.72528881811,0.640599570326,2,0.344071394247,0.376569037657,810,0.104247104247,0.56957682835,37,37,37,1,0,0.405405405405,0.540540540541,0.0540540540541,37,0.153903903904,1.81395075292,11.0810810811,9.31818181818,5.85714285714,4.15249843386,0.374737663544,0.208305866842,6.12642089911,1.10574425984,0.587211601846,4.77024687571,0.860971387324,0.464864864865,0.737828495967,0.406752220135,2,1.81395075292,0.737828495967,2,0.153043938648,0.10292249047,81,0.0104247104247,0.24798773847,37,37,37,1,0,0.405405405405,0.540540540541,0.0540540540541,37,331,0.248498498498,1.72185945531,17.8918918919,15.0454545455,9.45714285714,4.82921539397,0.269910830176,0.127786396669,8.95341631243,1.00083505607,0.532211970278,8.21903598681,0.918744203964,0.479954274516,0.634320776232,0.368392887279,2,1.72185945531,0.634320776232,2,0.303409250088,0.317641145921,632,0.0813384813385,0.57616879151,37,37,37,1,0,0.405405405405,0.540540540541,0.0540540540541,-11,-0.00825825825826,-0.00342936280054,-0.594594594595,-0.5,-0.314285714286,-0.538494761427,-0.0204477601008,-0.0148562459741,-0.555075229946,-0.0278613973427,-0.0122798900029,0.16572264038,0.0474793097593,0.0181240232123,-0.00627879409377,-0.00290701543851,0,-0.00342936280054,-0.00627879409377,0,-0.0406621441596,-0.0589278917363,-178,-0.0229086229086,0.00659196315997,0,0,0,328,3,14,987,0.959064327485,0.99696969697,0.0030303030303,0.0409356725146,0.990936555891,0.959064327485,0.974739970282,0.96643569795,0.956034024455,0.950724637681,126,137,0,0,0,0
2585,WLNM_dir_neg,0.972627737226,0.849436517586,00:00:05,10,60,38,1238529973,threshold_sweep,0.2,0.97619047619,0.897810218978,0.93536121673,123,3,14,271,0.897810218978,0.989051094891,0.0109489051095,0.102189781022,0.97619047619,0.897810218978,0.93536121673,0.958637469586,0.564476885645,0.905027932961,0.90674166725,0.886861313869,342,205,137,0,342,0,205,0,137,37,342,0.256756756757,1.72528881811,18.4864864865,15.5454545455,9.77142857143,5.36771015539,0.290358590277,0.142642642643,9.50849154237,1.02869645341,0.544491860281,8.05331334643,0.871264894205,0.461830251304,0.640599570326,0.371299902718,2,1.72528881811,0.640599570326,2,0.344071394247,0.376569037657,810,0.104247104247,0.56957682835,37,37,37,1,0,0.405405405405,0.540540540541,0.0540540540541,37,0.153903903904,1.81395075292,11.0810810811,9.31818181818,5.85714285714,4.15249843386,0.374737663544,0.208305866842,6.12642089911,1.10574425984,0.587211601846,4.77024687571,0.860971387324,0.464864864865,0.737828495967,0.406752220135,2,1.81395075292,0.737828495967,2,0.153043938648,0.10292249047,81,0.0104247104247,0.24798773847,37,37,37,1,0,0.405405405405,0.540540540541,0.0540540540541,37,331,0.248498498498,1.72185945531,17.8918918919,15.0454545455,9.45714285714,4.82921539397,0.269910830176,0.127786396669,8.95341631243,1.00083505607,0.532211970278,8.21903598681,0.918744203964,0.479954274516,0.634320776232,0.368392887279,2,1.72185945531,0.634320776232,2,0.303409250088,0.317641145921,632,0.0813384813385,0.57616879151,37,37,37,1,0,0.405405405405,0.540540540541,0.0540540540541,-11,-0.00825825825826,-0.00342936280054,-0.594594594595,-0.5,-0.314285714286,-0.538494761427,-0.0204477601008,-0.0148562459741,-0.555075229946,-0.0278613973427,-0.0122798900029,0.16572264038,0.0474793097593,0.0181240232123,-0.00627879409377,-0.00290701543851,0,-0.00342936280054,-0.00627879409377,0,-0.0406621441596,-0.0589278917363,-178,-0.0229086229086,0.00659196315997,0,0,0,328,3,14,987,0.959064327485,0.99696969697,0.0030303030303,0.0409356725146,0.990936555891,0.959064327485,0.974739970282,0.96643569795,0.956034024455,0.950724637681,126,137,0,0,0,0
2586,WLNM_dir_neg,0.972627737226,0.849436517586,00:00:05,10,60,38,1238529973,threshold_sweep,0.3,0.976,0.890510948905,0.931297709924,122,3,15,271,0.890510948905,0.989051094891,0.0109489051095,0.109489051095,0.976,0.890510948905,0.931297709924,0.956204379562,0.565287915653,0.899253731343,0.901288898368,0.879562043796,342,205,137,0,342,0,205,0,137,37,342,0.256756756757,1.72528881811,18.4864864865,15.5454545455,9.77142857143,5.36771015539,0.290358590277,0.142642642643,9.50849154237,1.02869645341,0.544491860281,8.05331334643,0.871264894205,0.461830251304,0.640599570326,0.371299902718,2,1.72528881811,0.640599570326,2,0.344071394247,0.376569037657,810,0.104247104247,0.56957682835,37,37,37,1,0,0.405405405405,0.540540540541,0.0540540540541,37,0.153903903904,1.81395075292,11.0810810811,9.31818181818,5.85714285714,4.15249843386,0.374737663544,0.208305866842,6.12642089911,1.10574425984,0.587211601846,4.77024687571,0.860971387324,0.464864864865,0.737828495967,0.406752220135,2,1.81395075292,0.737828495967,2,0.153043938648,0.10292249047,81,0.0104247104247,0.24798773847,37,37,37,1,0,0.405405405405,0.540540540541,0.0540540540541,37,330,0.247747747748,1.72232831749,17.8378378378,15,9.42857142857,4.8045898976,0.269348221532,0.127764127764,8.92368377589,1.00053424154,0.531531531532,8.1866367344,0.917895633857,0.48058968059,0.634760643459,0.368547992281,2,1.72232831749,0.634760643459,2,0.302531214461,0.316694772344,626,0.0805662805663,0.572482532156,37,37,37,1,0,0.405405405405,0.540540540541,0.0540540540541,-12,-0.00900900900901,-0.00296050062917,-0.648648648649,-0.545454545455,-0.342857142857,-0.563120257797,-0.0210103687452,-0.0148785148785,-0.584807766482,-0.0281622118753,-0.0129603287498,0.133323387965,0.0466307396521,0.0187594292857,-0.00583892686732,-0.00275191043635,0,-0.00296050062917,-0.00583892686732,0,-0.0415401797866,-0.0598742653129,-184,-0.0236808236808,0.00290570380613,0,0,0,327,3,15,987,0.956140350877,0.99696969697,0.0030303030303,0.0438596491228,0.990909090909,0.956140350877,0.973214285714,0.964456995703,0.953110047847,0.947826086957,125,137,0,0,0,0
2587,WLNM_dir_neg,0.972627737226,0.849436517586,00:00:05,10,60,38,1238529973,threshold_sweep,0.4,0.975806451613,0.883211678832,0.927203065134,121,3,16,271,0.883211678832,0.989051094891,0.0109489051095,0.116788321168,0.975806451613,0.883211678832,0.927203065134,0.953771289538,0.566098945661,0.893457943925,0.895841365575,0.872262773723,342,205,137,0,342,0,205,0,137,37,342,0.256756756757,1.72528881811,18.4864864865,15.5454545455,9.77142857143,5.36771015539,0.290358590277,0.142642642643,9.50849154237,1.02869645341,0.544491860281,8.05331334643,0.871264894205,0.461830251304,0.640599570326,0.371299902718,2,1.72528881811,0.640599570326,2,0.344071394247,0.376569037657,810,0.104247104247,0.56957682835,37,37,37,1,0,0.405405405405,0.540540540541,0.0540540540541,37,0.153903903904,1.81395075292,11.0810810811,9.31818181818,5.85714285714,4.15249843386,0.374737663544,0.208305866842,6.12642089911,1.10574425984,0.587211601846,4.77024687571,0.860971387324,0.464864864865,0.737828495967,0.406752220135,2,1.81395075292,0.737828495967,2,0.153043938648,0.10292249047,81,0.0104247104247,0.24798773847,37,37,37,1,0,0.405405405405,0.540540540541,0.0540540540541,37,329,0.246996996997,1.72285233991,17.7837837838,14.9545454545,9.4,4.85417995784,0.272955407963,0.128481064651,8.89689016762,1.00056211612,0.531175552452,8.19479436317,0.921603013487,0.481557545387,0.635263513464,0.36872777704,2,1.72285233991,0.635263513464,2,0.305728396605,0.318089430894,626,0.0805662805663,0.573061857394,37,37,37,1,0,0.405405405405,0.540540540541,0.0540540540541,-13,-0.00975975975976,-0.00243647820235,-0.702702702703,-0.590909090909,-0.371428571429,-0.513530197557,-0.0174031823137,-0.0141615779914,-0.611601374757,-0.0281343372997,-0.0133163078292,0.141481016736,0.0503381192824,0.0197272940834,-0.00533605686176,-0.00257212567763,0,-0.00243647820235,-0.00533605686176,0,-0.0383429976421,-0.0584796067626,-184,-0.0236808236808,0.00348502904394,0,0,0,326,3,16,987,0.953216374269,0.99696969697,0.0030303030303,0.046783625731,0.990881458967,0.953216374269,0.971684053651,0.962478184653,0.950186071239,0.944927536232,124,137,0,0,0,0
2588,WLNM_dir_neg,0.972627737226,0.849436517586,00:00:05,10,60,38,1238529973,threshold_sweep,0.5,0.983739837398,0.883211678832,0.930769230769,121,2,16,272,0.883211678832,0.992700729927,0.00729927007299,0.116788321168,0.983739837398,0.883211678832,0.930769230769,0.956204379562,0.566909975669,0.898876404494,0.901669634667,0.875912408759,342,205,137,0,342,0,205,0,137,37,342,0.256756756757,1.72528881811,18.4864864865,15.5454545455,9.77142857143,5.36771015539,0.290358590277,0.142642642643,9.50849154237,1.02869645341,0.544491860281,8.05331334643,0.871264894205,0.461830251304,0.640599570326,0.371299902718,2,1.72528881811,0.640599570326,2,0.344071394247,0.376569037657,810,0.104247104247,0.56957682835,37,37,37,1,0,0.405405405405,0.540540540541,0.0540540540541,37,0.153903903904,1.81395075292,11.0810810811,9.31818181818,5.85714285714,4.15249843386,0.374737663544,0.208305866842,6.12642089911,1.10574425984,0.587211601846,4.77024687571,0.860971387324,0.464864864865,0.737828495967,0.406752220135,2,1.81395075292,0.737828495967,2,0.153043938648,0.10292249047,81,0.0104247104247,0.24798773847,37,37,37,1,0,0.405405405405,0.540540540541,0.0540540540541,37,328,0.246246246246,1.72077937251,17.7297297297,14.9090909091,9.37142857143,4.82843803044,0.272335681595,0.128295978906,8.87306211131,1.00092468939,0.531311799604,8.21300514145,0.926467043395,0.483355306526,0.63389945121,0.368379271239,2,1.72077937251,0.63389945121,2,0.300704967353,0.311967269008,610,0.0785070785071,0.575393295559,37,37,37,1,0,0.405405405405,0.540540540541,0.0540540540541,-14,-0.0105105105105,-0.00450944560143,-0.756756756757,-0.636363636364,-0.4,-0.539272124952,-0.0180229086821,-0.0143466637369,-0.635429431061,-0.0277717640288,-0.0131800606769,0.159691795014,0.0552021491902,0.0215250552221,-0.00670011911568,-0.00292063147829,0,-0.00450944560143,-0.00670011911568,0,-0.0433664268949,-0.0646017686491,-200,-0.02574002574,0.00581646720905,0,0,0,326,2,16,988,0.953216374269,0.99797979798,0.0020202020202,0.046783625731,0.993902439024,0.953216374269,0.973134328358,0.964488305192,0.951196172249,0.947674418605,123,137,0,0,0,0
2589,WLNM_dir_neg,0.972627737226,0.849436517586,00:00:05,10,60,38,1238529973,threshold_sweep,0.6,0.983739837398,0.883211678832,0.930769230769,121,2,16,272,0.883211678832,0.992700729927,0.00729927007299,0.116788321168,0.983739837398,0.883211678832,0.930769230769,0.956204379562,0.566909975669,0.898876404494,0.901669634667,0.875912408759,342,205,137,0,342,0,205,0,137,37,342,0.256756756757,1.72528881811,18.4864864865,15.5454545455,9.77142857143,5.36771015539,0.290358590277,0.142642642643,9.50849154237,1.02869645341,0.544491860281,8.05331334643,0.871264894205,0.461830251304,0.640599570326,0.371299902718,2,1.72528881811,0.640599570326,2,0.344071394247,0.376569037657,810,0.104247104247,0.56957682835,37,37,37,1,0,0.405405405405,0.540540540541,0.0540540540541,37,0.153903903904,1.81395075292,11.0810810811,9.31818181818,5.85714285714,4.15249843386,0.374737663544,0.208305866842,6.12642089911,1.10574425984,0.587211601846,4.77024687571,0.860971387324,0.464864864865,0.737828495967,0.406752220135,2,1.81395075292,0.737828495967,2,0.153043938648,0.10292249047,81,0.0104247104247,0.24798773847,37,37,37,1,0,0.405405405405,0.540540540541,0.0540540540541,37,328,0.246246246246,1.72077937251,17.7297297297,14.9090909091,9.37142857143,4.82843803044,0.272335681595,0.128295978906,8.87306211131,1.00092468939,0.531311799604,8.21300514145,0.926467043395,0.483355306526,0.63389945121,0.368379271239,2,1.72077937251,0.63389945121,2,0.300704967353,0.311967269008,610,0.0785070785071,0.575393295559,37,37,37,1,0,0.405405405405,0.540540540541,0.0540540540541,-14,-0.0105105105105,-0.00450944560143,-0.756756756757,-0.636363636364,-0.4,-0.539272124952,-0.0180229086821,-0.0143466637369,-0.635429431061,-0.0277717640288,-0.0131800606769,0.159691795014,0.0552021491902,0.0215250552221,-0.00670011911568,-0.00292063147829,0,-0.00450944560143,-0.00670011911568,0,-0.0433664268949,-0.0646017686491,-200,-0.02574002574,0.00581646720905,0,0,0,326,2,16,988,0.953216374269,0.99797979798,0.0020202020202,0.046783625731,0.993902439024,0.953216374269,0.973134328358,0.964488305192,0.951196172249,0.947674418605,123,137,0,0,0,0
2590,WLNM_dir_neg,0.972627737226,0.849436517586,00:00:05,10,60,38,1238529973,threshold_sweep,0.7,0.983739837398,0.883211678832,0.930769230769,121,2,16,272,0.883211678832,0.992700729927,0.00729927007299,0.116788321168,0.983739837398,0.883211678832,0.930769230769,0.956204379562,0.566909975669,0.898876404494,0.901669634667,0.875912408759,342,205,137,0,342,0,205,0,137,37,342,0.256756756757,1.72528881811,18.4864864865,15.5454545455,9.77142857143,5.36771015539,0.290358590277,0.142642642643,9.50849154237,1.02869645341,0.544491860281,8.05331334643,0.871264894205,0.461830251304,0.640599570326,0.371299902718,2,1.72528881811,0.640599570326,2,0.344071394247,0.376569037657,810,0.104247104247,0.56957682835,37,37,37,1,0,0.405405405405,0.540540540541,0.0540540540541,37,0.153903903904,1.81395075292,11.0810810811,9.31818181818,5.85714285714,4.15249843386,0.374737663544,0.208305866842,6.12642089911,1.10574425984,0.587211601846,4.77024687571,0.860971387324,0.464864864865,0.737828495967,0.406752220135,2,1.81395075292,0.737828495967,2,0.153043938648,0.10292249047,81,0.0104247104247,0.24798773847,37,37,37,1,0,0.405405405405,0.540540540541,0.0540540540541,37,328,0.246246246246,1.72077937251,17.7297297297,14.9090909091,9.37142857143,4.82843803044,0.272335681595,0.128295978906,8.87306211131,1.00092468939,0.531311799604,8.21300514145,0.926467043395,0.483355306526,0.63389945121,0.368379271239,2,1.72077937251,0.63389945121,2,0.300704967353,0.311967269008,610,0.0785070785071,0.575393295559,37,37,37,1,0,0.405405405405,0.540540540541,0.0540540540541,-14,-0.0105105105105,-0.00450944560143,-0.756756756757,-0.636363636364,-0.4,-0.539272124952,-0.0180229086821,-0.0143466637369,-0.635429431061,-0.0277717640288,-0.0131800606769,0.159691795014,0.0552021491902,0.0215250552221,-0.00670011911568,-0.00292063147829,0,-0.00450944560143,-0.00670011911568,0,-0.0433664268949,-0.0646017686491,-200,-0.02574002574,0.00581646720905,0,0,0,326,2,16,988,0.953216374269,0.99797979798,0.0020202020202,0.046783625731,0.993902439024,0.953216374269,0.973134328358,0.964488305192,0.951196172249,0.947674418605,123,137,0,0,0,0
2591,WLNM_dir_neg,0.972627737226,0.849436517586,00:00:05,10,60,38,1238529973,threshold_sweep,0.8,0.991803278689,0.883211678832,0.934362934363,121,1,16,273,0.883211678832,0.996350364964,0.0036496350365,0.116788321168,0.991803278689,0.883211678832,0.934362934363,0.958637469586,0.567721005677,0.904315196998,0.907555531289,0.879562043796,342,205,137,0,342,0,205,0,137,37,342,0.256756756757,1.72528881811,18.4864864865,15.5454545455,9.77142857143,5.36771015539,0.290358590277,0.142642642643,9.50849154237,1.02869645341,0.544491860281,8.05331334643,0.871264894205,0.461830251304,0.640599570326,0.371299902718,2,1.72528881811,0.640599570326,2,0.344071394247,0.376569037657,810,0.104247104247,0.56957682835,37,37,37,1,0,0.405405405405,0.540540540541,0.0540540540541,37,0.153903903904,1.81395075292,11.0810810811,9.31818181818,5.85714285714,4.15249843386,0.374737663544,0.208305866842,6.12642089911,1.10574425984,0.587211601846,4.77024687571,0.860971387324,0.464864864865,0.737828495967,0.406752220135,2,1.81395075292,0.737828495967,2,0.153043938648,0.10292249047,81,0.0104247104247,0.24798773847,37,37,37,1,0,0.405405405405,0.540540540541,0.0540540540541,37,327,0.245495495495,1.71918488103,17.6756756757,14.8636363636,9.34285714286,4.81348830576,0.272322732895,0.128275064055,8.84908505476,1.00127262087,0.531283577155,8.23108442131,0.931345943696,0.484998760228,0.632397946789,0.367847550178,2,1.71918488103,0.632397946789,2,0.291454397421,0.306227483273,595,0.0765765765766,0.57714072492,37,37,37,1,0,0.405405405405,0.540540540541,0.0540540540541,-15,-0.0112612612613,-0.00610393708704,-0.810810810811,-0.681818181818,-0.428571428571,-0.554221849635,-0.0180358573826,-0.0143675785878,-0.659406487619,-0.0274238325403,-0.0132082831262,0.177771074877,0.0600810494909,0.0231685089242,-0.00820162353704,-0.00345235253981,0,-0.00610393708704,-0.00820162353704,0,-0.0526169968265,-0.0703415543836,-215,-0.0276705276705,0.00756389657025,0,0,0,326,1,16,989,0.953216374269,0.99898989899,0.0010101010101,0.046783625731,0.996941896024,0.953216374269,0.974588938714,0.966506505209,0.952206273259,0.950437317784,122,137,0,0,0,0
2592,WLNM_dir_neg,0.972627737226,0.849436517586,00:00:05,10,60,38,1238529973,threshold_sweep,0.9,0.99173553719,0.875912408759,0.93023255814,120,1,17,273,0.875912408759,0.996350364964,0.0036496350365,0.124087591241,0.99173553719,0.875912408759,0.93023255814,0.956204379562,0.568532035685,0.898496240602,0.902175894775,0.872262773723,342,205,137,0,342,0,205,0,137,37,342,0.256756756757,1.72528881811,18.4864864865,15.5454545455,9.77142857143,5.36771015539,0.290358590277,0.142642642643,9.50849154237,1.02869645341,0.544491860281,8.05331334643,0.871264894205,0.461830251304,0.640599570326,0.371299902718,2,1.72528881811,0.640599570326,2,0.344071394247,0.376569037657,810,0.104247104247,0.56957682835,37,37,37,1,0,0.405405405405,0.540540540541,0.0540540540541,37,0.153903903904,1.81395075292,11.0810810811,9.31818181818,5.85714285714,4.15249843386,0.374737663544,0.208305866842,6.12642089911,1.10574425984,0.587211601846,4.77024687571,0.860971387324,0.464864864865,0.737828495967,0.406752220135,2,1.81395075292,0.737828495967,2,0.153043938648,0.10292249047,81,0.0104247104247,0.24798773847,37,37,37,1,0,0.405405405405,0.540540540541,0.0540540540541,37,326,0.244744744745,1.71939685771,17.6216216216,14.8181818182,9.31428571429,4.88962252208,0.277478578707,0.130741170618,8.82495778346,1.001605638,0.53108937158,8.24229551978,0.93547525838,0.485989056541,0.632539220142,0.367884364395,2,1.71939685771,0.632539220142,2,0.29218102903,0.306818181818,594,0.0764478764479,0.578641664912,37,37,37,1,0,0.405405405405,0.540540540541,0.0540540540541,-16,-0.012012012012,-0.00589196040447,-0.864864864865,-0.727272727273,-0.457142857143,-0.478087633316,-0.0128800115703,-0.0119014720242,-0.683533758913,-0.0270908154146,-0.0134024887012,0.188982173349,0.0642103641754,0.0241588052373,-0.00806035018382,-0.00341553832234,0,-0.00589196040447,-0.00806035018382,0,-0.0518903652176,-0.0697508558387,-216,-0.0277992277992,0.00906483656218,0,0,0,325,1,17,989,0.950292397661,0.99898989899,0.0010101010101,0.0497076023392,0.996932515337,0.950292397661,0.973053892216,0.964535555602,0.949282296651,0.947521865889,121,137,0,0,0,0
2593,WLNM_dir_neg,0.987905589003,0.87799876914,00:00:04,10,60,39,1238529974,threshold_sweep,0.1,0.952755905512,0.883211678832,0.916666666667,121,6,16,268,0.883211678832,0.978102189781,0.021897810219,0.116788321168,0.952755905512,0.883211678832,0.916666666667,0.946472019465,0.563665855637,0.877323420074,0.878690588221,0.861313868613,342,205,137,0,342,0,205,0,137,37,342,0.256756756757,1.72528881811,18.4864864865,15.5454545455,9.77142857143,5.36771015539,0.290358590277,0.142642642643,9.50849154237,1.02869645341,0.544491860281,8.05331334643,0.871264894205,0.461830251304,0.640599570326,0.371299902718,2,1.72528881811,0.640599570326,2,0.344071394247,0.376569037657,810,0.104247104247,0.56957682835,37,37,37,1,0,0.405405405405,0.540540540541,0.0540540540541,37,0.153903903904,1.80497611322,11.0810810811,9.31818181818,5.85714285714,3.93967270481,0.355531439215,0.195517468688,6.0442562018,1.09091453398,0.582201713909,4.86252446206,0.877626366323,0.470402109426,0.730291046204,0.404598731727,2,1.80497611322,0.730291046204,2,0.125018370607,0.0953608247423,74,0.00952380952381,0.254513518423,37,37,37,1,0,0.405405405405,0.540540540541,0.0540540540541,37,332,0.249249249249,1,17.9459459459,14.4347826087,9.22222222222,4.86453118642,0.271065743822,0.132692933898,8.93335350273,0.995584577112,0.530120481928,7.89333926832,0.879679376289,0.467437316835,0,0,0,NaN,NaN,NaN,0.300603219584,0.329032258065,646,0.0831402831403,0.506282902208,37,37,0,1,2,0.378378378378,0.594594594595,0.027027027027,-10,-0.00750750750751,-0.725288818115,-0.540540540541,-1.11067193676,-0.549206349206,-0.503178968972,-0.0192928464555,-0.00994970874489,-0.575138039641,-0.0331118763029,-0.0143713783536,-0.159974078114,0.00841448208382,0.00560706553097,-0.640599570326,-0.371299902718,-2,NaN,NaN,NaN,-0.0434681746632,-0.0475367795924,-164,-0.0211068211068,-0.0632939261414,-0.027027027027,0.0540540540541,-0.027027027027,326,6,16,984,0.953216374269,0.993939393939,0.00606060606061,0.046783625731,0.981927710843,0.953216374269,0.967359050445,0.956495688959,0.947155768208,0.936781609195,127,137,0,0,0,0
2594,WLNM_dir_neg,0.987905589003,0.87799876914,00:00:04,10,60,39,1238529974,threshold_sweep,0.2,0.951219512195,0.85401459854,0.9,117,6,20,268,0.85401459854,0.978102189781,0.021897810219,0.14598540146,0.951219512195,0.85401459854,0.9,0.936739659367,0.566909975669,0.85393258427,0.856586152934,0.832116788321,342,205,137,0,342,0,205,0,137,37,342,0.256756756757,1.72528881811,18.4864864865,15.5454545455,9.77142857143,5.36771015539,0.290358590277,0.142642642643,9.50849154237,1.02869645341,0.544491860281,8.05331334643,0.871264894205,0.461830251304,0.640599570326,0.371299902718,2,1.72528881811,0.640599570326,2,0.344071394247,0.376569037657,810,0.104247104247,0.56957682835,37,37,37,1,0,0.405405405405,0.540540540541,0.0540540540541,37,0.153903903904,1.80497611322,11.0810810811,9.31818181818,5.85714285714,3.93967270481,0.355531439215,0.195517468688,6.0442562018,1.09091453398,0.582201713909,4.86252446206,0.877626366323,0.470402109426,0.730291046204,0.404598731727,2,1.80497611322,0.730291046204,2,0.125018370607,0.0953608247423,74,0.00952380952381,0.254513518423,37,37,37,1,0,0.405405405405,0.540540540541,0.0540540540541,37,328,0.246246246246,1,17.7297297297,14.2608695652,9.11111111111,4.87993993957,0.275240514884,0.137359920897,8.84484206932,0.99774133099,0.530817402769,7.76445663178,0.875868583463,0.467205009888,0,0,0,NaN,NaN,NaN,0.29705195412,0.321167883212,616,0.0792792792793,0.494837218804,37,37,0,1,2,0.378378378378,0.594594594595,0.027027027027,-14,-0.0105105105105,-0.725288818115,-0.756756756757,-1.28458498024,-0.660317460317,-0.487770215823,-0.0151180753928,-0.00528272174614,-0.663649473054,-0.0309551224243,-0.0136744575127,-0.288856714655,0.00460368925807,0.005374758584,-0.640599570326,-0.371299902718,-2,NaN,NaN,NaN,-0.0470194401272,-0.0554011544452,-194,-0.0249678249678,-0.0747396095455,-0.027027027027,0.0540540540541,-0.027027027027,322,6,20,984,0.941520467836,0.993939393939,0.00606060606061,0.0584795321637,0.981707317073,0.941520467836,0.961194029851,0.94853209357,0.935459861776,0.925287356322,123,137,0,0,0,0
2595,WLNM_dir_neg,0.987905589003,0.87799876914,00:00:04,10,60,39,1238529974,threshold_sweep,0.3,0.950819672131,0.846715328467,0.895752895753,116,6,21,268,0.846715328467,0.978102189781,0.021897810219,0.153284671533,0.950819672131,0.846715328467,0.895752895753,0.934306569343,0.567721005677,0.848030018762,0.851068672495,0.824817518248,342,205,137,0,342,0,205,0,137,37,342,0.256756756757,1.72528881811,18.4864864865,15.5454545455,9.77142857143,5.36771015539,0.290358590277,0.142642642643,9.50849154237,1.02869645341,0.544491860281,8.05331334643,0.871264894205,0.461830251304,0.640599570326,0.371299902718,2,1.72528881811,0.640599570326,2,0.344071394247,0.376569037657,810,0.104247104247,0.56957682835,37,37,37,1,0,0.405405405405,0.540540540541,0.0540540540541,37,0.153903903904,1.80497611322,11.0810810811,9.31818181818,5.85714285714,3.93967270481,0.355531439215,0.195517468688,6.0442562018,1.09091453398,0.582201713909,4.86252446206,0.877626366323,0.470402109426,0.730291046204,0.404598731727,2,1.80497611322,0.730291046204,2,0.125018370607,0.0953608247423,74,0.00952380952381,0.254513518423,37,37,37,1,0,0.405405405405,0.540540540541,0.0540540540541,37,327,0.245495495495,1,17.6756756757,14.2173913043,9.08333333333,4.84225644173,0.273950287988,0.135796346806,8.81448780107,0.99735794691,0.530126456732,7.78000826018,0.880306745036,0.468799074304,0,0,0,NaN,NaN,NaN,0.290780952416,0.313910761155,598,0.0769626769627,0.496298481754,37,37,0,1,2,0.378378378378,0.594594594595,0.027027027027,-15,-0.0112612612613,-0.725288818115,-0.810810810811,-1.32806324111,-0.688095238095,-0.525453713666,-0.0164083022895,-0.00684629583712,-0.694003741306,-0.0313385065049,-0.0143654035494,-0.27330508625,0.00904185083122,0.00696882299973,-0.640599570326,-0.371299902718,-2,NaN,NaN,NaN,-0.0532904418317,-0.062658276502,-212,-0.0272844272844,-0.0732783465959,-0.027027027027,0.0540540540541,-0.027027027027,321,6,21,984,0.938596491228,0.993939393939,0.00606060606061,0.0614035087719,0.981651376147,0.938596491228,0.959641255605,0.946540707268,0.932535885167,0.922413793103,122,137,0,0,0,0
2596,WLNM_dir_neg,0.987905589003,0.87799876914,00:00:04,10,60,39,1238529974,threshold_sweep,0.4,0.958333333333,0.839416058394,0.894941634241,115,5,22,269,0.839416058394,0.981751824818,0.0182481751825,0.160583941606,0.958333333333,0.839416058394,0.894941634241,0.934306569343,0.569343065693,0.847457627119,0.851393642225,0.821167883212,342,205,137,0,342,0,205,0,137,37,342,0.256756756757,1.72528881811,18.4864864865,15.5454545455,9.77142857143,5.36771015539,0.290358590277,0.142642642643,9.50849154237,1.02869645341,0.544491860281,8.05331334643,0.871264894205,0.461830251304,0.640599570326,0.371299902718,2,1.72528881811,0.640599570326,2,0.344071394247,0.376569037657,810,0.104247104247,0.56957682835,37,37,37,1,0,0.405405405405,0.540540540541,0.0540540540541,37,0.153903903904,1.80497611322,11.0810810811,9.31818181818,5.85714285714,3.93967270481,0.355531439215,0.195517468688,6.0442562018,1.09091453398,0.582201713909,4.86252446206,0.877626366323,0.470402109426,0.730291046204,0.404598731727,2,1.80497611322,0.730291046204,2,0.125018370607,0.0953608247423,74,0.00952380952381,0.254513518423,37,37,37,1,0,0.405405405405,0.540540540541,0.0540540540541,37,325,0.243993993994,1.73440087234,17.5675675676,14.7727272727,9.02777777778,4.96398440178,0.282565265948,0.141621621622,8.8258935183,1.00479403131,0.534054054054,7.75720143958,0.883127548506,0.470353430353,0.650217850182,0.374894789636,2,1.73440087234,0.650217850182,2,0.289763698767,0.311654069256,591,0.0760617760618,0.532921273942,37,37,37,1,0,0.405405405405,0.567567567568,0.027027027027,-17,-0.0127627627628,0.00911205422839,-0.918918918919,-0.772727272727,-0.743650793651,-0.403725753611,-0.0077933243295,-0.00102102102102,-0.682598024073,-0.0239024221005,-0.0104378062273,-0.296111906857,0.0118626543008,0.00852317904949,0.00961827985549,0.00359488691821,0,0.00911205422839,0.00961827985549,0,-0.0543076954805,-0.0649149684004,-219,-0.0281853281853,-0.0366555544078,0,0.027027027027,-0.027027027027,320,5,22,985,0.93567251462,0.994949494949,0.00505050505051,0.0643274853801,0.984615384615,0.93567251462,0.95952023988,0.946558705642,0.930622009569,0.922190201729,120,137,0,0,0,0
2597,WLNM_dir_neg,0.987905589003,0.87799876914,00:00:04,10,60,39,1238529974,threshold_sweep,0.5,0.958333333333,0.839416058394,0.894941634241,115,5,22,269,0.839416058394,0.981751824818,0.0182481751825,0.160583941606,0.958333333333,0.839416058394,0.894941634241,0.934306569343,0.569343065693,0.847457627119,0.851393642225,0.821167883212,342,205,137,0,342,0,205,0,137,37,342,0.256756756757,1.72528881811,18.4864864865,15.5454545455,9.77142857143,5.36771015539,0.290358590277,0.142642642643,9.50849154237,1.02869645341,0.544491860281,8.05331334643,0.871264894205,0.461830251304,0.640599570326,0.371299902718,2,1.72528881811,0.640599570326,2,0.344071394247,0.376569037657,810,0.104247104247,0.56957682835,37,37,37,1,0,0.405405405405,0.540540540541,0.0540540540541,37,0.153903903904,1.80497611322,11.0810810811,9.31818181818,5.85714285714,3.93967270481,0.355531439215,0.195517468688,6.0442562018,1.09091453398,0.582201713909,4.86252446206,0.877626366323,0.470402109426,0.730291046204,0.404598731727,2,1.80497611322,0.730291046204,2,0.125018370607,0.0953608247423,74,0.00952380952381,0.254513518423,37,37,37,1,0,0.405405405405,0.540540540541,0.0540540540541,37,325,0.243993993994,1.73440087234,17.5675675676,14.7727272727,9.02777777778,4.96398440178,0.282565265948,0.141621621622,8.8258935183,1.00479403131,0.534054054054,7.75720143958,0.883127548506,0.470353430353,0.650217850182,0.374894789636,2,1.73440087234,0.650217850182,2,0.289763698767,0.311654069256,591,0.0760617760618,0.532921273942,37,37,37,1,0,0.405405405405,0.567567567568,0.027027027027,-17,-0.0127627627628,0.00911205422839,-0.918918918919,-0.772727272727,-0.743650793651,-0.403725753611,-0.0077933243295,-0.00102102102102,-0.682598024073,-0.0239024221005,-0.0104378062273,-0.296111906857,0.0118626543008,0.00852317904949,0.00961827985549,0.00359488691821,0,0.00911205422839,0.00961827985549,0,-0.0543076954805,-0.0649149684004,-219,-0.0281853281853,-0.0366555544078,0,0.027027027027,-0.027027027027,320,5,22,985,0.93567251462,0.994949494949,0.00505050505051,0.0643274853801,0.984615384615,0.93567251462,0.95952023988,0.946558705642,0.930622009569,0.922190201729,120,137,0,0,0,0
2598,WLNM_dir_neg,0.987905589003,0.87799876914,00:00:04,10,60,39,1238529974,threshold_sweep,0.6,0.957983193277,0.832116788321,0.890625,114,5,23,269,0.832116788321,0.981751824818,0.0182481751825,0.167883211679,0.957983193277,0.832116788321,0.890625,0.931873479319,0.570154095702,0.841509433962,0.845911557748,0.813868613139,342,205,137,0,342,0,205,0,137,37,342,0.256756756757,1.72528881811,18.4864864865,15.5454545455,9.77142857143,5.36771015539,0.290358590277,0.142642642643,9.50849154237,1.02869645341,0.544491860281,8.05331334643,0.871264894205,0.461830251304,0.640599570326,0.371299902718,2,1.72528881811,0.640599570326,2,0.344071394247,0.376569037657,810,0.104247104247,0.56957682835,37,37,37,1,0,0.405405405405,0.540540540541,0.0540540540541,37,0.153903903904,1.80497611322,11.0810810811,9.31818181818,5.85714285714,3.93967270481,0.355531439215,0.195517468688,6.0442562018,1.09091453398,0.582201713909,4.86252446206,0.877626366323,0.470402109426,0.730291046204,0.404598731727,2,1.80497611322,0.730291046204,2,0.125018370607,0.0953608247423,74,0.00952380952381,0.254513518423,37,37,37,1,0,0.405405405405,0.540540540541,0.0540540540541,37,324,0.243243243243,1.73598103989,17.5135135135,14.7272727273,9,4.98119587171,0.28442013465,0.143059726393,8.81414710503,1.00655383607,0.535702369036,7.72228163392,0.881865495232,0.46963630297,0.652618067875,0.375936172619,2,1.73598103989,0.652618067875,2,0.288599623299,0.309119830329,583,0.0750321750322,0.529508752299,37,37,37,1,0,0.405405405405,0.567567567568,0.027027027027,-18,-0.0135135135135,0.0106922217736,-0.972972972973,-0.818181818182,-0.771428571429,-0.386514283686,-0.00593845562718,0.000417083750417,-0.69434443734,-0.022142617346,-0.00878949124563,-0.331031712511,0.0106006010271,0.0078060516657,0.0120184975489,0.00463626990134,0,0.0106922217736,0.0120184975489,0,-0.055471770948,-0.0674492073282,-227,-0.0292149292149,-0.0400680760511,0,0.027027027027,-0.027027027027,319,5,23,985,0.932748538012,0.994949494949,0.00505050505051,0.0672514619883,0.984567901235,0.932748538012,0.957957957958,0.944570797896,0.927698032961,0.919308357349,119,137,0,0,0,0
2599,WLNM_dir_neg,0.987905589003,0.87799876914,00:00:04,10,60,39,1238529974,threshold_sweep,0.7,0.974137931034,0.824817518248,0.893280632411,113,3,24,271,0.824817518248,0.989051094891,0.0109489051095,0.175182481752,0.974137931034,0.824817518248,0.893280632411,0.934306569343,0.572587185726,0.846299810247,0.852412603863,0.813868613139,342,205,137,0,342,0,205,0,137,37,342,0.256756756757,1.72528881811,18.4864864865,15.5454545455,9.77142857143,5.36771015539,0.290358590277,0.142642642643,9.50849154237,1.02869645341,0.544491860281,8.05331334643,0.871264894205,0.461830251304,0.640599570326,0.371299902718,2,1.72528881811,0.640599570326,2,0.344071394247,0.376569037657,810,0.104247104247,0.56957682835,37,37,37,1,0,0.405405405405,0.540540540541,0.0540540540541,37,0.153903903904,1.80497611322,11.0810810811,9.31818181818,5.85714285714,3.93967270481,0.355531439215,0.195517468688,6.0442562018,1.09091453398,0.582201713909,4.86252446206,0.877626366323,0.470402109426,0.730291046204,0.404598731727,2,1.80497611322,0.730291046204,2,0.125018370607,0.0953608247423,74,0.00952380952381,0.254513518423,37,37,37,1,0,0.405405405405,0.540540540541,0.0540540540541,37,321,0.240990990991,1.73229409371,17.3513513514,14.5909090909,9.17142857143,4.95656812397,0.285658910572,0.143133787994,8.69244261175,1.00193263749,0.532457691336,7.77122203337,0.895748334064,0.478066851899,0.648452451142,0.37433161811,2,1.73229409371,0.648452451142,2,0.282911978262,0.302806765023,561,0.0722007722008,0.532910591951,37,37,37,1,0,0.405405405405,0.540540540541,0.0540540540541,-21,-0.0157657657658,0.00700527559841,-1.13513513514,-0.954545454545,-0.6,-0.411142031422,-0.00469967970557,0.000491145350959,-0.816048930625,-0.0267638159234,-0.0120341689451,-0.282091313067,0.0244834398593,0.0162366005947,0.00785288081636,0.00303171539245,0,0.00700527559841,0.00785288081636,0,-0.0611594159855,-0.0737622726335,-249,-0.0320463320463,-0.036666236399,0,0,0,318,3,24,987,0.929824561404,0.99696969697,0.0030303030303,0.0701754385965,0.990654205607,0.929824561404,0.9592760181,0.946642265667,0.926794258373,0.921739130435,116,137,0,0,0,0
2600,WLNM_dir_neg,0.987905589003,0.87799876914,00:00:04,10,60,39,1238529974,threshold_sweep,0.8,0.982456140351,0.817518248175,0.892430278884,112,2,25,272,0.817518248175,0.992700729927,0.00729927007299,0.182481751825,0.982456140351,0.817518248175,0.892430278884,0.934306569343,0.574209245742,0.845714285714,0.853114505435,0.810218978102,342,205,137,0,342,0,205,0,137,37,342,0.256756756757,1.72528881811,18.4864864865,15.5454545455,9.77142857143,5.36771015539,0.290358590277,0.142642642643,9.50849154237,1.02869645341,0.544491860281,8.05331334643,0.871264894205,0.461830251304,0.640599570326,0.371299902718,2,1.72528881811,0.640599570326,2,0.344071394247,0.376569037657,810,0.104247104247,0.56957682835,37,37,37,1,0,0.405405405405,0.540540540541,0.0540540540541,37,0.153903903904,1.80497611322,11.0810810811,9.31818181818,5.85714285714,3.93967270481,0.355531439215,0.195517468688,6.0442562018,1.09091453398,0.582201713909,4.86252446206,0.877626366323,0.470402109426,0.730291046204,0.404598731727,2,1.80497611322,0.730291046204,2,0.125018370607,0.0953608247423,74,0.00952380952381,0.254513518423,37,37,37,1,0,0.405405405405,0.540540540541,0.0540540540541,37,319,0.239489489489,1.72963782126,17.2432432432,14.5,9.11428571429,4.97998998998,0.288808196911,0.145386766076,8.65817324636,1.00423953014,0.534101499619,7.82215994379,0.907272469969,0.484283656697,0.645843474648,0.373398099133,2,1.72963782126,0.645843474648,2,0.27559237758,0.294813466788,540,0.0694980694981,0.536528219879,37,37,37,1,0,0.405405405405,0.540540540541,0.0540540540541,-23,-0.0172672672673,0.0043490031469,-1.24324324324,-1.04545454545,-0.657142857143,-0.387720165413,-0.00155039336606,0.00274412343378,-0.850318296016,-0.0244569232729,-0.0103903606626,-0.231153402647,0.0360075757642,0.0224534053935,0.00524390432184,0.00209819641538,0,0.0043490031469,0.00524390432184,0,-0.0684790166676,-0.0817555708689,-270,-0.034749034749,-0.0330486084706,0,0,0,317,2,25,988,0.926900584795,0.99797979798,0.0020202020202,0.0730994152047,0.993730407524,0.926900584795,0.95915279879,0.946708233179,0.924880382775,0.921511627907,114,137,0,0,0,0
2601,WLNM_dir_neg,0.987905589003,0.87799876914,00:00:04,10,60,39,1238529974,threshold_sweep,0.9,0.991071428571,0.810218978102,0.89156626506,111,1,26,273,0.810218978102,0.996350364964,0.0036496350365,0.189781021898,0.991071428571,0.810218978102,0.89156626506,0.934306569343,0.575831305758,0.845124282983,0.853950447309,0.806569343066,342,205,137,0,342,0,205,0,137,37,342,0.256756756757,1.72528881811,18.4864864865,15.5454545455,9.77142857143,5.36771015539,0.290358590277,0.142642642643,9.50849154237,1.02869645341,0.544491860281,8.05331334643,0.871264894205,0.461830251304,0.640599570326,0.371299902718,2,1.72528881811,0.640599570326,2,0.344071394247,0.376569037657,810,0.104247104247,0.56957682835,37,37,37,1,0,0.405405405405,0.540540540541,0.0540540540541,37,0.153903903904,1.80497611322,11.0810810811,9.31818181818,5.85714285714,3.93967270481,0.355531439215,0.195517468688,6.0442562018,1.09091453398,0.582201713909,4.86252446206,0.877626366323,0.470402109426,0.730291046204,0.404598731727,2,1.80497611322,0.730291046204,2,0.125018370607,0.0953608247423,74,0.00952380952381,0.254513518423,37,37,37,1,0,0.405405405405,0.540540540541,0.0540540540541,37,317,0.237987987988,1.72829732678,17.1351351351,14.4090909091,9.05714285714,4.87716995673,0.284629792427,0.142637906045,8.58144167032,1.00161937477,0.532014664507,7.81572681109,0.912245716121,0.48733907409,0.644720532159,0.373037973368,2,1.72829732678,0.644720532159,2,0.273054106318,0.29142228739,530,0.0682110682111,0.535980600141,37,37,37,1,0,0.405405405405,0.540540540541,0.0540540540541,-25,-0.0187687687688,0.00300850866279,-1.35135135135,-1.13636363636,-0.714285714286,-0.490540198668,-0.00572879784992,-4.73659779643e-06,-0.927049872053,-0.0270770786453,-0.0124771957746,-0.237586535345,0.040980821916,0.0255088227859,0.00412096183318,0.0017380706507,0,0.00300850866279,0.00412096183318,0,-0.0710172879297,-0.0851467502669,-280,-0.036036036036,-0.0335962282088,0,0,0,316,1,26,989,0.923976608187,0.99898989899,0.0010101010101,0.0760233918129,0.996845425868,0.923976608187,0.959028831563,0.946790604674,0.922966507177,0.921282798834,112,137,0,0,0,0
2602,WLNM_dir_neg,0.985947573126,0.918360078469,00:00:04,10,60,40,1238529975,threshold_sweep,0.1,0.893617021277,0.919708029197,0.906474820144,126,15,11,259,0.919708029197,0.945255474453,0.0547445255474,0.0802919708029,0.893617021277,0.919708029197,0.906474820144,0.936739659367,0.552311435523,0.858695652174,0.85889862952,0.86496350365,342,205,137,0,342,0,205,0,137,37,342,0.256756756757,1.72528881811,18.4864864865,15.5454545455,9.77142857143,5.36771015539,0.290358590277,0.142642642643,9.50849154237,1.02869645341,0.544491860281,8.05331334643,0.871264894205,0.461830251304,0.640599570326,0.371299902718,2,1.72528881811,0.640599570326,2,0.344071394247,0.376569037657,810,0.104247104247,0.56957682835,37,37,37,1,0,0.405405405405,0.540540540541,0.0540540540541,37,0.153903903904,1.792001232,11.0810810811,9.31818181818,5.85714285714,4.08505663213,0.368651452168,0.205405405405,6.06261125714,1.09422739763,0.583256427159,5.00885102479,0.904036526426,0.482003955175,0.709084516438,0.395694212579,2,1.792001232,0.709084516438,2,0.142517246929,0.0994897959184,78,0.0100386100386,0.261318537297,37,37,37,1,0,0.405405405405,0.540540540541,0.0540540540541,37,346,0.25975975976,1.7214735582,18.7027027027,15.7272727273,9.61111111111,5.09283191721,0.272304596729,0.13825964693,9.30715440525,0.995273736977,0.53476019372,8.07333132472,0.863333118539,0.456334947664,0.624215310001,0.362605226799,1.52734539222,1.7214735582,0.624215310001,1.52734539222,0.342044311049,0.36709057072,789,0.101544401544,0.567690672512,37,37,37,1,0,0.405405405405,0.567567567568,0.027027027027,4,0.003003003003,-0.00381525991141,0.216216216216,0.181818181818,-0.160317460317,-0.274878238185,-0.0180539935478,-0.00438299571248,-0.201337137127,-0.0334227164374,-0.0097316665616,0.0200179782841,-0.00793177566563,-0.00549530363951,-0.0163842603248,-0.00869467591848,-0.472654607783,-0.00381525991141,-0.0163842603248,-0.472654607783,-0.00202708319853,-0.0094784669373,-21,-0.0027027027027,-0.00188615583779,0,0.027027027027,-0.027027027027,331,15,11,975,0.96783625731,0.984848484848,0.0151515151515,0.0321637426901,0.956647398844,0.96783625731,0.962209302326,0.949081161828,0.952684742158,0.927170868347,141,137,0,0,0,0
2603,WLNM_dir_neg,0.985947573126,0.918360078469,00:00:04,10,60,40,1238529975,threshold_sweep,0.2,0.892857142857,0.912408759124,0.902527075812,125,15,12,259,0.912408759124,0.945255474453,0.0547445255474,0.0875912408759,0.892857142857,0.912408759124,0.902527075812,0.934306569343,0.553122465531,0.852994555354,0.853108366552,0.857664233577,342,205,137,0,342,0,205,0,137,37,342,0.256756756757,1.72528881811,18.4864864865,15.5454545455,9.77142857143,5.36771015539,0.290358590277,0.142642642643,9.50849154237,1.02869645341,0.544491860281,8.05331334643,0.871264894205,0.461830251304,0.640599570326,0.371299902718,2,1.72528881811,0.640599570326,2,0.344071394247,0.376569037657,810,0.104247104247,0.56957682835,37,37,37,1,0,0.405405405405,0.540540540541,0.0540540540541,37,0.153903903904,1.792001232,11.0810810811,9.31818181818,5.85714285714,4.08505663213,0.368651452168,0.205405405405,6.06261125714,1.09422739763,0.583256427159,5.00885102479,0.904036526426,0.482003955175,0.709084516438,0.395694212579,2,1.792001232,0.709084516438,2,0.142517246929,0.0994897959184,78,0.0100386100386,0.261318537297,37,37,37,1,0,0.405405405405,0.540540540541,0.0540540540541,37,345,0.259009009009,1.72036844697,18.6486486486,15.6818181818,9.58333333333,5.05643822938,0.271142339836,0.137171954563,9.27378040515,0.994579347799,0.534273403839,8.08995966909,0.867618863061,0.457814336075,0.623019126948,0.36214284681,1.52727985524,1.72036844697,0.623019126948,1.52727985524,0.33713453964,0.361067748985,771,0.0992277992278,0.568999829751,37,37,37,1,0,0.405405405405,0.567567567568,0.027027027027,3,0.00225225225225,-0.0049203711441,0.162162162162,0.136363636364,-0.188095238095,-0.31127192601,-0.0192162504406,-0.00547068807938,-0.234711137222,-0.0341171056158,-0.0102184564427,0.0366463226523,-0.00364603114341,-0.00401591522873,-0.0175804433783,-0.00915705590795,-0.47272014476,-0.0049203711441,-0.0175804433783,-0.47272014476,-0.00693685460715,-0.0155012886716,-39,-0.00501930501931,-0.000576998598839,0,0.027027027027,-0.027027027027,330,15,12,975,0.964912280702,0.984848484848,0.0151515151515,0.0350877192982,0.95652173913,0.964912280702,0.960698689956,0.947058380393,0.94976076555,0.924369747899,140,137,0,0,0,0
2604,WLNM_dir_neg,0.985947573126,0.918360078469,00:00:04,10,60,40,1238529975,threshold_sweep,0.3,0.89928057554,0.912408759124,0.905797101449,125,14,12,260,0.912408759124,0.948905109489,0.0510948905109,0.0875912408759,0.89928057554,0.912408759124,0.905797101449,0.936739659367,0.553933495539,0.858181818182,0.858232888105,0.861313868613,342,205,137,0,342,0,205,0,137,37,342,0.256756756757,1.72528881811,18.4864864865,15.5454545455,9.77142857143,5.36771015539,0.290358590277,0.142642642643,9.50849154237,1.02869645341,0.544491860281,8.05331334643,0.871264894205,0.461830251304,0.640599570326,0.371299902718,2,1.72528881811,0.640599570326,2,0.344071394247,0.376569037657,810,0.104247104247,0.56957682835,37,37,37,1,0,0.405405405405,0.540540540541,0.0540540540541,37,0.153903903904,1.792001232,11.0810810811,9.31818181818,5.85714285714,4.08505663213,0.368651452168,0.205405405405,6.06261125714,1.09422739763,0.583256427159,5.00885102479,0.904036526426,0.482003955175,0.709084516438,0.395694212579,2,1.792001232,0.709084516438,2,0.142517246929,0.0994897959184,78,0.0100386100386,0.261318537297,37,37,37,1,0,0.405405405405,0.540540540541,0.0540540540541,37,344,0.258258258258,1.71847297271,18.5945945946,15.6363636364,9.55555555556,4.98586590863,0.268135230551,0.135213702074,9.24321031552,0.994182504867,0.533940917662,8.11673465018,0.873020878071,0.461187932118,0.621039254622,0.361390178655,1.52716744696,1.71847297271,0.621039254622,1.52716744696,0.332954635232,0.355244535304,753,0.0969111969112,0.571357416516,37,37,37,1,0,0.405405405405,0.567567567568,0.027027027027,2,0.0015015015015,-0.00681584540576,0.108108108108,0.0909090909091,-0.215873015873,-0.381844246761,-0.0222233597257,-0.00742894056848,-0.265281226855,-0.0345139485478,-0.0105509426195,0.0634213037426,0.00175598386647,-0.000642319185771,-0.0195603157042,-0.00990972406233,-0.47283255304,-0.00681584540576,-0.0195603157042,-0.47283255304,-0.0111167590159,-0.0213245023526,-57,-0.00733590733591,0.00178058816635,0,0.027027027027,-0.027027027027,330,14,12,976,0.964912280702,0.985858585859,0.0141414141414,0.0350877192982,0.959302325581,0.964912280702,0.962099125364,0.948962000871,0.95077086656,0.926966292135,139,137,0,0,0,0
2605,WLNM_dir_neg,0.985947573126,0.918360078469,00:00:04,10,60,40,1238529975,threshold_sweep,0.4,0.89928057554,0.912408759124,0.905797101449,125,14,12,260,0.912408759124,0.948905109489,0.0510948905109,0.0875912408759,0.89928057554,0.912408759124,0.905797101449,0.936739659367,0.553933495539,0.858181818182,0.858232888105,0.861313868613,342,205,137,0,342,0,205,0,137,37,342,0.256756756757,1.72528881811,18.4864864865,15.5454545455,9.77142857143,5.36771015539,0.290358590277,0.142642642643,9.50849154237,1.02869645341,0.544491860281,8.05331334643,0.871264894205,0.461830251304,0.640599570326,0.371299902718,2,1.72528881811,0.640599570326,2,0.344071394247,0.376569037657,810,0.104247104247,0.56957682835,37,37,37,1,0,0.405405405405,0.540540540541,0.0540540540541,37,0.153903903904,1.792001232,11.0810810811,9.31818181818,5.85714285714,4.08505663213,0.368651452168,0.205405405405,6.06261125714,1.09422739763,0.583256427159,5.00885102479,0.904036526426,0.482003955175,0.709084516438,0.395694212579,2,1.792001232,0.709084516438,2,0.142517246929,0.0994897959184,78,0.0100386100386,0.261318537297,37,37,37,1,0,0.405405405405,0.540540540541,0.0540540540541,37,344,0.258258258258,1.71847297271,18.5945945946,15.6363636364,9.55555555556,4.98586590863,0.268135230551,0.135213702074,9.24321031552,0.994182504867,0.533940917662,8.11673465018,0.873020878071,0.461187932118,0.621039254622,0.361390178655,1.52716744696,1.71847297271,0.621039254622,1.52716744696,0.332954635232,0.355244535304,753,0.0969111969112,0.571357416516,37,37,37,1,0,0.405405405405,0.567567567568,0.027027027027,2,0.0015015015015,-0.00681584540576,0.108108108108,0.0909090909091,-0.215873015873,-0.381844246761,-0.0222233597257,-0.00742894056848,-0.265281226855,-0.0345139485478,-0.0105509426195,0.0634213037426,0.00175598386647,-0.000642319185771,-0.0195603157042,-0.00990972406233,-0.47283255304,-0.00681584540576,-0.0195603157042,-0.47283255304,-0.0111167590159,-0.0213245023526,-57,-0.00733590733591,0.00178058816635,0,0.027027027027,-0.027027027027,330,14,12,976,0.964912280702,0.985858585859,0.0141414141414,0.0350877192982,0.959302325581,0.964912280702,0.962099125364,0.948962000871,0.95077086656,0.926966292135,139,137,0,0,0,0
2606,WLNM_dir_neg,0.985947573126,0.918360078469,00:00:04,10,60,40,1238529975,threshold_sweep,0.5,0.89928057554,0.912408759124,0.905797101449,125,14,12,260,0.912408759124,0.948905109489,0.0510948905109,0.0875912408759,0.89928057554,0.912408759124,0.905797101449,0.936739659367,0.553933495539,0.858181818182,0.858232888105,0.861313868613,342,205,137,0,342,0,205,0,137,37,342,0.256756756757,1.72528881811,18.4864864865,15.5454545455,9.77142857143,5.36771015539,0.290358590277,0.142642642643,9.50849154237,1.02869645341,0.544491860281,8.05331334643,0.871264894205,0.461830251304,0.640599570326,0.371299902718,2,1.72528881811,0.640599570326,2,0.344071394247,0.376569037657,810,0.104247104247,0.56957682835,37,37,37,1,0,0.405405405405,0.540540540541,0.0540540540541,37,0.153903903904,1.792001232,11.0810810811,9.31818181818,5.85714285714,4.08505663213,0.368651452168,0.205405405405,6.06261125714,1.09422739763,0.583256427159,5.00885102479,0.904036526426,0.482003955175,0.709084516438,0.395694212579,2,1.792001232,0.709084516438,2,0.142517246929,0.0994897959184,78,0.0100386100386,0.261318537297,37,37,37,1,0,0.405405405405,0.540540540541,0.0540540540541,37,344,0.258258258258,1.71847297271,18.5945945946,15.6363636364,9.55555555556,4.98586590863,0.268135230551,0.135213702074,9.24321031552,0.994182504867,0.533940917662,8.11673465018,0.873020878071,0.461187932118,0.621039254622,0.361390178655,1.52716744696,1.71847297271,0.621039254622,1.52716744696,0.332954635232,0.355244535304,753,0.0969111969112,0.571357416516,37,37,37,1,0,0.405405405405,0.567567567568,0.027027027027,2,0.0015015015015,-0.00681584540576,0.108108108108,0.0909090909091,-0.215873015873,-0.381844246761,-0.0222233597257,-0.00742894056848,-0.265281226855,-0.0345139485478,-0.0105509426195,0.0634213037426,0.00175598386647,-0.000642319185771,-0.0195603157042,-0.00990972406233,-0.47283255304,-0.00681584540576,-0.0195603157042,-0.47283255304,-0.0111167590159,-0.0213245023526,-57,-0.00733590733591,0.00178058816635,0,0.027027027027,-0.027027027027,330,14,12,976,0.964912280702,0.985858585859,0.0141414141414,0.0350877192982,0.959302325581,0.964912280702,0.962099125364,0.948962000871,0.95077086656,0.926966292135,139,137,0,0,0,0
2607,WLNM_dir_neg,0.985947573126,0.918360078469,00:00:04,10,60,40,1238529975,threshold_sweep,0.6,0.905797101449,0.912408759124,0.909090909091,125,13,12,261,0.912408759124,0.952554744526,0.0474452554745,0.0875912408759,0.905797101449,0.912408759124,0.909090909091,0.939172749392,0.554744525547,0.863387978142,0.863400869051,0.86496350365,342,205,137,0,342,0,205,0,137,37,342,0.256756756757,1.72528881811,18.4864864865,15.5454545455,9.77142857143,5.36771015539,0.290358590277,0.142642642643,9.50849154237,1.02869645341,0.544491860281,8.05331334643,0.871264894205,0.461830251304,0.640599570326,0.371299902718,2,1.72528881811,0.640599570326,2,0.344071394247,0.376569037657,810,0.104247104247,0.56957682835,37,37,37,1,0,0.405405405405,0.540540540541,0.0540540540541,37,0.153903903904,1.792001232,11.0810810811,9.31818181818,5.85714285714,4.08505663213,0.368651452168,0.205405405405,6.06261125714,1.09422739763,0.583256427159,5.00885102479,0.904036526426,0.482003955175,0.709084516438,0.395694212579,2,1.792001232,0.709084516438,2,0.142517246929,0.0994897959184,78,0.0100386100386,0.261318537297,37,37,37,1,0,0.405405405405,0.540540540541,0.0540540540541,37,343,0.257507507508,1.71329540112,18.5405405405,15.5909090909,9.52777777778,5.04201566062,0.271945451083,0.136159483098,9.26057548202,0.998954206516,0.535655188716,8.12625596668,0.876593209234,0.46221731936,0.615258872076,0.359108459448,1.52680365434,1.71329540112,0.615258872076,1.52680365434,0.334460242,0.355755566082,751,0.0966537966538,0.570939580149,37,37,37,1,0,0.405405405405,0.567567567568,0.027027027027,1,0.000750750750751,-0.0119934169932,0.0540540540541,0.0454545454545,-0.243650793651,-0.325694494775,-0.0184131391942,-0.00648315954438,-0.247916060351,-0.0297422468991,-0.00883667156492,0.0729426202478,0.00532831502905,0.000387068056241,-0.0253406982498,-0.0121914432697,-0.473196345662,-0.0119934169932,-0.0253406982498,-0.473196345662,-0.00961115224713,-0.0208134715745,-59,-0.00759330759331,0.00136275179895,0,0.027027027027,-0.027027027027,330,13,12,977,0.964912280702,0.986868686869,0.0131313131313,0.0350877192982,0.962099125364,0.964912280702,0.963503649635,0.950872879192,0.95178096757,0.929577464789,138,137,0,0,0,0
2608,WLNM_dir_neg,0.985947573126,0.918360078469,00:00:04,10,60,40,1238529975,threshold_sweep,0.7,0.912408759124,0.912408759124,0.912408759124,125,12,12,262,0.912408759124,0.956204379562,0.043795620438,0.0875912408759,0.912408759124,0.912408759124,0.912408759124,0.941605839416,0.555555555556,0.868613138686,0.868613138686,0.868613138686,342,205,137,0,342,0,205,0,137,37,342,0.256756756757,1.72528881811,18.4864864865,15.5454545455,9.77142857143,5.36771015539,0.290358590277,0.142642642643,9.50849154237,1.02869645341,0.544491860281,8.05331334643,0.871264894205,0.461830251304,0.640599570326,0.371299902718,2,1.72528881811,0.640599570326,2,0.344071394247,0.376569037657,810,0.104247104247,0.56957682835,37,37,37,1,0,0.405405405405,0.540540540541,0.0540540540541,37,0.153903903904,1.792001232,11.0810810811,9.31818181818,5.85714285714,4.08505663213,0.368651452168,0.205405405405,6.06261125714,1.09422739763,0.583256427159,5.00885102479,0.904036526426,0.482003955175,0.709084516438,0.395694212579,2,1.792001232,0.709084516438,2,0.142517246929,0.0994897959184,78,0.0100386100386,0.261318537297,37,37,37,1,0,0.405405405405,0.540540540541,0.0540540540541,37,342,0.256756756757,1.7116424804,18.4864864865,15.5454545455,9.5,4.9867692816,0.269752139502,0.134344871187,9.22678891238,0.998219853094,0.535008692903,8.15272757836,0.882020235086,0.465465465465,0.613522057138,0.358440541272,1.52670563033,1.7116424804,0.613522057138,1.52670563033,0.334460242,0.355755566082,751,0.0966537966538,0.573090004876,37,37,37,1,0,0.405405405405,0.567567567568,0.027027027027,0,0,-0.013646337716,0,0,-0.271428571429,-0.380940873797,-0.0206064507756,-0.00829777145567,-0.281702629994,-0.030476600321,-0.0094831673779,0.0994142319267,0.010755340881,0.00363521416153,-0.0270775131882,-0.012859361446,-0.473294369666,-0.013646337716,-0.0270775131882,-0.473294369666,-0.00961115224713,-0.0208134715745,-59,-0.00759330759331,0.00351317652604,0,0.027027027027,-0.027027027027,330,12,12,978,0.964912280702,0.987878787879,0.0121212121212,0.0350877192982,0.964912280702,0.964912280702,0.964912280702,0.952791068581,0.952791068581,0.932203389831,137,137,0,0,0,0
2609,WLNM_dir_neg,0.985947573126,0.918360078469,00:00:04,10,60,40,1238529975,threshold_sweep,0.8,0.925373134328,0.905109489051,0.915129151292,124,10,13,264,0.905109489051,0.963503649635,0.036496350365,0.0948905109489,0.925373134328,0.905109489051,0.915129151292,0.94403892944,0.55798864558,0.873394495413,0.873513609001,0.868613138686,342,205,137,0,342,0,205,0,137,37,342,0.256756756757,1.72528881811,18.4864864865,15.5454545455,9.77142857143,5.36771015539,0.290358590277,0.142642642643,9.50849154237,1.02869645341,0.544491860281,8.05331334643,0.871264894205,0.461830251304,0.640599570326,0.371299902718,2,1.72528881811,0.640599570326,2,0.344071394247,0.376569037657,810,0.104247104247,0.56957682835,37,37,37,1,0,0.405405405405,0.540540540541,0.0540540540541,37,0.153903903904,1.792001232,11.0810810811,9.31818181818,5.85714285714,4.08505663213,0.368651452168,0.205405405405,6.06261125714,1.09422739763,0.583256427159,5.00885102479,0.904036526426,0.482003955175,0.709084516438,0.395694212579,2,1.792001232,0.709084516438,2,0.142517246929,0.0994897959184,78,0.0100386100386,0.261318537297,37,37,37,1,0,0.405405405405,0.540540540541,0.0540540540541,37,339,0.254504504505,1.70697334382,18.3243243243,15.4090909091,9.41666666667,4.93881482665,0.269522343047,0.131706928167,9.12722884047,0.996187218576,0.533046320657,8.21081100851,0.896165213318,0.471816949693,0.608759870144,0.356631152062,1.52507919902,1.70697334382,0.608759870144,1.52507919902,0.330459272347,0.345337620579,716,0.0921492921493,0.57799454511,37,37,37,1,0,0.405405405405,0.567567567568,0.027027027027,-3,-0.00225225225225,-0.0183154742996,-0.162162162162,-0.136363636364,-0.354761904762,-0.428895328748,-0.0208362472301,-0.0109357144755,-0.381262701905,-0.0325092348384,-0.0114455396244,0.157497662073,0.024900319113,0.00998669838912,-0.0318397001825,-0.014668750656,-0.474920800978,-0.0183154742996,-0.0318397001825,-0.474920800978,-0.0136121219003,-0.0312314170781,-94,-0.0120978120978,0.0084177167602,0,0.027027027027,-0.027027027027,329,10,13,980,0.961988304094,0.989898989899,0.010101010101,0.0380116959064,0.970501474926,0.961988304094,0.966226138032,0.954644570294,0.951887293993,0.934659090909,134,137,0,0,0,0
2610,WLNM_dir_neg,0.985947573126,0.918360078469,00:00:04,10,60,40,1238529975,threshold_sweep,0.9,0.938461538462,0.890510948905,0.913857677903,122,8,15,266,0.890510948905,0.970802919708,0.029197080292,0.109489051095,0.938461538462,0.890510948905,0.913857677903,0.94403892944,0.561232765612,0.872458410351,0.873116446754,0.861313868613,342,205,137,0,342,0,205,0,137,37,342,0.256756756757,1.72528881811,18.4864864865,15.5454545455,9.77142857143,5.36771015539,0.290358590277,0.142642642643,9.50849154237,1.02869645341,0.544491860281,8.05331334643,0.871264894205,0.461830251304,0.640599570326,0.371299902718,2,1.72528881811,0.640599570326,2,0.344071394247,0.376569037657,810,0.104247104247,0.56957682835,37,37,37,1,0,0.405405405405,0.540540540541,0.0540540540541,37,0.153903903904,1.792001232,11.0810810811,9.31818181818,5.85714285714,4.08505663213,0.368651452168,0.205405405405,6.06261125714,1.09422739763,0.583256427159,5.00885102479,0.904036526426,0.482003955175,0.709084516438,0.395694212579,2,1.792001232,0.709084516438,2,0.142517246929,0.0994897959184,78,0.0100386100386,0.261318537297,37,37,37,1,0,0.405405405405,0.540540540541,0.0540540540541,37,335,0.251501501502,1.70206465675,18.1081081081,15.2272727273,9.57142857143,4.77134842217,0.263492375553,0.12634126664,8.98129521081,0.991963948656,0.529407018959,8.30309830373,0.917058618621,0.483098023397,0.603451766488,0.35454103585,1.51856635426,1.70206465675,0.603451766488,1.51856635426,0.314978152873,0.326664480157,664,0.0854568854569,0.585723753305,37,37,37,1,0,0.405405405405,0.540540540541,0.0540540540541,-7,-0.00525525525526,-0.0232241613638,-0.378378378378,-0.318181818182,-0.2,-0.596361733221,-0.0268662147243,-0.0163013760029,-0.527196331568,-0.0367325047585,-0.0150848413221,0.249784957298,0.0457937244163,0.0212677720926,-0.0371478038385,-0.0167588668681,-0.481433645744,-0.0232241613638,-0.0371478038385,-0.481433645744,-0.0290932413745,-0.0499045574995,-146,-0.0187902187902,0.0161469249547,0,0,0,327,8,15,982,0.956140350877,0.991919191919,0.00808080808081,0.0438596491228,0.976119402985,0.956140350877,0.966026587888,0.954544724313,0.948059542796,0.934285714286,130,137,0,0,0,0
2611,WLNM_dir_neg,0.92226543769,0.582535229345,00:00:04,10,60,41,1238529976,threshold_sweep,0.1,0.918699186992,0.824817518248,0.869230769231,113,10,24,264,0.824817518248,0.963503649635,0.036496350365,0.175182481752,0.918699186992,0.824817518248,0.869230769231,0.917274939173,0.566909975669,0.808988764045,0.811502671201,0.788321167883,342,205,137,0,342,0,205,0,137,37,342,0.256756756757,1.72528881811,18.4864864865,15.5454545455,9.77142857143,5.36771015539,0.290358590277,0.142642642643,9.50849154237,1.02869645341,0.544491860281,8.05331334643,0.871264894205,0.461830251304,0.640599570326,0.371299902718,2,1.72528881811,0.640599570326,2,0.344071394247,0.376569037657,810,0.104247104247,0.56957682835,37,37,37,1,0,0.405405405405,0.540540540541,0.0540540540541,37,0.153903903904,1.83402873149,11.0810810811,9.31818181818,5.85714285714,4.13909798533,0.373528354773,0.206328279499,6.12188512449,1.10492560784,0.588793671721,4.96428687166,0.895993240251,0.479103493738,0.774577283677,0.422336504537,2.015625,1.83402873149,0.774577283677,2.015625,0.167852055391,0.0966101694915,76,0.00978120978121,0.258219196658,37,37,37,1,0,0.405405405405,0.540540540541,0.0540540540541,37,328,0.246246246246,1.88662528753,17.7297297297,14.2608695652,9.37142857143,4.89698687771,0.276202003773,0.136947923533,9.00358620576,1.01564844394,0.541529334212,7.81793579662,0.881901294131,0.469182597231,0.748657345154,0.396823550549,2.15384615385,1.88662528753,0.748657345154,2.15384615385,0.304675112674,0.316930488644,614,0.0790218790219,0.4898366338,37,37,37,1,0,0.378378378378,0.567567567568,0.0540540540541,-14,-0.0105105105105,0.161336469418,-0.756756756757,-1.28458498024,-0.4,-0.470723277682,-0.0141565865038,-0.00569471910935,-0.504905336614,-0.0130480094723,-0.00296252606907,-0.235377549811,0.0106363999264,0.00735234592744,0.108057774828,0.0255236478311,0.153846153846,0.161336469418,0.108057774828,0.153846153846,-0.0393962815732,-0.0596385490127,-196,-0.0252252252252,-0.0797401945498,-0.027027027027,0.027027027027,0,318,10,24,980,0.929824561404,0.989898989899,0.010101010101,0.0701754385965,0.969512195122,0.929824561404,0.949253731343,0.932575881948,0.919723551302,0.903409090909,123,137,0,0,0,0
2612,WLNM_dir_neg,0.92226543769,0.582535229345,00:00:04,10,60,41,1238529976,threshold_sweep,0.2,0.918699186992,0.824817518248,0.869230769231,113,10,24,264,0.824817518248,0.963503649635,0.036496350365,0.175182481752,0.918699186992,0.824817518248,0.869230769231,0.917274939173,0.566909975669,0.808988764045,0.811502671201,0.788321167883,342,205,137,0,342,0,205,0,137,37,342,0.256756756757,1.72528881811,18.4864864865,15.5454545455,9.77142857143,5.36771015539,0.290358590277,0.142642642643,9.50849154237,1.02869645341,0.544491860281,8.05331334643,0.871264894205,0.461830251304,0.640599570326,0.371299902718,2,1.72528881811,0.640599570326,2,0.344071394247,0.376569037657,810,0.104247104247,0.56957682835,37,37,37,1,0,0.405405405405,0.540540540541,0.0540540540541,37,0.153903903904,1.83402873149,11.0810810811,9.31818181818,5.85714285714,4.13909798533,0.373528354773,0.206328279499,6.12188512449,1.10492560784,0.588793671721,4.96428687166,0.895993240251,0.479103493738,0.774577283677,0.422336504537,2.015625,1.83402873149,0.774577283677,2.015625,0.167852055391,0.0966101694915,76,0.00978120978121,0.258219196658,37,37,37,1,0,0.405405405405,0.540540540541,0.0540540540541,37,328,0.246246246246,1.88662528753,17.7297297297,14.2608695652,9.37142857143,4.89698687771,0.276202003773,0.136947923533,9.00358620576,1.01564844394,0.541529334212,7.81793579662,0.881901294131,0.469182597231,0.748657345154,0.396823550549,2.15384615385,1.88662528753,0.748657345154,2.15384615385,0.304675112674,0.316930488644,614,0.0790218790219,0.4898366338,37,37,37,1,0,0.378378378378,0.567567567568,0.0540540540541,-14,-0.0105105105105,0.161336469418,-0.756756756757,-1.28458498024,-0.4,-0.470723277682,-0.0141565865038,-0.00569471910935,-0.504905336614,-0.0130480094723,-0.00296252606907,-0.235377549811,0.0106363999264,0.00735234592744,0.108057774828,0.0255236478311,0.153846153846,0.161336469418,0.108057774828,0.153846153846,-0.0393962815732,-0.0596385490127,-196,-0.0252252252252,-0.0797401945498,-0.027027027027,0.027027027027,0,318,10,24,980,0.929824561404,0.989898989899,0.010101010101,0.0701754385965,0.969512195122,0.929824561404,0.949253731343,0.932575881948,0.919723551302,0.903409090909,123,137,0,0,0,0
2613,WLNM_dir_neg,0.92226543769,0.582535229345,00:00:04,10,60,41,1238529976,threshold_sweep,0.3,0.933884297521,0.824817518248,0.875968992248,113,8,24,266,0.824817518248,0.970802919708,0.029197080292,0.175182481752,0.933884297521,0.824817518248,0.875968992248,0.922141119221,0.568532035685,0.81954887218,0.82290520946,0.795620437956,342,205,137,0,342,0,205,0,137,37,342,0.256756756757,1.72528881811,18.4864864865,15.5454545455,9.77142857143,5.36771015539,0.290358590277,0.142642642643,9.50849154237,1.02869645341,0.544491860281,8.05331334643,0.871264894205,0.461830251304,0.640599570326,0.371299902718,2,1.72528881811,0.640599570326,2,0.344071394247,0.376569037657,810,0.104247104247,0.56957682835,37,37,37,1,0,0.405405405405,0.540540540541,0.0540540540541,37,0.153903903904,1.83402873149,11.0810810811,9.31818181818,5.85714285714,4.13909798533,0.373528354773,0.206328279499,6.12188512449,1.10492560784,0.588793671721,4.96428687166,0.895993240251,0.479103493738,0.774577283677,0.422336504537,2.015625,1.83402873149,0.774577283677,2.015625,0.167852055391,0.0966101694915,76,0.00978120978121,0.258219196658,37,37,37,1,0,0.405405405405,0.540540540541,0.0540540540541,37,326,0.244744744745,1.74854244057,17.6216216216,14.8181818182,9.31428571429,4.94610593942,0.28068392601,0.138119714807,8.98714463936,1.02001334864,0.543027690267,7.86637654069,0.892809607379,0.4745481678,0.671634318491,0.384110961739,2,1.74854244057,0.671634318491,2,0.309418117417,0.3177812338,613,0.0788931788932,0.537884693986,37,37,37,1,0,0.405405405405,0.540540540541,0.0540540540541,-16,-0.012012012012,0.0232536224588,-0.864864864865,-0.727272727273,-0.457142857143,-0.421604215973,-0.0096746642671,-0.00452292783581,-0.521346903015,-0.00868310477584,-0.00146417001438,-0.186936805747,0.0215447131738,0.0127179164958,0.031034748165,0.0128110590217,0,0.0232536224588,0.031034748165,0,-0.0346532768302,-0.058787803857,-197,-0.0253539253539,-0.0316921343634,0,0,0,318,8,24,982,0.929824561404,0.991919191919,0.00808080808081,0.0701754385965,0.975460122699,0.929824561404,0.952095808383,0.936554517419,0.921743753323,0.908571428571,121,137,0,0,0,0
2614,WLNM_dir_neg,0.92226543769,0.582535229345,00:00:04,10,60,41,1238529976,threshold_sweep,0.4,0.941666666667,0.824817518248,0.879377431907,113,7,24,267,0.824817518248,0.974452554745,0.0255474452555,0.175182481752,0.941666666667,0.824817518248,0.879377431907,0.924574209246,0.569343065693,0.824858757062,0.828689811765,0.799270072993,342,205,137,0,342,0,205,0,137,37,342,0.256756756757,1.72528881811,18.4864864865,15.5454545455,9.77142857143,5.36771015539,0.290358590277,0.142642642643,9.50849154237,1.02869645341,0.544491860281,8.05331334643,0.871264894205,0.461830251304,0.640599570326,0.371299902718,2,1.72528881811,0.640599570326,2,0.344071394247,0.376569037657,810,0.104247104247,0.56957682835,37,37,37,1,0,0.405405405405,0.540540540541,0.0540540540541,37,0.153903903904,1.83402873149,11.0810810811,9.31818181818,5.85714285714,4.13909798533,0.373528354773,0.206328279499,6.12188512449,1.10492560784,0.588793671721,4.96428687166,0.895993240251,0.479103493738,0.774577283677,0.422336504537,2.015625,1.83402873149,0.774577283677,2.015625,0.167852055391,0.0966101694915,76,0.00978120978121,0.258219196658,37,37,37,1,0,0.405405405405,0.540540540541,0.0540540540541,37,325,0.243993993994,1.74758989728,17.5675675676,14.7727272727,9.28571428571,4.90770675424,0.279361769087,0.136548856549,8.94779654793,1.01867222238,0.54237006237,7.88153656457,0.897282624274,0.476174636175,0.6706711279,0.383769172015,2,1.74758989728,0.6706711279,2,0.304434452062,0.312162867583,598,0.0769626769627,0.539008336571,37,37,37,1,0,0.405405405405,0.540540540541,0.0540540540541,-17,-0.0127627627628,0.0223010791644,-0.918918918919,-0.772727272727,-0.485714285714,-0.460003401156,-0.0109968211898,-0.00609378609379,-0.560694994449,-0.0100242310356,-0.00212179791127,-0.171776781866,0.026017730069,0.0143443848707,0.0300715575744,0.0124692692972,0,0.0223010791644,0.0300715575744,0,-0.0396369421854,-0.0644061700738,-212,-0.0272844272844,-0.0305684917792,0,0,0,318,7,24,983,0.929824561404,0.992929292929,0.00707070707071,0.0701754385965,0.978461538462,0.929824561404,0.953523238381,0.938555809987,0.922753854333,0.9111747851,120,137,0,0,0,0
2615,WLNM_dir_neg,0.92226543769,0.582535229345,00:00:04,10,60,41,1238529976,threshold_sweep,0.5,0.941666666667,0.824817518248,0.879377431907,113,7,24,267,0.824817518248,0.974452554745,0.0255474452555,0.175182481752,0.941666666667,0.824817518248,0.879377431907,0.924574209246,0.569343065693,0.824858757062,0.828689811765,0.799270072993,342,205,137,0,342,0,205,0,137,37,342,0.256756756757,1.72528881811,18.4864864865,15.5454545455,9.77142857143,5.36771015539,0.290358590277,0.142642642643,9.50849154237,1.02869645341,0.544491860281,8.05331334643,0.871264894205,0.461830251304,0.640599570326,0.371299902718,2,1.72528881811,0.640599570326,2,0.344071394247,0.376569037657,810,0.104247104247,0.56957682835,37,37,37,1,0,0.405405405405,0.540540540541,0.0540540540541,37,0.153903903904,1.83402873149,11.0810810811,9.31818181818,5.85714285714,4.13909798533,0.373528354773,0.206328279499,6.12188512449,1.10492560784,0.588793671721,4.96428687166,0.895993240251,0.479103493738,0.774577283677,0.422336504537,2.015625,1.83402873149,0.774577283677,2.015625,0.167852055391,0.0966101694915,76,0.00978120978121,0.258219196658,37,37,37,1,0,0.405405405405,0.540540540541,0.0540540540541,37,325,0.243993993994,1.74758989728,17.5675675676,14.7727272727,9.28571428571,4.90770675424,0.279361769087,0.136548856549,8.94779654793,1.01867222238,0.54237006237,7.88153656457,0.897282624274,0.476174636175,0.6706711279,0.383769172015,2,1.74758989728,0.6706711279,2,0.304434452062,0.312162867583,598,0.0769626769627,0.539008336571,37,37,37,1,0,0.405405405405,0.540540540541,0.0540540540541,-17,-0.0127627627628,0.0223010791644,-0.918918918919,-0.772727272727,-0.485714285714,-0.460003401156,-0.0109968211898,-0.00609378609379,-0.560694994449,-0.0100242310356,-0.00212179791127,-0.171776781866,0.026017730069,0.0143443848707,0.0300715575744,0.0124692692972,0,0.0223010791644,0.0300715575744,0,-0.0396369421854,-0.0644061700738,-212,-0.0272844272844,-0.0305684917792,0,0,0,318,7,24,983,0.929824561404,0.992929292929,0.00707070707071,0.0701754385965,0.978461538462,0.929824561404,0.953523238381,0.938555809987,0.922753854333,0.9111747851,120,137,0,0,0,0
2616,WLNM_dir_neg,0.92226543769,0.582535229345,00:00:04,10,60,41,1238529976,threshold_sweep,0.6,0.941666666667,0.824817518248,0.879377431907,113,7,24,267,0.824817518248,0.974452554745,0.0255474452555,0.175182481752,0.941666666667,0.824817518248,0.879377431907,0.924574209246,0.569343065693,0.824858757062,0.828689811765,0.799270072993,342,205,137,0,342,0,205,0,137,37,342,0.256756756757,1.72528881811,18.4864864865,15.5454545455,9.77142857143,5.36771015539,0.290358590277,0.142642642643,9.50849154237,1.02869645341,0.544491860281,8.05331334643,0.871264894205,0.461830251304,0.640599570326,0.371299902718,2,1.72528881811,0.640599570326,2,0.344071394247,0.376569037657,810,0.104247104247,0.56957682835,37,37,37,1,0,0.405405405405,0.540540540541,0.0540540540541,37,0.153903903904,1.83402873149,11.0810810811,9.31818181818,5.85714285714,4.13909798533,0.373528354773,0.206328279499,6.12188512449,1.10492560784,0.588793671721,4.96428687166,0.895993240251,0.479103493738,0.774577283677,0.422336504537,2.015625,1.83402873149,0.774577283677,2.015625,0.167852055391,0.0966101694915,76,0.00978120978121,0.258219196658,37,37,37,1,0,0.405405405405,0.540540540541,0.0540540540541,37,325,0.243993993994,1.74758989728,17.5675675676,14.7727272727,9.28571428571,4.90770675424,0.279361769087,0.136548856549,8.94779654793,1.01867222238,0.54237006237,7.88153656457,0.897282624274,0.476174636175,0.6706711279,0.383769172015,2,1.74758989728,0.6706711279,2,0.304434452062,0.312162867583,598,0.0769626769627,0.539008336571,37,37,37,1,0,0.405405405405,0.540540540541,0.0540540540541,-17,-0.0127627627628,0.0223010791644,-0.918918918919,-0.772727272727,-0.485714285714,-0.460003401156,-0.0109968211898,-0.00609378609379,-0.560694994449,-0.0100242310356,-0.00212179791127,-0.171776781866,0.026017730069,0.0143443848707,0.0300715575744,0.0124692692972,0,0.0223010791644,0.0300715575744,0,-0.0396369421854,-0.0644061700738,-212,-0.0272844272844,-0.0305684917792,0,0,0,318,7,24,983,0.929824561404,0.992929292929,0.00707070707071,0.0701754385965,0.978461538462,0.929824561404,0.953523238381,0.938555809987,0.922753854333,0.9111747851,120,137,0,0,0,0
2617,WLNM_dir_neg,0.92226543769,0.582535229345,00:00:04,10,60,41,1238529976,threshold_sweep,0.7,0.941666666667,0.824817518248,0.879377431907,113,7,24,267,0.824817518248,0.974452554745,0.0255474452555,0.175182481752,0.941666666667,0.824817518248,0.879377431907,0.924574209246,0.569343065693,0.824858757062,0.828689811765,0.799270072993,342,205,137,0,342,0,205,0,137,37,342,0.256756756757,1.72528881811,18.4864864865,15.5454545455,9.77142857143,5.36771015539,0.290358590277,0.142642642643,9.50849154237,1.02869645341,0.544491860281,8.05331334643,0.871264894205,0.461830251304,0.640599570326,0.371299902718,2,1.72528881811,0.640599570326,2,0.344071394247,0.376569037657,810,0.104247104247,0.56957682835,37,37,37,1,0,0.405405405405,0.540540540541,0.0540540540541,37,0.153903903904,1.83402873149,11.0810810811,9.31818181818,5.85714285714,4.13909798533,0.373528354773,0.206328279499,6.12188512449,1.10492560784,0.588793671721,4.96428687166,0.895993240251,0.479103493738,0.774577283677,0.422336504537,2.015625,1.83402873149,0.774577283677,2.015625,0.167852055391,0.0966101694915,76,0.00978120978121,0.258219196658,37,37,37,1,0,0.405405405405,0.540540540541,0.0540540540541,37,325,0.243993993994,1.74758989728,17.5675675676,14.7727272727,9.28571428571,4.90770675424,0.279361769087,0.136548856549,8.94779654793,1.01867222238,0.54237006237,7.88153656457,0.897282624274,0.476174636175,0.6706711279,0.383769172015,2,1.74758989728,0.6706711279,2,0.304434452062,0.312162867583,598,0.0769626769627,0.539008336571,37,37,37,1,0,0.405405405405,0.540540540541,0.0540540540541,-17,-0.0127627627628,0.0223010791644,-0.918918918919,-0.772727272727,-0.485714285714,-0.460003401156,-0.0109968211898,-0.00609378609379,-0.560694994449,-0.0100242310356,-0.00212179791127,-0.171776781866,0.026017730069,0.0143443848707,0.0300715575744,0.0124692692972,0,0.0223010791644,0.0300715575744,0,-0.0396369421854,-0.0644061700738,-212,-0.0272844272844,-0.0305684917792,0,0,0,318,7,24,983,0.929824561404,0.992929292929,0.00707070707071,0.0701754385965,0.978461538462,0.929824561404,0.953523238381,0.938555809987,0.922753854333,0.9111747851,120,137,0,0,0,0
2618,WLNM_dir_neg,0.92226543769,0.582535229345,00:00:04,10,60,41,1238529976,threshold_sweep,0.8,0.941666666667,0.824817518248,0.879377431907,113,7,24,267,0.824817518248,0.974452554745,0.0255474452555,0.175182481752,0.941666666667,0.824817518248,0.879377431907,0.924574209246,0.569343065693,0.824858757062,0.828689811765,0.799270072993,342,205,137,0,342,0,205,0,137,37,342,0.256756756757,1.72528881811,18.4864864865,15.5454545455,9.77142857143,5.36771015539,0.290358590277,0.142642642643,9.50849154237,1.02869645341,0.544491860281,8.05331334643,0.871264894205,0.461830251304,0.640599570326,0.371299902718,2,1.72528881811,0.640599570326,2,0.344071394247,0.376569037657,810,0.104247104247,0.56957682835,37,37,37,1,0,0.405405405405,0.540540540541,0.0540540540541,37,0.153903903904,1.83402873149,11.0810810811,9.31818181818,5.85714285714,4.13909798533,0.373528354773,0.206328279499,6.12188512449,1.10492560784,0.588793671721,4.96428687166,0.895993240251,0.479103493738,0.774577283677,0.422336504537,2.015625,1.83402873149,0.774577283677,2.015625,0.167852055391,0.0966101694915,76,0.00978120978121,0.258219196658,37,37,37,1,0,0.405405405405,0.540540540541,0.0540540540541,37,325,0.243993993994,1.74758989728,17.5675675676,14.7727272727,9.28571428571,4.90770675424,0.279361769087,0.136548856549,8.94779654793,1.01867222238,0.54237006237,7.88153656457,0.897282624274,0.476174636175,0.6706711279,0.383769172015,2,1.74758989728,0.6706711279,2,0.304434452062,0.312162867583,598,0.0769626769627,0.539008336571,37,37,37,1,0,0.405405405405,0.540540540541,0.0540540540541,-17,-0.0127627627628,0.0223010791644,-0.918918918919,-0.772727272727,-0.485714285714,-0.460003401156,-0.0109968211898,-0.00609378609379,-0.560694994449,-0.0100242310356,-0.00212179791127,-0.171776781866,0.026017730069,0.0143443848707,0.0300715575744,0.0124692692972,0,0.0223010791644,0.0300715575744,0,-0.0396369421854,-0.0644061700738,-212,-0.0272844272844,-0.0305684917792,0,0,0,318,7,24,983,0.929824561404,0.992929292929,0.00707070707071,0.0701754385965,0.978461538462,0.929824561404,0.953523238381,0.938555809987,0.922753854333,0.9111747851,120,137,0,0,0,0
2619,WLNM_dir_neg,0.92226543769,0.582535229345,00:00:04,10,60,41,1238529976,threshold_sweep,0.9,0.941666666667,0.824817518248,0.879377431907,113,7,24,267,0.824817518248,0.974452554745,0.0255474452555,0.175182481752,0.941666666667,0.824817518248,0.879377431907,0.924574209246,0.569343065693,0.824858757062,0.828689811765,0.799270072993,342,205,137,0,342,0,205,0,137,37,342,0.256756756757,1.72528881811,18.4864864865,15.5454545455,9.77142857143,5.36771015539,0.290358590277,0.142642642643,9.50849154237,1.02869645341,0.544491860281,8.05331334643,0.871264894205,0.461830251304,0.640599570326,0.371299902718,2,1.72528881811,0.640599570326,2,0.344071394247,0.376569037657,810,0.104247104247,0.56957682835,37,37,37,1,0,0.405405405405,0.540540540541,0.0540540540541,37,0.153903903904,1.83402873149,11.0810810811,9.31818181818,5.85714285714,4.13909798533,0.373528354773,0.206328279499,6.12188512449,1.10492560784,0.588793671721,4.96428687166,0.895993240251,0.479103493738,0.774577283677,0.422336504537,2.015625,1.83402873149,0.774577283677,2.015625,0.167852055391,0.0966101694915,76,0.00978120978121,0.258219196658,37,37,37,1,0,0.405405405405,0.540540540541,0.0540540540541,37,325,0.243993993994,1.74758989728,17.5675675676,14.7727272727,9.28571428571,4.90770675424,0.279361769087,0.136548856549,8.94779654793,1.01867222238,0.54237006237,7.88153656457,0.897282624274,0.476174636175,0.6706711279,0.383769172015,2,1.74758989728,0.6706711279,2,0.304434452062,0.312162867583,598,0.0769626769627,0.539008336571,37,37,37,1,0,0.405405405405,0.540540540541,0.0540540540541,-17,-0.0127627627628,0.0223010791644,-0.918918918919,-0.772727272727,-0.485714285714,-0.460003401156,-0.0109968211898,-0.00609378609379,-0.560694994449,-0.0100242310356,-0.00212179791127,-0.171776781866,0.026017730069,0.0143443848707,0.0300715575744,0.0124692692972,0,0.0223010791644,0.0300715575744,0,-0.0396369421854,-0.0644061700738,-212,-0.0272844272844,-0.0305684917792,0,0,0,318,7,24,983,0.929824561404,0.992929292929,0.00707070707071,0.0701754385965,0.978461538462,0.929824561404,0.953523238381,0.938555809987,0.922753854333,0.9111747851,120,137,0,0,0,0
2620,WLNM_dir_neg,0.982950610048,0.968055841934,00:00:06,10,60,42,1238529977,threshold_sweep,0.1,0.946153846154,0.897810218978,0.921348314607,123,7,14,267,0.897810218978,0.974452554745,0.0255474452555,0.102189781022,0.946153846154,0.897810218978,0.921348314607,0.948905109489,0.561232765612,0.883548983364,0.884215384636,0.872262773723,342,205,137,0,342,0,205,0,137,37,342,0.256756756757,1.72528881811,18.4864864865,15.5454545455,9.77142857143,5.36771015539,0.290358590277,0.142642642643,9.50849154237,1.02869645341,0.544491860281,8.05331334643,0.871264894205,0.461830251304,0.640599570326,0.371299902718,2,1.72528881811,0.640599570326,2,0.344071394247,0.376569037657,810,0.104247104247,0.56957682835,37,37,37,1,0,0.405405405405,0.540540540541,0.0540540540541,37,0.153903903904,1.81753891077,11.0810810811,9.31818181818,5.85714285714,4.37402927884,0.394729471505,0.220830586684,6.32277450788,1.14118369167,0.600131839156,4.82812704999,0.871418052924,0.468029004614,0.738533944042,0.406337349735,2.01717681063,1.81753891077,0.738533944042,2.01717681063,0.170664699844,0.1125,90,0.011583011583,0.249079154474,37,37,37,1,0,0.405405405405,0.540540540541,0.0540540540541,37,335,0.251501501502,1.77878487944,18.1081081081,15.2272727273,9.05405405405,4.73042037,0.261232169686,0.124082291246,8.99983316495,0.994011424189,0.529084308189,8.03446031495,0.887388154189,0.464058087939,0.706282354781,0.397058892812,2.43349499343,1.77878487944,0.706282354781,2.43349499343,0.311152164226,0.325049701789,654,0.0841698841699,0.56214042733,37,37,37,1,0,0.405405405405,0.594594594595,0,-7,-0.00525525525526,0.0534960613264,-0.378378378378,-0.318181818182,-0.717374517375,-0.637289785397,-0.0291264205908,-0.0185603513962,-0.508658377421,-0.0346850292259,-0.0154075520925,-0.0188530314814,0.016123259984,0.00222783663475,0.0656827844552,0.025758990094,0.433494993426,0.0534960613264,0.0656827844552,0.433494993426,-0.0329192300212,-0.0515193358676,-156,-0.0200772200772,-0.00743640101974,0,0.0540540540541,-0.0540540540541,328,7,14,983,0.959064327485,0.992929292929,0.00707070707071,0.0409356725146,0.979104477612,0.959064327485,0.968980797637,0.958505712907,0.951993620415,0.939828080229,130,137,0,0,0,0
2621,WLNM_dir_neg,0.982950610048,0.968055841934,00:00:06,10,60,42,1238529977,threshold_sweep,0.2,0.953488372093,0.897810218978,0.924812030075,123,6,14,268,0.897810218978,0.978102189781,0.021897810219,0.102189781022,0.953488372093,0.897810218978,0.924812030075,0.951338199513,0.56204379562,0.888888888889,0.8897681066,0.875912408759,342,205,137,0,342,0,205,0,137,37,342,0.256756756757,1.72528881811,18.4864864865,15.5454545455,9.77142857143,5.36771015539,0.290358590277,0.142642642643,9.50849154237,1.02869645341,0.544491860281,8.05331334643,0.871264894205,0.461830251304,0.640599570326,0.371299902718,2,1.72528881811,0.640599570326,2,0.344071394247,0.376569037657,810,0.104247104247,0.56957682835,37,37,37,1,0,0.405405405405,0.540540540541,0.0540540540541,37,0.153903903904,1.81753891077,11.0810810811,9.31818181818,5.85714285714,4.37402927884,0.394729471505,0.220830586684,6.32277450788,1.14118369167,0.600131839156,4.82812704999,0.871418052924,0.468029004614,0.738533944042,0.406337349735,2.01717681063,1.81753891077,0.738533944042,2.01717681063,0.170664699844,0.1125,90,0.011583011583,0.249079154474,37,37,37,1,0,0.405405405405,0.540540540541,0.0540540540541,37,334,0.250750750751,1.7773270106,18.0540540541,15.1818181818,9.02702702703,4.70783003768,0.260763041009,0.123806441172,8.9736852534,0.994090881364,0.528888169607,8.05359300936,0.892164495049,0.465771160382,0.704873418,0.396591856084,2.43295212655,1.7773270106,0.704873418,2.43295212655,0.30761354157,0.321053508918,642,0.0826254826255,0.563438791892,37,37,37,1,0,0.405405405405,0.594594594595,0,-8,-0.00600600600601,0.052038192481,-0.432432432432,-0.363636363636,-0.744401544402,-0.659880117715,-0.029595549268,-0.0188362014709,-0.534806288978,-0.0346055720505,-0.0156036906746,0.000279662922539,0.0208996008436,0.003940909078,0.0642738476738,0.0252919533659,0.432952126554,0.052038192481,0.0642738476738,0.432952126554,-0.0364578526775,-0.0555155287388,-168,-0.0216216216216,-0.0061380364583,0,0.0540540540541,-0.0540540540541,328,6,14,984,0.959064327485,0.993939393939,0.00606060606061,0.0409356725146,0.982035928144,0.959064327485,0.970414201183,0.960476498627,0.953003721425,0.942528735632,129,137,0,0,0,0
2622,WLNM_dir_neg,0.982950610048,0.968055841934,00:00:06,10,60,42,1238529977,threshold_sweep,0.3,0.960317460317,0.883211678832,0.920152091255,121,5,16,269,0.883211678832,0.981751824818,0.0182481751825,0.116788321168,0.960317460317,0.883211678832,0.920152091255,0.948905109489,0.564476885645,0.882681564246,0.884352984108,0.86496350365,342,205,137,0,342,0,205,0,137,37,342,0.256756756757,1.72528881811,18.4864864865,15.5454545455,9.77142857143,5.36771015539,0.290358590277,0.142642642643,9.50849154237,1.02869645341,0.544491860281,8.05331334643,0.871264894205,0.461830251304,0.640599570326,0.371299902718,2,1.72528881811,0.640599570326,2,0.344071394247,0.376569037657,810,0.104247104247,0.56957682835,37,37,37,1,0,0.405405405405,0.540540540541,0.0540540540541,37,0.153903903904,1.81753891077,11.0810810811,9.31818181818,5.85714285714,4.37402927884,0.394729471505,0.220830586684,6.32277450788,1.14118369167,0.600131839156,4.82812704999,0.871418052924,0.468029004614,0.738533944042,0.406337349735,2.01717681063,1.81753891077,0.738533944042,2.01717681063,0.170664699844,0.1125,90,0.011583011583,0.249079154474,37,37,37,1,0,0.405405405405,0.540540540541,0.0540540540541,37,331,0.248498498498,1.72322483268,17.8918918919,15.0454545455,8.94594594595,4.61148194898,0.257741438236,0.122152363844,8.91299284424,0.996316420655,0.529272474892,8.12043357472,0.907722182068,0.47244223075,0.637873079954,0.3701624233,2.06896551724,1.72322483268,0.637873079954,2.06896551724,0.296611667526,0.308368554522,608,0.0782496782497,0.567243664527,37,37,37,1,0,0.405405405405,0.594594594595,0,-11,-0.00825825825826,-0.00206398543947,-0.594594594595,-0.5,-0.825482625483,-0.756228206414,-0.0326171520411,-0.0204902787984,-0.595498698137,-0.0323800327598,-0.0152193853895,0.0671202282859,0.0364572878635,0.0106119794465,-0.00272649037229,-0.0011374794178,0.0689655172414,-0.00206398543947,-0.00272649037229,0.0689655172414,-0.0474597267211,-0.0682004831345,-202,-0.0259974259974,-0.00233316382308,0,0.0540540540541,-0.0540540540541,326,5,16,985,0.953216374269,0.994949494949,0.00505050505051,0.046783625731,0.984894259819,0.953216374269,0.968796433878,0.958481936992,0.948165869219,0.939481268012,126,137,0,0,0,0
2623,WLNM_dir_neg,0.982950610048,0.968055841934,00:00:06,10,60,42,1238529977,threshold_sweep,0.4,0.968,0.883211678832,0.923664122137,121,4,16,270,0.883211678832,0.985401459854,0.014598540146,0.116788321168,0.968,0.883211678832,0.923664122137,0.951338199513,0.565287915653,0.888059701493,0.890069534488,0.868613138686,342,205,137,0,342,0,205,0,137,37,342,0.256756756757,1.72528881811,18.4864864865,15.5454545455,9.77142857143,5.36771015539,0.290358590277,0.142642642643,9.50849154237,1.02869645341,0.544491860281,8.05331334643,0.871264894205,0.461830251304,0.640599570326,0.371299902718,2,1.72528881811,0.640599570326,2,0.344071394247,0.376569037657,810,0.104247104247,0.56957682835,37,37,37,1,0,0.405405405405,0.540540540541,0.0540540540541,37,0.153903903904,1.81753891077,11.0810810811,9.31818181818,5.85714285714,4.37402927884,0.394729471505,0.220830586684,6.32277450788,1.14118369167,0.600131839156,4.82812704999,0.871418052924,0.468029004614,0.738533944042,0.406337349735,2.01717681063,1.81753891077,0.738533944042,2.01717681063,0.170664699844,0.1125,90,0.011583011583,0.249079154474,37,37,37,1,0,0.405405405405,0.540540540541,0.0540540540541,37,330,0.247747747748,1.72064595643,17.8378378378,15,9.16666666667,4.54919720338,0.25503075231,0.121457821458,8.88937686348,0.996687708936,0.529402129402,8.14922756523,0.913701272465,0.476822276822,0.635842769697,0.369537246939,2.06896551724,1.72064595643,0.635842769697,2.06896551724,0.29105491058,0.301992846193,591,0.0760617760618,0.570540138649,37,37,37,1,0,0.405405405405,0.567567567568,0.027027027027,-12,-0.00900900900901,-0.0046428616825,-0.648648648649,-0.545454545455,-0.604761904762,-0.818512952018,-0.0353278379667,-0.0211848211848,-0.619114678892,-0.0320087444789,-0.0150897308792,0.0959142187961,0.0424363782603,0.0149920255183,-0.00475680062862,-0.00176265577833,0.0689655172414,-0.0046428616825,-0.00475680062862,0.0689655172414,-0.0530164836677,-0.0745761914638,-219,-0.0281853281853,0.000963310298731,0,0.027027027027,-0.027027027027,326,4,16,986,0.953216374269,0.99595959596,0.0040404040404,0.046783625731,0.987878787879,0.953216374269,0.970238095238,0.960476082177,0.949175970229,0.942196531792,125,137,0,0,0,0
2624,WLNM_dir_neg,0.982950610048,0.968055841934,00:00:06,10,60,42,1238529977,threshold_sweep,0.5,0.968,0.883211678832,0.923664122137,121,4,16,270,0.883211678832,0.985401459854,0.014598540146,0.116788321168,0.968,0.883211678832,0.923664122137,0.951338199513,0.565287915653,0.888059701493,0.890069534488,0.868613138686,342,205,137,0,342,0,205,0,137,37,342,0.256756756757,1.72528881811,18.4864864865,15.5454545455,9.77142857143,5.36771015539,0.290358590277,0.142642642643,9.50849154237,1.02869645341,0.544491860281,8.05331334643,0.871264894205,0.461830251304,0.640599570326,0.371299902718,2,1.72528881811,0.640599570326,2,0.344071394247,0.376569037657,810,0.104247104247,0.56957682835,37,37,37,1,0,0.405405405405,0.540540540541,0.0540540540541,37,0.153903903904,1.81753891077,11.0810810811,9.31818181818,5.85714285714,4.37402927884,0.394729471505,0.220830586684,6.32277450788,1.14118369167,0.600131839156,4.82812704999,0.871418052924,0.468029004614,0.738533944042,0.406337349735,2.01717681063,1.81753891077,0.738533944042,2.01717681063,0.170664699844,0.1125,90,0.011583011583,0.249079154474,37,37,37,1,0,0.405405405405,0.540540540541,0.0540540540541,37,330,0.247747747748,1.72064595643,17.8378378378,15,9.16666666667,4.54919720338,0.25503075231,0.121457821458,8.88937686348,0.996687708936,0.529402129402,8.14922756523,0.913701272465,0.476822276822,0.635842769697,0.369537246939,2.06896551724,1.72064595643,0.635842769697,2.06896551724,0.29105491058,0.301992846193,591,0.0760617760618,0.570540138649,37,37,37,1,0,0.405405405405,0.567567567568,0.027027027027,-12,-0.00900900900901,-0.0046428616825,-0.648648648649,-0.545454545455,-0.604761904762,-0.818512952018,-0.0353278379667,-0.0211848211848,-0.619114678892,-0.0320087444789,-0.0150897308792,0.0959142187961,0.0424363782603,0.0149920255183,-0.00475680062862,-0.00176265577833,0.0689655172414,-0.0046428616825,-0.00475680062862,0.0689655172414,-0.0530164836677,-0.0745761914638,-219,-0.0281853281853,0.000963310298731,0,0.027027027027,-0.027027027027,326,4,16,986,0.953216374269,0.99595959596,0.0040404040404,0.046783625731,0.987878787879,0.953216374269,0.970238095238,0.960476082177,0.949175970229,0.942196531792,125,137,0,0,0,0
2625,WLNM_dir_neg,0.982950610048,0.968055841934,00:00:06,10,60,42,1238529977,threshold_sweep,0.6,0.967741935484,0.875912408759,0.919540229885,120,4,17,270,0.875912408759,0.985401459854,0.014598540146,0.124087591241,0.967741935484,0.875912408759,0.919540229885,0.948905109489,0.566098945661,0.882242990654,0.884596494878,0.861313868613,342,205,137,0,342,0,205,0,137,37,342,0.256756756757,1.72528881811,18.4864864865,15.5454545455,9.77142857143,5.36771015539,0.290358590277,0.142642642643,9.50849154237,1.02869645341,0.544491860281,8.05331334643,0.871264894205,0.461830251304,0.640599570326,0.371299902718,2,1.72528881811,0.640599570326,2,0.344071394247,0.376569037657,810,0.104247104247,0.56957682835,37,37,37,1,0,0.405405405405,0.540540540541,0.0540540540541,37,0.153903903904,1.81753891077,11.0810810811,9.31818181818,5.85714285714,4.37402927884,0.394729471505,0.220830586684,6.32277450788,1.14118369167,0.600131839156,4.82812704999,0.871418052924,0.468029004614,0.738533944042,0.406337349735,2.01717681063,1.81753891077,0.738533944042,2.01717681063,0.170664699844,0.1125,90,0.011583011583,0.249079154474,37,37,37,1,0,0.405405405405,0.540540540541,0.0540540540541,37,329,0.246996996997,1.7209620688,17.7837837838,14.9545454545,9.13888888889,4.5954998225,0.258409564487,0.122319888277,8.86247953699,0.996692227564,0.528875379939,8.1506093289,0.916633875895,0.477778690545,0.636091096073,0.369613664127,2.06896551724,1.7209620688,0.636091096073,2.06896551724,0.291873485083,0.302361396304,589,0.0758043758044,0.570718739691,37,37,37,1,0,0.405405405405,0.567567567568,0.027027027027,-13,-0.00975975975976,-0.00432674931602,-0.702702702703,-0.590909090909,-0.63253968254,-0.772210332891,-0.0319490257899,-0.0203227543653,-0.646012005386,-0.0320042258507,-0.0156164803421,0.0972959824707,0.0453689816902,0.0159484392407,-0.00450847425321,-0.00168623859044,0.0689655172414,-0.00432674931602,-0.00450847425321,0.0689655172414,-0.0521979091649,-0.074207641353,-221,-0.0284427284427,0.00114191134158,0,0.027027027027,-0.027027027027,325,4,17,986,0.950292397661,0.99595959596,0.0040404040404,0.0497076023392,0.987841945289,0.950292397661,0.96870342772,0.95849321371,0.94625199362,0.939306358382,124,137,0,0,0,0
2626,WLNM_dir_neg,0.982950610048,0.968055841934,00:00:06,10,60,42,1238529977,threshold_sweep,0.7,0.975609756098,0.875912408759,0.923076923077,120,3,17,271,0.875912408759,0.989051094891,0.0109489051095,0.124087591241,0.975609756098,0.875912408759,0.923076923077,0.951338199513,0.566909975669,0.887640449438,0.890398764234,0.86496350365,342,205,137,0,342,0,205,0,137,37,342,0.256756756757,1.72528881811,18.4864864865,15.5454545455,9.77142857143,5.36771015539,0.290358590277,0.142642642643,9.50849154237,1.02869645341,0.544491860281,8.05331334643,0.871264894205,0.461830251304,0.640599570326,0.371299902718,2,1.72528881811,0.640599570326,2,0.344071394247,0.376569037657,810,0.104247104247,0.56957682835,37,37,37,1,0,0.405405405405,0.540540540541,0.0540540540541,37,0.153903903904,1.81753891077,11.0810810811,9.31818181818,5.85714285714,4.37402927884,0.394729471505,0.220830586684,6.32277450788,1.14118369167,0.600131839156,4.82812704999,0.871418052924,0.468029004614,0.738533944042,0.406337349735,2.01717681063,1.81753891077,0.738533944042,2.01717681063,0.170664699844,0.1125,90,0.011583011583,0.249079154474,37,37,37,1,0,0.405405405405,0.540540540541,0.0540540540541,37,328,0.246246246246,1.71923234083,17.7297297297,14.9090909091,9.11111111111,4.58650586351,0.258690117302,0.123269611074,8.83855871283,0.997032537728,0.528839815425,8.17571662561,0.922260716914,0.481048121292,0.634790287551,0.369228912507,2.06896551724,1.71923234083,0.634790287551,2.06896551724,0.285415222819,0.29597107438,573,0.0737451737452,0.573672879404,37,37,37,1,0,0.405405405405,0.567567567568,0.027027027027,-14,-0.0105105105105,-0.00605647728535,-0.756756756757,-0.636363636364,-0.660317460317,-0.781204291881,-0.0316684729753,-0.0193730315682,-0.669932829546,-0.0316639156872,-0.0156520448562,0.12240327918,0.0509958227089,0.0192178699881,-0.00580928277464,-0.0020709902107,0.0689655172414,-0.00605647728535,-0.00580928277464,0.0689655172414,-0.0586561714281,-0.0805979632767,-237,-0.0305019305019,0.0040960510541,0,0.027027027027,-0.027027027027,325,3,17,987,0.950292397661,0.99696969697,0.0030303030303,0.0497076023392,0.990853658537,0.950292397661,0.970149253731,0.960499252286,0.947262094631,0.942028985507,123,137,0,0,0,0
2627,WLNM_dir_neg,0.982950610048,0.968055841934,00:00:06,10,60,42,1238529977,threshold_sweep,0.8,0.983606557377,0.875912408759,0.926640926641,120,2,17,272,0.875912408759,0.992700729927,0.00729927007299,0.124087591241,0.983606557377,0.875912408759,0.926640926641,0.953771289538,0.567721005677,0.893058161351,0.89625815953,0.868613138686,342,205,137,0,342,0,205,0,137,37,342,0.256756756757,1.72528881811,18.4864864865,15.5454545455,9.77142857143,5.36771015539,0.290358590277,0.142642642643,9.50849154237,1.02869645341,0.544491860281,8.05331334643,0.871264894205,0.461830251304,0.640599570326,0.371299902718,2,1.72528881811,0.640599570326,2,0.344071394247,0.376569037657,810,0.104247104247,0.56957682835,37,37,37,1,0,0.405405405405,0.540540540541,0.0540540540541,37,0.153903903904,1.81753891077,11.0810810811,9.31818181818,5.85714285714,4.37402927884,0.394729471505,0.220830586684,6.32277450788,1.14118369167,0.600131839156,4.82812704999,0.871418052924,0.468029004614,0.738533944042,0.406337349735,2.01717681063,1.81753891077,0.738533944042,2.01717681063,0.170664699844,0.1125,90,0.011583011583,0.249079154474,37,37,37,1,0,0.405405405405,0.540540540541,0.0540540540541,37,327,0.245495495495,1.7172174501,17.6756756757,14.8636363636,9.34285714286,4.57076491322,0.258590675518,0.123398627986,8.81448780107,0.99735794691,0.528638730474,8.20404207122,0.928286105918,0.485329366063,0.633396882895,0.368850714194,2.06896551724,1.7172174501,0.633396882895,2.06896551724,0.279007742805,0.29007104488,558,0.0718146718147,0.576963910192,37,37,37,1,0,0.405405405405,0.540540540541,0.0540540540541,-15,-0.0112612612613,-0.00807136801544,-0.810810810811,-0.681818181818,-0.428571428571,-0.796945242177,-0.0317679147588,-0.0192440146569,-0.694003741306,-0.0313385065049,-0.0158531298077,0.150728724783,0.0570212117127,0.0234991147594,-0.00720268743097,-0.00244918852402,0.0689655172414,-0.00807136801544,-0.00720268743097,0.0689655172414,-0.0650636514424,-0.0864979927773,-252,-0.0324324324324,0.00738708184223,0,0,0,325,2,17,988,0.950292397661,0.99797979798,0.0020202020202,0.0497076023392,0.993883792049,0.950292397661,0.971599402093,0.962513345621,0.948272195641,0.94476744186,122,137,0,0,0,0
2628,WLNM_dir_neg,0.982950610048,0.968055841934,00:00:06,10,60,42,1238529977,threshold_sweep,0.9,0.991452991453,0.846715328467,0.913385826772,116,1,21,273,0.846715328467,0.996350364964,0.0036496350365,0.153284671533,0.991452991453,0.846715328467,0.913385826772,0.946472019465,0.571776155718,0.875,0.880704845928,0.843065693431,342,205,137,0,342,0,205,0,137,37,342,0.256756756757,1.72528881811,18.4864864865,15.5454545455,9.77142857143,5.36771015539,0.290358590277,0.142642642643,9.50849154237,1.02869645341,0.544491860281,8.05331334643,0.871264894205,0.461830251304,0.640599570326,0.371299902718,2,1.72528881811,0.640599570326,2,0.344071394247,0.376569037657,810,0.104247104247,0.56957682835,37,37,37,1,0,0.405405405405,0.540540540541,0.0540540540541,37,0.153903903904,1.81753891077,11.0810810811,9.31818181818,5.85714285714,4.37402927884,0.394729471505,0.220830586684,6.32277450788,1.14118369167,0.600131839156,4.82812704999,0.871418052924,0.468029004614,0.738533944042,0.406337349735,2.01717681063,1.81753891077,0.738533944042,2.01717681063,0.170664699844,0.1125,90,0.011583011583,0.249079154474,37,37,37,1,0,0.405405405405,0.540540540541,0.0540540540541,37,322,0.241741741742,1.71437120545,17.4054054054,14.6363636364,9.2,4.46255693683,0.25638914078,0.122293100554,8.66302764904,0.995441065262,0.527278831627,8.17130774541,0.938939088759,0.491522578479,0.630228583531,0.367615007489,2.06896551724,1.71437120545,0.630228583531,2.06896551724,0.267595036926,0.274973147154,512,0.0658944658945,0.570724292967,37,37,37,1,0,0.405405405405,0.540540540541,0.0540540540541,-20,-0.015015015015,-0.0109176126625,-1.08108108108,-0.909090909091,-0.571428571429,-0.905153218567,-0.0339694494967,-0.0203495420887,-0.845463893334,-0.0332553881523,-0.0172130286547,0.11799439898,0.0676741945539,0.0296923271752,-0.0103709867953,-0.00368489522907,0.0689655172414,-0.0109176126625,-0.0103709867953,0.0689655172414,-0.0764763573214,-0.101595890503,-298,-0.0383526383526,0.00114746461691,0,0,0,321,1,21,989,0.938596491228,0.99898989899,0.0010101010101,0.0614035087719,0.996894409938,0.938596491228,0.96686746988,0.95665054265,0.937586390218,0.935860058309,117,137,0,0,0,0
2629,WLNM_dir_neg,0.981219031382,0.844210734986,00:00:04,10,60,43,1238529978,threshold_sweep,0.1,0.95,0.832116788321,0.887159533074,114,6,23,268,0.832116788321,0.978102189781,0.021897810219,0.167883211679,0.95,0.832116788321,0.887159533074,0.929440389294,0.569343065693,0.83615819209,0.840041726995,0.810218978102,342,205,137,0,342,0,205,0,137,37,342,0.256756756757,1.72528881811,18.4864864865,15.5454545455,9.77142857143,5.36771015539,0.290358590277,0.142642642643,9.50849154237,1.02869645341,0.544491860281,8.05331334643,0.871264894205,0.461830251304,0.640599570326,0.371299902718,2,1.72528881811,0.640599570326,2,0.344071394247,0.376569037657,810,0.104247104247,0.56957682835,37,37,37,1,0,0.405405405405,0.540540540541,0.0540540540541,37,0.153903903904,1.80546921922,11.0810810811,9.31818181818,5.85714285714,4.33575815732,0.391275736149,0.216875411997,6.15807777816,1.11145794045,0.588002636783,5.05851644147,0.91300052846,0.481212920237,0.730656856058,0.404690840631,2,1.80546921922,0.730656856058,2,0.14504922717,0.111622073579,89,0.0114543114543,0.262151038339,37,37,37,1,0,0.405405405405,0.540540540541,0.0540540540541,37,325,0.243993993994,1.74117406095,17.5675675676,14.7727272727,8.78378378378,5.50525274695,0.313375925596,0.154012474012,8.90734757607,1.01406726251,0.539708939709,7.93422661335,0.903281183673,0.469688149688,0.664191877755,0.381462079324,2.09215686275,1.74117406095,0.664191877755,2.09215686275,0.318232294807,0.342783059637,661,0.0850707850708,0.544889699792,37,37,37,1,0,0.405405405405,0.594594594595,0,-17,-0.0127627627628,0.0158852428344,-0.918918918919,-0.772727272727,-0.987644787645,0.137542591557,0.0230173353185,0.0113698313698,-0.601143966309,-0.0146291909089,-0.00478292057239,-0.119086733087,0.0320162894685,0.00785789838421,0.0235923074289,0.0101621766064,0.0921568627451,0.0158852428344,0.0235923074289,0.0921568627451,-0.0258390994402,-0.0337859780199,-149,-0.0191763191763,-0.0246871285575,0,0.0540540540541,-0.0540540540541,319,6,23,984,0.932748538012,0.993939393939,0.00606060606061,0.0672514619883,0.981538461538,0.932748538012,0.95652173913,0.942557257814,0.926687931951,0.916666666667,120,137,0,0,0,0
2630,WLNM_dir_neg,0.981219031382,0.844210734986,00:00:04,10,60,43,1238529978,threshold_sweep,0.2,0.957264957265,0.817518248175,0.88188976378,112,5,25,269,0.817518248175,0.981751824818,0.0182481751825,0.182481751825,0.957264957265,0.817518248175,0.88188976378,0.92700729927,0.571776155718,0.829545454545,0.834953944841,0.799270072993,342,205,137,0,342,0,205,0,137,37,342,0.256756756757,1.72528881811,18.4864864865,15.5454545455,9.77142857143,5.36771015539,0.290358590277,0.142642642643,9.50849154237,1.02869645341,0.544491860281,8.05331334643,0.871264894205,0.461830251304,0.640599570326,0.371299902718,2,1.72528881811,0.640599570326,2,0.344071394247,0.376569037657,810,0.104247104247,0.56957682835,37,37,37,1,0,0.405405405405,0.540540540541,0.0540540540541,37,0.153903903904,1.80546921922,11.0810810811,9.31818181818,5.85714285714,4.33575815732,0.391275736149,0.216875411997,6.15807777816,1.11145794045,0.588002636783,5.05851644147,0.91300052846,0.481212920237,0.730656856058,0.404690840631,2,1.80546921922,0.730656856058,2,0.14504922717,0.111622073579,89,0.0114543114543,0.262151038339,37,37,37,1,0,0.405405405405,0.540540540541,0.0540540540541,37,322,0.241741741742,1.73561361912,17.4054054054,14.6363636364,8.7027027027,5.56506693311,0.319732106405,0.154608024173,8.8721313513,1.01946850931,0.540540540541,7.97518674412,0.916403445753,0.474064126238,0.656601582527,0.378310918567,2,1.73561361912,0.656601582527,2,0.313085006769,0.337546076883,641,0.0824967824968,0.548754683469,37,37,37,1,0,0.405405405405,0.594594594595,0,-20,-0.015015015015,0.0103248010077,-1.08108108108,-0.909090909091,-1.06872586873,0.197356777715,0.0293735161281,0.0119653815306,-0.636360191075,-0.00922794410398,-0.00395131974079,-0.0781266023132,0.0451385515482,0.0122338749341,0.0160020122009,0.00701101584883,0,0.0103248010077,0.0160020122009,0,-0.0309863874789,-0.0390229607743,-169,-0.0217503217503,-0.0208221448804,0,0.0540540540541,-0.0540540540541,317,5,25,985,0.926900584795,0.994949494949,0.00505050505051,0.0730994152047,0.984472049689,0.926900584795,0.954819277108,0.940594262279,0.921850079745,0.913544668588,117,137,0,0,0,0
2631,WLNM_dir_neg,0.981219031382,0.844210734986,00:00:04,10,60,43,1238529978,threshold_sweep,0.3,0.973913043478,0.817518248175,0.888888888889,112,3,25,271,0.817518248175,0.989051094891,0.0109489051095,0.182481751825,0.973913043478,0.817518248175,0.888888888889,0.931873479319,0.573398215734,0.84030418251,0.84699822488,0.806569343066,342,205,137,0,342,0,205,0,137,37,342,0.256756756757,1.72528881811,18.4864864865,15.5454545455,9.77142857143,5.36771015539,0.290358590277,0.142642642643,9.50849154237,1.02869645341,0.544491860281,8.05331334643,0.871264894205,0.461830251304,0.640599570326,0.371299902718,2,1.72528881811,0.640599570326,2,0.344071394247,0.376569037657,810,0.104247104247,0.56957682835,37,37,37,1,0,0.405405405405,0.540540540541,0.0540540540541,37,0.153903903904,1.80546921922,11.0810810811,9.31818181818,5.85714285714,4.33575815732,0.391275736149,0.216875411997,6.15807777816,1.11145794045,0.588002636783,5.05851644147,0.91300052846,0.481212920237,0.730656856058,0.404690840631,2,1.80546921922,0.730656856058,2,0.14504922717,0.111622073579,89,0.0114543114543,0.262151038339,37,37,37,1,0,0.405405405405,0.540540540541,0.0540540540541,37,320,0.24024024024,1.73278685041,17.2972972973,14.5454545455,8.64864864865,5.50184244324,0.31807526625,0.152364864865,8.80724517472,1.01833772333,0.539189189189,8.01462626916,0.926691162371,0.478716216216,0.654189359364,0.377535967109,2,1.73278685041,0.654189359364,2,0.303417577287,0.325146823278,609,0.0783783783784,0.552333970918,37,37,37,1,0,0.405405405405,0.594594594595,0,-22,-0.0165165165165,0.00749803229846,-1.18918918919,-1,-1.12277992278,0.13413228785,0.0277166759729,0.00972222222222,-0.701246367658,-0.0103587300882,-0.00530267109214,-0.0386870772789,0.0554262681662,0.0168859649123,0.0135897890383,0.00623606439114,0,0.00749803229846,0.0135897890383,0,-0.0406538169605,-0.0514222143787,-201,-0.0258687258687,-0.0172428574318,0,0.0540540540541,-0.0540540540541,317,3,25,987,0.926900584795,0.99696969697,0.0030303030303,0.0730994152047,0.990625,0.926900584795,0.957703927492,0.94466190535,0.923870281765,0.91884057971,115,137,0,0,0,0
2632,WLNM_dir_neg,0.981219031382,0.844210734986,00:00:04,10,60,43,1238529978,threshold_sweep,0.4,0.973684210526,0.810218978102,0.884462151394,111,3,26,271,0.810218978102,0.989051094891,0.0109489051095,0.189781021898,0.973684210526,0.810218978102,0.884462151394,0.929440389294,0.574209245742,0.834285714286,0.841585931037,0.799270072993,342,205,137,0,342,0,205,0,137,37,342,0.256756756757,1.72528881811,18.4864864865,15.5454545455,9.77142857143,5.36771015539,0.290358590277,0.142642642643,9.50849154237,1.02869645341,0.544491860281,8.05331334643,0.871264894205,0.461830251304,0.640599570326,0.371299902718,2,1.72528881811,0.640599570326,2,0.344071394247,0.376569037657,810,0.104247104247,0.56957682835,37,37,37,1,0,0.405405405405,0.540540540541,0.0540540540541,37,0.153903903904,1.80546921922,11.0810810811,9.31818181818,5.85714285714,4.33575815732,0.391275736149,0.216875411997,6.15807777816,1.11145794045,0.588002636783,5.05851644147,0.91300052846,0.481212920237,0.730656856058,0.404690840631,2,1.80546921922,0.730656856058,2,0.14504922717,0.111622073579,89,0.0114543114543,0.262151038339,37,37,37,1,0,0.405405405405,0.540540540541,0.0540540540541,37,319,0.239489489489,1.73167235578,17.2432432432,14.5,8.62162162162,5.45896513089,0.316585752105,0.150554943658,8.76657589101,1.01681287764,0.537998813861,8.03586181284,0.932059207132,0.480894687791,0.653010672924,0.377098283485,2,1.73167235578,0.653010672924,2,0.299090006127,0.318931516673,593,0.0763191763192,0.553857429397,37,37,37,1,0,0.405405405405,0.594594594595,0,-23,-0.0172672672673,0.00638353766746,-1.24324324324,-1.04545454545,-1.14980694981,0.0912549754992,0.0262271618279,0.00791230101575,-0.741915651364,-0.011883575774,-0.00649304642045,-0.0174515335933,0.0607943129271,0.0190644364873,0.0124111025979,0.00579838076727,0,0.00638353766746,0.0124111025979,0,-0.0449813881208,-0.0576375209843,-217,-0.0279279279279,-0.0157193989531,0,0.0540540540541,-0.0540540540541,316,3,26,987,0.923976608187,0.99696969697,0.0030303030303,0.0760233918129,0.990595611285,0.923976608187,0.956127080182,0.942681308464,0.920946305157,0.915942028986,114,137,0,0,0,0
2633,WLNM_dir_neg,0.981219031382,0.844210734986,00:00:04,10,60,43,1238529978,threshold_sweep,0.5,0.973214285714,0.795620437956,0.875502008032,109,3,28,271,0.795620437956,0.989051094891,0.0109489051095,0.204379562044,0.973214285714,0.795620437956,0.875502008032,0.924574209246,0.575831305758,0.822179732314,0.830766272269,0.784671532847,342,205,137,0,342,0,205,0,137,37,342,0.256756756757,1.72528881811,18.4864864865,15.5454545455,9.77142857143,5.36771015539,0.290358590277,0.142642642643,9.50849154237,1.02869645341,0.544491860281,8.05331334643,0.871264894205,0.461830251304,0.640599570326,0.371299902718,2,1.72528881811,0.640599570326,2,0.344071394247,0.376569037657,810,0.104247104247,0.56957682835,37,37,37,1,0,0.405405405405,0.540540540541,0.0540540540541,37,0.153903903904,1.80546921922,11.0810810811,9.31818181818,5.85714285714,4.33575815732,0.391275736149,0.216875411997,6.15807777816,1.11145794045,0.588002636783,5.05851644147,0.91300052846,0.481212920237,0.730656856058,0.404690840631,2,1.80546921922,0.730656856058,2,0.14504922717,0.111622073579,89,0.0114543114543,0.262151038339,37,37,37,1,0,0.405405405405,0.540540540541,0.0540540540541,37,317,0.237987987988,1.73063159733,17.1351351351,14.4090909091,8.56756756757,5.49829348355,0.320878326327,0.151334299599,8.7227051759,1.01810754419,0.538664847813,8.07100620376,0.942041733562,0.484099241197,0.651827914389,0.376641634994,2,1.73063159733,0.651827914389,2,0.300638625551,0.312443397935,575,0.0740025740026,0.556412590692,37,37,37,1,0,0.405405405405,0.594594594595,0,-25,-0.0187687687688,0.00534277921197,-1.35135135135,-1.13636363636,-1.20386100386,0.130583328155,0.0305197360498,0.00869165695664,-0.78578636648,-0.0105889092252,-0.00582701246822,0.0176928573263,0.0707768393571,0.0222689898931,0.0112283440633,0.0053417322762,0,0.00534277921197,0.0112283440633,0,-0.0434327686963,-0.0641256397217,-235,-0.0302445302445,-0.0131642376578,0,0.0540540540541,-0.0540540540541,314,3,28,987,0.918128654971,0.99696969697,0.0030303030303,0.0818713450292,0.990536277603,0.918128654971,0.952959028832,0.938719352471,0.91509835194,0.910144927536,112,137,0,0,0,0
2634,WLNM_dir_neg,0.981219031382,0.844210734986,00:00:04,10,60,43,1238529978,threshold_sweep,0.6,0.973214285714,0.795620437956,0.875502008032,109,3,28,271,0.795620437956,0.989051094891,0.0109489051095,0.204379562044,0.973214285714,0.795620437956,0.875502008032,0.924574209246,0.575831305758,0.822179732314,0.830766272269,0.784671532847,342,205,137,0,342,0,205,0,137,37,342,0.256756756757,1.72528881811,18.4864864865,15.5454545455,9.77142857143,5.36771015539,0.290358590277,0.142642642643,9.50849154237,1.02869645341,0.544491860281,8.05331334643,0.871264894205,0.461830251304,0.640599570326,0.371299902718,2,1.72528881811,0.640599570326,2,0.344071394247,0.376569037657,810,0.104247104247,0.56957682835,37,37,37,1,0,0.405405405405,0.540540540541,0.0540540540541,37,0.153903903904,1.80546921922,11.0810810811,9.31818181818,5.85714285714,4.33575815732,0.391275736149,0.216875411997,6.15807777816,1.11145794045,0.588002636783,5.05851644147,0.91300052846,0.481212920237,0.730656856058,0.404690840631,2,1.80546921922,0.730656856058,2,0.14504922717,0.111622073579,89,0.0114543114543,0.262151038339,37,37,37,1,0,0.405405405405,0.540540540541,0.0540540540541,37,317,0.237987987988,1.73063159733,17.1351351351,14.4090909091,8.56756756757,5.49829348355,0.320878326327,0.151334299599,8.7227051759,1.01810754419,0.538664847813,8.07100620376,0.942041733562,0.484099241197,0.651827914389,0.376641634994,2,1.73063159733,0.651827914389,2,0.300638625551,0.312443397935,575,0.0740025740026,0.556412590692,37,37,37,1,0,0.405405405405,0.594594594595,0,-25,-0.0187687687688,0.00534277921197,-1.35135135135,-1.13636363636,-1.20386100386,0.130583328155,0.0305197360498,0.00869165695664,-0.78578636648,-0.0105889092252,-0.00582701246822,0.0176928573263,0.0707768393571,0.0222689898931,0.0112283440633,0.0053417322762,0,0.00534277921197,0.0112283440633,0,-0.0434327686963,-0.0641256397217,-235,-0.0302445302445,-0.0131642376578,0,0.0540540540541,-0.0540540540541,314,3,28,987,0.918128654971,0.99696969697,0.0030303030303,0.0818713450292,0.990536277603,0.918128654971,0.952959028832,0.938719352471,0.91509835194,0.910144927536,112,137,0,0,0,0
2635,WLNM_dir_neg,0.981219031382,0.844210734986,00:00:04,10,60,43,1238529978,threshold_sweep,0.7,0.973214285714,0.795620437956,0.875502008032,109,3,28,271,0.795620437956,0.989051094891,0.0109489051095,0.204379562044,0.973214285714,0.795620437956,0.875502008032,0.924574209246,0.575831305758,0.822179732314,0.830766272269,0.784671532847,342,205,137,0,342,0,205,0,137,37,342,0.256756756757,1.72528881811,18.4864864865,15.5454545455,9.77142857143,5.36771015539,0.290358590277,0.142642642643,9.50849154237,1.02869645341,0.544491860281,8.05331334643,0.871264894205,0.461830251304,0.640599570326,0.371299902718,2,1.72528881811,0.640599570326,2,0.344071394247,0.376569037657,810,0.104247104247,0.56957682835,37,37,37,1,0,0.405405405405,0.540540540541,0.0540540540541,37,0.153903903904,1.80546921922,11.0810810811,9.31818181818,5.85714285714,4.33575815732,0.391275736149,0.216875411997,6.15807777816,1.11145794045,0.588002636783,5.05851644147,0.91300052846,0.481212920237,0.730656856058,0.404690840631,2,1.80546921922,0.730656856058,2,0.14504922717,0.111622073579,89,0.0114543114543,0.262151038339,37,37,37,1,0,0.405405405405,0.540540540541,0.0540540540541,37,317,0.237987987988,1.73063159733,17.1351351351,14.4090909091,8.56756756757,5.49829348355,0.320878326327,0.151334299599,8.7227051759,1.01810754419,0.538664847813,8.07100620376,0.942041733562,0.484099241197,0.651827914389,0.376641634994,2,1.73063159733,0.651827914389,2,0.300638625551,0.312443397935,575,0.0740025740026,0.556412590692,37,37,37,1,0,0.405405405405,0.594594594595,0,-25,-0.0187687687688,0.00534277921197,-1.35135135135,-1.13636363636,-1.20386100386,0.130583328155,0.0305197360498,0.00869165695664,-0.78578636648,-0.0105889092252,-0.00582701246822,0.0176928573263,0.0707768393571,0.0222689898931,0.0112283440633,0.0053417322762,0,0.00534277921197,0.0112283440633,0,-0.0434327686963,-0.0641256397217,-235,-0.0302445302445,-0.0131642376578,0,0.0540540540541,-0.0540540540541,314,3,28,987,0.918128654971,0.99696969697,0.0030303030303,0.0818713450292,0.990536277603,0.918128654971,0.952959028832,0.938719352471,0.91509835194,0.910144927536,112,137,0,0,0,0
2636,WLNM_dir_neg,0.981219031382,0.844210734986,00:00:04,10,60,43,1238529978,threshold_sweep,0.8,0.972972972973,0.788321167883,0.870967741935,108,3,29,271,0.788321167883,0.989051094891,0.0109489051095,0.211678832117,0.972972972973,0.788321167883,0.870967741935,0.922141119221,0.576642335766,0.816091954023,0.825358235081,0.777372262774,342,205,137,0,342,0,205,0,137,37,342,0.256756756757,1.72528881811,18.4864864865,15.5454545455,9.77142857143,5.36771015539,0.290358590277,0.142642642643,9.50849154237,1.02869645341,0.544491860281,8.05331334643,0.871264894205,0.461830251304,0.640599570326,0.371299902718,2,1.72528881811,0.640599570326,2,0.344071394247,0.376569037657,810,0.104247104247,0.56957682835,37,37,37,1,0,0.405405405405,0.540540540541,0.0540540540541,37,0.153903903904,1.80546921922,11.0810810811,9.31818181818,5.85714285714,4.33575815732,0.391275736149,0.216875411997,6.15807777816,1.11145794045,0.588002636783,5.05851644147,0.91300052846,0.481212920237,0.730656856058,0.404690840631,2,1.80546921922,0.730656856058,2,0.14504922717,0.111622073579,89,0.0114543114543,0.262151038339,37,37,37,1,0,0.405405405405,0.540540540541,0.0540540540541,37,316,0.237237237237,1.72957036003,17.0810810811,14.3636363636,8.54054054054,5.51955301319,0.323138388431,0.151727677044,8.68777747629,1.01723976779,0.537803626411,8.07807249629,0.945850260641,0.484946972289,0.650803561519,0.376280477833,2,1.72957036003,0.650803561519,2,0.300097482905,0.312886785584,573,0.0737451737452,0.557213777057,37,37,37,1,0,0.405405405405,0.594594594595,0,-26,-0.0195195195195,0.00428154191906,-1.40540540541,-1.18181818182,-1.23088803089,0.151842857801,0.0327797981536,0.00908503440149,-0.820714066088,-0.0114566856217,-0.00668823387011,0.0247591498519,0.0745853664362,0.0231167209848,0.010203991193,0.00498057511506,0,0.00428154191906,0.010203991193,0,-0.0439739113427,-0.0636822520726,-237,-0.0305019305019,-0.0123630512927,0,0.0540540540541,-0.0540540540541,313,3,29,987,0.915204678363,0.99696969697,0.0030303030303,0.0847953216374,0.990506329114,0.915204678363,0.951367781155,0.936737966942,0.912174375332,0.907246376812,111,137,0,0,0,0
2637,WLNM_dir_neg,0.981219031382,0.844210734986,00:00:04,10,60,43,1238529978,threshold_sweep,0.9,0.970588235294,0.722627737226,0.828451882845,99,3,38,271,0.722627737226,0.989051094891,0.0109489051095,0.277372262774,0.970588235294,0.722627737226,0.828451882845,0.900243309002,0.583941605839,0.760233918129,0.776676720125,0.711678832117,342,205,137,0,342,0,205,0,137,37,342,0.256756756757,1.72528881811,18.4864864865,15.5454545455,9.77142857143,5.36771015539,0.290358590277,0.142642642643,9.50849154237,1.02869645341,0.544491860281,8.05331334643,0.871264894205,0.461830251304,0.640599570326,0.371299902718,2,1.72528881811,0.640599570326,2,0.344071394247,0.376569037657,810,0.104247104247,0.56957682835,37,37,37,1,0,0.405405405405,0.540540540541,0.0540540540541,37,0.153903903904,1.80546921922,11.0810810811,9.31818181818,5.85714285714,4.33575815732,0.391275736149,0.216875411997,6.15807777816,1.11145794045,0.588002636783,5.05851644147,0.91300052846,0.481212920237,0.730656856058,0.404690840631,2,1.80546921922,0.730656856058,2,0.14504922717,0.111622073579,89,0.0114543114543,0.262151038339,37,37,37,1,0,0.405405405405,0.540540540541,0.0540540540541,37,307,0.23048048048,1.73205177987,16.5945945946,13.9545454545,8.2972972973,5.56007323822,0.335053273313,0.162426269918,8.55655974763,1.03124661453,0.54582269566,7.82043215936,0.942527654385,0.485958270975,0.652421290555,0.376675396276,2,1.73205177987,0.652421290555,2,0.297183255132,0.304030710173,528,0.0679536679537,0.525339942493,37,37,37,1,0,0.405405405405,0.594594594595,0,-35,-0.0262762762763,0.00676296175946,-1.89189189189,-1.59090909091,-1.47413127413,0.192363082831,0.044694683036,0.0197836272755,-0.951931794747,0.00255016112007,0.0013308353785,-0.232881187074,0.0712627601806,0.0241280196706,0.0118217202289,0.00537549355842,0,0.00676296175946,0.0118217202289,0,-0.0468881391156,-0.0725383274842,-282,-0.0362934362934,-0.0442368858572,0,0.0540540540541,-0.0540540540541,304,3,38,987,0.888888888889,0.99696969697,0.0030303030303,0.111111111111,0.990228013029,0.888888888889,0.936825885978,0.918890853531,0.885858585859,0.88115942029,102,137,0,0,0,0
2638,WLNM_dir_neg,0.987532633598,0.867723370043,00:00:04,10,60,44,1238529979,threshold_sweep,0.1,0.977099236641,0.934306569343,0.955223880597,128,3,9,271,0.934306569343,0.989051094891,0.0109489051095,0.0656934306569,0.977099236641,0.934306569343,0.955223880597,0.970802919708,0.560421735604,0.933579335793,0.934094596589,0.923357664234,342,205,137,0,342,0,205,0,137,37,342,0.256756756757,1.72528881811,18.4864864865,15.5454545455,9.77142857143,5.36771015539,0.290358590277,0.142642642643,9.50849154237,1.02869645341,0.544491860281,8.05331334643,0.871264894205,0.461830251304,0.640599570326,0.371299902718,2,1.72528881811,0.640599570326,2,0.344071394247,0.376569037657,810,0.104247104247,0.56957682835,37,37,37,1,0,0.405405405405,0.540540540541,0.0540540540541,37,0.153903903904,1.83975091761,11.0810810811,9.31818181818,5.85714285714,4.05776606835,0.366188645193,0.203823335531,6.14453051545,1.10901282474,0.590112063283,4.9136691122,0.886857351957,0.470665787739,0.779107589054,0.423485365109,2.38402051515,1.83975091761,0.779107589054,2.38402051515,0.153684396331,0.0907928388747,71,0.00913770913771,0.25963199015,37,37,37,1,0,0.405405405405,0.540540540541,0.0540540540541,37,336,0.252252252252,1,18.1621621622,14.6086956522,9.6,4.99173491057,0.274842547159,0.132722007722,9.12377351994,1.00470125071,0.534266409266,8.19002909498,0.901878203911,0.473938223938,0,0,0,NaN,NaN,NaN,0.298816544452,0.33262364887,677,0.08712998713,0.533192660976,37,37,0,1,2,0.378378378378,0.567567567568,0.0540540540541,-6,-0.0045045045045,-0.725288818115,-0.324324324324,-0.936758893281,-0.171428571429,-0.375975244822,-0.0155160431177,-0.00992063492063,-0.38471802243,-0.0239952027066,-0.0102254510149,0.136715748543,0.0306133097063,0.0121079726343,-0.640599570326,-0.371299902718,-2,NaN,NaN,NaN,-0.0452548497955,-0.0439453887869,-133,-0.0171171171171,-0.0363841673736,-0.027027027027,0.027027027027,0,333,3,9,987,0.973684210526,0.99696969697,0.0030303030303,0.0263157894737,0.991071428571,0.973684210526,0.982300884956,0.97632801133,0.970653907496,0.965217391304,131,137,0,0,0,0
2639,WLNM_dir_neg,0.987532633598,0.867723370043,00:00:04,10,60,44,1238529979,threshold_sweep,0.2,0.984615384615,0.934306569343,0.958801498127,128,2,9,272,0.934306569343,0.992700729927,0.00729927007299,0.0656934306569,0.984615384615,0.934306569343,0.958801498127,0.973236009732,0.561232765612,0.939001848429,0.939710074049,0.92700729927,342,205,137,0,342,0,205,0,137,37,342,0.256756756757,1.72528881811,18.4864864865,15.5454545455,9.77142857143,5.36771015539,0.290358590277,0.142642642643,9.50849154237,1.02869645341,0.544491860281,8.05331334643,0.871264894205,0.461830251304,0.640599570326,0.371299902718,2,1.72528881811,0.640599570326,2,0.344071394247,0.376569037657,810,0.104247104247,0.56957682835,37,37,37,1,0,0.405405405405,0.540540540541,0.0540540540541,37,0.153903903904,1.83975091761,11.0810810811,9.31818181818,5.85714285714,4.05776606835,0.366188645193,0.203823335531,6.14453051545,1.10901282474,0.590112063283,4.9136691122,0.886857351957,0.470665787739,0.779107589054,0.423485365109,2.38402051515,1.83975091761,0.779107589054,2.38402051515,0.153684396331,0.0907928388747,71,0.00913770913771,0.25963199015,37,37,37,1,0,0.405405405405,0.540540540541,0.0540540540541,37,335,0.251501501502,1,18.1081081081,14.5652173913,9.57142857143,4.93729448958,0.272656561365,0.130778539734,9.10111698256,1.00519799509,0.534409035902,8.2156556036,0.907400768159,0.476966518758,0,0,0,NaN,NaN,NaN,0.298816544452,0.33262364887,677,0.08712998713,0.535983445524,37,37,0,1,2,0.378378378378,0.567567567568,0.0540540540541,-7,-0.00525525525526,-0.725288818115,-0.378378378378,-0.98023715415,-0.2,-0.430415665809,-0.017702028912,-0.0118641029089,-0.40737455981,-0.0234984583256,-0.0100828243798,0.162342257168,0.0361358739542,0.0151362674536,-0.640599570326,-0.371299902718,-2,NaN,NaN,NaN,-0.0452548497955,-0.0439453887869,-133,-0.0171171171171,-0.0335933828263,-0.027027027027,0.027027027027,0,333,2,9,988,0.973684210526,0.99797979798,0.0020202020202,0.0263157894737,0.994029850746,0.973684210526,0.983751846381,0.978310655878,0.971664008506,0.968023255814,130,137,0,0,0,0
2640,WLNM_dir_neg,0.987532633598,0.867723370043,00:00:04,10,60,44,1238529979,threshold_sweep,0.3,0.984126984127,0.905109489051,0.942965779468,124,2,13,272,0.905109489051,0.992700729927,0.00729927007299,0.0948905109489,0.984126984127,0.905109489051,0.942965779468,0.963503649635,0.564476885645,0.916201117318,0.917936008821,0.897810218978,342,205,137,0,342,0,205,0,137,37,342,0.256756756757,1.72528881811,18.4864864865,15.5454545455,9.77142857143,5.36771015539,0.290358590277,0.142642642643,9.50849154237,1.02869645341,0.544491860281,8.05331334643,0.871264894205,0.461830251304,0.640599570326,0.371299902718,2,1.72528881811,0.640599570326,2,0.344071394247,0.376569037657,810,0.104247104247,0.56957682835,37,37,37,1,0,0.405405405405,0.540540540541,0.0540540540541,37,0.153903903904,1.83975091761,11.0810810811,9.31818181818,5.85714285714,4.05776606835,0.366188645193,0.203823335531,6.14453051545,1.10901282474,0.590112063283,4.9136691122,0.886857351957,0.470665787739,0.779107589054,0.423485365109,2.38402051515,1.83975091761,0.779107589054,2.38402051515,0.153684396331,0.0907928388747,71,0.00913770913771,0.25963199015,37,37,37,1,0,0.405405405405,0.540540540541,0.0540540540541,37,331,0.248498498498,1,17.8918918919,14.3913043478,9.45714285714,4.90342161593,0.274058307839,0.133338776843,9.03986831869,1.0104988755,0.538744182249,8.0861539613,0.903890321958,0.478484526823,0,0,0,NaN,NaN,NaN,0.298734185343,0.330482897384,657,0.084555984556,0.520693590679,37,37,0,1,2,0.378378378378,0.567567567568,0.0540540540541,-11,-0.00825825825826,-0.725288818115,-0.594594594595,-1.15415019763,-0.314285714286,-0.464288539466,-0.0163002824383,-0.00930386579933,-0.468623223687,-0.0181975779119,-0.00574767803262,0.0328406148681,0.0326254277534,0.016654275519,-0.640599570326,-0.371299902718,-2,NaN,NaN,NaN,-0.0453372089047,-0.0460861402726,-153,-0.0196911196911,-0.0488832376714,-0.027027027027,0.027027027027,0,329,2,13,988,0.961988304094,0.99797979798,0.0020202020202,0.0380116959064,0.993957703927,0.961988304094,0.977711738484,0.970412578428,0.959968102073,0.956395348837,126,137,0,0,0,0
2641,WLNM_dir_neg,0.987532633598,0.867723370043,00:00:04,10,60,44,1238529979,threshold_sweep,0.4,0.98347107438,0.868613138686,0.922480620155,119,2,18,272,0.868613138686,0.992700729927,0.00729927007299,0.131386861314,0.98347107438,0.868613138686,0.922480620155,0.951338199513,0.568532035685,0.887218045113,0.890851511158,0.861313868613,342,205,137,0,342,0,205,0,137,37,342,0.256756756757,1.72528881811,18.4864864865,15.5454545455,9.77142857143,5.36771015539,0.290358590277,0.142642642643,9.50849154237,1.02869645341,0.544491860281,8.05331334643,0.871264894205,0.461830251304,0.640599570326,0.371299902718,2,1.72528881811,0.640599570326,2,0.344071394247,0.376569037657,810,0.104247104247,0.56957682835,37,37,37,1,0,0.405405405405,0.540540540541,0.0540540540541,37,0.153903903904,1.83975091761,11.0810810811,9.31818181818,5.85714285714,4.05776606835,0.366188645193,0.203823335531,6.14453051545,1.10901282474,0.590112063283,4.9136691122,0.886857351957,0.470665787739,0.779107589054,0.423485365109,2.38402051515,1.83975091761,0.779107589054,2.38402051515,0.153684396331,0.0907928388747,71,0.00913770913771,0.25963199015,37,37,37,1,0,0.405405405405,0.540540540541,0.0540540540541,37,326,0.244744744745,1,17.6216216216,14.1739130435,9.31428571429,4.84396159811,0.274887391304,0.134803515172,8.90018051577,1.01014318737,0.537555960869,8.02370736505,0.910666173333,0.481346377052,0,0,0,NaN,NaN,NaN,0.289800239424,0.321169145624,619,0.0796653796654,0.512209789811,37,37,0,1,2,0.378378378378,0.567567567568,0.0540540540541,-16,-0.012012012012,-0.725288818115,-0.864864864865,-1.37154150198,-0.457142857143,-0.523748557283,-0.0154711989733,-0.00783912747103,-0.608311026609,-0.0185532660426,-0.00693589941249,-0.0296059813891,0.0394012791285,0.019516125748,-0.640599570326,-0.371299902718,-2,NaN,NaN,NaN,-0.0542711548234,-0.0553998920326,-191,-0.0245817245817,-0.0573670385389,-0.027027027027,0.027027027027,0,324,2,18,988,0.947368421053,0.99797979798,0.0020202020202,0.0526315789474,0.993865030675,0.947368421053,0.97005988024,0.960538264433,0.945348219032,0.941860465116,121,137,0,0,0,0
2642,WLNM_dir_neg,0.987532633598,0.867723370043,00:00:04,10,60,44,1238529979,threshold_sweep,0.5,0.991666666667,0.868613138686,0.926070038911,119,1,18,273,0.868613138686,0.996350364964,0.0036496350365,0.131386861314,0.991666666667,0.868613138686,0.926070038911,0.953771289538,0.569343065693,0.892655367232,0.896801303143,0.86496350365,342,205,137,0,342,0,205,0,137,37,342,0.256756756757,1.72528881811,18.4864864865,15.5454545455,9.77142857143,5.36771015539,0.290358590277,0.142642642643,9.50849154237,1.02869645341,0.544491860281,8.05331334643,0.871264894205,0.461830251304,0.640599570326,0.371299902718,2,1.72528881811,0.640599570326,2,0.344071394247,0.376569037657,810,0.104247104247,0.56957682835,37,37,37,1,0,0.405405405405,0.540540540541,0.0540540540541,37,0.153903903904,1.83975091761,11.0810810811,9.31818181818,5.85714285714,4.05776606835,0.366188645193,0.203823335531,6.14453051545,1.10901282474,0.590112063283,4.9136691122,0.886857351957,0.470665787739,0.779107589054,0.423485365109,2.38402051515,1.83975091761,0.779107589054,2.38402051515,0.153684396331,0.0907928388747,71,0.00913770913771,0.25963199015,37,37,37,1,0,0.405405405405,0.540540540541,0.0540540540541,37,325,0.243993993994,1.71830829403,17.5675675676,14.7727272727,9.28571428571,4.91336352626,0.279683769956,0.137796257796,8.92603910893,1.01619522163,0.539875259875,8.01087848954,0.912007704963,0.482162162162,0.631583508201,0.367561228911,2,1.71830829403,0.631583508201,2,0.289800239424,0.321169145624,619,0.0796653796654,0.55202766561,37,37,37,1,0,0.405405405405,0.540540540541,0.0540540540541,-17,-0.0127627627628,-0.00698052408643,-0.918918918919,-0.772727272727,-0.485714285714,-0.454346629137,-0.010674820321,-0.00484638484638,-0.582452433443,-0.0125012317826,-0.00461660040607,-0.0424348568943,0.0407428107581,0.0203319108582,-0.00901606212518,-0.00373867380685,0,-0.00698052408643,-0.00901606212518,0,-0.0542711548234,-0.0553998920326,-191,-0.0245817245817,-0.0175491627396,0,0,0,324,1,18,989,0.947368421053,0.99898989899,0.0010101010101,0.0526315789474,0.996923076923,0.947368421053,0.971514242879,0.962564496951,0.946358320043,0.944606413994,120,137,0,0,0,0
2643,WLNM_dir_neg,0.987532633598,0.867723370043,00:00:04,10,60,44,1238529979,threshold_sweep,0.6,0.991666666667,0.868613138686,0.926070038911,119,1,18,273,0.868613138686,0.996350364964,0.0036496350365,0.131386861314,0.991666666667,0.868613138686,0.926070038911,0.953771289538,0.569343065693,0.892655367232,0.896801303143,0.86496350365,342,205,137,0,342,0,205,0,137,37,342,0.256756756757,1.72528881811,18.4864864865,15.5454545455,9.77142857143,5.36771015539,0.290358590277,0.142642642643,9.50849154237,1.02869645341,0.544491860281,8.05331334643,0.871264894205,0.461830251304,0.640599570326,0.371299902718,2,1.72528881811,0.640599570326,2,0.344071394247,0.376569037657,810,0.104247104247,0.56957682835,37,37,37,1,0,0.405405405405,0.540540540541,0.0540540540541,37,0.153903903904,1.83975091761,11.0810810811,9.31818181818,5.85714285714,4.05776606835,0.366188645193,0.203823335531,6.14453051545,1.10901282474,0.590112063283,4.9136691122,0.886857351957,0.470665787739,0.779107589054,0.423485365109,2.38402051515,1.83975091761,0.779107589054,2.38402051515,0.153684396331,0.0907928388747,71,0.00913770913771,0.25963199015,37,37,37,1,0,0.405405405405,0.540540540541,0.0540540540541,37,325,0.243993993994,1.71830829403,17.5675675676,14.7727272727,9.28571428571,4.91336352626,0.279683769956,0.137796257796,8.92603910893,1.01619522163,0.539875259875,8.01087848954,0.912007704963,0.482162162162,0.631583508201,0.367561228911,2,1.71830829403,0.631583508201,2,0.289800239424,0.321169145624,619,0.0796653796654,0.55202766561,37,37,37,1,0,0.405405405405,0.540540540541,0.0540540540541,-17,-0.0127627627628,-0.00698052408643,-0.918918918919,-0.772727272727,-0.485714285714,-0.454346629137,-0.010674820321,-0.00484638484638,-0.582452433443,-0.0125012317826,-0.00461660040607,-0.0424348568943,0.0407428107581,0.0203319108582,-0.00901606212518,-0.00373867380685,0,-0.00698052408643,-0.00901606212518,0,-0.0542711548234,-0.0553998920326,-191,-0.0245817245817,-0.0175491627396,0,0,0,324,1,18,989,0.947368421053,0.99898989899,0.0010101010101,0.0526315789474,0.996923076923,0.947368421053,0.971514242879,0.962564496951,0.946358320043,0.944606413994,120,137,0,0,0,0
2644,WLNM_dir_neg,0.987532633598,0.867723370043,00:00:04,10,60,44,1238529979,threshold_sweep,0.7,0.991666666667,0.868613138686,0.926070038911,119,1,18,273,0.868613138686,0.996350364964,0.0036496350365,0.131386861314,0.991666666667,0.868613138686,0.926070038911,0.953771289538,0.569343065693,0.892655367232,0.896801303143,0.86496350365,342,205,137,0,342,0,205,0,137,37,342,0.256756756757,1.72528881811,18.4864864865,15.5454545455,9.77142857143,5.36771015539,0.290358590277,0.142642642643,9.50849154237,1.02869645341,0.544491860281,8.05331334643,0.871264894205,0.461830251304,0.640599570326,0.371299902718,2,1.72528881811,0.640599570326,2,0.344071394247,0.376569037657,810,0.104247104247,0.56957682835,37,37,37,1,0,0.405405405405,0.540540540541,0.0540540540541,37,0.153903903904,1.83975091761,11.0810810811,9.31818181818,5.85714285714,4.05776606835,0.366188645193,0.203823335531,6.14453051545,1.10901282474,0.590112063283,4.9136691122,0.886857351957,0.470665787739,0.779107589054,0.423485365109,2.38402051515,1.83975091761,0.779107589054,2.38402051515,0.153684396331,0.0907928388747,71,0.00913770913771,0.25963199015,37,37,37,1,0,0.405405405405,0.540540540541,0.0540540540541,37,325,0.243993993994,1.71830829403,17.5675675676,14.7727272727,9.28571428571,4.91336352626,0.279683769956,0.137796257796,8.92603910893,1.01619522163,0.539875259875,8.01087848954,0.912007704963,0.482162162162,0.631583508201,0.367561228911,2,1.71830829403,0.631583508201,2,0.289800239424,0.321169145624,619,0.0796653796654,0.55202766561,37,37,37,1,0,0.405405405405,0.540540540541,0.0540540540541,-17,-0.0127627627628,-0.00698052408643,-0.918918918919,-0.772727272727,-0.485714285714,-0.454346629137,-0.010674820321,-0.00484638484638,-0.582452433443,-0.0125012317826,-0.00461660040607,-0.0424348568943,0.0407428107581,0.0203319108582,-0.00901606212518,-0.00373867380685,0,-0.00698052408643,-0.00901606212518,0,-0.0542711548234,-0.0553998920326,-191,-0.0245817245817,-0.0175491627396,0,0,0,324,1,18,989,0.947368421053,0.99898989899,0.0010101010101,0.0526315789474,0.996923076923,0.947368421053,0.971514242879,0.962564496951,0.946358320043,0.944606413994,120,137,0,0,0,0
2645,WLNM_dir_neg,0.987532633598,0.867723370043,00:00:04,10,60,44,1238529979,threshold_sweep,0.8,0.991666666667,0.868613138686,0.926070038911,119,1,18,273,0.868613138686,0.996350364964,0.0036496350365,0.131386861314,0.991666666667,0.868613138686,0.926070038911,0.953771289538,0.569343065693,0.892655367232,0.896801303143,0.86496350365,342,205,137,0,342,0,205,0,137,37,342,0.256756756757,1.72528881811,18.4864864865,15.5454545455,9.77142857143,5.36771015539,0.290358590277,0.142642642643,9.50849154237,1.02869645341,0.544491860281,8.05331334643,0.871264894205,0.461830251304,0.640599570326,0.371299902718,2,1.72528881811,0.640599570326,2,0.344071394247,0.376569037657,810,0.104247104247,0.56957682835,37,37,37,1,0,0.405405405405,0.540540540541,0.0540540540541,37,0.153903903904,1.83975091761,11.0810810811,9.31818181818,5.85714285714,4.05776606835,0.366188645193,0.203823335531,6.14453051545,1.10901282474,0.590112063283,4.9136691122,0.886857351957,0.470665787739,0.779107589054,0.423485365109,2.38402051515,1.83975091761,0.779107589054,2.38402051515,0.153684396331,0.0907928388747,71,0.00913770913771,0.25963199015,37,37,37,1,0,0.405405405405,0.540540540541,0.0540540540541,37,325,0.243993993994,1.71830829403,17.5675675676,14.7727272727,9.28571428571,4.91336352626,0.279683769956,0.137796257796,8.92603910893,1.01619522163,0.539875259875,8.01087848954,0.912007704963,0.482162162162,0.631583508201,0.367561228911,2,1.71830829403,0.631583508201,2,0.289800239424,0.321169145624,619,0.0796653796654,0.55202766561,37,37,37,1,0,0.405405405405,0.540540540541,0.0540540540541,-17,-0.0127627627628,-0.00698052408643,-0.918918918919,-0.772727272727,-0.485714285714,-0.454346629137,-0.010674820321,-0.00484638484638,-0.582452433443,-0.0125012317826,-0.00461660040607,-0.0424348568943,0.0407428107581,0.0203319108582,-0.00901606212518,-0.00373867380685,0,-0.00698052408643,-0.00901606212518,0,-0.0542711548234,-0.0553998920326,-191,-0.0245817245817,-0.0175491627396,0,0,0,324,1,18,989,0.947368421053,0.99898989899,0.0010101010101,0.0526315789474,0.996923076923,0.947368421053,0.971514242879,0.962564496951,0.946358320043,0.944606413994,120,137,0,0,0,0
2646,WLNM_dir_neg,0.987532633598,0.867723370043,00:00:04,10,60,44,1238529979,threshold_sweep,0.9,0.991071428571,0.810218978102,0.89156626506,111,1,26,273,0.810218978102,0.996350364964,0.0036496350365,0.189781021898,0.991071428571,0.810218978102,0.89156626506,0.934306569343,0.575831305758,0.845124282983,0.853950447309,0.806569343066,342,205,137,0,342,0,205,0,137,37,342,0.256756756757,1.72528881811,18.4864864865,15.5454545455,9.77142857143,5.36771015539,0.290358590277,0.142642642643,9.50849154237,1.02869645341,0.544491860281,8.05331334643,0.871264894205,0.461830251304,0.640599570326,0.371299902718,2,1.72528881811,0.640599570326,2,0.344071394247,0.376569037657,810,0.104247104247,0.56957682835,37,37,37,1,0,0.405405405405,0.540540540541,0.0540540540541,37,0.153903903904,1.83975091761,11.0810810811,9.31818181818,5.85714285714,4.05776606835,0.366188645193,0.203823335531,6.14453051545,1.10901282474,0.590112063283,4.9136691122,0.886857351957,0.470665787739,0.779107589054,0.423485365109,2.38402051515,1.83975091761,0.779107589054,2.38402051515,0.153684396331,0.0907928388747,71,0.00913770913771,0.25963199015,37,37,37,1,0,0.405405405405,0.540540540541,0.0540540540541,37,317,0.237987987988,1.73642283714,17.1351351351,14.4090909091,9.05714285714,5.27658434428,0.307939464887,0.153209992327,8.90861175287,1.0398064191,0.553329354591,7.78010475701,0.908087936938,0.481541478387,0.657580172222,0.378698182353,2,1.73642283714,0.657580172222,2,0.305039358378,0.328553504212,611,0.0786357786358,0.523233905345,37,37,37,1,0,0.405405405405,0.540540540541,0.0540540540541,-25,-0.0187687687688,0.0111340190281,-1.35135135135,-1.13636363636,-0.714285714286,-0.0911258111094,0.0175808746101,0.0105673496841,-0.599879789505,0.0111099656898,0.00883749430985,-0.273208589425,0.0368230427331,0.019711227083,0.0169806018955,0.00739827963486,0,0.0111340190281,0.0169806018955,0,-0.0390320358691,-0.0480155334447,-199,-0.0256113256113,-0.0463429230053,0,0,0,316,1,26,989,0.923976608187,0.99898989899,0.0010101010101,0.0760233918129,0.996845425868,0.923976608187,0.959028831563,0.946790604674,0.922966507177,0.921282798834,112,137,0,0,0,0
2647,WLNM_dir_neg,0.939834301241,0.911199230811,00:00:04,10,60,45,1238529980,threshold_sweep,0.1,0.929203539823,0.766423357664,0.84,105,8,32,266,0.766423357664,0.970802919708,0.029197080292,0.233576642336,0.929203539823,0.766423357664,0.84,0.902676399027,0.57502027575,0.770992366412,0.778375249315,0.737226277372,342,205,137,0,342,0,205,0,137,37,342,0.256756756757,1.72528881811,18.4864864865,15.5454545455,9.77142857143,5.36771015539,0.290358590277,0.142642642643,9.50849154237,1.02869645341,0.544491860281,8.05331334643,0.871264894205,0.461830251304,0.640599570326,0.371299902718,2,1.72528881811,0.640599570326,2,0.344071394247,0.376569037657,810,0.104247104247,0.56957682835,37,37,37,1,0,0.405405405405,0.540540540541,0.0540540540541,37,0.153903903904,1.79941258501,11.0810810811,9.31818181818,5.85714285714,4.11216608491,0.37109791498,0.205669083718,6.01200001199,1.08509268509,0.579564930784,5.15641237573,0.930669550742,0.493605800923,0.726023424425,0.40347801859,2,1.79941258501,0.726023424425,2,0.108713221949,0.0942275042445,74,0.00952380952381,0.269912024286,37,37,37,1,0,0.405405405405,0.540540540541,0.0540540540541,37,318,0.238738738739,1.77591313463,17.1891891892,14.4545454545,8.59459459459,4.54506959877,0.264414426344,0.12893081761,8.3913297167,0.976349684019,0.525072242053,7.97725746335,0.928171465862,0.483426823049,0.697960197436,0.393014829288,2.12083738292,1.77591313463,0.697960197436,2.12083738292,0.271406682068,0.271815818789,488,0.0628056628057,0.550919948592,37,37,37,1,0,0.405405405405,0.594594594595,0,-24,-0.018018018018,0.050624316511,-1.2972972973,-1.09090909091,-1.17683397683,-0.822640556624,-0.0259441639336,-0.0137118250326,-1.11716182567,-0.052346769396,-0.019419618228,-0.0760558830803,0.0569065716571,0.0215965717455,0.0573606271095,0.0217149265704,0.120837382918,0.050624316511,0.0573606271095,0.120837382918,-0.0726647121798,-0.104753218867,-322,-0.0414414414414,-0.0186568797579,0,0.0540540540541,-0.0540540540541,310,8,32,982,0.906432748538,0.991919191919,0.00808080808081,0.093567251462,0.974842767296,0.906432748538,0.939393939394,0.920544151329,0.898351940457,0.885714285714,113,137,0,0,0,0
2648,WLNM_dir_neg,0.939834301241,0.911199230811,00:00:04,10,60,45,1238529980,threshold_sweep,0.2,0.929203539823,0.766423357664,0.84,105,8,32,266,0.766423357664,0.970802919708,0.029197080292,0.233576642336,0.929203539823,0.766423357664,0.84,0.902676399027,0.57502027575,0.770992366412,0.778375249315,0.737226277372,342,205,137,0,342,0,205,0,137,37,342,0.256756756757,1.72528881811,18.4864864865,15.5454545455,9.77142857143,5.36771015539,0.290358590277,0.142642642643,9.50849154237,1.02869645341,0.544491860281,8.05331334643,0.871264894205,0.461830251304,0.640599570326,0.371299902718,2,1.72528881811,0.640599570326,2,0.344071394247,0.376569037657,810,0.104247104247,0.56957682835,37,37,37,1,0,0.405405405405,0.540540540541,0.0540540540541,37,0.153903903904,1.79941258501,11.0810810811,9.31818181818,5.85714285714,4.11216608491,0.37109791498,0.205669083718,6.01200001199,1.08509268509,0.579564930784,5.15641237573,0.930669550742,0.493605800923,0.726023424425,0.40347801859,2,1.79941258501,0.726023424425,2,0.108713221949,0.0942275042445,74,0.00952380952381,0.269912024286,37,37,37,1,0,0.405405405405,0.540540540541,0.0540540540541,37,318,0.238738738739,1.77591313463,17.1891891892,14.4545454545,8.59459459459,4.54506959877,0.264414426344,0.12893081761,8.3913297167,0.976349684019,0.525072242053,7.97725746335,0.928171465862,0.483426823049,0.697960197436,0.393014829288,2.12083738292,1.77591313463,0.697960197436,2.12083738292,0.271406682068,0.271815818789,488,0.0628056628057,0.550919948592,37,37,37,1,0,0.405405405405,0.594594594595,0,-24,-0.018018018018,0.050624316511,-1.2972972973,-1.09090909091,-1.17683397683,-0.822640556624,-0.0259441639336,-0.0137118250326,-1.11716182567,-0.052346769396,-0.019419618228,-0.0760558830803,0.0569065716571,0.0215965717455,0.0573606271095,0.0217149265704,0.120837382918,0.050624316511,0.0573606271095,0.120837382918,-0.0726647121798,-0.104753218867,-322,-0.0414414414414,-0.0186568797579,0,0.0540540540541,-0.0540540540541,310,8,32,982,0.906432748538,0.991919191919,0.00808080808081,0.093567251462,0.974842767296,0.906432748538,0.939393939394,0.920544151329,0.898351940457,0.885714285714,113,137,0,0,0,0
2649,WLNM_dir_neg,0.939834301241,0.911199230811,00:00:04,10,60,45,1238529980,threshold_sweep,0.3,0.936936936937,0.759124087591,0.838709677419,104,7,33,267,0.759124087591,0.974452554745,0.0255474452555,0.240875912409,0.936936936937,0.759124087591,0.838709677419,0.902676399027,0.576642335766,0.770114942529,0.778859179584,0.733576642336,342,205,137,0,342,0,205,0,137,37,342,0.256756756757,1.72528881811,18.4864864865,15.5454545455,9.77142857143,5.36771015539,0.290358590277,0.142642642643,9.50849154237,1.02869645341,0.544491860281,8.05331334643,0.871264894205,0.461830251304,0.640599570326,0.371299902718,2,1.72528881811,0.640599570326,2,0.344071394247,0.376569037657,810,0.104247104247,0.56957682835,37,37,37,1,0,0.405405405405,0.540540540541,0.0540540540541,37,0.153903903904,1.79941258501,11.0810810811,9.31818181818,5.85714285714,4.11216608491,0.37109791498,0.205669083718,6.01200001199,1.08509268509,0.579564930784,5.15641237573,0.930669550742,0.493605800923,0.726023424425,0.40347801859,2,1.79941258501,0.726023424425,2,0.108713221949,0.0942275042445,74,0.00952380952381,0.269912024286,37,37,37,1,0,0.405405405405,0.540540540541,0.0540540540541,37,316,0.237237237237,1.75507911214,17.0810810811,14.3636363636,8.54054054054,4.68673292022,0.274381515899,0.132569278139,8.37521009552,0.9806416884,0.526342798495,8.00900394207,0.9377631198,0.487512829285,0.666233818137,0.379603297384,1.9021796006,1.75507911214,0.666233818137,1.9021796006,0.270672233965,0.272065683896,486,0.0625482625483,0.551913053792,37,37,37,1,0,0.405405405405,0.594594594595,0,-26,-0.0195195195195,0.0297902940217,-1.40540540541,-1.18181818182,-1.23088803089,-0.680977235174,-0.0159770743782,-0.0100733645037,-1.13328144685,-0.048054765015,-0.0181490617866,-0.044309404361,0.0664982255948,0.025682577981,0.0256342478109,0.00830339466634,-0.0978203993986,0.0297902940217,0.0256342478109,-0.0978203993986,-0.0733991602827,-0.104503353761,-324,-0.0416988416988,-0.0176637745584,0,0.0540540540541,-0.0540540540541,309,7,33,983,0.90350877193,0.992929292929,0.00707070707071,0.0964912280702,0.977848101266,0.90350877193,0.939209726444,0.920577899439,0.896438064859,0.885386819484,111,137,0,0,0,0
2650,WLNM_dir_neg,0.939834301241,0.911199230811,00:00:04,10,60,45,1238529980,threshold_sweep,0.4,0.936936936937,0.759124087591,0.838709677419,104,7,33,267,0.759124087591,0.974452554745,0.0255474452555,0.240875912409,0.936936936937,0.759124087591,0.838709677419,0.902676399027,0.576642335766,0.770114942529,0.778859179584,0.733576642336,342,205,137,0,342,0,205,0,137,37,342,0.256756756757,1.72528881811,18.4864864865,15.5454545455,9.77142857143,5.36771015539,0.290358590277,0.142642642643,9.50849154237,1.02869645341,0.544491860281,8.05331334643,0.871264894205,0.461830251304,0.640599570326,0.371299902718,2,1.72528881811,0.640599570326,2,0.344071394247,0.376569037657,810,0.104247104247,0.56957682835,37,37,37,1,0,0.405405405405,0.540540540541,0.0540540540541,37,0.153903903904,1.79941258501,11.0810810811,9.31818181818,5.85714285714,4.11216608491,0.37109791498,0.205669083718,6.01200001199,1.08509268509,0.579564930784,5.15641237573,0.930669550742,0.493605800923,0.726023424425,0.40347801859,2,1.79941258501,0.726023424425,2,0.108713221949,0.0942275042445,74,0.00952380952381,0.269912024286,37,37,37,1,0,0.405405405405,0.540540540541,0.0540540540541,37,316,0.237237237237,1.75507911214,17.0810810811,14.3636363636,8.54054054054,4.68673292022,0.274381515899,0.132569278139,8.37521009552,0.9806416884,0.526342798495,8.00900394207,0.9377631198,0.487512829285,0.666233818137,0.379603297384,1.9021796006,1.75507911214,0.666233818137,1.9021796006,0.270672233965,0.272065683896,486,0.0625482625483,0.551913053792,37,37,37,1,0,0.405405405405,0.594594594595,0,-26,-0.0195195195195,0.0297902940217,-1.40540540541,-1.18181818182,-1.23088803089,-0.680977235174,-0.0159770743782,-0.0100733645037,-1.13328144685,-0.048054765015,-0.0181490617866,-0.044309404361,0.0664982255948,0.025682577981,0.0256342478109,0.00830339466634,-0.0978203993986,0.0297902940217,0.0256342478109,-0.0978203993986,-0.0733991602827,-0.104503353761,-324,-0.0416988416988,-0.0176637745584,0,0.0540540540541,-0.0540540540541,309,7,33,983,0.90350877193,0.992929292929,0.00707070707071,0.0964912280702,0.977848101266,0.90350877193,0.939209726444,0.920577899439,0.896438064859,0.885386819484,111,137,0,0,0,0
2651,WLNM_dir_neg,0.939834301241,0.911199230811,00:00:04,10,60,45,1238529980,threshold_sweep,0.5,0.936936936937,0.759124087591,0.838709677419,104,7,33,267,0.759124087591,0.974452554745,0.0255474452555,0.240875912409,0.936936936937,0.759124087591,0.838709677419,0.902676399027,0.576642335766,0.770114942529,0.778859179584,0.733576642336,342,205,137,0,342,0,205,0,137,37,342,0.256756756757,1.72528881811,18.4864864865,15.5454545455,9.77142857143,5.36771015539,0.290358590277,0.142642642643,9.50849154237,1.02869645341,0.544491860281,8.05331334643,0.871264894205,0.461830251304,0.640599570326,0.371299902718,2,1.72528881811,0.640599570326,2,0.344071394247,0.376569037657,810,0.104247104247,0.56957682835,37,37,37,1,0,0.405405405405,0.540540540541,0.0540540540541,37,0.153903903904,1.79941258501,11.0810810811,9.31818181818,5.85714285714,4.11216608491,0.37109791498,0.205669083718,6.01200001199,1.08509268509,0.579564930784,5.15641237573,0.930669550742,0.493605800923,0.726023424425,0.40347801859,2,1.79941258501,0.726023424425,2,0.108713221949,0.0942275042445,74,0.00952380952381,0.269912024286,37,37,37,1,0,0.405405405405,0.540540540541,0.0540540540541,37,316,0.237237237237,1.75507911214,17.0810810811,14.3636363636,8.54054054054,4.68673292022,0.274381515899,0.132569278139,8.37521009552,0.9806416884,0.526342798495,8.00900394207,0.9377631198,0.487512829285,0.666233818137,0.379603297384,1.9021796006,1.75507911214,0.666233818137,1.9021796006,0.270672233965,0.272065683896,486,0.0625482625483,0.551913053792,37,37,37,1,0,0.405405405405,0.594594594595,0,-26,-0.0195195195195,0.0297902940217,-1.40540540541,-1.18181818182,-1.23088803089,-0.680977235174,-0.0159770743782,-0.0100733645037,-1.13328144685,-0.048054765015,-0.0181490617866,-0.044309404361,0.0664982255948,0.025682577981,0.0256342478109,0.00830339466634,-0.0978203993986,0.0297902940217,0.0256342478109,-0.0978203993986,-0.0733991602827,-0.104503353761,-324,-0.0416988416988,-0.0176637745584,0,0.0540540540541,-0.0540540540541,309,7,33,983,0.90350877193,0.992929292929,0.00707070707071,0.0964912280702,0.977848101266,0.90350877193,0.939209726444,0.920577899439,0.896438064859,0.885386819484,111,137,0,0,0,0
2652,WLNM_dir_neg,0.939834301241,0.911199230811,00:00:04,10,60,45,1238529980,threshold_sweep,0.6,0.936936936937,0.759124087591,0.838709677419,104,7,33,267,0.759124087591,0.974452554745,0.0255474452555,0.240875912409,0.936936936937,0.759124087591,0.838709677419,0.902676399027,0.576642335766,0.770114942529,0.778859179584,0.733576642336,342,205,137,0,342,0,205,0,137,37,342,0.256756756757,1.72528881811,18.4864864865,15.5454545455,9.77142857143,5.36771015539,0.290358590277,0.142642642643,9.50849154237,1.02869645341,0.544491860281,8.05331334643,0.871264894205,0.461830251304,0.640599570326,0.371299902718,2,1.72528881811,0.640599570326,2,0.344071394247,0.376569037657,810,0.104247104247,0.56957682835,37,37,37,1,0,0.405405405405,0.540540540541,0.0540540540541,37,0.153903903904,1.79941258501,11.0810810811,9.31818181818,5.85714285714,4.11216608491,0.37109791498,0.205669083718,6.01200001199,1.08509268509,0.579564930784,5.15641237573,0.930669550742,0.493605800923,0.726023424425,0.40347801859,2,1.79941258501,0.726023424425,2,0.108713221949,0.0942275042445,74,0.00952380952381,0.269912024286,37,37,37,1,0,0.405405405405,0.540540540541,0.0540540540541,37,316,0.237237237237,1.75507911214,17.0810810811,14.3636363636,8.54054054054,4.68673292022,0.274381515899,0.132569278139,8.37521009552,0.9806416884,0.526342798495,8.00900394207,0.9377631198,0.487512829285,0.666233818137,0.379603297384,1.9021796006,1.75507911214,0.666233818137,1.9021796006,0.270672233965,0.272065683896,486,0.0625482625483,0.551913053792,37,37,37,1,0,0.405405405405,0.594594594595,0,-26,-0.0195195195195,0.0297902940217,-1.40540540541,-1.18181818182,-1.23088803089,-0.680977235174,-0.0159770743782,-0.0100733645037,-1.13328144685,-0.048054765015,-0.0181490617866,-0.044309404361,0.0664982255948,0.025682577981,0.0256342478109,0.00830339466634,-0.0978203993986,0.0297902940217,0.0256342478109,-0.0978203993986,-0.0733991602827,-0.104503353761,-324,-0.0416988416988,-0.0176637745584,0,0.0540540540541,-0.0540540540541,309,7,33,983,0.90350877193,0.992929292929,0.00707070707071,0.0964912280702,0.977848101266,0.90350877193,0.939209726444,0.920577899439,0.896438064859,0.885386819484,111,137,0,0,0,0
2653,WLNM_dir_neg,0.939834301241,0.911199230811,00:00:04,10,60,45,1238529980,threshold_sweep,0.7,0.94495412844,0.751824817518,0.837398373984,103,6,34,268,0.751824817518,0.978102189781,0.021897810219,0.248175182482,0.94495412844,0.751824817518,0.837398373984,0.902676399027,0.578264395783,0.769230769231,0.779467976421,0.729927007299,342,205,137,0,342,0,205,0,137,37,342,0.256756756757,1.72528881811,18.4864864865,15.5454545455,9.77142857143,5.36771015539,0.290358590277,0.142642642643,9.50849154237,1.02869645341,0.544491860281,8.05331334643,0.871264894205,0.461830251304,0.640599570326,0.371299902718,2,1.72528881811,0.640599570326,2,0.344071394247,0.376569037657,810,0.104247104247,0.56957682835,37,37,37,1,0,0.405405405405,0.540540540541,0.0540540540541,37,0.153903903904,1.79941258501,11.0810810811,9.31818181818,5.85714285714,4.11216608491,0.37109791498,0.205669083718,6.01200001199,1.08509268509,0.579564930784,5.15641237573,0.930669550742,0.493605800923,0.726023424425,0.40347801859,2,1.79941258501,0.726023424425,2,0.108713221949,0.0942275042445,74,0.00952380952381,0.269912024286,37,37,37,1,0,0.405405405405,0.540540540541,0.0540540540541,37,314,0.235735735736,1.7505109194,16.972972973,14.2727272727,8.48648648649,4.6397227317,0.273359460307,0.131520055087,8.30870233758,0.97905091239,0.525047340334,8.02988038385,0.946196096186,0.491306593217,0.662754099848,0.378606092943,1.90211473138,1.7505109194,0.662754099848,1.90211473138,0.270522178552,0.271498310176,482,0.0620334620335,0.554564045548,37,37,37,1,0,0.405405405405,0.594594594595,0,-28,-0.021021021021,0.0252221012843,-1.51351351351,-1.27272727273,-1.28494208494,-0.727987423696,-0.0169991299701,-0.0111225875557,-1.19978920479,-0.0496455410246,-0.0194445199474,-0.0234329625818,0.0749312019816,0.0294763419135,0.0221545295216,0.00730619022519,-0.097885268618,0.0252221012843,0.0221545295216,-0.097885268618,-0.0735492156959,-0.10507072748,-328,-0.0422136422136,-0.015012782802,0,0.0540540540541,-0.0540540540541,308,6,34,984,0.900584795322,0.993939393939,0.00606060606061,0.0994152046784,0.980891719745,0.900584795322,0.939024390244,0.920627675494,0.894524189261,0.885057471264,109,137,0,0,0,0
2654,WLNM_dir_neg,0.939834301241,0.911199230811,00:00:04,10,60,45,1238529980,threshold_sweep,0.8,0.970873786408,0.729927007299,0.833333333333,100,3,37,271,0.729927007299,0.989051094891,0.0109489051095,0.270072992701,0.970873786408,0.729927007299,0.833333333333,0.902676399027,0.583130575831,0.766536964981,0.782090945079,0.71897810219,342,205,137,0,342,0,205,0,137,37,342,0.256756756757,1.72528881811,18.4864864865,15.5454545455,9.77142857143,5.36771015539,0.290358590277,0.142642642643,9.50849154237,1.02869645341,0.544491860281,8.05331334643,0.871264894205,0.461830251304,0.640599570326,0.371299902718,2,1.72528881811,0.640599570326,2,0.344071394247,0.376569037657,810,0.104247104247,0.56957682835,37,37,37,1,0,0.405405405405,0.540540540541,0.0540540540541,37,0.153903903904,1.79941258501,11.0810810811,9.31818181818,5.85714285714,4.11216608491,0.37109791498,0.205669083718,6.01200001199,1.08509268509,0.579564930784,5.15641237573,0.930669550742,0.493605800923,0.726023424425,0.40347801859,2,1.79941258501,0.726023424425,2,0.108713221949,0.0942275042445,74,0.00952380952381,0.269912024286,37,37,37,1,0,0.405405405405,0.540540540541,0.0540540540541,37,308,0.231231231231,1.78732712517,16.6486486486,14,8.32432432432,4.67390044239,0.280737526572,0.134696384696,8.23628170574,0.989423451664,0.527378027378,7.8777254686,0.946350137461,0.491575991576,0.734369086326,0.41087558958,2.80604178819,1.78732712517,0.734369086326,2.80604178819,0.259070975315,0.271621621622,469,0.0603603603604,0.537144229363,37,37,37,1,0,0.405405405405,0.594594594595,0,-34,-0.0255255255255,0.0620383070545,-1.83783783784,-1.54545454545,-1.4471042471,-0.693809713006,-0.00962106370518,-0.00794625794626,-1.27220983663,-0.039273001751,-0.0171138329033,-0.175587877839,0.0750852432563,0.0297457402721,0.0937695160002,0.0395756868622,0.806041788194,0.0620383070545,0.0937695160002,0.806041788194,-0.0850004189327,-0.104947416035,-341,-0.0438867438867,-0.0324325989867,0,0.0540540540541,-0.0540540540541,305,3,37,987,0.891812865497,0.99696969697,0.0030303030303,0.108187134503,0.99025974026,0.891812865497,0.938461538462,0.920875331287,0.888782562467,0.884057971014,103,137,0,0,0,0
2655,WLNM_dir_neg,0.939834301241,0.911199230811,00:00:04,10,60,45,1238529980,threshold_sweep,0.9,0.979797979798,0.70802919708,0.822033898305,97,2,40,272,0.70802919708,0.992700729927,0.00729927007299,0.29197080292,0.979797979798,0.70802919708,0.822033898305,0.897810218978,0.586374695864,0.752941176471,0.772487279336,0.700729927007,342,205,137,0,342,0,205,0,137,37,342,0.256756756757,1.72528881811,18.4864864865,15.5454545455,9.77142857143,5.36771015539,0.290358590277,0.142642642643,9.50849154237,1.02869645341,0.544491860281,8.05331334643,0.871264894205,0.461830251304,0.640599570326,0.371299902718,2,1.72528881811,0.640599570326,2,0.344071394247,0.376569037657,810,0.104247104247,0.56957682835,37,37,37,1,0,0.405405405405,0.540540540541,0.0540540540541,37,0.153903903904,1.79941258501,11.0810810811,9.31818181818,5.85714285714,4.11216608491,0.37109791498,0.205669083718,6.01200001199,1.08509268509,0.579564930784,5.15641237573,0.930669550742,0.493605800923,0.726023424425,0.40347801859,2,1.79941258501,0.726023424425,2,0.108713221949,0.0942275042445,74,0.00952380952381,0.269912024286,37,37,37,1,0,0.405405405405,0.540540540541,0.0540540540541,37,304,0.228228228228,1.78853683212,16.4324324324,13.8181818182,8.21621621622,4.6340559421,0.282006693845,0.137268847795,8.13816500998,0.99050034661,0.52987197724,7.79649185758,0.948915127403,0.491820768137,0.735212460859,0.411069231372,2.80601310907,1.78853683212,0.735212460859,2.80601310907,0.253929080124,0.265160523187,446,0.0574002574003,0.52741130075,37,37,37,1,0,0.405405405405,0.594594594595,0,-38,-0.0285285285285,0.063248014002,-2.05405405405,-1.72727272727,-1.55521235521,-0.733654213297,-0.00835189643247,-0.00537379484748,-1.37032653239,-0.0381961068049,-0.0146198830409,-0.256821488856,0.0776502331978,0.0299905168326,0.0946128905331,0.0397693286545,0.806013109068,0.063248014002,0.0946128905331,0.806013109068,-0.0901423141237,-0.11140851447,-364,-0.0468468468468,-0.0421655275995,0,0.0540540540541,-0.0540540540541,302,2,40,988,0.883040935673,0.99797979798,0.0020202020202,0.116959064327,0.993421052632,0.883040935673,0.934984520124,0.917029760813,0.881020733652,0.877906976744,99,137,0,0,0,0
2656,WLNM_dir_neg,0.943084341201,0.755793948827,00:00:04,10,60,46,1238529981,threshold_sweep,0.1,0.940677966102,0.810218978102,0.870588235294,111,7,26,267,0.810218978102,0.974452554745,0.0255474452555,0.189781021898,0.940677966102,0.810218978102,0.870588235294,0.919708029197,0.57096512571,0.812854442344,0.817614619341,0.784671532847,342,205,137,0,342,0,205,0,137,37,342,0.256756756757,1.72528881811,18.4864864865,15.5454545455,9.77142857143,5.36771015539,0.290358590277,0.142642642643,9.50849154237,1.02869645341,0.544491860281,8.05331334643,0.871264894205,0.461830251304,0.640599570326,0.371299902718,2,1.72528881811,0.640599570326,2,0.344071394247,0.376569037657,810,0.104247104247,0.56957682835,37,37,37,1,0,0.405405405405,0.540540540541,0.0540540540541,37,0.153903903904,1.79314107324,11.0810810811,9.31818181818,5.85714285714,4.22544132066,0.381320314304,0.21292023731,6.08091090853,1.09753026154,0.584574818721,5.10769895242,0.921877371901,0.488595912986,0.719669759093,0.401345867224,2,1.79314107324,0.719669759093,2,0.119966017025,0.0998315080034,79,0.0101673101673,0.26655142104,37,37,37,1,0,0.405405405405,0.540540540541,0.0540540540541,37,323,0.242492492492,2.3294587953,17.4594594595,14.0434782609,8.97222222222,4.71754758908,0.270200094112,0.126349259476,8.69114699197,0.995580305582,0.528993389675,8.10914658014,0.928911527756,0.487155886537,1.64653749366,0.706832632961,5.76587301587,2.3294587953,1.64653749366,5.76587301587,0.296023394526,0.289394208563,543,0.0698841698842,0.52255315682,37,37,37,1,0,0.378378378378,0.594594594595,0.027027027027,-19,-0.0142642642643,0.604169977182,-1.02702702703,-1.50197628458,-0.799206349206,-0.650162566311,-0.0201584961656,-0.0162933831664,-0.817344550404,-0.0331161478331,-0.0154984706068,0.0558332337096,0.0576466335515,0.0253256352328,1.00593792333,0.335532730244,3.76587301587,0.604169977182,1.00593792333,3.76587301587,-0.0480479997215,-0.0871748290941,-267,-0.0343629343629,-0.0470236715297,-0.027027027027,0.0540540540541,-0.027027027027,316,7,26,983,0.923976608187,0.992929292929,0.00707070707071,0.0760233918129,0.978328173375,0.923976608187,0.95037593985,0.934562980311,0.916905901116,0.905444126074,118,137,0,0,0,0
2657,WLNM_dir_neg,0.943084341201,0.755793948827,00:00:04,10,60,46,1238529981,threshold_sweep,0.2,0.948275862069,0.802919708029,0.869565217391,110,6,27,268,0.802919708029,0.978102189781,0.021897810219,0.197080291971,0.948275862069,0.802919708029,0.869565217391,0.919708029197,0.572587185726,0.812144212524,0.818010301465,0.78102189781,342,205,137,0,342,0,205,0,137,37,342,0.256756756757,1.72528881811,18.4864864865,15.5454545455,9.77142857143,5.36771015539,0.290358590277,0.142642642643,9.50849154237,1.02869645341,0.544491860281,8.05331334643,0.871264894205,0.461830251304,0.640599570326,0.371299902718,2,1.72528881811,0.640599570326,2,0.344071394247,0.376569037657,810,0.104247104247,0.56957682835,37,37,37,1,0,0.405405405405,0.540540540541,0.0540540540541,37,0.153903903904,1.79314107324,11.0810810811,9.31818181818,5.85714285714,4.22544132066,0.381320314304,0.21292023731,6.08091090853,1.09753026154,0.584574818721,5.10769895242,0.921877371901,0.488595912986,0.719669759093,0.401345867224,2,1.79314107324,0.719669759093,2,0.119966017025,0.0998315080034,79,0.0101673101673,0.26655142104,37,37,37,1,0,0.405405405405,0.540540540541,0.0540540540541,37,321,0.240990990991,2.32601417097,17.3513513514,13.9565217391,9.17142857143,4.62611077482,0.266613860854,0.122589879599,8.62829342613,0.994538494601,0.527742695967,8.15153037456,0.939584498003,0.492885408773,1.64597224673,0.707636379553,5.76587301587,2.32601417097,1.64597224673,5.76587301587,0.286019678036,0.276906435911,512,0.0658944658945,0.526591214393,37,37,37,1,0,0.378378378378,0.567567567568,0.0540540540541,-21,-0.0157657657658,0.60072535285,-1.13513513514,-1.58893280632,-0.6,-0.741599380574,-0.023744729423,-0.0200527630434,-0.880198116242,-0.0341579588138,-0.0167491643143,0.0982170281302,0.0683196037979,0.0310551574693,1.0053726764,0.336336476835,3.76587301587,0.60072535285,1.0053726764,3.76587301587,-0.0580517162113,-0.0996626017456,-298,-0.0383526383526,-0.0429856139566,-0.027027027027,0.027027027027,0,315,6,27,984,0.921052631579,0.993939393939,0.00606060606061,0.0789473684211,0.981308411215,0.921052631579,0.950226244344,0.934587278976,0.914992025518,0.905172413793,116,137,0,0,0,0
2658,WLNM_dir_neg,0.943084341201,0.755793948827,00:00:04,10,60,46,1238529981,threshold_sweep,0.3,0.948275862069,0.802919708029,0.869565217391,110,6,27,268,0.802919708029,0.978102189781,0.021897810219,0.197080291971,0.948275862069,0.802919708029,0.869565217391,0.919708029197,0.572587185726,0.812144212524,0.818010301465,0.78102189781,342,205,137,0,342,0,205,0,137,37,342,0.256756756757,1.72528881811,18.4864864865,15.5454545455,9.77142857143,5.36771015539,0.290358590277,0.142642642643,9.50849154237,1.02869645341,0.544491860281,8.05331334643,0.871264894205,0.461830251304,0.640599570326,0.371299902718,2,1.72528881811,0.640599570326,2,0.344071394247,0.376569037657,810,0.104247104247,0.56957682835,37,37,37,1,0,0.405405405405,0.540540540541,0.0540540540541,37,0.153903903904,1.79314107324,11.0810810811,9.31818181818,5.85714285714,4.22544132066,0.381320314304,0.21292023731,6.08091090853,1.09753026154,0.584574818721,5.10769895242,0.921877371901,0.488595912986,0.719669759093,0.401345867224,2,1.79314107324,0.719669759093,2,0.119966017025,0.0998315080034,79,0.0101673101673,0.26655142104,37,37,37,1,0,0.405405405405,0.540540540541,0.0540540540541,37,321,0.240990990991,2.32601417097,17.3513513514,13.9565217391,9.17142857143,4.62611077482,0.266613860854,0.122589879599,8.62829342613,0.994538494601,0.527742695967,8.15153037456,0.939584498003,0.492885408773,1.64597224673,0.707636379553,5.76587301587,2.32601417097,1.64597224673,5.76587301587,0.286019678036,0.276906435911,512,0.0658944658945,0.526591214393,37,37,37,1,0,0.378378378378,0.567567567568,0.0540540540541,-21,-0.0157657657658,0.60072535285,-1.13513513514,-1.58893280632,-0.6,-0.741599380574,-0.023744729423,-0.0200527630434,-0.880198116242,-0.0341579588138,-0.0167491643143,0.0982170281302,0.0683196037979,0.0310551574693,1.0053726764,0.336336476835,3.76587301587,0.60072535285,1.0053726764,3.76587301587,-0.0580517162113,-0.0996626017456,-298,-0.0383526383526,-0.0429856139566,-0.027027027027,0.027027027027,0,315,6,27,984,0.921052631579,0.993939393939,0.00606060606061,0.0789473684211,0.981308411215,0.921052631579,0.950226244344,0.934587278976,0.914992025518,0.905172413793,116,137,0,0,0,0
2659,WLNM_dir_neg,0.943084341201,0.755793948827,00:00:04,10,60,46,1238529981,threshold_sweep,0.4,0.946902654867,0.78102189781,0.856,107,6,30,268,0.78102189781,0.978102189781,0.021897810219,0.21897810219,0.946902654867,0.78102189781,0.856,0.912408759124,0.57502027575,0.793893129771,0.801495306225,0.759124087591,342,205,137,0,342,0,205,0,137,37,342,0.256756756757,1.72528881811,18.4864864865,15.5454545455,9.77142857143,5.36771015539,0.290358590277,0.142642642643,9.50849154237,1.02869645341,0.544491860281,8.05331334643,0.871264894205,0.461830251304,0.640599570326,0.371299902718,2,1.72528881811,0.640599570326,2,0.344071394247,0.376569037657,810,0.104247104247,0.56957682835,37,37,37,1,0,0.405405405405,0.540540540541,0.0540540540541,37,0.153903903904,1.79314107324,11.0810810811,9.31818181818,5.85714285714,4.22544132066,0.381320314304,0.21292023731,6.08091090853,1.09753026154,0.584574818721,5.10769895242,0.921877371901,0.488595912986,0.719669759093,0.401345867224,2,1.79314107324,0.719669759093,2,0.119966017025,0.0998315080034,79,0.0101673101673,0.26655142104,37,37,37,1,0,0.405405405405,0.540540540541,0.0540540540541,37,318,0.238738738739,2.31770339226,17.1891891892,13.8260869565,9.08571428571,4.58765152846,0.26689167697,0.121961584226,8.49659886026,0.988597980596,0.524732279449,8.20724429141,0.954930939566,0.498725140235,1.6434214343,0.709073231625,5.76587301587,2.31770339226,1.6434214343,5.76587301587,0.272981712809,0.266262403528,483,0.0621621621622,0.530732254337,37,37,37,1,0,0.378378378378,0.567567567568,0.0540540540541,-24,-0.018018018018,0.59241457415,-1.2972972973,-1.71936758893,-0.685714285714,-0.780058626937,-0.0234669133072,-0.0206810584169,-1.01189268211,-0.0400984728184,-0.0197595808321,0.153930944974,0.0836660453615,0.0368948889306,1.00282186398,0.337773328907,3.76587301587,0.59241457415,1.00282186398,3.76587301587,-0.0710896814387,-0.110306634129,-327,-0.0420849420849,-0.0388445740127,-0.027027027027,0.027027027027,0,312,6,30,984,0.912280701754,0.993939393939,0.00606060606061,0.0877192982456,0.981132075472,0.912280701754,0.945454545455,0.928606675556,0.906220095694,0.896551724138,113,137,0,0,0,0
2660,WLNM_dir_neg,0.943084341201,0.755793948827,00:00:04,10,60,46,1238529981,threshold_sweep,0.5,0.963963963964,0.78102189781,0.862903225806,107,4,30,270,0.78102189781,0.985401459854,0.014598540146,0.21897810219,0.963963963964,0.78102189781,0.862903225806,0.917274939173,0.576642335766,0.804597701149,0.813733471207,0.766423357664,342,205,137,0,342,0,205,0,137,37,342,0.256756756757,1.72528881811,18.4864864865,15.5454545455,9.77142857143,5.36771015539,0.290358590277,0.142642642643,9.50849154237,1.02869645341,0.544491860281,8.05331334643,0.871264894205,0.461830251304,0.640599570326,0.371299902718,2,1.72528881811,0.640599570326,2,0.344071394247,0.376569037657,810,0.104247104247,0.56957682835,37,37,37,1,0,0.405405405405,0.540540540541,0.0540540540541,37,0.153903903904,1.79314107324,11.0810810811,9.31818181818,5.85714285714,4.22544132066,0.381320314304,0.21292023731,6.08091090853,1.09753026154,0.584574818721,5.10769895242,0.921877371901,0.488595912986,0.719669759093,0.401345867224,2,1.79314107324,0.719669759093,2,0.119966017025,0.0998315080034,79,0.0101673101673,0.26655142104,37,37,37,1,0,0.405405405405,0.540540540541,0.0540540540541,37,316,0.237237237237,1,17.0810810811,13.7391304348,9.02857142857,4.5848687027,0.268417946203,0.123588778652,8.49049990216,0.994140811329,0.526000684229,8.24821392988,0.965771884195,0.502736914129,0,0,0,NaN,NaN,NaN,0.269249034389,0.261737523105,472,0.0607464607465,0.532606809195,37,37,0,1,2,0.378378378378,0.567567567568,0.0540540540541,-26,-0.0195195195195,-0.725288818115,-1.40540540541,-1.80632411067,-0.742857142857,-0.782841452691,-0.0219406440746,-0.0190538639906,-1.01799164021,-0.0345556420859,-0.0184911760528,0.194900583444,0.0945069899897,0.0409066628254,-0.640599570326,-0.371299902718,-2,NaN,NaN,NaN,-0.0748223598584,-0.114831514552,-338,-0.0435006435006,-0.0369700191547,-0.027027027027,0.027027027027,0,312,4,30,986,0.912280701754,0.99595959596,0.0040404040404,0.0877192982456,0.987341772152,0.912280701754,0.948328267477,0.932697950066,0.908240297714,0.901734104046,111,137,0,0,0,0
2661,WLNM_dir_neg,0.943084341201,0.755793948827,00:00:04,10,60,46,1238529981,threshold_sweep,0.6,0.972727272727,0.78102189781,0.866396761134,107,3,30,271,0.78102189781,0.989051094891,0.0109489051095,0.21897810219,0.972727272727,0.78102189781,0.866396761134,0.919708029197,0.577453365775,0.809980806142,0.81995093812,0.770072992701,342,205,137,0,342,0,205,0,137,37,342,0.256756756757,1.72528881811,18.4864864865,15.5454545455,9.77142857143,5.36771015539,0.290358590277,0.142642642643,9.50849154237,1.02869645341,0.544491860281,8.05331334643,0.871264894205,0.461830251304,0.640599570326,0.371299902718,2,1.72528881811,0.640599570326,2,0.344071394247,0.376569037657,810,0.104247104247,0.56957682835,37,37,37,1,0,0.405405405405,0.540540540541,0.0540540540541,37,0.153903903904,1.79314107324,11.0810810811,9.31818181818,5.85714285714,4.22544132066,0.381320314304,0.21292023731,6.08091090853,1.09753026154,0.584574818721,5.10769895242,0.921877371901,0.488595912986,0.719669759093,0.401345867224,2,1.79314107324,0.719669759093,2,0.119966017025,0.0998315080034,79,0.0101673101673,0.26655142104,37,37,37,1,0,0.405405405405,0.540540540541,0.0540540540541,37,315,0.236486486486,1.72471259017,17.027027027,14.3181818182,9,4.67550642822,0.274593234673,0.126640926641,8.51672087922,1.00037673819,0.528356928357,8.23819566822,0.967661078489,0.503646503647,0.646648003535,0.374930876727,2,1.72471259017,0.646648003535,2,0.269249034389,0.261737523105,472,0.0607464607465,0.572361287474,37,37,37,1,0,0.405405405405,0.540540540541,0.0540540540541,-27,-0.0202702702703,-0.000576227943195,-1.45945945946,-1.22727272727,-0.771428571429,-0.69220372717,-0.0157653556037,-0.0160017160017,-0.991770663155,-0.0283197152208,-0.0161349319244,0.184882321785,0.0963961842844,0.0418162523426,0.00604843320925,0.00363097400935,0,-0.000576227943195,0.00604843320925,0,-0.0748223598584,-0.114831514552,-338,-0.0435006435006,0.00278445912456,0,0,0,312,3,30,987,0.912280701754,0.99696969697,0.0030303030303,0.0877192982456,0.990476190476,0.912280701754,0.949771689498,0.934756291999,0.909250398724,0.904347826087,110,137,0,0,0,0
2662,WLNM_dir_neg,0.943084341201,0.755793948827,00:00:04,10,60,46,1238529981,threshold_sweep,0.7,0.972727272727,0.78102189781,0.866396761134,107,3,30,271,0.78102189781,0.989051094891,0.0109489051095,0.21897810219,0.972727272727,0.78102189781,0.866396761134,0.919708029197,0.577453365775,0.809980806142,0.81995093812,0.770072992701,342,205,137,0,342,0,205,0,137,37,342,0.256756756757,1.72528881811,18.4864864865,15.5454545455,9.77142857143,5.36771015539,0.290358590277,0.142642642643,9.50849154237,1.02869645341,0.544491860281,8.05331334643,0.871264894205,0.461830251304,0.640599570326,0.371299902718,2,1.72528881811,0.640599570326,2,0.344071394247,0.376569037657,810,0.104247104247,0.56957682835,37,37,37,1,0,0.405405405405,0.540540540541,0.0540540540541,37,0.153903903904,1.79314107324,11.0810810811,9.31818181818,5.85714285714,4.22544132066,0.381320314304,0.21292023731,6.08091090853,1.09753026154,0.584574818721,5.10769895242,0.921877371901,0.488595912986,0.719669759093,0.401345867224,2,1.79314107324,0.719669759093,2,0.119966017025,0.0998315080034,79,0.0101673101673,0.26655142104,37,37,37,1,0,0.405405405405,0.540540540541,0.0540540540541,37,315,0.236486486486,1.72471259017,17.027027027,14.3181818182,9,4.67550642822,0.274593234673,0.126640926641,8.51672087922,1.00037673819,0.528356928357,8.23819566822,0.967661078489,0.503646503647,0.646648003535,0.374930876727,2,1.72471259017,0.646648003535,2,0.269249034389,0.261737523105,472,0.0607464607465,0.572361287474,37,37,37,1,0,0.405405405405,0.540540540541,0.0540540540541,-27,-0.0202702702703,-0.000576227943195,-1.45945945946,-1.22727272727,-0.771428571429,-0.69220372717,-0.0157653556037,-0.0160017160017,-0.991770663155,-0.0283197152208,-0.0161349319244,0.184882321785,0.0963961842844,0.0418162523426,0.00604843320925,0.00363097400935,0,-0.000576227943195,0.00604843320925,0,-0.0748223598584,-0.114831514552,-338,-0.0435006435006,0.00278445912456,0,0,0,312,3,30,987,0.912280701754,0.99696969697,0.0030303030303,0.0877192982456,0.990476190476,0.912280701754,0.949771689498,0.934756291999,0.909250398724,0.904347826087,110,137,0,0,0,0
2663,WLNM_dir_neg,0.943084341201,0.755793948827,00:00:04,10,60,46,1238529981,threshold_sweep,0.8,0.981651376147,0.78102189781,0.869918699187,107,2,30,272,0.78102189781,0.992700729927,0.00729927007299,0.21897810219,0.981651376147,0.78102189781,0.869918699187,0.922141119221,0.578264395783,0.815384615385,0.826236055006,0.773722627737,342,205,137,0,342,0,205,0,137,37,342,0.256756756757,1.72528881811,18.4864864865,15.5454545455,9.77142857143,5.36771015539,0.290358590277,0.142642642643,9.50849154237,1.02869645341,0.544491860281,8.05331334643,0.871264894205,0.461830251304,0.640599570326,0.371299902718,2,1.72528881811,0.640599570326,2,0.344071394247,0.376569037657,810,0.104247104247,0.56957682835,37,37,37,1,0,0.405405405405,0.540540540541,0.0540540540541,37,0.153903903904,1.79314107324,11.0810810811,9.31818181818,5.85714285714,4.22544132066,0.381320314304,0.21292023731,6.08091090853,1.09753026154,0.584574818721,5.10769895242,0.921877371901,0.488595912986,0.719669759093,0.401345867224,2,1.79314107324,0.719669759093,2,0.119966017025,0.0998315080034,79,0.0101673101673,0.26655142104,37,37,37,1,0,0.405405405405,0.540540540541,0.0540540540541,37,314,0.235735735736,1.72351359626,16.972972973,14.2727272727,8.97142857143,4.6397227317,0.273359460307,0.125494921673,8.48404260827,0.999712027089,0.527457393699,8.25503759202,0.972727359569,0.505250473403,0.645519798391,0.374537108261,2,1.72351359626,0.645519798391,2,0.264429050857,0.25525972817,457,0.058815958816,0.574240228766,37,37,37,1,0,0.405405405405,0.540540540541,0.0540540540541,-28,-0.021021021021,-0.00177522185724,-1.51351351351,-1.27272727273,-0.8,-0.727987423696,-0.0169991299701,-0.0171477209694,-1.0244489341,-0.0289844263254,-0.0170344665819,0.201724245585,0.101462465364,0.0434202220994,0.00492022806518,0.00323720554349,0,-0.00177522185724,0.00492022806518,0,-0.0796423433902,-0.121309309487,-353,-0.0454311454311,0.00466340041567,0,0,0,312,2,30,988,0.912280701754,0.99797979798,0.0020202020202,0.0877192982456,0.993630573248,0.912280701754,0.951219512195,0.936823193855,0.910260499734,0.906976744186,109,137,0,0,0,0
2664,WLNM_dir_neg,0.943084341201,0.755793948827,00:00:04,10,60,46,1238529981,threshold_sweep,0.9,0.981651376147,0.78102189781,0.869918699187,107,2,30,272,0.78102189781,0.992700729927,0.00729927007299,0.21897810219,0.981651376147,0.78102189781,0.869918699187,0.922141119221,0.578264395783,0.815384615385,0.826236055006,0.773722627737,342,205,137,0,342,0,205,0,137,37,342,0.256756756757,1.72528881811,18.4864864865,15.5454545455,9.77142857143,5.36771015539,0.290358590277,0.142642642643,9.50849154237,1.02869645341,0.544491860281,8.05331334643,0.871264894205,0.461830251304,0.640599570326,0.371299902718,2,1.72528881811,0.640599570326,2,0.344071394247,0.376569037657,810,0.104247104247,0.56957682835,37,37,37,1,0,0.405405405405,0.540540540541,0.0540540540541,37,0.153903903904,1.79314107324,11.0810810811,9.31818181818,5.85714285714,4.22544132066,0.381320314304,0.21292023731,6.08091090853,1.09753026154,0.584574818721,5.10769895242,0.921877371901,0.488595912986,0.719669759093,0.401345867224,2,1.79314107324,0.719669759093,2,0.119966017025,0.0998315080034,79,0.0101673101673,0.26655142104,37,37,37,1,0,0.405405405405,0.540540540541,0.0540540540541,37,314,0.235735735736,1.72351359626,16.972972973,14.2727272727,8.97142857143,4.6397227317,0.273359460307,0.125494921673,8.48404260827,0.999712027089,0.527457393699,8.25503759202,0.972727359569,0.505250473403,0.645519798391,0.374537108261,2,1.72351359626,0.645519798391,2,0.264429050857,0.25525972817,457,0.058815958816,0.574240228766,37,37,37,1,0,0.405405405405,0.540540540541,0.0540540540541,-28,-0.021021021021,-0.00177522185724,-1.51351351351,-1.27272727273,-0.8,-0.727987423696,-0.0169991299701,-0.0171477209694,-1.0244489341,-0.0289844263254,-0.0170344665819,0.201724245585,0.101462465364,0.0434202220994,0.00492022806518,0.00323720554349,0,-0.00177522185724,0.00492022806518,0,-0.0796423433902,-0.121309309487,-353,-0.0454311454311,0.00466340041567,0,0,0,312,2,30,988,0.912280701754,0.99797979798,0.0020202020202,0.0877192982456,0.993630573248,0.912280701754,0.951219512195,0.936823193855,0.910260499734,0.906976744186,109,137,0,0,0,0
2665,WLNM_dir_neg,0.956603974639,0.726225622203,00:00:04,10,60,47,1238529982,threshold_sweep,0.1,0.927419354839,0.839416058394,0.88122605364,115,9,22,265,0.839416058394,0.967153284672,0.0328467153285,0.160583941606,0.927419354839,0.839416058394,0.88122605364,0.924574209246,0.566098945661,0.826168224299,0.82837214139,0.806569343066,342,205,137,0,342,0,205,0,137,37,342,0.256756756757,1.72528881811,18.4864864865,15.5454545455,9.77142857143,5.36771015539,0.290358590277,0.142642642643,9.50849154237,1.02869645341,0.544491860281,8.05331334643,0.871264894205,0.461830251304,0.640599570326,0.371299902718,2,1.72528881811,0.640599570326,2,0.344071394247,0.376569037657,810,0.104247104247,0.56957682835,37,37,37,1,0,0.405405405405,0.540540540541,0.0540540540541,37,0.153903903904,1.83223458874,11.0810810811,9.31818181818,5.85714285714,4.19244279348,0.378342398436,0.21015161503,6.12642089911,1.10574425984,0.588529993408,5.00885102479,0.904036526426,0.484377059987,0.77600904947,0.423531492222,2.33234753276,1.83223458874,0.77600904947,2.33234753276,0.115671211801,0.0912162162162,72,0.00926640926641,0.261296353744,37,37,37,1,0,0.405405405405,0.540540540541,0.0540540540541,37,329,0.246996996997,2.99345705919,17.7837837838,12.6538461538,9.4,5.13233288484,0.288596226047,0.142774993839,8.7139217596,0.9799851219,0.52542512117,7.94349413666,0.893341285885,0.474821325885,1.73666426954,0.58015339295,5.99431818182,2.99345705919,1.73666426954,5.99431818182,0.302392896268,0.312016865777,592,0.0761904761905,0.407243763759,37,37,37,1,0,0.297297297297,0.648648648649,0.0540540540541,-13,-0.00975975975976,1.26816824108,-0.702702702703,-2.89160839161,-0.371428571429,-0.23537727055,-0.00176236422972,0.000132351196181,-0.794569782775,-0.0487113315145,-0.0190667391115,-0.109819209778,0.0220763916805,0.0129910745812,1.09606469922,0.208853490232,3.99431818182,1.26816824108,1.09606469922,3.99431818182,-0.0416784979798,-0.0645521718804,-218,-0.0280566280566,-0.162333064591,-0.108108108108,0.108108108108,0,320,9,22,981,0.93567251462,0.990909090909,0.00909090909091,0.0643274853801,0.9726443769,0.93567251462,0.953800298063,0.938568358995,0.926581605529,0.911680911681,124,137,0,0,0,0
2666,WLNM_dir_neg,0.956603974639,0.726225622203,00:00:04,10,60,47,1238529982,threshold_sweep,0.2,0.942148760331,0.832116788321,0.883720930233,114,7,23,267,0.832116788321,0.974452554745,0.0255474452555,0.167883211679,0.942148760331,0.832116788321,0.883720930233,0.92700729927,0.568532035685,0.830827067669,0.834229593076,0.806569343066,342,205,137,0,342,0,205,0,137,37,342,0.256756756757,1.72528881811,18.4864864865,15.5454545455,9.77142857143,5.36771015539,0.290358590277,0.142642642643,9.50849154237,1.02869645341,0.544491860281,8.05331334643,0.871264894205,0.461830251304,0.640599570326,0.371299902718,2,1.72528881811,0.640599570326,2,0.344071394247,0.376569037657,810,0.104247104247,0.56957682835,37,37,37,1,0,0.405405405405,0.540540540541,0.0540540540541,37,0.153903903904,1.83223458874,11.0810810811,9.31818181818,5.85714285714,4.19244279348,0.378342398436,0.21015161503,6.12642089911,1.10574425984,0.588529993408,5.00885102479,0.904036526426,0.484377059987,0.77600904947,0.423531492222,2.33234753276,1.83223458874,0.77600904947,2.33234753276,0.115671211801,0.0912162162162,72,0.00926640926641,0.261296353744,37,37,37,1,0,0.405405405405,0.540540540541,0.0540540540541,37,326,0.244744744745,1,17.6216216216,13.04,9.31428571429,5.06815412021,0.287609973079,0.142347869342,8.72046710598,0.98974626663,0.528933841817,7.98553497073,0.906333723672,0.480351517161,0,0,0,NaN,NaN,NaN,0.297474133785,0.306263269639,577,0.07425997426,0.434248469968,37,37,0,1,2,0.324324324324,0.621621621622,0.0540540540541,-16,-0.012012012012,-0.725288818115,-0.864864864865,-2.50545454545,-0.457142857143,-0.299556035185,-0.00274861719781,-0.000294773300908,-0.788024436391,-0.0389501867847,-0.0155580184641,-0.0677783757032,0.0350688294671,0.0185212658574,-0.640599570326,-0.371299902718,-2,NaN,NaN,NaN,-0.0465972604629,-0.0703057680178,-233,-0.0299871299871,-0.135328358382,-0.0810810810811,0.0810810810811,0,319,7,23,983,0.932748538012,0.992929292929,0.00707070707071,0.0672514619883,0.978527607362,0.932748538012,0.955089820359,0.940551808588,0.925677830941,0.914040114613,121,137,0,0,0,0
2667,WLNM_dir_neg,0.956603974639,0.726225622203,00:00:04,10,60,47,1238529982,threshold_sweep,0.3,0.95,0.832116788321,0.887159533074,114,6,23,268,0.832116788321,0.978102189781,0.021897810219,0.167883211679,0.95,0.832116788321,0.887159533074,0.929440389294,0.569343065693,0.83615819209,0.840041726995,0.810218978102,342,205,137,0,342,0,205,0,137,37,342,0.256756756757,1.72528881811,18.4864864865,15.5454545455,9.77142857143,5.36771015539,0.290358590277,0.142642642643,9.50849154237,1.02869645341,0.544491860281,8.05331334643,0.871264894205,0.461830251304,0.640599570326,0.371299902718,2,1.72528881811,0.640599570326,2,0.344071394247,0.376569037657,810,0.104247104247,0.56957682835,37,37,37,1,0,0.405405405405,0.540540540541,0.0540540540541,37,0.153903903904,1.83223458874,11.0810810811,9.31818181818,5.85714285714,4.19244279348,0.378342398436,0.21015161503,6.12642089911,1.10574425984,0.588529993408,5.00885102479,0.904036526426,0.484377059987,0.77600904947,0.423531492222,2.33234753276,1.83223458874,0.77600904947,2.33234753276,0.115671211801,0.0912162162162,72,0.00926640926641,0.261296353744,37,37,37,1,0,0.405405405405,0.540540540541,0.0540540540541,37,325,0.243993993994,1,17.5675675676,13.5416666667,9.28571428571,5.02516191304,0.286047678127,0.14079002079,8.74685700738,0.995796028532,0.531559251559,7.99004636037,0.90963604718,0.481330561331,0,0,0,NaN,NaN,NaN,0.297474133785,0.306263269639,577,0.07425997426,0.467213041926,37,37,0,1,2,0.351351351351,0.594594594595,0.0540540540541,-17,-0.0127627627628,-0.725288818115,-0.918918918919,-2.00378787879,-0.485714285714,-0.342548242355,-0.00431091215032,-0.00185262185262,-0.761634534997,-0.0329004248826,-0.0129326087221,-0.0632669860656,0.0383711529756,0.0195003100266,-0.640599570326,-0.371299902718,-2,NaN,NaN,NaN,-0.0465972604629,-0.0703057680178,-233,-0.0299871299871,-0.102363786424,-0.0540540540541,0.0540540540541,0,319,6,23,984,0.932748538012,0.993939393939,0.00606060606061,0.0672514619883,0.981538461538,0.932748538012,0.95652173913,0.942557257814,0.926687931951,0.916666666667,120,137,0,0,0,0
2668,WLNM_dir_neg,0.956603974639,0.726225622203,00:00:04,10,60,47,1238529982,threshold_sweep,0.4,0.957627118644,0.824817518248,0.886274509804,113,5,24,269,0.824817518248,0.981751824818,0.0182481751825,0.175182481752,0.957627118644,0.824817518248,0.886274509804,0.929440389294,0.57096512571,0.835538752363,0.840431771509,0.806569343066,342,205,137,0,342,0,205,0,137,37,342,0.256756756757,1.72528881811,18.4864864865,15.5454545455,9.77142857143,5.36771015539,0.290358590277,0.142642642643,9.50849154237,1.02869645341,0.544491860281,8.05331334643,0.871264894205,0.461830251304,0.640599570326,0.371299902718,2,1.72528881811,0.640599570326,2,0.344071394247,0.376569037657,810,0.104247104247,0.56957682835,37,37,37,1,0,0.405405405405,0.540540540541,0.0540540540541,37,0.153903903904,1.83223458874,11.0810810811,9.31818181818,5.85714285714,4.19244279348,0.378342398436,0.21015161503,6.12642089911,1.10574425984,0.588529993408,5.00885102479,0.904036526426,0.484377059987,0.77600904947,0.423531492222,2.33234753276,1.83223458874,0.77600904947,2.33234753276,0.115671211801,0.0912162162162,72,0.00926640926641,0.261296353744,37,37,37,1,0,0.405405405405,0.540540540541,0.0540540540541,37,323,0.242492492492,1,17.4594594595,14.0434782609,9.22857142857,4.94747182685,0.283369129402,0.138733160405,8.73259745198,1.00032850069,0.533009789976,8.01958937938,0.918652653365,0.484812986361,0,0,0,NaN,NaN,NaN,0.292279397755,0.299893086244,561,0.0722007722008,0.509869088897,37,37,0,1,2,0.378378378378,0.567567567568,0.0540540540541,-19,-0.0142642642643,-0.725288818115,-1.02702702703,-1.50197628458,-0.542857142857,-0.420238328543,-0.00698946087548,-0.00390948223766,-0.775894090399,-0.0283679527241,-0.0114820703056,-0.0337239670574,0.0473877591603,0.022982735057,-0.640599570326,-0.371299902718,-2,NaN,NaN,NaN,-0.0517919964929,-0.0766759514131,-249,-0.0320463320463,-0.0597077394534,-0.027027027027,0.027027027027,0,318,5,24,985,0.929824561404,0.994949494949,0.00505050505051,0.0701754385965,0.984520123839,0.929824561404,0.956390977444,0.94258265452,0.924774056353,0.916426512968,118,137,0,0,0,0
2669,WLNM_dir_neg,0.956603974639,0.726225622203,00:00:04,10,60,47,1238529982,threshold_sweep,0.5,0.965811965812,0.824817518248,0.889763779528,113,4,24,270,0.824817518248,0.985401459854,0.014598540146,0.175182481752,0.965811965812,0.824817518248,0.889763779528,0.931873479319,0.571776155718,0.840909090909,0.846391670113,0.810218978102,342,205,137,0,342,0,205,0,137,37,342,0.256756756757,1.72528881811,18.4864864865,15.5454545455,9.77142857143,5.36771015539,0.290358590277,0.142642642643,9.50849154237,1.02869645341,0.544491860281,8.05331334643,0.871264894205,0.461830251304,0.640599570326,0.371299902718,2,1.72528881811,0.640599570326,2,0.344071394247,0.376569037657,810,0.104247104247,0.56957682835,37,37,37,1,0,0.405405405405,0.540540540541,0.0540540540541,37,0.153903903904,1.83223458874,11.0810810811,9.31818181818,5.85714285714,4.19244279348,0.378342398436,0.21015161503,6.12642089911,1.10574425984,0.588529993408,5.00885102479,0.904036526426,0.484377059987,0.77600904947,0.423531492222,2.33234753276,1.83223458874,0.77600904947,2.33234753276,0.115671211801,0.0912162162162,72,0.00926640926641,0.261296353744,37,37,37,1,0,0.405405405405,0.540540540541,0.0540540540541,37,322,0.241741741742,1,17.4054054054,14,9.2,4.91290511171,0.282263181884,0.138324660064,8.70461201147,1.00021939262,0.532650663085,8.04109191336,0.923976399983,0.486990095686,0,0,0,NaN,NaN,NaN,0.286725240851,0.293917100305,546,0.0702702702703,0.512144975724,37,37,0,1,2,0.378378378378,0.567567567568,0.0540540540541,-20,-0.015015015015,-0.725288818115,-1.08108108108,-1.54545454545,-0.571428571429,-0.454805043686,-0.00809540839334,-0.00431798257885,-0.803879530902,-0.0284770607922,-0.0118411971959,-0.0122214330708,0.0527115057779,0.0251598443818,-0.640599570326,-0.371299902718,-2,NaN,NaN,NaN,-0.0573461533965,-0.0826519373519,-264,-0.0339768339768,-0.0574318526257,-0.027027027027,0.027027027027,0,318,4,24,986,0.929824561404,0.99595959596,0.0040404040404,0.0701754385965,0.987577639752,0.929824561404,0.957831325301,0.944608332372,0.925784157363,0.919075144509,117,137,0,0,0,0
2670,WLNM_dir_neg,0.956603974639,0.726225622203,00:00:04,10,60,47,1238529982,threshold_sweep,0.6,0.965517241379,0.817518248175,0.885375494071,112,4,25,270,0.817518248175,0.985401459854,0.014598540146,0.182481751825,0.965517241379,0.817518248175,0.885375494071,0.929440389294,0.572587185726,0.834914611006,0.84094516973,0.802919708029,342,205,137,0,342,0,205,0,137,37,342,0.256756756757,1.72528881811,18.4864864865,15.5454545455,9.77142857143,5.36771015539,0.290358590277,0.142642642643,9.50849154237,1.02869645341,0.544491860281,8.05331334643,0.871264894205,0.461830251304,0.640599570326,0.371299902718,2,1.72528881811,0.640599570326,2,0.344071394247,0.376569037657,810,0.104247104247,0.56957682835,37,37,37,1,0,0.405405405405,0.540540540541,0.0540540540541,37,0.153903903904,1.83223458874,11.0810810811,9.31818181818,5.85714285714,4.19244279348,0.378342398436,0.21015161503,6.12642089911,1.10574425984,0.588529993408,5.00885102479,0.904036526426,0.484377059987,0.77600904947,0.423531492222,2.33234753276,1.83223458874,0.77600904947,2.33234753276,0.115671211801,0.0912162162162,72,0.00926640926641,0.261296353744,37,37,37,1,0,0.405405405405,0.540540540541,0.0540540540541,37,321,0.240990990991,1,17.3513513514,13.9565217391,9.17142857143,4.87747781028,0.281100746075,0.137324240128,8.66683991511,0.998981547847,0.531615727877,8.06588857836,0.929713013705,0.490022733013,0,0,0,NaN,NaN,NaN,0.281748625676,0.287314781352,530,0.0682110682111,0.514070475612,37,37,0,1,2,0.378378378378,0.567567567568,0.0540540540541,-21,-0.0157657657658,-0.725288818115,-1.13513513514,-1.58893280632,-0.6,-0.490232345112,-0.0092578442017,-0.00531840251466,-0.841651627266,-0.0297149055674,-0.0128761324039,0.0125752319283,0.0584481195005,0.0281924817095,-0.640599570326,-0.371299902718,-2,NaN,NaN,NaN,-0.0623227685709,-0.0892542563053,-280,-0.036036036036,-0.0555063527375,-0.027027027027,0.027027027027,0,317,4,25,986,0.926900584795,0.99595959596,0.0040404040404,0.0730994152047,0.98753894081,0.926900584795,0.956259426848,0.94262393677,0.922860180755,0.916184971098,116,137,0,0,0,0
2671,WLNM_dir_neg,0.956603974639,0.726225622203,00:00:04,10,60,47,1238529982,threshold_sweep,0.7,0.965517241379,0.817518248175,0.885375494071,112,4,25,270,0.817518248175,0.985401459854,0.014598540146,0.182481751825,0.965517241379,0.817518248175,0.885375494071,0.929440389294,0.572587185726,0.834914611006,0.84094516973,0.802919708029,342,205,137,0,342,0,205,0,137,37,342,0.256756756757,1.72528881811,18.4864864865,15.5454545455,9.77142857143,5.36771015539,0.290358590277,0.142642642643,9.50849154237,1.02869645341,0.544491860281,8.05331334643,0.871264894205,0.461830251304,0.640599570326,0.371299902718,2,1.72528881811,0.640599570326,2,0.344071394247,0.376569037657,810,0.104247104247,0.56957682835,37,37,37,1,0,0.405405405405,0.540540540541,0.0540540540541,37,0.153903903904,1.83223458874,11.0810810811,9.31818181818,5.85714285714,4.19244279348,0.378342398436,0.21015161503,6.12642089911,1.10574425984,0.588529993408,5.00885102479,0.904036526426,0.484377059987,0.77600904947,0.423531492222,2.33234753276,1.83223458874,0.77600904947,2.33234753276,0.115671211801,0.0912162162162,72,0.00926640926641,0.261296353744,37,37,37,1,0,0.405405405405,0.540540540541,0.0540540540541,37,321,0.240990990991,1,17.3513513514,13.9565217391,9.17142857143,4.87747781028,0.281100746075,0.137324240128,8.66683991511,0.998981547847,0.531615727877,8.06588857836,0.929713013705,0.490022733013,0,0,0,NaN,NaN,NaN,0.281748625676,0.287314781352,530,0.0682110682111,0.514070475612,37,37,0,1,2,0.378378378378,0.567567567568,0.0540540540541,-21,-0.0157657657658,-0.725288818115,-1.13513513514,-1.58893280632,-0.6,-0.490232345112,-0.0092578442017,-0.00531840251466,-0.841651627266,-0.0297149055674,-0.0128761324039,0.0125752319283,0.0584481195005,0.0281924817095,-0.640599570326,-0.371299902718,-2,NaN,NaN,NaN,-0.0623227685709,-0.0892542563053,-280,-0.036036036036,-0.0555063527375,-0.027027027027,0.027027027027,0,317,4,25,986,0.926900584795,0.99595959596,0.0040404040404,0.0730994152047,0.98753894081,0.926900584795,0.956259426848,0.94262393677,0.922860180755,0.916184971098,116,137,0,0,0,0
2672,WLNM_dir_neg,0.956603974639,0.726225622203,00:00:04,10,60,47,1238529982,threshold_sweep,0.8,0.965217391304,0.810218978102,0.880952380952,111,4,26,270,0.810218978102,0.985401459854,0.014598540146,0.189781021898,0.965217391304,0.810218978102,0.880952380952,0.92700729927,0.573398215734,0.828897338403,0.83550051142,0.795620437956,342,205,137,0,342,0,205,0,137,37,342,0.256756756757,1.72528881811,18.4864864865,15.5454545455,9.77142857143,5.36771015539,0.290358590277,0.142642642643,9.50849154237,1.02869645341,0.544491860281,8.05331334643,0.871264894205,0.461830251304,0.640599570326,0.371299902718,2,1.72528881811,0.640599570326,2,0.344071394247,0.376569037657,810,0.104247104247,0.56957682835,37,37,37,1,0,0.405405405405,0.540540540541,0.0540540540541,37,0.153903903904,1.83223458874,11.0810810811,9.31818181818,5.85714285714,4.19244279348,0.378342398436,0.21015161503,6.12642089911,1.10574425984,0.588529993408,5.00885102479,0.904036526426,0.484377059987,0.77600904947,0.423531492222,2.33234753276,1.83223458874,0.77600904947,2.33234753276,0.115671211801,0.0912162162162,72,0.00926640926641,0.261296353744,37,37,37,1,0,0.405405405405,0.540540540541,0.0540540540541,37,320,0.24024024024,1,17.2972972973,13.9130434783,9.14285714286,4.84690545529,0.280211721634,0.136317567568,8.63203405994,0.998078938181,0.530743243243,8.08364678504,0.934671659521,0.491722972973,0,0,0,NaN,NaN,NaN,0.275395069949,0.279475982533,512,0.0658944658945,0.515586890189,37,37,0,1,2,0.378378378378,0.567567567568,0.0540540540541,-22,-0.0165165165165,-0.725288818115,-1.18918918919,-1.63241106719,-0.628571428571,-0.520804700106,-0.0101468686433,-0.00632507507507,-0.876457482432,-0.0306175152339,-0.0137486170381,0.0303334386093,0.0634067653158,0.029892721669,-0.640599570326,-0.371299902718,-2,NaN,NaN,NaN,-0.0686763242986,-0.0970930551242,-298,-0.0383526383526,-0.0539899381608,-0.027027027027,0.027027027027,0,316,4,26,986,0.923976608187,0.99595959596,0.0040404040404,0.0760233918129,0.9875,0.923976608187,0.954682779456,0.940639291643,0.919936204147,0.913294797688,115,137,0,0,0,0
2673,WLNM_dir_neg,0.956603974639,0.726225622203,00:00:04,10,60,47,1238529982,threshold_sweep,0.9,0.964912280702,0.802919708029,0.876494023904,110,4,27,270,0.802919708029,0.985401459854,0.014598540146,0.197080291971,0.964912280702,0.802919708029,0.876494023904,0.924574209246,0.574209245742,0.822857142857,0.830057356639,0.788321167883,342,205,137,0,342,0,205,0,137,37,342,0.256756756757,1.72528881811,18.4864864865,15.5454545455,9.77142857143,5.36771015539,0.290358590277,0.142642642643,9.50849154237,1.02869645341,0.544491860281,8.05331334643,0.871264894205,0.461830251304,0.640599570326,0.371299902718,2,1.72528881811,0.640599570326,2,0.344071394247,0.376569037657,810,0.104247104247,0.56957682835,37,37,37,1,0,0.405405405405,0.540540540541,0.0540540540541,37,0.153903903904,1.83223458874,11.0810810811,9.31818181818,5.85714285714,4.19244279348,0.378342398436,0.21015161503,6.12642089911,1.10574425984,0.588529993408,5.00885102479,0.904036526426,0.484377059987,0.77600904947,0.423531492222,2.33234753276,1.83223458874,0.77600904947,2.33234753276,0.115671211801,0.0912162162162,72,0.00926640926641,0.261296353744,37,37,37,1,0,0.405405405405,0.540540540541,0.0540540540541,37,319,0.239489489489,1,17.2432432432,13.8695652174,9.11428571429,4.7923863541,0.277928362228,0.134796238245,8.58730119081,0.996019260376,0.529526391595,8.04967684428,0.933661577549,0.491231042955,0,0,0,NaN,NaN,NaN,0.272882465085,0.276127612761,502,0.0646074646075,0.512679442701,37,37,0,1,2,0.378378378378,0.567567567568,0.0540540540541,-23,-0.0172672672673,-0.725288818115,-1.24324324324,-1.67588932806,-0.657142857143,-0.575323801293,-0.0124302280487,-0.00784640439813,-0.921190351562,-0.0326771930384,-0.014965468686,-0.00363650215674,0.0623966833446,0.0294007916512,-0.640599570326,-0.371299902718,-2,NaN,NaN,NaN,-0.0711889291621,-0.100441424896,-308,-0.0396396396396,-0.0568973856489,-0.027027027027,0.027027027027,0,315,4,27,986,0.921052631579,0.99595959596,0.0040404040404,0.0789473684211,0.987460815047,0.921052631579,0.953101361573,0.93865438375,0.917012227539,0.910404624277,114,137,0,0,0,0
2674,WLNM_dir_neg,0.933680537056,0.559841371029,00:00:04,10,60,48,1238529983,threshold_sweep,0.1,0.894308943089,0.802919708029,0.846153846154,110,13,27,261,0.802919708029,0.952554744526,0.0474452554745,0.197080291971,0.894308943089,0.802919708029,0.846153846154,0.902676399027,0.566909975669,0.775280898876,0.777690059901,0.755474452555,342,205,137,0,342,0,205,0,137,37,342,0.256756756757,1.72528881811,18.4864864865,15.5454545455,9.77142857143,5.36771015539,0.290358590277,0.142642642643,9.50849154237,1.02869645341,0.544491860281,8.05331334643,0.871264894205,0.461830251304,0.640599570326,0.371299902718,2,1.72528881811,0.640599570326,2,0.344071394247,0.376569037657,810,0.104247104247,0.56957682835,37,37,37,1,0,0.405405405405,0.540540540541,0.0540540540541,37,0.153903903904,1.78759685968,11.0810810811,9.31818181818,5.85714285714,4.28419821604,0.386622765838,0.213711272248,6.04885018732,1.09174369234,0.583256427159,5.09681052007,0.919912142646,0.484377059987,0.704404167863,0.394050909213,2,1.78759685968,0.704404167863,2,0.136118019942,0.0895710681245,71,0.00913770913771,0.264842961346,37,37,37,1,0,0.405405405405,0.540540540541,0.0540540540541,37,328,0.246246246246,2.3165103657,17.7297297297,14.2608695652,8.86486486486,5.09710510785,0.287489160046,0.143210283454,9.18078356061,1.03563716995,0.552735662492,7.55410911786,0.852140357808,0.449571522742,1.50648003961,0.65032302981,5.36786304914,2.3165103657,1.50648003961,5.36786304914,0.31466795483,0.325307465789,626,0.0805662805663,0.474559523534,37,37,37,1,0,0.378378378378,0.621621621622,0,-14,-0.0105105105105,0.591221547588,-0.756756756757,-1.28458498024,-0.906563706564,-0.270605047542,-0.00286943023065,0.000567640811543,-0.327707981764,0.00694071653217,0.00824380221043,-0.499204228572,-0.0191245363973,-0.0122587285617,0.865880469284,0.279023127092,3.36786304914,0.591221547588,0.865880469284,3.36786304914,-0.0294034394173,-0.0512615718679,-184,-0.0236808236808,-0.0950173048162,-0.027027027027,0.0810810810811,-0.0540540540541,315,13,27,977,0.921052631579,0.986868686869,0.0131313131313,0.0789473684211,0.960365853659,0.921052631579,0.940298507463,0.920608723232,0.907921318448,0.887323943662,123,137,0,0,0,0
2675,WLNM_dir_neg,0.933680537056,0.559841371029,00:00:04,10,60,48,1238529983,threshold_sweep,0.2,0.908333333333,0.795620437956,0.848249027237,109,11,28,263,0.795620437956,0.959854014599,0.0401459854015,0.204379562044,0.908333333333,0.795620437956,0.848249027237,0.905109489051,0.569343065693,0.779661016949,0.783282150847,0.755474452555,342,205,137,0,342,0,205,0,137,37,342,0.256756756757,1.72528881811,18.4864864865,15.5454545455,9.77142857143,5.36771015539,0.290358590277,0.142642642643,9.50849154237,1.02869645341,0.544491860281,8.05331334643,0.871264894205,0.461830251304,0.640599570326,0.371299902718,2,1.72528881811,0.640599570326,2,0.344071394247,0.376569037657,810,0.104247104247,0.56957682835,37,37,37,1,0,0.405405405405,0.540540540541,0.0540540540541,37,0.153903903904,1.78759685968,11.0810810811,9.31818181818,5.85714285714,4.28419821604,0.386622765838,0.213711272248,6.04885018732,1.09174369234,0.583256427159,5.09681052007,0.919912142646,0.484377059987,0.704404167863,0.394050909213,2,1.78759685968,0.704404167863,2,0.136118019942,0.0895710681245,71,0.00913770913771,0.264842961346,37,37,37,1,0,0.405405405405,0.540540540541,0.0540540540541,37,325,0.243993993994,2.27845775112,17.5675675676,14.1304347826,8.78378378378,5.16150570484,0.293808786276,0.145197505198,9.08030571908,1.03375788186,0.55185031185,7.62355682202,0.867912622815,0.457214137214,1.4511013213,0.636878748613,5.29867882823,2.27845775112,1.4511013213,5.29867882823,0.31236597404,0.31926121372,605,0.0778635778636,0.476599129762,37,37,37,1,0,0.378378378378,0.621621621622,0,-17,-0.0127627627628,0.553168933008,-0.918918918919,-1.41501976285,-0.987644787645,-0.206204450549,0.00345019599863,0.00255486255486,-0.428185823295,0.00506142844965,0.00735845156898,-0.429756524411,-0.00335227138991,-0.0046161140898,0.810501750977,0.265578845895,3.29867882823,0.553168933008,0.810501750977,3.29867882823,-0.0317054202076,-0.0573078239366,-205,-0.0263835263835,-0.0929776985884,-0.027027027027,0.0810810810811,-0.0540540540541,314,11,28,979,0.918128654971,0.988888888889,0.0111111111111,0.0818713450292,0.966153846154,0.918128654971,0.941529235382,0.922550018678,0.90701754386,0.889518413598,120,137,0,0,0,0
2676,WLNM_dir_neg,0.933680537056,0.559841371029,00:00:04,10,60,48,1238529983,threshold_sweep,0.3,0.915966386555,0.795620437956,0.8515625,109,10,28,264,0.795620437956,0.963503649635,0.036496350365,0.204379562044,0.915966386555,0.795620437956,0.8515625,0.907542579075,0.570154095702,0.784905660377,0.789011677182,0.759124087591,342,205,137,0,342,0,205,0,137,37,342,0.256756756757,1.72528881811,18.4864864865,15.5454545455,9.77142857143,5.36771015539,0.290358590277,0.142642642643,9.50849154237,1.02869645341,0.544491860281,8.05331334643,0.871264894205,0.461830251304,0.640599570326,0.371299902718,2,1.72528881811,0.640599570326,2,0.344071394247,0.376569037657,810,0.104247104247,0.56957682835,37,37,37,1,0,0.405405405405,0.540540540541,0.0540540540541,37,0.153903903904,1.78759685968,11.0810810811,9.31818181818,5.85714285714,4.28419821604,0.386622765838,0.213711272248,6.04885018732,1.09174369234,0.583256427159,5.09681052007,0.919912142646,0.484377059987,0.704404167863,0.394050909213,2,1.78759685968,0.704404167863,2,0.136118019942,0.0895710681245,71,0.00913770913771,0.264842961346,37,37,37,1,0,0.405405405405,0.540540540541,0.0540540540541,37,324,0.243243243243,2.27008786167,17.5135135135,14.0869565217,8.75675675676,5.20481412637,0.297188460919,0.145812479146,9.04742260845,1.03319332257,0.551217884551,7.64636952854,0.873196520234,0.459459459459,1.44768249078,0.637720907294,5.29301670292,2.27008786167,1.44768249078,5.29301670292,0.314610076284,0.31961130742,603,0.0776061776062,0.478381583661,37,37,37,1,0,0.378378378378,0.621621621622,0,-18,-0.0135135135135,0.544799043554,-0.972972972973,-1.45849802372,-1.01467181467,-0.16289602902,0.00682987064231,0.00316983650317,-0.461068933927,0.00449686915487,0.00672602426988,-0.406943817895,0.0019316260295,-0.00237079184448,0.807082920454,0.266421004576,3.29301670292,0.544799043554,0.807082920454,3.29301670292,-0.0294613179635,-0.0569577302364,-207,-0.0266409266409,-0.0911952446884,-0.027027027027,0.0810810810811,-0.0540540540541,314,10,28,980,0.918128654971,0.989898989899,0.010101010101,0.0818713450292,0.969135802469,0.918128654971,0.942942942943,0.924542649173,0.90802764487,0.892045454545,119,137,0,0,0,0
2677,WLNM_dir_neg,0.933680537056,0.559841371029,00:00:04,10,60,48,1238529983,threshold_sweep,0.4,0.915966386555,0.795620437956,0.8515625,109,10,28,264,0.795620437956,0.963503649635,0.036496350365,0.204379562044,0.915966386555,0.795620437956,0.8515625,0.907542579075,0.570154095702,0.784905660377,0.789011677182,0.759124087591,342,205,137,0,342,0,205,0,137,37,342,0.256756756757,1.72528881811,18.4864864865,15.5454545455,9.77142857143,5.36771015539,0.290358590277,0.142642642643,9.50849154237,1.02869645341,0.544491860281,8.05331334643,0.871264894205,0.461830251304,0.640599570326,0.371299902718,2,1.72528881811,0.640599570326,2,0.344071394247,0.376569037657,810,0.104247104247,0.56957682835,37,37,37,1,0,0.405405405405,0.540540540541,0.0540540540541,37,0.153903903904,1.78759685968,11.0810810811,9.31818181818,5.85714285714,4.28419821604,0.386622765838,0.213711272248,6.04885018732,1.09174369234,0.583256427159,5.09681052007,0.919912142646,0.484377059987,0.704404167863,0.394050909213,2,1.78759685968,0.704404167863,2,0.136118019942,0.0895710681245,71,0.00913770913771,0.264842961346,37,37,37,1,0,0.405405405405,0.540540540541,0.0540540540541,37,324,0.243243243243,2.27008786167,17.5135135135,14.0869565217,8.75675675676,5.20481412637,0.297188460919,0.145812479146,9.04742260845,1.03319332257,0.551217884551,7.64636952854,0.873196520234,0.459459459459,1.44768249078,0.637720907294,5.29301670292,2.27008786167,1.44768249078,5.29301670292,0.314610076284,0.31961130742,603,0.0776061776062,0.478381583661,37,37,37,1,0,0.378378378378,0.621621621622,0,-18,-0.0135135135135,0.544799043554,-0.972972972973,-1.45849802372,-1.01467181467,-0.16289602902,0.00682987064231,0.00316983650317,-0.461068933927,0.00449686915487,0.00672602426988,-0.406943817895,0.0019316260295,-0.00237079184448,0.807082920454,0.266421004576,3.29301670292,0.544799043554,0.807082920454,3.29301670292,-0.0294613179635,-0.0569577302364,-207,-0.0266409266409,-0.0911952446884,-0.027027027027,0.0810810810811,-0.0540540540541,314,10,28,980,0.918128654971,0.989898989899,0.010101010101,0.0818713450292,0.969135802469,0.918128654971,0.942942942943,0.924542649173,0.90802764487,0.892045454545,119,137,0,0,0,0
2678,WLNM_dir_neg,0.933680537056,0.559841371029,00:00:04,10,60,48,1238529983,threshold_sweep,0.5,0.931034482759,0.788321167883,0.853754940711,108,8,29,266,0.788321167883,0.970802919708,0.029197080292,0.211678832117,0.931034482759,0.788321167883,0.853754940711,0.9099756691,0.572587185726,0.789373814042,0.795075433199,0.759124087591,342,205,137,0,342,0,205,0,137,37,342,0.256756756757,1.72528881811,18.4864864865,15.5454545455,9.77142857143,5.36771015539,0.290358590277,0.142642642643,9.50849154237,1.02869645341,0.544491860281,8.05331334643,0.871264894205,0.461830251304,0.640599570326,0.371299902718,2,1.72528881811,0.640599570326,2,0.344071394247,0.376569037657,810,0.104247104247,0.56957682835,37,37,37,1,0,0.405405405405,0.540540540541,0.0540540540541,37,0.153903903904,1.78759685968,11.0810810811,9.31818181818,5.85714285714,4.28419821604,0.386622765838,0.213711272248,6.04885018732,1.09174369234,0.583256427159,5.09681052007,0.919912142646,0.484377059987,0.704404167863,0.394050909213,2,1.78759685968,0.704404167863,2,0.136118019942,0.0895710681245,71,0.00913770913771,0.264842961346,37,37,37,1,0,0.405405405405,0.540540540541,0.0540540540541,37,321,0.240990990991,1.81209002619,17.3513513514,14.5909090909,8.67567567568,5.22396303488,0.301069520702,0.147764587017,9.00633744172,1.03811366151,0.552496421655,7.63782274842,0.880372092497,0.462406331565,0.766784607705,0.423149289839,2.96051221009,1.81209002619,0.766784607705,2.96051221009,0.308730700405,0.312992125984,583,0.0750321750322,0.515475409771,37,37,37,1,0,0.405405405405,0.594594594595,0,-21,-0.0157657657658,0.0868012080717,-1.13513513514,-0.954545454545,-1.09575289575,-0.143747120514,0.0107109304247,0.00512194437428,-0.502154100655,0.00941720809177,0.00800456137397,-0.415490598011,0.00910719829255,0.000576080261274,0.126185037379,0.0518493871211,0.960512210094,0.0868012080717,0.126185037379,0.960512210094,-0.0353406938422,-0.0635769116727,-227,-0.0292149292149,-0.0541014185787,0,0.0540540540541,-0.0540540540541,313,8,29,982,0.915204678363,0.991919191919,0.00808080808081,0.0847953216374,0.97507788162,0.915204678363,0.94419306184,0.926550621182,0.907123870282,0.894285714286,116,137,0,0,0,0
2679,WLNM_dir_neg,0.933680537056,0.559841371029,00:00:04,10,60,48,1238529983,threshold_sweep,0.6,0.929203539823,0.766423357664,0.84,105,8,32,266,0.766423357664,0.970802919708,0.029197080292,0.233576642336,0.929203539823,0.766423357664,0.84,0.902676399027,0.57502027575,0.770992366412,0.778375249315,0.737226277372,342,205,137,0,342,0,205,0,137,37,342,0.256756756757,1.72528881811,18.4864864865,15.5454545455,9.77142857143,5.36771015539,0.290358590277,0.142642642643,9.50849154237,1.02869645341,0.544491860281,8.05331334643,0.871264894205,0.461830251304,0.640599570326,0.371299902718,2,1.72528881811,0.640599570326,2,0.344071394247,0.376569037657,810,0.104247104247,0.56957682835,37,37,37,1,0,0.405405405405,0.540540540541,0.0540540540541,37,0.153903903904,1.78759685968,11.0810810811,9.31818181818,5.85714285714,4.28419821604,0.386622765838,0.213711272248,6.04885018732,1.09174369234,0.583256427159,5.09681052007,0.919912142646,0.484377059987,0.704404167863,0.394050909213,2,1.78759685968,0.704404167863,2,0.136118019942,0.0895710681245,71,0.00913770913771,0.264842961346,37,37,37,1,0,0.405405405405,0.540540540541,0.0540540540541,37,318,0.238738738739,1.8037358014,17.1891891892,14.4545454545,8.59459459459,5.10902163845,0.297222956954,0.144144144144,8.8489153744,1.02959078256,0.548699643039,7.70807462434,0.896851450002,0.469828318885,0.75461715271,0.418363461059,2.90959437285,1.8037358014,0.75461715271,2.90959437285,0.299366254259,0.300548446069,548,0.0705276705277,0.518963395369,37,37,37,1,0,0.405405405405,0.594594594595,0,-24,-0.018018018018,0.0784469832864,-1.2972972973,-1.09090909091,-1.17683397683,-0.258688516948,0.00686436667645,0.0015015015015,-0.659576167974,0.000894329141237,0.00420778275793,-0.345238722093,0.0255865557971,0.00799806758099,0.114017582384,0.0470635583412,0.909594372855,0.0784469832864,0.114017582384,0.909594372855,-0.0447051399882,-0.0760205915874,-262,-0.0337194337194,-0.0506134329809,0,0.0540540540541,-0.0540540540541,310,8,32,982,0.906432748538,0.991919191919,0.00808080808081,0.093567251462,0.974842767296,0.906432748538,0.939393939394,0.920544151329,0.898351940457,0.885714285714,113,137,0,0,0,0
2680,WLNM_dir_neg,0.933680537056,0.559841371029,00:00:04,10,60,48,1238529983,threshold_sweep,0.7,0.9375,0.766423357664,0.843373493976,105,7,32,267,0.766423357664,0.974452554745,0.0255474452555,0.233576642336,0.9375,0.766423357664,0.843373493976,0.905109489051,0.575831305758,0.776290630975,0.784397922189,0.740875912409,342,205,137,0,342,0,205,0,137,37,342,0.256756756757,1.72528881811,18.4864864865,15.5454545455,9.77142857143,5.36771015539,0.290358590277,0.142642642643,9.50849154237,1.02869645341,0.544491860281,8.05331334643,0.871264894205,0.461830251304,0.640599570326,0.371299902718,2,1.72528881811,0.640599570326,2,0.344071394247,0.376569037657,810,0.104247104247,0.56957682835,37,37,37,1,0,0.405405405405,0.540540540541,0.0540540540541,37,0.153903903904,1.78759685968,11.0810810811,9.31818181818,5.85714285714,4.28419821604,0.386622765838,0.213711272248,6.04885018732,1.09174369234,0.583256427159,5.09681052007,0.919912142646,0.484377059987,0.704404167863,0.394050909213,2,1.78759685968,0.704404167863,2,0.136118019942,0.0895710681245,71,0.00913770913771,0.264842961346,37,37,37,1,0,0.405405405405,0.540540540541,0.0540540540541,37,317,0.237987987988,1.80302065588,17.1351351351,14.4090909091,8.56756756757,5.05614127221,0.29507449065,0.142211612243,8.80826802417,1.02809437506,0.547702276409,7.71917000626,0.900975678964,0.470969392105,0.753952069876,0.418160528232,2.90955662696,1.80302065588,0.753952069876,2.90955662696,0.293587023911,0.294030950626,532,0.0684684684685,0.519854423868,37,37,37,1,0,0.405405405405,0.594594594595,0,-25,-0.0187687687688,0.0777318377661,-1.35135135135,-1.13636363636,-1.20386100386,-0.311568883181,0.00471590037247,-0.000431030399485,-0.700223518206,-0.000602078354156,0.00321041612757,-0.334143340172,0.0297107847595,0.0091391408011,0.11335249955,0.0468606255141,0.909556626963,0.0777318377661,0.11335249955,0.909556626963,-0.0504843703367,-0.0825380870305,-278,-0.0357786357786,-0.0497224044822,0,0.0540540540541,-0.0540540540541,310,7,32,983,0.906432748538,0.992929292929,0.00707070707071,0.093567251462,0.977917981073,0.906432748538,0.940819423369,0.922576848066,0.899362041467,0.888252148997,112,137,0,0,0,0
2681,WLNM_dir_neg,0.933680537056,0.559841371029,00:00:04,10,60,48,1238529983,threshold_sweep,0.8,0.9375,0.766423357664,0.843373493976,105,7,32,267,0.766423357664,0.974452554745,0.0255474452555,0.233576642336,0.9375,0.766423357664,0.843373493976,0.905109489051,0.575831305758,0.776290630975,0.784397922189,0.740875912409,342,205,137,0,342,0,205,0,137,37,342,0.256756756757,1.72528881811,18.4864864865,15.5454545455,9.77142857143,5.36771015539,0.290358590277,0.142642642643,9.50849154237,1.02869645341,0.544491860281,8.05331334643,0.871264894205,0.461830251304,0.640599570326,0.371299902718,2,1.72528881811,0.640599570326,2,0.344071394247,0.376569037657,810,0.104247104247,0.56957682835,37,37,37,1,0,0.405405405405,0.540540540541,0.0540540540541,37,0.153903903904,1.78759685968,11.0810810811,9.31818181818,5.85714285714,4.28419821604,0.386622765838,0.213711272248,6.04885018732,1.09174369234,0.583256427159,5.09681052007,0.919912142646,0.484377059987,0.704404167863,0.394050909213,2,1.78759685968,0.704404167863,2,0.136118019942,0.0895710681245,71,0.00913770913771,0.264842961346,37,37,37,1,0,0.405405405405,0.540540540541,0.0540540540541,37,317,0.237987987988,1.80302065588,17.1351351351,14.4090909091,8.56756756757,5.05614127221,0.29507449065,0.142211612243,8.80826802417,1.02809437506,0.547702276409,7.71917000626,0.900975678964,0.470969392105,0.753952069876,0.418160528232,2.90955662696,1.80302065588,0.753952069876,2.90955662696,0.293587023911,0.294030950626,532,0.0684684684685,0.519854423868,37,37,37,1,0,0.405405405405,0.594594594595,0,-25,-0.0187687687688,0.0777318377661,-1.35135135135,-1.13636363636,-1.20386100386,-0.311568883181,0.00471590037247,-0.000431030399485,-0.700223518206,-0.000602078354156,0.00321041612757,-0.334143340172,0.0297107847595,0.0091391408011,0.11335249955,0.0468606255141,0.909556626963,0.0777318377661,0.11335249955,0.909556626963,-0.0504843703367,-0.0825380870305,-278,-0.0357786357786,-0.0497224044822,0,0.0540540540541,-0.0540540540541,310,7,32,983,0.906432748538,0.992929292929,0.00707070707071,0.093567251462,0.977917981073,0.906432748538,0.940819423369,0.922576848066,0.899362041467,0.888252148997,112,137,0,0,0,0
2682,WLNM_dir_neg,0.933680537056,0.559841371029,00:00:04,10,60,48,1238529983,threshold_sweep,0.9,0.9375,0.766423357664,0.843373493976,105,7,32,267,0.766423357664,0.974452554745,0.0255474452555,0.233576642336,0.9375,0.766423357664,0.843373493976,0.905109489051,0.575831305758,0.776290630975,0.784397922189,0.740875912409,342,205,137,0,342,0,205,0,137,37,342,0.256756756757,1.72528881811,18.4864864865,15.5454545455,9.77142857143,5.36771015539,0.290358590277,0.142642642643,9.50849154237,1.02869645341,0.544491860281,8.05331334643,0.871264894205,0.461830251304,0.640599570326,0.371299902718,2,1.72528881811,0.640599570326,2,0.344071394247,0.376569037657,810,0.104247104247,0.56957682835,37,37,37,1,0,0.405405405405,0.540540540541,0.0540540540541,37,0.153903903904,1.78759685968,11.0810810811,9.31818181818,5.85714285714,4.28419821604,0.386622765838,0.213711272248,6.04885018732,1.09174369234,0.583256427159,5.09681052007,0.919912142646,0.484377059987,0.704404167863,0.394050909213,2,1.78759685968,0.704404167863,2,0.136118019942,0.0895710681245,71,0.00913770913771,0.264842961346,37,37,37,1,0,0.405405405405,0.540540540541,0.0540540540541,37,317,0.237987987988,1.80302065588,17.1351351351,14.4090909091,8.56756756757,5.05614127221,0.29507449065,0.142211612243,8.80826802417,1.02809437506,0.547702276409,7.71917000626,0.900975678964,0.470969392105,0.753952069876,0.418160528232,2.90955662696,1.80302065588,0.753952069876,2.90955662696,0.293587023911,0.294030950626,532,0.0684684684685,0.519854423868,37,37,37,1,0,0.405405405405,0.594594594595,0,-25,-0.0187687687688,0.0777318377661,-1.35135135135,-1.13636363636,-1.20386100386,-0.311568883181,0.00471590037247,-0.000431030399485,-0.700223518206,-0.000602078354156,0.00321041612757,-0.334143340172,0.0297107847595,0.0091391408011,0.11335249955,0.0468606255141,0.909556626963,0.0777318377661,0.11335249955,0.909556626963,-0.0504843703367,-0.0825380870305,-278,-0.0357786357786,-0.0497224044822,0,0.0540540540541,-0.0540540540541,310,7,32,983,0.906432748538,0.992929292929,0.00707070707071,0.093567251462,0.977917981073,0.906432748538,0.940819423369,0.922576848066,0.899362041467,0.888252148997,112,137,0,0,0,0
2683,WLNM_dir_neg,0.975531461452,0.940706540553,00:00:04,10,60,49,1238529984,threshold_sweep,0.1,0.952,0.868613138686,0.908396946565,119,6,18,268,0.868613138686,0.978102189781,0.021897810219,0.131386861314,0.952,0.868613138686,0.908396946565,0.941605839416,0.565287915653,0.865671641791,0.867630806728,0.846715328467,342,205,137,0,342,0,205,0,137,37,342,0.256756756757,1.72528881811,18.4864864865,15.5454545455,9.77142857143,5.36771015539,0.290358590277,0.142642642643,9.50849154237,1.02869645341,0.544491860281,8.05331334643,0.871264894205,0.461830251304,0.640599570326,0.371299902718,2,1.72528881811,0.640599570326,2,0.344071394247,0.376569037657,810,0.104247104247,0.56957682835,37,37,37,1,0,0.405405405405,0.540540540541,0.0540540540541,37,0.153903903904,1.80978590541,11.0810810811,9.31818181818,5.85714285714,4.22544132066,0.381320314304,0.211997363217,6.0945995885,1.10000090134,0.585102175346,5.00885102479,0.904036526426,0.482267633487,0.737070019347,0.407269178715,2.0547091219,1.80978590541,0.737070019347,2.0547091219,0.122879306935,0.0935524652339,74,0.00952380952381,0.260730186027,37,37,37,1,0,0.405405405405,0.540540540541,0.0540540540541,37,330,0.247747747748,1.8962520942,17.8378378378,14.347826087,9.42857142857,4.7697747065,0.267396460819,0.131122031122,8.88625148561,0.99633728778,0.529238329238,7.92807381111,0.888905245488,0.469942669943,0.76886109738,0.405463545554,2.5,1.8962520942,0.76886109738,2.5,0.292690511636,0.313641060971,607,0.078120978121,0.500368779943,37,37,37,1,0,0.378378378378,0.567567567568,0.0540540540541,-12,-0.00900900900901,0.170963276087,-0.648648648649,-1.1976284585,-0.342857142857,-0.597935448895,-0.0229621294583,-0.0115206115206,-0.622240056767,-0.0323591656345,-0.015253531043,-0.125239535328,0.0176403512828,0.00811241863873,0.128261527054,0.0341636428364,0.5,0.170963276087,0.128261527054,0.5,-0.0513808826116,-0.0629279766855,-203,-0.0261261261261,-0.069208048407,-0.027027027027,0.027027027027,0,324,6,18,984,0.947368421053,0.993939393939,0.00606060606061,0.0526315789474,0.981818181818,0.947368421053,0.964285714286,0.952514255127,0.941307814992,0.931034482759,125,137,0,0,0,0
2684,WLNM_dir_neg,0.975531461452,0.940706540553,00:00:04,10,60,49,1238529984,threshold_sweep,0.2,0.975409836066,0.868613138686,0.918918918919,119,3,18,271,0.868613138686,0.989051094891,0.0109489051095,0.131386861314,0.975409836066,0.868613138686,0.918918918919,0.948905109489,0.567721005677,0.881801125704,0.884960787771,0.857664233577,342,205,137,0,342,0,205,0,137,37,342,0.256756756757,1.72528881811,18.4864864865,15.5454545455,9.77142857143,5.36771015539,0.290358590277,0.142642642643,9.50849154237,1.02869645341,0.544491860281,8.05331334643,0.871264894205,0.461830251304,0.640599570326,0.371299902718,2,1.72528881811,0.640599570326,2,0.344071394247,0.376569037657,810,0.104247104247,0.56957682835,37,37,37,1,0,0.405405405405,0.540540540541,0.0540540540541,37,0.153903903904,1.80978590541,11.0810810811,9.31818181818,5.85714285714,4.22544132066,0.381320314304,0.211997363217,6.0945995885,1.10000090134,0.585102175346,5.00885102479,0.904036526426,0.482267633487,0.737070019347,0.407269178715,2.0547091219,1.80978590541,0.737070019347,2.0547091219,0.122879306935,0.0935524652339,74,0.00952380952381,0.260730186027,37,37,37,1,0,0.405405405405,0.540540540541,0.0540540540541,37,327,0.245495495495,1.73860973663,17.6756756757,14.8636363636,9.34285714286,4.8822470581,0.276212754052,0.134721877841,8.91164504552,1.00835127426,0.533267212166,7.9948369225,0.904614575329,0.477229523101,0.660717821586,0.3800265279,2,1.73860973663,0.660717821586,2,0.278688250265,0.312931034483,605,0.0778635778636,0.552113452505,37,37,37,1,0,0.405405405405,0.540540540541,0.0540540540541,-15,-0.0112612612613,0.013320918516,-0.810810810811,-0.681818181818,-0.428571428571,-0.485463097292,-0.0141458362255,-0.0079207648015,-0.59684649685,-0.0203451791506,-0.011224648115,-0.0584764239312,0.0333496811242,0.0153992717971,0.0201182512597,0.00872662518273,0,0.013320918516,0.0201182512597,0,-0.0653831439822,-0.0636380031741,-205,-0.0263835263835,-0.0174633758448,0,0,0,324,3,18,987,0.947368421053,0.99696969697,0.0030303030303,0.0526315789474,0.990825688073,0.947368421053,0.968609865471,0.958520186032,0.944338118022,0.939130434783,122,137,0,0,0,0
2685,WLNM_dir_neg,0.975531461452,0.940706540553,00:00:04,10,60,49,1238529984,threshold_sweep,0.3,0.975409836066,0.868613138686,0.918918918919,119,3,18,271,0.868613138686,0.989051094891,0.0109489051095,0.131386861314,0.975409836066,0.868613138686,0.918918918919,0.948905109489,0.567721005677,0.881801125704,0.884960787771,0.857664233577,342,205,137,0,342,0,205,0,137,37,342,0.256756756757,1.72528881811,18.4864864865,15.5454545455,9.77142857143,5.36771015539,0.290358590277,0.142642642643,9.50849154237,1.02869645341,0.544491860281,8.05331334643,0.871264894205,0.461830251304,0.640599570326,0.371299902718,2,1.72528881811,0.640599570326,2,0.344071394247,0.376569037657,810,0.104247104247,0.56957682835,37,37,37,1,0,0.405405405405,0.540540540541,0.0540540540541,37,0.153903903904,1.80978590541,11.0810810811,9.31818181818,5.85714285714,4.22544132066,0.381320314304,0.211997363217,6.0945995885,1.10000090134,0.585102175346,5.00885102479,0.904036526426,0.482267633487,0.737070019347,0.407269178715,2.0547091219,1.80978590541,0.737070019347,2.0547091219,0.122879306935,0.0935524652339,74,0.00952380952381,0.260730186027,37,37,37,1,0,0.405405405405,0.540540540541,0.0540540540541,37,327,0.245495495495,1.73860973663,17.6756756757,14.8636363636,9.34285714286,4.8822470581,0.276212754052,0.134721877841,8.91164504552,1.00835127426,0.533267212166,7.9948369225,0.904614575329,0.477229523101,0.660717821586,0.3800265279,2,1.73860973663,0.660717821586,2,0.278688250265,0.312931034483,605,0.0778635778636,0.552113452505,37,37,37,1,0,0.405405405405,0.540540540541,0.0540540540541,-15,-0.0112612612613,0.013320918516,-0.810810810811,-0.681818181818,-0.428571428571,-0.485463097292,-0.0141458362255,-0.0079207648015,-0.59684649685,-0.0203451791506,-0.011224648115,-0.0584764239312,0.0333496811242,0.0153992717971,0.0201182512597,0.00872662518273,0,0.013320918516,0.0201182512597,0,-0.0653831439822,-0.0636380031741,-205,-0.0263835263835,-0.0174633758448,0,0,0,324,3,18,987,0.947368421053,0.99696969697,0.0030303030303,0.0526315789474,0.990825688073,0.947368421053,0.968609865471,0.958520186032,0.944338118022,0.939130434783,122,137,0,0,0,0
2686,WLNM_dir_neg,0.975531461452,0.940706540553,00:00:04,10,60,49,1238529984,threshold_sweep,0.4,0.983193277311,0.85401459854,0.9140625,117,2,20,272,0.85401459854,0.992700729927,0.00729927007299,0.14598540146,0.983193277311,0.85401459854,0.9140625,0.946472019465,0.570154095702,0.875471698113,0.880051486088,0.846715328467,342,205,137,0,342,0,205,0,137,37,342,0.256756756757,1.72528881811,18.4864864865,15.5454545455,9.77142857143,5.36771015539,0.290358590277,0.142642642643,9.50849154237,1.02869645341,0.544491860281,8.05331334643,0.871264894205,0.461830251304,0.640599570326,0.371299902718,2,1.72528881811,0.640599570326,2,0.344071394247,0.376569037657,810,0.104247104247,0.56957682835,37,37,37,1,0,0.405405405405,0.540540540541,0.0540540540541,37,0.153903903904,1.80978590541,11.0810810811,9.31818181818,5.85714285714,4.22544132066,0.381320314304,0.211997363217,6.0945995885,1.10000090134,0.585102175346,5.00885102479,0.904036526426,0.482267633487,0.737070019347,0.407269178715,2.0547091219,1.80978590541,0.737070019347,2.0547091219,0.122879306935,0.0935524652339,74,0.00952380952381,0.260730186027,37,37,37,1,0,0.405405405405,0.540540540541,0.0540540540541,37,324,0.243243243243,1.73418519061,17.5135135135,14.7272727273,9.25714285714,4.83403225764,0.27601727397,0.133883883884,8.82359653746,1.00763293792,0.531531531532,8.02567202242,0.916511928486,0.481981981982,0.657262089115,0.379003403254,2,1.73418519061,0.657262089115,2,0.265413472766,0.29889298893,567,0.072972972973,0.555653175792,37,37,37,1,0,0.405405405405,0.540540540541,0.0540540540541,-18,-0.0135135135135,0.00889637249802,-0.972972972973,-0.818181818182,-0.514285714286,-0.533677897757,-0.0143413163072,-0.00875875875876,-0.684895004916,-0.0210635154951,-0.0129603287498,-0.027641324017,0.045247034281,0.020151730678,0.0166625187894,0.00770350053654,0,0.00889637249802,0.0166625187894,0,-0.078657921481,-0.077676048727,-243,-0.0312741312741,-0.0139236525579,0,0,0,322,2,20,988,0.941520467836,0.99797979798,0.0020202020202,0.0584795321637,0.993827160494,0.941520467836,0.966966966967,0.95658768713,0.939500265816,0.936046511628,119,137,0,0,0,0
2687,WLNM_dir_neg,0.975531461452,0.940706540553,00:00:04,10,60,49,1238529984,threshold_sweep,0.5,0.991525423729,0.85401459854,0.917647058824,117,1,20,273,0.85401459854,0.996350364964,0.0036496350365,0.14598540146,0.991525423729,0.85401459854,0.917647058824,0.948905109489,0.57096512571,0.880907372401,0.886066075844,0.850364963504,342,205,137,0,342,0,205,0,137,37,342,0.256756756757,1.72528881811,18.4864864865,15.5454545455,9.77142857143,5.36771015539,0.290358590277,0.142642642643,9.50849154237,1.02869645341,0.544491860281,8.05331334643,0.871264894205,0.461830251304,0.640599570326,0.371299902718,2,1.72528881811,0.640599570326,2,0.344071394247,0.376569037657,810,0.104247104247,0.56957682835,37,37,37,1,0,0.405405405405,0.540540540541,0.0540540540541,37,0.153903903904,1.80978590541,11.0810810811,9.31818181818,5.85714285714,4.22544132066,0.381320314304,0.211997363217,6.0945995885,1.10000090134,0.585102175346,5.00885102479,0.904036526426,0.482267633487,0.737070019347,0.407269178715,2.0547091219,1.80978590541,0.737070019347,2.0547091219,0.122879306935,0.0935524652339,74,0.00952380952381,0.260730186027,37,37,37,1,0,0.405405405405,0.540540540541,0.0540540540541,37,323,0.242492492492,1.73182890262,17.4594594595,14.6818181818,9.22857142857,4.7992742194,0.274881031142,0.132206509915,8.79598598051,1.00758972532,0.531168939838,8.05070269069,0.92221671689,0.485315036399,0.655294412604,0.37838288275,2,1.73182890262,0.655294412604,2,0.265413472766,0.29889298893,567,0.072972972973,0.558385210631,37,37,37,1,0,0.405405405405,0.540540540541,0.0540540540541,-19,-0.0142642642643,0.00654008450982,-1.02702702703,-0.863636363636,-0.542857142857,-0.56843593599,-0.0154775591348,-0.0104361327272,-0.712505561862,-0.021106728093,-0.0133229204437,-0.00261065574855,0.0509518226848,0.0234847850947,0.0146948422782,0.0070829800319,0,0.00654008450982,0.0146948422782,0,-0.078657921481,-0.077676048727,-243,-0.0312741312741,-0.0111916177185,0,0,0,322,1,20,989,0.941520467836,0.99898989899,0.0010101010101,0.0584795321637,0.996904024768,0.941520467836,0.968421052632,0.958622002939,0.940510366826,0.938775510204,118,137,0,0,0,0
2688,WLNM_dir_neg,0.975531461452,0.940706540553,00:00:04,10,60,49,1238529984,threshold_sweep,0.6,0.991525423729,0.85401459854,0.917647058824,117,1,20,273,0.85401459854,0.996350364964,0.0036496350365,0.14598540146,0.991525423729,0.85401459854,0.917647058824,0.948905109489,0.57096512571,0.880907372401,0.886066075844,0.850364963504,342,205,137,0,342,0,205,0,137,37,342,0.256756756757,1.72528881811,18.4864864865,15.5454545455,9.77142857143,5.36771015539,0.290358590277,0.142642642643,9.50849154237,1.02869645341,0.544491860281,8.05331334643,0.871264894205,0.461830251304,0.640599570326,0.371299902718,2,1.72528881811,0.640599570326,2,0.344071394247,0.376569037657,810,0.104247104247,0.56957682835,37,37,37,1,0,0.405405405405,0.540540540541,0.0540540540541,37,0.153903903904,1.80978590541,11.0810810811,9.31818181818,5.85714285714,4.22544132066,0.381320314304,0.211997363217,6.0945995885,1.10000090134,0.585102175346,5.00885102479,0.904036526426,0.482267633487,0.737070019347,0.407269178715,2.0547091219,1.80978590541,0.737070019347,2.0547091219,0.122879306935,0.0935524652339,74,0.00952380952381,0.260730186027,37,37,37,1,0,0.405405405405,0.540540540541,0.0540540540541,37,323,0.242492492492,1.73182890262,17.4594594595,14.6818181818,9.22857142857,4.7992742194,0.274881031142,0.132206509915,8.79598598051,1.00758972532,0.531168939838,8.05070269069,0.92221671689,0.485315036399,0.655294412604,0.37838288275,2,1.73182890262,0.655294412604,2,0.265413472766,0.29889298893,567,0.072972972973,0.558385210631,37,37,37,1,0,0.405405405405,0.540540540541,0.0540540540541,-19,-0.0142642642643,0.00654008450982,-1.02702702703,-0.863636363636,-0.542857142857,-0.56843593599,-0.0154775591348,-0.0104361327272,-0.712505561862,-0.021106728093,-0.0133229204437,-0.00261065574855,0.0509518226848,0.0234847850947,0.0146948422782,0.0070829800319,0,0.00654008450982,0.0146948422782,0,-0.078657921481,-0.077676048727,-243,-0.0312741312741,-0.0111916177185,0,0,0,322,1,20,989,0.941520467836,0.99898989899,0.0010101010101,0.0584795321637,0.996904024768,0.941520467836,0.968421052632,0.958622002939,0.940510366826,0.938775510204,118,137,0,0,0,0
2689,WLNM_dir_neg,0.975531461452,0.940706540553,00:00:04,10,60,49,1238529984,threshold_sweep,0.7,0.991525423729,0.85401459854,0.917647058824,117,1,20,273,0.85401459854,0.996350364964,0.0036496350365,0.14598540146,0.991525423729,0.85401459854,0.917647058824,0.948905109489,0.57096512571,0.880907372401,0.886066075844,0.850364963504,342,205,137,0,342,0,205,0,137,37,342,0.256756756757,1.72528881811,18.4864864865,15.5454545455,9.77142857143,5.36771015539,0.290358590277,0.142642642643,9.50849154237,1.02869645341,0.544491860281,8.05331334643,0.871264894205,0.461830251304,0.640599570326,0.371299902718,2,1.72528881811,0.640599570326,2,0.344071394247,0.376569037657,810,0.104247104247,0.56957682835,37,37,37,1,0,0.405405405405,0.540540540541,0.0540540540541,37,0.153903903904,1.80978590541,11.0810810811,9.31818181818,5.85714285714,4.22544132066,0.381320314304,0.211997363217,6.0945995885,1.10000090134,0.585102175346,5.00885102479,0.904036526426,0.482267633487,0.737070019347,0.407269178715,2.0547091219,1.80978590541,0.737070019347,2.0547091219,0.122879306935,0.0935524652339,74,0.00952380952381,0.260730186027,37,37,37,1,0,0.405405405405,0.540540540541,0.0540540540541,37,323,0.242492492492,1.73182890262,17.4594594595,14.6818181818,9.22857142857,4.7992742194,0.274881031142,0.132206509915,8.79598598051,1.00758972532,0.531168939838,8.05070269069,0.92221671689,0.485315036399,0.655294412604,0.37838288275,2,1.73182890262,0.655294412604,2,0.265413472766,0.29889298893,567,0.072972972973,0.558385210631,37,37,37,1,0,0.405405405405,0.540540540541,0.0540540540541,-19,-0.0142642642643,0.00654008450982,-1.02702702703,-0.863636363636,-0.542857142857,-0.56843593599,-0.0154775591348,-0.0104361327272,-0.712505561862,-0.021106728093,-0.0133229204437,-0.00261065574855,0.0509518226848,0.0234847850947,0.0146948422782,0.0070829800319,0,0.00654008450982,0.0146948422782,0,-0.078657921481,-0.077676048727,-243,-0.0312741312741,-0.0111916177185,0,0,0,322,1,20,989,0.941520467836,0.99898989899,0.0010101010101,0.0584795321637,0.996904024768,0.941520467836,0.968421052632,0.958622002939,0.940510366826,0.938775510204,118,137,0,0,0,0
2690,WLNM_dir_neg,0.975531461452,0.940706540553,00:00:04,10,60,49,1238529984,threshold_sweep,0.8,0.991452991453,0.846715328467,0.913385826772,116,1,21,273,0.846715328467,0.996350364964,0.0036496350365,0.153284671533,0.991452991453,0.846715328467,0.913385826772,0.946472019465,0.571776155718,0.875,0.880704845928,0.843065693431,342,205,137,0,342,0,205,0,137,37,342,0.256756756757,1.72528881811,18.4864864865,15.5454545455,9.77142857143,5.36771015539,0.290358590277,0.142642642643,9.50849154237,1.02869645341,0.544491860281,8.05331334643,0.871264894205,0.461830251304,0.640599570326,0.371299902718,2,1.72528881811,0.640599570326,2,0.344071394247,0.376569037657,810,0.104247104247,0.56957682835,37,37,37,1,0,0.405405405405,0.540540540541,0.0540540540541,37,0.153903903904,1.80978590541,11.0810810811,9.31818181818,5.85714285714,4.22544132066,0.381320314304,0.211997363217,6.0945995885,1.10000090134,0.585102175346,5.00885102479,0.904036526426,0.482267633487,0.737070019347,0.407269178715,2.0547091219,1.80978590541,0.737070019347,2.0547091219,0.122879306935,0.0935524652339,74,0.00952380952381,0.260730186027,37,37,37,1,0,0.405405405405,0.540540540541,0.0540540540541,37,322,0.241741741742,1.73039088511,17.4054054054,14.6363636364,9.2,4.75779745645,0.273351717219,0.130182978009,8.76820285927,1.00752641551,0.530636226288,8.061792139,0.926354997339,0.486486486486,0.65409519929,0.378004302333,2,1.73039088511,0.65409519929,2,0.26044967966,0.291983719696,550,0.0707850707851,0.559814527952,37,37,37,1,0,0.405405405405,0.540540540541,0.0540540540541,-20,-0.015015015015,0.00510206699765,-1.08108108108,-0.909090909091,-0.571428571429,-0.60991269894,-0.0170068730585,-0.0124596646336,-0.740288683101,-0.0211700379082,-0.0138556339929,0.00847879256888,0.055090103134,0.0246562351826,0.0134956289638,0.00670439961498,0,0.00510206699765,0.0134956289638,0,-0.0836217145872,-0.0845853179613,-260,-0.033462033462,-0.00976230039772,0,0,0,321,1,21,989,0.938596491228,0.99898989899,0.0010101010101,0.0614035087719,0.996894409938,0.938596491228,0.96686746988,0.95665054265,0.937586390218,0.935860058309,117,137,0,0,0,0
2691,WLNM_dir_neg,0.975531461452,0.940706540553,00:00:04,10,60,49,1238529984,threshold_sweep,0.9,0.991379310345,0.839416058394,0.909090909091,115,1,22,273,0.839416058394,0.996350364964,0.0036496350365,0.160583941606,0.991379310345,0.839416058394,0.909090909091,0.94403892944,0.572587185726,0.869070208729,0.875347472128,0.835766423358,342,205,137,0,342,0,205,0,137,37,342,0.256756756757,1.72528881811,18.4864864865,15.5454545455,9.77142857143,5.36771015539,0.290358590277,0.142642642643,9.50849154237,1.02869645341,0.544491860281,8.05331334643,0.871264894205,0.461830251304,0.640599570326,0.371299902718,2,1.72528881811,0.640599570326,2,0.344071394247,0.376569037657,810,0.104247104247,0.56957682835,37,37,37,1,0,0.405405405405,0.540540540541,0.0540540540541,37,0.153903903904,1.80978590541,11.0810810811,9.31818181818,5.85714285714,4.22544132066,0.381320314304,0.211997363217,6.0945995885,1.10000090134,0.585102175346,5.00885102479,0.904036526426,0.482267633487,0.737070019347,0.407269178715,2.0547091219,1.80978590541,0.737070019347,2.0547091219,0.122879306935,0.0935524652339,74,0.00952380952381,0.260730186027,37,37,37,1,0,0.405405405405,0.540540540541,0.0540540540541,37,321,0.240990990991,1.72897115671,17.3513513514,14.5909090909,9.17142857143,4.7622136322,0.274457795002,0.130504336112,8.73706680393,1.00707623597,0.52993180096,8.05555037796,0.92852138313,0.487328449945,0.652969053413,0.377663358281,2,1.72897115671,0.652969053413,2,0.257493042276,0.289960840157,543,0.0698841698842,0.559544894798,37,37,37,1,0,0.405405405405,0.540540540541,0.0540540540541,-21,-0.0157657657658,0.00368233859374,-1.13513513514,-0.954545454545,-0.6,-0.605496523197,-0.0159007952751,-0.0121383065308,-0.771424738445,-0.0216202174478,-0.0145600593215,0.00223703152827,0.0572564889248,0.0254981986413,0.012369483087,0.00636345556299,0,0.00368233859374,0.012369483087,0,-0.0865783519711,-0.0866081975003,-267,-0.0343629343629,-0.0100319335518,0,0,0,320,1,22,989,0.93567251462,0.99898989899,0.0010101010101,0.0643274853801,0.996884735202,0.93567251462,0.965309200603,0.95467892346,0.93466241361,0.932944606414,116,137,0,0,0,0
2692,WLNM_dir_neg,0.944269806596,0.686911946283,00:00:05,10,60,50,1238529985,threshold_sweep,0.1,0.913043478261,0.766423357664,0.833333333333,105,10,32,264,0.766423357664,0.963503649635,0.036496350365,0.233576642336,0.913043478261,0.766423357664,0.833333333333,0.897810218978,0.573398215734,0.760456273764,0.76651423066,0.729927007299,342,205,137,0,342,0,205,0,137,37,342,0.256756756757,1.72528881811,18.4864864865,15.5454545455,9.77142857143,5.36771015539,0.290358590277,0.142642642643,9.50849154237,1.02869645341,0.544491860281,8.05331334643,0.871264894205,0.461830251304,0.640599570326,0.371299902718,2,1.72528881811,0.640599570326,2,0.344071394247,0.376569037657,810,0.104247104247,0.56957682835,37,37,37,1,0,0.405405405405,0.540540540541,0.0540540540541,37,0.153903903904,1.80446108388,11.0810810811,9.31818181818,5.85714285714,4.33575815732,0.391275736149,0.21819380356,6.14904958598,1.10982846186,0.587211601846,5.04752191451,0.911016150424,0.484640738299,0.732479914714,0.405927244016,2,1.80446108388,0.732479914714,2,0.145302965891,0.113017999163,90,0.011583011583,0.262358949614,37,37,37,1,0,0.405405405405,0.540540540541,0.0540540540541,37,320,0.24024024024,1,17.2972972973,13.9130434783,8.64864864865,5.41020057579,0.312777220788,0.154222972973,8.87010026317,1.02560534293,0.543412162162,7.60561275279,0.879398974541,0.464864864865,0,0,0,NaN,NaN,NaN,0.329346501035,0.328774518625,609,0.0783783783784,0.478268368548,37,37,0,1,2,0.378378378378,0.621621621622,0,-22,-0.0165165165165,-0.725288818115,-1.18918918919,-1.63241106719,-1.12277992278,0.0424904203959,0.0224186305107,0.0115803303303,-0.638391279205,-0.00309111048584,-0.00107969811917,-0.447700593648,0.00813408033604,0.00303461356093,-0.640599570326,-0.371299902718,-2,NaN,NaN,NaN,-0.0147248932125,-0.0477945190317,-201,-0.0258687258687,-0.0913084598016,-0.027027027027,0.0810810810811,-0.0540540540541,310,10,32,980,0.906432748538,0.989898989899,0.010101010101,0.093567251462,0.96875,0.906432748538,0.936555891239,0.916503609402,0.896331738437,0.880681818182,115,137,0,0,0,0
2693,WLNM_dir_neg,0.944269806596,0.686911946283,00:00:05,10,60,50,1238529985,threshold_sweep,0.2,0.919642857143,0.751824817518,0.827309236948,103,9,34,265,0.751824817518,0.967153284672,0.0328467153285,0.248175182482,0.919642857143,0.751824817518,0.827309236948,0.895377128954,0.575831305758,0.753346080306,0.761213747149,0.71897810219,342,205,137,0,342,0,205,0,137,37,342,0.256756756757,1.72528881811,18.4864864865,15.5454545455,9.77142857143,5.36771015539,0.290358590277,0.142642642643,9.50849154237,1.02869645341,0.544491860281,8.05331334643,0.871264894205,0.461830251304,0.640599570326,0.371299902718,2,1.72528881811,0.640599570326,2,0.344071394247,0.376569037657,810,0.104247104247,0.56957682835,37,37,37,1,0,0.405405405405,0.540540540541,0.0540540540541,37,0.153903903904,1.80446108388,11.0810810811,9.31818181818,5.85714285714,4.33575815732,0.391275736149,0.21819380356,6.14904958598,1.10982846186,0.587211601846,5.04752191451,0.911016150424,0.484640738299,0.732479914714,0.405927244016,2,1.80446108388,0.732479914714,2,0.145302965891,0.113017999163,90,0.011583011583,0.262358949614,37,37,37,1,0,0.405405405405,0.540540540541,0.0540540540541,37,317,0.237987987988,1,17.1351351351,13.7826086957,8.56756756757,5.28710255749,0.308553303828,0.149970159434,8.77350981503,1.02403742321,0.541222610623,7.66137694522,0.894230116634,0.470628357064,0,0,0,NaN,NaN,NaN,0.319541179738,0.316423357664,578,0.0743886743887,0.482702107255,37,37,0,1,2,0.378378378378,0.621621621622,0,-25,-0.0187687687688,-0.725288818115,-1.35135135135,-1.7628458498,-1.20386100386,-0.0806075978999,0.0181947135514,0.00732751679124,-0.734981727342,-0.0046590302091,-0.00326924965809,-0.391936401218,0.0229652224292,0.00879810575975,-0.640599570326,-0.371299902718,-2,NaN,NaN,NaN,-0.0245302145093,-0.0601456799927,-232,-0.0298584298584,-0.0868747210946,-0.027027027027,0.0810810810811,-0.0540540540541,308,9,34,981,0.900584795322,0.990909090909,0.00909090909091,0.0994152046784,0.971608832808,0.900584795322,0.934749620637,0.914505595863,0.891493886231,0.877492877493,112,137,0,0,0,0
2694,WLNM_dir_neg,0.944269806596,0.686911946283,00:00:05,10,60,50,1238529985,threshold_sweep,0.3,0.936363636364,0.751824817518,0.834008097166,103,7,34,267,0.751824817518,0.974452554745,0.0255474452555,0.248175182482,0.936363636364,0.751824817518,0.834008097166,0.900243309002,0.577453365775,0.763915547025,0.773318657279,0.726277372263,342,205,137,0,342,0,205,0,137,37,342,0.256756756757,1.72528881811,18.4864864865,15.5454545455,9.77142857143,5.36771015539,0.290358590277,0.142642642643,9.50849154237,1.02869645341,0.544491860281,8.05331334643,0.871264894205,0.461830251304,0.640599570326,0.371299902718,2,1.72528881811,0.640599570326,2,0.344071394247,0.376569037657,810,0.104247104247,0.56957682835,37,37,37,1,0,0.405405405405,0.540540540541,0.0540540540541,37,0.153903903904,1.80446108388,11.0810810811,9.31818181818,5.85714285714,4.33575815732,0.391275736149,0.21819380356,6.14904958598,1.10982846186,0.587211601846,5.04752191451,0.911016150424,0.484640738299,0.732479914714,0.405927244016,2,1.80446108388,0.732479914714,2,0.145302965891,0.113017999163,90,0.011583011583,0.262358949614,37,37,37,1,0,0.405405405405,0.540540540541,0.0540540540541,37,315,0.236486486486,1,17.027027027,13.6956521739,8.51351351351,5.17196763807,0.303750480331,0.146718146718,8.72296337778,1.02460204755,0.540025740026,7.70144871516,0.904614610988,0.474817674818,0,0,0,NaN,NaN,NaN,0.313888241206,0.309755649458,562,0.0723294723295,0.486912887887,37,37,0,1,2,0.378378378378,0.621621621622,0,-27,-0.0202702702703,-0.725288818115,-1.45945945946,-1.84980237154,-1.25791505792,-0.195742517323,0.013391890054,0.0040755040755,-0.785528164595,-0.00409440586605,-0.00446612025559,-0.35186463127,0.0333497167827,0.0129874235137,-0.640599570326,-0.371299902718,-2,NaN,NaN,NaN,-0.0301831530415,-0.0668133881989,-248,-0.0319176319176,-0.0826639404626,-0.027027027027,0.0810810810811,-0.0540540540541,308,7,34,983,0.900584795322,0.992929292929,0.00707070707071,0.0994152046784,0.977777777778,0.900584795322,0.937595129376,0.918578553449,0.893514088251,0.882521489971,110,137,0,0,0,0
2695,WLNM_dir_neg,0.944269806596,0.686911946283,00:00:05,10,60,50,1238529985,threshold_sweep,0.4,0.936363636364,0.751824817518,0.834008097166,103,7,34,267,0.751824817518,0.974452554745,0.0255474452555,0.248175182482,0.936363636364,0.751824817518,0.834008097166,0.900243309002,0.577453365775,0.763915547025,0.773318657279,0.726277372263,342,205,137,0,342,0,205,0,137,37,342,0.256756756757,1.72528881811,18.4864864865,15.5454545455,9.77142857143,5.36771015539,0.290358590277,0.142642642643,9.50849154237,1.02869645341,0.544491860281,8.05331334643,0.871264894205,0.461830251304,0.640599570326,0.371299902718,2,1.72528881811,0.640599570326,2,0.344071394247,0.376569037657,810,0.104247104247,0.56957682835,37,37,37,1,0,0.405405405405,0.540540540541,0.0540540540541,37,0.153903903904,1.80446108388,11.0810810811,9.31818181818,5.85714285714,4.33575815732,0.391275736149,0.21819380356,6.14904958598,1.10982846186,0.587211601846,5.04752191451,0.911016150424,0.484640738299,0.732479914714,0.405927244016,2,1.80446108388,0.732479914714,2,0.145302965891,0.113017999163,90,0.011583011583,0.262358949614,37,37,37,1,0,0.405405405405,0.540540540541,0.0540540540541,37,315,0.236486486486,1,17.027027027,13.6956521739,8.51351351351,5.17196763807,0.303750480331,0.146718146718,8.72296337778,1.02460204755,0.540025740026,7.70144871516,0.904614610988,0.474817674818,0,0,0,NaN,NaN,NaN,0.313888241206,0.309755649458,562,0.0723294723295,0.486912887887,37,37,0,1,2,0.378378378378,0.621621621622,0,-27,-0.0202702702703,-0.725288818115,-1.45945945946,-1.84980237154,-1.25791505792,-0.195742517323,0.013391890054,0.0040755040755,-0.785528164595,-0.00409440586605,-0.00446612025559,-0.35186463127,0.0333497167827,0.0129874235137,-0.640599570326,-0.371299902718,-2,NaN,NaN,NaN,-0.0301831530415,-0.0668133881989,-248,-0.0319176319176,-0.0826639404626,-0.027027027027,0.0810810810811,-0.0540540540541,308,7,34,983,0.900584795322,0.992929292929,0.00707070707071,0.0994152046784,0.977777777778,0.900584795322,0.937595129376,0.918578553449,0.893514088251,0.882521489971,110,137,0,0,0,0
2696,WLNM_dir_neg,0.944269806596,0.686911946283,00:00:05,10,60,50,1238529985,threshold_sweep,0.5,0.942857142857,0.722627737226,0.818181818182,99,6,38,268,0.722627737226,0.978102189781,0.021897810219,0.277372262774,0.942857142857,0.722627737226,0.818181818182,0.892944038929,0.581508515815,0.744186046512,0.75740970933,0.700729927007,342,205,137,0,342,0,205,0,137,37,342,0.256756756757,1.72528881811,18.4864864865,15.5454545455,9.77142857143,5.36771015539,0.290358590277,0.142642642643,9.50849154237,1.02869645341,0.544491860281,8.05331334643,0.871264894205,0.461830251304,0.640599570326,0.371299902718,2,1.72528881811,0.640599570326,2,0.344071394247,0.376569037657,810,0.104247104247,0.56957682835,37,37,37,1,0,0.405405405405,0.540540540541,0.0540540540541,37,0.153903903904,1.80446108388,11.0810810811,9.31818181818,5.85714285714,4.33575815732,0.391275736149,0.21819380356,6.14904958598,1.10982846186,0.587211601846,5.04752191451,0.911016150424,0.484640738299,0.732479914714,0.405927244016,2,1.80446108388,0.732479914714,2,0.145302965891,0.113017999163,90,0.011583011583,0.262358949614,37,37,37,1,0,0.405405405405,0.540540540541,0.0540540540541,37,310,0.232732732733,1,16.7567567568,13.4782608696,8.61111111111,4.89560690487,0.292157186258,0.141063644289,8.44377269337,1.00780512792,0.533565823888,7.75797565001,0.925951932421,0.485614646905,0,0,0,NaN,NaN,NaN,0.291181812669,0.286587695835,500,0.0643500643501,0.487958997588,37,37,0,1,2,0.378378378378,0.594594594595,0.027027027027,-32,-0.024024024024,-0.725288818115,-1.72972972973,-2.06719367589,-1.16031746032,-0.472103250528,0.00179859598098,-0.00157899835319,-1.064718849,-0.0208913254965,-0.0109260363929,-0.295337696422,0.054687038216,0.023784395601,-0.640599570326,-0.371299902718,-2,NaN,NaN,NaN,-0.0528895815782,-0.089981341822,-310,-0.039897039897,-0.0816178307621,-0.027027027027,0.0540540540541,-0.027027027027,304,6,38,984,0.888888888889,0.993939393939,0.00606060606061,0.111111111111,0.98064516129,0.888888888889,0.932515337423,0.912642299068,0.882828282828,0.873563218391,105,137,0,0,0,0
2697,WLNM_dir_neg,0.944269806596,0.686911946283,00:00:05,10,60,50,1238529985,threshold_sweep,0.6,0.951923076923,0.722627737226,0.821576763485,99,5,38,269,0.722627737226,0.981751824818,0.0182481751825,0.277372262774,0.951923076923,0.722627737226,0.821576763485,0.895377128954,0.582319545823,0.749514563107,0.763759198475,0.704379562044,342,205,137,0,342,0,205,0,137,37,342,0.256756756757,1.72528881811,18.4864864865,15.5454545455,9.77142857143,5.36771015539,0.290358590277,0.142642642643,9.50849154237,1.02869645341,0.544491860281,8.05331334643,0.871264894205,0.461830251304,0.640599570326,0.371299902718,2,1.72528881811,0.640599570326,2,0.344071394247,0.376569037657,810,0.104247104247,0.56957682835,37,37,37,1,0,0.405405405405,0.540540540541,0.0540540540541,37,0.153903903904,1.80446108388,11.0810810811,9.31818181818,5.85714285714,4.33575815732,0.391275736149,0.21819380356,6.14904958598,1.10982846186,0.587211601846,5.04752191451,0.911016150424,0.484640738299,0.732479914714,0.405927244016,2,1.80446108388,0.732479914714,2,0.145302965891,0.113017999163,90,0.011583011583,0.262358949614,37,37,37,1,0,0.405405405405,0.540540540541,0.0540540540541,37,309,0.231981981982,1,16.7027027027,13.4347826087,8.58333333333,4.82392685167,0.28881115455,0.13863377941,8.4037564888,1.00627504882,0.532493658707,7.78251678878,0.931887123575,0.489110469693,0,0,0,NaN,NaN,NaN,0.285497589927,0.278088263635,481,0.0619047619048,0.489858399926,37,37,0,1,2,0.378378378378,0.594594594595,0.027027027027,-33,-0.0247747747748,-0.725288818115,-1.78378378378,-2.11067193676,-1.1880952381,-0.543783303723,-0.00154743572725,-0.00400886323216,-1.10473505357,-0.0224214045936,-0.0119982015741,-0.270796557659,0.0606222293701,0.0272802183891,-0.640599570326,-0.371299902718,-2,NaN,NaN,NaN,-0.0585738043206,-0.0984807740223,-329,-0.0423423423423,-0.079718428424,-0.027027027027,0.0540540540541,-0.027027027027,304,5,38,985,0.888888888889,0.994949494949,0.00505050505051,0.111111111111,0.983818770227,0.888888888889,0.933947772657,0.914716371648,0.883838383838,0.876080691643,104,137,0,0,0,0
2698,WLNM_dir_neg,0.944269806596,0.686911946283,00:00:05,10,60,50,1238529985,threshold_sweep,0.7,0.950495049505,0.700729927007,0.806722689076,96,5,41,269,0.700729927007,0.981751824818,0.0182481751825,0.299270072993,0.950495049505,0.700729927007,0.806722689076,0.888077858881,0.584752635848,0.73046875,0.747282952384,0.682481751825,342,205,137,0,342,0,205,0,137,37,342,0.256756756757,1.72528881811,18.4864864865,15.5454545455,9.77142857143,5.36771015539,0.290358590277,0.142642642643,9.50849154237,1.02869645341,0.544491860281,8.05331334643,0.871264894205,0.461830251304,0.640599570326,0.371299902718,2,1.72528881811,0.640599570326,2,0.344071394247,0.376569037657,810,0.104247104247,0.56957682835,37,37,37,1,0,0.405405405405,0.540540540541,0.0540540540541,37,0.153903903904,1.80446108388,11.0810810811,9.31818181818,5.85714285714,4.33575815732,0.391275736149,0.21819380356,6.14904958598,1.10982846186,0.587211601846,5.04752191451,0.911016150424,0.484640738299,0.732479914714,0.405927244016,2,1.80446108388,0.732479914714,2,0.145302965891,0.113017999163,90,0.011583011583,0.262358949614,37,37,37,1,0,0.405405405405,0.540540540541,0.0540540540541,37,306,0.22972972973,1,16.5405405405,13.3043478261,8.5,4.74104181351,0.286631612908,0.137078254725,8.27864940893,1.00101316383,0.52923511747,7.7339390878,0.935149497545,0.490019431196,0,0,0,NaN,NaN,NaN,0.283191854611,0.273846755278,467,0.060102960103,0.485104981156,37,37,0,1,2,0.378378378378,0.594594594595,0.027027027027,-36,-0.027027027027,-0.725288818115,-1.94594594595,-2.24110671937,-1.27142857143,-0.62666834188,-0.00372697736866,-0.00556438791733,-1.22984213344,-0.0276832895895,-0.0152567428109,-0.319374258633,0.0638846033397,0.028189179892,-0.640599570326,-0.371299902718,-2,NaN,NaN,NaN,-0.0608795396361,-0.102722282379,-343,-0.0441441441441,-0.0844718471938,-0.027027027027,0.0540540540541,-0.027027027027,301,5,41,985,0.880116959064,0.994949494949,0.00505050505051,0.119883040936,0.983660130719,0.880116959064,0.929012345679,0.908735076925,0.875066454014,0.867435158501,101,137,0,0,0,0
2699,WLNM_dir_neg,0.944269806596,0.686911946283,00:00:05,10,60,50,1238529985,threshold_sweep,0.8,0.959595959596,0.693430656934,0.805084745763,95,4,42,270,0.693430656934,0.985401459854,0.014598540146,0.306569343066,0.959595959596,0.693430656934,0.805084745763,0.888077858881,0.586374695864,0.729411764706,0.748347051857,0.678832116788,342,205,137,0,342,0,205,0,137,37,342,0.256756756757,1.72528881811,18.4864864865,15.5454545455,9.77142857143,5.36771015539,0.290358590277,0.142642642643,9.50849154237,1.02869645341,0.544491860281,8.05331334643,0.871264894205,0.461830251304,0.640599570326,0.371299902718,2,1.72528881811,0.640599570326,2,0.344071394247,0.376569037657,810,0.104247104247,0.56957682835,37,37,37,1,0,0.405405405405,0.540540540541,0.0540540540541,37,0.153903903904,1.80446108388,11.0810810811,9.31818181818,5.85714285714,4.33575815732,0.391275736149,0.21819380356,6.14904958598,1.10982846186,0.587211601846,5.04752191451,0.911016150424,0.484640738299,0.732479914714,0.405927244016,2,1.80446108388,0.732479914714,2,0.145302965891,0.113017999163,90,0.011583011583,0.262358949614,37,37,37,1,0,0.405405405405,0.540540540541,0.0540540540541,37,304,0.228228228228,1,16.4324324324,13.2173913043,8.44444444444,4.72311420652,0.287426357962,0.137535561878,8.23992696548,1.00288584777,0.52987197724,7.75361971073,0.943697135845,0.494310099573,0,0,0,NaN,NaN,NaN,0.27634054728,0.269649574342,454,0.0584298584299,0.485875798399,37,37,0,1,2,0.378378378378,0.594594594595,0.027027027027,-38,-0.0285285285285,-0.725288818115,-2.05405405405,-2.32806324111,-1.32698412698,-0.644595948876,-0.00293223231471,-0.00510708076498,-1.2685645769,-0.0258106056429,-0.0146198830409,-0.299693635704,0.0724322416405,0.0324798482693,-0.640599570326,-0.371299902718,-2,NaN,NaN,NaN,-0.0677308469673,-0.106919463315,-356,-0.0458172458172,-0.0837010299506,-0.027027027027,0.0540540540541,-0.027027027027,300,4,42,986,0.877192982456,0.99595959596,0.0040404040404,0.122807017544,0.986842105263,0.877192982456,0.928792569659,0.908840018802,0.873152578416,0.867052023121,99,137,0,0,0,0
2700,WLNM_dir_neg,0.944269806596,0.686911946283,00:00:05,10,60,50,1238529985,threshold_sweep,0.9,0.958762886598,0.678832116788,0.794871794872,93,4,44,270,0.678832116788,0.985401459854,0.014598540146,0.321167883212,0.958762886598,0.678832116788,0.794871794872,0.883211678832,0.58799675588,0.716535433071,0.737404356405,0.664233576642,342,205,137,0,342,0,205,0,137,37,342,0.256756756757,1.72528881811,18.4864864865,15.5454545455,9.77142857143,5.36771015539,0.290358590277,0.142642642643,9.50849154237,1.02869645341,0.544491860281,8.05331334643,0.871264894205,0.461830251304,0.640599570326,0.371299902718,2,1.72528881811,0.640599570326,2,0.344071394247,0.376569037657,810,0.104247104247,0.56957682835,37,37,37,1,0,0.405405405405,0.540540540541,0.0540540540541,37,0.153903903904,1.80446108388,11.0810810811,9.31818181818,5.85714285714,4.33575815732,0.391275736149,0.21819380356,6.14904958598,1.10982846186,0.587211601846,5.04752191451,0.911016150424,0.484640738299,0.732479914714,0.405927244016,2,1.80446108388,0.732479914714,2,0.145302965891,0.113017999163,90,0.011583011583,0.262358949614,37,37,37,1,0,0.405405405405,0.540540540541,0.0540540540541,37,302,0.226726726727,1,16.3243243243,13.1304347826,8.38888888889,4.6669884059,0.285891673871,0.136656524074,8.16331058086,1.0001407003,0.527653481296,7.74422190882,0.948795399424,0.49704671559,0,0,0,NaN,NaN,NaN,0.269469961095,0.261550823624,434,0.0558558558559,0.484294642823,37,37,0,1,2,0.378378378378,0.594594594595,0.027027027027,-40,-0.03003003003,-0.725288818115,-2.16216216216,-2.41501976285,-1.38253968254,-0.700721749496,-0.00446691640592,-0.0059861185689,-1.34518096151,-0.0285557531103,-0.0168383789855,-0.309091437619,0.0775305052195,0.0352164642858,-0.640599570326,-0.371299902718,-2,NaN,NaN,NaN,-0.0746014331521,-0.115018214033,-376,-0.0483912483912,-0.0852821855271,-0.027027027027,0.0540540540541,-0.027027027027,298,4,44,986,0.87134502924,0.99595959596,0.0040404040404,0.12865497076,0.986754966887,0.87134502924,0.925465838509,0.904857580175,0.867304625199,0.861271676301,97,137,0,0,0,0
2701,WLNM_dir_neg,0.938613441418,0.598665564828,00:00:05,10,70,1,1239447236,threshold_sweep,0.1,0.961538461538,0.728155339806,0.828729281768,75,3,28,203,0.728155339806,0.985436893204,0.0145631067961,0.271844660194,0.961538461538,0.728155339806,0.828729281768,0.899676375405,0.582524271845,0.759689922481,0.77437093802,0.71359223301,342,239,103,0,342,0,239,0,103,37,342,0.256756756757,1.72528881811,18.4864864865,15.5454545455,9.77142857143,5.36771015539,0.290358590277,0.142642642643,9.50849154237,1.02869645341,0.544491860281,8.05331334643,0.871264894205,0.461830251304,0.640599570326,0.371299902718,2,1.72528881811,0.640599570326,2,0.344071394247,0.376569037657,810,0.104247104247,0.56957682835,37,37,37,1,0,0.405405405405,0.540540540541,0.0540540540541,37,0.179429429429,1.76520516752,12.9189189189,10.8636363636,6.82857142857,4.13238146552,0.31987053185,0.164536921859,6.55995678591,1.01555816351,0.543254551623,5.99348996178,0.927862462702,0.492593011421,0.687753979641,0.389617021464,2,1.76520516752,0.687753979641,2,0.175887727358,0.170498084291,178,0.0229086229086,0.347186436275,37,37,37,1,0,0.405405405405,0.540540540541,0.0540540540541,37,317,0.237987987988,1.73094992357,17.1351351351,14.4090909091,9.05714285714,4.87147115677,0.284297212619,0.129849091994,8.56199788646,0.999349911038,0.526558103845,8.1837934037,0.955206170148,0.496205985165,0.651505531473,0.376386123366,2,1.73094992357,0.651505531473,2,0.292612852288,0.282055972197,514,0.0661518661519,0.56630565471,37,37,37,1,0,0.405405405405,0.540540540541,0.0540540540541,-25,-0.0187687687688,0.00566110545519,-1.35135135135,-1.13636363636,-0.714285714286,-0.496238998624,-0.00606137765812,-0.0127935506484,-0.946493655911,-0.0293465423765,-0.0179337564362,0.130480057268,0.0839412759433,0.034375733861,0.0109059611467,0.00508622064802,0,0.00566110545519,0.0109059611467,0,-0.0514585419596,-0.0945130654601,-296,-0.0380952380952,-0.00327117364034,0,0,0,314,3,28,987,0.918128654971,0.99696969697,0.0030303030303,0.0818713450292,0.990536277603,0.918128654971,0.952959028832,0.938719352471,0.91509835194,0.910144927536,78,103,0,0,0,0
2702,WLNM_dir_neg,0.938613441418,0.598665564828,00:00:05,10,70,1,1239447236,threshold_sweep,0.2,0.961538461538,0.728155339806,0.828729281768,75,3,28,203,0.728155339806,0.985436893204,0.0145631067961,0.271844660194,0.961538461538,0.728155339806,0.828729281768,0.899676375405,0.582524271845,0.759689922481,0.77437093802,0.71359223301,342,239,103,0,342,0,239,0,103,37,342,0.256756756757,1.72528881811,18.4864864865,15.5454545455,9.77142857143,5.36771015539,0.290358590277,0.142642642643,9.50849154237,1.02869645341,0.544491860281,8.05331334643,0.871264894205,0.461830251304,0.640599570326,0.371299902718,2,1.72528881811,0.640599570326,2,0.344071394247,0.376569037657,810,0.104247104247,0.56957682835,37,37,37,1,0,0.405405405405,0.540540540541,0.0540540540541,37,0.179429429429,1.76520516752,12.9189189189,10.8636363636,6.82857142857,4.13238146552,0.31987053185,0.164536921859,6.55995678591,1.01555816351,0.543254551623,5.99348996178,0.927862462702,0.492593011421,0.687753979641,0.389617021464,2,1.76520516752,0.687753979641,2,0.175887727358,0.170498084291,178,0.0229086229086,0.347186436275,37,37,37,1,0,0.405405405405,0.540540540541,0.0540540540541,37,317,0.237987987988,1.73094992357,17.1351351351,14.4090909091,9.05714285714,4.87147115677,0.284297212619,0.129849091994,8.56199788646,0.999349911038,0.526558103845,8.1837934037,0.955206170148,0.496205985165,0.651505531473,0.376386123366,2,1.73094992357,0.651505531473,2,0.292612852288,0.282055972197,514,0.0661518661519,0.56630565471,37,37,37,1,0,0.405405405405,0.540540540541,0.0540540540541,-25,-0.0187687687688,0.00566110545519,-1.35135135135,-1.13636363636,-0.714285714286,-0.496238998624,-0.00606137765812,-0.0127935506484,-0.946493655911,-0.0293465423765,-0.0179337564362,0.130480057268,0.0839412759433,0.034375733861,0.0109059611467,0.00508622064802,0,0.00566110545519,0.0109059611467,0,-0.0514585419596,-0.0945130654601,-296,-0.0380952380952,-0.00327117364034,0,0,0,314,3,28,987,0.918128654971,0.99696969697,0.0030303030303,0.0818713450292,0.990536277603,0.918128654971,0.952959028832,0.938719352471,0.91509835194,0.910144927536,78,103,0,0,0,0
2703,WLNM_dir_neg,0.938613441418,0.598665564828,00:00:05,10,70,1,1239447236,threshold_sweep,0.3,0.974025974026,0.728155339806,0.833333333333,75,2,28,204,0.728155339806,0.990291262136,0.00970873786408,0.271844660194,0.974025974026,0.728155339806,0.833333333333,0.902912621359,0.583603020496,0.766839378238,0.782992068027,0.718446601942,342,239,103,0,342,0,239,0,103,37,342,0.256756756757,1.72528881811,18.4864864865,15.5454545455,9.77142857143,5.36771015539,0.290358590277,0.142642642643,9.50849154237,1.02869645341,0.544491860281,8.05331334643,0.871264894205,0.461830251304,0.640599570326,0.371299902718,2,1.72528881811,0.640599570326,2,0.344071394247,0.376569037657,810,0.104247104247,0.56957682835,37,37,37,1,0,0.405405405405,0.540540540541,0.0540540540541,37,0.179429429429,1.76520516752,12.9189189189,10.8636363636,6.82857142857,4.13238146552,0.31987053185,0.164536921859,6.55995678591,1.01555816351,0.543254551623,5.99348996178,0.927862462702,0.492593011421,0.687753979641,0.389617021464,2,1.76520516752,0.687753979641,2,0.175887727358,0.170498084291,178,0.0229086229086,0.347186436275,37,37,37,1,0,0.405405405405,0.540540540541,0.0540540540541,37,316,0.237237237237,1.72944027377,17.0810810811,14.3636363636,9.02857142857,4.83263430795,0.282923211067,0.127950735546,8.52966911757,0.998727080222,0.525829627095,8.20770164945,0.961028357689,0.499486828601,0.650123314205,0.375915447364,2,1.72944027377,0.650123314205,2,0.287229835682,0.275290215589,498,0.0640926640927,0.56878137391,37,37,37,1,0,0.405405405405,0.540540540541,0.0540540540541,-26,-0.0195195195195,0.00415145565997,-1.40540540541,-1.18181818182,-0.742857142857,-0.535075847445,-0.00743537921056,-0.014691907097,-0.978822424803,-0.0299693731928,-0.0186622331859,0.154388303015,0.0897634634838,0.0376565772968,0.00952374387909,0.00461554464612,0,0.00415145565997,0.00952374387909,0,-0.0568415585656,-0.101278822068,-312,-0.0401544401544,-0.000795454439507,0,0,0,314,2,28,988,0.918128654971,0.99797979798,0.0020202020202,0.0818713450292,0.993670886076,0.918128654971,0.954407294833,0.940777983818,0.916108452951,0.912790697674,77,103,0,0,0,0
2704,WLNM_dir_neg,0.938613441418,0.598665564828,00:00:05,10,70,1,1239447236,threshold_sweep,0.4,0.974025974026,0.728155339806,0.833333333333,75,2,28,204,0.728155339806,0.990291262136,0.00970873786408,0.271844660194,0.974025974026,0.728155339806,0.833333333333,0.902912621359,0.583603020496,0.766839378238,0.782992068027,0.718446601942,342,239,103,0,342,0,239,0,103,37,342,0.256756756757,1.72528881811,18.4864864865,15.5454545455,9.77142857143,5.36771015539,0.290358590277,0.142642642643,9.50849154237,1.02869645341,0.544491860281,8.05331334643,0.871264894205,0.461830251304,0.640599570326,0.371299902718,2,1.72528881811,0.640599570326,2,0.344071394247,0.376569037657,810,0.104247104247,0.56957682835,37,37,37,1,0,0.405405405405,0.540540540541,0.0540540540541,37,0.179429429429,1.76520516752,12.9189189189,10.8636363636,6.82857142857,4.13238146552,0.31987053185,0.164536921859,6.55995678591,1.01555816351,0.543254551623,5.99348996178,0.927862462702,0.492593011421,0.687753979641,0.389617021464,2,1.76520516752,0.687753979641,2,0.175887727358,0.170498084291,178,0.0229086229086,0.347186436275,37,37,37,1,0,0.405405405405,0.540540540541,0.0540540540541,37,316,0.237237237237,1.72944027377,17.0810810811,14.3636363636,9.02857142857,4.83263430795,0.282923211067,0.127950735546,8.52966911757,0.998727080222,0.525829627095,8.20770164945,0.961028357689,0.499486828601,0.650123314205,0.375915447364,2,1.72944027377,0.650123314205,2,0.287229835682,0.275290215589,498,0.0640926640927,0.56878137391,37,37,37,1,0,0.405405405405,0.540540540541,0.0540540540541,-26,-0.0195195195195,0.00415145565997,-1.40540540541,-1.18181818182,-0.742857142857,-0.535075847445,-0.00743537921056,-0.014691907097,-0.978822424803,-0.0299693731928,-0.0186622331859,0.154388303015,0.0897634634838,0.0376565772968,0.00952374387909,0.00461554464612,0,0.00415145565997,0.00952374387909,0,-0.0568415585656,-0.101278822068,-312,-0.0401544401544,-0.000795454439507,0,0,0,314,2,28,988,0.918128654971,0.99797979798,0.0020202020202,0.0818713450292,0.993670886076,0.918128654971,0.954407294833,0.940777983818,0.916108452951,0.912790697674,77,103,0,0,0,0
2705,WLNM_dir_neg,0.938613441418,0.598665564828,00:00:05,10,70,1,1239447236,threshold_sweep,0.5,0.974025974026,0.728155339806,0.833333333333,75,2,28,204,0.728155339806,0.990291262136,0.00970873786408,0.271844660194,0.974025974026,0.728155339806,0.833333333333,0.902912621359,0.583603020496,0.766839378238,0.782992068027,0.718446601942,342,239,103,0,342,0,239,0,103,37,342,0.256756756757,1.72528881811,18.4864864865,15.5454545455,9.77142857143,5.36771015539,0.290358590277,0.142642642643,9.50849154237,1.02869645341,0.544491860281,8.05331334643,0.871264894205,0.461830251304,0.640599570326,0.371299902718,2,1.72528881811,0.640599570326,2,0.344071394247,0.376569037657,810,0.104247104247,0.56957682835,37,37,37,1,0,0.405405405405,0.540540540541,0.0540540540541,37,0.179429429429,1.76520516752,12.9189189189,10.8636363636,6.82857142857,4.13238146552,0.31987053185,0.164536921859,6.55995678591,1.01555816351,0.543254551623,5.99348996178,0.927862462702,0.492593011421,0.687753979641,0.389617021464,2,1.76520516752,0.687753979641,2,0.175887727358,0.170498084291,178,0.0229086229086,0.347186436275,37,37,37,1,0,0.405405405405,0.540540540541,0.0540540540541,37,316,0.237237237237,1.72944027377,17.0810810811,14.3636363636,9.02857142857,4.83263430795,0.282923211067,0.127950735546,8.52966911757,0.998727080222,0.525829627095,8.20770164945,0.961028357689,0.499486828601,0.650123314205,0.375915447364,2,1.72944027377,0.650123314205,2,0.287229835682,0.275290215589,498,0.0640926640927,0.56878137391,37,37,37,1,0,0.405405405405,0.540540540541,0.0540540540541,-26,-0.0195195195195,0.00415145565997,-1.40540540541,-1.18181818182,-0.742857142857,-0.535075847445,-0.00743537921056,-0.014691907097,-0.978822424803,-0.0299693731928,-0.0186622331859,0.154388303015,0.0897634634838,0.0376565772968,0.00952374387909,0.00461554464612,0,0.00415145565997,0.00952374387909,0,-0.0568415585656,-0.101278822068,-312,-0.0401544401544,-0.000795454439507,0,0,0,314,2,28,988,0.918128654971,0.99797979798,0.0020202020202,0.0818713450292,0.993670886076,0.918128654971,0.954407294833,0.940777983818,0.916108452951,0.912790697674,77,103,0,0,0,0
2706,WLNM_dir_neg,0.938613441418,0.598665564828,00:00:05,10,70,1,1239447236,threshold_sweep,0.6,0.974025974026,0.728155339806,0.833333333333,75,2,28,204,0.728155339806,0.990291262136,0.00970873786408,0.271844660194,0.974025974026,0.728155339806,0.833333333333,0.902912621359,0.583603020496,0.766839378238,0.782992068027,0.718446601942,342,239,103,0,342,0,239,0,103,37,342,0.256756756757,1.72528881811,18.4864864865,15.5454545455,9.77142857143,5.36771015539,0.290358590277,0.142642642643,9.50849154237,1.02869645341,0.544491860281,8.05331334643,0.871264894205,0.461830251304,0.640599570326,0.371299902718,2,1.72528881811,0.640599570326,2,0.344071394247,0.376569037657,810,0.104247104247,0.56957682835,37,37,37,1,0,0.405405405405,0.540540540541,0.0540540540541,37,0.179429429429,1.76520516752,12.9189189189,10.8636363636,6.82857142857,4.13238146552,0.31987053185,0.164536921859,6.55995678591,1.01555816351,0.543254551623,5.99348996178,0.927862462702,0.492593011421,0.687753979641,0.389617021464,2,1.76520516752,0.687753979641,2,0.175887727358,0.170498084291,178,0.0229086229086,0.347186436275,37,37,37,1,0,0.405405405405,0.540540540541,0.0540540540541,37,316,0.237237237237,1.72944027377,17.0810810811,14.3636363636,9.02857142857,4.83263430795,0.282923211067,0.127950735546,8.52966911757,0.998727080222,0.525829627095,8.20770164945,0.961028357689,0.499486828601,0.650123314205,0.375915447364,2,1.72944027377,0.650123314205,2,0.287229835682,0.275290215589,498,0.0640926640927,0.56878137391,37,37,37,1,0,0.405405405405,0.540540540541,0.0540540540541,-26,-0.0195195195195,0.00415145565997,-1.40540540541,-1.18181818182,-0.742857142857,-0.535075847445,-0.00743537921056,-0.014691907097,-0.978822424803,-0.0299693731928,-0.0186622331859,0.154388303015,0.0897634634838,0.0376565772968,0.00952374387909,0.00461554464612,0,0.00415145565997,0.00952374387909,0,-0.0568415585656,-0.101278822068,-312,-0.0401544401544,-0.000795454439507,0,0,0,314,2,28,988,0.918128654971,0.99797979798,0.0020202020202,0.0818713450292,0.993670886076,0.918128654971,0.954407294833,0.940777983818,0.916108452951,0.912790697674,77,103,0,0,0,0
2707,WLNM_dir_neg,0.938613441418,0.598665564828,00:00:05,10,70,1,1239447236,threshold_sweep,0.7,0.974025974026,0.728155339806,0.833333333333,75,2,28,204,0.728155339806,0.990291262136,0.00970873786408,0.271844660194,0.974025974026,0.728155339806,0.833333333333,0.902912621359,0.583603020496,0.766839378238,0.782992068027,0.718446601942,342,239,103,0,342,0,239,0,103,37,342,0.256756756757,1.72528881811,18.4864864865,15.5454545455,9.77142857143,5.36771015539,0.290358590277,0.142642642643,9.50849154237,1.02869645341,0.544491860281,8.05331334643,0.871264894205,0.461830251304,0.640599570326,0.371299902718,2,1.72528881811,0.640599570326,2,0.344071394247,0.376569037657,810,0.104247104247,0.56957682835,37,37,37,1,0,0.405405405405,0.540540540541,0.0540540540541,37,0.179429429429,1.76520516752,12.9189189189,10.8636363636,6.82857142857,4.13238146552,0.31987053185,0.164536921859,6.55995678591,1.01555816351,0.543254551623,5.99348996178,0.927862462702,0.492593011421,0.687753979641,0.389617021464,2,1.76520516752,0.687753979641,2,0.175887727358,0.170498084291,178,0.0229086229086,0.347186436275,37,37,37,1,0,0.405405405405,0.540540540541,0.0540540540541,37,316,0.237237237237,1.72944027377,17.0810810811,14.3636363636,9.02857142857,4.83263430795,0.282923211067,0.127950735546,8.52966911757,0.998727080222,0.525829627095,8.20770164945,0.961028357689,0.499486828601,0.650123314205,0.375915447364,2,1.72944027377,0.650123314205,2,0.287229835682,0.275290215589,498,0.0640926640927,0.56878137391,37,37,37,1,0,0.405405405405,0.540540540541,0.0540540540541,-26,-0.0195195195195,0.00415145565997,-1.40540540541,-1.18181818182,-0.742857142857,-0.535075847445,-0.00743537921056,-0.014691907097,-0.978822424803,-0.0299693731928,-0.0186622331859,0.154388303015,0.0897634634838,0.0376565772968,0.00952374387909,0.00461554464612,0,0.00415145565997,0.00952374387909,0,-0.0568415585656,-0.101278822068,-312,-0.0401544401544,-0.000795454439507,0,0,0,314,2,28,988,0.918128654971,0.99797979798,0.0020202020202,0.0818713450292,0.993670886076,0.918128654971,0.954407294833,0.940777983818,0.916108452951,0.912790697674,77,103,0,0,0,0
2708,WLNM_dir_neg,0.938613441418,0.598665564828,00:00:05,10,70,1,1239447236,threshold_sweep,0.8,0.974025974026,0.728155339806,0.833333333333,75,2,28,204,0.728155339806,0.990291262136,0.00970873786408,0.271844660194,0.974025974026,0.728155339806,0.833333333333,0.902912621359,0.583603020496,0.766839378238,0.782992068027,0.718446601942,342,239,103,0,342,0,239,0,103,37,342,0.256756756757,1.72528881811,18.4864864865,15.5454545455,9.77142857143,5.36771015539,0.290358590277,0.142642642643,9.50849154237,1.02869645341,0.544491860281,8.05331334643,0.871264894205,0.461830251304,0.640599570326,0.371299902718,2,1.72528881811,0.640599570326,2,0.344071394247,0.376569037657,810,0.104247104247,0.56957682835,37,37,37,1,0,0.405405405405,0.540540540541,0.0540540540541,37,0.179429429429,1.76520516752,12.9189189189,10.8636363636,6.82857142857,4.13238146552,0.31987053185,0.164536921859,6.55995678591,1.01555816351,0.543254551623,5.99348996178,0.927862462702,0.492593011421,0.687753979641,0.389617021464,2,1.76520516752,0.687753979641,2,0.175887727358,0.170498084291,178,0.0229086229086,0.347186436275,37,37,37,1,0,0.405405405405,0.540540540541,0.0540540540541,37,316,0.237237237237,1.72944027377,17.0810810811,14.3636363636,9.02857142857,4.83263430795,0.282923211067,0.127950735546,8.52966911757,0.998727080222,0.525829627095,8.20770164945,0.961028357689,0.499486828601,0.650123314205,0.375915447364,2,1.72944027377,0.650123314205,2,0.287229835682,0.275290215589,498,0.0640926640927,0.56878137391,37,37,37,1,0,0.405405405405,0.540540540541,0.0540540540541,-26,-0.0195195195195,0.00415145565997,-1.40540540541,-1.18181818182,-0.742857142857,-0.535075847445,-0.00743537921056,-0.014691907097,-0.978822424803,-0.0299693731928,-0.0186622331859,0.154388303015,0.0897634634838,0.0376565772968,0.00952374387909,0.00461554464612,0,0.00415145565997,0.00952374387909,0,-0.0568415585656,-0.101278822068,-312,-0.0401544401544,-0.000795454439507,0,0,0,314,2,28,988,0.918128654971,0.99797979798,0.0020202020202,0.0818713450292,0.993670886076,0.918128654971,0.954407294833,0.940777983818,0.916108452951,0.912790697674,77,103,0,0,0,0
2709,WLNM_dir_neg,0.938613441418,0.598665564828,00:00:05,10,70,1,1239447236,threshold_sweep,0.9,0.974025974026,0.728155339806,0.833333333333,75,2,28,204,0.728155339806,0.990291262136,0.00970873786408,0.271844660194,0.974025974026,0.728155339806,0.833333333333,0.902912621359,0.583603020496,0.766839378238,0.782992068027,0.718446601942,342,239,103,0,342,0,239,0,103,37,342,0.256756756757,1.72528881811,18.4864864865,15.5454545455,9.77142857143,5.36771015539,0.290358590277,0.142642642643,9.50849154237,1.02869645341,0.544491860281,8.05331334643,0.871264894205,0.461830251304,0.640599570326,0.371299902718,2,1.72528881811,0.640599570326,2,0.344071394247,0.376569037657,810,0.104247104247,0.56957682835,37,37,37,1,0,0.405405405405,0.540540540541,0.0540540540541,37,0.179429429429,1.76520516752,12.9189189189,10.8636363636,6.82857142857,4.13238146552,0.31987053185,0.164536921859,6.55995678591,1.01555816351,0.543254551623,5.99348996178,0.927862462702,0.492593011421,0.687753979641,0.389617021464,2,1.76520516752,0.687753979641,2,0.175887727358,0.170498084291,178,0.0229086229086,0.347186436275,37,37,37,1,0,0.405405405405,0.540540540541,0.0540540540541,37,316,0.237237237237,1.72944027377,17.0810810811,14.3636363636,9.02857142857,4.83263430795,0.282923211067,0.127950735546,8.52966911757,0.998727080222,0.525829627095,8.20770164945,0.961028357689,0.499486828601,0.650123314205,0.375915447364,2,1.72944027377,0.650123314205,2,0.287229835682,0.275290215589,498,0.0640926640927,0.56878137391,37,37,37,1,0,0.405405405405,0.540540540541,0.0540540540541,-26,-0.0195195195195,0.00415145565997,-1.40540540541,-1.18181818182,-0.742857142857,-0.535075847445,-0.00743537921056,-0.014691907097,-0.978822424803,-0.0299693731928,-0.0186622331859,0.154388303015,0.0897634634838,0.0376565772968,0.00952374387909,0.00461554464612,0,0.00415145565997,0.00952374387909,0,-0.0568415585656,-0.101278822068,-312,-0.0401544401544,-0.000795454439507,0,0,0,314,2,28,988,0.918128654971,0.99797979798,0.0020202020202,0.0818713450292,0.993670886076,0.918128654971,0.954407294833,0.940777983818,0.916108452951,0.912790697674,77,103,0,0,0,0
2710,WLNM_dir_neg,0.953105853521,0.789132646664,00:00:05,10,70,2,1239447237,threshold_sweep,0.1,1,0.815533980583,0.898395721925,84,0,19,206,0.815533980583,1,0,0.184466019417,1,0.815533980583,0.898395721925,0.938511326861,0.576051779935,0.854961832061,0.864098759788,0.815533980583,342,239,103,0,342,0,239,0,103,37,342,0.256756756757,1.72528881811,18.4864864865,15.5454545455,9.77142857143,5.36771015539,0.290358590277,0.142642642643,9.50849154237,1.02869645341,0.544491860281,8.05331334643,0.871264894205,0.461830251304,0.640599570326,0.371299902718,2,1.72528881811,0.640599570326,2,0.344071394247,0.376569037657,810,0.104247104247,0.56957682835,37,37,37,1,0,0.405405405405,0.540540540541,0.0540540540541,37,0.179429429429,1.77028650555,12.9189189189,10.8636363636,6.82857142857,4.13909798533,0.320390429827,0.169512608843,6.61897354662,1.02469464948,0.549587244148,5.75709511335,0.891265770686,0.47811828565,0.690540242181,0.390072589954,2,1.77028650555,0.690540242181,2,0.179848900437,0.183790682833,192,0.0247104247104,0.329535506819,37,37,37,1,0,0.405405405405,0.540540540541,0.0540540540541,37,323,0.242492492492,1.7222057329,17.4594594595,14.6818181818,9.22857142857,4.7468972006,0.271881109013,0.133545310016,8.86518987905,1.01551710689,0.540205840515,8.00919141656,0.917461555458,0.484812986361,0.636308646244,0.369473074029,2,1.7222057329,0.636308646244,2,0.285572206362,0.299050632911,567,0.072972972973,0.551686958831,37,37,37,1,0,0.405405405405,0.540540540541,0.0540540540541,-19,-0.0142642642643,-0.00308308521679,-1.02702702703,-0.863636363636,-0.542857142857,-0.620812954797,-0.0184774812646,-0.00909733262674,-0.643301663326,-0.0131793465268,-0.0042860197659,-0.0441219298712,0.0461966612528,0.022982735057,-0.00429092408214,-0.00182682868892,0,-0.00308308521679,-0.00429092408214,0,-0.0584991878851,-0.0775184047455,-243,-0.0312741312741,-0.0178898695193,0,0,0,323,0,19,990,0.944444444444,1,0,0.0555555555556,1,0.944444444444,0.971428571429,0.962631840043,0.944444444444,0.944444444444,84,103,0,0,0,0
2711,WLNM_dir_neg,0.953105853521,0.789132646664,00:00:05,10,70,2,1239447237,threshold_sweep,0.2,1,0.78640776699,0.880434782609,81,0,22,206,0.78640776699,1,0,0.21359223301,1,0.78640776699,0.880434782609,0.928802588997,0.57928802589,0.830769230769,0.842927230424,0.78640776699,342,239,103,0,342,0,239,0,103,37,342,0.256756756757,1.72528881811,18.4864864865,15.5454545455,9.77142857143,5.36771015539,0.290358590277,0.142642642643,9.50849154237,1.02869645341,0.544491860281,8.05331334643,0.871264894205,0.461830251304,0.640599570326,0.371299902718,2,1.72528881811,0.640599570326,2,0.344071394247,0.376569037657,810,0.104247104247,0.56957682835,37,37,37,1,0,0.405405405405,0.540540540541,0.0540540540541,37,0.179429429429,1.77028650555,12.9189189189,10.8636363636,6.82857142857,4.13909798533,0.320390429827,0.169512608843,6.61897354662,1.02469464948,0.549587244148,5.75709511335,0.891265770686,0.47811828565,0.690540242181,0.390072589954,2,1.77028650555,0.690540242181,2,0.179848900437,0.183790682833,192,0.0247104247104,0.329535506819,37,37,37,1,0,0.405405405405,0.540540540541,0.0540540540541,37,320,0.24024024024,1.7184240602,17.2972972973,14.5454545455,9.14285714286,4.74262506345,0.274183011481,0.134290540541,8.70892331723,1.00696925855,0.536486486486,8.07677127534,0.933876678712,0.491722972973,0.63151588931,0.367497117816,2,1.7184240602,0.63151588931,2,0.275479965996,0.293664996421,547,0.070398970399,0.555660152145,37,37,37,1,0,0.405405405405,0.540540540541,0.0540540540541,-22,-0.0165165165165,-0.00686475791332,-1.18918918919,-1,-0.628571428571,-0.62508509194,-0.0161755787962,-0.0083521021021,-0.799568225147,-0.0217271948604,-0.00800537379485,0.0234579289105,0.0626117845069,0.029892721669,-0.00908368101638,-0.00380278490177,0,-0.00686475791332,-0.00908368101638,0,-0.0685914282519,-0.082904041236,-263,-0.0338481338481,-0.0139166762051,0,0,0,320,0,22,990,0.93567251462,1,0,0.0643274853801,1,0.93567251462,0.966767371601,0.95672974647,0.93567251462,0.93567251462,81,103,0,0,0,0
2712,WLNM_dir_neg,0.953105853521,0.789132646664,00:00:05,10,70,2,1239447237,threshold_sweep,0.3,1,0.78640776699,0.880434782609,81,0,22,206,0.78640776699,1,0,0.21359223301,1,0.78640776699,0.880434782609,0.928802588997,0.57928802589,0.830769230769,0.842927230424,0.78640776699,342,239,103,0,342,0,239,0,103,37,342,0.256756756757,1.72528881811,18.4864864865,15.5454545455,9.77142857143,5.36771015539,0.290358590277,0.142642642643,9.50849154237,1.02869645341,0.544491860281,8.05331334643,0.871264894205,0.461830251304,0.640599570326,0.371299902718,2,1.72528881811,0.640599570326,2,0.344071394247,0.376569037657,810,0.104247104247,0.56957682835,37,37,37,1,0,0.405405405405,0.540540540541,0.0540540540541,37,0.179429429429,1.77028650555,12.9189189189,10.8636363636,6.82857142857,4.13909798533,0.320390429827,0.169512608843,6.61897354662,1.02469464948,0.549587244148,5.75709511335,0.891265770686,0.47811828565,0.690540242181,0.390072589954,2,1.77028650555,0.690540242181,2,0.179848900437,0.183790682833,192,0.0247104247104,0.329535506819,37,37,37,1,0,0.405405405405,0.540540540541,0.0540540540541,37,320,0.24024024024,1.7184240602,17.2972972973,14.5454545455,9.14285714286,4.74262506345,0.274183011481,0.134290540541,8.70892331723,1.00696925855,0.536486486486,8.07677127534,0.933876678712,0.491722972973,0.63151588931,0.367497117816,2,1.7184240602,0.63151588931,2,0.275479965996,0.293664996421,547,0.070398970399,0.555660152145,37,37,37,1,0,0.405405405405,0.540540540541,0.0540540540541,-22,-0.0165165165165,-0.00686475791332,-1.18918918919,-1,-0.628571428571,-0.62508509194,-0.0161755787962,-0.0083521021021,-0.799568225147,-0.0217271948604,-0.00800537379485,0.0234579289105,0.0626117845069,0.029892721669,-0.00908368101638,-0.00380278490177,0,-0.00686475791332,-0.00908368101638,0,-0.0685914282519,-0.082904041236,-263,-0.0338481338481,-0.0139166762051,0,0,0,320,0,22,990,0.93567251462,1,0,0.0643274853801,1,0.93567251462,0.966767371601,0.95672974647,0.93567251462,0.93567251462,81,103,0,0,0,0
2713,WLNM_dir_neg,0.953105853521,0.789132646664,00:00:05,10,70,2,1239447237,threshold_sweep,0.4,1,0.776699029126,0.874316939891,80,0,23,206,0.776699029126,1,0,0.223300970874,1,0.776699029126,0.874316939891,0.925566343042,0.580366774542,0.822622107969,0.835876759057,0.776699029126,342,239,103,0,342,0,239,0,103,37,342,0.256756756757,1.72528881811,18.4864864865,15.5454545455,9.77142857143,5.36771015539,0.290358590277,0.142642642643,9.50849154237,1.02869645341,0.544491860281,8.05331334643,0.871264894205,0.461830251304,0.640599570326,0.371299902718,2,1.72528881811,0.640599570326,2,0.344071394247,0.376569037657,810,0.104247104247,0.56957682835,37,37,37,1,0,0.405405405405,0.540540540541,0.0540540540541,37,0.179429429429,1.77028650555,12.9189189189,10.8636363636,6.82857142857,4.13909798533,0.320390429827,0.169512608843,6.61897354662,1.02469464948,0.549587244148,5.75709511335,0.891265770686,0.47811828565,0.690540242181,0.390072589954,2,1.77028650555,0.690540242181,2,0.179848900437,0.183790682833,192,0.0247104247104,0.329535506819,37,37,37,1,0,0.405405405405,0.540540540541,0.0540540540541,37,319,0.239489489489,1.73245732423,17.2432432432,14.5,9.11428571429,4.87855514474,0.282925611842,0.137592137592,8.73165171899,1.01276211161,0.538337710752,8.07723602117,0.9368580965,0.492756078963,0.65432340787,0.377685152019,2,1.73245732423,0.65432340787,2,0.285107725623,0.293653639297,546,0.0702702702703,0.553992276373,37,37,37,1,0,0.405405405405,0.540540540541,0.0540540540541,-23,-0.0172672672673,0.00716850611994,-1.24324324324,-1.04545454545,-0.657142857143,-0.48915501065,-0.00743297843465,-0.0050505050505,-0.776839823385,-0.0159343418078,-0.00615414952983,0.0239226747392,0.0655932022949,0.030925827659,0.0137238375435,0.00638524930098,0,0.00716850611994,0.0137238375435,0,-0.0589636686241,-0.0829153983597,-264,-0.0339768339768,-0.0155845519767,0,0,0,319,0,23,990,0.932748538012,1,0,0.0672514619883,1,0.932748538012,0.965204236006,0.954762082607,0.932748538012,0.932748538012,80,103,0,0,0,0
2714,WLNM_dir_neg,0.953105853521,0.789132646664,00:00:05,10,70,2,1239447237,threshold_sweep,0.5,1,0.766990291262,0.868131868132,79,0,24,206,0.766990291262,1,0,0.233009708738,1,0.766990291262,0.868131868132,0.922330097087,0.581445523193,0.814432989691,0.828828403072,0.766990291262,342,239,103,0,342,0,239,0,103,37,342,0.256756756757,1.72528881811,18.4864864865,15.5454545455,9.77142857143,5.36771015539,0.290358590277,0.142642642643,9.50849154237,1.02869645341,0.544491860281,8.05331334643,0.871264894205,0.461830251304,0.640599570326,0.371299902718,2,1.72528881811,0.640599570326,2,0.344071394247,0.376569037657,810,0.104247104247,0.56957682835,37,37,37,1,0,0.405405405405,0.540540540541,0.0540540540541,37,0.179429429429,1.77028650555,12.9189189189,10.8636363636,6.82857142857,4.13909798533,0.320390429827,0.169512608843,6.61897354662,1.02469464948,0.549587244148,5.75709511335,0.891265770686,0.47811828565,0.690540242181,0.390072589954,2,1.77028650555,0.690540242181,2,0.179848900437,0.183790682833,192,0.0247104247104,0.329535506819,37,37,37,1,0,0.405405405405,0.540540540541,0.0540540540541,37,318,0.238738738739,1.73151787761,17.1891891892,14.4545454545,9.08571428571,4.82952630434,0.280963008271,0.135730069692,8.69373803844,1.01153555793,0.537310895801,8.08791780463,0.941047040161,0.494135645079,0.653404745238,0.377359514267,2,1.73151787761,0.653404745238,2,0.280195577456,0.28612716763,528,0.0679536679537,0.554842351701,37,37,37,1,0,0.405405405405,0.540540540541,0.0540540540541,-24,-0.018018018018,0.00622905949143,-1.2972972973,-1.09090909091,-0.685714285714,-0.538183851052,-0.0093955820057,-0.00691257295031,-0.814753503931,-0.0171608954827,-0.00718096447987,0.0346044581935,0.0697821459562,0.0323053937751,0.0128051749121,0.0060596115493,0,0.00622905949143,0.0128051749121,0,-0.0638758167911,-0.0904418700268,-282,-0.0362934362934,-0.014734476649,0,0,0,318,0,24,990,0.929824561404,1,0,0.0701754385965,1,0.929824561404,0.963636363636,0.952794248239,0.929824561404,0.929824561404,79,103,0,0,0,0
2715,WLNM_dir_neg,0.953105853521,0.789132646664,00:00:05,10,70,2,1239447237,threshold_sweep,0.6,1,0.766990291262,0.868131868132,79,0,24,206,0.766990291262,1,0,0.233009708738,1,0.766990291262,0.868131868132,0.922330097087,0.581445523193,0.814432989691,0.828828403072,0.766990291262,342,239,103,0,342,0,239,0,103,37,342,0.256756756757,1.72528881811,18.4864864865,15.5454545455,9.77142857143,5.36771015539,0.290358590277,0.142642642643,9.50849154237,1.02869645341,0.544491860281,8.05331334643,0.871264894205,0.461830251304,0.640599570326,0.371299902718,2,1.72528881811,0.640599570326,2,0.344071394247,0.376569037657,810,0.104247104247,0.56957682835,37,37,37,1,0,0.405405405405,0.540540540541,0.0540540540541,37,0.179429429429,1.77028650555,12.9189189189,10.8636363636,6.82857142857,4.13909798533,0.320390429827,0.169512608843,6.61897354662,1.02469464948,0.549587244148,5.75709511335,0.891265770686,0.47811828565,0.690540242181,0.390072589954,2,1.77028650555,0.690540242181,2,0.179848900437,0.183790682833,192,0.0247104247104,0.329535506819,37,37,37,1,0,0.405405405405,0.540540540541,0.0540540540541,37,318,0.238738738739,1.73151787761,17.1891891892,14.4545454545,9.08571428571,4.82952630434,0.280963008271,0.135730069692,8.69373803844,1.01153555793,0.537310895801,8.08791780463,0.941047040161,0.494135645079,0.653404745238,0.377359514267,2,1.73151787761,0.653404745238,2,0.280195577456,0.28612716763,528,0.0679536679537,0.554842351701,37,37,37,1,0,0.405405405405,0.540540540541,0.0540540540541,-24,-0.018018018018,0.00622905949143,-1.2972972973,-1.09090909091,-0.685714285714,-0.538183851052,-0.0093955820057,-0.00691257295031,-0.814753503931,-0.0171608954827,-0.00718096447987,0.0346044581935,0.0697821459562,0.0323053937751,0.0128051749121,0.0060596115493,0,0.00622905949143,0.0128051749121,0,-0.0638758167911,-0.0904418700268,-282,-0.0362934362934,-0.014734476649,0,0,0,318,0,24,990,0.929824561404,1,0,0.0701754385965,1,0.929824561404,0.963636363636,0.952794248239,0.929824561404,0.929824561404,79,103,0,0,0,0
2716,WLNM_dir_neg,0.953105853521,0.789132646664,00:00:05,10,70,2,1239447237,threshold_sweep,0.7,1,0.766990291262,0.868131868132,79,0,24,206,0.766990291262,1,0,0.233009708738,1,0.766990291262,0.868131868132,0.922330097087,0.581445523193,0.814432989691,0.828828403072,0.766990291262,342,239,103,0,342,0,239,0,103,37,342,0.256756756757,1.72528881811,18.4864864865,15.5454545455,9.77142857143,5.36771015539,0.290358590277,0.142642642643,9.50849154237,1.02869645341,0.544491860281,8.05331334643,0.871264894205,0.461830251304,0.640599570326,0.371299902718,2,1.72528881811,0.640599570326,2,0.344071394247,0.376569037657,810,0.104247104247,0.56957682835,37,37,37,1,0,0.405405405405,0.540540540541,0.0540540540541,37,0.179429429429,1.77028650555,12.9189189189,10.8636363636,6.82857142857,4.13909798533,0.320390429827,0.169512608843,6.61897354662,1.02469464948,0.549587244148,5.75709511335,0.891265770686,0.47811828565,0.690540242181,0.390072589954,2,1.77028650555,0.690540242181,2,0.179848900437,0.183790682833,192,0.0247104247104,0.329535506819,37,37,37,1,0,0.405405405405,0.540540540541,0.0540540540541,37,318,0.238738738739,1.73151787761,17.1891891892,14.4545454545,9.08571428571,4.82952630434,0.280963008271,0.135730069692,8.69373803844,1.01153555793,0.537310895801,8.08791780463,0.941047040161,0.494135645079,0.653404745238,0.377359514267,2,1.73151787761,0.653404745238,2,0.280195577456,0.28612716763,528,0.0679536679537,0.554842351701,37,37,37,1,0,0.405405405405,0.540540540541,0.0540540540541,-24,-0.018018018018,0.00622905949143,-1.2972972973,-1.09090909091,-0.685714285714,-0.538183851052,-0.0093955820057,-0.00691257295031,-0.814753503931,-0.0171608954827,-0.00718096447987,0.0346044581935,0.0697821459562,0.0323053937751,0.0128051749121,0.0060596115493,0,0.00622905949143,0.0128051749121,0,-0.0638758167911,-0.0904418700268,-282,-0.0362934362934,-0.014734476649,0,0,0,318,0,24,990,0.929824561404,1,0,0.0701754385965,1,0.929824561404,0.963636363636,0.952794248239,0.929824561404,0.929824561404,79,103,0,0,0,0
2717,WLNM_dir_neg,0.953105853521,0.789132646664,00:00:05,10,70,2,1239447237,threshold_sweep,0.8,1,0.766990291262,0.868131868132,79,0,24,206,0.766990291262,1,0,0.233009708738,1,0.766990291262,0.868131868132,0.922330097087,0.581445523193,0.814432989691,0.828828403072,0.766990291262,342,239,103,0,342,0,239,0,103,37,342,0.256756756757,1.72528881811,18.4864864865,15.5454545455,9.77142857143,5.36771015539,0.290358590277,0.142642642643,9.50849154237,1.02869645341,0.544491860281,8.05331334643,0.871264894205,0.461830251304,0.640599570326,0.371299902718,2,1.72528881811,0.640599570326,2,0.344071394247,0.376569037657,810,0.104247104247,0.56957682835,37,37,37,1,0,0.405405405405,0.540540540541,0.0540540540541,37,0.179429429429,1.77028650555,12.9189189189,10.8636363636,6.82857142857,4.13909798533,0.320390429827,0.169512608843,6.61897354662,1.02469464948,0.549587244148,5.75709511335,0.891265770686,0.47811828565,0.690540242181,0.390072589954,2,1.77028650555,0.690540242181,2,0.179848900437,0.183790682833,192,0.0247104247104,0.329535506819,37,37,37,1,0,0.405405405405,0.540540540541,0.0540540540541,37,318,0.238738738739,1.73151787761,17.1891891892,14.4545454545,9.08571428571,4.82952630434,0.280963008271,0.135730069692,8.69373803844,1.01153555793,0.537310895801,8.08791780463,0.941047040161,0.494135645079,0.653404745238,0.377359514267,2,1.73151787761,0.653404745238,2,0.280195577456,0.28612716763,528,0.0679536679537,0.554842351701,37,37,37,1,0,0.405405405405,0.540540540541,0.0540540540541,-24,-0.018018018018,0.00622905949143,-1.2972972973,-1.09090909091,-0.685714285714,-0.538183851052,-0.0093955820057,-0.00691257295031,-0.814753503931,-0.0171608954827,-0.00718096447987,0.0346044581935,0.0697821459562,0.0323053937751,0.0128051749121,0.0060596115493,0,0.00622905949143,0.0128051749121,0,-0.0638758167911,-0.0904418700268,-282,-0.0362934362934,-0.014734476649,0,0,0,318,0,24,990,0.929824561404,1,0,0.0701754385965,1,0.929824561404,0.963636363636,0.952794248239,0.929824561404,0.929824561404,79,103,0,0,0,0
2718,WLNM_dir_neg,0.953105853521,0.789132646664,00:00:05,10,70,2,1239447237,threshold_sweep,0.9,1,0.757281553398,0.861878453039,78,0,25,206,0.757281553398,1,0,0.242718446602,1,0.757281553398,0.861878453039,0.919093851133,0.582524271845,0.806201550388,0.821781403613,0.757281553398,342,239,103,0,342,0,239,0,103,37,342,0.256756756757,1.72528881811,18.4864864865,15.5454545455,9.77142857143,5.36771015539,0.290358590277,0.142642642643,9.50849154237,1.02869645341,0.544491860281,8.05331334643,0.871264894205,0.461830251304,0.640599570326,0.371299902718,2,1.72528881811,0.640599570326,2,0.344071394247,0.376569037657,810,0.104247104247,0.56957682835,37,37,37,1,0,0.405405405405,0.540540540541,0.0540540540541,37,0.179429429429,1.77028650555,12.9189189189,10.8636363636,6.82857142857,4.13909798533,0.320390429827,0.169512608843,6.61897354662,1.02469464948,0.549587244148,5.75709511335,0.891265770686,0.47811828565,0.690540242181,0.390072589954,2,1.77028650555,0.690540242181,2,0.179848900437,0.183790682833,192,0.0247104247104,0.329535506819,37,37,37,1,0,0.405405405405,0.540540540541,0.0540540540541,37,317,0.237987987988,1.73102610992,17.1351351351,14.4090909091,9.05714285714,4.8083386029,0.280612820674,0.135817205218,8.63951046884,1.00839712097,0.535936567482,8.07788662041,0.942844810585,0.49501236252,0.652781954217,0.377106937022,2,1.73102610992,0.652781954217,2,0.252122686238,0.284779050736,522,0.0671814671815,0.553905482209,37,37,37,1,0,0.405405405405,0.540540540541,0.0540540540541,-25,-0.0187687687688,0.00573729180221,-1.35135135135,-1.13636363636,-0.714285714286,-0.559371552495,-0.00974576960326,-0.00682543742481,-0.868981073538,-0.0202993324465,-0.00855529279903,0.0245732739791,0.0715799163796,0.0331821112163,0.0121823838906,0.0058070343047,0,0.00573729180221,0.0121823838906,0,-0.0919487080098,-0.0917899869204,-288,-0.0370656370656,-0.0156713461408,0,0,0,317,0,25,990,0.926900584795,1,0,0.0730994152047,1,0.926900584795,0.962063732929,0.950826230775,0.926900584795,0.926900584795,78,103,0,0,0,0
2719,WLNM_dir_neg,0.982090677726,0.95534155048,00:00:05,10,70,3,1239447238,threshold_sweep,0.1,1,0.873786407767,0.932642487047,90,0,13,206,0.873786407767,1,0,0.126213592233,1,0.873786407767,0.932642487047,0.957928802589,0.569579288026,0.902255639098,0.906596827823,0.873786407767,342,239,103,0,342,0,239,0,103,37,342,0.256756756757,1.72528881811,18.4864864865,15.5454545455,9.77142857143,5.36771015539,0.290358590277,0.142642642643,9.50849154237,1.02869645341,0.544491860281,8.05331334643,0.871264894205,0.461830251304,0.640599570326,0.371299902718,2,1.72528881811,0.640599570326,2,0.344071394247,0.376569037657,810,0.104247104247,0.56957682835,37,37,37,1,0,0.405405405405,0.540540540541,0.0540540540541,37,0.179429429429,1.76529199363,12.9189189189,10.8636363636,6.82857142857,3.98175267368,0.308210981017,0.163971502884,6.56418986537,1.0162134938,0.544611557164,5.73291953252,0.887523107545,0.476308944928,0.68432165179,0.387653518092,2,1.76529199363,0.68432165179,2,0.187790481212,0.173801094303,180,0.023166023166,0.331767154906,37,37,37,1,0,0.405405405405,0.540540540541,0.0540540540541,37,329,0.246996996997,1.71623671914,17.7837837838,14.9545454545,9.4,4.96731055745,0.279316855054,0.133163558695,8.96841303868,1.00860572168,0.533147128892,8.26230995338,0.929195952204,0.48681508256,0.630084196042,0.367131287319,2,1.71623671914,0.630084196042,2,0.293297425073,0.316056052676,624,0.0803088803089,0.582637146861,37,37,37,1,0,0.405405405405,0.540540540541,0.0540540540541,-13,-0.00975975975976,-0.00905209897364,-0.702702702703,-0.590909090909,-0.371428571429,-0.400399597941,-0.0110417352228,-0.00947908394717,-0.540078503691,-0.0200907317391,-0.0113447313895,0.208996606948,0.0579310579993,0.0249848312558,-0.0105153742842,-0.00416861539911,0,-0.00905209897364,-0.0105153742842,0,-0.0507739691744,-0.0605129849809,-186,-0.0239382239382,0.0130603185116,0,0,0,329,0,13,990,0.961988304094,1,0,0.0380116959064,1,0.961988304094,0.980625931446,0.974433097482,0.961988304094,0.961988304094,90,103,0,0,0,0
2720,WLNM_dir_neg,0.982090677726,0.95534155048,00:00:05,10,70,3,1239447238,threshold_sweep,0.2,1,0.873786407767,0.932642487047,90,0,13,206,0.873786407767,1,0,0.126213592233,1,0.873786407767,0.932642487047,0.957928802589,0.569579288026,0.902255639098,0.906596827823,0.873786407767,342,239,103,0,342,0,239,0,103,37,342,0.256756756757,1.72528881811,18.4864864865,15.5454545455,9.77142857143,5.36771015539,0.290358590277,0.142642642643,9.50849154237,1.02869645341,0.544491860281,8.05331334643,0.871264894205,0.461830251304,0.640599570326,0.371299902718,2,1.72528881811,0.640599570326,2,0.344071394247,0.376569037657,810,0.104247104247,0.56957682835,37,37,37,1,0,0.405405405405,0.540540540541,0.0540540540541,37,0.179429429429,1.76529199363,12.9189189189,10.8636363636,6.82857142857,3.98175267368,0.308210981017,0.163971502884,6.56418986537,1.0162134938,0.544611557164,5.73291953252,0.887523107545,0.476308944928,0.68432165179,0.387653518092,2,1.76529199363,0.68432165179,2,0.187790481212,0.173801094303,180,0.023166023166,0.331767154906,37,37,37,1,0,0.405405405405,0.540540540541,0.0540540540541,37,329,0.246996996997,1.71623671914,17.7837837838,14.9545454545,9.4,4.96731055745,0.279316855054,0.133163558695,8.96841303868,1.00860572168,0.533147128892,8.26230995338,0.929195952204,0.48681508256,0.630084196042,0.367131287319,2,1.71623671914,0.630084196042,2,0.293297425073,0.316056052676,624,0.0803088803089,0.582637146861,37,37,37,1,0,0.405405405405,0.540540540541,0.0540540540541,-13,-0.00975975975976,-0.00905209897364,-0.702702702703,-0.590909090909,-0.371428571429,-0.400399597941,-0.0110417352228,-0.00947908394717,-0.540078503691,-0.0200907317391,-0.0113447313895,0.208996606948,0.0579310579993,0.0249848312558,-0.0105153742842,-0.00416861539911,0,-0.00905209897364,-0.0105153742842,0,-0.0507739691744,-0.0605129849809,-186,-0.0239382239382,0.0130603185116,0,0,0,329,0,13,990,0.961988304094,1,0,0.0380116959064,1,0.961988304094,0.980625931446,0.974433097482,0.961988304094,0.961988304094,90,103,0,0,0,0
2721,WLNM_dir_neg,0.982090677726,0.95534155048,00:00:05,10,70,3,1239447238,threshold_sweep,0.3,1,0.864077669903,0.927083333333,89,0,14,206,0.864077669903,1,0,0.135922330097,1,0.864077669903,0.927083333333,0.954692556634,0.570658036677,0.894472361809,0.899494807706,0.864077669903,342,239,103,0,342,0,239,0,103,37,342,0.256756756757,1.72528881811,18.4864864865,15.5454545455,9.77142857143,5.36771015539,0.290358590277,0.142642642643,9.50849154237,1.02869645341,0.544491860281,8.05331334643,0.871264894205,0.461830251304,0.640599570326,0.371299902718,2,1.72528881811,0.640599570326,2,0.344071394247,0.376569037657,810,0.104247104247,0.56957682835,37,37,37,1,0,0.405405405405,0.540540540541,0.0540540540541,37,0.179429429429,1.76529199363,12.9189189189,10.8636363636,6.82857142857,3.98175267368,0.308210981017,0.163971502884,6.56418986537,1.0162134938,0.544611557164,5.73291953252,0.887523107545,0.476308944928,0.68432165179,0.387653518092,2,1.76529199363,0.68432165179,2,0.187790481212,0.173801094303,180,0.023166023166,0.331767154906,37,37,37,1,0,0.405405405405,0.540540540541,0.0540540540541,37,328,0.246246246246,1.71539657673,17.7297297297,14.9090909091,9.37142857143,4.91962424406,0.277478806448,0.131262359921,8.9292346386,1.00726122448,0.531970995386,8.27366022105,0.933309232253,0.488134475939,0.629160727232,0.366772754339,2,1.71539657673,0.629160727232,2,0.288328729366,0.308673469388,605,0.0778635778636,0.583476766665,37,37,37,1,0,0.405405405405,0.540540540541,0.0540540540541,-14,-0.0105105105105,-0.00989224138147,-0.756756756757,-0.636363636364,-0.4,-0.448085911337,-0.0128797838288,-0.0113802827217,-0.579256903772,-0.0214352289382,-0.0125208648957,0.22034687462,0.0620443380482,0.0263042246354,-0.0114388430945,-0.00452714837913,0,-0.00989224138147,-0.0114388430945,0,-0.0557426648813,-0.0678955682691,-205,-0.0263835263835,0.0138999383147,0,0,0,328,0,14,990,0.959064327485,1,0,0.0409356725146,1,0.959064327485,0.979104477612,0.972466411003,0.959064327485,0.959064327485,89,103,0,0,0,0
2722,WLNM_dir_neg,0.982090677726,0.95534155048,00:00:05,10,70,3,1239447238,threshold_sweep,0.4,1,0.854368932039,0.921465968586,88,0,15,206,0.854368932039,1,0,0.145631067961,1,0.854368932039,0.921465968586,0.95145631068,0.571736785329,0.886649874055,0.892401305746,0.854368932039,342,239,103,0,342,0,239,0,103,37,342,0.256756756757,1.72528881811,18.4864864865,15.5454545455,9.77142857143,5.36771015539,0.290358590277,0.142642642643,9.50849154237,1.02869645341,0.544491860281,8.05331334643,0.871264894205,0.461830251304,0.640599570326,0.371299902718,2,1.72528881811,0.640599570326,2,0.344071394247,0.376569037657,810,0.104247104247,0.56957682835,37,37,37,1,0,0.405405405405,0.540540540541,0.0540540540541,37,0.179429429429,1.76529199363,12.9189189189,10.8636363636,6.82857142857,3.98175267368,0.308210981017,0.163971502884,6.56418986537,1.0162134938,0.544611557164,5.73291953252,0.887523107545,0.476308944928,0.68432165179,0.387653518092,2,1.76529199363,0.68432165179,2,0.187790481212,0.173801094303,180,0.023166023166,0.331767154906,37,37,37,1,0,0.405405405405,0.540540540541,0.0540540540541,37,327,0.245495495495,1.7143285703,17.6756756757,14.8636363636,9.34285714286,4.87085467092,0.275568230618,0.129184230102,8.89292325864,1.00623290694,0.53095297132,8.2849043229,0.937435657331,0.489296636086,0.628025220021,0.366338886782,2,1.7143285703,0.628025220021,2,0.282616743785,0.300616649538,585,0.0752895752896,0.584424397364,37,37,37,1,0,0.405405405405,0.540540540541,0.0540540540541,-15,-0.0112612612613,-0.0109602478176,-0.810810810811,-0.681818181818,-0.428571428571,-0.496855484473,-0.0147903596593,-0.013458412541,-0.615568283733,-0.0224635464737,-0.0135388889614,0.231590976468,0.0661707631265,0.0274663847817,-0.0125743503047,-0.00496101593568,0,-0.0109602478176,-0.0125743503047,0,-0.0614546504621,-0.0759523881194,-225,-0.0289575289575,0.0148475690139,0,0,0,327,0,15,990,0.956140350877,1,0,0.0438596491228,1,0.956140350877,0.977578475336,0.970499664797,0.956140350877,0.956140350877,88,103,0,0,0,0
2723,WLNM_dir_neg,0.982090677726,0.95534155048,00:00:05,10,70,3,1239447238,threshold_sweep,0.5,1,0.854368932039,0.921465968586,88,0,15,206,0.854368932039,1,0,0.145631067961,1,0.854368932039,0.921465968586,0.95145631068,0.571736785329,0.886649874055,0.892401305746,0.854368932039,342,239,103,0,342,0,239,0,103,37,342,0.256756756757,1.72528881811,18.4864864865,15.5454545455,9.77142857143,5.36771015539,0.290358590277,0.142642642643,9.50849154237,1.02869645341,0.544491860281,8.05331334643,0.871264894205,0.461830251304,0.640599570326,0.371299902718,2,1.72528881811,0.640599570326,2,0.344071394247,0.376569037657,810,0.104247104247,0.56957682835,37,37,37,1,0,0.405405405405,0.540540540541,0.0540540540541,37,0.179429429429,1.76529199363,12.9189189189,10.8636363636,6.82857142857,3.98175267368,0.308210981017,0.163971502884,6.56418986537,1.0162134938,0.544611557164,5.73291953252,0.887523107545,0.476308944928,0.68432165179,0.387653518092,2,1.76529199363,0.68432165179,2,0.187790481212,0.173801094303,180,0.023166023166,0.331767154906,37,37,37,1,0,0.405405405405,0.540540540541,0.0540540540541,37,327,0.245495495495,1.7143285703,17.6756756757,14.8636363636,9.34285714286,4.87085467092,0.275568230618,0.129184230102,8.89292325864,1.00623290694,0.53095297132,8.2849043229,0.937435657331,0.489296636086,0.628025220021,0.366338886782,2,1.7143285703,0.628025220021,2,0.282616743785,0.300616649538,585,0.0752895752896,0.584424397364,37,37,37,1,0,0.405405405405,0.540540540541,0.0540540540541,-15,-0.0112612612613,-0.0109602478176,-0.810810810811,-0.681818181818,-0.428571428571,-0.496855484473,-0.0147903596593,-0.013458412541,-0.615568283733,-0.0224635464737,-0.0135388889614,0.231590976468,0.0661707631265,0.0274663847817,-0.0125743503047,-0.00496101593568,0,-0.0109602478176,-0.0125743503047,0,-0.0614546504621,-0.0759523881194,-225,-0.0289575289575,0.0148475690139,0,0,0,327,0,15,990,0.956140350877,1,0,0.0438596491228,1,0.956140350877,0.977578475336,0.970499664797,0.956140350877,0.956140350877,88,103,0,0,0,0
2724,WLNM_dir_neg,0.982090677726,0.95534155048,00:00:05,10,70,3,1239447238,threshold_sweep,0.6,1,0.854368932039,0.921465968586,88,0,15,206,0.854368932039,1,0,0.145631067961,1,0.854368932039,0.921465968586,0.95145631068,0.571736785329,0.886649874055,0.892401305746,0.854368932039,342,239,103,0,342,0,239,0,103,37,342,0.256756756757,1.72528881811,18.4864864865,15.5454545455,9.77142857143,5.36771015539,0.290358590277,0.142642642643,9.50849154237,1.02869645341,0.544491860281,8.05331334643,0.871264894205,0.461830251304,0.640599570326,0.371299902718,2,1.72528881811,0.640599570326,2,0.344071394247,0.376569037657,810,0.104247104247,0.56957682835,37,37,37,1,0,0.405405405405,0.540540540541,0.0540540540541,37,0.179429429429,1.76529199363,12.9189189189,10.8636363636,6.82857142857,3.98175267368,0.308210981017,0.163971502884,6.56418986537,1.0162134938,0.544611557164,5.73291953252,0.887523107545,0.476308944928,0.68432165179,0.387653518092,2,1.76529199363,0.68432165179,2,0.187790481212,0.173801094303,180,0.023166023166,0.331767154906,37,37,37,1,0,0.405405405405,0.540540540541,0.0540540540541,37,327,0.245495495495,1.7143285703,17.6756756757,14.8636363636,9.34285714286,4.87085467092,0.275568230618,0.129184230102,8.89292325864,1.00623290694,0.53095297132,8.2849043229,0.937435657331,0.489296636086,0.628025220021,0.366338886782,2,1.7143285703,0.628025220021,2,0.282616743785,0.300616649538,585,0.0752895752896,0.584424397364,37,37,37,1,0,0.405405405405,0.540540540541,0.0540540540541,-15,-0.0112612612613,-0.0109602478176,-0.810810810811,-0.681818181818,-0.428571428571,-0.496855484473,-0.0147903596593,-0.013458412541,-0.615568283733,-0.0224635464737,-0.0135388889614,0.231590976468,0.0661707631265,0.0274663847817,-0.0125743503047,-0.00496101593568,0,-0.0109602478176,-0.0125743503047,0,-0.0614546504621,-0.0759523881194,-225,-0.0289575289575,0.0148475690139,0,0,0,327,0,15,990,0.956140350877,1,0,0.0438596491228,1,0.956140350877,0.977578475336,0.970499664797,0.956140350877,0.956140350877,88,103,0,0,0,0
2725,WLNM_dir_neg,0.982090677726,0.95534155048,00:00:05,10,70,3,1239447238,threshold_sweep,0.7,1,0.854368932039,0.921465968586,88,0,15,206,0.854368932039,1,0,0.145631067961,1,0.854368932039,0.921465968586,0.95145631068,0.571736785329,0.886649874055,0.892401305746,0.854368932039,342,239,103,0,342,0,239,0,103,37,342,0.256756756757,1.72528881811,18.4864864865,15.5454545455,9.77142857143,5.36771015539,0.290358590277,0.142642642643,9.50849154237,1.02869645341,0.544491860281,8.05331334643,0.871264894205,0.461830251304,0.640599570326,0.371299902718,2,1.72528881811,0.640599570326,2,0.344071394247,0.376569037657,810,0.104247104247,0.56957682835,37,37,37,1,0,0.405405405405,0.540540540541,0.0540540540541,37,0.179429429429,1.76529199363,12.9189189189,10.8636363636,6.82857142857,3.98175267368,0.308210981017,0.163971502884,6.56418986537,1.0162134938,0.544611557164,5.73291953252,0.887523107545,0.476308944928,0.68432165179,0.387653518092,2,1.76529199363,0.68432165179,2,0.187790481212,0.173801094303,180,0.023166023166,0.331767154906,37,37,37,1,0,0.405405405405,0.540540540541,0.0540540540541,37,327,0.245495495495,1.7143285703,17.6756756757,14.8636363636,9.34285714286,4.87085467092,0.275568230618,0.129184230102,8.89292325864,1.00623290694,0.53095297132,8.2849043229,0.937435657331,0.489296636086,0.628025220021,0.366338886782,2,1.7143285703,0.628025220021,2,0.282616743785,0.300616649538,585,0.0752895752896,0.584424397364,37,37,37,1,0,0.405405405405,0.540540540541,0.0540540540541,-15,-0.0112612612613,-0.0109602478176,-0.810810810811,-0.681818181818,-0.428571428571,-0.496855484473,-0.0147903596593,-0.013458412541,-0.615568283733,-0.0224635464737,-0.0135388889614,0.231590976468,0.0661707631265,0.0274663847817,-0.0125743503047,-0.00496101593568,0,-0.0109602478176,-0.0125743503047,0,-0.0614546504621,-0.0759523881194,-225,-0.0289575289575,0.0148475690139,0,0,0,327,0,15,990,0.956140350877,1,0,0.0438596491228,1,0.956140350877,0.977578475336,0.970499664797,0.956140350877,0.956140350877,88,103,0,0,0,0
2726,WLNM_dir_neg,0.982090677726,0.95534155048,00:00:05,10,70,3,1239447238,threshold_sweep,0.8,1,0.844660194175,0.915789473684,87,0,16,206,0.844660194175,1,0,0.155339805825,1,0.844660194175,0.915789473684,0.948220064725,0.572815533981,0.878787878788,0.885315640765,0.844660194175,342,239,103,0,342,0,239,0,103,37,342,0.256756756757,1.72528881811,18.4864864865,15.5454545455,9.77142857143,5.36771015539,0.290358590277,0.142642642643,9.50849154237,1.02869645341,0.544491860281,8.05331334643,0.871264894205,0.461830251304,0.640599570326,0.371299902718,2,1.72528881811,0.640599570326,2,0.344071394247,0.376569037657,810,0.104247104247,0.56957682835,37,37,37,1,0,0.405405405405,0.540540540541,0.0540540540541,37,0.179429429429,1.76529199363,12.9189189189,10.8636363636,6.82857142857,3.98175267368,0.308210981017,0.163971502884,6.56418986537,1.0162134938,0.544611557164,5.73291953252,0.887523107545,0.476308944928,0.68432165179,0.387653518092,2,1.76529199363,0.68432165179,2,0.187790481212,0.173801094303,180,0.023166023166,0.331767154906,37,37,37,1,0,0.405405405405,0.540540540541,0.0540540540541,37,326,0.244744744745,1.7130710099,17.6216216216,14.8181818182,9.31428571429,4.84396159811,0.274887391304,0.127507875974,8.86264895765,1.00588347065,0.530260321671,8.29939033182,0.941955344409,0.490797546012,0.62683217413,0.365911378166,2,1.7130710099,0.62683217413,2,0.27700776944,0.293793103448,568,0.0731016731017,0.586028241527,37,37,37,1,0,0.405405405405,0.540540540541,0.0540540540541,-16,-0.012012012012,-0.0122178082148,-0.864864864865,-0.727272727273,-0.457142857143,-0.523748557283,-0.0154711989733,-0.0151347666685,-0.645842584724,-0.0228129827612,-0.01423153861,0.246076985384,0.070690450204,0.0289672947083,-0.0137673961965,-0.00538852455127,0,-0.0122178082148,-0.0137673961965,0,-0.0670636248077,-0.0827759342086,-242,-0.0311454311454,0.0164514131767,0,0,0,326,0,16,990,0.953216374269,1,0,0.046783625731,1,0.953216374269,0.976047904192,0.968532846771,0.953216374269,0.953216374269,87,103,0,0,0,0
2727,WLNM_dir_neg,0.982090677726,0.95534155048,00:00:05,10,70,3,1239447238,threshold_sweep,0.9,1,0.844660194175,0.915789473684,87,0,16,206,0.844660194175,1,0,0.155339805825,1,0.844660194175,0.915789473684,0.948220064725,0.572815533981,0.878787878788,0.885315640765,0.844660194175,342,239,103,0,342,0,239,0,103,37,342,0.256756756757,1.72528881811,18.4864864865,15.5454545455,9.77142857143,5.36771015539,0.290358590277,0.142642642643,9.50849154237,1.02869645341,0.544491860281,8.05331334643,0.871264894205,0.461830251304,0.640599570326,0.371299902718,2,1.72528881811,0.640599570326,2,0.344071394247,0.376569037657,810,0.104247104247,0.56957682835,37,37,37,1,0,0.405405405405,0.540540540541,0.0540540540541,37,0.179429429429,1.76529199363,12.9189189189,10.8636363636,6.82857142857,3.98175267368,0.308210981017,0.163971502884,6.56418986537,1.0162134938,0.544611557164,5.73291953252,0.887523107545,0.476308944928,0.68432165179,0.387653518092,2,1.76529199363,0.68432165179,2,0.187790481212,0.173801094303,180,0.023166023166,0.331767154906,37,37,37,1,0,0.405405405405,0.540540540541,0.0540540540541,37,326,0.244744744745,1.7130710099,17.6216216216,14.8181818182,9.31428571429,4.84396159811,0.274887391304,0.127507875974,8.86264895765,1.00588347065,0.530260321671,8.29939033182,0.941955344409,0.490797546012,0.62683217413,0.365911378166,2,1.7130710099,0.62683217413,2,0.27700776944,0.293793103448,568,0.0731016731017,0.586028241527,37,37,37,1,0,0.405405405405,0.540540540541,0.0540540540541,-16,-0.012012012012,-0.0122178082148,-0.864864864865,-0.727272727273,-0.457142857143,-0.523748557283,-0.0154711989733,-0.0151347666685,-0.645842584724,-0.0228129827612,-0.01423153861,0.246076985384,0.070690450204,0.0289672947083,-0.0137673961965,-0.00538852455127,0,-0.0122178082148,-0.0137673961965,0,-0.0670636248077,-0.0827759342086,-242,-0.0311454311454,0.0164514131767,0,0,0,326,0,16,990,0.953216374269,1,0,0.046783625731,1,0.953216374269,0.976047904192,0.968532846771,0.953216374269,0.953216374269,87,103,0,0,0,0
2728,WLNM_dir_neg,0.979168630408,0.647009084685,00:00:05,10,70,4,1239447239,threshold_sweep,0.1,0.979166666667,0.912621359223,0.94472361809,94,2,9,204,0.912621359223,0.990291262136,0.00970873786408,0.0873786407767,0.979166666667,0.912621359223,0.94472361809,0.964401294498,0.563106796117,0.918518518519,0.9197557851,0.902912621359,342,239,103,0,342,0,239,0,103,37,342,0.256756756757,1.72528881811,18.4864864865,15.5454545455,9.77142857143,5.36771015539,0.290358590277,0.142642642643,9.50849154237,1.02869645341,0.544491860281,8.05331334643,0.871264894205,0.461830251304,0.640599570326,0.371299902718,2,1.72528881811,0.640599570326,2,0.344071394247,0.376569037657,810,0.104247104247,0.56957682835,37,37,37,1,0,0.405405405405,0.540540540541,0.0540540540541,37,0.179429429429,1.78087302174,12.9189189189,10.8636363636,6.82857142857,3.96777560394,0.307129073945,0.162614497343,6.70238180962,1.03760722576,0.557050774624,5.66958059685,0.877717498257,0.470880922764,0.71300455287,0.400367990398,2.04900729431,1.78087302174,0.71300455287,2.04900729431,0.171514614858,0.172613307618,179,0.0230373230373,0.325381319412,37,37,37,1,0,0.405405405405,0.540540540541,0.0540540540541,37,335,0.251501501502,1.78270742026,18.1081081081,15.2272727273,9.30555555556,4.89775336129,0.270472946817,0.132634126664,9.06135244365,1.00080609079,0.53311819282,8.04137200132,0.888151534474,0.469060104881,0.717660080563,0.402567506259,2.49773410974,1.78270742026,0.717660080563,2.49773410974,0.315473329864,0.338063025903,683,0.0879021879022,0.565341516918,37,37,37,1,0,0.405405405405,0.567567567568,0.027027027027,-7,-0.00525525525526,0.0574186021444,-0.378378378378,-0.318181818182,-0.465873015873,-0.469956794107,-0.0198856434598,-0.0100085159787,-0.447139098721,-0.0278903626232,-0.0113736674616,-0.0119413451111,0.0168866402696,0.00722985357706,0.0770605102368,0.0312676035411,0.497734109741,0.0574186021444,0.0770605102368,0.497734109741,-0.0285980643832,-0.0385060117536,-127,-0.0163449163449,-0.00423531143232,0,0.027027027027,-0.027027027027,333,2,9,988,0.973684210526,0.99797979798,0.0020202020202,0.0263157894737,0.994029850746,0.973684210526,0.983751846381,0.978310655878,0.971664008506,0.968023255814,96,103,0,0,0,0
2729,WLNM_dir_neg,0.979168630408,0.647009084685,00:00:05,10,70,4,1239447239,threshold_sweep,0.2,0.989473684211,0.912621359223,0.949494949495,94,1,9,205,0.912621359223,0.995145631068,0.00485436893204,0.0873786407767,0.989473684211,0.912621359223,0.949494949495,0.967637540453,0.564185544768,0.925742574257,0.927380413786,0.907766990291,342,239,103,0,342,0,239,0,103,37,342,0.256756756757,1.72528881811,18.4864864865,15.5454545455,9.77142857143,5.36771015539,0.290358590277,0.142642642643,9.50849154237,1.02869645341,0.544491860281,8.05331334643,0.871264894205,0.461830251304,0.640599570326,0.371299902718,2,1.72528881811,0.640599570326,2,0.344071394247,0.376569037657,810,0.104247104247,0.56957682835,37,37,37,1,0,0.405405405405,0.540540540541,0.0540540540541,37,0.179429429429,1.78087302174,12.9189189189,10.8636363636,6.82857142857,3.96777560394,0.307129073945,0.162614497343,6.70238180962,1.03760722576,0.557050774624,5.66958059685,0.877717498257,0.470880922764,0.71300455287,0.400367990398,2.04900729431,1.78087302174,0.71300455287,2.04900729431,0.171514614858,0.172613307618,179,0.0230373230373,0.325381319412,37,37,37,1,0,0.405405405405,0.540540540541,0.0540540540541,37,334,0.250750750751,1.72286703081,18.0540540541,15.1818181818,9.54285714286,4.87593834813,0.270074429462,0.1327884771,9.08443872933,1.006359979,0.535199870529,8.07082016515,0.894072892546,0.473215730701,0.639659002857,0.371275897338,2.06896551724,1.72286703081,0.639659002857,2.06896551724,0.315473329864,0.338063025903,683,0.0879021879022,0.566166998625,37,37,37,1,0,0.405405405405,0.540540540541,0.0540540540541,-8,-0.00600600600601,-0.00242178730972,-0.432432432432,-0.363636363636,-0.228571428571,-0.491771807262,-0.0202841608148,-0.00985416554279,-0.424052813041,-0.0223364744167,-0.00929198975212,0.0175068187124,0.0228079983413,0.0113854793968,-0.000940567469142,-2.40053793476e-05,0.0689655172414,-0.00242178730972,-0.000940567469142,0.0689655172414,-0.0285980643832,-0.0385060117536,-127,-0.0163449163449,-0.00340982972448,0,0,0,333,1,9,989,0.973684210526,0.99898989899,0.0010101010101,0.0263157894737,0.997005988024,0.973684210526,0.985207100592,0.980301127908,0.972674109516,0.97084548105,95,103,0,0,0,0
2730,WLNM_dir_neg,0.979168630408,0.647009084685,00:00:05,10,70,4,1239447239,threshold_sweep,0.3,0.989473684211,0.912621359223,0.949494949495,94,1,9,205,0.912621359223,0.995145631068,0.00485436893204,0.0873786407767,0.989473684211,0.912621359223,0.949494949495,0.967637540453,0.564185544768,0.925742574257,0.927380413786,0.907766990291,342,239,103,0,342,0,239,0,103,37,342,0.256756756757,1.72528881811,18.4864864865,15.5454545455,9.77142857143,5.36771015539,0.290358590277,0.142642642643,9.50849154237,1.02869645341,0.544491860281,8.05331334643,0.871264894205,0.461830251304,0.640599570326,0.371299902718,2,1.72528881811,0.640599570326,2,0.344071394247,0.376569037657,810,0.104247104247,0.56957682835,37,37,37,1,0,0.405405405405,0.540540540541,0.0540540540541,37,0.179429429429,1.78087302174,12.9189189189,10.8636363636,6.82857142857,3.96777560394,0.307129073945,0.162614497343,6.70238180962,1.03760722576,0.557050774624,5.66958059685,0.877717498257,0.470880922764,0.71300455287,0.400367990398,2.04900729431,1.78087302174,0.71300455287,2.04900729431,0.171514614858,0.172613307618,179,0.0230373230373,0.325381319412,37,37,37,1,0,0.405405405405,0.540540540541,0.0540540540541,37,334,0.250750750751,1.72286703081,18.0540540541,15.1818181818,9.54285714286,4.87593834813,0.270074429462,0.1327884771,9.08443872933,1.006359979,0.535199870529,8.07082016515,0.894072892546,0.473215730701,0.639659002857,0.371275897338,2.06896551724,1.72286703081,0.639659002857,2.06896551724,0.315473329864,0.338063025903,683,0.0879021879022,0.566166998625,37,37,37,1,0,0.405405405405,0.540540540541,0.0540540540541,-8,-0.00600600600601,-0.00242178730972,-0.432432432432,-0.363636363636,-0.228571428571,-0.491771807262,-0.0202841608148,-0.00985416554279,-0.424052813041,-0.0223364744167,-0.00929198975212,0.0175068187124,0.0228079983413,0.0113854793968,-0.000940567469142,-2.40053793476e-05,0.0689655172414,-0.00242178730972,-0.000940567469142,0.0689655172414,-0.0285980643832,-0.0385060117536,-127,-0.0163449163449,-0.00340982972448,0,0,0,333,1,9,989,0.973684210526,0.99898989899,0.0010101010101,0.0263157894737,0.997005988024,0.973684210526,0.985207100592,0.980301127908,0.972674109516,0.97084548105,95,103,0,0,0,0
2731,WLNM_dir_neg,0.979168630408,0.647009084685,00:00:05,10,70,4,1239447239,threshold_sweep,0.4,0.989361702128,0.902912621359,0.944162436548,93,1,10,205,0.902912621359,0.995145631068,0.00485436893204,0.0970873786408,0.989361702128,0.902912621359,0.944162436548,0.964401294498,0.56526429342,0.918114143921,0.920181661388,0.898058252427,342,239,103,0,342,0,239,0,103,37,342,0.256756756757,1.72528881811,18.4864864865,15.5454545455,9.77142857143,5.36771015539,0.290358590277,0.142642642643,9.50849154237,1.02869645341,0.544491860281,8.05331334643,0.871264894205,0.461830251304,0.640599570326,0.371299902718,2,1.72528881811,0.640599570326,2,0.344071394247,0.376569037657,810,0.104247104247,0.56957682835,37,37,37,1,0,0.405405405405,0.540540540541,0.0540540540541,37,0.179429429429,1.78087302174,12.9189189189,10.8636363636,6.82857142857,3.96777560394,0.307129073945,0.162614497343,6.70238180962,1.03760722576,0.557050774624,5.66958059685,0.877717498257,0.470880922764,0.71300455287,0.400367990398,2.04900729431,1.78087302174,0.71300455287,2.04900729431,0.171514614858,0.172613307618,179,0.0230373230373,0.325381319412,37,37,37,1,0,0.405405405405,0.540540540541,0.0540540540541,37,333,0.25,1.72221432658,18,15.1363636364,9.51428571429,4.80162009696,0.266756672053,0.130590049509,9.0308114561,1.00342349512,0.533885236588,8.08977406634,0.898863785149,0.474961447934,0.638761904531,0.370895709478,2.06896551724,1.72221432658,0.638761904531,2.06896551724,0.311072315419,0.331781140861,665,0.0855855855856,0.567006977369,37,37,37,1,0,0.405405405405,0.540540540541,0.0540540540541,-9,-0.00675675675676,-0.00307449153229,-0.486486486486,-0.409090909091,-0.257142857143,-0.566090058431,-0.0236019182236,-0.0120525931337,-0.477680086279,-0.025272958293,-0.0106066236934,0.0364607199068,0.0275988909441,0.0131311966305,-0.00183766579478,-0.000404193239591,0.0689655172414,-0.00307449153229,-0.00183766579478,0.0689655172414,-0.0329990788286,-0.0447878967954,-145,-0.0186615186615,-0.00256985098048,0,0,0,332,1,10,989,0.970760233918,0.99898989899,0.0010101010101,0.0292397660819,0.996996996997,0.970760233918,0.983703703704,0.978330599444,0.969750132908,0.967930029155,94,103,0,0,0,0
2732,WLNM_dir_neg,0.979168630408,0.647009084685,00:00:05,10,70,4,1239447239,threshold_sweep,0.5,0.989361702128,0.902912621359,0.944162436548,93,1,10,205,0.902912621359,0.995145631068,0.00485436893204,0.0970873786408,0.989361702128,0.902912621359,0.944162436548,0.964401294498,0.56526429342,0.918114143921,0.920181661388,0.898058252427,342,239,103,0,342,0,239,0,103,37,342,0.256756756757,1.72528881811,18.4864864865,15.5454545455,9.77142857143,5.36771015539,0.290358590277,0.142642642643,9.50849154237,1.02869645341,0.544491860281,8.05331334643,0.871264894205,0.461830251304,0.640599570326,0.371299902718,2,1.72528881811,0.640599570326,2,0.344071394247,0.376569037657,810,0.104247104247,0.56957682835,37,37,37,1,0,0.405405405405,0.540540540541,0.0540540540541,37,0.179429429429,1.78087302174,12.9189189189,10.8636363636,6.82857142857,3.96777560394,0.307129073945,0.162614497343,6.70238180962,1.03760722576,0.557050774624,5.66958059685,0.877717498257,0.470880922764,0.71300455287,0.400367990398,2.04900729431,1.78087302174,0.71300455287,2.04900729431,0.171514614858,0.172613307618,179,0.0230373230373,0.325381319412,37,37,37,1,0,0.405405405405,0.540540540541,0.0540540540541,37,333,0.25,1.72221432658,18,15.1363636364,9.51428571429,4.80162009696,0.266756672053,0.130590049509,9.0308114561,1.00342349512,0.533885236588,8.08977406634,0.898863785149,0.474961447934,0.638761904531,0.370895709478,2.06896551724,1.72221432658,0.638761904531,2.06896551724,0.311072315419,0.331781140861,665,0.0855855855856,0.567006977369,37,37,37,1,0,0.405405405405,0.540540540541,0.0540540540541,-9,-0.00675675675676,-0.00307449153229,-0.486486486486,-0.409090909091,-0.257142857143,-0.566090058431,-0.0236019182236,-0.0120525931337,-0.477680086279,-0.025272958293,-0.0106066236934,0.0364607199068,0.0275988909441,0.0131311966305,-0.00183766579478,-0.000404193239591,0.0689655172414,-0.00307449153229,-0.00183766579478,0.0689655172414,-0.0329990788286,-0.0447878967954,-145,-0.0186615186615,-0.00256985098048,0,0,0,332,1,10,989,0.970760233918,0.99898989899,0.0010101010101,0.0292397660819,0.996996996997,0.970760233918,0.983703703704,0.978330599444,0.969750132908,0.967930029155,94,103,0,0,0,0
2733,WLNM_dir_neg,0.979168630408,0.647009084685,00:00:05,10,70,4,1239447239,threshold_sweep,0.6,0.989247311828,0.893203883495,0.938775510204,92,1,11,205,0.893203883495,0.995145631068,0.00485436893204,0.106796116505,0.989247311828,0.893203883495,0.938775510204,0.961165048544,0.566343042071,0.910447761194,0.912993618636,0.888349514563,342,239,103,0,342,0,239,0,103,37,342,0.256756756757,1.72528881811,18.4864864865,15.5454545455,9.77142857143,5.36771015539,0.290358590277,0.142642642643,9.50849154237,1.02869645341,0.544491860281,8.05331334643,0.871264894205,0.461830251304,0.640599570326,0.371299902718,2,1.72528881811,0.640599570326,2,0.344071394247,0.376569037657,810,0.104247104247,0.56957682835,37,37,37,1,0,0.405405405405,0.540540540541,0.0540540540541,37,0.179429429429,1.78087302174,12.9189189189,10.8636363636,6.82857142857,3.96777560394,0.307129073945,0.162614497343,6.70238180962,1.03760722576,0.557050774624,5.66958059685,0.877717498257,0.470880922764,0.71300455287,0.400367990398,2.04900729431,1.78087302174,0.71300455287,2.04900729431,0.171514614858,0.172613307618,179,0.0230373230373,0.325381319412,37,37,37,1,0,0.405405405405,0.540540540541,0.0540540540541,37,332,0.249249249249,1.73624759062,17.9459459459,15.0909090909,9.48571428571,4.94382862177,0.275484426213,0.133751221101,9.05380977663,1.00900892089,0.535818951482,8.09144433778,0.901757350898,0.475903614458,0.66126768141,0.380860244232,2.06896551724,1.73624759062,0.66126768141,2.06896551724,0.320422574769,0.331834082959,664,0.0854568854569,0.563867215972,37,37,37,1,0,0.405405405405,0.540540540541,0.0540540540541,-10,-0.00750750750751,0.010958772501,-0.540540540541,-0.454545454545,-0.285714285714,-0.423881533622,-0.014874164064,-0.00889142154202,-0.454681765741,-0.0196875325249,-0.00867290879973,0.0381309913507,0.0304924566928,0.0140733631539,0.0206681110836,0.00956034151454,0.0689655172414,0.010958772501,0.0206681110836,0.0689655172414,-0.0236488194784,-0.0447349546984,-146,-0.0187902187902,-0.00570961237822,0,0,0,331,1,11,989,0.96783625731,0.99898989899,0.0010101010101,0.0321637426901,0.996987951807,0.96783625731,0.982195845697,0.976360047116,0.9668261563,0.965014577259,93,103,0,0,0,0
2734,WLNM_dir_neg,0.979168630408,0.647009084685,00:00:05,10,70,4,1239447239,threshold_sweep,0.7,1,0.893203883495,0.94358974359,92,0,11,206,0.893203883495,1,0,0.106796116505,1,0.893203883495,0.94358974359,0.964401294498,0.567421790723,0.917705735661,0.920829119479,0.893203883495,342,239,103,0,342,0,239,0,103,37,342,0.256756756757,1.72528881811,18.4864864865,15.5454545455,9.77142857143,5.36771015539,0.290358590277,0.142642642643,9.50849154237,1.02869645341,0.544491860281,8.05331334643,0.871264894205,0.461830251304,0.640599570326,0.371299902718,2,1.72528881811,0.640599570326,2,0.344071394247,0.376569037657,810,0.104247104247,0.56957682835,37,37,37,1,0,0.405405405405,0.540540540541,0.0540540540541,37,0.179429429429,1.78087302174,12.9189189189,10.8636363636,6.82857142857,3.96777560394,0.307129073945,0.162614497343,6.70238180962,1.03760722576,0.557050774624,5.66958059685,0.877717498257,0.470880922764,0.71300455287,0.400367990398,2.04900729431,1.78087302174,0.71300455287,2.04900729431,0.171514614858,0.172613307618,179,0.0230373230373,0.325381319412,37,37,37,1,0,0.405405405405,0.540540540541,0.0540540540541,37,331,0.248498498498,1.73405422854,17.8918918919,15.0454545455,9.45714285714,5.02097701749,0.280628624845,0.13619661958,9.07666711331,1.01461233593,0.537601045154,8.11358923845,0.906957105205,0.478484526823,0.657214430438,0.379004543007,2,1.73405422854,0.657214430438,2,0.320422574769,0.331834082959,664,0.0854568854569,0.565613723276,37,37,37,1,0,0.405405405405,0.540540540541,0.0540540540541,-11,-0.00825825825826,0.00876541042681,-0.594594594595,-0.5,-0.314285714286,-0.346733137899,-0.00972996543225,-0.00644602306234,-0.431824429062,-0.0140841174856,-0.00689081512742,0.0602758920181,0.0356922109998,0.016654275519,0.0166148601115,0.00770464028911,0,0.00876541042681,0.0166148601115,0,-0.0236488194784,-0.0447349546984,-146,-0.0187902187902,-0.00396310507391,0,0,0,331,0,11,990,0.96783625731,1,0,0.0321637426901,1,0.96783625731,0.983655274889,0.978366339386,0.96783625731,0.96783625731,92,103,0,0,0,0
2735,WLNM_dir_neg,0.979168630408,0.647009084685,00:00:05,10,70,4,1239447239,threshold_sweep,0.8,1,0.883495145631,0.938144329897,91,0,12,206,0.883495145631,1,0,0.116504854369,1,0.883495145631,0.938144329897,0.961165048544,0.568500539374,0.91,0.91370804162,0.883495145631,342,239,103,0,342,0,239,0,103,37,342,0.256756756757,1.72528881811,18.4864864865,15.5454545455,9.77142857143,5.36771015539,0.290358590277,0.142642642643,9.50849154237,1.02869645341,0.544491860281,8.05331334643,0.871264894205,0.461830251304,0.640599570326,0.371299902718,2,1.72528881811,0.640599570326,2,0.344071394247,0.376569037657,810,0.104247104247,0.56957682835,37,37,37,1,0,0.405405405405,0.540540540541,0.0540540540541,37,0.179429429429,1.78087302174,12.9189189189,10.8636363636,6.82857142857,3.96777560394,0.307129073945,0.162614497343,6.70238180962,1.03760722576,0.557050774624,5.66958059685,0.877717498257,0.470880922764,0.71300455287,0.400367990398,2.04900729431,1.78087302174,0.71300455287,2.04900729431,0.171514614858,0.172613307618,179,0.0230373230373,0.325381319412,37,37,37,1,0,0.405405405405,0.540540540541,0.0540540540541,37,330,0.247747747748,1.73300870922,17.8378378378,15,9.42857142857,4.98616705114,0.279527546806,0.13579033579,9.03505020086,1.0130207801,0.536609336609,8.13558158263,0.912171268356,0.480917280917,0.656044580713,0.378558155666,2,1.73300870922,0.656044580713,2,0.315842571203,0.326010397451,648,0.0833976833977,0.56709288398,37,37,37,1,0,0.405405405405,0.540540540541,0.0540540540541,-12,-0.00900900900901,0.00771989110103,-0.648648648649,-0.545454545455,-0.342857142857,-0.381543104255,-0.0108310434709,-0.00685230685231,-0.473441341511,-0.0156756733179,-0.007882523672,0.0822682361994,0.040906374151,0.0190870296133,0.0154450103872,0.00725825294789,0,0.00771989110103,0.0154450103872,0,-0.0282288230441,-0.050558640206,-162,-0.0208494208494,-0.00248394437017,0,0,0,330,0,12,990,0.964912280702,1,0,0.0350877192982,1,0.964912280702,0.982142857143,0.976399736279,0.964912280702,0.964912280702,91,103,0,0,0,0
2736,WLNM_dir_neg,0.979168630408,0.647009084685,00:00:05,10,70,4,1239447239,threshold_sweep,0.9,1,0.883495145631,0.938144329897,91,0,12,206,0.883495145631,1,0,0.116504854369,1,0.883495145631,0.938144329897,0.961165048544,0.568500539374,0.91,0.91370804162,0.883495145631,342,239,103,0,342,0,239,0,103,37,342,0.256756756757,1.72528881811,18.4864864865,15.5454545455,9.77142857143,5.36771015539,0.290358590277,0.142642642643,9.50849154237,1.02869645341,0.544491860281,8.05331334643,0.871264894205,0.461830251304,0.640599570326,0.371299902718,2,1.72528881811,0.640599570326,2,0.344071394247,0.376569037657,810,0.104247104247,0.56957682835,37,37,37,1,0,0.405405405405,0.540540540541,0.0540540540541,37,0.179429429429,1.78087302174,12.9189189189,10.8636363636,6.82857142857,3.96777560394,0.307129073945,0.162614497343,6.70238180962,1.03760722576,0.557050774624,5.66958059685,0.877717498257,0.470880922764,0.71300455287,0.400367990398,2.04900729431,1.78087302174,0.71300455287,2.04900729431,0.171514614858,0.172613307618,179,0.0230373230373,0.325381319412,37,37,37,1,0,0.405405405405,0.540540540541,0.0540540540541,37,330,0.247747747748,1.73300870922,17.8378378378,15,9.42857142857,4.98616705114,0.279527546806,0.13579033579,9.03505020086,1.0130207801,0.536609336609,8.13558158263,0.912171268356,0.480917280917,0.656044580713,0.378558155666,2,1.73300870922,0.656044580713,2,0.315842571203,0.326010397451,648,0.0833976833977,0.56709288398,37,37,37,1,0,0.405405405405,0.540540540541,0.0540540540541,-12,-0.00900900900901,0.00771989110103,-0.648648648649,-0.545454545455,-0.342857142857,-0.381543104255,-0.0108310434709,-0.00685230685231,-0.473441341511,-0.0156756733179,-0.007882523672,0.0822682361994,0.040906374151,0.0190870296133,0.0154450103872,0.00725825294789,0,0.00771989110103,0.0154450103872,0,-0.0282288230441,-0.050558640206,-162,-0.0208494208494,-0.00248394437017,0,0,0,330,0,12,990,0.964912280702,1,0,0.0350877192982,1,0.964912280702,0.982142857143,0.976399736279,0.964912280702,0.964912280702,91,103,0,0,0,0
2737,WLNM_dir_neg,0.980111226317,0.96275964261,00:00:05,10,70,5,1239447240,threshold_sweep,0.1,1,0.834951456311,0.910052910053,86,0,17,206,0.834951456311,1,0,0.165048543689,1,0.834951456311,0.910052910053,0.94498381877,0.573894282632,0.870886075949,0.8782371254,0.834951456311,342,239,103,0,342,0,239,0,103,37,342,0.256756756757,1.72528881811,18.4864864865,15.5454545455,9.77142857143,5.36771015539,0.290358590277,0.142642642643,9.50849154237,1.02869645341,0.544491860281,8.05331334643,0.871264894205,0.461830251304,0.640599570326,0.371299902718,2,1.72528881811,0.640599570326,2,0.344071394247,0.376569037657,810,0.104247104247,0.56957682835,37,37,37,1,0,0.405405405405,0.540540540541,0.0540540540541,37,0.179429429429,1.74820129244,12.9189189189,10.8636363636,6.82857142857,3.82519700566,0.29609265525,0.159108899695,6.5726478454,1.0175228882,0.546194730295,5.93761359936,0.919212147181,0.492819179012,0.66518259158,0.380495423757,2,1.74820129244,0.66518259158,2,0.167652814789,0.162083468133,167,0.0214929214929,0.344287613469,37,37,37,1,0,0.405405405405,0.540540540541,0.0540540540541,37,325,0.243993993994,1.71429011246,17.5675675676,14.7727272727,9.28571428571,4.84504638517,0.275794948079,0.131392931393,8.82904026222,1.00515227601,0.530893970894,8.1654255354,0.929602291723,0.488648648649,0.627978814069,0.366320035043,2,1.71429011246,0.627978814069,2,0.283857574825,0.307852314093,592,0.0761904761905,0.570882146404,37,37,37,1,0,0.405405405405,0.540540540541,0.0540540540541,-17,-0.0127627627628,-0.0109987056582,-0.918918918919,-0.772727272727,-0.485714285714,-0.522663770221,-0.0145636421981,-0.0112497112497,-0.679451280152,-0.0235441774079,-0.0135978893874,0.112112188966,0.0583373975177,0.0268183973447,-0.0126207562573,-0.00497986767487,0,-0.0109987056582,-0.0126207562573,0,-0.060213819422,-0.0687167235643,-218,-0.0280566280566,0.00130531805422,0,0,0,325,0,17,990,0.950292397661,1,0,0.0497076023392,1,0.950292397661,0.974512743628,0.966565944778,0.950292397661,0.950292397661,86,103,0,0,0,0
2738,WLNM_dir_neg,0.980111226317,0.96275964261,00:00:05,10,70,5,1239447240,threshold_sweep,0.2,1,0.834951456311,0.910052910053,86,0,17,206,0.834951456311,1,0,0.165048543689,1,0.834951456311,0.910052910053,0.94498381877,0.573894282632,0.870886075949,0.8782371254,0.834951456311,342,239,103,0,342,0,239,0,103,37,342,0.256756756757,1.72528881811,18.4864864865,15.5454545455,9.77142857143,5.36771015539,0.290358590277,0.142642642643,9.50849154237,1.02869645341,0.544491860281,8.05331334643,0.871264894205,0.461830251304,0.640599570326,0.371299902718,2,1.72528881811,0.640599570326,2,0.344071394247,0.376569037657,810,0.104247104247,0.56957682835,37,37,37,1,0,0.405405405405,0.540540540541,0.0540540540541,37,0.179429429429,1.74820129244,12.9189189189,10.8636363636,6.82857142857,3.82519700566,0.29609265525,0.159108899695,6.5726478454,1.0175228882,0.546194730295,5.93761359936,0.919212147181,0.492819179012,0.66518259158,0.380495423757,2,1.74820129244,0.66518259158,2,0.167652814789,0.162083468133,167,0.0214929214929,0.344287613469,37,37,37,1,0,0.405405405405,0.540540540541,0.0540540540541,37,325,0.243993993994,1.71429011246,17.5675675676,14.7727272727,9.28571428571,4.84504638517,0.275794948079,0.131392931393,8.82904026222,1.00515227601,0.530893970894,8.1654255354,0.929602291723,0.488648648649,0.627978814069,0.366320035043,2,1.71429011246,0.627978814069,2,0.283857574825,0.307852314093,592,0.0761904761905,0.570882146404,37,37,37,1,0,0.405405405405,0.540540540541,0.0540540540541,-17,-0.0127627627628,-0.0109987056582,-0.918918918919,-0.772727272727,-0.485714285714,-0.522663770221,-0.0145636421981,-0.0112497112497,-0.679451280152,-0.0235441774079,-0.0135978893874,0.112112188966,0.0583373975177,0.0268183973447,-0.0126207562573,-0.00497986767487,0,-0.0109987056582,-0.0126207562573,0,-0.060213819422,-0.0687167235643,-218,-0.0280566280566,0.00130531805422,0,0,0,325,0,17,990,0.950292397661,1,0,0.0497076023392,1,0.950292397661,0.974512743628,0.966565944778,0.950292397661,0.950292397661,86,103,0,0,0,0
2739,WLNM_dir_neg,0.980111226317,0.96275964261,00:00:05,10,70,5,1239447240,threshold_sweep,0.3,1,0.834951456311,0.910052910053,86,0,17,206,0.834951456311,1,0,0.165048543689,1,0.834951456311,0.910052910053,0.94498381877,0.573894282632,0.870886075949,0.8782371254,0.834951456311,342,239,103,0,342,0,239,0,103,37,342,0.256756756757,1.72528881811,18.4864864865,15.5454545455,9.77142857143,5.36771015539,0.290358590277,0.142642642643,9.50849154237,1.02869645341,0.544491860281,8.05331334643,0.871264894205,0.461830251304,0.640599570326,0.371299902718,2,1.72528881811,0.640599570326,2,0.344071394247,0.376569037657,810,0.104247104247,0.56957682835,37,37,37,1,0,0.405405405405,0.540540540541,0.0540540540541,37,0.179429429429,1.74820129244,12.9189189189,10.8636363636,6.82857142857,3.82519700566,0.29609265525,0.159108899695,6.5726478454,1.0175228882,0.546194730295,5.93761359936,0.919212147181,0.492819179012,0.66518259158,0.380495423757,2,1.74820129244,0.66518259158,2,0.167652814789,0.162083468133,167,0.0214929214929,0.344287613469,37,37,37,1,0,0.405405405405,0.540540540541,0.0540540540541,37,325,0.243993993994,1.71429011246,17.5675675676,14.7727272727,9.28571428571,4.84504638517,0.275794948079,0.131392931393,8.82904026222,1.00515227601,0.530893970894,8.1654255354,0.929602291723,0.488648648649,0.627978814069,0.366320035043,2,1.71429011246,0.627978814069,2,0.283857574825,0.307852314093,592,0.0761904761905,0.570882146404,37,37,37,1,0,0.405405405405,0.540540540541,0.0540540540541,-17,-0.0127627627628,-0.0109987056582,-0.918918918919,-0.772727272727,-0.485714285714,-0.522663770221,-0.0145636421981,-0.0112497112497,-0.679451280152,-0.0235441774079,-0.0135978893874,0.112112188966,0.0583373975177,0.0268183973447,-0.0126207562573,-0.00497986767487,0,-0.0109987056582,-0.0126207562573,0,-0.060213819422,-0.0687167235643,-218,-0.0280566280566,0.00130531805422,0,0,0,325,0,17,990,0.950292397661,1,0,0.0497076023392,1,0.950292397661,0.974512743628,0.966565944778,0.950292397661,0.950292397661,86,103,0,0,0,0
2740,WLNM_dir_neg,0.980111226317,0.96275964261,00:00:05,10,70,5,1239447240,threshold_sweep,0.4,1,0.834951456311,0.910052910053,86,0,17,206,0.834951456311,1,0,0.165048543689,1,0.834951456311,0.910052910053,0.94498381877,0.573894282632,0.870886075949,0.8782371254,0.834951456311,342,239,103,0,342,0,239,0,103,37,342,0.256756756757,1.72528881811,18.4864864865,15.5454545455,9.77142857143,5.36771015539,0.290358590277,0.142642642643,9.50849154237,1.02869645341,0.544491860281,8.05331334643,0.871264894205,0.461830251304,0.640599570326,0.371299902718,2,1.72528881811,0.640599570326,2,0.344071394247,0.376569037657,810,0.104247104247,0.56957682835,37,37,37,1,0,0.405405405405,0.540540540541,0.0540540540541,37,0.179429429429,1.74820129244,12.9189189189,10.8636363636,6.82857142857,3.82519700566,0.29609265525,0.159108899695,6.5726478454,1.0175228882,0.546194730295,5.93761359936,0.919212147181,0.492819179012,0.66518259158,0.380495423757,2,1.74820129244,0.66518259158,2,0.167652814789,0.162083468133,167,0.0214929214929,0.344287613469,37,37,37,1,0,0.405405405405,0.540540540541,0.0540540540541,37,325,0.243993993994,1.71429011246,17.5675675676,14.7727272727,9.28571428571,4.84504638517,0.275794948079,0.131392931393,8.82904026222,1.00515227601,0.530893970894,8.1654255354,0.929602291723,0.488648648649,0.627978814069,0.366320035043,2,1.71429011246,0.627978814069,2,0.283857574825,0.307852314093,592,0.0761904761905,0.570882146404,37,37,37,1,0,0.405405405405,0.540540540541,0.0540540540541,-17,-0.0127627627628,-0.0109987056582,-0.918918918919,-0.772727272727,-0.485714285714,-0.522663770221,-0.0145636421981,-0.0112497112497,-0.679451280152,-0.0235441774079,-0.0135978893874,0.112112188966,0.0583373975177,0.0268183973447,-0.0126207562573,-0.00497986767487,0,-0.0109987056582,-0.0126207562573,0,-0.060213819422,-0.0687167235643,-218,-0.0280566280566,0.00130531805422,0,0,0,325,0,17,990,0.950292397661,1,0,0.0497076023392,1,0.950292397661,0.974512743628,0.966565944778,0.950292397661,0.950292397661,86,103,0,0,0,0
2741,WLNM_dir_neg,0.980111226317,0.96275964261,00:00:05,10,70,5,1239447240,threshold_sweep,0.5,1,0.834951456311,0.910052910053,86,0,17,206,0.834951456311,1,0,0.165048543689,1,0.834951456311,0.910052910053,0.94498381877,0.573894282632,0.870886075949,0.8782371254,0.834951456311,342,239,103,0,342,0,239,0,103,37,342,0.256756756757,1.72528881811,18.4864864865,15.5454545455,9.77142857143,5.36771015539,0.290358590277,0.142642642643,9.50849154237,1.02869645341,0.544491860281,8.05331334643,0.871264894205,0.461830251304,0.640599570326,0.371299902718,2,1.72528881811,0.640599570326,2,0.344071394247,0.376569037657,810,0.104247104247,0.56957682835,37,37,37,1,0,0.405405405405,0.540540540541,0.0540540540541,37,0.179429429429,1.74820129244,12.9189189189,10.8636363636,6.82857142857,3.82519700566,0.29609265525,0.159108899695,6.5726478454,1.0175228882,0.546194730295,5.93761359936,0.919212147181,0.492819179012,0.66518259158,0.380495423757,2,1.74820129244,0.66518259158,2,0.167652814789,0.162083468133,167,0.0214929214929,0.344287613469,37,37,37,1,0,0.405405405405,0.540540540541,0.0540540540541,37,325,0.243993993994,1.71429011246,17.5675675676,14.7727272727,9.28571428571,4.84504638517,0.275794948079,0.131392931393,8.82904026222,1.00515227601,0.530893970894,8.1654255354,0.929602291723,0.488648648649,0.627978814069,0.366320035043,2,1.71429011246,0.627978814069,2,0.283857574825,0.307852314093,592,0.0761904761905,0.570882146404,37,37,37,1,0,0.405405405405,0.540540540541,0.0540540540541,-17,-0.0127627627628,-0.0109987056582,-0.918918918919,-0.772727272727,-0.485714285714,-0.522663770221,-0.0145636421981,-0.0112497112497,-0.679451280152,-0.0235441774079,-0.0135978893874,0.112112188966,0.0583373975177,0.0268183973447,-0.0126207562573,-0.00497986767487,0,-0.0109987056582,-0.0126207562573,0,-0.060213819422,-0.0687167235643,-218,-0.0280566280566,0.00130531805422,0,0,0,325,0,17,990,0.950292397661,1,0,0.0497076023392,1,0.950292397661,0.974512743628,0.966565944778,0.950292397661,0.950292397661,86,103,0,0,0,0
2742,WLNM_dir_neg,0.980111226317,0.96275964261,00:00:05,10,70,5,1239447240,threshold_sweep,0.6,1,0.834951456311,0.910052910053,86,0,17,206,0.834951456311,1,0,0.165048543689,1,0.834951456311,0.910052910053,0.94498381877,0.573894282632,0.870886075949,0.8782371254,0.834951456311,342,239,103,0,342,0,239,0,103,37,342,0.256756756757,1.72528881811,18.4864864865,15.5454545455,9.77142857143,5.36771015539,0.290358590277,0.142642642643,9.50849154237,1.02869645341,0.544491860281,8.05331334643,0.871264894205,0.461830251304,0.640599570326,0.371299902718,2,1.72528881811,0.640599570326,2,0.344071394247,0.376569037657,810,0.104247104247,0.56957682835,37,37,37,1,0,0.405405405405,0.540540540541,0.0540540540541,37,0.179429429429,1.74820129244,12.9189189189,10.8636363636,6.82857142857,3.82519700566,0.29609265525,0.159108899695,6.5726478454,1.0175228882,0.546194730295,5.93761359936,0.919212147181,0.492819179012,0.66518259158,0.380495423757,2,1.74820129244,0.66518259158,2,0.167652814789,0.162083468133,167,0.0214929214929,0.344287613469,37,37,37,1,0,0.405405405405,0.540540540541,0.0540540540541,37,325,0.243993993994,1.71429011246,17.5675675676,14.7727272727,9.28571428571,4.84504638517,0.275794948079,0.131392931393,8.82904026222,1.00515227601,0.530893970894,8.1654255354,0.929602291723,0.488648648649,0.627978814069,0.366320035043,2,1.71429011246,0.627978814069,2,0.283857574825,0.307852314093,592,0.0761904761905,0.570882146404,37,37,37,1,0,0.405405405405,0.540540540541,0.0540540540541,-17,-0.0127627627628,-0.0109987056582,-0.918918918919,-0.772727272727,-0.485714285714,-0.522663770221,-0.0145636421981,-0.0112497112497,-0.679451280152,-0.0235441774079,-0.0135978893874,0.112112188966,0.0583373975177,0.0268183973447,-0.0126207562573,-0.00497986767487,0,-0.0109987056582,-0.0126207562573,0,-0.060213819422,-0.0687167235643,-218,-0.0280566280566,0.00130531805422,0,0,0,325,0,17,990,0.950292397661,1,0,0.0497076023392,1,0.950292397661,0.974512743628,0.966565944778,0.950292397661,0.950292397661,86,103,0,0,0,0
2743,WLNM_dir_neg,0.980111226317,0.96275964261,00:00:05,10,70,5,1239447240,threshold_sweep,0.7,1,0.834951456311,0.910052910053,86,0,17,206,0.834951456311,1,0,0.165048543689,1,0.834951456311,0.910052910053,0.94498381877,0.573894282632,0.870886075949,0.8782371254,0.834951456311,342,239,103,0,342,0,239,0,103,37,342,0.256756756757,1.72528881811,18.4864864865,15.5454545455,9.77142857143,5.36771015539,0.290358590277,0.142642642643,9.50849154237,1.02869645341,0.544491860281,8.05331334643,0.871264894205,0.461830251304,0.640599570326,0.371299902718,2,1.72528881811,0.640599570326,2,0.344071394247,0.376569037657,810,0.104247104247,0.56957682835,37,37,37,1,0,0.405405405405,0.540540540541,0.0540540540541,37,0.179429429429,1.74820129244,12.9189189189,10.8636363636,6.82857142857,3.82519700566,0.29609265525,0.159108899695,6.5726478454,1.0175228882,0.546194730295,5.93761359936,0.919212147181,0.492819179012,0.66518259158,0.380495423757,2,1.74820129244,0.66518259158,2,0.167652814789,0.162083468133,167,0.0214929214929,0.344287613469,37,37,37,1,0,0.405405405405,0.540540540541,0.0540540540541,37,325,0.243993993994,1.71429011246,17.5675675676,14.7727272727,9.28571428571,4.84504638517,0.275794948079,0.131392931393,8.82904026222,1.00515227601,0.530893970894,8.1654255354,0.929602291723,0.488648648649,0.627978814069,0.366320035043,2,1.71429011246,0.627978814069,2,0.283857574825,0.307852314093,592,0.0761904761905,0.570882146404,37,37,37,1,0,0.405405405405,0.540540540541,0.0540540540541,-17,-0.0127627627628,-0.0109987056582,-0.918918918919,-0.772727272727,-0.485714285714,-0.522663770221,-0.0145636421981,-0.0112497112497,-0.679451280152,-0.0235441774079,-0.0135978893874,0.112112188966,0.0583373975177,0.0268183973447,-0.0126207562573,-0.00497986767487,0,-0.0109987056582,-0.0126207562573,0,-0.060213819422,-0.0687167235643,-218,-0.0280566280566,0.00130531805422,0,0,0,325,0,17,990,0.950292397661,1,0,0.0497076023392,1,0.950292397661,0.974512743628,0.966565944778,0.950292397661,0.950292397661,86,103,0,0,0,0
2744,WLNM_dir_neg,0.980111226317,0.96275964261,00:00:05,10,70,5,1239447240,threshold_sweep,0.8,1,0.834951456311,0.910052910053,86,0,17,206,0.834951456311,1,0,0.165048543689,1,0.834951456311,0.910052910053,0.94498381877,0.573894282632,0.870886075949,0.8782371254,0.834951456311,342,239,103,0,342,0,239,0,103,37,342,0.256756756757,1.72528881811,18.4864864865,15.5454545455,9.77142857143,5.36771015539,0.290358590277,0.142642642643,9.50849154237,1.02869645341,0.544491860281,8.05331334643,0.871264894205,0.461830251304,0.640599570326,0.371299902718,2,1.72528881811,0.640599570326,2,0.344071394247,0.376569037657,810,0.104247104247,0.56957682835,37,37,37,1,0,0.405405405405,0.540540540541,0.0540540540541,37,0.179429429429,1.74820129244,12.9189189189,10.8636363636,6.82857142857,3.82519700566,0.29609265525,0.159108899695,6.5726478454,1.0175228882,0.546194730295,5.93761359936,0.919212147181,0.492819179012,0.66518259158,0.380495423757,2,1.74820129244,0.66518259158,2,0.167652814789,0.162083468133,167,0.0214929214929,0.344287613469,37,37,37,1,0,0.405405405405,0.540540540541,0.0540540540541,37,325,0.243993993994,1.71429011246,17.5675675676,14.7727272727,9.28571428571,4.84504638517,0.275794948079,0.131392931393,8.82904026222,1.00515227601,0.530893970894,8.1654255354,0.929602291723,0.488648648649,0.627978814069,0.366320035043,2,1.71429011246,0.627978814069,2,0.283857574825,0.307852314093,592,0.0761904761905,0.570882146404,37,37,37,1,0,0.405405405405,0.540540540541,0.0540540540541,-17,-0.0127627627628,-0.0109987056582,-0.918918918919,-0.772727272727,-0.485714285714,-0.522663770221,-0.0145636421981,-0.0112497112497,-0.679451280152,-0.0235441774079,-0.0135978893874,0.112112188966,0.0583373975177,0.0268183973447,-0.0126207562573,-0.00497986767487,0,-0.0109987056582,-0.0126207562573,0,-0.060213819422,-0.0687167235643,-218,-0.0280566280566,0.00130531805422,0,0,0,325,0,17,990,0.950292397661,1,0,0.0497076023392,1,0.950292397661,0.974512743628,0.966565944778,0.950292397661,0.950292397661,86,103,0,0,0,0
2745,WLNM_dir_neg,0.980111226317,0.96275964261,00:00:05,10,70,5,1239447240,threshold_sweep,0.9,1,0.825242718447,0.904255319149,85,0,18,206,0.825242718447,1,0,0.174757281553,1,0.825242718447,0.904255319149,0.941747572816,0.574973031284,0.862944162437,0.871165065546,0.825242718447,342,239,103,0,342,0,239,0,103,37,342,0.256756756757,1.72528881811,18.4864864865,15.5454545455,9.77142857143,5.36771015539,0.290358590277,0.142642642643,9.50849154237,1.02869645341,0.544491860281,8.05331334643,0.871264894205,0.461830251304,0.640599570326,0.371299902718,2,1.72528881811,0.640599570326,2,0.344071394247,0.376569037657,810,0.104247104247,0.56957682835,37,37,37,1,0,0.405405405405,0.540540540541,0.0540540540541,37,0.179429429429,1.74820129244,12.9189189189,10.8636363636,6.82857142857,3.82519700566,0.29609265525,0.159108899695,6.5726478454,1.0175228882,0.546194730295,5.93761359936,0.919212147181,0.492819179012,0.66518259158,0.380495423757,2,1.74820129244,0.66518259158,2,0.167652814789,0.162083468133,167,0.0214929214929,0.344287613469,37,37,37,1,0,0.405405405405,0.540540540541,0.0540540540541,37,324,0.243243243243,1.71344644556,17.5135135135,14.7272727273,9.25714285714,4.8052148849,0.274371837564,0.12962962963,8.79205893408,1.00403142148,0.52986319653,8.17654302599,0.933741024573,0.48998998999,0.627046740474,0.365956427818,2,1.71344644556,0.627046740474,2,0.278861970987,0.30062849162,574,0.0738738738739,0.571785621669,37,37,37,1,0,0.405405405405,0.540540540541,0.0540540540541,-18,-0.0135135135135,-0.0118423725578,-0.972972972973,-0.818181818182,-0.514285714286,-0.562495270491,-0.0159867527132,-0.013013013013,-0.716432608297,-0.0246650319306,-0.0146286637515,0.123229679555,0.062476130368,0.0281597386861,-0.0135528298519,-0.00534347489935,0,-0.0118423725578,-0.0135528298519,0,-0.06520942326,-0.0759405460368,-236,-0.0303732303732,0.00220879331927,0,0,0,324,0,18,990,0.947368421053,1,0,0.0526315789474,1,0.947368421053,0.972972972973,0.96459894662,0.947368421053,0.947368421053,85,103,0,0,0,0
2746,WLNM_dir_neg,0.97728343859,0.953789239751,00:00:05,10,70,6,1239447241,threshold_sweep,0.1,0.931818181818,0.796116504854,0.858638743455,82,6,21,200,0.796116504854,0.970873786408,0.0291262135922,0.203883495146,0.931818181818,0.796116504854,0.858638743455,0.912621359223,0.571736785329,0.7959697733,0.801132990386,0.766990291262,342,239,103,0,342,0,239,0,103,37,342,0.256756756757,1.72528881811,18.4864864865,15.5454545455,9.77142857143,5.36771015539,0.290358590277,0.142642642643,9.50849154237,1.02869645341,0.544491860281,8.05331334643,0.871264894205,0.461830251304,0.640599570326,0.371299902718,2,1.72528881811,0.640599570326,2,0.344071394247,0.376569037657,810,0.104247104247,0.56957682835,37,37,37,1,0,0.405405405405,0.540540540541,0.0540540540541,37,0.179429429429,1.77996422088,12.9189189189,10.8636363636,6.82857142857,3.80334924316,0.294401510454,0.155603302047,6.55148242171,1.01424623265,0.540992875721,5.80992730206,0.899444812453,0.486260318896,0.703677282651,0.395332262522,2,1.77996422088,0.703677282651,2,0.207358338163,0.170012953368,175,0.0225225225225,0.33444655001,37,37,37,1,0,0.405405405405,0.540540540541,0.0540540540541,37,327,0.245495495495,1.86789014992,17.6756756757,14.2173913043,8.83783783784,4.87655419131,0.275890680548,0.135217786594,8.84594544132,1.00091737409,0.534589635507,7.9948369225,0.904614575329,0.476568311431,0.798985778653,0.42774773382,3,1.86789014992,0.798985778653,3,0.327781826298,0.32073212453,625,0.0804375804376,0.508746788532,37,37,37,1,0,0.378378378378,0.621621621622,0,-15,-0.0112612612613,0.142601331807,-0.810810810811,-1.32806324111,-0.933590733591,-0.491155964084,-0.014467909729,-0.00742485604871,-0.662546101058,-0.0277790793209,-0.00990222477427,-0.0584764239312,0.0333496811242,0.0147380601268,0.158386208327,0.0564478311018,1,0.142601331807,0.158386208327,1,-0.0162895679496,-0.0558369131273,-185,-0.0238095238095,-0.0608300398179,-0.027027027027,0.0810810810811,-0.0540540540541,321,6,21,984,0.938596491228,0.993939393939,0.00606060606061,0.0614035087719,0.981651376147,0.938596491228,0.959641255605,0.946540707268,0.932535885167,0.922413793103,88,103,0,0,0,0
2747,WLNM_dir_neg,0.97728343859,0.953789239751,00:00:05,10,70,6,1239447241,threshold_sweep,0.2,0.953488372093,0.796116504854,0.867724867725,82,4,21,202,0.796116504854,0.980582524272,0.0194174757282,0.203883495146,0.953488372093,0.796116504854,0.867724867725,0.919093851133,0.573894282632,0.810126582278,0.816964767814,0.776699029126,342,239,103,0,342,0,239,0,103,37,342,0.256756756757,1.72528881811,18.4864864865,15.5454545455,9.77142857143,5.36771015539,0.290358590277,0.142642642643,9.50849154237,1.02869645341,0.544491860281,8.05331334643,0.871264894205,0.461830251304,0.640599570326,0.371299902718,2,1.72528881811,0.640599570326,2,0.344071394247,0.376569037657,810,0.104247104247,0.56957682835,37,37,37,1,0,0.405405405405,0.540540540541,0.0540540540541,37,0.179429429429,1.77996422088,12.9189189189,10.8636363636,6.82857142857,3.80334924316,0.294401510454,0.155603302047,6.55148242171,1.01424623265,0.540992875721,5.80992730206,0.899444812453,0.486260318896,0.703677282651,0.395332262522,2,1.77996422088,0.703677282651,2,0.207358338163,0.170012953368,175,0.0225225225225,0.33444655001,37,37,37,1,0,0.405405405405,0.540540540541,0.0540540540541,37,325,0.243993993994,1.87856301981,17.5675675676,14.1304347826,9.02777777778,4.84504638517,0.275794948079,0.134553014553,8.81959666228,1.00407715847,0.535384615385,8.04893069204,0.916339801863,0.483991683992,0.823960151126,0.43861192967,3,1.87856301981,0.823960151126,3,0.317995332923,0.31288981289,602,0.0774774774775,0.512370937808,37,37,37,1,0,0.378378378378,0.594594594595,0.027027027027,-17,-0.0127627627628,0.153274201697,-0.918918918919,-1.41501976285,-0.743650793651,-0.522663770221,-0.0145636421981,-0.00808962808963,-0.688894880096,-0.02461929494,-0.00910724489672,-0.00438265439289,0.0450749076583,0.0221614326877,0.1833605808,0.067312026952,1,0.153274201697,0.1833605808,1,-0.0260760613241,-0.0636792247671,-208,-0.0267696267696,-0.0572058905423,-0.027027027027,0.0540540540541,-0.027027027027,321,4,21,986,0.938596491228,0.99595959596,0.0040404040404,0.0614035087719,0.987692307692,0.938596491228,0.96251874063,0.950560153469,0.934556087188,0.92774566474,86,103,0,0,0,0
2748,WLNM_dir_neg,0.97728343859,0.953789239751,00:00:05,10,70,6,1239447241,threshold_sweep,0.3,0.952941176471,0.78640776699,0.86170212766,81,4,22,202,0.78640776699,0.980582524272,0.0194174757282,0.21359223301,0.952941176471,0.78640776699,0.86170212766,0.915857605178,0.574973031284,0.802030456853,0.80967106092,0.766990291262,342,239,103,0,342,0,239,0,103,37,342,0.256756756757,1.72528881811,18.4864864865,15.5454545455,9.77142857143,5.36771015539,0.290358590277,0.142642642643,9.50849154237,1.02869645341,0.544491860281,8.05331334643,0.871264894205,0.461830251304,0.640599570326,0.371299902718,2,1.72528881811,0.640599570326,2,0.344071394247,0.376569037657,810,0.104247104247,0.56957682835,37,37,37,1,0,0.405405405405,0.540540540541,0.0540540540541,37,0.179429429429,1.77996422088,12.9189189189,10.8636363636,6.82857142857,3.80334924316,0.294401510454,0.155603302047,6.55148242171,1.01424623265,0.540992875721,5.80992730206,0.899444812453,0.486260318896,0.703677282651,0.395332262522,2,1.77996422088,0.703677282651,2,0.207358338163,0.170012953368,175,0.0225225225225,0.33444655001,37,37,37,1,0,0.405405405405,0.540540540541,0.0540540540541,37,324,0.243243243243,1.87798879445,17.5135135135,14.0869565217,9,4.787841207,0.273379822004,0.133383383383,8.76357805353,1.00077897525,0.534034034034,8.0739822386,0.922028835889,0.486820153487,0.823343459573,0.438417663624,3,1.87798879445,0.823343459573,3,0.308209546048,0.306389664804,585,0.0752895752896,0.513590317682,37,37,37,1,0,0.378378378378,0.594594594595,0.027027027027,-18,-0.0135135135135,0.152699976332,-0.972972972973,-1.45849802372,-0.771428571429,-0.579868948396,-0.0169787682726,-0.00925925925926,-0.744913488845,-0.0279174781661,-0.0104578262473,0.0206688921633,0.0507639416844,0.0249899021829,0.182743889247,0.0671177609062,1,0.152699976332,0.182743889247,1,-0.0358618481997,-0.0701793728524,-225,-0.0289575289575,-0.0559865106676,-0.027027027027,0.0540540540541,-0.027027027027,320,4,22,986,0.93567251462,0.99595959596,0.0040404040404,0.0643274853801,0.987654320988,0.93567251462,0.960960960961,0.948576427641,0.931632110579,0.924855491329,85,103,0,0,0,0
2749,WLNM_dir_neg,0.97728343859,0.953789239751,00:00:05,10,70,6,1239447241,threshold_sweep,0.4,0.975903614458,0.78640776699,0.870967741935,81,2,22,204,0.78640776699,0.990291262136,0.00970873786408,0.21359223301,0.975903614458,0.78640776699,0.870967741935,0.922330097087,0.577130528587,0.816326530612,0.8260602398,0.776699029126,342,239,103,0,342,0,239,0,103,37,342,0.256756756757,1.72528881811,18.4864864865,15.5454545455,9.77142857143,5.36771015539,0.290358590277,0.142642642643,9.50849154237,1.02869645341,0.544491860281,8.05331334643,0.871264894205,0.461830251304,0.640599570326,0.371299902718,2,1.72528881811,0.640599570326,2,0.344071394247,0.376569037657,810,0.104247104247,0.56957682835,37,37,37,1,0,0.405405405405,0.540540540541,0.0540540540541,37,0.179429429429,1.77996422088,12.9189189189,10.8636363636,6.82857142857,3.80334924316,0.294401510454,0.155603302047,6.55148242171,1.01424623265,0.540992875721,5.80992730206,0.899444812453,0.486260318896,0.703677282651,0.395332262522,2,1.77996422088,0.703677282651,2,0.207358338163,0.170012953368,175,0.0225225225225,0.33444655001,37,37,37,1,0,0.405405405405,0.540540540541,0.0540540540541,37,322,0.241741741742,1.87798879445,17.4054054054,14,8.94444444444,4.87886291089,0.280307341154,0.135890548934,8.80613695374,1.01188530214,0.537686755078,8.00300243959,0.919599659207,0.484975658889,0.823343459573,0.438417663624,3,1.87798879445,0.823343459573,3,0.304289064109,0.303911205074,575,0.0740025740026,0.504638124003,37,37,37,1,0,0.378378378378,0.594594594595,0.027027027027,-20,-0.015015015015,0.152699976332,-1.08108108108,-1.54545454545,-0.826984126984,-0.488847244499,-0.0100512491232,-0.00675209370862,-0.702354588633,-0.0168111512768,-0.00680510520327,-0.0503109068465,0.0483347650024,0.0231454075848,0.182743889247,0.0671177609062,1,0.152699976332,0.182743889247,1,-0.0397823301387,-0.0726578325829,-235,-0.0302445302445,-0.0649387043468,-0.027027027027,0.0540540540541,-0.027027027027,320,2,22,988,0.93567251462,0.99797979798,0.0020202020202,0.0643274853801,0.993788819876,0.93567251462,0.963855421687,0.952636472557,0.9336523126,0.93023255814,83,103,0,0,0,0
2750,WLNM_dir_neg,0.97728343859,0.953789239751,00:00:05,10,70,6,1239447241,threshold_sweep,0.5,0.975903614458,0.78640776699,0.870967741935,81,2,22,204,0.78640776699,0.990291262136,0.00970873786408,0.21359223301,0.975903614458,0.78640776699,0.870967741935,0.922330097087,0.577130528587,0.816326530612,0.8260602398,0.776699029126,342,239,103,0,342,0,239,0,103,37,342,0.256756756757,1.72528881811,18.4864864865,15.5454545455,9.77142857143,5.36771015539,0.290358590277,0.142642642643,9.50849154237,1.02869645341,0.544491860281,8.05331334643,0.871264894205,0.461830251304,0.640599570326,0.371299902718,2,1.72528881811,0.640599570326,2,0.344071394247,0.376569037657,810,0.104247104247,0.56957682835,37,37,37,1,0,0.405405405405,0.540540540541,0.0540540540541,37,0.179429429429,1.77996422088,12.9189189189,10.8636363636,6.82857142857,3.80334924316,0.294401510454,0.155603302047,6.55148242171,1.01424623265,0.540992875721,5.80992730206,0.899444812453,0.486260318896,0.703677282651,0.395332262522,2,1.77996422088,0.703677282651,2,0.207358338163,0.170012953368,175,0.0225225225225,0.33444655001,37,37,37,1,0,0.405405405405,0.540540540541,0.0540540540541,37,322,0.241741741742,1.87798879445,17.4054054054,14,8.94444444444,4.87886291089,0.280307341154,0.135890548934,8.80613695374,1.01188530214,0.537686755078,8.00300243959,0.919599659207,0.484975658889,0.823343459573,0.438417663624,3,1.87798879445,0.823343459573,3,0.304289064109,0.303911205074,575,0.0740025740026,0.504638124003,37,37,37,1,0,0.378378378378,0.594594594595,0.027027027027,-20,-0.015015015015,0.152699976332,-1.08108108108,-1.54545454545,-0.826984126984,-0.488847244499,-0.0100512491232,-0.00675209370862,-0.702354588633,-0.0168111512768,-0.00680510520327,-0.0503109068465,0.0483347650024,0.0231454075848,0.182743889247,0.0671177609062,1,0.152699976332,0.182743889247,1,-0.0397823301387,-0.0726578325829,-235,-0.0302445302445,-0.0649387043468,-0.027027027027,0.0540540540541,-0.027027027027,320,2,22,988,0.93567251462,0.99797979798,0.0020202020202,0.0643274853801,0.993788819876,0.93567251462,0.963855421687,0.952636472557,0.9336523126,0.93023255814,83,103,0,0,0,0
2751,WLNM_dir_neg,0.97728343859,0.953789239751,00:00:05,10,70,6,1239447241,threshold_sweep,0.6,0.975903614458,0.78640776699,0.870967741935,81,2,22,204,0.78640776699,0.990291262136,0.00970873786408,0.21359223301,0.975903614458,0.78640776699,0.870967741935,0.922330097087,0.577130528587,0.816326530612,0.8260602398,0.776699029126,342,239,103,0,342,0,239,0,103,37,342,0.256756756757,1.72528881811,18.4864864865,15.5454545455,9.77142857143,5.36771015539,0.290358590277,0.142642642643,9.50849154237,1.02869645341,0.544491860281,8.05331334643,0.871264894205,0.461830251304,0.640599570326,0.371299902718,2,1.72528881811,0.640599570326,2,0.344071394247,0.376569037657,810,0.104247104247,0.56957682835,37,37,37,1,0,0.405405405405,0.540540540541,0.0540540540541,37,0.179429429429,1.77996422088,12.9189189189,10.8636363636,6.82857142857,3.80334924316,0.294401510454,0.155603302047,6.55148242171,1.01424623265,0.540992875721,5.80992730206,0.899444812453,0.486260318896,0.703677282651,0.395332262522,2,1.77996422088,0.703677282651,2,0.207358338163,0.170012953368,175,0.0225225225225,0.33444655001,37,37,37,1,0,0.405405405405,0.540540540541,0.0540540540541,37,322,0.241741741742,1.87798879445,17.4054054054,14,8.94444444444,4.87886291089,0.280307341154,0.135890548934,8.80613695374,1.01188530214,0.537686755078,8.00300243959,0.919599659207,0.484975658889,0.823343459573,0.438417663624,3,1.87798879445,0.823343459573,3,0.304289064109,0.303911205074,575,0.0740025740026,0.504638124003,37,37,37,1,0,0.378378378378,0.594594594595,0.027027027027,-20,-0.015015015015,0.152699976332,-1.08108108108,-1.54545454545,-0.826984126984,-0.488847244499,-0.0100512491232,-0.00675209370862,-0.702354588633,-0.0168111512768,-0.00680510520327,-0.0503109068465,0.0483347650024,0.0231454075848,0.182743889247,0.0671177609062,1,0.152699976332,0.182743889247,1,-0.0397823301387,-0.0726578325829,-235,-0.0302445302445,-0.0649387043468,-0.027027027027,0.0540540540541,-0.027027027027,320,2,22,988,0.93567251462,0.99797979798,0.0020202020202,0.0643274853801,0.993788819876,0.93567251462,0.963855421687,0.952636472557,0.9336523126,0.93023255814,83,103,0,0,0,0
2752,WLNM_dir_neg,0.97728343859,0.953789239751,00:00:05,10,70,6,1239447241,threshold_sweep,0.7,0.975903614458,0.78640776699,0.870967741935,81,2,22,204,0.78640776699,0.990291262136,0.00970873786408,0.21359223301,0.975903614458,0.78640776699,0.870967741935,0.922330097087,0.577130528587,0.816326530612,0.8260602398,0.776699029126,342,239,103,0,342,0,239,0,103,37,342,0.256756756757,1.72528881811,18.4864864865,15.5454545455,9.77142857143,5.36771015539,0.290358590277,0.142642642643,9.50849154237,1.02869645341,0.544491860281,8.05331334643,0.871264894205,0.461830251304,0.640599570326,0.371299902718,2,1.72528881811,0.640599570326,2,0.344071394247,0.376569037657,810,0.104247104247,0.56957682835,37,37,37,1,0,0.405405405405,0.540540540541,0.0540540540541,37,0.179429429429,1.77996422088,12.9189189189,10.8636363636,6.82857142857,3.80334924316,0.294401510454,0.155603302047,6.55148242171,1.01424623265,0.540992875721,5.80992730206,0.899444812453,0.486260318896,0.703677282651,0.395332262522,2,1.77996422088,0.703677282651,2,0.207358338163,0.170012953368,175,0.0225225225225,0.33444655001,37,37,37,1,0,0.405405405405,0.540540540541,0.0540540540541,37,322,0.241741741742,1.87798879445,17.4054054054,14,8.94444444444,4.87886291089,0.280307341154,0.135890548934,8.80613695374,1.01188530214,0.537686755078,8.00300243959,0.919599659207,0.484975658889,0.823343459573,0.438417663624,3,1.87798879445,0.823343459573,3,0.304289064109,0.303911205074,575,0.0740025740026,0.504638124003,37,37,37,1,0,0.378378378378,0.594594594595,0.027027027027,-20,-0.015015015015,0.152699976332,-1.08108108108,-1.54545454545,-0.826984126984,-0.488847244499,-0.0100512491232,-0.00675209370862,-0.702354588633,-0.0168111512768,-0.00680510520327,-0.0503109068465,0.0483347650024,0.0231454075848,0.182743889247,0.0671177609062,1,0.152699976332,0.182743889247,1,-0.0397823301387,-0.0726578325829,-235,-0.0302445302445,-0.0649387043468,-0.027027027027,0.0540540540541,-0.027027027027,320,2,22,988,0.93567251462,0.99797979798,0.0020202020202,0.0643274853801,0.993788819876,0.93567251462,0.963855421687,0.952636472557,0.9336523126,0.93023255814,83,103,0,0,0,0
2753,WLNM_dir_neg,0.97728343859,0.953789239751,00:00:05,10,70,6,1239447241,threshold_sweep,0.8,0.987804878049,0.78640776699,0.875675675676,81,1,22,205,0.78640776699,0.995145631068,0.00485436893204,0.21359223301,0.987804878049,0.78640776699,0.875675675676,0.925566343042,0.578209277238,0.823529411765,0.834432139727,0.781553398058,342,239,103,0,342,0,239,0,103,37,342,0.256756756757,1.72528881811,18.4864864865,15.5454545455,9.77142857143,5.36771015539,0.290358590277,0.142642642643,9.50849154237,1.02869645341,0.544491860281,8.05331334643,0.871264894205,0.461830251304,0.640599570326,0.371299902718,2,1.72528881811,0.640599570326,2,0.344071394247,0.376569037657,810,0.104247104247,0.56957682835,37,37,37,1,0,0.405405405405,0.540540540541,0.0540540540541,37,0.179429429429,1.77996422088,12.9189189189,10.8636363636,6.82857142857,3.80334924316,0.294401510454,0.155603302047,6.55148242171,1.01424623265,0.540992875721,5.80992730206,0.899444812453,0.486260318896,0.703677282651,0.395332262522,2,1.77996422088,0.703677282651,2,0.207358338163,0.170012953368,175,0.0225225225225,0.33444655001,37,37,37,1,0,0.405405405405,0.540540540541,0.0540540540541,37,321,0.240990990991,1.87742798452,17.3513513514,13.9565217391,9.17142857143,4.83170211679,0.278462583055,0.135387724173,8.75294888104,1.00890688037,0.536330723247,8.03137615873,0.925734946645,0.489349162246,0.822755042392,0.438235207515,3,1.87742798452,0.822755042392,3,0.298787009845,0.298189563365,560,0.0720720720721,0.506124419193,37,37,37,1,0,0.378378378378,0.567567567568,0.0540540540541,-21,-0.0157657657658,0.152139166409,-1.13513513514,-1.58893280632,-0.6,-0.536008038608,-0.0118960072225,-0.00725491846987,-0.755542661334,-0.0197895730456,-0.00816113703472,-0.0219371877051,0.0544700524399,0.0275189109424,0.182155472066,0.0669353047971,1,0.152139166409,0.182155472066,1,-0.0452843844024,-0.0783794742916,-250,-0.032175032175,-0.0634524091564,-0.027027027027,0.027027027027,0,320,1,22,989,0.93567251462,0.99898989899,0.0010101010101,0.0643274853801,0.996884735202,0.93567251462,0.965309200603,0.95467892346,0.93466241361,0.932944606414,82,103,0,0,0,0
2754,WLNM_dir_neg,0.97728343859,0.953789239751,00:00:05,10,70,6,1239447241,threshold_sweep,0.9,1,0.78640776699,0.880434782609,81,0,22,206,0.78640776699,1,0,0.21359223301,1,0.78640776699,0.880434782609,0.928802588997,0.57928802589,0.830769230769,0.842927230424,0.78640776699,342,239,103,0,342,0,239,0,103,37,342,0.256756756757,1.72528881811,18.4864864865,15.5454545455,9.77142857143,5.36771015539,0.290358590277,0.142642642643,9.50849154237,1.02869645341,0.544491860281,8.05331334643,0.871264894205,0.461830251304,0.640599570326,0.371299902718,2,1.72528881811,0.640599570326,2,0.344071394247,0.376569037657,810,0.104247104247,0.56957682835,37,37,37,1,0,0.405405405405,0.540540540541,0.0540540540541,37,0.179429429429,1.77996422088,12.9189189189,10.8636363636,6.82857142857,3.80334924316,0.294401510454,0.155603302047,6.55148242171,1.01424623265,0.540992875721,5.80992730206,0.899444812453,0.486260318896,0.703677282651,0.395332262522,2,1.77996422088,0.703677282651,2,0.207358338163,0.170012953368,175,0.0225225225225,0.33444655001,37,37,37,1,0,0.405405405405,0.540540540541,0.0540540540541,37,320,0.24024024024,1.73897635336,17.2972972973,14.5454545455,9.14285714286,4.88117053849,0.282192671756,0.136233108108,8.77881356264,1.01505031818,0.538682432432,7.99380390683,0.924283576728,0.487837837838,0.66180500383,0.380571594634,2,1.73897635336,0.66180500383,2,0.294057092963,0.296844357283,555,0.0714285714286,0.549188124636,37,37,37,1,0,0.405405405405,0.540540540541,0.0540540540541,-22,-0.0165165165165,0.0136875352461,-1.18918918919,-1,-0.628571428571,-0.486539616903,-0.00816591852065,-0.00640953453453,-0.729677979736,-0.0136461352347,-0.0058094278489,-0.0595094396011,0.0530186825227,0.0260075865339,0.0212054335036,0.00927169191638,0,0.0136875352461,0.0212054335036,0,-0.050014301284,-0.079724680374,-255,-0.0328185328185,-0.0203887037137,0,0,0,320,0,22,990,0.93567251462,1,0,0.0643274853801,1,0.93567251462,0.966767371601,0.95672974647,0.93567251462,0.93567251462,81,103,0,0,0,0
2755,WLNM_dir_neg,0.956994061646,0.645089368924,00:00:05,10,70,7,1239447242,threshold_sweep,0.1,0.988095238095,0.805825242718,0.887700534759,83,1,20,205,0.805825242718,0.995145631068,0.00485436893204,0.194174757282,0.988095238095,0.805825242718,0.887700534759,0.932038834951,0.576051779935,0.839694656489,0.848668424792,0.800970873786,342,239,103,0,342,0,239,0,103,37,342,0.256756756757,1.72528881811,18.4864864865,15.5454545455,9.77142857143,5.36771015539,0.290358590277,0.142642642643,9.50849154237,1.02869645341,0.544491860281,8.05331334643,0.871264894205,0.461830251304,0.640599570326,0.371299902718,2,1.72528881811,0.640599570326,2,0.344071394247,0.376569037657,810,0.104247104247,0.56957682835,37,37,37,1,0,0.405405405405,0.540540540541,0.0540540540541,37,0.179429429429,1.75911199706,12.9189189189,10.8636363636,6.82857142857,3.69968751217,0.286377485251,0.149949112292,6.53024839835,1.01095895707,0.542576048852,5.80514424452,0.89870433911,0.47811828565,0.67574954971,0.384142425746,2,1.75911199706,0.67574954971,2,0.198857987093,0.1640625,168,0.0216216216216,0.336423445942,37,37,37,1,0,0.405405405405,0.540540540541,0.0540540540541,37,323,0.242492492492,1.71905271063,17.4594594595,14.6818181818,9.22857142857,4.72343210079,0.270537132708,0.130449334784,8.77701749093,1.00541686429,0.535352690151,8.11257134414,0.929303838184,0.487155886537,0.632132993173,0.367721704671,2,1.71905271063,0.632132993173,2,0.286529837943,0.294889992903,554,0.0712998712999,0.562006849225,37,37,37,1,0,0.405405405405,0.540540540541,0.0540540540541,-19,-0.0142642642643,-0.00623610748263,-1.02702702703,-0.863636363636,-0.542857142857,-0.644278054599,-0.0198214575691,-0.0121933078589,-0.731474051448,-0.0232795891291,-0.00913917012988,0.059257997709,0.0580389439787,0.0253256352328,-0.00846657715281,-0.00357819804659,0,-0.00623610748263,-0.00846657715281,0,-0.0575415563042,-0.0816790447541,-256,-0.0329472329472,-0.00756997912479,0,0,0,322,1,20,989,0.941520467836,0.99898989899,0.0010101010101,0.0584795321637,0.996904024768,0.941520467836,0.968421052632,0.958622002939,0.940510366826,0.938775510204,84,103,0,0,0,0
2756,WLNM_dir_neg,0.956994061646,0.645089368924,00:00:05,10,70,7,1239447242,threshold_sweep,0.2,1,0.805825242718,0.89247311828,83,0,20,206,0.805825242718,1,0,0.194174757282,1,0.805825242718,0.89247311828,0.935275080906,0.577130528587,0.84693877551,0.857037498792,0.805825242718,342,239,103,0,342,0,239,0,103,37,342,0.256756756757,1.72528881811,18.4864864865,15.5454545455,9.77142857143,5.36771015539,0.290358590277,0.142642642643,9.50849154237,1.02869645341,0.544491860281,8.05331334643,0.871264894205,0.461830251304,0.640599570326,0.371299902718,2,1.72528881811,0.640599570326,2,0.344071394247,0.376569037657,810,0.104247104247,0.56957682835,37,37,37,1,0,0.405405405405,0.540540540541,0.0540540540541,37,0.179429429429,1.75911199706,12.9189189189,10.8636363636,6.82857142857,3.69968751217,0.286377485251,0.149949112292,6.53024839835,1.01095895707,0.542576048852,5.80514424452,0.89870433911,0.47811828565,0.67574954971,0.384142425746,2,1.75911199706,0.67574954971,2,0.198857987093,0.1640625,168,0.0216216216216,0.336423445942,37,37,37,1,0,0.405405405405,0.540540540541,0.0540540540541,37,322,0.241741741742,1.7176090084,17.4054054054,14.6363636364,9.2,4.65151982008,0.267245703949,0.128168541212,8.73646529357,1.00387955237,0.534329360416,8.13724245151,0.935024753745,0.490347490347,0.630551178407,0.367109845911,2,1.7176090084,0.630551178407,2,0.286529837943,0.294889992903,554,0.0712998712999,0.56395533108,37,37,37,1,0,0.405405405405,0.540540540541,0.0540540540541,-20,-0.015015015015,-0.00767980971925,-1.08108108108,-0.909090909091,-0.571428571429,-0.716190335309,-0.0231128863282,-0.0144741014306,-0.772026248801,-0.0248169010476,-0.010162499865,0.0839291050793,0.0637598595405,0.0285172390436,-0.0100483919193,-0.00419005680713,0,-0.00767980971925,-0.0100483919193,0,-0.0575415563042,-0.0816790447541,-256,-0.0329472329472,-0.00562149726986,0,0,0,322,0,20,990,0.941520467836,1,0,0.0584795321637,1,0.941520467836,0.969879518072,0.960664612743,0.941520467836,0.941520467836,83,103,0,0,0,0
2757,WLNM_dir_neg,0.956994061646,0.645089368924,00:00:05,10,70,7,1239447242,threshold_sweep,0.3,1,0.805825242718,0.89247311828,83,0,20,206,0.805825242718,1,0,0.194174757282,1,0.805825242718,0.89247311828,0.935275080906,0.577130528587,0.84693877551,0.857037498792,0.805825242718,342,239,103,0,342,0,239,0,103,37,342,0.256756756757,1.72528881811,18.4864864865,15.5454545455,9.77142857143,5.36771015539,0.290358590277,0.142642642643,9.50849154237,1.02869645341,0.544491860281,8.05331334643,0.871264894205,0.461830251304,0.640599570326,0.371299902718,2,1.72528881811,0.640599570326,2,0.344071394247,0.376569037657,810,0.104247104247,0.56957682835,37,37,37,1,0,0.405405405405,0.540540540541,0.0540540540541,37,0.179429429429,1.75911199706,12.9189189189,10.8636363636,6.82857142857,3.69968751217,0.286377485251,0.149949112292,6.53024839835,1.01095895707,0.542576048852,5.80514424452,0.89870433911,0.47811828565,0.67574954971,0.384142425746,2,1.75911199706,0.67574954971,2,0.198857987093,0.1640625,168,0.0216216216216,0.336423445942,37,37,37,1,0,0.405405405405,0.540540540541,0.0540540540541,37,322,0.241741741742,1.7176090084,17.4054054054,14.6363636364,9.2,4.65151982008,0.267245703949,0.128168541212,8.73646529357,1.00387955237,0.534329360416,8.13724245151,0.935024753745,0.490347490347,0.630551178407,0.367109845911,2,1.7176090084,0.630551178407,2,0.286529837943,0.294889992903,554,0.0712998712999,0.56395533108,37,37,37,1,0,0.405405405405,0.540540540541,0.0540540540541,-20,-0.015015015015,-0.00767980971925,-1.08108108108,-0.909090909091,-0.571428571429,-0.716190335309,-0.0231128863282,-0.0144741014306,-0.772026248801,-0.0248169010476,-0.010162499865,0.0839291050793,0.0637598595405,0.0285172390436,-0.0100483919193,-0.00419005680713,0,-0.00767980971925,-0.0100483919193,0,-0.0575415563042,-0.0816790447541,-256,-0.0329472329472,-0.00562149726986,0,0,0,322,0,20,990,0.941520467836,1,0,0.0584795321637,1,0.941520467836,0.969879518072,0.960664612743,0.941520467836,0.941520467836,83,103,0,0,0,0
2758,WLNM_dir_neg,0.956994061646,0.645089368924,00:00:05,10,70,7,1239447242,threshold_sweep,0.4,1,0.805825242718,0.89247311828,83,0,20,206,0.805825242718,1,0,0.194174757282,1,0.805825242718,0.89247311828,0.935275080906,0.577130528587,0.84693877551,0.857037498792,0.805825242718,342,239,103,0,342,0,239,0,103,37,342,0.256756756757,1.72528881811,18.4864864865,15.5454545455,9.77142857143,5.36771015539,0.290358590277,0.142642642643,9.50849154237,1.02869645341,0.544491860281,8.05331334643,0.871264894205,0.461830251304,0.640599570326,0.371299902718,2,1.72528881811,0.640599570326,2,0.344071394247,0.376569037657,810,0.104247104247,0.56957682835,37,37,37,1,0,0.405405405405,0.540540540541,0.0540540540541,37,0.179429429429,1.75911199706,12.9189189189,10.8636363636,6.82857142857,3.69968751217,0.286377485251,0.149949112292,6.53024839835,1.01095895707,0.542576048852,5.80514424452,0.89870433911,0.47811828565,0.67574954971,0.384142425746,2,1.75911199706,0.67574954971,2,0.198857987093,0.1640625,168,0.0216216216216,0.336423445942,37,37,37,1,0,0.405405405405,0.540540540541,0.0540540540541,37,322,0.241741741742,1.7176090084,17.4054054054,14.6363636364,9.2,4.65151982008,0.267245703949,0.128168541212,8.73646529357,1.00387955237,0.534329360416,8.13724245151,0.935024753745,0.490347490347,0.630551178407,0.367109845911,2,1.7176090084,0.630551178407,2,0.286529837943,0.294889992903,554,0.0712998712999,0.56395533108,37,37,37,1,0,0.405405405405,0.540540540541,0.0540540540541,-20,-0.015015015015,-0.00767980971925,-1.08108108108,-0.909090909091,-0.571428571429,-0.716190335309,-0.0231128863282,-0.0144741014306,-0.772026248801,-0.0248169010476,-0.010162499865,0.0839291050793,0.0637598595405,0.0285172390436,-0.0100483919193,-0.00419005680713,0,-0.00767980971925,-0.0100483919193,0,-0.0575415563042,-0.0816790447541,-256,-0.0329472329472,-0.00562149726986,0,0,0,322,0,20,990,0.941520467836,1,0,0.0584795321637,1,0.941520467836,0.969879518072,0.960664612743,0.941520467836,0.941520467836,83,103,0,0,0,0
2759,WLNM_dir_neg,0.956994061646,0.645089368924,00:00:05,10,70,7,1239447242,threshold_sweep,0.5,1,0.805825242718,0.89247311828,83,0,20,206,0.805825242718,1,0,0.194174757282,1,0.805825242718,0.89247311828,0.935275080906,0.577130528587,0.84693877551,0.857037498792,0.805825242718,342,239,103,0,342,0,239,0,103,37,342,0.256756756757,1.72528881811,18.4864864865,15.5454545455,9.77142857143,5.36771015539,0.290358590277,0.142642642643,9.50849154237,1.02869645341,0.544491860281,8.05331334643,0.871264894205,0.461830251304,0.640599570326,0.371299902718,2,1.72528881811,0.640599570326,2,0.344071394247,0.376569037657,810,0.104247104247,0.56957682835,37,37,37,1,0,0.405405405405,0.540540540541,0.0540540540541,37,0.179429429429,1.75911199706,12.9189189189,10.8636363636,6.82857142857,3.69968751217,0.286377485251,0.149949112292,6.53024839835,1.01095895707,0.542576048852,5.80514424452,0.89870433911,0.47811828565,0.67574954971,0.384142425746,2,1.75911199706,0.67574954971,2,0.198857987093,0.1640625,168,0.0216216216216,0.336423445942,37,37,37,1,0,0.405405405405,0.540540540541,0.0540540540541,37,322,0.241741741742,1.7176090084,17.4054054054,14.6363636364,9.2,4.65151982008,0.267245703949,0.128168541212,8.73646529357,1.00387955237,0.534329360416,8.13724245151,0.935024753745,0.490347490347,0.630551178407,0.367109845911,2,1.7176090084,0.630551178407,2,0.286529837943,0.294889992903,554,0.0712998712999,0.56395533108,37,37,37,1,0,0.405405405405,0.540540540541,0.0540540540541,-20,-0.015015015015,-0.00767980971925,-1.08108108108,-0.909090909091,-0.571428571429,-0.716190335309,-0.0231128863282,-0.0144741014306,-0.772026248801,-0.0248169010476,-0.010162499865,0.0839291050793,0.0637598595405,0.0285172390436,-0.0100483919193,-0.00419005680713,0,-0.00767980971925,-0.0100483919193,0,-0.0575415563042,-0.0816790447541,-256,-0.0329472329472,-0.00562149726986,0,0,0,322,0,20,990,0.941520467836,1,0,0.0584795321637,1,0.941520467836,0.969879518072,0.960664612743,0.941520467836,0.941520467836,83,103,0,0,0,0
2760,WLNM_dir_neg,0.956994061646,0.645089368924,00:00:05,10,70,7,1239447242,threshold_sweep,0.6,1,0.805825242718,0.89247311828,83,0,20,206,0.805825242718,1,0,0.194174757282,1,0.805825242718,0.89247311828,0.935275080906,0.577130528587,0.84693877551,0.857037498792,0.805825242718,342,239,103,0,342,0,239,0,103,37,342,0.256756756757,1.72528881811,18.4864864865,15.5454545455,9.77142857143,5.36771015539,0.290358590277,0.142642642643,9.50849154237,1.02869645341,0.544491860281,8.05331334643,0.871264894205,0.461830251304,0.640599570326,0.371299902718,2,1.72528881811,0.640599570326,2,0.344071394247,0.376569037657,810,0.104247104247,0.56957682835,37,37,37,1,0,0.405405405405,0.540540540541,0.0540540540541,37,0.179429429429,1.75911199706,12.9189189189,10.8636363636,6.82857142857,3.69968751217,0.286377485251,0.149949112292,6.53024839835,1.01095895707,0.542576048852,5.80514424452,0.89870433911,0.47811828565,0.67574954971,0.384142425746,2,1.75911199706,0.67574954971,2,0.198857987093,0.1640625,168,0.0216216216216,0.336423445942,37,37,37,1,0,0.405405405405,0.540540540541,0.0540540540541,37,322,0.241741741742,1.7176090084,17.4054054054,14.6363636364,9.2,4.65151982008,0.267245703949,0.128168541212,8.73646529357,1.00387955237,0.534329360416,8.13724245151,0.935024753745,0.490347490347,0.630551178407,0.367109845911,2,1.7176090084,0.630551178407,2,0.286529837943,0.294889992903,554,0.0712998712999,0.56395533108,37,37,37,1,0,0.405405405405,0.540540540541,0.0540540540541,-20,-0.015015015015,-0.00767980971925,-1.08108108108,-0.909090909091,-0.571428571429,-0.716190335309,-0.0231128863282,-0.0144741014306,-0.772026248801,-0.0248169010476,-0.010162499865,0.0839291050793,0.0637598595405,0.0285172390436,-0.0100483919193,-0.00419005680713,0,-0.00767980971925,-0.0100483919193,0,-0.0575415563042,-0.0816790447541,-256,-0.0329472329472,-0.00562149726986,0,0,0,322,0,20,990,0.941520467836,1,0,0.0584795321637,1,0.941520467836,0.969879518072,0.960664612743,0.941520467836,0.941520467836,83,103,0,0,0,0
2761,WLNM_dir_neg,0.956994061646,0.645089368924,00:00:05,10,70,7,1239447242,threshold_sweep,0.7,1,0.805825242718,0.89247311828,83,0,20,206,0.805825242718,1,0,0.194174757282,1,0.805825242718,0.89247311828,0.935275080906,0.577130528587,0.84693877551,0.857037498792,0.805825242718,342,239,103,0,342,0,239,0,103,37,342,0.256756756757,1.72528881811,18.4864864865,15.5454545455,9.77142857143,5.36771015539,0.290358590277,0.142642642643,9.50849154237,1.02869645341,0.544491860281,8.05331334643,0.871264894205,0.461830251304,0.640599570326,0.371299902718,2,1.72528881811,0.640599570326,2,0.344071394247,0.376569037657,810,0.104247104247,0.56957682835,37,37,37,1,0,0.405405405405,0.540540540541,0.0540540540541,37,0.179429429429,1.75911199706,12.9189189189,10.8636363636,6.82857142857,3.69968751217,0.286377485251,0.149949112292,6.53024839835,1.01095895707,0.542576048852,5.80514424452,0.89870433911,0.47811828565,0.67574954971,0.384142425746,2,1.75911199706,0.67574954971,2,0.198857987093,0.1640625,168,0.0216216216216,0.336423445942,37,37,37,1,0,0.405405405405,0.540540540541,0.0540540540541,37,322,0.241741741742,1.7176090084,17.4054054054,14.6363636364,9.2,4.65151982008,0.267245703949,0.128168541212,8.73646529357,1.00387955237,0.534329360416,8.13724245151,0.935024753745,0.490347490347,0.630551178407,0.367109845911,2,1.7176090084,0.630551178407,2,0.286529837943,0.294889992903,554,0.0712998712999,0.56395533108,37,37,37,1,0,0.405405405405,0.540540540541,0.0540540540541,-20,-0.015015015015,-0.00767980971925,-1.08108108108,-0.909090909091,-0.571428571429,-0.716190335309,-0.0231128863282,-0.0144741014306,-0.772026248801,-0.0248169010476,-0.010162499865,0.0839291050793,0.0637598595405,0.0285172390436,-0.0100483919193,-0.00419005680713,0,-0.00767980971925,-0.0100483919193,0,-0.0575415563042,-0.0816790447541,-256,-0.0329472329472,-0.00562149726986,0,0,0,322,0,20,990,0.941520467836,1,0,0.0584795321637,1,0.941520467836,0.969879518072,0.960664612743,0.941520467836,0.941520467836,83,103,0,0,0,0
2762,WLNM_dir_neg,0.956994061646,0.645089368924,00:00:05,10,70,7,1239447242,threshold_sweep,0.8,1,0.805825242718,0.89247311828,83,0,20,206,0.805825242718,1,0,0.194174757282,1,0.805825242718,0.89247311828,0.935275080906,0.577130528587,0.84693877551,0.857037498792,0.805825242718,342,239,103,0,342,0,239,0,103,37,342,0.256756756757,1.72528881811,18.4864864865,15.5454545455,9.77142857143,5.36771015539,0.290358590277,0.142642642643,9.50849154237,1.02869645341,0.544491860281,8.05331334643,0.871264894205,0.461830251304,0.640599570326,0.371299902718,2,1.72528881811,0.640599570326,2,0.344071394247,0.376569037657,810,0.104247104247,0.56957682835,37,37,37,1,0,0.405405405405,0.540540540541,0.0540540540541,37,0.179429429429,1.75911199706,12.9189189189,10.8636363636,6.82857142857,3.69968751217,0.286377485251,0.149949112292,6.53024839835,1.01095895707,0.542576048852,5.80514424452,0.89870433911,0.47811828565,0.67574954971,0.384142425746,2,1.75911199706,0.67574954971,2,0.198857987093,0.1640625,168,0.0216216216216,0.336423445942,37,37,37,1,0,0.405405405405,0.540540540541,0.0540540540541,37,322,0.241741741742,1.7176090084,17.4054054054,14.6363636364,9.2,4.65151982008,0.267245703949,0.128168541212,8.73646529357,1.00387955237,0.534329360416,8.13724245151,0.935024753745,0.490347490347,0.630551178407,0.367109845911,2,1.7176090084,0.630551178407,2,0.286529837943,0.294889992903,554,0.0712998712999,0.56395533108,37,37,37,1,0,0.405405405405,0.540540540541,0.0540540540541,-20,-0.015015015015,-0.00767980971925,-1.08108108108,-0.909090909091,-0.571428571429,-0.716190335309,-0.0231128863282,-0.0144741014306,-0.772026248801,-0.0248169010476,-0.010162499865,0.0839291050793,0.0637598595405,0.0285172390436,-0.0100483919193,-0.00419005680713,0,-0.00767980971925,-0.0100483919193,0,-0.0575415563042,-0.0816790447541,-256,-0.0329472329472,-0.00562149726986,0,0,0,322,0,20,990,0.941520467836,1,0,0.0584795321637,1,0.941520467836,0.969879518072,0.960664612743,0.941520467836,0.941520467836,83,103,0,0,0,0
2763,WLNM_dir_neg,0.956994061646,0.645089368924,00:00:05,10,70,7,1239447242,threshold_sweep,0.9,1,0.805825242718,0.89247311828,83,0,20,206,0.805825242718,1,0,0.194174757282,1,0.805825242718,0.89247311828,0.935275080906,0.577130528587,0.84693877551,0.857037498792,0.805825242718,342,239,103,0,342,0,239,0,103,37,342,0.256756756757,1.72528881811,18.4864864865,15.5454545455,9.77142857143,5.36771015539,0.290358590277,0.142642642643,9.50849154237,1.02869645341,0.544491860281,8.05331334643,0.871264894205,0.461830251304,0.640599570326,0.371299902718,2,1.72528881811,0.640599570326,2,0.344071394247,0.376569037657,810,0.104247104247,0.56957682835,37,37,37,1,0,0.405405405405,0.540540540541,0.0540540540541,37,0.179429429429,1.75911199706,12.9189189189,10.8636363636,6.82857142857,3.69968751217,0.286377485251,0.149949112292,6.53024839835,1.01095895707,0.542576048852,5.80514424452,0.89870433911,0.47811828565,0.67574954971,0.384142425746,2,1.75911199706,0.67574954971,2,0.198857987093,0.1640625,168,0.0216216216216,0.336423445942,37,37,37,1,0,0.405405405405,0.540540540541,0.0540540540541,37,322,0.241741741742,1.7176090084,17.4054054054,14.6363636364,9.2,4.65151982008,0.267245703949,0.128168541212,8.73646529357,1.00387955237,0.534329360416,8.13724245151,0.935024753745,0.490347490347,0.630551178407,0.367109845911,2,1.7176090084,0.630551178407,2,0.286529837943,0.294889992903,554,0.0712998712999,0.56395533108,37,37,37,1,0,0.405405405405,0.540540540541,0.0540540540541,-20,-0.015015015015,-0.00767980971925,-1.08108108108,-0.909090909091,-0.571428571429,-0.716190335309,-0.0231128863282,-0.0144741014306,-0.772026248801,-0.0248169010476,-0.010162499865,0.0839291050793,0.0637598595405,0.0285172390436,-0.0100483919193,-0.00419005680713,0,-0.00767980971925,-0.0100483919193,0,-0.0575415563042,-0.0816790447541,-256,-0.0329472329472,-0.00562149726986,0,0,0,322,0,20,990,0.941520467836,1,0,0.0584795321637,1,0.941520467836,0.969879518072,0.960664612743,0.941520467836,0.941520467836,83,103,0,0,0,0
2764,WLNM_dir_neg,0.930200772929,0.89022819886,00:00:05,10,70,8,1239447243,threshold_sweep,0.1,1,0.728155339806,0.842696629213,75,0,28,206,0.728155339806,1,0,0.271844660194,1,0.728155339806,0.842696629213,0.909385113269,0.585760517799,0.78125,0.800640769025,0.728155339806,342,239,103,0,342,0,239,0,103,37,342,0.256756756757,1.72528881811,18.4864864865,15.5454545455,9.77142857143,5.36771015539,0.290358590277,0.142642642643,9.50849154237,1.02869645341,0.544491860281,8.05331334643,0.871264894205,0.461830251304,0.640599570326,0.371299902718,2,1.72528881811,0.640599570326,2,0.344071394247,0.376569037657,810,0.104247104247,0.56957682835,37,37,37,1,0,0.405405405405,0.540540540541,0.0540540540541,37,0.179429429429,1.77207679081,12.9189189189,10.8636363636,6.82857142857,3.81064574856,0.294966302713,0.148479022956,6.47042242565,1.0016971956,0.534434015606,5.98885351018,0.927144685676,0.491914508651,0.7019601976,0.396122900113,2,1.77207679081,0.7019601976,2,0.150604037369,0.148736228127,153,0.0196911196911,0.351396950092,37,37,37,1,0,0.405405405405,0.540540540541,0.0540540540541,37,314,0.235735735736,1.72927172175,16.972972973,14.2727272727,8.97142857143,4.81021186001,0.283404201943,0.134532621794,8.54602448712,1.00701562428,0.531588913755,8.02295879759,0.945380495258,0.496815286624,0.65178420373,0.376912543896,2,1.72927172175,0.65178420373,2,0.281270256079,0.285555555556,514,0.0661518661519,0.550326501087,37,37,37,1,0,0.405405405405,0.540540540541,0.0540540540541,-28,-0.021021021021,0.00398290363174,-1.51351351351,-1.27272727273,-0.8,-0.557498295388,-0.00695438833412,-0.00811002084887,-0.96246705525,-0.0216808291358,-0.0129029465268,-0.0303545488417,0.0741156010528,0.0349850353203,0.0111846334041,0.00561264117784,0,0.00398290363174,0.0111846334041,0,-0.0628011381683,-0.0910134821013,-296,-0.0380952380952,-0.0192503272624,0,0,0,314,0,28,990,0.918128654971,1,0,0.0818713450292,1,0.918128654971,0.957317073171,0.944920953036,0.918128654971,0.918128654971,75,103,0,0,0,0
2765,WLNM_dir_neg,0.930200772929,0.89022819886,00:00:05,10,70,8,1239447243,threshold_sweep,0.2,1,0.718446601942,0.83615819209,74,0,29,206,0.718446601942,1,0,0.281553398058,1,0.718446601942,0.83615819209,0.906148867314,0.586839266451,0.772845953003,0.793591352046,0.718446601942,342,239,103,0,342,0,239,0,103,37,342,0.256756756757,1.72528881811,18.4864864865,15.5454545455,9.77142857143,5.36771015539,0.290358590277,0.142642642643,9.50849154237,1.02869645341,0.544491860281,8.05331334643,0.871264894205,0.461830251304,0.640599570326,0.371299902718,2,1.72528881811,0.640599570326,2,0.344071394247,0.376569037657,810,0.104247104247,0.56957682835,37,37,37,1,0,0.405405405405,0.540540540541,0.0540540540541,37,0.179429429429,1.77207679081,12.9189189189,10.8636363636,6.82857142857,3.81064574856,0.294966302713,0.148479022956,6.47042242565,1.0016971956,0.534434015606,5.98885351018,0.927144685676,0.491914508651,0.7019601976,0.396122900113,2,1.77207679081,0.7019601976,2,0.150604037369,0.148736228127,153,0.0196911196911,0.351396950092,37,37,37,1,0,0.405405405405,0.540540540541,0.0540540540541,37,313,0.234984984985,1.72713763084,16.9189189189,14.2272727273,8.94285714286,4.81535955954,0.284613903679,0.135135135135,8.53617984618,1.0090691831,0.533287280891,8.03670259426,0.950025546286,0.498057162594,0.649941084725,0.376311113325,2,1.72713763084,0.649941084725,2,0.276342672204,0.280499161855,502,0.0646074646075,0.551239888694,37,37,37,1,0,0.405405405405,0.540540540541,0.0540540540541,-29,-0.0217717717718,0.00184881272114,-1.56756756757,-1.31818181818,-0.828571428571,-0.55235059585,-0.00574468659803,-0.00750750750751,-0.972311696193,-0.0196272703198,-0.0112045793902,-0.016610752174,0.0787606520815,0.03622691129,0.00934151439862,0.00501121060684,0,0.00184881272114,0.00934151439862,0,-0.0677287220433,-0.0960698758018,-308,-0.0396396396396,-0.0183369396558,0,0,0,313,0,29,990,0.915204678363,1,0,0.0847953216374,1,0.915204678363,0.95572519084,0.94295207611,0.915204678363,0.915204678363,74,103,0,0,0,0
2766,WLNM_dir_neg,0.930200772929,0.89022819886,00:00:05,10,70,8,1239447243,threshold_sweep,0.3,1,0.718446601942,0.83615819209,74,0,29,206,0.718446601942,1,0,0.281553398058,1,0.718446601942,0.83615819209,0.906148867314,0.586839266451,0.772845953003,0.793591352046,0.718446601942,342,239,103,0,342,0,239,0,103,37,342,0.256756756757,1.72528881811,18.4864864865,15.5454545455,9.77142857143,5.36771015539,0.290358590277,0.142642642643,9.50849154237,1.02869645341,0.544491860281,8.05331334643,0.871264894205,0.461830251304,0.640599570326,0.371299902718,2,1.72528881811,0.640599570326,2,0.344071394247,0.376569037657,810,0.104247104247,0.56957682835,37,37,37,1,0,0.405405405405,0.540540540541,0.0540540540541,37,0.179429429429,1.77207679081,12.9189189189,10.8636363636,6.82857142857,3.81064574856,0.294966302713,0.148479022956,6.47042242565,1.0016971956,0.534434015606,5.98885351018,0.927144685676,0.491914508651,0.7019601976,0.396122900113,2,1.77207679081,0.7019601976,2,0.150604037369,0.148736228127,153,0.0196911196911,0.351396950092,37,37,37,1,0,0.405405405405,0.540540540541,0.0540540540541,37,313,0.234984984985,1.72713763084,16.9189189189,14.2272727273,8.94285714286,4.81535955954,0.284613903679,0.135135135135,8.53617984618,1.0090691831,0.533287280891,8.03670259426,0.950025546286,0.498057162594,0.649941084725,0.376311113325,2,1.72713763084,0.649941084725,2,0.276342672204,0.280499161855,502,0.0646074646075,0.551239888694,37,37,37,1,0,0.405405405405,0.540540540541,0.0540540540541,-29,-0.0217717717718,0.00184881272114,-1.56756756757,-1.31818181818,-0.828571428571,-0.55235059585,-0.00574468659803,-0.00750750750751,-0.972311696193,-0.0196272703198,-0.0112045793902,-0.016610752174,0.0787606520815,0.03622691129,0.00934151439862,0.00501121060684,0,0.00184881272114,0.00934151439862,0,-0.0677287220433,-0.0960698758018,-308,-0.0396396396396,-0.0183369396558,0,0,0,313,0,29,990,0.915204678363,1,0,0.0847953216374,1,0.915204678363,0.95572519084,0.94295207611,0.915204678363,0.915204678363,74,103,0,0,0,0
2767,WLNM_dir_neg,0.930200772929,0.89022819886,00:00:05,10,70,8,1239447243,threshold_sweep,0.4,1,0.718446601942,0.83615819209,74,0,29,206,0.718446601942,1,0,0.281553398058,1,0.718446601942,0.83615819209,0.906148867314,0.586839266451,0.772845953003,0.793591352046,0.718446601942,342,239,103,0,342,0,239,0,103,37,342,0.256756756757,1.72528881811,18.4864864865,15.5454545455,9.77142857143,5.36771015539,0.290358590277,0.142642642643,9.50849154237,1.02869645341,0.544491860281,8.05331334643,0.871264894205,0.461830251304,0.640599570326,0.371299902718,2,1.72528881811,0.640599570326,2,0.344071394247,0.376569037657,810,0.104247104247,0.56957682835,37,37,37,1,0,0.405405405405,0.540540540541,0.0540540540541,37,0.179429429429,1.77207679081,12.9189189189,10.8636363636,6.82857142857,3.81064574856,0.294966302713,0.148479022956,6.47042242565,1.0016971956,0.534434015606,5.98885351018,0.927144685676,0.491914508651,0.7019601976,0.396122900113,2,1.77207679081,0.7019601976,2,0.150604037369,0.148736228127,153,0.0196911196911,0.351396950092,37,37,37,1,0,0.405405405405,0.540540540541,0.0540540540541,37,313,0.234984984985,1.72713763084,16.9189189189,14.2272727273,8.94285714286,4.81535955954,0.284613903679,0.135135135135,8.53617984618,1.0090691831,0.533287280891,8.03670259426,0.950025546286,0.498057162594,0.649941084725,0.376311113325,2,1.72713763084,0.649941084725,2,0.276342672204,0.280499161855,502,0.0646074646075,0.551239888694,37,37,37,1,0,0.405405405405,0.540540540541,0.0540540540541,-29,-0.0217717717718,0.00184881272114,-1.56756756757,-1.31818181818,-0.828571428571,-0.55235059585,-0.00574468659803,-0.00750750750751,-0.972311696193,-0.0196272703198,-0.0112045793902,-0.016610752174,0.0787606520815,0.03622691129,0.00934151439862,0.00501121060684,0,0.00184881272114,0.00934151439862,0,-0.0677287220433,-0.0960698758018,-308,-0.0396396396396,-0.0183369396558,0,0,0,313,0,29,990,0.915204678363,1,0,0.0847953216374,1,0.915204678363,0.95572519084,0.94295207611,0.915204678363,0.915204678363,74,103,0,0,0,0
2768,WLNM_dir_neg,0.930200772929,0.89022819886,00:00:05,10,70,8,1239447243,threshold_sweep,0.5,1,0.718446601942,0.83615819209,74,0,29,206,0.718446601942,1,0,0.281553398058,1,0.718446601942,0.83615819209,0.906148867314,0.586839266451,0.772845953003,0.793591352046,0.718446601942,342,239,103,0,342,0,239,0,103,37,342,0.256756756757,1.72528881811,18.4864864865,15.5454545455,9.77142857143,5.36771015539,0.290358590277,0.142642642643,9.50849154237,1.02869645341,0.544491860281,8.05331334643,0.871264894205,0.461830251304,0.640599570326,0.371299902718,2,1.72528881811,0.640599570326,2,0.344071394247,0.376569037657,810,0.104247104247,0.56957682835,37,37,37,1,0,0.405405405405,0.540540540541,0.0540540540541,37,0.179429429429,1.77207679081,12.9189189189,10.8636363636,6.82857142857,3.81064574856,0.294966302713,0.148479022956,6.47042242565,1.0016971956,0.534434015606,5.98885351018,0.927144685676,0.491914508651,0.7019601976,0.396122900113,2,1.77207679081,0.7019601976,2,0.150604037369,0.148736228127,153,0.0196911196911,0.351396950092,37,37,37,1,0,0.405405405405,0.540540540541,0.0540540540541,37,313,0.234984984985,1.72713763084,16.9189189189,14.2272727273,8.94285714286,4.81535955954,0.284613903679,0.135135135135,8.53617984618,1.0090691831,0.533287280891,8.03670259426,0.950025546286,0.498057162594,0.649941084725,0.376311113325,2,1.72713763084,0.649941084725,2,0.276342672204,0.280499161855,502,0.0646074646075,0.551239888694,37,37,37,1,0,0.405405405405,0.540540540541,0.0540540540541,-29,-0.0217717717718,0.00184881272114,-1.56756756757,-1.31818181818,-0.828571428571,-0.55235059585,-0.00574468659803,-0.00750750750751,-0.972311696193,-0.0196272703198,-0.0112045793902,-0.016610752174,0.0787606520815,0.03622691129,0.00934151439862,0.00501121060684,0,0.00184881272114,0.00934151439862,0,-0.0677287220433,-0.0960698758018,-308,-0.0396396396396,-0.0183369396558,0,0,0,313,0,29,990,0.915204678363,1,0,0.0847953216374,1,0.915204678363,0.95572519084,0.94295207611,0.915204678363,0.915204678363,74,103,0,0,0,0
2769,WLNM_dir_neg,0.930200772929,0.89022819886,00:00:05,10,70,8,1239447243,threshold_sweep,0.6,1,0.718446601942,0.83615819209,74,0,29,206,0.718446601942,1,0,0.281553398058,1,0.718446601942,0.83615819209,0.906148867314,0.586839266451,0.772845953003,0.793591352046,0.718446601942,342,239,103,0,342,0,239,0,103,37,342,0.256756756757,1.72528881811,18.4864864865,15.5454545455,9.77142857143,5.36771015539,0.290358590277,0.142642642643,9.50849154237,1.02869645341,0.544491860281,8.05331334643,0.871264894205,0.461830251304,0.640599570326,0.371299902718,2,1.72528881811,0.640599570326,2,0.344071394247,0.376569037657,810,0.104247104247,0.56957682835,37,37,37,1,0,0.405405405405,0.540540540541,0.0540540540541,37,0.179429429429,1.77207679081,12.9189189189,10.8636363636,6.82857142857,3.81064574856,0.294966302713,0.148479022956,6.47042242565,1.0016971956,0.534434015606,5.98885351018,0.927144685676,0.491914508651,0.7019601976,0.396122900113,2,1.77207679081,0.7019601976,2,0.150604037369,0.148736228127,153,0.0196911196911,0.351396950092,37,37,37,1,0,0.405405405405,0.540540540541,0.0540540540541,37,313,0.234984984985,1.72713763084,16.9189189189,14.2272727273,8.94285714286,4.81535955954,0.284613903679,0.135135135135,8.53617984618,1.0090691831,0.533287280891,8.03670259426,0.950025546286,0.498057162594,0.649941084725,0.376311113325,2,1.72713763084,0.649941084725,2,0.276342672204,0.280499161855,502,0.0646074646075,0.551239888694,37,37,37,1,0,0.405405405405,0.540540540541,0.0540540540541,-29,-0.0217717717718,0.00184881272114,-1.56756756757,-1.31818181818,-0.828571428571,-0.55235059585,-0.00574468659803,-0.00750750750751,-0.972311696193,-0.0196272703198,-0.0112045793902,-0.016610752174,0.0787606520815,0.03622691129,0.00934151439862,0.00501121060684,0,0.00184881272114,0.00934151439862,0,-0.0677287220433,-0.0960698758018,-308,-0.0396396396396,-0.0183369396558,0,0,0,313,0,29,990,0.915204678363,1,0,0.0847953216374,1,0.915204678363,0.95572519084,0.94295207611,0.915204678363,0.915204678363,74,103,0,0,0,0
2770,WLNM_dir_neg,0.930200772929,0.89022819886,00:00:05,10,70,8,1239447243,threshold_sweep,0.7,1,0.718446601942,0.83615819209,74,0,29,206,0.718446601942,1,0,0.281553398058,1,0.718446601942,0.83615819209,0.906148867314,0.586839266451,0.772845953003,0.793591352046,0.718446601942,342,239,103,0,342,0,239,0,103,37,342,0.256756756757,1.72528881811,18.4864864865,15.5454545455,9.77142857143,5.36771015539,0.290358590277,0.142642642643,9.50849154237,1.02869645341,0.544491860281,8.05331334643,0.871264894205,0.461830251304,0.640599570326,0.371299902718,2,1.72528881811,0.640599570326,2,0.344071394247,0.376569037657,810,0.104247104247,0.56957682835,37,37,37,1,0,0.405405405405,0.540540540541,0.0540540540541,37,0.179429429429,1.77207679081,12.9189189189,10.8636363636,6.82857142857,3.81064574856,0.294966302713,0.148479022956,6.47042242565,1.0016971956,0.534434015606,5.98885351018,0.927144685676,0.491914508651,0.7019601976,0.396122900113,2,1.77207679081,0.7019601976,2,0.150604037369,0.148736228127,153,0.0196911196911,0.351396950092,37,37,37,1,0,0.405405405405,0.540540540541,0.0540540540541,37,313,0.234984984985,1.72713763084,16.9189189189,14.2272727273,8.94285714286,4.81535955954,0.284613903679,0.135135135135,8.53617984618,1.0090691831,0.533287280891,8.03670259426,0.950025546286,0.498057162594,0.649941084725,0.376311113325,2,1.72713763084,0.649941084725,2,0.276342672204,0.280499161855,502,0.0646074646075,0.551239888694,37,37,37,1,0,0.405405405405,0.540540540541,0.0540540540541,-29,-0.0217717717718,0.00184881272114,-1.56756756757,-1.31818181818,-0.828571428571,-0.55235059585,-0.00574468659803,-0.00750750750751,-0.972311696193,-0.0196272703198,-0.0112045793902,-0.016610752174,0.0787606520815,0.03622691129,0.00934151439862,0.00501121060684,0,0.00184881272114,0.00934151439862,0,-0.0677287220433,-0.0960698758018,-308,-0.0396396396396,-0.0183369396558,0,0,0,313,0,29,990,0.915204678363,1,0,0.0847953216374,1,0.915204678363,0.95572519084,0.94295207611,0.915204678363,0.915204678363,74,103,0,0,0,0
2771,WLNM_dir_neg,0.930200772929,0.89022819886,00:00:05,10,70,8,1239447243,threshold_sweep,0.8,1,0.699029126214,0.822857142857,72,0,31,206,0.699029126214,1,0,0.300970873786,1,0.699029126214,0.822857142857,0.899676375405,0.588996763754,0.755905511811,0.779483762954,0.699029126214,342,239,103,0,342,0,239,0,103,37,342,0.256756756757,1.72528881811,18.4864864865,15.5454545455,9.77142857143,5.36771015539,0.290358590277,0.142642642643,9.50849154237,1.02869645341,0.544491860281,8.05331334643,0.871264894205,0.461830251304,0.640599570326,0.371299902718,2,1.72528881811,0.640599570326,2,0.344071394247,0.376569037657,810,0.104247104247,0.56957682835,37,37,37,1,0,0.405405405405,0.540540540541,0.0540540540541,37,0.179429429429,1.77207679081,12.9189189189,10.8636363636,6.82857142857,3.81064574856,0.294966302713,0.148479022956,6.47042242565,1.0016971956,0.534434015606,5.98885351018,0.927144685676,0.491914508651,0.7019601976,0.396122900113,2,1.77207679081,0.7019601976,2,0.150604037369,0.148736228127,153,0.0196911196911,0.351396950092,37,37,37,1,0,0.405405405405,0.540540540541,0.0540540540541,37,311,0.233483483483,1.72648862672,16.8108108108,14.1363636364,8.88571428571,4.84101595075,0.287970402215,0.136004171374,8.47368298341,1.0081230559,0.531676370905,8.06384061881,0.959363674906,0.500738680803,0.649080606436,0.375954174496,2,1.72648862672,0.649080606436,2,0.272034337849,0.274114544084,485,0.0624195624196,0.553705022147,37,37,37,1,0,0.405405405405,0.540540540541,0.0540540540541,-31,-0.0232732732733,0.0011998086093,-1.67567567568,-1.40909090909,-0.885714285714,-0.526694204641,-0.00238818806197,-0.0066384712687,-1.03480855897,-0.0205733975109,-0.0128154893767,0.010527272373,0.0880987807015,0.0389084294991,0.00848103610994,0.00465427177779,0,0.0011998086093,0.00848103610994,0,-0.072037056398,-0.102454493573,-325,-0.0418275418275,-0.0158718062031,0,0,0,311,0,31,990,0.909356725146,1,0,0.0906432748538,1,0.909356725146,0.952526799387,0.939013568474,0.909356725146,0.909356725146,72,103,0,0,0,0
2772,WLNM_dir_neg,0.930200772929,0.89022819886,00:00:05,10,70,8,1239447243,threshold_sweep,0.9,1,0.699029126214,0.822857142857,72,0,31,206,0.699029126214,1,0,0.300970873786,1,0.699029126214,0.822857142857,0.899676375405,0.588996763754,0.755905511811,0.779483762954,0.699029126214,342,239,103,0,342,0,239,0,103,37,342,0.256756756757,1.72528881811,18.4864864865,15.5454545455,9.77142857143,5.36771015539,0.290358590277,0.142642642643,9.50849154237,1.02869645341,0.544491860281,8.05331334643,0.871264894205,0.461830251304,0.640599570326,0.371299902718,2,1.72528881811,0.640599570326,2,0.344071394247,0.376569037657,810,0.104247104247,0.56957682835,37,37,37,1,0,0.405405405405,0.540540540541,0.0540540540541,37,0.179429429429,1.77207679081,12.9189189189,10.8636363636,6.82857142857,3.81064574856,0.294966302713,0.148479022956,6.47042242565,1.0016971956,0.534434015606,5.98885351018,0.927144685676,0.491914508651,0.7019601976,0.396122900113,2,1.77207679081,0.7019601976,2,0.150604037369,0.148736228127,153,0.0196911196911,0.351396950092,37,37,37,1,0,0.405405405405,0.540540540541,0.0540540540541,37,311,0.233483483483,1.72648862672,16.8108108108,14.1363636364,8.88571428571,4.84101595075,0.287970402215,0.136004171374,8.47368298341,1.0081230559,0.531676370905,8.06384061881,0.959363674906,0.500738680803,0.649080606436,0.375954174496,2,1.72648862672,0.649080606436,2,0.272034337849,0.274114544084,485,0.0624195624196,0.553705022147,37,37,37,1,0,0.405405405405,0.540540540541,0.0540540540541,-31,-0.0232732732733,0.0011998086093,-1.67567567568,-1.40909090909,-0.885714285714,-0.526694204641,-0.00238818806197,-0.0066384712687,-1.03480855897,-0.0205733975109,-0.0128154893767,0.010527272373,0.0880987807015,0.0389084294991,0.00848103610994,0.00465427177779,0,0.0011998086093,0.00848103610994,0,-0.072037056398,-0.102454493573,-325,-0.0418275418275,-0.0158718062031,0,0,0,311,0,31,990,0.909356725146,1,0,0.0906432748538,1,0.909356725146,0.952526799387,0.939013568474,0.909356725146,0.909356725146,72,103,0,0,0,0
2773,WLNM_dir_neg,0.95301159393,0.715570226613,00:00:05,10,70,9,1239447244,threshold_sweep,0.1,0.978494623656,0.883495145631,0.928571428571,91,2,12,204,0.883495145631,0.990291262136,0.00970873786408,0.116504854369,0.978494623656,0.883495145631,0.928571428571,0.954692556634,0.566343042071,0.89552238806,0.898026510134,0.873786407767,342,239,103,0,342,0,239,0,103,37,342,0.256756756757,1.72528881811,18.4864864865,15.5454545455,9.77142857143,5.36771015539,0.290358590277,0.142642642643,9.50849154237,1.02869645341,0.544491860281,8.05331334643,0.871264894205,0.461830251304,0.640599570326,0.371299902718,2,1.72528881811,0.640599570326,2,0.344071394247,0.376569037657,810,0.104247104247,0.56957682835,37,37,37,1,0,0.405405405405,0.540540540541,0.0540540540541,37,0.179429429429,1.75422998877,12.9189189189,10.8636363636,6.82857142857,3.50696432813,0.271459581885,0.144634173923,6.51321133711,1.00832142039,0.540540540541,5.78597247466,0.895736324528,0.481058464322,0.669602905144,0.38170759218,2,1.75422998877,0.669602905144,2,0.176522597188,0.154375614553,157,0.0202059202059,0.336151254871,37,37,37,1,0,0.405405405405,0.540540540541,0.0540540540541,37,332,0.249249249249,1,17.9459459459,14.4347826087,9.22222222222,5.00525249638,0.278907142118,0.129355258873,9.14842574948,1.01955347208,0.534516444155,8.00515974747,0.892141297158,0.471019211983,0,0,0,NaN,NaN,NaN,0.317856593804,0.336490528415,675,0.0868725868726,0.519794129986,37,37,0,1,2,0.378378378378,0.594594594595,0.027027027027,-10,-0.00750750750751,-0.725288818115,-0.540540540541,-1.11067193676,-0.549206349206,-0.36245765901,-0.0114514481594,-0.0132873837693,-0.360065792898,-0.00914298133454,-0.00997541612634,-0.04815359896,0.0208764029534,0.00918896067913,-0.640599570326,-0.371299902718,-2,NaN,NaN,NaN,-0.0262148004435,-0.0400785092421,-135,-0.0173745173745,-0.0497826983644,-0.027027027027,0.0540540540541,-0.027027027027,330,2,12,988,0.964912280702,0.99797979798,0.0020202020202,0.0350877192982,0.993975903614,0.964912280702,0.979228486647,0.972387175484,0.962892078682,0.959302325581,93,103,0,0,0,0
2774,WLNM_dir_neg,0.95301159393,0.715570226613,00:00:05,10,70,9,1239447244,threshold_sweep,0.2,0.988636363636,0.844660194175,0.910994764398,87,1,16,205,0.844660194175,0.995145631068,0.00485436893204,0.155339805825,0.988636363636,0.844660194175,0.910994764398,0.94498381877,0.571736785329,0.871536523929,0.877189919853,0.839805825243,342,239,103,0,342,0,239,0,103,37,342,0.256756756757,1.72528881811,18.4864864865,15.5454545455,9.77142857143,5.36771015539,0.290358590277,0.142642642643,9.50849154237,1.02869645341,0.544491860281,8.05331334643,0.871264894205,0.461830251304,0.640599570326,0.371299902718,2,1.72528881811,0.640599570326,2,0.344071394247,0.376569037657,810,0.104247104247,0.56957682835,37,37,37,1,0,0.405405405405,0.540540540541,0.0540540540541,37,0.179429429429,1.75422998877,12.9189189189,10.8636363636,6.82857142857,3.50696432813,0.271459581885,0.144634173923,6.51321133711,1.00832142039,0.540540540541,5.78597247466,0.895736324528,0.481058464322,0.669602905144,0.38170759218,2,1.75422998877,0.669602905144,2,0.176522597188,0.154375614553,157,0.0202059202059,0.336151254871,37,37,37,1,0,0.405405405405,0.540540540541,0.0540540540541,37,327,0.245495495495,1,17.6756756757,14.2173913043,9.34285714286,4.66103263507,0.263697564981,0.123977188197,8.84908505476,1.00127262087,0.528638730474,8.081231732,0.914390134814,0.484998760228,0,0,0,NaN,NaN,NaN,0.294112889932,0.311041990669,600,0.0772200772201,0.520776854601,37,37,0,1,2,0.378378378378,0.567567567568,0.0540540540541,-15,-0.0112612612613,-0.725288818115,-0.810810810811,-1.32806324111,-0.428571428571,-0.706677520319,-0.0266610252959,-0.0186654544453,-0.659406487619,-0.0274238325403,-0.0158531298077,0.0279183855672,0.0431252406087,0.0231685089242,-0.640599570326,-0.371299902718,-2,NaN,NaN,NaN,-0.049958504315,-0.0655270469882,-210,-0.027027027027,-0.0487999737493,-0.027027027027,0.027027027027,0,326,1,16,989,0.953216374269,0.99898989899,0.0010101010101,0.046783625731,0.996941896024,0.953216374269,0.974588938714,0.966506505209,0.952206273259,0.950437317784,88,103,0,0,0,0
2775,WLNM_dir_neg,0.95301159393,0.715570226613,00:00:05,10,70,9,1239447244,threshold_sweep,0.3,0.988235294118,0.815533980583,0.893617021277,84,1,19,205,0.815533980583,0.995145631068,0.00485436893204,0.184466019417,0.988235294118,0.815533980583,0.893617021277,0.935275080906,0.574973031284,0.847715736041,0.85579156439,0.81067961165,342,239,103,0,342,0,239,0,103,37,342,0.256756756757,1.72528881811,18.4864864865,15.5454545455,9.77142857143,5.36771015539,0.290358590277,0.142642642643,9.50849154237,1.02869645341,0.544491860281,8.05331334643,0.871264894205,0.461830251304,0.640599570326,0.371299902718,2,1.72528881811,0.640599570326,2,0.344071394247,0.376569037657,810,0.104247104247,0.56957682835,37,37,37,1,0,0.405405405405,0.540540540541,0.0540540540541,37,0.179429429429,1.75422998877,12.9189189189,10.8636363636,6.82857142857,3.50696432813,0.271459581885,0.144634173923,6.51321133711,1.00832142039,0.540540540541,5.78597247466,0.895736324528,0.481058464322,0.669602905144,0.38170759218,2,1.75422998877,0.669602905144,2,0.176522597188,0.154375614553,157,0.0202059202059,0.336151254871,37,37,37,1,0,0.405405405405,0.540540540541,0.0540540540541,37,324,0.243243243243,1,17.5135135135,14.0869565217,9.25714285714,4.44485733818,0.253795866532,0.119119119119,8.67117000117,0.990226203837,0.524524524525,8.13567386202,0.929073866959,0.490824157491,0,0,0,NaN,NaN,NaN,0.279809955782,0.292087095061,550,0.0707850707851,0.522968094781,37,37,0,1,2,0.378378378378,0.567567567568,0.0540540540541,-18,-0.0135135135135,-0.725288818115,-0.972972972973,-1.45849802372,-0.514285714286,-0.922852817215,-0.0365627237453,-0.0235235235235,-0.837321541205,-0.0384702495775,-0.0199673357568,0.0823605155878,0.0578089727544,0.0289939061869,-0.640599570326,-0.371299902718,-2,NaN,NaN,NaN,-0.0642614384649,-0.0844819425958,-260,-0.033462033462,-0.046608733569,-0.027027027027,0.027027027027,0,323,1,19,989,0.944444444444,0.99898989899,0.0010101010101,0.0555555555556,0.996913580247,0.944444444444,0.96996996997,0.960593316875,0.943434343434,0.941690962099,85,103,0,0,0,0
2776,WLNM_dir_neg,0.95301159393,0.715570226613,00:00:05,10,70,9,1239447244,threshold_sweep,0.4,1,0.815533980583,0.898395721925,84,0,19,206,0.815533980583,1,0,0.184466019417,1,0.815533980583,0.898395721925,0.938511326861,0.576051779935,0.854961832061,0.864098759788,0.815533980583,342,239,103,0,342,0,239,0,103,37,342,0.256756756757,1.72528881811,18.4864864865,15.5454545455,9.77142857143,5.36771015539,0.290358590277,0.142642642643,9.50849154237,1.02869645341,0.544491860281,8.05331334643,0.871264894205,0.461830251304,0.640599570326,0.371299902718,2,1.72528881811,0.640599570326,2,0.344071394247,0.376569037657,810,0.104247104247,0.56957682835,37,37,37,1,0,0.405405405405,0.540540540541,0.0540540540541,37,0.179429429429,1.75422998877,12.9189189189,10.8636363636,6.82857142857,3.50696432813,0.271459581885,0.144634173923,6.51321133711,1.00832142039,0.540540540541,5.78597247466,0.895736324528,0.481058464322,0.669602905144,0.38170759218,2,1.75422998877,0.669602905144,2,0.176522597188,0.154375614553,157,0.0202059202059,0.336151254871,37,37,37,1,0,0.405405405405,0.540540540541,0.0540540540541,37,323,0.242492492492,1.71801411668,17.4594594595,14.6818181818,9.22857142857,4.53133898898,0.259534895654,0.122081834156,8.69753684368,0.996312270019,0.526817839511,8.12625596668,0.930871426524,0.491674336876,0.631057241085,0.367317843874,2,1.71801411668,0.631057241085,2,0.279809955782,0.292087095061,550,0.0707850707851,0.564132365347,37,37,37,1,0,0.405405405405,0.540540540541,0.0540540540541,-19,-0.0142642642643,-0.00727470143266,-1.02702702703,-0.863636363636,-0.542857142857,-0.836371166415,-0.0308236946236,-0.0205608084865,-0.810954698696,-0.0323841833959,-0.01767402077,0.0729426202478,0.0596065323191,0.0298440855716,-0.00954232924114,-0.00398205884368,0,-0.00727470143266,-0.00954232924114,0,-0.0642614384649,-0.0844819425958,-260,-0.033462033462,-0.00544446300297,0,0,0,323,0,19,990,0.944444444444,1,0,0.0555555555556,1,0.944444444444,0.971428571429,0.962631840043,0.944444444444,0.944444444444,84,103,0,0,0,0
2777,WLNM_dir_neg,0.95301159393,0.715570226613,00:00:05,10,70,9,1239447244,threshold_sweep,0.5,1,0.805825242718,0.89247311828,83,0,20,206,0.805825242718,1,0,0.194174757282,1,0.805825242718,0.89247311828,0.935275080906,0.577130528587,0.84693877551,0.857037498792,0.805825242718,342,239,103,0,342,0,239,0,103,37,342,0.256756756757,1.72528881811,18.4864864865,15.5454545455,9.77142857143,5.36771015539,0.290358590277,0.142642642643,9.50849154237,1.02869645341,0.544491860281,8.05331334643,0.871264894205,0.461830251304,0.640599570326,0.371299902718,2,1.72528881811,0.640599570326,2,0.344071394247,0.376569037657,810,0.104247104247,0.56957682835,37,37,37,1,0,0.405405405405,0.540540540541,0.0540540540541,37,0.179429429429,1.75422998877,12.9189189189,10.8636363636,6.82857142857,3.50696432813,0.271459581885,0.144634173923,6.51321133711,1.00832142039,0.540540540541,5.78597247466,0.895736324528,0.481058464322,0.669602905144,0.38170759218,2,1.75422998877,0.669602905144,2,0.176522597188,0.154375614553,157,0.0202059202059,0.336151254871,37,37,37,1,0,0.405405405405,0.540540540541,0.0540540540541,37,322,0.241741741742,1.71701061015,17.4054054054,14.6363636364,9.2,4.54886713284,0.26134795639,0.122544905154,8.66302764904,0.995441065262,0.525768004029,8.12015621383,0.933061428297,0.492529796878,0.630082233767,0.366964671064,2,1.71701061015,0.630082233767,2,0.280522951461,0.292096831613,547,0.070398970399,0.563629639964,37,37,37,1,0,0.405405405405,0.540540540541,0.0540540540541,-20,-0.015015015015,-0.0082782079646,-1.08108108108,-0.909090909091,-0.571428571429,-0.818843022558,-0.0290106338875,-0.020097737489,-0.845463893334,-0.0332553881523,-0.0187238562525,0.0668428673918,0.0617965340919,0.0306995455737,-0.0105173365587,-0.00433523165363,0,-0.0082782079646,-0.0105173365587,0,-0.0635484427862,-0.0844722060442,-263,-0.0338481338481,-0.00594718838556,0,0,0,322,0,20,990,0.941520467836,1,0,0.0584795321637,1,0.941520467836,0.969879518072,0.960664612743,0.941520467836,0.941520467836,83,103,0,0,0,0
2778,WLNM_dir_neg,0.95301159393,0.715570226613,00:00:05,10,70,9,1239447244,threshold_sweep,0.6,1,0.805825242718,0.89247311828,83,0,20,206,0.805825242718,1,0,0.194174757282,1,0.805825242718,0.89247311828,0.935275080906,0.577130528587,0.84693877551,0.857037498792,0.805825242718,342,239,103,0,342,0,239,0,103,37,342,0.256756756757,1.72528881811,18.4864864865,15.5454545455,9.77142857143,5.36771015539,0.290358590277,0.142642642643,9.50849154237,1.02869645341,0.544491860281,8.05331334643,0.871264894205,0.461830251304,0.640599570326,0.371299902718,2,1.72528881811,0.640599570326,2,0.344071394247,0.376569037657,810,0.104247104247,0.56957682835,37,37,37,1,0,0.405405405405,0.540540540541,0.0540540540541,37,0.179429429429,1.75422998877,12.9189189189,10.8636363636,6.82857142857,3.50696432813,0.271459581885,0.144634173923,6.51321133711,1.00832142039,0.540540540541,5.78597247466,0.895736324528,0.481058464322,0.669602905144,0.38170759218,2,1.75422998877,0.669602905144,2,0.176522597188,0.154375614553,157,0.0202059202059,0.336151254871,37,37,37,1,0,0.405405405405,0.540540540541,0.0540540540541,37,322,0.241741741742,1.71701061015,17.4054054054,14.6363636364,9.2,4.54886713284,0.26134795639,0.122544905154,8.66302764904,0.995441065262,0.525768004029,8.12015621383,0.933061428297,0.492529796878,0.630082233767,0.366964671064,2,1.71701061015,0.630082233767,2,0.280522951461,0.292096831613,547,0.070398970399,0.563629639964,37,37,37,1,0,0.405405405405,0.540540540541,0.0540540540541,-20,-0.015015015015,-0.0082782079646,-1.08108108108,-0.909090909091,-0.571428571429,-0.818843022558,-0.0290106338875,-0.020097737489,-0.845463893334,-0.0332553881523,-0.0187238562525,0.0668428673918,0.0617965340919,0.0306995455737,-0.0105173365587,-0.00433523165363,0,-0.0082782079646,-0.0105173365587,0,-0.0635484427862,-0.0844722060442,-263,-0.0338481338481,-0.00594718838556,0,0,0,322,0,20,990,0.941520467836,1,0,0.0584795321637,1,0.941520467836,0.969879518072,0.960664612743,0.941520467836,0.941520467836,83,103,0,0,0,0
2779,WLNM_dir_neg,0.95301159393,0.715570226613,00:00:05,10,70,9,1239447244,threshold_sweep,0.7,1,0.805825242718,0.89247311828,83,0,20,206,0.805825242718,1,0,0.194174757282,1,0.805825242718,0.89247311828,0.935275080906,0.577130528587,0.84693877551,0.857037498792,0.805825242718,342,239,103,0,342,0,239,0,103,37,342,0.256756756757,1.72528881811,18.4864864865,15.5454545455,9.77142857143,5.36771015539,0.290358590277,0.142642642643,9.50849154237,1.02869645341,0.544491860281,8.05331334643,0.871264894205,0.461830251304,0.640599570326,0.371299902718,2,1.72528881811,0.640599570326,2,0.344071394247,0.376569037657,810,0.104247104247,0.56957682835,37,37,37,1,0,0.405405405405,0.540540540541,0.0540540540541,37,0.179429429429,1.75422998877,12.9189189189,10.8636363636,6.82857142857,3.50696432813,0.271459581885,0.144634173923,6.51321133711,1.00832142039,0.540540540541,5.78597247466,0.895736324528,0.481058464322,0.669602905144,0.38170759218,2,1.75422998877,0.669602905144,2,0.176522597188,0.154375614553,157,0.0202059202059,0.336151254871,37,37,37,1,0,0.405405405405,0.540540540541,0.0540540540541,37,322,0.241741741742,1.71701061015,17.4054054054,14.6363636364,9.2,4.54886713284,0.26134795639,0.122544905154,8.66302764904,0.995441065262,0.525768004029,8.12015621383,0.933061428297,0.492529796878,0.630082233767,0.366964671064,2,1.71701061015,0.630082233767,2,0.280522951461,0.292096831613,547,0.070398970399,0.563629639964,37,37,37,1,0,0.405405405405,0.540540540541,0.0540540540541,-20,-0.015015015015,-0.0082782079646,-1.08108108108,-0.909090909091,-0.571428571429,-0.818843022558,-0.0290106338875,-0.020097737489,-0.845463893334,-0.0332553881523,-0.0187238562525,0.0668428673918,0.0617965340919,0.0306995455737,-0.0105173365587,-0.00433523165363,0,-0.0082782079646,-0.0105173365587,0,-0.0635484427862,-0.0844722060442,-263,-0.0338481338481,-0.00594718838556,0,0,0,322,0,20,990,0.941520467836,1,0,0.0584795321637,1,0.941520467836,0.969879518072,0.960664612743,0.941520467836,0.941520467836,83,103,0,0,0,0
2780,WLNM_dir_neg,0.95301159393,0.715570226613,00:00:05,10,70,9,1239447244,threshold_sweep,0.8,1,0.805825242718,0.89247311828,83,0,20,206,0.805825242718,1,0,0.194174757282,1,0.805825242718,0.89247311828,0.935275080906,0.577130528587,0.84693877551,0.857037498792,0.805825242718,342,239,103,0,342,0,239,0,103,37,342,0.256756756757,1.72528881811,18.4864864865,15.5454545455,9.77142857143,5.36771015539,0.290358590277,0.142642642643,9.50849154237,1.02869645341,0.544491860281,8.05331334643,0.871264894205,0.461830251304,0.640599570326,0.371299902718,2,1.72528881811,0.640599570326,2,0.344071394247,0.376569037657,810,0.104247104247,0.56957682835,37,37,37,1,0,0.405405405405,0.540540540541,0.0540540540541,37,0.179429429429,1.75422998877,12.9189189189,10.8636363636,6.82857142857,3.50696432813,0.271459581885,0.144634173923,6.51321133711,1.00832142039,0.540540540541,5.78597247466,0.895736324528,0.481058464322,0.669602905144,0.38170759218,2,1.75422998877,0.669602905144,2,0.176522597188,0.154375614553,157,0.0202059202059,0.336151254871,37,37,37,1,0,0.405405405405,0.540540540541,0.0540540540541,37,322,0.241741741742,1.71701061015,17.4054054054,14.6363636364,9.2,4.54886713284,0.26134795639,0.122544905154,8.66302764904,0.995441065262,0.525768004029,8.12015621383,0.933061428297,0.492529796878,0.630082233767,0.366964671064,2,1.71701061015,0.630082233767,2,0.280522951461,0.292096831613,547,0.070398970399,0.563629639964,37,37,37,1,0,0.405405405405,0.540540540541,0.0540540540541,-20,-0.015015015015,-0.0082782079646,-1.08108108108,-0.909090909091,-0.571428571429,-0.818843022558,-0.0290106338875,-0.020097737489,-0.845463893334,-0.0332553881523,-0.0187238562525,0.0668428673918,0.0617965340919,0.0306995455737,-0.0105173365587,-0.00433523165363,0,-0.0082782079646,-0.0105173365587,0,-0.0635484427862,-0.0844722060442,-263,-0.0338481338481,-0.00594718838556,0,0,0,322,0,20,990,0.941520467836,1,0,0.0584795321637,1,0.941520467836,0.969879518072,0.960664612743,0.941520467836,0.941520467836,83,103,0,0,0,0
2781,WLNM_dir_neg,0.95301159393,0.715570226613,00:00:05,10,70,9,1239447244,threshold_sweep,0.9,1,0.805825242718,0.89247311828,83,0,20,206,0.805825242718,1,0,0.194174757282,1,0.805825242718,0.89247311828,0.935275080906,0.577130528587,0.84693877551,0.857037498792,0.805825242718,342,239,103,0,342,0,239,0,103,37,342,0.256756756757,1.72528881811,18.4864864865,15.5454545455,9.77142857143,5.36771015539,0.290358590277,0.142642642643,9.50849154237,1.02869645341,0.544491860281,8.05331334643,0.871264894205,0.461830251304,0.640599570326,0.371299902718,2,1.72528881811,0.640599570326,2,0.344071394247,0.376569037657,810,0.104247104247,0.56957682835,37,37,37,1,0,0.405405405405,0.540540540541,0.0540540540541,37,0.179429429429,1.75422998877,12.9189189189,10.8636363636,6.82857142857,3.50696432813,0.271459581885,0.144634173923,6.51321133711,1.00832142039,0.540540540541,5.78597247466,0.895736324528,0.481058464322,0.669602905144,0.38170759218,2,1.75422998877,0.669602905144,2,0.176522597188,0.154375614553,157,0.0202059202059,0.336151254871,37,37,37,1,0,0.405405405405,0.540540540541,0.0540540540541,37,322,0.241741741742,1.71701061015,17.4054054054,14.6363636364,9.2,4.54886713284,0.26134795639,0.122544905154,8.66302764904,0.995441065262,0.525768004029,8.12015621383,0.933061428297,0.492529796878,0.630082233767,0.366964671064,2,1.71701061015,0.630082233767,2,0.280522951461,0.292096831613,547,0.070398970399,0.563629639964,37,37,37,1,0,0.405405405405,0.540540540541,0.0540540540541,-20,-0.015015015015,-0.0082782079646,-1.08108108108,-0.909090909091,-0.571428571429,-0.818843022558,-0.0290106338875,-0.020097737489,-0.845463893334,-0.0332553881523,-0.0187238562525,0.0668428673918,0.0617965340919,0.0306995455737,-0.0105173365587,-0.00433523165363,0,-0.0082782079646,-0.0105173365587,0,-0.0635484427862,-0.0844722060442,-263,-0.0338481338481,-0.00594718838556,0,0,0,322,0,20,990,0.941520467836,1,0,0.0584795321637,1,0.941520467836,0.969879518072,0.960664612743,0.941520467836,0.941520467836,83,103,0,0,0,0
2782,WLNM_dir_neg,0.987557733999,0.960265289782,00:00:05,10,70,10,1239447245,threshold_sweep,0.1,1,0.854368932039,0.921465968586,88,0,15,206,0.854368932039,1,0,0.145631067961,1,0.854368932039,0.921465968586,0.95145631068,0.571736785329,0.886649874055,0.892401305746,0.854368932039,342,239,103,0,342,0,239,0,103,37,342,0.256756756757,1.72528881811,18.4864864865,15.5454545455,9.77142857143,5.36771015539,0.290358590277,0.142642642643,9.50849154237,1.02869645341,0.544491860281,8.05331334643,0.871264894205,0.461830251304,0.640599570326,0.371299902718,2,1.72528881811,0.640599570326,2,0.344071394247,0.376569037657,810,0.104247104247,0.56957682835,37,37,37,1,0,0.405405405405,0.540540540541,0.0540540540541,37,0.179429429429,1.77194118495,12.9189189189,10.8636363636,6.82857142857,4.03717708291,0.312501154954,0.163066832523,6.53024839835,1.01095895707,0.53940970259,5.80992730206,0.899444812453,0.482641637453,0.694460756655,0.391920884595,2,1.77194118495,0.694460756655,2,0.205985204747,0.180096308186,187,0.0240669240669,0.332450891268,37,37,37,1,0,0.405405405405,0.540540540541,0.0540540540541,37,327,0.245495495495,1.72751523988,17.6756756757,14.8636363636,9.34285714286,4.88793329454,0.276534452444,0.130589304901,8.84594544132,1.00091737409,0.530787668402,8.27819597065,0.9366766083,0.489792544838,0.649792091334,0.37614261011,2,1.72751523988,0.649792091334,2,0.291237545757,0.308271964377,600,0.0772200772201,0.578549887859,37,37,37,1,0,0.405405405405,0.540540540541,0.0540540540541,-15,-0.0112612612613,0.00222642176735,-0.810810810811,-0.681818181818,-0.428571428571,-0.479776860851,-0.0138241378336,-0.0120533377414,-0.662546101058,-0.0277790793209,-0.013704191879,0.224882624218,0.0654117140953,0.0279622935345,0.00919252100837,0.00484270739245,0,0.00222642176735,0.00919252100837,0,-0.0528338484904,-0.0682970732794,-210,-0.027027027027,0.00897305950949,0,0,0,327,0,15,990,0.956140350877,1,0,0.0438596491228,1,0.956140350877,0.977578475336,0.970499664797,0.956140350877,0.956140350877,88,103,0,0,0,0
2783,WLNM_dir_neg,0.987557733999,0.960265289782,00:00:05,10,70,10,1239447245,threshold_sweep,0.2,1,0.854368932039,0.921465968586,88,0,15,206,0.854368932039,1,0,0.145631067961,1,0.854368932039,0.921465968586,0.95145631068,0.571736785329,0.886649874055,0.892401305746,0.854368932039,342,239,103,0,342,0,239,0,103,37,342,0.256756756757,1.72528881811,18.4864864865,15.5454545455,9.77142857143,5.36771015539,0.290358590277,0.142642642643,9.50849154237,1.02869645341,0.544491860281,8.05331334643,0.871264894205,0.461830251304,0.640599570326,0.371299902718,2,1.72528881811,0.640599570326,2,0.344071394247,0.376569037657,810,0.104247104247,0.56957682835,37,37,37,1,0,0.405405405405,0.540540540541,0.0540540540541,37,0.179429429429,1.77194118495,12.9189189189,10.8636363636,6.82857142857,4.03717708291,0.312501154954,0.163066832523,6.53024839835,1.01095895707,0.53940970259,5.80992730206,0.899444812453,0.482641637453,0.694460756655,0.391920884595,2,1.77194118495,0.694460756655,2,0.205985204747,0.180096308186,187,0.0240669240669,0.332450891268,37,37,37,1,0,0.405405405405,0.540540540541,0.0540540540541,37,327,0.245495495495,1.72751523988,17.6756756757,14.8636363636,9.34285714286,4.88793329454,0.276534452444,0.130589304901,8.84594544132,1.00091737409,0.530787668402,8.27819597065,0.9366766083,0.489792544838,0.649792091334,0.37614261011,2,1.72751523988,0.649792091334,2,0.291237545757,0.308271964377,600,0.0772200772201,0.578549887859,37,37,37,1,0,0.405405405405,0.540540540541,0.0540540540541,-15,-0.0112612612613,0.00222642176735,-0.810810810811,-0.681818181818,-0.428571428571,-0.479776860851,-0.0138241378336,-0.0120533377414,-0.662546101058,-0.0277790793209,-0.013704191879,0.224882624218,0.0654117140953,0.0279622935345,0.00919252100837,0.00484270739245,0,0.00222642176735,0.00919252100837,0,-0.0528338484904,-0.0682970732794,-210,-0.027027027027,0.00897305950949,0,0,0,327,0,15,990,0.956140350877,1,0,0.0438596491228,1,0.956140350877,0.977578475336,0.970499664797,0.956140350877,0.956140350877,88,103,0,0,0,0
2784,WLNM_dir_neg,0.987557733999,0.960265289782,00:00:05,10,70,10,1239447245,threshold_sweep,0.3,1,0.854368932039,0.921465968586,88,0,15,206,0.854368932039,1,0,0.145631067961,1,0.854368932039,0.921465968586,0.95145631068,0.571736785329,0.886649874055,0.892401305746,0.854368932039,342,239,103,0,342,0,239,0,103,37,342,0.256756756757,1.72528881811,18.4864864865,15.5454545455,9.77142857143,5.36771015539,0.290358590277,0.142642642643,9.50849154237,1.02869645341,0.544491860281,8.05331334643,0.871264894205,0.461830251304,0.640599570326,0.371299902718,2,1.72528881811,0.640599570326,2,0.344071394247,0.376569037657,810,0.104247104247,0.56957682835,37,37,37,1,0,0.405405405405,0.540540540541,0.0540540540541,37,0.179429429429,1.77194118495,12.9189189189,10.8636363636,6.82857142857,4.03717708291,0.312501154954,0.163066832523,6.53024839835,1.01095895707,0.53940970259,5.80992730206,0.899444812453,0.482641637453,0.694460756655,0.391920884595,2,1.77194118495,0.694460756655,2,0.205985204747,0.180096308186,187,0.0240669240669,0.332450891268,37,37,37,1,0,0.405405405405,0.540540540541,0.0540540540541,37,327,0.245495495495,1.72751523988,17.6756756757,14.8636363636,9.34285714286,4.88793329454,0.276534452444,0.130589304901,8.84594544132,1.00091737409,0.530787668402,8.27819597065,0.9366766083,0.489792544838,0.649792091334,0.37614261011,2,1.72751523988,0.649792091334,2,0.291237545757,0.308271964377,600,0.0772200772201,0.578549887859,37,37,37,1,0,0.405405405405,0.540540540541,0.0540540540541,-15,-0.0112612612613,0.00222642176735,-0.810810810811,-0.681818181818,-0.428571428571,-0.479776860851,-0.0138241378336,-0.0120533377414,-0.662546101058,-0.0277790793209,-0.013704191879,0.224882624218,0.0654117140953,0.0279622935345,0.00919252100837,0.00484270739245,0,0.00222642176735,0.00919252100837,0,-0.0528338484904,-0.0682970732794,-210,-0.027027027027,0.00897305950949,0,0,0,327,0,15,990,0.956140350877,1,0,0.0438596491228,1,0.956140350877,0.977578475336,0.970499664797,0.956140350877,0.956140350877,88,103,0,0,0,0
2785,WLNM_dir_neg,0.987557733999,0.960265289782,00:00:05,10,70,10,1239447245,threshold_sweep,0.4,1,0.854368932039,0.921465968586,88,0,15,206,0.854368932039,1,0,0.145631067961,1,0.854368932039,0.921465968586,0.95145631068,0.571736785329,0.886649874055,0.892401305746,0.854368932039,342,239,103,0,342,0,239,0,103,37,342,0.256756756757,1.72528881811,18.4864864865,15.5454545455,9.77142857143,5.36771015539,0.290358590277,0.142642642643,9.50849154237,1.02869645341,0.544491860281,8.05331334643,0.871264894205,0.461830251304,0.640599570326,0.371299902718,2,1.72528881811,0.640599570326,2,0.344071394247,0.376569037657,810,0.104247104247,0.56957682835,37,37,37,1,0,0.405405405405,0.540540540541,0.0540540540541,37,0.179429429429,1.77194118495,12.9189189189,10.8636363636,6.82857142857,4.03717708291,0.312501154954,0.163066832523,6.53024839835,1.01095895707,0.53940970259,5.80992730206,0.899444812453,0.482641637453,0.694460756655,0.391920884595,2,1.77194118495,0.694460756655,2,0.205985204747,0.180096308186,187,0.0240669240669,0.332450891268,37,37,37,1,0,0.405405405405,0.540540540541,0.0540540540541,37,327,0.245495495495,1.72751523988,17.6756756757,14.8636363636,9.34285714286,4.88793329454,0.276534452444,0.130589304901,8.84594544132,1.00091737409,0.530787668402,8.27819597065,0.9366766083,0.489792544838,0.649792091334,0.37614261011,2,1.72751523988,0.649792091334,2,0.291237545757,0.308271964377,600,0.0772200772201,0.578549887859,37,37,37,1,0,0.405405405405,0.540540540541,0.0540540540541,-15,-0.0112612612613,0.00222642176735,-0.810810810811,-0.681818181818,-0.428571428571,-0.479776860851,-0.0138241378336,-0.0120533377414,-0.662546101058,-0.0277790793209,-0.013704191879,0.224882624218,0.0654117140953,0.0279622935345,0.00919252100837,0.00484270739245,0,0.00222642176735,0.00919252100837,0,-0.0528338484904,-0.0682970732794,-210,-0.027027027027,0.00897305950949,0,0,0,327,0,15,990,0.956140350877,1,0,0.0438596491228,1,0.956140350877,0.977578475336,0.970499664797,0.956140350877,0.956140350877,88,103,0,0,0,0
2786,WLNM_dir_neg,0.987557733999,0.960265289782,00:00:05,10,70,10,1239447245,threshold_sweep,0.5,1,0.854368932039,0.921465968586,88,0,15,206,0.854368932039,1,0,0.145631067961,1,0.854368932039,0.921465968586,0.95145631068,0.571736785329,0.886649874055,0.892401305746,0.854368932039,342,239,103,0,342,0,239,0,103,37,342,0.256756756757,1.72528881811,18.4864864865,15.5454545455,9.77142857143,5.36771015539,0.290358590277,0.142642642643,9.50849154237,1.02869645341,0.544491860281,8.05331334643,0.871264894205,0.461830251304,0.640599570326,0.371299902718,2,1.72528881811,0.640599570326,2,0.344071394247,0.376569037657,810,0.104247104247,0.56957682835,37,37,37,1,0,0.405405405405,0.540540540541,0.0540540540541,37,0.179429429429,1.77194118495,12.9189189189,10.8636363636,6.82857142857,4.03717708291,0.312501154954,0.163066832523,6.53024839835,1.01095895707,0.53940970259,5.80992730206,0.899444812453,0.482641637453,0.694460756655,0.391920884595,2,1.77194118495,0.694460756655,2,0.205985204747,0.180096308186,187,0.0240669240669,0.332450891268,37,37,37,1,0,0.405405405405,0.540540540541,0.0540540540541,37,327,0.245495495495,1.72751523988,17.6756756757,14.8636363636,9.34285714286,4.88793329454,0.276534452444,0.130589304901,8.84594544132,1.00091737409,0.530787668402,8.27819597065,0.9366766083,0.489792544838,0.649792091334,0.37614261011,2,1.72751523988,0.649792091334,2,0.291237545757,0.308271964377,600,0.0772200772201,0.578549887859,37,37,37,1,0,0.405405405405,0.540540540541,0.0540540540541,-15,-0.0112612612613,0.00222642176735,-0.810810810811,-0.681818181818,-0.428571428571,-0.479776860851,-0.0138241378336,-0.0120533377414,-0.662546101058,-0.0277790793209,-0.013704191879,0.224882624218,0.0654117140953,0.0279622935345,0.00919252100837,0.00484270739245,0,0.00222642176735,0.00919252100837,0,-0.0528338484904,-0.0682970732794,-210,-0.027027027027,0.00897305950949,0,0,0,327,0,15,990,0.956140350877,1,0,0.0438596491228,1,0.956140350877,0.977578475336,0.970499664797,0.956140350877,0.956140350877,88,103,0,0,0,0
2787,WLNM_dir_neg,0.987557733999,0.960265289782,00:00:05,10,70,10,1239447245,threshold_sweep,0.6,1,0.854368932039,0.921465968586,88,0,15,206,0.854368932039,1,0,0.145631067961,1,0.854368932039,0.921465968586,0.95145631068,0.571736785329,0.886649874055,0.892401305746,0.854368932039,342,239,103,0,342,0,239,0,103,37,342,0.256756756757,1.72528881811,18.4864864865,15.5454545455,9.77142857143,5.36771015539,0.290358590277,0.142642642643,9.50849154237,1.02869645341,0.544491860281,8.05331334643,0.871264894205,0.461830251304,0.640599570326,0.371299902718,2,1.72528881811,0.640599570326,2,0.344071394247,0.376569037657,810,0.104247104247,0.56957682835,37,37,37,1,0,0.405405405405,0.540540540541,0.0540540540541,37,0.179429429429,1.77194118495,12.9189189189,10.8636363636,6.82857142857,4.03717708291,0.312501154954,0.163066832523,6.53024839835,1.01095895707,0.53940970259,5.80992730206,0.899444812453,0.482641637453,0.694460756655,0.391920884595,2,1.77194118495,0.694460756655,2,0.205985204747,0.180096308186,187,0.0240669240669,0.332450891268,37,37,37,1,0,0.405405405405,0.540540540541,0.0540540540541,37,327,0.245495495495,1.72751523988,17.6756756757,14.8636363636,9.34285714286,4.88793329454,0.276534452444,0.130589304901,8.84594544132,1.00091737409,0.530787668402,8.27819597065,0.9366766083,0.489792544838,0.649792091334,0.37614261011,2,1.72751523988,0.649792091334,2,0.291237545757,0.308271964377,600,0.0772200772201,0.578549887859,37,37,37,1,0,0.405405405405,0.540540540541,0.0540540540541,-15,-0.0112612612613,0.00222642176735,-0.810810810811,-0.681818181818,-0.428571428571,-0.479776860851,-0.0138241378336,-0.0120533377414,-0.662546101058,-0.0277790793209,-0.013704191879,0.224882624218,0.0654117140953,0.0279622935345,0.00919252100837,0.00484270739245,0,0.00222642176735,0.00919252100837,0,-0.0528338484904,-0.0682970732794,-210,-0.027027027027,0.00897305950949,0,0,0,327,0,15,990,0.956140350877,1,0,0.0438596491228,1,0.956140350877,0.977578475336,0.970499664797,0.956140350877,0.956140350877,88,103,0,0,0,0
2788,WLNM_dir_neg,0.987557733999,0.960265289782,00:00:05,10,70,10,1239447245,threshold_sweep,0.7,1,0.854368932039,0.921465968586,88,0,15,206,0.854368932039,1,0,0.145631067961,1,0.854368932039,0.921465968586,0.95145631068,0.571736785329,0.886649874055,0.892401305746,0.854368932039,342,239,103,0,342,0,239,0,103,37,342,0.256756756757,1.72528881811,18.4864864865,15.5454545455,9.77142857143,5.36771015539,0.290358590277,0.142642642643,9.50849154237,1.02869645341,0.544491860281,8.05331334643,0.871264894205,0.461830251304,0.640599570326,0.371299902718,2,1.72528881811,0.640599570326,2,0.344071394247,0.376569037657,810,0.104247104247,0.56957682835,37,37,37,1,0,0.405405405405,0.540540540541,0.0540540540541,37,0.179429429429,1.77194118495,12.9189189189,10.8636363636,6.82857142857,4.03717708291,0.312501154954,0.163066832523,6.53024839835,1.01095895707,0.53940970259,5.80992730206,0.899444812453,0.482641637453,0.694460756655,0.391920884595,2,1.77194118495,0.694460756655,2,0.205985204747,0.180096308186,187,0.0240669240669,0.332450891268,37,37,37,1,0,0.405405405405,0.540540540541,0.0540540540541,37,327,0.245495495495,1.72751523988,17.6756756757,14.8636363636,9.34285714286,4.88793329454,0.276534452444,0.130589304901,8.84594544132,1.00091737409,0.530787668402,8.27819597065,0.9366766083,0.489792544838,0.649792091334,0.37614261011,2,1.72751523988,0.649792091334,2,0.291237545757,0.308271964377,600,0.0772200772201,0.578549887859,37,37,37,1,0,0.405405405405,0.540540540541,0.0540540540541,-15,-0.0112612612613,0.00222642176735,-0.810810810811,-0.681818181818,-0.428571428571,-0.479776860851,-0.0138241378336,-0.0120533377414,-0.662546101058,-0.0277790793209,-0.013704191879,0.224882624218,0.0654117140953,0.0279622935345,0.00919252100837,0.00484270739245,0,0.00222642176735,0.00919252100837,0,-0.0528338484904,-0.0682970732794,-210,-0.027027027027,0.00897305950949,0,0,0,327,0,15,990,0.956140350877,1,0,0.0438596491228,1,0.956140350877,0.977578475336,0.970499664797,0.956140350877,0.956140350877,88,103,0,0,0,0
2789,WLNM_dir_neg,0.987557733999,0.960265289782,00:00:05,10,70,10,1239447245,threshold_sweep,0.8,1,0.854368932039,0.921465968586,88,0,15,206,0.854368932039,1,0,0.145631067961,1,0.854368932039,0.921465968586,0.95145631068,0.571736785329,0.886649874055,0.892401305746,0.854368932039,342,239,103,0,342,0,239,0,103,37,342,0.256756756757,1.72528881811,18.4864864865,15.5454545455,9.77142857143,5.36771015539,0.290358590277,0.142642642643,9.50849154237,1.02869645341,0.544491860281,8.05331334643,0.871264894205,0.461830251304,0.640599570326,0.371299902718,2,1.72528881811,0.640599570326,2,0.344071394247,0.376569037657,810,0.104247104247,0.56957682835,37,37,37,1,0,0.405405405405,0.540540540541,0.0540540540541,37,0.179429429429,1.77194118495,12.9189189189,10.8636363636,6.82857142857,4.03717708291,0.312501154954,0.163066832523,6.53024839835,1.01095895707,0.53940970259,5.80992730206,0.899444812453,0.482641637453,0.694460756655,0.391920884595,2,1.77194118495,0.694460756655,2,0.205985204747,0.180096308186,187,0.0240669240669,0.332450891268,37,37,37,1,0,0.405405405405,0.540540540541,0.0540540540541,37,327,0.245495495495,1.72751523988,17.6756756757,14.8636363636,9.34285714286,4.88793329454,0.276534452444,0.130589304901,8.84594544132,1.00091737409,0.530787668402,8.27819597065,0.9366766083,0.489792544838,0.649792091334,0.37614261011,2,1.72751523988,0.649792091334,2,0.291237545757,0.308271964377,600,0.0772200772201,0.578549887859,37,37,37,1,0,0.405405405405,0.540540540541,0.0540540540541,-15,-0.0112612612613,0.00222642176735,-0.810810810811,-0.681818181818,-0.428571428571,-0.479776860851,-0.0138241378336,-0.0120533377414,-0.662546101058,-0.0277790793209,-0.013704191879,0.224882624218,0.0654117140953,0.0279622935345,0.00919252100837,0.00484270739245,0,0.00222642176735,0.00919252100837,0,-0.0528338484904,-0.0682970732794,-210,-0.027027027027,0.00897305950949,0,0,0,327,0,15,990,0.956140350877,1,0,0.0438596491228,1,0.956140350877,0.977578475336,0.970499664797,0.956140350877,0.956140350877,88,103,0,0,0,0
2790,WLNM_dir_neg,0.987557733999,0.960265289782,00:00:05,10,70,10,1239447245,threshold_sweep,0.9,1,0.854368932039,0.921465968586,88,0,15,206,0.854368932039,1,0,0.145631067961,1,0.854368932039,0.921465968586,0.95145631068,0.571736785329,0.886649874055,0.892401305746,0.854368932039,342,239,103,0,342,0,239,0,103,37,342,0.256756756757,1.72528881811,18.4864864865,15.5454545455,9.77142857143,5.36771015539,0.290358590277,0.142642642643,9.50849154237,1.02869645341,0.544491860281,8.05331334643,0.871264894205,0.461830251304,0.640599570326,0.371299902718,2,1.72528881811,0.640599570326,2,0.344071394247,0.376569037657,810,0.104247104247,0.56957682835,37,37,37,1,0,0.405405405405,0.540540540541,0.0540540540541,37,0.179429429429,1.77194118495,12.9189189189,10.8636363636,6.82857142857,4.03717708291,0.312501154954,0.163066832523,6.53024839835,1.01095895707,0.53940970259,5.80992730206,0.899444812453,0.482641637453,0.694460756655,0.391920884595,2,1.77194118495,0.694460756655,2,0.205985204747,0.180096308186,187,0.0240669240669,0.332450891268,37,37,37,1,0,0.405405405405,0.540540540541,0.0540540540541,37,327,0.245495495495,1.72751523988,17.6756756757,14.8636363636,9.34285714286,4.88793329454,0.276534452444,0.130589304901,8.84594544132,1.00091737409,0.530787668402,8.27819597065,0.9366766083,0.489792544838,0.649792091334,0.37614261011,2,1.72751523988,0.649792091334,2,0.291237545757,0.308271964377,600,0.0772200772201,0.578549887859,37,37,37,1,0,0.405405405405,0.540540540541,0.0540540540541,-15,-0.0112612612613,0.00222642176735,-0.810810810811,-0.681818181818,-0.428571428571,-0.479776860851,-0.0138241378336,-0.0120533377414,-0.662546101058,-0.0277790793209,-0.013704191879,0.224882624218,0.0654117140953,0.0279622935345,0.00919252100837,0.00484270739245,0,0.00222642176735,0.00919252100837,0,-0.0528338484904,-0.0682970732794,-210,-0.027027027027,0.00897305950949,0,0,0,327,0,15,990,0.956140350877,1,0,0.0438596491228,1,0.956140350877,0.977578475336,0.970499664797,0.956140350877,0.956140350877,88,103,0,0,0,0
2791,WLNM_dir_neg,0.97085022151,0.870963827986,00:00:05,10,70,11,1239447246,threshold_sweep,0.1,0.975609756098,0.776699029126,0.864864864865,80,2,23,204,0.776699029126,0.990291262136,0.00970873786408,0.223300970874,0.975609756098,0.776699029126,0.864864864865,0.919093851133,0.578209277238,0.808184143223,0.818883714763,0.766990291262,342,239,103,0,342,0,239,0,103,37,342,0.256756756757,1.72528881811,18.4864864865,15.5454545455,9.77142857143,5.36771015539,0.290358590277,0.142642642643,9.50849154237,1.02869645341,0.544491860281,8.05331334643,0.871264894205,0.461830251304,0.640599570326,0.371299902718,2,1.72528881811,0.640599570326,2,0.344071394247,0.376569037657,810,0.104247104247,0.56957682835,37,37,37,1,0,0.405405405405,0.540540540541,0.0540540540541,37,0.179429429429,1.7487384256,12.9189189189,10.8636363636,6.82857142857,4.04405172499,0.31303329252,0.166459346376,6.53024839835,1.01095895707,0.541897546082,5.98885351018,0.927144685676,0.492366843831,0.663954113386,0.379676058846,2,1.7487384256,0.663954113386,2,0.201080863697,0.16906820365,176,0.0226512226512,0.347726478069,37,37,37,1,0,0.405405405405,0.540540540541,0.0540540540541,37,321,0.240990990991,1.71194060542,17.3513513514,14.5909090909,9.17142857143,4.58994200046,0.264529367628,0.119474614802,8.58957395805,0.990075502953,0.52420644944,8.35348913813,0.96286323399,0.498273974909,0.623664685859,0.364302759036,2,1.71194060542,0.623664685859,2,0.265768177459,0.264021641118,488,0.0628056628057,0.586417547783,37,37,37,1,0,0.405405405405,0.540540540541,0.0540540540541,-21,-0.0157657657658,-0.0133482126989,-1.13513513514,-0.954545454545,-0.6,-0.777768154935,-0.0258292226495,-0.0231680278409,-0.918917584326,-0.0386209504622,-0.0202854108412,0.300175791691,0.0915983397847,0.0364437236056,-0.0169348844674,-0.0069971436818,0,-0.0133482126989,-0.0169348844674,0,-0.0783032167886,-0.112547396539,-322,-0.0414414414414,0.0168407194335,0,0,0,319,2,23,988,0.932748538012,0.99797979798,0.0020202020202,0.0672514619883,0.993769470405,0.932748538012,0.962292609351,0.950660594563,0.930728335991,0.927325581395,82,103,0,0,0,0
2792,WLNM_dir_neg,0.97085022151,0.870963827986,00:00:05,10,70,11,1239447246,threshold_sweep,0.2,0.975609756098,0.776699029126,0.864864864865,80,2,23,204,0.776699029126,0.990291262136,0.00970873786408,0.223300970874,0.975609756098,0.776699029126,0.864864864865,0.919093851133,0.578209277238,0.808184143223,0.818883714763,0.766990291262,342,239,103,0,342,0,239,0,103,37,342,0.256756756757,1.72528881811,18.4864864865,15.5454545455,9.77142857143,5.36771015539,0.290358590277,0.142642642643,9.50849154237,1.02869645341,0.544491860281,8.05331334643,0.871264894205,0.461830251304,0.640599570326,0.371299902718,2,1.72528881811,0.640599570326,2,0.344071394247,0.376569037657,810,0.104247104247,0.56957682835,37,37,37,1,0,0.405405405405,0.540540540541,0.0540540540541,37,0.179429429429,1.7487384256,12.9189189189,10.8636363636,6.82857142857,4.04405172499,0.31303329252,0.166459346376,6.53024839835,1.01095895707,0.541897546082,5.98885351018,0.927144685676,0.492366843831,0.663954113386,0.379676058846,2,1.7487384256,0.663954113386,2,0.201080863697,0.16906820365,176,0.0226512226512,0.347726478069,37,37,37,1,0,0.405405405405,0.540540540541,0.0540540540541,37,321,0.240990990991,1.71194060542,17.3513513514,14.5909090909,9.17142857143,4.58994200046,0.264529367628,0.119474614802,8.58957395805,0.990075502953,0.52420644944,8.35348913813,0.96286323399,0.498273974909,0.623664685859,0.364302759036,2,1.71194060542,0.623664685859,2,0.265768177459,0.264021641118,488,0.0628056628057,0.586417547783,37,37,37,1,0,0.405405405405,0.540540540541,0.0540540540541,-21,-0.0157657657658,-0.0133482126989,-1.13513513514,-0.954545454545,-0.6,-0.777768154935,-0.0258292226495,-0.0231680278409,-0.918917584326,-0.0386209504622,-0.0202854108412,0.300175791691,0.0915983397847,0.0364437236056,-0.0169348844674,-0.0069971436818,0,-0.0133482126989,-0.0169348844674,0,-0.0783032167886,-0.112547396539,-322,-0.0414414414414,0.0168407194335,0,0,0,319,2,23,988,0.932748538012,0.99797979798,0.0020202020202,0.0672514619883,0.993769470405,0.932748538012,0.962292609351,0.950660594563,0.930728335991,0.927325581395,82,103,0,0,0,0
2793,WLNM_dir_neg,0.97085022151,0.870963827986,00:00:05,10,70,11,1239447246,threshold_sweep,0.3,0.975609756098,0.776699029126,0.864864864865,80,2,23,204,0.776699029126,0.990291262136,0.00970873786408,0.223300970874,0.975609756098,0.776699029126,0.864864864865,0.919093851133,0.578209277238,0.808184143223,0.818883714763,0.766990291262,342,239,103,0,342,0,239,0,103,37,342,0.256756756757,1.72528881811,18.4864864865,15.5454545455,9.77142857143,5.36771015539,0.290358590277,0.142642642643,9.50849154237,1.02869645341,0.544491860281,8.05331334643,0.871264894205,0.461830251304,0.640599570326,0.371299902718,2,1.72528881811,0.640599570326,2,0.344071394247,0.376569037657,810,0.104247104247,0.56957682835,37,37,37,1,0,0.405405405405,0.540540540541,0.0540540540541,37,0.179429429429,1.7487384256,12.9189189189,10.8636363636,6.82857142857,4.04405172499,0.31303329252,0.166459346376,6.53024839835,1.01095895707,0.541897546082,5.98885351018,0.927144685676,0.492366843831,0.663954113386,0.379676058846,2,1.7487384256,0.663954113386,2,0.201080863697,0.16906820365,176,0.0226512226512,0.347726478069,37,37,37,1,0,0.405405405405,0.540540540541,0.0540540540541,37,321,0.240990990991,1.71194060542,17.3513513514,14.5909090909,9.17142857143,4.58994200046,0.264529367628,0.119474614802,8.58957395805,0.990075502953,0.52420644944,8.35348913813,0.96286323399,0.498273974909,0.623664685859,0.364302759036,2,1.71194060542,0.623664685859,2,0.265768177459,0.264021641118,488,0.0628056628057,0.586417547783,37,37,37,1,0,0.405405405405,0.540540540541,0.0540540540541,-21,-0.0157657657658,-0.0133482126989,-1.13513513514,-0.954545454545,-0.6,-0.777768154935,-0.0258292226495,-0.0231680278409,-0.918917584326,-0.0386209504622,-0.0202854108412,0.300175791691,0.0915983397847,0.0364437236056,-0.0169348844674,-0.0069971436818,0,-0.0133482126989,-0.0169348844674,0,-0.0783032167886,-0.112547396539,-322,-0.0414414414414,0.0168407194335,0,0,0,319,2,23,988,0.932748538012,0.99797979798,0.0020202020202,0.0672514619883,0.993769470405,0.932748538012,0.962292609351,0.950660594563,0.930728335991,0.927325581395,82,103,0,0,0,0
2794,WLNM_dir_neg,0.97085022151,0.870963827986,00:00:05,10,70,11,1239447246,threshold_sweep,0.4,0.975609756098,0.776699029126,0.864864864865,80,2,23,204,0.776699029126,0.990291262136,0.00970873786408,0.223300970874,0.975609756098,0.776699029126,0.864864864865,0.919093851133,0.578209277238,0.808184143223,0.818883714763,0.766990291262,342,239,103,0,342,0,239,0,103,37,342,0.256756756757,1.72528881811,18.4864864865,15.5454545455,9.77142857143,5.36771015539,0.290358590277,0.142642642643,9.50849154237,1.02869645341,0.544491860281,8.05331334643,0.871264894205,0.461830251304,0.640599570326,0.371299902718,2,1.72528881811,0.640599570326,2,0.344071394247,0.376569037657,810,0.104247104247,0.56957682835,37,37,37,1,0,0.405405405405,0.540540540541,0.0540540540541,37,0.179429429429,1.7487384256,12.9189189189,10.8636363636,6.82857142857,4.04405172499,0.31303329252,0.166459346376,6.53024839835,1.01095895707,0.541897546082,5.98885351018,0.927144685676,0.492366843831,0.663954113386,0.379676058846,2,1.7487384256,0.663954113386,2,0.201080863697,0.16906820365,176,0.0226512226512,0.347726478069,37,37,37,1,0,0.405405405405,0.540540540541,0.0540540540541,37,321,0.240990990991,1.71194060542,17.3513513514,14.5909090909,9.17142857143,4.58994200046,0.264529367628,0.119474614802,8.58957395805,0.990075502953,0.52420644944,8.35348913813,0.96286323399,0.498273974909,0.623664685859,0.364302759036,2,1.71194060542,0.623664685859,2,0.265768177459,0.264021641118,488,0.0628056628057,0.586417547783,37,37,37,1,0,0.405405405405,0.540540540541,0.0540540540541,-21,-0.0157657657658,-0.0133482126989,-1.13513513514,-0.954545454545,-0.6,-0.777768154935,-0.0258292226495,-0.0231680278409,-0.918917584326,-0.0386209504622,-0.0202854108412,0.300175791691,0.0915983397847,0.0364437236056,-0.0169348844674,-0.0069971436818,0,-0.0133482126989,-0.0169348844674,0,-0.0783032167886,-0.112547396539,-322,-0.0414414414414,0.0168407194335,0,0,0,319,2,23,988,0.932748538012,0.99797979798,0.0020202020202,0.0672514619883,0.993769470405,0.932748538012,0.962292609351,0.950660594563,0.930728335991,0.927325581395,82,103,0,0,0,0
2795,WLNM_dir_neg,0.97085022151,0.870963827986,00:00:05,10,70,11,1239447246,threshold_sweep,0.5,0.975609756098,0.776699029126,0.864864864865,80,2,23,204,0.776699029126,0.990291262136,0.00970873786408,0.223300970874,0.975609756098,0.776699029126,0.864864864865,0.919093851133,0.578209277238,0.808184143223,0.818883714763,0.766990291262,342,239,103,0,342,0,239,0,103,37,342,0.256756756757,1.72528881811,18.4864864865,15.5454545455,9.77142857143,5.36771015539,0.290358590277,0.142642642643,9.50849154237,1.02869645341,0.544491860281,8.05331334643,0.871264894205,0.461830251304,0.640599570326,0.371299902718,2,1.72528881811,0.640599570326,2,0.344071394247,0.376569037657,810,0.104247104247,0.56957682835,37,37,37,1,0,0.405405405405,0.540540540541,0.0540540540541,37,0.179429429429,1.7487384256,12.9189189189,10.8636363636,6.82857142857,4.04405172499,0.31303329252,0.166459346376,6.53024839835,1.01095895707,0.541897546082,5.98885351018,0.927144685676,0.492366843831,0.663954113386,0.379676058846,2,1.7487384256,0.663954113386,2,0.201080863697,0.16906820365,176,0.0226512226512,0.347726478069,37,37,37,1,0,0.405405405405,0.540540540541,0.0540540540541,37,321,0.240990990991,1.71194060542,17.3513513514,14.5909090909,9.17142857143,4.58994200046,0.264529367628,0.119474614802,8.58957395805,0.990075502953,0.52420644944,8.35348913813,0.96286323399,0.498273974909,0.623664685859,0.364302759036,2,1.71194060542,0.623664685859,2,0.265768177459,0.264021641118,488,0.0628056628057,0.586417547783,37,37,37,1,0,0.405405405405,0.540540540541,0.0540540540541,-21,-0.0157657657658,-0.0133482126989,-1.13513513514,-0.954545454545,-0.6,-0.777768154935,-0.0258292226495,-0.0231680278409,-0.918917584326,-0.0386209504622,-0.0202854108412,0.300175791691,0.0915983397847,0.0364437236056,-0.0169348844674,-0.0069971436818,0,-0.0133482126989,-0.0169348844674,0,-0.0783032167886,-0.112547396539,-322,-0.0414414414414,0.0168407194335,0,0,0,319,2,23,988,0.932748538012,0.99797979798,0.0020202020202,0.0672514619883,0.993769470405,0.932748538012,0.962292609351,0.950660594563,0.930728335991,0.927325581395,82,103,0,0,0,0
2796,WLNM_dir_neg,0.97085022151,0.870963827986,00:00:05,10,70,11,1239447246,threshold_sweep,0.6,0.975609756098,0.776699029126,0.864864864865,80,2,23,204,0.776699029126,0.990291262136,0.00970873786408,0.223300970874,0.975609756098,0.776699029126,0.864864864865,0.919093851133,0.578209277238,0.808184143223,0.818883714763,0.766990291262,342,239,103,0,342,0,239,0,103,37,342,0.256756756757,1.72528881811,18.4864864865,15.5454545455,9.77142857143,5.36771015539,0.290358590277,0.142642642643,9.50849154237,1.02869645341,0.544491860281,8.05331334643,0.871264894205,0.461830251304,0.640599570326,0.371299902718,2,1.72528881811,0.640599570326,2,0.344071394247,0.376569037657,810,0.104247104247,0.56957682835,37,37,37,1,0,0.405405405405,0.540540540541,0.0540540540541,37,0.179429429429,1.7487384256,12.9189189189,10.8636363636,6.82857142857,4.04405172499,0.31303329252,0.166459346376,6.53024839835,1.01095895707,0.541897546082,5.98885351018,0.927144685676,0.492366843831,0.663954113386,0.379676058846,2,1.7487384256,0.663954113386,2,0.201080863697,0.16906820365,176,0.0226512226512,0.347726478069,37,37,37,1,0,0.405405405405,0.540540540541,0.0540540540541,37,321,0.240990990991,1.71194060542,17.3513513514,14.5909090909,9.17142857143,4.58994200046,0.264529367628,0.119474614802,8.58957395805,0.990075502953,0.52420644944,8.35348913813,0.96286323399,0.498273974909,0.623664685859,0.364302759036,2,1.71194060542,0.623664685859,2,0.265768177459,0.264021641118,488,0.0628056628057,0.586417547783,37,37,37,1,0,0.405405405405,0.540540540541,0.0540540540541,-21,-0.0157657657658,-0.0133482126989,-1.13513513514,-0.954545454545,-0.6,-0.777768154935,-0.0258292226495,-0.0231680278409,-0.918917584326,-0.0386209504622,-0.0202854108412,0.300175791691,0.0915983397847,0.0364437236056,-0.0169348844674,-0.0069971436818,0,-0.0133482126989,-0.0169348844674,0,-0.0783032167886,-0.112547396539,-322,-0.0414414414414,0.0168407194335,0,0,0,319,2,23,988,0.932748538012,0.99797979798,0.0020202020202,0.0672514619883,0.993769470405,0.932748538012,0.962292609351,0.950660594563,0.930728335991,0.927325581395,82,103,0,0,0,0
2797,WLNM_dir_neg,0.97085022151,0.870963827986,00:00:05,10,70,11,1239447246,threshold_sweep,0.7,0.975308641975,0.766990291262,0.858695652174,79,2,24,204,0.766990291262,0.990291262136,0.00970873786408,0.233009708738,0.975308641975,0.766990291262,0.858695652174,0.915857605178,0.57928802589,0.8,0.811707703371,0.757281553398,342,239,103,0,342,0,239,0,103,37,342,0.256756756757,1.72528881811,18.4864864865,15.5454545455,9.77142857143,5.36771015539,0.290358590277,0.142642642643,9.50849154237,1.02869645341,0.544491860281,8.05331334643,0.871264894205,0.461830251304,0.640599570326,0.371299902718,2,1.72528881811,0.640599570326,2,0.344071394247,0.376569037657,810,0.104247104247,0.56957682835,37,37,37,1,0,0.405405405405,0.540540540541,0.0540540540541,37,0.179429429429,1.7487384256,12.9189189189,10.8636363636,6.82857142857,4.04405172499,0.31303329252,0.166459346376,6.53024839835,1.01095895707,0.541897546082,5.98885351018,0.927144685676,0.492366843831,0.663954113386,0.379676058846,2,1.7487384256,0.663954113386,2,0.201080863697,0.16906820365,176,0.0226512226512,0.347726478069,37,37,37,1,0,0.405405405405,0.540540540541,0.0540540540541,37,320,0.24024024024,1.71045675309,17.2972972973,14.5454545455,9.14285714286,4.58175648551,0.264882796818,0.120692567568,8.56418970746,0.990234434925,0.523986486486,8.37727155336,0.968622023357,0.501182432432,0.622311187943,0.363827490416,2,1.71045675309,0.622311187943,2,0.26066089294,0.258076225045,474,0.0610038610039,0.588768523994,37,37,37,1,0,0.405405405405,0.540540540541,0.0540540540541,-22,-0.0165165165165,-0.0148320650222,-1.18918918919,-1,-0.628571428571,-0.785953669886,-0.0254757934587,-0.0219500750751,-0.944301834916,-0.0384620184899,-0.0205053737948,0.323958206922,0.097357129152,0.0393521811285,-0.0182883823832,-0.00747241230171,0,-0.0148320650222,-0.0182883823832,0,-0.0834105013076,-0.118492812612,-336,-0.0432432432432,0.0191916956443,0,0,0,318,2,24,988,0.929824561404,0.99797979798,0.0020202020202,0.0701754385965,0.99375,0.929824561404,0.960725075529,0.948684519056,0.927804359383,0.924418604651,81,103,0,0,0,0
2798,WLNM_dir_neg,0.97085022151,0.870963827986,00:00:05,10,70,11,1239447246,threshold_sweep,0.8,0.975308641975,0.766990291262,0.858695652174,79,2,24,204,0.766990291262,0.990291262136,0.00970873786408,0.233009708738,0.975308641975,0.766990291262,0.858695652174,0.915857605178,0.57928802589,0.8,0.811707703371,0.757281553398,342,239,103,0,342,0,239,0,103,37,342,0.256756756757,1.72528881811,18.4864864865,15.5454545455,9.77142857143,5.36771015539,0.290358590277,0.142642642643,9.50849154237,1.02869645341,0.544491860281,8.05331334643,0.871264894205,0.461830251304,0.640599570326,0.371299902718,2,1.72528881811,0.640599570326,2,0.344071394247,0.376569037657,810,0.104247104247,0.56957682835,37,37,37,1,0,0.405405405405,0.540540540541,0.0540540540541,37,0.179429429429,1.7487384256,12.9189189189,10.8636363636,6.82857142857,4.04405172499,0.31303329252,0.166459346376,6.53024839835,1.01095895707,0.541897546082,5.98885351018,0.927144685676,0.492366843831,0.663954113386,0.379676058846,2,1.7487384256,0.663954113386,2,0.201080863697,0.16906820365,176,0.0226512226512,0.347726478069,37,37,37,1,0,0.405405405405,0.540540540541,0.0540540540541,37,320,0.24024024024,1.71045675309,17.2972972973,14.5454545455,9.14285714286,4.58175648551,0.264882796818,0.120692567568,8.56418970746,0.990234434925,0.523986486486,8.37727155336,0.968622023357,0.501182432432,0.622311187943,0.363827490416,2,1.71045675309,0.622311187943,2,0.26066089294,0.258076225045,474,0.0610038610039,0.588768523994,37,37,37,1,0,0.405405405405,0.540540540541,0.0540540540541,-22,-0.0165165165165,-0.0148320650222,-1.18918918919,-1,-0.628571428571,-0.785953669886,-0.0254757934587,-0.0219500750751,-0.944301834916,-0.0384620184899,-0.0205053737948,0.323958206922,0.097357129152,0.0393521811285,-0.0182883823832,-0.00747241230171,0,-0.0148320650222,-0.0182883823832,0,-0.0834105013076,-0.118492812612,-336,-0.0432432432432,0.0191916956443,0,0,0,318,2,24,988,0.929824561404,0.99797979798,0.0020202020202,0.0701754385965,0.99375,0.929824561404,0.960725075529,0.948684519056,0.927804359383,0.924418604651,81,103,0,0,0,0
2799,WLNM_dir_neg,0.97085022151,0.870963827986,00:00:05,10,70,11,1239447246,threshold_sweep,0.9,0.975,0.757281553398,0.852459016393,78,2,25,204,0.757281553398,0.990291262136,0.00970873786408,0.242718446602,0.975,0.757281553398,0.852459016393,0.912621359223,0.580366774542,0.79177377892,0.804531380593,0.747572815534,342,239,103,0,342,0,239,0,103,37,342,0.256756756757,1.72528881811,18.4864864865,15.5454545455,9.77142857143,5.36771015539,0.290358590277,0.142642642643,9.50849154237,1.02869645341,0.544491860281,8.05331334643,0.871264894205,0.461830251304,0.640599570326,0.371299902718,2,1.72528881811,0.640599570326,2,0.344071394247,0.376569037657,810,0.104247104247,0.56957682835,37,37,37,1,0,0.405405405405,0.540540540541,0.0540540540541,37,0.179429429429,1.7487384256,12.9189189189,10.8636363636,6.82857142857,4.04405172499,0.31303329252,0.166459346376,6.53024839835,1.01095895707,0.541897546082,5.98885351018,0.927144685676,0.492366843831,0.663954113386,0.379676058846,2,1.7487384256,0.663954113386,2,0.201080863697,0.16906820365,176,0.0226512226512,0.347726478069,37,37,37,1,0,0.405405405405,0.540540540541,0.0540540540541,37,319,0.239489489489,1.70937344457,17.2432432432,14.5,9.11428571429,4.5789700771,0.265551556195,0.120901465729,8.5288769332,0.989242779086,0.523087350674,8.36776669844,0.970556012045,0.502075743455,0.621210224524,0.363413990371,2,1.70937344457,0.621210224524,2,0.259689889108,0.256845564074,469,0.0603603603604,0.58796520609,37,37,37,1,0,0.405405405405,0.540540540541,0.0540540540541,-23,-0.0172672672673,-0.0159153735491,-1.24324324324,-1.04545454545,-0.657142857143,-0.788740078294,-0.0248070340817,-0.0217411769136,-0.979614609171,-0.0394536743284,-0.0214045096078,0.314453352006,0.0992911178399,0.0402454921511,-0.0193893458024,-0.00788591234683,0,-0.0159153735491,-0.0193893458024,0,-0.084381505139,-0.119723473582,-341,-0.0438867438867,0.0183883777402,0,0,0,317,2,25,988,0.926900584795,0.99797979798,0.0020202020202,0.0730994152047,0.993730407524,0.926900584795,0.95915279879,0.946708233179,0.924880382775,0.921511627907,80,103,0,0,0,0
2800,WLNM_dir_neg,0.983740220567,0.849578272031,00:00:05,10,70,12,1239447247,threshold_sweep,0.1,0.989130434783,0.883495145631,0.933333333333,91,1,12,205,0.883495145631,0.995145631068,0.00485436893204,0.116504854369,0.989130434783,0.883495145631,0.933333333333,0.957928802589,0.567421790723,0.902743142145,0.905815601227,0.878640776699,342,239,103,0,342,0,239,0,103,37,342,0.256756756757,1.72528881811,18.4864864865,15.5454545455,9.77142857143,5.36771015539,0.290358590277,0.142642642643,9.50849154237,1.02869645341,0.544491860281,8.05331334643,0.871264894205,0.461830251304,0.640599570326,0.371299902718,2,1.72528881811,0.640599570326,2,0.344071394247,0.376569037657,810,0.104247104247,0.56957682835,37,37,37,1,0,0.405405405405,0.540540540541,0.0540540540541,37,0.179429429429,1.77176491985,12.9189189189,10.8636363636,6.82857142857,4.41196843432,0.341512200983,0.185118172566,6.71066561773,1.0388896563,0.556824607034,5.88592763667,0.911210554631,0.492366843831,0.69570433786,0.392661763457,2,1.77176491985,0.69570433786,2,0.224720299411,0.19534444794,207,0.0266409266409,0.335350727266,37,37,37,1,0,0.405405405405,0.540540540541,0.0540540540541,37,331,0.248498498498,1.7301139602,17.8918918919,15.0454545455,9.45714285714,5.07052366233,0.283397848196,0.135135135135,9.04601184668,1.01118561428,0.536131297461,8.23254363941,0.920254122834,0.483057075202,0.653032682611,0.377450675293,2,1.7301139602,0.653032682611,2,0.306934627604,0.327898852104,657,0.084555984556,0.577138308471,37,37,37,1,0,0.405405405405,0.540540540541,0.0540540540541,-11,-0.00825825825826,0.0048251420865,-0.594594594595,-0.5,-0.314285714286,-0.297186493067,-0.00696074208064,-0.00750750750751,-0.462479695692,-0.017510839133,-0.00836056282073,0.179230292975,0.0489892286294,0.0212268238982,0.012433112285,0.00615077257482,0,0.0048251420865,0.012433112285,0,-0.0371367666438,-0.0486701855524,-153,-0.0196911196911,0.00756148012081,0,0,0,330,1,12,989,0.964912280702,0.99898989899,0.0010101010101,0.0350877192982,0.996978851964,0.964912280702,0.980683506686,0.974389458907,0.963902179692,0.962099125364,92,103,0,0,0,0
2801,WLNM_dir_neg,0.983740220567,0.849578272031,00:00:05,10,70,12,1239447247,threshold_sweep,0.2,0.989130434783,0.883495145631,0.933333333333,91,1,12,205,0.883495145631,0.995145631068,0.00485436893204,0.116504854369,0.989130434783,0.883495145631,0.933333333333,0.957928802589,0.567421790723,0.902743142145,0.905815601227,0.878640776699,342,239,103,0,342,0,239,0,103,37,342,0.256756756757,1.72528881811,18.4864864865,15.5454545455,9.77142857143,5.36771015539,0.290358590277,0.142642642643,9.50849154237,1.02869645341,0.544491860281,8.05331334643,0.871264894205,0.461830251304,0.640599570326,0.371299902718,2,1.72528881811,0.640599570326,2,0.344071394247,0.376569037657,810,0.104247104247,0.56957682835,37,37,37,1,0,0.405405405405,0.540540540541,0.0540540540541,37,0.179429429429,1.77176491985,12.9189189189,10.8636363636,6.82857142857,4.41196843432,0.341512200983,0.185118172566,6.71066561773,1.0388896563,0.556824607034,5.88592763667,0.911210554631,0.492366843831,0.69570433786,0.392661763457,2,1.77176491985,0.69570433786,2,0.224720299411,0.19534444794,207,0.0266409266409,0.335350727266,37,37,37,1,0,0.405405405405,0.540540540541,0.0540540540541,37,331,0.248498498498,1.7301139602,17.8918918919,15.0454545455,9.45714285714,5.07052366233,0.283397848196,0.135135135135,9.04601184668,1.01118561428,0.536131297461,8.23254363941,0.920254122834,0.483057075202,0.653032682611,0.377450675293,2,1.7301139602,0.653032682611,2,0.306934627604,0.327898852104,657,0.084555984556,0.577138308471,37,37,37,1,0,0.405405405405,0.540540540541,0.0540540540541,-11,-0.00825825825826,0.0048251420865,-0.594594594595,-0.5,-0.314285714286,-0.297186493067,-0.00696074208064,-0.00750750750751,-0.462479695692,-0.017510839133,-0.00836056282073,0.179230292975,0.0489892286294,0.0212268238982,0.012433112285,0.00615077257482,0,0.0048251420865,0.012433112285,0,-0.0371367666438,-0.0486701855524,-153,-0.0196911196911,0.00756148012081,0,0,0,330,1,12,989,0.964912280702,0.99898989899,0.0010101010101,0.0350877192982,0.996978851964,0.964912280702,0.980683506686,0.974389458907,0.963902179692,0.962099125364,92,103,0,0,0,0
2802,WLNM_dir_neg,0.983740220567,0.849578272031,00:00:05,10,70,12,1239447247,threshold_sweep,0.3,0.989130434783,0.883495145631,0.933333333333,91,1,12,205,0.883495145631,0.995145631068,0.00485436893204,0.116504854369,0.989130434783,0.883495145631,0.933333333333,0.957928802589,0.567421790723,0.902743142145,0.905815601227,0.878640776699,342,239,103,0,342,0,239,0,103,37,342,0.256756756757,1.72528881811,18.4864864865,15.5454545455,9.77142857143,5.36771015539,0.290358590277,0.142642642643,9.50849154237,1.02869645341,0.544491860281,8.05331334643,0.871264894205,0.461830251304,0.640599570326,0.371299902718,2,1.72528881811,0.640599570326,2,0.344071394247,0.376569037657,810,0.104247104247,0.56957682835,37,37,37,1,0,0.405405405405,0.540540540541,0.0540540540541,37,0.179429429429,1.77176491985,12.9189189189,10.8636363636,6.82857142857,4.41196843432,0.341512200983,0.185118172566,6.71066561773,1.0388896563,0.556824607034,5.88592763667,0.911210554631,0.492366843831,0.69570433786,0.392661763457,2,1.77176491985,0.69570433786,2,0.224720299411,0.19534444794,207,0.0266409266409,0.335350727266,37,37,37,1,0,0.405405405405,0.540540540541,0.0540540540541,37,331,0.248498498498,1.7301139602,17.8918918919,15.0454545455,9.45714285714,5.07052366233,0.283397848196,0.135135135135,9.04601184668,1.01118561428,0.536131297461,8.23254363941,0.920254122834,0.483057075202,0.653032682611,0.377450675293,2,1.7301139602,0.653032682611,2,0.306934627604,0.327898852104,657,0.084555984556,0.577138308471,37,37,37,1,0,0.405405405405,0.540540540541,0.0540540540541,-11,-0.00825825825826,0.0048251420865,-0.594594594595,-0.5,-0.314285714286,-0.297186493067,-0.00696074208064,-0.00750750750751,-0.462479695692,-0.017510839133,-0.00836056282073,0.179230292975,0.0489892286294,0.0212268238982,0.012433112285,0.00615077257482,0,0.0048251420865,0.012433112285,0,-0.0371367666438,-0.0486701855524,-153,-0.0196911196911,0.00756148012081,0,0,0,330,1,12,989,0.964912280702,0.99898989899,0.0010101010101,0.0350877192982,0.996978851964,0.964912280702,0.980683506686,0.974389458907,0.963902179692,0.962099125364,92,103,0,0,0,0
2803,WLNM_dir_neg,0.983740220567,0.849578272031,00:00:05,10,70,12,1239447247,threshold_sweep,0.4,0.989130434783,0.883495145631,0.933333333333,91,1,12,205,0.883495145631,0.995145631068,0.00485436893204,0.116504854369,0.989130434783,0.883495145631,0.933333333333,0.957928802589,0.567421790723,0.902743142145,0.905815601227,0.878640776699,342,239,103,0,342,0,239,0,103,37,342,0.256756756757,1.72528881811,18.4864864865,15.5454545455,9.77142857143,5.36771015539,0.290358590277,0.142642642643,9.50849154237,1.02869645341,0.544491860281,8.05331334643,0.871264894205,0.461830251304,0.640599570326,0.371299902718,2,1.72528881811,0.640599570326,2,0.344071394247,0.376569037657,810,0.104247104247,0.56957682835,37,37,37,1,0,0.405405405405,0.540540540541,0.0540540540541,37,0.179429429429,1.77176491985,12.9189189189,10.8636363636,6.82857142857,4.41196843432,0.341512200983,0.185118172566,6.71066561773,1.0388896563,0.556824607034,5.88592763667,0.911210554631,0.492366843831,0.69570433786,0.392661763457,2,1.77176491985,0.69570433786,2,0.224720299411,0.19534444794,207,0.0266409266409,0.335350727266,37,37,37,1,0,0.405405405405,0.540540540541,0.0540540540541,37,331,0.248498498498,1.7301139602,17.8918918919,15.0454545455,9.45714285714,5.07052366233,0.283397848196,0.135135135135,9.04601184668,1.01118561428,0.536131297461,8.23254363941,0.920254122834,0.483057075202,0.653032682611,0.377450675293,2,1.7301139602,0.653032682611,2,0.306934627604,0.327898852104,657,0.084555984556,0.577138308471,37,37,37,1,0,0.405405405405,0.540540540541,0.0540540540541,-11,-0.00825825825826,0.0048251420865,-0.594594594595,-0.5,-0.314285714286,-0.297186493067,-0.00696074208064,-0.00750750750751,-0.462479695692,-0.017510839133,-0.00836056282073,0.179230292975,0.0489892286294,0.0212268238982,0.012433112285,0.00615077257482,0,0.0048251420865,0.012433112285,0,-0.0371367666438,-0.0486701855524,-153,-0.0196911196911,0.00756148012081,0,0,0,330,1,12,989,0.964912280702,0.99898989899,0.0010101010101,0.0350877192982,0.996978851964,0.964912280702,0.980683506686,0.974389458907,0.963902179692,0.962099125364,92,103,0,0,0,0
2804,WLNM_dir_neg,0.983740220567,0.849578272031,00:00:05,10,70,12,1239447247,threshold_sweep,0.5,0.989130434783,0.883495145631,0.933333333333,91,1,12,205,0.883495145631,0.995145631068,0.00485436893204,0.116504854369,0.989130434783,0.883495145631,0.933333333333,0.957928802589,0.567421790723,0.902743142145,0.905815601227,0.878640776699,342,239,103,0,342,0,239,0,103,37,342,0.256756756757,1.72528881811,18.4864864865,15.5454545455,9.77142857143,5.36771015539,0.290358590277,0.142642642643,9.50849154237,1.02869645341,0.544491860281,8.05331334643,0.871264894205,0.461830251304,0.640599570326,0.371299902718,2,1.72528881811,0.640599570326,2,0.344071394247,0.376569037657,810,0.104247104247,0.56957682835,37,37,37,1,0,0.405405405405,0.540540540541,0.0540540540541,37,0.179429429429,1.77176491985,12.9189189189,10.8636363636,6.82857142857,4.41196843432,0.341512200983,0.185118172566,6.71066561773,1.0388896563,0.556824607034,5.88592763667,0.911210554631,0.492366843831,0.69570433786,0.392661763457,2,1.77176491985,0.69570433786,2,0.224720299411,0.19534444794,207,0.0266409266409,0.335350727266,37,37,37,1,0,0.405405405405,0.540540540541,0.0540540540541,37,331,0.248498498498,1.7301139602,17.8918918919,15.0454545455,9.45714285714,5.07052366233,0.283397848196,0.135135135135,9.04601184668,1.01118561428,0.536131297461,8.23254363941,0.920254122834,0.483057075202,0.653032682611,0.377450675293,2,1.7301139602,0.653032682611,2,0.306934627604,0.327898852104,657,0.084555984556,0.577138308471,37,37,37,1,0,0.405405405405,0.540540540541,0.0540540540541,-11,-0.00825825825826,0.0048251420865,-0.594594594595,-0.5,-0.314285714286,-0.297186493067,-0.00696074208064,-0.00750750750751,-0.462479695692,-0.017510839133,-0.00836056282073,0.179230292975,0.0489892286294,0.0212268238982,0.012433112285,0.00615077257482,0,0.0048251420865,0.012433112285,0,-0.0371367666438,-0.0486701855524,-153,-0.0196911196911,0.00756148012081,0,0,0,330,1,12,989,0.964912280702,0.99898989899,0.0010101010101,0.0350877192982,0.996978851964,0.964912280702,0.980683506686,0.974389458907,0.963902179692,0.962099125364,92,103,0,0,0,0
2805,WLNM_dir_neg,0.983740220567,0.849578272031,00:00:05,10,70,12,1239447247,threshold_sweep,0.6,0.989010989011,0.873786407767,0.927835051546,90,1,13,205,0.873786407767,0.995145631068,0.00485436893204,0.126213592233,0.989010989011,0.873786407767,0.927835051546,0.954692556634,0.568500539374,0.895,0.898646920055,0.868932038835,342,239,103,0,342,0,239,0,103,37,342,0.256756756757,1.72528881811,18.4864864865,15.5454545455,9.77142857143,5.36771015539,0.290358590277,0.142642642643,9.50849154237,1.02869645341,0.544491860281,8.05331334643,0.871264894205,0.461830251304,0.640599570326,0.371299902718,2,1.72528881811,0.640599570326,2,0.344071394247,0.376569037657,810,0.104247104247,0.56957682835,37,37,37,1,0,0.405405405405,0.540540540541,0.0540540540541,37,0.179429429429,1.77176491985,12.9189189189,10.8636363636,6.82857142857,4.41196843432,0.341512200983,0.185118172566,6.71066561773,1.0388896563,0.556824607034,5.88592763667,0.911210554631,0.492366843831,0.69570433786,0.392661763457,2,1.77176491985,0.69570433786,2,0.224720299411,0.19534444794,207,0.0266409266409,0.335350727266,37,37,37,1,0,0.405405405405,0.540540540541,0.0540540540541,37,330,0.247747747748,1.72894629688,17.8378378378,15,9.42857142857,5.00840135014,0.280774015084,0.133005733006,9.00425324925,1.00956778855,0.534971334971,8.25421905041,0.925473045046,0.48533988534,0.651725292287,0.376949413329,2,1.72894629688,0.651725292287,2,0.301926027973,0.320315119008,637,0.081981981982,0.578689680418,37,37,37,1,0,0.405405405405,0.540540540541,0.0540540540541,-12,-0.00900900900901,0.00365747876556,-0.648648648649,-0.545454545455,-0.342857142857,-0.359308805253,-0.00958457519352,-0.00963690963691,-0.504238293128,-0.0191286648629,-0.00952052531,0.200905703975,0.054208150841,0.0235096340359,0.011125721961,0.00564951061161,0,0.00365747876556,0.011125721961,0,-0.0421453662748,-0.0562539186492,-173,-0.0222651222651,0.00911285206835,0,0,0,329,1,13,989,0.961988304094,0.99898989899,0.0010101010101,0.0380116959064,0.99696969697,0.961988304094,0.979166666667,0.972418822753,0.960978203083,0.959183673469,91,103,0,0,0,0
2806,WLNM_dir_neg,0.983740220567,0.849578272031,00:00:05,10,70,12,1239447247,threshold_sweep,0.7,0.989010989011,0.873786407767,0.927835051546,90,1,13,205,0.873786407767,0.995145631068,0.00485436893204,0.126213592233,0.989010989011,0.873786407767,0.927835051546,0.954692556634,0.568500539374,0.895,0.898646920055,0.868932038835,342,239,103,0,342,0,239,0,103,37,342,0.256756756757,1.72528881811,18.4864864865,15.5454545455,9.77142857143,5.36771015539,0.290358590277,0.142642642643,9.50849154237,1.02869645341,0.544491860281,8.05331334643,0.871264894205,0.461830251304,0.640599570326,0.371299902718,2,1.72528881811,0.640599570326,2,0.344071394247,0.376569037657,810,0.104247104247,0.56957682835,37,37,37,1,0,0.405405405405,0.540540540541,0.0540540540541,37,0.179429429429,1.77176491985,12.9189189189,10.8636363636,6.82857142857,4.41196843432,0.341512200983,0.185118172566,6.71066561773,1.0388896563,0.556824607034,5.88592763667,0.911210554631,0.492366843831,0.69570433786,0.392661763457,2,1.77176491985,0.69570433786,2,0.224720299411,0.19534444794,207,0.0266409266409,0.335350727266,37,37,37,1,0,0.405405405405,0.540540540541,0.0540540540541,37,330,0.247747747748,1.72894629688,17.8378378378,15,9.42857142857,5.00840135014,0.280774015084,0.133005733006,9.00425324925,1.00956778855,0.534971334971,8.25421905041,0.925473045046,0.48533988534,0.651725292287,0.376949413329,2,1.72894629688,0.651725292287,2,0.301926027973,0.320315119008,637,0.081981981982,0.578689680418,37,37,37,1,0,0.405405405405,0.540540540541,0.0540540540541,-12,-0.00900900900901,0.00365747876556,-0.648648648649,-0.545454545455,-0.342857142857,-0.359308805253,-0.00958457519352,-0.00963690963691,-0.504238293128,-0.0191286648629,-0.00952052531,0.200905703975,0.054208150841,0.0235096340359,0.011125721961,0.00564951061161,0,0.00365747876556,0.011125721961,0,-0.0421453662748,-0.0562539186492,-173,-0.0222651222651,0.00911285206835,0,0,0,329,1,13,989,0.961988304094,0.99898989899,0.0010101010101,0.0380116959064,0.99696969697,0.961988304094,0.979166666667,0.972418822753,0.960978203083,0.959183673469,91,103,0,0,0,0
2807,WLNM_dir_neg,0.983740220567,0.849578272031,00:00:05,10,70,12,1239447247,threshold_sweep,0.8,0.989010989011,0.873786407767,0.927835051546,90,1,13,205,0.873786407767,0.995145631068,0.00485436893204,0.126213592233,0.989010989011,0.873786407767,0.927835051546,0.954692556634,0.568500539374,0.895,0.898646920055,0.868932038835,342,239,103,0,342,0,239,0,103,37,342,0.256756756757,1.72528881811,18.4864864865,15.5454545455,9.77142857143,5.36771015539,0.290358590277,0.142642642643,9.50849154237,1.02869645341,0.544491860281,8.05331334643,0.871264894205,0.461830251304,0.640599570326,0.371299902718,2,1.72528881811,0.640599570326,2,0.344071394247,0.376569037657,810,0.104247104247,0.56957682835,37,37,37,1,0,0.405405405405,0.540540540541,0.0540540540541,37,0.179429429429,1.77176491985,12.9189189189,10.8636363636,6.82857142857,4.41196843432,0.341512200983,0.185118172566,6.71066561773,1.0388896563,0.556824607034,5.88592763667,0.911210554631,0.492366843831,0.69570433786,0.392661763457,2,1.77176491985,0.69570433786,2,0.224720299411,0.19534444794,207,0.0266409266409,0.335350727266,37,37,37,1,0,0.405405405405,0.540540540541,0.0540540540541,37,330,0.247747747748,1.72894629688,17.8378378378,15,9.42857142857,5.00840135014,0.280774015084,0.133005733006,9.00425324925,1.00956778855,0.534971334971,8.25421905041,0.925473045046,0.48533988534,0.651725292287,0.376949413329,2,1.72894629688,0.651725292287,2,0.301926027973,0.320315119008,637,0.081981981982,0.578689680418,37,37,37,1,0,0.405405405405,0.540540540541,0.0540540540541,-12,-0.00900900900901,0.00365747876556,-0.648648648649,-0.545454545455,-0.342857142857,-0.359308805253,-0.00958457519352,-0.00963690963691,-0.504238293128,-0.0191286648629,-0.00952052531,0.200905703975,0.054208150841,0.0235096340359,0.011125721961,0.00564951061161,0,0.00365747876556,0.011125721961,0,-0.0421453662748,-0.0562539186492,-173,-0.0222651222651,0.00911285206835,0,0,0,329,1,13,989,0.961988304094,0.99898989899,0.0010101010101,0.0380116959064,0.99696969697,0.961988304094,0.979166666667,0.972418822753,0.960978203083,0.959183673469,91,103,0,0,0,0
2808,WLNM_dir_neg,0.983740220567,0.849578272031,00:00:05,10,70,12,1239447247,threshold_sweep,0.9,0.989010989011,0.873786407767,0.927835051546,90,1,13,205,0.873786407767,0.995145631068,0.00485436893204,0.126213592233,0.989010989011,0.873786407767,0.927835051546,0.954692556634,0.568500539374,0.895,0.898646920055,0.868932038835,342,239,103,0,342,0,239,0,103,37,342,0.256756756757,1.72528881811,18.4864864865,15.5454545455,9.77142857143,5.36771015539,0.290358590277,0.142642642643,9.50849154237,1.02869645341,0.544491860281,8.05331334643,0.871264894205,0.461830251304,0.640599570326,0.371299902718,2,1.72528881811,0.640599570326,2,0.344071394247,0.376569037657,810,0.104247104247,0.56957682835,37,37,37,1,0,0.405405405405,0.540540540541,0.0540540540541,37,0.179429429429,1.77176491985,12.9189189189,10.8636363636,6.82857142857,4.41196843432,0.341512200983,0.185118172566,6.71066561773,1.0388896563,0.556824607034,5.88592763667,0.911210554631,0.492366843831,0.69570433786,0.392661763457,2,1.77176491985,0.69570433786,2,0.224720299411,0.19534444794,207,0.0266409266409,0.335350727266,37,37,37,1,0,0.405405405405,0.540540540541,0.0540540540541,37,330,0.247747747748,1.72894629688,17.8378378378,15,9.42857142857,5.00840135014,0.280774015084,0.133005733006,9.00425324925,1.00956778855,0.534971334971,8.25421905041,0.925473045046,0.48533988534,0.651725292287,0.376949413329,2,1.72894629688,0.651725292287,2,0.301926027973,0.320315119008,637,0.081981981982,0.578689680418,37,37,37,1,0,0.405405405405,0.540540540541,0.0540540540541,-12,-0.00900900900901,0.00365747876556,-0.648648648649,-0.545454545455,-0.342857142857,-0.359308805253,-0.00958457519352,-0.00963690963691,-0.504238293128,-0.0191286648629,-0.00952052531,0.200905703975,0.054208150841,0.0235096340359,0.011125721961,0.00564951061161,0,0.00365747876556,0.011125721961,0,-0.0421453662748,-0.0562539186492,-173,-0.0222651222651,0.00911285206835,0,0,0,329,1,13,989,0.961988304094,0.99898989899,0.0010101010101,0.0380116959064,0.99696969697,0.961988304094,0.979166666667,0.972418822753,0.960978203083,0.959183673469,91,103,0,0,0,0
2809,WLNM_dir_neg,0.970826656612,0.580727139052,00:00:05,10,70,13,1239447248,threshold_sweep,0.1,0.966292134831,0.834951456311,0.895833333333,86,3,17,203,0.834951456311,0.985436893204,0.0145631067961,0.165048543689,0.966292134831,0.834951456311,0.895833333333,0.935275080906,0.570658036677,0.849246231156,0.85401473316,0.820388349515,342,239,103,0,342,0,239,0,103,37,342,0.256756756757,1.72528881811,18.4864864865,15.5454545455,9.77142857143,5.36771015539,0.290358590277,0.142642642643,9.50849154237,1.02869645341,0.544491860281,8.05331334643,0.871264894205,0.461830251304,0.640599570326,0.371299902718,2,1.72528881811,0.640599570326,2,0.344071394247,0.376569037657,810,0.104247104247,0.56957682835,37,37,37,1,0,0.405405405405,0.540540540541,0.0540540540541,37,0.179429429429,1.76926808513,12.9189189189,10.8636363636,6.82857142857,3.81064574856,0.294966302713,0.159108899695,6.59374533004,1.02078902599,0.548230238607,5.82425290676,0.901662583892,0.482867805044,0.692384615175,0.391339571992,2,1.76926808513,0.692384615175,2,0.176663383242,0.163371150729,168,0.0216216216216,0.335843982274,37,37,37,1,0,0.405405405405,0.540540540541,0.0540540540541,37,328,0.246246246246,1.724549943,17.7297297297,14.9090909091,9.37142857143,4.91397467913,0.277160157207,0.134063941991,9.00358620576,1.01564844394,0.53740936058,7.94132007695,0.895819642827,0.473302570864,0.640049132718,0.371139806832,2,1.724549943,0.640049132718,2,0.313561557646,0.326253186066,640,0.0823680823681,0.552271809,37,37,37,1,0,0.405405405405,0.540540540541,0.0540540540541,-14,-0.0105105105105,-0.000738875113117,-0.756756756757,-0.636363636364,-0.4,-0.453735476262,-0.01319843307,-0.00857870065187,-0.504905336614,-0.0130480094723,-0.00708249970124,-0.111993269485,0.0245547486218,0.0114723195596,-0.000550437608411,-0.000160095885834,0,-0.000738875113117,-0.000550437608411,0,-0.0305098366019,-0.0503158515906,-170,-0.021879021879,-0.0173050193497,0,0,0,325,3,17,987,0.950292397661,0.99696969697,0.0030303030303,0.0497076023392,0.990853658537,0.950292397661,0.970149253731,0.960499252286,0.947262094631,0.942028985507,89,103,0,0,0,0
2810,WLNM_dir_neg,0.970826656612,0.580727139052,00:00:05,10,70,13,1239447248,threshold_sweep,0.2,0.965517241379,0.815533980583,0.884210526316,84,3,19,203,0.815533980583,0.985436893204,0.0145631067961,0.184466019417,0.965517241379,0.815533980583,0.884210526316,0.928802588997,0.572815533981,0.833333333333,0.83952345245,0.800970873786,342,239,103,0,342,0,239,0,103,37,342,0.256756756757,1.72528881811,18.4864864865,15.5454545455,9.77142857143,5.36771015539,0.290358590277,0.142642642643,9.50849154237,1.02869645341,0.544491860281,8.05331334643,0.871264894205,0.461830251304,0.640599570326,0.371299902718,2,1.72528881811,0.640599570326,2,0.344071394247,0.376569037657,810,0.104247104247,0.56957682835,37,37,37,1,0,0.405405405405,0.540540540541,0.0540540540541,37,0.179429429429,1.76926808513,12.9189189189,10.8636363636,6.82857142857,3.81064574856,0.294966302713,0.159108899695,6.59374533004,1.02078902599,0.548230238607,5.82425290676,0.901662583892,0.482867805044,0.692384615175,0.391339571992,2,1.76926808513,0.692384615175,2,0.176663383242,0.163371150729,168,0.0216216216216,0.335843982274,37,37,37,1,0,0.405405405405,0.540540540541,0.0540540540541,37,326,0.244744744745,1.72319600907,17.6216216216,14.8181818182,9.31428571429,4.80365226417,0.272599898427,0.132647985409,8.89081247955,1.009079944,0.534737191179,7.98205570096,0.905938837225,0.477532747471,0.638141403036,0.3703243274,2,1.72319600907,0.638141403036,2,0.306172069553,0.316143497758,611,0.0786357786358,0.554040700146,37,37,37,1,0,0.405405405405,0.540540540541,0.0540540540541,-16,-0.012012012012,-0.00209280904833,-0.864864864865,-0.727272727273,-0.457142857143,-0.564057891222,-0.0177586918502,-0.00999465723392,-0.617679062823,-0.0196165094166,-0.00975466910243,-0.0712576454752,0.0346739430205,0.0157024961675,-0.00245816729046,-0.000975575317935,0,-0.00209280904833,-0.00245816729046,0,-0.0378993246947,-0.0604255398991,-199,-0.0256113256113,-0.015536128204,0,0,0,323,3,19,987,0.944444444444,0.99696969697,0.0030303030303,0.0555555555556,0.990797546012,0.944444444444,0.967065868263,0.956540973264,0.941414141414,0.936231884058,87,103,0,0,0,0
2811,WLNM_dir_neg,0.970826656612,0.580727139052,00:00:05,10,70,13,1239447248,threshold_sweep,0.3,0.965517241379,0.815533980583,0.884210526316,84,3,19,203,0.815533980583,0.985436893204,0.0145631067961,0.184466019417,0.965517241379,0.815533980583,0.884210526316,0.928802588997,0.572815533981,0.833333333333,0.83952345245,0.800970873786,342,239,103,0,342,0,239,0,103,37,342,0.256756756757,1.72528881811,18.4864864865,15.5454545455,9.77142857143,5.36771015539,0.290358590277,0.142642642643,9.50849154237,1.02869645341,0.544491860281,8.05331334643,0.871264894205,0.461830251304,0.640599570326,0.371299902718,2,1.72528881811,0.640599570326,2,0.344071394247,0.376569037657,810,0.104247104247,0.56957682835,37,37,37,1,0,0.405405405405,0.540540540541,0.0540540540541,37,0.179429429429,1.76926808513,12.9189189189,10.8636363636,6.82857142857,3.81064574856,0.294966302713,0.159108899695,6.59374533004,1.02078902599,0.548230238607,5.82425290676,0.901662583892,0.482867805044,0.692384615175,0.391339571992,2,1.76926808513,0.692384615175,2,0.176663383242,0.163371150729,168,0.0216216216216,0.335843982274,37,37,37,1,0,0.405405405405,0.540540540541,0.0540540540541,37,326,0.244744744745,1.72319600907,17.6216216216,14.8181818182,9.31428571429,4.80365226417,0.272599898427,0.132647985409,8.89081247955,1.009079944,0.534737191179,7.98205570096,0.905938837225,0.477532747471,0.638141403036,0.3703243274,2,1.72319600907,0.638141403036,2,0.306172069553,0.316143497758,611,0.0786357786358,0.554040700146,37,37,37,1,0,0.405405405405,0.540540540541,0.0540540540541,-16,-0.012012012012,-0.00209280904833,-0.864864864865,-0.727272727273,-0.457142857143,-0.564057891222,-0.0177586918502,-0.00999465723392,-0.617679062823,-0.0196165094166,-0.00975466910243,-0.0712576454752,0.0346739430205,0.0157024961675,-0.00245816729046,-0.000975575317935,0,-0.00209280904833,-0.00245816729046,0,-0.0378993246947,-0.0604255398991,-199,-0.0256113256113,-0.015536128204,0,0,0,323,3,19,987,0.944444444444,0.99696969697,0.0030303030303,0.0555555555556,0.990797546012,0.944444444444,0.967065868263,0.956540973264,0.941414141414,0.936231884058,87,103,0,0,0,0
2812,WLNM_dir_neg,0.970826656612,0.580727139052,00:00:05,10,70,13,1239447248,threshold_sweep,0.4,0.965517241379,0.815533980583,0.884210526316,84,3,19,203,0.815533980583,0.985436893204,0.0145631067961,0.184466019417,0.965517241379,0.815533980583,0.884210526316,0.928802588997,0.572815533981,0.833333333333,0.83952345245,0.800970873786,342,239,103,0,342,0,239,0,103,37,342,0.256756756757,1.72528881811,18.4864864865,15.5454545455,9.77142857143,5.36771015539,0.290358590277,0.142642642643,9.50849154237,1.02869645341,0.544491860281,8.05331334643,0.871264894205,0.461830251304,0.640599570326,0.371299902718,2,1.72528881811,0.640599570326,2,0.344071394247,0.376569037657,810,0.104247104247,0.56957682835,37,37,37,1,0,0.405405405405,0.540540540541,0.0540540540541,37,0.179429429429,1.76926808513,12.9189189189,10.8636363636,6.82857142857,3.81064574856,0.294966302713,0.159108899695,6.59374533004,1.02078902599,0.548230238607,5.82425290676,0.901662583892,0.482867805044,0.692384615175,0.391339571992,2,1.76926808513,0.692384615175,2,0.176663383242,0.163371150729,168,0.0216216216216,0.335843982274,37,37,37,1,0,0.405405405405,0.540540540541,0.0540540540541,37,326,0.244744744745,1.72319600907,17.6216216216,14.8181818182,9.31428571429,4.80365226417,0.272599898427,0.132647985409,8.89081247955,1.009079944,0.534737191179,7.98205570096,0.905938837225,0.477532747471,0.638141403036,0.3703243274,2,1.72319600907,0.638141403036,2,0.306172069553,0.316143497758,611,0.0786357786358,0.554040700146,37,37,37,1,0,0.405405405405,0.540540540541,0.0540540540541,-16,-0.012012012012,-0.00209280904833,-0.864864864865,-0.727272727273,-0.457142857143,-0.564057891222,-0.0177586918502,-0.00999465723392,-0.617679062823,-0.0196165094166,-0.00975466910243,-0.0712576454752,0.0346739430205,0.0157024961675,-0.00245816729046,-0.000975575317935,0,-0.00209280904833,-0.00245816729046,0,-0.0378993246947,-0.0604255398991,-199,-0.0256113256113,-0.015536128204,0,0,0,323,3,19,987,0.944444444444,0.99696969697,0.0030303030303,0.0555555555556,0.990797546012,0.944444444444,0.967065868263,0.956540973264,0.941414141414,0.936231884058,87,103,0,0,0,0
2813,WLNM_dir_neg,0.970826656612,0.580727139052,00:00:05,10,70,13,1239447248,threshold_sweep,0.5,0.965517241379,0.815533980583,0.884210526316,84,3,19,203,0.815533980583,0.985436893204,0.0145631067961,0.184466019417,0.965517241379,0.815533980583,0.884210526316,0.928802588997,0.572815533981,0.833333333333,0.83952345245,0.800970873786,342,239,103,0,342,0,239,0,103,37,342,0.256756756757,1.72528881811,18.4864864865,15.5454545455,9.77142857143,5.36771015539,0.290358590277,0.142642642643,9.50849154237,1.02869645341,0.544491860281,8.05331334643,0.871264894205,0.461830251304,0.640599570326,0.371299902718,2,1.72528881811,0.640599570326,2,0.344071394247,0.376569037657,810,0.104247104247,0.56957682835,37,37,37,1,0,0.405405405405,0.540540540541,0.0540540540541,37,0.179429429429,1.76926808513,12.9189189189,10.8636363636,6.82857142857,3.81064574856,0.294966302713,0.159108899695,6.59374533004,1.02078902599,0.548230238607,5.82425290676,0.901662583892,0.482867805044,0.692384615175,0.391339571992,2,1.76926808513,0.692384615175,2,0.176663383242,0.163371150729,168,0.0216216216216,0.335843982274,37,37,37,1,0,0.405405405405,0.540540540541,0.0540540540541,37,326,0.244744744745,1.72319600907,17.6216216216,14.8181818182,9.31428571429,4.80365226417,0.272599898427,0.132647985409,8.89081247955,1.009079944,0.534737191179,7.98205570096,0.905938837225,0.477532747471,0.638141403036,0.3703243274,2,1.72319600907,0.638141403036,2,0.306172069553,0.316143497758,611,0.0786357786358,0.554040700146,37,37,37,1,0,0.405405405405,0.540540540541,0.0540540540541,-16,-0.012012012012,-0.00209280904833,-0.864864864865,-0.727272727273,-0.457142857143,-0.564057891222,-0.0177586918502,-0.00999465723392,-0.617679062823,-0.0196165094166,-0.00975466910243,-0.0712576454752,0.0346739430205,0.0157024961675,-0.00245816729046,-0.000975575317935,0,-0.00209280904833,-0.00245816729046,0,-0.0378993246947,-0.0604255398991,-199,-0.0256113256113,-0.015536128204,0,0,0,323,3,19,987,0.944444444444,0.99696969697,0.0030303030303,0.0555555555556,0.990797546012,0.944444444444,0.967065868263,0.956540973264,0.941414141414,0.936231884058,87,103,0,0,0,0
2814,WLNM_dir_neg,0.970826656612,0.580727139052,00:00:05,10,70,13,1239447248,threshold_sweep,0.6,0.965517241379,0.815533980583,0.884210526316,84,3,19,203,0.815533980583,0.985436893204,0.0145631067961,0.184466019417,0.965517241379,0.815533980583,0.884210526316,0.928802588997,0.572815533981,0.833333333333,0.83952345245,0.800970873786,342,239,103,0,342,0,239,0,103,37,342,0.256756756757,1.72528881811,18.4864864865,15.5454545455,9.77142857143,5.36771015539,0.290358590277,0.142642642643,9.50849154237,1.02869645341,0.544491860281,8.05331334643,0.871264894205,0.461830251304,0.640599570326,0.371299902718,2,1.72528881811,0.640599570326,2,0.344071394247,0.376569037657,810,0.104247104247,0.56957682835,37,37,37,1,0,0.405405405405,0.540540540541,0.0540540540541,37,0.179429429429,1.76926808513,12.9189189189,10.8636363636,6.82857142857,3.81064574856,0.294966302713,0.159108899695,6.59374533004,1.02078902599,0.548230238607,5.82425290676,0.901662583892,0.482867805044,0.692384615175,0.391339571992,2,1.76926808513,0.692384615175,2,0.176663383242,0.163371150729,168,0.0216216216216,0.335843982274,37,37,37,1,0,0.405405405405,0.540540540541,0.0540540540541,37,326,0.244744744745,1.72319600907,17.6216216216,14.8181818182,9.31428571429,4.80365226417,0.272599898427,0.132647985409,8.89081247955,1.009079944,0.534737191179,7.98205570096,0.905938837225,0.477532747471,0.638141403036,0.3703243274,2,1.72319600907,0.638141403036,2,0.306172069553,0.316143497758,611,0.0786357786358,0.554040700146,37,37,37,1,0,0.405405405405,0.540540540541,0.0540540540541,-16,-0.012012012012,-0.00209280904833,-0.864864864865,-0.727272727273,-0.457142857143,-0.564057891222,-0.0177586918502,-0.00999465723392,-0.617679062823,-0.0196165094166,-0.00975466910243,-0.0712576454752,0.0346739430205,0.0157024961675,-0.00245816729046,-0.000975575317935,0,-0.00209280904833,-0.00245816729046,0,-0.0378993246947,-0.0604255398991,-199,-0.0256113256113,-0.015536128204,0,0,0,323,3,19,987,0.944444444444,0.99696969697,0.0030303030303,0.0555555555556,0.990797546012,0.944444444444,0.967065868263,0.956540973264,0.941414141414,0.936231884058,87,103,0,0,0,0
2815,WLNM_dir_neg,0.970826656612,0.580727139052,00:00:05,10,70,13,1239447248,threshold_sweep,0.7,0.965517241379,0.815533980583,0.884210526316,84,3,19,203,0.815533980583,0.985436893204,0.0145631067961,0.184466019417,0.965517241379,0.815533980583,0.884210526316,0.928802588997,0.572815533981,0.833333333333,0.83952345245,0.800970873786,342,239,103,0,342,0,239,0,103,37,342,0.256756756757,1.72528881811,18.4864864865,15.5454545455,9.77142857143,5.36771015539,0.290358590277,0.142642642643,9.50849154237,1.02869645341,0.544491860281,8.05331334643,0.871264894205,0.461830251304,0.640599570326,0.371299902718,2,1.72528881811,0.640599570326,2,0.344071394247,0.376569037657,810,0.104247104247,0.56957682835,37,37,37,1,0,0.405405405405,0.540540540541,0.0540540540541,37,0.179429429429,1.76926808513,12.9189189189,10.8636363636,6.82857142857,3.81064574856,0.294966302713,0.159108899695,6.59374533004,1.02078902599,0.548230238607,5.82425290676,0.901662583892,0.482867805044,0.692384615175,0.391339571992,2,1.76926808513,0.692384615175,2,0.176663383242,0.163371150729,168,0.0216216216216,0.335843982274,37,37,37,1,0,0.405405405405,0.540540540541,0.0540540540541,37,326,0.244744744745,1.72319600907,17.6216216216,14.8181818182,9.31428571429,4.80365226417,0.272599898427,0.132647985409,8.89081247955,1.009079944,0.534737191179,7.98205570096,0.905938837225,0.477532747471,0.638141403036,0.3703243274,2,1.72319600907,0.638141403036,2,0.306172069553,0.316143497758,611,0.0786357786358,0.554040700146,37,37,37,1,0,0.405405405405,0.540540540541,0.0540540540541,-16,-0.012012012012,-0.00209280904833,-0.864864864865,-0.727272727273,-0.457142857143,-0.564057891222,-0.0177586918502,-0.00999465723392,-0.617679062823,-0.0196165094166,-0.00975466910243,-0.0712576454752,0.0346739430205,0.0157024961675,-0.00245816729046,-0.000975575317935,0,-0.00209280904833,-0.00245816729046,0,-0.0378993246947,-0.0604255398991,-199,-0.0256113256113,-0.015536128204,0,0,0,323,3,19,987,0.944444444444,0.99696969697,0.0030303030303,0.0555555555556,0.990797546012,0.944444444444,0.967065868263,0.956540973264,0.941414141414,0.936231884058,87,103,0,0,0,0
2816,WLNM_dir_neg,0.970826656612,0.580727139052,00:00:05,10,70,13,1239447248,threshold_sweep,0.8,0.965517241379,0.815533980583,0.884210526316,84,3,19,203,0.815533980583,0.985436893204,0.0145631067961,0.184466019417,0.965517241379,0.815533980583,0.884210526316,0.928802588997,0.572815533981,0.833333333333,0.83952345245,0.800970873786,342,239,103,0,342,0,239,0,103,37,342,0.256756756757,1.72528881811,18.4864864865,15.5454545455,9.77142857143,5.36771015539,0.290358590277,0.142642642643,9.50849154237,1.02869645341,0.544491860281,8.05331334643,0.871264894205,0.461830251304,0.640599570326,0.371299902718,2,1.72528881811,0.640599570326,2,0.344071394247,0.376569037657,810,0.104247104247,0.56957682835,37,37,37,1,0,0.405405405405,0.540540540541,0.0540540540541,37,0.179429429429,1.76926808513,12.9189189189,10.8636363636,6.82857142857,3.81064574856,0.294966302713,0.159108899695,6.59374533004,1.02078902599,0.548230238607,5.82425290676,0.901662583892,0.482867805044,0.692384615175,0.391339571992,2,1.76926808513,0.692384615175,2,0.176663383242,0.163371150729,168,0.0216216216216,0.335843982274,37,37,37,1,0,0.405405405405,0.540540540541,0.0540540540541,37,326,0.244744744745,1.72319600907,17.6216216216,14.8181818182,9.31428571429,4.80365226417,0.272599898427,0.132647985409,8.89081247955,1.009079944,0.534737191179,7.98205570096,0.905938837225,0.477532747471,0.638141403036,0.3703243274,2,1.72319600907,0.638141403036,2,0.306172069553,0.316143497758,611,0.0786357786358,0.554040700146,37,37,37,1,0,0.405405405405,0.540540540541,0.0540540540541,-16,-0.012012012012,-0.00209280904833,-0.864864864865,-0.727272727273,-0.457142857143,-0.564057891222,-0.0177586918502,-0.00999465723392,-0.617679062823,-0.0196165094166,-0.00975466910243,-0.0712576454752,0.0346739430205,0.0157024961675,-0.00245816729046,-0.000975575317935,0,-0.00209280904833,-0.00245816729046,0,-0.0378993246947,-0.0604255398991,-199,-0.0256113256113,-0.015536128204,0,0,0,323,3,19,987,0.944444444444,0.99696969697,0.0030303030303,0.0555555555556,0.990797546012,0.944444444444,0.967065868263,0.956540973264,0.941414141414,0.936231884058,87,103,0,0,0,0
2817,WLNM_dir_neg,0.970826656612,0.580727139052,00:00:05,10,70,13,1239447248,threshold_sweep,0.9,0.965517241379,0.815533980583,0.884210526316,84,3,19,203,0.815533980583,0.985436893204,0.0145631067961,0.184466019417,0.965517241379,0.815533980583,0.884210526316,0.928802588997,0.572815533981,0.833333333333,0.83952345245,0.800970873786,342,239,103,0,342,0,239,0,103,37,342,0.256756756757,1.72528881811,18.4864864865,15.5454545455,9.77142857143,5.36771015539,0.290358590277,0.142642642643,9.50849154237,1.02869645341,0.544491860281,8.05331334643,0.871264894205,0.461830251304,0.640599570326,0.371299902718,2,1.72528881811,0.640599570326,2,0.344071394247,0.376569037657,810,0.104247104247,0.56957682835,37,37,37,1,0,0.405405405405,0.540540540541,0.0540540540541,37,0.179429429429,1.76926808513,12.9189189189,10.8636363636,6.82857142857,3.81064574856,0.294966302713,0.159108899695,6.59374533004,1.02078902599,0.548230238607,5.82425290676,0.901662583892,0.482867805044,0.692384615175,0.391339571992,2,1.76926808513,0.692384615175,2,0.176663383242,0.163371150729,168,0.0216216216216,0.335843982274,37,37,37,1,0,0.405405405405,0.540540540541,0.0540540540541,37,326,0.244744744745,1.72319600907,17.6216216216,14.8181818182,9.31428571429,4.80365226417,0.272599898427,0.132647985409,8.89081247955,1.009079944,0.534737191179,7.98205570096,0.905938837225,0.477532747471,0.638141403036,0.3703243274,2,1.72319600907,0.638141403036,2,0.306172069553,0.316143497758,611,0.0786357786358,0.554040700146,37,37,37,1,0,0.405405405405,0.540540540541,0.0540540540541,-16,-0.012012012012,-0.00209280904833,-0.864864864865,-0.727272727273,-0.457142857143,-0.564057891222,-0.0177586918502,-0.00999465723392,-0.617679062823,-0.0196165094166,-0.00975466910243,-0.0712576454752,0.0346739430205,0.0157024961675,-0.00245816729046,-0.000975575317935,0,-0.00209280904833,-0.00245816729046,0,-0.0378993246947,-0.0604255398991,-199,-0.0256113256113,-0.015536128204,0,0,0,323,3,19,987,0.944444444444,0.99696969697,0.0030303030303,0.0555555555556,0.990797546012,0.944444444444,0.967065868263,0.956540973264,0.941414141414,0.936231884058,87,103,0,0,0,0
2818,WLNM_dir_neg,0.970944481101,0.665638638044,00:00:06,10,70,14,1239447249,threshold_sweep,0.1,0.978723404255,0.893203883495,0.934010152284,92,2,11,204,0.893203883495,0.990291262136,0.00970873786408,0.106796116505,0.978723404255,0.893203883495,0.934010152284,0.957928802589,0.56526429342,0.903225806452,0.905259796609,0.883495145631,342,239,103,0,342,0,239,0,103,37,342,0.256756756757,1.72528881811,18.4864864865,15.5454545455,9.77142857143,5.36771015539,0.290358590277,0.142642642643,9.50849154237,1.02869645341,0.544491860281,8.05331334643,0.871264894205,0.461830251304,0.640599570326,0.371299902718,2,1.72528881811,0.640599570326,2,0.344071394247,0.376569037657,810,0.104247104247,0.56957682835,37,37,37,1,0,0.405405405405,0.540540540541,0.0540540540541,37,0.179429429429,1.77964677703,12.9189189189,10.8636363636,6.82857142857,4.20567327401,0.325543747151,0.174601379622,6.7148036895,1.03953027829,0.555919936673,5.7232207065,0.88602161565,0.474951939387,0.705766403886,0.396576676336,2,1.77964677703,0.705766403886,2,0.217114837626,0.179218303146,188,0.0241956241956,0.328199426958,37,37,37,1,0,0.405405405405,0.540540540541,0.0540540540541,37,333,0.25,1.73504534321,18,15.1363636364,9.25,5.35931173027,0.297739540571,0.140410680951,9.22857879994,1.02539764444,0.540215891567,8.14793770772,0.905326411969,0.473175878581,0.658098700928,0.379297695881,2,1.73504534321,0.658098700928,2,0.329991297841,0.342843169221,701,0.0902187902188,0.573828083113,37,37,37,1,0,0.405405405405,0.567567567568,0.027027027027,-9,-0.00675675675676,0.00975652509565,-0.486486486486,-0.409090909091,-0.521428571429,-0.00839842512212,0.0073809502935,-0.00223196169142,-0.279912742437,-0.00329880897724,-0.00427596871409,0.094624361286,0.034061517764,0.0113456272773,0.0174991306019,0.00799779316279,0,0.00975652509565,0.0174991306019,0,-0.0140800964068,-0.0337258684362,-109,-0.0140283140283,0.00425125476349,0,0.027027027027,-0.027027027027,331,2,11,988,0.96783625731,0.99797979798,0.0020202020202,0.0321637426901,0.993993993994,0.96783625731,0.980740740741,0.974361712631,0.96581605529,0.962209302326,94,103,0,0,0,0
2819,WLNM_dir_neg,0.970944481101,0.665638638044,00:00:06,10,70,14,1239447249,threshold_sweep,0.2,0.978723404255,0.893203883495,0.934010152284,92,2,11,204,0.893203883495,0.990291262136,0.00970873786408,0.106796116505,0.978723404255,0.893203883495,0.934010152284,0.957928802589,0.56526429342,0.903225806452,0.905259796609,0.883495145631,342,239,103,0,342,0,239,0,103,37,342,0.256756756757,1.72528881811,18.4864864865,15.5454545455,9.77142857143,5.36771015539,0.290358590277,0.142642642643,9.50849154237,1.02869645341,0.544491860281,8.05331334643,0.871264894205,0.461830251304,0.640599570326,0.371299902718,2,1.72528881811,0.640599570326,2,0.344071394247,0.376569037657,810,0.104247104247,0.56957682835,37,37,37,1,0,0.405405405405,0.540540540541,0.0540540540541,37,0.179429429429,1.77964677703,12.9189189189,10.8636363636,6.82857142857,4.20567327401,0.325543747151,0.174601379622,6.7148036895,1.03953027829,0.555919936673,5.7232207065,0.88602161565,0.474951939387,0.705766403886,0.396576676336,2,1.77964677703,0.705766403886,2,0.217114837626,0.179218303146,188,0.0241956241956,0.328199426958,37,37,37,1,0,0.405405405405,0.540540540541,0.0540540540541,37,333,0.25,1.73504534321,18,15.1363636364,9.25,5.35931173027,0.297739540571,0.140410680951,9.22857879994,1.02539764444,0.540215891567,8.14793770772,0.905326411969,0.473175878581,0.658098700928,0.379297695881,2,1.73504534321,0.658098700928,2,0.329991297841,0.342843169221,701,0.0902187902188,0.573828083113,37,37,37,1,0,0.405405405405,0.567567567568,0.027027027027,-9,-0.00675675675676,0.00975652509565,-0.486486486486,-0.409090909091,-0.521428571429,-0.00839842512212,0.0073809502935,-0.00223196169142,-0.279912742437,-0.00329880897724,-0.00427596871409,0.094624361286,0.034061517764,0.0113456272773,0.0174991306019,0.00799779316279,0,0.00975652509565,0.0174991306019,0,-0.0140800964068,-0.0337258684362,-109,-0.0140283140283,0.00425125476349,0,0.027027027027,-0.027027027027,331,2,11,988,0.96783625731,0.99797979798,0.0020202020202,0.0321637426901,0.993993993994,0.96783625731,0.980740740741,0.974361712631,0.96581605529,0.962209302326,94,103,0,0,0,0
2820,WLNM_dir_neg,0.970944481101,0.665638638044,00:00:06,10,70,14,1239447249,threshold_sweep,0.3,0.978723404255,0.893203883495,0.934010152284,92,2,11,204,0.893203883495,0.990291262136,0.00970873786408,0.106796116505,0.978723404255,0.893203883495,0.934010152284,0.957928802589,0.56526429342,0.903225806452,0.905259796609,0.883495145631,342,239,103,0,342,0,239,0,103,37,342,0.256756756757,1.72528881811,18.4864864865,15.5454545455,9.77142857143,5.36771015539,0.290358590277,0.142642642643,9.50849154237,1.02869645341,0.544491860281,8.05331334643,0.871264894205,0.461830251304,0.640599570326,0.371299902718,2,1.72528881811,0.640599570326,2,0.344071394247,0.376569037657,810,0.104247104247,0.56957682835,37,37,37,1,0,0.405405405405,0.540540540541,0.0540540540541,37,0.179429429429,1.77964677703,12.9189189189,10.8636363636,6.82857142857,4.20567327401,0.325543747151,0.174601379622,6.7148036895,1.03953027829,0.555919936673,5.7232207065,0.88602161565,0.474951939387,0.705766403886,0.396576676336,2,1.77964677703,0.705766403886,2,0.217114837626,0.179218303146,188,0.0241956241956,0.328199426958,37,37,37,1,0,0.405405405405,0.540540540541,0.0540540540541,37,333,0.25,1.73504534321,18,15.1363636364,9.25,5.35931173027,0.297739540571,0.140410680951,9.22857879994,1.02539764444,0.540215891567,8.14793770772,0.905326411969,0.473175878581,0.658098700928,0.379297695881,2,1.73504534321,0.658098700928,2,0.329991297841,0.342843169221,701,0.0902187902188,0.573828083113,37,37,37,1,0,0.405405405405,0.567567567568,0.027027027027,-9,-0.00675675675676,0.00975652509565,-0.486486486486,-0.409090909091,-0.521428571429,-0.00839842512212,0.0073809502935,-0.00223196169142,-0.279912742437,-0.00329880897724,-0.00427596871409,0.094624361286,0.034061517764,0.0113456272773,0.0174991306019,0.00799779316279,0,0.00975652509565,0.0174991306019,0,-0.0140800964068,-0.0337258684362,-109,-0.0140283140283,0.00425125476349,0,0.027027027027,-0.027027027027,331,2,11,988,0.96783625731,0.99797979798,0.0020202020202,0.0321637426901,0.993993993994,0.96783625731,0.980740740741,0.974361712631,0.96581605529,0.962209302326,94,103,0,0,0,0
2821,WLNM_dir_neg,0.970944481101,0.665638638044,00:00:06,10,70,14,1239447249,threshold_sweep,0.4,0.978723404255,0.893203883495,0.934010152284,92,2,11,204,0.893203883495,0.990291262136,0.00970873786408,0.106796116505,0.978723404255,0.893203883495,0.934010152284,0.957928802589,0.56526429342,0.903225806452,0.905259796609,0.883495145631,342,239,103,0,342,0,239,0,103,37,342,0.256756756757,1.72528881811,18.4864864865,15.5454545455,9.77142857143,5.36771015539,0.290358590277,0.142642642643,9.50849154237,1.02869645341,0.544491860281,8.05331334643,0.871264894205,0.461830251304,0.640599570326,0.371299902718,2,1.72528881811,0.640599570326,2,0.344071394247,0.376569037657,810,0.104247104247,0.56957682835,37,37,37,1,0,0.405405405405,0.540540540541,0.0540540540541,37,0.179429429429,1.77964677703,12.9189189189,10.8636363636,6.82857142857,4.20567327401,0.325543747151,0.174601379622,6.7148036895,1.03953027829,0.555919936673,5.7232207065,0.88602161565,0.474951939387,0.705766403886,0.396576676336,2,1.77964677703,0.705766403886,2,0.217114837626,0.179218303146,188,0.0241956241956,0.328199426958,37,37,37,1,0,0.405405405405,0.540540540541,0.0540540540541,37,333,0.25,1.73504534321,18,15.1363636364,9.25,5.35931173027,0.297739540571,0.140410680951,9.22857879994,1.02539764444,0.540215891567,8.14793770772,0.905326411969,0.473175878581,0.658098700928,0.379297695881,2,1.73504534321,0.658098700928,2,0.329991297841,0.342843169221,701,0.0902187902188,0.573828083113,37,37,37,1,0,0.405405405405,0.567567567568,0.027027027027,-9,-0.00675675675676,0.00975652509565,-0.486486486486,-0.409090909091,-0.521428571429,-0.00839842512212,0.0073809502935,-0.00223196169142,-0.279912742437,-0.00329880897724,-0.00427596871409,0.094624361286,0.034061517764,0.0113456272773,0.0174991306019,0.00799779316279,0,0.00975652509565,0.0174991306019,0,-0.0140800964068,-0.0337258684362,-109,-0.0140283140283,0.00425125476349,0,0.027027027027,-0.027027027027,331,2,11,988,0.96783625731,0.99797979798,0.0020202020202,0.0321637426901,0.993993993994,0.96783625731,0.980740740741,0.974361712631,0.96581605529,0.962209302326,94,103,0,0,0,0
2822,WLNM_dir_neg,0.970944481101,0.665638638044,00:00:06,10,70,14,1239447249,threshold_sweep,0.5,0.989010989011,0.873786407767,0.927835051546,90,1,13,205,0.873786407767,0.995145631068,0.00485436893204,0.126213592233,0.989010989011,0.873786407767,0.927835051546,0.954692556634,0.568500539374,0.895,0.898646920055,0.868932038835,342,239,103,0,342,0,239,0,103,37,342,0.256756756757,1.72528881811,18.4864864865,15.5454545455,9.77142857143,5.36771015539,0.290358590277,0.142642642643,9.50849154237,1.02869645341,0.544491860281,8.05331334643,0.871264894205,0.461830251304,0.640599570326,0.371299902718,2,1.72528881811,0.640599570326,2,0.344071394247,0.376569037657,810,0.104247104247,0.56957682835,37,37,37,1,0,0.405405405405,0.540540540541,0.0540540540541,37,0.179429429429,1.77964677703,12.9189189189,10.8636363636,6.82857142857,4.20567327401,0.325543747151,0.174601379622,6.7148036895,1.03953027829,0.555919936673,5.7232207065,0.88602161565,0.474951939387,0.705766403886,0.396576676336,2,1.77964677703,0.705766403886,2,0.217114837626,0.179218303146,188,0.0241956241956,0.328199426958,37,37,37,1,0,0.405405405405,0.540540540541,0.0540540540541,37,330,0.247747747748,1.73266930528,17.8378378378,15,9.42857142857,5.15597557055,0.289047115319,0.137674037674,9.06267797796,1.01611843995,0.536609336609,8.22725274242,0.922449549908,0.483374283374,0.655365744871,0.378240523378,2,1.73266930528,0.655365744871,2,0.31428513178,0.324933244326,649,0.0835263835264,0.57840221355,37,37,37,1,0,0.405405405405,0.540540540541,0.0540540540541,-12,-0.00900900900901,0.00738048716648,-0.648648648649,-0.545454545455,-0.342857142857,-0.211734584846,-0.00131147495854,-0.0049686049686,-0.445813564419,-0.0125780134621,-0.007882523672,0.173939395988,0.051184655703,0.0215440320703,0.0147661745447,0.00694062066035,0,0.00738048716648,0.0147661745447,0,-0.0297862624678,-0.0516357933311,-161,-0.0207207207207,0.00882538519989,0,0,0,329,1,13,989,0.961988304094,0.99898989899,0.0010101010101,0.0380116959064,0.99696969697,0.961988304094,0.979166666667,0.972418822753,0.960978203083,0.959183673469,91,103,0,0,0,0
2823,WLNM_dir_neg,0.970944481101,0.665638638044,00:00:06,10,70,14,1239447249,threshold_sweep,0.6,1,0.873786407767,0.932642487047,90,0,13,206,0.873786407767,1,0,0.126213592233,1,0.873786407767,0.932642487047,0.957928802589,0.569579288026,0.902255639098,0.906596827823,0.873786407767,342,239,103,0,342,0,239,0,103,37,342,0.256756756757,1.72528881811,18.4864864865,15.5454545455,9.77142857143,5.36771015539,0.290358590277,0.142642642643,9.50849154237,1.02869645341,0.544491860281,8.05331334643,0.871264894205,0.461830251304,0.640599570326,0.371299902718,2,1.72528881811,0.640599570326,2,0.344071394247,0.376569037657,810,0.104247104247,0.56957682835,37,37,37,1,0,0.405405405405,0.540540540541,0.0540540540541,37,0.179429429429,1.77964677703,12.9189189189,10.8636363636,6.82857142857,4.20567327401,0.325543747151,0.174601379622,6.7148036895,1.03953027829,0.555919936673,5.7232207065,0.88602161565,0.474951939387,0.705766403886,0.396576676336,2,1.77964677703,0.705766403886,2,0.217114837626,0.179218303146,188,0.0241956241956,0.328199426958,37,37,37,1,0,0.405405405405,0.540540540541,0.0540540540541,37,329,0.246996996997,1.73175252297,17.7837837838,14.9545454545,9.4,5.12149682512,0.28798690354,0.13735315863,9.02091330614,1.01451000707,0.535447301405,8.24885104385,0.927682336238,0.485664996303,0.654357200774,0.377858378779,2,1.73175252297,0.654357200774,2,0.309719374745,0.319610149555,634,0.0815958815959,0.579822267475,37,37,37,1,0,0.405405405405,0.540540540541,0.0540540540541,-13,-0.00975975975976,0.00646370485186,-0.702702702703,-0.590909090909,-0.371428571429,-0.246213330272,-0.00237168673686,-0.00528948401289,-0.487578236236,-0.0141864463414,-0.00904455887659,0.195537697411,0.056417442033,0.0238347449994,0.0137576304482,0.00655847606102,0,0.00646370485186,0.0137576304482,0,-0.0343520195022,-0.0569588881022,-176,-0.0226512226512,0.0102454391249,0,0,0,329,0,13,990,0.961988304094,1,0,0.0380116959064,1,0.961988304094,0.980625931446,0.974433097482,0.961988304094,0.961988304094,90,103,0,0,0,0
2824,WLNM_dir_neg,0.970944481101,0.665638638044,00:00:06,10,70,14,1239447249,threshold_sweep,0.7,1,0.873786407767,0.932642487047,90,0,13,206,0.873786407767,1,0,0.126213592233,1,0.873786407767,0.932642487047,0.957928802589,0.569579288026,0.902255639098,0.906596827823,0.873786407767,342,239,103,0,342,0,239,0,103,37,342,0.256756756757,1.72528881811,18.4864864865,15.5454545455,9.77142857143,5.36771015539,0.290358590277,0.142642642643,9.50849154237,1.02869645341,0.544491860281,8.05331334643,0.871264894205,0.461830251304,0.640599570326,0.371299902718,2,1.72528881811,0.640599570326,2,0.344071394247,0.376569037657,810,0.104247104247,0.56957682835,37,37,37,1,0,0.405405405405,0.540540540541,0.0540540540541,37,0.179429429429,1.77964677703,12.9189189189,10.8636363636,6.82857142857,4.20567327401,0.325543747151,0.174601379622,6.7148036895,1.03953027829,0.555919936673,5.7232207065,0.88602161565,0.474951939387,0.705766403886,0.396576676336,2,1.77964677703,0.705766403886,2,0.217114837626,0.179218303146,188,0.0241956241956,0.328199426958,37,37,37,1,0,0.405405405405,0.540540540541,0.0540540540541,37,329,0.246996996997,1.73175252297,17.7837837838,14.9545454545,9.4,5.12149682512,0.28798690354,0.13735315863,9.02091330614,1.01451000707,0.535447301405,8.24885104385,0.927682336238,0.485664996303,0.654357200774,0.377858378779,2,1.73175252297,0.654357200774,2,0.309719374745,0.319610149555,634,0.0815958815959,0.579822267475,37,37,37,1,0,0.405405405405,0.540540540541,0.0540540540541,-13,-0.00975975975976,0.00646370485186,-0.702702702703,-0.590909090909,-0.371428571429,-0.246213330272,-0.00237168673686,-0.00528948401289,-0.487578236236,-0.0141864463414,-0.00904455887659,0.195537697411,0.056417442033,0.0238347449994,0.0137576304482,0.00655847606102,0,0.00646370485186,0.0137576304482,0,-0.0343520195022,-0.0569588881022,-176,-0.0226512226512,0.0102454391249,0,0,0,329,0,13,990,0.961988304094,1,0,0.0380116959064,1,0.961988304094,0.980625931446,0.974433097482,0.961988304094,0.961988304094,90,103,0,0,0,0
2825,WLNM_dir_neg,0.970944481101,0.665638638044,00:00:06,10,70,14,1239447249,threshold_sweep,0.8,1,0.873786407767,0.932642487047,90,0,13,206,0.873786407767,1,0,0.126213592233,1,0.873786407767,0.932642487047,0.957928802589,0.569579288026,0.902255639098,0.906596827823,0.873786407767,342,239,103,0,342,0,239,0,103,37,342,0.256756756757,1.72528881811,18.4864864865,15.5454545455,9.77142857143,5.36771015539,0.290358590277,0.142642642643,9.50849154237,1.02869645341,0.544491860281,8.05331334643,0.871264894205,0.461830251304,0.640599570326,0.371299902718,2,1.72528881811,0.640599570326,2,0.344071394247,0.376569037657,810,0.104247104247,0.56957682835,37,37,37,1,0,0.405405405405,0.540540540541,0.0540540540541,37,0.179429429429,1.77964677703,12.9189189189,10.8636363636,6.82857142857,4.20567327401,0.325543747151,0.174601379622,6.7148036895,1.03953027829,0.555919936673,5.7232207065,0.88602161565,0.474951939387,0.705766403886,0.396576676336,2,1.77964677703,0.705766403886,2,0.217114837626,0.179218303146,188,0.0241956241956,0.328199426958,37,37,37,1,0,0.405405405405,0.540540540541,0.0540540540541,37,329,0.246996996997,1.73175252297,17.7837837838,14.9545454545,9.4,5.12149682512,0.28798690354,0.13735315863,9.02091330614,1.01451000707,0.535447301405,8.24885104385,0.927682336238,0.485664996303,0.654357200774,0.377858378779,2,1.73175252297,0.654357200774,2,0.309719374745,0.319610149555,634,0.0815958815959,0.579822267475,37,37,37,1,0,0.405405405405,0.540540540541,0.0540540540541,-13,-0.00975975975976,0.00646370485186,-0.702702702703,-0.590909090909,-0.371428571429,-0.246213330272,-0.00237168673686,-0.00528948401289,-0.487578236236,-0.0141864463414,-0.00904455887659,0.195537697411,0.056417442033,0.0238347449994,0.0137576304482,0.00655847606102,0,0.00646370485186,0.0137576304482,0,-0.0343520195022,-0.0569588881022,-176,-0.0226512226512,0.0102454391249,0,0,0,329,0,13,990,0.961988304094,1,0,0.0380116959064,1,0.961988304094,0.980625931446,0.974433097482,0.961988304094,0.961988304094,90,103,0,0,0,0
2826,WLNM_dir_neg,0.970944481101,0.665638638044,00:00:06,10,70,14,1239447249,threshold_sweep,0.9,1,0.825242718447,0.904255319149,85,0,18,206,0.825242718447,1,0,0.174757281553,1,0.825242718447,0.904255319149,0.941747572816,0.574973031284,0.862944162437,0.871165065546,0.825242718447,342,239,103,0,342,0,239,0,103,37,342,0.256756756757,1.72528881811,18.4864864865,15.5454545455,9.77142857143,5.36771015539,0.290358590277,0.142642642643,9.50849154237,1.02869645341,0.544491860281,8.05331334643,0.871264894205,0.461830251304,0.640599570326,0.371299902718,2,1.72528881811,0.640599570326,2,0.344071394247,0.376569037657,810,0.104247104247,0.56957682835,37,37,37,1,0,0.405405405405,0.540540540541,0.0540540540541,37,0.179429429429,1.77964677703,12.9189189189,10.8636363636,6.82857142857,4.20567327401,0.325543747151,0.174601379622,6.7148036895,1.03953027829,0.555919936673,5.7232207065,0.88602161565,0.474951939387,0.705766403886,0.396576676336,2,1.77964677703,0.705766403886,2,0.217114837626,0.179218303146,188,0.0241956241956,0.328199426958,37,37,37,1,0,0.405405405405,0.540540540541,0.0540540540541,37,324,0.243243243243,1.73298343407,17.5135135135,14.7272727273,9.25714285714,5.05866485252,0.288843517813,0.139222555889,8.90819038053,1.01729334593,0.537037037037,8.13225882727,0.928683878422,0.488822155489,0.655346360785,0.378160776324,2,1.73298343407,0.655346360785,2,0.302403565958,0.309932397296,596,0.0767052767053,0.565001209354,37,37,37,1,0,0.405405405405,0.540540540541,0.0540540540541,-18,-0.0135135135135,0.00769461595715,-0.972972972973,-0.818181818182,-0.514285714286,-0.309045302876,-0.00151507246366,-0.00342008675342,-0.60030116184,-0.0114031074895,-0.0074548232443,0.078945480831,0.0574189842174,0.0269919041849,0.0147467904585,0.00686087360581,0,0.00769461595715,0.0147467904585,0,-0.0416678282892,-0.066636640361,-214,-0.0275418275418,-0.00457561899581,0,0,0,324,0,18,990,0.947368421053,1,0,0.0526315789474,1,0.947368421053,0.972972972973,0.96459894662,0.947368421053,0.947368421053,85,103,0,0,0,0
2827,WLNM_dir_neg,0.987039306249,0.689127114312,00:00:05,10,70,15,1239447250,threshold_sweep,0.1,0.95145631068,0.95145631068,0.95145631068,98,5,5,201,0.95145631068,0.97572815534,0.0242718446602,0.0485436893204,0.95145631068,0.95145631068,0.95145631068,0.967637540453,0.555555555556,0.927184466019,0.927184466019,0.927184466019,342,239,103,0,342,0,239,0,103,37,342,0.256756756757,1.72528881811,18.4864864865,15.5454545455,9.77142857143,5.36771015539,0.290358590277,0.142642642643,9.50849154237,1.02869645341,0.544491860281,8.05331334643,0.871264894205,0.461830251304,0.640599570326,0.371299902718,2,1.72528881811,0.640599570326,2,0.344071394247,0.376569037657,810,0.104247104247,0.56957682835,37,37,37,1,0,0.405405405405,0.540540540541,0.0540540540541,37,0.179429429429,1.7739429745,12.9189189189,10.8636363636,6.82857142857,4.13238146552,0.31987053185,0.170530362999,6.5768727565,1.01817695394,0.546420897885,5.94696278502,0.920659510651,0.493950016963,0.700592812254,0.394935362819,2,1.7739429745,0.700592812254,2,0.174825209887,0.17235876157,180,0.023166023166,0.342371255981,37,37,37,1,0,0.405405405405,0.540540540541,0.0540540540541,37,342,0.256756756757,2.1893262268,18.4864864865,13.68,9.77142857143,5.20481412637,0.281546962976,0.141220167536,9.2328080639,0.998871047848,0.533428165007,8.13567386202,0.880175242383,0.467362098941,0.887617712707,0.405429625718,2.53846153846,2.1893262268,0.887617712707,2.53846153846,0.328553919545,0.352492854875,740,0.0952380952381,0.455338392497,37,37,37,1,0,0.324324324324,0.621621621622,0.0540540540541,0,0,0.464037408687,0,-1.86545454545,0,-0.16289602902,-0.00881162730082,-0.00142247510669,-0.275683478479,-0.0298254055664,-0.0110636952742,0.0823605155878,0.00891034817763,0.00553184763711,0.247018142381,0.0341297230004,0.538461538462,0.464037408687,0.247018142381,0.538461538462,-0.0155174747021,-0.0240761827823,-70,-0.00900900900901,-0.114238435853,-0.0810810810811,0.0810810810811,0,337,5,5,985,0.985380116959,0.994949494949,0.00505050505051,0.0146198830409,0.985380116959,0.985380116959,0.985380116959,0.980329611909,0.980329611909,0.971181556196,103,103,0,0,0,0
2828,WLNM_dir_neg,0.987039306249,0.689127114312,00:00:05,10,70,15,1239447250,threshold_sweep,0.2,0.950495049505,0.932038834951,0.941176470588,96,5,7,201,0.932038834951,0.97572815534,0.0242718446602,0.0679611650485,0.950495049505,0.932038834951,0.941176470588,0.961165048544,0.557713052859,0.912195121951,0.912292814693,0.907766990291,342,239,103,0,342,0,239,0,103,37,342,0.256756756757,1.72528881811,18.4864864865,15.5454545455,9.77142857143,5.36771015539,0.290358590277,0.142642642643,9.50849154237,1.02869645341,0.544491860281,8.05331334643,0.871264894205,0.461830251304,0.640599570326,0.371299902718,2,1.72528881811,0.640599570326,2,0.344071394247,0.376569037657,810,0.104247104247,0.56957682835,37,37,37,1,0,0.405405405405,0.540540540541,0.0540540540541,37,0.179429429429,1.7739429745,12.9189189189,10.8636363636,6.82857142857,4.13238146552,0.31987053185,0.170530362999,6.5768727565,1.01817695394,0.546420897885,5.94696278502,0.920659510651,0.493950016963,0.700592812254,0.394935362819,2,1.7739429745,0.700592812254,2,0.174825209887,0.17235876157,180,0.023166023166,0.342371255981,37,37,37,1,0,0.405405405405,0.540540540541,0.0540540540541,37,340,0.255255255255,2.20240495748,18.3783783784,13.6,9.71428571429,5.24590502388,0.285438949829,0.141971383148,9.20095960526,1.00128089822,0.53386327504,8.16441410376,0.88848035835,0.471224165342,0.895804397416,0.406739184986,2.53846153846,2.20240495748,0.895804397416,2.53846153846,0.333923088072,0.345043310876,717,0.092277992278,0.455047051219,37,37,37,1,0,0.324324324324,0.621621621622,0.0540540540541,-2,-0.0015015015015,0.477116139367,-0.108108108108,-1.94545454545,-0.0571428571429,-0.121805131518,-0.00491964044862,-0.000671259494789,-0.307531937113,-0.0274155551952,-0.0106285852416,0.111100757325,0.0172154641454,0.00939391403788,0.25520482709,0.0354392822686,0.538461538462,0.477116139367,0.25520482709,0.538461538462,-0.010148306175,-0.0315257267811,-93,-0.0119691119691,-0.114529777131,-0.0810810810811,0.0810810810811,0,335,5,7,985,0.979532163743,0.994949494949,0.00505050505051,0.0204678362573,0.985294117647,0.979532163743,0.982404692082,0.976357856215,0.974481658692,0.965417867435,101,103,0,0,0,0
2829,WLNM_dir_neg,0.987039306249,0.689127114312,00:00:05,10,70,15,1239447250,threshold_sweep,0.3,0.950495049505,0.932038834951,0.941176470588,96,5,7,201,0.932038834951,0.97572815534,0.0242718446602,0.0679611650485,0.950495049505,0.932038834951,0.941176470588,0.961165048544,0.557713052859,0.912195121951,0.912292814693,0.907766990291,342,239,103,0,342,0,239,0,103,37,342,0.256756756757,1.72528881811,18.4864864865,15.5454545455,9.77142857143,5.36771015539,0.290358590277,0.142642642643,9.50849154237,1.02869645341,0.544491860281,8.05331334643,0.871264894205,0.461830251304,0.640599570326,0.371299902718,2,1.72528881811,0.640599570326,2,0.344071394247,0.376569037657,810,0.104247104247,0.56957682835,37,37,37,1,0,0.405405405405,0.540540540541,0.0540540540541,37,0.179429429429,1.7739429745,12.9189189189,10.8636363636,6.82857142857,4.13238146552,0.31987053185,0.170530362999,6.5768727565,1.01817695394,0.546420897885,5.94696278502,0.920659510651,0.493950016963,0.700592812254,0.394935362819,2,1.7739429745,0.700592812254,2,0.174825209887,0.17235876157,180,0.023166023166,0.342371255981,37,37,37,1,0,0.405405405405,0.540540540541,0.0540540540541,37,340,0.255255255255,2.20240495748,18.3783783784,13.6,9.71428571429,5.24590502388,0.285438949829,0.141971383148,9.20095960526,1.00128089822,0.53386327504,8.16441410376,0.88848035835,0.471224165342,0.895804397416,0.406739184986,2.53846153846,2.20240495748,0.895804397416,2.53846153846,0.333923088072,0.345043310876,717,0.092277992278,0.455047051219,37,37,37,1,0,0.324324324324,0.621621621622,0.0540540540541,-2,-0.0015015015015,0.477116139367,-0.108108108108,-1.94545454545,-0.0571428571429,-0.121805131518,-0.00491964044862,-0.000671259494789,-0.307531937113,-0.0274155551952,-0.0106285852416,0.111100757325,0.0172154641454,0.00939391403788,0.25520482709,0.0354392822686,0.538461538462,0.477116139367,0.25520482709,0.538461538462,-0.010148306175,-0.0315257267811,-93,-0.0119691119691,-0.114529777131,-0.0810810810811,0.0810810810811,0,335,5,7,985,0.979532163743,0.994949494949,0.00505050505051,0.0204678362573,0.985294117647,0.979532163743,0.982404692082,0.976357856215,0.974481658692,0.965417867435,101,103,0,0,0,0
2830,WLNM_dir_neg,0.987039306249,0.689127114312,00:00:05,10,70,15,1239447250,threshold_sweep,0.4,0.950495049505,0.932038834951,0.941176470588,96,5,7,201,0.932038834951,0.97572815534,0.0242718446602,0.0679611650485,0.950495049505,0.932038834951,0.941176470588,0.961165048544,0.557713052859,0.912195121951,0.912292814693,0.907766990291,342,239,103,0,342,0,239,0,103,37,342,0.256756756757,1.72528881811,18.4864864865,15.5454545455,9.77142857143,5.36771015539,0.290358590277,0.142642642643,9.50849154237,1.02869645341,0.544491860281,8.05331334643,0.871264894205,0.461830251304,0.640599570326,0.371299902718,2,1.72528881811,0.640599570326,2,0.344071394247,0.376569037657,810,0.104247104247,0.56957682835,37,37,37,1,0,0.405405405405,0.540540540541,0.0540540540541,37,0.179429429429,1.7739429745,12.9189189189,10.8636363636,6.82857142857,4.13238146552,0.31987053185,0.170530362999,6.5768727565,1.01817695394,0.546420897885,5.94696278502,0.920659510651,0.493950016963,0.700592812254,0.394935362819,2,1.7739429745,0.700592812254,2,0.174825209887,0.17235876157,180,0.023166023166,0.342371255981,37,37,37,1,0,0.405405405405,0.540540540541,0.0540540540541,37,340,0.255255255255,2.20240495748,18.3783783784,13.6,9.71428571429,5.24590502388,0.285438949829,0.141971383148,9.20095960526,1.00128089822,0.53386327504,8.16441410376,0.88848035835,0.471224165342,0.895804397416,0.406739184986,2.53846153846,2.20240495748,0.895804397416,2.53846153846,0.333923088072,0.345043310876,717,0.092277992278,0.455047051219,37,37,37,1,0,0.324324324324,0.621621621622,0.0540540540541,-2,-0.0015015015015,0.477116139367,-0.108108108108,-1.94545454545,-0.0571428571429,-0.121805131518,-0.00491964044862,-0.000671259494789,-0.307531937113,-0.0274155551952,-0.0106285852416,0.111100757325,0.0172154641454,0.00939391403788,0.25520482709,0.0354392822686,0.538461538462,0.477116139367,0.25520482709,0.538461538462,-0.010148306175,-0.0315257267811,-93,-0.0119691119691,-0.114529777131,-0.0810810810811,0.0810810810811,0,335,5,7,985,0.979532163743,0.994949494949,0.00505050505051,0.0204678362573,0.985294117647,0.979532163743,0.982404692082,0.976357856215,0.974481658692,0.965417867435,101,103,0,0,0,0
2831,WLNM_dir_neg,0.987039306249,0.689127114312,00:00:05,10,70,15,1239447250,threshold_sweep,0.5,0.979591836735,0.932038834951,0.955223880597,96,2,7,204,0.932038834951,0.990291262136,0.00970873786408,0.0679611650485,0.979591836735,0.932038834951,0.955223880597,0.970873786408,0.560949298813,0.933660933661,0.934295673258,0.922330097087,342,239,103,0,342,0,239,0,103,37,342,0.256756756757,1.72528881811,18.4864864865,15.5454545455,9.77142857143,5.36771015539,0.290358590277,0.142642642643,9.50849154237,1.02869645341,0.544491860281,8.05331334643,0.871264894205,0.461830251304,0.640599570326,0.371299902718,2,1.72528881811,0.640599570326,2,0.344071394247,0.376569037657,810,0.104247104247,0.56957682835,37,37,37,1,0,0.405405405405,0.540540540541,0.0540540540541,37,0.179429429429,1.7739429745,12.9189189189,10.8636363636,6.82857142857,4.13238146552,0.31987053185,0.170530362999,6.5768727565,1.01817695394,0.546420897885,5.94696278502,0.920659510651,0.493950016963,0.700592812254,0.394935362819,2,1.7739429745,0.700592812254,2,0.174825209887,0.17235876157,180,0.023166023166,0.342371255981,37,37,37,1,0,0.405405405405,0.540540540541,0.0540540540541,37,337,0.253003003003,1.73708548099,18.2162162162,15.3181818182,9.62857142857,5.14314611419,0.28233888164,0.138102494186,9.2789600225,1.01875822205,0.5410217339,8.18122438468,0.898235318199,0.474296254712,0.659874143133,0.379874306909,2,1.73708548099,0.659874143133,2,0.333923088072,0.345043310876,717,0.092277992278,0.574295698511,37,37,37,1,0,0.405405405405,0.540540540541,0.0540540540541,-5,-0.00375375375375,0.0117966628753,-0.27027027027,-0.227272727273,-0.142857142857,-0.224564041199,-0.00801970863738,-0.00454014845706,-0.229531519878,-0.00993823136023,-0.00347012638126,0.127911038243,0.0269704239941,0.0124660034077,0.019274572807,0.00857440419138,0,0.0117966628753,0.019274572807,0,-0.010148306175,-0.0315257267811,-93,-0.0119691119691,0.00471887016089,0,0,0,335,2,7,988,0.979532163743,0.99797979798,0.0020202020202,0.0204678362573,0.994065281899,0.979532163743,0.986745213549,0.982259505026,0.977511961722,0.973837209302,98,103,0,0,0,0
2832,WLNM_dir_neg,0.987039306249,0.689127114312,00:00:05,10,70,15,1239447250,threshold_sweep,0.6,0.979381443299,0.922330097087,0.95,95,2,8,204,0.922330097087,0.990291262136,0.00970873786408,0.0776699029126,0.979381443299,0.922330097087,0.95,0.967637540453,0.562028047465,0.926108374384,0.927019893057,0.912621359223,342,239,103,0,342,0,239,0,103,37,342,0.256756756757,1.72528881811,18.4864864865,15.5454545455,9.77142857143,5.36771015539,0.290358590277,0.142642642643,9.50849154237,1.02869645341,0.544491860281,8.05331334643,0.871264894205,0.461830251304,0.640599570326,0.371299902718,2,1.72528881811,0.640599570326,2,0.344071394247,0.376569037657,810,0.104247104247,0.56957682835,37,37,37,1,0,0.405405405405,0.540540540541,0.0540540540541,37,0.179429429429,1.7739429745,12.9189189189,10.8636363636,6.82857142857,4.13238146552,0.31987053185,0.170530362999,6.5768727565,1.01817695394,0.546420897885,5.94696278502,0.920659510651,0.493950016963,0.700592812254,0.394935362819,2,1.7739429745,0.700592812254,2,0.174825209887,0.17235876157,180,0.023166023166,0.342371255981,37,37,37,1,0,0.405405405405,0.540540540541,0.0540540540541,37,336,0.252252252252,1.73563498418,18.1621621622,15.2727272727,9.6,5.17748069106,0.285069621383,0.138513513514,9.22670754561,1.01603624758,0.539736164736,8.20358450915,0.90337091321,0.476673101673,0.657970442842,0.379094941529,2,1.73563498418,0.657970442842,2,0.329817703967,0.345688960516,715,0.0920205920206,0.575444482008,37,37,37,1,0,0.405405405405,0.540540540541,0.0540540540541,-6,-0.0045045045045,0.0103461660622,-0.324324324324,-0.272727272727,-0.171428571429,-0.190229464333,-0.00528896889432,-0.00412912912913,-0.281783996769,-0.0126602058333,-0.00475569554517,0.150271162718,0.0321060190053,0.0148428503692,0.0173708725159,0.00779503881105,0,0.0103461660622,0.0173708725159,0,-0.0142536902804,-0.0308800771412,-95,-0.0122265122265,0.00586765365812,0,0,0,334,2,8,988,0.976608187135,0.99797979798,0.0020202020202,0.0233918128655,0.994047619048,0.976608187135,0.985250737463,0.980285086192,0.974587985114,0.970930232558,97,103,0,0,0,0
2833,WLNM_dir_neg,0.987039306249,0.689127114312,00:00:05,10,70,15,1239447250,threshold_sweep,0.7,0.979381443299,0.922330097087,0.95,95,2,8,204,0.922330097087,0.990291262136,0.00970873786408,0.0776699029126,0.979381443299,0.922330097087,0.95,0.967637540453,0.562028047465,0.926108374384,0.927019893057,0.912621359223,342,239,103,0,342,0,239,0,103,37,342,0.256756756757,1.72528881811,18.4864864865,15.5454545455,9.77142857143,5.36771015539,0.290358590277,0.142642642643,9.50849154237,1.02869645341,0.544491860281,8.05331334643,0.871264894205,0.461830251304,0.640599570326,0.371299902718,2,1.72528881811,0.640599570326,2,0.344071394247,0.376569037657,810,0.104247104247,0.56957682835,37,37,37,1,0,0.405405405405,0.540540540541,0.0540540540541,37,0.179429429429,1.7739429745,12.9189189189,10.8636363636,6.82857142857,4.13238146552,0.31987053185,0.170530362999,6.5768727565,1.01817695394,0.546420897885,5.94696278502,0.920659510651,0.493950016963,0.700592812254,0.394935362819,2,1.7739429745,0.700592812254,2,0.174825209887,0.17235876157,180,0.023166023166,0.342371255981,37,37,37,1,0,0.405405405405,0.540540540541,0.0540540540541,37,336,0.252252252252,1.73563498418,18.1621621622,15.2727272727,9.6,5.17748069106,0.285069621383,0.138513513514,9.22670754561,1.01603624758,0.539736164736,8.20358450915,0.90337091321,0.476673101673,0.657970442842,0.379094941529,2,1.73563498418,0.657970442842,2,0.329817703967,0.345688960516,715,0.0920205920206,0.575444482008,37,37,37,1,0,0.405405405405,0.540540540541,0.0540540540541,-6,-0.0045045045045,0.0103461660622,-0.324324324324,-0.272727272727,-0.171428571429,-0.190229464333,-0.00528896889432,-0.00412912912913,-0.281783996769,-0.0126602058333,-0.00475569554517,0.150271162718,0.0321060190053,0.0148428503692,0.0173708725159,0.00779503881105,0,0.0103461660622,0.0173708725159,0,-0.0142536902804,-0.0308800771412,-95,-0.0122265122265,0.00586765365812,0,0,0,334,2,8,988,0.976608187135,0.99797979798,0.0020202020202,0.0233918128655,0.994047619048,0.976608187135,0.985250737463,0.980285086192,0.974587985114,0.970930232558,97,103,0,0,0,0
2834,WLNM_dir_neg,0.987039306249,0.689127114312,00:00:05,10,70,15,1239447250,threshold_sweep,0.8,0.979381443299,0.922330097087,0.95,95,2,8,204,0.922330097087,0.990291262136,0.00970873786408,0.0776699029126,0.979381443299,0.922330097087,0.95,0.967637540453,0.562028047465,0.926108374384,0.927019893057,0.912621359223,342,239,103,0,342,0,239,0,103,37,342,0.256756756757,1.72528881811,18.4864864865,15.5454545455,9.77142857143,5.36771015539,0.290358590277,0.142642642643,9.50849154237,1.02869645341,0.544491860281,8.05331334643,0.871264894205,0.461830251304,0.640599570326,0.371299902718,2,1.72528881811,0.640599570326,2,0.344071394247,0.376569037657,810,0.104247104247,0.56957682835,37,37,37,1,0,0.405405405405,0.540540540541,0.0540540540541,37,0.179429429429,1.7739429745,12.9189189189,10.8636363636,6.82857142857,4.13238146552,0.31987053185,0.170530362999,6.5768727565,1.01817695394,0.546420897885,5.94696278502,0.920659510651,0.493950016963,0.700592812254,0.394935362819,2,1.7739429745,0.700592812254,2,0.174825209887,0.17235876157,180,0.023166023166,0.342371255981,37,37,37,1,0,0.405405405405,0.540540540541,0.0540540540541,37,336,0.252252252252,1.73563498418,18.1621621622,15.2727272727,9.6,5.17748069106,0.285069621383,0.138513513514,9.22670754561,1.01603624758,0.539736164736,8.20358450915,0.90337091321,0.476673101673,0.657970442842,0.379094941529,2,1.73563498418,0.657970442842,2,0.329817703967,0.345688960516,715,0.0920205920206,0.575444482008,37,37,37,1,0,0.405405405405,0.540540540541,0.0540540540541,-6,-0.0045045045045,0.0103461660622,-0.324324324324,-0.272727272727,-0.171428571429,-0.190229464333,-0.00528896889432,-0.00412912912913,-0.281783996769,-0.0126602058333,-0.00475569554517,0.150271162718,0.0321060190053,0.0148428503692,0.0173708725159,0.00779503881105,0,0.0103461660622,0.0173708725159,0,-0.0142536902804,-0.0308800771412,-95,-0.0122265122265,0.00586765365812,0,0,0,334,2,8,988,0.976608187135,0.99797979798,0.0020202020202,0.0233918128655,0.994047619048,0.976608187135,0.985250737463,0.980285086192,0.974587985114,0.970930232558,97,103,0,0,0,0
2835,WLNM_dir_neg,0.987039306249,0.689127114312,00:00:05,10,70,15,1239447250,threshold_sweep,0.9,0.979166666667,0.912621359223,0.94472361809,94,2,9,204,0.912621359223,0.990291262136,0.00970873786408,0.0873786407767,0.979166666667,0.912621359223,0.94472361809,0.964401294498,0.563106796117,0.918518518519,0.9197557851,0.902912621359,342,239,103,0,342,0,239,0,103,37,342,0.256756756757,1.72528881811,18.4864864865,15.5454545455,9.77142857143,5.36771015539,0.290358590277,0.142642642643,9.50849154237,1.02869645341,0.544491860281,8.05331334643,0.871264894205,0.461830251304,0.640599570326,0.371299902718,2,1.72528881811,0.640599570326,2,0.344071394247,0.376569037657,810,0.104247104247,0.56957682835,37,37,37,1,0,0.405405405405,0.540540540541,0.0540540540541,37,0.179429429429,1.7739429745,12.9189189189,10.8636363636,6.82857142857,4.13238146552,0.31987053185,0.170530362999,6.5768727565,1.01817695394,0.546420897885,5.94696278502,0.920659510651,0.493950016963,0.700592812254,0.394935362819,2,1.7739429745,0.700592812254,2,0.174825209887,0.17235876157,180,0.023166023166,0.342371255981,37,37,37,1,0,0.405405405405,0.540540540541,0.0540540540541,37,335,0.251501501502,1.73584696086,18.1081081081,15.2272727273,9.57142857143,5.24289881535,0.289533218161,0.140943929004,9.20430438541,1.01659481272,0.539733763614,8.2088906611,0.906653595405,0.477611940299,0.658100780859,0.379123733658,2,1.73584696086,0.658100780859,2,0.331301686333,0.346489809123,714,0.0918918918919,0.575927192604,37,37,37,1,0,0.405405405405,0.540540540541,0.0540540540541,-7,-0.00525525525526,0.0105581427447,-0.378378378378,-0.318181818182,-0.2,-0.124811340044,-0.000825372116058,-0.00169871363901,-0.304187156968,-0.0121016406982,-0.00475809666697,0.155577314665,0.0353887012001,0.0157816889946,0.0175012105334,0.00782383093996,0,0.0105581427447,0.0175012105334,0,-0.0127697079141,-0.0300792285336,-96,-0.0123552123552,0.0063503642537,0,0,0,333,2,9,988,0.973684210526,0.99797979798,0.0020202020202,0.0263157894737,0.994029850746,0.973684210526,0.983751846381,0.978310655878,0.971664008506,0.968023255814,96,103,0,0,0,0
2836,WLNM_dir_neg,0.936044867565,0.533787066616,00:00:05,10,70,16,1239447251,threshold_sweep,0.1,0.962962962963,0.757281553398,0.847826086957,78,3,25,203,0.757281553398,0.985436893204,0.0145631067961,0.242718446602,0.962962962963,0.757281553398,0.847826086957,0.909385113269,0.57928802589,0.784615384615,0.796097939844,0.742718446602,342,239,103,0,342,0,239,0,103,37,342,0.256756756757,1.72528881811,18.4864864865,15.5454545455,9.77142857143,5.36771015539,0.290358590277,0.142642642643,9.50849154237,1.02869645341,0.544491860281,8.05331334643,0.871264894205,0.461830251304,0.640599570326,0.371299902718,2,1.72528881811,0.640599570326,2,0.344071394247,0.376569037657,810,0.104247104247,0.56957682835,37,37,37,1,0,0.405405405405,0.540540540541,0.0540540540541,37,0.179429429429,1.76814286403,12.9189189189,10.8636363636,6.82857142857,3.96777560394,0.307129073945,0.163858419089,6.56418986537,1.0162134938,0.543933054393,5.90006871238,0.91339975882,0.491914508651,0.693971373819,0.392486030364,2,1.76814286403,0.693971373819,2,0.183310948946,0.156270096463,162,0.0208494208494,0.345214689805,37,37,37,1,0,0.405405405405,0.540540540541,0.0540540540541,37,320,0.24024024024,1,17.2972972973,13.9130434783,9.14285714286,4.86977563289,0.281533903777,0.135135135135,8.85129060337,1.02343047601,0.542905405405,7.99032823765,0.923881702478,0.487162162162,0,0,0,NaN,NaN,NaN,0.30059058918,0.29822993027,556,0.0715572715573,0.508717044827,37,37,0,1,2,0.378378378378,0.567567567568,0.0540540540541,-22,-0.0165165165165,-0.725288818115,-1.18918918919,-1.63241106719,-0.628571428571,-0.497934522501,-0.00882468650052,-0.00750750750751,-0.657200939002,-0.00526597739989,-0.00158645487593,-0.0629851087868,0.0526168082731,0.0253319108582,-0.640599570326,-0.371299902718,-2,NaN,NaN,NaN,-0.0434808050675,-0.0783391073869,-254,-0.0326898326898,-0.0608597835233,-0.027027027027,0.027027027027,0,317,3,25,987,0.926900584795,0.99696969697,0.0030303030303,0.0730994152047,0.990625,0.926900584795,0.957703927492,0.94466190535,0.923870281765,0.91884057971,81,103,0,0,0,0
2837,WLNM_dir_neg,0.936044867565,0.533787066616,00:00:05,10,70,16,1239447251,threshold_sweep,0.2,0.962962962963,0.757281553398,0.847826086957,78,3,25,203,0.757281553398,0.985436893204,0.0145631067961,0.242718446602,0.962962962963,0.757281553398,0.847826086957,0.909385113269,0.57928802589,0.784615384615,0.796097939844,0.742718446602,342,239,103,0,342,0,239,0,103,37,342,0.256756756757,1.72528881811,18.4864864865,15.5454545455,9.77142857143,5.36771015539,0.290358590277,0.142642642643,9.50849154237,1.02869645341,0.544491860281,8.05331334643,0.871264894205,0.461830251304,0.640599570326,0.371299902718,2,1.72528881811,0.640599570326,2,0.344071394247,0.376569037657,810,0.104247104247,0.56957682835,37,37,37,1,0,0.405405405405,0.540540540541,0.0540540540541,37,0.179429429429,1.76814286403,12.9189189189,10.8636363636,6.82857142857,3.96777560394,0.307129073945,0.163858419089,6.56418986537,1.0162134938,0.543933054393,5.90006871238,0.91339975882,0.491914508651,0.693971373819,0.392486030364,2,1.76814286403,0.693971373819,2,0.183310948946,0.156270096463,162,0.0208494208494,0.345214689805,37,37,37,1,0,0.405405405405,0.540540540541,0.0540540540541,37,320,0.24024024024,1,17.2972972973,13.9130434783,9.14285714286,4.86977563289,0.281533903777,0.135135135135,8.85129060337,1.02343047601,0.542905405405,7.99032823765,0.923881702478,0.487162162162,0,0,0,NaN,NaN,NaN,0.30059058918,0.29822993027,556,0.0715572715573,0.508717044827,37,37,0,1,2,0.378378378378,0.567567567568,0.0540540540541,-22,-0.0165165165165,-0.725288818115,-1.18918918919,-1.63241106719,-0.628571428571,-0.497934522501,-0.00882468650052,-0.00750750750751,-0.657200939002,-0.00526597739989,-0.00158645487593,-0.0629851087868,0.0526168082731,0.0253319108582,-0.640599570326,-0.371299902718,-2,NaN,NaN,NaN,-0.0434808050675,-0.0783391073869,-254,-0.0326898326898,-0.0608597835233,-0.027027027027,0.027027027027,0,317,3,25,987,0.926900584795,0.99696969697,0.0030303030303,0.0730994152047,0.990625,0.926900584795,0.957703927492,0.94466190535,0.923870281765,0.91884057971,81,103,0,0,0,0
2838,WLNM_dir_neg,0.936044867565,0.533787066616,00:00:05,10,70,16,1239447251,threshold_sweep,0.3,0.962962962963,0.757281553398,0.847826086957,78,3,25,203,0.757281553398,0.985436893204,0.0145631067961,0.242718446602,0.962962962963,0.757281553398,0.847826086957,0.909385113269,0.57928802589,0.784615384615,0.796097939844,0.742718446602,342,239,103,0,342,0,239,0,103,37,342,0.256756756757,1.72528881811,18.4864864865,15.5454545455,9.77142857143,5.36771015539,0.290358590277,0.142642642643,9.50849154237,1.02869645341,0.544491860281,8.05331334643,0.871264894205,0.461830251304,0.640599570326,0.371299902718,2,1.72528881811,0.640599570326,2,0.344071394247,0.376569037657,810,0.104247104247,0.56957682835,37,37,37,1,0,0.405405405405,0.540540540541,0.0540540540541,37,0.179429429429,1.76814286403,12.9189189189,10.8636363636,6.82857142857,3.96777560394,0.307129073945,0.163858419089,6.56418986537,1.0162134938,0.543933054393,5.90006871238,0.91339975882,0.491914508651,0.693971373819,0.392486030364,2,1.76814286403,0.693971373819,2,0.183310948946,0.156270096463,162,0.0208494208494,0.345214689805,37,37,37,1,0,0.405405405405,0.540540540541,0.0540540540541,37,320,0.24024024024,1,17.2972972973,13.9130434783,9.14285714286,4.86977563289,0.281533903777,0.135135135135,8.85129060337,1.02343047601,0.542905405405,7.99032823765,0.923881702478,0.487162162162,0,0,0,NaN,NaN,NaN,0.30059058918,0.29822993027,556,0.0715572715573,0.508717044827,37,37,0,1,2,0.378378378378,0.567567567568,0.0540540540541,-22,-0.0165165165165,-0.725288818115,-1.18918918919,-1.63241106719,-0.628571428571,-0.497934522501,-0.00882468650052,-0.00750750750751,-0.657200939002,-0.00526597739989,-0.00158645487593,-0.0629851087868,0.0526168082731,0.0253319108582,-0.640599570326,-0.371299902718,-2,NaN,NaN,NaN,-0.0434808050675,-0.0783391073869,-254,-0.0326898326898,-0.0608597835233,-0.027027027027,0.027027027027,0,317,3,25,987,0.926900584795,0.99696969697,0.0030303030303,0.0730994152047,0.990625,0.926900584795,0.957703927492,0.94466190535,0.923870281765,0.91884057971,81,103,0,0,0,0
2839,WLNM_dir_neg,0.936044867565,0.533787066616,00:00:05,10,70,16,1239447251,threshold_sweep,0.4,0.9625,0.747572815534,0.841530054645,77,3,26,203,0.747572815534,0.985436893204,0.0145631067961,0.252427184466,0.9625,0.747572815534,0.841530054645,0.906148867314,0.580366774542,0.776349614396,0.78885869136,0.733009708738,342,239,103,0,342,0,239,0,103,37,342,0.256756756757,1.72528881811,18.4864864865,15.5454545455,9.77142857143,5.36771015539,0.290358590277,0.142642642643,9.50849154237,1.02869645341,0.544491860281,8.05331334643,0.871264894205,0.461830251304,0.640599570326,0.371299902718,2,1.72528881811,0.640599570326,2,0.344071394247,0.376569037657,810,0.104247104247,0.56957682835,37,37,37,1,0,0.405405405405,0.540540540541,0.0540540540541,37,0.179429429429,1.76814286403,12.9189189189,10.8636363636,6.82857142857,3.96777560394,0.307129073945,0.163858419089,6.56418986537,1.0162134938,0.543933054393,5.90006871238,0.91339975882,0.491914508651,0.693971373819,0.392486030364,2,1.76814286403,0.693971373819,2,0.183310948946,0.156270096463,162,0.0208494208494,0.345214689805,37,37,37,1,0,0.405405405405,0.540540540541,0.0540540540541,37,319,0.239489489489,1,17.2432432432,13.8695652174,9.11428571429,4.80396482898,0.278599841179,0.132847581123,8.80451699524,1.02121356998,0.541726679658,8.01162818572,0.929248410256,0.489706006947,0,0,0,NaN,NaN,NaN,0.295587571479,0.290915645278,538,0.0692406692407,0.510055710799,37,37,0,1,2,0.378378378378,0.567567567568,0.0540540540541,-23,-0.0172672672673,-0.725288818115,-1.24324324324,-1.67588932806,-0.657142857143,-0.563745326413,-0.011758749098,-0.0097950615192,-0.703974547132,-0.00748288343367,-0.00276518062362,-0.0416851607165,0.0579835160508,0.0278757556435,-0.640599570326,-0.371299902718,-2,NaN,NaN,NaN,-0.0484838227681,-0.0856533923793,-272,-0.0350064350064,-0.0595211175509,-0.027027027027,0.027027027027,0,316,3,26,987,0.923976608187,0.99696969697,0.0030303030303,0.0760233918129,0.990595611285,0.923976608187,0.956127080182,0.942681308464,0.920946305157,0.915942028986,80,103,0,0,0,0
2840,WLNM_dir_neg,0.936044867565,0.533787066616,00:00:05,10,70,16,1239447251,threshold_sweep,0.5,0.974683544304,0.747572815534,0.846153846154,77,2,26,204,0.747572815534,0.990291262136,0.00970873786408,0.252427184466,0.974683544304,0.747572815534,0.846153846154,0.909385113269,0.581445523193,0.783505154639,0.797353906753,0.73786407767,342,239,103,0,342,0,239,0,103,37,342,0.256756756757,1.72528881811,18.4864864865,15.5454545455,9.77142857143,5.36771015539,0.290358590277,0.142642642643,9.50849154237,1.02869645341,0.544491860281,8.05331334643,0.871264894205,0.461830251304,0.640599570326,0.371299902718,2,1.72528881811,0.640599570326,2,0.344071394247,0.376569037657,810,0.104247104247,0.56957682835,37,37,37,1,0,0.405405405405,0.540540540541,0.0540540540541,37,0.179429429429,1.76814286403,12.9189189189,10.8636363636,6.82857142857,3.96777560394,0.307129073945,0.163858419089,6.56418986537,1.0162134938,0.543933054393,5.90006871238,0.91339975882,0.491914508651,0.693971373819,0.392486030364,2,1.76814286403,0.693971373819,2,0.183310948946,0.156270096463,162,0.0208494208494,0.345214689805,37,37,37,1,0,0.405405405405,0.540540540541,0.0540540540541,37,318,0.238738738739,1.73064285862,17.1891891892,14.4545454545,9.08571428571,4.88670439866,0.28428940684,0.135815060343,8.83006058699,1.02739698654,0.544110147884,7.9981229029,0.930599205684,0.490566037736,0.653521582318,0.377617819334,2,1.73064285862,0.653521582318,2,0.295587571479,0.290915645278,538,0.0692406692407,0.547606180604,37,37,37,1,0,0.405405405405,0.540540540541,0.0540540540541,-24,-0.018018018018,0.00535404050349,-1.2972972973,-1.09090909091,-0.685714285714,-0.481005756734,-0.00606918343686,-0.00682758229928,-0.678430955382,-0.00129946687787,-0.000381712397601,-0.0551904435295,0.059334311479,0.0287357864319,0.0129220119916,0.00631791661641,0,0.00535404050349,0.0129220119916,0,-0.0484838227681,-0.0856533923793,-272,-0.0350064350064,-0.0219706477462,0,0,0,316,2,26,988,0.923976608187,0.99797979798,0.0020202020202,0.0760233918129,0.993710691824,0.923976608187,0.957575757576,0.944731724011,0.921956406167,0.918604651163,79,103,0,0,0,0
2841,WLNM_dir_neg,0.936044867565,0.533787066616,00:00:05,10,70,16,1239447251,threshold_sweep,0.6,0.974683544304,0.747572815534,0.846153846154,77,2,26,204,0.747572815534,0.990291262136,0.00970873786408,0.252427184466,0.974683544304,0.747572815534,0.846153846154,0.909385113269,0.581445523193,0.783505154639,0.797353906753,0.73786407767,342,239,103,0,342,0,239,0,103,37,342,0.256756756757,1.72528881811,18.4864864865,15.5454545455,9.77142857143,5.36771015539,0.290358590277,0.142642642643,9.50849154237,1.02869645341,0.544491860281,8.05331334643,0.871264894205,0.461830251304,0.640599570326,0.371299902718,2,1.72528881811,0.640599570326,2,0.344071394247,0.376569037657,810,0.104247104247,0.56957682835,37,37,37,1,0,0.405405405405,0.540540540541,0.0540540540541,37,0.179429429429,1.76814286403,12.9189189189,10.8636363636,6.82857142857,3.96777560394,0.307129073945,0.163858419089,6.56418986537,1.0162134938,0.543933054393,5.90006871238,0.91339975882,0.491914508651,0.693971373819,0.392486030364,2,1.76814286403,0.693971373819,2,0.183310948946,0.156270096463,162,0.0208494208494,0.345214689805,37,37,37,1,0,0.405405405405,0.540540540541,0.0540540540541,37,318,0.238738738739,1.73064285862,17.1891891892,14.4545454545,9.08571428571,4.88670439866,0.28428940684,0.135815060343,8.83006058699,1.02739698654,0.544110147884,7.9981229029,0.930599205684,0.490566037736,0.653521582318,0.377617819334,2,1.73064285862,0.653521582318,2,0.295587571479,0.290915645278,538,0.0692406692407,0.547606180604,37,37,37,1,0,0.405405405405,0.540540540541,0.0540540540541,-24,-0.018018018018,0.00535404050349,-1.2972972973,-1.09090909091,-0.685714285714,-0.481005756734,-0.00606918343686,-0.00682758229928,-0.678430955382,-0.00129946687787,-0.000381712397601,-0.0551904435295,0.059334311479,0.0287357864319,0.0129220119916,0.00631791661641,0,0.00535404050349,0.0129220119916,0,-0.0484838227681,-0.0856533923793,-272,-0.0350064350064,-0.0219706477462,0,0,0,316,2,26,988,0.923976608187,0.99797979798,0.0020202020202,0.0760233918129,0.993710691824,0.923976608187,0.957575757576,0.944731724011,0.921956406167,0.918604651163,79,103,0,0,0,0
2842,WLNM_dir_neg,0.936044867565,0.533787066616,00:00:05,10,70,16,1239447251,threshold_sweep,0.7,0.974683544304,0.747572815534,0.846153846154,77,2,26,204,0.747572815534,0.990291262136,0.00970873786408,0.252427184466,0.974683544304,0.747572815534,0.846153846154,0.909385113269,0.581445523193,0.783505154639,0.797353906753,0.73786407767,342,239,103,0,342,0,239,0,103,37,342,0.256756756757,1.72528881811,18.4864864865,15.5454545455,9.77142857143,5.36771015539,0.290358590277,0.142642642643,9.50849154237,1.02869645341,0.544491860281,8.05331334643,0.871264894205,0.461830251304,0.640599570326,0.371299902718,2,1.72528881811,0.640599570326,2,0.344071394247,0.376569037657,810,0.104247104247,0.56957682835,37,37,37,1,0,0.405405405405,0.540540540541,0.0540540540541,37,0.179429429429,1.76814286403,12.9189189189,10.8636363636,6.82857142857,3.96777560394,0.307129073945,0.163858419089,6.56418986537,1.0162134938,0.543933054393,5.90006871238,0.91339975882,0.491914508651,0.693971373819,0.392486030364,2,1.76814286403,0.693971373819,2,0.183310948946,0.156270096463,162,0.0208494208494,0.345214689805,37,37,37,1,0,0.405405405405,0.540540540541,0.0540540540541,37,318,0.238738738739,1.73064285862,17.1891891892,14.4545454545,9.08571428571,4.88670439866,0.28428940684,0.135815060343,8.83006058699,1.02739698654,0.544110147884,7.9981229029,0.930599205684,0.490566037736,0.653521582318,0.377617819334,2,1.73064285862,0.653521582318,2,0.295587571479,0.290915645278,538,0.0692406692407,0.547606180604,37,37,37,1,0,0.405405405405,0.540540540541,0.0540540540541,-24,-0.018018018018,0.00535404050349,-1.2972972973,-1.09090909091,-0.685714285714,-0.481005756734,-0.00606918343686,-0.00682758229928,-0.678430955382,-0.00129946687787,-0.000381712397601,-0.0551904435295,0.059334311479,0.0287357864319,0.0129220119916,0.00631791661641,0,0.00535404050349,0.0129220119916,0,-0.0484838227681,-0.0856533923793,-272,-0.0350064350064,-0.0219706477462,0,0,0,316,2,26,988,0.923976608187,0.99797979798,0.0020202020202,0.0760233918129,0.993710691824,0.923976608187,0.957575757576,0.944731724011,0.921956406167,0.918604651163,79,103,0,0,0,0
2843,WLNM_dir_neg,0.936044867565,0.533787066616,00:00:05,10,70,16,1239447251,threshold_sweep,0.8,0.974683544304,0.747572815534,0.846153846154,77,2,26,204,0.747572815534,0.990291262136,0.00970873786408,0.252427184466,0.974683544304,0.747572815534,0.846153846154,0.909385113269,0.581445523193,0.783505154639,0.797353906753,0.73786407767,342,239,103,0,342,0,239,0,103,37,342,0.256756756757,1.72528881811,18.4864864865,15.5454545455,9.77142857143,5.36771015539,0.290358590277,0.142642642643,9.50849154237,1.02869645341,0.544491860281,8.05331334643,0.871264894205,0.461830251304,0.640599570326,0.371299902718,2,1.72528881811,0.640599570326,2,0.344071394247,0.376569037657,810,0.104247104247,0.56957682835,37,37,37,1,0,0.405405405405,0.540540540541,0.0540540540541,37,0.179429429429,1.76814286403,12.9189189189,10.8636363636,6.82857142857,3.96777560394,0.307129073945,0.163858419089,6.56418986537,1.0162134938,0.543933054393,5.90006871238,0.91339975882,0.491914508651,0.693971373819,0.392486030364,2,1.76814286403,0.693971373819,2,0.183310948946,0.156270096463,162,0.0208494208494,0.345214689805,37,37,37,1,0,0.405405405405,0.540540540541,0.0540540540541,37,318,0.238738738739,1.73064285862,17.1891891892,14.4545454545,9.08571428571,4.88670439866,0.28428940684,0.135815060343,8.83006058699,1.02739698654,0.544110147884,7.9981229029,0.930599205684,0.490566037736,0.653521582318,0.377617819334,2,1.73064285862,0.653521582318,2,0.295587571479,0.290915645278,538,0.0692406692407,0.547606180604,37,37,37,1,0,0.405405405405,0.540540540541,0.0540540540541,-24,-0.018018018018,0.00535404050349,-1.2972972973,-1.09090909091,-0.685714285714,-0.481005756734,-0.00606918343686,-0.00682758229928,-0.678430955382,-0.00129946687787,-0.000381712397601,-0.0551904435295,0.059334311479,0.0287357864319,0.0129220119916,0.00631791661641,0,0.00535404050349,0.0129220119916,0,-0.0484838227681,-0.0856533923793,-272,-0.0350064350064,-0.0219706477462,0,0,0,316,2,26,988,0.923976608187,0.99797979798,0.0020202020202,0.0760233918129,0.993710691824,0.923976608187,0.957575757576,0.944731724011,0.921956406167,0.918604651163,79,103,0,0,0,0
2844,WLNM_dir_neg,0.936044867565,0.533787066616,00:00:05,10,70,16,1239447251,threshold_sweep,0.9,0.974683544304,0.747572815534,0.846153846154,77,2,26,204,0.747572815534,0.990291262136,0.00970873786408,0.252427184466,0.974683544304,0.747572815534,0.846153846154,0.909385113269,0.581445523193,0.783505154639,0.797353906753,0.73786407767,342,239,103,0,342,0,239,0,103,37,342,0.256756756757,1.72528881811,18.4864864865,15.5454545455,9.77142857143,5.36771015539,0.290358590277,0.142642642643,9.50849154237,1.02869645341,0.544491860281,8.05331334643,0.871264894205,0.461830251304,0.640599570326,0.371299902718,2,1.72528881811,0.640599570326,2,0.344071394247,0.376569037657,810,0.104247104247,0.56957682835,37,37,37,1,0,0.405405405405,0.540540540541,0.0540540540541,37,0.179429429429,1.76814286403,12.9189189189,10.8636363636,6.82857142857,3.96777560394,0.307129073945,0.163858419089,6.56418986537,1.0162134938,0.543933054393,5.90006871238,0.91339975882,0.491914508651,0.693971373819,0.392486030364,2,1.76814286403,0.693971373819,2,0.183310948946,0.156270096463,162,0.0208494208494,0.345214689805,37,37,37,1,0,0.405405405405,0.540540540541,0.0540540540541,37,318,0.238738738739,1.73064285862,17.1891891892,14.4545454545,9.08571428571,4.88670439866,0.28428940684,0.135815060343,8.83006058699,1.02739698654,0.544110147884,7.9981229029,0.930599205684,0.490566037736,0.653521582318,0.377617819334,2,1.73064285862,0.653521582318,2,0.295587571479,0.290915645278,538,0.0692406692407,0.547606180604,37,37,37,1,0,0.405405405405,0.540540540541,0.0540540540541,-24,-0.018018018018,0.00535404050349,-1.2972972973,-1.09090909091,-0.685714285714,-0.481005756734,-0.00606918343686,-0.00682758229928,-0.678430955382,-0.00129946687787,-0.000381712397601,-0.0551904435295,0.059334311479,0.0287357864319,0.0129220119916,0.00631791661641,0,0.00535404050349,0.0129220119916,0,-0.0484838227681,-0.0856533923793,-272,-0.0350064350064,-0.0219706477462,0,0,0,316,2,26,988,0.923976608187,0.99797979798,0.0020202020202,0.0760233918129,0.993710691824,0.923976608187,0.957575757576,0.944731724011,0.921956406167,0.918604651163,79,103,0,0,0,0
2845,WLNM_dir_neg,0.993095484966,0.971304962231,00:00:05,10,70,17,1239447252,threshold_sweep,0.1,1,0.912621359223,0.954314720812,94,0,9,206,0.912621359223,1,0,0.0873786407767,1,0.912621359223,0.954314720812,0.970873786408,0.56526429342,0.93300248139,0.935103526168,0.912621359223,342,239,103,0,342,0,239,0,103,37,342,0.256756756757,1.72528881811,18.4864864865,15.5454545455,9.77142857143,5.36771015539,0.290358590277,0.142642642643,9.50849154237,1.02869645341,0.544491860281,8.05331334643,0.871264894205,0.461830251304,0.640599570326,0.371299902718,2,1.72528881811,0.640599570326,2,0.344071394247,0.376569037657,810,0.104247104247,0.56957682835,37,37,37,1,0,0.405405405405,0.540540540541,0.0540540540541,37,0.179429429429,1.78279695767,12.9189189189,10.8636363636,6.82857142857,3.98872284195,0.308750512871,0.1589958159,6.60637148094,1.02274370207,0.544385389574,5.64503023609,0.873916814792,0.471559425534,0.70964760451,0.398052959119,2.07665955688,1.78279695767,0.70964760451,2.07665955688,0.20856974518,0.167791706847,174,0.0223938223938,0.323683608886,37,37,37,1,0,0.405405405405,0.540540540541,0.0540540540541,37,333,0.25,1.73629617328,18,15.1363636364,9.51428571429,5.21216525704,0.289564736502,0.142115088061,9.15302014516,1.01700223835,0.538754971187,8.13770374382,0.904189304869,0.477558639721,0.659029066987,0.37956028305,2,1.73629617328,0.659029066987,2,0.325674382735,0.345832651056,704,0.0906048906049,0.569214866275,37,37,37,1,0,0.405405405405,0.540540540541,0.0540540540541,-9,-0.00675675675676,0.0110073551615,-0.486486486486,-0.409090909091,-0.257142857143,-0.155544898356,-0.000793853775051,-0.000527554581609,-0.355471397211,-0.0116942150633,-0.00573688909393,0.0843903973882,0.0329244106643,0.0157283884169,0.0184294966608,0.00826038033192,0,0.0110073551615,0.0184294966608,0,-0.0183970115129,-0.0307363866007,-106,-0.0136422136422,-0.00036196207487,0,0,0,333,0,9,990,0.973684210526,1,0,0.0263157894737,1,0.973684210526,0.986666666667,0.982299486258,0.973684210526,0.973684210526,94,103,0,0,0,0
2846,WLNM_dir_neg,0.993095484966,0.971304962231,00:00:05,10,70,17,1239447252,threshold_sweep,0.2,1,0.893203883495,0.94358974359,92,0,11,206,0.893203883495,1,0,0.106796116505,1,0.893203883495,0.94358974359,0.964401294498,0.567421790723,0.917705735661,0.920829119479,0.893203883495,342,239,103,0,342,0,239,0,103,37,342,0.256756756757,1.72528881811,18.4864864865,15.5454545455,9.77142857143,5.36771015539,0.290358590277,0.142642642643,9.50849154237,1.02869645341,0.544491860281,8.05331334643,0.871264894205,0.461830251304,0.640599570326,0.371299902718,2,1.72528881811,0.640599570326,2,0.344071394247,0.376569037657,810,0.104247104247,0.56957682835,37,37,37,1,0,0.405405405405,0.540540540541,0.0540540540541,37,0.179429429429,1.78279695767,12.9189189189,10.8636363636,6.82857142857,3.98872284195,0.308750512871,0.1589958159,6.60637148094,1.02274370207,0.544385389574,5.64503023609,0.873916814792,0.471559425534,0.70964760451,0.398052959119,2.07665955688,1.78279695767,0.70964760451,2.07665955688,0.20856974518,0.167791706847,174,0.0223938223938,0.323683608886,37,37,37,1,0,0.405405405405,0.540540540541,0.0540540540541,37,331,0.248498498498,1.73566621338,17.8918918919,15.0454545455,9.45714285714,5.17356412599,0.289156907344,0.142075610354,9.09501067725,1.01666282495,0.538580876949,8.11701212799,0.907339724276,0.479464358618,0.658246429786,0.379247129841,2,1.73566621338,0.658246429786,2,0.320774975741,0.338805970149,681,0.0876447876448,0.565477339165,37,37,37,1,0,0.405405405405,0.540540540541,0.0540540540541,-11,-0.00825825825826,0.0103773952657,-0.594594594595,-0.5,-0.314285714286,-0.1941460294,-0.00120168293308,-0.000567032289086,-0.413480865129,-0.0120336284659,-0.00591098333188,0.0636987815526,0.0360748300716,0.0176341073145,0.01764685946,0.00794722712295,0,0.0103773952657,0.01764685946,0,-0.0232964185061,-0.0377630675077,-129,-0.0166023166023,-0.00409948918497,0,0,0,331,0,11,990,0.96783625731,1,0,0.0321637426901,1,0.96783625731,0.983655274889,0.978366339386,0.96783625731,0.96783625731,92,103,0,0,0,0
2847,WLNM_dir_neg,0.993095484966,0.971304962231,00:00:05,10,70,17,1239447252,threshold_sweep,0.3,1,0.883495145631,0.938144329897,91,0,12,206,0.883495145631,1,0,0.116504854369,1,0.883495145631,0.938144329897,0.961165048544,0.568500539374,0.91,0.91370804162,0.883495145631,342,239,103,0,342,0,239,0,103,37,342,0.256756756757,1.72528881811,18.4864864865,15.5454545455,9.77142857143,5.36771015539,0.290358590277,0.142642642643,9.50849154237,1.02869645341,0.544491860281,8.05331334643,0.871264894205,0.461830251304,0.640599570326,0.371299902718,2,1.72528881811,0.640599570326,2,0.344071394247,0.376569037657,810,0.104247104247,0.56957682835,37,37,37,1,0,0.405405405405,0.540540540541,0.0540540540541,37,0.179429429429,1.78279695767,12.9189189189,10.8636363636,6.82857142857,3.98872284195,0.308750512871,0.1589958159,6.60637148094,1.02274370207,0.544385389574,5.64503023609,0.873916814792,0.471559425534,0.70964760451,0.398052959119,2.07665955688,1.78279695767,0.70964760451,2.07665955688,0.20856974518,0.167791706847,174,0.0223938223938,0.323683608886,37,37,37,1,0,0.405405405405,0.540540540541,0.0540540540541,37,330,0.247747747748,1.7349879074,17.8378378378,15,9.42857142857,5.16673931945,0.289650537606,0.142342342342,9.05040937803,1.01474286966,0.537428337428,8.11164587484,0.909487567785,0.480262080262,0.657478106359,0.378952558432,2,1.7349879074,0.657478106359,2,0.319197984164,0.337337337337,674,0.0867438867439,0.564851228158,37,37,37,1,0,0.405405405405,0.540540540541,0.0540540540541,-12,-0.00900900900901,0.00969908928601,-0.648648648649,-0.545454545455,-0.342857142857,-0.200970835939,-0.000708052671351,-0.0003003003003,-0.458082164346,-0.013953583757,-0.007063522853,0.0583325284051,0.0382226735801,0.0184318289581,0.0168785360325,0.00765265571448,0,0.00969908928601,0.0168785360325,0,-0.0248734100831,-0.0392317003196,-136,-0.0175032175032,-0.00472560019152,0,0,0,330,0,12,990,0.964912280702,1,0,0.0350877192982,1,0.964912280702,0.982142857143,0.976399736279,0.964912280702,0.964912280702,91,103,0,0,0,0
2848,WLNM_dir_neg,0.993095484966,0.971304962231,00:00:05,10,70,17,1239447252,threshold_sweep,0.4,1,0.883495145631,0.938144329897,91,0,12,206,0.883495145631,1,0,0.116504854369,1,0.883495145631,0.938144329897,0.961165048544,0.568500539374,0.91,0.91370804162,0.883495145631,342,239,103,0,342,0,239,0,103,37,342,0.256756756757,1.72528881811,18.4864864865,15.5454545455,9.77142857143,5.36771015539,0.290358590277,0.142642642643,9.50849154237,1.02869645341,0.544491860281,8.05331334643,0.871264894205,0.461830251304,0.640599570326,0.371299902718,2,1.72528881811,0.640599570326,2,0.344071394247,0.376569037657,810,0.104247104247,0.56957682835,37,37,37,1,0,0.405405405405,0.540540540541,0.0540540540541,37,0.179429429429,1.78279695767,12.9189189189,10.8636363636,6.82857142857,3.98872284195,0.308750512871,0.1589958159,6.60637148094,1.02274370207,0.544385389574,5.64503023609,0.873916814792,0.471559425534,0.70964760451,0.398052959119,2.07665955688,1.78279695767,0.70964760451,2.07665955688,0.20856974518,0.167791706847,174,0.0223938223938,0.323683608886,37,37,37,1,0,0.405405405405,0.540540540541,0.0540540540541,37,330,0.247747747748,1.7349879074,17.8378378378,15,9.42857142857,5.16673931945,0.289650537606,0.142342342342,9.05040937803,1.01474286966,0.537428337428,8.11164587484,0.909487567785,0.480262080262,0.657478106359,0.378952558432,2,1.7349879074,0.657478106359,2,0.319197984164,0.337337337337,674,0.0867438867439,0.564851228158,37,37,37,1,0,0.405405405405,0.540540540541,0.0540540540541,-12,-0.00900900900901,0.00969908928601,-0.648648648649,-0.545454545455,-0.342857142857,-0.200970835939,-0.000708052671351,-0.0003003003003,-0.458082164346,-0.013953583757,-0.007063522853,0.0583325284051,0.0382226735801,0.0184318289581,0.0168785360325,0.00765265571448,0,0.00969908928601,0.0168785360325,0,-0.0248734100831,-0.0392317003196,-136,-0.0175032175032,-0.00472560019152,0,0,0,330,0,12,990,0.964912280702,1,0,0.0350877192982,1,0.964912280702,0.982142857143,0.976399736279,0.964912280702,0.964912280702,91,103,0,0,0,0
2849,WLNM_dir_neg,0.993095484966,0.971304962231,00:00:05,10,70,17,1239447252,threshold_sweep,0.5,1,0.883495145631,0.938144329897,91,0,12,206,0.883495145631,1,0,0.116504854369,1,0.883495145631,0.938144329897,0.961165048544,0.568500539374,0.91,0.91370804162,0.883495145631,342,239,103,0,342,0,239,0,103,37,342,0.256756756757,1.72528881811,18.4864864865,15.5454545455,9.77142857143,5.36771015539,0.290358590277,0.142642642643,9.50849154237,1.02869645341,0.544491860281,8.05331334643,0.871264894205,0.461830251304,0.640599570326,0.371299902718,2,1.72528881811,0.640599570326,2,0.344071394247,0.376569037657,810,0.104247104247,0.56957682835,37,37,37,1,0,0.405405405405,0.540540540541,0.0540540540541,37,0.179429429429,1.78279695767,12.9189189189,10.8636363636,6.82857142857,3.98872284195,0.308750512871,0.1589958159,6.60637148094,1.02274370207,0.544385389574,5.64503023609,0.873916814792,0.471559425534,0.70964760451,0.398052959119,2.07665955688,1.78279695767,0.70964760451,2.07665955688,0.20856974518,0.167791706847,174,0.0223938223938,0.323683608886,37,37,37,1,0,0.405405405405,0.540540540541,0.0540540540541,37,330,0.247747747748,1.7349879074,17.8378378378,15,9.42857142857,5.16673931945,0.289650537606,0.142342342342,9.05040937803,1.01474286966,0.537428337428,8.11164587484,0.909487567785,0.480262080262,0.657478106359,0.378952558432,2,1.7349879074,0.657478106359,2,0.319197984164,0.337337337337,674,0.0867438867439,0.564851228158,37,37,37,1,0,0.405405405405,0.540540540541,0.0540540540541,-12,-0.00900900900901,0.00969908928601,-0.648648648649,-0.545454545455,-0.342857142857,-0.200970835939,-0.000708052671351,-0.0003003003003,-0.458082164346,-0.013953583757,-0.007063522853,0.0583325284051,0.0382226735801,0.0184318289581,0.0168785360325,0.00765265571448,0,0.00969908928601,0.0168785360325,0,-0.0248734100831,-0.0392317003196,-136,-0.0175032175032,-0.00472560019152,0,0,0,330,0,12,990,0.964912280702,1,0,0.0350877192982,1,0.964912280702,0.982142857143,0.976399736279,0.964912280702,0.964912280702,91,103,0,0,0,0
2850,WLNM_dir_neg,0.993095484966,0.971304962231,00:00:05,10,70,17,1239447252,threshold_sweep,0.6,1,0.883495145631,0.938144329897,91,0,12,206,0.883495145631,1,0,0.116504854369,1,0.883495145631,0.938144329897,0.961165048544,0.568500539374,0.91,0.91370804162,0.883495145631,342,239,103,0,342,0,239,0,103,37,342,0.256756756757,1.72528881811,18.4864864865,15.5454545455,9.77142857143,5.36771015539,0.290358590277,0.142642642643,9.50849154237,1.02869645341,0.544491860281,8.05331334643,0.871264894205,0.461830251304,0.640599570326,0.371299902718,2,1.72528881811,0.640599570326,2,0.344071394247,0.376569037657,810,0.104247104247,0.56957682835,37,37,37,1,0,0.405405405405,0.540540540541,0.0540540540541,37,0.179429429429,1.78279695767,12.9189189189,10.8636363636,6.82857142857,3.98872284195,0.308750512871,0.1589958159,6.60637148094,1.02274370207,0.544385389574,5.64503023609,0.873916814792,0.471559425534,0.70964760451,0.398052959119,2.07665955688,1.78279695767,0.70964760451,2.07665955688,0.20856974518,0.167791706847,174,0.0223938223938,0.323683608886,37,37,37,1,0,0.405405405405,0.540540540541,0.0540540540541,37,330,0.247747747748,1.7349879074,17.8378378378,15,9.42857142857,5.16673931945,0.289650537606,0.142342342342,9.05040937803,1.01474286966,0.537428337428,8.11164587484,0.909487567785,0.480262080262,0.657478106359,0.378952558432,2,1.7349879074,0.657478106359,2,0.319197984164,0.337337337337,674,0.0867438867439,0.564851228158,37,37,37,1,0,0.405405405405,0.540540540541,0.0540540540541,-12,-0.00900900900901,0.00969908928601,-0.648648648649,-0.545454545455,-0.342857142857,-0.200970835939,-0.000708052671351,-0.0003003003003,-0.458082164346,-0.013953583757,-0.007063522853,0.0583325284051,0.0382226735801,0.0184318289581,0.0168785360325,0.00765265571448,0,0.00969908928601,0.0168785360325,0,-0.0248734100831,-0.0392317003196,-136,-0.0175032175032,-0.00472560019152,0,0,0,330,0,12,990,0.964912280702,1,0,0.0350877192982,1,0.964912280702,0.982142857143,0.976399736279,0.964912280702,0.964912280702,91,103,0,0,0,0
2851,WLNM_dir_neg,0.993095484966,0.971304962231,00:00:05,10,70,17,1239447252,threshold_sweep,0.7,1,0.873786407767,0.932642487047,90,0,13,206,0.873786407767,1,0,0.126213592233,1,0.873786407767,0.932642487047,0.957928802589,0.569579288026,0.902255639098,0.906596827823,0.873786407767,342,239,103,0,342,0,239,0,103,37,342,0.256756756757,1.72528881811,18.4864864865,15.5454545455,9.77142857143,5.36771015539,0.290358590277,0.142642642643,9.50849154237,1.02869645341,0.544491860281,8.05331334643,0.871264894205,0.461830251304,0.640599570326,0.371299902718,2,1.72528881811,0.640599570326,2,0.344071394247,0.376569037657,810,0.104247104247,0.56957682835,37,37,37,1,0,0.405405405405,0.540540540541,0.0540540540541,37,0.179429429429,1.78279695767,12.9189189189,10.8636363636,6.82857142857,3.98872284195,0.308750512871,0.1589958159,6.60637148094,1.02274370207,0.544385389574,5.64503023609,0.873916814792,0.471559425534,0.70964760451,0.398052959119,2.07665955688,1.78279695767,0.70964760451,2.07665955688,0.20856974518,0.167791706847,174,0.0223938223938,0.323683608886,37,37,37,1,0,0.405405405405,0.540540540541,0.0540540540541,37,329,0.246996996997,1.73515038971,17.7837837838,14.9545454545,9.4,5.17545024952,0.291020758712,0.143925080095,9.0362965121,1.01624003328,0.539061858211,8.07872302816,0.908549398304,0.480571757168,0.657572328507,0.378971374705,2,1.73515038971,0.657572328507,2,0.319739732241,0.337695017614,671,0.0863577863578,0.560432707709,37,37,37,1,0,0.405405405405,0.540540540541,0.0540540540541,-13,-0.00975975975976,0.00986157159135,-0.702702702703,-0.590909090909,-0.371428571429,-0.192259905871,0.000662168434644,0.00128243745265,-0.472195030271,-0.0124564201387,-0.00543000207054,0.0254096817284,0.0372845040991,0.0187415058636,0.016972758181,0.00767147198738,0,0.00986157159135,0.016972758181,0,-0.024331662006,-0.0388740200424,-139,-0.0178893178893,-0.00914412064082,0,0,0,329,0,13,990,0.961988304094,1,0,0.0380116959064,1,0.961988304094,0.980625931446,0.974433097482,0.961988304094,0.961988304094,90,103,0,0,0,0
2852,WLNM_dir_neg,0.993095484966,0.971304962231,00:00:05,10,70,17,1239447252,threshold_sweep,0.8,1,0.873786407767,0.932642487047,90,0,13,206,0.873786407767,1,0,0.126213592233,1,0.873786407767,0.932642487047,0.957928802589,0.569579288026,0.902255639098,0.906596827823,0.873786407767,342,239,103,0,342,0,239,0,103,37,342,0.256756756757,1.72528881811,18.4864864865,15.5454545455,9.77142857143,5.36771015539,0.290358590277,0.142642642643,9.50849154237,1.02869645341,0.544491860281,8.05331334643,0.871264894205,0.461830251304,0.640599570326,0.371299902718,2,1.72528881811,0.640599570326,2,0.344071394247,0.376569037657,810,0.104247104247,0.56957682835,37,37,37,1,0,0.405405405405,0.540540540541,0.0540540540541,37,0.179429429429,1.78279695767,12.9189189189,10.8636363636,6.82857142857,3.98872284195,0.308750512871,0.1589958159,6.60637148094,1.02274370207,0.544385389574,5.64503023609,0.873916814792,0.471559425534,0.70964760451,0.398052959119,2.07665955688,1.78279695767,0.70964760451,2.07665955688,0.20856974518,0.167791706847,174,0.0223938223938,0.323683608886,37,37,37,1,0,0.405405405405,0.540540540541,0.0540540540541,37,329,0.246996996997,1.73515038971,17.7837837838,14.9545454545,9.4,5.17545024952,0.291020758712,0.143925080095,9.0362965121,1.01624003328,0.539061858211,8.07872302816,0.908549398304,0.480571757168,0.657572328507,0.378971374705,2,1.73515038971,0.657572328507,2,0.319739732241,0.337695017614,671,0.0863577863578,0.560432707709,37,37,37,1,0,0.405405405405,0.540540540541,0.0540540540541,-13,-0.00975975975976,0.00986157159135,-0.702702702703,-0.590909090909,-0.371428571429,-0.192259905871,0.000662168434644,0.00128243745265,-0.472195030271,-0.0124564201387,-0.00543000207054,0.0254096817284,0.0372845040991,0.0187415058636,0.016972758181,0.00767147198738,0,0.00986157159135,0.016972758181,0,-0.024331662006,-0.0388740200424,-139,-0.0178893178893,-0.00914412064082,0,0,0,329,0,13,990,0.961988304094,1,0,0.0380116959064,1,0.961988304094,0.980625931446,0.974433097482,0.961988304094,0.961988304094,90,103,0,0,0,0
2853,WLNM_dir_neg,0.993095484966,0.971304962231,00:00:05,10,70,17,1239447252,threshold_sweep,0.9,1,0.864077669903,0.927083333333,89,0,14,206,0.864077669903,1,0,0.135922330097,1,0.864077669903,0.927083333333,0.954692556634,0.570658036677,0.894472361809,0.899494807706,0.864077669903,342,239,103,0,342,0,239,0,103,37,342,0.256756756757,1.72528881811,18.4864864865,15.5454545455,9.77142857143,5.36771015539,0.290358590277,0.142642642643,9.50849154237,1.02869645341,0.544491860281,8.05331334643,0.871264894205,0.461830251304,0.640599570326,0.371299902718,2,1.72528881811,0.640599570326,2,0.344071394247,0.376569037657,810,0.104247104247,0.56957682835,37,37,37,1,0,0.405405405405,0.540540540541,0.0540540540541,37,0.179429429429,1.78279695767,12.9189189189,10.8636363636,6.82857142857,3.98872284195,0.308750512871,0.1589958159,6.60637148094,1.02274370207,0.544385389574,5.64503023609,0.873916814792,0.471559425534,0.70964760451,0.398052959119,2.07665955688,1.78279695767,0.70964760451,2.07665955688,0.20856974518,0.167791706847,174,0.0223938223938,0.323683608886,37,37,37,1,0,0.405405405405,0.540540540541,0.0540540540541,37,328,0.246246246246,1.73400901312,17.7297297297,14.9090909091,9.37142857143,5.13511142716,0.289632809154,0.142303889255,9.00667086776,1.01599640886,0.538562953197,8.0903308618,0.91262878624,0.481872116018,0.656457737641,0.378578042372,2,1.73400901312,0.656457737641,2,0.31557516238,0.331418918919,654,0.0841698841699,0.561278063446,37,37,37,1,0,0.405405405405,0.540540540541,0.0540540540541,-14,-0.0105105105105,0.00872019500182,-0.756756756757,-0.636363636364,-0.4,-0.232598728231,-0.000725781123171,-0.000338753387534,-0.501820674617,-0.0127000445519,-0.00592890708423,0.0370175153695,0.0413638920352,0.0200418647145,0.0158581673153,0.0072781396544,0,0.00872019500182,0.0158581673153,0,-0.0284962318672,-0.045150118738,-156,-0.0200772200772,-0.00829876490424,0,0,0,328,0,14,990,0.959064327485,1,0,0.0409356725146,1,0.959064327485,0.979104477612,0.972466411003,0.959064327485,0.959064327485,89,103,0,0,0,0
2854,WLNM_dir_neg,0.87696766896,0.822360243726,00:00:05,10,70,18,1239447253,threshold_sweep,0.1,0.987951807229,0.796116504854,0.881720430108,82,1,21,205,0.796116504854,0.995145631068,0.00485436893204,0.203883495146,0.987951807229,0.796116504854,0.881720430108,0.928802588997,0.577130528587,0.831632653061,0.841548869296,0.791262135922,342,239,103,0,342,0,239,0,103,37,342,0.256756756757,1.72528881811,18.4864864865,15.5454545455,9.77142857143,5.36771015539,0.290358590277,0.142642642643,9.50849154237,1.02869645341,0.544491860281,8.05331334643,0.871264894205,0.461830251304,0.640599570326,0.371299902718,2,1.72528881811,0.640599570326,2,0.344071394247,0.376569037657,810,0.104247104247,0.56957682835,37,37,37,1,0,0.405405405405,0.540540540541,0.0540540540541,37,0.179429429429,1.7879998138,12.9189189189,10.8636363636,6.82857142857,4.30360558381,0.333124281592,0.175392966188,6.82558338815,1.05668027348,0.563157299559,5.6104792556,0.86856791823,0.46590523578,0.710955795925,0.397626325482,2,1.7879998138,0.710955795925,2,0.228744263564,0.19474350855,205,0.0263835263835,0.3214065297,37,37,37,1,0,0.405405405405,0.540540540541,0.0540540540541,37,322,0.241741741742,1.74988754926,17.4054054054,14.6363636364,8.94444444444,5.10696397883,0.293412526734,0.139835487662,8.88151909199,1.02054722486,0.539533322142,7.92627439759,0.910783082952,0.478260869565,0.683484940306,0.390587921261,2.33982376851,1.74988754926,0.683484940306,2.33982376851,0.308912988045,0.312510997712,592,0.0761904761905,0.546306853551,37,37,37,1,0,0.405405405405,0.567567567568,0.027027027027,-20,-0.015015015015,0.0245987311441,-1.08108108108,-0.909090909091,-0.826984126984,-0.260746176562,0.00305393645698,-0.00280715498107,-0.626972450385,-0.00814922855882,-0.00495853813932,-0.127038948848,0.0395181887475,0.0164306182613,0.04288536998,0.0192880185435,0.33982376851,0.0245987311441,0.04288536998,0.33982376851,-0.035158406202,-0.0640580399444,-218,-0.0280566280566,-0.0232699747989,0,0.027027027027,-0.027027027027,321,1,21,989,0.938596491228,0.99898989899,0.0010101010101,0.0614035087719,0.996894409938,0.938596491228,0.96686746988,0.95665054265,0.937586390218,0.935860058309,83,103,0,0,0,0
2855,WLNM_dir_neg,0.87696766896,0.822360243726,00:00:05,10,70,18,1239447253,threshold_sweep,0.2,1,0.776699029126,0.874316939891,80,0,23,206,0.776699029126,1,0,0.223300970874,1,0.776699029126,0.874316939891,0.925566343042,0.580366774542,0.822622107969,0.835876759057,0.776699029126,342,239,103,0,342,0,239,0,103,37,342,0.256756756757,1.72528881811,18.4864864865,15.5454545455,9.77142857143,5.36771015539,0.290358590277,0.142642642643,9.50849154237,1.02869645341,0.544491860281,8.05331334643,0.871264894205,0.461830251304,0.640599570326,0.371299902718,2,1.72528881811,0.640599570326,2,0.344071394247,0.376569037657,810,0.104247104247,0.56957682835,37,37,37,1,0,0.405405405405,0.540540540541,0.0540540540541,37,0.179429429429,1.7879998138,12.9189189189,10.8636363636,6.82857142857,4.30360558381,0.333124281592,0.175392966188,6.82558338815,1.05668027348,0.563157299559,5.6104792556,0.86856791823,0.46590523578,0.710955795925,0.397626325482,2,1.7879998138,0.710955795925,2,0.228744263564,0.19474350855,205,0.0263835263835,0.3214065297,37,37,37,1,0,0.405405405405,0.540540540541,0.0540540540541,37,319,0.239489489489,1.73517477427,17.2432432432,14.5,9.11428571429,5.11753741454,0.296785085169,0.141489451834,8.89553992912,1.03177108896,0.544776751673,7.98384254239,0.926025624039,0.485469795815,0.657778558381,0.379084901495,2,1.73517477427,0.657778558381,2,0.302742130561,0.304804270463,571,0.0734877734878,0.549432543637,37,37,37,1,0,0.405405405405,0.540540540541,0.0540540540541,-23,-0.0172672672673,0.00988595615671,-1.24324324324,-1.04545454545,-0.657142857143,-0.250172740856,0.00642649489197,-0.00115319080836,-0.612951613251,0.00307463554309,0.00028489139197,-0.0694708040401,0.0547607298346,0.0236395445107,0.0171789880548,0.00778499877696,0,0.00988595615671,0.0171789880548,0,-0.0413292636866,-0.0717647671943,-239,-0.0307593307593,-0.0201442847133,0,0,0,319,0,23,990,0.932748538012,1,0,0.0672514619883,1,0.932748538012,0.965204236006,0.954762082607,0.932748538012,0.932748538012,80,103,0,0,0,0
2856,WLNM_dir_neg,0.87696766896,0.822360243726,00:00:05,10,70,18,1239447253,threshold_sweep,0.3,1,0.776699029126,0.874316939891,80,0,23,206,0.776699029126,1,0,0.223300970874,1,0.776699029126,0.874316939891,0.925566343042,0.580366774542,0.822622107969,0.835876759057,0.776699029126,342,239,103,0,342,0,239,0,103,37,342,0.256756756757,1.72528881811,18.4864864865,15.5454545455,9.77142857143,5.36771015539,0.290358590277,0.142642642643,9.50849154237,1.02869645341,0.544491860281,8.05331334643,0.871264894205,0.461830251304,0.640599570326,0.371299902718,2,1.72528881811,0.640599570326,2,0.344071394247,0.376569037657,810,0.104247104247,0.56957682835,37,37,37,1,0,0.405405405405,0.540540540541,0.0540540540541,37,0.179429429429,1.7879998138,12.9189189189,10.8636363636,6.82857142857,4.30360558381,0.333124281592,0.175392966188,6.82558338815,1.05668027348,0.563157299559,5.6104792556,0.86856791823,0.46590523578,0.710955795925,0.397626325482,2,1.7879998138,0.710955795925,2,0.228744263564,0.19474350855,205,0.0263835263835,0.3214065297,37,37,37,1,0,0.405405405405,0.540540540541,0.0540540540541,37,319,0.239489489489,1.73517477427,17.2432432432,14.5,9.11428571429,5.11753741454,0.296785085169,0.141489451834,8.89553992912,1.03177108896,0.544776751673,7.98384254239,0.926025624039,0.485469795815,0.657778558381,0.379084901495,2,1.73517477427,0.657778558381,2,0.302742130561,0.304804270463,571,0.0734877734878,0.549432543637,37,37,37,1,0,0.405405405405,0.540540540541,0.0540540540541,-23,-0.0172672672673,0.00988595615671,-1.24324324324,-1.04545454545,-0.657142857143,-0.250172740856,0.00642649489197,-0.00115319080836,-0.612951613251,0.00307463554309,0.00028489139197,-0.0694708040401,0.0547607298346,0.0236395445107,0.0171789880548,0.00778499877696,0,0.00988595615671,0.0171789880548,0,-0.0413292636866,-0.0717647671943,-239,-0.0307593307593,-0.0201442847133,0,0,0,319,0,23,990,0.932748538012,1,0,0.0672514619883,1,0.932748538012,0.965204236006,0.954762082607,0.932748538012,0.932748538012,80,103,0,0,0,0
2857,WLNM_dir_neg,0.87696766896,0.822360243726,00:00:05,10,70,18,1239447253,threshold_sweep,0.4,1,0.776699029126,0.874316939891,80,0,23,206,0.776699029126,1,0,0.223300970874,1,0.776699029126,0.874316939891,0.925566343042,0.580366774542,0.822622107969,0.835876759057,0.776699029126,342,239,103,0,342,0,239,0,103,37,342,0.256756756757,1.72528881811,18.4864864865,15.5454545455,9.77142857143,5.36771015539,0.290358590277,0.142642642643,9.50849154237,1.02869645341,0.544491860281,8.05331334643,0.871264894205,0.461830251304,0.640599570326,0.371299902718,2,1.72528881811,0.640599570326,2,0.344071394247,0.376569037657,810,0.104247104247,0.56957682835,37,37,37,1,0,0.405405405405,0.540540540541,0.0540540540541,37,0.179429429429,1.7879998138,12.9189189189,10.8636363636,6.82857142857,4.30360558381,0.333124281592,0.175392966188,6.82558338815,1.05668027348,0.563157299559,5.6104792556,0.86856791823,0.46590523578,0.710955795925,0.397626325482,2,1.7879998138,0.710955795925,2,0.228744263564,0.19474350855,205,0.0263835263835,0.3214065297,37,37,37,1,0,0.405405405405,0.540540540541,0.0540540540541,37,319,0.239489489489,1.73517477427,17.2432432432,14.5,9.11428571429,5.11753741454,0.296785085169,0.141489451834,8.89553992912,1.03177108896,0.544776751673,7.98384254239,0.926025624039,0.485469795815,0.657778558381,0.379084901495,2,1.73517477427,0.657778558381,2,0.302742130561,0.304804270463,571,0.0734877734878,0.549432543637,37,37,37,1,0,0.405405405405,0.540540540541,0.0540540540541,-23,-0.0172672672673,0.00988595615671,-1.24324324324,-1.04545454545,-0.657142857143,-0.250172740856,0.00642649489197,-0.00115319080836,-0.612951613251,0.00307463554309,0.00028489139197,-0.0694708040401,0.0547607298346,0.0236395445107,0.0171789880548,0.00778499877696,0,0.00988595615671,0.0171789880548,0,-0.0413292636866,-0.0717647671943,-239,-0.0307593307593,-0.0201442847133,0,0,0,319,0,23,990,0.932748538012,1,0,0.0672514619883,1,0.932748538012,0.965204236006,0.954762082607,0.932748538012,0.932748538012,80,103,0,0,0,0
2858,WLNM_dir_neg,0.87696766896,0.822360243726,00:00:05,10,70,18,1239447253,threshold_sweep,0.5,1,0.776699029126,0.874316939891,80,0,23,206,0.776699029126,1,0,0.223300970874,1,0.776699029126,0.874316939891,0.925566343042,0.580366774542,0.822622107969,0.835876759057,0.776699029126,342,239,103,0,342,0,239,0,103,37,342,0.256756756757,1.72528881811,18.4864864865,15.5454545455,9.77142857143,5.36771015539,0.290358590277,0.142642642643,9.50849154237,1.02869645341,0.544491860281,8.05331334643,0.871264894205,0.461830251304,0.640599570326,0.371299902718,2,1.72528881811,0.640599570326,2,0.344071394247,0.376569037657,810,0.104247104247,0.56957682835,37,37,37,1,0,0.405405405405,0.540540540541,0.0540540540541,37,0.179429429429,1.7879998138,12.9189189189,10.8636363636,6.82857142857,4.30360558381,0.333124281592,0.175392966188,6.82558338815,1.05668027348,0.563157299559,5.6104792556,0.86856791823,0.46590523578,0.710955795925,0.397626325482,2,1.7879998138,0.710955795925,2,0.228744263564,0.19474350855,205,0.0263835263835,0.3214065297,37,37,37,1,0,0.405405405405,0.540540540541,0.0540540540541,37,319,0.239489489489,1.73517477427,17.2432432432,14.5,9.11428571429,5.11753741454,0.296785085169,0.141489451834,8.89553992912,1.03177108896,0.544776751673,7.98384254239,0.926025624039,0.485469795815,0.657778558381,0.379084901495,2,1.73517477427,0.657778558381,2,0.302742130561,0.304804270463,571,0.0734877734878,0.549432543637,37,37,37,1,0,0.405405405405,0.540540540541,0.0540540540541,-23,-0.0172672672673,0.00988595615671,-1.24324324324,-1.04545454545,-0.657142857143,-0.250172740856,0.00642649489197,-0.00115319080836,-0.612951613251,0.00307463554309,0.00028489139197,-0.0694708040401,0.0547607298346,0.0236395445107,0.0171789880548,0.00778499877696,0,0.00988595615671,0.0171789880548,0,-0.0413292636866,-0.0717647671943,-239,-0.0307593307593,-0.0201442847133,0,0,0,319,0,23,990,0.932748538012,1,0,0.0672514619883,1,0.932748538012,0.965204236006,0.954762082607,0.932748538012,0.932748538012,80,103,0,0,0,0
2859,WLNM_dir_neg,0.87696766896,0.822360243726,00:00:05,10,70,18,1239447253,threshold_sweep,0.6,1,0.776699029126,0.874316939891,80,0,23,206,0.776699029126,1,0,0.223300970874,1,0.776699029126,0.874316939891,0.925566343042,0.580366774542,0.822622107969,0.835876759057,0.776699029126,342,239,103,0,342,0,239,0,103,37,342,0.256756756757,1.72528881811,18.4864864865,15.5454545455,9.77142857143,5.36771015539,0.290358590277,0.142642642643,9.50849154237,1.02869645341,0.544491860281,8.05331334643,0.871264894205,0.461830251304,0.640599570326,0.371299902718,2,1.72528881811,0.640599570326,2,0.344071394247,0.376569037657,810,0.104247104247,0.56957682835,37,37,37,1,0,0.405405405405,0.540540540541,0.0540540540541,37,0.179429429429,1.7879998138,12.9189189189,10.8636363636,6.82857142857,4.30360558381,0.333124281592,0.175392966188,6.82558338815,1.05668027348,0.563157299559,5.6104792556,0.86856791823,0.46590523578,0.710955795925,0.397626325482,2,1.7879998138,0.710955795925,2,0.228744263564,0.19474350855,205,0.0263835263835,0.3214065297,37,37,37,1,0,0.405405405405,0.540540540541,0.0540540540541,37,319,0.239489489489,1.73517477427,17.2432432432,14.5,9.11428571429,5.11753741454,0.296785085169,0.141489451834,8.89553992912,1.03177108896,0.544776751673,7.98384254239,0.926025624039,0.485469795815,0.657778558381,0.379084901495,2,1.73517477427,0.657778558381,2,0.302742130561,0.304804270463,571,0.0734877734878,0.549432543637,37,37,37,1,0,0.405405405405,0.540540540541,0.0540540540541,-23,-0.0172672672673,0.00988595615671,-1.24324324324,-1.04545454545,-0.657142857143,-0.250172740856,0.00642649489197,-0.00115319080836,-0.612951613251,0.00307463554309,0.00028489139197,-0.0694708040401,0.0547607298346,0.0236395445107,0.0171789880548,0.00778499877696,0,0.00988595615671,0.0171789880548,0,-0.0413292636866,-0.0717647671943,-239,-0.0307593307593,-0.0201442847133,0,0,0,319,0,23,990,0.932748538012,1,0,0.0672514619883,1,0.932748538012,0.965204236006,0.954762082607,0.932748538012,0.932748538012,80,103,0,0,0,0
2860,WLNM_dir_neg,0.87696766896,0.822360243726,00:00:05,10,70,18,1239447253,threshold_sweep,0.7,1,0.776699029126,0.874316939891,80,0,23,206,0.776699029126,1,0,0.223300970874,1,0.776699029126,0.874316939891,0.925566343042,0.580366774542,0.822622107969,0.835876759057,0.776699029126,342,239,103,0,342,0,239,0,103,37,342,0.256756756757,1.72528881811,18.4864864865,15.5454545455,9.77142857143,5.36771015539,0.290358590277,0.142642642643,9.50849154237,1.02869645341,0.544491860281,8.05331334643,0.871264894205,0.461830251304,0.640599570326,0.371299902718,2,1.72528881811,0.640599570326,2,0.344071394247,0.376569037657,810,0.104247104247,0.56957682835,37,37,37,1,0,0.405405405405,0.540540540541,0.0540540540541,37,0.179429429429,1.7879998138,12.9189189189,10.8636363636,6.82857142857,4.30360558381,0.333124281592,0.175392966188,6.82558338815,1.05668027348,0.563157299559,5.6104792556,0.86856791823,0.46590523578,0.710955795925,0.397626325482,2,1.7879998138,0.710955795925,2,0.228744263564,0.19474350855,205,0.0263835263835,0.3214065297,37,37,37,1,0,0.405405405405,0.540540540541,0.0540540540541,37,319,0.239489489489,1.73517477427,17.2432432432,14.5,9.11428571429,5.11753741454,0.296785085169,0.141489451834,8.89553992912,1.03177108896,0.544776751673,7.98384254239,0.926025624039,0.485469795815,0.657778558381,0.379084901495,2,1.73517477427,0.657778558381,2,0.302742130561,0.304804270463,571,0.0734877734878,0.549432543637,37,37,37,1,0,0.405405405405,0.540540540541,0.0540540540541,-23,-0.0172672672673,0.00988595615671,-1.24324324324,-1.04545454545,-0.657142857143,-0.250172740856,0.00642649489197,-0.00115319080836,-0.612951613251,0.00307463554309,0.00028489139197,-0.0694708040401,0.0547607298346,0.0236395445107,0.0171789880548,0.00778499877696,0,0.00988595615671,0.0171789880548,0,-0.0413292636866,-0.0717647671943,-239,-0.0307593307593,-0.0201442847133,0,0,0,319,0,23,990,0.932748538012,1,0,0.0672514619883,1,0.932748538012,0.965204236006,0.954762082607,0.932748538012,0.932748538012,80,103,0,0,0,0
2861,WLNM_dir_neg,0.87696766896,0.822360243726,00:00:05,10,70,18,1239447253,threshold_sweep,0.8,1,0.776699029126,0.874316939891,80,0,23,206,0.776699029126,1,0,0.223300970874,1,0.776699029126,0.874316939891,0.925566343042,0.580366774542,0.822622107969,0.835876759057,0.776699029126,342,239,103,0,342,0,239,0,103,37,342,0.256756756757,1.72528881811,18.4864864865,15.5454545455,9.77142857143,5.36771015539,0.290358590277,0.142642642643,9.50849154237,1.02869645341,0.544491860281,8.05331334643,0.871264894205,0.461830251304,0.640599570326,0.371299902718,2,1.72528881811,0.640599570326,2,0.344071394247,0.376569037657,810,0.104247104247,0.56957682835,37,37,37,1,0,0.405405405405,0.540540540541,0.0540540540541,37,0.179429429429,1.7879998138,12.9189189189,10.8636363636,6.82857142857,4.30360558381,0.333124281592,0.175392966188,6.82558338815,1.05668027348,0.563157299559,5.6104792556,0.86856791823,0.46590523578,0.710955795925,0.397626325482,2,1.7879998138,0.710955795925,2,0.228744263564,0.19474350855,205,0.0263835263835,0.3214065297,37,37,37,1,0,0.405405405405,0.540540540541,0.0540540540541,37,319,0.239489489489,1.73517477427,17.2432432432,14.5,9.11428571429,5.11753741454,0.296785085169,0.141489451834,8.89553992912,1.03177108896,0.544776751673,7.98384254239,0.926025624039,0.485469795815,0.657778558381,0.379084901495,2,1.73517477427,0.657778558381,2,0.302742130561,0.304804270463,571,0.0734877734878,0.549432543637,37,37,37,1,0,0.405405405405,0.540540540541,0.0540540540541,-23,-0.0172672672673,0.00988595615671,-1.24324324324,-1.04545454545,-0.657142857143,-0.250172740856,0.00642649489197,-0.00115319080836,-0.612951613251,0.00307463554309,0.00028489139197,-0.0694708040401,0.0547607298346,0.0236395445107,0.0171789880548,0.00778499877696,0,0.00988595615671,0.0171789880548,0,-0.0413292636866,-0.0717647671943,-239,-0.0307593307593,-0.0201442847133,0,0,0,319,0,23,990,0.932748538012,1,0,0.0672514619883,1,0.932748538012,0.965204236006,0.954762082607,0.932748538012,0.932748538012,80,103,0,0,0,0
2862,WLNM_dir_neg,0.87696766896,0.822360243726,00:00:05,10,70,18,1239447253,threshold_sweep,0.9,1,0.776699029126,0.874316939891,80,0,23,206,0.776699029126,1,0,0.223300970874,1,0.776699029126,0.874316939891,0.925566343042,0.580366774542,0.822622107969,0.835876759057,0.776699029126,342,239,103,0,342,0,239,0,103,37,342,0.256756756757,1.72528881811,18.4864864865,15.5454545455,9.77142857143,5.36771015539,0.290358590277,0.142642642643,9.50849154237,1.02869645341,0.544491860281,8.05331334643,0.871264894205,0.461830251304,0.640599570326,0.371299902718,2,1.72528881811,0.640599570326,2,0.344071394247,0.376569037657,810,0.104247104247,0.56957682835,37,37,37,1,0,0.405405405405,0.540540540541,0.0540540540541,37,0.179429429429,1.7879998138,12.9189189189,10.8636363636,6.82857142857,4.30360558381,0.333124281592,0.175392966188,6.82558338815,1.05668027348,0.563157299559,5.6104792556,0.86856791823,0.46590523578,0.710955795925,0.397626325482,2,1.7879998138,0.710955795925,2,0.228744263564,0.19474350855,205,0.0263835263835,0.3214065297,37,37,37,1,0,0.405405405405,0.540540540541,0.0540540540541,37,319,0.239489489489,1.73517477427,17.2432432432,14.5,9.11428571429,5.11753741454,0.296785085169,0.141489451834,8.89553992912,1.03177108896,0.544776751673,7.98384254239,0.926025624039,0.485469795815,0.657778558381,0.379084901495,2,1.73517477427,0.657778558381,2,0.302742130561,0.304804270463,571,0.0734877734878,0.549432543637,37,37,37,1,0,0.405405405405,0.540540540541,0.0540540540541,-23,-0.0172672672673,0.00988595615671,-1.24324324324,-1.04545454545,-0.657142857143,-0.250172740856,0.00642649489197,-0.00115319080836,-0.612951613251,0.00307463554309,0.00028489139197,-0.0694708040401,0.0547607298346,0.0236395445107,0.0171789880548,0.00778499877696,0,0.00988595615671,0.0171789880548,0,-0.0413292636866,-0.0717647671943,-239,-0.0307593307593,-0.0201442847133,0,0,0,319,0,23,990,0.932748538012,1,0,0.0672514619883,1,0.932748538012,0.965204236006,0.954762082607,0.932748538012,0.932748538012,80,103,0,0,0,0
2863,WLNM_dir_neg,0.990927514375,0.858017500128,00:00:05,10,70,19,1239447254,threshold_sweep,0.1,0.977011494253,0.825242718447,0.894736842105,85,2,18,204,0.825242718447,0.990291262136,0.00970873786408,0.174757281553,0.977011494253,0.825242718447,0.894736842105,0.935275080906,0.572815533981,0.848484848485,0.854787515222,0.815533980583,342,239,103,0,342,0,239,0,103,37,342,0.256756756757,1.72528881811,18.4864864865,15.5454545455,9.77142857143,5.36771015539,0.290358590277,0.142642642643,9.50849154237,1.02869645341,0.544491860281,8.05331334643,0.871264894205,0.461830251304,0.640599570326,0.371299902718,2,1.72528881811,0.640599570326,2,0.344071394247,0.376569037657,810,0.104247104247,0.56957682835,37,37,37,1,0,0.405405405405,0.540540540541,0.0540540540541,37,0.179429429429,1.75422810271,12.9189189189,10.8636363636,6.82857142857,4.23201015002,0.32758237563,0.175619133778,6.80928530511,1.05415713928,0.56474047269,5.93761359936,0.919212147181,0.492366843831,0.674659243818,0.384590374978,2,1.75422810271,0.674659243818,2,0.216590052116,0.18845177665,198,0.0254826254826,0.33626571524,37,37,37,1,0,0.405405405405,0.540540540541,0.0540540540541,37,326,0.244744744745,1.72959634617,17.6216216216,14.8181818182,9.05555555556,4.75716623954,0.269961887827,0.127590780965,8.8375393692,1.00303360939,0.530757751617,8.19497758738,0.9301048182,0.487315536395,0.65184045662,0.376874325656,2,1.72959634617,0.65184045662,2,0.299243180856,0.301606495077,582,0.0749034749035,0.570985940857,37,37,37,1,0,0.405405405405,0.567567567568,0.027027027027,-16,-0.012012012012,0.00430752805415,-0.864864864865,-0.727272727273,-0.715873015873,-0.610543915852,-0.0203967024504,-0.0150518616776,-0.670952173178,-0.0256628440274,-0.0137341086647,0.141664240946,0.0588399239947,0.0254852850914,0.0112408862943,0.00557442293875,0,0.00430752805415,0.0112408862943,0,-0.0448282133916,-0.07496254258,-228,-0.0293436293436,0.00140911250693,0,0.027027027027,-0.027027027027,324,2,18,988,0.947368421053,0.99797979798,0.0020202020202,0.0526315789474,0.993865030675,0.947368421053,0.97005988024,0.960538264433,0.945348219032,0.941860465116,87,103,0,0,0,0
2864,WLNM_dir_neg,0.990927514375,0.858017500128,00:00:05,10,70,19,1239447254,threshold_sweep,0.2,0.988235294118,0.815533980583,0.893617021277,84,1,19,205,0.815533980583,0.995145631068,0.00485436893204,0.184466019417,0.988235294118,0.815533980583,0.893617021277,0.935275080906,0.574973031284,0.847715736041,0.85579156439,0.81067961165,342,239,103,0,342,0,239,0,103,37,342,0.256756756757,1.72528881811,18.4864864865,15.5454545455,9.77142857143,5.36771015539,0.290358590277,0.142642642643,9.50849154237,1.02869645341,0.544491860281,8.05331334643,0.871264894205,0.461830251304,0.640599570326,0.371299902718,2,1.72528881811,0.640599570326,2,0.344071394247,0.376569037657,810,0.104247104247,0.56957682835,37,37,37,1,0,0.405405405405,0.540540540541,0.0540540540541,37,0.179429429429,1.75422810271,12.9189189189,10.8636363636,6.82857142857,4.23201015002,0.32758237563,0.175619133778,6.80928530511,1.05415713928,0.56474047269,5.93761359936,0.919212147181,0.492366843831,0.674659243818,0.384590374978,2,1.75422810271,0.674659243818,2,0.216590052116,0.18845177665,198,0.0254826254826,0.33626571524,37,37,37,1,0,0.405405405405,0.540540540541,0.0540540540541,37,324,0.243243243243,1.7272290488,17.5135135135,14.7272727273,9.25714285714,4.76457775686,0.272051507722,0.127544210878,8.74136210275,0.998241968524,0.528028028028,8.2442080861,0.941468207364,0.493827160494,0.648910307914,0.375694415495,2,1.7272290488,0.648910307914,2,0.28473298759,0.29622509612,565,0.0727155727156,0.573992528418,37,37,37,1,0,0.405405405405,0.540540540541,0.0540540540541,-18,-0.0135135135135,0.00194023068478,-0.972972972973,-0.818181818182,-0.514285714286,-0.60313239853,-0.018307082555,-0.0150984317651,-0.767129439624,-0.0304544848908,-0.0164638322533,0.190894739669,0.0702033131587,0.0319969091899,0.00831073758837,0.00439451277706,0,0.00194023068478,0.00831073758837,0,-0.0593384066574,-0.0803439415367,-245,-0.0315315315315,0.00441570006794,0,0,0,323,1,19,989,0.944444444444,0.99898989899,0.0010101010101,0.0555555555556,0.996913580247,0.944444444444,0.96996996997,0.960593316875,0.943434343434,0.941690962099,85,103,0,0,0,0
2865,WLNM_dir_neg,0.990927514375,0.858017500128,00:00:05,10,70,19,1239447254,threshold_sweep,0.3,0.988235294118,0.815533980583,0.893617021277,84,1,19,205,0.815533980583,0.995145631068,0.00485436893204,0.184466019417,0.988235294118,0.815533980583,0.893617021277,0.935275080906,0.574973031284,0.847715736041,0.85579156439,0.81067961165,342,239,103,0,342,0,239,0,103,37,342,0.256756756757,1.72528881811,18.4864864865,15.5454545455,9.77142857143,5.36771015539,0.290358590277,0.142642642643,9.50849154237,1.02869645341,0.544491860281,8.05331334643,0.871264894205,0.461830251304,0.640599570326,0.371299902718,2,1.72528881811,0.640599570326,2,0.344071394247,0.376569037657,810,0.104247104247,0.56957682835,37,37,37,1,0,0.405405405405,0.540540540541,0.0540540540541,37,0.179429429429,1.75422810271,12.9189189189,10.8636363636,6.82857142857,4.23201015002,0.32758237563,0.175619133778,6.80928530511,1.05415713928,0.56474047269,5.93761359936,0.919212147181,0.492366843831,0.674659243818,0.384590374978,2,1.75422810271,0.674659243818,2,0.216590052116,0.18845177665,198,0.0254826254826,0.33626571524,37,37,37,1,0,0.405405405405,0.540540540541,0.0540540540541,37,324,0.243243243243,1.7272290488,17.5135135135,14.7272727273,9.25714285714,4.76457775686,0.272051507722,0.127544210878,8.74136210275,0.998241968524,0.528028028028,8.2442080861,0.941468207364,0.493827160494,0.648910307914,0.375694415495,2,1.7272290488,0.648910307914,2,0.28473298759,0.29622509612,565,0.0727155727156,0.573992528418,37,37,37,1,0,0.405405405405,0.540540540541,0.0540540540541,-18,-0.0135135135135,0.00194023068478,-0.972972972973,-0.818181818182,-0.514285714286,-0.60313239853,-0.018307082555,-0.0150984317651,-0.767129439624,-0.0304544848908,-0.0164638322533,0.190894739669,0.0702033131587,0.0319969091899,0.00831073758837,0.00439451277706,0,0.00194023068478,0.00831073758837,0,-0.0593384066574,-0.0803439415367,-245,-0.0315315315315,0.00441570006794,0,0,0,323,1,19,989,0.944444444444,0.99898989899,0.0010101010101,0.0555555555556,0.996913580247,0.944444444444,0.96996996997,0.960593316875,0.943434343434,0.941690962099,85,103,0,0,0,0
2866,WLNM_dir_neg,0.990927514375,0.858017500128,00:00:05,10,70,19,1239447254,threshold_sweep,0.4,0.988235294118,0.815533980583,0.893617021277,84,1,19,205,0.815533980583,0.995145631068,0.00485436893204,0.184466019417,0.988235294118,0.815533980583,0.893617021277,0.935275080906,0.574973031284,0.847715736041,0.85579156439,0.81067961165,342,239,103,0,342,0,239,0,103,37,342,0.256756756757,1.72528881811,18.4864864865,15.5454545455,9.77142857143,5.36771015539,0.290358590277,0.142642642643,9.50849154237,1.02869645341,0.544491860281,8.05331334643,0.871264894205,0.461830251304,0.640599570326,0.371299902718,2,1.72528881811,0.640599570326,2,0.344071394247,0.376569037657,810,0.104247104247,0.56957682835,37,37,37,1,0,0.405405405405,0.540540540541,0.0540540540541,37,0.179429429429,1.75422810271,12.9189189189,10.8636363636,6.82857142857,4.23201015002,0.32758237563,0.175619133778,6.80928530511,1.05415713928,0.56474047269,5.93761359936,0.919212147181,0.492366843831,0.674659243818,0.384590374978,2,1.75422810271,0.674659243818,2,0.216590052116,0.18845177665,198,0.0254826254826,0.33626571524,37,37,37,1,0,0.405405405405,0.540540540541,0.0540540540541,37,324,0.243243243243,1.7272290488,17.5135135135,14.7272727273,9.25714285714,4.76457775686,0.272051507722,0.127544210878,8.74136210275,0.998241968524,0.528028028028,8.2442080861,0.941468207364,0.493827160494,0.648910307914,0.375694415495,2,1.7272290488,0.648910307914,2,0.28473298759,0.29622509612,565,0.0727155727156,0.573992528418,37,37,37,1,0,0.405405405405,0.540540540541,0.0540540540541,-18,-0.0135135135135,0.00194023068478,-0.972972972973,-0.818181818182,-0.514285714286,-0.60313239853,-0.018307082555,-0.0150984317651,-0.767129439624,-0.0304544848908,-0.0164638322533,0.190894739669,0.0702033131587,0.0319969091899,0.00831073758837,0.00439451277706,0,0.00194023068478,0.00831073758837,0,-0.0593384066574,-0.0803439415367,-245,-0.0315315315315,0.00441570006794,0,0,0,323,1,19,989,0.944444444444,0.99898989899,0.0010101010101,0.0555555555556,0.996913580247,0.944444444444,0.96996996997,0.960593316875,0.943434343434,0.941690962099,85,103,0,0,0,0
2867,WLNM_dir_neg,0.990927514375,0.858017500128,00:00:05,10,70,19,1239447254,threshold_sweep,0.5,0.988235294118,0.815533980583,0.893617021277,84,1,19,205,0.815533980583,0.995145631068,0.00485436893204,0.184466019417,0.988235294118,0.815533980583,0.893617021277,0.935275080906,0.574973031284,0.847715736041,0.85579156439,0.81067961165,342,239,103,0,342,0,239,0,103,37,342,0.256756756757,1.72528881811,18.4864864865,15.5454545455,9.77142857143,5.36771015539,0.290358590277,0.142642642643,9.50849154237,1.02869645341,0.544491860281,8.05331334643,0.871264894205,0.461830251304,0.640599570326,0.371299902718,2,1.72528881811,0.640599570326,2,0.344071394247,0.376569037657,810,0.104247104247,0.56957682835,37,37,37,1,0,0.405405405405,0.540540540541,0.0540540540541,37,0.179429429429,1.75422810271,12.9189189189,10.8636363636,6.82857142857,4.23201015002,0.32758237563,0.175619133778,6.80928530511,1.05415713928,0.56474047269,5.93761359936,0.919212147181,0.492366843831,0.674659243818,0.384590374978,2,1.75422810271,0.674659243818,2,0.216590052116,0.18845177665,198,0.0254826254826,0.33626571524,37,37,37,1,0,0.405405405405,0.540540540541,0.0540540540541,37,324,0.243243243243,1.7272290488,17.5135135135,14.7272727273,9.25714285714,4.76457775686,0.272051507722,0.127544210878,8.74136210275,0.998241968524,0.528028028028,8.2442080861,0.941468207364,0.493827160494,0.648910307914,0.375694415495,2,1.7272290488,0.648910307914,2,0.28473298759,0.29622509612,565,0.0727155727156,0.573992528418,37,37,37,1,0,0.405405405405,0.540540540541,0.0540540540541,-18,-0.0135135135135,0.00194023068478,-0.972972972973,-0.818181818182,-0.514285714286,-0.60313239853,-0.018307082555,-0.0150984317651,-0.767129439624,-0.0304544848908,-0.0164638322533,0.190894739669,0.0702033131587,0.0319969091899,0.00831073758837,0.00439451277706,0,0.00194023068478,0.00831073758837,0,-0.0593384066574,-0.0803439415367,-245,-0.0315315315315,0.00441570006794,0,0,0,323,1,19,989,0.944444444444,0.99898989899,0.0010101010101,0.0555555555556,0.996913580247,0.944444444444,0.96996996997,0.960593316875,0.943434343434,0.941690962099,85,103,0,0,0,0
2868,WLNM_dir_neg,0.990927514375,0.858017500128,00:00:05,10,70,19,1239447254,threshold_sweep,0.6,0.988235294118,0.815533980583,0.893617021277,84,1,19,205,0.815533980583,0.995145631068,0.00485436893204,0.184466019417,0.988235294118,0.815533980583,0.893617021277,0.935275080906,0.574973031284,0.847715736041,0.85579156439,0.81067961165,342,239,103,0,342,0,239,0,103,37,342,0.256756756757,1.72528881811,18.4864864865,15.5454545455,9.77142857143,5.36771015539,0.290358590277,0.142642642643,9.50849154237,1.02869645341,0.544491860281,8.05331334643,0.871264894205,0.461830251304,0.640599570326,0.371299902718,2,1.72528881811,0.640599570326,2,0.344071394247,0.376569037657,810,0.104247104247,0.56957682835,37,37,37,1,0,0.405405405405,0.540540540541,0.0540540540541,37,0.179429429429,1.75422810271,12.9189189189,10.8636363636,6.82857142857,4.23201015002,0.32758237563,0.175619133778,6.80928530511,1.05415713928,0.56474047269,5.93761359936,0.919212147181,0.492366843831,0.674659243818,0.384590374978,2,1.75422810271,0.674659243818,2,0.216590052116,0.18845177665,198,0.0254826254826,0.33626571524,37,37,37,1,0,0.405405405405,0.540540540541,0.0540540540541,37,324,0.243243243243,1.7272290488,17.5135135135,14.7272727273,9.25714285714,4.76457775686,0.272051507722,0.127544210878,8.74136210275,0.998241968524,0.528028028028,8.2442080861,0.941468207364,0.493827160494,0.648910307914,0.375694415495,2,1.7272290488,0.648910307914,2,0.28473298759,0.29622509612,565,0.0727155727156,0.573992528418,37,37,37,1,0,0.405405405405,0.540540540541,0.0540540540541,-18,-0.0135135135135,0.00194023068478,-0.972972972973,-0.818181818182,-0.514285714286,-0.60313239853,-0.018307082555,-0.0150984317651,-0.767129439624,-0.0304544848908,-0.0164638322533,0.190894739669,0.0702033131587,0.0319969091899,0.00831073758837,0.00439451277706,0,0.00194023068478,0.00831073758837,0,-0.0593384066574,-0.0803439415367,-245,-0.0315315315315,0.00441570006794,0,0,0,323,1,19,989,0.944444444444,0.99898989899,0.0010101010101,0.0555555555556,0.996913580247,0.944444444444,0.96996996997,0.960593316875,0.943434343434,0.941690962099,85,103,0,0,0,0
2869,WLNM_dir_neg,0.990927514375,0.858017500128,00:00:05,10,70,19,1239447254,threshold_sweep,0.7,0.988235294118,0.815533980583,0.893617021277,84,1,19,205,0.815533980583,0.995145631068,0.00485436893204,0.184466019417,0.988235294118,0.815533980583,0.893617021277,0.935275080906,0.574973031284,0.847715736041,0.85579156439,0.81067961165,342,239,103,0,342,0,239,0,103,37,342,0.256756756757,1.72528881811,18.4864864865,15.5454545455,9.77142857143,5.36771015539,0.290358590277,0.142642642643,9.50849154237,1.02869645341,0.544491860281,8.05331334643,0.871264894205,0.461830251304,0.640599570326,0.371299902718,2,1.72528881811,0.640599570326,2,0.344071394247,0.376569037657,810,0.104247104247,0.56957682835,37,37,37,1,0,0.405405405405,0.540540540541,0.0540540540541,37,0.179429429429,1.75422810271,12.9189189189,10.8636363636,6.82857142857,4.23201015002,0.32758237563,0.175619133778,6.80928530511,1.05415713928,0.56474047269,5.93761359936,0.919212147181,0.492366843831,0.674659243818,0.384590374978,2,1.75422810271,0.674659243818,2,0.216590052116,0.18845177665,198,0.0254826254826,0.33626571524,37,37,37,1,0,0.405405405405,0.540540540541,0.0540540540541,37,324,0.243243243243,1.7272290488,17.5135135135,14.7272727273,9.25714285714,4.76457775686,0.272051507722,0.127544210878,8.74136210275,0.998241968524,0.528028028028,8.2442080861,0.941468207364,0.493827160494,0.648910307914,0.375694415495,2,1.7272290488,0.648910307914,2,0.28473298759,0.29622509612,565,0.0727155727156,0.573992528418,37,37,37,1,0,0.405405405405,0.540540540541,0.0540540540541,-18,-0.0135135135135,0.00194023068478,-0.972972972973,-0.818181818182,-0.514285714286,-0.60313239853,-0.018307082555,-0.0150984317651,-0.767129439624,-0.0304544848908,-0.0164638322533,0.190894739669,0.0702033131587,0.0319969091899,0.00831073758837,0.00439451277706,0,0.00194023068478,0.00831073758837,0,-0.0593384066574,-0.0803439415367,-245,-0.0315315315315,0.00441570006794,0,0,0,323,1,19,989,0.944444444444,0.99898989899,0.0010101010101,0.0555555555556,0.996913580247,0.944444444444,0.96996996997,0.960593316875,0.943434343434,0.941690962099,85,103,0,0,0,0
2870,WLNM_dir_neg,0.990927514375,0.858017500128,00:00:05,10,70,19,1239447254,threshold_sweep,0.8,0.988235294118,0.815533980583,0.893617021277,84,1,19,205,0.815533980583,0.995145631068,0.00485436893204,0.184466019417,0.988235294118,0.815533980583,0.893617021277,0.935275080906,0.574973031284,0.847715736041,0.85579156439,0.81067961165,342,239,103,0,342,0,239,0,103,37,342,0.256756756757,1.72528881811,18.4864864865,15.5454545455,9.77142857143,5.36771015539,0.290358590277,0.142642642643,9.50849154237,1.02869645341,0.544491860281,8.05331334643,0.871264894205,0.461830251304,0.640599570326,0.371299902718,2,1.72528881811,0.640599570326,2,0.344071394247,0.376569037657,810,0.104247104247,0.56957682835,37,37,37,1,0,0.405405405405,0.540540540541,0.0540540540541,37,0.179429429429,1.75422810271,12.9189189189,10.8636363636,6.82857142857,4.23201015002,0.32758237563,0.175619133778,6.80928530511,1.05415713928,0.56474047269,5.93761359936,0.919212147181,0.492366843831,0.674659243818,0.384590374978,2,1.75422810271,0.674659243818,2,0.216590052116,0.18845177665,198,0.0254826254826,0.33626571524,37,37,37,1,0,0.405405405405,0.540540540541,0.0540540540541,37,324,0.243243243243,1.7272290488,17.5135135135,14.7272727273,9.25714285714,4.76457775686,0.272051507722,0.127544210878,8.74136210275,0.998241968524,0.528028028028,8.2442080861,0.941468207364,0.493827160494,0.648910307914,0.375694415495,2,1.7272290488,0.648910307914,2,0.28473298759,0.29622509612,565,0.0727155727156,0.573992528418,37,37,37,1,0,0.405405405405,0.540540540541,0.0540540540541,-18,-0.0135135135135,0.00194023068478,-0.972972972973,-0.818181818182,-0.514285714286,-0.60313239853,-0.018307082555,-0.0150984317651,-0.767129439624,-0.0304544848908,-0.0164638322533,0.190894739669,0.0702033131587,0.0319969091899,0.00831073758837,0.00439451277706,0,0.00194023068478,0.00831073758837,0,-0.0593384066574,-0.0803439415367,-245,-0.0315315315315,0.00441570006794,0,0,0,323,1,19,989,0.944444444444,0.99898989899,0.0010101010101,0.0555555555556,0.996913580247,0.944444444444,0.96996996997,0.960593316875,0.943434343434,0.941690962099,85,103,0,0,0,0
2871,WLNM_dir_neg,0.990927514375,0.858017500128,00:00:05,10,70,19,1239447254,threshold_sweep,0.9,0.988235294118,0.815533980583,0.893617021277,84,1,19,205,0.815533980583,0.995145631068,0.00485436893204,0.184466019417,0.988235294118,0.815533980583,0.893617021277,0.935275080906,0.574973031284,0.847715736041,0.85579156439,0.81067961165,342,239,103,0,342,0,239,0,103,37,342,0.256756756757,1.72528881811,18.4864864865,15.5454545455,9.77142857143,5.36771015539,0.290358590277,0.142642642643,9.50849154237,1.02869645341,0.544491860281,8.05331334643,0.871264894205,0.461830251304,0.640599570326,0.371299902718,2,1.72528881811,0.640599570326,2,0.344071394247,0.376569037657,810,0.104247104247,0.56957682835,37,37,37,1,0,0.405405405405,0.540540540541,0.0540540540541,37,0.179429429429,1.75422810271,12.9189189189,10.8636363636,6.82857142857,4.23201015002,0.32758237563,0.175619133778,6.80928530511,1.05415713928,0.56474047269,5.93761359936,0.919212147181,0.492366843831,0.674659243818,0.384590374978,2,1.75422810271,0.674659243818,2,0.216590052116,0.18845177665,198,0.0254826254826,0.33626571524,37,37,37,1,0,0.405405405405,0.540540540541,0.0540540540541,37,324,0.243243243243,1.7272290488,17.5135135135,14.7272727273,9.25714285714,4.76457775686,0.272051507722,0.127544210878,8.74136210275,0.998241968524,0.528028028028,8.2442080861,0.941468207364,0.493827160494,0.648910307914,0.375694415495,2,1.7272290488,0.648910307914,2,0.28473298759,0.29622509612,565,0.0727155727156,0.573992528418,37,37,37,1,0,0.405405405405,0.540540540541,0.0540540540541,-18,-0.0135135135135,0.00194023068478,-0.972972972973,-0.818181818182,-0.514285714286,-0.60313239853,-0.018307082555,-0.0150984317651,-0.767129439624,-0.0304544848908,-0.0164638322533,0.190894739669,0.0702033131587,0.0319969091899,0.00831073758837,0.00439451277706,0,0.00194023068478,0.00831073758837,0,-0.0593384066574,-0.0803439415367,-245,-0.0315315315315,0.00441570006794,0,0,0,323,1,19,989,0.944444444444,0.99898989899,0.0010101010101,0.0555555555556,0.996913580247,0.944444444444,0.96996996997,0.960593316875,0.943434343434,0.941690962099,85,103,0,0,0,0
2872,WLNM_dir_neg,0.956829107362,0.867557987113,00:00:05,10,70,20,1239447255,threshold_sweep,0.1,0.97619047619,0.796116504854,0.877005347594,82,2,21,204,0.796116504854,0.990291262136,0.00970873786408,0.203883495146,0.97619047619,0.796116504854,0.877005347594,0.925566343042,0.576051779935,0.824427480916,0.833238089795,0.78640776699,342,239,103,0,342,0,239,0,103,37,342,0.256756756757,1.72528881811,18.4864864865,15.5454545455,9.77142857143,5.36771015539,0.290358590277,0.142642642643,9.50849154237,1.02869645341,0.544491860281,8.05331334643,0.871264894205,0.461830251304,0.640599570326,0.371299902718,2,1.72528881811,0.640599570326,2,0.344071394247,0.376569037657,810,0.104247104247,0.56957682835,37,37,37,1,0,0.405405405405,0.540540540541,0.0540540540541,37,0.179429429429,1.76702811372,12.9189189189,10.8636363636,6.82857142857,4.08505663213,0.316207312529,0.169851860228,6.62316890668,1.02534414036,0.550039579328,5.8527989249,0.906081841929,0.488974329979,0.692160569636,0.391708860918,2,1.76702811372,0.692160569636,2,0.19182674887,0.166826462128,174,0.0223938223938,0.338285931201,37,37,37,1,0,0.405405405405,0.540540540541,0.0540540540541,37,323,0.242492492492,1.71869924118,17.4594594595,14.6818181818,9.22857142857,4.91931902805,0.281756662597,0.138565810392,8.89959003004,1.01945768146,0.53987114049,7.9430215656,0.909881727329,0.481968036148,0.632974514255,0.368286957421,2,1.71869924118,0.632974514255,2,0.299615649199,0.316672492136,604,0.0777348777349,0.547895852463,37,37,37,1,0,0.405405405405,0.540540540541,0.0540540540541,-19,-0.0142642642643,-0.00658957693592,-1.02702702703,-0.863636363636,-0.542857142857,-0.448391127347,-0.00860192768004,-0.00407683225021,-0.608901512339,-0.00923877195566,-0.004620719791,-0.110291780834,0.038616833124,0.0201377848437,-0.00762505607105,-0.00301294529707,0,-0.00658957693592,-0.00762505607105,0,-0.0444557450488,-0.0598965455213,-206,-0.0265122265122,-0.0216809758868,0,0,0,321,2,21,988,0.938596491228,0.99797979798,0.0020202020202,0.0614035087719,0.993808049536,0.938596491228,0.965413533835,0.954612165834,0.936576289208,0.933139534884,84,103,0,0,0,0
2873,WLNM_dir_neg,0.956829107362,0.867557987113,00:00:05,10,70,20,1239447255,threshold_sweep,0.2,0.975903614458,0.78640776699,0.870967741935,81,2,22,204,0.78640776699,0.990291262136,0.00970873786408,0.21359223301,0.975903614458,0.78640776699,0.870967741935,0.922330097087,0.577130528587,0.816326530612,0.8260602398,0.776699029126,342,239,103,0,342,0,239,0,103,37,342,0.256756756757,1.72528881811,18.4864864865,15.5454545455,9.77142857143,5.36771015539,0.290358590277,0.142642642643,9.50849154237,1.02869645341,0.544491860281,8.05331334643,0.871264894205,0.461830251304,0.640599570326,0.371299902718,2,1.72528881811,0.640599570326,2,0.344071394247,0.376569037657,810,0.104247104247,0.56957682835,37,37,37,1,0,0.405405405405,0.540540540541,0.0540540540541,37,0.179429429429,1.76702811372,12.9189189189,10.8636363636,6.82857142857,4.08505663213,0.316207312529,0.169851860228,6.62316890668,1.02534414036,0.550039579328,5.8527989249,0.906081841929,0.488974329979,0.692160569636,0.391708860918,2,1.76702811372,0.692160569636,2,0.19182674887,0.166826462128,174,0.0223938223938,0.338285931201,37,37,37,1,0,0.405405405405,0.540540540541,0.0540540540541,37,322,0.241741741742,1.73267873792,17.4054054054,14.6363636364,9.2,5.05227924065,0.290270701714,0.141849924459,8.92208516007,1.02520854324,0.541715628672,7.9437776658,0.912794328057,0.482961222092,0.655727686423,0.378447355573,2,1.73267873792,0.655727686423,2,0.308884008467,0.316701680672,603,0.0776061776062,0.546221641407,37,37,37,1,0,0.405405405405,0.540540540541,0.0540540540541,-20,-0.015015015015,0.0073899198022,-1.08108108108,-0.909090909091,-0.571428571429,-0.315430914741,-8.78885626309e-05,-0.000792718184022,-0.586406382301,-0.00348791017655,-0.00277623160918,-0.109535680638,0.0415294338525,0.0211309707877,0.015128116097,0.00714745285571,0,0.0073899198022,0.015128116097,0,-0.0351873857804,-0.0598673569846,-207,-0.0266409266409,-0.0233551869427,0,0,0,320,2,22,988,0.93567251462,0.99797979798,0.0020202020202,0.0643274853801,0.993788819876,0.93567251462,0.963855421687,0.952636472557,0.9336523126,0.93023255814,83,103,0,0,0,0
2874,WLNM_dir_neg,0.956829107362,0.867557987113,00:00:05,10,70,20,1239447255,threshold_sweep,0.3,0.975903614458,0.78640776699,0.870967741935,81,2,22,204,0.78640776699,0.990291262136,0.00970873786408,0.21359223301,0.975903614458,0.78640776699,0.870967741935,0.922330097087,0.577130528587,0.816326530612,0.8260602398,0.776699029126,342,239,103,0,342,0,239,0,103,37,342,0.256756756757,1.72528881811,18.4864864865,15.5454545455,9.77142857143,5.36771015539,0.290358590277,0.142642642643,9.50849154237,1.02869645341,0.544491860281,8.05331334643,0.871264894205,0.461830251304,0.640599570326,0.371299902718,2,1.72528881811,0.640599570326,2,0.344071394247,0.376569037657,810,0.104247104247,0.56957682835,37,37,37,1,0,0.405405405405,0.540540540541,0.0540540540541,37,0.179429429429,1.76702811372,12.9189189189,10.8636363636,6.82857142857,4.08505663213,0.316207312529,0.169851860228,6.62316890668,1.02534414036,0.550039579328,5.8527989249,0.906081841929,0.488974329979,0.692160569636,0.391708860918,2,1.76702811372,0.692160569636,2,0.19182674887,0.166826462128,174,0.0223938223938,0.338285931201,37,37,37,1,0,0.405405405405,0.540540540541,0.0540540540541,37,322,0.241741741742,1.73267873792,17.4054054054,14.6363636364,9.2,5.05227924065,0.290270701714,0.141849924459,8.92208516007,1.02520854324,0.541715628672,7.9437776658,0.912794328057,0.482961222092,0.655727686423,0.378447355573,2,1.73267873792,0.655727686423,2,0.308884008467,0.316701680672,603,0.0776061776062,0.546221641407,37,37,37,1,0,0.405405405405,0.540540540541,0.0540540540541,-20,-0.015015015015,0.0073899198022,-1.08108108108,-0.909090909091,-0.571428571429,-0.315430914741,-8.78885626309e-05,-0.000792718184022,-0.586406382301,-0.00348791017655,-0.00277623160918,-0.109535680638,0.0415294338525,0.0211309707877,0.015128116097,0.00714745285571,0,0.0073899198022,0.015128116097,0,-0.0351873857804,-0.0598673569846,-207,-0.0266409266409,-0.0233551869427,0,0,0,320,2,22,988,0.93567251462,0.99797979798,0.0020202020202,0.0643274853801,0.993788819876,0.93567251462,0.963855421687,0.952636472557,0.9336523126,0.93023255814,83,103,0,0,0,0
2875,WLNM_dir_neg,0.956829107362,0.867557987113,00:00:05,10,70,20,1239447255,threshold_sweep,0.4,0.975609756098,0.776699029126,0.864864864865,80,2,23,204,0.776699029126,0.990291262136,0.00970873786408,0.223300970874,0.975609756098,0.776699029126,0.864864864865,0.919093851133,0.578209277238,0.808184143223,0.818883714763,0.766990291262,342,239,103,0,342,0,239,0,103,37,342,0.256756756757,1.72528881811,18.4864864865,15.5454545455,9.77142857143,5.36771015539,0.290358590277,0.142642642643,9.50849154237,1.02869645341,0.544491860281,8.05331334643,0.871264894205,0.461830251304,0.640599570326,0.371299902718,2,1.72528881811,0.640599570326,2,0.344071394247,0.376569037657,810,0.104247104247,0.56957682835,37,37,37,1,0,0.405405405405,0.540540540541,0.0540540540541,37,0.179429429429,1.76702811372,12.9189189189,10.8636363636,6.82857142857,4.08505663213,0.316207312529,0.169851860228,6.62316890668,1.02534414036,0.550039579328,5.8527989249,0.906081841929,0.488974329979,0.692160569636,0.391708860918,2,1.76702811372,0.692160569636,2,0.19182674887,0.166826462128,174,0.0223938223938,0.338285931201,37,37,37,1,0,0.405405405405,0.540540540541,0.0540540540541,37,321,0.240990990991,1.73136746784,17.3513513514,14.5909090909,9.17142857143,5.06741341107,0.292047190358,0.142207628189,8.86019204098,1.02126824148,0.540372147849,7.96539060231,0.918129134846,0.485307737644,0.653905747052,0.377681664465,2,1.73136746784,0.653905747052,2,0.300040179841,0.317373701813,601,0.0773487773488,0.547125393421,37,37,37,1,0,0.405405405405,0.540540540541,0.0540540540541,-21,-0.0157657657658,0.0060786497206,-1.13513513514,-0.954545454545,-0.6,-0.300296744325,0.00168860008042,-0.000435014453706,-0.648299501397,-0.00742821193141,-0.00411971243255,-0.0879227441193,0.0468642406414,0.0234774863403,0.0133061767259,0.00638176174687,0,0.0060786497206,0.0133061767259,0,-0.0440312144065,-0.0591953358438,-209,-0.0268983268983,-0.0224514349284,0,0,0,319,2,23,988,0.932748538012,0.99797979798,0.0020202020202,0.0672514619883,0.993769470405,0.932748538012,0.962292609351,0.950660594563,0.930728335991,0.927325581395,82,103,0,0,0,0
2876,WLNM_dir_neg,0.956829107362,0.867557987113,00:00:05,10,70,20,1239447255,threshold_sweep,0.5,0.975609756098,0.776699029126,0.864864864865,80,2,23,204,0.776699029126,0.990291262136,0.00970873786408,0.223300970874,0.975609756098,0.776699029126,0.864864864865,0.919093851133,0.578209277238,0.808184143223,0.818883714763,0.766990291262,342,239,103,0,342,0,239,0,103,37,342,0.256756756757,1.72528881811,18.4864864865,15.5454545455,9.77142857143,5.36771015539,0.290358590277,0.142642642643,9.50849154237,1.02869645341,0.544491860281,8.05331334643,0.871264894205,0.461830251304,0.640599570326,0.371299902718,2,1.72528881811,0.640599570326,2,0.344071394247,0.376569037657,810,0.104247104247,0.56957682835,37,37,37,1,0,0.405405405405,0.540540540541,0.0540540540541,37,0.179429429429,1.76702811372,12.9189189189,10.8636363636,6.82857142857,4.08505663213,0.316207312529,0.169851860228,6.62316890668,1.02534414036,0.550039579328,5.8527989249,0.906081841929,0.488974329979,0.692160569636,0.391708860918,2,1.76702811372,0.692160569636,2,0.19182674887,0.166826462128,174,0.0223938223938,0.338285931201,37,37,37,1,0,0.405405405405,0.540540540541,0.0540540540541,37,321,0.240990990991,1.73136746784,17.3513513514,14.5909090909,9.17142857143,5.06741341107,0.292047190358,0.142207628189,8.86019204098,1.02126824148,0.540372147849,7.96539060231,0.918129134846,0.485307737644,0.653905747052,0.377681664465,2,1.73136746784,0.653905747052,2,0.300040179841,0.317373701813,601,0.0773487773488,0.547125393421,37,37,37,1,0,0.405405405405,0.540540540541,0.0540540540541,-21,-0.0157657657658,0.0060786497206,-1.13513513514,-0.954545454545,-0.6,-0.300296744325,0.00168860008042,-0.000435014453706,-0.648299501397,-0.00742821193141,-0.00411971243255,-0.0879227441193,0.0468642406414,0.0234774863403,0.0133061767259,0.00638176174687,0,0.0060786497206,0.0133061767259,0,-0.0440312144065,-0.0591953358438,-209,-0.0268983268983,-0.0224514349284,0,0,0,319,2,23,988,0.932748538012,0.99797979798,0.0020202020202,0.0672514619883,0.993769470405,0.932748538012,0.962292609351,0.950660594563,0.930728335991,0.927325581395,82,103,0,0,0,0
2877,WLNM_dir_neg,0.956829107362,0.867557987113,00:00:05,10,70,20,1239447255,threshold_sweep,0.6,0.975609756098,0.776699029126,0.864864864865,80,2,23,204,0.776699029126,0.990291262136,0.00970873786408,0.223300970874,0.975609756098,0.776699029126,0.864864864865,0.919093851133,0.578209277238,0.808184143223,0.818883714763,0.766990291262,342,239,103,0,342,0,239,0,103,37,342,0.256756756757,1.72528881811,18.4864864865,15.5454545455,9.77142857143,5.36771015539,0.290358590277,0.142642642643,9.50849154237,1.02869645341,0.544491860281,8.05331334643,0.871264894205,0.461830251304,0.640599570326,0.371299902718,2,1.72528881811,0.640599570326,2,0.344071394247,0.376569037657,810,0.104247104247,0.56957682835,37,37,37,1,0,0.405405405405,0.540540540541,0.0540540540541,37,0.179429429429,1.76702811372,12.9189189189,10.8636363636,6.82857142857,4.08505663213,0.316207312529,0.169851860228,6.62316890668,1.02534414036,0.550039579328,5.8527989249,0.906081841929,0.488974329979,0.692160569636,0.391708860918,2,1.76702811372,0.692160569636,2,0.19182674887,0.166826462128,174,0.0223938223938,0.338285931201,37,37,37,1,0,0.405405405405,0.540540540541,0.0540540540541,37,321,0.240990990991,1.73136746784,17.3513513514,14.5909090909,9.17142857143,5.06741341107,0.292047190358,0.142207628189,8.86019204098,1.02126824148,0.540372147849,7.96539060231,0.918129134846,0.485307737644,0.653905747052,0.377681664465,2,1.73136746784,0.653905747052,2,0.300040179841,0.317373701813,601,0.0773487773488,0.547125393421,37,37,37,1,0,0.405405405405,0.540540540541,0.0540540540541,-21,-0.0157657657658,0.0060786497206,-1.13513513514,-0.954545454545,-0.6,-0.300296744325,0.00168860008042,-0.000435014453706,-0.648299501397,-0.00742821193141,-0.00411971243255,-0.0879227441193,0.0468642406414,0.0234774863403,0.0133061767259,0.00638176174687,0,0.0060786497206,0.0133061767259,0,-0.0440312144065,-0.0591953358438,-209,-0.0268983268983,-0.0224514349284,0,0,0,319,2,23,988,0.932748538012,0.99797979798,0.0020202020202,0.0672514619883,0.993769470405,0.932748538012,0.962292609351,0.950660594563,0.930728335991,0.927325581395,82,103,0,0,0,0
2878,WLNM_dir_neg,0.956829107362,0.867557987113,00:00:05,10,70,20,1239447255,threshold_sweep,0.7,0.975609756098,0.776699029126,0.864864864865,80,2,23,204,0.776699029126,0.990291262136,0.00970873786408,0.223300970874,0.975609756098,0.776699029126,0.864864864865,0.919093851133,0.578209277238,0.808184143223,0.818883714763,0.766990291262,342,239,103,0,342,0,239,0,103,37,342,0.256756756757,1.72528881811,18.4864864865,15.5454545455,9.77142857143,5.36771015539,0.290358590277,0.142642642643,9.50849154237,1.02869645341,0.544491860281,8.05331334643,0.871264894205,0.461830251304,0.640599570326,0.371299902718,2,1.72528881811,0.640599570326,2,0.344071394247,0.376569037657,810,0.104247104247,0.56957682835,37,37,37,1,0,0.405405405405,0.540540540541,0.0540540540541,37,0.179429429429,1.76702811372,12.9189189189,10.8636363636,6.82857142857,4.08505663213,0.316207312529,0.169851860228,6.62316890668,1.02534414036,0.550039579328,5.8527989249,0.906081841929,0.488974329979,0.692160569636,0.391708860918,2,1.76702811372,0.692160569636,2,0.19182674887,0.166826462128,174,0.0223938223938,0.338285931201,37,37,37,1,0,0.405405405405,0.540540540541,0.0540540540541,37,321,0.240990990991,1.73136746784,17.3513513514,14.5909090909,9.17142857143,5.06741341107,0.292047190358,0.142207628189,8.86019204098,1.02126824148,0.540372147849,7.96539060231,0.918129134846,0.485307737644,0.653905747052,0.377681664465,2,1.73136746784,0.653905747052,2,0.300040179841,0.317373701813,601,0.0773487773488,0.547125393421,37,37,37,1,0,0.405405405405,0.540540540541,0.0540540540541,-21,-0.0157657657658,0.0060786497206,-1.13513513514,-0.954545454545,-0.6,-0.300296744325,0.00168860008042,-0.000435014453706,-0.648299501397,-0.00742821193141,-0.00411971243255,-0.0879227441193,0.0468642406414,0.0234774863403,0.0133061767259,0.00638176174687,0,0.0060786497206,0.0133061767259,0,-0.0440312144065,-0.0591953358438,-209,-0.0268983268983,-0.0224514349284,0,0,0,319,2,23,988,0.932748538012,0.99797979798,0.0020202020202,0.0672514619883,0.993769470405,0.932748538012,0.962292609351,0.950660594563,0.930728335991,0.927325581395,82,103,0,0,0,0
2879,WLNM_dir_neg,0.956829107362,0.867557987113,00:00:05,10,70,20,1239447255,threshold_sweep,0.8,0.987654320988,0.776699029126,0.869565217391,80,1,23,205,0.776699029126,0.995145631068,0.00485436893204,0.223300970874,0.987654320988,0.776699029126,0.869565217391,0.922330097087,0.57928802589,0.815384615385,0.827317466897,0.771844660194,342,239,103,0,342,0,239,0,103,37,342,0.256756756757,1.72528881811,18.4864864865,15.5454545455,9.77142857143,5.36771015539,0.290358590277,0.142642642643,9.50849154237,1.02869645341,0.544491860281,8.05331334643,0.871264894205,0.461830251304,0.640599570326,0.371299902718,2,1.72528881811,0.640599570326,2,0.344071394247,0.376569037657,810,0.104247104247,0.56957682835,37,37,37,1,0,0.405405405405,0.540540540541,0.0540540540541,37,0.179429429429,1.76702811372,12.9189189189,10.8636363636,6.82857142857,4.08505663213,0.316207312529,0.169851860228,6.62316890668,1.02534414036,0.550039579328,5.8527989249,0.906081841929,0.488974329979,0.692160569636,0.391708860918,2,1.76702811372,0.692160569636,2,0.19182674887,0.166826462128,174,0.0223938223938,0.338285931201,37,37,37,1,0,0.405405405405,0.540540540541,0.0540540540541,37,320,0.24024024024,1.72912119743,17.2972972973,14.5454545455,9.14285714286,5.08191163105,0.29379801617,0.142905405405,8.83558529853,1.02161455014,0.540033783784,7.99032823765,0.923881702478,0.488513513514,0.652442587048,0.377326116884,2,1.72912119743,0.652442587048,2,0.296734002851,0.314811537781,593,0.0763191763192,0.549992645577,37,37,37,1,0,0.405405405405,0.540540540541,0.0540540540541,-22,-0.0165165165165,0.00383237931445,-1.18918918919,-1,-0.628571428571,-0.285798524341,0.0034394258931,0.000262762762763,-0.672906243847,-0.00708190327249,-0.00445807649755,-0.0629851087868,0.0526168082731,0.0266832622096,0.0118430167222,0.00602621416652,0,0.00383237931445,0.0118430167222,0,-0.0473373913968,-0.061757499876,-217,-0.0279279279279,-0.0195841827726,0,0,0,319,1,23,989,0.932748538012,0.99898989899,0.0010101010101,0.0672514619883,0.996875,0.932748538012,0.963746223565,0.952707132763,0.931738437002,0.930029154519,81,103,0,0,0,0
2880,WLNM_dir_neg,0.956829107362,0.867557987113,00:00:05,10,70,20,1239447255,threshold_sweep,0.9,0.9875,0.766990291262,0.863387978142,79,1,24,205,0.766990291262,0.995145631068,0.00485436893204,0.233009708738,0.9875,0.766990291262,0.863387978142,0.919093851133,0.580366774542,0.807197943445,0.820204069825,0.76213592233,342,239,103,0,342,0,239,0,103,37,342,0.256756756757,1.72528881811,18.4864864865,15.5454545455,9.77142857143,5.36771015539,0.290358590277,0.142642642643,9.50849154237,1.02869645341,0.544491860281,8.05331334643,0.871264894205,0.461830251304,0.640599570326,0.371299902718,2,1.72528881811,0.640599570326,2,0.344071394247,0.376569037657,810,0.104247104247,0.56957682835,37,37,37,1,0,0.405405405405,0.540540540541,0.0540540540541,37,0.179429429429,1.76702811372,12.9189189189,10.8636363636,6.82857142857,4.08505663213,0.316207312529,0.169851860228,6.62316890668,1.02534414036,0.550039579328,5.8527989249,0.906081841929,0.488974329979,0.692160569636,0.391708860918,2,1.76702811372,0.692160569636,2,0.19182674887,0.166826462128,174,0.0223938223938,0.338285931201,37,37,37,1,0,0.405405405405,0.540540540541,0.0540540540541,37,319,0.239489489489,1.72833120407,17.2432432432,14.5,9.11428571429,5.04097326033,0.292344844251,0.140896382276,8.7982048401,1.02048143913,0.539015504533,8.00121987696,0.928041176952,0.489706006947,0.651572721008,0.376995288562,2,1.72833120407,0.651572721008,2,0.291850903212,0.307486631016,575,0.0740025740026,0.550633147556,37,37,37,1,0,0.405405405405,0.540540540541,0.0540540540541,-23,-0.0172672672673,0.00304238595239,-1.24324324324,-1.04545454545,-0.657142857143,-0.326736895058,0.00198625397427,-0.00174626036695,-0.710286702272,-0.00821501428063,-0.00547635574859,-0.0520934694705,0.056776282747,0.0278757556435,0.0109731506824,0.0056953858445,0,0.00304238595239,0.0109731506824,0,-0.0522204910356,-0.0690824066409,-235,-0.0302445302445,-0.0189436807939,0,0,0,318,1,24,989,0.929824561404,0.99898989899,0.0010101010101,0.0701754385965,0.996865203762,0.929824561404,0.962178517398,0.950735157893,0.928814460393,0.927113702624,80,103,0,0,0,0
2881,WLNM_dir_neg,0.968635121124,0.790150304656,00:00:05,10,70,21,1239447256,threshold_sweep,0.1,0.987951807229,0.796116504854,0.881720430108,82,1,21,205,0.796116504854,0.995145631068,0.00485436893204,0.203883495146,0.987951807229,0.796116504854,0.881720430108,0.928802588997,0.577130528587,0.831632653061,0.841548869296,0.791262135922,342,239,103,0,342,0,239,0,103,37,342,0.256756756757,1.72528881811,18.4864864865,15.5454545455,9.77142857143,5.36771015539,0.290358590277,0.142642642643,9.50849154237,1.02869645341,0.544491860281,8.05331334643,0.871264894205,0.461830251304,0.640599570326,0.371299902718,2,1.72528881811,0.640599570326,2,0.344071394247,0.376569037657,810,0.104247104247,0.56957682835,37,37,37,1,0,0.405405405405,0.540540540541,0.0540540540541,37,0.179429429429,1.74447578727,12.9189189189,10.8636363636,6.82857142857,4.1591824676,0.321945086404,0.168607938482,6.47042242565,1.0016971956,0.537826529458,6.03045324718,0.933584812324,0.496890195635,0.660378545539,0.378554148104,2,1.74447578727,0.660378545539,2,0.193922056151,0.183556405354,192,0.0247104247104,0.351732707933,37,37,37,1,0,0.405405405405,0.540540540541,0.0540540540541,37,322,0.241741741742,1.7109007111,17.4054054054,14.6363636364,9.2,4.77528044237,0.274356174484,0.125650495216,8.63733776135,0.992489121646,0.526103743495,8.34287741751,0.958653616298,0.497230149404,0.623784429827,0.364594172988,2,1.7109007111,0.623784429827,2,0.278898628872,0.287685774947,542,0.0697554697555,0.587621501195,37,37,37,1,0,0.405405405405,0.540540540541,0.0540540540541,-20,-0.015015015015,-0.014388107017,-1.08108108108,-0.909090909091,-0.571428571429,-0.592429713021,-0.016002415793,-0.0169921474269,-0.871153781027,-0.0362073317693,-0.0183881167863,0.289564071076,0.0873887220929,0.0353998981001,-0.016815140499,-0.00670572972991,0,-0.014388107017,-0.016815140499,0,-0.0651727653757,-0.08888326271,-268,-0.0344916344916,0.0180446728446,0,0,0,321,1,21,989,0.938596491228,0.99898989899,0.0010101010101,0.0614035087719,0.996894409938,0.938596491228,0.96686746988,0.95665054265,0.937586390218,0.935860058309,83,103,0,0,0,0
2882,WLNM_dir_neg,0.968635121124,0.790150304656,00:00:05,10,70,21,1239447256,threshold_sweep,0.2,0.987951807229,0.796116504854,0.881720430108,82,1,21,205,0.796116504854,0.995145631068,0.00485436893204,0.203883495146,0.987951807229,0.796116504854,0.881720430108,0.928802588997,0.577130528587,0.831632653061,0.841548869296,0.791262135922,342,239,103,0,342,0,239,0,103,37,342,0.256756756757,1.72528881811,18.4864864865,15.5454545455,9.77142857143,5.36771015539,0.290358590277,0.142642642643,9.50849154237,1.02869645341,0.544491860281,8.05331334643,0.871264894205,0.461830251304,0.640599570326,0.371299902718,2,1.72528881811,0.640599570326,2,0.344071394247,0.376569037657,810,0.104247104247,0.56957682835,37,37,37,1,0,0.405405405405,0.540540540541,0.0540540540541,37,0.179429429429,1.74447578727,12.9189189189,10.8636363636,6.82857142857,4.1591824676,0.321945086404,0.168607938482,6.47042242565,1.0016971956,0.537826529458,6.03045324718,0.933584812324,0.496890195635,0.660378545539,0.378554148104,2,1.74447578727,0.660378545539,2,0.193922056151,0.183556405354,192,0.0247104247104,0.351732707933,37,37,37,1,0,0.405405405405,0.540540540541,0.0540540540541,37,322,0.241741741742,1.7109007111,17.4054054054,14.6363636364,9.2,4.77528044237,0.274356174484,0.125650495216,8.63733776135,0.992489121646,0.526103743495,8.34287741751,0.958653616298,0.497230149404,0.623784429827,0.364594172988,2,1.7109007111,0.623784429827,2,0.278898628872,0.287685774947,542,0.0697554697555,0.587621501195,37,37,37,1,0,0.405405405405,0.540540540541,0.0540540540541,-20,-0.015015015015,-0.014388107017,-1.08108108108,-0.909090909091,-0.571428571429,-0.592429713021,-0.016002415793,-0.0169921474269,-0.871153781027,-0.0362073317693,-0.0183881167863,0.289564071076,0.0873887220929,0.0353998981001,-0.016815140499,-0.00670572972991,0,-0.014388107017,-0.016815140499,0,-0.0651727653757,-0.08888326271,-268,-0.0344916344916,0.0180446728446,0,0,0,321,1,21,989,0.938596491228,0.99898989899,0.0010101010101,0.0614035087719,0.996894409938,0.938596491228,0.96686746988,0.95665054265,0.937586390218,0.935860058309,83,103,0,0,0,0
2883,WLNM_dir_neg,0.968635121124,0.790150304656,00:00:05,10,70,21,1239447256,threshold_sweep,0.3,0.987951807229,0.796116504854,0.881720430108,82,1,21,205,0.796116504854,0.995145631068,0.00485436893204,0.203883495146,0.987951807229,0.796116504854,0.881720430108,0.928802588997,0.577130528587,0.831632653061,0.841548869296,0.791262135922,342,239,103,0,342,0,239,0,103,37,342,0.256756756757,1.72528881811,18.4864864865,15.5454545455,9.77142857143,5.36771015539,0.290358590277,0.142642642643,9.50849154237,1.02869645341,0.544491860281,8.05331334643,0.871264894205,0.461830251304,0.640599570326,0.371299902718,2,1.72528881811,0.640599570326,2,0.344071394247,0.376569037657,810,0.104247104247,0.56957682835,37,37,37,1,0,0.405405405405,0.540540540541,0.0540540540541,37,0.179429429429,1.74447578727,12.9189189189,10.8636363636,6.82857142857,4.1591824676,0.321945086404,0.168607938482,6.47042242565,1.0016971956,0.537826529458,6.03045324718,0.933584812324,0.496890195635,0.660378545539,0.378554148104,2,1.74447578727,0.660378545539,2,0.193922056151,0.183556405354,192,0.0247104247104,0.351732707933,37,37,37,1,0,0.405405405405,0.540540540541,0.0540540540541,37,322,0.241741741742,1.7109007111,17.4054054054,14.6363636364,9.2,4.77528044237,0.274356174484,0.125650495216,8.63733776135,0.992489121646,0.526103743495,8.34287741751,0.958653616298,0.497230149404,0.623784429827,0.364594172988,2,1.7109007111,0.623784429827,2,0.278898628872,0.287685774947,542,0.0697554697555,0.587621501195,37,37,37,1,0,0.405405405405,0.540540540541,0.0540540540541,-20,-0.015015015015,-0.014388107017,-1.08108108108,-0.909090909091,-0.571428571429,-0.592429713021,-0.016002415793,-0.0169921474269,-0.871153781027,-0.0362073317693,-0.0183881167863,0.289564071076,0.0873887220929,0.0353998981001,-0.016815140499,-0.00670572972991,0,-0.014388107017,-0.016815140499,0,-0.0651727653757,-0.08888326271,-268,-0.0344916344916,0.0180446728446,0,0,0,321,1,21,989,0.938596491228,0.99898989899,0.0010101010101,0.0614035087719,0.996894409938,0.938596491228,0.96686746988,0.95665054265,0.937586390218,0.935860058309,83,103,0,0,0,0
2884,WLNM_dir_neg,0.968635121124,0.790150304656,00:00:05,10,70,21,1239447256,threshold_sweep,0.4,0.987951807229,0.796116504854,0.881720430108,82,1,21,205,0.796116504854,0.995145631068,0.00485436893204,0.203883495146,0.987951807229,0.796116504854,0.881720430108,0.928802588997,0.577130528587,0.831632653061,0.841548869296,0.791262135922,342,239,103,0,342,0,239,0,103,37,342,0.256756756757,1.72528881811,18.4864864865,15.5454545455,9.77142857143,5.36771015539,0.290358590277,0.142642642643,9.50849154237,1.02869645341,0.544491860281,8.05331334643,0.871264894205,0.461830251304,0.640599570326,0.371299902718,2,1.72528881811,0.640599570326,2,0.344071394247,0.376569037657,810,0.104247104247,0.56957682835,37,37,37,1,0,0.405405405405,0.540540540541,0.0540540540541,37,0.179429429429,1.74447578727,12.9189189189,10.8636363636,6.82857142857,4.1591824676,0.321945086404,0.168607938482,6.47042242565,1.0016971956,0.537826529458,6.03045324718,0.933584812324,0.496890195635,0.660378545539,0.378554148104,2,1.74447578727,0.660378545539,2,0.193922056151,0.183556405354,192,0.0247104247104,0.351732707933,37,37,37,1,0,0.405405405405,0.540540540541,0.0540540540541,37,322,0.241741741742,1.7109007111,17.4054054054,14.6363636364,9.2,4.77528044237,0.274356174484,0.125650495216,8.63733776135,0.992489121646,0.526103743495,8.34287741751,0.958653616298,0.497230149404,0.623784429827,0.364594172988,2,1.7109007111,0.623784429827,2,0.278898628872,0.287685774947,542,0.0697554697555,0.587621501195,37,37,37,1,0,0.405405405405,0.540540540541,0.0540540540541,-20,-0.015015015015,-0.014388107017,-1.08108108108,-0.909090909091,-0.571428571429,-0.592429713021,-0.016002415793,-0.0169921474269,-0.871153781027,-0.0362073317693,-0.0183881167863,0.289564071076,0.0873887220929,0.0353998981001,-0.016815140499,-0.00670572972991,0,-0.014388107017,-0.016815140499,0,-0.0651727653757,-0.08888326271,-268,-0.0344916344916,0.0180446728446,0,0,0,321,1,21,989,0.938596491228,0.99898989899,0.0010101010101,0.0614035087719,0.996894409938,0.938596491228,0.96686746988,0.95665054265,0.937586390218,0.935860058309,83,103,0,0,0,0
2885,WLNM_dir_neg,0.968635121124,0.790150304656,00:00:05,10,70,21,1239447256,threshold_sweep,0.5,0.987951807229,0.796116504854,0.881720430108,82,1,21,205,0.796116504854,0.995145631068,0.00485436893204,0.203883495146,0.987951807229,0.796116504854,0.881720430108,0.928802588997,0.577130528587,0.831632653061,0.841548869296,0.791262135922,342,239,103,0,342,0,239,0,103,37,342,0.256756756757,1.72528881811,18.4864864865,15.5454545455,9.77142857143,5.36771015539,0.290358590277,0.142642642643,9.50849154237,1.02869645341,0.544491860281,8.05331334643,0.871264894205,0.461830251304,0.640599570326,0.371299902718,2,1.72528881811,0.640599570326,2,0.344071394247,0.376569037657,810,0.104247104247,0.56957682835,37,37,37,1,0,0.405405405405,0.540540540541,0.0540540540541,37,0.179429429429,1.74447578727,12.9189189189,10.8636363636,6.82857142857,4.1591824676,0.321945086404,0.168607938482,6.47042242565,1.0016971956,0.537826529458,6.03045324718,0.933584812324,0.496890195635,0.660378545539,0.378554148104,2,1.74447578727,0.660378545539,2,0.193922056151,0.183556405354,192,0.0247104247104,0.351732707933,37,37,37,1,0,0.405405405405,0.540540540541,0.0540540540541,37,322,0.241741741742,1.7109007111,17.4054054054,14.6363636364,9.2,4.77528044237,0.274356174484,0.125650495216,8.63733776135,0.992489121646,0.526103743495,8.34287741751,0.958653616298,0.497230149404,0.623784429827,0.364594172988,2,1.7109007111,0.623784429827,2,0.278898628872,0.287685774947,542,0.0697554697555,0.587621501195,37,37,37,1,0,0.405405405405,0.540540540541,0.0540540540541,-20,-0.015015015015,-0.014388107017,-1.08108108108,-0.909090909091,-0.571428571429,-0.592429713021,-0.016002415793,-0.0169921474269,-0.871153781027,-0.0362073317693,-0.0183881167863,0.289564071076,0.0873887220929,0.0353998981001,-0.016815140499,-0.00670572972991,0,-0.014388107017,-0.016815140499,0,-0.0651727653757,-0.08888326271,-268,-0.0344916344916,0.0180446728446,0,0,0,321,1,21,989,0.938596491228,0.99898989899,0.0010101010101,0.0614035087719,0.996894409938,0.938596491228,0.96686746988,0.95665054265,0.937586390218,0.935860058309,83,103,0,0,0,0
2886,WLNM_dir_neg,0.968635121124,0.790150304656,00:00:05,10,70,21,1239447256,threshold_sweep,0.6,0.987951807229,0.796116504854,0.881720430108,82,1,21,205,0.796116504854,0.995145631068,0.00485436893204,0.203883495146,0.987951807229,0.796116504854,0.881720430108,0.928802588997,0.577130528587,0.831632653061,0.841548869296,0.791262135922,342,239,103,0,342,0,239,0,103,37,342,0.256756756757,1.72528881811,18.4864864865,15.5454545455,9.77142857143,5.36771015539,0.290358590277,0.142642642643,9.50849154237,1.02869645341,0.544491860281,8.05331334643,0.871264894205,0.461830251304,0.640599570326,0.371299902718,2,1.72528881811,0.640599570326,2,0.344071394247,0.376569037657,810,0.104247104247,0.56957682835,37,37,37,1,0,0.405405405405,0.540540540541,0.0540540540541,37,0.179429429429,1.74447578727,12.9189189189,10.8636363636,6.82857142857,4.1591824676,0.321945086404,0.168607938482,6.47042242565,1.0016971956,0.537826529458,6.03045324718,0.933584812324,0.496890195635,0.660378545539,0.378554148104,2,1.74447578727,0.660378545539,2,0.193922056151,0.183556405354,192,0.0247104247104,0.351732707933,37,37,37,1,0,0.405405405405,0.540540540541,0.0540540540541,37,322,0.241741741742,1.7109007111,17.4054054054,14.6363636364,9.2,4.77528044237,0.274356174484,0.125650495216,8.63733776135,0.992489121646,0.526103743495,8.34287741751,0.958653616298,0.497230149404,0.623784429827,0.364594172988,2,1.7109007111,0.623784429827,2,0.278898628872,0.287685774947,542,0.0697554697555,0.587621501195,37,37,37,1,0,0.405405405405,0.540540540541,0.0540540540541,-20,-0.015015015015,-0.014388107017,-1.08108108108,-0.909090909091,-0.571428571429,-0.592429713021,-0.016002415793,-0.0169921474269,-0.871153781027,-0.0362073317693,-0.0183881167863,0.289564071076,0.0873887220929,0.0353998981001,-0.016815140499,-0.00670572972991,0,-0.014388107017,-0.016815140499,0,-0.0651727653757,-0.08888326271,-268,-0.0344916344916,0.0180446728446,0,0,0,321,1,21,989,0.938596491228,0.99898989899,0.0010101010101,0.0614035087719,0.996894409938,0.938596491228,0.96686746988,0.95665054265,0.937586390218,0.935860058309,83,103,0,0,0,0
2887,WLNM_dir_neg,0.968635121124,0.790150304656,00:00:05,10,70,21,1239447256,threshold_sweep,0.7,0.987951807229,0.796116504854,0.881720430108,82,1,21,205,0.796116504854,0.995145631068,0.00485436893204,0.203883495146,0.987951807229,0.796116504854,0.881720430108,0.928802588997,0.577130528587,0.831632653061,0.841548869296,0.791262135922,342,239,103,0,342,0,239,0,103,37,342,0.256756756757,1.72528881811,18.4864864865,15.5454545455,9.77142857143,5.36771015539,0.290358590277,0.142642642643,9.50849154237,1.02869645341,0.544491860281,8.05331334643,0.871264894205,0.461830251304,0.640599570326,0.371299902718,2,1.72528881811,0.640599570326,2,0.344071394247,0.376569037657,810,0.104247104247,0.56957682835,37,37,37,1,0,0.405405405405,0.540540540541,0.0540540540541,37,0.179429429429,1.74447578727,12.9189189189,10.8636363636,6.82857142857,4.1591824676,0.321945086404,0.168607938482,6.47042242565,1.0016971956,0.537826529458,6.03045324718,0.933584812324,0.496890195635,0.660378545539,0.378554148104,2,1.74447578727,0.660378545539,2,0.193922056151,0.183556405354,192,0.0247104247104,0.351732707933,37,37,37,1,0,0.405405405405,0.540540540541,0.0540540540541,37,322,0.241741741742,1.7109007111,17.4054054054,14.6363636364,9.2,4.77528044237,0.274356174484,0.125650495216,8.63733776135,0.992489121646,0.526103743495,8.34287741751,0.958653616298,0.497230149404,0.623784429827,0.364594172988,2,1.7109007111,0.623784429827,2,0.278898628872,0.287685774947,542,0.0697554697555,0.587621501195,37,37,37,1,0,0.405405405405,0.540540540541,0.0540540540541,-20,-0.015015015015,-0.014388107017,-1.08108108108,-0.909090909091,-0.571428571429,-0.592429713021,-0.016002415793,-0.0169921474269,-0.871153781027,-0.0362073317693,-0.0183881167863,0.289564071076,0.0873887220929,0.0353998981001,-0.016815140499,-0.00670572972991,0,-0.014388107017,-0.016815140499,0,-0.0651727653757,-0.08888326271,-268,-0.0344916344916,0.0180446728446,0,0,0,321,1,21,989,0.938596491228,0.99898989899,0.0010101010101,0.0614035087719,0.996894409938,0.938596491228,0.96686746988,0.95665054265,0.937586390218,0.935860058309,83,103,0,0,0,0
2888,WLNM_dir_neg,0.968635121124,0.790150304656,00:00:05,10,70,21,1239447256,threshold_sweep,0.8,0.987951807229,0.796116504854,0.881720430108,82,1,21,205,0.796116504854,0.995145631068,0.00485436893204,0.203883495146,0.987951807229,0.796116504854,0.881720430108,0.928802588997,0.577130528587,0.831632653061,0.841548869296,0.791262135922,342,239,103,0,342,0,239,0,103,37,342,0.256756756757,1.72528881811,18.4864864865,15.5454545455,9.77142857143,5.36771015539,0.290358590277,0.142642642643,9.50849154237,1.02869645341,0.544491860281,8.05331334643,0.871264894205,0.461830251304,0.640599570326,0.371299902718,2,1.72528881811,0.640599570326,2,0.344071394247,0.376569037657,810,0.104247104247,0.56957682835,37,37,37,1,0,0.405405405405,0.540540540541,0.0540540540541,37,0.179429429429,1.74447578727,12.9189189189,10.8636363636,6.82857142857,4.1591824676,0.321945086404,0.168607938482,6.47042242565,1.0016971956,0.537826529458,6.03045324718,0.933584812324,0.496890195635,0.660378545539,0.378554148104,2,1.74447578727,0.660378545539,2,0.193922056151,0.183556405354,192,0.0247104247104,0.351732707933,37,37,37,1,0,0.405405405405,0.540540540541,0.0540540540541,37,322,0.241741741742,1.7109007111,17.4054054054,14.6363636364,9.2,4.77528044237,0.274356174484,0.125650495216,8.63733776135,0.992489121646,0.526103743495,8.34287741751,0.958653616298,0.497230149404,0.623784429827,0.364594172988,2,1.7109007111,0.623784429827,2,0.278898628872,0.287685774947,542,0.0697554697555,0.587621501195,37,37,37,1,0,0.405405405405,0.540540540541,0.0540540540541,-20,-0.015015015015,-0.014388107017,-1.08108108108,-0.909090909091,-0.571428571429,-0.592429713021,-0.016002415793,-0.0169921474269,-0.871153781027,-0.0362073317693,-0.0183881167863,0.289564071076,0.0873887220929,0.0353998981001,-0.016815140499,-0.00670572972991,0,-0.014388107017,-0.016815140499,0,-0.0651727653757,-0.08888326271,-268,-0.0344916344916,0.0180446728446,0,0,0,321,1,21,989,0.938596491228,0.99898989899,0.0010101010101,0.0614035087719,0.996894409938,0.938596491228,0.96686746988,0.95665054265,0.937586390218,0.935860058309,83,103,0,0,0,0
2889,WLNM_dir_neg,0.968635121124,0.790150304656,00:00:05,10,70,21,1239447256,threshold_sweep,0.9,0.987951807229,0.796116504854,0.881720430108,82,1,21,205,0.796116504854,0.995145631068,0.00485436893204,0.203883495146,0.987951807229,0.796116504854,0.881720430108,0.928802588997,0.577130528587,0.831632653061,0.841548869296,0.791262135922,342,239,103,0,342,0,239,0,103,37,342,0.256756756757,1.72528881811,18.4864864865,15.5454545455,9.77142857143,5.36771015539,0.290358590277,0.142642642643,9.50849154237,1.02869645341,0.544491860281,8.05331334643,0.871264894205,0.461830251304,0.640599570326,0.371299902718,2,1.72528881811,0.640599570326,2,0.344071394247,0.376569037657,810,0.104247104247,0.56957682835,37,37,37,1,0,0.405405405405,0.540540540541,0.0540540540541,37,0.179429429429,1.74447578727,12.9189189189,10.8636363636,6.82857142857,4.1591824676,0.321945086404,0.168607938482,6.47042242565,1.0016971956,0.537826529458,6.03045324718,0.933584812324,0.496890195635,0.660378545539,0.378554148104,2,1.74447578727,0.660378545539,2,0.193922056151,0.183556405354,192,0.0247104247104,0.351732707933,37,37,37,1,0,0.405405405405,0.540540540541,0.0540540540541,37,322,0.241741741742,1.7109007111,17.4054054054,14.6363636364,9.2,4.77528044237,0.274356174484,0.125650495216,8.63733776135,0.992489121646,0.526103743495,8.34287741751,0.958653616298,0.497230149404,0.623784429827,0.364594172988,2,1.7109007111,0.623784429827,2,0.278898628872,0.287685774947,542,0.0697554697555,0.587621501195,37,37,37,1,0,0.405405405405,0.540540540541,0.0540540540541,-20,-0.015015015015,-0.014388107017,-1.08108108108,-0.909090909091,-0.571428571429,-0.592429713021,-0.016002415793,-0.0169921474269,-0.871153781027,-0.0362073317693,-0.0183881167863,0.289564071076,0.0873887220929,0.0353998981001,-0.016815140499,-0.00670572972991,0,-0.014388107017,-0.016815140499,0,-0.0651727653757,-0.08888326271,-268,-0.0344916344916,0.0180446728446,0,0,0,321,1,21,989,0.938596491228,0.99898989899,0.0010101010101,0.0614035087719,0.996894409938,0.938596491228,0.96686746988,0.95665054265,0.937586390218,0.935860058309,83,103,0,0,0,0
2890,WLNM_dir_neg,0.943679894429,0.857447425608,00:00:05,10,70,22,1239447257,threshold_sweep,0.1,0.965517241379,0.815533980583,0.884210526316,84,3,19,203,0.815533980583,0.985436893204,0.0145631067961,0.184466019417,0.965517241379,0.815533980583,0.884210526316,0.928802588997,0.572815533981,0.833333333333,0.83952345245,0.800970873786,342,239,103,0,342,0,239,0,103,37,342,0.256756756757,1.72528881811,18.4864864865,15.5454545455,9.77142857143,5.36771015539,0.290358590277,0.142642642643,9.50849154237,1.02869645341,0.544491860281,8.05331334643,0.871264894205,0.461830251304,0.640599570326,0.371299902718,2,1.72528881811,0.640599570326,2,0.344071394247,0.376569037657,810,0.104247104247,0.56957682835,37,37,37,1,0,0.405405405405,0.540540540541,0.0540540540541,37,0.179429429429,1.76865978283,12.9189189189,10.8636363636,6.82857142857,4.28419821604,0.331622037644,0.176863055524,6.68578340209,1.03503759781,0.553432093181,5.92356215369,0.917036818772,0.492593011421,0.690973871634,0.390676532785,2,1.76865978283,0.690973871634,2,0.205605974878,0.178990796573,188,0.0241956241956,0.341940399905,37,37,37,1,0,0.405405405405,0.540540540541,0.0540540540541,37,326,0.244744744745,1.74381838331,17.6216216216,14.8181818182,9.31428571429,5.06815412021,0.287609973079,0.139280384679,9.00875450091,1.02246600164,0.539379870668,7.82033616014,0.887584165415,0.474216547836,0.665689154992,0.381742251007,2,1.74381838331,0.665689154992,2,0.317555013327,0.329943113256,638,0.0821106821107,0.535822571021,37,37,37,1,0,0.405405405405,0.540540540541,0.0540540540541,-16,-0.012012012012,0.0185295651962,-0.864864864865,-0.727272727273,-0.457142857143,-0.299556035185,-0.00274861719781,-0.00336225796348,-0.499737041465,-0.00623045177784,-0.00511198961312,-0.23297718629,0.0163192712103,0.0123862965322,0.0250895846664,0.0104423482892,0,0.0185295651962,0.0250895846664,0,-0.0265163809205,-0.0466259244006,-172,-0.0221364221364,-0.0337542573287,0,0,0,323,3,19,987,0.944444444444,0.99696969697,0.0030303030303,0.0555555555556,0.990797546012,0.944444444444,0.967065868263,0.956540973264,0.941414141414,0.936231884058,87,103,0,0,0,0
2891,WLNM_dir_neg,0.943679894429,0.857447425608,00:00:05,10,70,22,1239447257,threshold_sweep,0.2,0.96511627907,0.805825242718,0.878306878307,83,3,20,203,0.805825242718,0.985436893204,0.0145631067961,0.194174757282,0.96511627907,0.805825242718,0.878306878307,0.925566343042,0.573894282632,0.825316455696,0.83228285721,0.791262135922,342,239,103,0,342,0,239,0,103,37,342,0.256756756757,1.72528881811,18.4864864865,15.5454545455,9.77142857143,5.36771015539,0.290358590277,0.142642642643,9.50849154237,1.02869645341,0.544491860281,8.05331334643,0.871264894205,0.461830251304,0.640599570326,0.371299902718,2,1.72528881811,0.640599570326,2,0.344071394247,0.376569037657,810,0.104247104247,0.56957682835,37,37,37,1,0,0.405405405405,0.540540540541,0.0540540540541,37,0.179429429429,1.76865978283,12.9189189189,10.8636363636,6.82857142857,4.28419821604,0.331622037644,0.176863055524,6.68578340209,1.03503759781,0.553432093181,5.92356215369,0.917036818772,0.492593011421,0.690973871634,0.390676532785,2,1.76865978283,0.690973871634,2,0.205605974878,0.178990796573,188,0.0241956241956,0.341940399905,37,37,37,1,0,0.405405405405,0.540540540541,0.0540540540541,37,325,0.243993993994,1.74250606303,17.5675675676,14.7727272727,9.28571428571,5.08560353973,0.289488201493,0.139625779626,8.94779654793,1.01867222238,0.538045738046,7.84267221727,0.892858067812,0.476507276507,0.663917994194,0.381013305079,2,1.74250606303,0.663917994194,2,0.313515164459,0.331195840555,637,0.081981981982,0.536755331903,37,37,37,1,0,0.405405405405,0.540540540541,0.0540540540541,-17,-0.0127627627628,0.0172172449125,-0.918918918919,-0.772727272727,-0.485714285714,-0.282106615658,-0.000870388784525,-0.00301686301686,-0.560694994449,-0.0100242310356,-0.0064461222356,-0.210641129166,0.0215931736072,0.0146770252033,0.0233184238676,0.0097134023609,0,0.0172172449125,0.0233184238676,0,-0.030556229788,-0.0453731971023,-173,-0.0222651222651,-0.0328214964473,0,0,0,322,3,20,987,0.941520467836,0.99696969697,0.0030303030303,0.0584795321637,0.990769230769,0.941520467836,0.965517241379,0.954561601296,0.938490164806,0.933333333333,86,103,0,0,0,0
2892,WLNM_dir_neg,0.943679894429,0.857447425608,00:00:05,10,70,22,1239447257,threshold_sweep,0.3,0.96511627907,0.805825242718,0.878306878307,83,3,20,203,0.805825242718,0.985436893204,0.0145631067961,0.194174757282,0.96511627907,0.805825242718,0.878306878307,0.925566343042,0.573894282632,0.825316455696,0.83228285721,0.791262135922,342,239,103,0,342,0,239,0,103,37,342,0.256756756757,1.72528881811,18.4864864865,15.5454545455,9.77142857143,5.36771015539,0.290358590277,0.142642642643,9.50849154237,1.02869645341,0.544491860281,8.05331334643,0.871264894205,0.461830251304,0.640599570326,0.371299902718,2,1.72528881811,0.640599570326,2,0.344071394247,0.376569037657,810,0.104247104247,0.56957682835,37,37,37,1,0,0.405405405405,0.540540540541,0.0540540540541,37,0.179429429429,1.76865978283,12.9189189189,10.8636363636,6.82857142857,4.28419821604,0.331622037644,0.176863055524,6.68578340209,1.03503759781,0.553432093181,5.92356215369,0.917036818772,0.492593011421,0.690973871634,0.390676532785,2,1.76865978283,0.690973871634,2,0.205605974878,0.178990796573,188,0.0241956241956,0.341940399905,37,37,37,1,0,0.405405405405,0.540540540541,0.0540540540541,37,325,0.243993993994,1.74250606303,17.5675675676,14.7727272727,9.28571428571,5.08560353973,0.289488201493,0.139625779626,8.94779654793,1.01867222238,0.538045738046,7.84267221727,0.892858067812,0.476507276507,0.663917994194,0.381013305079,2,1.74250606303,0.663917994194,2,0.313515164459,0.331195840555,637,0.081981981982,0.536755331903,37,37,37,1,0,0.405405405405,0.540540540541,0.0540540540541,-17,-0.0127627627628,0.0172172449125,-0.918918918919,-0.772727272727,-0.485714285714,-0.282106615658,-0.000870388784525,-0.00301686301686,-0.560694994449,-0.0100242310356,-0.0064461222356,-0.210641129166,0.0215931736072,0.0146770252033,0.0233184238676,0.0097134023609,0,0.0172172449125,0.0233184238676,0,-0.030556229788,-0.0453731971023,-173,-0.0222651222651,-0.0328214964473,0,0,0,322,3,20,987,0.941520467836,0.99696969697,0.0030303030303,0.0584795321637,0.990769230769,0.941520467836,0.965517241379,0.954561601296,0.938490164806,0.933333333333,86,103,0,0,0,0
2893,WLNM_dir_neg,0.943679894429,0.857447425608,00:00:05,10,70,22,1239447257,threshold_sweep,0.4,0.96511627907,0.805825242718,0.878306878307,83,3,20,203,0.805825242718,0.985436893204,0.0145631067961,0.194174757282,0.96511627907,0.805825242718,0.878306878307,0.925566343042,0.573894282632,0.825316455696,0.83228285721,0.791262135922,342,239,103,0,342,0,239,0,103,37,342,0.256756756757,1.72528881811,18.4864864865,15.5454545455,9.77142857143,5.36771015539,0.290358590277,0.142642642643,9.50849154237,1.02869645341,0.544491860281,8.05331334643,0.871264894205,0.461830251304,0.640599570326,0.371299902718,2,1.72528881811,0.640599570326,2,0.344071394247,0.376569037657,810,0.104247104247,0.56957682835,37,37,37,1,0,0.405405405405,0.540540540541,0.0540540540541,37,0.179429429429,1.76865978283,12.9189189189,10.8636363636,6.82857142857,4.28419821604,0.331622037644,0.176863055524,6.68578340209,1.03503759781,0.553432093181,5.92356215369,0.917036818772,0.492593011421,0.690973871634,0.390676532785,2,1.76865978283,0.690973871634,2,0.205605974878,0.178990796573,188,0.0241956241956,0.341940399905,37,37,37,1,0,0.405405405405,0.540540540541,0.0540540540541,37,325,0.243993993994,1.74250606303,17.5675675676,14.7727272727,9.28571428571,5.08560353973,0.289488201493,0.139625779626,8.94779654793,1.01867222238,0.538045738046,7.84267221727,0.892858067812,0.476507276507,0.663917994194,0.381013305079,2,1.74250606303,0.663917994194,2,0.313515164459,0.331195840555,637,0.081981981982,0.536755331903,37,37,37,1,0,0.405405405405,0.540540540541,0.0540540540541,-17,-0.0127627627628,0.0172172449125,-0.918918918919,-0.772727272727,-0.485714285714,-0.282106615658,-0.000870388784525,-0.00301686301686,-0.560694994449,-0.0100242310356,-0.0064461222356,-0.210641129166,0.0215931736072,0.0146770252033,0.0233184238676,0.0097134023609,0,0.0172172449125,0.0233184238676,0,-0.030556229788,-0.0453731971023,-173,-0.0222651222651,-0.0328214964473,0,0,0,322,3,20,987,0.941520467836,0.99696969697,0.0030303030303,0.0584795321637,0.990769230769,0.941520467836,0.965517241379,0.954561601296,0.938490164806,0.933333333333,86,103,0,0,0,0
2894,WLNM_dir_neg,0.943679894429,0.857447425608,00:00:05,10,70,22,1239447257,threshold_sweep,0.5,0.96511627907,0.805825242718,0.878306878307,83,3,20,203,0.805825242718,0.985436893204,0.0145631067961,0.194174757282,0.96511627907,0.805825242718,0.878306878307,0.925566343042,0.573894282632,0.825316455696,0.83228285721,0.791262135922,342,239,103,0,342,0,239,0,103,37,342,0.256756756757,1.72528881811,18.4864864865,15.5454545455,9.77142857143,5.36771015539,0.290358590277,0.142642642643,9.50849154237,1.02869645341,0.544491860281,8.05331334643,0.871264894205,0.461830251304,0.640599570326,0.371299902718,2,1.72528881811,0.640599570326,2,0.344071394247,0.376569037657,810,0.104247104247,0.56957682835,37,37,37,1,0,0.405405405405,0.540540540541,0.0540540540541,37,0.179429429429,1.76865978283,12.9189189189,10.8636363636,6.82857142857,4.28419821604,0.331622037644,0.176863055524,6.68578340209,1.03503759781,0.553432093181,5.92356215369,0.917036818772,0.492593011421,0.690973871634,0.390676532785,2,1.76865978283,0.690973871634,2,0.205605974878,0.178990796573,188,0.0241956241956,0.341940399905,37,37,37,1,0,0.405405405405,0.540540540541,0.0540540540541,37,325,0.243993993994,1.74250606303,17.5675675676,14.7727272727,9.28571428571,5.08560353973,0.289488201493,0.139625779626,8.94779654793,1.01867222238,0.538045738046,7.84267221727,0.892858067812,0.476507276507,0.663917994194,0.381013305079,2,1.74250606303,0.663917994194,2,0.313515164459,0.331195840555,637,0.081981981982,0.536755331903,37,37,37,1,0,0.405405405405,0.540540540541,0.0540540540541,-17,-0.0127627627628,0.0172172449125,-0.918918918919,-0.772727272727,-0.485714285714,-0.282106615658,-0.000870388784525,-0.00301686301686,-0.560694994449,-0.0100242310356,-0.0064461222356,-0.210641129166,0.0215931736072,0.0146770252033,0.0233184238676,0.0097134023609,0,0.0172172449125,0.0233184238676,0,-0.030556229788,-0.0453731971023,-173,-0.0222651222651,-0.0328214964473,0,0,0,322,3,20,987,0.941520467836,0.99696969697,0.0030303030303,0.0584795321637,0.990769230769,0.941520467836,0.965517241379,0.954561601296,0.938490164806,0.933333333333,86,103,0,0,0,0
2895,WLNM_dir_neg,0.943679894429,0.857447425608,00:00:05,10,70,22,1239447257,threshold_sweep,0.6,0.96511627907,0.805825242718,0.878306878307,83,3,20,203,0.805825242718,0.985436893204,0.0145631067961,0.194174757282,0.96511627907,0.805825242718,0.878306878307,0.925566343042,0.573894282632,0.825316455696,0.83228285721,0.791262135922,342,239,103,0,342,0,239,0,103,37,342,0.256756756757,1.72528881811,18.4864864865,15.5454545455,9.77142857143,5.36771015539,0.290358590277,0.142642642643,9.50849154237,1.02869645341,0.544491860281,8.05331334643,0.871264894205,0.461830251304,0.640599570326,0.371299902718,2,1.72528881811,0.640599570326,2,0.344071394247,0.376569037657,810,0.104247104247,0.56957682835,37,37,37,1,0,0.405405405405,0.540540540541,0.0540540540541,37,0.179429429429,1.76865978283,12.9189189189,10.8636363636,6.82857142857,4.28419821604,0.331622037644,0.176863055524,6.68578340209,1.03503759781,0.553432093181,5.92356215369,0.917036818772,0.492593011421,0.690973871634,0.390676532785,2,1.76865978283,0.690973871634,2,0.205605974878,0.178990796573,188,0.0241956241956,0.341940399905,37,37,37,1,0,0.405405405405,0.540540540541,0.0540540540541,37,325,0.243993993994,1.74250606303,17.5675675676,14.7727272727,9.28571428571,5.08560353973,0.289488201493,0.139625779626,8.94779654793,1.01867222238,0.538045738046,7.84267221727,0.892858067812,0.476507276507,0.663917994194,0.381013305079,2,1.74250606303,0.663917994194,2,0.313515164459,0.331195840555,637,0.081981981982,0.536755331903,37,37,37,1,0,0.405405405405,0.540540540541,0.0540540540541,-17,-0.0127627627628,0.0172172449125,-0.918918918919,-0.772727272727,-0.485714285714,-0.282106615658,-0.000870388784525,-0.00301686301686,-0.560694994449,-0.0100242310356,-0.0064461222356,-0.210641129166,0.0215931736072,0.0146770252033,0.0233184238676,0.0097134023609,0,0.0172172449125,0.0233184238676,0,-0.030556229788,-0.0453731971023,-173,-0.0222651222651,-0.0328214964473,0,0,0,322,3,20,987,0.941520467836,0.99696969697,0.0030303030303,0.0584795321637,0.990769230769,0.941520467836,0.965517241379,0.954561601296,0.938490164806,0.933333333333,86,103,0,0,0,0
2896,WLNM_dir_neg,0.943679894429,0.857447425608,00:00:05,10,70,22,1239447257,threshold_sweep,0.7,0.96511627907,0.805825242718,0.878306878307,83,3,20,203,0.805825242718,0.985436893204,0.0145631067961,0.194174757282,0.96511627907,0.805825242718,0.878306878307,0.925566343042,0.573894282632,0.825316455696,0.83228285721,0.791262135922,342,239,103,0,342,0,239,0,103,37,342,0.256756756757,1.72528881811,18.4864864865,15.5454545455,9.77142857143,5.36771015539,0.290358590277,0.142642642643,9.50849154237,1.02869645341,0.544491860281,8.05331334643,0.871264894205,0.461830251304,0.640599570326,0.371299902718,2,1.72528881811,0.640599570326,2,0.344071394247,0.376569037657,810,0.104247104247,0.56957682835,37,37,37,1,0,0.405405405405,0.540540540541,0.0540540540541,37,0.179429429429,1.76865978283,12.9189189189,10.8636363636,6.82857142857,4.28419821604,0.331622037644,0.176863055524,6.68578340209,1.03503759781,0.553432093181,5.92356215369,0.917036818772,0.492593011421,0.690973871634,0.390676532785,2,1.76865978283,0.690973871634,2,0.205605974878,0.178990796573,188,0.0241956241956,0.341940399905,37,37,37,1,0,0.405405405405,0.540540540541,0.0540540540541,37,325,0.243993993994,1.74250606303,17.5675675676,14.7727272727,9.28571428571,5.08560353973,0.289488201493,0.139625779626,8.94779654793,1.01867222238,0.538045738046,7.84267221727,0.892858067812,0.476507276507,0.663917994194,0.381013305079,2,1.74250606303,0.663917994194,2,0.313515164459,0.331195840555,637,0.081981981982,0.536755331903,37,37,37,1,0,0.405405405405,0.540540540541,0.0540540540541,-17,-0.0127627627628,0.0172172449125,-0.918918918919,-0.772727272727,-0.485714285714,-0.282106615658,-0.000870388784525,-0.00301686301686,-0.560694994449,-0.0100242310356,-0.0064461222356,-0.210641129166,0.0215931736072,0.0146770252033,0.0233184238676,0.0097134023609,0,0.0172172449125,0.0233184238676,0,-0.030556229788,-0.0453731971023,-173,-0.0222651222651,-0.0328214964473,0,0,0,322,3,20,987,0.941520467836,0.99696969697,0.0030303030303,0.0584795321637,0.990769230769,0.941520467836,0.965517241379,0.954561601296,0.938490164806,0.933333333333,86,103,0,0,0,0
2897,WLNM_dir_neg,0.943679894429,0.857447425608,00:00:05,10,70,22,1239447257,threshold_sweep,0.8,0.96511627907,0.805825242718,0.878306878307,83,3,20,203,0.805825242718,0.985436893204,0.0145631067961,0.194174757282,0.96511627907,0.805825242718,0.878306878307,0.925566343042,0.573894282632,0.825316455696,0.83228285721,0.791262135922,342,239,103,0,342,0,239,0,103,37,342,0.256756756757,1.72528881811,18.4864864865,15.5454545455,9.77142857143,5.36771015539,0.290358590277,0.142642642643,9.50849154237,1.02869645341,0.544491860281,8.05331334643,0.871264894205,0.461830251304,0.640599570326,0.371299902718,2,1.72528881811,0.640599570326,2,0.344071394247,0.376569037657,810,0.104247104247,0.56957682835,37,37,37,1,0,0.405405405405,0.540540540541,0.0540540540541,37,0.179429429429,1.76865978283,12.9189189189,10.8636363636,6.82857142857,4.28419821604,0.331622037644,0.176863055524,6.68578340209,1.03503759781,0.553432093181,5.92356215369,0.917036818772,0.492593011421,0.690973871634,0.390676532785,2,1.76865978283,0.690973871634,2,0.205605974878,0.178990796573,188,0.0241956241956,0.341940399905,37,37,37,1,0,0.405405405405,0.540540540541,0.0540540540541,37,325,0.243993993994,1.74250606303,17.5675675676,14.7727272727,9.28571428571,5.08560353973,0.289488201493,0.139625779626,8.94779654793,1.01867222238,0.538045738046,7.84267221727,0.892858067812,0.476507276507,0.663917994194,0.381013305079,2,1.74250606303,0.663917994194,2,0.313515164459,0.331195840555,637,0.081981981982,0.536755331903,37,37,37,1,0,0.405405405405,0.540540540541,0.0540540540541,-17,-0.0127627627628,0.0172172449125,-0.918918918919,-0.772727272727,-0.485714285714,-0.282106615658,-0.000870388784525,-0.00301686301686,-0.560694994449,-0.0100242310356,-0.0064461222356,-0.210641129166,0.0215931736072,0.0146770252033,0.0233184238676,0.0097134023609,0,0.0172172449125,0.0233184238676,0,-0.030556229788,-0.0453731971023,-173,-0.0222651222651,-0.0328214964473,0,0,0,322,3,20,987,0.941520467836,0.99696969697,0.0030303030303,0.0584795321637,0.990769230769,0.941520467836,0.965517241379,0.954561601296,0.938490164806,0.933333333333,86,103,0,0,0,0
2898,WLNM_dir_neg,0.943679894429,0.857447425608,00:00:05,10,70,22,1239447257,threshold_sweep,0.9,0.96511627907,0.805825242718,0.878306878307,83,3,20,203,0.805825242718,0.985436893204,0.0145631067961,0.194174757282,0.96511627907,0.805825242718,0.878306878307,0.925566343042,0.573894282632,0.825316455696,0.83228285721,0.791262135922,342,239,103,0,342,0,239,0,103,37,342,0.256756756757,1.72528881811,18.4864864865,15.5454545455,9.77142857143,5.36771015539,0.290358590277,0.142642642643,9.50849154237,1.02869645341,0.544491860281,8.05331334643,0.871264894205,0.461830251304,0.640599570326,0.371299902718,2,1.72528881811,0.640599570326,2,0.344071394247,0.376569037657,810,0.104247104247,0.56957682835,37,37,37,1,0,0.405405405405,0.540540540541,0.0540540540541,37,0.179429429429,1.76865978283,12.9189189189,10.8636363636,6.82857142857,4.28419821604,0.331622037644,0.176863055524,6.68578340209,1.03503759781,0.553432093181,5.92356215369,0.917036818772,0.492593011421,0.690973871634,0.390676532785,2,1.76865978283,0.690973871634,2,0.205605974878,0.178990796573,188,0.0241956241956,0.341940399905,37,37,37,1,0,0.405405405405,0.540540540541,0.0540540540541,37,325,0.243993993994,1.74250606303,17.5675675676,14.7727272727,9.28571428571,5.08560353973,0.289488201493,0.139625779626,8.94779654793,1.01867222238,0.538045738046,7.84267221727,0.892858067812,0.476507276507,0.663917994194,0.381013305079,2,1.74250606303,0.663917994194,2,0.313515164459,0.331195840555,637,0.081981981982,0.536755331903,37,37,37,1,0,0.405405405405,0.540540540541,0.0540540540541,-17,-0.0127627627628,0.0172172449125,-0.918918918919,-0.772727272727,-0.485714285714,-0.282106615658,-0.000870388784525,-0.00301686301686,-0.560694994449,-0.0100242310356,-0.0064461222356,-0.210641129166,0.0215931736072,0.0146770252033,0.0233184238676,0.0097134023609,0,0.0172172449125,0.0233184238676,0,-0.030556229788,-0.0453731971023,-173,-0.0222651222651,-0.0328214964473,0,0,0,322,3,20,987,0.941520467836,0.99696969697,0.0030303030303,0.0584795321637,0.990769230769,0.941520467836,0.965517241379,0.954561601296,0.938490164806,0.933333333333,86,103,0,0,0,0
2899,WLNM_dir_neg,0.977354133283,0.920204253042,00:00:05,10,70,23,1239447258,threshold_sweep,0.1,0.978723404255,0.893203883495,0.934010152284,92,2,11,204,0.893203883495,0.990291262136,0.00970873786408,0.106796116505,0.978723404255,0.893203883495,0.934010152284,0.957928802589,0.56526429342,0.903225806452,0.905259796609,0.883495145631,342,239,103,0,342,0,239,0,103,37,342,0.256756756757,1.72528881811,18.4864864865,15.5454545455,9.77142857143,5.36771015539,0.290358590277,0.142642642643,9.50849154237,1.02869645341,0.544491860281,8.05331334643,0.871264894205,0.461830251304,0.640599570326,0.371299902718,2,1.72528881811,0.640599570326,2,0.344071394247,0.376569037657,810,0.104247104247,0.56957682835,37,37,37,1,0,0.405405405405,0.540540540541,0.0540540540541,37,0.179429429429,1.76127045377,12.9189189189,10.8636363636,6.82857142857,3.77402215723,0.292131422212,0.157073391383,6.56842021678,1.01686840176,0.546194730295,5.75709511335,0.891265770686,0.47834445324,0.676896241975,0.384322714622,2,1.76127045377,0.676896241975,2,0.198600822053,0.162768031189,167,0.0214929214929,0.330344880898,37,37,37,1,0,0.405405405405,0.540540540541,0.0540540540541,37,333,0.25,1.71804837457,18,15.1363636364,9.51428571429,4.80740170062,0.267077872257,0.128317506696,9.05845216113,1.00649468457,0.534372210048,8.24284201259,0.915871334732,0.48194140086,0.632015022099,0.367868001538,2,1.71804837457,0.632015022099,2,0.303641524371,0.320735952263,645,0.0830115830116,0.579701964479,37,37,37,1,0,0.405405405405,0.540540540541,0.0540540540541,-9,-0.00675675675676,-0.00724044354634,-0.486486486486,-0.409090909091,-0.257142857143,-0.560308454775,-0.0232807180205,-0.0143251359468,-0.450039381241,-0.0222017688443,-0.0101196502334,0.189528666151,0.0446064405268,0.0201111495564,-0.00858454822748,-0.00343190117948,0,-0.00724044354634,-0.00858454822748,0,-0.0404298698763,-0.0558330853943,-165,-0.0212355212355,0.0101251361296,0,0,0,331,2,11,988,0.96783625731,0.99797979798,0.0020202020202,0.0321637426901,0.993993993994,0.96783625731,0.980740740741,0.974361712631,0.96581605529,0.962209302326,94,103,0,0,0,0
2900,WLNM_dir_neg,0.977354133283,0.920204253042,00:00:05,10,70,23,1239447258,threshold_sweep,0.2,0.978723404255,0.893203883495,0.934010152284,92,2,11,204,0.893203883495,0.990291262136,0.00970873786408,0.106796116505,0.978723404255,0.893203883495,0.934010152284,0.957928802589,0.56526429342,0.903225806452,0.905259796609,0.883495145631,342,239,103,0,342,0,239,0,103,37,342,0.256756756757,1.72528881811,18.4864864865,15.5454545455,9.77142857143,5.36771015539,0.290358590277,0.142642642643,9.50849154237,1.02869645341,0.544491860281,8.05331334643,0.871264894205,0.461830251304,0.640599570326,0.371299902718,2,1.72528881811,0.640599570326,2,0.344071394247,0.376569037657,810,0.104247104247,0.56957682835,37,37,37,1,0,0.405405405405,0.540540540541,0.0540540540541,37,0.179429429429,1.76127045377,12.9189189189,10.8636363636,6.82857142857,3.77402215723,0.292131422212,0.157073391383,6.56842021678,1.01686840176,0.546194730295,5.75709511335,0.891265770686,0.47834445324,0.676896241975,0.384322714622,2,1.76127045377,0.676896241975,2,0.198600822053,0.162768031189,167,0.0214929214929,0.330344880898,37,37,37,1,0,0.405405405405,0.540540540541,0.0540540540541,37,333,0.25,1.71804837457,18,15.1363636364,9.51428571429,4.80740170062,0.267077872257,0.128317506696,9.05845216113,1.00649468457,0.534372210048,8.24284201259,0.915871334732,0.48194140086,0.632015022099,0.367868001538,2,1.71804837457,0.632015022099,2,0.303641524371,0.320735952263,645,0.0830115830116,0.579701964479,37,37,37,1,0,0.405405405405,0.540540540541,0.0540540540541,-9,-0.00675675675676,-0.00724044354634,-0.486486486486,-0.409090909091,-0.257142857143,-0.560308454775,-0.0232807180205,-0.0143251359468,-0.450039381241,-0.0222017688443,-0.0101196502334,0.189528666151,0.0446064405268,0.0201111495564,-0.00858454822748,-0.00343190117948,0,-0.00724044354634,-0.00858454822748,0,-0.0404298698763,-0.0558330853943,-165,-0.0212355212355,0.0101251361296,0,0,0,331,2,11,988,0.96783625731,0.99797979798,0.0020202020202,0.0321637426901,0.993993993994,0.96783625731,0.980740740741,0.974361712631,0.96581605529,0.962209302326,94,103,0,0,0,0
2901,WLNM_dir_neg,0.977354133283,0.920204253042,00:00:05,10,70,23,1239447258,threshold_sweep,0.3,0.978723404255,0.893203883495,0.934010152284,92,2,11,204,0.893203883495,0.990291262136,0.00970873786408,0.106796116505,0.978723404255,0.893203883495,0.934010152284,0.957928802589,0.56526429342,0.903225806452,0.905259796609,0.883495145631,342,239,103,0,342,0,239,0,103,37,342,0.256756756757,1.72528881811,18.4864864865,15.5454545455,9.77142857143,5.36771015539,0.290358590277,0.142642642643,9.50849154237,1.02869645341,0.544491860281,8.05331334643,0.871264894205,0.461830251304,0.640599570326,0.371299902718,2,1.72528881811,0.640599570326,2,0.344071394247,0.376569037657,810,0.104247104247,0.56957682835,37,37,37,1,0,0.405405405405,0.540540540541,0.0540540540541,37,0.179429429429,1.76127045377,12.9189189189,10.8636363636,6.82857142857,3.77402215723,0.292131422212,0.157073391383,6.56842021678,1.01686840176,0.546194730295,5.75709511335,0.891265770686,0.47834445324,0.676896241975,0.384322714622,2,1.76127045377,0.676896241975,2,0.198600822053,0.162768031189,167,0.0214929214929,0.330344880898,37,37,37,1,0,0.405405405405,0.540540540541,0.0540540540541,37,333,0.25,1.71804837457,18,15.1363636364,9.51428571429,4.80740170062,0.267077872257,0.128317506696,9.05845216113,1.00649468457,0.534372210048,8.24284201259,0.915871334732,0.48194140086,0.632015022099,0.367868001538,2,1.71804837457,0.632015022099,2,0.303641524371,0.320735952263,645,0.0830115830116,0.579701964479,37,37,37,1,0,0.405405405405,0.540540540541,0.0540540540541,-9,-0.00675675675676,-0.00724044354634,-0.486486486486,-0.409090909091,-0.257142857143,-0.560308454775,-0.0232807180205,-0.0143251359468,-0.450039381241,-0.0222017688443,-0.0101196502334,0.189528666151,0.0446064405268,0.0201111495564,-0.00858454822748,-0.00343190117948,0,-0.00724044354634,-0.00858454822748,0,-0.0404298698763,-0.0558330853943,-165,-0.0212355212355,0.0101251361296,0,0,0,331,2,11,988,0.96783625731,0.99797979798,0.0020202020202,0.0321637426901,0.993993993994,0.96783625731,0.980740740741,0.974361712631,0.96581605529,0.962209302326,94,103,0,0,0,0
2902,WLNM_dir_neg,0.977354133283,0.920204253042,00:00:05,10,70,23,1239447258,threshold_sweep,0.4,0.978723404255,0.893203883495,0.934010152284,92,2,11,204,0.893203883495,0.990291262136,0.00970873786408,0.106796116505,0.978723404255,0.893203883495,0.934010152284,0.957928802589,0.56526429342,0.903225806452,0.905259796609,0.883495145631,342,239,103,0,342,0,239,0,103,37,342,0.256756756757,1.72528881811,18.4864864865,15.5454545455,9.77142857143,5.36771015539,0.290358590277,0.142642642643,9.50849154237,1.02869645341,0.544491860281,8.05331334643,0.871264894205,0.461830251304,0.640599570326,0.371299902718,2,1.72528881811,0.640599570326,2,0.344071394247,0.376569037657,810,0.104247104247,0.56957682835,37,37,37,1,0,0.405405405405,0.540540540541,0.0540540540541,37,0.179429429429,1.76127045377,12.9189189189,10.8636363636,6.82857142857,3.77402215723,0.292131422212,0.157073391383,6.56842021678,1.01686840176,0.546194730295,5.75709511335,0.891265770686,0.47834445324,0.676896241975,0.384322714622,2,1.76127045377,0.676896241975,2,0.198600822053,0.162768031189,167,0.0214929214929,0.330344880898,37,37,37,1,0,0.405405405405,0.540540540541,0.0540540540541,37,333,0.25,1.71804837457,18,15.1363636364,9.51428571429,4.80740170062,0.267077872257,0.128317506696,9.05845216113,1.00649468457,0.534372210048,8.24284201259,0.915871334732,0.48194140086,0.632015022099,0.367868001538,2,1.71804837457,0.632015022099,2,0.303641524371,0.320735952263,645,0.0830115830116,0.579701964479,37,37,37,1,0,0.405405405405,0.540540540541,0.0540540540541,-9,-0.00675675675676,-0.00724044354634,-0.486486486486,-0.409090909091,-0.257142857143,-0.560308454775,-0.0232807180205,-0.0143251359468,-0.450039381241,-0.0222017688443,-0.0101196502334,0.189528666151,0.0446064405268,0.0201111495564,-0.00858454822748,-0.00343190117948,0,-0.00724044354634,-0.00858454822748,0,-0.0404298698763,-0.0558330853943,-165,-0.0212355212355,0.0101251361296,0,0,0,331,2,11,988,0.96783625731,0.99797979798,0.0020202020202,0.0321637426901,0.993993993994,0.96783625731,0.980740740741,0.974361712631,0.96581605529,0.962209302326,94,103,0,0,0,0
2903,WLNM_dir_neg,0.977354133283,0.920204253042,00:00:05,10,70,23,1239447258,threshold_sweep,0.5,0.978723404255,0.893203883495,0.934010152284,92,2,11,204,0.893203883495,0.990291262136,0.00970873786408,0.106796116505,0.978723404255,0.893203883495,0.934010152284,0.957928802589,0.56526429342,0.903225806452,0.905259796609,0.883495145631,342,239,103,0,342,0,239,0,103,37,342,0.256756756757,1.72528881811,18.4864864865,15.5454545455,9.77142857143,5.36771015539,0.290358590277,0.142642642643,9.50849154237,1.02869645341,0.544491860281,8.05331334643,0.871264894205,0.461830251304,0.640599570326,0.371299902718,2,1.72528881811,0.640599570326,2,0.344071394247,0.376569037657,810,0.104247104247,0.56957682835,37,37,37,1,0,0.405405405405,0.540540540541,0.0540540540541,37,0.179429429429,1.76127045377,12.9189189189,10.8636363636,6.82857142857,3.77402215723,0.292131422212,0.157073391383,6.56842021678,1.01686840176,0.546194730295,5.75709511335,0.891265770686,0.47834445324,0.676896241975,0.384322714622,2,1.76127045377,0.676896241975,2,0.198600822053,0.162768031189,167,0.0214929214929,0.330344880898,37,37,37,1,0,0.405405405405,0.540540540541,0.0540540540541,37,333,0.25,1.71804837457,18,15.1363636364,9.51428571429,4.80740170062,0.267077872257,0.128317506696,9.05845216113,1.00649468457,0.534372210048,8.24284201259,0.915871334732,0.48194140086,0.632015022099,0.367868001538,2,1.71804837457,0.632015022099,2,0.303641524371,0.320735952263,645,0.0830115830116,0.579701964479,37,37,37,1,0,0.405405405405,0.540540540541,0.0540540540541,-9,-0.00675675675676,-0.00724044354634,-0.486486486486,-0.409090909091,-0.257142857143,-0.560308454775,-0.0232807180205,-0.0143251359468,-0.450039381241,-0.0222017688443,-0.0101196502334,0.189528666151,0.0446064405268,0.0201111495564,-0.00858454822748,-0.00343190117948,0,-0.00724044354634,-0.00858454822748,0,-0.0404298698763,-0.0558330853943,-165,-0.0212355212355,0.0101251361296,0,0,0,331,2,11,988,0.96783625731,0.99797979798,0.0020202020202,0.0321637426901,0.993993993994,0.96783625731,0.980740740741,0.974361712631,0.96581605529,0.962209302326,94,103,0,0,0,0
2904,WLNM_dir_neg,0.977354133283,0.920204253042,00:00:05,10,70,23,1239447258,threshold_sweep,0.6,0.978723404255,0.893203883495,0.934010152284,92,2,11,204,0.893203883495,0.990291262136,0.00970873786408,0.106796116505,0.978723404255,0.893203883495,0.934010152284,0.957928802589,0.56526429342,0.903225806452,0.905259796609,0.883495145631,342,239,103,0,342,0,239,0,103,37,342,0.256756756757,1.72528881811,18.4864864865,15.5454545455,9.77142857143,5.36771015539,0.290358590277,0.142642642643,9.50849154237,1.02869645341,0.544491860281,8.05331334643,0.871264894205,0.461830251304,0.640599570326,0.371299902718,2,1.72528881811,0.640599570326,2,0.344071394247,0.376569037657,810,0.104247104247,0.56957682835,37,37,37,1,0,0.405405405405,0.540540540541,0.0540540540541,37,0.179429429429,1.76127045377,12.9189189189,10.8636363636,6.82857142857,3.77402215723,0.292131422212,0.157073391383,6.56842021678,1.01686840176,0.546194730295,5.75709511335,0.891265770686,0.47834445324,0.676896241975,0.384322714622,2,1.76127045377,0.676896241975,2,0.198600822053,0.162768031189,167,0.0214929214929,0.330344880898,37,37,37,1,0,0.405405405405,0.540540540541,0.0540540540541,37,333,0.25,1.71804837457,18,15.1363636364,9.51428571429,4.80740170062,0.267077872257,0.128317506696,9.05845216113,1.00649468457,0.534372210048,8.24284201259,0.915871334732,0.48194140086,0.632015022099,0.367868001538,2,1.71804837457,0.632015022099,2,0.303641524371,0.320735952263,645,0.0830115830116,0.579701964479,37,37,37,1,0,0.405405405405,0.540540540541,0.0540540540541,-9,-0.00675675675676,-0.00724044354634,-0.486486486486,-0.409090909091,-0.257142857143,-0.560308454775,-0.0232807180205,-0.0143251359468,-0.450039381241,-0.0222017688443,-0.0101196502334,0.189528666151,0.0446064405268,0.0201111495564,-0.00858454822748,-0.00343190117948,0,-0.00724044354634,-0.00858454822748,0,-0.0404298698763,-0.0558330853943,-165,-0.0212355212355,0.0101251361296,0,0,0,331,2,11,988,0.96783625731,0.99797979798,0.0020202020202,0.0321637426901,0.993993993994,0.96783625731,0.980740740741,0.974361712631,0.96581605529,0.962209302326,94,103,0,0,0,0
2905,WLNM_dir_neg,0.977354133283,0.920204253042,00:00:05,10,70,23,1239447258,threshold_sweep,0.7,0.978723404255,0.893203883495,0.934010152284,92,2,11,204,0.893203883495,0.990291262136,0.00970873786408,0.106796116505,0.978723404255,0.893203883495,0.934010152284,0.957928802589,0.56526429342,0.903225806452,0.905259796609,0.883495145631,342,239,103,0,342,0,239,0,103,37,342,0.256756756757,1.72528881811,18.4864864865,15.5454545455,9.77142857143,5.36771015539,0.290358590277,0.142642642643,9.50849154237,1.02869645341,0.544491860281,8.05331334643,0.871264894205,0.461830251304,0.640599570326,0.371299902718,2,1.72528881811,0.640599570326,2,0.344071394247,0.376569037657,810,0.104247104247,0.56957682835,37,37,37,1,0,0.405405405405,0.540540540541,0.0540540540541,37,0.179429429429,1.76127045377,12.9189189189,10.8636363636,6.82857142857,3.77402215723,0.292131422212,0.157073391383,6.56842021678,1.01686840176,0.546194730295,5.75709511335,0.891265770686,0.47834445324,0.676896241975,0.384322714622,2,1.76127045377,0.676896241975,2,0.198600822053,0.162768031189,167,0.0214929214929,0.330344880898,37,37,37,1,0,0.405405405405,0.540540540541,0.0540540540541,37,333,0.25,1.71804837457,18,15.1363636364,9.51428571429,4.80740170062,0.267077872257,0.128317506696,9.05845216113,1.00649468457,0.534372210048,8.24284201259,0.915871334732,0.48194140086,0.632015022099,0.367868001538,2,1.71804837457,0.632015022099,2,0.303641524371,0.320735952263,645,0.0830115830116,0.579701964479,37,37,37,1,0,0.405405405405,0.540540540541,0.0540540540541,-9,-0.00675675675676,-0.00724044354634,-0.486486486486,-0.409090909091,-0.257142857143,-0.560308454775,-0.0232807180205,-0.0143251359468,-0.450039381241,-0.0222017688443,-0.0101196502334,0.189528666151,0.0446064405268,0.0201111495564,-0.00858454822748,-0.00343190117948,0,-0.00724044354634,-0.00858454822748,0,-0.0404298698763,-0.0558330853943,-165,-0.0212355212355,0.0101251361296,0,0,0,331,2,11,988,0.96783625731,0.99797979798,0.0020202020202,0.0321637426901,0.993993993994,0.96783625731,0.980740740741,0.974361712631,0.96581605529,0.962209302326,94,103,0,0,0,0
2906,WLNM_dir_neg,0.977354133283,0.920204253042,00:00:05,10,70,23,1239447258,threshold_sweep,0.8,0.978723404255,0.893203883495,0.934010152284,92,2,11,204,0.893203883495,0.990291262136,0.00970873786408,0.106796116505,0.978723404255,0.893203883495,0.934010152284,0.957928802589,0.56526429342,0.903225806452,0.905259796609,0.883495145631,342,239,103,0,342,0,239,0,103,37,342,0.256756756757,1.72528881811,18.4864864865,15.5454545455,9.77142857143,5.36771015539,0.290358590277,0.142642642643,9.50849154237,1.02869645341,0.544491860281,8.05331334643,0.871264894205,0.461830251304,0.640599570326,0.371299902718,2,1.72528881811,0.640599570326,2,0.344071394247,0.376569037657,810,0.104247104247,0.56957682835,37,37,37,1,0,0.405405405405,0.540540540541,0.0540540540541,37,0.179429429429,1.76127045377,12.9189189189,10.8636363636,6.82857142857,3.77402215723,0.292131422212,0.157073391383,6.56842021678,1.01686840176,0.546194730295,5.75709511335,0.891265770686,0.47834445324,0.676896241975,0.384322714622,2,1.76127045377,0.676896241975,2,0.198600822053,0.162768031189,167,0.0214929214929,0.330344880898,37,37,37,1,0,0.405405405405,0.540540540541,0.0540540540541,37,333,0.25,1.71804837457,18,15.1363636364,9.51428571429,4.80740170062,0.267077872257,0.128317506696,9.05845216113,1.00649468457,0.534372210048,8.24284201259,0.915871334732,0.48194140086,0.632015022099,0.367868001538,2,1.71804837457,0.632015022099,2,0.303641524371,0.320735952263,645,0.0830115830116,0.579701964479,37,37,37,1,0,0.405405405405,0.540540540541,0.0540540540541,-9,-0.00675675675676,-0.00724044354634,-0.486486486486,-0.409090909091,-0.257142857143,-0.560308454775,-0.0232807180205,-0.0143251359468,-0.450039381241,-0.0222017688443,-0.0101196502334,0.189528666151,0.0446064405268,0.0201111495564,-0.00858454822748,-0.00343190117948,0,-0.00724044354634,-0.00858454822748,0,-0.0404298698763,-0.0558330853943,-165,-0.0212355212355,0.0101251361296,0,0,0,331,2,11,988,0.96783625731,0.99797979798,0.0020202020202,0.0321637426901,0.993993993994,0.96783625731,0.980740740741,0.974361712631,0.96581605529,0.962209302326,94,103,0,0,0,0
2907,WLNM_dir_neg,0.977354133283,0.920204253042,00:00:05,10,70,23,1239447258,threshold_sweep,0.9,0.978723404255,0.893203883495,0.934010152284,92,2,11,204,0.893203883495,0.990291262136,0.00970873786408,0.106796116505,0.978723404255,0.893203883495,0.934010152284,0.957928802589,0.56526429342,0.903225806452,0.905259796609,0.883495145631,342,239,103,0,342,0,239,0,103,37,342,0.256756756757,1.72528881811,18.4864864865,15.5454545455,9.77142857143,5.36771015539,0.290358590277,0.142642642643,9.50849154237,1.02869645341,0.544491860281,8.05331334643,0.871264894205,0.461830251304,0.640599570326,0.371299902718,2,1.72528881811,0.640599570326,2,0.344071394247,0.376569037657,810,0.104247104247,0.56957682835,37,37,37,1,0,0.405405405405,0.540540540541,0.0540540540541,37,0.179429429429,1.76127045377,12.9189189189,10.8636363636,6.82857142857,3.77402215723,0.292131422212,0.157073391383,6.56842021678,1.01686840176,0.546194730295,5.75709511335,0.891265770686,0.47834445324,0.676896241975,0.384322714622,2,1.76127045377,0.676896241975,2,0.198600822053,0.162768031189,167,0.0214929214929,0.330344880898,37,37,37,1,0,0.405405405405,0.540540540541,0.0540540540541,37,333,0.25,1.71804837457,18,15.1363636364,9.51428571429,4.80740170062,0.267077872257,0.128317506696,9.05845216113,1.00649468457,0.534372210048,8.24284201259,0.915871334732,0.48194140086,0.632015022099,0.367868001538,2,1.71804837457,0.632015022099,2,0.303641524371,0.320735952263,645,0.0830115830116,0.579701964479,37,37,37,1,0,0.405405405405,0.540540540541,0.0540540540541,-9,-0.00675675675676,-0.00724044354634,-0.486486486486,-0.409090909091,-0.257142857143,-0.560308454775,-0.0232807180205,-0.0143251359468,-0.450039381241,-0.0222017688443,-0.0101196502334,0.189528666151,0.0446064405268,0.0201111495564,-0.00858454822748,-0.00343190117948,0,-0.00724044354634,-0.00858454822748,0,-0.0404298698763,-0.0558330853943,-165,-0.0212355212355,0.0101251361296,0,0,0,331,2,11,988,0.96783625731,0.99797979798,0.0020202020202,0.0321637426901,0.993993993994,0.96783625731,0.980740740741,0.974361712631,0.96581605529,0.962209302326,94,103,0,0,0,0
2908,WLNM_dir_neg,0.967244792158,0.848858905794,00:00:05,10,70,24,1239447259,threshold_sweep,0.1,1,0.834951456311,0.910052910053,86,0,17,206,0.834951456311,1,0,0.165048543689,1,0.834951456311,0.910052910053,0.94498381877,0.573894282632,0.870886075949,0.8782371254,0.834951456311,342,239,103,0,342,0,239,0,103,37,342,0.256756756757,1.72528881811,18.4864864865,15.5454545455,9.77142857143,5.36771015539,0.290358590277,0.142642642643,9.50849154237,1.02869645341,0.544491860281,8.05331334643,0.871264894205,0.461830251304,0.640599570326,0.371299902718,2,1.72528881811,0.640599570326,2,0.344071394247,0.376569037657,810,0.104247104247,0.56957682835,37,37,37,1,0,0.405405405405,0.540540540541,0.0540540540541,37,0.179429429429,1.76928027683,12.9189189189,10.8636363636,6.82857142857,4.05776606835,0.314094863031,0.171548117155,6.72720263224,1.04144977989,0.557503109804,5.81948162351,0.900923933347,0.481736967093,0.693816703743,0.392146294077,2,1.76928027683,0.693816703743,2,0.206794477847,0.162343900096,169,0.0217503217503,0.333291183635,37,37,37,1,0,0.405405405405,0.540540540541,0.0540540540541,37,325,0.243993993994,1.71915121438,17.5675675676,14.7727272727,9.28571428571,4.62805779123,0.263443289654,0.12656964657,8.79752217368,1.00156406285,0.529397089397,8.00394047098,0.911217838235,0.481496881497,0.634505900811,0.369080913595,2,1.71915121438,0.634505900811,2,0.295716455385,0.305705810504,584,0.0751608751609,0.556973417207,37,37,37,1,0,0.405405405405,0.540540540541,0.0540540540541,-17,-0.0127627627628,-0.00613760373807,-0.918918918919,-0.772727272727,-0.485714285714,-0.739652364168,-0.0269153006228,-0.016072996073,-0.710969368694,-0.0271323905651,-0.0150947708842,-0.0493728754498,0.0399529440303,0.0196666301929,-0.00609366951512,-0.00221898912228,0,-0.00613760373807,-0.00609366951512,0,-0.0483549388628,-0.0708632271526,-226,-0.0290862290862,-0.0126034111433,0,0,0,325,0,17,990,0.950292397661,1,0,0.0497076023392,1,0.950292397661,0.974512743628,0.966565944778,0.950292397661,0.950292397661,86,103,0,0,0,0
2909,WLNM_dir_neg,0.967244792158,0.848858905794,00:00:05,10,70,24,1239447259,threshold_sweep,0.2,1,0.834951456311,0.910052910053,86,0,17,206,0.834951456311,1,0,0.165048543689,1,0.834951456311,0.910052910053,0.94498381877,0.573894282632,0.870886075949,0.8782371254,0.834951456311,342,239,103,0,342,0,239,0,103,37,342,0.256756756757,1.72528881811,18.4864864865,15.5454545455,9.77142857143,5.36771015539,0.290358590277,0.142642642643,9.50849154237,1.02869645341,0.544491860281,8.05331334643,0.871264894205,0.461830251304,0.640599570326,0.371299902718,2,1.72528881811,0.640599570326,2,0.344071394247,0.376569037657,810,0.104247104247,0.56957682835,37,37,37,1,0,0.405405405405,0.540540540541,0.0540540540541,37,0.179429429429,1.76928027683,12.9189189189,10.8636363636,6.82857142857,4.05776606835,0.314094863031,0.171548117155,6.72720263224,1.04144977989,0.557503109804,5.81948162351,0.900923933347,0.481736967093,0.693816703743,0.392146294077,2,1.76928027683,0.693816703743,2,0.206794477847,0.162343900096,169,0.0217503217503,0.333291183635,37,37,37,1,0,0.405405405405,0.540540540541,0.0540540540541,37,325,0.243993993994,1.71915121438,17.5675675676,14.7727272727,9.28571428571,4.62805779123,0.263443289654,0.12656964657,8.79752217368,1.00156406285,0.529397089397,8.00394047098,0.911217838235,0.481496881497,0.634505900811,0.369080913595,2,1.71915121438,0.634505900811,2,0.295716455385,0.305705810504,584,0.0751608751609,0.556973417207,37,37,37,1,0,0.405405405405,0.540540540541,0.0540540540541,-17,-0.0127627627628,-0.00613760373807,-0.918918918919,-0.772727272727,-0.485714285714,-0.739652364168,-0.0269153006228,-0.016072996073,-0.710969368694,-0.0271323905651,-0.0150947708842,-0.0493728754498,0.0399529440303,0.0196666301929,-0.00609366951512,-0.00221898912228,0,-0.00613760373807,-0.00609366951512,0,-0.0483549388628,-0.0708632271526,-226,-0.0290862290862,-0.0126034111433,0,0,0,325,0,17,990,0.950292397661,1,0,0.0497076023392,1,0.950292397661,0.974512743628,0.966565944778,0.950292397661,0.950292397661,86,103,0,0,0,0
2910,WLNM_dir_neg,0.967244792158,0.848858905794,00:00:05,10,70,24,1239447259,threshold_sweep,0.3,1,0.834951456311,0.910052910053,86,0,17,206,0.834951456311,1,0,0.165048543689,1,0.834951456311,0.910052910053,0.94498381877,0.573894282632,0.870886075949,0.8782371254,0.834951456311,342,239,103,0,342,0,239,0,103,37,342,0.256756756757,1.72528881811,18.4864864865,15.5454545455,9.77142857143,5.36771015539,0.290358590277,0.142642642643,9.50849154237,1.02869645341,0.544491860281,8.05331334643,0.871264894205,0.461830251304,0.640599570326,0.371299902718,2,1.72528881811,0.640599570326,2,0.344071394247,0.376569037657,810,0.104247104247,0.56957682835,37,37,37,1,0,0.405405405405,0.540540540541,0.0540540540541,37,0.179429429429,1.76928027683,12.9189189189,10.8636363636,6.82857142857,4.05776606835,0.314094863031,0.171548117155,6.72720263224,1.04144977989,0.557503109804,5.81948162351,0.900923933347,0.481736967093,0.693816703743,0.392146294077,2,1.76928027683,0.693816703743,2,0.206794477847,0.162343900096,169,0.0217503217503,0.333291183635,37,37,37,1,0,0.405405405405,0.540540540541,0.0540540540541,37,325,0.243993993994,1.71915121438,17.5675675676,14.7727272727,9.28571428571,4.62805779123,0.263443289654,0.12656964657,8.79752217368,1.00156406285,0.529397089397,8.00394047098,0.911217838235,0.481496881497,0.634505900811,0.369080913595,2,1.71915121438,0.634505900811,2,0.295716455385,0.305705810504,584,0.0751608751609,0.556973417207,37,37,37,1,0,0.405405405405,0.540540540541,0.0540540540541,-17,-0.0127627627628,-0.00613760373807,-0.918918918919,-0.772727272727,-0.485714285714,-0.739652364168,-0.0269153006228,-0.016072996073,-0.710969368694,-0.0271323905651,-0.0150947708842,-0.0493728754498,0.0399529440303,0.0196666301929,-0.00609366951512,-0.00221898912228,0,-0.00613760373807,-0.00609366951512,0,-0.0483549388628,-0.0708632271526,-226,-0.0290862290862,-0.0126034111433,0,0,0,325,0,17,990,0.950292397661,1,0,0.0497076023392,1,0.950292397661,0.974512743628,0.966565944778,0.950292397661,0.950292397661,86,103,0,0,0,0
2911,WLNM_dir_neg,0.967244792158,0.848858905794,00:00:05,10,70,24,1239447259,threshold_sweep,0.4,1,0.834951456311,0.910052910053,86,0,17,206,0.834951456311,1,0,0.165048543689,1,0.834951456311,0.910052910053,0.94498381877,0.573894282632,0.870886075949,0.8782371254,0.834951456311,342,239,103,0,342,0,239,0,103,37,342,0.256756756757,1.72528881811,18.4864864865,15.5454545455,9.77142857143,5.36771015539,0.290358590277,0.142642642643,9.50849154237,1.02869645341,0.544491860281,8.05331334643,0.871264894205,0.461830251304,0.640599570326,0.371299902718,2,1.72528881811,0.640599570326,2,0.344071394247,0.376569037657,810,0.104247104247,0.56957682835,37,37,37,1,0,0.405405405405,0.540540540541,0.0540540540541,37,0.179429429429,1.76928027683,12.9189189189,10.8636363636,6.82857142857,4.05776606835,0.314094863031,0.171548117155,6.72720263224,1.04144977989,0.557503109804,5.81948162351,0.900923933347,0.481736967093,0.693816703743,0.392146294077,2,1.76928027683,0.693816703743,2,0.206794477847,0.162343900096,169,0.0217503217503,0.333291183635,37,37,37,1,0,0.405405405405,0.540540540541,0.0540540540541,37,325,0.243993993994,1.71915121438,17.5675675676,14.7727272727,9.28571428571,4.62805779123,0.263443289654,0.12656964657,8.79752217368,1.00156406285,0.529397089397,8.00394047098,0.911217838235,0.481496881497,0.634505900811,0.369080913595,2,1.71915121438,0.634505900811,2,0.295716455385,0.305705810504,584,0.0751608751609,0.556973417207,37,37,37,1,0,0.405405405405,0.540540540541,0.0540540540541,-17,-0.0127627627628,-0.00613760373807,-0.918918918919,-0.772727272727,-0.485714285714,-0.739652364168,-0.0269153006228,-0.016072996073,-0.710969368694,-0.0271323905651,-0.0150947708842,-0.0493728754498,0.0399529440303,0.0196666301929,-0.00609366951512,-0.00221898912228,0,-0.00613760373807,-0.00609366951512,0,-0.0483549388628,-0.0708632271526,-226,-0.0290862290862,-0.0126034111433,0,0,0,325,0,17,990,0.950292397661,1,0,0.0497076023392,1,0.950292397661,0.974512743628,0.966565944778,0.950292397661,0.950292397661,86,103,0,0,0,0
2912,WLNM_dir_neg,0.967244792158,0.848858905794,00:00:05,10,70,24,1239447259,threshold_sweep,0.5,1,0.834951456311,0.910052910053,86,0,17,206,0.834951456311,1,0,0.165048543689,1,0.834951456311,0.910052910053,0.94498381877,0.573894282632,0.870886075949,0.8782371254,0.834951456311,342,239,103,0,342,0,239,0,103,37,342,0.256756756757,1.72528881811,18.4864864865,15.5454545455,9.77142857143,5.36771015539,0.290358590277,0.142642642643,9.50849154237,1.02869645341,0.544491860281,8.05331334643,0.871264894205,0.461830251304,0.640599570326,0.371299902718,2,1.72528881811,0.640599570326,2,0.344071394247,0.376569037657,810,0.104247104247,0.56957682835,37,37,37,1,0,0.405405405405,0.540540540541,0.0540540540541,37,0.179429429429,1.76928027683,12.9189189189,10.8636363636,6.82857142857,4.05776606835,0.314094863031,0.171548117155,6.72720263224,1.04144977989,0.557503109804,5.81948162351,0.900923933347,0.481736967093,0.693816703743,0.392146294077,2,1.76928027683,0.693816703743,2,0.206794477847,0.162343900096,169,0.0217503217503,0.333291183635,37,37,37,1,0,0.405405405405,0.540540540541,0.0540540540541,37,325,0.243993993994,1.71915121438,17.5675675676,14.7727272727,9.28571428571,4.62805779123,0.263443289654,0.12656964657,8.79752217368,1.00156406285,0.529397089397,8.00394047098,0.911217838235,0.481496881497,0.634505900811,0.369080913595,2,1.71915121438,0.634505900811,2,0.295716455385,0.305705810504,584,0.0751608751609,0.556973417207,37,37,37,1,0,0.405405405405,0.540540540541,0.0540540540541,-17,-0.0127627627628,-0.00613760373807,-0.918918918919,-0.772727272727,-0.485714285714,-0.739652364168,-0.0269153006228,-0.016072996073,-0.710969368694,-0.0271323905651,-0.0150947708842,-0.0493728754498,0.0399529440303,0.0196666301929,-0.00609366951512,-0.00221898912228,0,-0.00613760373807,-0.00609366951512,0,-0.0483549388628,-0.0708632271526,-226,-0.0290862290862,-0.0126034111433,0,0,0,325,0,17,990,0.950292397661,1,0,0.0497076023392,1,0.950292397661,0.974512743628,0.966565944778,0.950292397661,0.950292397661,86,103,0,0,0,0
2913,WLNM_dir_neg,0.967244792158,0.848858905794,00:00:05,10,70,24,1239447259,threshold_sweep,0.6,1,0.834951456311,0.910052910053,86,0,17,206,0.834951456311,1,0,0.165048543689,1,0.834951456311,0.910052910053,0.94498381877,0.573894282632,0.870886075949,0.8782371254,0.834951456311,342,239,103,0,342,0,239,0,103,37,342,0.256756756757,1.72528881811,18.4864864865,15.5454545455,9.77142857143,5.36771015539,0.290358590277,0.142642642643,9.50849154237,1.02869645341,0.544491860281,8.05331334643,0.871264894205,0.461830251304,0.640599570326,0.371299902718,2,1.72528881811,0.640599570326,2,0.344071394247,0.376569037657,810,0.104247104247,0.56957682835,37,37,37,1,0,0.405405405405,0.540540540541,0.0540540540541,37,0.179429429429,1.76928027683,12.9189189189,10.8636363636,6.82857142857,4.05776606835,0.314094863031,0.171548117155,6.72720263224,1.04144977989,0.557503109804,5.81948162351,0.900923933347,0.481736967093,0.693816703743,0.392146294077,2,1.76928027683,0.693816703743,2,0.206794477847,0.162343900096,169,0.0217503217503,0.333291183635,37,37,37,1,0,0.405405405405,0.540540540541,0.0540540540541,37,325,0.243993993994,1.71915121438,17.5675675676,14.7727272727,9.28571428571,4.62805779123,0.263443289654,0.12656964657,8.79752217368,1.00156406285,0.529397089397,8.00394047098,0.911217838235,0.481496881497,0.634505900811,0.369080913595,2,1.71915121438,0.634505900811,2,0.295716455385,0.305705810504,584,0.0751608751609,0.556973417207,37,37,37,1,0,0.405405405405,0.540540540541,0.0540540540541,-17,-0.0127627627628,-0.00613760373807,-0.918918918919,-0.772727272727,-0.485714285714,-0.739652364168,-0.0269153006228,-0.016072996073,-0.710969368694,-0.0271323905651,-0.0150947708842,-0.0493728754498,0.0399529440303,0.0196666301929,-0.00609366951512,-0.00221898912228,0,-0.00613760373807,-0.00609366951512,0,-0.0483549388628,-0.0708632271526,-226,-0.0290862290862,-0.0126034111433,0,0,0,325,0,17,990,0.950292397661,1,0,0.0497076023392,1,0.950292397661,0.974512743628,0.966565944778,0.950292397661,0.950292397661,86,103,0,0,0,0
2914,WLNM_dir_neg,0.967244792158,0.848858905794,00:00:05,10,70,24,1239447259,threshold_sweep,0.7,1,0.834951456311,0.910052910053,86,0,17,206,0.834951456311,1,0,0.165048543689,1,0.834951456311,0.910052910053,0.94498381877,0.573894282632,0.870886075949,0.8782371254,0.834951456311,342,239,103,0,342,0,239,0,103,37,342,0.256756756757,1.72528881811,18.4864864865,15.5454545455,9.77142857143,5.36771015539,0.290358590277,0.142642642643,9.50849154237,1.02869645341,0.544491860281,8.05331334643,0.871264894205,0.461830251304,0.640599570326,0.371299902718,2,1.72528881811,0.640599570326,2,0.344071394247,0.376569037657,810,0.104247104247,0.56957682835,37,37,37,1,0,0.405405405405,0.540540540541,0.0540540540541,37,0.179429429429,1.76928027683,12.9189189189,10.8636363636,6.82857142857,4.05776606835,0.314094863031,0.171548117155,6.72720263224,1.04144977989,0.557503109804,5.81948162351,0.900923933347,0.481736967093,0.693816703743,0.392146294077,2,1.76928027683,0.693816703743,2,0.206794477847,0.162343900096,169,0.0217503217503,0.333291183635,37,37,37,1,0,0.405405405405,0.540540540541,0.0540540540541,37,325,0.243993993994,1.71915121438,17.5675675676,14.7727272727,9.28571428571,4.62805779123,0.263443289654,0.12656964657,8.79752217368,1.00156406285,0.529397089397,8.00394047098,0.911217838235,0.481496881497,0.634505900811,0.369080913595,2,1.71915121438,0.634505900811,2,0.295716455385,0.305705810504,584,0.0751608751609,0.556973417207,37,37,37,1,0,0.405405405405,0.540540540541,0.0540540540541,-17,-0.0127627627628,-0.00613760373807,-0.918918918919,-0.772727272727,-0.485714285714,-0.739652364168,-0.0269153006228,-0.016072996073,-0.710969368694,-0.0271323905651,-0.0150947708842,-0.0493728754498,0.0399529440303,0.0196666301929,-0.00609366951512,-0.00221898912228,0,-0.00613760373807,-0.00609366951512,0,-0.0483549388628,-0.0708632271526,-226,-0.0290862290862,-0.0126034111433,0,0,0,325,0,17,990,0.950292397661,1,0,0.0497076023392,1,0.950292397661,0.974512743628,0.966565944778,0.950292397661,0.950292397661,86,103,0,0,0,0
2915,WLNM_dir_neg,0.967244792158,0.848858905794,00:00:05,10,70,24,1239447259,threshold_sweep,0.8,1,0.834951456311,0.910052910053,86,0,17,206,0.834951456311,1,0,0.165048543689,1,0.834951456311,0.910052910053,0.94498381877,0.573894282632,0.870886075949,0.8782371254,0.834951456311,342,239,103,0,342,0,239,0,103,37,342,0.256756756757,1.72528881811,18.4864864865,15.5454545455,9.77142857143,5.36771015539,0.290358590277,0.142642642643,9.50849154237,1.02869645341,0.544491860281,8.05331334643,0.871264894205,0.461830251304,0.640599570326,0.371299902718,2,1.72528881811,0.640599570326,2,0.344071394247,0.376569037657,810,0.104247104247,0.56957682835,37,37,37,1,0,0.405405405405,0.540540540541,0.0540540540541,37,0.179429429429,1.76928027683,12.9189189189,10.8636363636,6.82857142857,4.05776606835,0.314094863031,0.171548117155,6.72720263224,1.04144977989,0.557503109804,5.81948162351,0.900923933347,0.481736967093,0.693816703743,0.392146294077,2,1.76928027683,0.693816703743,2,0.206794477847,0.162343900096,169,0.0217503217503,0.333291183635,37,37,37,1,0,0.405405405405,0.540540540541,0.0540540540541,37,325,0.243993993994,1.71915121438,17.5675675676,14.7727272727,9.28571428571,4.62805779123,0.263443289654,0.12656964657,8.79752217368,1.00156406285,0.529397089397,8.00394047098,0.911217838235,0.481496881497,0.634505900811,0.369080913595,2,1.71915121438,0.634505900811,2,0.295716455385,0.305705810504,584,0.0751608751609,0.556973417207,37,37,37,1,0,0.405405405405,0.540540540541,0.0540540540541,-17,-0.0127627627628,-0.00613760373807,-0.918918918919,-0.772727272727,-0.485714285714,-0.739652364168,-0.0269153006228,-0.016072996073,-0.710969368694,-0.0271323905651,-0.0150947708842,-0.0493728754498,0.0399529440303,0.0196666301929,-0.00609366951512,-0.00221898912228,0,-0.00613760373807,-0.00609366951512,0,-0.0483549388628,-0.0708632271526,-226,-0.0290862290862,-0.0126034111433,0,0,0,325,0,17,990,0.950292397661,1,0,0.0497076023392,1,0.950292397661,0.974512743628,0.966565944778,0.950292397661,0.950292397661,86,103,0,0,0,0
2916,WLNM_dir_neg,0.967244792158,0.848858905794,00:00:05,10,70,24,1239447259,threshold_sweep,0.9,1,0.834951456311,0.910052910053,86,0,17,206,0.834951456311,1,0,0.165048543689,1,0.834951456311,0.910052910053,0.94498381877,0.573894282632,0.870886075949,0.8782371254,0.834951456311,342,239,103,0,342,0,239,0,103,37,342,0.256756756757,1.72528881811,18.4864864865,15.5454545455,9.77142857143,5.36771015539,0.290358590277,0.142642642643,9.50849154237,1.02869645341,0.544491860281,8.05331334643,0.871264894205,0.461830251304,0.640599570326,0.371299902718,2,1.72528881811,0.640599570326,2,0.344071394247,0.376569037657,810,0.104247104247,0.56957682835,37,37,37,1,0,0.405405405405,0.540540540541,0.0540540540541,37,0.179429429429,1.76928027683,12.9189189189,10.8636363636,6.82857142857,4.05776606835,0.314094863031,0.171548117155,6.72720263224,1.04144977989,0.557503109804,5.81948162351,0.900923933347,0.481736967093,0.693816703743,0.392146294077,2,1.76928027683,0.693816703743,2,0.206794477847,0.162343900096,169,0.0217503217503,0.333291183635,37,37,37,1,0,0.405405405405,0.540540540541,0.0540540540541,37,325,0.243993993994,1.71915121438,17.5675675676,14.7727272727,9.28571428571,4.62805779123,0.263443289654,0.12656964657,8.79752217368,1.00156406285,0.529397089397,8.00394047098,0.911217838235,0.481496881497,0.634505900811,0.369080913595,2,1.71915121438,0.634505900811,2,0.295716455385,0.305705810504,584,0.0751608751609,0.556973417207,37,37,37,1,0,0.405405405405,0.540540540541,0.0540540540541,-17,-0.0127627627628,-0.00613760373807,-0.918918918919,-0.772727272727,-0.485714285714,-0.739652364168,-0.0269153006228,-0.016072996073,-0.710969368694,-0.0271323905651,-0.0150947708842,-0.0493728754498,0.0399529440303,0.0196666301929,-0.00609366951512,-0.00221898912228,0,-0.00613760373807,-0.00609366951512,0,-0.0483549388628,-0.0708632271526,-226,-0.0290862290862,-0.0126034111433,0,0,0,325,0,17,990,0.950292397661,1,0,0.0497076023392,1,0.950292397661,0.974512743628,0.966565944778,0.950292397661,0.950292397661,86,103,0,0,0,0
2917,WLNM_dir_neg,0.973277405976,0.329277379308,00:00:05,10,70,25,1239447260,threshold_sweep,0.1,0.97619047619,0.796116504854,0.877005347594,82,2,21,204,0.796116504854,0.990291262136,0.00970873786408,0.203883495146,0.97619047619,0.796116504854,0.877005347594,0.925566343042,0.576051779935,0.824427480916,0.833238089795,0.78640776699,342,239,103,0,342,0,239,0,103,37,342,0.256756756757,1.72528881811,18.4864864865,15.5454545455,9.77142857143,5.36771015539,0.290358590277,0.142642642643,9.50849154237,1.02869645341,0.544491860281,8.05331334643,0.871264894205,0.461830251304,0.640599570326,0.371299902718,2,1.72528881811,0.640599570326,2,0.344071394247,0.376569037657,810,0.104247104247,0.56957682835,37,37,37,1,0,0.405405405405,0.540540540541,0.0540540540541,37,0.179429429429,1.75732666744,12.9189189189,10.8636363636,6.82857142857,3.8541347089,0.29833260299,0.162275245957,6.61477552569,1.02404474665,0.55162275246,5.76191805736,0.892012418921,0.480832296732,0.678177718163,0.385914429417,2,1.75732666744,0.678177718163,2,0.188574795541,0.165697674419,171,0.0220077220077,0.331236169159,37,37,37,1,0,0.405405405405,0.540540540541,0.0540540540541,37,323,0.242492492492,1.71671297981,17.4594594595,14.6818181818,8.97222222222,4.77024687571,0.273218474306,0.133377960003,8.84322920107,1.01300148743,0.53987114049,8.06449229872,0.923796331432,0.484812986361,0.630734200863,0.367408068955,2,1.71671297981,0.630734200863,2,0.28313709052,0.289361702128,544,0.0700128700129,0.556333246763,37,37,37,1,0,0.405405405405,0.567567567568,0.027027027027,-19,-0.0142642642643,-0.00857583830182,-1.02702702703,-0.863636363636,-0.799206349206,-0.59746327968,-0.0171401159715,-0.0092646826393,-0.665262341302,-0.0156949659854,-0.004620719791,0.0111789522809,0.0525314372269,0.022982735057,-0.009865369463,-0.00389183376276,0,-0.00857583830182,-0.009865369463,0,-0.0609343037271,-0.0872073355292,-266,-0.0342342342342,-0.0132435815866,0,0.027027027027,-0.027027027027,321,2,21,988,0.938596491228,0.99797979798,0.0020202020202,0.0614035087719,0.993808049536,0.938596491228,0.965413533835,0.954612165834,0.936576289208,0.933139534884,84,103,0,0,0,0
2918,WLNM_dir_neg,0.973277405976,0.329277379308,00:00:05,10,70,25,1239447260,threshold_sweep,0.2,0.97619047619,0.796116504854,0.877005347594,82,2,21,204,0.796116504854,0.990291262136,0.00970873786408,0.203883495146,0.97619047619,0.796116504854,0.877005347594,0.925566343042,0.576051779935,0.824427480916,0.833238089795,0.78640776699,342,239,103,0,342,0,239,0,103,37,342,0.256756756757,1.72528881811,18.4864864865,15.5454545455,9.77142857143,5.36771015539,0.290358590277,0.142642642643,9.50849154237,1.02869645341,0.544491860281,8.05331334643,0.871264894205,0.461830251304,0.640599570326,0.371299902718,2,1.72528881811,0.640599570326,2,0.344071394247,0.376569037657,810,0.104247104247,0.56957682835,37,37,37,1,0,0.405405405405,0.540540540541,0.0540540540541,37,0.179429429429,1.75732666744,12.9189189189,10.8636363636,6.82857142857,3.8541347089,0.29833260299,0.162275245957,6.61477552569,1.02404474665,0.55162275246,5.76191805736,0.892012418921,0.480832296732,0.678177718163,0.385914429417,2,1.75732666744,0.678177718163,2,0.188574795541,0.165697674419,171,0.0220077220077,0.331236169159,37,37,37,1,0,0.405405405405,0.540540540541,0.0540540540541,37,323,0.242492492492,1.71671297981,17.4594594595,14.6818181818,8.97222222222,4.77024687571,0.273218474306,0.133377960003,8.84322920107,1.01300148743,0.53987114049,8.06449229872,0.923796331432,0.484812986361,0.630734200863,0.367408068955,2,1.71671297981,0.630734200863,2,0.28313709052,0.289361702128,544,0.0700128700129,0.556333246763,37,37,37,1,0,0.405405405405,0.567567567568,0.027027027027,-19,-0.0142642642643,-0.00857583830182,-1.02702702703,-0.863636363636,-0.799206349206,-0.59746327968,-0.0171401159715,-0.0092646826393,-0.665262341302,-0.0156949659854,-0.004620719791,0.0111789522809,0.0525314372269,0.022982735057,-0.009865369463,-0.00389183376276,0,-0.00857583830182,-0.009865369463,0,-0.0609343037271,-0.0872073355292,-266,-0.0342342342342,-0.0132435815866,0,0.027027027027,-0.027027027027,321,2,21,988,0.938596491228,0.99797979798,0.0020202020202,0.0614035087719,0.993808049536,0.938596491228,0.965413533835,0.954612165834,0.936576289208,0.933139534884,84,103,0,0,0,0
2919,WLNM_dir_neg,0.973277405976,0.329277379308,00:00:05,10,70,25,1239447260,threshold_sweep,0.3,0.987804878049,0.78640776699,0.875675675676,81,1,22,205,0.78640776699,0.995145631068,0.00485436893204,0.21359223301,0.987804878049,0.78640776699,0.875675675676,0.925566343042,0.578209277238,0.823529411765,0.834432139727,0.781553398058,342,239,103,0,342,0,239,0,103,37,342,0.256756756757,1.72528881811,18.4864864865,15.5454545455,9.77142857143,5.36771015539,0.290358590277,0.142642642643,9.50849154237,1.02869645341,0.544491860281,8.05331334643,0.871264894205,0.461830251304,0.640599570326,0.371299902718,2,1.72528881811,0.640599570326,2,0.344071394247,0.376569037657,810,0.104247104247,0.56957682835,37,37,37,1,0,0.405405405405,0.540540540541,0.0540540540541,37,0.179429429429,1.75732666744,12.9189189189,10.8636363636,6.82857142857,3.8541347089,0.29833260299,0.162275245957,6.61477552569,1.02404474665,0.55162275246,5.76191805736,0.892012418921,0.480832296732,0.678177718163,0.385914429417,2,1.75732666744,0.678177718163,2,0.188574795541,0.165697674419,171,0.0220077220077,0.331236169159,37,37,37,1,0,0.405405405405,0.540540540541,0.0540540540541,37,321,0.240990990991,1.7142688797,17.3513513514,14.5909090909,9.17142857143,4.58994200046,0.264529367628,0.128483623811,8.74659951084,1.0081750215,0.537341079397,8.11738208365,0.935648402165,0.492211838006,0.627786976238,0.366212665744,2,1.7142688797,0.627786976238,2,0.278235160256,0.281652360515,525,0.0675675675676,0.559819369037,37,37,37,1,0,0.405405405405,0.540540540541,0.0540540540541,-21,-0.0157657657658,-0.0110199384117,-1.13513513514,-0.954545454545,-0.6,-0.777768154935,-0.0258292226495,-0.0141590188319,-0.761892031536,-0.0205214319163,-0.00715078088418,0.0640687372114,0.0643835079599,0.0303815867023,-0.0128125940879,-0.00508723697372,0,-0.0110199384117,-0.0128125940879,0,-0.0658362339911,-0.0949166771419,-285,-0.0366795366795,-0.00975745931255,0,0,0,320,1,22,989,0.93567251462,0.99898989899,0.0010101010101,0.0643274853801,0.996884735202,0.93567251462,0.965309200603,0.95467892346,0.93466241361,0.932944606414,82,103,0,0,0,0
2920,WLNM_dir_neg,0.973277405976,0.329277379308,00:00:05,10,70,25,1239447260,threshold_sweep,0.4,0.987804878049,0.78640776699,0.875675675676,81,1,22,205,0.78640776699,0.995145631068,0.00485436893204,0.21359223301,0.987804878049,0.78640776699,0.875675675676,0.925566343042,0.578209277238,0.823529411765,0.834432139727,0.781553398058,342,239,103,0,342,0,239,0,103,37,342,0.256756756757,1.72528881811,18.4864864865,15.5454545455,9.77142857143,5.36771015539,0.290358590277,0.142642642643,9.50849154237,1.02869645341,0.544491860281,8.05331334643,0.871264894205,0.461830251304,0.640599570326,0.371299902718,2,1.72528881811,0.640599570326,2,0.344071394247,0.376569037657,810,0.104247104247,0.56957682835,37,37,37,1,0,0.405405405405,0.540540540541,0.0540540540541,37,0.179429429429,1.75732666744,12.9189189189,10.8636363636,6.82857142857,3.8541347089,0.29833260299,0.162275245957,6.61477552569,1.02404474665,0.55162275246,5.76191805736,0.892012418921,0.480832296732,0.678177718163,0.385914429417,2,1.75732666744,0.678177718163,2,0.188574795541,0.165697674419,171,0.0220077220077,0.331236169159,37,37,37,1,0,0.405405405405,0.540540540541,0.0540540540541,37,321,0.240990990991,1.7142688797,17.3513513514,14.5909090909,9.17142857143,4.58994200046,0.264529367628,0.128483623811,8.74659951084,1.0081750215,0.537341079397,8.11738208365,0.935648402165,0.492211838006,0.627786976238,0.366212665744,2,1.7142688797,0.627786976238,2,0.278235160256,0.281652360515,525,0.0675675675676,0.559819369037,37,37,37,1,0,0.405405405405,0.540540540541,0.0540540540541,-21,-0.0157657657658,-0.0110199384117,-1.13513513514,-0.954545454545,-0.6,-0.777768154935,-0.0258292226495,-0.0141590188319,-0.761892031536,-0.0205214319163,-0.00715078088418,0.0640687372114,0.0643835079599,0.0303815867023,-0.0128125940879,-0.00508723697372,0,-0.0110199384117,-0.0128125940879,0,-0.0658362339911,-0.0949166771419,-285,-0.0366795366795,-0.00975745931255,0,0,0,320,1,22,989,0.93567251462,0.99898989899,0.0010101010101,0.0643274853801,0.996884735202,0.93567251462,0.965309200603,0.95467892346,0.93466241361,0.932944606414,82,103,0,0,0,0
2921,WLNM_dir_neg,0.973277405976,0.329277379308,00:00:05,10,70,25,1239447260,threshold_sweep,0.5,0.987804878049,0.78640776699,0.875675675676,81,1,22,205,0.78640776699,0.995145631068,0.00485436893204,0.21359223301,0.987804878049,0.78640776699,0.875675675676,0.925566343042,0.578209277238,0.823529411765,0.834432139727,0.781553398058,342,239,103,0,342,0,239,0,103,37,342,0.256756756757,1.72528881811,18.4864864865,15.5454545455,9.77142857143,5.36771015539,0.290358590277,0.142642642643,9.50849154237,1.02869645341,0.544491860281,8.05331334643,0.871264894205,0.461830251304,0.640599570326,0.371299902718,2,1.72528881811,0.640599570326,2,0.344071394247,0.376569037657,810,0.104247104247,0.56957682835,37,37,37,1,0,0.405405405405,0.540540540541,0.0540540540541,37,0.179429429429,1.75732666744,12.9189189189,10.8636363636,6.82857142857,3.8541347089,0.29833260299,0.162275245957,6.61477552569,1.02404474665,0.55162275246,5.76191805736,0.892012418921,0.480832296732,0.678177718163,0.385914429417,2,1.75732666744,0.678177718163,2,0.188574795541,0.165697674419,171,0.0220077220077,0.331236169159,37,37,37,1,0,0.405405405405,0.540540540541,0.0540540540541,37,321,0.240990990991,1.7142688797,17.3513513514,14.5909090909,9.17142857143,4.58994200046,0.264529367628,0.128483623811,8.74659951084,1.0081750215,0.537341079397,8.11738208365,0.935648402165,0.492211838006,0.627786976238,0.366212665744,2,1.7142688797,0.627786976238,2,0.278235160256,0.281652360515,525,0.0675675675676,0.559819369037,37,37,37,1,0,0.405405405405,0.540540540541,0.0540540540541,-21,-0.0157657657658,-0.0110199384117,-1.13513513514,-0.954545454545,-0.6,-0.777768154935,-0.0258292226495,-0.0141590188319,-0.761892031536,-0.0205214319163,-0.00715078088418,0.0640687372114,0.0643835079599,0.0303815867023,-0.0128125940879,-0.00508723697372,0,-0.0110199384117,-0.0128125940879,0,-0.0658362339911,-0.0949166771419,-285,-0.0366795366795,-0.00975745931255,0,0,0,320,1,22,989,0.93567251462,0.99898989899,0.0010101010101,0.0643274853801,0.996884735202,0.93567251462,0.965309200603,0.95467892346,0.93466241361,0.932944606414,82,103,0,0,0,0
2922,WLNM_dir_neg,0.973277405976,0.329277379308,00:00:05,10,70,25,1239447260,threshold_sweep,0.6,0.987804878049,0.78640776699,0.875675675676,81,1,22,205,0.78640776699,0.995145631068,0.00485436893204,0.21359223301,0.987804878049,0.78640776699,0.875675675676,0.925566343042,0.578209277238,0.823529411765,0.834432139727,0.781553398058,342,239,103,0,342,0,239,0,103,37,342,0.256756756757,1.72528881811,18.4864864865,15.5454545455,9.77142857143,5.36771015539,0.290358590277,0.142642642643,9.50849154237,1.02869645341,0.544491860281,8.05331334643,0.871264894205,0.461830251304,0.640599570326,0.371299902718,2,1.72528881811,0.640599570326,2,0.344071394247,0.376569037657,810,0.104247104247,0.56957682835,37,37,37,1,0,0.405405405405,0.540540540541,0.0540540540541,37,0.179429429429,1.75732666744,12.9189189189,10.8636363636,6.82857142857,3.8541347089,0.29833260299,0.162275245957,6.61477552569,1.02404474665,0.55162275246,5.76191805736,0.892012418921,0.480832296732,0.678177718163,0.385914429417,2,1.75732666744,0.678177718163,2,0.188574795541,0.165697674419,171,0.0220077220077,0.331236169159,37,37,37,1,0,0.405405405405,0.540540540541,0.0540540540541,37,321,0.240990990991,1.7142688797,17.3513513514,14.5909090909,9.17142857143,4.58994200046,0.264529367628,0.128483623811,8.74659951084,1.0081750215,0.537341079397,8.11738208365,0.935648402165,0.492211838006,0.627786976238,0.366212665744,2,1.7142688797,0.627786976238,2,0.278235160256,0.281652360515,525,0.0675675675676,0.559819369037,37,37,37,1,0,0.405405405405,0.540540540541,0.0540540540541,-21,-0.0157657657658,-0.0110199384117,-1.13513513514,-0.954545454545,-0.6,-0.777768154935,-0.0258292226495,-0.0141590188319,-0.761892031536,-0.0205214319163,-0.00715078088418,0.0640687372114,0.0643835079599,0.0303815867023,-0.0128125940879,-0.00508723697372,0,-0.0110199384117,-0.0128125940879,0,-0.0658362339911,-0.0949166771419,-285,-0.0366795366795,-0.00975745931255,0,0,0,320,1,22,989,0.93567251462,0.99898989899,0.0010101010101,0.0643274853801,0.996884735202,0.93567251462,0.965309200603,0.95467892346,0.93466241361,0.932944606414,82,103,0,0,0,0
2923,WLNM_dir_neg,0.973277405976,0.329277379308,00:00:05,10,70,25,1239447260,threshold_sweep,0.7,0.987804878049,0.78640776699,0.875675675676,81,1,22,205,0.78640776699,0.995145631068,0.00485436893204,0.21359223301,0.987804878049,0.78640776699,0.875675675676,0.925566343042,0.578209277238,0.823529411765,0.834432139727,0.781553398058,342,239,103,0,342,0,239,0,103,37,342,0.256756756757,1.72528881811,18.4864864865,15.5454545455,9.77142857143,5.36771015539,0.290358590277,0.142642642643,9.50849154237,1.02869645341,0.544491860281,8.05331334643,0.871264894205,0.461830251304,0.640599570326,0.371299902718,2,1.72528881811,0.640599570326,2,0.344071394247,0.376569037657,810,0.104247104247,0.56957682835,37,37,37,1,0,0.405405405405,0.540540540541,0.0540540540541,37,0.179429429429,1.75732666744,12.9189189189,10.8636363636,6.82857142857,3.8541347089,0.29833260299,0.162275245957,6.61477552569,1.02404474665,0.55162275246,5.76191805736,0.892012418921,0.480832296732,0.678177718163,0.385914429417,2,1.75732666744,0.678177718163,2,0.188574795541,0.165697674419,171,0.0220077220077,0.331236169159,37,37,37,1,0,0.405405405405,0.540540540541,0.0540540540541,37,321,0.240990990991,1.7142688797,17.3513513514,14.5909090909,9.17142857143,4.58994200046,0.264529367628,0.128483623811,8.74659951084,1.0081750215,0.537341079397,8.11738208365,0.935648402165,0.492211838006,0.627786976238,0.366212665744,2,1.7142688797,0.627786976238,2,0.278235160256,0.281652360515,525,0.0675675675676,0.559819369037,37,37,37,1,0,0.405405405405,0.540540540541,0.0540540540541,-21,-0.0157657657658,-0.0110199384117,-1.13513513514,-0.954545454545,-0.6,-0.777768154935,-0.0258292226495,-0.0141590188319,-0.761892031536,-0.0205214319163,-0.00715078088418,0.0640687372114,0.0643835079599,0.0303815867023,-0.0128125940879,-0.00508723697372,0,-0.0110199384117,-0.0128125940879,0,-0.0658362339911,-0.0949166771419,-285,-0.0366795366795,-0.00975745931255,0,0,0,320,1,22,989,0.93567251462,0.99898989899,0.0010101010101,0.0643274853801,0.996884735202,0.93567251462,0.965309200603,0.95467892346,0.93466241361,0.932944606414,82,103,0,0,0,0
2924,WLNM_dir_neg,0.973277405976,0.329277379308,00:00:05,10,70,25,1239447260,threshold_sweep,0.8,0.987804878049,0.78640776699,0.875675675676,81,1,22,205,0.78640776699,0.995145631068,0.00485436893204,0.21359223301,0.987804878049,0.78640776699,0.875675675676,0.925566343042,0.578209277238,0.823529411765,0.834432139727,0.781553398058,342,239,103,0,342,0,239,0,103,37,342,0.256756756757,1.72528881811,18.4864864865,15.5454545455,9.77142857143,5.36771015539,0.290358590277,0.142642642643,9.50849154237,1.02869645341,0.544491860281,8.05331334643,0.871264894205,0.461830251304,0.640599570326,0.371299902718,2,1.72528881811,0.640599570326,2,0.344071394247,0.376569037657,810,0.104247104247,0.56957682835,37,37,37,1,0,0.405405405405,0.540540540541,0.0540540540541,37,0.179429429429,1.75732666744,12.9189189189,10.8636363636,6.82857142857,3.8541347089,0.29833260299,0.162275245957,6.61477552569,1.02404474665,0.55162275246,5.76191805736,0.892012418921,0.480832296732,0.678177718163,0.385914429417,2,1.75732666744,0.678177718163,2,0.188574795541,0.165697674419,171,0.0220077220077,0.331236169159,37,37,37,1,0,0.405405405405,0.540540540541,0.0540540540541,37,321,0.240990990991,1.7142688797,17.3513513514,14.5909090909,9.17142857143,4.58994200046,0.264529367628,0.128483623811,8.74659951084,1.0081750215,0.537341079397,8.11738208365,0.935648402165,0.492211838006,0.627786976238,0.366212665744,2,1.7142688797,0.627786976238,2,0.278235160256,0.281652360515,525,0.0675675675676,0.559819369037,37,37,37,1,0,0.405405405405,0.540540540541,0.0540540540541,-21,-0.0157657657658,-0.0110199384117,-1.13513513514,-0.954545454545,-0.6,-0.777768154935,-0.0258292226495,-0.0141590188319,-0.761892031536,-0.0205214319163,-0.00715078088418,0.0640687372114,0.0643835079599,0.0303815867023,-0.0128125940879,-0.00508723697372,0,-0.0110199384117,-0.0128125940879,0,-0.0658362339911,-0.0949166771419,-285,-0.0366795366795,-0.00975745931255,0,0,0,320,1,22,989,0.93567251462,0.99898989899,0.0010101010101,0.0643274853801,0.996884735202,0.93567251462,0.965309200603,0.95467892346,0.93466241361,0.932944606414,82,103,0,0,0,0
2925,WLNM_dir_neg,0.973277405976,0.329277379308,00:00:05,10,70,25,1239447260,threshold_sweep,0.9,0.987804878049,0.78640776699,0.875675675676,81,1,22,205,0.78640776699,0.995145631068,0.00485436893204,0.21359223301,0.987804878049,0.78640776699,0.875675675676,0.925566343042,0.578209277238,0.823529411765,0.834432139727,0.781553398058,342,239,103,0,342,0,239,0,103,37,342,0.256756756757,1.72528881811,18.4864864865,15.5454545455,9.77142857143,5.36771015539,0.290358590277,0.142642642643,9.50849154237,1.02869645341,0.544491860281,8.05331334643,0.871264894205,0.461830251304,0.640599570326,0.371299902718,2,1.72528881811,0.640599570326,2,0.344071394247,0.376569037657,810,0.104247104247,0.56957682835,37,37,37,1,0,0.405405405405,0.540540540541,0.0540540540541,37,0.179429429429,1.75732666744,12.9189189189,10.8636363636,6.82857142857,3.8541347089,0.29833260299,0.162275245957,6.61477552569,1.02404474665,0.55162275246,5.76191805736,0.892012418921,0.480832296732,0.678177718163,0.385914429417,2,1.75732666744,0.678177718163,2,0.188574795541,0.165697674419,171,0.0220077220077,0.331236169159,37,37,37,1,0,0.405405405405,0.540540540541,0.0540540540541,37,321,0.240990990991,1.7142688797,17.3513513514,14.5909090909,9.17142857143,4.58994200046,0.264529367628,0.128483623811,8.74659951084,1.0081750215,0.537341079397,8.11738208365,0.935648402165,0.492211838006,0.627786976238,0.366212665744,2,1.7142688797,0.627786976238,2,0.278235160256,0.281652360515,525,0.0675675675676,0.559819369037,37,37,37,1,0,0.405405405405,0.540540540541,0.0540540540541,-21,-0.0157657657658,-0.0110199384117,-1.13513513514,-0.954545454545,-0.6,-0.777768154935,-0.0258292226495,-0.0141590188319,-0.761892031536,-0.0205214319163,-0.00715078088418,0.0640687372114,0.0643835079599,0.0303815867023,-0.0128125940879,-0.00508723697372,0,-0.0110199384117,-0.0128125940879,0,-0.0658362339911,-0.0949166771419,-285,-0.0366795366795,-0.00975745931255,0,0,0,320,1,22,989,0.93567251462,0.99898989899,0.0010101010101,0.0643274853801,0.996884735202,0.93567251462,0.965309200603,0.95467892346,0.93466241361,0.932944606414,82,103,0,0,0,0
2926,WLNM_dir_neg,0.982444151192,0.475472993302,00:00:05,10,70,26,1239447261,threshold_sweep,0.1,0.979591836735,0.932038834951,0.955223880597,96,2,7,204,0.932038834951,0.990291262136,0.00970873786408,0.0679611650485,0.979591836735,0.932038834951,0.955223880597,0.970873786408,0.560949298813,0.933660933661,0.934295673258,0.922330097087,342,239,103,0,342,0,239,0,103,37,342,0.256756756757,1.72528881811,18.4864864865,15.5454545455,9.77142857143,5.36771015539,0.290358590277,0.142642642643,9.50849154237,1.02869645341,0.544491860281,8.05331334643,0.871264894205,0.461830251304,0.640599570326,0.371299902718,2,1.72528881811,0.640599570326,2,0.344071394247,0.376569037657,810,0.104247104247,0.56957682835,37,37,37,1,0,0.405405405405,0.540540540541,0.0540540540541,37,0.179429429429,1.77923656839,12.9189189189,10.8636363636,6.82857142857,4.39935840258,0.34053611066,0.182404161484,6.66914368397,1.03246157451,0.550718082099,5.72807217228,0.88677267939,0.480379961552,0.702763879748,0.394980573259,2,1.77923656839,0.702763879748,2,0.186782575173,0.192877403089,204,0.0262548262548,0.331367055519,37,37,37,1,0,0.405405405405,0.540540540541,0.0540540540541,37,337,0.253003003003,1.72877410448,18.2162162162,15.3181818182,9.36111111111,5.11063778981,0.280554300034,0.135536129601,9.22491729497,1.01282474752,0.538294971529,8.12329908276,0.89187556695,0.46884272997,0.653047590106,0.377751834906,2.29525123073,1.72877410448,0.653047590106,2.29525123073,0.322806714131,0.34676513084,720,0.0926640926641,0.574794496056,37,37,37,1,0,0.405405405405,0.567567567568,0.027027027027,-5,-0.00375375375375,0.00348528636592,-0.27027027027,-0.227272727273,-0.410317460317,-0.257072365585,-0.00980429024313,-0.00710651304123,-0.283574247401,-0.0158717058955,-0.00619688875194,0.0699857363269,0.0206106727452,0.00701247866639,0.0124480197804,0.00645193218876,0.295251230728,0.00348528636592,0.0124480197804,0.295251230728,-0.0212646801167,-0.0298039068173,-90,-0.011583011583,0.00521766770641,0,0.027027027027,-0.027027027027,335,2,7,988,0.979532163743,0.99797979798,0.0020202020202,0.0204678362573,0.994065281899,0.979532163743,0.986745213549,0.982259505026,0.977511961722,0.973837209302,98,103,0,0,0,0
2927,WLNM_dir_neg,0.982444151192,0.475472993302,00:00:05,10,70,26,1239447261,threshold_sweep,0.2,0.979591836735,0.932038834951,0.955223880597,96,2,7,204,0.932038834951,0.990291262136,0.00970873786408,0.0679611650485,0.979591836735,0.932038834951,0.955223880597,0.970873786408,0.560949298813,0.933660933661,0.934295673258,0.922330097087,342,239,103,0,342,0,239,0,103,37,342,0.256756756757,1.72528881811,18.4864864865,15.5454545455,9.77142857143,5.36771015539,0.290358590277,0.142642642643,9.50849154237,1.02869645341,0.544491860281,8.05331334643,0.871264894205,0.461830251304,0.640599570326,0.371299902718,2,1.72528881811,0.640599570326,2,0.344071394247,0.376569037657,810,0.104247104247,0.56957682835,37,37,37,1,0,0.405405405405,0.540540540541,0.0540540540541,37,0.179429429429,1.77923656839,12.9189189189,10.8636363636,6.82857142857,4.39935840258,0.34053611066,0.182404161484,6.66914368397,1.03246157451,0.550718082099,5.72807217228,0.88677267939,0.480379961552,0.702763879748,0.394980573259,2,1.77923656839,0.702763879748,2,0.186782575173,0.192877403089,204,0.0262548262548,0.331367055519,37,37,37,1,0,0.405405405405,0.540540540541,0.0540540540541,37,337,0.253003003003,1.72877410448,18.2162162162,15.3181818182,9.36111111111,5.11063778981,0.280554300034,0.135536129601,9.22491729497,1.01282474752,0.538294971529,8.12329908276,0.89187556695,0.46884272997,0.653047590106,0.377751834906,2.29525123073,1.72877410448,0.653047590106,2.29525123073,0.322806714131,0.34676513084,720,0.0926640926641,0.574794496056,37,37,37,1,0,0.405405405405,0.567567567568,0.027027027027,-5,-0.00375375375375,0.00348528636592,-0.27027027027,-0.227272727273,-0.410317460317,-0.257072365585,-0.00980429024313,-0.00710651304123,-0.283574247401,-0.0158717058955,-0.00619688875194,0.0699857363269,0.0206106727452,0.00701247866639,0.0124480197804,0.00645193218876,0.295251230728,0.00348528636592,0.0124480197804,0.295251230728,-0.0212646801167,-0.0298039068173,-90,-0.011583011583,0.00521766770641,0,0.027027027027,-0.027027027027,335,2,7,988,0.979532163743,0.99797979798,0.0020202020202,0.0204678362573,0.994065281899,0.979532163743,0.986745213549,0.982259505026,0.977511961722,0.973837209302,98,103,0,0,0,0
2928,WLNM_dir_neg,0.982444151192,0.475472993302,00:00:05,10,70,26,1239447261,threshold_sweep,0.3,0.979591836735,0.932038834951,0.955223880597,96,2,7,204,0.932038834951,0.990291262136,0.00970873786408,0.0679611650485,0.979591836735,0.932038834951,0.955223880597,0.970873786408,0.560949298813,0.933660933661,0.934295673258,0.922330097087,342,239,103,0,342,0,239,0,103,37,342,0.256756756757,1.72528881811,18.4864864865,15.5454545455,9.77142857143,5.36771015539,0.290358590277,0.142642642643,9.50849154237,1.02869645341,0.544491860281,8.05331334643,0.871264894205,0.461830251304,0.640599570326,0.371299902718,2,1.72528881811,0.640599570326,2,0.344071394247,0.376569037657,810,0.104247104247,0.56957682835,37,37,37,1,0,0.405405405405,0.540540540541,0.0540540540541,37,0.179429429429,1.77923656839,12.9189189189,10.8636363636,6.82857142857,4.39935840258,0.34053611066,0.182404161484,6.66914368397,1.03246157451,0.550718082099,5.72807217228,0.88677267939,0.480379961552,0.702763879748,0.394980573259,2,1.77923656839,0.702763879748,2,0.186782575173,0.192877403089,204,0.0262548262548,0.331367055519,37,37,37,1,0,0.405405405405,0.540540540541,0.0540540540541,37,337,0.253003003003,1.72877410448,18.2162162162,15.3181818182,9.36111111111,5.11063778981,0.280554300034,0.135536129601,9.22491729497,1.01282474752,0.538294971529,8.12329908276,0.89187556695,0.46884272997,0.653047590106,0.377751834906,2.29525123073,1.72877410448,0.653047590106,2.29525123073,0.322806714131,0.34676513084,720,0.0926640926641,0.574794496056,37,37,37,1,0,0.405405405405,0.567567567568,0.027027027027,-5,-0.00375375375375,0.00348528636592,-0.27027027027,-0.227272727273,-0.410317460317,-0.257072365585,-0.00980429024313,-0.00710651304123,-0.283574247401,-0.0158717058955,-0.00619688875194,0.0699857363269,0.0206106727452,0.00701247866639,0.0124480197804,0.00645193218876,0.295251230728,0.00348528636592,0.0124480197804,0.295251230728,-0.0212646801167,-0.0298039068173,-90,-0.011583011583,0.00521766770641,0,0.027027027027,-0.027027027027,335,2,7,988,0.979532163743,0.99797979798,0.0020202020202,0.0204678362573,0.994065281899,0.979532163743,0.986745213549,0.982259505026,0.977511961722,0.973837209302,98,103,0,0,0,0
2929,WLNM_dir_neg,0.982444151192,0.475472993302,00:00:05,10,70,26,1239447261,threshold_sweep,0.4,0.979381443299,0.922330097087,0.95,95,2,8,204,0.922330097087,0.990291262136,0.00970873786408,0.0776699029126,0.979381443299,0.922330097087,0.95,0.967637540453,0.562028047465,0.926108374384,0.927019893057,0.912621359223,342,239,103,0,342,0,239,0,103,37,342,0.256756756757,1.72528881811,18.4864864865,15.5454545455,9.77142857143,5.36771015539,0.290358590277,0.142642642643,9.50849154237,1.02869645341,0.544491860281,8.05331334643,0.871264894205,0.461830251304,0.640599570326,0.371299902718,2,1.72528881811,0.640599570326,2,0.344071394247,0.376569037657,810,0.104247104247,0.56957682835,37,37,37,1,0,0.405405405405,0.540540540541,0.0540540540541,37,0.179429429429,1.77923656839,12.9189189189,10.8636363636,6.82857142857,4.39935840258,0.34053611066,0.182404161484,6.66914368397,1.03246157451,0.550718082099,5.72807217228,0.88677267939,0.480379961552,0.702763879748,0.394980573259,2,1.77923656839,0.702763879748,2,0.186782575173,0.192877403089,204,0.0262548262548,0.331367055519,37,37,37,1,0,0.405405405405,0.540540540541,0.0540540540541,37,336,0.252252252252,1.74301959091,18.1621621622,15.2727272727,9.33333333333,5.25205522477,0.289175659697,0.138674388674,9.24775762123,1.01835426186,0.540218790219,8.12875000087,0.895130208429,0.469755469755,0.675462186936,0.387524150881,2.30388068029,1.74301959091,0.675462186936,2.30388068029,0.332112723437,0.346784565916,719,0.0925353925354,0.571940375757,37,37,37,1,0,0.405405405405,0.567567567568,0.027027027027,-6,-0.0045045045045,0.0177307727939,-0.324324324324,-0.272727272727,-0.438095238095,-0.115654930619,-0.0011829305797,-0.00396825396825,-0.260733921145,-0.0103421915531,-0.00427307006254,0.0754366544316,0.0238653142238,0.00792521845153,0.0348626166099,0.0162242481633,0.303880680291,0.0177307727939,0.0348626166099,0.303880680291,-0.0119586708107,-0.0297844717405,-91,-0.0117117117117,0.00236354740736,0,0.027027027027,-0.027027027027,334,2,8,988,0.976608187135,0.99797979798,0.0020202020202,0.0233918128655,0.994047619048,0.976608187135,0.985250737463,0.980285086192,0.974587985114,0.970930232558,97,103,0,0,0,0
2930,WLNM_dir_neg,0.982444151192,0.475472993302,00:00:05,10,70,26,1239447261,threshold_sweep,0.5,0.979166666667,0.912621359223,0.94472361809,94,2,9,204,0.912621359223,0.990291262136,0.00970873786408,0.0873786407767,0.979166666667,0.912621359223,0.94472361809,0.964401294498,0.563106796117,0.918518518519,0.9197557851,0.902912621359,342,239,103,0,342,0,239,0,103,37,342,0.256756756757,1.72528881811,18.4864864865,15.5454545455,9.77142857143,5.36771015539,0.290358590277,0.142642642643,9.50849154237,1.02869645341,0.544491860281,8.05331334643,0.871264894205,0.461830251304,0.640599570326,0.371299902718,2,1.72528881811,0.640599570326,2,0.344071394247,0.376569037657,810,0.104247104247,0.56957682835,37,37,37,1,0,0.405405405405,0.540540540541,0.0540540540541,37,0.179429429429,1.77923656839,12.9189189189,10.8636363636,6.82857142857,4.39935840258,0.34053611066,0.182404161484,6.66914368397,1.03246157451,0.550718082099,5.72807217228,0.88677267939,0.480379961552,0.702763879748,0.394980573259,2,1.77923656839,0.702763879748,2,0.186782575173,0.192877403089,204,0.0262548262548,0.331367055519,37,37,37,1,0,0.405405405405,0.540540540541,0.0540540540541,37,335,0.251501501502,1.74183682453,18.1081081081,15.2272727273,9.30555555556,5.19499643773,0.286887862979,0.136587333602,9.2073218025,1.01692807968,0.539249697459,8.15116196879,0.900277590583,0.471964501815,0.674176046847,0.387048911443,2.30316419912,1.74183682453,0.674176046847,2.30316419912,0.32722479026,0.3395951417,699,0.0899613899614,0.573518056177,37,37,37,1,0,0.405405405405,0.567567567568,0.027027027027,-7,-0.00525525525526,0.0165480064195,-0.378378378378,-0.318181818182,-0.465873015873,-0.172713717667,-0.00347072729821,-0.00605530904038,-0.301169739876,-0.0117683737358,-0.00524216282268,0.0978486223553,0.0290126963779,0.0101342505113,0.0335764765207,0.0157490087249,0.303164199121,0.0165480064195,0.0335764765207,0.303164199121,-0.0168466039871,-0.0369738959565,-111,-0.0142857142857,0.00394122782726,0,0.027027027027,-0.027027027027,333,2,9,988,0.973684210526,0.99797979798,0.0020202020202,0.0263157894737,0.994029850746,0.973684210526,0.983751846381,0.978310655878,0.971664008506,0.968023255814,96,103,0,0,0,0
2931,WLNM_dir_neg,0.982444151192,0.475472993302,00:00:05,10,70,26,1239447261,threshold_sweep,0.6,0.979166666667,0.912621359223,0.94472361809,94,2,9,204,0.912621359223,0.990291262136,0.00970873786408,0.0873786407767,0.979166666667,0.912621359223,0.94472361809,0.964401294498,0.563106796117,0.918518518519,0.9197557851,0.902912621359,342,239,103,0,342,0,239,0,103,37,342,0.256756756757,1.72528881811,18.4864864865,15.5454545455,9.77142857143,5.36771015539,0.290358590277,0.142642642643,9.50849154237,1.02869645341,0.544491860281,8.05331334643,0.871264894205,0.461830251304,0.640599570326,0.371299902718,2,1.72528881811,0.640599570326,2,0.344071394247,0.376569037657,810,0.104247104247,0.56957682835,37,37,37,1,0,0.405405405405,0.540540540541,0.0540540540541,37,0.179429429429,1.77923656839,12.9189189189,10.8636363636,6.82857142857,4.39935840258,0.34053611066,0.182404161484,6.66914368397,1.03246157451,0.550718082099,5.72807217228,0.88677267939,0.480379961552,0.702763879748,0.394980573259,2,1.77923656839,0.702763879748,2,0.186782575173,0.192877403089,204,0.0262548262548,0.331367055519,37,37,37,1,0,0.405405405405,0.540540540541,0.0540540540541,37,335,0.251501501502,1.74183682453,18.1081081081,15.2272727273,9.30555555556,5.19499643773,0.286887862979,0.136587333602,9.2073218025,1.01692807968,0.539249697459,8.15116196879,0.900277590583,0.471964501815,0.674176046847,0.387048911443,2.30316419912,1.74183682453,0.674176046847,2.30316419912,0.32722479026,0.3395951417,699,0.0899613899614,0.573518056177,37,37,37,1,0,0.405405405405,0.567567567568,0.027027027027,-7,-0.00525525525526,0.0165480064195,-0.378378378378,-0.318181818182,-0.465873015873,-0.172713717667,-0.00347072729821,-0.00605530904038,-0.301169739876,-0.0117683737358,-0.00524216282268,0.0978486223553,0.0290126963779,0.0101342505113,0.0335764765207,0.0157490087249,0.303164199121,0.0165480064195,0.0335764765207,0.303164199121,-0.0168466039871,-0.0369738959565,-111,-0.0142857142857,0.00394122782726,0,0.027027027027,-0.027027027027,333,2,9,988,0.973684210526,0.99797979798,0.0020202020202,0.0263157894737,0.994029850746,0.973684210526,0.983751846381,0.978310655878,0.971664008506,0.968023255814,96,103,0,0,0,0
2932,WLNM_dir_neg,0.982444151192,0.475472993302,00:00:05,10,70,26,1239447261,threshold_sweep,0.7,0.979166666667,0.912621359223,0.94472361809,94,2,9,204,0.912621359223,0.990291262136,0.00970873786408,0.0873786407767,0.979166666667,0.912621359223,0.94472361809,0.964401294498,0.563106796117,0.918518518519,0.9197557851,0.902912621359,342,239,103,0,342,0,239,0,103,37,342,0.256756756757,1.72528881811,18.4864864865,15.5454545455,9.77142857143,5.36771015539,0.290358590277,0.142642642643,9.50849154237,1.02869645341,0.544491860281,8.05331334643,0.871264894205,0.461830251304,0.640599570326,0.371299902718,2,1.72528881811,0.640599570326,2,0.344071394247,0.376569037657,810,0.104247104247,0.56957682835,37,37,37,1,0,0.405405405405,0.540540540541,0.0540540540541,37,0.179429429429,1.77923656839,12.9189189189,10.8636363636,6.82857142857,4.39935840258,0.34053611066,0.182404161484,6.66914368397,1.03246157451,0.550718082099,5.72807217228,0.88677267939,0.480379961552,0.702763879748,0.394980573259,2,1.77923656839,0.702763879748,2,0.186782575173,0.192877403089,204,0.0262548262548,0.331367055519,37,37,37,1,0,0.405405405405,0.540540540541,0.0540540540541,37,335,0.251501501502,1.74183682453,18.1081081081,15.2272727273,9.30555555556,5.19499643773,0.286887862979,0.136587333602,9.2073218025,1.01692807968,0.539249697459,8.15116196879,0.900277590583,0.471964501815,0.674176046847,0.387048911443,2.30316419912,1.74183682453,0.674176046847,2.30316419912,0.32722479026,0.3395951417,699,0.0899613899614,0.573518056177,37,37,37,1,0,0.405405405405,0.567567567568,0.027027027027,-7,-0.00525525525526,0.0165480064195,-0.378378378378,-0.318181818182,-0.465873015873,-0.172713717667,-0.00347072729821,-0.00605530904038,-0.301169739876,-0.0117683737358,-0.00524216282268,0.0978486223553,0.0290126963779,0.0101342505113,0.0335764765207,0.0157490087249,0.303164199121,0.0165480064195,0.0335764765207,0.303164199121,-0.0168466039871,-0.0369738959565,-111,-0.0142857142857,0.00394122782726,0,0.027027027027,-0.027027027027,333,2,9,988,0.973684210526,0.99797979798,0.0020202020202,0.0263157894737,0.994029850746,0.973684210526,0.983751846381,0.978310655878,0.971664008506,0.968023255814,96,103,0,0,0,0
2933,WLNM_dir_neg,0.982444151192,0.475472993302,00:00:05,10,70,26,1239447261,threshold_sweep,0.8,0.979166666667,0.912621359223,0.94472361809,94,2,9,204,0.912621359223,0.990291262136,0.00970873786408,0.0873786407767,0.979166666667,0.912621359223,0.94472361809,0.964401294498,0.563106796117,0.918518518519,0.9197557851,0.902912621359,342,239,103,0,342,0,239,0,103,37,342,0.256756756757,1.72528881811,18.4864864865,15.5454545455,9.77142857143,5.36771015539,0.290358590277,0.142642642643,9.50849154237,1.02869645341,0.544491860281,8.05331334643,0.871264894205,0.461830251304,0.640599570326,0.371299902718,2,1.72528881811,0.640599570326,2,0.344071394247,0.376569037657,810,0.104247104247,0.56957682835,37,37,37,1,0,0.405405405405,0.540540540541,0.0540540540541,37,0.179429429429,1.77923656839,12.9189189189,10.8636363636,6.82857142857,4.39935840258,0.34053611066,0.182404161484,6.66914368397,1.03246157451,0.550718082099,5.72807217228,0.88677267939,0.480379961552,0.702763879748,0.394980573259,2,1.77923656839,0.702763879748,2,0.186782575173,0.192877403089,204,0.0262548262548,0.331367055519,37,37,37,1,0,0.405405405405,0.540540540541,0.0540540540541,37,335,0.251501501502,1.74183682453,18.1081081081,15.2272727273,9.30555555556,5.19499643773,0.286887862979,0.136587333602,9.2073218025,1.01692807968,0.539249697459,8.15116196879,0.900277590583,0.471964501815,0.674176046847,0.387048911443,2.30316419912,1.74183682453,0.674176046847,2.30316419912,0.32722479026,0.3395951417,699,0.0899613899614,0.573518056177,37,37,37,1,0,0.405405405405,0.567567567568,0.027027027027,-7,-0.00525525525526,0.0165480064195,-0.378378378378,-0.318181818182,-0.465873015873,-0.172713717667,-0.00347072729821,-0.00605530904038,-0.301169739876,-0.0117683737358,-0.00524216282268,0.0978486223553,0.0290126963779,0.0101342505113,0.0335764765207,0.0157490087249,0.303164199121,0.0165480064195,0.0335764765207,0.303164199121,-0.0168466039871,-0.0369738959565,-111,-0.0142857142857,0.00394122782726,0,0.027027027027,-0.027027027027,333,2,9,988,0.973684210526,0.99797979798,0.0020202020202,0.0263157894737,0.994029850746,0.973684210526,0.983751846381,0.978310655878,0.971664008506,0.968023255814,96,103,0,0,0,0
2934,WLNM_dir_neg,0.982444151192,0.475472993302,00:00:05,10,70,26,1239447261,threshold_sweep,0.9,0.979166666667,0.912621359223,0.94472361809,94,2,9,204,0.912621359223,0.990291262136,0.00970873786408,0.0873786407767,0.979166666667,0.912621359223,0.94472361809,0.964401294498,0.563106796117,0.918518518519,0.9197557851,0.902912621359,342,239,103,0,342,0,239,0,103,37,342,0.256756756757,1.72528881811,18.4864864865,15.5454545455,9.77142857143,5.36771015539,0.290358590277,0.142642642643,9.50849154237,1.02869645341,0.544491860281,8.05331334643,0.871264894205,0.461830251304,0.640599570326,0.371299902718,2,1.72528881811,0.640599570326,2,0.344071394247,0.376569037657,810,0.104247104247,0.56957682835,37,37,37,1,0,0.405405405405,0.540540540541,0.0540540540541,37,0.179429429429,1.77923656839,12.9189189189,10.8636363636,6.82857142857,4.39935840258,0.34053611066,0.182404161484,6.66914368397,1.03246157451,0.550718082099,5.72807217228,0.88677267939,0.480379961552,0.702763879748,0.394980573259,2,1.77923656839,0.702763879748,2,0.186782575173,0.192877403089,204,0.0262548262548,0.331367055519,37,37,37,1,0,0.405405405405,0.540540540541,0.0540540540541,37,335,0.251501501502,1.74183682453,18.1081081081,15.2272727273,9.30555555556,5.19499643773,0.286887862979,0.136587333602,9.2073218025,1.01692807968,0.539249697459,8.15116196879,0.900277590583,0.471964501815,0.674176046847,0.387048911443,2.30316419912,1.74183682453,0.674176046847,2.30316419912,0.32722479026,0.3395951417,699,0.0899613899614,0.573518056177,37,37,37,1,0,0.405405405405,0.567567567568,0.027027027027,-7,-0.00525525525526,0.0165480064195,-0.378378378378,-0.318181818182,-0.465873015873,-0.172713717667,-0.00347072729821,-0.00605530904038,-0.301169739876,-0.0117683737358,-0.00524216282268,0.0978486223553,0.0290126963779,0.0101342505113,0.0335764765207,0.0157490087249,0.303164199121,0.0165480064195,0.0335764765207,0.303164199121,-0.0168466039871,-0.0369738959565,-111,-0.0142857142857,0.00394122782726,0,0.027027027027,-0.027027027027,333,2,9,988,0.973684210526,0.99797979798,0.0020202020202,0.0263157894737,0.994029850746,0.973684210526,0.983751846381,0.978310655878,0.971664008506,0.968023255814,96,103,0,0,0,0
2935,WLNM_dir_neg,0.98194928834,0.955377349312,00:00:05,10,70,27,1239447262,threshold_sweep,0.1,0.988372093023,0.825242718447,0.899470899471,85,1,18,205,0.825242718447,0.995145631068,0.00485436893204,0.174757281553,0.988372093023,0.825242718447,0.899470899471,0.938511326861,0.573894282632,0.855696202532,0.862919036003,0.820388349515,342,239,103,0,342,0,239,0,103,37,342,0.256756756757,1.72528881811,18.4864864865,15.5454545455,9.77142857143,5.36771015539,0.290358590277,0.142642642643,9.50849154237,1.02869645341,0.544491860281,8.05331334643,0.871264894205,0.461830251304,0.640599570326,0.371299902718,2,1.72528881811,0.640599570326,2,0.344071394247,0.376569037657,810,0.104247104247,0.56957682835,37,37,37,1,0,0.405405405405,0.540540540541,0.0540540540541,37,0.179429429429,1.7601358432,12.9189189189,10.8636363636,6.82857142857,3.57754088709,0.276922620967,0.144181838743,6.39268068703,0.989661863683,0.529005993441,5.85754306948,0.906816291091,0.486260318896,0.683301725907,0.38820965356,2,1.7601358432,0.683301725907,2,0.167325706258,0.153241650295,156,0.0200772200772,0.343567869402,37,37,37,1,0,0.405405405405,0.540540540541,0.0540540540541,37,325,0.243993993994,1,17.5675675676,14.1304347826,9.28571428571,4.90770675424,0.279361769087,0.133056133056,8.7532061908,0.996518858645,0.5279002079,8.21291373095,0.935008640138,0.48632016632,0,0,0,NaN,NaN,NaN,0.291217662274,0.314117034207,603,0.0776061776062,0.535375734145,37,37,0,1,2,0.378378378378,0.567567567568,0.0540540540541,-17,-0.0127627627628,-0.725288818115,-0.918918918919,-1.41501976285,-0.485714285714,-0.460003401156,-0.0109968211898,-0.00958650958651,-0.755285351577,-0.0321775947702,-0.0165916523811,0.159600384511,0.0637437459335,0.0244899150162,-0.640599570326,-0.371299902718,-2,NaN,NaN,NaN,-0.0528537319738,-0.0624520034496,-207,-0.0266409266409,-0.0342010942049,-0.027027027027,0.027027027027,0,324,1,18,989,0.947368421053,0.99898989899,0.0010101010101,0.0526315789474,0.996923076923,0.947368421053,0.971514242879,0.962564496951,0.946358320043,0.944606413994,86,103,0,0,0,0
2936,WLNM_dir_neg,0.98194928834,0.955377349312,00:00:05,10,70,27,1239447262,threshold_sweep,0.2,0.988372093023,0.825242718447,0.899470899471,85,1,18,205,0.825242718447,0.995145631068,0.00485436893204,0.174757281553,0.988372093023,0.825242718447,0.899470899471,0.938511326861,0.573894282632,0.855696202532,0.862919036003,0.820388349515,342,239,103,0,342,0,239,0,103,37,342,0.256756756757,1.72528881811,18.4864864865,15.5454545455,9.77142857143,5.36771015539,0.290358590277,0.142642642643,9.50849154237,1.02869645341,0.544491860281,8.05331334643,0.871264894205,0.461830251304,0.640599570326,0.371299902718,2,1.72528881811,0.640599570326,2,0.344071394247,0.376569037657,810,0.104247104247,0.56957682835,37,37,37,1,0,0.405405405405,0.540540540541,0.0540540540541,37,0.179429429429,1.7601358432,12.9189189189,10.8636363636,6.82857142857,3.57754088709,0.276922620967,0.144181838743,6.39268068703,0.989661863683,0.529005993441,5.85754306948,0.906816291091,0.486260318896,0.683301725907,0.38820965356,2,1.7601358432,0.683301725907,2,0.167325706258,0.153241650295,156,0.0200772200772,0.343567869402,37,37,37,1,0,0.405405405405,0.540540540541,0.0540540540541,37,325,0.243993993994,1,17.5675675676,14.1304347826,9.28571428571,4.90770675424,0.279361769087,0.133056133056,8.7532061908,0.996518858645,0.5279002079,8.21291373095,0.935008640138,0.48632016632,0,0,0,NaN,NaN,NaN,0.291217662274,0.314117034207,603,0.0776061776062,0.535375734145,37,37,0,1,2,0.378378378378,0.567567567568,0.0540540540541,-17,-0.0127627627628,-0.725288818115,-0.918918918919,-1.41501976285,-0.485714285714,-0.460003401156,-0.0109968211898,-0.00958650958651,-0.755285351577,-0.0321775947702,-0.0165916523811,0.159600384511,0.0637437459335,0.0244899150162,-0.640599570326,-0.371299902718,-2,NaN,NaN,NaN,-0.0528537319738,-0.0624520034496,-207,-0.0266409266409,-0.0342010942049,-0.027027027027,0.027027027027,0,324,1,18,989,0.947368421053,0.99898989899,0.0010101010101,0.0526315789474,0.996923076923,0.947368421053,0.971514242879,0.962564496951,0.946358320043,0.944606413994,86,103,0,0,0,0
2937,WLNM_dir_neg,0.98194928834,0.955377349312,00:00:05,10,70,27,1239447262,threshold_sweep,0.3,0.988372093023,0.825242718447,0.899470899471,85,1,18,205,0.825242718447,0.995145631068,0.00485436893204,0.174757281553,0.988372093023,0.825242718447,0.899470899471,0.938511326861,0.573894282632,0.855696202532,0.862919036003,0.820388349515,342,239,103,0,342,0,239,0,103,37,342,0.256756756757,1.72528881811,18.4864864865,15.5454545455,9.77142857143,5.36771015539,0.290358590277,0.142642642643,9.50849154237,1.02869645341,0.544491860281,8.05331334643,0.871264894205,0.461830251304,0.640599570326,0.371299902718,2,1.72528881811,0.640599570326,2,0.344071394247,0.376569037657,810,0.104247104247,0.56957682835,37,37,37,1,0,0.405405405405,0.540540540541,0.0540540540541,37,0.179429429429,1.7601358432,12.9189189189,10.8636363636,6.82857142857,3.57754088709,0.276922620967,0.144181838743,6.39268068703,0.989661863683,0.529005993441,5.85754306948,0.906816291091,0.486260318896,0.683301725907,0.38820965356,2,1.7601358432,0.683301725907,2,0.167325706258,0.153241650295,156,0.0200772200772,0.343567869402,37,37,37,1,0,0.405405405405,0.540540540541,0.0540540540541,37,325,0.243993993994,1,17.5675675676,14.1304347826,9.28571428571,4.90770675424,0.279361769087,0.133056133056,8.7532061908,0.996518858645,0.5279002079,8.21291373095,0.935008640138,0.48632016632,0,0,0,NaN,NaN,NaN,0.291217662274,0.314117034207,603,0.0776061776062,0.535375734145,37,37,0,1,2,0.378378378378,0.567567567568,0.0540540540541,-17,-0.0127627627628,-0.725288818115,-0.918918918919,-1.41501976285,-0.485714285714,-0.460003401156,-0.0109968211898,-0.00958650958651,-0.755285351577,-0.0321775947702,-0.0165916523811,0.159600384511,0.0637437459335,0.0244899150162,-0.640599570326,-0.371299902718,-2,NaN,NaN,NaN,-0.0528537319738,-0.0624520034496,-207,-0.0266409266409,-0.0342010942049,-0.027027027027,0.027027027027,0,324,1,18,989,0.947368421053,0.99898989899,0.0010101010101,0.0526315789474,0.996923076923,0.947368421053,0.971514242879,0.962564496951,0.946358320043,0.944606413994,86,103,0,0,0,0
2938,WLNM_dir_neg,0.98194928834,0.955377349312,00:00:05,10,70,27,1239447262,threshold_sweep,0.4,0.988095238095,0.805825242718,0.887700534759,83,1,20,205,0.805825242718,0.995145631068,0.00485436893204,0.194174757282,0.988095238095,0.805825242718,0.887700534759,0.932038834951,0.576051779935,0.839694656489,0.848668424792,0.800970873786,342,239,103,0,342,0,239,0,103,37,342,0.256756756757,1.72528881811,18.4864864865,15.5454545455,9.77142857143,5.36771015539,0.290358590277,0.142642642643,9.50849154237,1.02869645341,0.544491860281,8.05331334643,0.871264894205,0.461830251304,0.640599570326,0.371299902718,2,1.72528881811,0.640599570326,2,0.344071394247,0.376569037657,810,0.104247104247,0.56957682835,37,37,37,1,0,0.405405405405,0.540540540541,0.0540540540541,37,0.179429429429,1.7601358432,12.9189189189,10.8636363636,6.82857142857,3.57754088709,0.276922620967,0.144181838743,6.39268068703,0.989661863683,0.529005993441,5.85754306948,0.906816291091,0.486260318896,0.683301725907,0.38820965356,2,1.7601358432,0.683301725907,2,0.167325706258,0.153241650295,156,0.0200772200772,0.343567869402,37,37,37,1,0,0.405405405405,0.540540540541,0.0540540540541,37,323,0.242492492492,1,17.4594594595,14.0434782609,9.22857142857,4.89100418339,0.280134914528,0.135386160154,8.71349097233,0.998139832744,0.528491339637,8.14673980003,0.93321787183,0.487155886537,0,0,0,NaN,NaN,NaN,0.291337938858,0.313818565401,595,0.0765765765766,0.527579425482,37,37,0,1,2,0.378378378378,0.567567567568,0.0540540540541,-19,-0.0142642642643,-0.725288818115,-1.02702702703,-1.50197628458,-0.542857142857,-0.476705972005,-0.0102236757487,-0.00725648248868,-0.795000570042,-0.0305566206708,-0.0160005206445,0.0934264535943,0.061952977625,0.0253256352328,-0.640599570326,-0.371299902718,-2,NaN,NaN,NaN,-0.0527334553896,-0.0627504722561,-215,-0.0276705276705,-0.0419974028678,-0.027027027027,0.027027027027,0,322,1,20,989,0.941520467836,0.99898989899,0.0010101010101,0.0584795321637,0.996904024768,0.941520467836,0.968421052632,0.958622002939,0.940510366826,0.938775510204,84,103,0,0,0,0
2939,WLNM_dir_neg,0.98194928834,0.955377349312,00:00:05,10,70,27,1239447262,threshold_sweep,0.5,0.988095238095,0.805825242718,0.887700534759,83,1,20,205,0.805825242718,0.995145631068,0.00485436893204,0.194174757282,0.988095238095,0.805825242718,0.887700534759,0.932038834951,0.576051779935,0.839694656489,0.848668424792,0.800970873786,342,239,103,0,342,0,239,0,103,37,342,0.256756756757,1.72528881811,18.4864864865,15.5454545455,9.77142857143,5.36771015539,0.290358590277,0.142642642643,9.50849154237,1.02869645341,0.544491860281,8.05331334643,0.871264894205,0.461830251304,0.640599570326,0.371299902718,2,1.72528881811,0.640599570326,2,0.344071394247,0.376569037657,810,0.104247104247,0.56957682835,37,37,37,1,0,0.405405405405,0.540540540541,0.0540540540541,37,0.179429429429,1.7601358432,12.9189189189,10.8636363636,6.82857142857,3.57754088709,0.276922620967,0.144181838743,6.39268068703,0.989661863683,0.529005993441,5.85754306948,0.906816291091,0.486260318896,0.683301725907,0.38820965356,2,1.7601358432,0.683301725907,2,0.167325706258,0.153241650295,156,0.0200772200772,0.343567869402,37,37,37,1,0,0.405405405405,0.540540540541,0.0540540540541,37,323,0.242492492492,1,17.4594594595,14.0434782609,9.22857142857,4.89100418339,0.280134914528,0.135386160154,8.71349097233,0.998139832744,0.528491339637,8.14673980003,0.93321787183,0.487155886537,0,0,0,NaN,NaN,NaN,0.291337938858,0.313818565401,595,0.0765765765766,0.527579425482,37,37,0,1,2,0.378378378378,0.567567567568,0.0540540540541,-19,-0.0142642642643,-0.725288818115,-1.02702702703,-1.50197628458,-0.542857142857,-0.476705972005,-0.0102236757487,-0.00725648248868,-0.795000570042,-0.0305566206708,-0.0160005206445,0.0934264535943,0.061952977625,0.0253256352328,-0.640599570326,-0.371299902718,-2,NaN,NaN,NaN,-0.0527334553896,-0.0627504722561,-215,-0.0276705276705,-0.0419974028678,-0.027027027027,0.027027027027,0,322,1,20,989,0.941520467836,0.99898989899,0.0010101010101,0.0584795321637,0.996904024768,0.941520467836,0.968421052632,0.958622002939,0.940510366826,0.938775510204,84,103,0,0,0,0
2940,WLNM_dir_neg,0.98194928834,0.955377349312,00:00:05,10,70,27,1239447262,threshold_sweep,0.6,0.988095238095,0.805825242718,0.887700534759,83,1,20,205,0.805825242718,0.995145631068,0.00485436893204,0.194174757282,0.988095238095,0.805825242718,0.887700534759,0.932038834951,0.576051779935,0.839694656489,0.848668424792,0.800970873786,342,239,103,0,342,0,239,0,103,37,342,0.256756756757,1.72528881811,18.4864864865,15.5454545455,9.77142857143,5.36771015539,0.290358590277,0.142642642643,9.50849154237,1.02869645341,0.544491860281,8.05331334643,0.871264894205,0.461830251304,0.640599570326,0.371299902718,2,1.72528881811,0.640599570326,2,0.344071394247,0.376569037657,810,0.104247104247,0.56957682835,37,37,37,1,0,0.405405405405,0.540540540541,0.0540540540541,37,0.179429429429,1.7601358432,12.9189189189,10.8636363636,6.82857142857,3.57754088709,0.276922620967,0.144181838743,6.39268068703,0.989661863683,0.529005993441,5.85754306948,0.906816291091,0.486260318896,0.683301725907,0.38820965356,2,1.7601358432,0.683301725907,2,0.167325706258,0.153241650295,156,0.0200772200772,0.343567869402,37,37,37,1,0,0.405405405405,0.540540540541,0.0540540540541,37,323,0.242492492492,1,17.4594594595,14.0434782609,9.22857142857,4.89100418339,0.280134914528,0.135386160154,8.71349097233,0.998139832744,0.528491339637,8.14673980003,0.93321787183,0.487155886537,0,0,0,NaN,NaN,NaN,0.291337938858,0.313818565401,595,0.0765765765766,0.527579425482,37,37,0,1,2,0.378378378378,0.567567567568,0.0540540540541,-19,-0.0142642642643,-0.725288818115,-1.02702702703,-1.50197628458,-0.542857142857,-0.476705972005,-0.0102236757487,-0.00725648248868,-0.795000570042,-0.0305566206708,-0.0160005206445,0.0934264535943,0.061952977625,0.0253256352328,-0.640599570326,-0.371299902718,-2,NaN,NaN,NaN,-0.0527334553896,-0.0627504722561,-215,-0.0276705276705,-0.0419974028678,-0.027027027027,0.027027027027,0,322,1,20,989,0.941520467836,0.99898989899,0.0010101010101,0.0584795321637,0.996904024768,0.941520467836,0.968421052632,0.958622002939,0.940510366826,0.938775510204,84,103,0,0,0,0
2941,WLNM_dir_neg,0.98194928834,0.955377349312,00:00:05,10,70,27,1239447262,threshold_sweep,0.7,0.988095238095,0.805825242718,0.887700534759,83,1,20,205,0.805825242718,0.995145631068,0.00485436893204,0.194174757282,0.988095238095,0.805825242718,0.887700534759,0.932038834951,0.576051779935,0.839694656489,0.848668424792,0.800970873786,342,239,103,0,342,0,239,0,103,37,342,0.256756756757,1.72528881811,18.4864864865,15.5454545455,9.77142857143,5.36771015539,0.290358590277,0.142642642643,9.50849154237,1.02869645341,0.544491860281,8.05331334643,0.871264894205,0.461830251304,0.640599570326,0.371299902718,2,1.72528881811,0.640599570326,2,0.344071394247,0.376569037657,810,0.104247104247,0.56957682835,37,37,37,1,0,0.405405405405,0.540540540541,0.0540540540541,37,0.179429429429,1.7601358432,12.9189189189,10.8636363636,6.82857142857,3.57754088709,0.276922620967,0.144181838743,6.39268068703,0.989661863683,0.529005993441,5.85754306948,0.906816291091,0.486260318896,0.683301725907,0.38820965356,2,1.7601358432,0.683301725907,2,0.167325706258,0.153241650295,156,0.0200772200772,0.343567869402,37,37,37,1,0,0.405405405405,0.540540540541,0.0540540540541,37,323,0.242492492492,1,17.4594594595,14.0434782609,9.22857142857,4.89100418339,0.280134914528,0.135386160154,8.71349097233,0.998139832744,0.528491339637,8.14673980003,0.93321787183,0.487155886537,0,0,0,NaN,NaN,NaN,0.291337938858,0.313818565401,595,0.0765765765766,0.527579425482,37,37,0,1,2,0.378378378378,0.567567567568,0.0540540540541,-19,-0.0142642642643,-0.725288818115,-1.02702702703,-1.50197628458,-0.542857142857,-0.476705972005,-0.0102236757487,-0.00725648248868,-0.795000570042,-0.0305566206708,-0.0160005206445,0.0934264535943,0.061952977625,0.0253256352328,-0.640599570326,-0.371299902718,-2,NaN,NaN,NaN,-0.0527334553896,-0.0627504722561,-215,-0.0276705276705,-0.0419974028678,-0.027027027027,0.027027027027,0,322,1,20,989,0.941520467836,0.99898989899,0.0010101010101,0.0584795321637,0.996904024768,0.941520467836,0.968421052632,0.958622002939,0.940510366826,0.938775510204,84,103,0,0,0,0
2942,WLNM_dir_neg,0.98194928834,0.955377349312,00:00:05,10,70,27,1239447262,threshold_sweep,0.8,0.987951807229,0.796116504854,0.881720430108,82,1,21,205,0.796116504854,0.995145631068,0.00485436893204,0.203883495146,0.987951807229,0.796116504854,0.881720430108,0.928802588997,0.577130528587,0.831632653061,0.841548869296,0.791262135922,342,239,103,0,342,0,239,0,103,37,342,0.256756756757,1.72528881811,18.4864864865,15.5454545455,9.77142857143,5.36771015539,0.290358590277,0.142642642643,9.50849154237,1.02869645341,0.544491860281,8.05331334643,0.871264894205,0.461830251304,0.640599570326,0.371299902718,2,1.72528881811,0.640599570326,2,0.344071394247,0.376569037657,810,0.104247104247,0.56957682835,37,37,37,1,0,0.405405405405,0.540540540541,0.0540540540541,37,0.179429429429,1.7601358432,12.9189189189,10.8636363636,6.82857142857,3.57754088709,0.276922620967,0.144181838743,6.39268068703,0.989661863683,0.529005993441,5.85754306948,0.906816291091,0.486260318896,0.683301725907,0.38820965356,2,1.7601358432,0.683301725907,2,0.167325706258,0.153241650295,156,0.0200772200772,0.343567869402,37,37,37,1,0,0.405405405405,0.540540540541,0.0540540540541,37,322,0.241741741742,1,17.4054054054,14,9.2,4.85603553128,0.278995830213,0.13379217727,8.67904521395,0.997281592908,0.52744670136,8.16110308743,0.937766503835,0.48833305355,0,0,0,NaN,NaN,NaN,0.286421370316,0.307011331445,578,0.0743886743887,0.528768193304,37,37,0,1,2,0.378378378378,0.567567567568,0.0540540540541,-20,-0.015015015015,-0.725288818115,-1.08108108108,-1.54545454545,-0.571428571429,-0.51167462411,-0.0113627600637,-0.0088504653722,-0.829446328423,-0.0314148605073,-0.0170451589216,0.107789740992,0.0665016096299,0.0265028022465,-0.640599570326,-0.371299902718,-2,NaN,NaN,NaN,-0.0576500239318,-0.0695577062121,-232,-0.0298584298584,-0.0408086350459,-0.027027027027,0.027027027027,0,321,1,21,989,0.938596491228,0.99898989899,0.0010101010101,0.0614035087719,0.996894409938,0.938596491228,0.96686746988,0.95665054265,0.937586390218,0.935860058309,83,103,0,0,0,0
2943,WLNM_dir_neg,0.98194928834,0.955377349312,00:00:05,10,70,27,1239447262,threshold_sweep,0.9,0.987804878049,0.78640776699,0.875675675676,81,1,22,205,0.78640776699,0.995145631068,0.00485436893204,0.21359223301,0.987804878049,0.78640776699,0.875675675676,0.925566343042,0.578209277238,0.823529411765,0.834432139727,0.781553398058,342,239,103,0,342,0,239,0,103,37,342,0.256756756757,1.72528881811,18.4864864865,15.5454545455,9.77142857143,5.36771015539,0.290358590277,0.142642642643,9.50849154237,1.02869645341,0.544491860281,8.05331334643,0.871264894205,0.461830251304,0.640599570326,0.371299902718,2,1.72528881811,0.640599570326,2,0.344071394247,0.376569037657,810,0.104247104247,0.56957682835,37,37,37,1,0,0.405405405405,0.540540540541,0.0540540540541,37,0.179429429429,1.7601358432,12.9189189189,10.8636363636,6.82857142857,3.57754088709,0.276922620967,0.144181838743,6.39268068703,0.989661863683,0.529005993441,5.85754306948,0.906816291091,0.486260318896,0.683301725907,0.38820965356,2,1.7601358432,0.683301725907,2,0.167325706258,0.153241650295,156,0.0200772200772,0.343567869402,37,37,37,1,0,0.405405405405,0.540540540541,0.0540540540541,37,321,0.240990990991,1,17.3513513514,13.9565217391,9.17142857143,4.85464391769,0.279784774072,0.135050938789,8.66363425813,0.998612048444,0.529089837501,8.12764163571,0.936830967356,0.488507198788,0,0,0,NaN,NaN,NaN,0.286472830193,0.306733167082,574,0.0738738738739,0.524877432474,37,37,0,1,2,0.378378378378,0.567567567568,0.0540540540541,-21,-0.0157657657658,-0.725288818115,-1.13513513514,-1.58893280632,-0.6,-0.513066237703,-0.0105738162046,-0.00759170385339,-0.84485728425,-0.0300844049705,-0.0154020227803,0.0743282892777,0.0655660731513,0.0266769474836,-0.640599570326,-0.371299902718,-2,NaN,NaN,NaN,-0.057598564054,-0.0698358705746,-236,-0.0303732303732,-0.0446993958756,-0.027027027027,0.027027027027,0,320,1,22,989,0.93567251462,0.99898989899,0.0010101010101,0.0643274853801,0.996884735202,0.93567251462,0.965309200603,0.95467892346,0.93466241361,0.932944606414,82,103,0,0,0,0
2944,WLNM_dir_neg,0.953388632293,0.885502147185,00:00:05,10,70,28,1239447263,threshold_sweep,0.1,0.985074626866,0.640776699029,0.776470588235,66,1,37,205,0.640776699029,0.995145631068,0.00485436893204,0.359223300971,0.985074626866,0.640776699029,0.776470588235,0.877022653722,0.594390507012,0.696808510638,0.727463509576,0.635922330097,342,239,103,0,342,0,239,0,103,37,342,0.256756756757,1.72528881811,18.4864864865,15.5454545455,9.77142857143,5.36771015539,0.290358590277,0.142642642643,9.50849154237,1.02869645341,0.544491860281,8.05331334643,0.871264894205,0.461830251304,0.640599570326,0.371299902718,2,1.72528881811,0.640599570326,2,0.344071394247,0.376569037657,810,0.104247104247,0.56957682835,37,37,37,1,0,0.405405405405,0.540540540541,0.0540540540541,37,0.179429429429,1.73965345153,12.9189189189,10.8636363636,6.82857142857,3.66953204993,0.284043275831,0.148818274341,6.59374533004,1.02078902599,0.547551735836,5.88592763667,0.911210554631,0.481963134683,0.652229455033,0.374919185462,2,1.73965345153,0.652229455033,2,0.17194455035,0.152492668622,156,0.0200772200772,0.339099133954,37,37,37,1,0,0.405405405405,0.540540540541,0.0540540540541,37,306,0.22972972973,1.70952922022,16.5405405405,13.9090909091,8.74285714286,4.44468843174,0.268714823488,0.131513866808,8.30544884281,1.00425361825,0.534887829005,7.92902070683,0.958737797885,0.50079491256,0.621735972385,0.363688414934,2,1.70952922022,0.621735972385,2,0.240391748751,0.243114721617,409,0.0526383526384,0.533770484852,37,37,37,1,0,0.405405405405,0.540540540541,0.0540540540541,-36,-0.027027027027,-0.015759597895,-1.94594594595,-1.63636363636,-1.02857142857,-0.923021723652,-0.0216437667895,-0.0111287758347,-1.20304269957,-0.0244428351669,-0.00960403127586,-0.124292639602,0.08747290368,0.0389646612557,-0.018863597941,-0.0076114877838,0,-0.015759597895,-0.018863597941,0,-0.103679645497,-0.13345431604,-401,-0.0516087516088,-0.0358063434979,0,0,0,305,1,37,989,0.891812865497,0.99898989899,0.0010101010101,0.108187134503,0.996732026144,0.891812865497,0.941358024691,0.925076849876,0.890802764487,0.889212827988,67,103,0,0,0,0
2945,WLNM_dir_neg,0.953388632293,0.885502147185,00:00:05,10,70,28,1239447263,threshold_sweep,0.2,0.985074626866,0.640776699029,0.776470588235,66,1,37,205,0.640776699029,0.995145631068,0.00485436893204,0.359223300971,0.985074626866,0.640776699029,0.776470588235,0.877022653722,0.594390507012,0.696808510638,0.727463509576,0.635922330097,342,239,103,0,342,0,239,0,103,37,342,0.256756756757,1.72528881811,18.4864864865,15.5454545455,9.77142857143,5.36771015539,0.290358590277,0.142642642643,9.50849154237,1.02869645341,0.544491860281,8.05331334643,0.871264894205,0.461830251304,0.640599570326,0.371299902718,2,1.72528881811,0.640599570326,2,0.344071394247,0.376569037657,810,0.104247104247,0.56957682835,37,37,37,1,0,0.405405405405,0.540540540541,0.0540540540541,37,0.179429429429,1.73965345153,12.9189189189,10.8636363636,6.82857142857,3.66953204993,0.284043275831,0.148818274341,6.59374533004,1.02078902599,0.547551735836,5.88592763667,0.911210554631,0.481963134683,0.652229455033,0.374919185462,2,1.73965345153,0.652229455033,2,0.17194455035,0.152492668622,156,0.0200772200772,0.339099133954,37,37,37,1,0,0.405405405405,0.540540540541,0.0540540540541,37,306,0.22972972973,1.70952922022,16.5405405405,13.9090909091,8.74285714286,4.44468843174,0.268714823488,0.131513866808,8.30544884281,1.00425361825,0.534887829005,7.92902070683,0.958737797885,0.50079491256,0.621735972385,0.363688414934,2,1.70952922022,0.621735972385,2,0.240391748751,0.243114721617,409,0.0526383526384,0.533770484852,37,37,37,1,0,0.405405405405,0.540540540541,0.0540540540541,-36,-0.027027027027,-0.015759597895,-1.94594594595,-1.63636363636,-1.02857142857,-0.923021723652,-0.0216437667895,-0.0111287758347,-1.20304269957,-0.0244428351669,-0.00960403127586,-0.124292639602,0.08747290368,0.0389646612557,-0.018863597941,-0.0076114877838,0,-0.015759597895,-0.018863597941,0,-0.103679645497,-0.13345431604,-401,-0.0516087516088,-0.0358063434979,0,0,0,305,1,37,989,0.891812865497,0.99898989899,0.0010101010101,0.108187134503,0.996732026144,0.891812865497,0.941358024691,0.925076849876,0.890802764487,0.889212827988,67,103,0,0,0,0
2946,WLNM_dir_neg,0.953388632293,0.885502147185,00:00:05,10,70,28,1239447263,threshold_sweep,0.3,0.985074626866,0.640776699029,0.776470588235,66,1,37,205,0.640776699029,0.995145631068,0.00485436893204,0.359223300971,0.985074626866,0.640776699029,0.776470588235,0.877022653722,0.594390507012,0.696808510638,0.727463509576,0.635922330097,342,239,103,0,342,0,239,0,103,37,342,0.256756756757,1.72528881811,18.4864864865,15.5454545455,9.77142857143,5.36771015539,0.290358590277,0.142642642643,9.50849154237,1.02869645341,0.544491860281,8.05331334643,0.871264894205,0.461830251304,0.640599570326,0.371299902718,2,1.72528881811,0.640599570326,2,0.344071394247,0.376569037657,810,0.104247104247,0.56957682835,37,37,37,1,0,0.405405405405,0.540540540541,0.0540540540541,37,0.179429429429,1.73965345153,12.9189189189,10.8636363636,6.82857142857,3.66953204993,0.284043275831,0.148818274341,6.59374533004,1.02078902599,0.547551735836,5.88592763667,0.911210554631,0.481963134683,0.652229455033,0.374919185462,2,1.73965345153,0.652229455033,2,0.17194455035,0.152492668622,156,0.0200772200772,0.339099133954,37,37,37,1,0,0.405405405405,0.540540540541,0.0540540540541,37,306,0.22972972973,1.70952922022,16.5405405405,13.9090909091,8.74285714286,4.44468843174,0.268714823488,0.131513866808,8.30544884281,1.00425361825,0.534887829005,7.92902070683,0.958737797885,0.50079491256,0.621735972385,0.363688414934,2,1.70952922022,0.621735972385,2,0.240391748751,0.243114721617,409,0.0526383526384,0.533770484852,37,37,37,1,0,0.405405405405,0.540540540541,0.0540540540541,-36,-0.027027027027,-0.015759597895,-1.94594594595,-1.63636363636,-1.02857142857,-0.923021723652,-0.0216437667895,-0.0111287758347,-1.20304269957,-0.0244428351669,-0.00960403127586,-0.124292639602,0.08747290368,0.0389646612557,-0.018863597941,-0.0076114877838,0,-0.015759597895,-0.018863597941,0,-0.103679645497,-0.13345431604,-401,-0.0516087516088,-0.0358063434979,0,0,0,305,1,37,989,0.891812865497,0.99898989899,0.0010101010101,0.108187134503,0.996732026144,0.891812865497,0.941358024691,0.925076849876,0.890802764487,0.889212827988,67,103,0,0,0,0
2947,WLNM_dir_neg,0.953388632293,0.885502147185,00:00:05,10,70,28,1239447263,threshold_sweep,0.4,0.985074626866,0.640776699029,0.776470588235,66,1,37,205,0.640776699029,0.995145631068,0.00485436893204,0.359223300971,0.985074626866,0.640776699029,0.776470588235,0.877022653722,0.594390507012,0.696808510638,0.727463509576,0.635922330097,342,239,103,0,342,0,239,0,103,37,342,0.256756756757,1.72528881811,18.4864864865,15.5454545455,9.77142857143,5.36771015539,0.290358590277,0.142642642643,9.50849154237,1.02869645341,0.544491860281,8.05331334643,0.871264894205,0.461830251304,0.640599570326,0.371299902718,2,1.72528881811,0.640599570326,2,0.344071394247,0.376569037657,810,0.104247104247,0.56957682835,37,37,37,1,0,0.405405405405,0.540540540541,0.0540540540541,37,0.179429429429,1.73965345153,12.9189189189,10.8636363636,6.82857142857,3.66953204993,0.284043275831,0.148818274341,6.59374533004,1.02078902599,0.547551735836,5.88592763667,0.911210554631,0.481963134683,0.652229455033,0.374919185462,2,1.73965345153,0.652229455033,2,0.17194455035,0.152492668622,156,0.0200772200772,0.339099133954,37,37,37,1,0,0.405405405405,0.540540540541,0.0540540540541,37,306,0.22972972973,1.70952922022,16.5405405405,13.9090909091,8.74285714286,4.44468843174,0.268714823488,0.131513866808,8.30544884281,1.00425361825,0.534887829005,7.92902070683,0.958737797885,0.50079491256,0.621735972385,0.363688414934,2,1.70952922022,0.621735972385,2,0.240391748751,0.243114721617,409,0.0526383526384,0.533770484852,37,37,37,1,0,0.405405405405,0.540540540541,0.0540540540541,-36,-0.027027027027,-0.015759597895,-1.94594594595,-1.63636363636,-1.02857142857,-0.923021723652,-0.0216437667895,-0.0111287758347,-1.20304269957,-0.0244428351669,-0.00960403127586,-0.124292639602,0.08747290368,0.0389646612557,-0.018863597941,-0.0076114877838,0,-0.015759597895,-0.018863597941,0,-0.103679645497,-0.13345431604,-401,-0.0516087516088,-0.0358063434979,0,0,0,305,1,37,989,0.891812865497,0.99898989899,0.0010101010101,0.108187134503,0.996732026144,0.891812865497,0.941358024691,0.925076849876,0.890802764487,0.889212827988,67,103,0,0,0,0
2948,WLNM_dir_neg,0.953388632293,0.885502147185,00:00:05,10,70,28,1239447263,threshold_sweep,0.5,0.985074626866,0.640776699029,0.776470588235,66,1,37,205,0.640776699029,0.995145631068,0.00485436893204,0.359223300971,0.985074626866,0.640776699029,0.776470588235,0.877022653722,0.594390507012,0.696808510638,0.727463509576,0.635922330097,342,239,103,0,342,0,239,0,103,37,342,0.256756756757,1.72528881811,18.4864864865,15.5454545455,9.77142857143,5.36771015539,0.290358590277,0.142642642643,9.50849154237,1.02869645341,0.544491860281,8.05331334643,0.871264894205,0.461830251304,0.640599570326,0.371299902718,2,1.72528881811,0.640599570326,2,0.344071394247,0.376569037657,810,0.104247104247,0.56957682835,37,37,37,1,0,0.405405405405,0.540540540541,0.0540540540541,37,0.179429429429,1.73965345153,12.9189189189,10.8636363636,6.82857142857,3.66953204993,0.284043275831,0.148818274341,6.59374533004,1.02078902599,0.547551735836,5.88592763667,0.911210554631,0.481963134683,0.652229455033,0.374919185462,2,1.73965345153,0.652229455033,2,0.17194455035,0.152492668622,156,0.0200772200772,0.339099133954,37,37,37,1,0,0.405405405405,0.540540540541,0.0540540540541,37,306,0.22972972973,1.70952922022,16.5405405405,13.9090909091,8.74285714286,4.44468843174,0.268714823488,0.131513866808,8.30544884281,1.00425361825,0.534887829005,7.92902070683,0.958737797885,0.50079491256,0.621735972385,0.363688414934,2,1.70952922022,0.621735972385,2,0.240391748751,0.243114721617,409,0.0526383526384,0.533770484852,37,37,37,1,0,0.405405405405,0.540540540541,0.0540540540541,-36,-0.027027027027,-0.015759597895,-1.94594594595,-1.63636363636,-1.02857142857,-0.923021723652,-0.0216437667895,-0.0111287758347,-1.20304269957,-0.0244428351669,-0.00960403127586,-0.124292639602,0.08747290368,0.0389646612557,-0.018863597941,-0.0076114877838,0,-0.015759597895,-0.018863597941,0,-0.103679645497,-0.13345431604,-401,-0.0516087516088,-0.0358063434979,0,0,0,305,1,37,989,0.891812865497,0.99898989899,0.0010101010101,0.108187134503,0.996732026144,0.891812865497,0.941358024691,0.925076849876,0.890802764487,0.889212827988,67,103,0,0,0,0
2949,WLNM_dir_neg,0.953388632293,0.885502147185,00:00:05,10,70,28,1239447263,threshold_sweep,0.6,0.985074626866,0.640776699029,0.776470588235,66,1,37,205,0.640776699029,0.995145631068,0.00485436893204,0.359223300971,0.985074626866,0.640776699029,0.776470588235,0.877022653722,0.594390507012,0.696808510638,0.727463509576,0.635922330097,342,239,103,0,342,0,239,0,103,37,342,0.256756756757,1.72528881811,18.4864864865,15.5454545455,9.77142857143,5.36771015539,0.290358590277,0.142642642643,9.50849154237,1.02869645341,0.544491860281,8.05331334643,0.871264894205,0.461830251304,0.640599570326,0.371299902718,2,1.72528881811,0.640599570326,2,0.344071394247,0.376569037657,810,0.104247104247,0.56957682835,37,37,37,1,0,0.405405405405,0.540540540541,0.0540540540541,37,0.179429429429,1.73965345153,12.9189189189,10.8636363636,6.82857142857,3.66953204993,0.284043275831,0.148818274341,6.59374533004,1.02078902599,0.547551735836,5.88592763667,0.911210554631,0.481963134683,0.652229455033,0.374919185462,2,1.73965345153,0.652229455033,2,0.17194455035,0.152492668622,156,0.0200772200772,0.339099133954,37,37,37,1,0,0.405405405405,0.540540540541,0.0540540540541,37,306,0.22972972973,1.70952922022,16.5405405405,13.9090909091,8.74285714286,4.44468843174,0.268714823488,0.131513866808,8.30544884281,1.00425361825,0.534887829005,7.92902070683,0.958737797885,0.50079491256,0.621735972385,0.363688414934,2,1.70952922022,0.621735972385,2,0.240391748751,0.243114721617,409,0.0526383526384,0.533770484852,37,37,37,1,0,0.405405405405,0.540540540541,0.0540540540541,-36,-0.027027027027,-0.015759597895,-1.94594594595,-1.63636363636,-1.02857142857,-0.923021723652,-0.0216437667895,-0.0111287758347,-1.20304269957,-0.0244428351669,-0.00960403127586,-0.124292639602,0.08747290368,0.0389646612557,-0.018863597941,-0.0076114877838,0,-0.015759597895,-0.018863597941,0,-0.103679645497,-0.13345431604,-401,-0.0516087516088,-0.0358063434979,0,0,0,305,1,37,989,0.891812865497,0.99898989899,0.0010101010101,0.108187134503,0.996732026144,0.891812865497,0.941358024691,0.925076849876,0.890802764487,0.889212827988,67,103,0,0,0,0
2950,WLNM_dir_neg,0.953388632293,0.885502147185,00:00:05,10,70,28,1239447263,threshold_sweep,0.7,0.985074626866,0.640776699029,0.776470588235,66,1,37,205,0.640776699029,0.995145631068,0.00485436893204,0.359223300971,0.985074626866,0.640776699029,0.776470588235,0.877022653722,0.594390507012,0.696808510638,0.727463509576,0.635922330097,342,239,103,0,342,0,239,0,103,37,342,0.256756756757,1.72528881811,18.4864864865,15.5454545455,9.77142857143,5.36771015539,0.290358590277,0.142642642643,9.50849154237,1.02869645341,0.544491860281,8.05331334643,0.871264894205,0.461830251304,0.640599570326,0.371299902718,2,1.72528881811,0.640599570326,2,0.344071394247,0.376569037657,810,0.104247104247,0.56957682835,37,37,37,1,0,0.405405405405,0.540540540541,0.0540540540541,37,0.179429429429,1.73965345153,12.9189189189,10.8636363636,6.82857142857,3.66953204993,0.284043275831,0.148818274341,6.59374533004,1.02078902599,0.547551735836,5.88592763667,0.911210554631,0.481963134683,0.652229455033,0.374919185462,2,1.73965345153,0.652229455033,2,0.17194455035,0.152492668622,156,0.0200772200772,0.339099133954,37,37,37,1,0,0.405405405405,0.540540540541,0.0540540540541,37,306,0.22972972973,1.70952922022,16.5405405405,13.9090909091,8.74285714286,4.44468843174,0.268714823488,0.131513866808,8.30544884281,1.00425361825,0.534887829005,7.92902070683,0.958737797885,0.50079491256,0.621735972385,0.363688414934,2,1.70952922022,0.621735972385,2,0.240391748751,0.243114721617,409,0.0526383526384,0.533770484852,37,37,37,1,0,0.405405405405,0.540540540541,0.0540540540541,-36,-0.027027027027,-0.015759597895,-1.94594594595,-1.63636363636,-1.02857142857,-0.923021723652,-0.0216437667895,-0.0111287758347,-1.20304269957,-0.0244428351669,-0.00960403127586,-0.124292639602,0.08747290368,0.0389646612557,-0.018863597941,-0.0076114877838,0,-0.015759597895,-0.018863597941,0,-0.103679645497,-0.13345431604,-401,-0.0516087516088,-0.0358063434979,0,0,0,305,1,37,989,0.891812865497,0.99898989899,0.0010101010101,0.108187134503,0.996732026144,0.891812865497,0.941358024691,0.925076849876,0.890802764487,0.889212827988,67,103,0,0,0,0
2951,WLNM_dir_neg,0.953388632293,0.885502147185,00:00:05,10,70,28,1239447263,threshold_sweep,0.8,0.984848484848,0.631067961165,0.769230769231,65,1,38,205,0.631067961165,0.995145631068,0.00485436893204,0.368932038835,0.984848484848,0.631067961165,0.769230769231,0.873786407767,0.595469255663,0.688,0.720277100936,0.626213592233,342,239,103,0,342,0,239,0,103,37,342,0.256756756757,1.72528881811,18.4864864865,15.5454545455,9.77142857143,5.36771015539,0.290358590277,0.142642642643,9.50849154237,1.02869645341,0.544491860281,8.05331334643,0.871264894205,0.461830251304,0.640599570326,0.371299902718,2,1.72528881811,0.640599570326,2,0.344071394247,0.376569037657,810,0.104247104247,0.56957682835,37,37,37,1,0,0.405405405405,0.540540540541,0.0540540540541,37,0.179429429429,1.73965345153,12.9189189189,10.8636363636,6.82857142857,3.66953204993,0.284043275831,0.148818274341,6.59374533004,1.02078902599,0.547551735836,5.88592763667,0.911210554631,0.481963134683,0.652229455033,0.374919185462,2,1.73965345153,0.652229455033,2,0.17194455035,0.152492668622,156,0.0200772200772,0.339099133954,37,37,37,1,0,0.405405405405,0.540540540541,0.0540540540541,37,305,0.228978978979,1.709715233,16.4864864865,13.8636363636,8.71428571429,4.43860351926,0.26922677084,0.131945059814,8.28789413477,1.00541666553,0.536287106779,7.89305392737,0.957518017418,0.500132919805,0.621859572714,0.363721139468,2,1.709715233,0.621859572714,2,0.240433955833,0.242919824491,406,0.0522522522523,0.529405833747,37,37,37,1,0,0.405405405405,0.540540540541,0.0540540540541,-37,-0.0277777777778,-0.0155735851104,-2,-1.68181818182,-1.05714285714,-0.929106636132,-0.0211318194367,-0.0106975828287,-1.2205974076,-0.0232797878851,-0.00820475350242,-0.160259419069,0.0862531232132,0.0383026685011,-0.0187399976125,-0.00757876325011,0,-0.0155735851104,-0.0187399976125,0,-0.103637438414,-0.133649213165,-404,-0.0519948519949,-0.0401709946033,0,0,0,304,1,38,989,0.888888888889,0.99898989899,0.0010101010101,0.111111111111,0.996721311475,0.888888888889,0.93972179289,0.92310093175,0.887878787879,0.886297376093,66,103,0,0,0,0
2952,WLNM_dir_neg,0.953388632293,0.885502147185,00:00:05,10,70,28,1239447263,threshold_sweep,0.9,0.982142857143,0.533980582524,0.691823899371,55,1,48,205,0.533980582524,0.995145631068,0.00485436893204,0.466019417476,0.982142857143,0.533980582524,0.691823899371,0.84142394822,0.606256742179,0.597260273973,0.647526022011,0.529126213592,342,239,103,0,342,0,239,0,103,37,342,0.256756756757,1.72528881811,18.4864864865,15.5454545455,9.77142857143,5.36771015539,0.290358590277,0.142642642643,9.50849154237,1.02869645341,0.544491860281,8.05331334643,0.871264894205,0.461830251304,0.640599570326,0.371299902718,2,1.72528881811,0.640599570326,2,0.344071394247,0.376569037657,810,0.104247104247,0.56957682835,37,37,37,1,0,0.405405405405,0.540540540541,0.0540540540541,37,0.179429429429,1.73965345153,12.9189189189,10.8636363636,6.82857142857,3.66953204993,0.284043275831,0.148818274341,6.59374533004,1.02078902599,0.547551735836,5.88592763667,0.911210554631,0.481963134683,0.652229455033,0.374919185462,2,1.73965345153,0.652229455033,2,0.17194455035,0.152492668622,156,0.0200772200772,0.339099133954,37,37,37,1,0,0.405405405405,0.540540540541,0.0540540540541,37,295,0.221471471471,1.71372325869,15.9459459459,13.4090909091,8.42857142857,4.51507318721,0.283148657503,0.142464498397,8.17342063061,1.02514089265,0.550435180944,7.54794485085,0.946691388073,0.495098488319,0.624986595671,0.364695170298,2,1.71372325869,0.624986595671,2,0.242154401947,0.23913504346,376,0.0483912483912,0.489678444001,37,37,37,1,0,0.405405405405,0.540540540541,0.0540540540541,-47,-0.0352852852853,-0.0115655594246,-2.54054054054,-2.13636363636,-1.34285714286,-0.852636968181,-0.00720993277396,-0.000178144245941,-1.33507091177,-0.00355556076261,0.00594332066232,-0.505368495584,0.0754264938678,0.0332682370149,-0.0156129746551,-0.00660473242014,0,-0.0115655594246,-0.0156129746551,0,-0.1019169923,-0.137433994197,-434,-0.0558558558559,-0.0798983843488,0,0,0,294,1,48,989,0.859649122807,0.99898989899,0.0010101010101,0.140350877193,0.996610169492,0.859649122807,0.923076923077,0.903318460552,0.858639021797,0.857142857143,56,103,0,0,0,0
2953,WLNM_dir_neg,0.990432651522,0.906118074221,00:00:05,10,70,29,1239447264,threshold_sweep,0.1,1,0.805825242718,0.89247311828,83,0,20,206,0.805825242718,1,0,0.194174757282,1,0.805825242718,0.89247311828,0.935275080906,0.577130528587,0.84693877551,0.857037498792,0.805825242718,342,239,103,0,342,0,239,0,103,37,342,0.256756756757,1.72528881811,18.4864864865,15.5454545455,9.77142857143,5.36771015539,0.290358590277,0.142642642643,9.50849154237,1.02869645341,0.544491860281,8.05331334643,0.871264894205,0.461830251304,0.640599570326,0.371299902718,2,1.72528881811,0.640599570326,2,0.344071394247,0.376569037657,810,0.104247104247,0.56957682835,37,37,37,1,0,0.405405405405,0.540540540541,0.0540540540541,37,0.179429429429,1.76156076474,12.9189189189,10.8636363636,6.82857142857,3.90425962805,0.302212565351,0.160692072826,6.61897354662,1.02469464948,0.549587244148,5.94696278502,0.920659510651,0.49100983829,0.68274295734,0.387578431017,2,1.76156076474,0.68274295734,2,0.161448470736,0.162633107454,168,0.0216216216216,0.344449348937,37,37,37,1,0,0.405405405405,0.540540540541,0.0540540540541,37,322,0.241741741742,1.71388025405,17.4054054054,14.6363636364,9.2,4.71085896543,0.270654940561,0.129259694477,8.7459986561,1.00497500086,0.532818532819,8.13382807534,0.934632418595,0.49101896928,0.627363784228,0.366048784765,2,1.71388025405,0.627363784228,2,0.274789627583,0.295482728078,556,0.0715572715573,0.565102483732,37,37,37,1,0,0.405405405405,0.540540540541,0.0540540540541,-20,-0.015015015015,-0.0114085640634,-1.08108108108,-0.909090909091,-0.571428571429,-0.656851189961,-0.0197036497166,-0.0133829481656,-0.762492886275,-0.0237214525587,-0.0116733274628,0.0805147289039,0.0633675243899,0.0291887179759,-0.0132357860985,-0.00525111795314,0,-0.0114085640634,-0.0132357860985,0,-0.0692817666647,-0.081086309579,-254,-0.0326898326898,-0.00447434461798,0,0,0,322,0,20,990,0.941520467836,1,0,0.0584795321637,1,0.941520467836,0.969879518072,0.960664612743,0.941520467836,0.941520467836,83,103,0,0,0,0
2954,WLNM_dir_neg,0.990432651522,0.906118074221,00:00:05,10,70,29,1239447264,threshold_sweep,0.2,1,0.805825242718,0.89247311828,83,0,20,206,0.805825242718,1,0,0.194174757282,1,0.805825242718,0.89247311828,0.935275080906,0.577130528587,0.84693877551,0.857037498792,0.805825242718,342,239,103,0,342,0,239,0,103,37,342,0.256756756757,1.72528881811,18.4864864865,15.5454545455,9.77142857143,5.36771015539,0.290358590277,0.142642642643,9.50849154237,1.02869645341,0.544491860281,8.05331334643,0.871264894205,0.461830251304,0.640599570326,0.371299902718,2,1.72528881811,0.640599570326,2,0.344071394247,0.376569037657,810,0.104247104247,0.56957682835,37,37,37,1,0,0.405405405405,0.540540540541,0.0540540540541,37,0.179429429429,1.76156076474,12.9189189189,10.8636363636,6.82857142857,3.90425962805,0.302212565351,0.160692072826,6.61897354662,1.02469464948,0.549587244148,5.94696278502,0.920659510651,0.49100983829,0.68274295734,0.387578431017,2,1.76156076474,0.68274295734,2,0.161448470736,0.162633107454,168,0.0216216216216,0.344449348937,37,37,37,1,0,0.405405405405,0.540540540541,0.0540540540541,37,322,0.241741741742,1.71388025405,17.4054054054,14.6363636364,9.2,4.71085896543,0.270654940561,0.129259694477,8.7459986561,1.00497500086,0.532818532819,8.13382807534,0.934632418595,0.49101896928,0.627363784228,0.366048784765,2,1.71388025405,0.627363784228,2,0.274789627583,0.295482728078,556,0.0715572715573,0.565102483732,37,37,37,1,0,0.405405405405,0.540540540541,0.0540540540541,-20,-0.015015015015,-0.0114085640634,-1.08108108108,-0.909090909091,-0.571428571429,-0.656851189961,-0.0197036497166,-0.0133829481656,-0.762492886275,-0.0237214525587,-0.0116733274628,0.0805147289039,0.0633675243899,0.0291887179759,-0.0132357860985,-0.00525111795314,0,-0.0114085640634,-0.0132357860985,0,-0.0692817666647,-0.081086309579,-254,-0.0326898326898,-0.00447434461798,0,0,0,322,0,20,990,0.941520467836,1,0,0.0584795321637,1,0.941520467836,0.969879518072,0.960664612743,0.941520467836,0.941520467836,83,103,0,0,0,0
2955,WLNM_dir_neg,0.990432651522,0.906118074221,00:00:05,10,70,29,1239447264,threshold_sweep,0.3,1,0.78640776699,0.880434782609,81,0,22,206,0.78640776699,1,0,0.21359223301,1,0.78640776699,0.880434782609,0.928802588997,0.57928802589,0.830769230769,0.842927230424,0.78640776699,342,239,103,0,342,0,239,0,103,37,342,0.256756756757,1.72528881811,18.4864864865,15.5454545455,9.77142857143,5.36771015539,0.290358590277,0.142642642643,9.50849154237,1.02869645341,0.544491860281,8.05331334643,0.871264894205,0.461830251304,0.640599570326,0.371299902718,2,1.72528881811,0.640599570326,2,0.344071394247,0.376569037657,810,0.104247104247,0.56957682835,37,37,37,1,0,0.405405405405,0.540540540541,0.0540540540541,37,0.179429429429,1.76156076474,12.9189189189,10.8636363636,6.82857142857,3.90425962805,0.302212565351,0.160692072826,6.61897354662,1.02469464948,0.549587244148,5.94696278502,0.920659510651,0.49100983829,0.68274295734,0.387578431017,2,1.76156076474,0.68274295734,2,0.161448470736,0.162633107454,168,0.0216216216216,0.344449348937,37,37,37,1,0,0.405405405405,0.540540540541,0.0540540540541,37,320,0.24024024024,1.71235456753,17.2972972973,14.5454545455,9.14285714286,4.65394017572,0.269055916409,0.128462837838,8.65132043941,1.00030892581,0.530405405405,8.14526521025,0.941796289935,0.493412162162,0.625613478402,0.365352766458,2,1.71235456753,0.625613478402,2,0.258085898681,0.286586460765,532,0.0684684684685,0.565936656354,37,37,37,1,0,0.405405405405,0.540540540541,0.0540540540541,-22,-0.0165165165165,-0.0129342505898,-1.18918918919,-1,-0.628571428571,-0.713769979676,-0.0213026738684,-0.0141798048048,-0.857171102965,-0.0283875276081,-0.0140864548759,0.091951863818,0.0705313957305,0.0315819108582,-0.0149860919245,-0.00594713626014,0,-0.0129342505898,-0.0149860919245,0,-0.0859854955666,-0.089982576892,-278,-0.0357786357786,-0.00364017199611,0,0,0,320,0,22,990,0.93567251462,1,0,0.0643274853801,1,0.93567251462,0.966767371601,0.95672974647,0.93567251462,0.93567251462,81,103,0,0,0,0
2956,WLNM_dir_neg,0.990432651522,0.906118074221,00:00:05,10,70,29,1239447264,threshold_sweep,0.4,1,0.766990291262,0.868131868132,79,0,24,206,0.766990291262,1,0,0.233009708738,1,0.766990291262,0.868131868132,0.922330097087,0.581445523193,0.814432989691,0.828828403072,0.766990291262,342,239,103,0,342,0,239,0,103,37,342,0.256756756757,1.72528881811,18.4864864865,15.5454545455,9.77142857143,5.36771015539,0.290358590277,0.142642642643,9.50849154237,1.02869645341,0.544491860281,8.05331334643,0.871264894205,0.461830251304,0.640599570326,0.371299902718,2,1.72528881811,0.640599570326,2,0.344071394247,0.376569037657,810,0.104247104247,0.56957682835,37,37,37,1,0,0.405405405405,0.540540540541,0.0540540540541,37,0.179429429429,1.76156076474,12.9189189189,10.8636363636,6.82857142857,3.90425962805,0.302212565351,0.160692072826,6.61897354662,1.02469464948,0.549587244148,5.94696278502,0.920659510651,0.49100983829,0.68274295734,0.387578431017,2,1.76156076474,0.68274295734,2,0.161448470736,0.162633107454,168,0.0216216216216,0.344449348937,37,37,37,1,0,0.405405405405,0.540540540541,0.0540540540541,37,318,0.238738738739,1.71053694041,17.1891891892,14.4545454545,9.08571428571,4.57552570045,0.266186243579,0.12476627571,8.57794154102,0.998062380558,0.528471868095,8.16992948242,0.950589279401,0.496005439402,0.62366371069,0.364601135444,2,1.71053694041,0.62366371069,2,0.249116817786,0.273820368009,501,0.0644787644788,0.567887104949,37,37,37,1,0,0.405405405405,0.540540540541,0.0540540540541,-24,-0.018018018018,-0.0147518777099,-1.2972972973,-1.09090909091,-0.685714285714,-0.792184454948,-0.0241723466978,-0.017876366933,-0.930550001359,-0.0306340728564,-0.0160199921868,0.116616135988,0.0793243851964,0.0341751880977,-0.0169358596357,-0.00669876727384,0,-0.0147518777099,-0.0169358596357,0,-0.0949545764619,-0.102748669648,-309,-0.0397683397683,-0.0016897234011,0,0,0,318,0,24,990,0.929824561404,1,0,0.0701754385965,1,0.929824561404,0.963636363636,0.952794248239,0.929824561404,0.929824561404,79,103,0,0,0,0
2957,WLNM_dir_neg,0.990432651522,0.906118074221,00:00:05,10,70,29,1239447264,threshold_sweep,0.5,1,0.766990291262,0.868131868132,79,0,24,206,0.766990291262,1,0,0.233009708738,1,0.766990291262,0.868131868132,0.922330097087,0.581445523193,0.814432989691,0.828828403072,0.766990291262,342,239,103,0,342,0,239,0,103,37,342,0.256756756757,1.72528881811,18.4864864865,15.5454545455,9.77142857143,5.36771015539,0.290358590277,0.142642642643,9.50849154237,1.02869645341,0.544491860281,8.05331334643,0.871264894205,0.461830251304,0.640599570326,0.371299902718,2,1.72528881811,0.640599570326,2,0.344071394247,0.376569037657,810,0.104247104247,0.56957682835,37,37,37,1,0,0.405405405405,0.540540540541,0.0540540540541,37,0.179429429429,1.76156076474,12.9189189189,10.8636363636,6.82857142857,3.90425962805,0.302212565351,0.160692072826,6.61897354662,1.02469464948,0.549587244148,5.94696278502,0.920659510651,0.49100983829,0.68274295734,0.387578431017,2,1.76156076474,0.68274295734,2,0.161448470736,0.162633107454,168,0.0216216216216,0.344449348937,37,37,37,1,0,0.405405405405,0.540540540541,0.0540540540541,37,318,0.238738738739,1.71053694041,17.1891891892,14.4545454545,9.08571428571,4.57552570045,0.266186243579,0.12476627571,8.57794154102,0.998062380558,0.528471868095,8.16992948242,0.950589279401,0.496005439402,0.62366371069,0.364601135444,2,1.71053694041,0.62366371069,2,0.249116817786,0.273820368009,501,0.0644787644788,0.567887104949,37,37,37,1,0,0.405405405405,0.540540540541,0.0540540540541,-24,-0.018018018018,-0.0147518777099,-1.2972972973,-1.09090909091,-0.685714285714,-0.792184454948,-0.0241723466978,-0.017876366933,-0.930550001359,-0.0306340728564,-0.0160199921868,0.116616135988,0.0793243851964,0.0341751880977,-0.0169358596357,-0.00669876727384,0,-0.0147518777099,-0.0169358596357,0,-0.0949545764619,-0.102748669648,-309,-0.0397683397683,-0.0016897234011,0,0,0,318,0,24,990,0.929824561404,1,0,0.0701754385965,1,0.929824561404,0.963636363636,0.952794248239,0.929824561404,0.929824561404,79,103,0,0,0,0
2958,WLNM_dir_neg,0.990432651522,0.906118074221,00:00:05,10,70,29,1239447264,threshold_sweep,0.6,1,0.747572815534,0.855555555556,77,0,26,206,0.747572815534,1,0,0.252427184466,1,0.747572815534,0.855555555556,0.915857605178,0.583603020496,0.79792746114,0.814734989704,0.747572815534,342,239,103,0,342,0,239,0,103,37,342,0.256756756757,1.72528881811,18.4864864865,15.5454545455,9.77142857143,5.36771015539,0.290358590277,0.142642642643,9.50849154237,1.02869645341,0.544491860281,8.05331334643,0.871264894205,0.461830251304,0.640599570326,0.371299902718,2,1.72528881811,0.640599570326,2,0.344071394247,0.376569037657,810,0.104247104247,0.56957682835,37,37,37,1,0,0.405405405405,0.540540540541,0.0540540540541,37,0.179429429429,1.76156076474,12.9189189189,10.8636363636,6.82857142857,3.90425962805,0.302212565351,0.160692072826,6.61897354662,1.02469464948,0.549587244148,5.94696278502,0.920659510651,0.49100983829,0.68274295734,0.387578431017,2,1.76156076474,0.68274295734,2,0.161448470736,0.162633107454,168,0.0216216216216,0.344449348937,37,37,37,1,0,0.405405405405,0.540540540541,0.0540540540541,37,316,0.237237237237,1.72366786676,17.0810810811,14.3636363636,9.02857142857,4.73391063603,0.277143502426,0.128378378378,8.56217325279,1.00253294416,0.529079712624,8.17038892925,0.956659463235,0.497947314403,0.646024787288,0.374796560142,2,1.72366786676,0.646024787288,2,0.239015705053,0.273077628923,496,0.0638352638353,0.566148378443,37,37,37,1,0,0.405405405405,0.540540540541,0.0540540540541,-26,-0.0195195195195,-0.00162095135633,-1.40540540541,-1.18181818182,-0.742857142857,-0.633799519364,-0.0132150878514,-0.0142642642643,-0.946318289584,-0.0261635092589,-0.0154121476573,0.117075582818,0.0853945690304,0.0361170630991,0.00542521696229,0.00349665742423,0,-0.00162095135633,0.00542521696229,0,-0.105055689195,-0.103491408734,-314,-0.0404118404118,-0.00342844990662,0,0,0,316,0,26,990,0.923976608187,1,0,0.0760233918129,1,0.923976608187,0.960486322188,0.948858017569,0.923976608187,0.923976608187,77,103,0,0,0,0
2959,WLNM_dir_neg,0.990432651522,0.906118074221,00:00:05,10,70,29,1239447264,threshold_sweep,0.7,1,0.747572815534,0.855555555556,77,0,26,206,0.747572815534,1,0,0.252427184466,1,0.747572815534,0.855555555556,0.915857605178,0.583603020496,0.79792746114,0.814734989704,0.747572815534,342,239,103,0,342,0,239,0,103,37,342,0.256756756757,1.72528881811,18.4864864865,15.5454545455,9.77142857143,5.36771015539,0.290358590277,0.142642642643,9.50849154237,1.02869645341,0.544491860281,8.05331334643,0.871264894205,0.461830251304,0.640599570326,0.371299902718,2,1.72528881811,0.640599570326,2,0.344071394247,0.376569037657,810,0.104247104247,0.56957682835,37,37,37,1,0,0.405405405405,0.540540540541,0.0540540540541,37,0.179429429429,1.76156076474,12.9189189189,10.8636363636,6.82857142857,3.90425962805,0.302212565351,0.160692072826,6.61897354662,1.02469464948,0.549587244148,5.94696278502,0.920659510651,0.49100983829,0.68274295734,0.387578431017,2,1.76156076474,0.68274295734,2,0.161448470736,0.162633107454,168,0.0216216216216,0.344449348937,37,37,37,1,0,0.405405405405,0.540540540541,0.0540540540541,37,316,0.237237237237,1.72366786676,17.0810810811,14.3636363636,9.02857142857,4.73391063603,0.277143502426,0.128378378378,8.56217325279,1.00253294416,0.529079712624,8.17038892925,0.956659463235,0.497947314403,0.646024787288,0.374796560142,2,1.72366786676,0.646024787288,2,0.239015705053,0.273077628923,496,0.0638352638353,0.566148378443,37,37,37,1,0,0.405405405405,0.540540540541,0.0540540540541,-26,-0.0195195195195,-0.00162095135633,-1.40540540541,-1.18181818182,-0.742857142857,-0.633799519364,-0.0132150878514,-0.0142642642643,-0.946318289584,-0.0261635092589,-0.0154121476573,0.117075582818,0.0853945690304,0.0361170630991,0.00542521696229,0.00349665742423,0,-0.00162095135633,0.00542521696229,0,-0.105055689195,-0.103491408734,-314,-0.0404118404118,-0.00342844990662,0,0,0,316,0,26,990,0.923976608187,1,0,0.0760233918129,1,0.923976608187,0.960486322188,0.948858017569,0.923976608187,0.923976608187,77,103,0,0,0,0
2960,WLNM_dir_neg,0.990432651522,0.906118074221,00:00:05,10,70,29,1239447264,threshold_sweep,0.8,1,0.73786407767,0.849162011173,76,0,27,206,0.73786407767,1,0,0.26213592233,1,0.73786407767,0.849162011173,0.912621359223,0.584681769148,0.78961038961,0.807688377421,0.73786407767,342,239,103,0,342,0,239,0,103,37,342,0.256756756757,1.72528881811,18.4864864865,15.5454545455,9.77142857143,5.36771015539,0.290358590277,0.142642642643,9.50849154237,1.02869645341,0.544491860281,8.05331334643,0.871264894205,0.461830251304,0.640599570326,0.371299902718,2,1.72528881811,0.640599570326,2,0.344071394247,0.376569037657,810,0.104247104247,0.56957682835,37,37,37,1,0,0.405405405405,0.540540540541,0.0540540540541,37,0.179429429429,1.76156076474,12.9189189189,10.8636363636,6.82857142857,3.90425962805,0.302212565351,0.160692072826,6.61897354662,1.02469464948,0.549587244148,5.94696278502,0.920659510651,0.49100983829,0.68274295734,0.387578431017,2,1.76156076474,0.68274295734,2,0.161448470736,0.162633107454,168,0.0216216216216,0.344449348937,37,37,37,1,0,0.405405405405,0.540540540541,0.0540540540541,37,315,0.236486486486,1.72254768764,17.027027027,14.3181818182,9,4.76961730637,0.280120381485,0.129987129987,8.53301308521,1.00229042588,0.528528528529,8.17048081552,0.959707270394,0.498841698842,0.644976898771,0.374431955295,2,1.72254768764,0.644976898771,2,0.23947419096,0.273330874216,494,0.0635778635779,0.566131571677,37,37,37,1,0,0.405405405405,0.540540540541,0.0540540540541,-27,-0.0202702702703,-0.00274113047802,-1.45945945946,-1.22727272727,-0.771428571429,-0.598092849021,-0.0102382087917,-0.0126555126555,-0.975478457168,-0.0264060275334,-0.0159633317528,0.117167469084,0.0884423761894,0.0370114475378,0.0043773284451,0.0031320525775,0,-0.00274113047802,0.0043773284451,0,-0.104597203287,-0.103238163441,-316,-0.0406692406692,-0.00344525667308,0,0,0,315,0,27,990,0.921052631579,1,0,0.0789473684211,1,0.921052631579,0.958904109589,0.946889595912,0.921052631579,0.921052631579,76,103,0,0,0,0
2961,WLNM_dir_neg,0.990432651522,0.906118074221,00:00:05,10,70,29,1239447264,threshold_sweep,0.9,1,0.718446601942,0.83615819209,74,0,29,206,0.718446601942,1,0,0.281553398058,1,0.718446601942,0.83615819209,0.906148867314,0.586839266451,0.772845953003,0.793591352046,0.718446601942,342,239,103,0,342,0,239,0,103,37,342,0.256756756757,1.72528881811,18.4864864865,15.5454545455,9.77142857143,5.36771015539,0.290358590277,0.142642642643,9.50849154237,1.02869645341,0.544491860281,8.05331334643,0.871264894205,0.461830251304,0.640599570326,0.371299902718,2,1.72528881811,0.640599570326,2,0.344071394247,0.376569037657,810,0.104247104247,0.56957682835,37,37,37,1,0,0.405405405405,0.540540540541,0.0540540540541,37,0.179429429429,1.76156076474,12.9189189189,10.8636363636,6.82857142857,3.90425962805,0.302212565351,0.160692072826,6.61897354662,1.02469464948,0.549587244148,5.94696278502,0.920659510651,0.49100983829,0.68274295734,0.387578431017,2,1.76156076474,0.68274295734,2,0.161448470736,0.162633107454,168,0.0216216216216,0.344449348937,37,37,37,1,0,0.405405405405,0.540540540541,0.0540540540541,37,313,0.234984984985,1.72149555468,16.9189189189,14.2272727273,8.94285714286,4.75732405162,0.281183689952,0.132199291944,8.48395411807,1.00289553472,0.528106381142,8.16358647557,0.965024599349,0.502719972369,0.644051953379,0.374123506523,2,1.72149555468,0.644051953379,2,0.234500824439,0.267276802391,477,0.06138996139,0.564683692979,37,37,37,1,0,0.405405405405,0.540540540541,0.0540540540541,-29,-0.0217717717718,-0.00379326343966,-1.56756756757,-1.31818181818,-0.828571428571,-0.610386103772,-0.00917490032508,-0.0104433506989,-1.02453742431,-0.0258009186912,-0.0163854791398,0.110273129138,0.0937597051439,0.0408897210646,0.00345238305296,0.00282360380536,0,-0.00379326343966,0.00345238305296,0,-0.109570569809,-0.109292235266,-333,-0.0428571428571,-0.00489313537038,0,0,0,313,0,29,990,0.915204678363,1,0,0.0847953216374,1,0.915204678363,0.95572519084,0.94295207611,0.915204678363,0.915204678363,74,103,0,0,0,0
2962,WLNM_dir_neg,0.982043547931,0.730859671706,00:00:05,10,70,30,1239447265,threshold_sweep,0.1,0.968085106383,0.883495145631,0.92385786802,91,3,12,203,0.883495145631,0.985436893204,0.0145631067961,0.116504854369,0.968085106383,0.883495145631,0.92385786802,0.95145631068,0.56526429342,0.888337468983,0.89033793183,0.868932038835,342,239,103,0,342,0,239,0,103,37,342,0.256756756757,1.72528881811,18.4864864865,15.5454545455,9.77142857143,5.36771015539,0.290358590277,0.142642642643,9.50849154237,1.02869645341,0.544491860281,8.05331334643,0.871264894205,0.461830251304,0.640599570326,0.371299902718,2,1.72528881811,0.640599570326,2,0.344071394247,0.376569037657,810,0.104247104247,0.56957682835,37,37,37,1,0,0.405405405405,0.540540540541,0.0540540540541,37,0.179429429429,1.77986120685,12.9189189189,10.8636363636,6.82857142857,4.07143421617,0.315152857737,0.169286441253,6.56842021678,1.01686840176,0.545742395115,5.74743708387,0.889770594574,0.481963134683,0.706996564549,0.397220053916,2,1.77986120685,0.706996564549,2,0.21350844114,0.18065342729,188,0.0241956241956,0.330591809891,37,37,37,1,0,0.405405405405,0.540540540541,0.0540540540541,37,333,0.25,1.768085274,18,15.1363636364,9.25,4.89897948557,0.272165526976,0.132456781105,9.00308589071,1.00034287675,0.532424316208,8.10006858682,0.900007620757,0.475610745881,0.700697824872,0.39630318468,2.53653444676,1.768085274,0.700697824872,2.53653444676,0.298224556953,0.322946175637,646,0.0831402831403,0.568479509757,37,37,37,1,0,0.405405405405,0.567567567568,0.027027027027,-9,-0.00675675675676,0.042796455884,-0.486486486486,-0.409090909091,-0.521428571429,-0.468730669827,-0.0181930633012,-0.0101858615372,-0.505405651662,-0.0283535766689,-0.0120675440732,0.046755240381,0.0287427265524,0.0137804945771,0.0600982545462,0.0250032819627,0.536534446764,0.042796455884,0.0600982545462,0.536534446764,-0.0458468372942,-0.0536228620195,-164,-0.0211068211068,-0.0010973185929,0,0.027027027027,-0.027027027027,330,3,12,987,0.964912280702,0.99696969697,0.0030303030303,0.0350877192982,0.990990990991,0.964912280702,0.977777777778,0.970392825818,0.961881977671,0.95652173913,94,103,0,0,0,0
2963,WLNM_dir_neg,0.982043547931,0.730859671706,00:00:05,10,70,30,1239447265,threshold_sweep,0.2,0.989130434783,0.883495145631,0.933333333333,91,1,12,205,0.883495145631,0.995145631068,0.00485436893204,0.116504854369,0.989130434783,0.883495145631,0.933333333333,0.957928802589,0.567421790723,0.902743142145,0.905815601227,0.878640776699,342,239,103,0,342,0,239,0,103,37,342,0.256756756757,1.72528881811,18.4864864865,15.5454545455,9.77142857143,5.36771015539,0.290358590277,0.142642642643,9.50849154237,1.02869645341,0.544491860281,8.05331334643,0.871264894205,0.461830251304,0.640599570326,0.371299902718,2,1.72528881811,0.640599570326,2,0.344071394247,0.376569037657,810,0.104247104247,0.56957682835,37,37,37,1,0,0.405405405405,0.540540540541,0.0540540540541,37,0.179429429429,1.77986120685,12.9189189189,10.8636363636,6.82857142857,4.07143421617,0.315152857737,0.169286441253,6.56842021678,1.01686840176,0.545742395115,5.74743708387,0.889770594574,0.481963134683,0.706996564549,0.397220053916,2,1.77986120685,0.706996564549,2,0.21350844114,0.18065342729,188,0.0241956241956,0.330591809891,37,37,37,1,0,0.405405405405,0.540540540541,0.0540540540541,37,331,0.248498498498,1.71888139923,17.8918918919,15.0454545455,9.45714285714,4.84070577834,0.270553041992,0.132032334449,8.99365809256,1.00533338195,0.533681717972,8.15116196879,0.911157078082,0.482077243407,0.633748958278,0.368698479466,2,1.71888139923,0.633748958278,2,0.298367955146,0.323061463741,643,0.0827541827542,0.57173345122,37,37,37,1,0,0.405405405405,0.540540540541,0.0540540540541,-11,-0.00825825825826,-0.00640741888634,-0.594594594595,-0.5,-0.314285714286,-0.527004377056,-0.0198055482854,-0.0106103081934,-0.514833449814,-0.0233630714669,-0.0108101423096,0.0978486223553,0.0398921838773,0.0202469921026,-0.00685061204758,-0.00260142325143,0,-0.00640741888634,-0.00685061204758,0,-0.0457034391013,-0.0535075739155,-167,-0.0214929214929,0.00215662287022,0,0,0,330,1,12,989,0.964912280702,0.99898989899,0.0010101010101,0.0350877192982,0.996978851964,0.964912280702,0.980683506686,0.974389458907,0.963902179692,0.962099125364,92,103,0,0,0,0
2964,WLNM_dir_neg,0.982043547931,0.730859671706,00:00:05,10,70,30,1239447265,threshold_sweep,0.3,0.989130434783,0.883495145631,0.933333333333,91,1,12,205,0.883495145631,0.995145631068,0.00485436893204,0.116504854369,0.989130434783,0.883495145631,0.933333333333,0.957928802589,0.567421790723,0.902743142145,0.905815601227,0.878640776699,342,239,103,0,342,0,239,0,103,37,342,0.256756756757,1.72528881811,18.4864864865,15.5454545455,9.77142857143,5.36771015539,0.290358590277,0.142642642643,9.50849154237,1.02869645341,0.544491860281,8.05331334643,0.871264894205,0.461830251304,0.640599570326,0.371299902718,2,1.72528881811,0.640599570326,2,0.344071394247,0.376569037657,810,0.104247104247,0.56957682835,37,37,37,1,0,0.405405405405,0.540540540541,0.0540540540541,37,0.179429429429,1.77986120685,12.9189189189,10.8636363636,6.82857142857,4.07143421617,0.315152857737,0.169286441253,6.56842021678,1.01686840176,0.545742395115,5.74743708387,0.889770594574,0.481963134683,0.706996564549,0.397220053916,2,1.77986120685,0.706996564549,2,0.21350844114,0.18065342729,188,0.0241956241956,0.330591809891,37,37,37,1,0,0.405405405405,0.540540540541,0.0540540540541,37,331,0.248498498498,1.71888139923,17.8918918919,15.0454545455,9.45714285714,4.84070577834,0.270553041992,0.132032334449,8.99365809256,1.00533338195,0.533681717972,8.15116196879,0.911157078082,0.482077243407,0.633748958278,0.368698479466,2,1.71888139923,0.633748958278,2,0.298367955146,0.323061463741,643,0.0827541827542,0.57173345122,37,37,37,1,0,0.405405405405,0.540540540541,0.0540540540541,-11,-0.00825825825826,-0.00640741888634,-0.594594594595,-0.5,-0.314285714286,-0.527004377056,-0.0198055482854,-0.0106103081934,-0.514833449814,-0.0233630714669,-0.0108101423096,0.0978486223553,0.0398921838773,0.0202469921026,-0.00685061204758,-0.00260142325143,0,-0.00640741888634,-0.00685061204758,0,-0.0457034391013,-0.0535075739155,-167,-0.0214929214929,0.00215662287022,0,0,0,330,1,12,989,0.964912280702,0.99898989899,0.0010101010101,0.0350877192982,0.996978851964,0.964912280702,0.980683506686,0.974389458907,0.963902179692,0.962099125364,92,103,0,0,0,0
2965,WLNM_dir_neg,0.982043547931,0.730859671706,00:00:05,10,70,30,1239447265,threshold_sweep,0.4,0.989130434783,0.883495145631,0.933333333333,91,1,12,205,0.883495145631,0.995145631068,0.00485436893204,0.116504854369,0.989130434783,0.883495145631,0.933333333333,0.957928802589,0.567421790723,0.902743142145,0.905815601227,0.878640776699,342,239,103,0,342,0,239,0,103,37,342,0.256756756757,1.72528881811,18.4864864865,15.5454545455,9.77142857143,5.36771015539,0.290358590277,0.142642642643,9.50849154237,1.02869645341,0.544491860281,8.05331334643,0.871264894205,0.461830251304,0.640599570326,0.371299902718,2,1.72528881811,0.640599570326,2,0.344071394247,0.376569037657,810,0.104247104247,0.56957682835,37,37,37,1,0,0.405405405405,0.540540540541,0.0540540540541,37,0.179429429429,1.77986120685,12.9189189189,10.8636363636,6.82857142857,4.07143421617,0.315152857737,0.169286441253,6.56842021678,1.01686840176,0.545742395115,5.74743708387,0.889770594574,0.481963134683,0.706996564549,0.397220053916,2,1.77986120685,0.706996564549,2,0.21350844114,0.18065342729,188,0.0241956241956,0.330591809891,37,37,37,1,0,0.405405405405,0.540540540541,0.0540540540541,37,331,0.248498498498,1.71888139923,17.8918918919,15.0454545455,9.45714285714,4.84070577834,0.270553041992,0.132032334449,8.99365809256,1.00533338195,0.533681717972,8.15116196879,0.911157078082,0.482077243407,0.633748958278,0.368698479466,2,1.71888139923,0.633748958278,2,0.298367955146,0.323061463741,643,0.0827541827542,0.57173345122,37,37,37,1,0,0.405405405405,0.540540540541,0.0540540540541,-11,-0.00825825825826,-0.00640741888634,-0.594594594595,-0.5,-0.314285714286,-0.527004377056,-0.0198055482854,-0.0106103081934,-0.514833449814,-0.0233630714669,-0.0108101423096,0.0978486223553,0.0398921838773,0.0202469921026,-0.00685061204758,-0.00260142325143,0,-0.00640741888634,-0.00685061204758,0,-0.0457034391013,-0.0535075739155,-167,-0.0214929214929,0.00215662287022,0,0,0,330,1,12,989,0.964912280702,0.99898989899,0.0010101010101,0.0350877192982,0.996978851964,0.964912280702,0.980683506686,0.974389458907,0.963902179692,0.962099125364,92,103,0,0,0,0
2966,WLNM_dir_neg,0.982043547931,0.730859671706,00:00:05,10,70,30,1239447265,threshold_sweep,0.5,0.989130434783,0.883495145631,0.933333333333,91,1,12,205,0.883495145631,0.995145631068,0.00485436893204,0.116504854369,0.989130434783,0.883495145631,0.933333333333,0.957928802589,0.567421790723,0.902743142145,0.905815601227,0.878640776699,342,239,103,0,342,0,239,0,103,37,342,0.256756756757,1.72528881811,18.4864864865,15.5454545455,9.77142857143,5.36771015539,0.290358590277,0.142642642643,9.50849154237,1.02869645341,0.544491860281,8.05331334643,0.871264894205,0.461830251304,0.640599570326,0.371299902718,2,1.72528881811,0.640599570326,2,0.344071394247,0.376569037657,810,0.104247104247,0.56957682835,37,37,37,1,0,0.405405405405,0.540540540541,0.0540540540541,37,0.179429429429,1.77986120685,12.9189189189,10.8636363636,6.82857142857,4.07143421617,0.315152857737,0.169286441253,6.56842021678,1.01686840176,0.545742395115,5.74743708387,0.889770594574,0.481963134683,0.706996564549,0.397220053916,2,1.77986120685,0.706996564549,2,0.21350844114,0.18065342729,188,0.0241956241956,0.330591809891,37,37,37,1,0,0.405405405405,0.540540540541,0.0540540540541,37,331,0.248498498498,1.71888139923,17.8918918919,15.0454545455,9.45714285714,4.84070577834,0.270553041992,0.132032334449,8.99365809256,1.00533338195,0.533681717972,8.15116196879,0.911157078082,0.482077243407,0.633748958278,0.368698479466,2,1.71888139923,0.633748958278,2,0.298367955146,0.323061463741,643,0.0827541827542,0.57173345122,37,37,37,1,0,0.405405405405,0.540540540541,0.0540540540541,-11,-0.00825825825826,-0.00640741888634,-0.594594594595,-0.5,-0.314285714286,-0.527004377056,-0.0198055482854,-0.0106103081934,-0.514833449814,-0.0233630714669,-0.0108101423096,0.0978486223553,0.0398921838773,0.0202469921026,-0.00685061204758,-0.00260142325143,0,-0.00640741888634,-0.00685061204758,0,-0.0457034391013,-0.0535075739155,-167,-0.0214929214929,0.00215662287022,0,0,0,330,1,12,989,0.964912280702,0.99898989899,0.0010101010101,0.0350877192982,0.996978851964,0.964912280702,0.980683506686,0.974389458907,0.963902179692,0.962099125364,92,103,0,0,0,0
2967,WLNM_dir_neg,0.982043547931,0.730859671706,00:00:05,10,70,30,1239447265,threshold_sweep,0.6,0.989010989011,0.873786407767,0.927835051546,90,1,13,205,0.873786407767,0.995145631068,0.00485436893204,0.126213592233,0.989010989011,0.873786407767,0.927835051546,0.954692556634,0.568500539374,0.895,0.898646920055,0.868932038835,342,239,103,0,342,0,239,0,103,37,342,0.256756756757,1.72528881811,18.4864864865,15.5454545455,9.77142857143,5.36771015539,0.290358590277,0.142642642643,9.50849154237,1.02869645341,0.544491860281,8.05331334643,0.871264894205,0.461830251304,0.640599570326,0.371299902718,2,1.72528881811,0.640599570326,2,0.344071394247,0.376569037657,810,0.104247104247,0.56957682835,37,37,37,1,0,0.405405405405,0.540540540541,0.0540540540541,37,0.179429429429,1.77986120685,12.9189189189,10.8636363636,6.82857142857,4.07143421617,0.315152857737,0.169286441253,6.56842021678,1.01686840176,0.545742395115,5.74743708387,0.889770594574,0.481963134683,0.706996564549,0.397220053916,2,1.77986120685,0.706996564549,2,0.21350844114,0.18065342729,188,0.0241956241956,0.330591809891,37,37,37,1,0,0.405405405405,0.540540540541,0.0540540540541,37,330,0.247747747748,1.71740418672,17.8378378378,15,9.42857142857,4.88486047517,0.273848238759,0.134398034398,8.97025448164,1.00575580552,0.533497133497,8.1458182127,0.913319011727,0.482882882883,0.63283790769,0.368485131562,2,1.71740418672,0.63283790769,2,0.299673137334,0.32402422611,642,0.0826254826255,0.571794115741,37,37,37,1,0,0.405405405405,0.540540540541,0.0540540540541,-12,-0.00900900900901,-0.00788463139297,-0.648648648649,-0.545454545455,-0.342857142857,-0.482849680225,-0.0165103515177,-0.00824460824461,-0.53823706073,-0.0229406478971,-0.0109947267842,0.0925048662657,0.0420541175221,0.0210526315789,-0.0077616626363,-0.0028147711555,0,-0.00788463139297,-0.0077616626363,0,-0.0443982569138,-0.0525448115465,-168,-0.0216216216216,0.00221728739108,0,0,0,329,1,13,989,0.961988304094,0.99898989899,0.0010101010101,0.0380116959064,0.99696969697,0.961988304094,0.979166666667,0.972418822753,0.960978203083,0.959183673469,91,103,0,0,0,0
2968,WLNM_dir_neg,0.982043547931,0.730859671706,00:00:05,10,70,30,1239447265,threshold_sweep,0.7,0.989010989011,0.873786407767,0.927835051546,90,1,13,205,0.873786407767,0.995145631068,0.00485436893204,0.126213592233,0.989010989011,0.873786407767,0.927835051546,0.954692556634,0.568500539374,0.895,0.898646920055,0.868932038835,342,239,103,0,342,0,239,0,103,37,342,0.256756756757,1.72528881811,18.4864864865,15.5454545455,9.77142857143,5.36771015539,0.290358590277,0.142642642643,9.50849154237,1.02869645341,0.544491860281,8.05331334643,0.871264894205,0.461830251304,0.640599570326,0.371299902718,2,1.72528881811,0.640599570326,2,0.344071394247,0.376569037657,810,0.104247104247,0.56957682835,37,37,37,1,0,0.405405405405,0.540540540541,0.0540540540541,37,0.179429429429,1.77986120685,12.9189189189,10.8636363636,6.82857142857,4.07143421617,0.315152857737,0.169286441253,6.56842021678,1.01686840176,0.545742395115,5.74743708387,0.889770594574,0.481963134683,0.706996564549,0.397220053916,2,1.77986120685,0.706996564549,2,0.21350844114,0.18065342729,188,0.0241956241956,0.330591809891,37,37,37,1,0,0.405405405405,0.540540540541,0.0540540540541,37,330,0.247747747748,1.71740418672,17.8378378378,15,9.42857142857,4.88486047517,0.273848238759,0.134398034398,8.97025448164,1.00575580552,0.533497133497,8.1458182127,0.913319011727,0.482882882883,0.63283790769,0.368485131562,2,1.71740418672,0.63283790769,2,0.299673137334,0.32402422611,642,0.0826254826255,0.571794115741,37,37,37,1,0,0.405405405405,0.540540540541,0.0540540540541,-12,-0.00900900900901,-0.00788463139297,-0.648648648649,-0.545454545455,-0.342857142857,-0.482849680225,-0.0165103515177,-0.00824460824461,-0.53823706073,-0.0229406478971,-0.0109947267842,0.0925048662657,0.0420541175221,0.0210526315789,-0.0077616626363,-0.0028147711555,0,-0.00788463139297,-0.0077616626363,0,-0.0443982569138,-0.0525448115465,-168,-0.0216216216216,0.00221728739108,0,0,0,329,1,13,989,0.961988304094,0.99898989899,0.0010101010101,0.0380116959064,0.99696969697,0.961988304094,0.979166666667,0.972418822753,0.960978203083,0.959183673469,91,103,0,0,0,0
2969,WLNM_dir_neg,0.982043547931,0.730859671706,00:00:05,10,70,30,1239447265,threshold_sweep,0.8,0.989010989011,0.873786407767,0.927835051546,90,1,13,205,0.873786407767,0.995145631068,0.00485436893204,0.126213592233,0.989010989011,0.873786407767,0.927835051546,0.954692556634,0.568500539374,0.895,0.898646920055,0.868932038835,342,239,103,0,342,0,239,0,103,37,342,0.256756756757,1.72528881811,18.4864864865,15.5454545455,9.77142857143,5.36771015539,0.290358590277,0.142642642643,9.50849154237,1.02869645341,0.544491860281,8.05331334643,0.871264894205,0.461830251304,0.640599570326,0.371299902718,2,1.72528881811,0.640599570326,2,0.344071394247,0.376569037657,810,0.104247104247,0.56957682835,37,37,37,1,0,0.405405405405,0.540540540541,0.0540540540541,37,0.179429429429,1.77986120685,12.9189189189,10.8636363636,6.82857142857,4.07143421617,0.315152857737,0.169286441253,6.56842021678,1.01686840176,0.545742395115,5.74743708387,0.889770594574,0.481963134683,0.706996564549,0.397220053916,2,1.77986120685,0.706996564549,2,0.21350844114,0.18065342729,188,0.0241956241956,0.330591809891,37,37,37,1,0,0.405405405405,0.540540540541,0.0540540540541,37,330,0.247747747748,1.71740418672,17.8378378378,15,9.42857142857,4.88486047517,0.273848238759,0.134398034398,8.97025448164,1.00575580552,0.533497133497,8.1458182127,0.913319011727,0.482882882883,0.63283790769,0.368485131562,2,1.71740418672,0.63283790769,2,0.299673137334,0.32402422611,642,0.0826254826255,0.571794115741,37,37,37,1,0,0.405405405405,0.540540540541,0.0540540540541,-12,-0.00900900900901,-0.00788463139297,-0.648648648649,-0.545454545455,-0.342857142857,-0.482849680225,-0.0165103515177,-0.00824460824461,-0.53823706073,-0.0229406478971,-0.0109947267842,0.0925048662657,0.0420541175221,0.0210526315789,-0.0077616626363,-0.0028147711555,0,-0.00788463139297,-0.0077616626363,0,-0.0443982569138,-0.0525448115465,-168,-0.0216216216216,0.00221728739108,0,0,0,329,1,13,989,0.961988304094,0.99898989899,0.0010101010101,0.0380116959064,0.99696969697,0.961988304094,0.979166666667,0.972418822753,0.960978203083,0.959183673469,91,103,0,0,0,0
2970,WLNM_dir_neg,0.982043547931,0.730859671706,00:00:05,10,70,30,1239447265,threshold_sweep,0.9,0.988888888889,0.864077669903,0.922279792746,89,1,14,205,0.864077669903,0.995145631068,0.00485436893204,0.135922330097,0.988888888889,0.864077669903,0.922279792746,0.95145631068,0.569579288026,0.887218045113,0.891486880693,0.859223300971,342,239,103,0,342,0,239,0,103,37,342,0.256756756757,1.72528881811,18.4864864865,15.5454545455,9.77142857143,5.36771015539,0.290358590277,0.142642642643,9.50849154237,1.02869645341,0.544491860281,8.05331334643,0.871264894205,0.461830251304,0.640599570326,0.371299902718,2,1.72528881811,0.640599570326,2,0.344071394247,0.376569037657,810,0.104247104247,0.56957682835,37,37,37,1,0,0.405405405405,0.540540540541,0.0540540540541,37,0.179429429429,1.77986120685,12.9189189189,10.8636363636,6.82857142857,4.07143421617,0.315152857737,0.169286441253,6.56842021678,1.01686840176,0.545742395115,5.74743708387,0.889770594574,0.481963134683,0.706996564549,0.397220053916,2,1.77986120685,0.706996564549,2,0.21350844114,0.18065342729,188,0.0241956241956,0.330591809891,37,37,37,1,0,0.405405405405,0.540540540541,0.0540540540541,37,329,0.246996996997,1.73141820074,17.7837837838,14.9545454545,9.4,5.02292043832,0.282443854435,0.137599605685,8.99315722518,1.01138850253,0.535283003368,8.1472005546,0.916250518298,0.4838577179,0.655649940294,0.378677976248,2,1.73141820074,0.655649940294,2,0.308726996388,0.32406471183,641,0.0824967824968,0.570096677514,37,37,37,1,0,0.405405405405,0.540540540541,0.0540540540541,-13,-0.00975975975976,0.00612938262105,-0.702702702703,-0.590909090909,-0.371428571429,-0.34478971707,-0.00791473584251,-0.00504303695793,-0.515334317191,-0.0173079508865,-0.00920885691322,0.0938872081659,0.0449856240936,0.0220274665963,0.0150503699682,0.00737807353061,0,0.00612938262105,0.0150503699682,0,-0.0353443978599,-0.0525043258268,-169,-0.0217503217503,0.000519849164585,0,0,0,328,1,14,989,0.959064327485,0.99898989899,0.0010101010101,0.0409356725146,0.996960486322,0.959064327485,0.977645305514,0.970448126539,0.958054226475,0.956268221574,90,103,0,0,0,0
2971,WLNM_dir_neg,0.949099820907,0.912640877423,00:00:05,10,70,31,1239447266,threshold_sweep,0.1,0.988095238095,0.805825242718,0.887700534759,83,1,20,205,0.805825242718,0.995145631068,0.00485436893204,0.194174757282,0.988095238095,0.805825242718,0.887700534759,0.932038834951,0.576051779935,0.839694656489,0.848668424792,0.800970873786,342,239,103,0,342,0,239,0,103,37,342,0.256756756757,1.72528881811,18.4864864865,15.5454545455,9.77142857143,5.36771015539,0.290358590277,0.142642642643,9.50849154237,1.02869645341,0.544491860281,8.05331334643,0.871264894205,0.461830251304,0.640599570326,0.371299902718,2,1.72528881811,0.640599570326,2,0.344071394247,0.376569037657,810,0.104247104247,0.56957682835,37,37,37,1,0,0.405405405405,0.540540540541,0.0540540540541,37,0.179429429429,1.7717155044,12.9189189189,10.8636363636,6.82857142857,4.11216608491,0.318305742974,0.169512608843,6.68162735747,1.03439419342,0.55275359041,5.69402510724,0.881501794845,0.473594933846,0.696074168183,0.392881456675,2,1.7717155044,0.696074168183,2,0.20417205959,0.178047223995,186,0.0239382239382,0.327815020207,37,37,37,1,0,0.405405405405,0.540540540541,0.0540540540541,37,323,0.242492492492,1.88301655887,17.4594594595,14.0434782609,9.22857142857,5.05851644147,0.289729269867,0.141829135637,8.93696645229,1.02373919113,0.543887540792,7.96048801075,0.911882527548,0.481131286085,0.74736894535,0.396899826414,2.37616492516,1.88301655887,0.74736894535,2.37616492516,0.29943202759,0.311196775889,592,0.0761904761905,0.501288220604,37,37,37,1,0,0.378378378378,0.567567567568,0.0540540540541,-19,-0.0142642642643,0.157727740755,-1.02702702703,-1.50197628458,-0.542857142857,-0.309193713927,-0.000629320409837,-0.000813507005457,-0.571525090084,-0.00495726228553,-0.000604319489768,-0.0928253356795,0.0406176333429,0.0193010347809,0.106769375024,0.0255999236963,0.376164925162,0.157727740755,0.106769375024,0.376164925162,-0.0446393666579,-0.0653722617676,-218,-0.0280566280566,-0.0682886077454,-0.027027027027,0.027027027027,0,322,1,20,989,0.941520467836,0.99898989899,0.0010101010101,0.0584795321637,0.996904024768,0.941520467836,0.968421052632,0.958622002939,0.940510366826,0.938775510204,84,103,0,0,0,0
2972,WLNM_dir_neg,0.949099820907,0.912640877423,00:00:05,10,70,31,1239447266,threshold_sweep,0.2,0.988095238095,0.805825242718,0.887700534759,83,1,20,205,0.805825242718,0.995145631068,0.00485436893204,0.194174757282,0.988095238095,0.805825242718,0.887700534759,0.932038834951,0.576051779935,0.839694656489,0.848668424792,0.800970873786,342,239,103,0,342,0,239,0,103,37,342,0.256756756757,1.72528881811,18.4864864865,15.5454545455,9.77142857143,5.36771015539,0.290358590277,0.142642642643,9.50849154237,1.02869645341,0.544491860281,8.05331334643,0.871264894205,0.461830251304,0.640599570326,0.371299902718,2,1.72528881811,0.640599570326,2,0.344071394247,0.376569037657,810,0.104247104247,0.56957682835,37,37,37,1,0,0.405405405405,0.540540540541,0.0540540540541,37,0.179429429429,1.7717155044,12.9189189189,10.8636363636,6.82857142857,4.11216608491,0.318305742974,0.169512608843,6.68162735747,1.03439419342,0.55275359041,5.69402510724,0.881501794845,0.473594933846,0.696074168183,0.392881456675,2,1.7717155044,0.696074168183,2,0.20417205959,0.178047223995,186,0.0239382239382,0.327815020207,37,37,37,1,0,0.405405405405,0.540540540541,0.0540540540541,37,323,0.242492492492,1.88301655887,17.4594594595,14.0434782609,9.22857142857,5.05851644147,0.289729269867,0.141829135637,8.93696645229,1.02373919113,0.543887540792,7.96048801075,0.911882527548,0.481131286085,0.74736894535,0.396899826414,2.37616492516,1.88301655887,0.74736894535,2.37616492516,0.29943202759,0.311196775889,592,0.0761904761905,0.501288220604,37,37,37,1,0,0.378378378378,0.567567567568,0.0540540540541,-19,-0.0142642642643,0.157727740755,-1.02702702703,-1.50197628458,-0.542857142857,-0.309193713927,-0.000629320409837,-0.000813507005457,-0.571525090084,-0.00495726228553,-0.000604319489768,-0.0928253356795,0.0406176333429,0.0193010347809,0.106769375024,0.0255999236963,0.376164925162,0.157727740755,0.106769375024,0.376164925162,-0.0446393666579,-0.0653722617676,-218,-0.0280566280566,-0.0682886077454,-0.027027027027,0.027027027027,0,322,1,20,989,0.941520467836,0.99898989899,0.0010101010101,0.0584795321637,0.996904024768,0.941520467836,0.968421052632,0.958622002939,0.940510366826,0.938775510204,84,103,0,0,0,0
2973,WLNM_dir_neg,0.949099820907,0.912640877423,00:00:05,10,70,31,1239447266,threshold_sweep,0.3,0.988095238095,0.805825242718,0.887700534759,83,1,20,205,0.805825242718,0.995145631068,0.00485436893204,0.194174757282,0.988095238095,0.805825242718,0.887700534759,0.932038834951,0.576051779935,0.839694656489,0.848668424792,0.800970873786,342,239,103,0,342,0,239,0,103,37,342,0.256756756757,1.72528881811,18.4864864865,15.5454545455,9.77142857143,5.36771015539,0.290358590277,0.142642642643,9.50849154237,1.02869645341,0.544491860281,8.05331334643,0.871264894205,0.461830251304,0.640599570326,0.371299902718,2,1.72528881811,0.640599570326,2,0.344071394247,0.376569037657,810,0.104247104247,0.56957682835,37,37,37,1,0,0.405405405405,0.540540540541,0.0540540540541,37,0.179429429429,1.7717155044,12.9189189189,10.8636363636,6.82857142857,4.11216608491,0.318305742974,0.169512608843,6.68162735747,1.03439419342,0.55275359041,5.69402510724,0.881501794845,0.473594933846,0.696074168183,0.392881456675,2,1.7717155044,0.696074168183,2,0.20417205959,0.178047223995,186,0.0239382239382,0.327815020207,37,37,37,1,0,0.405405405405,0.540540540541,0.0540540540541,37,323,0.242492492492,1.88301655887,17.4594594595,14.0434782609,9.22857142857,5.05851644147,0.289729269867,0.141829135637,8.93696645229,1.02373919113,0.543887540792,7.96048801075,0.911882527548,0.481131286085,0.74736894535,0.396899826414,2.37616492516,1.88301655887,0.74736894535,2.37616492516,0.29943202759,0.311196775889,592,0.0761904761905,0.501288220604,37,37,37,1,0,0.378378378378,0.567567567568,0.0540540540541,-19,-0.0142642642643,0.157727740755,-1.02702702703,-1.50197628458,-0.542857142857,-0.309193713927,-0.000629320409837,-0.000813507005457,-0.571525090084,-0.00495726228553,-0.000604319489768,-0.0928253356795,0.0406176333429,0.0193010347809,0.106769375024,0.0255999236963,0.376164925162,0.157727740755,0.106769375024,0.376164925162,-0.0446393666579,-0.0653722617676,-218,-0.0280566280566,-0.0682886077454,-0.027027027027,0.027027027027,0,322,1,20,989,0.941520467836,0.99898989899,0.0010101010101,0.0584795321637,0.996904024768,0.941520467836,0.968421052632,0.958622002939,0.940510366826,0.938775510204,84,103,0,0,0,0
2974,WLNM_dir_neg,0.949099820907,0.912640877423,00:00:05,10,70,31,1239447266,threshold_sweep,0.4,1,0.78640776699,0.880434782609,81,0,22,206,0.78640776699,1,0,0.21359223301,1,0.78640776699,0.880434782609,0.928802588997,0.57928802589,0.830769230769,0.842927230424,0.78640776699,342,239,103,0,342,0,239,0,103,37,342,0.256756756757,1.72528881811,18.4864864865,15.5454545455,9.77142857143,5.36771015539,0.290358590277,0.142642642643,9.50849154237,1.02869645341,0.544491860281,8.05331334643,0.871264894205,0.461830251304,0.640599570326,0.371299902718,2,1.72528881811,0.640599570326,2,0.344071394247,0.376569037657,810,0.104247104247,0.56957682835,37,37,37,1,0,0.405405405405,0.540540540541,0.0540540540541,37,0.179429429429,1.7717155044,12.9189189189,10.8636363636,6.82857142857,4.11216608491,0.318305742974,0.169512608843,6.68162735747,1.03439419342,0.55275359041,5.69402510724,0.881501794845,0.473594933846,0.696074168183,0.392881456675,2,1.7717155044,0.696074168183,2,0.20417205959,0.178047223995,186,0.0239382239382,0.327815020207,37,37,37,1,0,0.405405405405,0.540540540541,0.0540540540541,37,320,0.24024024024,1.73545366749,17.2972972973,14.5454545455,9.14285714286,5.09283191721,0.294429345214,0.143496621622,8.9666549449,1.036769478,0.549662162162,7.9169867171,0.915401589164,0.48277027027,0.658075198765,0.37919491087,2,1.73545366749,0.658075198765,2,0.300908020892,0.311040339703,586,0.0754182754183,0.540525069082,37,37,37,1,0,0.405405405405,0.540540540541,0.0540540540541,-22,-0.0165165165165,0.0101648493793,-1.18918918919,-1,-0.628571428571,-0.274878238185,0.00407075493649,0.000853978978979,-0.541836597475,0.00807302458926,0.00517030188083,-0.136326629338,0.0441366949594,0.0209400189663,0.017475628439,0.00789500815261,0,0.0101648493793,0.017475628439,0,-0.0431633733553,-0.0655286979541,-224,-0.0288288288288,-0.0290517592681,0,0,0,320,0,22,990,0.93567251462,1,0,0.0643274853801,1,0.93567251462,0.966767371601,0.95672974647,0.93567251462,0.93567251462,81,103,0,0,0,0
2975,WLNM_dir_neg,0.949099820907,0.912640877423,00:00:05,10,70,31,1239447266,threshold_sweep,0.5,1,0.78640776699,0.880434782609,81,0,22,206,0.78640776699,1,0,0.21359223301,1,0.78640776699,0.880434782609,0.928802588997,0.57928802589,0.830769230769,0.842927230424,0.78640776699,342,239,103,0,342,0,239,0,103,37,342,0.256756756757,1.72528881811,18.4864864865,15.5454545455,9.77142857143,5.36771015539,0.290358590277,0.142642642643,9.50849154237,1.02869645341,0.544491860281,8.05331334643,0.871264894205,0.461830251304,0.640599570326,0.371299902718,2,1.72528881811,0.640599570326,2,0.344071394247,0.376569037657,810,0.104247104247,0.56957682835,37,37,37,1,0,0.405405405405,0.540540540541,0.0540540540541,37,0.179429429429,1.7717155044,12.9189189189,10.8636363636,6.82857142857,4.11216608491,0.318305742974,0.169512608843,6.68162735747,1.03439419342,0.55275359041,5.69402510724,0.881501794845,0.473594933846,0.696074168183,0.392881456675,2,1.7717155044,0.696074168183,2,0.20417205959,0.178047223995,186,0.0239382239382,0.327815020207,37,37,37,1,0,0.405405405405,0.540540540541,0.0540540540541,37,320,0.24024024024,1.73545366749,17.2972972973,14.5454545455,9.14285714286,5.09283191721,0.294429345214,0.143496621622,8.9666549449,1.036769478,0.549662162162,7.9169867171,0.915401589164,0.48277027027,0.658075198765,0.37919491087,2,1.73545366749,0.658075198765,2,0.300908020892,0.311040339703,586,0.0754182754183,0.540525069082,37,37,37,1,0,0.405405405405,0.540540540541,0.0540540540541,-22,-0.0165165165165,0.0101648493793,-1.18918918919,-1,-0.628571428571,-0.274878238185,0.00407075493649,0.000853978978979,-0.541836597475,0.00807302458926,0.00517030188083,-0.136326629338,0.0441366949594,0.0209400189663,0.017475628439,0.00789500815261,0,0.0101648493793,0.017475628439,0,-0.0431633733553,-0.0655286979541,-224,-0.0288288288288,-0.0290517592681,0,0,0,320,0,22,990,0.93567251462,1,0,0.0643274853801,1,0.93567251462,0.966767371601,0.95672974647,0.93567251462,0.93567251462,81,103,0,0,0,0
2976,WLNM_dir_neg,0.949099820907,0.912640877423,00:00:05,10,70,31,1239447266,threshold_sweep,0.6,1,0.78640776699,0.880434782609,81,0,22,206,0.78640776699,1,0,0.21359223301,1,0.78640776699,0.880434782609,0.928802588997,0.57928802589,0.830769230769,0.842927230424,0.78640776699,342,239,103,0,342,0,239,0,103,37,342,0.256756756757,1.72528881811,18.4864864865,15.5454545455,9.77142857143,5.36771015539,0.290358590277,0.142642642643,9.50849154237,1.02869645341,0.544491860281,8.05331334643,0.871264894205,0.461830251304,0.640599570326,0.371299902718,2,1.72528881811,0.640599570326,2,0.344071394247,0.376569037657,810,0.104247104247,0.56957682835,37,37,37,1,0,0.405405405405,0.540540540541,0.0540540540541,37,0.179429429429,1.7717155044,12.9189189189,10.8636363636,6.82857142857,4.11216608491,0.318305742974,0.169512608843,6.68162735747,1.03439419342,0.55275359041,5.69402510724,0.881501794845,0.473594933846,0.696074168183,0.392881456675,2,1.7717155044,0.696074168183,2,0.20417205959,0.178047223995,186,0.0239382239382,0.327815020207,37,37,37,1,0,0.405405405405,0.540540540541,0.0540540540541,37,320,0.24024024024,1.73545366749,17.2972972973,14.5454545455,9.14285714286,5.09283191721,0.294429345214,0.143496621622,8.9666549449,1.036769478,0.549662162162,7.9169867171,0.915401589164,0.48277027027,0.658075198765,0.37919491087,2,1.73545366749,0.658075198765,2,0.300908020892,0.311040339703,586,0.0754182754183,0.540525069082,37,37,37,1,0,0.405405405405,0.540540540541,0.0540540540541,-22,-0.0165165165165,0.0101648493793,-1.18918918919,-1,-0.628571428571,-0.274878238185,0.00407075493649,0.000853978978979,-0.541836597475,0.00807302458926,0.00517030188083,-0.136326629338,0.0441366949594,0.0209400189663,0.017475628439,0.00789500815261,0,0.0101648493793,0.017475628439,0,-0.0431633733553,-0.0655286979541,-224,-0.0288288288288,-0.0290517592681,0,0,0,320,0,22,990,0.93567251462,1,0,0.0643274853801,1,0.93567251462,0.966767371601,0.95672974647,0.93567251462,0.93567251462,81,103,0,0,0,0
2977,WLNM_dir_neg,0.949099820907,0.912640877423,00:00:05,10,70,31,1239447266,threshold_sweep,0.7,1,0.78640776699,0.880434782609,81,0,22,206,0.78640776699,1,0,0.21359223301,1,0.78640776699,0.880434782609,0.928802588997,0.57928802589,0.830769230769,0.842927230424,0.78640776699,342,239,103,0,342,0,239,0,103,37,342,0.256756756757,1.72528881811,18.4864864865,15.5454545455,9.77142857143,5.36771015539,0.290358590277,0.142642642643,9.50849154237,1.02869645341,0.544491860281,8.05331334643,0.871264894205,0.461830251304,0.640599570326,0.371299902718,2,1.72528881811,0.640599570326,2,0.344071394247,0.376569037657,810,0.104247104247,0.56957682835,37,37,37,1,0,0.405405405405,0.540540540541,0.0540540540541,37,0.179429429429,1.7717155044,12.9189189189,10.8636363636,6.82857142857,4.11216608491,0.318305742974,0.169512608843,6.68162735747,1.03439419342,0.55275359041,5.69402510724,0.881501794845,0.473594933846,0.696074168183,0.392881456675,2,1.7717155044,0.696074168183,2,0.20417205959,0.178047223995,186,0.0239382239382,0.327815020207,37,37,37,1,0,0.405405405405,0.540540540541,0.0540540540541,37,320,0.24024024024,1.73545366749,17.2972972973,14.5454545455,9.14285714286,5.09283191721,0.294429345214,0.143496621622,8.9666549449,1.036769478,0.549662162162,7.9169867171,0.915401589164,0.48277027027,0.658075198765,0.37919491087,2,1.73545366749,0.658075198765,2,0.300908020892,0.311040339703,586,0.0754182754183,0.540525069082,37,37,37,1,0,0.405405405405,0.540540540541,0.0540540540541,-22,-0.0165165165165,0.0101648493793,-1.18918918919,-1,-0.628571428571,-0.274878238185,0.00407075493649,0.000853978978979,-0.541836597475,0.00807302458926,0.00517030188083,-0.136326629338,0.0441366949594,0.0209400189663,0.017475628439,0.00789500815261,0,0.0101648493793,0.017475628439,0,-0.0431633733553,-0.0655286979541,-224,-0.0288288288288,-0.0290517592681,0,0,0,320,0,22,990,0.93567251462,1,0,0.0643274853801,1,0.93567251462,0.966767371601,0.95672974647,0.93567251462,0.93567251462,81,103,0,0,0,0
2978,WLNM_dir_neg,0.949099820907,0.912640877423,00:00:05,10,70,31,1239447266,threshold_sweep,0.8,1,0.78640776699,0.880434782609,81,0,22,206,0.78640776699,1,0,0.21359223301,1,0.78640776699,0.880434782609,0.928802588997,0.57928802589,0.830769230769,0.842927230424,0.78640776699,342,239,103,0,342,0,239,0,103,37,342,0.256756756757,1.72528881811,18.4864864865,15.5454545455,9.77142857143,5.36771015539,0.290358590277,0.142642642643,9.50849154237,1.02869645341,0.544491860281,8.05331334643,0.871264894205,0.461830251304,0.640599570326,0.371299902718,2,1.72528881811,0.640599570326,2,0.344071394247,0.376569037657,810,0.104247104247,0.56957682835,37,37,37,1,0,0.405405405405,0.540540540541,0.0540540540541,37,0.179429429429,1.7717155044,12.9189189189,10.8636363636,6.82857142857,4.11216608491,0.318305742974,0.169512608843,6.68162735747,1.03439419342,0.55275359041,5.69402510724,0.881501794845,0.473594933846,0.696074168183,0.392881456675,2,1.7717155044,0.696074168183,2,0.20417205959,0.178047223995,186,0.0239382239382,0.327815020207,37,37,37,1,0,0.405405405405,0.540540540541,0.0540540540541,37,320,0.24024024024,1.73545366749,17.2972972973,14.5454545455,9.14285714286,5.09283191721,0.294429345214,0.143496621622,8.9666549449,1.036769478,0.549662162162,7.9169867171,0.915401589164,0.48277027027,0.658075198765,0.37919491087,2,1.73545366749,0.658075198765,2,0.300908020892,0.311040339703,586,0.0754182754183,0.540525069082,37,37,37,1,0,0.405405405405,0.540540540541,0.0540540540541,-22,-0.0165165165165,0.0101648493793,-1.18918918919,-1,-0.628571428571,-0.274878238185,0.00407075493649,0.000853978978979,-0.541836597475,0.00807302458926,0.00517030188083,-0.136326629338,0.0441366949594,0.0209400189663,0.017475628439,0.00789500815261,0,0.0101648493793,0.017475628439,0,-0.0431633733553,-0.0655286979541,-224,-0.0288288288288,-0.0290517592681,0,0,0,320,0,22,990,0.93567251462,1,0,0.0643274853801,1,0.93567251462,0.966767371601,0.95672974647,0.93567251462,0.93567251462,81,103,0,0,0,0
2979,WLNM_dir_neg,0.949099820907,0.912640877423,00:00:05,10,70,31,1239447266,threshold_sweep,0.9,1,0.78640776699,0.880434782609,81,0,22,206,0.78640776699,1,0,0.21359223301,1,0.78640776699,0.880434782609,0.928802588997,0.57928802589,0.830769230769,0.842927230424,0.78640776699,342,239,103,0,342,0,239,0,103,37,342,0.256756756757,1.72528881811,18.4864864865,15.5454545455,9.77142857143,5.36771015539,0.290358590277,0.142642642643,9.50849154237,1.02869645341,0.544491860281,8.05331334643,0.871264894205,0.461830251304,0.640599570326,0.371299902718,2,1.72528881811,0.640599570326,2,0.344071394247,0.376569037657,810,0.104247104247,0.56957682835,37,37,37,1,0,0.405405405405,0.540540540541,0.0540540540541,37,0.179429429429,1.7717155044,12.9189189189,10.8636363636,6.82857142857,4.11216608491,0.318305742974,0.169512608843,6.68162735747,1.03439419342,0.55275359041,5.69402510724,0.881501794845,0.473594933846,0.696074168183,0.392881456675,2,1.7717155044,0.696074168183,2,0.20417205959,0.178047223995,186,0.0239382239382,0.327815020207,37,37,37,1,0,0.405405405405,0.540540540541,0.0540540540541,37,320,0.24024024024,1.73545366749,17.2972972973,14.5454545455,9.14285714286,5.09283191721,0.294429345214,0.143496621622,8.9666549449,1.036769478,0.549662162162,7.9169867171,0.915401589164,0.48277027027,0.658075198765,0.37919491087,2,1.73545366749,0.658075198765,2,0.300908020892,0.311040339703,586,0.0754182754183,0.540525069082,37,37,37,1,0,0.405405405405,0.540540540541,0.0540540540541,-22,-0.0165165165165,0.0101648493793,-1.18918918919,-1,-0.628571428571,-0.274878238185,0.00407075493649,0.000853978978979,-0.541836597475,0.00807302458926,0.00517030188083,-0.136326629338,0.0441366949594,0.0209400189663,0.017475628439,0.00789500815261,0,0.0101648493793,0.017475628439,0,-0.0431633733553,-0.0655286979541,-224,-0.0288288288288,-0.0290517592681,0,0,0,320,0,22,990,0.93567251462,1,0,0.0643274853801,1,0.93567251462,0.966767371601,0.95672974647,0.93567251462,0.93567251462,81,103,0,0,0,0
2980,WLNM_dir_neg,0.95508530493,0.867132750094,00:00:05,10,70,32,1239447267,threshold_sweep,0.1,0.944444444444,0.825242718447,0.880829015544,85,5,18,201,0.825242718447,0.97572815534,0.0242718446602,0.174757281553,0.944444444444,0.825242718447,0.880829015544,0.925566343042,0.569579288026,0.827067669173,0.831047092171,0.800970873786,342,239,103,0,342,0,239,0,103,37,342,0.256756756757,1.72528881811,18.4864864865,15.5454545455,9.77142857143,5.36771015539,0.290358590277,0.142642642643,9.50849154237,1.02869645341,0.544491860281,8.05331334643,0.871264894205,0.461830251304,0.640599570326,0.371299902718,2,1.72528881811,0.640599570326,2,0.344071394247,0.376569037657,810,0.104247104247,0.56957682835,37,37,37,1,0,0.405405405405,0.540540540541,0.0540540540541,37,0.179429429429,1.75543849995,12.9189189189,10.8636363636,6.82857142857,3.98872284195,0.308750512871,0.161596743187,6.67746872614,1.03375038857,0.553205925591,5.78597247466,0.895736324528,0.480379961552,0.667108171441,0.380023664434,2,1.75543849995,0.667108171441,2,0.202729505593,0.18231511254,189,0.0243243243243,0.332488537048,37,37,37,1,0,0.405405405405,0.540540540541,0.0540540540541,37,329,0.246996996997,1.70156480301,17.7837837838,14.9545454545,9.4,4.61359786775,0.259427235724,0.121662696131,8.78060926696,0.987484932759,0.52493222706,8.31592776873,0.935225919279,0.489772447219,0.603112809704,0.354445983271,1.5,1.70156480301,0.603112809704,1.5,0.292315890798,0.29829984544,579,0.0745173745174,0.583002697987,37,37,37,1,0,0.405405405405,0.540540540541,0.0540540540541,-13,-0.00975975975976,-0.0237240150999,-0.702702702703,-0.590909090909,-0.371428571429,-0.754112287646,-0.0309313545527,-0.0209799465119,-0.72788227541,-0.0412115206559,-0.0195596332214,0.262614422291,0.0639610250743,0.0279421959153,-0.0374867606216,-0.0168539194465,-0.5,-0.0237240150999,-0.0374867606216,-0.5,-0.0517555034492,-0.0782691922164,-231,-0.0297297297297,0.0134258696373,0,0,0,324,5,18,985,0.947368421053,0.994949494949,0.00505050505051,0.0526315789474,0.984802431611,0.947368421053,0.965722801788,0.954508242767,0.942317916002,0.933717579251,90,103,0,0,0,0
2981,WLNM_dir_neg,0.95508530493,0.867132750094,00:00:05,10,70,32,1239447267,threshold_sweep,0.2,0.944444444444,0.825242718447,0.880829015544,85,5,18,201,0.825242718447,0.97572815534,0.0242718446602,0.174757281553,0.944444444444,0.825242718447,0.880829015544,0.925566343042,0.569579288026,0.827067669173,0.831047092171,0.800970873786,342,239,103,0,342,0,239,0,103,37,342,0.256756756757,1.72528881811,18.4864864865,15.5454545455,9.77142857143,5.36771015539,0.290358590277,0.142642642643,9.50849154237,1.02869645341,0.544491860281,8.05331334643,0.871264894205,0.461830251304,0.640599570326,0.371299902718,2,1.72528881811,0.640599570326,2,0.344071394247,0.376569037657,810,0.104247104247,0.56957682835,37,37,37,1,0,0.405405405405,0.540540540541,0.0540540540541,37,0.179429429429,1.75543849995,12.9189189189,10.8636363636,6.82857142857,3.98872284195,0.308750512871,0.161596743187,6.67746872614,1.03375038857,0.553205925591,5.78597247466,0.895736324528,0.480379961552,0.667108171441,0.380023664434,2,1.75543849995,0.667108171441,2,0.202729505593,0.18231511254,189,0.0243243243243,0.332488537048,37,37,37,1,0,0.405405405405,0.540540540541,0.0540540540541,37,329,0.246996996997,1.70156480301,17.7837837838,14.9545454545,9.4,4.61359786775,0.259427235724,0.121662696131,8.78060926696,0.987484932759,0.52493222706,8.31592776873,0.935225919279,0.489772447219,0.603112809704,0.354445983271,1.5,1.70156480301,0.603112809704,1.5,0.292315890798,0.29829984544,579,0.0745173745174,0.583002697987,37,37,37,1,0,0.405405405405,0.540540540541,0.0540540540541,-13,-0.00975975975976,-0.0237240150999,-0.702702702703,-0.590909090909,-0.371428571429,-0.754112287646,-0.0309313545527,-0.0209799465119,-0.72788227541,-0.0412115206559,-0.0195596332214,0.262614422291,0.0639610250743,0.0279421959153,-0.0374867606216,-0.0168539194465,-0.5,-0.0237240150999,-0.0374867606216,-0.5,-0.0517555034492,-0.0782691922164,-231,-0.0297297297297,0.0134258696373,0,0,0,324,5,18,985,0.947368421053,0.994949494949,0.00505050505051,0.0526315789474,0.984802431611,0.947368421053,0.965722801788,0.954508242767,0.942317916002,0.933717579251,90,103,0,0,0,0
2982,WLNM_dir_neg,0.95508530493,0.867132750094,00:00:05,10,70,32,1239447267,threshold_sweep,0.3,0.955056179775,0.825242718447,0.885416666667,85,4,18,202,0.825242718447,0.980582524272,0.0194174757282,0.174757281553,0.955056179775,0.825242718447,0.885416666667,0.928802588997,0.570658036677,0.834170854271,0.838854708311,0.805825242718,342,239,103,0,342,0,239,0,103,37,342,0.256756756757,1.72528881811,18.4864864865,15.5454545455,9.77142857143,5.36771015539,0.290358590277,0.142642642643,9.50849154237,1.02869645341,0.544491860281,8.05331334643,0.871264894205,0.461830251304,0.640599570326,0.371299902718,2,1.72528881811,0.640599570326,2,0.344071394247,0.376569037657,810,0.104247104247,0.56957682835,37,37,37,1,0,0.405405405405,0.540540540541,0.0540540540541,37,0.179429429429,1.75543849995,12.9189189189,10.8636363636,6.82857142857,3.98872284195,0.308750512871,0.161596743187,6.67746872614,1.03375038857,0.553205925591,5.78597247466,0.895736324528,0.480379961552,0.667108171441,0.380023664434,2,1.75543849995,0.667108171441,2,0.202729505593,0.18231511254,189,0.0243243243243,0.332488537048,37,37,37,1,0,0.405405405405,0.540540540541,0.0540540540541,37,328,0.246246246246,1.71690378617,17.7297297297,14.9090909091,9.37142857143,4.6883345103,0.264433501343,0.122857613711,8.80392009329,0.993125132475,0.526862228082,8.28037224795,0.934066381628,0.488299274885,0.628028566389,0.365791357355,2,1.71690378617,0.628028566389,2,0.287808597127,0.298396828133,577,0.07425997426,0.578940713995,37,37,37,1,0,0.405405405405,0.540540540541,0.0540540540541,-14,-0.0105105105105,-0.00838503194796,-0.756756756757,-0.636363636364,-0.4,-0.679375645092,-0.0259250889339,-0.0197850289314,-0.704571449086,-0.0355713209402,-0.0176296321996,0.227058901512,0.0628014874233,0.0264690235807,-0.0125710039367,-0.00550854536307,0,-0.00838503194796,-0.0125710039367,0,-0.0562627971206,-0.0781722095238,-233,-0.0299871299871,0.00936388564533,0,0,0,324,4,18,986,0.947368421053,0.99595959596,0.0040404040404,0.0526315789474,0.987804878049,0.947368421053,0.967164179104,0.956510199381,0.943328017012,0.936416184971,89,103,0,0,0,0
2983,WLNM_dir_neg,0.95508530493,0.867132750094,00:00:05,10,70,32,1239447267,threshold_sweep,0.4,0.955056179775,0.825242718447,0.885416666667,85,4,18,202,0.825242718447,0.980582524272,0.0194174757282,0.174757281553,0.955056179775,0.825242718447,0.885416666667,0.928802588997,0.570658036677,0.834170854271,0.838854708311,0.805825242718,342,239,103,0,342,0,239,0,103,37,342,0.256756756757,1.72528881811,18.4864864865,15.5454545455,9.77142857143,5.36771015539,0.290358590277,0.142642642643,9.50849154237,1.02869645341,0.544491860281,8.05331334643,0.871264894205,0.461830251304,0.640599570326,0.371299902718,2,1.72528881811,0.640599570326,2,0.344071394247,0.376569037657,810,0.104247104247,0.56957682835,37,37,37,1,0,0.405405405405,0.540540540541,0.0540540540541,37,0.179429429429,1.75543849995,12.9189189189,10.8636363636,6.82857142857,3.98872284195,0.308750512871,0.161596743187,6.67746872614,1.03375038857,0.553205925591,5.78597247466,0.895736324528,0.480379961552,0.667108171441,0.380023664434,2,1.75543849995,0.667108171441,2,0.202729505593,0.18231511254,189,0.0243243243243,0.332488537048,37,37,37,1,0,0.405405405405,0.540540540541,0.0540540540541,37,328,0.246246246246,1.71690378617,17.7297297297,14.9090909091,9.37142857143,4.6883345103,0.264433501343,0.122857613711,8.80392009329,0.993125132475,0.526862228082,8.28037224795,0.934066381628,0.488299274885,0.628028566389,0.365791357355,2,1.71690378617,0.628028566389,2,0.287808597127,0.298396828133,577,0.07425997426,0.578940713995,37,37,37,1,0,0.405405405405,0.540540540541,0.0540540540541,-14,-0.0105105105105,-0.00838503194796,-0.756756756757,-0.636363636364,-0.4,-0.679375645092,-0.0259250889339,-0.0197850289314,-0.704571449086,-0.0355713209402,-0.0176296321996,0.227058901512,0.0628014874233,0.0264690235807,-0.0125710039367,-0.00550854536307,0,-0.00838503194796,-0.0125710039367,0,-0.0562627971206,-0.0781722095238,-233,-0.0299871299871,0.00936388564533,0,0,0,324,4,18,986,0.947368421053,0.99595959596,0.0040404040404,0.0526315789474,0.987804878049,0.947368421053,0.967164179104,0.956510199381,0.943328017012,0.936416184971,89,103,0,0,0,0
2984,WLNM_dir_neg,0.95508530493,0.867132750094,00:00:05,10,70,32,1239447267,threshold_sweep,0.5,0.954545454545,0.815533980583,0.879581151832,84,4,19,202,0.815533980583,0.980582524272,0.0194174757282,0.184466019417,0.954545454545,0.815533980583,0.879581151832,0.925566343042,0.571736785329,0.826196473552,0.831555762173,0.796116504854,342,239,103,0,342,0,239,0,103,37,342,0.256756756757,1.72528881811,18.4864864865,15.5454545455,9.77142857143,5.36771015539,0.290358590277,0.142642642643,9.50849154237,1.02869645341,0.544491860281,8.05331334643,0.871264894205,0.461830251304,0.640599570326,0.371299902718,2,1.72528881811,0.640599570326,2,0.344071394247,0.376569037657,810,0.104247104247,0.56957682835,37,37,37,1,0,0.405405405405,0.540540540541,0.0540540540541,37,0.179429429429,1.75543849995,12.9189189189,10.8636363636,6.82857142857,3.98872284195,0.308750512871,0.161596743187,6.67746872614,1.03375038857,0.553205925591,5.78597247466,0.895736324528,0.480379961552,0.667108171441,0.380023664434,2,1.75543849995,0.667108171441,2,0.202729505593,0.18231511254,189,0.0243243243243,0.332488537048,37,37,37,1,0,0.405405405405,0.540540540541,0.0540540540541,37,327,0.245495495495,1.71739594113,17.6756756757,14.8636363636,9.34285714286,4.66103263507,0.263697564981,0.122572113398,8.77658980063,0.993069793955,0.526655095462,8.24794086597,0.933253247831,0.48896603025,0.628484197226,0.365951835667,2,1.71739594113,0.628484197226,2,0.286811859759,0.296720458095,570,0.0733590733591,0.575087828907,37,37,37,1,0,0.405405405405,0.540540540541,0.0540540540541,-15,-0.0112612612613,-0.00789287698099,-0.810810810811,-0.681818181818,-0.428571428571,-0.706677520319,-0.0266610252959,-0.0200705292448,-0.731901741744,-0.0356266594597,-0.0178367648189,0.194627519535,0.0619883536265,0.0271357789465,-0.0121153731003,-0.00534806705029,0,-0.00789287698099,-0.0121153731003,0,-0.0572595344883,-0.0798485795622,-240,-0.030888030888,0.00551100055754,0,0,0,323,4,19,986,0.944444444444,0.99595959596,0.0040404040404,0.0555555555556,0.987767584098,0.944444444444,0.965620328849,0.954527026444,0.940404040404,0.933526011561,88,103,0,0,0,0
2985,WLNM_dir_neg,0.95508530493,0.867132750094,00:00:05,10,70,32,1239447267,threshold_sweep,0.6,0.965517241379,0.815533980583,0.884210526316,84,3,19,203,0.815533980583,0.985436893204,0.0145631067961,0.184466019417,0.965517241379,0.815533980583,0.884210526316,0.928802588997,0.572815533981,0.833333333333,0.83952345245,0.800970873786,342,239,103,0,342,0,239,0,103,37,342,0.256756756757,1.72528881811,18.4864864865,15.5454545455,9.77142857143,5.36771015539,0.290358590277,0.142642642643,9.50849154237,1.02869645341,0.544491860281,8.05331334643,0.871264894205,0.461830251304,0.640599570326,0.371299902718,2,1.72528881811,0.640599570326,2,0.344071394247,0.376569037657,810,0.104247104247,0.56957682835,37,37,37,1,0,0.405405405405,0.540540540541,0.0540540540541,37,0.179429429429,1.75543849995,12.9189189189,10.8636363636,6.82857142857,3.98872284195,0.308750512871,0.161596743187,6.67746872614,1.03375038857,0.553205925591,5.78597247466,0.895736324528,0.480379961552,0.667108171441,0.380023664434,2,1.75543849995,0.667108171441,2,0.202729505593,0.18231511254,189,0.0243243243243,0.332488537048,37,37,37,1,0,0.405405405405,0.540540540541,0.0540540540541,37,326,0.244744744745,1.71585393233,17.6216216216,14.8181818182,9.31428571429,4.63891361415,0.263251232705,0.122284861549,8.74591281634,0.992634276701,0.526280882109,8.26921277268,0.938530284016,0.490963355994,0.627174037125,0.365517148812,2,1.71585393233,0.627174037125,2,0.281967076896,0.2913028292,556,0.0715572715573,0.577133311649,37,37,37,1,0,0.405405405405,0.540540540541,0.0540540540541,-16,-0.012012012012,-0.00943488578045,-0.864864864865,-0.727272727273,-0.457142857143,-0.728796541246,-0.0271073575725,-0.020357781094,-0.762578726036,-0.0360621767138,-0.0182109781722,0.215899426247,0.0672653898111,0.0291331046901,-0.013425533201,-0.00578275390557,0,-0.00943488578045,-0.013425533201,0,-0.0621043173517,-0.0852662084568,-254,-0.0326898326898,0.00755648329918,0,0,0,323,3,19,987,0.944444444444,0.99696969697,0.0030303030303,0.0555555555556,0.990797546012,0.944444444444,0.967065868263,0.956540973264,0.941414141414,0.936231884058,87,103,0,0,0,0
2986,WLNM_dir_neg,0.95508530493,0.867132750094,00:00:05,10,70,32,1239447267,threshold_sweep,0.7,0.965517241379,0.815533980583,0.884210526316,84,3,19,203,0.815533980583,0.985436893204,0.0145631067961,0.184466019417,0.965517241379,0.815533980583,0.884210526316,0.928802588997,0.572815533981,0.833333333333,0.83952345245,0.800970873786,342,239,103,0,342,0,239,0,103,37,342,0.256756756757,1.72528881811,18.4864864865,15.5454545455,9.77142857143,5.36771015539,0.290358590277,0.142642642643,9.50849154237,1.02869645341,0.544491860281,8.05331334643,0.871264894205,0.461830251304,0.640599570326,0.371299902718,2,1.72528881811,0.640599570326,2,0.344071394247,0.376569037657,810,0.104247104247,0.56957682835,37,37,37,1,0,0.405405405405,0.540540540541,0.0540540540541,37,0.179429429429,1.75543849995,12.9189189189,10.8636363636,6.82857142857,3.98872284195,0.308750512871,0.161596743187,6.67746872614,1.03375038857,0.553205925591,5.78597247466,0.895736324528,0.480379961552,0.667108171441,0.380023664434,2,1.75543849995,0.667108171441,2,0.202729505593,0.18231511254,189,0.0243243243243,0.332488537048,37,37,37,1,0,0.405405405405,0.540540540541,0.0540540540541,37,326,0.244744744745,1.71585393233,17.6216216216,14.8181818182,9.31428571429,4.63891361415,0.263251232705,0.122284861549,8.74591281634,0.992634276701,0.526280882109,8.26921277268,0.938530284016,0.490963355994,0.627174037125,0.365517148812,2,1.71585393233,0.627174037125,2,0.281967076896,0.2913028292,556,0.0715572715573,0.577133311649,37,37,37,1,0,0.405405405405,0.540540540541,0.0540540540541,-16,-0.012012012012,-0.00943488578045,-0.864864864865,-0.727272727273,-0.457142857143,-0.728796541246,-0.0271073575725,-0.020357781094,-0.762578726036,-0.0360621767138,-0.0182109781722,0.215899426247,0.0672653898111,0.0291331046901,-0.013425533201,-0.00578275390557,0,-0.00943488578045,-0.013425533201,0,-0.0621043173517,-0.0852662084568,-254,-0.0326898326898,0.00755648329918,0,0,0,323,3,19,987,0.944444444444,0.99696969697,0.0030303030303,0.0555555555556,0.990797546012,0.944444444444,0.967065868263,0.956540973264,0.941414141414,0.936231884058,87,103,0,0,0,0
2987,WLNM_dir_neg,0.95508530493,0.867132750094,00:00:05,10,70,32,1239447267,threshold_sweep,0.8,0.965517241379,0.815533980583,0.884210526316,84,3,19,203,0.815533980583,0.985436893204,0.0145631067961,0.184466019417,0.965517241379,0.815533980583,0.884210526316,0.928802588997,0.572815533981,0.833333333333,0.83952345245,0.800970873786,342,239,103,0,342,0,239,0,103,37,342,0.256756756757,1.72528881811,18.4864864865,15.5454545455,9.77142857143,5.36771015539,0.290358590277,0.142642642643,9.50849154237,1.02869645341,0.544491860281,8.05331334643,0.871264894205,0.461830251304,0.640599570326,0.371299902718,2,1.72528881811,0.640599570326,2,0.344071394247,0.376569037657,810,0.104247104247,0.56957682835,37,37,37,1,0,0.405405405405,0.540540540541,0.0540540540541,37,0.179429429429,1.75543849995,12.9189189189,10.8636363636,6.82857142857,3.98872284195,0.308750512871,0.161596743187,6.67746872614,1.03375038857,0.553205925591,5.78597247466,0.895736324528,0.480379961552,0.667108171441,0.380023664434,2,1.75543849995,0.667108171441,2,0.202729505593,0.18231511254,189,0.0243243243243,0.332488537048,37,37,37,1,0,0.405405405405,0.540540540541,0.0540540540541,37,326,0.244744744745,1.71585393233,17.6216216216,14.8181818182,9.31428571429,4.63891361415,0.263251232705,0.122284861549,8.74591281634,0.992634276701,0.526280882109,8.26921277268,0.938530284016,0.490963355994,0.627174037125,0.365517148812,2,1.71585393233,0.627174037125,2,0.281967076896,0.2913028292,556,0.0715572715573,0.577133311649,37,37,37,1,0,0.405405405405,0.540540540541,0.0540540540541,-16,-0.012012012012,-0.00943488578045,-0.864864864865,-0.727272727273,-0.457142857143,-0.728796541246,-0.0271073575725,-0.020357781094,-0.762578726036,-0.0360621767138,-0.0182109781722,0.215899426247,0.0672653898111,0.0291331046901,-0.013425533201,-0.00578275390557,0,-0.00943488578045,-0.013425533201,0,-0.0621043173517,-0.0852662084568,-254,-0.0326898326898,0.00755648329918,0,0,0,323,3,19,987,0.944444444444,0.99696969697,0.0030303030303,0.0555555555556,0.990797546012,0.944444444444,0.967065868263,0.956540973264,0.941414141414,0.936231884058,87,103,0,0,0,0
2988,WLNM_dir_neg,0.95508530493,0.867132750094,00:00:05,10,70,32,1239447267,threshold_sweep,0.9,0.965517241379,0.815533980583,0.884210526316,84,3,19,203,0.815533980583,0.985436893204,0.0145631067961,0.184466019417,0.965517241379,0.815533980583,0.884210526316,0.928802588997,0.572815533981,0.833333333333,0.83952345245,0.800970873786,342,239,103,0,342,0,239,0,103,37,342,0.256756756757,1.72528881811,18.4864864865,15.5454545455,9.77142857143,5.36771015539,0.290358590277,0.142642642643,9.50849154237,1.02869645341,0.544491860281,8.05331334643,0.871264894205,0.461830251304,0.640599570326,0.371299902718,2,1.72528881811,0.640599570326,2,0.344071394247,0.376569037657,810,0.104247104247,0.56957682835,37,37,37,1,0,0.405405405405,0.540540540541,0.0540540540541,37,0.179429429429,1.75543849995,12.9189189189,10.8636363636,6.82857142857,3.98872284195,0.308750512871,0.161596743187,6.67746872614,1.03375038857,0.553205925591,5.78597247466,0.895736324528,0.480379961552,0.667108171441,0.380023664434,2,1.75543849995,0.667108171441,2,0.202729505593,0.18231511254,189,0.0243243243243,0.332488537048,37,37,37,1,0,0.405405405405,0.540540540541,0.0540540540541,37,326,0.244744744745,1.71585393233,17.6216216216,14.8181818182,9.31428571429,4.63891361415,0.263251232705,0.122284861549,8.74591281634,0.992634276701,0.526280882109,8.26921277268,0.938530284016,0.490963355994,0.627174037125,0.365517148812,2,1.71585393233,0.627174037125,2,0.281967076896,0.2913028292,556,0.0715572715573,0.577133311649,37,37,37,1,0,0.405405405405,0.540540540541,0.0540540540541,-16,-0.012012012012,-0.00943488578045,-0.864864864865,-0.727272727273,-0.457142857143,-0.728796541246,-0.0271073575725,-0.020357781094,-0.762578726036,-0.0360621767138,-0.0182109781722,0.215899426247,0.0672653898111,0.0291331046901,-0.013425533201,-0.00578275390557,0,-0.00943488578045,-0.013425533201,0,-0.0621043173517,-0.0852662084568,-254,-0.0326898326898,0.00755648329918,0,0,0,323,3,19,987,0.944444444444,0.99696969697,0.0030303030303,0.0555555555556,0.990797546012,0.944444444444,0.967065868263,0.956540973264,0.941414141414,0.936231884058,87,103,0,0,0,0
2989,WLNM_dir_neg,0.985931756056,0.966165713873,00:00:05,10,70,33,1239447268,threshold_sweep,0.1,0.968085106383,0.883495145631,0.92385786802,91,3,12,203,0.883495145631,0.985436893204,0.0145631067961,0.116504854369,0.968085106383,0.883495145631,0.92385786802,0.95145631068,0.56526429342,0.888337468983,0.89033793183,0.868932038835,342,239,103,0,342,0,239,0,103,37,342,0.256756756757,1.72528881811,18.4864864865,15.5454545455,9.77142857143,5.36771015539,0.290358590277,0.142642642643,9.50849154237,1.02869645341,0.544491860281,8.05331334643,0.871264894205,0.461830251304,0.640599570326,0.371299902718,2,1.72528881811,0.640599570326,2,0.344071394247,0.376569037657,810,0.104247104247,0.56957682835,37,37,37,1,0,0.405405405405,0.540540540541,0.0540540540541,37,0.179429429429,1.76403005296,12.9189189189,10.8636363636,6.82857142857,4.11216608491,0.318305742974,0.167590184327,6.5726478454,1.0175228882,0.545968562705,5.92824966952,0.917762501139,0.492366843831,0.686373080253,0.389093756709,2,1.76403005296,0.686373080253,2,0.178463372736,0.176470588235,184,0.0236808236808,0.339725772404,37,37,37,1,0,0.405405405405,0.540540540541,0.0540540540541,37,333,0.25,1.71912425672,18,15.1363636364,9.51428571429,4.98330546258,0.276850303476,0.133755376999,9.04617783007,1.00513087001,0.534372210048,8.19213715163,0.910237461292,0.477883288694,0.632233180054,0.36776467878,2,1.71912425672,0.632233180054,2,0.296839014648,0.326303553637,655,0.0842985842986,0.574618812875,37,37,37,1,0,0.405405405405,0.540540540541,0.0540540540541,-9,-0.00675675675676,-0.00616456139785,-0.486486486486,-0.409090909091,-0.257142857143,-0.384404692818,-0.0135082868007,-0.00888726564402,-0.4623137123,-0.0235655834065,-0.0101196502334,0.138823805195,0.0389725670873,0.0160530373902,-0.00836639027193,-0.00353522393792,0,-0.00616456139785,-0.00836639027193,0,-0.0472323795998,-0.0502654840202,-155,-0.0199485199485,0.0050419845253,0,0,0,330,3,12,987,0.964912280702,0.99696969697,0.0030303030303,0.0350877192982,0.990990990991,0.964912280702,0.977777777778,0.970392825818,0.961881977671,0.95652173913,94,103,0,0,0,0
2990,WLNM_dir_neg,0.985931756056,0.966165713873,00:00:05,10,70,33,1239447268,threshold_sweep,0.2,0.968085106383,0.883495145631,0.92385786802,91,3,12,203,0.883495145631,0.985436893204,0.0145631067961,0.116504854369,0.968085106383,0.883495145631,0.92385786802,0.95145631068,0.56526429342,0.888337468983,0.89033793183,0.868932038835,342,239,103,0,342,0,239,0,103,37,342,0.256756756757,1.72528881811,18.4864864865,15.5454545455,9.77142857143,5.36771015539,0.290358590277,0.142642642643,9.50849154237,1.02869645341,0.544491860281,8.05331334643,0.871264894205,0.461830251304,0.640599570326,0.371299902718,2,1.72528881811,0.640599570326,2,0.344071394247,0.376569037657,810,0.104247104247,0.56957682835,37,37,37,1,0,0.405405405405,0.540540540541,0.0540540540541,37,0.179429429429,1.76403005296,12.9189189189,10.8636363636,6.82857142857,4.11216608491,0.318305742974,0.167590184327,6.5726478454,1.0175228882,0.545968562705,5.92824966952,0.917762501139,0.492366843831,0.686373080253,0.389093756709,2,1.76403005296,0.686373080253,2,0.178463372736,0.176470588235,184,0.0236808236808,0.339725772404,37,37,37,1,0,0.405405405405,0.540540540541,0.0540540540541,37,333,0.25,1.71912425672,18,15.1363636364,9.51428571429,4.98330546258,0.276850303476,0.133755376999,9.04617783007,1.00513087001,0.534372210048,8.19213715163,0.910237461292,0.477883288694,0.632233180054,0.36776467878,2,1.71912425672,0.632233180054,2,0.296839014648,0.326303553637,655,0.0842985842986,0.574618812875,37,37,37,1,0,0.405405405405,0.540540540541,0.0540540540541,-9,-0.00675675675676,-0.00616456139785,-0.486486486486,-0.409090909091,-0.257142857143,-0.384404692818,-0.0135082868007,-0.00888726564402,-0.4623137123,-0.0235655834065,-0.0101196502334,0.138823805195,0.0389725670873,0.0160530373902,-0.00836639027193,-0.00353522393792,0,-0.00616456139785,-0.00836639027193,0,-0.0472323795998,-0.0502654840202,-155,-0.0199485199485,0.0050419845253,0,0,0,330,3,12,987,0.964912280702,0.99696969697,0.0030303030303,0.0350877192982,0.990990990991,0.964912280702,0.977777777778,0.970392825818,0.961881977671,0.95652173913,94,103,0,0,0,0
2991,WLNM_dir_neg,0.985931756056,0.966165713873,00:00:05,10,70,33,1239447268,threshold_sweep,0.3,0.968085106383,0.883495145631,0.92385786802,91,3,12,203,0.883495145631,0.985436893204,0.0145631067961,0.116504854369,0.968085106383,0.883495145631,0.92385786802,0.95145631068,0.56526429342,0.888337468983,0.89033793183,0.868932038835,342,239,103,0,342,0,239,0,103,37,342,0.256756756757,1.72528881811,18.4864864865,15.5454545455,9.77142857143,5.36771015539,0.290358590277,0.142642642643,9.50849154237,1.02869645341,0.544491860281,8.05331334643,0.871264894205,0.461830251304,0.640599570326,0.371299902718,2,1.72528881811,0.640599570326,2,0.344071394247,0.376569037657,810,0.104247104247,0.56957682835,37,37,37,1,0,0.405405405405,0.540540540541,0.0540540540541,37,0.179429429429,1.76403005296,12.9189189189,10.8636363636,6.82857142857,4.11216608491,0.318305742974,0.167590184327,6.5726478454,1.0175228882,0.545968562705,5.92824966952,0.917762501139,0.492366843831,0.686373080253,0.389093756709,2,1.76403005296,0.686373080253,2,0.178463372736,0.176470588235,184,0.0236808236808,0.339725772404,37,37,37,1,0,0.405405405405,0.540540540541,0.0540540540541,37,333,0.25,1.71912425672,18,15.1363636364,9.51428571429,4.98330546258,0.276850303476,0.133755376999,9.04617783007,1.00513087001,0.534372210048,8.19213715163,0.910237461292,0.477883288694,0.632233180054,0.36776467878,2,1.71912425672,0.632233180054,2,0.296839014648,0.326303553637,655,0.0842985842986,0.574618812875,37,37,37,1,0,0.405405405405,0.540540540541,0.0540540540541,-9,-0.00675675675676,-0.00616456139785,-0.486486486486,-0.409090909091,-0.257142857143,-0.384404692818,-0.0135082868007,-0.00888726564402,-0.4623137123,-0.0235655834065,-0.0101196502334,0.138823805195,0.0389725670873,0.0160530373902,-0.00836639027193,-0.00353522393792,0,-0.00616456139785,-0.00836639027193,0,-0.0472323795998,-0.0502654840202,-155,-0.0199485199485,0.0050419845253,0,0,0,330,3,12,987,0.964912280702,0.99696969697,0.0030303030303,0.0350877192982,0.990990990991,0.964912280702,0.977777777778,0.970392825818,0.961881977671,0.95652173913,94,103,0,0,0,0
2992,WLNM_dir_neg,0.985931756056,0.966165713873,00:00:05,10,70,33,1239447268,threshold_sweep,0.4,0.968085106383,0.883495145631,0.92385786802,91,3,12,203,0.883495145631,0.985436893204,0.0145631067961,0.116504854369,0.968085106383,0.883495145631,0.92385786802,0.95145631068,0.56526429342,0.888337468983,0.89033793183,0.868932038835,342,239,103,0,342,0,239,0,103,37,342,0.256756756757,1.72528881811,18.4864864865,15.5454545455,9.77142857143,5.36771015539,0.290358590277,0.142642642643,9.50849154237,1.02869645341,0.544491860281,8.05331334643,0.871264894205,0.461830251304,0.640599570326,0.371299902718,2,1.72528881811,0.640599570326,2,0.344071394247,0.376569037657,810,0.104247104247,0.56957682835,37,37,37,1,0,0.405405405405,0.540540540541,0.0540540540541,37,0.179429429429,1.76403005296,12.9189189189,10.8636363636,6.82857142857,4.11216608491,0.318305742974,0.167590184327,6.5726478454,1.0175228882,0.545968562705,5.92824966952,0.917762501139,0.492366843831,0.686373080253,0.389093756709,2,1.76403005296,0.686373080253,2,0.178463372736,0.176470588235,184,0.0236808236808,0.339725772404,37,37,37,1,0,0.405405405405,0.540540540541,0.0540540540541,37,333,0.25,1.71912425672,18,15.1363636364,9.51428571429,4.98330546258,0.276850303476,0.133755376999,9.04617783007,1.00513087001,0.534372210048,8.19213715163,0.910237461292,0.477883288694,0.632233180054,0.36776467878,2,1.71912425672,0.632233180054,2,0.296839014648,0.326303553637,655,0.0842985842986,0.574618812875,37,37,37,1,0,0.405405405405,0.540540540541,0.0540540540541,-9,-0.00675675675676,-0.00616456139785,-0.486486486486,-0.409090909091,-0.257142857143,-0.384404692818,-0.0135082868007,-0.00888726564402,-0.4623137123,-0.0235655834065,-0.0101196502334,0.138823805195,0.0389725670873,0.0160530373902,-0.00836639027193,-0.00353522393792,0,-0.00616456139785,-0.00836639027193,0,-0.0472323795998,-0.0502654840202,-155,-0.0199485199485,0.0050419845253,0,0,0,330,3,12,987,0.964912280702,0.99696969697,0.0030303030303,0.0350877192982,0.990990990991,0.964912280702,0.977777777778,0.970392825818,0.961881977671,0.95652173913,94,103,0,0,0,0
2993,WLNM_dir_neg,0.985931756056,0.966165713873,00:00:05,10,70,33,1239447268,threshold_sweep,0.5,0.968085106383,0.883495145631,0.92385786802,91,3,12,203,0.883495145631,0.985436893204,0.0145631067961,0.116504854369,0.968085106383,0.883495145631,0.92385786802,0.95145631068,0.56526429342,0.888337468983,0.89033793183,0.868932038835,342,239,103,0,342,0,239,0,103,37,342,0.256756756757,1.72528881811,18.4864864865,15.5454545455,9.77142857143,5.36771015539,0.290358590277,0.142642642643,9.50849154237,1.02869645341,0.544491860281,8.05331334643,0.871264894205,0.461830251304,0.640599570326,0.371299902718,2,1.72528881811,0.640599570326,2,0.344071394247,0.376569037657,810,0.104247104247,0.56957682835,37,37,37,1,0,0.405405405405,0.540540540541,0.0540540540541,37,0.179429429429,1.76403005296,12.9189189189,10.8636363636,6.82857142857,4.11216608491,0.318305742974,0.167590184327,6.5726478454,1.0175228882,0.545968562705,5.92824966952,0.917762501139,0.492366843831,0.686373080253,0.389093756709,2,1.76403005296,0.686373080253,2,0.178463372736,0.176470588235,184,0.0236808236808,0.339725772404,37,37,37,1,0,0.405405405405,0.540540540541,0.0540540540541,37,333,0.25,1.71912425672,18,15.1363636364,9.51428571429,4.98330546258,0.276850303476,0.133755376999,9.04617783007,1.00513087001,0.534372210048,8.19213715163,0.910237461292,0.477883288694,0.632233180054,0.36776467878,2,1.71912425672,0.632233180054,2,0.296839014648,0.326303553637,655,0.0842985842986,0.574618812875,37,37,37,1,0,0.405405405405,0.540540540541,0.0540540540541,-9,-0.00675675675676,-0.00616456139785,-0.486486486486,-0.409090909091,-0.257142857143,-0.384404692818,-0.0135082868007,-0.00888726564402,-0.4623137123,-0.0235655834065,-0.0101196502334,0.138823805195,0.0389725670873,0.0160530373902,-0.00836639027193,-0.00353522393792,0,-0.00616456139785,-0.00836639027193,0,-0.0472323795998,-0.0502654840202,-155,-0.0199485199485,0.0050419845253,0,0,0,330,3,12,987,0.964912280702,0.99696969697,0.0030303030303,0.0350877192982,0.990990990991,0.964912280702,0.977777777778,0.970392825818,0.961881977671,0.95652173913,94,103,0,0,0,0
2994,WLNM_dir_neg,0.985931756056,0.966165713873,00:00:05,10,70,33,1239447268,threshold_sweep,0.6,0.968085106383,0.883495145631,0.92385786802,91,3,12,203,0.883495145631,0.985436893204,0.0145631067961,0.116504854369,0.968085106383,0.883495145631,0.92385786802,0.95145631068,0.56526429342,0.888337468983,0.89033793183,0.868932038835,342,239,103,0,342,0,239,0,103,37,342,0.256756756757,1.72528881811,18.4864864865,15.5454545455,9.77142857143,5.36771015539,0.290358590277,0.142642642643,9.50849154237,1.02869645341,0.544491860281,8.05331334643,0.871264894205,0.461830251304,0.640599570326,0.371299902718,2,1.72528881811,0.640599570326,2,0.344071394247,0.376569037657,810,0.104247104247,0.56957682835,37,37,37,1,0,0.405405405405,0.540540540541,0.0540540540541,37,0.179429429429,1.76403005296,12.9189189189,10.8636363636,6.82857142857,4.11216608491,0.318305742974,0.167590184327,6.5726478454,1.0175228882,0.545968562705,5.92824966952,0.917762501139,0.492366843831,0.686373080253,0.389093756709,2,1.76403005296,0.686373080253,2,0.178463372736,0.176470588235,184,0.0236808236808,0.339725772404,37,37,37,1,0,0.405405405405,0.540540540541,0.0540540540541,37,333,0.25,1.71912425672,18,15.1363636364,9.51428571429,4.98330546258,0.276850303476,0.133755376999,9.04617783007,1.00513087001,0.534372210048,8.19213715163,0.910237461292,0.477883288694,0.632233180054,0.36776467878,2,1.71912425672,0.632233180054,2,0.296839014648,0.326303553637,655,0.0842985842986,0.574618812875,37,37,37,1,0,0.405405405405,0.540540540541,0.0540540540541,-9,-0.00675675675676,-0.00616456139785,-0.486486486486,-0.409090909091,-0.257142857143,-0.384404692818,-0.0135082868007,-0.00888726564402,-0.4623137123,-0.0235655834065,-0.0101196502334,0.138823805195,0.0389725670873,0.0160530373902,-0.00836639027193,-0.00353522393792,0,-0.00616456139785,-0.00836639027193,0,-0.0472323795998,-0.0502654840202,-155,-0.0199485199485,0.0050419845253,0,0,0,330,3,12,987,0.964912280702,0.99696969697,0.0030303030303,0.0350877192982,0.990990990991,0.964912280702,0.977777777778,0.970392825818,0.961881977671,0.95652173913,94,103,0,0,0,0
2995,WLNM_dir_neg,0.985931756056,0.966165713873,00:00:05,10,70,33,1239447268,threshold_sweep,0.7,0.967741935484,0.873786407767,0.918367346939,90,3,13,203,0.873786407767,0.985436893204,0.0145631067961,0.126213592233,0.967741935484,0.873786407767,0.918367346939,0.948220064725,0.566343042071,0.880597014925,0.883059401632,0.859223300971,342,239,103,0,342,0,239,0,103,37,342,0.256756756757,1.72528881811,18.4864864865,15.5454545455,9.77142857143,5.36771015539,0.290358590277,0.142642642643,9.50849154237,1.02869645341,0.544491860281,8.05331334643,0.871264894205,0.461830251304,0.640599570326,0.371299902718,2,1.72528881811,0.640599570326,2,0.344071394247,0.376569037657,810,0.104247104247,0.56957682835,37,37,37,1,0,0.405405405405,0.540540540541,0.0540540540541,37,0.179429429429,1.76403005296,12.9189189189,10.8636363636,6.82857142857,4.11216608491,0.318305742974,0.167590184327,6.5726478454,1.0175228882,0.545968562705,5.92824966952,0.917762501139,0.492366843831,0.686373080253,0.389093756709,2,1.76403005296,0.686373080253,2,0.178463372736,0.176470588235,184,0.0236808236808,0.339725772404,37,37,37,1,0,0.405405405405,0.540540540541,0.0540540540541,37,332,0.249249249249,1.73313827073,17.9459459459,15.0909090909,9.48571428571,5.12047060525,0.285327428305,0.136926082709,9.06913718329,1.01071709573,0.536144578313,8.19378655678,0.913162959642,0.478834255943,0.655002256938,0.377928448064,2,1.73313827073,0.655002256938,2,0.306403774212,0.326347305389,654,0.0841698841699,0.572948544378,37,37,37,1,0,0.405405405405,0.540540540541,0.0540540540541,-10,-0.00750750750751,0.00784945261617,-0.540540540541,-0.454545454545,-0.285714285714,-0.247239550144,-0.00503116197258,-0.00571655993343,-0.439354359089,-0.0179793576872,-0.00834728196808,0.14047321035,0.0418980654367,0.0170040046388,0.0144026866117,0.00662854534627,0,0.00784945261617,0.0144026866117,0,-0.0376676200351,-0.0502217322677,-156,-0.0200772200772,0.00337171602804,0,0,0,329,3,13,987,0.961988304094,0.99696969697,0.0030303030303,0.0380116959064,0.990963855422,0.961988304094,0.976261127596,0.968414303853,0.958958001063,0.953623188406,93,103,0,0,0,0
2996,WLNM_dir_neg,0.985931756056,0.966165713873,00:00:05,10,70,33,1239447268,threshold_sweep,0.8,0.967741935484,0.873786407767,0.918367346939,90,3,13,203,0.873786407767,0.985436893204,0.0145631067961,0.126213592233,0.967741935484,0.873786407767,0.918367346939,0.948220064725,0.566343042071,0.880597014925,0.883059401632,0.859223300971,342,239,103,0,342,0,239,0,103,37,342,0.256756756757,1.72528881811,18.4864864865,15.5454545455,9.77142857143,5.36771015539,0.290358590277,0.142642642643,9.50849154237,1.02869645341,0.544491860281,8.05331334643,0.871264894205,0.461830251304,0.640599570326,0.371299902718,2,1.72528881811,0.640599570326,2,0.344071394247,0.376569037657,810,0.104247104247,0.56957682835,37,37,37,1,0,0.405405405405,0.540540540541,0.0540540540541,37,0.179429429429,1.76403005296,12.9189189189,10.8636363636,6.82857142857,4.11216608491,0.318305742974,0.167590184327,6.5726478454,1.0175228882,0.545968562705,5.92824966952,0.917762501139,0.492366843831,0.686373080253,0.389093756709,2,1.76403005296,0.686373080253,2,0.178463372736,0.176470588235,184,0.0236808236808,0.339725772404,37,37,37,1,0,0.405405405405,0.540540540541,0.0540540540541,37,332,0.249249249249,1.73313827073,17.9459459459,15.0909090909,9.48571428571,5.12047060525,0.285327428305,0.136926082709,9.06913718329,1.01071709573,0.536144578313,8.19378655678,0.913162959642,0.478834255943,0.655002256938,0.377928448064,2,1.73313827073,0.655002256938,2,0.306403774212,0.326347305389,654,0.0841698841699,0.572948544378,37,37,37,1,0,0.405405405405,0.540540540541,0.0540540540541,-10,-0.00750750750751,0.00784945261617,-0.540540540541,-0.454545454545,-0.285714285714,-0.247239550144,-0.00503116197258,-0.00571655993343,-0.439354359089,-0.0179793576872,-0.00834728196808,0.14047321035,0.0418980654367,0.0170040046388,0.0144026866117,0.00662854534627,0,0.00784945261617,0.0144026866117,0,-0.0376676200351,-0.0502217322677,-156,-0.0200772200772,0.00337171602804,0,0,0,329,3,13,987,0.961988304094,0.99696969697,0.0030303030303,0.0380116959064,0.990963855422,0.961988304094,0.976261127596,0.968414303853,0.958958001063,0.953623188406,93,103,0,0,0,0
2997,WLNM_dir_neg,0.985931756056,0.966165713873,00:00:05,10,70,33,1239447268,threshold_sweep,0.9,0.967741935484,0.873786407767,0.918367346939,90,3,13,203,0.873786407767,0.985436893204,0.0145631067961,0.126213592233,0.967741935484,0.873786407767,0.918367346939,0.948220064725,0.566343042071,0.880597014925,0.883059401632,0.859223300971,342,239,103,0,342,0,239,0,103,37,342,0.256756756757,1.72528881811,18.4864864865,15.5454545455,9.77142857143,5.36771015539,0.290358590277,0.142642642643,9.50849154237,1.02869645341,0.544491860281,8.05331334643,0.871264894205,0.461830251304,0.640599570326,0.371299902718,2,1.72528881811,0.640599570326,2,0.344071394247,0.376569037657,810,0.104247104247,0.56957682835,37,37,37,1,0,0.405405405405,0.540540540541,0.0540540540541,37,0.179429429429,1.76403005296,12.9189189189,10.8636363636,6.82857142857,4.11216608491,0.318305742974,0.167590184327,6.5726478454,1.0175228882,0.545968562705,5.92824966952,0.917762501139,0.492366843831,0.686373080253,0.389093756709,2,1.76403005296,0.686373080253,2,0.178463372736,0.176470588235,184,0.0236808236808,0.339725772404,37,37,37,1,0,0.405405405405,0.540540540541,0.0540540540541,37,332,0.249249249249,1.73313827073,17.9459459459,15.0909090909,9.48571428571,5.12047060525,0.285327428305,0.136926082709,9.06913718329,1.01071709573,0.536144578313,8.19378655678,0.913162959642,0.478834255943,0.655002256938,0.377928448064,2,1.73313827073,0.655002256938,2,0.306403774212,0.326347305389,654,0.0841698841699,0.572948544378,37,37,37,1,0,0.405405405405,0.540540540541,0.0540540540541,-10,-0.00750750750751,0.00784945261617,-0.540540540541,-0.454545454545,-0.285714285714,-0.247239550144,-0.00503116197258,-0.00571655993343,-0.439354359089,-0.0179793576872,-0.00834728196808,0.14047321035,0.0418980654367,0.0170040046388,0.0144026866117,0.00662854534627,0,0.00784945261617,0.0144026866117,0,-0.0376676200351,-0.0502217322677,-156,-0.0200772200772,0.00337171602804,0,0,0,329,3,13,987,0.961988304094,0.99696969697,0.0030303030303,0.0380116959064,0.990963855422,0.961988304094,0.976261127596,0.968414303853,0.958958001063,0.953623188406,93,103,0,0,0,0
2998,WLNM_dir_neg,0.989136582147,0.97290103884,00:00:06,10,70,34,1239447269,threshold_sweep,0.1,1,0.825242718447,0.904255319149,85,0,18,206,0.825242718447,1,0,0.174757281553,1,0.825242718447,0.904255319149,0.941747572816,0.574973031284,0.862944162437,0.871165065546,0.825242718447,342,239,103,0,342,0,239,0,103,37,342,0.256756756757,1.72528881811,18.4864864865,15.5454545455,9.77142857143,5.36771015539,0.290358590277,0.142642642643,9.50849154237,1.02869645341,0.544491860281,8.05331334643,0.871264894205,0.461830251304,0.640599570326,0.371299902718,2,1.72528881811,0.640599570326,2,0.344071394247,0.376569037657,810,0.104247104247,0.56957682835,37,37,37,1,0,0.405405405405,0.540540540541,0.0540540540541,37,0.179429429429,1.75775592296,12.9189189189,10.8636363636,6.82857142857,4.00262676514,0.309826757971,0.165780843605,6.61897354662,1.02469464948,0.550039579328,5.75226812558,0.890518496429,0.479475291191,0.675561779592,0.384331960296,2,1.75775592296,0.675561779592,2,0.183610864493,0.167791706847,174,0.0223938223938,0.332301999244,37,37,37,1,0,0.405405405405,0.540540540541,0.0540540540541,37,324,0.243243243243,1.71556406895,17.5135135135,14.7272727273,9.25714285714,5.03113429679,0.28727155707,0.138388388388,8.87695332309,1.01372615109,0.534534534535,8.12200510754,0.927512928948,0.486319652986,0.630036907139,0.367247670047,2,1.71556406895,0.630036907139,2,0.302101067526,0.318363100399,612,0.0787644787645,0.568795003218,37,37,37,1,0,0.405405405405,0.540540540541,0.0540540540541,-18,-0.0135135135135,-0.00972474916022,-0.972972972973,-0.818181818182,-0.514285714286,-0.336575858606,-0.00308703320746,-0.00425425425425,-0.631538219286,-0.0149703023213,-0.0099573257468,0.0686917611095,0.056248034743,0.0244894016824,-0.0105626631866,-0.00405223267104,0,-0.00972474916022,-0.0105626631866,0,-0.0419703267214,-0.0582059372581,-198,-0.0254826254826,-0.000781825131641,0,0,0,324,0,18,990,0.947368421053,1,0,0.0526315789474,1,0.947368421053,0.972972972973,0.96459894662,0.947368421053,0.947368421053,85,103,0,0,0,0
2999,WLNM_dir_neg,0.989136582147,0.97290103884,00:00:06,10,70,34,1239447269,threshold_sweep,0.2,1,0.825242718447,0.904255319149,85,0,18,206,0.825242718447,1,0,0.174757281553,1,0.825242718447,0.904255319149,0.941747572816,0.574973031284,0.862944162437,0.871165065546,0.825242718447,342,239,103,0,342,0,239,0,103,37,342,0.256756756757,1.72528881811,18.4864864865,15.5454545455,9.77142857143,5.36771015539,0.290358590277,0.142642642643,9.50849154237,1.02869645341,0.544491860281,8.05331334643,0.871264894205,0.461830251304,0.640599570326,0.371299902718,2,1.72528881811,0.640599570326,2,0.344071394247,0.376569037657,810,0.104247104247,0.56957682835,37,37,37,1,0,0.405405405405,0.540540540541,0.0540540540541,37,0.179429429429,1.75775592296,12.9189189189,10.8636363636,6.82857142857,4.00262676514,0.309826757971,0.165780843605,6.61897354662,1.02469464948,0.550039579328,5.75226812558,0.890518496429,0.479475291191,0.675561779592,0.384331960296,2,1.75775592296,0.675561779592,2,0.183610864493,0.167791706847,174,0.0223938223938,0.332301999244,37,37,37,1,0,0.405405405405,0.540540540541,0.0540540540541,37,324,0.243243243243,1.71556406895,17.5135135135,14.7272727273,9.25714285714,5.03113429679,0.28727155707,0.138388388388,8.87695332309,1.01372615109,0.534534534535,8.12200510754,0.927512928948,0.486319652986,0.630036907139,0.367247670047,2,1.71556406895,0.630036907139,2,0.302101067526,0.318363100399,612,0.0787644787645,0.568795003218,37,37,37,1,0,0.405405405405,0.540540540541,0.0540540540541,-18,-0.0135135135135,-0.00972474916022,-0.972972972973,-0.818181818182,-0.514285714286,-0.336575858606,-0.00308703320746,-0.00425425425425,-0.631538219286,-0.0149703023213,-0.0099573257468,0.0686917611095,0.056248034743,0.0244894016824,-0.0105626631866,-0.00405223267104,0,-0.00972474916022,-0.0105626631866,0,-0.0419703267214,-0.0582059372581,-198,-0.0254826254826,-0.000781825131641,0,0,0,324,0,18,990,0.947368421053,1,0,0.0526315789474,1,0.947368421053,0.972972972973,0.96459894662,0.947368421053,0.947368421053,85,103,0,0,0,0
3000,WLNM_dir_neg,0.989136582147,0.97290103884,00:00:06,10,70,34,1239447269,threshold_sweep,0.3,1,0.825242718447,0.904255319149,85,0,18,206,0.825242718447,1,0,0.174757281553,1,0.825242718447,0.904255319149,0.941747572816,0.574973031284,0.862944162437,0.871165065546,0.825242718447,342,239,103,0,342,0,239,0,103,37,342,0.256756756757,1.72528881811,18.4864864865,15.5454545455,9.77142857143,5.36771015539,0.290358590277,0.142642642643,9.50849154237,1.02869645341,0.544491860281,8.05331334643,0.871264894205,0.461830251304,0.640599570326,0.371299902718,2,1.72528881811,0.640599570326,2,0.344071394247,0.376569037657,810,0.104247104247,0.56957682835,37,37,37,1,0,0.405405405405,0.540540540541,0.0540540540541,37,0.179429429429,1.75775592296,12.9189189189,10.8636363636,6.82857142857,4.00262676514,0.309826757971,0.165780843605,6.61897354662,1.02469464948,0.550039579328,5.75226812558,0.890518496429,0.479475291191,0.675561779592,0.384331960296,2,1.75775592296,0.675561779592,2,0.183610864493,0.167791706847,174,0.0223938223938,0.332301999244,37,37,37,1,0,0.405405405405,0.540540540541,0.0540540540541,37,324,0.243243243243,1.71556406895,17.5135135135,14.7272727273,9.25714285714,5.03113429679,0.28727155707,0.138388388388,8.87695332309,1.01372615109,0.534534534535,8.12200510754,0.927512928948,0.486319652986,0.630036907139,0.367247670047,2,1.71556406895,0.630036907139,2,0.302101067526,0.318363100399,612,0.0787644787645,0.568795003218,37,37,37,1,0,0.405405405405,0.540540540541,0.0540540540541,-18,-0.0135135135135,-0.00972474916022,-0.972972972973,-0.818181818182,-0.514285714286,-0.336575858606,-0.00308703320746,-0.00425425425425,-0.631538219286,-0.0149703023213,-0.0099573257468,0.0686917611095,0.056248034743,0.0244894016824,-0.0105626631866,-0.00405223267104,0,-0.00972474916022,-0.0105626631866,0,-0.0419703267214,-0.0582059372581,-198,-0.0254826254826,-0.000781825131641,0,0,0,324,0,18,990,0.947368421053,1,0,0.0526315789474,1,0.947368421053,0.972972972973,0.96459894662,0.947368421053,0.947368421053,85,103,0,0,0,0
3001,WLNM_dir_neg,0.989136582147,0.97290103884,00:00:06,10,70,34,1239447269,threshold_sweep,0.4,1,0.825242718447,0.904255319149,85,0,18,206,0.825242718447,1,0,0.174757281553,1,0.825242718447,0.904255319149,0.941747572816,0.574973031284,0.862944162437,0.871165065546,0.825242718447,342,239,103,0,342,0,239,0,103,37,342,0.256756756757,1.72528881811,18.4864864865,15.5454545455,9.77142857143,5.36771015539,0.290358590277,0.142642642643,9.50849154237,1.02869645341,0.544491860281,8.05331334643,0.871264894205,0.461830251304,0.640599570326,0.371299902718,2,1.72528881811,0.640599570326,2,0.344071394247,0.376569037657,810,0.104247104247,0.56957682835,37,37,37,1,0,0.405405405405,0.540540540541,0.0540540540541,37,0.179429429429,1.75775592296,12.9189189189,10.8636363636,6.82857142857,4.00262676514,0.309826757971,0.165780843605,6.61897354662,1.02469464948,0.550039579328,5.75226812558,0.890518496429,0.479475291191,0.675561779592,0.384331960296,2,1.75775592296,0.675561779592,2,0.183610864493,0.167791706847,174,0.0223938223938,0.332301999244,37,37,37,1,0,0.405405405405,0.540540540541,0.0540540540541,37,324,0.243243243243,1.71556406895,17.5135135135,14.7272727273,9.25714285714,5.03113429679,0.28727155707,0.138388388388,8.87695332309,1.01372615109,0.534534534535,8.12200510754,0.927512928948,0.486319652986,0.630036907139,0.367247670047,2,1.71556406895,0.630036907139,2,0.302101067526,0.318363100399,612,0.0787644787645,0.568795003218,37,37,37,1,0,0.405405405405,0.540540540541,0.0540540540541,-18,-0.0135135135135,-0.00972474916022,-0.972972972973,-0.818181818182,-0.514285714286,-0.336575858606,-0.00308703320746,-0.00425425425425,-0.631538219286,-0.0149703023213,-0.0099573257468,0.0686917611095,0.056248034743,0.0244894016824,-0.0105626631866,-0.00405223267104,0,-0.00972474916022,-0.0105626631866,0,-0.0419703267214,-0.0582059372581,-198,-0.0254826254826,-0.000781825131641,0,0,0,324,0,18,990,0.947368421053,1,0,0.0526315789474,1,0.947368421053,0.972972972973,0.96459894662,0.947368421053,0.947368421053,85,103,0,0,0,0
3002,WLNM_dir_neg,0.989136582147,0.97290103884,00:00:06,10,70,34,1239447269,threshold_sweep,0.5,1,0.825242718447,0.904255319149,85,0,18,206,0.825242718447,1,0,0.174757281553,1,0.825242718447,0.904255319149,0.941747572816,0.574973031284,0.862944162437,0.871165065546,0.825242718447,342,239,103,0,342,0,239,0,103,37,342,0.256756756757,1.72528881811,18.4864864865,15.5454545455,9.77142857143,5.36771015539,0.290358590277,0.142642642643,9.50849154237,1.02869645341,0.544491860281,8.05331334643,0.871264894205,0.461830251304,0.640599570326,0.371299902718,2,1.72528881811,0.640599570326,2,0.344071394247,0.376569037657,810,0.104247104247,0.56957682835,37,37,37,1,0,0.405405405405,0.540540540541,0.0540540540541,37,0.179429429429,1.75775592296,12.9189189189,10.8636363636,6.82857142857,4.00262676514,0.309826757971,0.165780843605,6.61897354662,1.02469464948,0.550039579328,5.75226812558,0.890518496429,0.479475291191,0.675561779592,0.384331960296,2,1.75775592296,0.675561779592,2,0.183610864493,0.167791706847,174,0.0223938223938,0.332301999244,37,37,37,1,0,0.405405405405,0.540540540541,0.0540540540541,37,324,0.243243243243,1.71556406895,17.5135135135,14.7272727273,9.25714285714,5.03113429679,0.28727155707,0.138388388388,8.87695332309,1.01372615109,0.534534534535,8.12200510754,0.927512928948,0.486319652986,0.630036907139,0.367247670047,2,1.71556406895,0.630036907139,2,0.302101067526,0.318363100399,612,0.0787644787645,0.568795003218,37,37,37,1,0,0.405405405405,0.540540540541,0.0540540540541,-18,-0.0135135135135,-0.00972474916022,-0.972972972973,-0.818181818182,-0.514285714286,-0.336575858606,-0.00308703320746,-0.00425425425425,-0.631538219286,-0.0149703023213,-0.0099573257468,0.0686917611095,0.056248034743,0.0244894016824,-0.0105626631866,-0.00405223267104,0,-0.00972474916022,-0.0105626631866,0,-0.0419703267214,-0.0582059372581,-198,-0.0254826254826,-0.000781825131641,0,0,0,324,0,18,990,0.947368421053,1,0,0.0526315789474,1,0.947368421053,0.972972972973,0.96459894662,0.947368421053,0.947368421053,85,103,0,0,0,0
3003,WLNM_dir_neg,0.989136582147,0.97290103884,00:00:06,10,70,34,1239447269,threshold_sweep,0.6,1,0.825242718447,0.904255319149,85,0,18,206,0.825242718447,1,0,0.174757281553,1,0.825242718447,0.904255319149,0.941747572816,0.574973031284,0.862944162437,0.871165065546,0.825242718447,342,239,103,0,342,0,239,0,103,37,342,0.256756756757,1.72528881811,18.4864864865,15.5454545455,9.77142857143,5.36771015539,0.290358590277,0.142642642643,9.50849154237,1.02869645341,0.544491860281,8.05331334643,0.871264894205,0.461830251304,0.640599570326,0.371299902718,2,1.72528881811,0.640599570326,2,0.344071394247,0.376569037657,810,0.104247104247,0.56957682835,37,37,37,1,0,0.405405405405,0.540540540541,0.0540540540541,37,0.179429429429,1.75775592296,12.9189189189,10.8636363636,6.82857142857,4.00262676514,0.309826757971,0.165780843605,6.61897354662,1.02469464948,0.550039579328,5.75226812558,0.890518496429,0.479475291191,0.675561779592,0.384331960296,2,1.75775592296,0.675561779592,2,0.183610864493,0.167791706847,174,0.0223938223938,0.332301999244,37,37,37,1,0,0.405405405405,0.540540540541,0.0540540540541,37,324,0.243243243243,1.71556406895,17.5135135135,14.7272727273,9.25714285714,5.03113429679,0.28727155707,0.138388388388,8.87695332309,1.01372615109,0.534534534535,8.12200510754,0.927512928948,0.486319652986,0.630036907139,0.367247670047,2,1.71556406895,0.630036907139,2,0.302101067526,0.318363100399,612,0.0787644787645,0.568795003218,37,37,37,1,0,0.405405405405,0.540540540541,0.0540540540541,-18,-0.0135135135135,-0.00972474916022,-0.972972972973,-0.818181818182,-0.514285714286,-0.336575858606,-0.00308703320746,-0.00425425425425,-0.631538219286,-0.0149703023213,-0.0099573257468,0.0686917611095,0.056248034743,0.0244894016824,-0.0105626631866,-0.00405223267104,0,-0.00972474916022,-0.0105626631866,0,-0.0419703267214,-0.0582059372581,-198,-0.0254826254826,-0.000781825131641,0,0,0,324,0,18,990,0.947368421053,1,0,0.0526315789474,1,0.947368421053,0.972972972973,0.96459894662,0.947368421053,0.947368421053,85,103,0,0,0,0
3004,WLNM_dir_neg,0.989136582147,0.97290103884,00:00:06,10,70,34,1239447269,threshold_sweep,0.7,1,0.825242718447,0.904255319149,85,0,18,206,0.825242718447,1,0,0.174757281553,1,0.825242718447,0.904255319149,0.941747572816,0.574973031284,0.862944162437,0.871165065546,0.825242718447,342,239,103,0,342,0,239,0,103,37,342,0.256756756757,1.72528881811,18.4864864865,15.5454545455,9.77142857143,5.36771015539,0.290358590277,0.142642642643,9.50849154237,1.02869645341,0.544491860281,8.05331334643,0.871264894205,0.461830251304,0.640599570326,0.371299902718,2,1.72528881811,0.640599570326,2,0.344071394247,0.376569037657,810,0.104247104247,0.56957682835,37,37,37,1,0,0.405405405405,0.540540540541,0.0540540540541,37,0.179429429429,1.75775592296,12.9189189189,10.8636363636,6.82857142857,4.00262676514,0.309826757971,0.165780843605,6.61897354662,1.02469464948,0.550039579328,5.75226812558,0.890518496429,0.479475291191,0.675561779592,0.384331960296,2,1.75775592296,0.675561779592,2,0.183610864493,0.167791706847,174,0.0223938223938,0.332301999244,37,37,37,1,0,0.405405405405,0.540540540541,0.0540540540541,37,324,0.243243243243,1.71556406895,17.5135135135,14.7272727273,9.25714285714,5.03113429679,0.28727155707,0.138388388388,8.87695332309,1.01372615109,0.534534534535,8.12200510754,0.927512928948,0.486319652986,0.630036907139,0.367247670047,2,1.71556406895,0.630036907139,2,0.302101067526,0.318363100399,612,0.0787644787645,0.568795003218,37,37,37,1,0,0.405405405405,0.540540540541,0.0540540540541,-18,-0.0135135135135,-0.00972474916022,-0.972972972973,-0.818181818182,-0.514285714286,-0.336575858606,-0.00308703320746,-0.00425425425425,-0.631538219286,-0.0149703023213,-0.0099573257468,0.0686917611095,0.056248034743,0.0244894016824,-0.0105626631866,-0.00405223267104,0,-0.00972474916022,-0.0105626631866,0,-0.0419703267214,-0.0582059372581,-198,-0.0254826254826,-0.000781825131641,0,0,0,324,0,18,990,0.947368421053,1,0,0.0526315789474,1,0.947368421053,0.972972972973,0.96459894662,0.947368421053,0.947368421053,85,103,0,0,0,0
3005,WLNM_dir_neg,0.989136582147,0.97290103884,00:00:06,10,70,34,1239447269,threshold_sweep,0.8,1,0.825242718447,0.904255319149,85,0,18,206,0.825242718447,1,0,0.174757281553,1,0.825242718447,0.904255319149,0.941747572816,0.574973031284,0.862944162437,0.871165065546,0.825242718447,342,239,103,0,342,0,239,0,103,37,342,0.256756756757,1.72528881811,18.4864864865,15.5454545455,9.77142857143,5.36771015539,0.290358590277,0.142642642643,9.50849154237,1.02869645341,0.544491860281,8.05331334643,0.871264894205,0.461830251304,0.640599570326,0.371299902718,2,1.72528881811,0.640599570326,2,0.344071394247,0.376569037657,810,0.104247104247,0.56957682835,37,37,37,1,0,0.405405405405,0.540540540541,0.0540540540541,37,0.179429429429,1.75775592296,12.9189189189,10.8636363636,6.82857142857,4.00262676514,0.309826757971,0.165780843605,6.61897354662,1.02469464948,0.550039579328,5.75226812558,0.890518496429,0.479475291191,0.675561779592,0.384331960296,2,1.75775592296,0.675561779592,2,0.183610864493,0.167791706847,174,0.0223938223938,0.332301999244,37,37,37,1,0,0.405405405405,0.540540540541,0.0540540540541,37,324,0.243243243243,1.71556406895,17.5135135135,14.7272727273,9.25714285714,5.03113429679,0.28727155707,0.138388388388,8.87695332309,1.01372615109,0.534534534535,8.12200510754,0.927512928948,0.486319652986,0.630036907139,0.367247670047,2,1.71556406895,0.630036907139,2,0.302101067526,0.318363100399,612,0.0787644787645,0.568795003218,37,37,37,1,0,0.405405405405,0.540540540541,0.0540540540541,-18,-0.0135135135135,-0.00972474916022,-0.972972972973,-0.818181818182,-0.514285714286,-0.336575858606,-0.00308703320746,-0.00425425425425,-0.631538219286,-0.0149703023213,-0.0099573257468,0.0686917611095,0.056248034743,0.0244894016824,-0.0105626631866,-0.00405223267104,0,-0.00972474916022,-0.0105626631866,0,-0.0419703267214,-0.0582059372581,-198,-0.0254826254826,-0.000781825131641,0,0,0,324,0,18,990,0.947368421053,1,0,0.0526315789474,1,0.947368421053,0.972972972973,0.96459894662,0.947368421053,0.947368421053,85,103,0,0,0,0
3006,WLNM_dir_neg,0.989136582147,0.97290103884,00:00:06,10,70,34,1239447269,threshold_sweep,0.9,1,0.825242718447,0.904255319149,85,0,18,206,0.825242718447,1,0,0.174757281553,1,0.825242718447,0.904255319149,0.941747572816,0.574973031284,0.862944162437,0.871165065546,0.825242718447,342,239,103,0,342,0,239,0,103,37,342,0.256756756757,1.72528881811,18.4864864865,15.5454545455,9.77142857143,5.36771015539,0.290358590277,0.142642642643,9.50849154237,1.02869645341,0.544491860281,8.05331334643,0.871264894205,0.461830251304,0.640599570326,0.371299902718,2,1.72528881811,0.640599570326,2,0.344071394247,0.376569037657,810,0.104247104247,0.56957682835,37,37,37,1,0,0.405405405405,0.540540540541,0.0540540540541,37,0.179429429429,1.75775592296,12.9189189189,10.8636363636,6.82857142857,4.00262676514,0.309826757971,0.165780843605,6.61897354662,1.02469464948,0.550039579328,5.75226812558,0.890518496429,0.479475291191,0.675561779592,0.384331960296,2,1.75775592296,0.675561779592,2,0.183610864493,0.167791706847,174,0.0223938223938,0.332301999244,37,37,37,1,0,0.405405405405,0.540540540541,0.0540540540541,37,324,0.243243243243,1.71556406895,17.5135135135,14.7272727273,9.25714285714,5.03113429679,0.28727155707,0.138388388388,8.87695332309,1.01372615109,0.534534534535,8.12200510754,0.927512928948,0.486319652986,0.630036907139,0.367247670047,2,1.71556406895,0.630036907139,2,0.302101067526,0.318363100399,612,0.0787644787645,0.568795003218,37,37,37,1,0,0.405405405405,0.540540540541,0.0540540540541,-18,-0.0135135135135,-0.00972474916022,-0.972972972973,-0.818181818182,-0.514285714286,-0.336575858606,-0.00308703320746,-0.00425425425425,-0.631538219286,-0.0149703023213,-0.0099573257468,0.0686917611095,0.056248034743,0.0244894016824,-0.0105626631866,-0.00405223267104,0,-0.00972474916022,-0.0105626631866,0,-0.0419703267214,-0.0582059372581,-198,-0.0254826254826,-0.000781825131641,0,0,0,324,0,18,990,0.947368421053,1,0,0.0526315789474,1,0.947368421053,0.972972972973,0.96459894662,0.947368421053,0.947368421053,85,103,0,0,0,0
3007,WLNM_dir_neg,0.945918559713,0.76636760588,00:00:05,10,70,35,1239447270,threshold_sweep,0.1,0.960526315789,0.708737864078,0.815642458101,73,3,30,203,0.708737864078,0.985436893204,0.0145631067961,0.291262135922,0.960526315789,0.708737864078,0.815642458101,0.893203883495,0.584681769148,0.742857142857,0.759864723495,0.694174757282,342,239,103,0,342,0,239,0,103,37,342,0.256756756757,1.72528881811,18.4864864865,15.5454545455,9.77142857143,5.36771015539,0.290358590277,0.142642642643,9.50849154237,1.02869645341,0.544491860281,8.05331334643,0.871264894205,0.461830251304,0.640599570326,0.371299902718,2,1.72528881811,0.640599570326,2,0.344071394247,0.376569037657,810,0.104247104247,0.56957682835,37,37,37,1,0,0.405405405405,0.540540540541,0.0540540540541,37,0.179429429429,1.7611763525,12.9189189189,10.8636363636,6.82857142857,3.98872284195,0.308750512871,0.16521542463,6.58531444704,1.01948382653,0.546420897885,5.93293348182,0.918487610156,0.492819179012,0.682679886231,0.387627215901,2,1.7611763525,0.682679886231,2,0.201843068329,0.175337186898,182,0.0234234234234,0.343718792988,37,37,37,1,0,0.405405405405,0.540540540541,0.0540540540541,37,315,0.236486486486,1.72375378836,17.027027027,14.3181818182,9,4.82750502898,0.283520136622,0.140197340197,8.73251148048,1.02572357072,0.545173745174,7.81601497504,0.918071600243,0.485456885457,0.636147001849,0.369047485868,2,1.72375378836,0.636147001849,2,0.281150203921,0.29155868197,525,0.0675675675676,0.529736351286,37,37,37,1,0,0.405405405405,0.540540540541,0.0540540540541,-27,-0.0202702702703,-0.00153502975775,-1.45945945946,-1.22727272727,-0.771428571429,-0.540205126416,-0.00683845365462,-0.0024453024453,-0.775980061892,-0.00297288269148,0.000681884892411,-0.237298371392,0.0468067060382,0.0236266341529,-0.00445256847662,-0.00225241684928,0,-0.00153502975775,-0.00445256847662,0,-0.0629211903264,-0.0850103556873,-285,-0.0366795366795,-0.0398404770642,0,0,0,312,3,30,987,0.912280701754,0.99696969697,0.0030303030303,0.0877192982456,0.990476190476,0.912280701754,0.949771689498,0.934756291999,0.909250398724,0.904347826087,76,103,0,0,0,0
3008,WLNM_dir_neg,0.945918559713,0.76636760588,00:00:05,10,70,35,1239447270,threshold_sweep,0.2,0.960526315789,0.708737864078,0.815642458101,73,3,30,203,0.708737864078,0.985436893204,0.0145631067961,0.291262135922,0.960526315789,0.708737864078,0.815642458101,0.893203883495,0.584681769148,0.742857142857,0.759864723495,0.694174757282,342,239,103,0,342,0,239,0,103,37,342,0.256756756757,1.72528881811,18.4864864865,15.5454545455,9.77142857143,5.36771015539,0.290358590277,0.142642642643,9.50849154237,1.02869645341,0.544491860281,8.05331334643,0.871264894205,0.461830251304,0.640599570326,0.371299902718,2,1.72528881811,0.640599570326,2,0.344071394247,0.376569037657,810,0.104247104247,0.56957682835,37,37,37,1,0,0.405405405405,0.540540540541,0.0540540540541,37,0.179429429429,1.7611763525,12.9189189189,10.8636363636,6.82857142857,3.98872284195,0.308750512871,0.16521542463,6.58531444704,1.01948382653,0.546420897885,5.93293348182,0.918487610156,0.492819179012,0.682679886231,0.387627215901,2,1.7611763525,0.682679886231,2,0.201843068329,0.175337186898,182,0.0234234234234,0.343718792988,37,37,37,1,0,0.405405405405,0.540540540541,0.0540540540541,37,315,0.236486486486,1.72375378836,17.027027027,14.3181818182,9,4.82750502898,0.283520136622,0.140197340197,8.73251148048,1.02572357072,0.545173745174,7.81601497504,0.918071600243,0.485456885457,0.636147001849,0.369047485868,2,1.72375378836,0.636147001849,2,0.281150203921,0.29155868197,525,0.0675675675676,0.529736351286,37,37,37,1,0,0.405405405405,0.540540540541,0.0540540540541,-27,-0.0202702702703,-0.00153502975775,-1.45945945946,-1.22727272727,-0.771428571429,-0.540205126416,-0.00683845365462,-0.0024453024453,-0.775980061892,-0.00297288269148,0.000681884892411,-0.237298371392,0.0468067060382,0.0236266341529,-0.00445256847662,-0.00225241684928,0,-0.00153502975775,-0.00445256847662,0,-0.0629211903264,-0.0850103556873,-285,-0.0366795366795,-0.0398404770642,0,0,0,312,3,30,987,0.912280701754,0.99696969697,0.0030303030303,0.0877192982456,0.990476190476,0.912280701754,0.949771689498,0.934756291999,0.909250398724,0.904347826087,76,103,0,0,0,0
3009,WLNM_dir_neg,0.945918559713,0.76636760588,00:00:05,10,70,35,1239447270,threshold_sweep,0.3,0.96,0.699029126214,0.808988764045,72,3,31,203,0.699029126214,0.985436893204,0.0145631067961,0.300970873786,0.96,0.699029126214,0.808988764045,0.88996763754,0.585760517799,0.734375,0.752602322884,0.684466019417,342,239,103,0,342,0,239,0,103,37,342,0.256756756757,1.72528881811,18.4864864865,15.5454545455,9.77142857143,5.36771015539,0.290358590277,0.142642642643,9.50849154237,1.02869645341,0.544491860281,8.05331334643,0.871264894205,0.461830251304,0.640599570326,0.371299902718,2,1.72528881811,0.640599570326,2,0.344071394247,0.376569037657,810,0.104247104247,0.56957682835,37,37,37,1,0,0.405405405405,0.540540540541,0.0540540540541,37,0.179429429429,1.7611763525,12.9189189189,10.8636363636,6.82857142857,3.98872284195,0.308750512871,0.16521542463,6.58531444704,1.01948382653,0.546420897885,5.93293348182,0.918487610156,0.492819179012,0.682679886231,0.387627215901,2,1.7611763525,0.682679886231,2,0.201843068329,0.175337186898,182,0.0234234234234,0.343718792988,37,37,37,1,0,0.405405405405,0.540540540541,0.0540540540541,37,314,0.235735735736,1.72266077767,16.972972973,14.2727272727,8.97142857143,4.76961730637,0.281012484611,0.137975555173,8.69106061045,1.02410586811,0.54398347392,7.83730970572,0.923504646853,0.487863659838,0.634966655808,0.368596454995,2,1.72266077767,0.634966655808,2,0.276045123883,0.284381414443,508,0.0653796653797,0.531384188046,37,37,37,1,0,0.405405405405,0.540540540541,0.0540540540541,-28,-0.021021021021,-0.0026280404446,-1.51351351351,-1.27272727273,-0.8,-0.598092849021,-0.009346105666,-0.00466708746964,-0.817430931924,-0.00459058530433,-0.000508386361554,-0.216003640711,0.0522397526479,0.0260334085342,-0.00563291451812,-0.00270344772289,0,-0.0026280404446,-0.00563291451812,0,-0.0680262703641,-0.0921876232139,-302,-0.0388674388674,-0.0381926403034,0,0,0,311,3,31,987,0.909356725146,0.99696969697,0.0030303030303,0.0906432748538,0.990445859873,0.909356725146,0.948170731707,0.932774314265,0.906326422116,0.901449275362,75,103,0,0,0,0
3010,WLNM_dir_neg,0.945918559713,0.76636760588,00:00:05,10,70,35,1239447270,threshold_sweep,0.4,0.96,0.699029126214,0.808988764045,72,3,31,203,0.699029126214,0.985436893204,0.0145631067961,0.300970873786,0.96,0.699029126214,0.808988764045,0.88996763754,0.585760517799,0.734375,0.752602322884,0.684466019417,342,239,103,0,342,0,239,0,103,37,342,0.256756756757,1.72528881811,18.4864864865,15.5454545455,9.77142857143,5.36771015539,0.290358590277,0.142642642643,9.50849154237,1.02869645341,0.544491860281,8.05331334643,0.871264894205,0.461830251304,0.640599570326,0.371299902718,2,1.72528881811,0.640599570326,2,0.344071394247,0.376569037657,810,0.104247104247,0.56957682835,37,37,37,1,0,0.405405405405,0.540540540541,0.0540540540541,37,0.179429429429,1.7611763525,12.9189189189,10.8636363636,6.82857142857,3.98872284195,0.308750512871,0.16521542463,6.58531444704,1.01948382653,0.546420897885,5.93293348182,0.918487610156,0.492819179012,0.682679886231,0.387627215901,2,1.7611763525,0.682679886231,2,0.201843068329,0.175337186898,182,0.0234234234234,0.343718792988,37,37,37,1,0,0.405405405405,0.540540540541,0.0540540540541,37,314,0.235735735736,1.72266077767,16.972972973,14.2727272727,8.97142857143,4.76961730637,0.281012484611,0.137975555173,8.69106061045,1.02410586811,0.54398347392,7.83730970572,0.923504646853,0.487863659838,0.634966655808,0.368596454995,2,1.72266077767,0.634966655808,2,0.276045123883,0.284381414443,508,0.0653796653797,0.531384188046,37,37,37,1,0,0.405405405405,0.540540540541,0.0540540540541,-28,-0.021021021021,-0.0026280404446,-1.51351351351,-1.27272727273,-0.8,-0.598092849021,-0.009346105666,-0.00466708746964,-0.817430931924,-0.00459058530433,-0.000508386361554,-0.216003640711,0.0522397526479,0.0260334085342,-0.00563291451812,-0.00270344772289,0,-0.0026280404446,-0.00563291451812,0,-0.0680262703641,-0.0921876232139,-302,-0.0388674388674,-0.0381926403034,0,0,0,311,3,31,987,0.909356725146,0.99696969697,0.0030303030303,0.0906432748538,0.990445859873,0.909356725146,0.948170731707,0.932774314265,0.906326422116,0.901449275362,75,103,0,0,0,0
3011,WLNM_dir_neg,0.945918559713,0.76636760588,00:00:05,10,70,35,1239447270,threshold_sweep,0.5,0.96,0.699029126214,0.808988764045,72,3,31,203,0.699029126214,0.985436893204,0.0145631067961,0.300970873786,0.96,0.699029126214,0.808988764045,0.88996763754,0.585760517799,0.734375,0.752602322884,0.684466019417,342,239,103,0,342,0,239,0,103,37,342,0.256756756757,1.72528881811,18.4864864865,15.5454545455,9.77142857143,5.36771015539,0.290358590277,0.142642642643,9.50849154237,1.02869645341,0.544491860281,8.05331334643,0.871264894205,0.461830251304,0.640599570326,0.371299902718,2,1.72528881811,0.640599570326,2,0.344071394247,0.376569037657,810,0.104247104247,0.56957682835,37,37,37,1,0,0.405405405405,0.540540540541,0.0540540540541,37,0.179429429429,1.7611763525,12.9189189189,10.8636363636,6.82857142857,3.98872284195,0.308750512871,0.16521542463,6.58531444704,1.01948382653,0.546420897885,5.93293348182,0.918487610156,0.492819179012,0.682679886231,0.387627215901,2,1.7611763525,0.682679886231,2,0.201843068329,0.175337186898,182,0.0234234234234,0.343718792988,37,37,37,1,0,0.405405405405,0.540540540541,0.0540540540541,37,314,0.235735735736,1.72266077767,16.972972973,14.2727272727,8.97142857143,4.76961730637,0.281012484611,0.137975555173,8.69106061045,1.02410586811,0.54398347392,7.83730970572,0.923504646853,0.487863659838,0.634966655808,0.368596454995,2,1.72266077767,0.634966655808,2,0.276045123883,0.284381414443,508,0.0653796653797,0.531384188046,37,37,37,1,0,0.405405405405,0.540540540541,0.0540540540541,-28,-0.021021021021,-0.0026280404446,-1.51351351351,-1.27272727273,-0.8,-0.598092849021,-0.009346105666,-0.00466708746964,-0.817430931924,-0.00459058530433,-0.000508386361554,-0.216003640711,0.0522397526479,0.0260334085342,-0.00563291451812,-0.00270344772289,0,-0.0026280404446,-0.00563291451812,0,-0.0680262703641,-0.0921876232139,-302,-0.0388674388674,-0.0381926403034,0,0,0,311,3,31,987,0.909356725146,0.99696969697,0.0030303030303,0.0906432748538,0.990445859873,0.909356725146,0.948170731707,0.932774314265,0.906326422116,0.901449275362,75,103,0,0,0,0
3012,WLNM_dir_neg,0.945918559713,0.76636760588,00:00:05,10,70,35,1239447270,threshold_sweep,0.6,0.959459459459,0.68932038835,0.802259887006,71,3,32,203,0.68932038835,0.985436893204,0.0145631067961,0.31067961165,0.959459459459,0.68932038835,0.802259887006,0.886731391586,0.586839266451,0.725848563969,0.745332418476,0.674757281553,342,239,103,0,342,0,239,0,103,37,342,0.256756756757,1.72528881811,18.4864864865,15.5454545455,9.77142857143,5.36771015539,0.290358590277,0.142642642643,9.50849154237,1.02869645341,0.544491860281,8.05331334643,0.871264894205,0.461830251304,0.640599570326,0.371299902718,2,1.72528881811,0.640599570326,2,0.344071394247,0.376569037657,810,0.104247104247,0.56957682835,37,37,37,1,0,0.405405405405,0.540540540541,0.0540540540541,37,0.179429429429,1.7611763525,12.9189189189,10.8636363636,6.82857142857,3.98872284195,0.308750512871,0.16521542463,6.58531444704,1.01948382653,0.546420897885,5.93293348182,0.918487610156,0.492819179012,0.682679886231,0.387627215901,2,1.7611763525,0.682679886231,2,0.201843068329,0.175337186898,182,0.0234234234234,0.343718792988,37,37,37,1,0,0.405405405405,0.540540540541,0.0540540540541,37,313,0.234984984985,1.72210217921,16.9189189189,14.2272727273,8.94285714286,4.68080227204,0.276660837165,0.13565322511,8.62681412353,1.0197831392,0.54261290044,7.85845119952,0.928954295151,0.490113116311,0.634169856395,0.36825332669,2,1.72210217921,0.634169856395,2,0.271899858819,0.277913763886,492,0.0633204633205,0.532274494198,37,37,37,1,0,0.405405405405,0.540540540541,0.0540540540541,-29,-0.0217717717718,-0.0031866389021,-1.56756756757,-1.31818181818,-0.828571428571,-0.686907883356,-0.013697753112,-0.00698941753255,-0.881677418846,-0.00891331421168,-0.00187895984096,-0.194862146913,0.0576894009462,0.0282828650073,-0.00642971393135,-0.00304657602803,0,-0.0031866389021,-0.00642971393135,0,-0.0721715354281,-0.0986552737706,-318,-0.0409266409266,-0.0373023341523,0,0,0,310,3,32,987,0.906432748538,0.99696969697,0.0030303030303,0.093567251462,0.990415335463,0.906432748538,0.946564885496,0.930792020293,0.903402445508,0.898550724638,74,103,0,0,0,0
3013,WLNM_dir_neg,0.945918559713,0.76636760588,00:00:05,10,70,35,1239447270,threshold_sweep,0.7,0.958904109589,0.679611650485,0.795454545455,70,3,33,203,0.679611650485,0.985436893204,0.0145631067961,0.320388349515,0.958904109589,0.679611650485,0.795454545455,0.883495145631,0.587918015102,0.717277486911,0.738053999105,0.665048543689,342,239,103,0,342,0,239,0,103,37,342,0.256756756757,1.72528881811,18.4864864865,15.5454545455,9.77142857143,5.36771015539,0.290358590277,0.142642642643,9.50849154237,1.02869645341,0.544491860281,8.05331334643,0.871264894205,0.461830251304,0.640599570326,0.371299902718,2,1.72528881811,0.640599570326,2,0.344071394247,0.376569037657,810,0.104247104247,0.56957682835,37,37,37,1,0,0.405405405405,0.540540540541,0.0540540540541,37,0.179429429429,1.7611763525,12.9189189189,10.8636363636,6.82857142857,3.98872284195,0.308750512871,0.16521542463,6.58531444704,1.01948382653,0.546420897885,5.93293348182,0.918487610156,0.492819179012,0.682679886231,0.387627215901,2,1.7611763525,0.682679886231,2,0.201843068329,0.175337186898,182,0.0234234234234,0.343718792988,37,37,37,1,0,0.405405405405,0.540540540541,0.0540540540541,37,312,0.234234234234,1.73609831821,16.8648648649,14.1818181818,8.91428571429,4.82563848488,0.28613561529,0.139033264033,8.64915069864,1.02570056362,0.544525294525,7.86532665332,0.932747071066,0.491164241164,0.656806961373,0.378323597508,2,1.73609831821,0.656806961373,2,0.281271568191,0.277767301527,491,0.0631917631918,0.53118539588,37,37,37,1,0,0.405405405405,0.540540540541,0.0540540540541,-30,-0.0225225225225,0.010809500094,-1.62162162162,-1.36363636364,-0.857142857143,-0.54207167051,-0.00422297498757,-0.00360937860938,-0.859340843733,-0.00299588979388,3.34342439605e-05,-0.187986693118,0.0614821768614,0.0293339898603,0.0162073910471,0.00702369479069,0,0.010809500094,0.0162073910471,0,-0.0627998260563,-0.0988017361295,-319,-0.0410553410553,-0.0383914324702,0,0,0,309,3,33,987,0.90350877193,0.99696969697,0.0030303030303,0.0964912280702,0.990384615385,0.90350877193,0.94495412844,0.928809396565,0.9004784689,0.895652173913,73,103,0,0,0,0
3014,WLNM_dir_neg,0.945918559713,0.76636760588,00:00:05,10,70,35,1239447270,threshold_sweep,0.8,0.958333333333,0.669902912621,0.788571428571,69,3,34,203,0.669902912621,0.985436893204,0.0145631067961,0.330097087379,0.958333333333,0.669902912621,0.788571428571,0.880258899676,0.588996763754,0.708661417323,0.730766027769,0.655339805825,342,239,103,0,342,0,239,0,103,37,342,0.256756756757,1.72528881811,18.4864864865,15.5454545455,9.77142857143,5.36771015539,0.290358590277,0.142642642643,9.50849154237,1.02869645341,0.544491860281,8.05331334643,0.871264894205,0.461830251304,0.640599570326,0.371299902718,2,1.72528881811,0.640599570326,2,0.344071394247,0.376569037657,810,0.104247104247,0.56957682835,37,37,37,1,0,0.405405405405,0.540540540541,0.0540540540541,37,0.179429429429,1.7611763525,12.9189189189,10.8636363636,6.82857142857,3.98872284195,0.308750512871,0.16521542463,6.58531444704,1.01948382653,0.546420897885,5.93293348182,0.918487610156,0.492819179012,0.682679886231,0.387627215901,2,1.7611763525,0.682679886231,2,0.201843068329,0.175337186898,182,0.0234234234234,0.343718792988,37,37,37,1,0,0.405405405405,0.540540540541,0.0540540540541,37,311,0.233483483483,1.73470753278,16.8108108108,14.1363636364,8.88571428571,4.84101595075,0.287970402215,0.139393412705,8.58765088646,1.02168193826,0.543147649257,7.88620264717,0.93822989693,0.493264969149,0.654955632233,0.377559686493,2,1.73470753278,0.654955632233,2,0.27716056408,0.278778683861,490,0.0630630630631,0.532131076864,37,37,37,1,0,0.405405405405,0.540540540541,0.0540540540541,-31,-0.0232732732733,0.00941871466315,-1.67567567568,-1.40909090909,-0.885714285714,-0.526694204641,-0.00238818806197,-0.00324922993733,-0.920840655913,-0.00701451515408,-0.00134421102436,-0.167110699267,0.066965002725,0.0314347178453,0.0143560619071,0.0062597837755,0,0.00941871466315,0.0143560619071,0,-0.0669108301673,-0.0977903537957,-320,-0.041184041184,-0.0374457514858,0,0,0,308,3,34,987,0.900584795322,0.99696969697,0.0030303030303,0.0994152046784,0.990353697749,0.900584795322,0.943338437979,0.926826429497,0.897554492291,0.892753623188,72,103,0,0,0,0
3015,WLNM_dir_neg,0.945918559713,0.76636760588,00:00:05,10,70,35,1239447270,threshold_sweep,0.9,0.958333333333,0.669902912621,0.788571428571,69,3,34,203,0.669902912621,0.985436893204,0.0145631067961,0.330097087379,0.958333333333,0.669902912621,0.788571428571,0.880258899676,0.588996763754,0.708661417323,0.730766027769,0.655339805825,342,239,103,0,342,0,239,0,103,37,342,0.256756756757,1.72528881811,18.4864864865,15.5454545455,9.77142857143,5.36771015539,0.290358590277,0.142642642643,9.50849154237,1.02869645341,0.544491860281,8.05331334643,0.871264894205,0.461830251304,0.640599570326,0.371299902718,2,1.72528881811,0.640599570326,2,0.344071394247,0.376569037657,810,0.104247104247,0.56957682835,37,37,37,1,0,0.405405405405,0.540540540541,0.0540540540541,37,0.179429429429,1.7611763525,12.9189189189,10.8636363636,6.82857142857,3.98872284195,0.308750512871,0.16521542463,6.58531444704,1.01948382653,0.546420897885,5.93293348182,0.918487610156,0.492819179012,0.682679886231,0.387627215901,2,1.7611763525,0.682679886231,2,0.201843068329,0.175337186898,182,0.0234234234234,0.343718792988,37,37,37,1,0,0.405405405405,0.540540540541,0.0540540540541,37,311,0.233483483483,1.73470753278,16.8108108108,14.1363636364,8.88571428571,4.84101595075,0.287970402215,0.139393412705,8.58765088646,1.02168193826,0.543147649257,7.88620264717,0.93822989693,0.493264969149,0.654955632233,0.377559686493,2,1.73470753278,0.654955632233,2,0.27716056408,0.278778683861,490,0.0630630630631,0.532131076864,37,37,37,1,0,0.405405405405,0.540540540541,0.0540540540541,-31,-0.0232732732733,0.00941871466315,-1.67567567568,-1.40909090909,-0.885714285714,-0.526694204641,-0.00238818806197,-0.00324922993733,-0.920840655913,-0.00701451515408,-0.00134421102436,-0.167110699267,0.066965002725,0.0314347178453,0.0143560619071,0.0062597837755,0,0.00941871466315,0.0143560619071,0,-0.0669108301673,-0.0977903537957,-320,-0.041184041184,-0.0374457514858,0,0,0,308,3,34,987,0.900584795322,0.99696969697,0.0030303030303,0.0994152046784,0.990353697749,0.900584795322,0.943338437979,0.926826429497,0.897554492291,0.892753623188,72,103,0,0,0,0
3016,WLNM_dir_neg,0.98786407767,0.425926085206,00:00:05,10,70,36,1239447271,threshold_sweep,0.1,0.949494949495,0.912621359223,0.930693069307,94,5,9,201,0.912621359223,0.97572815534,0.0242718446602,0.0873786407767,0.949494949495,0.912621359223,0.930693069307,0.954692556634,0.559870550162,0.897058823529,0.897447076663,0.888349514563,342,239,103,0,342,0,239,0,103,37,342,0.256756756757,1.72528881811,18.4864864865,15.5454545455,9.77142857143,5.36771015539,0.290358590277,0.142642642643,9.50849154237,1.02869645341,0.544491860281,8.05331334643,0.871264894205,0.461830251304,0.640599570326,0.371299902718,2,1.72528881811,0.640599570326,2,0.344071394247,0.376569037657,810,0.104247104247,0.56957682835,37,37,37,1,0,0.405405405405,0.540540540541,0.0540540540541,37,0.179429429429,1.76615363021,12.9189189189,10.8636363636,6.82857142857,3.75187640742,0.290417211453,0.153341626145,6.43166901872,0.995697714195,0.532624674884,5.65977323159,0.876199203217,0.475404274567,0.68926394176,0.390262732512,2,1.76615363021,0.68926394176,2,0.177062086195,0.168835393624,173,0.0222651222651,0.330129088052,37,37,37,1,0,0.405405405405,0.540540540541,0.0540540540541,37,338,0.253753753754,1.69516151508,18.2702702703,15.3636363636,9.65714285714,4.74721350226,0.259832691692,0.128498320806,9.04667576198,0.990316577495,0.529665760435,8.36049627103,0.915202254521,0.482648328802,0.5989452274,0.353326348005,1.55908629878,1.69516151508,0.5989452274,1.55908629878,0.313616313983,0.334300919207,691,0.0889317889318,0.596840465222,37,37,37,1,0,0.405405405405,0.540540540541,0.0540540540541,-4,-0.003003003003,-0.030127303038,-0.216216216216,-0.181818181818,-0.114285714286,-0.620496653134,-0.0305258985854,-0.0141443218366,-0.461815780398,-0.0383798759203,-0.0148260998463,0.307182924595,0.0439373603161,0.0208180774982,-0.0416543429258,-0.0179735547131,-0.440913701223,-0.030127303038,-0.0416543429258,-0.440913701223,-0.0304550802643,-0.0422681184503,-119,-0.0153153153153,0.0272636368725,0,0,0,333,5,9,985,0.973684210526,0.994949494949,0.00505050505051,0.0263157894737,0.985207100592,0.973684210526,0.979411764706,0.972385972341,0.968633705476,0.959654178674,99,103,0,0,0,0
3017,WLNM_dir_neg,0.98786407767,0.425926085206,00:00:05,10,70,36,1239447271,threshold_sweep,0.2,0.959183673469,0.912621359223,0.935323383085,94,4,9,202,0.912621359223,0.980582524272,0.0194174757282,0.0873786407767,0.959183673469,0.912621359223,0.935323383085,0.957928802589,0.560949298813,0.904176904177,0.904791599365,0.893203883495,342,239,103,0,342,0,239,0,103,37,342,0.256756756757,1.72528881811,18.4864864865,15.5454545455,9.77142857143,5.36771015539,0.290358590277,0.142642642643,9.50849154237,1.02869645341,0.544491860281,8.05331334643,0.871264894205,0.461830251304,0.640599570326,0.371299902718,2,1.72528881811,0.640599570326,2,0.344071394247,0.376569037657,810,0.104247104247,0.56957682835,37,37,37,1,0,0.405405405405,0.540540540541,0.0540540540541,37,0.179429429429,1.76615363021,12.9189189189,10.8636363636,6.82857142857,3.75187640742,0.290417211453,0.153341626145,6.43166901872,0.995697714195,0.532624674884,5.65977323159,0.876199203217,0.475404274567,0.68926394176,0.390262732512,2,1.76615363021,0.68926394176,2,0.177062086195,0.168835393624,173,0.0222651222651,0.330129088052,37,37,37,1,0,0.405405405405,0.540540540541,0.0540540540541,37,337,0.253003003003,1.69669277388,18.2162162162,15.3181818182,9.62857142857,4.8081824652,0.263950669454,0.12984200818,9.0608553183,0.99481200824,0.531397866709,8.32594266863,0.914124269256,0.481674552891,0.60031196032,0.353812999949,1.55909175875,1.69669277388,0.60031196032,1.55909175875,0.314713618718,0.334682642487,689,0.0886743886744,0.592213757379,37,37,37,1,0,0.405405405405,0.540540540541,0.0540540540541,-5,-0.00375375375375,-0.0285960442301,-0.27027027027,-0.227272727273,-0.142857142857,-0.559527690197,-0.0264079208227,-0.0128006344624,-0.447636224078,-0.0338844451746,-0.0130939935719,0.272629322196,0.0428593750513,0.0198443015872,-0.0402876100059,-0.0174869027686,-0.440908241252,-0.0285960442301,-0.0402876100059,-0.440908241252,-0.0293577755292,-0.0418863951699,-121,-0.0155727155727,0.0226369290289,0,0,0,333,4,9,986,0.973684210526,0.99595959596,0.0040404040404,0.0263157894737,0.988130563798,0.973684210526,0.980854197349,0.97435313603,0.969643806486,0.962427745665,98,103,0,0,0,0
3018,WLNM_dir_neg,0.98786407767,0.425926085206,00:00:05,10,70,36,1239447271,threshold_sweep,0.3,0.959183673469,0.912621359223,0.935323383085,94,4,9,202,0.912621359223,0.980582524272,0.0194174757282,0.0873786407767,0.959183673469,0.912621359223,0.935323383085,0.957928802589,0.560949298813,0.904176904177,0.904791599365,0.893203883495,342,239,103,0,342,0,239,0,103,37,342,0.256756756757,1.72528881811,18.4864864865,15.5454545455,9.77142857143,5.36771015539,0.290358590277,0.142642642643,9.50849154237,1.02869645341,0.544491860281,8.05331334643,0.871264894205,0.461830251304,0.640599570326,0.371299902718,2,1.72528881811,0.640599570326,2,0.344071394247,0.376569037657,810,0.104247104247,0.56957682835,37,37,37,1,0,0.405405405405,0.540540540541,0.0540540540541,37,0.179429429429,1.76615363021,12.9189189189,10.8636363636,6.82857142857,3.75187640742,0.290417211453,0.153341626145,6.43166901872,0.995697714195,0.532624674884,5.65977323159,0.876199203217,0.475404274567,0.68926394176,0.390262732512,2,1.76615363021,0.68926394176,2,0.177062086195,0.168835393624,173,0.0222651222651,0.330129088052,37,37,37,1,0,0.405405405405,0.540540540541,0.0540540540541,37,337,0.253003003003,1.69669277388,18.2162162162,15.3181818182,9.62857142857,4.8081824652,0.263950669454,0.12984200818,9.0608553183,0.99481200824,0.531397866709,8.32594266863,0.914124269256,0.481674552891,0.60031196032,0.353812999949,1.55909175875,1.69669277388,0.60031196032,1.55909175875,0.314713618718,0.334682642487,689,0.0886743886744,0.592213757379,37,37,37,1,0,0.405405405405,0.540540540541,0.0540540540541,-5,-0.00375375375375,-0.0285960442301,-0.27027027027,-0.227272727273,-0.142857142857,-0.559527690197,-0.0264079208227,-0.0128006344624,-0.447636224078,-0.0338844451746,-0.0130939935719,0.272629322196,0.0428593750513,0.0198443015872,-0.0402876100059,-0.0174869027686,-0.440908241252,-0.0285960442301,-0.0402876100059,-0.440908241252,-0.0293577755292,-0.0418863951699,-121,-0.0155727155727,0.0226369290289,0,0,0,333,4,9,986,0.973684210526,0.99595959596,0.0040404040404,0.0263157894737,0.988130563798,0.973684210526,0.980854197349,0.97435313603,0.969643806486,0.962427745665,98,103,0,0,0,0
3019,WLNM_dir_neg,0.98786407767,0.425926085206,00:00:05,10,70,36,1239447271,threshold_sweep,0.4,0.969072164948,0.912621359223,0.94,94,3,9,203,0.912621359223,0.985436893204,0.0145631067961,0.0873786407767,0.969072164948,0.912621359223,0.94,0.961165048544,0.562028047465,0.911330049261,0.912227022423,0.898058252427,342,239,103,0,342,0,239,0,103,37,342,0.256756756757,1.72528881811,18.4864864865,15.5454545455,9.77142857143,5.36771015539,0.290358590277,0.142642642643,9.50849154237,1.02869645341,0.544491860281,8.05331334643,0.871264894205,0.461830251304,0.640599570326,0.371299902718,2,1.72528881811,0.640599570326,2,0.344071394247,0.376569037657,810,0.104247104247,0.56957682835,37,37,37,1,0,0.405405405405,0.540540540541,0.0540540540541,37,0.179429429429,1.76615363021,12.9189189189,10.8636363636,6.82857142857,3.75187640742,0.290417211453,0.153341626145,6.43166901872,0.995697714195,0.532624674884,5.65977323159,0.876199203217,0.475404274567,0.68926394176,0.390262732512,2,1.76615363021,0.68926394176,2,0.177062086195,0.168835393624,173,0.0222651222651,0.330129088052,37,37,37,1,0,0.405405405405,0.540540540541,0.0540540540541,37,336,0.252252252252,1.6992448719,18.1621621622,15.2727272727,9.6,4.8734741972,0.268331168596,0.131113256113,9.07799041142,0.999659658401,0.53314028314,8.29115451811,0.913014039197,0.480534105534,0.602831979531,0.354764630749,1.5591008587,1.6992448719,0.602831979531,1.5591008587,0.315682223325,0.335013003901,687,0.088416988417,0.587659199607,37,37,37,1,0,0.405405405405,0.540540540541,0.0540540540541,-6,-0.0045045045045,-0.0260439462169,-0.324324324324,-0.272727272727,-0.171428571429,-0.494235958196,-0.0220274216814,-0.0115293865294,-0.43050113095,-0.0290367950139,-0.0113515771411,0.23784117168,0.0417491449922,0.0187038542302,-0.0377675907952,-0.0165352719688,-0.440899141301,-0.0260439462169,-0.0377675907952,-0.440899141301,-0.0283891709228,-0.0415560337557,-123,-0.0158301158301,0.0180823712574,0,0,0,333,3,9,987,0.973684210526,0.99696969697,0.0030303030303,0.0263157894737,0.991071428571,0.973684210526,0.982300884956,0.97632801133,0.970653907496,0.965217391304,97,103,0,0,0,0
3020,WLNM_dir_neg,0.98786407767,0.425926085206,00:00:05,10,70,36,1239447271,threshold_sweep,0.5,0.989473684211,0.912621359223,0.949494949495,94,1,9,205,0.912621359223,0.995145631068,0.00485436893204,0.0873786407767,0.989473684211,0.912621359223,0.949494949495,0.967637540453,0.564185544768,0.925742574257,0.927380413786,0.907766990291,342,239,103,0,342,0,239,0,103,37,342,0.256756756757,1.72528881811,18.4864864865,15.5454545455,9.77142857143,5.36771015539,0.290358590277,0.142642642643,9.50849154237,1.02869645341,0.544491860281,8.05331334643,0.871264894205,0.461830251304,0.640599570326,0.371299902718,2,1.72528881811,0.640599570326,2,0.344071394247,0.376569037657,810,0.104247104247,0.56957682835,37,37,37,1,0,0.405405405405,0.540540540541,0.0540540540541,37,0.179429429429,1.76615363021,12.9189189189,10.8636363636,6.82857142857,3.75187640742,0.290417211453,0.153341626145,6.43166901872,0.995697714195,0.532624674884,5.65977323159,0.876199203217,0.475404274567,0.68926394176,0.390262732512,2,1.76615363021,0.68926394176,2,0.177062086195,0.168835393624,173,0.0222651222651,0.330129088052,37,37,37,1,0,0.405405405405,0.540540540541,0.0540540540541,37,334,0.250750750751,1.719661656,18.0540540541,15.1818181818,9.54285714286,5.01633966789,0.277851149269,0.133435831041,9.12105770696,1.01041657233,0.536818255381,8.22086264224,0.91069436456,0.477747208286,0.633379589431,0.368316399462,2,1.719661656,0.633379589431,2,0.311313126231,0.335516620272,683,0.0879021879022,0.579199434714,37,37,37,1,0,0.405405405405,0.540540540541,0.0540540540541,-8,-0.00600600600601,-0.00562716211185,-0.432432432432,-0.363636363636,-0.228571428571,-0.351370487502,-0.0125074410077,-0.00920681160202,-0.387433835415,-0.0182798810869,-0.0076736049002,0.167549295806,0.0394294703547,0.0159169569822,-0.00721998089498,-0.00298350325621,0,-0.00562716211185,-0.00721998089498,0,-0.0327582680164,-0.0410524173851,-127,-0.0163449163449,0.00962260636384,0,0,0,333,1,9,989,0.973684210526,0.99898989899,0.0010101010101,0.0263157894737,0.997005988024,0.973684210526,0.985207100592,0.980301127908,0.972674109516,0.97084548105,95,103,0,0,0,0
3021,WLNM_dir_neg,0.98786407767,0.425926085206,00:00:05,10,70,36,1239447271,threshold_sweep,0.6,0.989473684211,0.912621359223,0.949494949495,94,1,9,205,0.912621359223,0.995145631068,0.00485436893204,0.0873786407767,0.989473684211,0.912621359223,0.949494949495,0.967637540453,0.564185544768,0.925742574257,0.927380413786,0.907766990291,342,239,103,0,342,0,239,0,103,37,342,0.256756756757,1.72528881811,18.4864864865,15.5454545455,9.77142857143,5.36771015539,0.290358590277,0.142642642643,9.50849154237,1.02869645341,0.544491860281,8.05331334643,0.871264894205,0.461830251304,0.640599570326,0.371299902718,2,1.72528881811,0.640599570326,2,0.344071394247,0.376569037657,810,0.104247104247,0.56957682835,37,37,37,1,0,0.405405405405,0.540540540541,0.0540540540541,37,0.179429429429,1.76615363021,12.9189189189,10.8636363636,6.82857142857,3.75187640742,0.290417211453,0.153341626145,6.43166901872,0.995697714195,0.532624674884,5.65977323159,0.876199203217,0.475404274567,0.68926394176,0.390262732512,2,1.76615363021,0.68926394176,2,0.177062086195,0.168835393624,173,0.0222651222651,0.330129088052,37,37,37,1,0,0.405405405405,0.540540540541,0.0540540540541,37,334,0.250750750751,1.719661656,18.0540540541,15.1818181818,9.54285714286,5.01633966789,0.277851149269,0.133435831041,9.12105770696,1.01041657233,0.536818255381,8.22086264224,0.91069436456,0.477747208286,0.633379589431,0.368316399462,2,1.719661656,0.633379589431,2,0.311313126231,0.335516620272,683,0.0879021879022,0.579199434714,37,37,37,1,0,0.405405405405,0.540540540541,0.0540540540541,-8,-0.00600600600601,-0.00562716211185,-0.432432432432,-0.363636363636,-0.228571428571,-0.351370487502,-0.0125074410077,-0.00920681160202,-0.387433835415,-0.0182798810869,-0.0076736049002,0.167549295806,0.0394294703547,0.0159169569822,-0.00721998089498,-0.00298350325621,0,-0.00562716211185,-0.00721998089498,0,-0.0327582680164,-0.0410524173851,-127,-0.0163449163449,0.00962260636384,0,0,0,333,1,9,989,0.973684210526,0.99898989899,0.0010101010101,0.0263157894737,0.997005988024,0.973684210526,0.985207100592,0.980301127908,0.972674109516,0.97084548105,95,103,0,0,0,0
3022,WLNM_dir_neg,0.98786407767,0.425926085206,00:00:05,10,70,36,1239447271,threshold_sweep,0.7,0.989473684211,0.912621359223,0.949494949495,94,1,9,205,0.912621359223,0.995145631068,0.00485436893204,0.0873786407767,0.989473684211,0.912621359223,0.949494949495,0.967637540453,0.564185544768,0.925742574257,0.927380413786,0.907766990291,342,239,103,0,342,0,239,0,103,37,342,0.256756756757,1.72528881811,18.4864864865,15.5454545455,9.77142857143,5.36771015539,0.290358590277,0.142642642643,9.50849154237,1.02869645341,0.544491860281,8.05331334643,0.871264894205,0.461830251304,0.640599570326,0.371299902718,2,1.72528881811,0.640599570326,2,0.344071394247,0.376569037657,810,0.104247104247,0.56957682835,37,37,37,1,0,0.405405405405,0.540540540541,0.0540540540541,37,0.179429429429,1.76615363021,12.9189189189,10.8636363636,6.82857142857,3.75187640742,0.290417211453,0.153341626145,6.43166901872,0.995697714195,0.532624674884,5.65977323159,0.876199203217,0.475404274567,0.68926394176,0.390262732512,2,1.76615363021,0.68926394176,2,0.177062086195,0.168835393624,173,0.0222651222651,0.330129088052,37,37,37,1,0,0.405405405405,0.540540540541,0.0540540540541,37,334,0.250750750751,1.719661656,18.0540540541,15.1818181818,9.54285714286,5.01633966789,0.277851149269,0.133435831041,9.12105770696,1.01041657233,0.536818255381,8.22086264224,0.91069436456,0.477747208286,0.633379589431,0.368316399462,2,1.719661656,0.633379589431,2,0.311313126231,0.335516620272,683,0.0879021879022,0.579199434714,37,37,37,1,0,0.405405405405,0.540540540541,0.0540540540541,-8,-0.00600600600601,-0.00562716211185,-0.432432432432,-0.363636363636,-0.228571428571,-0.351370487502,-0.0125074410077,-0.00920681160202,-0.387433835415,-0.0182798810869,-0.0076736049002,0.167549295806,0.0394294703547,0.0159169569822,-0.00721998089498,-0.00298350325621,0,-0.00562716211185,-0.00721998089498,0,-0.0327582680164,-0.0410524173851,-127,-0.0163449163449,0.00962260636384,0,0,0,333,1,9,989,0.973684210526,0.99898989899,0.0010101010101,0.0263157894737,0.997005988024,0.973684210526,0.985207100592,0.980301127908,0.972674109516,0.97084548105,95,103,0,0,0,0
3023,WLNM_dir_neg,0.98786407767,0.425926085206,00:00:05,10,70,36,1239447271,threshold_sweep,0.8,0.989473684211,0.912621359223,0.949494949495,94,1,9,205,0.912621359223,0.995145631068,0.00485436893204,0.0873786407767,0.989473684211,0.912621359223,0.949494949495,0.967637540453,0.564185544768,0.925742574257,0.927380413786,0.907766990291,342,239,103,0,342,0,239,0,103,37,342,0.256756756757,1.72528881811,18.4864864865,15.5454545455,9.77142857143,5.36771015539,0.290358590277,0.142642642643,9.50849154237,1.02869645341,0.544491860281,8.05331334643,0.871264894205,0.461830251304,0.640599570326,0.371299902718,2,1.72528881811,0.640599570326,2,0.344071394247,0.376569037657,810,0.104247104247,0.56957682835,37,37,37,1,0,0.405405405405,0.540540540541,0.0540540540541,37,0.179429429429,1.76615363021,12.9189189189,10.8636363636,6.82857142857,3.75187640742,0.290417211453,0.153341626145,6.43166901872,0.995697714195,0.532624674884,5.65977323159,0.876199203217,0.475404274567,0.68926394176,0.390262732512,2,1.76615363021,0.68926394176,2,0.177062086195,0.168835393624,173,0.0222651222651,0.330129088052,37,37,37,1,0,0.405405405405,0.540540540541,0.0540540540541,37,334,0.250750750751,1.719661656,18.0540540541,15.1818181818,9.54285714286,5.01633966789,0.277851149269,0.133435831041,9.12105770696,1.01041657233,0.536818255381,8.22086264224,0.91069436456,0.477747208286,0.633379589431,0.368316399462,2,1.719661656,0.633379589431,2,0.311313126231,0.335516620272,683,0.0879021879022,0.579199434714,37,37,37,1,0,0.405405405405,0.540540540541,0.0540540540541,-8,-0.00600600600601,-0.00562716211185,-0.432432432432,-0.363636363636,-0.228571428571,-0.351370487502,-0.0125074410077,-0.00920681160202,-0.387433835415,-0.0182798810869,-0.0076736049002,0.167549295806,0.0394294703547,0.0159169569822,-0.00721998089498,-0.00298350325621,0,-0.00562716211185,-0.00721998089498,0,-0.0327582680164,-0.0410524173851,-127,-0.0163449163449,0.00962260636384,0,0,0,333,1,9,989,0.973684210526,0.99898989899,0.0010101010101,0.0263157894737,0.997005988024,0.973684210526,0.985207100592,0.980301127908,0.972674109516,0.97084548105,95,103,0,0,0,0
3024,WLNM_dir_neg,0.98786407767,0.425926085206,00:00:05,10,70,36,1239447271,threshold_sweep,0.9,0.989473684211,0.912621359223,0.949494949495,94,1,9,205,0.912621359223,0.995145631068,0.00485436893204,0.0873786407767,0.989473684211,0.912621359223,0.949494949495,0.967637540453,0.564185544768,0.925742574257,0.927380413786,0.907766990291,342,239,103,0,342,0,239,0,103,37,342,0.256756756757,1.72528881811,18.4864864865,15.5454545455,9.77142857143,5.36771015539,0.290358590277,0.142642642643,9.50849154237,1.02869645341,0.544491860281,8.05331334643,0.871264894205,0.461830251304,0.640599570326,0.371299902718,2,1.72528881811,0.640599570326,2,0.344071394247,0.376569037657,810,0.104247104247,0.56957682835,37,37,37,1,0,0.405405405405,0.540540540541,0.0540540540541,37,0.179429429429,1.76615363021,12.9189189189,10.8636363636,6.82857142857,3.75187640742,0.290417211453,0.153341626145,6.43166901872,0.995697714195,0.532624674884,5.65977323159,0.876199203217,0.475404274567,0.68926394176,0.390262732512,2,1.76615363021,0.68926394176,2,0.177062086195,0.168835393624,173,0.0222651222651,0.330129088052,37,37,37,1,0,0.405405405405,0.540540540541,0.0540540540541,37,334,0.250750750751,1.719661656,18.0540540541,15.1818181818,9.54285714286,5.01633966789,0.277851149269,0.133435831041,9.12105770696,1.01041657233,0.536818255381,8.22086264224,0.91069436456,0.477747208286,0.633379589431,0.368316399462,2,1.719661656,0.633379589431,2,0.311313126231,0.335516620272,683,0.0879021879022,0.579199434714,37,37,37,1,0,0.405405405405,0.540540540541,0.0540540540541,-8,-0.00600600600601,-0.00562716211185,-0.432432432432,-0.363636363636,-0.228571428571,-0.351370487502,-0.0125074410077,-0.00920681160202,-0.387433835415,-0.0182798810869,-0.0076736049002,0.167549295806,0.0394294703547,0.0159169569822,-0.00721998089498,-0.00298350325621,0,-0.00562716211185,-0.00721998089498,0,-0.0327582680164,-0.0410524173851,-127,-0.0163449163449,0.00962260636384,0,0,0,333,1,9,989,0.973684210526,0.99898989899,0.0010101010101,0.0263157894737,0.997005988024,0.973684210526,0.985207100592,0.980301127908,0.972674109516,0.97084548105,95,103,0,0,0,0
3025,WLNM_dir_neg,0.961989819964,0.686496542481,00:00:05,10,70,37,1239447272,threshold_sweep,0.1,0.976470588235,0.805825242718,0.882978723404,83,2,20,204,0.805825242718,0.990291262136,0.00970873786408,0.194174757282,0.976470588235,0.805825242718,0.882978723404,0.928802588997,0.574973031284,0.832487309645,0.840418063233,0.796116504854,342,239,103,0,342,0,239,0,103,37,342,0.256756756757,1.72528881811,18.4864864865,15.5454545455,9.77142857143,5.36771015539,0.290358590277,0.142642642643,9.50849154237,1.02869645341,0.544491860281,8.05331334643,0.871264894205,0.461830251304,0.640599570326,0.371299902718,2,1.72528881811,0.640599570326,2,0.344071394247,0.376569037657,810,0.104247104247,0.56957682835,37,37,37,1,0,0.405405405405,0.540540540541,0.0540540540541,37,0.179429429429,1.77482608679,12.9189189189,10.8636363636,6.82857142857,4.41825995399,0.341999201459,0.17833314486,6.86211254561,1.06233541501,0.56496664028,5.76673696775,0.892758442707,0.476535112518,0.698426667518,0.393518369329,2,1.77482608679,0.698426667518,2,0.207441586015,0.19641170916,208,0.0267696267696,0.328938304792,37,37,37,1,0,0.405405405405,0.540540540541,0.0540540540541,37,324,0.243243243243,1.95276092305,17.5135135135,14.0869565217,9.25714285714,4.72359103991,0.269711216785,0.126543209877,8.70633678997,0.994242164286,0.524524524525,8.15272757836,0.931021359257,0.485485485485,0.835662701159,0.427939074002,3,1.95276092305,0.835662701159,3,0.281783987411,0.288971367975,545,0.0701415701416,0.52644385164,37,37,37,1,0,0.378378378378,0.567567567568,0.0540540540541,-18,-0.0135135135135,0.227472104939,-0.972972972973,-1.45849802372,-0.514285714286,-0.644119115484,-0.0206473734922,-0.0160994327661,-0.80215475241,-0.0344542891287,-0.0199673357568,0.0994142319267,0.0597564650524,0.0236552341815,0.195063130833,0.0566391712843,1,0.227472104939,0.195063130833,1,-0.0622874068364,-0.0875976696824,-265,-0.0341055341055,-0.0431329767097,-0.027027027027,0.027027027027,0,322,2,20,988,0.941520467836,0.99797979798,0.0020202020202,0.0584795321637,0.993827160494,0.941520467836,0.966966966967,0.95658768713,0.939500265816,0.936046511628,85,103,0,0,0,0
3026,WLNM_dir_neg,0.961989819964,0.686496542481,00:00:05,10,70,37,1239447272,threshold_sweep,0.2,0.987951807229,0.796116504854,0.881720430108,82,1,21,205,0.796116504854,0.995145631068,0.00485436893204,0.203883495146,0.987951807229,0.796116504854,0.881720430108,0.928802588997,0.577130528587,0.831632653061,0.841548869296,0.791262135922,342,239,103,0,342,0,239,0,103,37,342,0.256756756757,1.72528881811,18.4864864865,15.5454545455,9.77142857143,5.36771015539,0.290358590277,0.142642642643,9.50849154237,1.02869645341,0.544491860281,8.05331334643,0.871264894205,0.461830251304,0.640599570326,0.371299902718,2,1.72528881811,0.640599570326,2,0.344071394247,0.376569037657,810,0.104247104247,0.56957682835,37,37,37,1,0,0.405405405405,0.540540540541,0.0540540540541,37,0.179429429429,1.77482608679,12.9189189189,10.8636363636,6.82857142857,4.41825995399,0.341999201459,0.17833314486,6.86211254561,1.06233541501,0.56496664028,5.76673696775,0.892758442707,0.476535112518,0.698426667518,0.393518369329,2,1.77482608679,0.698426667518,2,0.207441586015,0.19641170916,208,0.0267696267696,0.328938304792,37,37,37,1,0,0.405405405405,0.540540540541,0.0540540540541,37,322,0.241741741742,1.79901521008,17.4054054054,14.6363636364,9.2,4.69905108305,0.26997653738,0.125146886016,8.70461201147,1.00021939262,0.526103743495,8.16450605727,0.93815752832,0.487997314084,0.76169341239,0.423394648429,3,1.79901521008,0.76169341239,3,0.280557180605,0.287364492625,539,0.0693693693694,0.575449618497,37,37,37,1,0,0.405405405405,0.540540540541,0.0540540540541,-20,-0.015015015015,0.0737263919654,-1.08108108108,-0.909090909091,-0.571428571429,-0.668659072347,-0.0203820528971,-0.0174957566262,-0.803879530902,-0.0284770607922,-0.0183881167863,0.111192710833,0.0668926341147,0.0261670627803,0.121093842064,0.0520947457108,1,0.0737263919654,0.121093842064,1,-0.063514213642,-0.0892045450321,-271,-0.0348777348777,0.00587279014742,0,0,0,321,1,21,989,0.938596491228,0.99898989899,0.0010101010101,0.0614035087719,0.996894409938,0.938596491228,0.96686746988,0.95665054265,0.937586390218,0.935860058309,83,103,0,0,0,0
3027,WLNM_dir_neg,0.961989819964,0.686496542481,00:00:05,10,70,37,1239447272,threshold_sweep,0.3,1,0.747572815534,0.855555555556,77,0,26,206,0.747572815534,1,0,0.252427184466,1,0.747572815534,0.855555555556,0.915857605178,0.583603020496,0.79792746114,0.814734989704,0.747572815534,342,239,103,0,342,0,239,0,103,37,342,0.256756756757,1.72528881811,18.4864864865,15.5454545455,9.77142857143,5.36771015539,0.290358590277,0.142642642643,9.50849154237,1.02869645341,0.544491860281,8.05331334643,0.871264894205,0.461830251304,0.640599570326,0.371299902718,2,1.72528881811,0.640599570326,2,0.344071394247,0.376569037657,810,0.104247104247,0.56957682835,37,37,37,1,0,0.405405405405,0.540540540541,0.0540540540541,37,0.179429429429,1.77482608679,12.9189189189,10.8636363636,6.82857142857,4.41825995399,0.341999201459,0.17833314486,6.86211254561,1.06233541501,0.56496664028,5.76673696775,0.892758442707,0.476535112518,0.698426667518,0.393518369329,2,1.77482608679,0.698426667518,2,0.207441586015,0.19641170916,208,0.0267696267696,0.328938304792,37,37,37,1,0,0.405405405405,0.540540540541,0.0540540540541,37,316,0.237237237237,1.71392361469,17.0810810811,14.3636363636,9.02857142857,4.9237428084,0.288257094795,0.137615463565,8.66536719295,1.01461577892,0.535579883681,8.02632680134,0.939791429271,0.492473486144,0.628169967852,0.366509897213,2,1.71392361469,0.628169967852,2,0.283821435572,0.292389122103,534,0.0687258687259,0.554211377901,37,37,37,1,0,0.405405405405,0.540540540541,0.0540540540541,-26,-0.0195195195195,-0.0113652034255,-1.40540540541,-1.18181818182,-0.742857142857,-0.443967346996,-0.00210149548172,-0.00502717907781,-0.843124349428,-0.0140806744939,-0.00891197660018,-0.0269865450934,0.068526535066,0.0306432348404,-0.0124296024744,-0.00479000550423,0,-0.0113652034255,-0.0124296024744,0,-0.0602499586749,-0.0841799155543,-276,-0.0355212355212,-0.0153654504487,0,0,0,316,0,26,990,0.923976608187,1,0,0.0760233918129,1,0.923976608187,0.960486322188,0.948858017569,0.923976608187,0.923976608187,77,103,0,0,0,0
3028,WLNM_dir_neg,0.961989819964,0.686496542481,00:00:05,10,70,37,1239447272,threshold_sweep,0.4,1,0.747572815534,0.855555555556,77,0,26,206,0.747572815534,1,0,0.252427184466,1,0.747572815534,0.855555555556,0.915857605178,0.583603020496,0.79792746114,0.814734989704,0.747572815534,342,239,103,0,342,0,239,0,103,37,342,0.256756756757,1.72528881811,18.4864864865,15.5454545455,9.77142857143,5.36771015539,0.290358590277,0.142642642643,9.50849154237,1.02869645341,0.544491860281,8.05331334643,0.871264894205,0.461830251304,0.640599570326,0.371299902718,2,1.72528881811,0.640599570326,2,0.344071394247,0.376569037657,810,0.104247104247,0.56957682835,37,37,37,1,0,0.405405405405,0.540540540541,0.0540540540541,37,0.179429429429,1.77482608679,12.9189189189,10.8636363636,6.82857142857,4.41825995399,0.341999201459,0.17833314486,6.86211254561,1.06233541501,0.56496664028,5.76673696775,0.892758442707,0.476535112518,0.698426667518,0.393518369329,2,1.77482608679,0.698426667518,2,0.207441586015,0.19641170916,208,0.0267696267696,0.328938304792,37,37,37,1,0,0.405405405405,0.540540540541,0.0540540540541,37,316,0.237237237237,1.71392361469,17.0810810811,14.3636363636,9.02857142857,4.9237428084,0.288257094795,0.137615463565,8.66536719295,1.01461577892,0.535579883681,8.02632680134,0.939791429271,0.492473486144,0.628169967852,0.366509897213,2,1.71392361469,0.628169967852,2,0.283821435572,0.292389122103,534,0.0687258687259,0.554211377901,37,37,37,1,0,0.405405405405,0.540540540541,0.0540540540541,-26,-0.0195195195195,-0.0113652034255,-1.40540540541,-1.18181818182,-0.742857142857,-0.443967346996,-0.00210149548172,-0.00502717907781,-0.843124349428,-0.0140806744939,-0.00891197660018,-0.0269865450934,0.068526535066,0.0306432348404,-0.0124296024744,-0.00479000550423,0,-0.0113652034255,-0.0124296024744,0,-0.0602499586749,-0.0841799155543,-276,-0.0355212355212,-0.0153654504487,0,0,0,316,0,26,990,0.923976608187,1,0,0.0760233918129,1,0.923976608187,0.960486322188,0.948858017569,0.923976608187,0.923976608187,77,103,0,0,0,0
3029,WLNM_dir_neg,0.961989819964,0.686496542481,00:00:05,10,70,37,1239447272,threshold_sweep,0.5,1,0.718446601942,0.83615819209,74,0,29,206,0.718446601942,1,0,0.281553398058,1,0.718446601942,0.83615819209,0.906148867314,0.586839266451,0.772845953003,0.793591352046,0.718446601942,342,239,103,0,342,0,239,0,103,37,342,0.256756756757,1.72528881811,18.4864864865,15.5454545455,9.77142857143,5.36771015539,0.290358590277,0.142642642643,9.50849154237,1.02869645341,0.544491860281,8.05331334643,0.871264894205,0.461830251304,0.640599570326,0.371299902718,2,1.72528881811,0.640599570326,2,0.344071394247,0.376569037657,810,0.104247104247,0.56957682835,37,37,37,1,0,0.405405405405,0.540540540541,0.0540540540541,37,0.179429429429,1.77482608679,12.9189189189,10.8636363636,6.82857142857,4.41825995399,0.341999201459,0.17833314486,6.86211254561,1.06233541501,0.56496664028,5.76673696775,0.892758442707,0.476535112518,0.698426667518,0.393518369329,2,1.77482608679,0.698426667518,2,0.207441586015,0.19641170916,208,0.0267696267696,0.328938304792,37,37,37,1,0,0.405405405405,0.540540540541,0.0540540540541,37,313,0.234984984985,1.71613985525,16.9189189189,14.2272727273,8.94285714286,4.87840125439,0.288340010243,0.138243674985,8.57837913528,1.01405759746,0.533632674208,7.92532717374,0.936859761752,0.492185476211,0.630893671017,0.36762369284,2,1.71613985525,0.630893671017,2,0.280534163923,0.286485480268,513,0.0660231660232,0.544079954807,37,37,37,1,0,0.405405405405,0.540540540541,0.0540540540541,-29,-0.0217717717718,-0.0091489628654,-1.56756756757,-1.31818181818,-0.828571428571,-0.489308901007,-0.00201858003384,-0.00439896765775,-0.930112407096,-0.0146388559537,-0.0108591860736,-0.127986172695,0.0655948675471,0.0303552249071,-0.00970589930887,-0.00367620987747,0,-0.0091489628654,-0.00970589930887,0,-0.0635372303239,-0.0900835573888,-297,-0.0382239382239,-0.0254968735427,0,0,0,313,0,29,990,0.915204678363,1,0,0.0847953216374,1,0.915204678363,0.95572519084,0.94295207611,0.915204678363,0.915204678363,74,103,0,0,0,0
3030,WLNM_dir_neg,0.961989819964,0.686496542481,00:00:05,10,70,37,1239447272,threshold_sweep,0.6,1,0.708737864078,0.829545454545,73,0,30,206,0.708737864078,1,0,0.291262135922,1,0.708737864078,0.829545454545,0.902912621359,0.587918015102,0.764397905759,0.786539298317,0.708737864078,342,239,103,0,342,0,239,0,103,37,342,0.256756756757,1.72528881811,18.4864864865,15.5454545455,9.77142857143,5.36771015539,0.290358590277,0.142642642643,9.50849154237,1.02869645341,0.544491860281,8.05331334643,0.871264894205,0.461830251304,0.640599570326,0.371299902718,2,1.72528881811,0.640599570326,2,0.344071394247,0.376569037657,810,0.104247104247,0.56957682835,37,37,37,1,0,0.405405405405,0.540540540541,0.0540540540541,37,0.179429429429,1.77482608679,12.9189189189,10.8636363636,6.82857142857,4.41825995399,0.341999201459,0.17833314486,6.86211254561,1.06233541501,0.56496664028,5.76673696775,0.892758442707,0.476535112518,0.698426667518,0.393518369329,2,1.77482608679,0.698426667518,2,0.207441586015,0.19641170916,208,0.0267696267696,0.328938304792,37,37,37,1,0,0.405405405405,0.540540540541,0.0540540540541,37,312,0.234234234234,1.71648994591,16.8648648649,14.1818181818,8.91428571429,4.92816261773,0.292214770603,0.139033264033,8.5457609392,1.01343959856,0.532571032571,7.93564581332,0.941086202221,0.493243243243,0.631185910196,0.367718967244,2,1.71648994591,0.631185910196,2,0.2796160209,0.28664921466,511,0.0657657657658,0.545251542816,37,37,37,1,0,0.405405405405,0.540540540541,0.0540540540541,-30,-0.0225225225225,-0.00879887220114,-1.62162162162,-1.36363636364,-0.857142857143,-0.439547537664,0.00185618032543,-0.00360937860938,-0.96273060317,-0.0152568548553,-0.0119208277103,-0.117667533114,0.0698213080159,0.0314129919393,-0.00941366013038,-0.00358093547399,0,-0.00879887220114,-0.00941366013038,0,-0.0644553733474,-0.0899198229972,-299,-0.0384813384813,-0.0243252855341,0,0,0,312,0,30,990,0.912280701754,1,0,0.0877192982456,1,0.912280701754,0.954128440367,0.940982952241,0.912280701754,0.912280701754,73,103,0,0,0,0
3031,WLNM_dir_neg,0.961989819964,0.686496542481,00:00:05,10,70,37,1239447272,threshold_sweep,0.7,1,0.699029126214,0.822857142857,72,0,31,206,0.699029126214,1,0,0.300970873786,1,0.699029126214,0.822857142857,0.899676375405,0.588996763754,0.755905511811,0.779483762954,0.699029126214,342,239,103,0,342,0,239,0,103,37,342,0.256756756757,1.72528881811,18.4864864865,15.5454545455,9.77142857143,5.36771015539,0.290358590277,0.142642642643,9.50849154237,1.02869645341,0.544491860281,8.05331334643,0.871264894205,0.461830251304,0.640599570326,0.371299902718,2,1.72528881811,0.640599570326,2,0.344071394247,0.376569037657,810,0.104247104247,0.56957682835,37,37,37,1,0,0.405405405405,0.540540540541,0.0540540540541,37,0.179429429429,1.77482608679,12.9189189189,10.8636363636,6.82857142857,4.41825995399,0.341999201459,0.17833314486,6.86211254561,1.06233541501,0.56496664028,5.76673696775,0.892758442707,0.476535112518,0.698426667518,0.393518369329,2,1.77482608679,0.698426667518,2,0.207441586015,0.19641170916,208,0.0267696267696,0.328938304792,37,37,37,1,0,0.405405405405,0.540540540541,0.0540540540541,37,311,0.233483483483,1.71556185098,16.8108108108,14.1363636364,8.88571428571,4.920692351,0.292709995156,0.139741027201,8.5227129857,1.0139562073,0.532545407143,7.95284526115,0.946158439429,0.494829234379,0.630014943904,0.367235342487,2,1.71556185098,0.630014943904,2,0.27649182768,0.282273240497,500,0.0643500643501,0.546114551352,37,37,37,1,0,0.405405405405,0.540540540541,0.0540540540541,-31,-0.0232732732733,-0.00972696713143,-1.67567567568,-1.40909090909,-0.885714285714,-0.447017804391,0.00235140487897,-0.00290161544181,-0.985778556674,-0.0147402461128,-0.0119464531379,-0.100468085287,0.0748935452242,0.0329989830751,-0.0105846264221,-0.0040645602305,0,-0.00972696713143,-0.0105846264221,0,-0.0675795665671,-0.0942957971601,-310,-0.039897039897,-0.0234622769982,0,0,0,311,0,31,990,0.909356725146,1,0,0.0906432748538,1,0.909356725146,0.952526799387,0.939013568474,0.909356725146,0.909356725146,72,103,0,0,0,0
3032,WLNM_dir_neg,0.961989819964,0.686496542481,00:00:05,10,70,37,1239447272,threshold_sweep,0.8,1,0.699029126214,0.822857142857,72,0,31,206,0.699029126214,1,0,0.300970873786,1,0.699029126214,0.822857142857,0.899676375405,0.588996763754,0.755905511811,0.779483762954,0.699029126214,342,239,103,0,342,0,239,0,103,37,342,0.256756756757,1.72528881811,18.4864864865,15.5454545455,9.77142857143,5.36771015539,0.290358590277,0.142642642643,9.50849154237,1.02869645341,0.544491860281,8.05331334643,0.871264894205,0.461830251304,0.640599570326,0.371299902718,2,1.72528881811,0.640599570326,2,0.344071394247,0.376569037657,810,0.104247104247,0.56957682835,37,37,37,1,0,0.405405405405,0.540540540541,0.0540540540541,37,0.179429429429,1.77482608679,12.9189189189,10.8636363636,6.82857142857,4.41825995399,0.341999201459,0.17833314486,6.86211254561,1.06233541501,0.56496664028,5.76673696775,0.892758442707,0.476535112518,0.698426667518,0.393518369329,2,1.77482608679,0.698426667518,2,0.207441586015,0.19641170916,208,0.0267696267696,0.328938304792,37,37,37,1,0,0.405405405405,0.540540540541,0.0540540540541,37,311,0.233483483483,1.71556185098,16.8108108108,14.1363636364,8.88571428571,4.920692351,0.292709995156,0.139741027201,8.5227129857,1.0139562073,0.532545407143,7.95284526115,0.946158439429,0.494829234379,0.630014943904,0.367235342487,2,1.71556185098,0.630014943904,2,0.27649182768,0.282273240497,500,0.0643500643501,0.546114551352,37,37,37,1,0,0.405405405405,0.540540540541,0.0540540540541,-31,-0.0232732732733,-0.00972696713143,-1.67567567568,-1.40909090909,-0.885714285714,-0.447017804391,0.00235140487897,-0.00290161544181,-0.985778556674,-0.0147402461128,-0.0119464531379,-0.100468085287,0.0748935452242,0.0329989830751,-0.0105846264221,-0.0040645602305,0,-0.00972696713143,-0.0105846264221,0,-0.0675795665671,-0.0942957971601,-310,-0.039897039897,-0.0234622769982,0,0,0,311,0,31,990,0.909356725146,1,0,0.0906432748538,1,0.909356725146,0.952526799387,0.939013568474,0.909356725146,0.909356725146,72,103,0,0,0,0
3033,WLNM_dir_neg,0.961989819964,0.686496542481,00:00:05,10,70,37,1239447272,threshold_sweep,0.9,1,0.68932038835,0.816091954023,71,0,32,206,0.68932038835,1,0,0.31067961165,1,0.68932038835,0.816091954023,0.89644012945,0.590075512406,0.747368421053,0.772423883281,0.68932038835,342,239,103,0,342,0,239,0,103,37,342,0.256756756757,1.72528881811,18.4864864865,15.5454545455,9.77142857143,5.36771015539,0.290358590277,0.142642642643,9.50849154237,1.02869645341,0.544491860281,8.05331334643,0.871264894205,0.461830251304,0.640599570326,0.371299902718,2,1.72528881811,0.640599570326,2,0.344071394247,0.376569037657,810,0.104247104247,0.56957682835,37,37,37,1,0,0.405405405405,0.540540540541,0.0540540540541,37,0.179429429429,1.77482608679,12.9189189189,10.8636363636,6.82857142857,4.41825995399,0.341999201459,0.17833314486,6.86211254561,1.06233541501,0.56496664028,5.76673696775,0.892758442707,0.476535112518,0.698426667518,0.393518369329,2,1.77482608679,0.698426667518,2,0.207441586015,0.19641170916,208,0.0267696267696,0.328938304792,37,37,37,1,0,0.405405405405,0.540540540541,0.0540540540541,37,310,0.232732732733,1.72954134772,16.7567567568,14.0909090909,8.85714285714,5.06845037355,0.302472038422,0.143156059285,8.54514596245,1.0199045181,0.53443766347,7.96642730237,0.950831645767,0.496076721883,0.652940709051,0.377522462768,2,1.72954134772,0.652940709051,2,0.285910337099,0.282027128862,499,0.0642213642214,0.545429957495,37,37,37,1,0,0.405405405405,0.540540540541,0.0540540540541,-32,-0.024024024024,0.00425252960669,-1.72972972973,-1.45454545455,-0.914285714286,-0.299259781838,0.0121134481447,0.000513416642449,-0.963345579928,-0.00879193531633,-0.0100541968114,-0.0868860440631,0.079566751562,0.0342464705792,0.0123411387249,0.00622256005025,0,0.00425252960669,0.0123411387249,0,-0.0581610571486,-0.0945419087948,-311,-0.0400257400257,-0.024146870855,0,0,0,310,0,32,990,0.906432748538,1,0,0.093567251462,1,0.906432748538,0.950920245399,0.937043911786,0.906432748538,0.906432748538,71,103,0,0,0,0
3034,WLNM_dir_neg,0.958761428975,0.873763894685,00:00:06,10,70,38,1239447273,threshold_sweep,0.1,0.987012987013,0.73786407767,0.844444444444,76,1,27,205,0.73786407767,0.995145631068,0.00485436893204,0.26213592233,0.987012987013,0.73786407767,0.844444444444,0.909385113269,0.583603020496,0.782383419689,0.798863528866,0.733009708738,342,239,103,0,342,0,239,0,103,37,342,0.256756756757,1.72528881811,18.4864864865,15.5454545455,9.77142857143,5.36771015539,0.290358590277,0.142642642643,9.50849154237,1.02869645341,0.544491860281,8.05331334643,0.871264894205,0.461830251304,0.640599570326,0.371299902718,2,1.72528881811,0.640599570326,2,0.344071394247,0.376569037657,810,0.104247104247,0.56957682835,37,37,37,1,0,0.405405405405,0.540540540541,0.0540540540541,37,0.179429429429,1.75313095542,12.9189189189,10.8636363636,6.82857142857,4.03029071448,0.311968109698,0.168381770892,6.75604500756,1.04591491749,0.562704964379,5.79556628714,0.897221559096,0.47811828565,0.667205789377,0.380579549584,2,1.75313095542,0.667205789377,2,0.197001614029,0.173076923077,180,0.023166023166,0.329898235629,37,37,37,1,0,0.405405405405,0.540540540541,0.0540540540541,37,316,0.237237237237,1.71569703567,17.0810810811,14.3636363636,9.02857142857,4.5909232815,0.268772407303,0.128036264112,8.60101607239,1.00708099582,0.534895655149,7.98120916276,0.934508667791,0.489052343483,0.628193899706,0.366145005002,2,1.71569703567,0.628193899706,2,0.262480813667,0.277179962894,498,0.0640926640927,0.545173963548,37,37,37,1,0,0.405405405405,0.540540540541,0.0540540540541,-26,-0.0195195195195,-0.0095917824486,-1.40540540541,-1.18181818182,-0.742857142857,-0.776786873898,-0.0215861829744,-0.0146063785304,-0.907475469987,-0.0216154575972,-0.00959620513251,-0.0721041836758,0.0632437735865,0.0272220921788,-0.0124056706199,-0.00515489771561,0,-0.0095917824486,-0.0124056706199,0,-0.08159058058,-0.0993890747627,-312,-0.0401544401544,-0.0244028648019,0,0,0,315,1,27,989,0.921052631579,0.99898989899,0.0010101010101,0.0789473684211,0.996835443038,0.921052631579,0.957446808511,0.944818000693,0.920042530569,0.918367346939,77,103,0,0,0,0
3035,WLNM_dir_neg,0.958761428975,0.873763894685,00:00:06,10,70,38,1239447273,threshold_sweep,0.2,0.987012987013,0.73786407767,0.844444444444,76,1,27,205,0.73786407767,0.995145631068,0.00485436893204,0.26213592233,0.987012987013,0.73786407767,0.844444444444,0.909385113269,0.583603020496,0.782383419689,0.798863528866,0.733009708738,342,239,103,0,342,0,239,0,103,37,342,0.256756756757,1.72528881811,18.4864864865,15.5454545455,9.77142857143,5.36771015539,0.290358590277,0.142642642643,9.50849154237,1.02869645341,0.544491860281,8.05331334643,0.871264894205,0.461830251304,0.640599570326,0.371299902718,2,1.72528881811,0.640599570326,2,0.344071394247,0.376569037657,810,0.104247104247,0.56957682835,37,37,37,1,0,0.405405405405,0.540540540541,0.0540540540541,37,0.179429429429,1.75313095542,12.9189189189,10.8636363636,6.82857142857,4.03029071448,0.311968109698,0.168381770892,6.75604500756,1.04591491749,0.562704964379,5.79556628714,0.897221559096,0.47811828565,0.667205789377,0.380579549584,2,1.75313095542,0.667205789377,2,0.197001614029,0.173076923077,180,0.023166023166,0.329898235629,37,37,37,1,0,0.405405405405,0.540540540541,0.0540540540541,37,316,0.237237237237,1.71569703567,17.0810810811,14.3636363636,9.02857142857,4.5909232815,0.268772407303,0.128036264112,8.60101607239,1.00708099582,0.534895655149,7.98120916276,0.934508667791,0.489052343483,0.628193899706,0.366145005002,2,1.71569703567,0.628193899706,2,0.262480813667,0.277179962894,498,0.0640926640927,0.545173963548,37,37,37,1,0,0.405405405405,0.540540540541,0.0540540540541,-26,-0.0195195195195,-0.0095917824486,-1.40540540541,-1.18181818182,-0.742857142857,-0.776786873898,-0.0215861829744,-0.0146063785304,-0.907475469987,-0.0216154575972,-0.00959620513251,-0.0721041836758,0.0632437735865,0.0272220921788,-0.0124056706199,-0.00515489771561,0,-0.0095917824486,-0.0124056706199,0,-0.08159058058,-0.0993890747627,-312,-0.0401544401544,-0.0244028648019,0,0,0,315,1,27,989,0.921052631579,0.99898989899,0.0010101010101,0.0789473684211,0.996835443038,0.921052631579,0.957446808511,0.944818000693,0.920042530569,0.918367346939,77,103,0,0,0,0
3036,WLNM_dir_neg,0.958761428975,0.873763894685,00:00:06,10,70,38,1239447273,threshold_sweep,0.3,1,0.73786407767,0.849162011173,76,0,27,206,0.73786407767,1,0,0.26213592233,1,0.73786407767,0.849162011173,0.912621359223,0.584681769148,0.78961038961,0.807688377421,0.73786407767,342,239,103,0,342,0,239,0,103,37,342,0.256756756757,1.72528881811,18.4864864865,15.5454545455,9.77142857143,5.36771015539,0.290358590277,0.142642642643,9.50849154237,1.02869645341,0.544491860281,8.05331334643,0.871264894205,0.461830251304,0.640599570326,0.371299902718,2,1.72528881811,0.640599570326,2,0.344071394247,0.376569037657,810,0.104247104247,0.56957682835,37,37,37,1,0,0.405405405405,0.540540540541,0.0540540540541,37,0.179429429429,1.75313095542,12.9189189189,10.8636363636,6.82857142857,4.03029071448,0.311968109698,0.168381770892,6.75604500756,1.04591491749,0.562704964379,5.79556628714,0.897221559096,0.47811828565,0.667205789377,0.380579549584,2,1.75313095542,0.667205789377,2,0.197001614029,0.173076923077,180,0.023166023166,0.329898235629,37,37,37,1,0,0.405405405405,0.540540540541,0.0540540540541,37,315,0.236486486486,1.71349685271,17.027027027,14.3181818182,9,4.53067622183,0.266087333663,0.125868725869,8.57198804123,1.00686843659,0.534362934363,8.00562865052,0.94034368276,0.492492492492,0.626508977334,0.365631822634,2,1.71349685271,0.626508977334,2,0.262480813667,0.277179962894,498,0.0640926640927,0.548080773931,37,37,37,1,0,0.405405405405,0.540540540541,0.0540540540541,-27,-0.0202702702703,-0.0117919654045,-1.45945945946,-1.22727272727,-0.771428571429,-0.837033933566,-0.0242712566143,-0.0167739167739,-0.936503501145,-0.021828016826,-0.0101289259184,-0.0476846959103,0.0690787885551,0.0306622411886,-0.0140905929921,-0.00566808008385,0,-0.0117919654045,-0.0140905929921,0,-0.08159058058,-0.0993890747627,-312,-0.0401544401544,-0.0214960544184,0,0,0,315,0,27,990,0.921052631579,1,0,0.0789473684211,1,0.921052631579,0.958904109589,0.946889595912,0.921052631579,0.921052631579,76,103,0,0,0,0
3037,WLNM_dir_neg,0.958761428975,0.873763894685,00:00:06,10,70,38,1239447273,threshold_sweep,0.4,1,0.728155339806,0.842696629213,75,0,28,206,0.728155339806,1,0,0.271844660194,1,0.728155339806,0.842696629213,0.909385113269,0.585760517799,0.78125,0.800640769025,0.728155339806,342,239,103,0,342,0,239,0,103,37,342,0.256756756757,1.72528881811,18.4864864865,15.5454545455,9.77142857143,5.36771015539,0.290358590277,0.142642642643,9.50849154237,1.02869645341,0.544491860281,8.05331334643,0.871264894205,0.461830251304,0.640599570326,0.371299902718,2,1.72528881811,0.640599570326,2,0.344071394247,0.376569037657,810,0.104247104247,0.56957682835,37,37,37,1,0,0.405405405405,0.540540540541,0.0540540540541,37,0.179429429429,1.75313095542,12.9189189189,10.8636363636,6.82857142857,4.03029071448,0.311968109698,0.168381770892,6.75604500756,1.04591491749,0.562704964379,5.79556628714,0.897221559096,0.47811828565,0.667205789377,0.380579549584,2,1.75313095542,0.667205789377,2,0.197001614029,0.173076923077,180,0.023166023166,0.329898235629,37,37,37,1,0,0.405405405405,0.540540540541,0.0540540540541,37,314,0.235735735736,1.71186869462,16.972972973,14.2727272727,8.97142857143,4.55513438323,0.268375751878,0.127216388363,8.54602448712,1.00701562428,0.53399896712,7.99868607829,0.942520334066,0.493372353245,0.625410845161,0.365338093469,2,1.71186869462,0.625410845161,2,0.262606994989,0.277560156687,496,0.0638352638353,0.547897734498,37,37,37,1,0,0.405405405405,0.540540540541,0.0540540540541,-28,-0.021021021021,-0.0134201234947,-1.51351351351,-1.27272727273,-0.8,-0.812575772167,-0.0219828383991,-0.0154262542798,-0.96246705525,-0.0216808291358,-0.0104928931613,-0.0546272681474,0.0712554398608,0.031542101941,-0.0151887251647,-0.00596180924899,0,-0.0134201234947,-0.0151887251647,0,-0.0814643992585,-0.0990088809697,-314,-0.0404118404118,-0.0216790938514,0,0,0,314,0,28,990,0.918128654971,1,0,0.0818713450292,1,0.918128654971,0.957317073171,0.944920953036,0.918128654971,0.918128654971,75,103,0,0,0,0
3038,WLNM_dir_neg,0.958761428975,0.873763894685,00:00:06,10,70,38,1239447273,threshold_sweep,0.5,1,0.728155339806,0.842696629213,75,0,28,206,0.728155339806,1,0,0.271844660194,1,0.728155339806,0.842696629213,0.909385113269,0.585760517799,0.78125,0.800640769025,0.728155339806,342,239,103,0,342,0,239,0,103,37,342,0.256756756757,1.72528881811,18.4864864865,15.5454545455,9.77142857143,5.36771015539,0.290358590277,0.142642642643,9.50849154237,1.02869645341,0.544491860281,8.05331334643,0.871264894205,0.461830251304,0.640599570326,0.371299902718,2,1.72528881811,0.640599570326,2,0.344071394247,0.376569037657,810,0.104247104247,0.56957682835,37,37,37,1,0,0.405405405405,0.540540540541,0.0540540540541,37,0.179429429429,1.75313095542,12.9189189189,10.8636363636,6.82857142857,4.03029071448,0.311968109698,0.168381770892,6.75604500756,1.04591491749,0.562704964379,5.79556628714,0.897221559096,0.47811828565,0.667205789377,0.380579549584,2,1.75313095542,0.667205789377,2,0.197001614029,0.173076923077,180,0.023166023166,0.329898235629,37,37,37,1,0,0.405405405405,0.540540540541,0.0540540540541,37,314,0.235735735736,1.71186869462,16.972972973,14.2727272727,8.97142857143,4.55513438323,0.268375751878,0.127216388363,8.54602448712,1.00701562428,0.53399896712,7.99868607829,0.942520334066,0.493372353245,0.625410845161,0.365338093469,2,1.71186869462,0.625410845161,2,0.262606994989,0.277560156687,496,0.0638352638353,0.547897734498,37,37,37,1,0,0.405405405405,0.540540540541,0.0540540540541,-28,-0.021021021021,-0.0134201234947,-1.51351351351,-1.27272727273,-0.8,-0.812575772167,-0.0219828383991,-0.0154262542798,-0.96246705525,-0.0216808291358,-0.0104928931613,-0.0546272681474,0.0712554398608,0.031542101941,-0.0151887251647,-0.00596180924899,0,-0.0134201234947,-0.0151887251647,0,-0.0814643992585,-0.0990088809697,-314,-0.0404118404118,-0.0216790938514,0,0,0,314,0,28,990,0.918128654971,1,0,0.0818713450292,1,0.918128654971,0.957317073171,0.944920953036,0.918128654971,0.918128654971,75,103,0,0,0,0
3039,WLNM_dir_neg,0.958761428975,0.873763894685,00:00:06,10,70,38,1239447273,threshold_sweep,0.6,1,0.728155339806,0.842696629213,75,0,28,206,0.728155339806,1,0,0.271844660194,1,0.728155339806,0.842696629213,0.909385113269,0.585760517799,0.78125,0.800640769025,0.728155339806,342,239,103,0,342,0,239,0,103,37,342,0.256756756757,1.72528881811,18.4864864865,15.5454545455,9.77142857143,5.36771015539,0.290358590277,0.142642642643,9.50849154237,1.02869645341,0.544491860281,8.05331334643,0.871264894205,0.461830251304,0.640599570326,0.371299902718,2,1.72528881811,0.640599570326,2,0.344071394247,0.376569037657,810,0.104247104247,0.56957682835,37,37,37,1,0,0.405405405405,0.540540540541,0.0540540540541,37,0.179429429429,1.75313095542,12.9189189189,10.8636363636,6.82857142857,4.03029071448,0.311968109698,0.168381770892,6.75604500756,1.04591491749,0.562704964379,5.79556628714,0.897221559096,0.47811828565,0.667205789377,0.380579549584,2,1.75313095542,0.667205789377,2,0.197001614029,0.173076923077,180,0.023166023166,0.329898235629,37,37,37,1,0,0.405405405405,0.540540540541,0.0540540540541,37,314,0.235735735736,1.71186869462,16.972972973,14.2727272727,8.97142857143,4.55513438323,0.268375751878,0.127216388363,8.54602448712,1.00701562428,0.53399896712,7.99868607829,0.942520334066,0.493372353245,0.625410845161,0.365338093469,2,1.71186869462,0.625410845161,2,0.262606994989,0.277560156687,496,0.0638352638353,0.547897734498,37,37,37,1,0,0.405405405405,0.540540540541,0.0540540540541,-28,-0.021021021021,-0.0134201234947,-1.51351351351,-1.27272727273,-0.8,-0.812575772167,-0.0219828383991,-0.0154262542798,-0.96246705525,-0.0216808291358,-0.0104928931613,-0.0546272681474,0.0712554398608,0.031542101941,-0.0151887251647,-0.00596180924899,0,-0.0134201234947,-0.0151887251647,0,-0.0814643992585,-0.0990088809697,-314,-0.0404118404118,-0.0216790938514,0,0,0,314,0,28,990,0.918128654971,1,0,0.0818713450292,1,0.918128654971,0.957317073171,0.944920953036,0.918128654971,0.918128654971,75,103,0,0,0,0
3040,WLNM_dir_neg,0.958761428975,0.873763894685,00:00:06,10,70,38,1239447273,threshold_sweep,0.7,1,0.728155339806,0.842696629213,75,0,28,206,0.728155339806,1,0,0.271844660194,1,0.728155339806,0.842696629213,0.909385113269,0.585760517799,0.78125,0.800640769025,0.728155339806,342,239,103,0,342,0,239,0,103,37,342,0.256756756757,1.72528881811,18.4864864865,15.5454545455,9.77142857143,5.36771015539,0.290358590277,0.142642642643,9.50849154237,1.02869645341,0.544491860281,8.05331334643,0.871264894205,0.461830251304,0.640599570326,0.371299902718,2,1.72528881811,0.640599570326,2,0.344071394247,0.376569037657,810,0.104247104247,0.56957682835,37,37,37,1,0,0.405405405405,0.540540540541,0.0540540540541,37,0.179429429429,1.75313095542,12.9189189189,10.8636363636,6.82857142857,4.03029071448,0.311968109698,0.168381770892,6.75604500756,1.04591491749,0.562704964379,5.79556628714,0.897221559096,0.47811828565,0.667205789377,0.380579549584,2,1.75313095542,0.667205789377,2,0.197001614029,0.173076923077,180,0.023166023166,0.329898235629,37,37,37,1,0,0.405405405405,0.540540540541,0.0540540540541,37,314,0.235735735736,1.71186869462,16.972972973,14.2727272727,8.97142857143,4.55513438323,0.268375751878,0.127216388363,8.54602448712,1.00701562428,0.53399896712,7.99868607829,0.942520334066,0.493372353245,0.625410845161,0.365338093469,2,1.71186869462,0.625410845161,2,0.262606994989,0.277560156687,496,0.0638352638353,0.547897734498,37,37,37,1,0,0.405405405405,0.540540540541,0.0540540540541,-28,-0.021021021021,-0.0134201234947,-1.51351351351,-1.27272727273,-0.8,-0.812575772167,-0.0219828383991,-0.0154262542798,-0.96246705525,-0.0216808291358,-0.0104928931613,-0.0546272681474,0.0712554398608,0.031542101941,-0.0151887251647,-0.00596180924899,0,-0.0134201234947,-0.0151887251647,0,-0.0814643992585,-0.0990088809697,-314,-0.0404118404118,-0.0216790938514,0,0,0,314,0,28,990,0.918128654971,1,0,0.0818713450292,1,0.918128654971,0.957317073171,0.944920953036,0.918128654971,0.918128654971,75,103,0,0,0,0
3041,WLNM_dir_neg,0.958761428975,0.873763894685,00:00:06,10,70,38,1239447273,threshold_sweep,0.8,1,0.728155339806,0.842696629213,75,0,28,206,0.728155339806,1,0,0.271844660194,1,0.728155339806,0.842696629213,0.909385113269,0.585760517799,0.78125,0.800640769025,0.728155339806,342,239,103,0,342,0,239,0,103,37,342,0.256756756757,1.72528881811,18.4864864865,15.5454545455,9.77142857143,5.36771015539,0.290358590277,0.142642642643,9.50849154237,1.02869645341,0.544491860281,8.05331334643,0.871264894205,0.461830251304,0.640599570326,0.371299902718,2,1.72528881811,0.640599570326,2,0.344071394247,0.376569037657,810,0.104247104247,0.56957682835,37,37,37,1,0,0.405405405405,0.540540540541,0.0540540540541,37,0.179429429429,1.75313095542,12.9189189189,10.8636363636,6.82857142857,4.03029071448,0.311968109698,0.168381770892,6.75604500756,1.04591491749,0.562704964379,5.79556628714,0.897221559096,0.47811828565,0.667205789377,0.380579549584,2,1.75313095542,0.667205789377,2,0.197001614029,0.173076923077,180,0.023166023166,0.329898235629,37,37,37,1,0,0.405405405405,0.540540540541,0.0540540540541,37,314,0.235735735736,1.71186869462,16.972972973,14.2727272727,8.97142857143,4.55513438323,0.268375751878,0.127216388363,8.54602448712,1.00701562428,0.53399896712,7.99868607829,0.942520334066,0.493372353245,0.625410845161,0.365338093469,2,1.71186869462,0.625410845161,2,0.262606994989,0.277560156687,496,0.0638352638353,0.547897734498,37,37,37,1,0,0.405405405405,0.540540540541,0.0540540540541,-28,-0.021021021021,-0.0134201234947,-1.51351351351,-1.27272727273,-0.8,-0.812575772167,-0.0219828383991,-0.0154262542798,-0.96246705525,-0.0216808291358,-0.0104928931613,-0.0546272681474,0.0712554398608,0.031542101941,-0.0151887251647,-0.00596180924899,0,-0.0134201234947,-0.0151887251647,0,-0.0814643992585,-0.0990088809697,-314,-0.0404118404118,-0.0216790938514,0,0,0,314,0,28,990,0.918128654971,1,0,0.0818713450292,1,0.918128654971,0.957317073171,0.944920953036,0.918128654971,0.918128654971,75,103,0,0,0,0
3042,WLNM_dir_neg,0.958761428975,0.873763894685,00:00:06,10,70,38,1239447273,threshold_sweep,0.9,1,0.728155339806,0.842696629213,75,0,28,206,0.728155339806,1,0,0.271844660194,1,0.728155339806,0.842696629213,0.909385113269,0.585760517799,0.78125,0.800640769025,0.728155339806,342,239,103,0,342,0,239,0,103,37,342,0.256756756757,1.72528881811,18.4864864865,15.5454545455,9.77142857143,5.36771015539,0.290358590277,0.142642642643,9.50849154237,1.02869645341,0.544491860281,8.05331334643,0.871264894205,0.461830251304,0.640599570326,0.371299902718,2,1.72528881811,0.640599570326,2,0.344071394247,0.376569037657,810,0.104247104247,0.56957682835,37,37,37,1,0,0.405405405405,0.540540540541,0.0540540540541,37,0.179429429429,1.75313095542,12.9189189189,10.8636363636,6.82857142857,4.03029071448,0.311968109698,0.168381770892,6.75604500756,1.04591491749,0.562704964379,5.79556628714,0.897221559096,0.47811828565,0.667205789377,0.380579549584,2,1.75313095542,0.667205789377,2,0.197001614029,0.173076923077,180,0.023166023166,0.329898235629,37,37,37,1,0,0.405405405405,0.540540540541,0.0540540540541,37,314,0.235735735736,1.71186869462,16.972972973,14.2727272727,8.97142857143,4.55513438323,0.268375751878,0.127216388363,8.54602448712,1.00701562428,0.53399896712,7.99868607829,0.942520334066,0.493372353245,0.625410845161,0.365338093469,2,1.71186869462,0.625410845161,2,0.262606994989,0.277560156687,496,0.0638352638353,0.547897734498,37,37,37,1,0,0.405405405405,0.540540540541,0.0540540540541,-28,-0.021021021021,-0.0134201234947,-1.51351351351,-1.27272727273,-0.8,-0.812575772167,-0.0219828383991,-0.0154262542798,-0.96246705525,-0.0216808291358,-0.0104928931613,-0.0546272681474,0.0712554398608,0.031542101941,-0.0151887251647,-0.00596180924899,0,-0.0134201234947,-0.0151887251647,0,-0.0814643992585,-0.0990088809697,-314,-0.0404118404118,-0.0216790938514,0,0,0,314,0,28,990,0.918128654971,1,0,0.0818713450292,1,0.918128654971,0.957317073171,0.944920953036,0.918128654971,0.918128654971,75,103,0,0,0,0
3043,WLNM_dir_neg,0.976175888397,0.870309109652,00:00:05,10,70,39,1239447274,threshold_sweep,0.1,0.954545454545,0.815533980583,0.879581151832,84,4,19,202,0.815533980583,0.980582524272,0.0194174757282,0.184466019417,0.954545454545,0.815533980583,0.879581151832,0.925566343042,0.571736785329,0.826196473552,0.831555762173,0.796116504854,342,239,103,0,342,0,239,0,103,37,342,0.256756756757,1.72528881811,18.4864864865,15.5454545455,9.77142857143,5.36771015539,0.290358590277,0.142642642643,9.50849154237,1.02869645341,0.544491860281,8.05331334643,0.871264894205,0.461830251304,0.640599570326,0.371299902718,2,1.72528881811,0.640599570326,2,0.344071394247,0.376569037657,810,0.104247104247,0.56957682835,37,37,37,1,0,0.405405405405,0.540540540541,0.0540540540541,37,0.179429429429,1.76781462019,12.9189189189,10.8636363636,6.82857142857,4.22544132066,0.327073909758,0.170643446794,6.71893921271,1.04017050573,0.554562931132,5.88592763667,0.911210554631,0.486486486486,0.688529574479,0.389480642719,2,1.76781462019,0.688529574479,2,0.224733921096,0.192442045094,202,0.0259974259974,0.335608180497,37,37,37,1,0,0.405405405405,0.540540540541,0.0540540540541,37,327,0.245495495495,2.57046968026,17.6756756757,13.625,9.08333333333,4.78454719821,0.270685391948,0.125712868832,8.70349072216,0.984798644404,0.523679642946,8.15990711247,0.923292242083,0.483180428135,1.75550513958,0.682951117091,6.12333313754,2.57046968026,1.75550513958,6.12333313754,0.292095075438,0.292132867133,557,0.071685971686,0.48710501328,37,37,37,1,0,0.351351351351,0.621621621622,0.027027027027,-15,-0.0112612612613,0.845180862147,-0.810810810811,-1.92045454545,-0.688095238095,-0.583162957184,-0.0196731983295,-0.0169297738105,-0.805000820213,-0.0438978090112,-0.0208122173356,0.106593766032,0.0520273478785,0.0213501768306,1.11490556926,0.311651214373,4.12333313754,0.845180862147,1.11490556926,4.12333313754,-0.0519763188094,-0.084436170524,-253,-0.0325611325611,-0.0824718150698,-0.0540540540541,0.0810810810811,-0.027027027027,323,4,19,986,0.944444444444,0.99595959596,0.0040404040404,0.0555555555556,0.987767584098,0.944444444444,0.965620328849,0.954527026444,0.940404040404,0.933526011561,88,103,0,0,0,0
3044,WLNM_dir_neg,0.976175888397,0.870309109652,00:00:05,10,70,39,1239447274,threshold_sweep,0.2,0.954545454545,0.815533980583,0.879581151832,84,4,19,202,0.815533980583,0.980582524272,0.0194174757282,0.184466019417,0.954545454545,0.815533980583,0.879581151832,0.925566343042,0.571736785329,0.826196473552,0.831555762173,0.796116504854,342,239,103,0,342,0,239,0,103,37,342,0.256756756757,1.72528881811,18.4864864865,15.5454545455,9.77142857143,5.36771015539,0.290358590277,0.142642642643,9.50849154237,1.02869645341,0.544491860281,8.05331334643,0.871264894205,0.461830251304,0.640599570326,0.371299902718,2,1.72528881811,0.640599570326,2,0.344071394247,0.376569037657,810,0.104247104247,0.56957682835,37,37,37,1,0,0.405405405405,0.540540540541,0.0540540540541,37,0.179429429429,1.76781462019,12.9189189189,10.8636363636,6.82857142857,4.22544132066,0.327073909758,0.170643446794,6.71893921271,1.04017050573,0.554562931132,5.88592763667,0.911210554631,0.486486486486,0.688529574479,0.389480642719,2,1.76781462019,0.688529574479,2,0.224733921096,0.192442045094,202,0.0259974259974,0.335608180497,37,37,37,1,0,0.405405405405,0.540540540541,0.0540540540541,37,327,0.245495495495,2.57046968026,17.6756756757,13.625,9.08333333333,4.78454719821,0.270685391948,0.125712868832,8.70349072216,0.984798644404,0.523679642946,8.15990711247,0.923292242083,0.483180428135,1.75550513958,0.682951117091,6.12333313754,2.57046968026,1.75550513958,6.12333313754,0.292095075438,0.292132867133,557,0.071685971686,0.48710501328,37,37,37,1,0,0.351351351351,0.621621621622,0.027027027027,-15,-0.0112612612613,0.845180862147,-0.810810810811,-1.92045454545,-0.688095238095,-0.583162957184,-0.0196731983295,-0.0169297738105,-0.805000820213,-0.0438978090112,-0.0208122173356,0.106593766032,0.0520273478785,0.0213501768306,1.11490556926,0.311651214373,4.12333313754,0.845180862147,1.11490556926,4.12333313754,-0.0519763188094,-0.084436170524,-253,-0.0325611325611,-0.0824718150698,-0.0540540540541,0.0810810810811,-0.027027027027,323,4,19,986,0.944444444444,0.99595959596,0.0040404040404,0.0555555555556,0.987767584098,0.944444444444,0.965620328849,0.954527026444,0.940404040404,0.933526011561,88,103,0,0,0,0
3045,WLNM_dir_neg,0.976175888397,0.870309109652,00:00:05,10,70,39,1239447274,threshold_sweep,0.3,0.954545454545,0.815533980583,0.879581151832,84,4,19,202,0.815533980583,0.980582524272,0.0194174757282,0.184466019417,0.954545454545,0.815533980583,0.879581151832,0.925566343042,0.571736785329,0.826196473552,0.831555762173,0.796116504854,342,239,103,0,342,0,239,0,103,37,342,0.256756756757,1.72528881811,18.4864864865,15.5454545455,9.77142857143,5.36771015539,0.290358590277,0.142642642643,9.50849154237,1.02869645341,0.544491860281,8.05331334643,0.871264894205,0.461830251304,0.640599570326,0.371299902718,2,1.72528881811,0.640599570326,2,0.344071394247,0.376569037657,810,0.104247104247,0.56957682835,37,37,37,1,0,0.405405405405,0.540540540541,0.0540540540541,37,0.179429429429,1.76781462019,12.9189189189,10.8636363636,6.82857142857,4.22544132066,0.327073909758,0.170643446794,6.71893921271,1.04017050573,0.554562931132,5.88592763667,0.911210554631,0.486486486486,0.688529574479,0.389480642719,2,1.76781462019,0.688529574479,2,0.224733921096,0.192442045094,202,0.0259974259974,0.335608180497,37,37,37,1,0,0.405405405405,0.540540540541,0.0540540540541,37,327,0.245495495495,2.57046968026,17.6756756757,13.625,9.08333333333,4.78454719821,0.270685391948,0.125712868832,8.70349072216,0.984798644404,0.523679642946,8.15990711247,0.923292242083,0.483180428135,1.75550513958,0.682951117091,6.12333313754,2.57046968026,1.75550513958,6.12333313754,0.292095075438,0.292132867133,557,0.071685971686,0.48710501328,37,37,37,1,0,0.351351351351,0.621621621622,0.027027027027,-15,-0.0112612612613,0.845180862147,-0.810810810811,-1.92045454545,-0.688095238095,-0.583162957184,-0.0196731983295,-0.0169297738105,-0.805000820213,-0.0438978090112,-0.0208122173356,0.106593766032,0.0520273478785,0.0213501768306,1.11490556926,0.311651214373,4.12333313754,0.845180862147,1.11490556926,4.12333313754,-0.0519763188094,-0.084436170524,-253,-0.0325611325611,-0.0824718150698,-0.0540540540541,0.0810810810811,-0.027027027027,323,4,19,986,0.944444444444,0.99595959596,0.0040404040404,0.0555555555556,0.987767584098,0.944444444444,0.965620328849,0.954527026444,0.940404040404,0.933526011561,88,103,0,0,0,0
3046,WLNM_dir_neg,0.976175888397,0.870309109652,00:00:05,10,70,39,1239447274,threshold_sweep,0.4,0.954022988506,0.805825242718,0.873684210526,83,4,20,202,0.805825242718,0.980582524272,0.0194174757282,0.194174757282,0.954022988506,0.805825242718,0.873684210526,0.922330097087,0.572815533981,0.818181818182,0.824259389678,0.78640776699,342,239,103,0,342,0,239,0,103,37,342,0.256756756757,1.72528881811,18.4864864865,15.5454545455,9.77142857143,5.36771015539,0.290358590277,0.142642642643,9.50849154237,1.02869645341,0.544491860281,8.05331334643,0.871264894205,0.461830251304,0.640599570326,0.371299902718,2,1.72528881811,0.640599570326,2,0.344071394247,0.376569037657,810,0.104247104247,0.56957682835,37,37,37,1,0,0.405405405405,0.540540540541,0.0540540540541,37,0.179429429429,1.76781462019,12.9189189189,10.8636363636,6.82857142857,4.22544132066,0.327073909758,0.170643446794,6.71893921271,1.04017050573,0.554562931132,5.88592763667,0.911210554631,0.486486486486,0.688529574479,0.389480642719,2,1.76781462019,0.688529574479,2,0.224733921096,0.192442045094,202,0.0259974259974,0.335608180497,37,37,37,1,0,0.405405405405,0.540540540541,0.0540540540541,37,326,0.244744744745,2.56880260723,17.6216216216,13.5833333333,9.05555555556,4.74547358222,0.269298347457,0.12526944122,8.67895871198,0.985035191237,0.523627922401,8.17801197602,0.928179273352,0.484828386669,1.75449077728,0.682999453654,6.12118751782,2.56880260723,1.75449077728,6.12118751782,0.28858706423,0.286745291322,543,0.0698841698842,0.48788199508,37,37,37,1,0,0.351351351351,0.621621621622,0.027027027027,-16,-0.012012012012,0.843513789113,-0.864864864865,-1.96212121212,-0.715873015873,-0.622236573176,-0.02106024282,-0.0173732014223,-0.829532830391,-0.0436612621774,-0.0208639378804,0.124698629583,0.0569143791468,0.0229981353649,1.11389120695,0.311699550936,4.12118751782,0.843513789113,1.11389120695,4.12118751782,-0.0554843300169,-0.089823746335,-267,-0.0343629343629,-0.0816948332694,-0.0540540540541,0.0810810810811,-0.027027027027,322,4,20,986,0.941520467836,0.99595959596,0.0040404040404,0.0584795321637,0.98773006135,0.941520467836,0.964071856287,0.952543682095,0.937480063796,0.93063583815,87,103,0,0,0,0
3047,WLNM_dir_neg,0.976175888397,0.870309109652,00:00:05,10,70,39,1239447274,threshold_sweep,0.5,0.96511627907,0.805825242718,0.878306878307,83,3,20,203,0.805825242718,0.985436893204,0.0145631067961,0.194174757282,0.96511627907,0.805825242718,0.878306878307,0.925566343042,0.573894282632,0.825316455696,0.83228285721,0.791262135922,342,239,103,0,342,0,239,0,103,37,342,0.256756756757,1.72528881811,18.4864864865,15.5454545455,9.77142857143,5.36771015539,0.290358590277,0.142642642643,9.50849154237,1.02869645341,0.544491860281,8.05331334643,0.871264894205,0.461830251304,0.640599570326,0.371299902718,2,1.72528881811,0.640599570326,2,0.344071394247,0.376569037657,810,0.104247104247,0.56957682835,37,37,37,1,0,0.405405405405,0.540540540541,0.0540540540541,37,0.179429429429,1.76781462019,12.9189189189,10.8636363636,6.82857142857,4.22544132066,0.327073909758,0.170643446794,6.71893921271,1.04017050573,0.554562931132,5.88592763667,0.911210554631,0.486486486486,0.688529574479,0.389480642719,2,1.76781462019,0.688529574479,2,0.224733921096,0.192442045094,202,0.0259974259974,0.335608180497,37,37,37,1,0,0.405405405405,0.540540540541,0.0540540540541,37,325,0.243993993994,2.3611051683,17.5675675676,14.1304347826,9.02777777778,4.69953035798,0.26751172807,0.123492723493,8.70547444343,0.991084782791,0.526070686071,8.19937374009,0.933467164257,0.486652806653,1.69121530628,0.716281226683,5.91297797196,2.3611051683,1.69121530628,5.91297797196,0.28858706423,0.286745291322,543,0.0698841698842,0.531830548822,37,37,37,1,0,0.378378378378,0.594594594595,0.027027027027,-17,-0.0127627627628,0.635816350188,-0.918918918919,-1.41501976285,-0.743650793651,-0.668179797412,-0.0228468622074,-0.0191499191499,-0.803017098941,-0.0376116706238,-0.0184211742106,0.146060393659,0.0622022700519,0.0248225553489,1.05061573595,0.344981323965,3.91297797196,0.635816350188,1.05061573595,3.91297797196,-0.0554843300169,-0.089823746335,-267,-0.0343629343629,-0.037746279528,-0.027027027027,0.0540540540541,-0.027027027027,322,3,20,987,0.941520467836,0.99696969697,0.0030303030303,0.0584795321637,0.990769230769,0.941520467836,0.965517241379,0.954561601296,0.938490164806,0.933333333333,86,103,0,0,0,0
3048,WLNM_dir_neg,0.976175888397,0.870309109652,00:00:05,10,70,39,1239447274,threshold_sweep,0.6,0.96511627907,0.805825242718,0.878306878307,83,3,20,203,0.805825242718,0.985436893204,0.0145631067961,0.194174757282,0.96511627907,0.805825242718,0.878306878307,0.925566343042,0.573894282632,0.825316455696,0.83228285721,0.791262135922,342,239,103,0,342,0,239,0,103,37,342,0.256756756757,1.72528881811,18.4864864865,15.5454545455,9.77142857143,5.36771015539,0.290358590277,0.142642642643,9.50849154237,1.02869645341,0.544491860281,8.05331334643,0.871264894205,0.461830251304,0.640599570326,0.371299902718,2,1.72528881811,0.640599570326,2,0.344071394247,0.376569037657,810,0.104247104247,0.56957682835,37,37,37,1,0,0.405405405405,0.540540540541,0.0540540540541,37,0.179429429429,1.76781462019,12.9189189189,10.8636363636,6.82857142857,4.22544132066,0.327073909758,0.170643446794,6.71893921271,1.04017050573,0.554562931132,5.88592763667,0.911210554631,0.486486486486,0.688529574479,0.389480642719,2,1.76781462019,0.688529574479,2,0.224733921096,0.192442045094,202,0.0259974259974,0.335608180497,37,37,37,1,0,0.405405405405,0.540540540541,0.0540540540541,37,325,0.243993993994,2.3611051683,17.5675675676,14.1304347826,9.02777777778,4.69953035798,0.26751172807,0.123492723493,8.70547444343,0.991084782791,0.526070686071,8.19937374009,0.933467164257,0.486652806653,1.69121530628,0.716281226683,5.91297797196,2.3611051683,1.69121530628,5.91297797196,0.28858706423,0.286745291322,543,0.0698841698842,0.531830548822,37,37,37,1,0,0.378378378378,0.594594594595,0.027027027027,-17,-0.0127627627628,0.635816350188,-0.918918918919,-1.41501976285,-0.743650793651,-0.668179797412,-0.0228468622074,-0.0191499191499,-0.803017098941,-0.0376116706238,-0.0184211742106,0.146060393659,0.0622022700519,0.0248225553489,1.05061573595,0.344981323965,3.91297797196,0.635816350188,1.05061573595,3.91297797196,-0.0554843300169,-0.089823746335,-267,-0.0343629343629,-0.037746279528,-0.027027027027,0.0540540540541,-0.027027027027,322,3,20,987,0.941520467836,0.99696969697,0.0030303030303,0.0584795321637,0.990769230769,0.941520467836,0.965517241379,0.954561601296,0.938490164806,0.933333333333,86,103,0,0,0,0
3049,WLNM_dir_neg,0.976175888397,0.870309109652,00:00:05,10,70,39,1239447274,threshold_sweep,0.7,0.96511627907,0.805825242718,0.878306878307,83,3,20,203,0.805825242718,0.985436893204,0.0145631067961,0.194174757282,0.96511627907,0.805825242718,0.878306878307,0.925566343042,0.573894282632,0.825316455696,0.83228285721,0.791262135922,342,239,103,0,342,0,239,0,103,37,342,0.256756756757,1.72528881811,18.4864864865,15.5454545455,9.77142857143,5.36771015539,0.290358590277,0.142642642643,9.50849154237,1.02869645341,0.544491860281,8.05331334643,0.871264894205,0.461830251304,0.640599570326,0.371299902718,2,1.72528881811,0.640599570326,2,0.344071394247,0.376569037657,810,0.104247104247,0.56957682835,37,37,37,1,0,0.405405405405,0.540540540541,0.0540540540541,37,0.179429429429,1.76781462019,12.9189189189,10.8636363636,6.82857142857,4.22544132066,0.327073909758,0.170643446794,6.71893921271,1.04017050573,0.554562931132,5.88592763667,0.911210554631,0.486486486486,0.688529574479,0.389480642719,2,1.76781462019,0.688529574479,2,0.224733921096,0.192442045094,202,0.0259974259974,0.335608180497,37,37,37,1,0,0.405405405405,0.540540540541,0.0540540540541,37,325,0.243993993994,2.3611051683,17.5675675676,14.1304347826,9.02777777778,4.69953035798,0.26751172807,0.123492723493,8.70547444343,0.991084782791,0.526070686071,8.19937374009,0.933467164257,0.486652806653,1.69121530628,0.716281226683,5.91297797196,2.3611051683,1.69121530628,5.91297797196,0.28858706423,0.286745291322,543,0.0698841698842,0.531830548822,37,37,37,1,0,0.378378378378,0.594594594595,0.027027027027,-17,-0.0127627627628,0.635816350188,-0.918918918919,-1.41501976285,-0.743650793651,-0.668179797412,-0.0228468622074,-0.0191499191499,-0.803017098941,-0.0376116706238,-0.0184211742106,0.146060393659,0.0622022700519,0.0248225553489,1.05061573595,0.344981323965,3.91297797196,0.635816350188,1.05061573595,3.91297797196,-0.0554843300169,-0.089823746335,-267,-0.0343629343629,-0.037746279528,-0.027027027027,0.0540540540541,-0.027027027027,322,3,20,987,0.941520467836,0.99696969697,0.0030303030303,0.0584795321637,0.990769230769,0.941520467836,0.965517241379,0.954561601296,0.938490164806,0.933333333333,86,103,0,0,0,0
3050,WLNM_dir_neg,0.976175888397,0.870309109652,00:00:05,10,70,39,1239447274,threshold_sweep,0.8,0.964705882353,0.796116504854,0.872340425532,82,3,21,203,0.796116504854,0.985436893204,0.0145631067961,0.203883495146,0.964705882353,0.796116504854,0.872340425532,0.922330097087,0.574973031284,0.817258883249,0.825044562076,0.781553398058,342,239,103,0,342,0,239,0,103,37,342,0.256756756757,1.72528881811,18.4864864865,15.5454545455,9.77142857143,5.36771015539,0.290358590277,0.142642642643,9.50849154237,1.02869645341,0.544491860281,8.05331334643,0.871264894205,0.461830251304,0.640599570326,0.371299902718,2,1.72528881811,0.640599570326,2,0.344071394247,0.376569037657,810,0.104247104247,0.56957682835,37,37,37,1,0,0.405405405405,0.540540540541,0.0540540540541,37,0.179429429429,1.76781462019,12.9189189189,10.8636363636,6.82857142857,4.22544132066,0.327073909758,0.170643446794,6.71893921271,1.04017050573,0.554562931132,5.88592763667,0.911210554631,0.486486486486,0.688529574479,0.389480642719,2,1.76781462019,0.688529574479,2,0.224733921096,0.192442045094,202,0.0259974259974,0.335608180497,37,37,37,1,0,0.405405405405,0.540540540541,0.0540540540541,37,324,0.243243243243,2.36214906376,17.5135135135,14.0869565217,9,4.69409570999,0.26802706986,0.124457791124,8.6807750723,0.991323079244,0.525859192526,8.16974569645,0.932964786324,0.487320653987,1.69166487297,0.716155004324,5.91427315728,2.36214906376,1.69166487297,5.91427315728,0.288745587315,0.286877988312,540,0.0694980694981,0.528412530622,37,37,37,1,0,0.378378378378,0.594594594595,0.027027027027,-18,-0.0135135135135,0.636860245645,-0.972972972973,-1.45849802372,-0.771428571429,-0.673614445405,-0.0223315204167,-0.0181848515182,-0.827716470075,-0.0373733741707,-0.0186326677555,0.116432350021,0.0616998921187,0.0254904026834,1.05106530265,0.344855101607,3.91427315728,0.636860245645,1.05106530265,3.91427315728,-0.0553258069327,-0.0896910493445,-270,-0.034749034749,-0.0411642977275,-0.027027027027,0.0540540540541,-0.027027027027,321,3,21,987,0.938596491228,0.99696969697,0.0030303030303,0.0614035087719,0.990740740741,0.938596491228,0.963963963964,0.952582057386,0.935566188198,0.930434782609,85,103,0,0,0,0
3051,WLNM_dir_neg,0.976175888397,0.870309109652,00:00:05,10,70,39,1239447274,threshold_sweep,0.9,0.97619047619,0.796116504854,0.877005347594,82,2,21,204,0.796116504854,0.990291262136,0.00970873786408,0.203883495146,0.97619047619,0.796116504854,0.877005347594,0.925566343042,0.576051779935,0.824427480916,0.833238089795,0.78640776699,342,239,103,0,342,0,239,0,103,37,342,0.256756756757,1.72528881811,18.4864864865,15.5454545455,9.77142857143,5.36771015539,0.290358590277,0.142642642643,9.50849154237,1.02869645341,0.544491860281,8.05331334643,0.871264894205,0.461830251304,0.640599570326,0.371299902718,2,1.72528881811,0.640599570326,2,0.344071394247,0.376569037657,810,0.104247104247,0.56957682835,37,37,37,1,0,0.405405405405,0.540540540541,0.0540540540541,37,0.179429429429,1.76781462019,12.9189189189,10.8636363636,6.82857142857,4.22544132066,0.327073909758,0.170643446794,6.71893921271,1.04017050573,0.554562931132,5.88592763667,0.911210554631,0.486486486486,0.688529574479,0.389480642719,2,1.76781462019,0.688529574479,2,0.224733921096,0.192442045094,202,0.0259974259974,0.335608180497,37,37,37,1,0,0.405405405405,0.540540540541,0.0540540540541,37,323,0.242492492492,1.81371718633,17.4594594595,14.6818181818,8.97222222222,4.76442018505,0.272884747441,0.127102334533,8.70711282882,0.997409209493,0.528156639612,8.15355630878,0.933998710294,0.488159986612,0.785412790762,0.433040386164,2.79662376681,1.81371718633,0.785412790762,2.79662376681,0.288745587315,0.286877988312,540,0.0694980694981,0.567428698653,37,37,37,1,0,0.405405405405,0.567567567568,0.027027027027,-19,-0.0142642642643,0.0884283682176,-1.02702702703,-0.863636363636,-0.799206349206,-0.603289970345,-0.0174738428363,-0.01554030811,-0.801378713554,-0.0312872439214,-0.0163352206696,0.100242962348,0.0627338160891,0.0263297353081,0.144813220436,0.0617404834464,0.796623766811,0.0884283682176,0.144813220436,0.796623766811,-0.0553258069327,-0.0896910493445,-270,-0.034749034749,-0.00214812969656,0,0.027027027027,-0.027027027027,321,2,21,988,0.938596491228,0.99797979798,0.0020202020202,0.0614035087719,0.993808049536,0.938596491228,0.965413533835,0.954612165834,0.936576289208,0.933139534884,84,103,0,0,0,0
3052,WLNM_dir_neg,0.988712413988,0.883304087752,00:00:05,10,70,40,1239447275,threshold_sweep,0.1,0.95,0.922330097087,0.935960591133,95,5,8,201,0.922330097087,0.97572815534,0.0242718446602,0.0776699029126,0.95,0.922330097087,0.935960591133,0.957928802589,0.55879180151,0.904645476773,0.904864577882,0.898058252427,342,239,103,0,342,0,239,0,103,37,342,0.256756756757,1.72528881811,18.4864864865,15.5454545455,9.77142857143,5.36771015539,0.290358590277,0.142642642643,9.50849154237,1.02869645341,0.544491860281,8.05331334643,0.871264894205,0.461830251304,0.640599570326,0.371299902718,2,1.72528881811,0.640599570326,2,0.344071394247,0.376569037657,810,0.104247104247,0.56957682835,37,37,37,1,0,0.405405405405,0.540540540541,0.0540540540541,37,0.179429429429,1.75793801436,12.9189189189,10.8636363636,6.82857142857,4.1990632446,0.325032092155,0.176297636549,6.73957876443,1.04336575014,0.560895623657,5.77636272808,0.894248623176,0.480153793961,0.67400313232,0.383405516471,2,1.75793801436,0.67400313232,2,0.192575679186,0.164278892073,172,0.0221364221364,0.333914163832,37,37,37,1,0,0.405405405405,0.540540540541,0.0540540540541,37,339,0.254504504505,1.71064218172,18.3243243243,15.4090909091,9.68571428571,5.22841623595,0.285326549749,0.140078131229,9.30804166512,1.01592195165,0.538946025672,8.16331058086,0.890980800861,0.470381886311,0.614846296255,0.359424257642,1.65434316599,1.71064218172,0.614846296255,1.65434316599,0.3333148522,0.353250478011,739,0.0951093951094,0.577245931287,37,37,37,1,0,0.405405405405,0.540540540541,0.0540540540541,-3,-0.00225225225225,-0.0146466363959,-0.162162162162,-0.136363636364,-0.0857142857143,-0.139293919444,-0.00503204052769,-0.00256451141407,-0.200449877253,-0.0127745017644,-0.00554583460964,0.109997234429,0.0197159066563,0.00855163500715,-0.0257532740706,-0.0118756450757,-0.345656834005,-0.0146466363959,-0.0257532740706,-0.345656834005,-0.0107565420472,-0.0233185596454,-71,-0.00913770913771,0.00766910293691,0,0,0,334,5,8,985,0.976608187135,0.994949494949,0.00505050505051,0.0233918128655,0.985250737463,0.976608187135,0.980910425844,0.974371936449,0.971557682084,0.962536023055,100,103,0,0,0,0
3053,WLNM_dir_neg,0.988712413988,0.883304087752,00:00:05,10,70,40,1239447275,threshold_sweep,0.2,0.949494949495,0.912621359223,0.930693069307,94,5,9,201,0.912621359223,0.97572815534,0.0242718446602,0.0873786407767,0.949494949495,0.912621359223,0.930693069307,0.954692556634,0.559870550162,0.897058823529,0.897447076663,0.888349514563,342,239,103,0,342,0,239,0,103,37,342,0.256756756757,1.72528881811,18.4864864865,15.5454545455,9.77142857143,5.36771015539,0.290358590277,0.142642642643,9.50849154237,1.02869645341,0.544491860281,8.05331334643,0.871264894205,0.461830251304,0.640599570326,0.371299902718,2,1.72528881811,0.640599570326,2,0.344071394247,0.376569037657,810,0.104247104247,0.56957682835,37,37,37,1,0,0.405405405405,0.540540540541,0.0540540540541,37,0.179429429429,1.75793801436,12.9189189189,10.8636363636,6.82857142857,4.1990632446,0.325032092155,0.176297636549,6.73957876443,1.04336575014,0.560895623657,5.77636272808,0.894248623176,0.480153793961,0.67400313232,0.383405516471,2,1.75793801436,0.67400313232,2,0.192575679186,0.164278892073,172,0.0221364221364,0.333914163832,37,37,37,1,0,0.405405405405,0.540540540541,0.0540540540541,37,338,0.253753753754,1.70994155123,18.2702702703,15.3636363636,9.65714285714,5.12428124309,0.280471014784,0.137693906925,9.24410371282,1.01192851294,0.537661922277,8.18590306619,0.896089980618,0.472733088118,0.613754858877,0.358933238645,1.62841983798,1.70994155123,0.613754858877,1.62841983798,0.3282824291,0.345226615236,716,0.0921492921493,0.57812887044,37,37,37,1,0,0.405405405405,0.540540540541,0.0540540540541,-4,-0.003003003003,-0.0153472668828,-0.216216216216,-0.181818181818,-0.114285714286,-0.243428912306,-0.00988757549275,-0.00494873571797,-0.26438782955,-0.0167679404725,-0.00682993800403,0.132589719753,0.0248250864132,0.0109028368138,-0.0268447114491,-0.012366664073,-0.371580162019,-0.0153472668828,-0.0268447114491,-0.371580162019,-0.0157889651477,-0.0313424224206,-94,-0.0120978120978,0.00855204208965,0,0,0,333,5,9,985,0.973684210526,0.994949494949,0.00505050505051,0.0263157894737,0.985207100592,0.973684210526,0.979411764706,0.972385972341,0.968633705476,0.959654178674,99,103,0,0,0,0
3054,WLNM_dir_neg,0.988712413988,0.883304087752,00:00:05,10,70,40,1239447275,threshold_sweep,0.3,0.949494949495,0.912621359223,0.930693069307,94,5,9,201,0.912621359223,0.97572815534,0.0242718446602,0.0873786407767,0.949494949495,0.912621359223,0.930693069307,0.954692556634,0.559870550162,0.897058823529,0.897447076663,0.888349514563,342,239,103,0,342,0,239,0,103,37,342,0.256756756757,1.72528881811,18.4864864865,15.5454545455,9.77142857143,5.36771015539,0.290358590277,0.142642642643,9.50849154237,1.02869645341,0.544491860281,8.05331334643,0.871264894205,0.461830251304,0.640599570326,0.371299902718,2,1.72528881811,0.640599570326,2,0.344071394247,0.376569037657,810,0.104247104247,0.56957682835,37,37,37,1,0,0.405405405405,0.540540540541,0.0540540540541,37,0.179429429429,1.75793801436,12.9189189189,10.8636363636,6.82857142857,4.1990632446,0.325032092155,0.176297636549,6.73957876443,1.04336575014,0.560895623657,5.77636272808,0.894248623176,0.480153793961,0.67400313232,0.383405516471,2,1.75793801436,0.67400313232,2,0.192575679186,0.164278892073,172,0.0221364221364,0.333914163832,37,37,37,1,0,0.405405405405,0.540540540541,0.0540540540541,37,338,0.253753753754,1.70994155123,18.2702702703,15.3636363636,9.65714285714,5.12428124309,0.280471014784,0.137693906925,9.24410371282,1.01192851294,0.537661922277,8.18590306619,0.896089980618,0.472733088118,0.613754858877,0.358933238645,1.62841983798,1.70994155123,0.613754858877,1.62841983798,0.3282824291,0.345226615236,716,0.0921492921493,0.57812887044,37,37,37,1,0,0.405405405405,0.540540540541,0.0540540540541,-4,-0.003003003003,-0.0153472668828,-0.216216216216,-0.181818181818,-0.114285714286,-0.243428912306,-0.00988757549275,-0.00494873571797,-0.26438782955,-0.0167679404725,-0.00682993800403,0.132589719753,0.0248250864132,0.0109028368138,-0.0268447114491,-0.012366664073,-0.371580162019,-0.0153472668828,-0.0268447114491,-0.371580162019,-0.0157889651477,-0.0313424224206,-94,-0.0120978120978,0.00855204208965,0,0,0,333,5,9,985,0.973684210526,0.994949494949,0.00505050505051,0.0263157894737,0.985207100592,0.973684210526,0.979411764706,0.972385972341,0.968633705476,0.959654178674,99,103,0,0,0,0
3055,WLNM_dir_neg,0.988712413988,0.883304087752,00:00:05,10,70,40,1239447275,threshold_sweep,0.4,0.958762886598,0.902912621359,0.93,93,4,10,202,0.902912621359,0.980582524272,0.0194174757282,0.0970873786408,0.958762886598,0.902912621359,0.93,0.954692556634,0.562028047465,0.896551724138,0.89743415179,0.883495145631,342,239,103,0,342,0,239,0,103,37,342,0.256756756757,1.72528881811,18.4864864865,15.5454545455,9.77142857143,5.36771015539,0.290358590277,0.142642642643,9.50849154237,1.02869645341,0.544491860281,8.05331334643,0.871264894205,0.461830251304,0.640599570326,0.371299902718,2,1.72528881811,0.640599570326,2,0.344071394247,0.376569037657,810,0.104247104247,0.56957682835,37,37,37,1,0,0.405405405405,0.540540540541,0.0540540540541,37,0.179429429429,1.75793801436,12.9189189189,10.8636363636,6.82857142857,4.1990632446,0.325032092155,0.176297636549,6.73957876443,1.04336575014,0.560895623657,5.77636272808,0.894248623176,0.480153793961,0.67400313232,0.383405516471,2,1.75793801436,0.67400313232,2,0.192575679186,0.164278892073,172,0.0221364221364,0.333914163832,37,37,37,1,0,0.405405405405,0.540540540541,0.0540540540541,37,336,0.252252252252,1.70759058442,18.1621621622,15.2727272727,9.6,5.00285203944,0.275454650981,0.13416988417,9.15416838379,1.00804830417,0.536036036036,8.22387573667,0.905605363859,0.476351351351,0.611255376565,0.357963660693,1.60654861615,1.70759058442,0.611255376565,1.60654861615,0.319098715367,0.332681017613,680,0.0875160875161,0.580697949222,37,37,37,1,0,0.405405405405,0.540540540541,0.0540540540541,-6,-0.0045045045045,-0.0176982336935,-0.324324324324,-0.272727272727,-0.171428571429,-0.364858115953,-0.0149039392961,-0.00847275847276,-0.354323158584,-0.0206481492473,-0.0084558242453,0.170562390232,0.0343404696542,0.0145211000474,-0.029344193761,-0.0133362420243,-0.393451383845,-0.0176982336935,-0.029344193761,-0.393451383845,-0.0249726788805,-0.0438880200444,-130,-0.016731016731,0.0111211208723,0,0,0,332,4,10,986,0.970760233918,0.99595959596,0.0040404040404,0.0292397660819,0.988095238095,0.970760233918,0.979351032448,0.972370936467,0.966719829878,0.959537572254,97,103,0,0,0,0
3056,WLNM_dir_neg,0.988712413988,0.883304087752,00:00:05,10,70,40,1239447275,threshold_sweep,0.5,0.958333333333,0.893203883495,0.924623115578,92,4,11,202,0.893203883495,0.980582524272,0.0194174757282,0.106796116505,0.958333333333,0.893203883495,0.924623115578,0.95145631068,0.563106796117,0.888888888889,0.890086243645,0.873786407767,342,239,103,0,342,0,239,0,103,37,342,0.256756756757,1.72528881811,18.4864864865,15.5454545455,9.77142857143,5.36771015539,0.290358590277,0.142642642643,9.50849154237,1.02869645341,0.544491860281,8.05331334643,0.871264894205,0.461830251304,0.640599570326,0.371299902718,2,1.72528881811,0.640599570326,2,0.344071394247,0.376569037657,810,0.104247104247,0.56957682835,37,37,37,1,0,0.405405405405,0.540540540541,0.0540540540541,37,0.179429429429,1.75793801436,12.9189189189,10.8636363636,6.82857142857,4.1990632446,0.325032092155,0.176297636549,6.73957876443,1.04336575014,0.560895623657,5.77636272808,0.894248623176,0.480153793961,0.67400313232,0.383405516471,2,1.75793801436,0.67400313232,2,0.192575679186,0.164278892073,172,0.0221364221364,0.333914163832,37,37,37,1,0,0.405405405405,0.540540540541,0.0540540540541,37,335,0.251501501502,1.70700082067,18.1081081081,15.2272727273,9.57142857143,4.91473851335,0.271410932827,0.13190802743,9.09501067725,1.00452356734,0.534731746672,8.23928916144,0.910011041712,0.477773295684,0.610373823982,0.35757090248,1.58472735746,1.70700082067,0.610373823982,1.58472735746,0.314276399056,0.32511100148,659,0.0848133848134,0.581241266037,37,37,37,1,0,0.405405405405,0.540540540541,0.0540540540541,-7,-0.00525525525526,-0.0182879974421,-0.378378378378,-0.318181818182,-0.2,-0.452971642038,-0.0189476574501,-0.0107346152122,-0.413480865129,-0.0241728860772,-0.00976011360929,0.18597581501,0.0387461475068,0.0159430443798,-0.0302257463443,-0.0137290002379,-0.415272642542,-0.0182879974421,-0.0302257463443,-0.415272642542,-0.0297949951918,-0.0514580361769,-151,-0.0194337194337,0.0116644376867,0,0,0,331,4,11,986,0.96783625731,0.99595959596,0.0040404040404,0.0321637426901,0.988059701493,0.96783625731,0.977843426883,0.97038867869,0.96379585327,0.956647398844,96,103,0,0,0,0
3057,WLNM_dir_neg,0.988712413988,0.883304087752,00:00:05,10,70,40,1239447275,threshold_sweep,0.6,0.958333333333,0.893203883495,0.924623115578,92,4,11,202,0.893203883495,0.980582524272,0.0194174757282,0.106796116505,0.958333333333,0.893203883495,0.924623115578,0.95145631068,0.563106796117,0.888888888889,0.890086243645,0.873786407767,342,239,103,0,342,0,239,0,103,37,342,0.256756756757,1.72528881811,18.4864864865,15.5454545455,9.77142857143,5.36771015539,0.290358590277,0.142642642643,9.50849154237,1.02869645341,0.544491860281,8.05331334643,0.871264894205,0.461830251304,0.640599570326,0.371299902718,2,1.72528881811,0.640599570326,2,0.344071394247,0.376569037657,810,0.104247104247,0.56957682835,37,37,37,1,0,0.405405405405,0.540540540541,0.0540540540541,37,0.179429429429,1.75793801436,12.9189189189,10.8636363636,6.82857142857,4.1990632446,0.325032092155,0.176297636549,6.73957876443,1.04336575014,0.560895623657,5.77636272808,0.894248623176,0.480153793961,0.67400313232,0.383405516471,2,1.75793801436,0.67400313232,2,0.192575679186,0.164278892073,172,0.0221364221364,0.333914163832,37,37,37,1,0,0.405405405405,0.540540540541,0.0540540540541,37,335,0.251501501502,1.70700082067,18.1081081081,15.2272727273,9.57142857143,4.91473851335,0.271410932827,0.13190802743,9.09501067725,1.00452356734,0.534731746672,8.23928916144,0.910011041712,0.477773295684,0.610373823982,0.35757090248,1.58472735746,1.70700082067,0.610373823982,1.58472735746,0.314276399056,0.32511100148,659,0.0848133848134,0.581241266037,37,37,37,1,0,0.405405405405,0.540540540541,0.0540540540541,-7,-0.00525525525526,-0.0182879974421,-0.378378378378,-0.318181818182,-0.2,-0.452971642038,-0.0189476574501,-0.0107346152122,-0.413480865129,-0.0241728860772,-0.00976011360929,0.18597581501,0.0387461475068,0.0159430443798,-0.0302257463443,-0.0137290002379,-0.415272642542,-0.0182879974421,-0.0302257463443,-0.415272642542,-0.0297949951918,-0.0514580361769,-151,-0.0194337194337,0.0116644376867,0,0,0,331,4,11,986,0.96783625731,0.99595959596,0.0040404040404,0.0321637426901,0.988059701493,0.96783625731,0.977843426883,0.97038867869,0.96379585327,0.956647398844,96,103,0,0,0,0
3058,WLNM_dir_neg,0.988712413988,0.883304087752,00:00:05,10,70,40,1239447275,threshold_sweep,0.7,0.958333333333,0.893203883495,0.924623115578,92,4,11,202,0.893203883495,0.980582524272,0.0194174757282,0.106796116505,0.958333333333,0.893203883495,0.924623115578,0.95145631068,0.563106796117,0.888888888889,0.890086243645,0.873786407767,342,239,103,0,342,0,239,0,103,37,342,0.256756756757,1.72528881811,18.4864864865,15.5454545455,9.77142857143,5.36771015539,0.290358590277,0.142642642643,9.50849154237,1.02869645341,0.544491860281,8.05331334643,0.871264894205,0.461830251304,0.640599570326,0.371299902718,2,1.72528881811,0.640599570326,2,0.344071394247,0.376569037657,810,0.104247104247,0.56957682835,37,37,37,1,0,0.405405405405,0.540540540541,0.0540540540541,37,0.179429429429,1.75793801436,12.9189189189,10.8636363636,6.82857142857,4.1990632446,0.325032092155,0.176297636549,6.73957876443,1.04336575014,0.560895623657,5.77636272808,0.894248623176,0.480153793961,0.67400313232,0.383405516471,2,1.75793801436,0.67400313232,2,0.192575679186,0.164278892073,172,0.0221364221364,0.333914163832,37,37,37,1,0,0.405405405405,0.540540540541,0.0540540540541,37,335,0.251501501502,1.70700082067,18.1081081081,15.2272727273,9.57142857143,4.91473851335,0.271410932827,0.13190802743,9.09501067725,1.00452356734,0.534731746672,8.23928916144,0.910011041712,0.477773295684,0.610373823982,0.35757090248,1.58472735746,1.70700082067,0.610373823982,1.58472735746,0.314276399056,0.32511100148,659,0.0848133848134,0.581241266037,37,37,37,1,0,0.405405405405,0.540540540541,0.0540540540541,-7,-0.00525525525526,-0.0182879974421,-0.378378378378,-0.318181818182,-0.2,-0.452971642038,-0.0189476574501,-0.0107346152122,-0.413480865129,-0.0241728860772,-0.00976011360929,0.18597581501,0.0387461475068,0.0159430443798,-0.0302257463443,-0.0137290002379,-0.415272642542,-0.0182879974421,-0.0302257463443,-0.415272642542,-0.0297949951918,-0.0514580361769,-151,-0.0194337194337,0.0116644376867,0,0,0,331,4,11,986,0.96783625731,0.99595959596,0.0040404040404,0.0321637426901,0.988059701493,0.96783625731,0.977843426883,0.97038867869,0.96379585327,0.956647398844,96,103,0,0,0,0
3059,WLNM_dir_neg,0.988712413988,0.883304087752,00:00:05,10,70,40,1239447275,threshold_sweep,0.8,0.957894736842,0.883495145631,0.919191919192,91,4,12,202,0.883495145631,0.980582524272,0.0194174757282,0.116504854369,0.957894736842,0.883495145631,0.919191919192,0.948220064725,0.564185544768,0.881188118812,0.882747131839,0.864077669903,342,239,103,0,342,0,239,0,103,37,342,0.256756756757,1.72528881811,18.4864864865,15.5454545455,9.77142857143,5.36771015539,0.290358590277,0.142642642643,9.50849154237,1.02869645341,0.544491860281,8.05331334643,0.871264894205,0.461830251304,0.640599570326,0.371299902718,2,1.72528881811,0.640599570326,2,0.344071394247,0.376569037657,810,0.104247104247,0.56957682835,37,37,37,1,0,0.405405405405,0.540540540541,0.0540540540541,37,0.179429429429,1.75793801436,12.9189189189,10.8636363636,6.82857142857,4.1990632446,0.325032092155,0.176297636549,6.73957876443,1.04336575014,0.560895623657,5.77636272808,0.894248623176,0.480153793961,0.67400313232,0.383405516471,2,1.75793801436,0.67400313232,2,0.192575679186,0.164278892073,172,0.0221364221364,0.333914163832,37,37,37,1,0,0.405405405405,0.540540540541,0.0540540540541,37,334,0.250750750751,1.70608463184,18.0540540541,15.1818181818,9.54285714286,4.93820674799,0.273523427658,0.132222042402,9.03845637782,1.00126612569,0.533419647192,8.2613103833,0.915175102342,0.480012947079,0.609043726377,0.356983302592,1.5508283707,1.70608463184,0.609043726377,1.5508283707,0.311720749132,0.325289256198,656,0.0844272844273,0.582289715204,37,37,37,1,0,0.405405405405,0.540540540541,0.0540540540541,-8,-0.00600600600601,-0.0192041862735,-0.432432432432,-0.363636363636,-0.228571428571,-0.429503407404,-0.016835162619,-0.010420600241,-0.470035164558,-0.0274303277285,-0.0110722130892,0.207997036868,0.0439102081369,0.0181826957749,-0.0315558439492,-0.0143166001253,-0.449171629302,-0.0192041862735,-0.0315558439492,-0.449171629302,-0.0323506451158,-0.0512797814586,-154,-0.0198198198198,0.0127128868544,0,0,0,330,4,12,986,0.964912280702,0.99595959596,0.0040404040404,0.0350877192982,0.988023952096,0.964912280702,0.976331360947,0.968406350339,0.960871876661,0.953757225434,95,103,0,0,0,0
3060,WLNM_dir_neg,0.988712413988,0.883304087752,00:00:05,10,70,40,1239447275,threshold_sweep,0.9,0.978260869565,0.873786407767,0.923076923077,90,2,13,204,0.873786407767,0.990291262136,0.00970873786408,0.126213592233,0.978260869565,0.873786407767,0.923076923077,0.95145631068,0.567421790723,0.887780548628,0.890802082975,0.864077669903,342,239,103,0,342,0,239,0,103,37,342,0.256756756757,1.72528881811,18.4864864865,15.5454545455,9.77142857143,5.36771015539,0.290358590277,0.142642642643,9.50849154237,1.02869645341,0.544491860281,8.05331334643,0.871264894205,0.461830251304,0.640599570326,0.371299902718,2,1.72528881811,0.640599570326,2,0.344071394247,0.376569037657,810,0.104247104247,0.56957682835,37,37,37,1,0,0.405405405405,0.540540540541,0.0540540540541,37,0.179429429429,1.75793801436,12.9189189189,10.8636363636,6.82857142857,4.1990632446,0.325032092155,0.176297636549,6.73957876443,1.04336575014,0.560895623657,5.77636272808,0.894248623176,0.480153793961,0.67400313232,0.383405516471,2,1.75793801436,0.67400313232,2,0.192575679186,0.164278892073,172,0.0221364221364,0.333914163832,37,37,37,1,0,0.405405405405,0.540540540541,0.0540540540541,37,331,0.248498498498,1.71834032484,17.8918918919,15.0454545455,9.45714285714,4.92602941178,0.275321885553,0.131215807953,8.99365809256,1.00533338195,0.53400832857,8.27629125859,0.925144340084,0.484526822895,0.630876511888,0.367142935987,2,1.71834032484,0.630876511888,2,0.302315576754,0.319692667446,638,0.0821106821107,0.582762631063,37,37,37,1,0,0.405405405405,0.540540540541,0.0540540540541,-11,-0.00825825825826,-0.00694849327238,-0.594594594595,-0.5,-0.314285714286,-0.441680743609,-0.0150367047242,-0.0114268346897,-0.514833449814,-0.0233630714669,-0.0104835317111,0.222977912155,0.0538794458791,0.0226965715915,-0.00972305843827,-0.00415696673059,0,-0.00694849327238,-0.00972305843827,0,-0.0417558174938,-0.0568763702108,-172,-0.0221364221364,0.0131858027132,0,0,0,329,2,13,988,0.961988304094,0.99797979798,0.0020202020202,0.0380116959064,0.993957703927,0.961988304094,0.977711738484,0.970412578428,0.959968102073,0.956395348837,92,103,0,0,0,0
3061,WLNM_dir_neg,0.957135451032,0.240358829451,00:00:05,10,70,41,1239447276,threshold_sweep,0.1,0.988505747126,0.834951456311,0.905263157895,86,1,17,205,0.834951456311,0.995145631068,0.00485436893204,0.165048543689,0.988505747126,0.834951456311,0.905263157895,0.941747572816,0.572815533981,0.863636363636,0.870051577994,0.830097087379,342,239,103,0,342,0,239,0,103,37,342,0.256756756757,1.72528881811,18.4864864865,15.5454545455,9.77142857143,5.36771015539,0.290358590277,0.142642642643,9.50849154237,1.02869645341,0.544491860281,8.05331334643,0.871264894205,0.461830251304,0.640599570326,0.371299902718,2,1.72528881811,0.640599570326,2,0.344071394247,0.376569037657,810,0.104247104247,0.56957682835,37,37,37,1,0,0.405405405405,0.540540540541,0.0540540540541,37,0.179429429429,1.78038441956,12.9189189189,10.8636363636,6.82857142857,3.96076857285,0.306586688694,0.163858419089,6.50040423783,1.00633873138,0.538278864639,5.78116959809,0.894992782968,0.482867805044,0.707756581824,0.397530204178,2,1.78038441956,0.707756581824,2,0.189502637026,0.159010600707,165,0.0212355212355,0.335550827122,37,37,37,1,0,0.405405405405,0.540540540541,0.0540540540541,37,326,0.244744744745,1.71914007601,17.6216216216,14.8181818182,9.31428571429,4.7102214583,0.267297843492,0.124854916266,8.80920553183,0.99981780576,0.529099651799,8.16781569413,0.927022026634,0.487481346377,0.632114889588,0.367692486733,2,1.71914007601,0.632114889588,2,0.295408095563,0.304204879737,586,0.0754182754183,0.570577576531,37,37,37,1,0,0.405405405405,0.540540540541,0.0540540540541,-16,-0.012012012012,-0.00614874210992,-0.864864864865,-0.727272727273,-0.457142857143,-0.657488697098,-0.0230607467849,-0.0177877263767,-0.69928601054,-0.0288786476545,-0.0153922084823,0.114502347692,0.0557571324291,0.0256510950731,-0.0084846807376,-0.00360741598483,0,-0.00614874210992,-0.0084846807376,0,-0.0486632986845,-0.0723641579199,-224,-0.0288288288288,0.00100074818068,0,0,0,325,1,17,989,0.950292397661,0.99898989899,0.0010101010101,0.0497076023392,0.996932515337,0.950292397661,0.973053892216,0.964535555602,0.949282296651,0.947521865889,87,103,0,0,0,0
3062,WLNM_dir_neg,0.957135451032,0.240358829451,00:00:05,10,70,41,1239447276,threshold_sweep,0.2,0.988505747126,0.834951456311,0.905263157895,86,1,17,205,0.834951456311,0.995145631068,0.00485436893204,0.165048543689,0.988505747126,0.834951456311,0.905263157895,0.941747572816,0.572815533981,0.863636363636,0.870051577994,0.830097087379,342,239,103,0,342,0,239,0,103,37,342,0.256756756757,1.72528881811,18.4864864865,15.5454545455,9.77142857143,5.36771015539,0.290358590277,0.142642642643,9.50849154237,1.02869645341,0.544491860281,8.05331334643,0.871264894205,0.461830251304,0.640599570326,0.371299902718,2,1.72528881811,0.640599570326,2,0.344071394247,0.376569037657,810,0.104247104247,0.56957682835,37,37,37,1,0,0.405405405405,0.540540540541,0.0540540540541,37,0.179429429429,1.78038441956,12.9189189189,10.8636363636,6.82857142857,3.96076857285,0.306586688694,0.163858419089,6.50040423783,1.00633873138,0.538278864639,5.78116959809,0.894992782968,0.482867805044,0.707756581824,0.397530204178,2,1.78038441956,0.707756581824,2,0.189502637026,0.159010600707,165,0.0212355212355,0.335550827122,37,37,37,1,0,0.405405405405,0.540540540541,0.0540540540541,37,326,0.244744744745,1.71914007601,17.6216216216,14.8181818182,9.31428571429,4.7102214583,0.267297843492,0.124854916266,8.80920553183,0.99981780576,0.529099651799,8.16781569413,0.927022026634,0.487481346377,0.632114889588,0.367692486733,2,1.71914007601,0.632114889588,2,0.295408095563,0.304204879737,586,0.0754182754183,0.570577576531,37,37,37,1,0,0.405405405405,0.540540540541,0.0540540540541,-16,-0.012012012012,-0.00614874210992,-0.864864864865,-0.727272727273,-0.457142857143,-0.657488697098,-0.0230607467849,-0.0177877263767,-0.69928601054,-0.0288786476545,-0.0153922084823,0.114502347692,0.0557571324291,0.0256510950731,-0.0084846807376,-0.00360741598483,0,-0.00614874210992,-0.0084846807376,0,-0.0486632986845,-0.0723641579199,-224,-0.0288288288288,0.00100074818068,0,0,0,325,1,17,989,0.950292397661,0.99898989899,0.0010101010101,0.0497076023392,0.996932515337,0.950292397661,0.973053892216,0.964535555602,0.949282296651,0.947521865889,87,103,0,0,0,0
3063,WLNM_dir_neg,0.957135451032,0.240358829451,00:00:05,10,70,41,1239447276,threshold_sweep,0.3,0.988505747126,0.834951456311,0.905263157895,86,1,17,205,0.834951456311,0.995145631068,0.00485436893204,0.165048543689,0.988505747126,0.834951456311,0.905263157895,0.941747572816,0.572815533981,0.863636363636,0.870051577994,0.830097087379,342,239,103,0,342,0,239,0,103,37,342,0.256756756757,1.72528881811,18.4864864865,15.5454545455,9.77142857143,5.36771015539,0.290358590277,0.142642642643,9.50849154237,1.02869645341,0.544491860281,8.05331334643,0.871264894205,0.461830251304,0.640599570326,0.371299902718,2,1.72528881811,0.640599570326,2,0.344071394247,0.376569037657,810,0.104247104247,0.56957682835,37,37,37,1,0,0.405405405405,0.540540540541,0.0540540540541,37,0.179429429429,1.78038441956,12.9189189189,10.8636363636,6.82857142857,3.96076857285,0.306586688694,0.163858419089,6.50040423783,1.00633873138,0.538278864639,5.78116959809,0.894992782968,0.482867805044,0.707756581824,0.397530204178,2,1.78038441956,0.707756581824,2,0.189502637026,0.159010600707,165,0.0212355212355,0.335550827122,37,37,37,1,0,0.405405405405,0.540540540541,0.0540540540541,37,326,0.244744744745,1.71914007601,17.6216216216,14.8181818182,9.31428571429,4.7102214583,0.267297843492,0.124854916266,8.80920553183,0.99981780576,0.529099651799,8.16781569413,0.927022026634,0.487481346377,0.632114889588,0.367692486733,2,1.71914007601,0.632114889588,2,0.295408095563,0.304204879737,586,0.0754182754183,0.570577576531,37,37,37,1,0,0.405405405405,0.540540540541,0.0540540540541,-16,-0.012012012012,-0.00614874210992,-0.864864864865,-0.727272727273,-0.457142857143,-0.657488697098,-0.0230607467849,-0.0177877263767,-0.69928601054,-0.0288786476545,-0.0153922084823,0.114502347692,0.0557571324291,0.0256510950731,-0.0084846807376,-0.00360741598483,0,-0.00614874210992,-0.0084846807376,0,-0.0486632986845,-0.0723641579199,-224,-0.0288288288288,0.00100074818068,0,0,0,325,1,17,989,0.950292397661,0.99898989899,0.0010101010101,0.0497076023392,0.996932515337,0.950292397661,0.973053892216,0.964535555602,0.949282296651,0.947521865889,87,103,0,0,0,0
3064,WLNM_dir_neg,0.957135451032,0.240358829451,00:00:05,10,70,41,1239447276,threshold_sweep,0.4,0.988372093023,0.825242718447,0.899470899471,85,1,18,205,0.825242718447,0.995145631068,0.00485436893204,0.174757281553,0.988372093023,0.825242718447,0.899470899471,0.938511326861,0.573894282632,0.855696202532,0.862919036003,0.820388349515,342,239,103,0,342,0,239,0,103,37,342,0.256756756757,1.72528881811,18.4864864865,15.5454545455,9.77142857143,5.36771015539,0.290358590277,0.142642642643,9.50849154237,1.02869645341,0.544491860281,8.05331334643,0.871264894205,0.461830251304,0.640599570326,0.371299902718,2,1.72528881811,0.640599570326,2,0.344071394247,0.376569037657,810,0.104247104247,0.56957682835,37,37,37,1,0,0.405405405405,0.540540540541,0.0540540540541,37,0.179429429429,1.78038441956,12.9189189189,10.8636363636,6.82857142857,3.96076857285,0.306586688694,0.163858419089,6.50040423783,1.00633873138,0.538278864639,5.78116959809,0.894992782968,0.482867805044,0.707756581824,0.397530204178,2,1.78038441956,0.707756581824,2,0.189502637026,0.159010600707,165,0.0212355212355,0.335550827122,37,37,37,1,0,0.405405405405,0.540540540541,0.0540540540541,37,325,0.243993993994,1.73315409002,17.5675675676,14.7727272727,9.28571428571,4.86221566173,0.276772276129,0.128066528067,8.83218588502,1.00551039306,0.530893970894,8.17562479819,0.930763438564,0.488482328482,0.654864686957,0.377845623034,2,1.73315409002,0.654864686957,2,0.306436706592,0.3041067406,585,0.0752895752896,0.569425769731,37,37,37,1,0,0.405405405405,0.540540540541,0.0540540540541,-17,-0.0127627627628,0.0078652719041,-0.918918918919,-0.772727272727,-0.485714285714,-0.505494493667,-0.0135863141481,-0.0145761145761,-0.676305657357,-0.0231860603512,-0.0135978893874,0.12231145176,0.0594985443587,0.0266520771784,0.0142651166305,0.00654572031594,0,0.0078652719041,0.0142651166305,0,-0.0376346876559,-0.0724622970574,-225,-0.0289575289575,-0.00015105861843,0,0,0,324,1,18,989,0.947368421053,0.99898989899,0.0010101010101,0.0526315789474,0.996923076923,0.947368421053,0.971514242879,0.962564496951,0.946358320043,0.944606413994,86,103,0,0,0,0
3065,WLNM_dir_neg,0.957135451032,0.240358829451,00:00:05,10,70,41,1239447276,threshold_sweep,0.5,0.988372093023,0.825242718447,0.899470899471,85,1,18,205,0.825242718447,0.995145631068,0.00485436893204,0.174757281553,0.988372093023,0.825242718447,0.899470899471,0.938511326861,0.573894282632,0.855696202532,0.862919036003,0.820388349515,342,239,103,0,342,0,239,0,103,37,342,0.256756756757,1.72528881811,18.4864864865,15.5454545455,9.77142857143,5.36771015539,0.290358590277,0.142642642643,9.50849154237,1.02869645341,0.544491860281,8.05331334643,0.871264894205,0.461830251304,0.640599570326,0.371299902718,2,1.72528881811,0.640599570326,2,0.344071394247,0.376569037657,810,0.104247104247,0.56957682835,37,37,37,1,0,0.405405405405,0.540540540541,0.0540540540541,37,0.179429429429,1.78038441956,12.9189189189,10.8636363636,6.82857142857,3.96076857285,0.306586688694,0.163858419089,6.50040423783,1.00633873138,0.538278864639,5.78116959809,0.894992782968,0.482867805044,0.707756581824,0.397530204178,2,1.78038441956,0.707756581824,2,0.189502637026,0.159010600707,165,0.0212355212355,0.335550827122,37,37,37,1,0,0.405405405405,0.540540540541,0.0540540540541,37,325,0.243993993994,1.73315409002,17.5675675676,14.7727272727,9.28571428571,4.86221566173,0.276772276129,0.128066528067,8.83218588502,1.00551039306,0.530893970894,8.17562479819,0.930763438564,0.488482328482,0.654864686957,0.377845623034,2,1.73315409002,0.654864686957,2,0.306436706592,0.3041067406,585,0.0752895752896,0.569425769731,37,37,37,1,0,0.405405405405,0.540540540541,0.0540540540541,-17,-0.0127627627628,0.0078652719041,-0.918918918919,-0.772727272727,-0.485714285714,-0.505494493667,-0.0135863141481,-0.0145761145761,-0.676305657357,-0.0231860603512,-0.0135978893874,0.12231145176,0.0594985443587,0.0266520771784,0.0142651166305,0.00654572031594,0,0.0078652719041,0.0142651166305,0,-0.0376346876559,-0.0724622970574,-225,-0.0289575289575,-0.00015105861843,0,0,0,324,1,18,989,0.947368421053,0.99898989899,0.0010101010101,0.0526315789474,0.996923076923,0.947368421053,0.971514242879,0.962564496951,0.946358320043,0.944606413994,86,103,0,0,0,0
3066,WLNM_dir_neg,0.957135451032,0.240358829451,00:00:05,10,70,41,1239447276,threshold_sweep,0.6,0.988372093023,0.825242718447,0.899470899471,85,1,18,205,0.825242718447,0.995145631068,0.00485436893204,0.174757281553,0.988372093023,0.825242718447,0.899470899471,0.938511326861,0.573894282632,0.855696202532,0.862919036003,0.820388349515,342,239,103,0,342,0,239,0,103,37,342,0.256756756757,1.72528881811,18.4864864865,15.5454545455,9.77142857143,5.36771015539,0.290358590277,0.142642642643,9.50849154237,1.02869645341,0.544491860281,8.05331334643,0.871264894205,0.461830251304,0.640599570326,0.371299902718,2,1.72528881811,0.640599570326,2,0.344071394247,0.376569037657,810,0.104247104247,0.56957682835,37,37,37,1,0,0.405405405405,0.540540540541,0.0540540540541,37,0.179429429429,1.78038441956,12.9189189189,10.8636363636,6.82857142857,3.96076857285,0.306586688694,0.163858419089,6.50040423783,1.00633873138,0.538278864639,5.78116959809,0.894992782968,0.482867805044,0.707756581824,0.397530204178,2,1.78038441956,0.707756581824,2,0.189502637026,0.159010600707,165,0.0212355212355,0.335550827122,37,37,37,1,0,0.405405405405,0.540540540541,0.0540540540541,37,325,0.243993993994,1.73315409002,17.5675675676,14.7727272727,9.28571428571,4.86221566173,0.276772276129,0.128066528067,8.83218588502,1.00551039306,0.530893970894,8.17562479819,0.930763438564,0.488482328482,0.654864686957,0.377845623034,2,1.73315409002,0.654864686957,2,0.306436706592,0.3041067406,585,0.0752895752896,0.569425769731,37,37,37,1,0,0.405405405405,0.540540540541,0.0540540540541,-17,-0.0127627627628,0.0078652719041,-0.918918918919,-0.772727272727,-0.485714285714,-0.505494493667,-0.0135863141481,-0.0145761145761,-0.676305657357,-0.0231860603512,-0.0135978893874,0.12231145176,0.0594985443587,0.0266520771784,0.0142651166305,0.00654572031594,0,0.0078652719041,0.0142651166305,0,-0.0376346876559,-0.0724622970574,-225,-0.0289575289575,-0.00015105861843,0,0,0,324,1,18,989,0.947368421053,0.99898989899,0.0010101010101,0.0526315789474,0.996923076923,0.947368421053,0.971514242879,0.962564496951,0.946358320043,0.944606413994,86,103,0,0,0,0
3067,WLNM_dir_neg,0.957135451032,0.240358829451,00:00:05,10,70,41,1239447276,threshold_sweep,0.7,0.988372093023,0.825242718447,0.899470899471,85,1,18,205,0.825242718447,0.995145631068,0.00485436893204,0.174757281553,0.988372093023,0.825242718447,0.899470899471,0.938511326861,0.573894282632,0.855696202532,0.862919036003,0.820388349515,342,239,103,0,342,0,239,0,103,37,342,0.256756756757,1.72528881811,18.4864864865,15.5454545455,9.77142857143,5.36771015539,0.290358590277,0.142642642643,9.50849154237,1.02869645341,0.544491860281,8.05331334643,0.871264894205,0.461830251304,0.640599570326,0.371299902718,2,1.72528881811,0.640599570326,2,0.344071394247,0.376569037657,810,0.104247104247,0.56957682835,37,37,37,1,0,0.405405405405,0.540540540541,0.0540540540541,37,0.179429429429,1.78038441956,12.9189189189,10.8636363636,6.82857142857,3.96076857285,0.306586688694,0.163858419089,6.50040423783,1.00633873138,0.538278864639,5.78116959809,0.894992782968,0.482867805044,0.707756581824,0.397530204178,2,1.78038441956,0.707756581824,2,0.189502637026,0.159010600707,165,0.0212355212355,0.335550827122,37,37,37,1,0,0.405405405405,0.540540540541,0.0540540540541,37,325,0.243993993994,1.73315409002,17.5675675676,14.7727272727,9.28571428571,4.86221566173,0.276772276129,0.128066528067,8.83218588502,1.00551039306,0.530893970894,8.17562479819,0.930763438564,0.488482328482,0.654864686957,0.377845623034,2,1.73315409002,0.654864686957,2,0.306436706592,0.3041067406,585,0.0752895752896,0.569425769731,37,37,37,1,0,0.405405405405,0.540540540541,0.0540540540541,-17,-0.0127627627628,0.0078652719041,-0.918918918919,-0.772727272727,-0.485714285714,-0.505494493667,-0.0135863141481,-0.0145761145761,-0.676305657357,-0.0231860603512,-0.0135978893874,0.12231145176,0.0594985443587,0.0266520771784,0.0142651166305,0.00654572031594,0,0.0078652719041,0.0142651166305,0,-0.0376346876559,-0.0724622970574,-225,-0.0289575289575,-0.00015105861843,0,0,0,324,1,18,989,0.947368421053,0.99898989899,0.0010101010101,0.0526315789474,0.996923076923,0.947368421053,0.971514242879,0.962564496951,0.946358320043,0.944606413994,86,103,0,0,0,0
3068,WLNM_dir_neg,0.957135451032,0.240358829451,00:00:05,10,70,41,1239447276,threshold_sweep,0.8,0.988372093023,0.825242718447,0.899470899471,85,1,18,205,0.825242718447,0.995145631068,0.00485436893204,0.174757281553,0.988372093023,0.825242718447,0.899470899471,0.938511326861,0.573894282632,0.855696202532,0.862919036003,0.820388349515,342,239,103,0,342,0,239,0,103,37,342,0.256756756757,1.72528881811,18.4864864865,15.5454545455,9.77142857143,5.36771015539,0.290358590277,0.142642642643,9.50849154237,1.02869645341,0.544491860281,8.05331334643,0.871264894205,0.461830251304,0.640599570326,0.371299902718,2,1.72528881811,0.640599570326,2,0.344071394247,0.376569037657,810,0.104247104247,0.56957682835,37,37,37,1,0,0.405405405405,0.540540540541,0.0540540540541,37,0.179429429429,1.78038441956,12.9189189189,10.8636363636,6.82857142857,3.96076857285,0.306586688694,0.163858419089,6.50040423783,1.00633873138,0.538278864639,5.78116959809,0.894992782968,0.482867805044,0.707756581824,0.397530204178,2,1.78038441956,0.707756581824,2,0.189502637026,0.159010600707,165,0.0212355212355,0.335550827122,37,37,37,1,0,0.405405405405,0.540540540541,0.0540540540541,37,325,0.243993993994,1.73315409002,17.5675675676,14.7727272727,9.28571428571,4.86221566173,0.276772276129,0.128066528067,8.83218588502,1.00551039306,0.530893970894,8.17562479819,0.930763438564,0.488482328482,0.654864686957,0.377845623034,2,1.73315409002,0.654864686957,2,0.306436706592,0.3041067406,585,0.0752895752896,0.569425769731,37,37,37,1,0,0.405405405405,0.540540540541,0.0540540540541,-17,-0.0127627627628,0.0078652719041,-0.918918918919,-0.772727272727,-0.485714285714,-0.505494493667,-0.0135863141481,-0.0145761145761,-0.676305657357,-0.0231860603512,-0.0135978893874,0.12231145176,0.0594985443587,0.0266520771784,0.0142651166305,0.00654572031594,0,0.0078652719041,0.0142651166305,0,-0.0376346876559,-0.0724622970574,-225,-0.0289575289575,-0.00015105861843,0,0,0,324,1,18,989,0.947368421053,0.99898989899,0.0010101010101,0.0526315789474,0.996923076923,0.947368421053,0.971514242879,0.962564496951,0.946358320043,0.944606413994,86,103,0,0,0,0
3069,WLNM_dir_neg,0.957135451032,0.240358829451,00:00:05,10,70,41,1239447276,threshold_sweep,0.9,0.988372093023,0.825242718447,0.899470899471,85,1,18,205,0.825242718447,0.995145631068,0.00485436893204,0.174757281553,0.988372093023,0.825242718447,0.899470899471,0.938511326861,0.573894282632,0.855696202532,0.862919036003,0.820388349515,342,239,103,0,342,0,239,0,103,37,342,0.256756756757,1.72528881811,18.4864864865,15.5454545455,9.77142857143,5.36771015539,0.290358590277,0.142642642643,9.50849154237,1.02869645341,0.544491860281,8.05331334643,0.871264894205,0.461830251304,0.640599570326,0.371299902718,2,1.72528881811,0.640599570326,2,0.344071394247,0.376569037657,810,0.104247104247,0.56957682835,37,37,37,1,0,0.405405405405,0.540540540541,0.0540540540541,37,0.179429429429,1.78038441956,12.9189189189,10.8636363636,6.82857142857,3.96076857285,0.306586688694,0.163858419089,6.50040423783,1.00633873138,0.538278864639,5.78116959809,0.894992782968,0.482867805044,0.707756581824,0.397530204178,2,1.78038441956,0.707756581824,2,0.189502637026,0.159010600707,165,0.0212355212355,0.335550827122,37,37,37,1,0,0.405405405405,0.540540540541,0.0540540540541,37,325,0.243993993994,1.73315409002,17.5675675676,14.7727272727,9.28571428571,4.86221566173,0.276772276129,0.128066528067,8.83218588502,1.00551039306,0.530893970894,8.17562479819,0.930763438564,0.488482328482,0.654864686957,0.377845623034,2,1.73315409002,0.654864686957,2,0.306436706592,0.3041067406,585,0.0752895752896,0.569425769731,37,37,37,1,0,0.405405405405,0.540540540541,0.0540540540541,-17,-0.0127627627628,0.0078652719041,-0.918918918919,-0.772727272727,-0.485714285714,-0.505494493667,-0.0135863141481,-0.0145761145761,-0.676305657357,-0.0231860603512,-0.0135978893874,0.12231145176,0.0594985443587,0.0266520771784,0.0142651166305,0.00654572031594,0,0.0078652719041,0.0142651166305,0,-0.0376346876559,-0.0724622970574,-225,-0.0289575289575,-0.00015105861843,0,0,0,324,1,18,989,0.947368421053,0.99898989899,0.0010101010101,0.0526315789474,0.996923076923,0.947368421053,0.971514242879,0.962564496951,0.946358320043,0.944606413994,86,103,0,0,0,0
3070,WLNM_dir_neg,0.977448392874,0.908743768207,00:00:06,10,70,42,1239447277,threshold_sweep,0.1,1,0.825242718447,0.904255319149,85,0,18,206,0.825242718447,1,0,0.174757281553,1,0.825242718447,0.904255319149,0.941747572816,0.574973031284,0.862944162437,0.871165065546,0.825242718447,342,239,103,0,342,0,239,0,103,37,342,0.256756756757,1.72528881811,18.4864864865,15.5454545455,9.77142857143,5.36771015539,0.290358590277,0.142642642643,9.50849154237,1.02869645341,0.544491860281,8.05331334643,0.871264894205,0.461830251304,0.640599570326,0.371299902718,2,1.72528881811,0.640599570326,2,0.344071394247,0.376569037657,810,0.104247104247,0.56957682835,37,37,37,1,0,0.405405405405,0.540540540541,0.0540540540541,37,0.179429429429,1.75675710539,12.9189189189,10.8636363636,6.82857142857,3.91846326439,0.303312010005,0.162614497343,6.47042242565,1.0016971956,0.538505032229,5.86701985014,0.908283407762,0.488748162388,0.674515054491,0.383954647128,2,1.75675710539,0.674515054491,2,0.190384460044,0.183021304067,189,0.0243243243243,0.339587186322,37,37,37,1,0,0.405405405405,0.540540540541,0.0540540540541,37,324,0.243243243243,1.71612186991,17.5135135135,14.7272727273,9.25714285714,4.9081656543,0.280250199397,0.134551217885,8.78889894951,1.00367055905,0.53036369703,8.1867284383,0.93490417351,0.48982315649,0.630032857252,0.367125941518,2,1.71612186991,0.630032857252,2,0.290805978752,0.310759052925,595,0.0765765765766,0.573261541368,37,37,37,1,0,0.405405405405,0.540540540541,0.0540540540541,-18,-0.0135135135135,-0.00916694820029,-0.972972972973,-0.818181818182,-0.514285714286,-0.459544501089,-0.0101083908801,-0.00809142475809,-0.719592592862,-0.0250258943655,-0.014128163251,0.133415091869,0.0636392793051,0.0279929051859,-0.0105667130739,-0.00417396119967,0,-0.00916694820029,-0.0105667130739,0,-0.0532654154955,-0.0658099847321,-215,-0.0276705276705,0.00368471301816,0,0,0,324,0,18,990,0.947368421053,1,0,0.0526315789474,1,0.947368421053,0.972972972973,0.96459894662,0.947368421053,0.947368421053,85,103,0,0,0,0
3071,WLNM_dir_neg,0.977448392874,0.908743768207,00:00:06,10,70,42,1239447277,threshold_sweep,0.2,1,0.825242718447,0.904255319149,85,0,18,206,0.825242718447,1,0,0.174757281553,1,0.825242718447,0.904255319149,0.941747572816,0.574973031284,0.862944162437,0.871165065546,0.825242718447,342,239,103,0,342,0,239,0,103,37,342,0.256756756757,1.72528881811,18.4864864865,15.5454545455,9.77142857143,5.36771015539,0.290358590277,0.142642642643,9.50849154237,1.02869645341,0.544491860281,8.05331334643,0.871264894205,0.461830251304,0.640599570326,0.371299902718,2,1.72528881811,0.640599570326,2,0.344071394247,0.376569037657,810,0.104247104247,0.56957682835,37,37,37,1,0,0.405405405405,0.540540540541,0.0540540540541,37,0.179429429429,1.75675710539,12.9189189189,10.8636363636,6.82857142857,3.91846326439,0.303312010005,0.162614497343,6.47042242565,1.0016971956,0.538505032229,5.86701985014,0.908283407762,0.488748162388,0.674515054491,0.383954647128,2,1.75675710539,0.674515054491,2,0.190384460044,0.183021304067,189,0.0243243243243,0.339587186322,37,37,37,1,0,0.405405405405,0.540540540541,0.0540540540541,37,324,0.243243243243,1.71612186991,17.5135135135,14.7272727273,9.25714285714,4.9081656543,0.280250199397,0.134551217885,8.78889894951,1.00367055905,0.53036369703,8.1867284383,0.93490417351,0.48982315649,0.630032857252,0.367125941518,2,1.71612186991,0.630032857252,2,0.290805978752,0.310759052925,595,0.0765765765766,0.573261541368,37,37,37,1,0,0.405405405405,0.540540540541,0.0540540540541,-18,-0.0135135135135,-0.00916694820029,-0.972972972973,-0.818181818182,-0.514285714286,-0.459544501089,-0.0101083908801,-0.00809142475809,-0.719592592862,-0.0250258943655,-0.014128163251,0.133415091869,0.0636392793051,0.0279929051859,-0.0105667130739,-0.00417396119967,0,-0.00916694820029,-0.0105667130739,0,-0.0532654154955,-0.0658099847321,-215,-0.0276705276705,0.00368471301816,0,0,0,324,0,18,990,0.947368421053,1,0,0.0526315789474,1,0.947368421053,0.972972972973,0.96459894662,0.947368421053,0.947368421053,85,103,0,0,0,0
3072,WLNM_dir_neg,0.977448392874,0.908743768207,00:00:06,10,70,42,1239447277,threshold_sweep,0.3,1,0.825242718447,0.904255319149,85,0,18,206,0.825242718447,1,0,0.174757281553,1,0.825242718447,0.904255319149,0.941747572816,0.574973031284,0.862944162437,0.871165065546,0.825242718447,342,239,103,0,342,0,239,0,103,37,342,0.256756756757,1.72528881811,18.4864864865,15.5454545455,9.77142857143,5.36771015539,0.290358590277,0.142642642643,9.50849154237,1.02869645341,0.544491860281,8.05331334643,0.871264894205,0.461830251304,0.640599570326,0.371299902718,2,1.72528881811,0.640599570326,2,0.344071394247,0.376569037657,810,0.104247104247,0.56957682835,37,37,37,1,0,0.405405405405,0.540540540541,0.0540540540541,37,0.179429429429,1.75675710539,12.9189189189,10.8636363636,6.82857142857,3.91846326439,0.303312010005,0.162614497343,6.47042242565,1.0016971956,0.538505032229,5.86701985014,0.908283407762,0.488748162388,0.674515054491,0.383954647128,2,1.75675710539,0.674515054491,2,0.190384460044,0.183021304067,189,0.0243243243243,0.339587186322,37,37,37,1,0,0.405405405405,0.540540540541,0.0540540540541,37,324,0.243243243243,1.71612186991,17.5135135135,14.7272727273,9.25714285714,4.9081656543,0.280250199397,0.134551217885,8.78889894951,1.00367055905,0.53036369703,8.1867284383,0.93490417351,0.48982315649,0.630032857252,0.367125941518,2,1.71612186991,0.630032857252,2,0.290805978752,0.310759052925,595,0.0765765765766,0.573261541368,37,37,37,1,0,0.405405405405,0.540540540541,0.0540540540541,-18,-0.0135135135135,-0.00916694820029,-0.972972972973,-0.818181818182,-0.514285714286,-0.459544501089,-0.0101083908801,-0.00809142475809,-0.719592592862,-0.0250258943655,-0.014128163251,0.133415091869,0.0636392793051,0.0279929051859,-0.0105667130739,-0.00417396119967,0,-0.00916694820029,-0.0105667130739,0,-0.0532654154955,-0.0658099847321,-215,-0.0276705276705,0.00368471301816,0,0,0,324,0,18,990,0.947368421053,1,0,0.0526315789474,1,0.947368421053,0.972972972973,0.96459894662,0.947368421053,0.947368421053,85,103,0,0,0,0
3073,WLNM_dir_neg,0.977448392874,0.908743768207,00:00:06,10,70,42,1239447277,threshold_sweep,0.4,1,0.825242718447,0.904255319149,85,0,18,206,0.825242718447,1,0,0.174757281553,1,0.825242718447,0.904255319149,0.941747572816,0.574973031284,0.862944162437,0.871165065546,0.825242718447,342,239,103,0,342,0,239,0,103,37,342,0.256756756757,1.72528881811,18.4864864865,15.5454545455,9.77142857143,5.36771015539,0.290358590277,0.142642642643,9.50849154237,1.02869645341,0.544491860281,8.05331334643,0.871264894205,0.461830251304,0.640599570326,0.371299902718,2,1.72528881811,0.640599570326,2,0.344071394247,0.376569037657,810,0.104247104247,0.56957682835,37,37,37,1,0,0.405405405405,0.540540540541,0.0540540540541,37,0.179429429429,1.75675710539,12.9189189189,10.8636363636,6.82857142857,3.91846326439,0.303312010005,0.162614497343,6.47042242565,1.0016971956,0.538505032229,5.86701985014,0.908283407762,0.488748162388,0.674515054491,0.383954647128,2,1.75675710539,0.674515054491,2,0.190384460044,0.183021304067,189,0.0243243243243,0.339587186322,37,37,37,1,0,0.405405405405,0.540540540541,0.0540540540541,37,324,0.243243243243,1.71612186991,17.5135135135,14.7272727273,9.25714285714,4.9081656543,0.280250199397,0.134551217885,8.78889894951,1.00367055905,0.53036369703,8.1867284383,0.93490417351,0.48982315649,0.630032857252,0.367125941518,2,1.71612186991,0.630032857252,2,0.290805978752,0.310759052925,595,0.0765765765766,0.573261541368,37,37,37,1,0,0.405405405405,0.540540540541,0.0540540540541,-18,-0.0135135135135,-0.00916694820029,-0.972972972973,-0.818181818182,-0.514285714286,-0.459544501089,-0.0101083908801,-0.00809142475809,-0.719592592862,-0.0250258943655,-0.014128163251,0.133415091869,0.0636392793051,0.0279929051859,-0.0105667130739,-0.00417396119967,0,-0.00916694820029,-0.0105667130739,0,-0.0532654154955,-0.0658099847321,-215,-0.0276705276705,0.00368471301816,0,0,0,324,0,18,990,0.947368421053,1,0,0.0526315789474,1,0.947368421053,0.972972972973,0.96459894662,0.947368421053,0.947368421053,85,103,0,0,0,0
3074,WLNM_dir_neg,0.977448392874,0.908743768207,00:00:06,10,70,42,1239447277,threshold_sweep,0.5,1,0.825242718447,0.904255319149,85,0,18,206,0.825242718447,1,0,0.174757281553,1,0.825242718447,0.904255319149,0.941747572816,0.574973031284,0.862944162437,0.871165065546,0.825242718447,342,239,103,0,342,0,239,0,103,37,342,0.256756756757,1.72528881811,18.4864864865,15.5454545455,9.77142857143,5.36771015539,0.290358590277,0.142642642643,9.50849154237,1.02869645341,0.544491860281,8.05331334643,0.871264894205,0.461830251304,0.640599570326,0.371299902718,2,1.72528881811,0.640599570326,2,0.344071394247,0.376569037657,810,0.104247104247,0.56957682835,37,37,37,1,0,0.405405405405,0.540540540541,0.0540540540541,37,0.179429429429,1.75675710539,12.9189189189,10.8636363636,6.82857142857,3.91846326439,0.303312010005,0.162614497343,6.47042242565,1.0016971956,0.538505032229,5.86701985014,0.908283407762,0.488748162388,0.674515054491,0.383954647128,2,1.75675710539,0.674515054491,2,0.190384460044,0.183021304067,189,0.0243243243243,0.339587186322,37,37,37,1,0,0.405405405405,0.540540540541,0.0540540540541,37,324,0.243243243243,1.71612186991,17.5135135135,14.7272727273,9.25714285714,4.9081656543,0.280250199397,0.134551217885,8.78889894951,1.00367055905,0.53036369703,8.1867284383,0.93490417351,0.48982315649,0.630032857252,0.367125941518,2,1.71612186991,0.630032857252,2,0.290805978752,0.310759052925,595,0.0765765765766,0.573261541368,37,37,37,1,0,0.405405405405,0.540540540541,0.0540540540541,-18,-0.0135135135135,-0.00916694820029,-0.972972972973,-0.818181818182,-0.514285714286,-0.459544501089,-0.0101083908801,-0.00809142475809,-0.719592592862,-0.0250258943655,-0.014128163251,0.133415091869,0.0636392793051,0.0279929051859,-0.0105667130739,-0.00417396119967,0,-0.00916694820029,-0.0105667130739,0,-0.0532654154955,-0.0658099847321,-215,-0.0276705276705,0.00368471301816,0,0,0,324,0,18,990,0.947368421053,1,0,0.0526315789474,1,0.947368421053,0.972972972973,0.96459894662,0.947368421053,0.947368421053,85,103,0,0,0,0
3075,WLNM_dir_neg,0.977448392874,0.908743768207,00:00:06,10,70,42,1239447277,threshold_sweep,0.6,1,0.825242718447,0.904255319149,85,0,18,206,0.825242718447,1,0,0.174757281553,1,0.825242718447,0.904255319149,0.941747572816,0.574973031284,0.862944162437,0.871165065546,0.825242718447,342,239,103,0,342,0,239,0,103,37,342,0.256756756757,1.72528881811,18.4864864865,15.5454545455,9.77142857143,5.36771015539,0.290358590277,0.142642642643,9.50849154237,1.02869645341,0.544491860281,8.05331334643,0.871264894205,0.461830251304,0.640599570326,0.371299902718,2,1.72528881811,0.640599570326,2,0.344071394247,0.376569037657,810,0.104247104247,0.56957682835,37,37,37,1,0,0.405405405405,0.540540540541,0.0540540540541,37,0.179429429429,1.75675710539,12.9189189189,10.8636363636,6.82857142857,3.91846326439,0.303312010005,0.162614497343,6.47042242565,1.0016971956,0.538505032229,5.86701985014,0.908283407762,0.488748162388,0.674515054491,0.383954647128,2,1.75675710539,0.674515054491,2,0.190384460044,0.183021304067,189,0.0243243243243,0.339587186322,37,37,37,1,0,0.405405405405,0.540540540541,0.0540540540541,37,324,0.243243243243,1.71612186991,17.5135135135,14.7272727273,9.25714285714,4.9081656543,0.280250199397,0.134551217885,8.78889894951,1.00367055905,0.53036369703,8.1867284383,0.93490417351,0.48982315649,0.630032857252,0.367125941518,2,1.71612186991,0.630032857252,2,0.290805978752,0.310759052925,595,0.0765765765766,0.573261541368,37,37,37,1,0,0.405405405405,0.540540540541,0.0540540540541,-18,-0.0135135135135,-0.00916694820029,-0.972972972973,-0.818181818182,-0.514285714286,-0.459544501089,-0.0101083908801,-0.00809142475809,-0.719592592862,-0.0250258943655,-0.014128163251,0.133415091869,0.0636392793051,0.0279929051859,-0.0105667130739,-0.00417396119967,0,-0.00916694820029,-0.0105667130739,0,-0.0532654154955,-0.0658099847321,-215,-0.0276705276705,0.00368471301816,0,0,0,324,0,18,990,0.947368421053,1,0,0.0526315789474,1,0.947368421053,0.972972972973,0.96459894662,0.947368421053,0.947368421053,85,103,0,0,0,0
3076,WLNM_dir_neg,0.977448392874,0.908743768207,00:00:06,10,70,42,1239447277,threshold_sweep,0.7,1,0.825242718447,0.904255319149,85,0,18,206,0.825242718447,1,0,0.174757281553,1,0.825242718447,0.904255319149,0.941747572816,0.574973031284,0.862944162437,0.871165065546,0.825242718447,342,239,103,0,342,0,239,0,103,37,342,0.256756756757,1.72528881811,18.4864864865,15.5454545455,9.77142857143,5.36771015539,0.290358590277,0.142642642643,9.50849154237,1.02869645341,0.544491860281,8.05331334643,0.871264894205,0.461830251304,0.640599570326,0.371299902718,2,1.72528881811,0.640599570326,2,0.344071394247,0.376569037657,810,0.104247104247,0.56957682835,37,37,37,1,0,0.405405405405,0.540540540541,0.0540540540541,37,0.179429429429,1.75675710539,12.9189189189,10.8636363636,6.82857142857,3.91846326439,0.303312010005,0.162614497343,6.47042242565,1.0016971956,0.538505032229,5.86701985014,0.908283407762,0.488748162388,0.674515054491,0.383954647128,2,1.75675710539,0.674515054491,2,0.190384460044,0.183021304067,189,0.0243243243243,0.339587186322,37,37,37,1,0,0.405405405405,0.540540540541,0.0540540540541,37,324,0.243243243243,1.71612186991,17.5135135135,14.7272727273,9.25714285714,4.9081656543,0.280250199397,0.134551217885,8.78889894951,1.00367055905,0.53036369703,8.1867284383,0.93490417351,0.48982315649,0.630032857252,0.367125941518,2,1.71612186991,0.630032857252,2,0.290805978752,0.310759052925,595,0.0765765765766,0.573261541368,37,37,37,1,0,0.405405405405,0.540540540541,0.0540540540541,-18,-0.0135135135135,-0.00916694820029,-0.972972972973,-0.818181818182,-0.514285714286,-0.459544501089,-0.0101083908801,-0.00809142475809,-0.719592592862,-0.0250258943655,-0.014128163251,0.133415091869,0.0636392793051,0.0279929051859,-0.0105667130739,-0.00417396119967,0,-0.00916694820029,-0.0105667130739,0,-0.0532654154955,-0.0658099847321,-215,-0.0276705276705,0.00368471301816,0,0,0,324,0,18,990,0.947368421053,1,0,0.0526315789474,1,0.947368421053,0.972972972973,0.96459894662,0.947368421053,0.947368421053,85,103,0,0,0,0
3077,WLNM_dir_neg,0.977448392874,0.908743768207,00:00:06,10,70,42,1239447277,threshold_sweep,0.8,1,0.825242718447,0.904255319149,85,0,18,206,0.825242718447,1,0,0.174757281553,1,0.825242718447,0.904255319149,0.941747572816,0.574973031284,0.862944162437,0.871165065546,0.825242718447,342,239,103,0,342,0,239,0,103,37,342,0.256756756757,1.72528881811,18.4864864865,15.5454545455,9.77142857143,5.36771015539,0.290358590277,0.142642642643,9.50849154237,1.02869645341,0.544491860281,8.05331334643,0.871264894205,0.461830251304,0.640599570326,0.371299902718,2,1.72528881811,0.640599570326,2,0.344071394247,0.376569037657,810,0.104247104247,0.56957682835,37,37,37,1,0,0.405405405405,0.540540540541,0.0540540540541,37,0.179429429429,1.75675710539,12.9189189189,10.8636363636,6.82857142857,3.91846326439,0.303312010005,0.162614497343,6.47042242565,1.0016971956,0.538505032229,5.86701985014,0.908283407762,0.488748162388,0.674515054491,0.383954647128,2,1.75675710539,0.674515054491,2,0.190384460044,0.183021304067,189,0.0243243243243,0.339587186322,37,37,37,1,0,0.405405405405,0.540540540541,0.0540540540541,37,324,0.243243243243,1.71612186991,17.5135135135,14.7272727273,9.25714285714,4.9081656543,0.280250199397,0.134551217885,8.78889894951,1.00367055905,0.53036369703,8.1867284383,0.93490417351,0.48982315649,0.630032857252,0.367125941518,2,1.71612186991,0.630032857252,2,0.290805978752,0.310759052925,595,0.0765765765766,0.573261541368,37,37,37,1,0,0.405405405405,0.540540540541,0.0540540540541,-18,-0.0135135135135,-0.00916694820029,-0.972972972973,-0.818181818182,-0.514285714286,-0.459544501089,-0.0101083908801,-0.00809142475809,-0.719592592862,-0.0250258943655,-0.014128163251,0.133415091869,0.0636392793051,0.0279929051859,-0.0105667130739,-0.00417396119967,0,-0.00916694820029,-0.0105667130739,0,-0.0532654154955,-0.0658099847321,-215,-0.0276705276705,0.00368471301816,0,0,0,324,0,18,990,0.947368421053,1,0,0.0526315789474,1,0.947368421053,0.972972972973,0.96459894662,0.947368421053,0.947368421053,85,103,0,0,0,0
3078,WLNM_dir_neg,0.977448392874,0.908743768207,00:00:06,10,70,42,1239447277,threshold_sweep,0.9,1,0.825242718447,0.904255319149,85,0,18,206,0.825242718447,1,0,0.174757281553,1,0.825242718447,0.904255319149,0.941747572816,0.574973031284,0.862944162437,0.871165065546,0.825242718447,342,239,103,0,342,0,239,0,103,37,342,0.256756756757,1.72528881811,18.4864864865,15.5454545455,9.77142857143,5.36771015539,0.290358590277,0.142642642643,9.50849154237,1.02869645341,0.544491860281,8.05331334643,0.871264894205,0.461830251304,0.640599570326,0.371299902718,2,1.72528881811,0.640599570326,2,0.344071394247,0.376569037657,810,0.104247104247,0.56957682835,37,37,37,1,0,0.405405405405,0.540540540541,0.0540540540541,37,0.179429429429,1.75675710539,12.9189189189,10.8636363636,6.82857142857,3.91846326439,0.303312010005,0.162614497343,6.47042242565,1.0016971956,0.538505032229,5.86701985014,0.908283407762,0.488748162388,0.674515054491,0.383954647128,2,1.75675710539,0.674515054491,2,0.190384460044,0.183021304067,189,0.0243243243243,0.339587186322,37,37,37,1,0,0.405405405405,0.540540540541,0.0540540540541,37,324,0.243243243243,1.71612186991,17.5135135135,14.7272727273,9.25714285714,4.9081656543,0.280250199397,0.134551217885,8.78889894951,1.00367055905,0.53036369703,8.1867284383,0.93490417351,0.48982315649,0.630032857252,0.367125941518,2,1.71612186991,0.630032857252,2,0.290805978752,0.310759052925,595,0.0765765765766,0.573261541368,37,37,37,1,0,0.405405405405,0.540540540541,0.0540540540541,-18,-0.0135135135135,-0.00916694820029,-0.972972972973,-0.818181818182,-0.514285714286,-0.459544501089,-0.0101083908801,-0.00809142475809,-0.719592592862,-0.0250258943655,-0.014128163251,0.133415091869,0.0636392793051,0.0279929051859,-0.0105667130739,-0.00417396119967,0,-0.00916694820029,-0.0105667130739,0,-0.0532654154955,-0.0658099847321,-215,-0.0276705276705,0.00368471301816,0,0,0,324,0,18,990,0.947368421053,1,0,0.0526315789474,1,0.947368421053,0.972972972973,0.96459894662,0.947368421053,0.947368421053,85,103,0,0,0,0
3079,WLNM_dir_neg,0.990597605806,0.905406809858,00:00:05,10,70,43,1239447278,threshold_sweep,0.1,0.988636363636,0.844660194175,0.910994764398,87,1,16,205,0.844660194175,0.995145631068,0.00485436893204,0.155339805825,0.988636363636,0.844660194175,0.910994764398,0.94498381877,0.571736785329,0.871536523929,0.877189919853,0.839805825243,342,239,103,0,342,0,239,0,103,37,342,0.256756756757,1.72528881811,18.4864864865,15.5454545455,9.77142857143,5.36771015539,0.290358590277,0.142642642643,9.50849154237,1.02869645341,0.544491860281,8.05331334643,0.871264894205,0.461830251304,0.640599570326,0.371299902718,2,1.72528881811,0.640599570326,2,0.344071394247,0.376569037657,810,0.104247104247,0.56957682835,37,37,37,1,0,0.405405405405,0.540540540541,0.0540540540541,37,0.179429429429,1.76840287839,12.9189189189,10.8636363636,6.82857142857,4.15249843386,0.32142770304,0.164310754269,6.71066561773,1.0388896563,0.550265746918,5.97492256851,0.924988012698,0.49100983829,0.688351084131,0.389250149128,2,1.76840287839,0.688351084131,2,0.18281204566,0.170280612245,178,0.0229086229086,0.340172743752,37,37,37,1,0,0.405405405405,0.540540540541,0.0540540540541,37,327,0.245495495495,1.73119379448,17.6756756757,14.8636363636,9.34285714286,5.05004980203,0.285706181461,0.130754607819,8.90540882309,1.00764564665,0.533267212166,8.29830475831,0.938951914549,0.489296636086,0.652355074026,0.376823828797,2,1.73119379448,0.652355074026,2,0.300283311203,0.312106248936,611,0.0786357786358,0.582028202354,37,37,37,1,0,0.405405405405,0.540540540541,0.0540540540541,-15,-0.0112612612613,0.0059049763641,-0.810810810811,-0.681818181818,-0.428571428571,-0.317660353361,-0.0046524088166,-0.0118880348238,-0.603082719288,-0.0210508067659,-0.011224648115,0.24499141188,0.0676870203445,0.0274663847817,0.0117555036997,0.00552392607962,0,0.0059049763641,0.0117555036997,0,-0.0437880830441,-0.0644627887211,-199,-0.0256113256113,0.0124513740042,0,0,0,326,1,16,989,0.953216374269,0.99898989899,0.0010101010101,0.046783625731,0.996941896024,0.953216374269,0.974588938714,0.966506505209,0.952206273259,0.950437317784,88,103,0,0,0,0
3080,WLNM_dir_neg,0.990597605806,0.905406809858,00:00:05,10,70,43,1239447278,threshold_sweep,0.2,0.988636363636,0.844660194175,0.910994764398,87,1,16,205,0.844660194175,0.995145631068,0.00485436893204,0.155339805825,0.988636363636,0.844660194175,0.910994764398,0.94498381877,0.571736785329,0.871536523929,0.877189919853,0.839805825243,342,239,103,0,342,0,239,0,103,37,342,0.256756756757,1.72528881811,18.4864864865,15.5454545455,9.77142857143,5.36771015539,0.290358590277,0.142642642643,9.50849154237,1.02869645341,0.544491860281,8.05331334643,0.871264894205,0.461830251304,0.640599570326,0.371299902718,2,1.72528881811,0.640599570326,2,0.344071394247,0.376569037657,810,0.104247104247,0.56957682835,37,37,37,1,0,0.405405405405,0.540540540541,0.0540540540541,37,0.179429429429,1.76840287839,12.9189189189,10.8636363636,6.82857142857,4.15249843386,0.32142770304,0.164310754269,6.71066561773,1.0388896563,0.550265746918,5.97492256851,0.924988012698,0.49100983829,0.688351084131,0.389250149128,2,1.76840287839,0.688351084131,2,0.18281204566,0.170280612245,178,0.0229086229086,0.340172743752,37,37,37,1,0,0.405405405405,0.540540540541,0.0540540540541,37,327,0.245495495495,1.73119379448,17.6756756757,14.8636363636,9.34285714286,5.05004980203,0.285706181461,0.130754607819,8.90540882309,1.00764564665,0.533267212166,8.29830475831,0.938951914549,0.489296636086,0.652355074026,0.376823828797,2,1.73119379448,0.652355074026,2,0.300283311203,0.312106248936,611,0.0786357786358,0.582028202354,37,37,37,1,0,0.405405405405,0.540540540541,0.0540540540541,-15,-0.0112612612613,0.0059049763641,-0.810810810811,-0.681818181818,-0.428571428571,-0.317660353361,-0.0046524088166,-0.0118880348238,-0.603082719288,-0.0210508067659,-0.011224648115,0.24499141188,0.0676870203445,0.0274663847817,0.0117555036997,0.00552392607962,0,0.0059049763641,0.0117555036997,0,-0.0437880830441,-0.0644627887211,-199,-0.0256113256113,0.0124513740042,0,0,0,326,1,16,989,0.953216374269,0.99898989899,0.0010101010101,0.046783625731,0.996941896024,0.953216374269,0.974588938714,0.966506505209,0.952206273259,0.950437317784,88,103,0,0,0,0
3081,WLNM_dir_neg,0.990597605806,0.905406809858,00:00:05,10,70,43,1239447278,threshold_sweep,0.3,0.988636363636,0.844660194175,0.910994764398,87,1,16,205,0.844660194175,0.995145631068,0.00485436893204,0.155339805825,0.988636363636,0.844660194175,0.910994764398,0.94498381877,0.571736785329,0.871536523929,0.877189919853,0.839805825243,342,239,103,0,342,0,239,0,103,37,342,0.256756756757,1.72528881811,18.4864864865,15.5454545455,9.77142857143,5.36771015539,0.290358590277,0.142642642643,9.50849154237,1.02869645341,0.544491860281,8.05331334643,0.871264894205,0.461830251304,0.640599570326,0.371299902718,2,1.72528881811,0.640599570326,2,0.344071394247,0.376569037657,810,0.104247104247,0.56957682835,37,37,37,1,0,0.405405405405,0.540540540541,0.0540540540541,37,0.179429429429,1.76840287839,12.9189189189,10.8636363636,6.82857142857,4.15249843386,0.32142770304,0.164310754269,6.71066561773,1.0388896563,0.550265746918,5.97492256851,0.924988012698,0.49100983829,0.688351084131,0.389250149128,2,1.76840287839,0.688351084131,2,0.18281204566,0.170280612245,178,0.0229086229086,0.340172743752,37,37,37,1,0,0.405405405405,0.540540540541,0.0540540540541,37,327,0.245495495495,1.73119379448,17.6756756757,14.8636363636,9.34285714286,5.05004980203,0.285706181461,0.130754607819,8.90540882309,1.00764564665,0.533267212166,8.29830475831,0.938951914549,0.489296636086,0.652355074026,0.376823828797,2,1.73119379448,0.652355074026,2,0.300283311203,0.312106248936,611,0.0786357786358,0.582028202354,37,37,37,1,0,0.405405405405,0.540540540541,0.0540540540541,-15,-0.0112612612613,0.0059049763641,-0.810810810811,-0.681818181818,-0.428571428571,-0.317660353361,-0.0046524088166,-0.0118880348238,-0.603082719288,-0.0210508067659,-0.011224648115,0.24499141188,0.0676870203445,0.0274663847817,0.0117555036997,0.00552392607962,0,0.0059049763641,0.0117555036997,0,-0.0437880830441,-0.0644627887211,-199,-0.0256113256113,0.0124513740042,0,0,0,326,1,16,989,0.953216374269,0.99898989899,0.0010101010101,0.046783625731,0.996941896024,0.953216374269,0.974588938714,0.966506505209,0.952206273259,0.950437317784,88,103,0,0,0,0
3082,WLNM_dir_neg,0.990597605806,0.905406809858,00:00:05,10,70,43,1239447278,threshold_sweep,0.4,0.988095238095,0.805825242718,0.887700534759,83,1,20,205,0.805825242718,0.995145631068,0.00485436893204,0.194174757282,0.988095238095,0.805825242718,0.887700534759,0.932038834951,0.576051779935,0.839694656489,0.848668424792,0.800970873786,342,239,103,0,342,0,239,0,103,37,342,0.256756756757,1.72528881811,18.4864864865,15.5454545455,9.77142857143,5.36771015539,0.290358590277,0.142642642643,9.50849154237,1.02869645341,0.544491860281,8.05331334643,0.871264894205,0.461830251304,0.640599570326,0.371299902718,2,1.72528881811,0.640599570326,2,0.344071394247,0.376569037657,810,0.104247104247,0.56957682835,37,37,37,1,0,0.405405405405,0.540540540541,0.0540540540541,37,0.179429429429,1.76840287839,12.9189189189,10.8636363636,6.82857142857,4.15249843386,0.32142770304,0.164310754269,6.71066561773,1.0388896563,0.550265746918,5.97492256851,0.924988012698,0.49100983829,0.688351084131,0.389250149128,2,1.76840287839,0.688351084131,2,0.18281204566,0.170280612245,178,0.0229086229086,0.340172743752,37,37,37,1,0,0.405405405405,0.540540540541,0.0540540540541,37,323,0.242492492492,1.73255312084,17.4594594595,14.6818181818,9.22857142857,5.04201566062,0.288784178704,0.136641285248,8.84008750789,1.01264160307,0.537528240315,8.16717225866,0.935558432107,0.491004936825,0.653337772164,0.377095376936,2,1.73255312084,0.653337772164,2,0.299591952617,0.309154315606,591,0.0760617760618,0.565029978323,37,37,37,1,0,0.405405405405,0.540540540541,0.0540540540541,-19,-0.0142642642643,0.00726430272343,-1.02702702703,-0.863636363636,-0.542857142857,-0.325694494775,-0.00157441157297,-0.00600135739455,-0.668404034485,-0.0160548503439,-0.00696361996672,0.11385891223,0.0642935379022,0.0291746855214,0.0127382018376,0.00579547421796,0,0.00726430272343,0.0127382018376,0,-0.0444794416302,-0.067414722051,-219,-0.0281853281853,-0.00454685002727,0,0,0,322,1,20,989,0.941520467836,0.99898989899,0.0010101010101,0.0584795321637,0.996904024768,0.941520467836,0.968421052632,0.958622002939,0.940510366826,0.938775510204,84,103,0,0,0,0
3083,WLNM_dir_neg,0.990597605806,0.905406809858,00:00:05,10,70,43,1239447278,threshold_sweep,0.5,1,0.805825242718,0.89247311828,83,0,20,206,0.805825242718,1,0,0.194174757282,1,0.805825242718,0.89247311828,0.935275080906,0.577130528587,0.84693877551,0.857037498792,0.805825242718,342,239,103,0,342,0,239,0,103,37,342,0.256756756757,1.72528881811,18.4864864865,15.5454545455,9.77142857143,5.36771015539,0.290358590277,0.142642642643,9.50849154237,1.02869645341,0.544491860281,8.05331334643,0.871264894205,0.461830251304,0.640599570326,0.371299902718,2,1.72528881811,0.640599570326,2,0.344071394247,0.376569037657,810,0.104247104247,0.56957682835,37,37,37,1,0,0.405405405405,0.540540540541,0.0540540540541,37,0.179429429429,1.76840287839,12.9189189189,10.8636363636,6.82857142857,4.15249843386,0.32142770304,0.164310754269,6.71066561773,1.0388896563,0.550265746918,5.97492256851,0.924988012698,0.49100983829,0.688351084131,0.389250149128,2,1.76840287839,0.688351084131,2,0.18281204566,0.170280612245,178,0.0229086229086,0.340172743752,37,37,37,1,0,0.405405405405,0.540540540541,0.0540540540541,37,322,0.241741741742,1.72989625568,17.4054054054,14.6363636364,9.2,5.05777432089,0.290586412846,0.138828269263,8.83133582718,1.01478082486,0.539197582676,8.18828724753,0.940890149561,0.493369145543,0.651491970244,0.376607538229,2,1.72989625568,0.651491970244,2,0.296071216898,0.305575035063,581,0.0747747747748,0.566806627095,37,37,37,1,0,0.405405405405,0.540540540541,0.0540540540541,-20,-0.015015015015,0.00460743756656,-1.08108108108,-0.909090909091,-0.571428571429,-0.309935834501,0.000227822569194,-0.00381437337959,-0.677155715191,-0.0139156285521,-0.00529427760549,0.134973901095,0.0696252553559,0.0315388942391,0.0108923999176,0.00530763551121,0,0.00460743756656,0.0108923999176,0,-0.048000177349,-0.0709940025938,-229,-0.0294723294723,-0.00277020125519,0,0,0,322,0,20,990,0.941520467836,1,0,0.0584795321637,1,0.941520467836,0.969879518072,0.960664612743,0.941520467836,0.941520467836,83,103,0,0,0,0
3084,WLNM_dir_neg,0.990597605806,0.905406809858,00:00:05,10,70,43,1239447278,threshold_sweep,0.6,1,0.805825242718,0.89247311828,83,0,20,206,0.805825242718,1,0,0.194174757282,1,0.805825242718,0.89247311828,0.935275080906,0.577130528587,0.84693877551,0.857037498792,0.805825242718,342,239,103,0,342,0,239,0,103,37,342,0.256756756757,1.72528881811,18.4864864865,15.5454545455,9.77142857143,5.36771015539,0.290358590277,0.142642642643,9.50849154237,1.02869645341,0.544491860281,8.05331334643,0.871264894205,0.461830251304,0.640599570326,0.371299902718,2,1.72528881811,0.640599570326,2,0.344071394247,0.376569037657,810,0.104247104247,0.56957682835,37,37,37,1,0,0.405405405405,0.540540540541,0.0540540540541,37,0.179429429429,1.76840287839,12.9189189189,10.8636363636,6.82857142857,4.15249843386,0.32142770304,0.164310754269,6.71066561773,1.0388896563,0.550265746918,5.97492256851,0.924988012698,0.49100983829,0.688351084131,0.389250149128,2,1.76840287839,0.688351084131,2,0.18281204566,0.170280612245,178,0.0229086229086,0.340172743752,37,37,37,1,0,0.405405405405,0.540540540541,0.0540540540541,37,322,0.241741741742,1.72989625568,17.4054054054,14.6363636364,9.2,5.05777432089,0.290586412846,0.138828269263,8.83133582718,1.01478082486,0.539197582676,8.18828724753,0.940890149561,0.493369145543,0.651491970244,0.376607538229,2,1.72989625568,0.651491970244,2,0.296071216898,0.305575035063,581,0.0747747747748,0.566806627095,37,37,37,1,0,0.405405405405,0.540540540541,0.0540540540541,-20,-0.015015015015,0.00460743756656,-1.08108108108,-0.909090909091,-0.571428571429,-0.309935834501,0.000227822569194,-0.00381437337959,-0.677155715191,-0.0139156285521,-0.00529427760549,0.134973901095,0.0696252553559,0.0315388942391,0.0108923999176,0.00530763551121,0,0.00460743756656,0.0108923999176,0,-0.048000177349,-0.0709940025938,-229,-0.0294723294723,-0.00277020125519,0,0,0,322,0,20,990,0.941520467836,1,0,0.0584795321637,1,0.941520467836,0.969879518072,0.960664612743,0.941520467836,0.941520467836,83,103,0,0,0,0
3085,WLNM_dir_neg,0.990597605806,0.905406809858,00:00:05,10,70,43,1239447278,threshold_sweep,0.7,1,0.805825242718,0.89247311828,83,0,20,206,0.805825242718,1,0,0.194174757282,1,0.805825242718,0.89247311828,0.935275080906,0.577130528587,0.84693877551,0.857037498792,0.805825242718,342,239,103,0,342,0,239,0,103,37,342,0.256756756757,1.72528881811,18.4864864865,15.5454545455,9.77142857143,5.36771015539,0.290358590277,0.142642642643,9.50849154237,1.02869645341,0.544491860281,8.05331334643,0.871264894205,0.461830251304,0.640599570326,0.371299902718,2,1.72528881811,0.640599570326,2,0.344071394247,0.376569037657,810,0.104247104247,0.56957682835,37,37,37,1,0,0.405405405405,0.540540540541,0.0540540540541,37,0.179429429429,1.76840287839,12.9189189189,10.8636363636,6.82857142857,4.15249843386,0.32142770304,0.164310754269,6.71066561773,1.0388896563,0.550265746918,5.97492256851,0.924988012698,0.49100983829,0.688351084131,0.389250149128,2,1.76840287839,0.688351084131,2,0.18281204566,0.170280612245,178,0.0229086229086,0.340172743752,37,37,37,1,0,0.405405405405,0.540540540541,0.0540540540541,37,322,0.241741741742,1.72989625568,17.4054054054,14.6363636364,9.2,5.05777432089,0.290586412846,0.138828269263,8.83133582718,1.01478082486,0.539197582676,8.18828724753,0.940890149561,0.493369145543,0.651491970244,0.376607538229,2,1.72989625568,0.651491970244,2,0.296071216898,0.305575035063,581,0.0747747747748,0.566806627095,37,37,37,1,0,0.405405405405,0.540540540541,0.0540540540541,-20,-0.015015015015,0.00460743756656,-1.08108108108,-0.909090909091,-0.571428571429,-0.309935834501,0.000227822569194,-0.00381437337959,-0.677155715191,-0.0139156285521,-0.00529427760549,0.134973901095,0.0696252553559,0.0315388942391,0.0108923999176,0.00530763551121,0,0.00460743756656,0.0108923999176,0,-0.048000177349,-0.0709940025938,-229,-0.0294723294723,-0.00277020125519,0,0,0,322,0,20,990,0.941520467836,1,0,0.0584795321637,1,0.941520467836,0.969879518072,0.960664612743,0.941520467836,0.941520467836,83,103,0,0,0,0
3086,WLNM_dir_neg,0.990597605806,0.905406809858,00:00:05,10,70,43,1239447278,threshold_sweep,0.8,1,0.805825242718,0.89247311828,83,0,20,206,0.805825242718,1,0,0.194174757282,1,0.805825242718,0.89247311828,0.935275080906,0.577130528587,0.84693877551,0.857037498792,0.805825242718,342,239,103,0,342,0,239,0,103,37,342,0.256756756757,1.72528881811,18.4864864865,15.5454545455,9.77142857143,5.36771015539,0.290358590277,0.142642642643,9.50849154237,1.02869645341,0.544491860281,8.05331334643,0.871264894205,0.461830251304,0.640599570326,0.371299902718,2,1.72528881811,0.640599570326,2,0.344071394247,0.376569037657,810,0.104247104247,0.56957682835,37,37,37,1,0,0.405405405405,0.540540540541,0.0540540540541,37,0.179429429429,1.76840287839,12.9189189189,10.8636363636,6.82857142857,4.15249843386,0.32142770304,0.164310754269,6.71066561773,1.0388896563,0.550265746918,5.97492256851,0.924988012698,0.49100983829,0.688351084131,0.389250149128,2,1.76840287839,0.688351084131,2,0.18281204566,0.170280612245,178,0.0229086229086,0.340172743752,37,37,37,1,0,0.405405405405,0.540540540541,0.0540540540541,37,322,0.241741741742,1.72989625568,17.4054054054,14.6363636364,9.2,5.05777432089,0.290586412846,0.138828269263,8.83133582718,1.01478082486,0.539197582676,8.18828724753,0.940890149561,0.493369145543,0.651491970244,0.376607538229,2,1.72989625568,0.651491970244,2,0.296071216898,0.305575035063,581,0.0747747747748,0.566806627095,37,37,37,1,0,0.405405405405,0.540540540541,0.0540540540541,-20,-0.015015015015,0.00460743756656,-1.08108108108,-0.909090909091,-0.571428571429,-0.309935834501,0.000227822569194,-0.00381437337959,-0.677155715191,-0.0139156285521,-0.00529427760549,0.134973901095,0.0696252553559,0.0315388942391,0.0108923999176,0.00530763551121,0,0.00460743756656,0.0108923999176,0,-0.048000177349,-0.0709940025938,-229,-0.0294723294723,-0.00277020125519,0,0,0,322,0,20,990,0.941520467836,1,0,0.0584795321637,1,0.941520467836,0.969879518072,0.960664612743,0.941520467836,0.941520467836,83,103,0,0,0,0
3087,WLNM_dir_neg,0.990597605806,0.905406809858,00:00:05,10,70,43,1239447278,threshold_sweep,0.9,1,0.776699029126,0.874316939891,80,0,23,206,0.776699029126,1,0,0.223300970874,1,0.776699029126,0.874316939891,0.925566343042,0.580366774542,0.822622107969,0.835876759057,0.776699029126,342,239,103,0,342,0,239,0,103,37,342,0.256756756757,1.72528881811,18.4864864865,15.5454545455,9.77142857143,5.36771015539,0.290358590277,0.142642642643,9.50849154237,1.02869645341,0.544491860281,8.05331334643,0.871264894205,0.461830251304,0.640599570326,0.371299902718,2,1.72528881811,0.640599570326,2,0.344071394247,0.376569037657,810,0.104247104247,0.56957682835,37,37,37,1,0,0.405405405405,0.540540540541,0.0540540540541,37,0.179429429429,1.76840287839,12.9189189189,10.8636363636,6.82857142857,4.15249843386,0.32142770304,0.164310754269,6.71066561773,1.0388896563,0.550265746918,5.97492256851,0.924988012698,0.49100983829,0.688351084131,0.389250149128,2,1.76840287839,0.688351084131,2,0.18281204566,0.170280612245,178,0.0229086229086,0.340172743752,37,37,37,1,0,0.405405405405,0.540540540541,0.0540540540541,37,319,0.239489489489,1.73093892079,17.2432432432,14.5,9.11428571429,5.11753741454,0.296785085169,0.144115902737,8.82342636694,1.02340681999,0.544268406337,8.08754650116,0.938053982893,0.492925527408,0.652179750075,0.376778026217,2,1.73093892079,0.652179750075,2,0.297680709684,0.304061275383,569,0.0732303732304,0.553390907476,37,37,37,1,0,0.405405405405,0.540540540541,0.0540540540541,-23,-0.0172672672673,0.00565010267172,-1.24324324324,-1.04545454545,-0.657142857143,-0.250172740856,0.00642649489197,0.00147326009395,-0.685065175432,-0.00528963342463,-0.000223453943962,0.0342331547247,0.0667890886882,0.0310952761044,0.0115801797493,0.00547812349883,0,0.00565010267172,0.0115801797493,0,-0.0463906845631,-0.0725077622739,-241,-0.0310167310167,-0.0161859208739,0,0,0,319,0,23,990,0.932748538012,1,0,0.0672514619883,1,0.932748538012,0.965204236006,0.954762082607,0.932748538012,0.932748538012,80,103,0,0,0,0
3088,WLNM_dir_neg,0.973795833726,0.902952993469,00:00:05,10,70,44,1239447279,threshold_sweep,0.1,1,0.796116504854,0.886486486486,82,0,21,206,0.796116504854,1,0,0.203883495146,1,0.796116504854,0.886486486486,0.932038834951,0.578209277238,0.838874680307,0.849980564691,0.796116504854,342,239,103,0,342,0,239,0,103,37,342,0.256756756757,1.72528881811,18.4864864865,15.5454545455,9.77142857143,5.36771015539,0.290358590277,0.142642642643,9.50849154237,1.02869645341,0.544491860281,8.05331334643,0.871264894205,0.461830251304,0.640599570326,0.371299902718,2,1.72528881811,0.640599570326,2,0.344071394247,0.376569037657,810,0.104247104247,0.56957682835,37,37,37,1,0,0.405405405405,0.540540540541,0.0540540540541,37,0.179429429429,1.75052369642,12.9189189189,10.8636363636,6.82857142857,3.90425962805,0.302212565351,0.157299558973,6.53875028237,1.01227514832,0.54008820536,5.9141759762,0.915583728533,0.489426665159,0.668059531521,0.381634097777,2,1.75052369642,0.668059531521,2,0.177578327269,0.160489848534,166,0.0213642213642,0.344276030539,37,37,37,1,0,0.405405405405,0.540540540541,0.0540540540541,37,321,0.240990990991,1.71553459992,17.3513513514,14.5909090909,9.17142857143,4.7622136322,0.274457795002,0.132693441105,8.69563764851,1.00230091276,0.531784120569,8.17534930974,0.942329982743,0.495074513766,0.628259356633,0.366217828928,2,1.71553459992,0.628259356633,2,0.272074384685,0.2944,552,0.0710424710425,0.568077165464,37,37,37,1,0,0.405405405405,0.540540540541,0.0540540540541,-21,-0.0157657657658,-0.00975421819451,-1.13513513514,-0.954545454545,-0.6,-0.605496523197,-0.0159007952751,-0.00994920153799,-0.812853893869,-0.0263955406587,-0.0127077397122,0.12203596331,0.0710650885382,0.0332442624622,-0.0123402136928,-0.00508207379,0,-0.00975421819451,-0.0123402136928,0,-0.0719970095623,-0.0821690376569,-258,-0.0332046332046,-0.0014996628861,0,0,0,321,0,21,990,0.938596491228,1,0,0.0614035087719,1,0.938596491228,0.968325791855,0.958697252357,0.938596491228,0.938596491228,82,103,0,0,0,0
3089,WLNM_dir_neg,0.973795833726,0.902952993469,00:00:05,10,70,44,1239447279,threshold_sweep,0.2,1,0.796116504854,0.886486486486,82,0,21,206,0.796116504854,1,0,0.203883495146,1,0.796116504854,0.886486486486,0.932038834951,0.578209277238,0.838874680307,0.849980564691,0.796116504854,342,239,103,0,342,0,239,0,103,37,342,0.256756756757,1.72528881811,18.4864864865,15.5454545455,9.77142857143,5.36771015539,0.290358590277,0.142642642643,9.50849154237,1.02869645341,0.544491860281,8.05331334643,0.871264894205,0.461830251304,0.640599570326,0.371299902718,2,1.72528881811,0.640599570326,2,0.344071394247,0.376569037657,810,0.104247104247,0.56957682835,37,37,37,1,0,0.405405405405,0.540540540541,0.0540540540541,37,0.179429429429,1.75052369642,12.9189189189,10.8636363636,6.82857142857,3.90425962805,0.302212565351,0.157299558973,6.53875028237,1.01227514832,0.54008820536,5.9141759762,0.915583728533,0.489426665159,0.668059531521,0.381634097777,2,1.75052369642,0.668059531521,2,0.177578327269,0.160489848534,166,0.0213642213642,0.344276030539,37,37,37,1,0,0.405405405405,0.540540540541,0.0540540540541,37,321,0.240990990991,1.71553459992,17.3513513514,14.5909090909,9.17142857143,4.7622136322,0.274457795002,0.132693441105,8.69563764851,1.00230091276,0.531784120569,8.17534930974,0.942329982743,0.495074513766,0.628259356633,0.366217828928,2,1.71553459992,0.628259356633,2,0.272074384685,0.2944,552,0.0710424710425,0.568077165464,37,37,37,1,0,0.405405405405,0.540540540541,0.0540540540541,-21,-0.0157657657658,-0.00975421819451,-1.13513513514,-0.954545454545,-0.6,-0.605496523197,-0.0159007952751,-0.00994920153799,-0.812853893869,-0.0263955406587,-0.0127077397122,0.12203596331,0.0710650885382,0.0332442624622,-0.0123402136928,-0.00508207379,0,-0.00975421819451,-0.0123402136928,0,-0.0719970095623,-0.0821690376569,-258,-0.0332046332046,-0.0014996628861,0,0,0,321,0,21,990,0.938596491228,1,0,0.0614035087719,1,0.938596491228,0.968325791855,0.958697252357,0.938596491228,0.938596491228,82,103,0,0,0,0
3090,WLNM_dir_neg,0.973795833726,0.902952993469,00:00:05,10,70,44,1239447279,threshold_sweep,0.3,1,0.796116504854,0.886486486486,82,0,21,206,0.796116504854,1,0,0.203883495146,1,0.796116504854,0.886486486486,0.932038834951,0.578209277238,0.838874680307,0.849980564691,0.796116504854,342,239,103,0,342,0,239,0,103,37,342,0.256756756757,1.72528881811,18.4864864865,15.5454545455,9.77142857143,5.36771015539,0.290358590277,0.142642642643,9.50849154237,1.02869645341,0.544491860281,8.05331334643,0.871264894205,0.461830251304,0.640599570326,0.371299902718,2,1.72528881811,0.640599570326,2,0.344071394247,0.376569037657,810,0.104247104247,0.56957682835,37,37,37,1,0,0.405405405405,0.540540540541,0.0540540540541,37,0.179429429429,1.75052369642,12.9189189189,10.8636363636,6.82857142857,3.90425962805,0.302212565351,0.157299558973,6.53875028237,1.01227514832,0.54008820536,5.9141759762,0.915583728533,0.489426665159,0.668059531521,0.381634097777,2,1.75052369642,0.668059531521,2,0.177578327269,0.160489848534,166,0.0213642213642,0.344276030539,37,37,37,1,0,0.405405405405,0.540540540541,0.0540540540541,37,321,0.240990990991,1.71553459992,17.3513513514,14.5909090909,9.17142857143,4.7622136322,0.274457795002,0.132693441105,8.69563764851,1.00230091276,0.531784120569,8.17534930974,0.942329982743,0.495074513766,0.628259356633,0.366217828928,2,1.71553459992,0.628259356633,2,0.272074384685,0.2944,552,0.0710424710425,0.568077165464,37,37,37,1,0,0.405405405405,0.540540540541,0.0540540540541,-21,-0.0157657657658,-0.00975421819451,-1.13513513514,-0.954545454545,-0.6,-0.605496523197,-0.0159007952751,-0.00994920153799,-0.812853893869,-0.0263955406587,-0.0127077397122,0.12203596331,0.0710650885382,0.0332442624622,-0.0123402136928,-0.00508207379,0,-0.00975421819451,-0.0123402136928,0,-0.0719970095623,-0.0821690376569,-258,-0.0332046332046,-0.0014996628861,0,0,0,321,0,21,990,0.938596491228,1,0,0.0614035087719,1,0.938596491228,0.968325791855,0.958697252357,0.938596491228,0.938596491228,82,103,0,0,0,0
3091,WLNM_dir_neg,0.973795833726,0.902952993469,00:00:05,10,70,44,1239447279,threshold_sweep,0.4,1,0.796116504854,0.886486486486,82,0,21,206,0.796116504854,1,0,0.203883495146,1,0.796116504854,0.886486486486,0.932038834951,0.578209277238,0.838874680307,0.849980564691,0.796116504854,342,239,103,0,342,0,239,0,103,37,342,0.256756756757,1.72528881811,18.4864864865,15.5454545455,9.77142857143,5.36771015539,0.290358590277,0.142642642643,9.50849154237,1.02869645341,0.544491860281,8.05331334643,0.871264894205,0.461830251304,0.640599570326,0.371299902718,2,1.72528881811,0.640599570326,2,0.344071394247,0.376569037657,810,0.104247104247,0.56957682835,37,37,37,1,0,0.405405405405,0.540540540541,0.0540540540541,37,0.179429429429,1.75052369642,12.9189189189,10.8636363636,6.82857142857,3.90425962805,0.302212565351,0.157299558973,6.53875028237,1.01227514832,0.54008820536,5.9141759762,0.915583728533,0.489426665159,0.668059531521,0.381634097777,2,1.75052369642,0.668059531521,2,0.177578327269,0.160489848534,166,0.0213642213642,0.344276030539,37,37,37,1,0,0.405405405405,0.540540540541,0.0540540540541,37,321,0.240990990991,1.71553459992,17.3513513514,14.5909090909,9.17142857143,4.7622136322,0.274457795002,0.132693441105,8.69563764851,1.00230091276,0.531784120569,8.17534930974,0.942329982743,0.495074513766,0.628259356633,0.366217828928,2,1.71553459992,0.628259356633,2,0.272074384685,0.2944,552,0.0710424710425,0.568077165464,37,37,37,1,0,0.405405405405,0.540540540541,0.0540540540541,-21,-0.0157657657658,-0.00975421819451,-1.13513513514,-0.954545454545,-0.6,-0.605496523197,-0.0159007952751,-0.00994920153799,-0.812853893869,-0.0263955406587,-0.0127077397122,0.12203596331,0.0710650885382,0.0332442624622,-0.0123402136928,-0.00508207379,0,-0.00975421819451,-0.0123402136928,0,-0.0719970095623,-0.0821690376569,-258,-0.0332046332046,-0.0014996628861,0,0,0,321,0,21,990,0.938596491228,1,0,0.0614035087719,1,0.938596491228,0.968325791855,0.958697252357,0.938596491228,0.938596491228,82,103,0,0,0,0
3092,WLNM_dir_neg,0.973795833726,0.902952993469,00:00:05,10,70,44,1239447279,threshold_sweep,0.5,1,0.796116504854,0.886486486486,82,0,21,206,0.796116504854,1,0,0.203883495146,1,0.796116504854,0.886486486486,0.932038834951,0.578209277238,0.838874680307,0.849980564691,0.796116504854,342,239,103,0,342,0,239,0,103,37,342,0.256756756757,1.72528881811,18.4864864865,15.5454545455,9.77142857143,5.36771015539,0.290358590277,0.142642642643,9.50849154237,1.02869645341,0.544491860281,8.05331334643,0.871264894205,0.461830251304,0.640599570326,0.371299902718,2,1.72528881811,0.640599570326,2,0.344071394247,0.376569037657,810,0.104247104247,0.56957682835,37,37,37,1,0,0.405405405405,0.540540540541,0.0540540540541,37,0.179429429429,1.75052369642,12.9189189189,10.8636363636,6.82857142857,3.90425962805,0.302212565351,0.157299558973,6.53875028237,1.01227514832,0.54008820536,5.9141759762,0.915583728533,0.489426665159,0.668059531521,0.381634097777,2,1.75052369642,0.668059531521,2,0.177578327269,0.160489848534,166,0.0213642213642,0.344276030539,37,37,37,1,0,0.405405405405,0.540540540541,0.0540540540541,37,321,0.240990990991,1.71553459992,17.3513513514,14.5909090909,9.17142857143,4.7622136322,0.274457795002,0.132693441105,8.69563764851,1.00230091276,0.531784120569,8.17534930974,0.942329982743,0.495074513766,0.628259356633,0.366217828928,2,1.71553459992,0.628259356633,2,0.272074384685,0.2944,552,0.0710424710425,0.568077165464,37,37,37,1,0,0.405405405405,0.540540540541,0.0540540540541,-21,-0.0157657657658,-0.00975421819451,-1.13513513514,-0.954545454545,-0.6,-0.605496523197,-0.0159007952751,-0.00994920153799,-0.812853893869,-0.0263955406587,-0.0127077397122,0.12203596331,0.0710650885382,0.0332442624622,-0.0123402136928,-0.00508207379,0,-0.00975421819451,-0.0123402136928,0,-0.0719970095623,-0.0821690376569,-258,-0.0332046332046,-0.0014996628861,0,0,0,321,0,21,990,0.938596491228,1,0,0.0614035087719,1,0.938596491228,0.968325791855,0.958697252357,0.938596491228,0.938596491228,82,103,0,0,0,0
3093,WLNM_dir_neg,0.973795833726,0.902952993469,00:00:05,10,70,44,1239447279,threshold_sweep,0.6,1,0.796116504854,0.886486486486,82,0,21,206,0.796116504854,1,0,0.203883495146,1,0.796116504854,0.886486486486,0.932038834951,0.578209277238,0.838874680307,0.849980564691,0.796116504854,342,239,103,0,342,0,239,0,103,37,342,0.256756756757,1.72528881811,18.4864864865,15.5454545455,9.77142857143,5.36771015539,0.290358590277,0.142642642643,9.50849154237,1.02869645341,0.544491860281,8.05331334643,0.871264894205,0.461830251304,0.640599570326,0.371299902718,2,1.72528881811,0.640599570326,2,0.344071394247,0.376569037657,810,0.104247104247,0.56957682835,37,37,37,1,0,0.405405405405,0.540540540541,0.0540540540541,37,0.179429429429,1.75052369642,12.9189189189,10.8636363636,6.82857142857,3.90425962805,0.302212565351,0.157299558973,6.53875028237,1.01227514832,0.54008820536,5.9141759762,0.915583728533,0.489426665159,0.668059531521,0.381634097777,2,1.75052369642,0.668059531521,2,0.177578327269,0.160489848534,166,0.0213642213642,0.344276030539,37,37,37,1,0,0.405405405405,0.540540540541,0.0540540540541,37,321,0.240990990991,1.71553459992,17.3513513514,14.5909090909,9.17142857143,4.7622136322,0.274457795002,0.132693441105,8.69563764851,1.00230091276,0.531784120569,8.17534930974,0.942329982743,0.495074513766,0.628259356633,0.366217828928,2,1.71553459992,0.628259356633,2,0.272074384685,0.2944,552,0.0710424710425,0.568077165464,37,37,37,1,0,0.405405405405,0.540540540541,0.0540540540541,-21,-0.0157657657658,-0.00975421819451,-1.13513513514,-0.954545454545,-0.6,-0.605496523197,-0.0159007952751,-0.00994920153799,-0.812853893869,-0.0263955406587,-0.0127077397122,0.12203596331,0.0710650885382,0.0332442624622,-0.0123402136928,-0.00508207379,0,-0.00975421819451,-0.0123402136928,0,-0.0719970095623,-0.0821690376569,-258,-0.0332046332046,-0.0014996628861,0,0,0,321,0,21,990,0.938596491228,1,0,0.0614035087719,1,0.938596491228,0.968325791855,0.958697252357,0.938596491228,0.938596491228,82,103,0,0,0,0
3094,WLNM_dir_neg,0.973795833726,0.902952993469,00:00:05,10,70,44,1239447279,threshold_sweep,0.7,1,0.796116504854,0.886486486486,82,0,21,206,0.796116504854,1,0,0.203883495146,1,0.796116504854,0.886486486486,0.932038834951,0.578209277238,0.838874680307,0.849980564691,0.796116504854,342,239,103,0,342,0,239,0,103,37,342,0.256756756757,1.72528881811,18.4864864865,15.5454545455,9.77142857143,5.36771015539,0.290358590277,0.142642642643,9.50849154237,1.02869645341,0.544491860281,8.05331334643,0.871264894205,0.461830251304,0.640599570326,0.371299902718,2,1.72528881811,0.640599570326,2,0.344071394247,0.376569037657,810,0.104247104247,0.56957682835,37,37,37,1,0,0.405405405405,0.540540540541,0.0540540540541,37,0.179429429429,1.75052369642,12.9189189189,10.8636363636,6.82857142857,3.90425962805,0.302212565351,0.157299558973,6.53875028237,1.01227514832,0.54008820536,5.9141759762,0.915583728533,0.489426665159,0.668059531521,0.381634097777,2,1.75052369642,0.668059531521,2,0.177578327269,0.160489848534,166,0.0213642213642,0.344276030539,37,37,37,1,0,0.405405405405,0.540540540541,0.0540540540541,37,321,0.240990990991,1.71553459992,17.3513513514,14.5909090909,9.17142857143,4.7622136322,0.274457795002,0.132693441105,8.69563764851,1.00230091276,0.531784120569,8.17534930974,0.942329982743,0.495074513766,0.628259356633,0.366217828928,2,1.71553459992,0.628259356633,2,0.272074384685,0.2944,552,0.0710424710425,0.568077165464,37,37,37,1,0,0.405405405405,0.540540540541,0.0540540540541,-21,-0.0157657657658,-0.00975421819451,-1.13513513514,-0.954545454545,-0.6,-0.605496523197,-0.0159007952751,-0.00994920153799,-0.812853893869,-0.0263955406587,-0.0127077397122,0.12203596331,0.0710650885382,0.0332442624622,-0.0123402136928,-0.00508207379,0,-0.00975421819451,-0.0123402136928,0,-0.0719970095623,-0.0821690376569,-258,-0.0332046332046,-0.0014996628861,0,0,0,321,0,21,990,0.938596491228,1,0,0.0614035087719,1,0.938596491228,0.968325791855,0.958697252357,0.938596491228,0.938596491228,82,103,0,0,0,0
3095,WLNM_dir_neg,0.973795833726,0.902952993469,00:00:05,10,70,44,1239447279,threshold_sweep,0.8,1,0.796116504854,0.886486486486,82,0,21,206,0.796116504854,1,0,0.203883495146,1,0.796116504854,0.886486486486,0.932038834951,0.578209277238,0.838874680307,0.849980564691,0.796116504854,342,239,103,0,342,0,239,0,103,37,342,0.256756756757,1.72528881811,18.4864864865,15.5454545455,9.77142857143,5.36771015539,0.290358590277,0.142642642643,9.50849154237,1.02869645341,0.544491860281,8.05331334643,0.871264894205,0.461830251304,0.640599570326,0.371299902718,2,1.72528881811,0.640599570326,2,0.344071394247,0.376569037657,810,0.104247104247,0.56957682835,37,37,37,1,0,0.405405405405,0.540540540541,0.0540540540541,37,0.179429429429,1.75052369642,12.9189189189,10.8636363636,6.82857142857,3.90425962805,0.302212565351,0.157299558973,6.53875028237,1.01227514832,0.54008820536,5.9141759762,0.915583728533,0.489426665159,0.668059531521,0.381634097777,2,1.75052369642,0.668059531521,2,0.177578327269,0.160489848534,166,0.0213642213642,0.344276030539,37,37,37,1,0,0.405405405405,0.540540540541,0.0540540540541,37,321,0.240990990991,1.71553459992,17.3513513514,14.5909090909,9.17142857143,4.7622136322,0.274457795002,0.132693441105,8.69563764851,1.00230091276,0.531784120569,8.17534930974,0.942329982743,0.495074513766,0.628259356633,0.366217828928,2,1.71553459992,0.628259356633,2,0.272074384685,0.2944,552,0.0710424710425,0.568077165464,37,37,37,1,0,0.405405405405,0.540540540541,0.0540540540541,-21,-0.0157657657658,-0.00975421819451,-1.13513513514,-0.954545454545,-0.6,-0.605496523197,-0.0159007952751,-0.00994920153799,-0.812853893869,-0.0263955406587,-0.0127077397122,0.12203596331,0.0710650885382,0.0332442624622,-0.0123402136928,-0.00508207379,0,-0.00975421819451,-0.0123402136928,0,-0.0719970095623,-0.0821690376569,-258,-0.0332046332046,-0.0014996628861,0,0,0,321,0,21,990,0.938596491228,1,0,0.0614035087719,1,0.938596491228,0.968325791855,0.958697252357,0.938596491228,0.938596491228,82,103,0,0,0,0
3096,WLNM_dir_neg,0.973795833726,0.902952993469,00:00:05,10,70,44,1239447279,threshold_sweep,0.9,1,0.796116504854,0.886486486486,82,0,21,206,0.796116504854,1,0,0.203883495146,1,0.796116504854,0.886486486486,0.932038834951,0.578209277238,0.838874680307,0.849980564691,0.796116504854,342,239,103,0,342,0,239,0,103,37,342,0.256756756757,1.72528881811,18.4864864865,15.5454545455,9.77142857143,5.36771015539,0.290358590277,0.142642642643,9.50849154237,1.02869645341,0.544491860281,8.05331334643,0.871264894205,0.461830251304,0.640599570326,0.371299902718,2,1.72528881811,0.640599570326,2,0.344071394247,0.376569037657,810,0.104247104247,0.56957682835,37,37,37,1,0,0.405405405405,0.540540540541,0.0540540540541,37,0.179429429429,1.75052369642,12.9189189189,10.8636363636,6.82857142857,3.90425962805,0.302212565351,0.157299558973,6.53875028237,1.01227514832,0.54008820536,5.9141759762,0.915583728533,0.489426665159,0.668059531521,0.381634097777,2,1.75052369642,0.668059531521,2,0.177578327269,0.160489848534,166,0.0213642213642,0.344276030539,37,37,37,1,0,0.405405405405,0.540540540541,0.0540540540541,37,321,0.240990990991,1.71553459992,17.3513513514,14.5909090909,9.17142857143,4.7622136322,0.274457795002,0.132693441105,8.69563764851,1.00230091276,0.531784120569,8.17534930974,0.942329982743,0.495074513766,0.628259356633,0.366217828928,2,1.71553459992,0.628259356633,2,0.272074384685,0.2944,552,0.0710424710425,0.568077165464,37,37,37,1,0,0.405405405405,0.540540540541,0.0540540540541,-21,-0.0157657657658,-0.00975421819451,-1.13513513514,-0.954545454545,-0.6,-0.605496523197,-0.0159007952751,-0.00994920153799,-0.812853893869,-0.0263955406587,-0.0127077397122,0.12203596331,0.0710650885382,0.0332442624622,-0.0123402136928,-0.00508207379,0,-0.00975421819451,-0.0123402136928,0,-0.0719970095623,-0.0821690376569,-258,-0.0332046332046,-0.0014996628861,0,0,0,321,0,21,990,0.938596491228,1,0,0.0614035087719,1,0.938596491228,0.968325791855,0.958697252357,0.938596491228,0.938596491228,82,103,0,0,0,0
3097,WLNM_dir_neg,0.980252615704,0.878915787046,00:00:05,10,70,45,1239447280,threshold_sweep,0.1,0.954545454545,0.815533980583,0.879581151832,84,4,19,202,0.815533980583,0.980582524272,0.0194174757282,0.184466019417,0.954545454545,0.815533980583,0.879581151832,0.925566343042,0.571736785329,0.826196473552,0.831555762173,0.796116504854,342,239,103,0,342,0,239,0,103,37,342,0.256756756757,1.72528881811,18.4864864865,15.5454545455,9.77142857143,5.36771015539,0.290358590277,0.142642642643,9.50849154237,1.02869645341,0.544491860281,8.05331334643,0.871264894205,0.461830251304,0.640599570326,0.371299902718,2,1.72528881811,0.640599570326,2,0.344071394247,0.376569037657,810,0.104247104247,0.56957682835,37,37,37,1,0,0.405405405405,0.540540540541,0.0540540540541,37,0.179429429429,1.75337217471,12.9189189189,10.8636363636,6.82857142857,3.79603871291,0.293835632589,0.159335067285,6.5768727565,1.01817695394,0.547099400656,5.73776279763,0.888272901726,0.47902295601,0.672777770519,0.383705057159,2,1.75337217471,0.672777770519,2,0.192471857952,0.164237123421,169,0.0217503217503,0.333900190318,37,37,37,1,0,0.405405405405,0.540540540541,0.0540540540541,37,327,0.245495495495,2.3137591645,17.6756756757,14.2173913043,9.08333333333,4.96685712193,0.280999561944,0.136044301182,9.04775452042,1.02375204054,0.544507810563,7.91101030742,0.89512960665,0.471278618068,1.59272862801,0.688372693426,5.92410714286,2.3137591645,1.59272862801,5.92410714286,0.312723716227,0.321575342466,626,0.0805662805663,0.505900743094,37,37,37,1,0,0.378378378378,0.594594594595,0.027027027027,-15,-0.0112612612613,0.588470346386,-0.810810810811,-1.32806324111,-0.688095238095,-0.400853033463,-0.00935902833305,-0.00659834146073,-0.46073702195,-0.00494441287748,1.59502815225e-05,-0.142303039016,0.0238647124449,0.00944836676367,0.952129057682,0.317072790709,3.92410714286,0.588470346386,0.952129057682,3.92410714286,-0.0313476780203,-0.0549936951912,-184,-0.0236808236808,-0.0636760852554,-0.027027027027,0.0540540540541,-0.027027027027,323,4,19,986,0.944444444444,0.99595959596,0.0040404040404,0.0555555555556,0.987767584098,0.944444444444,0.965620328849,0.954527026444,0.940404040404,0.933526011561,88,103,0,0,0,0
3098,WLNM_dir_neg,0.980252615704,0.878915787046,00:00:05,10,70,45,1239447280,threshold_sweep,0.2,0.954545454545,0.815533980583,0.879581151832,84,4,19,202,0.815533980583,0.980582524272,0.0194174757282,0.184466019417,0.954545454545,0.815533980583,0.879581151832,0.925566343042,0.571736785329,0.826196473552,0.831555762173,0.796116504854,342,239,103,0,342,0,239,0,103,37,342,0.256756756757,1.72528881811,18.4864864865,15.5454545455,9.77142857143,5.36771015539,0.290358590277,0.142642642643,9.50849154237,1.02869645341,0.544491860281,8.05331334643,0.871264894205,0.461830251304,0.640599570326,0.371299902718,2,1.72528881811,0.640599570326,2,0.344071394247,0.376569037657,810,0.104247104247,0.56957682835,37,37,37,1,0,0.405405405405,0.540540540541,0.0540540540541,37,0.179429429429,1.75337217471,12.9189189189,10.8636363636,6.82857142857,3.79603871291,0.293835632589,0.159335067285,6.5768727565,1.01817695394,0.547099400656,5.73776279763,0.888272901726,0.47902295601,0.672777770519,0.383705057159,2,1.75337217471,0.672777770519,2,0.192471857952,0.164237123421,169,0.0217503217503,0.333900190318,37,37,37,1,0,0.405405405405,0.540540540541,0.0540540540541,37,327,0.245495495495,2.3137591645,17.6756756757,14.2173913043,9.08333333333,4.96685712193,0.280999561944,0.136044301182,9.04775452042,1.02375204054,0.544507810563,7.91101030742,0.89512960665,0.471278618068,1.59272862801,0.688372693426,5.92410714286,2.3137591645,1.59272862801,5.92410714286,0.312723716227,0.321575342466,626,0.0805662805663,0.505900743094,37,37,37,1,0,0.378378378378,0.594594594595,0.027027027027,-15,-0.0112612612613,0.588470346386,-0.810810810811,-1.32806324111,-0.688095238095,-0.400853033463,-0.00935902833305,-0.00659834146073,-0.46073702195,-0.00494441287748,1.59502815225e-05,-0.142303039016,0.0238647124449,0.00944836676367,0.952129057682,0.317072790709,3.92410714286,0.588470346386,0.952129057682,3.92410714286,-0.0313476780203,-0.0549936951912,-184,-0.0236808236808,-0.0636760852554,-0.027027027027,0.0540540540541,-0.027027027027,323,4,19,986,0.944444444444,0.99595959596,0.0040404040404,0.0555555555556,0.987767584098,0.944444444444,0.965620328849,0.954527026444,0.940404040404,0.933526011561,88,103,0,0,0,0
3099,WLNM_dir_neg,0.980252615704,0.878915787046,00:00:05,10,70,45,1239447280,threshold_sweep,0.3,0.954545454545,0.815533980583,0.879581151832,84,4,19,202,0.815533980583,0.980582524272,0.0194174757282,0.184466019417,0.954545454545,0.815533980583,0.879581151832,0.925566343042,0.571736785329,0.826196473552,0.831555762173,0.796116504854,342,239,103,0,342,0,239,0,103,37,342,0.256756756757,1.72528881811,18.4864864865,15.5454545455,9.77142857143,5.36771015539,0.290358590277,0.142642642643,9.50849154237,1.02869645341,0.544491860281,8.05331334643,0.871264894205,0.461830251304,0.640599570326,0.371299902718,2,1.72528881811,0.640599570326,2,0.344071394247,0.376569037657,810,0.104247104247,0.56957682835,37,37,37,1,0,0.405405405405,0.540540540541,0.0540540540541,37,0.179429429429,1.75337217471,12.9189189189,10.8636363636,6.82857142857,3.79603871291,0.293835632589,0.159335067285,6.5768727565,1.01817695394,0.547099400656,5.73776279763,0.888272901726,0.47902295601,0.672777770519,0.383705057159,2,1.75337217471,0.672777770519,2,0.192471857952,0.164237123421,169,0.0217503217503,0.333900190318,37,37,37,1,0,0.405405405405,0.540540540541,0.0540540540541,37,327,0.245495495495,2.3137591645,17.6756756757,14.2173913043,9.08333333333,4.96685712193,0.280999561944,0.136044301182,9.04775452042,1.02375204054,0.544507810563,7.91101030742,0.89512960665,0.471278618068,1.59272862801,0.688372693426,5.92410714286,2.3137591645,1.59272862801,5.92410714286,0.312723716227,0.321575342466,626,0.0805662805663,0.505900743094,37,37,37,1,0,0.378378378378,0.594594594595,0.027027027027,-15,-0.0112612612613,0.588470346386,-0.810810810811,-1.32806324111,-0.688095238095,-0.400853033463,-0.00935902833305,-0.00659834146073,-0.46073702195,-0.00494441287748,1.59502815225e-05,-0.142303039016,0.0238647124449,0.00944836676367,0.952129057682,0.317072790709,3.92410714286,0.588470346386,0.952129057682,3.92410714286,-0.0313476780203,-0.0549936951912,-184,-0.0236808236808,-0.0636760852554,-0.027027027027,0.0540540540541,-0.027027027027,323,4,19,986,0.944444444444,0.99595959596,0.0040404040404,0.0555555555556,0.987767584098,0.944444444444,0.965620328849,0.954527026444,0.940404040404,0.933526011561,88,103,0,0,0,0
3100,WLNM_dir_neg,0.980252615704,0.878915787046,00:00:05,10,70,45,1239447280,threshold_sweep,0.4,0.954545454545,0.815533980583,0.879581151832,84,4,19,202,0.815533980583,0.980582524272,0.0194174757282,0.184466019417,0.954545454545,0.815533980583,0.879581151832,0.925566343042,0.571736785329,0.826196473552,0.831555762173,0.796116504854,342,239,103,0,342,0,239,0,103,37,342,0.256756756757,1.72528881811,18.4864864865,15.5454545455,9.77142857143,5.36771015539,0.290358590277,0.142642642643,9.50849154237,1.02869645341,0.544491860281,8.05331334643,0.871264894205,0.461830251304,0.640599570326,0.371299902718,2,1.72528881811,0.640599570326,2,0.344071394247,0.376569037657,810,0.104247104247,0.56957682835,37,37,37,1,0,0.405405405405,0.540540540541,0.0540540540541,37,0.179429429429,1.75337217471,12.9189189189,10.8636363636,6.82857142857,3.79603871291,0.293835632589,0.159335067285,6.5768727565,1.01817695394,0.547099400656,5.73776279763,0.888272901726,0.47902295601,0.672777770519,0.383705057159,2,1.75337217471,0.672777770519,2,0.192471857952,0.164237123421,169,0.0217503217503,0.333900190318,37,37,37,1,0,0.405405405405,0.540540540541,0.0540540540541,37,327,0.245495495495,2.3137591645,17.6756756757,14.2173913043,9.08333333333,4.96685712193,0.280999561944,0.136044301182,9.04775452042,1.02375204054,0.544507810563,7.91101030742,0.89512960665,0.471278618068,1.59272862801,0.688372693426,5.92410714286,2.3137591645,1.59272862801,5.92410714286,0.312723716227,0.321575342466,626,0.0805662805663,0.505900743094,37,37,37,1,0,0.378378378378,0.594594594595,0.027027027027,-15,-0.0112612612613,0.588470346386,-0.810810810811,-1.32806324111,-0.688095238095,-0.400853033463,-0.00935902833305,-0.00659834146073,-0.46073702195,-0.00494441287748,1.59502815225e-05,-0.142303039016,0.0238647124449,0.00944836676367,0.952129057682,0.317072790709,3.92410714286,0.588470346386,0.952129057682,3.92410714286,-0.0313476780203,-0.0549936951912,-184,-0.0236808236808,-0.0636760852554,-0.027027027027,0.0540540540541,-0.027027027027,323,4,19,986,0.944444444444,0.99595959596,0.0040404040404,0.0555555555556,0.987767584098,0.944444444444,0.965620328849,0.954527026444,0.940404040404,0.933526011561,88,103,0,0,0,0
3101,WLNM_dir_neg,0.980252615704,0.878915787046,00:00:05,10,70,45,1239447280,threshold_sweep,0.5,0.954022988506,0.805825242718,0.873684210526,83,4,20,202,0.805825242718,0.980582524272,0.0194174757282,0.194174757282,0.954022988506,0.805825242718,0.873684210526,0.922330097087,0.572815533981,0.818181818182,0.824259389678,0.78640776699,342,239,103,0,342,0,239,0,103,37,342,0.256756756757,1.72528881811,18.4864864865,15.5454545455,9.77142857143,5.36771015539,0.290358590277,0.142642642643,9.50849154237,1.02869645341,0.544491860281,8.05331334643,0.871264894205,0.461830251304,0.640599570326,0.371299902718,2,1.72528881811,0.640599570326,2,0.344071394247,0.376569037657,810,0.104247104247,0.56957682835,37,37,37,1,0,0.405405405405,0.540540540541,0.0540540540541,37,0.179429429429,1.75337217471,12.9189189189,10.8636363636,6.82857142857,3.79603871291,0.293835632589,0.159335067285,6.5768727565,1.01817695394,0.547099400656,5.73776279763,0.888272901726,0.47902295601,0.672777770519,0.383705057159,2,1.75337217471,0.672777770519,2,0.192471857952,0.164237123421,169,0.0217503217503,0.333900190318,37,37,37,1,0,0.405405405405,0.540540540541,0.0540540540541,37,326,0.244744744745,2.31322997874,17.6216216216,14.1739130435,9.05555555556,4.87824735917,0.276833055659,0.133974465263,8.98096084267,1.01931150668,0.543193500249,7.93668639868,0.900789560586,0.4745481678,1.59245008573,0.688409756212,5.92410714286,2.31322997874,1.59245008573,5.92410714286,0.30798645858,0.315025906736,608,0.0782496782497,0.506821874271,37,37,37,1,0,0.378378378378,0.594594594595,0.027027027027,-16,-0.012012012012,0.587941160629,-0.864864864865,-1.37154150198,-0.715873015873,-0.489462796218,-0.0135255346184,-0.00866817737983,-0.5275306997,-0.00938494673086,-0.00129836003262,-0.116626947754,0.0295246663815,0.0127179164958,0.951850515404,0.317109853495,3.92410714286,0.587941160629,0.951850515404,3.92410714286,-0.0360849356674,-0.0615431309212,-202,-0.0259974259974,-0.0627549540788,-0.027027027027,0.0540540540541,-0.027027027027,322,4,20,986,0.941520467836,0.99595959596,0.0040404040404,0.0584795321637,0.98773006135,0.941520467836,0.964071856287,0.952543682095,0.937480063796,0.93063583815,87,103,0,0,0,0
3102,WLNM_dir_neg,0.980252615704,0.878915787046,00:00:05,10,70,45,1239447280,threshold_sweep,0.6,0.954022988506,0.805825242718,0.873684210526,83,4,20,202,0.805825242718,0.980582524272,0.0194174757282,0.194174757282,0.954022988506,0.805825242718,0.873684210526,0.922330097087,0.572815533981,0.818181818182,0.824259389678,0.78640776699,342,239,103,0,342,0,239,0,103,37,342,0.256756756757,1.72528881811,18.4864864865,15.5454545455,9.77142857143,5.36771015539,0.290358590277,0.142642642643,9.50849154237,1.02869645341,0.544491860281,8.05331334643,0.871264894205,0.461830251304,0.640599570326,0.371299902718,2,1.72528881811,0.640599570326,2,0.344071394247,0.376569037657,810,0.104247104247,0.56957682835,37,37,37,1,0,0.405405405405,0.540540540541,0.0540540540541,37,0.179429429429,1.75337217471,12.9189189189,10.8636363636,6.82857142857,3.79603871291,0.293835632589,0.159335067285,6.5768727565,1.01817695394,0.547099400656,5.73776279763,0.888272901726,0.47902295601,0.672777770519,0.383705057159,2,1.75337217471,0.672777770519,2,0.192471857952,0.164237123421,169,0.0217503217503,0.333900190318,37,37,37,1,0,0.405405405405,0.540540540541,0.0540540540541,37,326,0.244744744745,2.31322997874,17.6216216216,14.1739130435,9.05555555556,4.87824735917,0.276833055659,0.133974465263,8.98096084267,1.01931150668,0.543193500249,7.93668639868,0.900789560586,0.4745481678,1.59245008573,0.688409756212,5.92410714286,2.31322997874,1.59245008573,5.92410714286,0.30798645858,0.315025906736,608,0.0782496782497,0.506821874271,37,37,37,1,0,0.378378378378,0.594594594595,0.027027027027,-16,-0.012012012012,0.587941160629,-0.864864864865,-1.37154150198,-0.715873015873,-0.489462796218,-0.0135255346184,-0.00866817737983,-0.5275306997,-0.00938494673086,-0.00129836003262,-0.116626947754,0.0295246663815,0.0127179164958,0.951850515404,0.317109853495,3.92410714286,0.587941160629,0.951850515404,3.92410714286,-0.0360849356674,-0.0615431309212,-202,-0.0259974259974,-0.0627549540788,-0.027027027027,0.0540540540541,-0.027027027027,322,4,20,986,0.941520467836,0.99595959596,0.0040404040404,0.0584795321637,0.98773006135,0.941520467836,0.964071856287,0.952543682095,0.937480063796,0.93063583815,87,103,0,0,0,0
3103,WLNM_dir_neg,0.980252615704,0.878915787046,00:00:05,10,70,45,1239447280,threshold_sweep,0.7,0.954022988506,0.805825242718,0.873684210526,83,4,20,202,0.805825242718,0.980582524272,0.0194174757282,0.194174757282,0.954022988506,0.805825242718,0.873684210526,0.922330097087,0.572815533981,0.818181818182,0.824259389678,0.78640776699,342,239,103,0,342,0,239,0,103,37,342,0.256756756757,1.72528881811,18.4864864865,15.5454545455,9.77142857143,5.36771015539,0.290358590277,0.142642642643,9.50849154237,1.02869645341,0.544491860281,8.05331334643,0.871264894205,0.461830251304,0.640599570326,0.371299902718,2,1.72528881811,0.640599570326,2,0.344071394247,0.376569037657,810,0.104247104247,0.56957682835,37,37,37,1,0,0.405405405405,0.540540540541,0.0540540540541,37,0.179429429429,1.75337217471,12.9189189189,10.8636363636,6.82857142857,3.79603871291,0.293835632589,0.159335067285,6.5768727565,1.01817695394,0.547099400656,5.73776279763,0.888272901726,0.47902295601,0.672777770519,0.383705057159,2,1.75337217471,0.672777770519,2,0.192471857952,0.164237123421,169,0.0217503217503,0.333900190318,37,37,37,1,0,0.405405405405,0.540540540541,0.0540540540541,37,326,0.244744744745,2.31322997874,17.6216216216,14.1739130435,9.05555555556,4.87824735917,0.276833055659,0.133974465263,8.98096084267,1.01931150668,0.543193500249,7.93668639868,0.900789560586,0.4745481678,1.59245008573,0.688409756212,5.92410714286,2.31322997874,1.59245008573,5.92410714286,0.30798645858,0.315025906736,608,0.0782496782497,0.506821874271,37,37,37,1,0,0.378378378378,0.594594594595,0.027027027027,-16,-0.012012012012,0.587941160629,-0.864864864865,-1.37154150198,-0.715873015873,-0.489462796218,-0.0135255346184,-0.00866817737983,-0.5275306997,-0.00938494673086,-0.00129836003262,-0.116626947754,0.0295246663815,0.0127179164958,0.951850515404,0.317109853495,3.92410714286,0.587941160629,0.951850515404,3.92410714286,-0.0360849356674,-0.0615431309212,-202,-0.0259974259974,-0.0627549540788,-0.027027027027,0.0540540540541,-0.027027027027,322,4,20,986,0.941520467836,0.99595959596,0.0040404040404,0.0584795321637,0.98773006135,0.941520467836,0.964071856287,0.952543682095,0.937480063796,0.93063583815,87,103,0,0,0,0
3104,WLNM_dir_neg,0.980252615704,0.878915787046,00:00:05,10,70,45,1239447280,threshold_sweep,0.8,0.96511627907,0.805825242718,0.878306878307,83,3,20,203,0.805825242718,0.985436893204,0.0145631067961,0.194174757282,0.96511627907,0.805825242718,0.878306878307,0.925566343042,0.573894282632,0.825316455696,0.83228285721,0.791262135922,342,239,103,0,342,0,239,0,103,37,342,0.256756756757,1.72528881811,18.4864864865,15.5454545455,9.77142857143,5.36771015539,0.290358590277,0.142642642643,9.50849154237,1.02869645341,0.544491860281,8.05331334643,0.871264894205,0.461830251304,0.640599570326,0.371299902718,2,1.72528881811,0.640599570326,2,0.344071394247,0.376569037657,810,0.104247104247,0.56957682835,37,37,37,1,0,0.405405405405,0.540540540541,0.0540540540541,37,0.179429429429,1.75337217471,12.9189189189,10.8636363636,6.82857142857,3.79603871291,0.293835632589,0.159335067285,6.5768727565,1.01817695394,0.547099400656,5.73776279763,0.888272901726,0.47902295601,0.672777770519,0.383705057159,2,1.75337217471,0.672777770519,2,0.192471857952,0.164237123421,169,0.0217503217503,0.333900190318,37,37,37,1,0,0.405405405405,0.540540540541,0.0540540540541,37,325,0.243993993994,2.31101255554,17.5675675676,14.1304347826,9.02777777778,4.8278160495,0.274814144356,0.132058212058,8.95710498597,1.01973195225,0.543035343035,7.95520491787,0.905669482957,0.476340956341,1.59218414163,0.688955210482,5.92410714286,2.31101255554,1.59218414163,5.92410714286,0.303335091732,0.308455114823,591,0.0760617760618,0.509015496058,37,37,37,1,0,0.378378378378,0.594594594595,0.027027027027,-17,-0.0127627627628,0.585723737426,-0.918918918919,-1.41501976285,-0.743650793651,-0.539894105894,-0.015544445921,-0.0105844305844,-0.551386556402,-0.00896450116565,-0.00145651724599,-0.0981084285654,0.0344045887525,0.014510705037,0.951584571303,0.317655307764,3.92410714286,0.585723737426,0.951584571303,3.92410714286,-0.0407363025149,-0.0681139228344,-219,-0.0281853281853,-0.0605613322918,-0.027027027027,0.0540540540541,-0.027027027027,322,3,20,987,0.941520467836,0.99696969697,0.0030303030303,0.0584795321637,0.990769230769,0.941520467836,0.965517241379,0.954561601296,0.938490164806,0.933333333333,86,103,0,0,0,0
3105,WLNM_dir_neg,0.980252615704,0.878915787046,00:00:05,10,70,45,1239447280,threshold_sweep,0.9,0.964705882353,0.796116504854,0.872340425532,82,3,21,203,0.796116504854,0.985436893204,0.0145631067961,0.203883495146,0.964705882353,0.796116504854,0.872340425532,0.922330097087,0.574973031284,0.817258883249,0.825044562076,0.781553398058,342,239,103,0,342,0,239,0,103,37,342,0.256756756757,1.72528881811,18.4864864865,15.5454545455,9.77142857143,5.36771015539,0.290358590277,0.142642642643,9.50849154237,1.02869645341,0.544491860281,8.05331334643,0.871264894205,0.461830251304,0.640599570326,0.371299902718,2,1.72528881811,0.640599570326,2,0.344071394247,0.376569037657,810,0.104247104247,0.56957682835,37,37,37,1,0,0.405405405405,0.540540540541,0.0540540540541,37,0.179429429429,1.75337217471,12.9189189189,10.8636363636,6.82857142857,3.79603871291,0.293835632589,0.159335067285,6.5768727565,1.01817695394,0.547099400656,5.73776279763,0.888272901726,0.47902295601,0.672777770519,0.383705057159,2,1.75337217471,0.672777770519,2,0.192471857952,0.164237123421,169,0.0217503217503,0.333900190318,37,37,37,1,0,0.405405405405,0.540540540541,0.0540540540541,37,324,0.243243243243,2.30992324925,17.5135135135,14.0869565217,9,4.78203595426,0.27304834924,0.13013013013,8.92065457677,1.01871672636,0.542208875542,7.9666157788,0.909767851282,0.477477477477,1.59196826657,0.689186650287,5.92410714286,2.30992324925,1.59196826657,5.92410714286,0.298747249434,0.301787592008,574,0.0738738738739,0.509797170919,37,37,37,1,0,0.378378378378,0.594594594595,0.027027027027,-18,-0.0135135135135,0.584634431136,-0.972972972973,-1.45849802372,-0.771428571429,-0.58567420113,-0.0173102410368,-0.0125125125125,-0.587836965603,-0.00997972705508,-0.00228298473913,-0.0866975676379,0.0385029570774,0.0156472261735,0.951368696245,0.317886747569,3.92410714286,0.584634431136,0.951368696245,3.92410714286,-0.0453241448138,-0.0747814456485,-236,-0.0303732303732,-0.0597796574306,-0.027027027027,0.0540540540541,-0.027027027027,321,3,21,987,0.938596491228,0.99696969697,0.0030303030303,0.0614035087719,0.990740740741,0.938596491228,0.963963963964,0.952582057386,0.935566188198,0.930434782609,85,103,0,0,0,0
3106,WLNM_dir_neg,0.964888302385,0.841642063678,00:00:05,10,70,46,1239447281,threshold_sweep,0.1,0.987804878049,0.78640776699,0.875675675676,81,1,22,205,0.78640776699,0.995145631068,0.00485436893204,0.21359223301,0.987804878049,0.78640776699,0.875675675676,0.925566343042,0.578209277238,0.823529411765,0.834432139727,0.781553398058,342,239,103,0,342,0,239,0,103,37,342,0.256756756757,1.72528881811,18.4864864865,15.5454545455,9.77142857143,5.36771015539,0.290358590277,0.142642642643,9.50849154237,1.02869645341,0.544491860281,8.05331334643,0.871264894205,0.461830251304,0.640599570326,0.371299902718,2,1.72528881811,0.640599570326,2,0.344071394247,0.376569037657,810,0.104247104247,0.56957682835,37,37,37,1,0,0.405405405405,0.540540540541,0.0540540540541,37,0.179429429429,1.76265222018,12.9189189189,10.8636363636,6.82857142857,3.86852238787,0.299446293622,0.155603302047,6.51747477766,1.00898145094,0.53940970259,6.15807777816,0.953342584904,0.506163066833,0.686004816662,0.389188978295,2,1.76265222018,0.686004816662,2,0.148975075446,0.14830371567,153,0.0196911196911,0.35918844892,37,37,37,1,0,0.405405405405,0.540540540541,0.0540540540541,37,321,0.240990990991,1.73268859705,17.3513513514,14.5909090909,9.17142857143,4.94534695006,0.285012207402,0.135892902248,8.68604901249,1.00119568057,0.527574303275,8.16174700135,0.940762115421,0.493895764924,0.655170820133,0.37812381362,2,1.73268859705,0.655170820133,2,0.285935334202,0.292774308653,547,0.070398970399,0.567874319387,37,37,37,1,0,0.405405405405,0.540540540541,0.0540540540541,-21,-0.0157657657658,0.00739977893729,-1.13513513514,-0.954545454545,-0.6,-0.422363205334,-0.00534638287498,-0.0067497403946,-0.822442529881,-0.027500772847,-0.0169175570061,0.10843365492,0.069497221216,0.0320655136199,0.0145712498065,0.00682391090189,0,0.00739977893729,0.0145712498065,0,-0.0581360600458,-0.0837947290039,-263,-0.0338481338481,-0.00170250896302,0,0,0,320,1,22,989,0.93567251462,0.99898989899,0.0010101010101,0.0643274853801,0.996884735202,0.93567251462,0.965309200603,0.95467892346,0.93466241361,0.932944606414,82,103,0,0,0,0
3107,WLNM_dir_neg,0.964888302385,0.841642063678,00:00:05,10,70,46,1239447281,threshold_sweep,0.2,0.987804878049,0.78640776699,0.875675675676,81,1,22,205,0.78640776699,0.995145631068,0.00485436893204,0.21359223301,0.987804878049,0.78640776699,0.875675675676,0.925566343042,0.578209277238,0.823529411765,0.834432139727,0.781553398058,342,239,103,0,342,0,239,0,103,37,342,0.256756756757,1.72528881811,18.4864864865,15.5454545455,9.77142857143,5.36771015539,0.290358590277,0.142642642643,9.50849154237,1.02869645341,0.544491860281,8.05331334643,0.871264894205,0.461830251304,0.640599570326,0.371299902718,2,1.72528881811,0.640599570326,2,0.344071394247,0.376569037657,810,0.104247104247,0.56957682835,37,37,37,1,0,0.405405405405,0.540540540541,0.0540540540541,37,0.179429429429,1.76265222018,12.9189189189,10.8636363636,6.82857142857,3.86852238787,0.299446293622,0.155603302047,6.51747477766,1.00898145094,0.53940970259,6.15807777816,0.953342584904,0.506163066833,0.686004816662,0.389188978295,2,1.76265222018,0.686004816662,2,0.148975075446,0.14830371567,153,0.0196911196911,0.35918844892,37,37,37,1,0,0.405405405405,0.540540540541,0.0540540540541,37,321,0.240990990991,1.73268859705,17.3513513514,14.5909090909,9.17142857143,4.94534695006,0.285012207402,0.135892902248,8.68604901249,1.00119568057,0.527574303275,8.16174700135,0.940762115421,0.493895764924,0.655170820133,0.37812381362,2,1.73268859705,0.655170820133,2,0.285935334202,0.292774308653,547,0.070398970399,0.567874319387,37,37,37,1,0,0.405405405405,0.540540540541,0.0540540540541,-21,-0.0157657657658,0.00739977893729,-1.13513513514,-0.954545454545,-0.6,-0.422363205334,-0.00534638287498,-0.0067497403946,-0.822442529881,-0.027500772847,-0.0169175570061,0.10843365492,0.069497221216,0.0320655136199,0.0145712498065,0.00682391090189,0,0.00739977893729,0.0145712498065,0,-0.0581360600458,-0.0837947290039,-263,-0.0338481338481,-0.00170250896302,0,0,0,320,1,22,989,0.93567251462,0.99898989899,0.0010101010101,0.0643274853801,0.996884735202,0.93567251462,0.965309200603,0.95467892346,0.93466241361,0.932944606414,82,103,0,0,0,0
3108,WLNM_dir_neg,0.964888302385,0.841642063678,00:00:05,10,70,46,1239447281,threshold_sweep,0.3,1,0.78640776699,0.880434782609,81,0,22,206,0.78640776699,1,0,0.21359223301,1,0.78640776699,0.880434782609,0.928802588997,0.57928802589,0.830769230769,0.842927230424,0.78640776699,342,239,103,0,342,0,239,0,103,37,342,0.256756756757,1.72528881811,18.4864864865,15.5454545455,9.77142857143,5.36771015539,0.290358590277,0.142642642643,9.50849154237,1.02869645341,0.544491860281,8.05331334643,0.871264894205,0.461830251304,0.640599570326,0.371299902718,2,1.72528881811,0.640599570326,2,0.344071394247,0.376569037657,810,0.104247104247,0.56957682835,37,37,37,1,0,0.405405405405,0.540540540541,0.0540540540541,37,0.179429429429,1.76265222018,12.9189189189,10.8636363636,6.82857142857,3.86852238787,0.299446293622,0.155603302047,6.51747477766,1.00898145094,0.53940970259,6.15807777816,0.953342584904,0.506163066833,0.686004816662,0.389188978295,2,1.76265222018,0.686004816662,2,0.148975075446,0.14830371567,153,0.0196911196911,0.35918844892,37,37,37,1,0,0.405405405405,0.540540540541,0.0540540540541,37,320,0.24024024024,1.73096534973,17.2972972973,14.5454545455,9.14285714286,4.89821319386,0.28317795027,0.134037162162,8.65453065746,1.00068010727,0.527195945946,8.17590027736,0.94533846957,0.495439189189,0.653733652864,0.377669982224,2,1.73096534973,0.653733652864,2,0.285935334202,0.292774308653,547,0.070398970399,0.569507879075,37,37,37,1,0,0.405405405405,0.540540540541,0.0540540540541,-22,-0.0165165165165,0.00567653161935,-1.18918918919,-1,-0.628571428571,-0.469496961534,-0.00718064000716,-0.00860548048048,-0.853960884916,-0.0280163461461,-0.0172959143354,0.122586930926,0.0740735753649,0.0336089378853,0.013134082538,0.00637007950601,0,0.00567653161935,0.013134082538,0,-0.0581360600458,-0.0837947290039,-263,-0.0338481338481,-6.89492749885e-05,0,0,0,320,0,22,990,0.93567251462,1,0,0.0643274853801,1,0.93567251462,0.966767371601,0.95672974647,0.93567251462,0.93567251462,81,103,0,0,0,0
3109,WLNM_dir_neg,0.964888302385,0.841642063678,00:00:05,10,70,46,1239447281,threshold_sweep,0.4,1,0.78640776699,0.880434782609,81,0,22,206,0.78640776699,1,0,0.21359223301,1,0.78640776699,0.880434782609,0.928802588997,0.57928802589,0.830769230769,0.842927230424,0.78640776699,342,239,103,0,342,0,239,0,103,37,342,0.256756756757,1.72528881811,18.4864864865,15.5454545455,9.77142857143,5.36771015539,0.290358590277,0.142642642643,9.50849154237,1.02869645341,0.544491860281,8.05331334643,0.871264894205,0.461830251304,0.640599570326,0.371299902718,2,1.72528881811,0.640599570326,2,0.344071394247,0.376569037657,810,0.104247104247,0.56957682835,37,37,37,1,0,0.405405405405,0.540540540541,0.0540540540541,37,0.179429429429,1.76265222018,12.9189189189,10.8636363636,6.82857142857,3.86852238787,0.299446293622,0.155603302047,6.51747477766,1.00898145094,0.53940970259,6.15807777816,0.953342584904,0.506163066833,0.686004816662,0.389188978295,2,1.76265222018,0.686004816662,2,0.148975075446,0.14830371567,153,0.0196911196911,0.35918844892,37,37,37,1,0,0.405405405405,0.540540540541,0.0540540540541,37,320,0.24024024024,1.73096534973,17.2972972973,14.5454545455,9.14285714286,4.89821319386,0.28317795027,0.134037162162,8.65453065746,1.00068010727,0.527195945946,8.17590027736,0.94533846957,0.495439189189,0.653733652864,0.377669982224,2,1.73096534973,0.653733652864,2,0.285935334202,0.292774308653,547,0.070398970399,0.569507879075,37,37,37,1,0,0.405405405405,0.540540540541,0.0540540540541,-22,-0.0165165165165,0.00567653161935,-1.18918918919,-1,-0.628571428571,-0.469496961534,-0.00718064000716,-0.00860548048048,-0.853960884916,-0.0280163461461,-0.0172959143354,0.122586930926,0.0740735753649,0.0336089378853,0.013134082538,0.00637007950601,0,0.00567653161935,0.013134082538,0,-0.0581360600458,-0.0837947290039,-263,-0.0338481338481,-6.89492749885e-05,0,0,0,320,0,22,990,0.93567251462,1,0,0.0643274853801,1,0.93567251462,0.966767371601,0.95672974647,0.93567251462,0.93567251462,81,103,0,0,0,0
3110,WLNM_dir_neg,0.964888302385,0.841642063678,00:00:05,10,70,46,1239447281,threshold_sweep,0.5,1,0.78640776699,0.880434782609,81,0,22,206,0.78640776699,1,0,0.21359223301,1,0.78640776699,0.880434782609,0.928802588997,0.57928802589,0.830769230769,0.842927230424,0.78640776699,342,239,103,0,342,0,239,0,103,37,342,0.256756756757,1.72528881811,18.4864864865,15.5454545455,9.77142857143,5.36771015539,0.290358590277,0.142642642643,9.50849154237,1.02869645341,0.544491860281,8.05331334643,0.871264894205,0.461830251304,0.640599570326,0.371299902718,2,1.72528881811,0.640599570326,2,0.344071394247,0.376569037657,810,0.104247104247,0.56957682835,37,37,37,1,0,0.405405405405,0.540540540541,0.0540540540541,37,0.179429429429,1.76265222018,12.9189189189,10.8636363636,6.82857142857,3.86852238787,0.299446293622,0.155603302047,6.51747477766,1.00898145094,0.53940970259,6.15807777816,0.953342584904,0.506163066833,0.686004816662,0.389188978295,2,1.76265222018,0.686004816662,2,0.148975075446,0.14830371567,153,0.0196911196911,0.35918844892,37,37,37,1,0,0.405405405405,0.540540540541,0.0540540540541,37,320,0.24024024024,1.73096534973,17.2972972973,14.5454545455,9.14285714286,4.89821319386,0.28317795027,0.134037162162,8.65453065746,1.00068010727,0.527195945946,8.17590027736,0.94533846957,0.495439189189,0.653733652864,0.377669982224,2,1.73096534973,0.653733652864,2,0.285935334202,0.292774308653,547,0.070398970399,0.569507879075,37,37,37,1,0,0.405405405405,0.540540540541,0.0540540540541,-22,-0.0165165165165,0.00567653161935,-1.18918918919,-1,-0.628571428571,-0.469496961534,-0.00718064000716,-0.00860548048048,-0.853960884916,-0.0280163461461,-0.0172959143354,0.122586930926,0.0740735753649,0.0336089378853,0.013134082538,0.00637007950601,0,0.00567653161935,0.013134082538,0,-0.0581360600458,-0.0837947290039,-263,-0.0338481338481,-6.89492749885e-05,0,0,0,320,0,22,990,0.93567251462,1,0,0.0643274853801,1,0.93567251462,0.966767371601,0.95672974647,0.93567251462,0.93567251462,81,103,0,0,0,0
3111,WLNM_dir_neg,0.964888302385,0.841642063678,00:00:05,10,70,46,1239447281,threshold_sweep,0.6,1,0.78640776699,0.880434782609,81,0,22,206,0.78640776699,1,0,0.21359223301,1,0.78640776699,0.880434782609,0.928802588997,0.57928802589,0.830769230769,0.842927230424,0.78640776699,342,239,103,0,342,0,239,0,103,37,342,0.256756756757,1.72528881811,18.4864864865,15.5454545455,9.77142857143,5.36771015539,0.290358590277,0.142642642643,9.50849154237,1.02869645341,0.544491860281,8.05331334643,0.871264894205,0.461830251304,0.640599570326,0.371299902718,2,1.72528881811,0.640599570326,2,0.344071394247,0.376569037657,810,0.104247104247,0.56957682835,37,37,37,1,0,0.405405405405,0.540540540541,0.0540540540541,37,0.179429429429,1.76265222018,12.9189189189,10.8636363636,6.82857142857,3.86852238787,0.299446293622,0.155603302047,6.51747477766,1.00898145094,0.53940970259,6.15807777816,0.953342584904,0.506163066833,0.686004816662,0.389188978295,2,1.76265222018,0.686004816662,2,0.148975075446,0.14830371567,153,0.0196911196911,0.35918844892,37,37,37,1,0,0.405405405405,0.540540540541,0.0540540540541,37,320,0.24024024024,1.73096534973,17.2972972973,14.5454545455,9.14285714286,4.89821319386,0.28317795027,0.134037162162,8.65453065746,1.00068010727,0.527195945946,8.17590027736,0.94533846957,0.495439189189,0.653733652864,0.377669982224,2,1.73096534973,0.653733652864,2,0.285935334202,0.292774308653,547,0.070398970399,0.569507879075,37,37,37,1,0,0.405405405405,0.540540540541,0.0540540540541,-22,-0.0165165165165,0.00567653161935,-1.18918918919,-1,-0.628571428571,-0.469496961534,-0.00718064000716,-0.00860548048048,-0.853960884916,-0.0280163461461,-0.0172959143354,0.122586930926,0.0740735753649,0.0336089378853,0.013134082538,0.00637007950601,0,0.00567653161935,0.013134082538,0,-0.0581360600458,-0.0837947290039,-263,-0.0338481338481,-6.89492749885e-05,0,0,0,320,0,22,990,0.93567251462,1,0,0.0643274853801,1,0.93567251462,0.966767371601,0.95672974647,0.93567251462,0.93567251462,81,103,0,0,0,0
3112,WLNM_dir_neg,0.964888302385,0.841642063678,00:00:05,10,70,46,1239447281,threshold_sweep,0.7,1,0.78640776699,0.880434782609,81,0,22,206,0.78640776699,1,0,0.21359223301,1,0.78640776699,0.880434782609,0.928802588997,0.57928802589,0.830769230769,0.842927230424,0.78640776699,342,239,103,0,342,0,239,0,103,37,342,0.256756756757,1.72528881811,18.4864864865,15.5454545455,9.77142857143,5.36771015539,0.290358590277,0.142642642643,9.50849154237,1.02869645341,0.544491860281,8.05331334643,0.871264894205,0.461830251304,0.640599570326,0.371299902718,2,1.72528881811,0.640599570326,2,0.344071394247,0.376569037657,810,0.104247104247,0.56957682835,37,37,37,1,0,0.405405405405,0.540540540541,0.0540540540541,37,0.179429429429,1.76265222018,12.9189189189,10.8636363636,6.82857142857,3.86852238787,0.299446293622,0.155603302047,6.51747477766,1.00898145094,0.53940970259,6.15807777816,0.953342584904,0.506163066833,0.686004816662,0.389188978295,2,1.76265222018,0.686004816662,2,0.148975075446,0.14830371567,153,0.0196911196911,0.35918844892,37,37,37,1,0,0.405405405405,0.540540540541,0.0540540540541,37,320,0.24024024024,1.73096534973,17.2972972973,14.5454545455,9.14285714286,4.89821319386,0.28317795027,0.134037162162,8.65453065746,1.00068010727,0.527195945946,8.17590027736,0.94533846957,0.495439189189,0.653733652864,0.377669982224,2,1.73096534973,0.653733652864,2,0.285935334202,0.292774308653,547,0.070398970399,0.569507879075,37,37,37,1,0,0.405405405405,0.540540540541,0.0540540540541,-22,-0.0165165165165,0.00567653161935,-1.18918918919,-1,-0.628571428571,-0.469496961534,-0.00718064000716,-0.00860548048048,-0.853960884916,-0.0280163461461,-0.0172959143354,0.122586930926,0.0740735753649,0.0336089378853,0.013134082538,0.00637007950601,0,0.00567653161935,0.013134082538,0,-0.0581360600458,-0.0837947290039,-263,-0.0338481338481,-6.89492749885e-05,0,0,0,320,0,22,990,0.93567251462,1,0,0.0643274853801,1,0.93567251462,0.966767371601,0.95672974647,0.93567251462,0.93567251462,81,103,0,0,0,0
3113,WLNM_dir_neg,0.964888302385,0.841642063678,00:00:05,10,70,46,1239447281,threshold_sweep,0.8,1,0.78640776699,0.880434782609,81,0,22,206,0.78640776699,1,0,0.21359223301,1,0.78640776699,0.880434782609,0.928802588997,0.57928802589,0.830769230769,0.842927230424,0.78640776699,342,239,103,0,342,0,239,0,103,37,342,0.256756756757,1.72528881811,18.4864864865,15.5454545455,9.77142857143,5.36771015539,0.290358590277,0.142642642643,9.50849154237,1.02869645341,0.544491860281,8.05331334643,0.871264894205,0.461830251304,0.640599570326,0.371299902718,2,1.72528881811,0.640599570326,2,0.344071394247,0.376569037657,810,0.104247104247,0.56957682835,37,37,37,1,0,0.405405405405,0.540540540541,0.0540540540541,37,0.179429429429,1.76265222018,12.9189189189,10.8636363636,6.82857142857,3.86852238787,0.299446293622,0.155603302047,6.51747477766,1.00898145094,0.53940970259,6.15807777816,0.953342584904,0.506163066833,0.686004816662,0.389188978295,2,1.76265222018,0.686004816662,2,0.148975075446,0.14830371567,153,0.0196911196911,0.35918844892,37,37,37,1,0,0.405405405405,0.540540540541,0.0540540540541,37,320,0.24024024024,1.73096534973,17.2972972973,14.5454545455,9.14285714286,4.89821319386,0.28317795027,0.134037162162,8.65453065746,1.00068010727,0.527195945946,8.17590027736,0.94533846957,0.495439189189,0.653733652864,0.377669982224,2,1.73096534973,0.653733652864,2,0.285935334202,0.292774308653,547,0.070398970399,0.569507879075,37,37,37,1,0,0.405405405405,0.540540540541,0.0540540540541,-22,-0.0165165165165,0.00567653161935,-1.18918918919,-1,-0.628571428571,-0.469496961534,-0.00718064000716,-0.00860548048048,-0.853960884916,-0.0280163461461,-0.0172959143354,0.122586930926,0.0740735753649,0.0336089378853,0.013134082538,0.00637007950601,0,0.00567653161935,0.013134082538,0,-0.0581360600458,-0.0837947290039,-263,-0.0338481338481,-6.89492749885e-05,0,0,0,320,0,22,990,0.93567251462,1,0,0.0643274853801,1,0.93567251462,0.966767371601,0.95672974647,0.93567251462,0.93567251462,81,103,0,0,0,0
3114,WLNM_dir_neg,0.964888302385,0.841642063678,00:00:05,10,70,46,1239447281,threshold_sweep,0.9,1,0.78640776699,0.880434782609,81,0,22,206,0.78640776699,1,0,0.21359223301,1,0.78640776699,0.880434782609,0.928802588997,0.57928802589,0.830769230769,0.842927230424,0.78640776699,342,239,103,0,342,0,239,0,103,37,342,0.256756756757,1.72528881811,18.4864864865,15.5454545455,9.77142857143,5.36771015539,0.290358590277,0.142642642643,9.50849154237,1.02869645341,0.544491860281,8.05331334643,0.871264894205,0.461830251304,0.640599570326,0.371299902718,2,1.72528881811,0.640599570326,2,0.344071394247,0.376569037657,810,0.104247104247,0.56957682835,37,37,37,1,0,0.405405405405,0.540540540541,0.0540540540541,37,0.179429429429,1.76265222018,12.9189189189,10.8636363636,6.82857142857,3.86852238787,0.299446293622,0.155603302047,6.51747477766,1.00898145094,0.53940970259,6.15807777816,0.953342584904,0.506163066833,0.686004816662,0.389188978295,2,1.76265222018,0.686004816662,2,0.148975075446,0.14830371567,153,0.0196911196911,0.35918844892,37,37,37,1,0,0.405405405405,0.540540540541,0.0540540540541,37,320,0.24024024024,1.73096534973,17.2972972973,14.5454545455,9.14285714286,4.89821319386,0.28317795027,0.134037162162,8.65453065746,1.00068010727,0.527195945946,8.17590027736,0.94533846957,0.495439189189,0.653733652864,0.377669982224,2,1.73096534973,0.653733652864,2,0.285935334202,0.292774308653,547,0.070398970399,0.569507879075,37,37,37,1,0,0.405405405405,0.540540540541,0.0540540540541,-22,-0.0165165165165,0.00567653161935,-1.18918918919,-1,-0.628571428571,-0.469496961534,-0.00718064000716,-0.00860548048048,-0.853960884916,-0.0280163461461,-0.0172959143354,0.122586930926,0.0740735753649,0.0336089378853,0.013134082538,0.00637007950601,0,0.00567653161935,0.013134082538,0,-0.0581360600458,-0.0837947290039,-263,-0.0338481338481,-6.89492749885e-05,0,0,0,320,0,22,990,0.93567251462,1,0,0.0643274853801,1,0.93567251462,0.966767371601,0.95672974647,0.93567251462,0.93567251462,81,103,0,0,0,0
3115,WLNM_dir_neg,0.969483457442,0.790835648932,00:00:05,10,70,47,1239447282,threshold_sweep,0.1,0.978723404255,0.893203883495,0.934010152284,92,2,11,204,0.893203883495,0.990291262136,0.00970873786408,0.106796116505,0.978723404255,0.893203883495,0.934010152284,0.957928802589,0.56526429342,0.903225806452,0.905259796609,0.883495145631,342,239,103,0,342,0,239,0,103,37,342,0.256756756757,1.72528881811,18.4864864865,15.5454545455,9.77142857143,5.36771015539,0.290358590277,0.142642642643,9.50849154237,1.02869645341,0.544491860281,8.05331334643,0.871264894205,0.461830251304,0.640599570326,0.371299902718,2,1.72528881811,0.640599570326,2,0.344071394247,0.376569037657,810,0.104247104247,0.56957682835,37,37,37,1,0,0.405405405405,0.540540540541,0.0540540540541,37,0.179429429429,1.7793289376,12.9189189189,10.8636363636,6.82857142857,4.1990632446,0.325032092155,0.170530362999,6.73957876443,1.04336575014,0.557503109804,5.83378376639,0.903138072622,0.480379961552,0.699628142236,0.393197754194,2,1.7793289376,0.699628142236,2,0.210595840395,0.179732313576,188,0.0241956241956,0.331888477506,37,37,37,1,0,0.405405405405,0.540540540541,0.0540540540541,37,333,0.25,1.77621636641,18,15.1363636364,9.25,5.00555247256,0.278086248476,0.133430728025,9.0308114561,1.00342349512,0.532748965181,8.09663853433,0.899626503814,0.473500527555,0.711237853755,0.400422981798,2.61975469915,1.77621636641,0.711237853755,2.61975469915,0.306213928588,0.338301043219,681,0.0876447876448,0.568186862014,37,37,37,1,0,0.405405405405,0.567567567568,0.027027027027,-9,-0.00675675675676,0.0509275482917,-0.486486486486,-0.409090909091,-0.521428571429,-0.362157682833,-0.0122723418015,-0.00921191461732,-0.477680086279,-0.025272958293,-0.0117428950999,0.0433251878932,0.0283616096093,0.0116702762506,0.0706382834286,0.0291230790801,0.619754699147,0.0509275482917,0.0706382834286,0.619754699147,-0.037857465659,-0.0382679944378,-129,-0.0166023166023,-0.00138996633635,0,0.027027027027,-0.027027027027,331,2,11,988,0.96783625731,0.99797979798,0.0020202020202,0.0321637426901,0.993993993994,0.96783625731,0.980740740741,0.974361712631,0.96581605529,0.962209302326,94,103,0,0,0,0
3116,WLNM_dir_neg,0.969483457442,0.790835648932,00:00:05,10,70,47,1239447282,threshold_sweep,0.2,0.978494623656,0.883495145631,0.928571428571,91,2,12,204,0.883495145631,0.990291262136,0.00970873786408,0.116504854369,0.978494623656,0.883495145631,0.928571428571,0.954692556634,0.566343042071,0.89552238806,0.898026510134,0.873786407767,342,239,103,0,342,0,239,0,103,37,342,0.256756756757,1.72528881811,18.4864864865,15.5454545455,9.77142857143,5.36771015539,0.290358590277,0.142642642643,9.50849154237,1.02869645341,0.544491860281,8.05331334643,0.871264894205,0.461830251304,0.640599570326,0.371299902718,2,1.72528881811,0.640599570326,2,0.344071394247,0.376569037657,810,0.104247104247,0.56957682835,37,37,37,1,0,0.405405405405,0.540540540541,0.0540540540541,37,0.179429429429,1.7793289376,12.9189189189,10.8636363636,6.82857142857,4.1990632446,0.325032092155,0.170530362999,6.73957876443,1.04336575014,0.557503109804,5.83378376639,0.903138072622,0.480379961552,0.699628142236,0.393197754194,2,1.7793289376,0.699628142236,2,0.210595840395,0.179732313576,188,0.0241956241956,0.331888477506,37,37,37,1,0,0.405405405405,0.540540540541,0.0540540540541,37,332,0.249249249249,1.79888667832,17.9459459459,15.0909090909,9.22222222222,5.14752338479,0.286834887406,0.136600455878,9.05380977663,1.00900892089,0.534679257571,8.10173673592,0.902904395268,0.474438293715,0.755942334724,0.420227879741,2.61975469915,1.79888667832,0.755942334724,2.61975469915,0.316163438538,0.338308457711,680,0.0875160875161,0.567496775402,37,37,37,1,0,0.405405405405,0.567567567568,0.027027027027,-10,-0.00750750750751,0.0735978602007,-0.540540540541,-0.454545454545,-0.549206349206,-0.2201867706,-0.00352370287146,-0.00604218676508,-0.454681765741,-0.0196875325249,-0.00981260271051,0.0484233894847,0.0316395010632,0.0126080424115,0.115342764398,0.0489279770237,0.619754699147,0.0735978602007,0.115342764398,0.619754699147,-0.0279079557095,-0.0382605799455,-130,-0.016731016731,-0.00208005294838,0,0.027027027027,-0.027027027027,330,2,12,988,0.964912280702,0.99797979798,0.0020202020202,0.0350877192982,0.993975903614,0.964912280702,0.979228486647,0.972387175484,0.962892078682,0.959302325581,93,103,0,0,0,0
3117,WLNM_dir_neg,0.969483457442,0.790835648932,00:00:05,10,70,47,1239447282,threshold_sweep,0.3,0.978494623656,0.883495145631,0.928571428571,91,2,12,204,0.883495145631,0.990291262136,0.00970873786408,0.116504854369,0.978494623656,0.883495145631,0.928571428571,0.954692556634,0.566343042071,0.89552238806,0.898026510134,0.873786407767,342,239,103,0,342,0,239,0,103,37,342,0.256756756757,1.72528881811,18.4864864865,15.5454545455,9.77142857143,5.36771015539,0.290358590277,0.142642642643,9.50849154237,1.02869645341,0.544491860281,8.05331334643,0.871264894205,0.461830251304,0.640599570326,0.371299902718,2,1.72528881811,0.640599570326,2,0.344071394247,0.376569037657,810,0.104247104247,0.56957682835,37,37,37,1,0,0.405405405405,0.540540540541,0.0540540540541,37,0.179429429429,1.7793289376,12.9189189189,10.8636363636,6.82857142857,4.1990632446,0.325032092155,0.170530362999,6.73957876443,1.04336575014,0.557503109804,5.83378376639,0.903138072622,0.480379961552,0.699628142236,0.393197754194,2,1.7793289376,0.699628142236,2,0.210595840395,0.179732313576,188,0.0241956241956,0.331888477506,37,37,37,1,0,0.405405405405,0.540540540541,0.0540540540541,37,332,0.249249249249,1.79888667832,17.9459459459,15.0909090909,9.22222222222,5.14752338479,0.286834887406,0.136600455878,9.05380977663,1.00900892089,0.534679257571,8.10173673592,0.902904395268,0.474438293715,0.755942334724,0.420227879741,2.61975469915,1.79888667832,0.755942334724,2.61975469915,0.316163438538,0.338308457711,680,0.0875160875161,0.567496775402,37,37,37,1,0,0.405405405405,0.567567567568,0.027027027027,-10,-0.00750750750751,0.0735978602007,-0.540540540541,-0.454545454545,-0.549206349206,-0.2201867706,-0.00352370287146,-0.00604218676508,-0.454681765741,-0.0196875325249,-0.00981260271051,0.0484233894847,0.0316395010632,0.0126080424115,0.115342764398,0.0489279770237,0.619754699147,0.0735978602007,0.115342764398,0.619754699147,-0.0279079557095,-0.0382605799455,-130,-0.016731016731,-0.00208005294838,0,0.027027027027,-0.027027027027,330,2,12,988,0.964912280702,0.99797979798,0.0020202020202,0.0350877192982,0.993975903614,0.964912280702,0.979228486647,0.972387175484,0.962892078682,0.959302325581,93,103,0,0,0,0
3118,WLNM_dir_neg,0.969483457442,0.790835648932,00:00:05,10,70,47,1239447282,threshold_sweep,0.4,0.978494623656,0.883495145631,0.928571428571,91,2,12,204,0.883495145631,0.990291262136,0.00970873786408,0.116504854369,0.978494623656,0.883495145631,0.928571428571,0.954692556634,0.566343042071,0.89552238806,0.898026510134,0.873786407767,342,239,103,0,342,0,239,0,103,37,342,0.256756756757,1.72528881811,18.4864864865,15.5454545455,9.77142857143,5.36771015539,0.290358590277,0.142642642643,9.50849154237,1.02869645341,0.544491860281,8.05331334643,0.871264894205,0.461830251304,0.640599570326,0.371299902718,2,1.72528881811,0.640599570326,2,0.344071394247,0.376569037657,810,0.104247104247,0.56957682835,37,37,37,1,0,0.405405405405,0.540540540541,0.0540540540541,37,0.179429429429,1.7793289376,12.9189189189,10.8636363636,6.82857142857,4.1990632446,0.325032092155,0.170530362999,6.73957876443,1.04336575014,0.557503109804,5.83378376639,0.903138072622,0.480379961552,0.699628142236,0.393197754194,2,1.7793289376,0.699628142236,2,0.210595840395,0.179732313576,188,0.0241956241956,0.331888477506,37,37,37,1,0,0.405405405405,0.540540540541,0.0540540540541,37,332,0.249249249249,1.79888667832,17.9459459459,15.0909090909,9.22222222222,5.14752338479,0.286834887406,0.136600455878,9.05380977663,1.00900892089,0.534679257571,8.10173673592,0.902904395268,0.474438293715,0.755942334724,0.420227879741,2.61975469915,1.79888667832,0.755942334724,2.61975469915,0.316163438538,0.338308457711,680,0.0875160875161,0.567496775402,37,37,37,1,0,0.405405405405,0.567567567568,0.027027027027,-10,-0.00750750750751,0.0735978602007,-0.540540540541,-0.454545454545,-0.549206349206,-0.2201867706,-0.00352370287146,-0.00604218676508,-0.454681765741,-0.0196875325249,-0.00981260271051,0.0484233894847,0.0316395010632,0.0126080424115,0.115342764398,0.0489279770237,0.619754699147,0.0735978602007,0.115342764398,0.619754699147,-0.0279079557095,-0.0382605799455,-130,-0.016731016731,-0.00208005294838,0,0.027027027027,-0.027027027027,330,2,12,988,0.964912280702,0.99797979798,0.0020202020202,0.0350877192982,0.993975903614,0.964912280702,0.979228486647,0.972387175484,0.962892078682,0.959302325581,93,103,0,0,0,0
3119,WLNM_dir_neg,0.969483457442,0.790835648932,00:00:05,10,70,47,1239447282,threshold_sweep,0.5,0.978494623656,0.883495145631,0.928571428571,91,2,12,204,0.883495145631,0.990291262136,0.00970873786408,0.116504854369,0.978494623656,0.883495145631,0.928571428571,0.954692556634,0.566343042071,0.89552238806,0.898026510134,0.873786407767,342,239,103,0,342,0,239,0,103,37,342,0.256756756757,1.72528881811,18.4864864865,15.5454545455,9.77142857143,5.36771015539,0.290358590277,0.142642642643,9.50849154237,1.02869645341,0.544491860281,8.05331334643,0.871264894205,0.461830251304,0.640599570326,0.371299902718,2,1.72528881811,0.640599570326,2,0.344071394247,0.376569037657,810,0.104247104247,0.56957682835,37,37,37,1,0,0.405405405405,0.540540540541,0.0540540540541,37,0.179429429429,1.7793289376,12.9189189189,10.8636363636,6.82857142857,4.1990632446,0.325032092155,0.170530362999,6.73957876443,1.04336575014,0.557503109804,5.83378376639,0.903138072622,0.480379961552,0.699628142236,0.393197754194,2,1.7793289376,0.699628142236,2,0.210595840395,0.179732313576,188,0.0241956241956,0.331888477506,37,37,37,1,0,0.405405405405,0.540540540541,0.0540540540541,37,332,0.249249249249,1.79888667832,17.9459459459,15.0909090909,9.22222222222,5.14752338479,0.286834887406,0.136600455878,9.05380977663,1.00900892089,0.534679257571,8.10173673592,0.902904395268,0.474438293715,0.755942334724,0.420227879741,2.61975469915,1.79888667832,0.755942334724,2.61975469915,0.316163438538,0.338308457711,680,0.0875160875161,0.567496775402,37,37,37,1,0,0.405405405405,0.567567567568,0.027027027027,-10,-0.00750750750751,0.0735978602007,-0.540540540541,-0.454545454545,-0.549206349206,-0.2201867706,-0.00352370287146,-0.00604218676508,-0.454681765741,-0.0196875325249,-0.00981260271051,0.0484233894847,0.0316395010632,0.0126080424115,0.115342764398,0.0489279770237,0.619754699147,0.0735978602007,0.115342764398,0.619754699147,-0.0279079557095,-0.0382605799455,-130,-0.016731016731,-0.00208005294838,0,0.027027027027,-0.027027027027,330,2,12,988,0.964912280702,0.99797979798,0.0020202020202,0.0350877192982,0.993975903614,0.964912280702,0.979228486647,0.972387175484,0.962892078682,0.959302325581,93,103,0,0,0,0
3120,WLNM_dir_neg,0.969483457442,0.790835648932,00:00:05,10,70,47,1239447282,threshold_sweep,0.6,0.978494623656,0.883495145631,0.928571428571,91,2,12,204,0.883495145631,0.990291262136,0.00970873786408,0.116504854369,0.978494623656,0.883495145631,0.928571428571,0.954692556634,0.566343042071,0.89552238806,0.898026510134,0.873786407767,342,239,103,0,342,0,239,0,103,37,342,0.256756756757,1.72528881811,18.4864864865,15.5454545455,9.77142857143,5.36771015539,0.290358590277,0.142642642643,9.50849154237,1.02869645341,0.544491860281,8.05331334643,0.871264894205,0.461830251304,0.640599570326,0.371299902718,2,1.72528881811,0.640599570326,2,0.344071394247,0.376569037657,810,0.104247104247,0.56957682835,37,37,37,1,0,0.405405405405,0.540540540541,0.0540540540541,37,0.179429429429,1.7793289376,12.9189189189,10.8636363636,6.82857142857,4.1990632446,0.325032092155,0.170530362999,6.73957876443,1.04336575014,0.557503109804,5.83378376639,0.903138072622,0.480379961552,0.699628142236,0.393197754194,2,1.7793289376,0.699628142236,2,0.210595840395,0.179732313576,188,0.0241956241956,0.331888477506,37,37,37,1,0,0.405405405405,0.540540540541,0.0540540540541,37,332,0.249249249249,1.79888667832,17.9459459459,15.0909090909,9.22222222222,5.14752338479,0.286834887406,0.136600455878,9.05380977663,1.00900892089,0.534679257571,8.10173673592,0.902904395268,0.474438293715,0.755942334724,0.420227879741,2.61975469915,1.79888667832,0.755942334724,2.61975469915,0.316163438538,0.338308457711,680,0.0875160875161,0.567496775402,37,37,37,1,0,0.405405405405,0.567567567568,0.027027027027,-10,-0.00750750750751,0.0735978602007,-0.540540540541,-0.454545454545,-0.549206349206,-0.2201867706,-0.00352370287146,-0.00604218676508,-0.454681765741,-0.0196875325249,-0.00981260271051,0.0484233894847,0.0316395010632,0.0126080424115,0.115342764398,0.0489279770237,0.619754699147,0.0735978602007,0.115342764398,0.619754699147,-0.0279079557095,-0.0382605799455,-130,-0.016731016731,-0.00208005294838,0,0.027027027027,-0.027027027027,330,2,12,988,0.964912280702,0.99797979798,0.0020202020202,0.0350877192982,0.993975903614,0.964912280702,0.979228486647,0.972387175484,0.962892078682,0.959302325581,93,103,0,0,0,0
3121,WLNM_dir_neg,0.969483457442,0.790835648932,00:00:05,10,70,47,1239447282,threshold_sweep,0.7,0.978494623656,0.883495145631,0.928571428571,91,2,12,204,0.883495145631,0.990291262136,0.00970873786408,0.116504854369,0.978494623656,0.883495145631,0.928571428571,0.954692556634,0.566343042071,0.89552238806,0.898026510134,0.873786407767,342,239,103,0,342,0,239,0,103,37,342,0.256756756757,1.72528881811,18.4864864865,15.5454545455,9.77142857143,5.36771015539,0.290358590277,0.142642642643,9.50849154237,1.02869645341,0.544491860281,8.05331334643,0.871264894205,0.461830251304,0.640599570326,0.371299902718,2,1.72528881811,0.640599570326,2,0.344071394247,0.376569037657,810,0.104247104247,0.56957682835,37,37,37,1,0,0.405405405405,0.540540540541,0.0540540540541,37,0.179429429429,1.7793289376,12.9189189189,10.8636363636,6.82857142857,4.1990632446,0.325032092155,0.170530362999,6.73957876443,1.04336575014,0.557503109804,5.83378376639,0.903138072622,0.480379961552,0.699628142236,0.393197754194,2,1.7793289376,0.699628142236,2,0.210595840395,0.179732313576,188,0.0241956241956,0.331888477506,37,37,37,1,0,0.405405405405,0.540540540541,0.0540540540541,37,332,0.249249249249,1.79888667832,17.9459459459,15.0909090909,9.22222222222,5.14752338479,0.286834887406,0.136600455878,9.05380977663,1.00900892089,0.534679257571,8.10173673592,0.902904395268,0.474438293715,0.755942334724,0.420227879741,2.61975469915,1.79888667832,0.755942334724,2.61975469915,0.316163438538,0.338308457711,680,0.0875160875161,0.567496775402,37,37,37,1,0,0.405405405405,0.567567567568,0.027027027027,-10,-0.00750750750751,0.0735978602007,-0.540540540541,-0.454545454545,-0.549206349206,-0.2201867706,-0.00352370287146,-0.00604218676508,-0.454681765741,-0.0196875325249,-0.00981260271051,0.0484233894847,0.0316395010632,0.0126080424115,0.115342764398,0.0489279770237,0.619754699147,0.0735978602007,0.115342764398,0.619754699147,-0.0279079557095,-0.0382605799455,-130,-0.016731016731,-0.00208005294838,0,0.027027027027,-0.027027027027,330,2,12,988,0.964912280702,0.99797979798,0.0020202020202,0.0350877192982,0.993975903614,0.964912280702,0.979228486647,0.972387175484,0.962892078682,0.959302325581,93,103,0,0,0,0
3122,WLNM_dir_neg,0.969483457442,0.790835648932,00:00:05,10,70,47,1239447282,threshold_sweep,0.8,0.978494623656,0.883495145631,0.928571428571,91,2,12,204,0.883495145631,0.990291262136,0.00970873786408,0.116504854369,0.978494623656,0.883495145631,0.928571428571,0.954692556634,0.566343042071,0.89552238806,0.898026510134,0.873786407767,342,239,103,0,342,0,239,0,103,37,342,0.256756756757,1.72528881811,18.4864864865,15.5454545455,9.77142857143,5.36771015539,0.290358590277,0.142642642643,9.50849154237,1.02869645341,0.544491860281,8.05331334643,0.871264894205,0.461830251304,0.640599570326,0.371299902718,2,1.72528881811,0.640599570326,2,0.344071394247,0.376569037657,810,0.104247104247,0.56957682835,37,37,37,1,0,0.405405405405,0.540540540541,0.0540540540541,37,0.179429429429,1.7793289376,12.9189189189,10.8636363636,6.82857142857,4.1990632446,0.325032092155,0.170530362999,6.73957876443,1.04336575014,0.557503109804,5.83378376639,0.903138072622,0.480379961552,0.699628142236,0.393197754194,2,1.7793289376,0.699628142236,2,0.210595840395,0.179732313576,188,0.0241956241956,0.331888477506,37,37,37,1,0,0.405405405405,0.540540540541,0.0540540540541,37,332,0.249249249249,1.79888667832,17.9459459459,15.0909090909,9.22222222222,5.14752338479,0.286834887406,0.136600455878,9.05380977663,1.00900892089,0.534679257571,8.10173673592,0.902904395268,0.474438293715,0.755942334724,0.420227879741,2.61975469915,1.79888667832,0.755942334724,2.61975469915,0.316163438538,0.338308457711,680,0.0875160875161,0.567496775402,37,37,37,1,0,0.405405405405,0.567567567568,0.027027027027,-10,-0.00750750750751,0.0735978602007,-0.540540540541,-0.454545454545,-0.549206349206,-0.2201867706,-0.00352370287146,-0.00604218676508,-0.454681765741,-0.0196875325249,-0.00981260271051,0.0484233894847,0.0316395010632,0.0126080424115,0.115342764398,0.0489279770237,0.619754699147,0.0735978602007,0.115342764398,0.619754699147,-0.0279079557095,-0.0382605799455,-130,-0.016731016731,-0.00208005294838,0,0.027027027027,-0.027027027027,330,2,12,988,0.964912280702,0.99797979798,0.0020202020202,0.0350877192982,0.993975903614,0.964912280702,0.979228486647,0.972387175484,0.962892078682,0.959302325581,93,103,0,0,0,0
3123,WLNM_dir_neg,0.969483457442,0.790835648932,00:00:05,10,70,47,1239447282,threshold_sweep,0.9,0.978021978022,0.864077669903,0.917525773196,89,2,14,204,0.864077669903,0.990291262136,0.00970873786408,0.135922330097,0.978021978022,0.864077669903,0.917525773196,0.948220064725,0.568500539374,0.88,0.88358579849,0.854368932039,342,239,103,0,342,0,239,0,103,37,342,0.256756756757,1.72528881811,18.4864864865,15.5454545455,9.77142857143,5.36771015539,0.290358590277,0.142642642643,9.50849154237,1.02869645341,0.544491860281,8.05331334643,0.871264894205,0.461830251304,0.640599570326,0.371299902718,2,1.72528881811,0.640599570326,2,0.344071394247,0.376569037657,810,0.104247104247,0.56957682835,37,37,37,1,0,0.405405405405,0.540540540541,0.0540540540541,37,0.179429429429,1.7793289376,12.9189189189,10.8636363636,6.82857142857,4.1990632446,0.325032092155,0.170530362999,6.73957876443,1.04336575014,0.557503109804,5.83378376639,0.903138072622,0.480379961552,0.699628142236,0.393197754194,2,1.7793289376,0.699628142236,2,0.210595840395,0.179732313576,188,0.0241956241956,0.331888477506,37,37,37,1,0,0.405405405405,0.540540540541,0.0540540540541,37,330,0.247747747748,1.79915211465,17.8378378378,15,9.16666666667,5.15058526078,0.288744931286,0.139393939394,9.01658465267,1.01095040045,0.53579033579,8.03595523734,0.901001041763,0.474856674857,0.756054399846,0.42022816953,2.61976682277,1.79915211465,0.756054399846,2.61976682277,0.316927861337,0.339204831404,674,0.0867438867439,0.55905722748,37,37,37,1,0,0.405405405405,0.567567567568,0.027027027027,-12,-0.00900900900901,0.0738632965355,-0.648648648649,-0.545454545455,-0.604761904762,-0.217124894617,-0.00161365899117,-0.0032487032487,-0.491906889703,-0.0177460529637,-0.008701524491,-0.0173581090915,0.0297361475578,0.0130264235527,0.11545482952,0.0489282668123,0.619766822767,0.0738632965355,0.11545482952,0.619766822767,-0.0271435329105,-0.0373642062528,-136,-0.0175032175032,-0.0105196008697,0,0.027027027027,-0.027027027027,328,2,14,988,0.959064327485,0.99797979798,0.0020202020202,0.0409356725146,0.993939393939,0.959064327485,0.97619047619,0.968437909228,0.957044125465,0.953488372093,91,103,0,0,0,0
3124,WLNM_dir_neg,0.973513054953,0.894805206399,00:00:05,10,70,48,1239447283,threshold_sweep,0.1,0.976744186047,0.815533980583,0.888888888889,84,2,19,204,0.815533980583,0.990291262136,0.00970873786408,0.184466019417,0.976744186047,0.815533980583,0.888888888889,0.932038834951,0.573894282632,0.840506329114,0.847600946607,0.805825242718,342,239,103,0,342,0,239,0,103,37,342,0.256756756757,1.72528881811,18.4864864865,15.5454545455,9.77142857143,5.36771015539,0.290358590277,0.142642642643,9.50849154237,1.02869645341,0.544491860281,8.05331334643,0.871264894205,0.461830251304,0.640599570326,0.371299902718,2,1.72528881811,0.640599570326,2,0.344071394247,0.376569037657,810,0.104247104247,0.56957682835,37,37,37,1,0,0.405405405405,0.540540540541,0.0540540540541,37,0.179429429429,1.77270122396,12.9189189189,10.8636363636,6.82857142857,3.98872284195,0.308750512871,0.161031324211,6.55572097313,1.01490241007,0.540992875721,5.93293348182,0.918487610156,0.49123600588,0.695796237939,0.39250620947,2,1.77270122396,0.695796237939,2,0.206188407582,0.17459807074,181,0.0232947232947,0.341224757418,37,37,37,1,0,0.405405405405,0.540540540541,0.0540540540541,37,325,0.243993993994,1.99661736761,17.5675675676,13.5416666667,9.28571428571,4.57372046795,0.260350242022,0.121663201663,8.59630132071,0.978655842665,0.520748440748,8.21629524223,0.935393612192,0.49130977131,0.783555349082,0.392441417066,2.30769230769,1.99661736761,0.783555349082,2.30769230769,0.265394721879,0.28277817151,532,0.0684684684685,0.485078714509,37,37,37,1,0,0.351351351351,0.594594594595,0.0540540540541,-17,-0.0127627627628,0.271328549494,-0.918918918919,-2.00378787879,-0.485714285714,-0.793989687446,-0.0300083482555,-0.0209794409794,-0.912190221667,-0.0500406107497,-0.0237434195329,0.162981895797,0.0641287179876,0.0294795200058,0.142955778756,0.0211415143478,0.307692307692,0.271328549494,0.142955778756,0.307692307692,-0.078676672368,-0.0937908661473,-278,-0.0357786357786,-0.0844981138408,-0.0540540540541,0.0540540540541,0,323,2,19,988,0.944444444444,0.99797979798,0.0020202020202,0.0555555555556,0.993846153846,0.944444444444,0.968515742129,0.958563049124,0.942424242424,0.938953488372,86,103,0,0,0,0
3125,WLNM_dir_neg,0.973513054953,0.894805206399,00:00:05,10,70,48,1239447283,threshold_sweep,0.2,0.976470588235,0.805825242718,0.882978723404,83,2,20,204,0.805825242718,0.990291262136,0.00970873786408,0.194174757282,0.976470588235,0.805825242718,0.882978723404,0.928802588997,0.574973031284,0.832487309645,0.840418063233,0.796116504854,342,239,103,0,342,0,239,0,103,37,342,0.256756756757,1.72528881811,18.4864864865,15.5454545455,9.77142857143,5.36771015539,0.290358590277,0.142642642643,9.50849154237,1.02869645341,0.544491860281,8.05331334643,0.871264894205,0.461830251304,0.640599570326,0.371299902718,2,1.72528881811,0.640599570326,2,0.344071394247,0.376569037657,810,0.104247104247,0.56957682835,37,37,37,1,0,0.405405405405,0.540540540541,0.0540540540541,37,0.179429429429,1.77270122396,12.9189189189,10.8636363636,6.82857142857,3.98872284195,0.308750512871,0.161031324211,6.55572097313,1.01490241007,0.540992875721,5.93293348182,0.918487610156,0.49123600588,0.695796237939,0.39250620947,2,1.77270122396,0.695796237939,2,0.206188407582,0.17459807074,181,0.0232947232947,0.341224757418,37,37,37,1,0,0.405405405405,0.540540540541,0.0540540540541,37,324,0.243243243243,1.99562933206,17.5135135135,13.5,9.25714285714,4.61050504357,0.263254146006,0.124040707374,8.57128735762,0.978819852568,0.520520520521,8.20706134106,0.9372261408,0.492158825492,0.783035897843,0.392375420256,2.30769230769,1.99562933206,0.783035897843,2.30769230769,0.265767203134,0.283653846154,531,0.0683397683398,0.484673751308,37,37,37,1,0,0.351351351351,0.594594594595,0.0540540540541,-18,-0.0135135135135,0.270340513947,-0.972972972973,-2.04545454545,-0.514285714286,-0.757205111826,-0.027104444271,-0.0186019352686,-0.937204184751,-0.0498766008466,-0.0239713397608,0.153747994622,0.0659612465947,0.0303285741882,0.142436327517,0.0210755175383,0.307692307692,0.270340513947,0.142436327517,0.307692307692,-0.0783041911131,-0.0929151915031,-279,-0.0359073359073,-0.0849030770419,-0.0540540540541,0.0540540540541,0,322,2,20,988,0.941520467836,0.99797979798,0.0020202020202,0.0584795321637,0.993827160494,0.941520467836,0.966966966967,0.95658768713,0.939500265816,0.936046511628,85,103,0,0,0,0
3126,WLNM_dir_neg,0.973513054953,0.894805206399,00:00:05,10,70,48,1239447283,threshold_sweep,0.3,0.976470588235,0.805825242718,0.882978723404,83,2,20,204,0.805825242718,0.990291262136,0.00970873786408,0.194174757282,0.976470588235,0.805825242718,0.882978723404,0.928802588997,0.574973031284,0.832487309645,0.840418063233,0.796116504854,342,239,103,0,342,0,239,0,103,37,342,0.256756756757,1.72528881811,18.4864864865,15.5454545455,9.77142857143,5.36771015539,0.290358590277,0.142642642643,9.50849154237,1.02869645341,0.544491860281,8.05331334643,0.871264894205,0.461830251304,0.640599570326,0.371299902718,2,1.72528881811,0.640599570326,2,0.344071394247,0.376569037657,810,0.104247104247,0.56957682835,37,37,37,1,0,0.405405405405,0.540540540541,0.0540540540541,37,0.179429429429,1.77270122396,12.9189189189,10.8636363636,6.82857142857,3.98872284195,0.308750512871,0.161031324211,6.55572097313,1.01490241007,0.540992875721,5.93293348182,0.918487610156,0.49123600588,0.695796237939,0.39250620947,2,1.77270122396,0.695796237939,2,0.206188407582,0.17459807074,181,0.0232947232947,0.341224757418,37,37,37,1,0,0.405405405405,0.540540540541,0.0540540540541,37,324,0.243243243243,1.99562933206,17.5135135135,13.5,9.25714285714,4.61050504357,0.263254146006,0.124040707374,8.57128735762,0.978819852568,0.520520520521,8.20706134106,0.9372261408,0.492158825492,0.783035897843,0.392375420256,2.30769230769,1.99562933206,0.783035897843,2.30769230769,0.265767203134,0.283653846154,531,0.0683397683398,0.484673751308,37,37,37,1,0,0.351351351351,0.594594594595,0.0540540540541,-18,-0.0135135135135,0.270340513947,-0.972972972973,-2.04545454545,-0.514285714286,-0.757205111826,-0.027104444271,-0.0186019352686,-0.937204184751,-0.0498766008466,-0.0239713397608,0.153747994622,0.0659612465947,0.0303285741882,0.142436327517,0.0210755175383,0.307692307692,0.270340513947,0.142436327517,0.307692307692,-0.0783041911131,-0.0929151915031,-279,-0.0359073359073,-0.0849030770419,-0.0540540540541,0.0540540540541,0,322,2,20,988,0.941520467836,0.99797979798,0.0020202020202,0.0584795321637,0.993827160494,0.941520467836,0.966966966967,0.95658768713,0.939500265816,0.936046511628,85,103,0,0,0,0
3127,WLNM_dir_neg,0.973513054953,0.894805206399,00:00:05,10,70,48,1239447283,threshold_sweep,0.4,0.976470588235,0.805825242718,0.882978723404,83,2,20,204,0.805825242718,0.990291262136,0.00970873786408,0.194174757282,0.976470588235,0.805825242718,0.882978723404,0.928802588997,0.574973031284,0.832487309645,0.840418063233,0.796116504854,342,239,103,0,342,0,239,0,103,37,342,0.256756756757,1.72528881811,18.4864864865,15.5454545455,9.77142857143,5.36771015539,0.290358590277,0.142642642643,9.50849154237,1.02869645341,0.544491860281,8.05331334643,0.871264894205,0.461830251304,0.640599570326,0.371299902718,2,1.72528881811,0.640599570326,2,0.344071394247,0.376569037657,810,0.104247104247,0.56957682835,37,37,37,1,0,0.405405405405,0.540540540541,0.0540540540541,37,0.179429429429,1.77270122396,12.9189189189,10.8636363636,6.82857142857,3.98872284195,0.308750512871,0.161031324211,6.55572097313,1.01490241007,0.540992875721,5.93293348182,0.918487610156,0.49123600588,0.695796237939,0.39250620947,2,1.77270122396,0.695796237939,2,0.206188407582,0.17459807074,181,0.0232947232947,0.341224757418,37,37,37,1,0,0.405405405405,0.540540540541,0.0540540540541,37,324,0.243243243243,1.99562933206,17.5135135135,13.5,9.25714285714,4.61050504357,0.263254146006,0.124040707374,8.57128735762,0.978819852568,0.520520520521,8.20706134106,0.9372261408,0.492158825492,0.783035897843,0.392375420256,2.30769230769,1.99562933206,0.783035897843,2.30769230769,0.265767203134,0.283653846154,531,0.0683397683398,0.484673751308,37,37,37,1,0,0.351351351351,0.594594594595,0.0540540540541,-18,-0.0135135135135,0.270340513947,-0.972972972973,-2.04545454545,-0.514285714286,-0.757205111826,-0.027104444271,-0.0186019352686,-0.937204184751,-0.0498766008466,-0.0239713397608,0.153747994622,0.0659612465947,0.0303285741882,0.142436327517,0.0210755175383,0.307692307692,0.270340513947,0.142436327517,0.307692307692,-0.0783041911131,-0.0929151915031,-279,-0.0359073359073,-0.0849030770419,-0.0540540540541,0.0540540540541,0,322,2,20,988,0.941520467836,0.99797979798,0.0020202020202,0.0584795321637,0.993827160494,0.941520467836,0.966966966967,0.95658768713,0.939500265816,0.936046511628,85,103,0,0,0,0
3128,WLNM_dir_neg,0.973513054953,0.894805206399,00:00:05,10,70,48,1239447283,threshold_sweep,0.5,1,0.805825242718,0.89247311828,83,0,20,206,0.805825242718,1,0,0.194174757282,1,0.805825242718,0.89247311828,0.935275080906,0.577130528587,0.84693877551,0.857037498792,0.805825242718,342,239,103,0,342,0,239,0,103,37,342,0.256756756757,1.72528881811,18.4864864865,15.5454545455,9.77142857143,5.36771015539,0.290358590277,0.142642642643,9.50849154237,1.02869645341,0.544491860281,8.05331334643,0.871264894205,0.461830251304,0.640599570326,0.371299902718,2,1.72528881811,0.640599570326,2,0.344071394247,0.376569037657,810,0.104247104247,0.56957682835,37,37,37,1,0,0.405405405405,0.540540540541,0.0540540540541,37,0.179429429429,1.77270122396,12.9189189189,10.8636363636,6.82857142857,3.98872284195,0.308750512871,0.161031324211,6.55572097313,1.01490241007,0.540992875721,5.93293348182,0.918487610156,0.49123600588,0.695796237939,0.39250620947,2,1.77270122396,0.695796237939,2,0.206188407582,0.17459807074,181,0.0232947232947,0.341224757418,37,37,37,1,0,0.405405405405,0.540540540541,0.0540540540541,37,322,0.241741741742,1.71449462938,17.4054054054,14.6363636364,9.2,4.5610638346,0.262048698572,0.122460970287,8.6244641214,0.991009852459,0.52526439483,8.23227005572,0.945944074725,0.494712103408,0.627259040573,0.365856521113,2,1.71449462938,0.627259040573,2,0.265767203134,0.283653846154,531,0.0683397683398,0.572938455031,37,37,37,1,0,0.405405405405,0.540540540541,0.0540540540541,-20,-0.015015015015,-0.0107941887306,-1.08108108108,-0.909090909091,-0.571428571429,-0.806646320792,-0.0283098917053,-0.0201816723556,-0.884027420971,-0.0376866009554,-0.0192274654517,0.178956709284,0.0746791805205,0.0328818521038,-0.0133405297528,-0.00544338160488,0,-0.0107941887306,-0.0133405297528,0,-0.0783041911131,-0.0929151915031,-279,-0.0359073359073,0.00336162668124,0,0,0,322,0,20,990,0.941520467836,1,0,0.0584795321637,1,0.941520467836,0.969879518072,0.960664612743,0.941520467836,0.941520467836,83,103,0,0,0,0
3129,WLNM_dir_neg,0.973513054953,0.894805206399,00:00:05,10,70,48,1239447283,threshold_sweep,0.6,1,0.805825242718,0.89247311828,83,0,20,206,0.805825242718,1,0,0.194174757282,1,0.805825242718,0.89247311828,0.935275080906,0.577130528587,0.84693877551,0.857037498792,0.805825242718,342,239,103,0,342,0,239,0,103,37,342,0.256756756757,1.72528881811,18.4864864865,15.5454545455,9.77142857143,5.36771015539,0.290358590277,0.142642642643,9.50849154237,1.02869645341,0.544491860281,8.05331334643,0.871264894205,0.461830251304,0.640599570326,0.371299902718,2,1.72528881811,0.640599570326,2,0.344071394247,0.376569037657,810,0.104247104247,0.56957682835,37,37,37,1,0,0.405405405405,0.540540540541,0.0540540540541,37,0.179429429429,1.77270122396,12.9189189189,10.8636363636,6.82857142857,3.98872284195,0.308750512871,0.161031324211,6.55572097313,1.01490241007,0.540992875721,5.93293348182,0.918487610156,0.49123600588,0.695796237939,0.39250620947,2,1.77270122396,0.695796237939,2,0.206188407582,0.17459807074,181,0.0232947232947,0.341224757418,37,37,37,1,0,0.405405405405,0.540540540541,0.0540540540541,37,322,0.241741741742,1.71449462938,17.4054054054,14.6363636364,9.2,4.5610638346,0.262048698572,0.122460970287,8.6244641214,0.991009852459,0.52526439483,8.23227005572,0.945944074725,0.494712103408,0.627259040573,0.365856521113,2,1.71449462938,0.627259040573,2,0.265767203134,0.283653846154,531,0.0683397683398,0.572938455031,37,37,37,1,0,0.405405405405,0.540540540541,0.0540540540541,-20,-0.015015015015,-0.0107941887306,-1.08108108108,-0.909090909091,-0.571428571429,-0.806646320792,-0.0283098917053,-0.0201816723556,-0.884027420971,-0.0376866009554,-0.0192274654517,0.178956709284,0.0746791805205,0.0328818521038,-0.0133405297528,-0.00544338160488,0,-0.0107941887306,-0.0133405297528,0,-0.0783041911131,-0.0929151915031,-279,-0.0359073359073,0.00336162668124,0,0,0,322,0,20,990,0.941520467836,1,0,0.0584795321637,1,0.941520467836,0.969879518072,0.960664612743,0.941520467836,0.941520467836,83,103,0,0,0,0
3130,WLNM_dir_neg,0.973513054953,0.894805206399,00:00:05,10,70,48,1239447283,threshold_sweep,0.7,1,0.805825242718,0.89247311828,83,0,20,206,0.805825242718,1,0,0.194174757282,1,0.805825242718,0.89247311828,0.935275080906,0.577130528587,0.84693877551,0.857037498792,0.805825242718,342,239,103,0,342,0,239,0,103,37,342,0.256756756757,1.72528881811,18.4864864865,15.5454545455,9.77142857143,5.36771015539,0.290358590277,0.142642642643,9.50849154237,1.02869645341,0.544491860281,8.05331334643,0.871264894205,0.461830251304,0.640599570326,0.371299902718,2,1.72528881811,0.640599570326,2,0.344071394247,0.376569037657,810,0.104247104247,0.56957682835,37,37,37,1,0,0.405405405405,0.540540540541,0.0540540540541,37,0.179429429429,1.77270122396,12.9189189189,10.8636363636,6.82857142857,3.98872284195,0.308750512871,0.161031324211,6.55572097313,1.01490241007,0.540992875721,5.93293348182,0.918487610156,0.49123600588,0.695796237939,0.39250620947,2,1.77270122396,0.695796237939,2,0.206188407582,0.17459807074,181,0.0232947232947,0.341224757418,37,37,37,1,0,0.405405405405,0.540540540541,0.0540540540541,37,322,0.241741741742,1.71449462938,17.4054054054,14.6363636364,9.2,4.5610638346,0.262048698572,0.122460970287,8.6244641214,0.991009852459,0.52526439483,8.23227005572,0.945944074725,0.494712103408,0.627259040573,0.365856521113,2,1.71449462938,0.627259040573,2,0.265767203134,0.283653846154,531,0.0683397683398,0.572938455031,37,37,37,1,0,0.405405405405,0.540540540541,0.0540540540541,-20,-0.015015015015,-0.0107941887306,-1.08108108108,-0.909090909091,-0.571428571429,-0.806646320792,-0.0283098917053,-0.0201816723556,-0.884027420971,-0.0376866009554,-0.0192274654517,0.178956709284,0.0746791805205,0.0328818521038,-0.0133405297528,-0.00544338160488,0,-0.0107941887306,-0.0133405297528,0,-0.0783041911131,-0.0929151915031,-279,-0.0359073359073,0.00336162668124,0,0,0,322,0,20,990,0.941520467836,1,0,0.0584795321637,1,0.941520467836,0.969879518072,0.960664612743,0.941520467836,0.941520467836,83,103,0,0,0,0
3131,WLNM_dir_neg,0.973513054953,0.894805206399,00:00:05,10,70,48,1239447283,threshold_sweep,0.8,1,0.805825242718,0.89247311828,83,0,20,206,0.805825242718,1,0,0.194174757282,1,0.805825242718,0.89247311828,0.935275080906,0.577130528587,0.84693877551,0.857037498792,0.805825242718,342,239,103,0,342,0,239,0,103,37,342,0.256756756757,1.72528881811,18.4864864865,15.5454545455,9.77142857143,5.36771015539,0.290358590277,0.142642642643,9.50849154237,1.02869645341,0.544491860281,8.05331334643,0.871264894205,0.461830251304,0.640599570326,0.371299902718,2,1.72528881811,0.640599570326,2,0.344071394247,0.376569037657,810,0.104247104247,0.56957682835,37,37,37,1,0,0.405405405405,0.540540540541,0.0540540540541,37,0.179429429429,1.77270122396,12.9189189189,10.8636363636,6.82857142857,3.98872284195,0.308750512871,0.161031324211,6.55572097313,1.01490241007,0.540992875721,5.93293348182,0.918487610156,0.49123600588,0.695796237939,0.39250620947,2,1.77270122396,0.695796237939,2,0.206188407582,0.17459807074,181,0.0232947232947,0.341224757418,37,37,37,1,0,0.405405405405,0.540540540541,0.0540540540541,37,322,0.241741741742,1.71449462938,17.4054054054,14.6363636364,9.2,4.5610638346,0.262048698572,0.122460970287,8.6244641214,0.991009852459,0.52526439483,8.23227005572,0.945944074725,0.494712103408,0.627259040573,0.365856521113,2,1.71449462938,0.627259040573,2,0.265767203134,0.283653846154,531,0.0683397683398,0.572938455031,37,37,37,1,0,0.405405405405,0.540540540541,0.0540540540541,-20,-0.015015015015,-0.0107941887306,-1.08108108108,-0.909090909091,-0.571428571429,-0.806646320792,-0.0283098917053,-0.0201816723556,-0.884027420971,-0.0376866009554,-0.0192274654517,0.178956709284,0.0746791805205,0.0328818521038,-0.0133405297528,-0.00544338160488,0,-0.0107941887306,-0.0133405297528,0,-0.0783041911131,-0.0929151915031,-279,-0.0359073359073,0.00336162668124,0,0,0,322,0,20,990,0.941520467836,1,0,0.0584795321637,1,0.941520467836,0.969879518072,0.960664612743,0.941520467836,0.941520467836,83,103,0,0,0,0
3132,WLNM_dir_neg,0.973513054953,0.894805206399,00:00:05,10,70,48,1239447283,threshold_sweep,0.9,1,0.796116504854,0.886486486486,82,0,21,206,0.796116504854,1,0,0.203883495146,1,0.796116504854,0.886486486486,0.932038834951,0.578209277238,0.838874680307,0.849980564691,0.796116504854,342,239,103,0,342,0,239,0,103,37,342,0.256756756757,1.72528881811,18.4864864865,15.5454545455,9.77142857143,5.36771015539,0.290358590277,0.142642642643,9.50849154237,1.02869645341,0.544491860281,8.05331334643,0.871264894205,0.461830251304,0.640599570326,0.371299902718,2,1.72528881811,0.640599570326,2,0.344071394247,0.376569037657,810,0.104247104247,0.56957682835,37,37,37,1,0,0.405405405405,0.540540540541,0.0540540540541,37,0.179429429429,1.77270122396,12.9189189189,10.8636363636,6.82857142857,3.98872284195,0.308750512871,0.161031324211,6.55572097313,1.01490241007,0.540992875721,5.93293348182,0.918487610156,0.49123600588,0.695796237939,0.39250620947,2,1.77270122396,0.695796237939,2,0.206188407582,0.17459807074,181,0.0232947232947,0.341224757418,37,37,37,1,0,0.405405405405,0.540540540541,0.0540540540541,37,321,0.240990990991,1.71462225701,17.3513513514,14.5909090909,9.17142857143,4.6321114469,0.26695969398,0.124947377284,8.60249981128,0.991565398808,0.525385198282,8.23628170574,0.949353343029,0.495748084533,0.627334034296,0.365873026394,2,1.71462225701,0.627334034296,2,0.267826405193,0.284769395781,531,0.0683397683398,0.573694111859,37,37,37,1,0,0.405405405405,0.540540540541,0.0540540540541,-21,-0.0157657657658,-0.0106665611029,-1.13513513514,-0.954545454545,-0.6,-0.735598708498,-0.0233988962972,-0.0176952653588,-0.905991731099,-0.0371310546073,-0.0191066619989,0.182968359308,0.0780884488245,0.0339178332292,-0.01326553603,-0.00542687632342,0,-0.0106665611029,-0.01326553603,0,-0.0762449890539,-0.0917996418757,-279,-0.0359073359073,0.00411728350897,0,0,0,321,0,21,990,0.938596491228,1,0,0.0614035087719,1,0.938596491228,0.968325791855,0.958697252357,0.938596491228,0.938596491228,82,103,0,0,0,0
3133,WLNM_dir_neg,0.992600622113,0.965414620968,00:00:05,10,70,49,1239447284,threshold_sweep,0.1,0.979591836735,0.932038834951,0.955223880597,96,2,7,204,0.932038834951,0.990291262136,0.00970873786408,0.0679611650485,0.979591836735,0.932038834951,0.955223880597,0.970873786408,0.560949298813,0.933660933661,0.934295673258,0.922330097087,342,239,103,0,342,0,239,0,103,37,342,0.256756756757,1.72528881811,18.4864864865,15.5454545455,9.77142857143,5.36771015539,0.290358590277,0.142642642643,9.50849154237,1.02869645341,0.544491860281,8.05331334643,0.871264894205,0.461830251304,0.640599570326,0.371299902718,2,1.72528881811,0.640599570326,2,0.344071394247,0.376569037657,810,0.104247104247,0.56957682835,37,37,37,1,0,0.405405405405,0.540540540541,0.0540540540541,37,0.179429429429,1.7780628919,12.9189189189,10.8636363636,6.82857142857,4.30360558381,0.333124281592,0.180029401787,6.80928530511,1.05415713928,0.563383467149,5.54574208337,0.858545845543,0.465226733009,0.701303242457,0.394419818135,2,1.7780628919,0.701303242457,2,0.207130593121,0.207027540361,218,0.0280566280566,0.314925279351,37,37,37,1,0,0.405405405405,0.540540540541,0.0540540540541,37,337,0.253003003003,1.73612224188,18.2162162162,15.3181818182,9.62857142857,5.20221712956,0.285581652513,0.13722030636,9.2789600225,1.01875822205,0.5410217339,8.1676318606,0.896742963923,0.471569492341,0.658597372751,0.379349654573,2,1.73612224188,0.658597372751,2,0.335811369194,0.350200160128,729,0.0938223938224,0.573307169015,37,37,37,1,0,0.405405405405,0.540540540541,0.0540540540541,-5,-0.00375375375375,0.0108334237604,-0.27027027027,-0.227272727273,-0.142857142857,-0.165493025836,-0.00477693776431,-0.00542233628287,-0.229531519878,-0.00993823136023,-0.00347012638126,0.114318514161,0.025478069718,0.00973924103707,0.017997802425,0.00804975185478,0,0.0108334237604,0.017997802425,0,-0.00826002505336,-0.0263688775288,-81,-0.0104247104247,0.00373034066531,0,0,0,335,2,7,988,0.979532163743,0.99797979798,0.0020202020202,0.0204678362573,0.994065281899,0.979532163743,0.986745213549,0.982259505026,0.977511961722,0.973837209302,98,103,0,0,0,0
3134,WLNM_dir_neg,0.992600622113,0.965414620968,00:00:05,10,70,49,1239447284,threshold_sweep,0.2,0.979591836735,0.932038834951,0.955223880597,96,2,7,204,0.932038834951,0.990291262136,0.00970873786408,0.0679611650485,0.979591836735,0.932038834951,0.955223880597,0.970873786408,0.560949298813,0.933660933661,0.934295673258,0.922330097087,342,239,103,0,342,0,239,0,103,37,342,0.256756756757,1.72528881811,18.4864864865,15.5454545455,9.77142857143,5.36771015539,0.290358590277,0.142642642643,9.50849154237,1.02869645341,0.544491860281,8.05331334643,0.871264894205,0.461830251304,0.640599570326,0.371299902718,2,1.72528881811,0.640599570326,2,0.344071394247,0.376569037657,810,0.104247104247,0.56957682835,37,37,37,1,0,0.405405405405,0.540540540541,0.0540540540541,37,0.179429429429,1.7780628919,12.9189189189,10.8636363636,6.82857142857,4.30360558381,0.333124281592,0.180029401787,6.80928530511,1.05415713928,0.563383467149,5.54574208337,0.858545845543,0.465226733009,0.701303242457,0.394419818135,2,1.7780628919,0.701303242457,2,0.207130593121,0.207027540361,218,0.0280566280566,0.314925279351,37,37,37,1,0,0.405405405405,0.540540540541,0.0540540540541,37,337,0.253003003003,1.73612224188,18.2162162162,15.3181818182,9.62857142857,5.20221712956,0.285581652513,0.13722030636,9.2789600225,1.01875822205,0.5410217339,8.1676318606,0.896742963923,0.471569492341,0.658597372751,0.379349654573,2,1.73612224188,0.658597372751,2,0.335811369194,0.350200160128,729,0.0938223938224,0.573307169015,37,37,37,1,0,0.405405405405,0.540540540541,0.0540540540541,-5,-0.00375375375375,0.0108334237604,-0.27027027027,-0.227272727273,-0.142857142857,-0.165493025836,-0.00477693776431,-0.00542233628287,-0.229531519878,-0.00993823136023,-0.00347012638126,0.114318514161,0.025478069718,0.00973924103707,0.017997802425,0.00804975185478,0,0.0108334237604,0.017997802425,0,-0.00826002505336,-0.0263688775288,-81,-0.0104247104247,0.00373034066531,0,0,0,335,2,7,988,0.979532163743,0.99797979798,0.0020202020202,0.0204678362573,0.994065281899,0.979532163743,0.986745213549,0.982259505026,0.977511961722,0.973837209302,98,103,0,0,0,0
3135,WLNM_dir_neg,0.992600622113,0.965414620968,00:00:05,10,70,49,1239447284,threshold_sweep,0.3,0.979591836735,0.932038834951,0.955223880597,96,2,7,204,0.932038834951,0.990291262136,0.00970873786408,0.0679611650485,0.979591836735,0.932038834951,0.955223880597,0.970873786408,0.560949298813,0.933660933661,0.934295673258,0.922330097087,342,239,103,0,342,0,239,0,103,37,342,0.256756756757,1.72528881811,18.4864864865,15.5454545455,9.77142857143,5.36771015539,0.290358590277,0.142642642643,9.50849154237,1.02869645341,0.544491860281,8.05331334643,0.871264894205,0.461830251304,0.640599570326,0.371299902718,2,1.72528881811,0.640599570326,2,0.344071394247,0.376569037657,810,0.104247104247,0.56957682835,37,37,37,1,0,0.405405405405,0.540540540541,0.0540540540541,37,0.179429429429,1.7780628919,12.9189189189,10.8636363636,6.82857142857,4.30360558381,0.333124281592,0.180029401787,6.80928530511,1.05415713928,0.563383467149,5.54574208337,0.858545845543,0.465226733009,0.701303242457,0.394419818135,2,1.7780628919,0.701303242457,2,0.207130593121,0.207027540361,218,0.0280566280566,0.314925279351,37,37,37,1,0,0.405405405405,0.540540540541,0.0540540540541,37,337,0.253003003003,1.73612224188,18.2162162162,15.3181818182,9.62857142857,5.20221712956,0.285581652513,0.13722030636,9.2789600225,1.01875822205,0.5410217339,8.1676318606,0.896742963923,0.471569492341,0.658597372751,0.379349654573,2,1.73612224188,0.658597372751,2,0.335811369194,0.350200160128,729,0.0938223938224,0.573307169015,37,37,37,1,0,0.405405405405,0.540540540541,0.0540540540541,-5,-0.00375375375375,0.0108334237604,-0.27027027027,-0.227272727273,-0.142857142857,-0.165493025836,-0.00477693776431,-0.00542233628287,-0.229531519878,-0.00993823136023,-0.00347012638126,0.114318514161,0.025478069718,0.00973924103707,0.017997802425,0.00804975185478,0,0.0108334237604,0.017997802425,0,-0.00826002505336,-0.0263688775288,-81,-0.0104247104247,0.00373034066531,0,0,0,335,2,7,988,0.979532163743,0.99797979798,0.0020202020202,0.0204678362573,0.994065281899,0.979532163743,0.986745213549,0.982259505026,0.977511961722,0.973837209302,98,103,0,0,0,0
3136,WLNM_dir_neg,0.992600622113,0.965414620968,00:00:05,10,70,49,1239447284,threshold_sweep,0.4,0.979591836735,0.932038834951,0.955223880597,96,2,7,204,0.932038834951,0.990291262136,0.00970873786408,0.0679611650485,0.979591836735,0.932038834951,0.955223880597,0.970873786408,0.560949298813,0.933660933661,0.934295673258,0.922330097087,342,239,103,0,342,0,239,0,103,37,342,0.256756756757,1.72528881811,18.4864864865,15.5454545455,9.77142857143,5.36771015539,0.290358590277,0.142642642643,9.50849154237,1.02869645341,0.544491860281,8.05331334643,0.871264894205,0.461830251304,0.640599570326,0.371299902718,2,1.72528881811,0.640599570326,2,0.344071394247,0.376569037657,810,0.104247104247,0.56957682835,37,37,37,1,0,0.405405405405,0.540540540541,0.0540540540541,37,0.179429429429,1.7780628919,12.9189189189,10.8636363636,6.82857142857,4.30360558381,0.333124281592,0.180029401787,6.80928530511,1.05415713928,0.563383467149,5.54574208337,0.858545845543,0.465226733009,0.701303242457,0.394419818135,2,1.7780628919,0.701303242457,2,0.207130593121,0.207027540361,218,0.0280566280566,0.314925279351,37,37,37,1,0,0.405405405405,0.540540540541,0.0540540540541,37,337,0.253003003003,1.73612224188,18.2162162162,15.3181818182,9.62857142857,5.20221712956,0.285581652513,0.13722030636,9.2789600225,1.01875822205,0.5410217339,8.1676318606,0.896742963923,0.471569492341,0.658597372751,0.379349654573,2,1.73612224188,0.658597372751,2,0.335811369194,0.350200160128,729,0.0938223938224,0.573307169015,37,37,37,1,0,0.405405405405,0.540540540541,0.0540540540541,-5,-0.00375375375375,0.0108334237604,-0.27027027027,-0.227272727273,-0.142857142857,-0.165493025836,-0.00477693776431,-0.00542233628287,-0.229531519878,-0.00993823136023,-0.00347012638126,0.114318514161,0.025478069718,0.00973924103707,0.017997802425,0.00804975185478,0,0.0108334237604,0.017997802425,0,-0.00826002505336,-0.0263688775288,-81,-0.0104247104247,0.00373034066531,0,0,0,335,2,7,988,0.979532163743,0.99797979798,0.0020202020202,0.0204678362573,0.994065281899,0.979532163743,0.986745213549,0.982259505026,0.977511961722,0.973837209302,98,103,0,0,0,0
3137,WLNM_dir_neg,0.992600622113,0.965414620968,00:00:05,10,70,49,1239447284,threshold_sweep,0.5,0.979591836735,0.932038834951,0.955223880597,96,2,7,204,0.932038834951,0.990291262136,0.00970873786408,0.0679611650485,0.979591836735,0.932038834951,0.955223880597,0.970873786408,0.560949298813,0.933660933661,0.934295673258,0.922330097087,342,239,103,0,342,0,239,0,103,37,342,0.256756756757,1.72528881811,18.4864864865,15.5454545455,9.77142857143,5.36771015539,0.290358590277,0.142642642643,9.50849154237,1.02869645341,0.544491860281,8.05331334643,0.871264894205,0.461830251304,0.640599570326,0.371299902718,2,1.72528881811,0.640599570326,2,0.344071394247,0.376569037657,810,0.104247104247,0.56957682835,37,37,37,1,0,0.405405405405,0.540540540541,0.0540540540541,37,0.179429429429,1.7780628919,12.9189189189,10.8636363636,6.82857142857,4.30360558381,0.333124281592,0.180029401787,6.80928530511,1.05415713928,0.563383467149,5.54574208337,0.858545845543,0.465226733009,0.701303242457,0.394419818135,2,1.7780628919,0.701303242457,2,0.207130593121,0.207027540361,218,0.0280566280566,0.314925279351,37,37,37,1,0,0.405405405405,0.540540540541,0.0540540540541,37,337,0.253003003003,1.73612224188,18.2162162162,15.3181818182,9.62857142857,5.20221712956,0.285581652513,0.13722030636,9.2789600225,1.01875822205,0.5410217339,8.1676318606,0.896742963923,0.471569492341,0.658597372751,0.379349654573,2,1.73612224188,0.658597372751,2,0.335811369194,0.350200160128,729,0.0938223938224,0.573307169015,37,37,37,1,0,0.405405405405,0.540540540541,0.0540540540541,-5,-0.00375375375375,0.0108334237604,-0.27027027027,-0.227272727273,-0.142857142857,-0.165493025836,-0.00477693776431,-0.00542233628287,-0.229531519878,-0.00993823136023,-0.00347012638126,0.114318514161,0.025478069718,0.00973924103707,0.017997802425,0.00804975185478,0,0.0108334237604,0.017997802425,0,-0.00826002505336,-0.0263688775288,-81,-0.0104247104247,0.00373034066531,0,0,0,335,2,7,988,0.979532163743,0.99797979798,0.0020202020202,0.0204678362573,0.994065281899,0.979532163743,0.986745213549,0.982259505026,0.977511961722,0.973837209302,98,103,0,0,0,0
3138,WLNM_dir_neg,0.992600622113,0.965414620968,00:00:05,10,70,49,1239447284,threshold_sweep,0.6,0.979591836735,0.932038834951,0.955223880597,96,2,7,204,0.932038834951,0.990291262136,0.00970873786408,0.0679611650485,0.979591836735,0.932038834951,0.955223880597,0.970873786408,0.560949298813,0.933660933661,0.934295673258,0.922330097087,342,239,103,0,342,0,239,0,103,37,342,0.256756756757,1.72528881811,18.4864864865,15.5454545455,9.77142857143,5.36771015539,0.290358590277,0.142642642643,9.50849154237,1.02869645341,0.544491860281,8.05331334643,0.871264894205,0.461830251304,0.640599570326,0.371299902718,2,1.72528881811,0.640599570326,2,0.344071394247,0.376569037657,810,0.104247104247,0.56957682835,37,37,37,1,0,0.405405405405,0.540540540541,0.0540540540541,37,0.179429429429,1.7780628919,12.9189189189,10.8636363636,6.82857142857,4.30360558381,0.333124281592,0.180029401787,6.80928530511,1.05415713928,0.563383467149,5.54574208337,0.858545845543,0.465226733009,0.701303242457,0.394419818135,2,1.7780628919,0.701303242457,2,0.207130593121,0.207027540361,218,0.0280566280566,0.314925279351,37,37,37,1,0,0.405405405405,0.540540540541,0.0540540540541,37,337,0.253003003003,1.73612224188,18.2162162162,15.3181818182,9.62857142857,5.20221712956,0.285581652513,0.13722030636,9.2789600225,1.01875822205,0.5410217339,8.1676318606,0.896742963923,0.471569492341,0.658597372751,0.379349654573,2,1.73612224188,0.658597372751,2,0.335811369194,0.350200160128,729,0.0938223938224,0.573307169015,37,37,37,1,0,0.405405405405,0.540540540541,0.0540540540541,-5,-0.00375375375375,0.0108334237604,-0.27027027027,-0.227272727273,-0.142857142857,-0.165493025836,-0.00477693776431,-0.00542233628287,-0.229531519878,-0.00993823136023,-0.00347012638126,0.114318514161,0.025478069718,0.00973924103707,0.017997802425,0.00804975185478,0,0.0108334237604,0.017997802425,0,-0.00826002505336,-0.0263688775288,-81,-0.0104247104247,0.00373034066531,0,0,0,335,2,7,988,0.979532163743,0.99797979798,0.0020202020202,0.0204678362573,0.994065281899,0.979532163743,0.986745213549,0.982259505026,0.977511961722,0.973837209302,98,103,0,0,0,0
3139,WLNM_dir_neg,0.992600622113,0.965414620968,00:00:05,10,70,49,1239447284,threshold_sweep,0.7,0.979591836735,0.932038834951,0.955223880597,96,2,7,204,0.932038834951,0.990291262136,0.00970873786408,0.0679611650485,0.979591836735,0.932038834951,0.955223880597,0.970873786408,0.560949298813,0.933660933661,0.934295673258,0.922330097087,342,239,103,0,342,0,239,0,103,37,342,0.256756756757,1.72528881811,18.4864864865,15.5454545455,9.77142857143,5.36771015539,0.290358590277,0.142642642643,9.50849154237,1.02869645341,0.544491860281,8.05331334643,0.871264894205,0.461830251304,0.640599570326,0.371299902718,2,1.72528881811,0.640599570326,2,0.344071394247,0.376569037657,810,0.104247104247,0.56957682835,37,37,37,1,0,0.405405405405,0.540540540541,0.0540540540541,37,0.179429429429,1.7780628919,12.9189189189,10.8636363636,6.82857142857,4.30360558381,0.333124281592,0.180029401787,6.80928530511,1.05415713928,0.563383467149,5.54574208337,0.858545845543,0.465226733009,0.701303242457,0.394419818135,2,1.7780628919,0.701303242457,2,0.207130593121,0.207027540361,218,0.0280566280566,0.314925279351,37,37,37,1,0,0.405405405405,0.540540540541,0.0540540540541,37,337,0.253003003003,1.73612224188,18.2162162162,15.3181818182,9.62857142857,5.20221712956,0.285581652513,0.13722030636,9.2789600225,1.01875822205,0.5410217339,8.1676318606,0.896742963923,0.471569492341,0.658597372751,0.379349654573,2,1.73612224188,0.658597372751,2,0.335811369194,0.350200160128,729,0.0938223938224,0.573307169015,37,37,37,1,0,0.405405405405,0.540540540541,0.0540540540541,-5,-0.00375375375375,0.0108334237604,-0.27027027027,-0.227272727273,-0.142857142857,-0.165493025836,-0.00477693776431,-0.00542233628287,-0.229531519878,-0.00993823136023,-0.00347012638126,0.114318514161,0.025478069718,0.00973924103707,0.017997802425,0.00804975185478,0,0.0108334237604,0.017997802425,0,-0.00826002505336,-0.0263688775288,-81,-0.0104247104247,0.00373034066531,0,0,0,335,2,7,988,0.979532163743,0.99797979798,0.0020202020202,0.0204678362573,0.994065281899,0.979532163743,0.986745213549,0.982259505026,0.977511961722,0.973837209302,98,103,0,0,0,0
3140,WLNM_dir_neg,0.992600622113,0.965414620968,00:00:05,10,70,49,1239447284,threshold_sweep,0.8,0.979591836735,0.932038834951,0.955223880597,96,2,7,204,0.932038834951,0.990291262136,0.00970873786408,0.0679611650485,0.979591836735,0.932038834951,0.955223880597,0.970873786408,0.560949298813,0.933660933661,0.934295673258,0.922330097087,342,239,103,0,342,0,239,0,103,37,342,0.256756756757,1.72528881811,18.4864864865,15.5454545455,9.77142857143,5.36771015539,0.290358590277,0.142642642643,9.50849154237,1.02869645341,0.544491860281,8.05331334643,0.871264894205,0.461830251304,0.640599570326,0.371299902718,2,1.72528881811,0.640599570326,2,0.344071394247,0.376569037657,810,0.104247104247,0.56957682835,37,37,37,1,0,0.405405405405,0.540540540541,0.0540540540541,37,0.179429429429,1.7780628919,12.9189189189,10.8636363636,6.82857142857,4.30360558381,0.333124281592,0.180029401787,6.80928530511,1.05415713928,0.563383467149,5.54574208337,0.858545845543,0.465226733009,0.701303242457,0.394419818135,2,1.7780628919,0.701303242457,2,0.207130593121,0.207027540361,218,0.0280566280566,0.314925279351,37,37,37,1,0,0.405405405405,0.540540540541,0.0540540540541,37,337,0.253003003003,1.73612224188,18.2162162162,15.3181818182,9.62857142857,5.20221712956,0.285581652513,0.13722030636,9.2789600225,1.01875822205,0.5410217339,8.1676318606,0.896742963923,0.471569492341,0.658597372751,0.379349654573,2,1.73612224188,0.658597372751,2,0.335811369194,0.350200160128,729,0.0938223938224,0.573307169015,37,37,37,1,0,0.405405405405,0.540540540541,0.0540540540541,-5,-0.00375375375375,0.0108334237604,-0.27027027027,-0.227272727273,-0.142857142857,-0.165493025836,-0.00477693776431,-0.00542233628287,-0.229531519878,-0.00993823136023,-0.00347012638126,0.114318514161,0.025478069718,0.00973924103707,0.017997802425,0.00804975185478,0,0.0108334237604,0.017997802425,0,-0.00826002505336,-0.0263688775288,-81,-0.0104247104247,0.00373034066531,0,0,0,335,2,7,988,0.979532163743,0.99797979798,0.0020202020202,0.0204678362573,0.994065281899,0.979532163743,0.986745213549,0.982259505026,0.977511961722,0.973837209302,98,103,0,0,0,0
3141,WLNM_dir_neg,0.992600622113,0.965414620968,00:00:05,10,70,49,1239447284,threshold_sweep,0.9,0.979591836735,0.932038834951,0.955223880597,96,2,7,204,0.932038834951,0.990291262136,0.00970873786408,0.0679611650485,0.979591836735,0.932038834951,0.955223880597,0.970873786408,0.560949298813,0.933660933661,0.934295673258,0.922330097087,342,239,103,0,342,0,239,0,103,37,342,0.256756756757,1.72528881811,18.4864864865,15.5454545455,9.77142857143,5.36771015539,0.290358590277,0.142642642643,9.50849154237,1.02869645341,0.544491860281,8.05331334643,0.871264894205,0.461830251304,0.640599570326,0.371299902718,2,1.72528881811,0.640599570326,2,0.344071394247,0.376569037657,810,0.104247104247,0.56957682835,37,37,37,1,0,0.405405405405,0.540540540541,0.0540540540541,37,0.179429429429,1.7780628919,12.9189189189,10.8636363636,6.82857142857,4.30360558381,0.333124281592,0.180029401787,6.80928530511,1.05415713928,0.563383467149,5.54574208337,0.858545845543,0.465226733009,0.701303242457,0.394419818135,2,1.7780628919,0.701303242457,2,0.207130593121,0.207027540361,218,0.0280566280566,0.314925279351,37,37,37,1,0,0.405405405405,0.540540540541,0.0540540540541,37,337,0.253003003003,1.73612224188,18.2162162162,15.3181818182,9.62857142857,5.20221712956,0.285581652513,0.13722030636,9.2789600225,1.01875822205,0.5410217339,8.1676318606,0.896742963923,0.471569492341,0.658597372751,0.379349654573,2,1.73612224188,0.658597372751,2,0.335811369194,0.350200160128,729,0.0938223938224,0.573307169015,37,37,37,1,0,0.405405405405,0.540540540541,0.0540540540541,-5,-0.00375375375375,0.0108334237604,-0.27027027027,-0.227272727273,-0.142857142857,-0.165493025836,-0.00477693776431,-0.00542233628287,-0.229531519878,-0.00993823136023,-0.00347012638126,0.114318514161,0.025478069718,0.00973924103707,0.017997802425,0.00804975185478,0,0.0108334237604,0.017997802425,0,-0.00826002505336,-0.0263688775288,-81,-0.0104247104247,0.00373034066531,0,0,0,335,2,7,988,0.979532163743,0.99797979798,0.0020202020202,0.0204678362573,0.994065281899,0.979532163743,0.986745213549,0.982259505026,0.977511961722,0.973837209302,98,103,0,0,0,0
3142,WLNM_dir_neg,0.971816382317,0.348089126844,00:00:05,10,70,50,1239447285,threshold_sweep,0.1,0.977528089888,0.844660194175,0.90625,87,2,16,204,0.844660194175,0.990291262136,0.00970873786408,0.155339805825,0.977528089888,0.844660194175,0.90625,0.941747572816,0.570658036677,0.86432160804,0.869174758009,0.834951456311,342,239,103,0,342,0,239,0,103,37,342,0.256756756757,1.72528881811,18.4864864865,15.5454545455,9.77142857143,5.36771015539,0.290358590277,0.142642642643,9.50849154237,1.02869645341,0.544491860281,8.05331334643,0.871264894205,0.461830251304,0.640599570326,0.371299902718,2,1.72528881811,0.640599570326,2,0.344071394247,0.376569037657,810,0.104247104247,0.56957682835,37,37,37,1,0,0.405405405405,0.540540540541,0.0540540540541,37,0.179429429429,1.77618219162,12.9189189189,10.8636363636,6.82857142857,3.90425962805,0.302212565351,0.157186475178,6.61057483882,1.02339443112,0.549587244148,5.86701985014,0.908283407762,0.488295827208,0.700778787184,0.394542176186,2,1.77618219162,0.700778787184,2,0.20229909363,0.16559070368,171,0.0220077220077,0.337852693178,37,37,37,1,0,0.405405405405,0.540540540541,0.0540540540541,37,328,0.246246246246,1.72935565403,17.7297297297,14.9090909091,9.37142857143,4.99804766689,0.281902078773,0.134393539881,8.92612321647,1.00691024088,0.533948582729,8.28037224795,0.934066381628,0.486486486486,0.652076620267,0.377063340757,2,1.72935565403,0.652076620267,2,0.304110930523,0.30941475827,608,0.0782496782497,0.580775939024,37,37,37,1,0,0.405405405405,0.540540540541,0.0540540540541,-14,-0.0105105105105,0.0040668359167,-0.756756756757,-0.636363636364,-0.4,-0.369662488506,-0.0084565115045,-0.0082491027613,-0.582368325901,-0.0217862125321,-0.0105432775523,0.227058901512,0.0628014874233,0.0246562351826,0.0114770499406,0.00576343803954,0,0.0040668359167,0.0114770499406,0,-0.0399604637245,-0.0671542793872,-202,-0.0259974259974,0.0111991106745,0,0,0,326,2,16,988,0.953216374269,0.99797979798,0.0020202020202,0.046783625731,0.993902439024,0.953216374269,0.973134328358,0.964488305192,0.951196172249,0.947674418605,89,103,0,0,0,0
3143,WLNM_dir_neg,0.971816382317,0.348089126844,00:00:05,10,70,50,1239447285,threshold_sweep,0.2,0.977528089888,0.844660194175,0.90625,87,2,16,204,0.844660194175,0.990291262136,0.00970873786408,0.155339805825,0.977528089888,0.844660194175,0.90625,0.941747572816,0.570658036677,0.86432160804,0.869174758009,0.834951456311,342,239,103,0,342,0,239,0,103,37,342,0.256756756757,1.72528881811,18.4864864865,15.5454545455,9.77142857143,5.36771015539,0.290358590277,0.142642642643,9.50849154237,1.02869645341,0.544491860281,8.05331334643,0.871264894205,0.461830251304,0.640599570326,0.371299902718,2,1.72528881811,0.640599570326,2,0.344071394247,0.376569037657,810,0.104247104247,0.56957682835,37,37,37,1,0,0.405405405405,0.540540540541,0.0540540540541,37,0.179429429429,1.77618219162,12.9189189189,10.8636363636,6.82857142857,3.90425962805,0.302212565351,0.157186475178,6.61057483882,1.02339443112,0.549587244148,5.86701985014,0.908283407762,0.488295827208,0.700778787184,0.394542176186,2,1.77618219162,0.700778787184,2,0.20229909363,0.16559070368,171,0.0220077220077,0.337852693178,37,37,37,1,0,0.405405405405,0.540540540541,0.0540540540541,37,328,0.246246246246,1.72935565403,17.7297297297,14.9090909091,9.37142857143,4.99804766689,0.281902078773,0.134393539881,8.92612321647,1.00691024088,0.533948582729,8.28037224795,0.934066381628,0.486486486486,0.652076620267,0.377063340757,2,1.72935565403,0.652076620267,2,0.304110930523,0.30941475827,608,0.0782496782497,0.580775939024,37,37,37,1,0,0.405405405405,0.540540540541,0.0540540540541,-14,-0.0105105105105,0.0040668359167,-0.756756756757,-0.636363636364,-0.4,-0.369662488506,-0.0084565115045,-0.0082491027613,-0.582368325901,-0.0217862125321,-0.0105432775523,0.227058901512,0.0628014874233,0.0246562351826,0.0114770499406,0.00576343803954,0,0.0040668359167,0.0114770499406,0,-0.0399604637245,-0.0671542793872,-202,-0.0259974259974,0.0111991106745,0,0,0,326,2,16,988,0.953216374269,0.99797979798,0.0020202020202,0.046783625731,0.993902439024,0.953216374269,0.973134328358,0.964488305192,0.951196172249,0.947674418605,89,103,0,0,0,0
3144,WLNM_dir_neg,0.971816382317,0.348089126844,00:00:05,10,70,50,1239447285,threshold_sweep,0.3,0.977528089888,0.844660194175,0.90625,87,2,16,204,0.844660194175,0.990291262136,0.00970873786408,0.155339805825,0.977528089888,0.844660194175,0.90625,0.941747572816,0.570658036677,0.86432160804,0.869174758009,0.834951456311,342,239,103,0,342,0,239,0,103,37,342,0.256756756757,1.72528881811,18.4864864865,15.5454545455,9.77142857143,5.36771015539,0.290358590277,0.142642642643,9.50849154237,1.02869645341,0.544491860281,8.05331334643,0.871264894205,0.461830251304,0.640599570326,0.371299902718,2,1.72528881811,0.640599570326,2,0.344071394247,0.376569037657,810,0.104247104247,0.56957682835,37,37,37,1,0,0.405405405405,0.540540540541,0.0540540540541,37,0.179429429429,1.77618219162,12.9189189189,10.8636363636,6.82857142857,3.90425962805,0.302212565351,0.157186475178,6.61057483882,1.02339443112,0.549587244148,5.86701985014,0.908283407762,0.488295827208,0.700778787184,0.394542176186,2,1.77618219162,0.700778787184,2,0.20229909363,0.16559070368,171,0.0220077220077,0.337852693178,37,37,37,1,0,0.405405405405,0.540540540541,0.0540540540541,37,328,0.246246246246,1.72935565403,17.7297297297,14.9090909091,9.37142857143,4.99804766689,0.281902078773,0.134393539881,8.92612321647,1.00691024088,0.533948582729,8.28037224795,0.934066381628,0.486486486486,0.652076620267,0.377063340757,2,1.72935565403,0.652076620267,2,0.304110930523,0.30941475827,608,0.0782496782497,0.580775939024,37,37,37,1,0,0.405405405405,0.540540540541,0.0540540540541,-14,-0.0105105105105,0.0040668359167,-0.756756756757,-0.636363636364,-0.4,-0.369662488506,-0.0084565115045,-0.0082491027613,-0.582368325901,-0.0217862125321,-0.0105432775523,0.227058901512,0.0628014874233,0.0246562351826,0.0114770499406,0.00576343803954,0,0.0040668359167,0.0114770499406,0,-0.0399604637245,-0.0671542793872,-202,-0.0259974259974,0.0111991106745,0,0,0,326,2,16,988,0.953216374269,0.99797979798,0.0020202020202,0.046783625731,0.993902439024,0.953216374269,0.973134328358,0.964488305192,0.951196172249,0.947674418605,89,103,0,0,0,0
3145,WLNM_dir_neg,0.971816382317,0.348089126844,00:00:05,10,70,50,1239447285,threshold_sweep,0.4,0.977528089888,0.844660194175,0.90625,87,2,16,204,0.844660194175,0.990291262136,0.00970873786408,0.155339805825,0.977528089888,0.844660194175,0.90625,0.941747572816,0.570658036677,0.86432160804,0.869174758009,0.834951456311,342,239,103,0,342,0,239,0,103,37,342,0.256756756757,1.72528881811,18.4864864865,15.5454545455,9.77142857143,5.36771015539,0.290358590277,0.142642642643,9.50849154237,1.02869645341,0.544491860281,8.05331334643,0.871264894205,0.461830251304,0.640599570326,0.371299902718,2,1.72528881811,0.640599570326,2,0.344071394247,0.376569037657,810,0.104247104247,0.56957682835,37,37,37,1,0,0.405405405405,0.540540540541,0.0540540540541,37,0.179429429429,1.77618219162,12.9189189189,10.8636363636,6.82857142857,3.90425962805,0.302212565351,0.157186475178,6.61057483882,1.02339443112,0.549587244148,5.86701985014,0.908283407762,0.488295827208,0.700778787184,0.394542176186,2,1.77618219162,0.700778787184,2,0.20229909363,0.16559070368,171,0.0220077220077,0.337852693178,37,37,37,1,0,0.405405405405,0.540540540541,0.0540540540541,37,328,0.246246246246,1.72935565403,17.7297297297,14.9090909091,9.37142857143,4.99804766689,0.281902078773,0.134393539881,8.92612321647,1.00691024088,0.533948582729,8.28037224795,0.934066381628,0.486486486486,0.652076620267,0.377063340757,2,1.72935565403,0.652076620267,2,0.304110930523,0.30941475827,608,0.0782496782497,0.580775939024,37,37,37,1,0,0.405405405405,0.540540540541,0.0540540540541,-14,-0.0105105105105,0.0040668359167,-0.756756756757,-0.636363636364,-0.4,-0.369662488506,-0.0084565115045,-0.0082491027613,-0.582368325901,-0.0217862125321,-0.0105432775523,0.227058901512,0.0628014874233,0.0246562351826,0.0114770499406,0.00576343803954,0,0.0040668359167,0.0114770499406,0,-0.0399604637245,-0.0671542793872,-202,-0.0259974259974,0.0111991106745,0,0,0,326,2,16,988,0.953216374269,0.99797979798,0.0020202020202,0.046783625731,0.993902439024,0.953216374269,0.973134328358,0.964488305192,0.951196172249,0.947674418605,89,103,0,0,0,0
3146,WLNM_dir_neg,0.971816382317,0.348089126844,00:00:05,10,70,50,1239447285,threshold_sweep,0.5,0.977528089888,0.844660194175,0.90625,87,2,16,204,0.844660194175,0.990291262136,0.00970873786408,0.155339805825,0.977528089888,0.844660194175,0.90625,0.941747572816,0.570658036677,0.86432160804,0.869174758009,0.834951456311,342,239,103,0,342,0,239,0,103,37,342,0.256756756757,1.72528881811,18.4864864865,15.5454545455,9.77142857143,5.36771015539,0.290358590277,0.142642642643,9.50849154237,1.02869645341,0.544491860281,8.05331334643,0.871264894205,0.461830251304,0.640599570326,0.371299902718,2,1.72528881811,0.640599570326,2,0.344071394247,0.376569037657,810,0.104247104247,0.56957682835,37,37,37,1,0,0.405405405405,0.540540540541,0.0540540540541,37,0.179429429429,1.77618219162,12.9189189189,10.8636363636,6.82857142857,3.90425962805,0.302212565351,0.157186475178,6.61057483882,1.02339443112,0.549587244148,5.86701985014,0.908283407762,0.488295827208,0.700778787184,0.394542176186,2,1.77618219162,0.700778787184,2,0.20229909363,0.16559070368,171,0.0220077220077,0.337852693178,37,37,37,1,0,0.405405405405,0.540540540541,0.0540540540541,37,328,0.246246246246,1.72935565403,17.7297297297,14.9090909091,9.37142857143,4.99804766689,0.281902078773,0.134393539881,8.92612321647,1.00691024088,0.533948582729,8.28037224795,0.934066381628,0.486486486486,0.652076620267,0.377063340757,2,1.72935565403,0.652076620267,2,0.304110930523,0.30941475827,608,0.0782496782497,0.580775939024,37,37,37,1,0,0.405405405405,0.540540540541,0.0540540540541,-14,-0.0105105105105,0.0040668359167,-0.756756756757,-0.636363636364,-0.4,-0.369662488506,-0.0084565115045,-0.0082491027613,-0.582368325901,-0.0217862125321,-0.0105432775523,0.227058901512,0.0628014874233,0.0246562351826,0.0114770499406,0.00576343803954,0,0.0040668359167,0.0114770499406,0,-0.0399604637245,-0.0671542793872,-202,-0.0259974259974,0.0111991106745,0,0,0,326,2,16,988,0.953216374269,0.99797979798,0.0020202020202,0.046783625731,0.993902439024,0.953216374269,0.973134328358,0.964488305192,0.951196172249,0.947674418605,89,103,0,0,0,0
3147,WLNM_dir_neg,0.971816382317,0.348089126844,00:00:05,10,70,50,1239447285,threshold_sweep,0.6,0.977528089888,0.844660194175,0.90625,87,2,16,204,0.844660194175,0.990291262136,0.00970873786408,0.155339805825,0.977528089888,0.844660194175,0.90625,0.941747572816,0.570658036677,0.86432160804,0.869174758009,0.834951456311,342,239,103,0,342,0,239,0,103,37,342,0.256756756757,1.72528881811,18.4864864865,15.5454545455,9.77142857143,5.36771015539,0.290358590277,0.142642642643,9.50849154237,1.02869645341,0.544491860281,8.05331334643,0.871264894205,0.461830251304,0.640599570326,0.371299902718,2,1.72528881811,0.640599570326,2,0.344071394247,0.376569037657,810,0.104247104247,0.56957682835,37,37,37,1,0,0.405405405405,0.540540540541,0.0540540540541,37,0.179429429429,1.77618219162,12.9189189189,10.8636363636,6.82857142857,3.90425962805,0.302212565351,0.157186475178,6.61057483882,1.02339443112,0.549587244148,5.86701985014,0.908283407762,0.488295827208,0.700778787184,0.394542176186,2,1.77618219162,0.700778787184,2,0.20229909363,0.16559070368,171,0.0220077220077,0.337852693178,37,37,37,1,0,0.405405405405,0.540540540541,0.0540540540541,37,328,0.246246246246,1.72935565403,17.7297297297,14.9090909091,9.37142857143,4.99804766689,0.281902078773,0.134393539881,8.92612321647,1.00691024088,0.533948582729,8.28037224795,0.934066381628,0.486486486486,0.652076620267,0.377063340757,2,1.72935565403,0.652076620267,2,0.304110930523,0.30941475827,608,0.0782496782497,0.580775939024,37,37,37,1,0,0.405405405405,0.540540540541,0.0540540540541,-14,-0.0105105105105,0.0040668359167,-0.756756756757,-0.636363636364,-0.4,-0.369662488506,-0.0084565115045,-0.0082491027613,-0.582368325901,-0.0217862125321,-0.0105432775523,0.227058901512,0.0628014874233,0.0246562351826,0.0114770499406,0.00576343803954,0,0.0040668359167,0.0114770499406,0,-0.0399604637245,-0.0671542793872,-202,-0.0259974259974,0.0111991106745,0,0,0,326,2,16,988,0.953216374269,0.99797979798,0.0020202020202,0.046783625731,0.993902439024,0.953216374269,0.973134328358,0.964488305192,0.951196172249,0.947674418605,89,103,0,0,0,0
3148,WLNM_dir_neg,0.971816382317,0.348089126844,00:00:05,10,70,50,1239447285,threshold_sweep,0.7,0.977528089888,0.844660194175,0.90625,87,2,16,204,0.844660194175,0.990291262136,0.00970873786408,0.155339805825,0.977528089888,0.844660194175,0.90625,0.941747572816,0.570658036677,0.86432160804,0.869174758009,0.834951456311,342,239,103,0,342,0,239,0,103,37,342,0.256756756757,1.72528881811,18.4864864865,15.5454545455,9.77142857143,5.36771015539,0.290358590277,0.142642642643,9.50849154237,1.02869645341,0.544491860281,8.05331334643,0.871264894205,0.461830251304,0.640599570326,0.371299902718,2,1.72528881811,0.640599570326,2,0.344071394247,0.376569037657,810,0.104247104247,0.56957682835,37,37,37,1,0,0.405405405405,0.540540540541,0.0540540540541,37,0.179429429429,1.77618219162,12.9189189189,10.8636363636,6.82857142857,3.90425962805,0.302212565351,0.157186475178,6.61057483882,1.02339443112,0.549587244148,5.86701985014,0.908283407762,0.488295827208,0.700778787184,0.394542176186,2,1.77618219162,0.700778787184,2,0.20229909363,0.16559070368,171,0.0220077220077,0.337852693178,37,37,37,1,0,0.405405405405,0.540540540541,0.0540540540541,37,328,0.246246246246,1.72935565403,17.7297297297,14.9090909091,9.37142857143,4.99804766689,0.281902078773,0.134393539881,8.92612321647,1.00691024088,0.533948582729,8.28037224795,0.934066381628,0.486486486486,0.652076620267,0.377063340757,2,1.72935565403,0.652076620267,2,0.304110930523,0.30941475827,608,0.0782496782497,0.580775939024,37,37,37,1,0,0.405405405405,0.540540540541,0.0540540540541,-14,-0.0105105105105,0.0040668359167,-0.756756756757,-0.636363636364,-0.4,-0.369662488506,-0.0084565115045,-0.0082491027613,-0.582368325901,-0.0217862125321,-0.0105432775523,0.227058901512,0.0628014874233,0.0246562351826,0.0114770499406,0.00576343803954,0,0.0040668359167,0.0114770499406,0,-0.0399604637245,-0.0671542793872,-202,-0.0259974259974,0.0111991106745,0,0,0,326,2,16,988,0.953216374269,0.99797979798,0.0020202020202,0.046783625731,0.993902439024,0.953216374269,0.973134328358,0.964488305192,0.951196172249,0.947674418605,89,103,0,0,0,0
3149,WLNM_dir_neg,0.971816382317,0.348089126844,00:00:05,10,70,50,1239447285,threshold_sweep,0.8,0.977528089888,0.844660194175,0.90625,87,2,16,204,0.844660194175,0.990291262136,0.00970873786408,0.155339805825,0.977528089888,0.844660194175,0.90625,0.941747572816,0.570658036677,0.86432160804,0.869174758009,0.834951456311,342,239,103,0,342,0,239,0,103,37,342,0.256756756757,1.72528881811,18.4864864865,15.5454545455,9.77142857143,5.36771015539,0.290358590277,0.142642642643,9.50849154237,1.02869645341,0.544491860281,8.05331334643,0.871264894205,0.461830251304,0.640599570326,0.371299902718,2,1.72528881811,0.640599570326,2,0.344071394247,0.376569037657,810,0.104247104247,0.56957682835,37,37,37,1,0,0.405405405405,0.540540540541,0.0540540540541,37,0.179429429429,1.77618219162,12.9189189189,10.8636363636,6.82857142857,3.90425962805,0.302212565351,0.157186475178,6.61057483882,1.02339443112,0.549587244148,5.86701985014,0.908283407762,0.488295827208,0.700778787184,0.394542176186,2,1.77618219162,0.700778787184,2,0.20229909363,0.16559070368,171,0.0220077220077,0.337852693178,37,37,37,1,0,0.405405405405,0.540540540541,0.0540540540541,37,328,0.246246246246,1.72935565403,17.7297297297,14.9090909091,9.37142857143,4.99804766689,0.281902078773,0.134393539881,8.92612321647,1.00691024088,0.533948582729,8.28037224795,0.934066381628,0.486486486486,0.652076620267,0.377063340757,2,1.72935565403,0.652076620267,2,0.304110930523,0.30941475827,608,0.0782496782497,0.580775939024,37,37,37,1,0,0.405405405405,0.540540540541,0.0540540540541,-14,-0.0105105105105,0.0040668359167,-0.756756756757,-0.636363636364,-0.4,-0.369662488506,-0.0084565115045,-0.0082491027613,-0.582368325901,-0.0217862125321,-0.0105432775523,0.227058901512,0.0628014874233,0.0246562351826,0.0114770499406,0.00576343803954,0,0.0040668359167,0.0114770499406,0,-0.0399604637245,-0.0671542793872,-202,-0.0259974259974,0.0111991106745,0,0,0,326,2,16,988,0.953216374269,0.99797979798,0.0020202020202,0.046783625731,0.993902439024,0.953216374269,0.973134328358,0.964488305192,0.951196172249,0.947674418605,89,103,0,0,0,0
3150,WLNM_dir_neg,0.971816382317,0.348089126844,00:00:05,10,70,50,1239447285,threshold_sweep,0.9,0.977528089888,0.844660194175,0.90625,87,2,16,204,0.844660194175,0.990291262136,0.00970873786408,0.155339805825,0.977528089888,0.844660194175,0.90625,0.941747572816,0.570658036677,0.86432160804,0.869174758009,0.834951456311,342,239,103,0,342,0,239,0,103,37,342,0.256756756757,1.72528881811,18.4864864865,15.5454545455,9.77142857143,5.36771015539,0.290358590277,0.142642642643,9.50849154237,1.02869645341,0.544491860281,8.05331334643,0.871264894205,0.461830251304,0.640599570326,0.371299902718,2,1.72528881811,0.640599570326,2,0.344071394247,0.376569037657,810,0.104247104247,0.56957682835,37,37,37,1,0,0.405405405405,0.540540540541,0.0540540540541,37,0.179429429429,1.77618219162,12.9189189189,10.8636363636,6.82857142857,3.90425962805,0.302212565351,0.157186475178,6.61057483882,1.02339443112,0.549587244148,5.86701985014,0.908283407762,0.488295827208,0.700778787184,0.394542176186,2,1.77618219162,0.700778787184,2,0.20229909363,0.16559070368,171,0.0220077220077,0.337852693178,37,37,37,1,0,0.405405405405,0.540540540541,0.0540540540541,37,328,0.246246246246,1.72935565403,17.7297297297,14.9090909091,9.37142857143,4.99804766689,0.281902078773,0.134393539881,8.92612321647,1.00691024088,0.533948582729,8.28037224795,0.934066381628,0.486486486486,0.652076620267,0.377063340757,2,1.72935565403,0.652076620267,2,0.304110930523,0.30941475827,608,0.0782496782497,0.580775939024,37,37,37,1,0,0.405405405405,0.540540540541,0.0540540540541,-14,-0.0105105105105,0.0040668359167,-0.756756756757,-0.636363636364,-0.4,-0.369662488506,-0.0084565115045,-0.0082491027613,-0.582368325901,-0.0217862125321,-0.0105432775523,0.227058901512,0.0628014874233,0.0246562351826,0.0114770499406,0.00576343803954,0,0.0040668359167,0.0114770499406,0,-0.0399604637245,-0.0671542793872,-202,-0.0259974259974,0.0111991106745,0,0,0,326,2,16,988,0.953216374269,0.99797979798,0.0020202020202,0.046783625731,0.993902439024,0.953216374269,0.973134328358,0.964488305192,0.951196172249,0.947674418605,89,103,0,0,0,0
3151,WLNM_dir_neg,0.97243226213,0.659181007205,00:00:05,10,80,1,1240364536,threshold_sweep,0.1,0.981818181818,0.782608695652,0.870967741935,54,1,15,137,0.782608695652,0.992753623188,0.00724637681159,0.217391304348,0.981818181818,0.782608695652,0.870967741935,0.92270531401,0.578099838969,0.81679389313,0.82749550079,0.775362318841,342,273,69,0,342,0,273,0,69,37,342,0.256756756757,1.72528881811,18.4864864865,15.5454545455,9.77142857143,5.36771015539,0.290358590277,0.142642642643,9.50849154237,1.02869645341,0.544491860281,8.05331334643,0.871264894205,0.461830251304,0.640599570326,0.371299902718,2,1.72528881811,0.640599570326,2,0.344071394247,0.376569037657,810,0.104247104247,0.56957682835,37,37,37,1,0,0.405405405405,0.540540540541,0.0540540540541,37,0.204954954955,1.74686644692,14.7567567568,12.4090909091,7.8,4.0235791516,0.272660125658,0.140679140679,7.34979724343,0.996126366326,0.526086526087,6.46937808857,0.876802158524,0.476388476388,0.666242718437,0.381393047884,2,1.74686644692,0.666242718437,2,0.239852533375,0.243020937188,325,0.0418275418275,0.402776321635,37,37,37,1,0,0.405405405405,0.540540540541,0.0540540540541,37,328,0.246246246246,1.71954097692,17.7297297297,14.9090909091,9.37142857143,4.81114821505,0.271360493836,0.133075148319,8.90119268588,1.00409795542,0.532630191167,8.13484330984,0.917650007513,0.484344100198,0.634541944807,0.369018216678,2,1.71954097692,0.634541944807,2,0.297179950861,0.316220365001,618,0.0795366795367,0.568902431981,37,37,37,1,0,0.405405405405,0.540540540541,0.0540540540541,-14,-0.0105105105105,-0.0057478411986,-0.756756756757,-0.636363636364,-0.4,-0.556561940347,-0.0189980964406,-0.00956749432359,-0.607298856491,-0.024598497995,-0.0118616691146,0.0815299634074,0.0463851133078,0.0225138488938,-0.0060576255189,-0.00228168603929,0,-0.0057478411986,-0.0060576255189,0,-0.0468914433859,-0.0603486726561,-192,-0.0247104247104,-0.000674396369013,0,0,0,327,1,15,989,0.956140350877,0.99898989899,0.0010101010101,0.0438596491228,0.996951219512,0.956140350877,0.976119402985,0.968477358097,0.955130249867,0.953352769679,55,69,0,0,0,0
3152,WLNM_dir_neg,0.97243226213,0.659181007205,00:00:05,10,80,1,1240364536,threshold_sweep,0.2,0.981818181818,0.782608695652,0.870967741935,54,1,15,137,0.782608695652,0.992753623188,0.00724637681159,0.217391304348,0.981818181818,0.782608695652,0.870967741935,0.92270531401,0.578099838969,0.81679389313,0.82749550079,0.775362318841,342,273,69,0,342,0,273,0,69,37,342,0.256756756757,1.72528881811,18.4864864865,15.5454545455,9.77142857143,5.36771015539,0.290358590277,0.142642642643,9.50849154237,1.02869645341,0.544491860281,8.05331334643,0.871264894205,0.461830251304,0.640599570326,0.371299902718,2,1.72528881811,0.640599570326,2,0.344071394247,0.376569037657,810,0.104247104247,0.56957682835,37,37,37,1,0,0.405405405405,0.540540540541,0.0540540540541,37,0.204954954955,1.74686644692,14.7567567568,12.4090909091,7.8,4.0235791516,0.272660125658,0.140679140679,7.34979724343,0.996126366326,0.526086526087,6.46937808857,0.876802158524,0.476388476388,0.666242718437,0.381393047884,2,1.74686644692,0.666242718437,2,0.239852533375,0.243020937188,325,0.0418275418275,0.402776321635,37,37,37,1,0,0.405405405405,0.540540540541,0.0540540540541,37,328,0.246246246246,1.71954097692,17.7297297297,14.9090909091,9.37142857143,4.81114821505,0.271360493836,0.133075148319,8.90119268588,1.00409795542,0.532630191167,8.13484330984,0.917650007513,0.484344100198,0.634541944807,0.369018216678,2,1.71954097692,0.634541944807,2,0.297179950861,0.316220365001,618,0.0795366795367,0.568902431981,37,37,37,1,0,0.405405405405,0.540540540541,0.0540540540541,-14,-0.0105105105105,-0.0057478411986,-0.756756756757,-0.636363636364,-0.4,-0.556561940347,-0.0189980964406,-0.00956749432359,-0.607298856491,-0.024598497995,-0.0118616691146,0.0815299634074,0.0463851133078,0.0225138488938,-0.0060576255189,-0.00228168603929,0,-0.0057478411986,-0.0060576255189,0,-0.0468914433859,-0.0603486726561,-192,-0.0247104247104,-0.000674396369013,0,0,0,327,1,15,989,0.956140350877,0.99898989899,0.0010101010101,0.0438596491228,0.996951219512,0.956140350877,0.976119402985,0.968477358097,0.955130249867,0.953352769679,55,69,0,0,0,0
3153,WLNM_dir_neg,0.97243226213,0.659181007205,00:00:05,10,80,1,1240364536,threshold_sweep,0.3,0.981818181818,0.782608695652,0.870967741935,54,1,15,137,0.782608695652,0.992753623188,0.00724637681159,0.217391304348,0.981818181818,0.782608695652,0.870967741935,0.92270531401,0.578099838969,0.81679389313,0.82749550079,0.775362318841,342,273,69,0,342,0,273,0,69,37,342,0.256756756757,1.72528881811,18.4864864865,15.5454545455,9.77142857143,5.36771015539,0.290358590277,0.142642642643,9.50849154237,1.02869645341,0.544491860281,8.05331334643,0.871264894205,0.461830251304,0.640599570326,0.371299902718,2,1.72528881811,0.640599570326,2,0.344071394247,0.376569037657,810,0.104247104247,0.56957682835,37,37,37,1,0,0.405405405405,0.540540540541,0.0540540540541,37,0.204954954955,1.74686644692,14.7567567568,12.4090909091,7.8,4.0235791516,0.272660125658,0.140679140679,7.34979724343,0.996126366326,0.526086526087,6.46937808857,0.876802158524,0.476388476388,0.666242718437,0.381393047884,2,1.74686644692,0.666242718437,2,0.239852533375,0.243020937188,325,0.0418275418275,0.402776321635,37,37,37,1,0,0.405405405405,0.540540540541,0.0540540540541,37,328,0.246246246246,1.71954097692,17.7297297297,14.9090909091,9.37142857143,4.81114821505,0.271360493836,0.133075148319,8.90119268588,1.00409795542,0.532630191167,8.13484330984,0.917650007513,0.484344100198,0.634541944807,0.369018216678,2,1.71954097692,0.634541944807,2,0.297179950861,0.316220365001,618,0.0795366795367,0.568902431981,37,37,37,1,0,0.405405405405,0.540540540541,0.0540540540541,-14,-0.0105105105105,-0.0057478411986,-0.756756756757,-0.636363636364,-0.4,-0.556561940347,-0.0189980964406,-0.00956749432359,-0.607298856491,-0.024598497995,-0.0118616691146,0.0815299634074,0.0463851133078,0.0225138488938,-0.0060576255189,-0.00228168603929,0,-0.0057478411986,-0.0060576255189,0,-0.0468914433859,-0.0603486726561,-192,-0.0247104247104,-0.000674396369013,0,0,0,327,1,15,989,0.956140350877,0.99898989899,0.0010101010101,0.0438596491228,0.996951219512,0.956140350877,0.976119402985,0.968477358097,0.955130249867,0.953352769679,55,69,0,0,0,0
3154,WLNM_dir_neg,0.97243226213,0.659181007205,00:00:05,10,80,1,1240364536,threshold_sweep,0.4,0.981818181818,0.782608695652,0.870967741935,54,1,15,137,0.782608695652,0.992753623188,0.00724637681159,0.217391304348,0.981818181818,0.782608695652,0.870967741935,0.92270531401,0.578099838969,0.81679389313,0.82749550079,0.775362318841,342,273,69,0,342,0,273,0,69,37,342,0.256756756757,1.72528881811,18.4864864865,15.5454545455,9.77142857143,5.36771015539,0.290358590277,0.142642642643,9.50849154237,1.02869645341,0.544491860281,8.05331334643,0.871264894205,0.461830251304,0.640599570326,0.371299902718,2,1.72528881811,0.640599570326,2,0.344071394247,0.376569037657,810,0.104247104247,0.56957682835,37,37,37,1,0,0.405405405405,0.540540540541,0.0540540540541,37,0.204954954955,1.74686644692,14.7567567568,12.4090909091,7.8,4.0235791516,0.272660125658,0.140679140679,7.34979724343,0.996126366326,0.526086526087,6.46937808857,0.876802158524,0.476388476388,0.666242718437,0.381393047884,2,1.74686644692,0.666242718437,2,0.239852533375,0.243020937188,325,0.0418275418275,0.402776321635,37,37,37,1,0,0.405405405405,0.540540540541,0.0540540540541,37,328,0.246246246246,1.71954097692,17.7297297297,14.9090909091,9.37142857143,4.81114821505,0.271360493836,0.133075148319,8.90119268588,1.00409795542,0.532630191167,8.13484330984,0.917650007513,0.484344100198,0.634541944807,0.369018216678,2,1.71954097692,0.634541944807,2,0.297179950861,0.316220365001,618,0.0795366795367,0.568902431981,37,37,37,1,0,0.405405405405,0.540540540541,0.0540540540541,-14,-0.0105105105105,-0.0057478411986,-0.756756756757,-0.636363636364,-0.4,-0.556561940347,-0.0189980964406,-0.00956749432359,-0.607298856491,-0.024598497995,-0.0118616691146,0.0815299634074,0.0463851133078,0.0225138488938,-0.0060576255189,-0.00228168603929,0,-0.0057478411986,-0.0060576255189,0,-0.0468914433859,-0.0603486726561,-192,-0.0247104247104,-0.000674396369013,0,0,0,327,1,15,989,0.956140350877,0.99898989899,0.0010101010101,0.0438596491228,0.996951219512,0.956140350877,0.976119402985,0.968477358097,0.955130249867,0.953352769679,55,69,0,0,0,0
3155,WLNM_dir_neg,0.97243226213,0.659181007205,00:00:05,10,80,1,1240364536,threshold_sweep,0.5,0.981818181818,0.782608695652,0.870967741935,54,1,15,137,0.782608695652,0.992753623188,0.00724637681159,0.217391304348,0.981818181818,0.782608695652,0.870967741935,0.92270531401,0.578099838969,0.81679389313,0.82749550079,0.775362318841,342,273,69,0,342,0,273,0,69,37,342,0.256756756757,1.72528881811,18.4864864865,15.5454545455,9.77142857143,5.36771015539,0.290358590277,0.142642642643,9.50849154237,1.02869645341,0.544491860281,8.05331334643,0.871264894205,0.461830251304,0.640599570326,0.371299902718,2,1.72528881811,0.640599570326,2,0.344071394247,0.376569037657,810,0.104247104247,0.56957682835,37,37,37,1,0,0.405405405405,0.540540540541,0.0540540540541,37,0.204954954955,1.74686644692,14.7567567568,12.4090909091,7.8,4.0235791516,0.272660125658,0.140679140679,7.34979724343,0.996126366326,0.526086526087,6.46937808857,0.876802158524,0.476388476388,0.666242718437,0.381393047884,2,1.74686644692,0.666242718437,2,0.239852533375,0.243020937188,325,0.0418275418275,0.402776321635,37,37,37,1,0,0.405405405405,0.540540540541,0.0540540540541,37,328,0.246246246246,1.71954097692,17.7297297297,14.9090909091,9.37142857143,4.81114821505,0.271360493836,0.133075148319,8.90119268588,1.00409795542,0.532630191167,8.13484330984,0.917650007513,0.484344100198,0.634541944807,0.369018216678,2,1.71954097692,0.634541944807,2,0.297179950861,0.316220365001,618,0.0795366795367,0.568902431981,37,37,37,1,0,0.405405405405,0.540540540541,0.0540540540541,-14,-0.0105105105105,-0.0057478411986,-0.756756756757,-0.636363636364,-0.4,-0.556561940347,-0.0189980964406,-0.00956749432359,-0.607298856491,-0.024598497995,-0.0118616691146,0.0815299634074,0.0463851133078,0.0225138488938,-0.0060576255189,-0.00228168603929,0,-0.0057478411986,-0.0060576255189,0,-0.0468914433859,-0.0603486726561,-192,-0.0247104247104,-0.000674396369013,0,0,0,327,1,15,989,0.956140350877,0.99898989899,0.0010101010101,0.0438596491228,0.996951219512,0.956140350877,0.976119402985,0.968477358097,0.955130249867,0.953352769679,55,69,0,0,0,0
3156,WLNM_dir_neg,0.97243226213,0.659181007205,00:00:05,10,80,1,1240364536,threshold_sweep,0.6,0.981818181818,0.782608695652,0.870967741935,54,1,15,137,0.782608695652,0.992753623188,0.00724637681159,0.217391304348,0.981818181818,0.782608695652,0.870967741935,0.92270531401,0.578099838969,0.81679389313,0.82749550079,0.775362318841,342,273,69,0,342,0,273,0,69,37,342,0.256756756757,1.72528881811,18.4864864865,15.5454545455,9.77142857143,5.36771015539,0.290358590277,0.142642642643,9.50849154237,1.02869645341,0.544491860281,8.05331334643,0.871264894205,0.461830251304,0.640599570326,0.371299902718,2,1.72528881811,0.640599570326,2,0.344071394247,0.376569037657,810,0.104247104247,0.56957682835,37,37,37,1,0,0.405405405405,0.540540540541,0.0540540540541,37,0.204954954955,1.74686644692,14.7567567568,12.4090909091,7.8,4.0235791516,0.272660125658,0.140679140679,7.34979724343,0.996126366326,0.526086526087,6.46937808857,0.876802158524,0.476388476388,0.666242718437,0.381393047884,2,1.74686644692,0.666242718437,2,0.239852533375,0.243020937188,325,0.0418275418275,0.402776321635,37,37,37,1,0,0.405405405405,0.540540540541,0.0540540540541,37,328,0.246246246246,1.71954097692,17.7297297297,14.9090909091,9.37142857143,4.81114821505,0.271360493836,0.133075148319,8.90119268588,1.00409795542,0.532630191167,8.13484330984,0.917650007513,0.484344100198,0.634541944807,0.369018216678,2,1.71954097692,0.634541944807,2,0.297179950861,0.316220365001,618,0.0795366795367,0.568902431981,37,37,37,1,0,0.405405405405,0.540540540541,0.0540540540541,-14,-0.0105105105105,-0.0057478411986,-0.756756756757,-0.636363636364,-0.4,-0.556561940347,-0.0189980964406,-0.00956749432359,-0.607298856491,-0.024598497995,-0.0118616691146,0.0815299634074,0.0463851133078,0.0225138488938,-0.0060576255189,-0.00228168603929,0,-0.0057478411986,-0.0060576255189,0,-0.0468914433859,-0.0603486726561,-192,-0.0247104247104,-0.000674396369013,0,0,0,327,1,15,989,0.956140350877,0.99898989899,0.0010101010101,0.0438596491228,0.996951219512,0.956140350877,0.976119402985,0.968477358097,0.955130249867,0.953352769679,55,69,0,0,0,0
3157,WLNM_dir_neg,0.97243226213,0.659181007205,00:00:05,10,80,1,1240364536,threshold_sweep,0.7,0.981818181818,0.782608695652,0.870967741935,54,1,15,137,0.782608695652,0.992753623188,0.00724637681159,0.217391304348,0.981818181818,0.782608695652,0.870967741935,0.92270531401,0.578099838969,0.81679389313,0.82749550079,0.775362318841,342,273,69,0,342,0,273,0,69,37,342,0.256756756757,1.72528881811,18.4864864865,15.5454545455,9.77142857143,5.36771015539,0.290358590277,0.142642642643,9.50849154237,1.02869645341,0.544491860281,8.05331334643,0.871264894205,0.461830251304,0.640599570326,0.371299902718,2,1.72528881811,0.640599570326,2,0.344071394247,0.376569037657,810,0.104247104247,0.56957682835,37,37,37,1,0,0.405405405405,0.540540540541,0.0540540540541,37,0.204954954955,1.74686644692,14.7567567568,12.4090909091,7.8,4.0235791516,0.272660125658,0.140679140679,7.34979724343,0.996126366326,0.526086526087,6.46937808857,0.876802158524,0.476388476388,0.666242718437,0.381393047884,2,1.74686644692,0.666242718437,2,0.239852533375,0.243020937188,325,0.0418275418275,0.402776321635,37,37,37,1,0,0.405405405405,0.540540540541,0.0540540540541,37,328,0.246246246246,1.71954097692,17.7297297297,14.9090909091,9.37142857143,4.81114821505,0.271360493836,0.133075148319,8.90119268588,1.00409795542,0.532630191167,8.13484330984,0.917650007513,0.484344100198,0.634541944807,0.369018216678,2,1.71954097692,0.634541944807,2,0.297179950861,0.316220365001,618,0.0795366795367,0.568902431981,37,37,37,1,0,0.405405405405,0.540540540541,0.0540540540541,-14,-0.0105105105105,-0.0057478411986,-0.756756756757,-0.636363636364,-0.4,-0.556561940347,-0.0189980964406,-0.00956749432359,-0.607298856491,-0.024598497995,-0.0118616691146,0.0815299634074,0.0463851133078,0.0225138488938,-0.0060576255189,-0.00228168603929,0,-0.0057478411986,-0.0060576255189,0,-0.0468914433859,-0.0603486726561,-192,-0.0247104247104,-0.000674396369013,0,0,0,327,1,15,989,0.956140350877,0.99898989899,0.0010101010101,0.0438596491228,0.996951219512,0.956140350877,0.976119402985,0.968477358097,0.955130249867,0.953352769679,55,69,0,0,0,0
3158,WLNM_dir_neg,0.97243226213,0.659181007205,00:00:05,10,80,1,1240364536,threshold_sweep,0.8,0.981818181818,0.782608695652,0.870967741935,54,1,15,137,0.782608695652,0.992753623188,0.00724637681159,0.217391304348,0.981818181818,0.782608695652,0.870967741935,0.92270531401,0.578099838969,0.81679389313,0.82749550079,0.775362318841,342,273,69,0,342,0,273,0,69,37,342,0.256756756757,1.72528881811,18.4864864865,15.5454545455,9.77142857143,5.36771015539,0.290358590277,0.142642642643,9.50849154237,1.02869645341,0.544491860281,8.05331334643,0.871264894205,0.461830251304,0.640599570326,0.371299902718,2,1.72528881811,0.640599570326,2,0.344071394247,0.376569037657,810,0.104247104247,0.56957682835,37,37,37,1,0,0.405405405405,0.540540540541,0.0540540540541,37,0.204954954955,1.74686644692,14.7567567568,12.4090909091,7.8,4.0235791516,0.272660125658,0.140679140679,7.34979724343,0.996126366326,0.526086526087,6.46937808857,0.876802158524,0.476388476388,0.666242718437,0.381393047884,2,1.74686644692,0.666242718437,2,0.239852533375,0.243020937188,325,0.0418275418275,0.402776321635,37,37,37,1,0,0.405405405405,0.540540540541,0.0540540540541,37,328,0.246246246246,1.71954097692,17.7297297297,14.9090909091,9.37142857143,4.81114821505,0.271360493836,0.133075148319,8.90119268588,1.00409795542,0.532630191167,8.13484330984,0.917650007513,0.484344100198,0.634541944807,0.369018216678,2,1.71954097692,0.634541944807,2,0.297179950861,0.316220365001,618,0.0795366795367,0.568902431981,37,37,37,1,0,0.405405405405,0.540540540541,0.0540540540541,-14,-0.0105105105105,-0.0057478411986,-0.756756756757,-0.636363636364,-0.4,-0.556561940347,-0.0189980964406,-0.00956749432359,-0.607298856491,-0.024598497995,-0.0118616691146,0.0815299634074,0.0463851133078,0.0225138488938,-0.0060576255189,-0.00228168603929,0,-0.0057478411986,-0.0060576255189,0,-0.0468914433859,-0.0603486726561,-192,-0.0247104247104,-0.000674396369013,0,0,0,327,1,15,989,0.956140350877,0.99898989899,0.0010101010101,0.0438596491228,0.996951219512,0.956140350877,0.976119402985,0.968477358097,0.955130249867,0.953352769679,55,69,0,0,0,0
3159,WLNM_dir_neg,0.97243226213,0.659181007205,00:00:05,10,80,1,1240364536,threshold_sweep,0.9,0.981818181818,0.782608695652,0.870967741935,54,1,15,137,0.782608695652,0.992753623188,0.00724637681159,0.217391304348,0.981818181818,0.782608695652,0.870967741935,0.92270531401,0.578099838969,0.81679389313,0.82749550079,0.775362318841,342,273,69,0,342,0,273,0,69,37,342,0.256756756757,1.72528881811,18.4864864865,15.5454545455,9.77142857143,5.36771015539,0.290358590277,0.142642642643,9.50849154237,1.02869645341,0.544491860281,8.05331334643,0.871264894205,0.461830251304,0.640599570326,0.371299902718,2,1.72528881811,0.640599570326,2,0.344071394247,0.376569037657,810,0.104247104247,0.56957682835,37,37,37,1,0,0.405405405405,0.540540540541,0.0540540540541,37,0.204954954955,1.74686644692,14.7567567568,12.4090909091,7.8,4.0235791516,0.272660125658,0.140679140679,7.34979724343,0.996126366326,0.526086526087,6.46937808857,0.876802158524,0.476388476388,0.666242718437,0.381393047884,2,1.74686644692,0.666242718437,2,0.239852533375,0.243020937188,325,0.0418275418275,0.402776321635,37,37,37,1,0,0.405405405405,0.540540540541,0.0540540540541,37,328,0.246246246246,1.71954097692,17.7297297297,14.9090909091,9.37142857143,4.81114821505,0.271360493836,0.133075148319,8.90119268588,1.00409795542,0.532630191167,8.13484330984,0.917650007513,0.484344100198,0.634541944807,0.369018216678,2,1.71954097692,0.634541944807,2,0.297179950861,0.316220365001,618,0.0795366795367,0.568902431981,37,37,37,1,0,0.405405405405,0.540540540541,0.0540540540541,-14,-0.0105105105105,-0.0057478411986,-0.756756756757,-0.636363636364,-0.4,-0.556561940347,-0.0189980964406,-0.00956749432359,-0.607298856491,-0.024598497995,-0.0118616691146,0.0815299634074,0.0463851133078,0.0225138488938,-0.0060576255189,-0.00228168603929,0,-0.0057478411986,-0.0060576255189,0,-0.0468914433859,-0.0603486726561,-192,-0.0247104247104,-0.000674396369013,0,0,0,327,1,15,989,0.956140350877,0.99898989899,0.0010101010101,0.0438596491228,0.996951219512,0.956140350877,0.976119402985,0.968477358097,0.955130249867,0.953352769679,55,69,0,0,0,0
3160,WLNM_dir_neg,0.984141986978,0.944685380081,00:00:05,10,80,2,1240364537,threshold_sweep,0.1,0.966101694915,0.826086956522,0.890625,57,2,12,136,0.826086956522,0.985507246377,0.0144927536232,0.173913043478,0.966101694915,0.826086956522,0.890625,0.932367149758,0.571658615137,0.842105263158,0.84751259556,0.811594202899,342,273,69,0,342,0,273,0,69,37,342,0.256756756757,1.72528881811,18.4864864865,15.5454545455,9.77142857143,5.36771015539,0.290358590277,0.142642642643,9.50849154237,1.02869645341,0.544491860281,8.05331334643,0.871264894205,0.461830251304,0.640599570326,0.371299902718,2,1.72528881811,0.640599570326,2,0.344071394247,0.376569037657,810,0.104247104247,0.56957682835,37,37,37,1,0,0.405405405405,0.540540540541,0.0540540540541,37,0.204954954955,1.74764872266,14.7567567568,12.4090909091,7.8,4.23874591913,0.287241023824,0.146025146025,7.32329370097,0.99253431112,0.524898524899,6.53346662854,0.88548815112,0.47817047817,0.666978677339,0.381643443954,2,1.74764872266,0.666978677339,2,0.232439902719,0.246351719021,332,0.0427284427284,0.408123712959,37,37,37,1,0,0.405405405405,0.540540540541,0.0540540540541,37,332,0.249249249249,1.71143133695,17.9459459459,15.0909090909,9.22222222222,4.88731888523,0.272335540291,0.13456528818,8.94267697457,0.996623638732,0.530446108759,8.23436729839,0.91768551217,0.480950830348,0.622601629853,0.363790013898,1.8674858813,1.71143133695,0.622601629853,1.8674858813,0.306642366442,0.322629202208,643,0.0827541827542,0.582383666431,37,37,37,1,0,0.405405405405,0.567567567568,0.027027027027,-10,-0.00750750750751,-0.0138574811699,-0.540540540541,-0.454545454545,-0.549206349206,-0.480391270167,-0.0180230499859,-0.0080773544629,-0.565814567807,-0.0320728146828,-0.014045751522,0.181053951956,0.0464206179652,0.0191205790445,-0.0179979404735,-0.00750988881984,-0.132514118698,-0.0138574811699,-0.0179979404735,-0.132514118698,-0.0374290278056,-0.0539398354492,-167,-0.0214929214929,0.0128068380813,0,0.027027027027,-0.027027027027,330,2,12,988,0.964912280702,0.99797979798,0.0020202020202,0.0350877192982,0.993975903614,0.964912280702,0.979228486647,0.972387175484,0.962892078682,0.959302325581,59,69,0,0,0,0
3161,WLNM_dir_neg,0.984141986978,0.944685380081,00:00:05,10,80,2,1240364537,threshold_sweep,0.2,0.98275862069,0.826086956522,0.897637795276,57,1,12,137,0.826086956522,0.992753623188,0.00724637681159,0.173913043478,0.98275862069,0.826086956522,0.897637795276,0.937198067633,0.573268921095,0.852830188679,0.859520649173,0.81884057971,342,273,69,0,342,0,273,0,69,37,342,0.256756756757,1.72528881811,18.4864864865,15.5454545455,9.77142857143,5.36771015539,0.290358590277,0.142642642643,9.50849154237,1.02869645341,0.544491860281,8.05331334643,0.871264894205,0.461830251304,0.640599570326,0.371299902718,2,1.72528881811,0.640599570326,2,0.344071394247,0.376569037657,810,0.104247104247,0.56957682835,37,37,37,1,0,0.405405405405,0.540540540541,0.0540540540541,37,0.204954954955,1.74764872266,14.7567567568,12.4090909091,7.8,4.23874591913,0.287241023824,0.146025146025,7.32329370097,0.99253431112,0.524898524899,6.53346662854,0.88548815112,0.47817047817,0.666978677339,0.381643443954,2,1.74764872266,0.666978677339,2,0.232439902719,0.246351719021,332,0.0427284427284,0.408123712959,37,37,37,1,0,0.405405405405,0.540540540541,0.0540540540541,37,331,0.248498498498,1.72539855944,17.8918918919,15.0454545455,9.19444444444,4.94853392309,0.276579690566,0.135625051033,8.96271891394,1.00187492391,0.532211970278,8.1987327813,0.916474661354,0.479464358618,0.650804534495,0.377190841464,2.30914162006,1.72539855944,0.650804534495,2.30914162006,0.30012905304,0.322364002686,640,0.0823680823681,0.578241060345,37,37,37,1,0,0.405405405405,0.567567567568,0.027027027027,-11,-0.00825825825826,0.000109741323999,-0.594594594595,-0.5,-0.576984126984,-0.419176232302,-0.0137788997116,-0.00701759160974,-0.545772628433,-0.0268215294999,-0.0122798900029,0.145419434869,0.0452097671493,0.0176341073145,0.0102049641692,0.00589093874612,0.309141620065,0.000109741323999,0.0102049641692,0.309141620065,-0.0439423412075,-0.0542050349705,-170,-0.021879021879,0.00866423199553,0,0.027027027027,-0.027027027027,330,1,12,989,0.964912280702,0.99898989899,0.0010101010101,0.0350877192982,0.996978851964,0.964912280702,0.980683506686,0.974389458907,0.963902179692,0.962099125364,58,69,0,0,0,0
3162,WLNM_dir_neg,0.984141986978,0.944685380081,00:00:05,10,80,2,1240364537,threshold_sweep,0.3,0.98275862069,0.826086956522,0.897637795276,57,1,12,137,0.826086956522,0.992753623188,0.00724637681159,0.173913043478,0.98275862069,0.826086956522,0.897637795276,0.937198067633,0.573268921095,0.852830188679,0.859520649173,0.81884057971,342,273,69,0,342,0,273,0,69,37,342,0.256756756757,1.72528881811,18.4864864865,15.5454545455,9.77142857143,5.36771015539,0.290358590277,0.142642642643,9.50849154237,1.02869645341,0.544491860281,8.05331334643,0.871264894205,0.461830251304,0.640599570326,0.371299902718,2,1.72528881811,0.640599570326,2,0.344071394247,0.376569037657,810,0.104247104247,0.56957682835,37,37,37,1,0,0.405405405405,0.540540540541,0.0540540540541,37,0.204954954955,1.74764872266,14.7567567568,12.4090909091,7.8,4.23874591913,0.287241023824,0.146025146025,7.32329370097,0.99253431112,0.524898524899,6.53346662854,0.88548815112,0.47817047817,0.666978677339,0.381643443954,2,1.74764872266,0.666978677339,2,0.232439902719,0.246351719021,332,0.0427284427284,0.408123712959,37,37,37,1,0,0.405405405405,0.540540540541,0.0540540540541,37,331,0.248498498498,1.72539855944,17.8918918919,15.0454545455,9.19444444444,4.94853392309,0.276579690566,0.135625051033,8.96271891394,1.00187492391,0.532211970278,8.1987327813,0.916474661354,0.479464358618,0.650804534495,0.377190841464,2.30914162006,1.72539855944,0.650804534495,2.30914162006,0.30012905304,0.322364002686,640,0.0823680823681,0.578241060345,37,37,37,1,0,0.405405405405,0.567567567568,0.027027027027,-11,-0.00825825825826,0.000109741323999,-0.594594594595,-0.5,-0.576984126984,-0.419176232302,-0.0137788997116,-0.00701759160974,-0.545772628433,-0.0268215294999,-0.0122798900029,0.145419434869,0.0452097671493,0.0176341073145,0.0102049641692,0.00589093874612,0.309141620065,0.000109741323999,0.0102049641692,0.309141620065,-0.0439423412075,-0.0542050349705,-170,-0.021879021879,0.00866423199553,0,0.027027027027,-0.027027027027,330,1,12,989,0.964912280702,0.99898989899,0.0010101010101,0.0350877192982,0.996978851964,0.964912280702,0.980683506686,0.974389458907,0.963902179692,0.962099125364,58,69,0,0,0,0
3163,WLNM_dir_neg,0.984141986978,0.944685380081,00:00:05,10,80,2,1240364537,threshold_sweep,0.4,0.98275862069,0.826086956522,0.897637795276,57,1,12,137,0.826086956522,0.992753623188,0.00724637681159,0.173913043478,0.98275862069,0.826086956522,0.897637795276,0.937198067633,0.573268921095,0.852830188679,0.859520649173,0.81884057971,342,273,69,0,342,0,273,0,69,37,342,0.256756756757,1.72528881811,18.4864864865,15.5454545455,9.77142857143,5.36771015539,0.290358590277,0.142642642643,9.50849154237,1.02869645341,0.544491860281,8.05331334643,0.871264894205,0.461830251304,0.640599570326,0.371299902718,2,1.72528881811,0.640599570326,2,0.344071394247,0.376569037657,810,0.104247104247,0.56957682835,37,37,37,1,0,0.405405405405,0.540540540541,0.0540540540541,37,0.204954954955,1.74764872266,14.7567567568,12.4090909091,7.8,4.23874591913,0.287241023824,0.146025146025,7.32329370097,0.99253431112,0.524898524899,6.53346662854,0.88548815112,0.47817047817,0.666978677339,0.381643443954,2,1.74764872266,0.666978677339,2,0.232439902719,0.246351719021,332,0.0427284427284,0.408123712959,37,37,37,1,0,0.405405405405,0.540540540541,0.0540540540541,37,331,0.248498498498,1.72539855944,17.8918918919,15.0454545455,9.19444444444,4.94853392309,0.276579690566,0.135625051033,8.96271891394,1.00187492391,0.532211970278,8.1987327813,0.916474661354,0.479464358618,0.650804534495,0.377190841464,2.30914162006,1.72539855944,0.650804534495,2.30914162006,0.30012905304,0.322364002686,640,0.0823680823681,0.578241060345,37,37,37,1,0,0.405405405405,0.567567567568,0.027027027027,-11,-0.00825825825826,0.000109741323999,-0.594594594595,-0.5,-0.576984126984,-0.419176232302,-0.0137788997116,-0.00701759160974,-0.545772628433,-0.0268215294999,-0.0122798900029,0.145419434869,0.0452097671493,0.0176341073145,0.0102049641692,0.00589093874612,0.309141620065,0.000109741323999,0.0102049641692,0.309141620065,-0.0439423412075,-0.0542050349705,-170,-0.021879021879,0.00866423199553,0,0.027027027027,-0.027027027027,330,1,12,989,0.964912280702,0.99898989899,0.0010101010101,0.0350877192982,0.996978851964,0.964912280702,0.980683506686,0.974389458907,0.963902179692,0.962099125364,58,69,0,0,0,0
3164,WLNM_dir_neg,0.984141986978,0.944685380081,00:00:05,10,80,2,1240364537,threshold_sweep,0.5,0.98275862069,0.826086956522,0.897637795276,57,1,12,137,0.826086956522,0.992753623188,0.00724637681159,0.173913043478,0.98275862069,0.826086956522,0.897637795276,0.937198067633,0.573268921095,0.852830188679,0.859520649173,0.81884057971,342,273,69,0,342,0,273,0,69,37,342,0.256756756757,1.72528881811,18.4864864865,15.5454545455,9.77142857143,5.36771015539,0.290358590277,0.142642642643,9.50849154237,1.02869645341,0.544491860281,8.05331334643,0.871264894205,0.461830251304,0.640599570326,0.371299902718,2,1.72528881811,0.640599570326,2,0.344071394247,0.376569037657,810,0.104247104247,0.56957682835,37,37,37,1,0,0.405405405405,0.540540540541,0.0540540540541,37,0.204954954955,1.74764872266,14.7567567568,12.4090909091,7.8,4.23874591913,0.287241023824,0.146025146025,7.32329370097,0.99253431112,0.524898524899,6.53346662854,0.88548815112,0.47817047817,0.666978677339,0.381643443954,2,1.74764872266,0.666978677339,2,0.232439902719,0.246351719021,332,0.0427284427284,0.408123712959,37,37,37,1,0,0.405405405405,0.540540540541,0.0540540540541,37,331,0.248498498498,1.72539855944,17.8918918919,15.0454545455,9.19444444444,4.94853392309,0.276579690566,0.135625051033,8.96271891394,1.00187492391,0.532211970278,8.1987327813,0.916474661354,0.479464358618,0.650804534495,0.377190841464,2.30914162006,1.72539855944,0.650804534495,2.30914162006,0.30012905304,0.322364002686,640,0.0823680823681,0.578241060345,37,37,37,1,0,0.405405405405,0.567567567568,0.027027027027,-11,-0.00825825825826,0.000109741323999,-0.594594594595,-0.5,-0.576984126984,-0.419176232302,-0.0137788997116,-0.00701759160974,-0.545772628433,-0.0268215294999,-0.0122798900029,0.145419434869,0.0452097671493,0.0176341073145,0.0102049641692,0.00589093874612,0.309141620065,0.000109741323999,0.0102049641692,0.309141620065,-0.0439423412075,-0.0542050349705,-170,-0.021879021879,0.00866423199553,0,0.027027027027,-0.027027027027,330,1,12,989,0.964912280702,0.99898989899,0.0010101010101,0.0350877192982,0.996978851964,0.964912280702,0.980683506686,0.974389458907,0.963902179692,0.962099125364,58,69,0,0,0,0
3165,WLNM_dir_neg,0.984141986978,0.944685380081,00:00:05,10,80,2,1240364537,threshold_sweep,0.6,0.98275862069,0.826086956522,0.897637795276,57,1,12,137,0.826086956522,0.992753623188,0.00724637681159,0.173913043478,0.98275862069,0.826086956522,0.897637795276,0.937198067633,0.573268921095,0.852830188679,0.859520649173,0.81884057971,342,273,69,0,342,0,273,0,69,37,342,0.256756756757,1.72528881811,18.4864864865,15.5454545455,9.77142857143,5.36771015539,0.290358590277,0.142642642643,9.50849154237,1.02869645341,0.544491860281,8.05331334643,0.871264894205,0.461830251304,0.640599570326,0.371299902718,2,1.72528881811,0.640599570326,2,0.344071394247,0.376569037657,810,0.104247104247,0.56957682835,37,37,37,1,0,0.405405405405,0.540540540541,0.0540540540541,37,0.204954954955,1.74764872266,14.7567567568,12.4090909091,7.8,4.23874591913,0.287241023824,0.146025146025,7.32329370097,0.99253431112,0.524898524899,6.53346662854,0.88548815112,0.47817047817,0.666978677339,0.381643443954,2,1.74764872266,0.666978677339,2,0.232439902719,0.246351719021,332,0.0427284427284,0.408123712959,37,37,37,1,0,0.405405405405,0.540540540541,0.0540540540541,37,331,0.248498498498,1.72539855944,17.8918918919,15.0454545455,9.19444444444,4.94853392309,0.276579690566,0.135625051033,8.96271891394,1.00187492391,0.532211970278,8.1987327813,0.916474661354,0.479464358618,0.650804534495,0.377190841464,2.30914162006,1.72539855944,0.650804534495,2.30914162006,0.30012905304,0.322364002686,640,0.0823680823681,0.578241060345,37,37,37,1,0,0.405405405405,0.567567567568,0.027027027027,-11,-0.00825825825826,0.000109741323999,-0.594594594595,-0.5,-0.576984126984,-0.419176232302,-0.0137788997116,-0.00701759160974,-0.545772628433,-0.0268215294999,-0.0122798900029,0.145419434869,0.0452097671493,0.0176341073145,0.0102049641692,0.00589093874612,0.309141620065,0.000109741323999,0.0102049641692,0.309141620065,-0.0439423412075,-0.0542050349705,-170,-0.021879021879,0.00866423199553,0,0.027027027027,-0.027027027027,330,1,12,989,0.964912280702,0.99898989899,0.0010101010101,0.0350877192982,0.996978851964,0.964912280702,0.980683506686,0.974389458907,0.963902179692,0.962099125364,58,69,0,0,0,0
3166,WLNM_dir_neg,0.984141986978,0.944685380081,00:00:05,10,80,2,1240364537,threshold_sweep,0.7,1,0.826086956522,0.904761904762,57,0,12,138,0.826086956522,1,0,0.173913043478,1,0.826086956522,0.904761904762,0.942028985507,0.574879227053,0.863636363636,0.871779788708,0.826086956522,342,273,69,0,342,0,273,0,69,37,342,0.256756756757,1.72528881811,18.4864864865,15.5454545455,9.77142857143,5.36771015539,0.290358590277,0.142642642643,9.50849154237,1.02869645341,0.544491860281,8.05331334643,0.871264894205,0.461830251304,0.640599570326,0.371299902718,2,1.72528881811,0.640599570326,2,0.344071394247,0.376569037657,810,0.104247104247,0.56957682835,37,37,37,1,0,0.405405405405,0.540540540541,0.0540540540541,37,0.204954954955,1.74764872266,14.7567567568,12.4090909091,7.8,4.23874591913,0.287241023824,0.146025146025,7.32329370097,0.99253431112,0.524898524899,6.53346662854,0.88548815112,0.47817047817,0.666978677339,0.381643443954,2,1.74764872266,0.666978677339,2,0.232439902719,0.246351719021,332,0.0427284427284,0.408123712959,37,37,37,1,0,0.405405405405,0.540540540541,0.0540540540541,37,330,0.247747747748,1.71562205387,17.8378378378,15,9.42857142857,4.96383315993,0.27827549533,0.135954135954,8.98572441394,1.00749031308,0.534152334152,8.22725274242,0.922449549908,0.483701883702,0.630319302607,0.367399860118,2,1.71562205387,0.630319302607,2,0.30012905304,0.322364002686,640,0.0823680823681,0.579051925184,37,37,37,1,0,0.405405405405,0.540540540541,0.0540540540541,-12,-0.00900900900901,-0.00966676424492,-0.648648648649,-0.545454545455,-0.342857142857,-0.403876995461,-0.0120830949476,-0.00668850668851,-0.522767128437,-0.0212061403369,-0.010339526129,0.173939395988,0.051184655703,0.0218716323979,-0.0102802677192,-0.0039000425999,0,-0.00966676424492,-0.0102802677192,0,-0.0439423412075,-0.0542050349705,-170,-0.021879021879,0.00947509683459,0,0,0,330,0,12,990,0.964912280702,1,0,0.0350877192982,1,0.964912280702,0.982142857143,0.976399736279,0.964912280702,0.964912280702,57,69,0,0,0,0
3167,WLNM_dir_neg,0.984141986978,0.944685380081,00:00:05,10,80,2,1240364537,threshold_sweep,0.8,1,0.826086956522,0.904761904762,57,0,12,138,0.826086956522,1,0,0.173913043478,1,0.826086956522,0.904761904762,0.942028985507,0.574879227053,0.863636363636,0.871779788708,0.826086956522,342,273,69,0,342,0,273,0,69,37,342,0.256756756757,1.72528881811,18.4864864865,15.5454545455,9.77142857143,5.36771015539,0.290358590277,0.142642642643,9.50849154237,1.02869645341,0.544491860281,8.05331334643,0.871264894205,0.461830251304,0.640599570326,0.371299902718,2,1.72528881811,0.640599570326,2,0.344071394247,0.376569037657,810,0.104247104247,0.56957682835,37,37,37,1,0,0.405405405405,0.540540540541,0.0540540540541,37,0.204954954955,1.74764872266,14.7567567568,12.4090909091,7.8,4.23874591913,0.287241023824,0.146025146025,7.32329370097,0.99253431112,0.524898524899,6.53346662854,0.88548815112,0.47817047817,0.666978677339,0.381643443954,2,1.74764872266,0.666978677339,2,0.232439902719,0.246351719021,332,0.0427284427284,0.408123712959,37,37,37,1,0,0.405405405405,0.540540540541,0.0540540540541,37,330,0.247747747748,1.71562205387,17.8378378378,15,9.42857142857,4.96383315993,0.27827549533,0.135954135954,8.98572441394,1.00749031308,0.534152334152,8.22725274242,0.922449549908,0.483701883702,0.630319302607,0.367399860118,2,1.71562205387,0.630319302607,2,0.30012905304,0.322364002686,640,0.0823680823681,0.579051925184,37,37,37,1,0,0.405405405405,0.540540540541,0.0540540540541,-12,-0.00900900900901,-0.00966676424492,-0.648648648649,-0.545454545455,-0.342857142857,-0.403876995461,-0.0120830949476,-0.00668850668851,-0.522767128437,-0.0212061403369,-0.010339526129,0.173939395988,0.051184655703,0.0218716323979,-0.0102802677192,-0.0039000425999,0,-0.00966676424492,-0.0102802677192,0,-0.0439423412075,-0.0542050349705,-170,-0.021879021879,0.00947509683459,0,0,0,330,0,12,990,0.964912280702,1,0,0.0350877192982,1,0.964912280702,0.982142857143,0.976399736279,0.964912280702,0.964912280702,57,69,0,0,0,0
3168,WLNM_dir_neg,0.984141986978,0.944685380081,00:00:05,10,80,2,1240364537,threshold_sweep,0.9,1,0.826086956522,0.904761904762,57,0,12,138,0.826086956522,1,0,0.173913043478,1,0.826086956522,0.904761904762,0.942028985507,0.574879227053,0.863636363636,0.871779788708,0.826086956522,342,273,69,0,342,0,273,0,69,37,342,0.256756756757,1.72528881811,18.4864864865,15.5454545455,9.77142857143,5.36771015539,0.290358590277,0.142642642643,9.50849154237,1.02869645341,0.544491860281,8.05331334643,0.871264894205,0.461830251304,0.640599570326,0.371299902718,2,1.72528881811,0.640599570326,2,0.344071394247,0.376569037657,810,0.104247104247,0.56957682835,37,37,37,1,0,0.405405405405,0.540540540541,0.0540540540541,37,0.204954954955,1.74764872266,14.7567567568,12.4090909091,7.8,4.23874591913,0.287241023824,0.146025146025,7.32329370097,0.99253431112,0.524898524899,6.53346662854,0.88548815112,0.47817047817,0.666978677339,0.381643443954,2,1.74764872266,0.666978677339,2,0.232439902719,0.246351719021,332,0.0427284427284,0.408123712959,37,37,37,1,0,0.405405405405,0.540540540541,0.0540540540541,37,330,0.247747747748,1.71562205387,17.8378378378,15,9.42857142857,4.96383315993,0.27827549533,0.135954135954,8.98572441394,1.00749031308,0.534152334152,8.22725274242,0.922449549908,0.483701883702,0.630319302607,0.367399860118,2,1.71562205387,0.630319302607,2,0.30012905304,0.322364002686,640,0.0823680823681,0.579051925184,37,37,37,1,0,0.405405405405,0.540540540541,0.0540540540541,-12,-0.00900900900901,-0.00966676424492,-0.648648648649,-0.545454545455,-0.342857142857,-0.403876995461,-0.0120830949476,-0.00668850668851,-0.522767128437,-0.0212061403369,-0.010339526129,0.173939395988,0.051184655703,0.0218716323979,-0.0102802677192,-0.0039000425999,0,-0.00966676424492,-0.0102802677192,0,-0.0439423412075,-0.0542050349705,-170,-0.021879021879,0.00947509683459,0,0,0,330,0,12,990,0.964912280702,1,0,0.0350877192982,1,0.964912280702,0.982142857143,0.976399736279,0.964912280702,0.964912280702,57,69,0,0,0,0
3169,WLNM_dir_neg,0.968283973955,0.928963591411,00:00:05,10,80,3,1240364538,threshold_sweep,0.1,0.983333333333,0.855072463768,0.914728682171,59,1,10,137,0.855072463768,0.992753623188,0.00724637681159,0.144927536232,0.983333333333,0.855072463768,0.914728682171,0.946859903382,0.570048309179,0.876404494382,0.880920205333,0.847826086957,342,273,69,0,342,0,273,0,69,37,342,0.256756756757,1.72528881811,18.4864864865,15.5454545455,9.77142857143,5.36771015539,0.290358590277,0.142642642643,9.50849154237,1.02869645341,0.544491860281,8.05331334643,0.871264894205,0.461830251304,0.640599570326,0.371299902718,2,1.72528881811,0.640599570326,2,0.344071394247,0.376569037657,810,0.104247104247,0.56957682835,37,37,37,1,0,0.405405405405,0.540540540541,0.0540540540541,37,0.204954954955,1.74581320416,14.7567567568,12.4090909091,7.8,4.20585177927,0.28501193376,0.142263142263,7.49944942924,1.016408897,0.535986535987,6.47367039695,0.877383899954,0.47124047124,0.660801214864,0.378506253298,2,1.74581320416,0.660801214864,2,0.260844620102,0.252412769117,340,0.043758043758,0.400136279849,37,37,37,1,0,0.405405405405,0.540540540541,0.0540540540541,37,333,0.25,2.07946826663,18,14.4782608696,9.51428571429,4.91596040125,0.273108911181,0.129697264832,9.05845216113,1.00649468457,0.532748965181,8.20230319958,0.911367022175,0.477071666261,1.15617164225,0.555993885936,4.56361206721,2.07946826663,1.15617164225,4.56361206721,0.303763411673,0.318737607403,643,0.0827541827542,0.529881227697,37,37,37,1,0,0.378378378378,0.567567567568,0.0540540540541,-9,-0.00675675675676,0.354179448516,-0.486486486486,-1.06719367589,-0.257142857143,-0.451749754142,-0.0172496790965,-0.0129453778102,-0.450039381241,-0.0222017688443,-0.0117428950999,0.148989853142,0.0401021279703,0.0152414149569,0.515572071919,0.184693983218,2.56361206721,0.354179448516,0.515572071919,2.56361206721,-0.0403079825743,-0.0578314302544,-167,-0.0214929214929,-0.0396956006532,-0.027027027027,0.027027027027,0,332,1,10,989,0.970760233918,0.99898989899,0.0010101010101,0.0292397660819,0.996996996997,0.970760233918,0.983703703704,0.978330599444,0.969750132908,0.967930029155,60,69,0,0,0,0
3170,WLNM_dir_neg,0.968283973955,0.928963591411,00:00:05,10,80,3,1240364538,threshold_sweep,0.2,1,0.855072463768,0.921875,59,0,10,138,0.855072463768,1,0,0.144927536232,1,0.855072463768,0.921875,0.951690821256,0.571658615137,0.887218045113,0.892915056037,0.855072463768,342,273,69,0,342,0,273,0,69,37,342,0.256756756757,1.72528881811,18.4864864865,15.5454545455,9.77142857143,5.36771015539,0.290358590277,0.142642642643,9.50849154237,1.02869645341,0.544491860281,8.05331334643,0.871264894205,0.461830251304,0.640599570326,0.371299902718,2,1.72528881811,0.640599570326,2,0.344071394247,0.376569037657,810,0.104247104247,0.56957682835,37,37,37,1,0,0.405405405405,0.540540540541,0.0540540540541,37,0.204954954955,1.74581320416,14.7567567568,12.4090909091,7.8,4.20585177927,0.28501193376,0.142263142263,7.49944942924,1.016408897,0.535986535987,6.47367039695,0.877383899954,0.47124047124,0.660801214864,0.378506253298,2,1.74581320416,0.660801214864,2,0.260844620102,0.252412769117,340,0.043758043758,0.400136279849,37,37,37,1,0,0.405405405405,0.540540540541,0.0540540540541,37,332,0.249249249249,1.71767464063,17.9459459459,15.0909090909,9.48571428571,4.926943756,0.274543552669,0.130006512537,9.08443872933,1.01242238851,0.535004884402,8.21748301045,0.915803829478,0.478508629111,0.631708033282,0.367769319252,2,1.71767464063,0.631708033282,2,0.301594983006,0.317940199336,638,0.0821106821107,0.579549020014,37,37,37,1,0,0.405405405405,0.540540540541,0.0540540540541,-10,-0.00750750750751,-0.0076141774813,-0.540540540541,-0.454545454545,-0.285714285714,-0.440766399395,-0.0158150376085,-0.012636130106,-0.424052813041,-0.0162740649047,-0.00948697587886,0.164169664015,0.0445389352729,0.0166783778071,-0.00889153704443,-0.00353058346609,0,-0.0076141774813,-0.00889153704443,0,-0.0424764112416,-0.0586288383214,-172,-0.0221364221364,0.00997219166371,0,0,0,332,0,10,990,0.970760233918,1,0,0.0292397660819,1,0.970760233918,0.985163204748,0.980332918747,0.970760233918,0.970760233918,59,69,0,0,0,0
3171,WLNM_dir_neg,0.968283973955,0.928963591411,00:00:05,10,80,3,1240364538,threshold_sweep,0.3,1,0.855072463768,0.921875,59,0,10,138,0.855072463768,1,0,0.144927536232,1,0.855072463768,0.921875,0.951690821256,0.571658615137,0.887218045113,0.892915056037,0.855072463768,342,273,69,0,342,0,273,0,69,37,342,0.256756756757,1.72528881811,18.4864864865,15.5454545455,9.77142857143,5.36771015539,0.290358590277,0.142642642643,9.50849154237,1.02869645341,0.544491860281,8.05331334643,0.871264894205,0.461830251304,0.640599570326,0.371299902718,2,1.72528881811,0.640599570326,2,0.344071394247,0.376569037657,810,0.104247104247,0.56957682835,37,37,37,1,0,0.405405405405,0.540540540541,0.0540540540541,37,0.204954954955,1.74581320416,14.7567567568,12.4090909091,7.8,4.20585177927,0.28501193376,0.142263142263,7.49944942924,1.016408897,0.535986535987,6.47367039695,0.877383899954,0.47124047124,0.660801214864,0.378506253298,2,1.74581320416,0.660801214864,2,0.260844620102,0.252412769117,340,0.043758043758,0.400136279849,37,37,37,1,0,0.405405405405,0.540540540541,0.0540540540541,37,332,0.249249249249,1.71767464063,17.9459459459,15.0909090909,9.48571428571,4.926943756,0.274543552669,0.130006512537,9.08443872933,1.01242238851,0.535004884402,8.21748301045,0.915803829478,0.478508629111,0.631708033282,0.367769319252,2,1.71767464063,0.631708033282,2,0.301594983006,0.317940199336,638,0.0821106821107,0.579549020014,37,37,37,1,0,0.405405405405,0.540540540541,0.0540540540541,-10,-0.00750750750751,-0.0076141774813,-0.540540540541,-0.454545454545,-0.285714285714,-0.440766399395,-0.0158150376085,-0.012636130106,-0.424052813041,-0.0162740649047,-0.00948697587886,0.164169664015,0.0445389352729,0.0166783778071,-0.00889153704443,-0.00353058346609,0,-0.0076141774813,-0.00889153704443,0,-0.0424764112416,-0.0586288383214,-172,-0.0221364221364,0.00997219166371,0,0,0,332,0,10,990,0.970760233918,1,0,0.0292397660819,1,0.970760233918,0.985163204748,0.980332918747,0.970760233918,0.970760233918,59,69,0,0,0,0
3172,WLNM_dir_neg,0.968283973955,0.928963591411,00:00:05,10,80,3,1240364538,threshold_sweep,0.4,1,0.855072463768,0.921875,59,0,10,138,0.855072463768,1,0,0.144927536232,1,0.855072463768,0.921875,0.951690821256,0.571658615137,0.887218045113,0.892915056037,0.855072463768,342,273,69,0,342,0,273,0,69,37,342,0.256756756757,1.72528881811,18.4864864865,15.5454545455,9.77142857143,5.36771015539,0.290358590277,0.142642642643,9.50849154237,1.02869645341,0.544491860281,8.05331334643,0.871264894205,0.461830251304,0.640599570326,0.371299902718,2,1.72528881811,0.640599570326,2,0.344071394247,0.376569037657,810,0.104247104247,0.56957682835,37,37,37,1,0,0.405405405405,0.540540540541,0.0540540540541,37,0.204954954955,1.74581320416,14.7567567568,12.4090909091,7.8,4.20585177927,0.28501193376,0.142263142263,7.49944942924,1.016408897,0.535986535987,6.47367039695,0.877383899954,0.47124047124,0.660801214864,0.378506253298,2,1.74581320416,0.660801214864,2,0.260844620102,0.252412769117,340,0.043758043758,0.400136279849,37,37,37,1,0,0.405405405405,0.540540540541,0.0540540540541,37,332,0.249249249249,1.71767464063,17.9459459459,15.0909090909,9.48571428571,4.926943756,0.274543552669,0.130006512537,9.08443872933,1.01242238851,0.535004884402,8.21748301045,0.915803829478,0.478508629111,0.631708033282,0.367769319252,2,1.71767464063,0.631708033282,2,0.301594983006,0.317940199336,638,0.0821106821107,0.579549020014,37,37,37,1,0,0.405405405405,0.540540540541,0.0540540540541,-10,-0.00750750750751,-0.0076141774813,-0.540540540541,-0.454545454545,-0.285714285714,-0.440766399395,-0.0158150376085,-0.012636130106,-0.424052813041,-0.0162740649047,-0.00948697587886,0.164169664015,0.0445389352729,0.0166783778071,-0.00889153704443,-0.00353058346609,0,-0.0076141774813,-0.00889153704443,0,-0.0424764112416,-0.0586288383214,-172,-0.0221364221364,0.00997219166371,0,0,0,332,0,10,990,0.970760233918,1,0,0.0292397660819,1,0.970760233918,0.985163204748,0.980332918747,0.970760233918,0.970760233918,59,69,0,0,0,0
3173,WLNM_dir_neg,0.968283973955,0.928963591411,00:00:05,10,80,3,1240364538,threshold_sweep,0.5,1,0.855072463768,0.921875,59,0,10,138,0.855072463768,1,0,0.144927536232,1,0.855072463768,0.921875,0.951690821256,0.571658615137,0.887218045113,0.892915056037,0.855072463768,342,273,69,0,342,0,273,0,69,37,342,0.256756756757,1.72528881811,18.4864864865,15.5454545455,9.77142857143,5.36771015539,0.290358590277,0.142642642643,9.50849154237,1.02869645341,0.544491860281,8.05331334643,0.871264894205,0.461830251304,0.640599570326,0.371299902718,2,1.72528881811,0.640599570326,2,0.344071394247,0.376569037657,810,0.104247104247,0.56957682835,37,37,37,1,0,0.405405405405,0.540540540541,0.0540540540541,37,0.204954954955,1.74581320416,14.7567567568,12.4090909091,7.8,4.20585177927,0.28501193376,0.142263142263,7.49944942924,1.016408897,0.535986535987,6.47367039695,0.877383899954,0.47124047124,0.660801214864,0.378506253298,2,1.74581320416,0.660801214864,2,0.260844620102,0.252412769117,340,0.043758043758,0.400136279849,37,37,37,1,0,0.405405405405,0.540540540541,0.0540540540541,37,332,0.249249249249,1.71767464063,17.9459459459,15.0909090909,9.48571428571,4.926943756,0.274543552669,0.130006512537,9.08443872933,1.01242238851,0.535004884402,8.21748301045,0.915803829478,0.478508629111,0.631708033282,0.367769319252,2,1.71767464063,0.631708033282,2,0.301594983006,0.317940199336,638,0.0821106821107,0.579549020014,37,37,37,1,0,0.405405405405,0.540540540541,0.0540540540541,-10,-0.00750750750751,-0.0076141774813,-0.540540540541,-0.454545454545,-0.285714285714,-0.440766399395,-0.0158150376085,-0.012636130106,-0.424052813041,-0.0162740649047,-0.00948697587886,0.164169664015,0.0445389352729,0.0166783778071,-0.00889153704443,-0.00353058346609,0,-0.0076141774813,-0.00889153704443,0,-0.0424764112416,-0.0586288383214,-172,-0.0221364221364,0.00997219166371,0,0,0,332,0,10,990,0.970760233918,1,0,0.0292397660819,1,0.970760233918,0.985163204748,0.980332918747,0.970760233918,0.970760233918,59,69,0,0,0,0
3174,WLNM_dir_neg,0.968283973955,0.928963591411,00:00:05,10,80,3,1240364538,threshold_sweep,0.6,1,0.855072463768,0.921875,59,0,10,138,0.855072463768,1,0,0.144927536232,1,0.855072463768,0.921875,0.951690821256,0.571658615137,0.887218045113,0.892915056037,0.855072463768,342,273,69,0,342,0,273,0,69,37,342,0.256756756757,1.72528881811,18.4864864865,15.5454545455,9.77142857143,5.36771015539,0.290358590277,0.142642642643,9.50849154237,1.02869645341,0.544491860281,8.05331334643,0.871264894205,0.461830251304,0.640599570326,0.371299902718,2,1.72528881811,0.640599570326,2,0.344071394247,0.376569037657,810,0.104247104247,0.56957682835,37,37,37,1,0,0.405405405405,0.540540540541,0.0540540540541,37,0.204954954955,1.74581320416,14.7567567568,12.4090909091,7.8,4.20585177927,0.28501193376,0.142263142263,7.49944942924,1.016408897,0.535986535987,6.47367039695,0.877383899954,0.47124047124,0.660801214864,0.378506253298,2,1.74581320416,0.660801214864,2,0.260844620102,0.252412769117,340,0.043758043758,0.400136279849,37,37,37,1,0,0.405405405405,0.540540540541,0.0540540540541,37,332,0.249249249249,1.71767464063,17.9459459459,15.0909090909,9.48571428571,4.926943756,0.274543552669,0.130006512537,9.08443872933,1.01242238851,0.535004884402,8.21748301045,0.915803829478,0.478508629111,0.631708033282,0.367769319252,2,1.71767464063,0.631708033282,2,0.301594983006,0.317940199336,638,0.0821106821107,0.579549020014,37,37,37,1,0,0.405405405405,0.540540540541,0.0540540540541,-10,-0.00750750750751,-0.0076141774813,-0.540540540541,-0.454545454545,-0.285714285714,-0.440766399395,-0.0158150376085,-0.012636130106,-0.424052813041,-0.0162740649047,-0.00948697587886,0.164169664015,0.0445389352729,0.0166783778071,-0.00889153704443,-0.00353058346609,0,-0.0076141774813,-0.00889153704443,0,-0.0424764112416,-0.0586288383214,-172,-0.0221364221364,0.00997219166371,0,0,0,332,0,10,990,0.970760233918,1,0,0.0292397660819,1,0.970760233918,0.985163204748,0.980332918747,0.970760233918,0.970760233918,59,69,0,0,0,0
3175,WLNM_dir_neg,0.968283973955,0.928963591411,00:00:05,10,80,3,1240364538,threshold_sweep,0.7,1,0.855072463768,0.921875,59,0,10,138,0.855072463768,1,0,0.144927536232,1,0.855072463768,0.921875,0.951690821256,0.571658615137,0.887218045113,0.892915056037,0.855072463768,342,273,69,0,342,0,273,0,69,37,342,0.256756756757,1.72528881811,18.4864864865,15.5454545455,9.77142857143,5.36771015539,0.290358590277,0.142642642643,9.50849154237,1.02869645341,0.544491860281,8.05331334643,0.871264894205,0.461830251304,0.640599570326,0.371299902718,2,1.72528881811,0.640599570326,2,0.344071394247,0.376569037657,810,0.104247104247,0.56957682835,37,37,37,1,0,0.405405405405,0.540540540541,0.0540540540541,37,0.204954954955,1.74581320416,14.7567567568,12.4090909091,7.8,4.20585177927,0.28501193376,0.142263142263,7.49944942924,1.016408897,0.535986535987,6.47367039695,0.877383899954,0.47124047124,0.660801214864,0.378506253298,2,1.74581320416,0.660801214864,2,0.260844620102,0.252412769117,340,0.043758043758,0.400136279849,37,37,37,1,0,0.405405405405,0.540540540541,0.0540540540541,37,332,0.249249249249,1.71767464063,17.9459459459,15.0909090909,9.48571428571,4.926943756,0.274543552669,0.130006512537,9.08443872933,1.01242238851,0.535004884402,8.21748301045,0.915803829478,0.478508629111,0.631708033282,0.367769319252,2,1.71767464063,0.631708033282,2,0.301594983006,0.317940199336,638,0.0821106821107,0.579549020014,37,37,37,1,0,0.405405405405,0.540540540541,0.0540540540541,-10,-0.00750750750751,-0.0076141774813,-0.540540540541,-0.454545454545,-0.285714285714,-0.440766399395,-0.0158150376085,-0.012636130106,-0.424052813041,-0.0162740649047,-0.00948697587886,0.164169664015,0.0445389352729,0.0166783778071,-0.00889153704443,-0.00353058346609,0,-0.0076141774813,-0.00889153704443,0,-0.0424764112416,-0.0586288383214,-172,-0.0221364221364,0.00997219166371,0,0,0,332,0,10,990,0.970760233918,1,0,0.0292397660819,1,0.970760233918,0.985163204748,0.980332918747,0.970760233918,0.970760233918,59,69,0,0,0,0
3176,WLNM_dir_neg,0.968283973955,0.928963591411,00:00:05,10,80,3,1240364538,threshold_sweep,0.8,1,0.855072463768,0.921875,59,0,10,138,0.855072463768,1,0,0.144927536232,1,0.855072463768,0.921875,0.951690821256,0.571658615137,0.887218045113,0.892915056037,0.855072463768,342,273,69,0,342,0,273,0,69,37,342,0.256756756757,1.72528881811,18.4864864865,15.5454545455,9.77142857143,5.36771015539,0.290358590277,0.142642642643,9.50849154237,1.02869645341,0.544491860281,8.05331334643,0.871264894205,0.461830251304,0.640599570326,0.371299902718,2,1.72528881811,0.640599570326,2,0.344071394247,0.376569037657,810,0.104247104247,0.56957682835,37,37,37,1,0,0.405405405405,0.540540540541,0.0540540540541,37,0.204954954955,1.74581320416,14.7567567568,12.4090909091,7.8,4.20585177927,0.28501193376,0.142263142263,7.49944942924,1.016408897,0.535986535987,6.47367039695,0.877383899954,0.47124047124,0.660801214864,0.378506253298,2,1.74581320416,0.660801214864,2,0.260844620102,0.252412769117,340,0.043758043758,0.400136279849,37,37,37,1,0,0.405405405405,0.540540540541,0.0540540540541,37,332,0.249249249249,1.71767464063,17.9459459459,15.0909090909,9.48571428571,4.926943756,0.274543552669,0.130006512537,9.08443872933,1.01242238851,0.535004884402,8.21748301045,0.915803829478,0.478508629111,0.631708033282,0.367769319252,2,1.71767464063,0.631708033282,2,0.301594983006,0.317940199336,638,0.0821106821107,0.579549020014,37,37,37,1,0,0.405405405405,0.540540540541,0.0540540540541,-10,-0.00750750750751,-0.0076141774813,-0.540540540541,-0.454545454545,-0.285714285714,-0.440766399395,-0.0158150376085,-0.012636130106,-0.424052813041,-0.0162740649047,-0.00948697587886,0.164169664015,0.0445389352729,0.0166783778071,-0.00889153704443,-0.00353058346609,0,-0.0076141774813,-0.00889153704443,0,-0.0424764112416,-0.0586288383214,-172,-0.0221364221364,0.00997219166371,0,0,0,332,0,10,990,0.970760233918,1,0,0.0292397660819,1,0.970760233918,0.985163204748,0.980332918747,0.970760233918,0.970760233918,59,69,0,0,0,0
3177,WLNM_dir_neg,0.968283973955,0.928963591411,00:00:05,10,80,3,1240364538,threshold_sweep,0.9,1,0.855072463768,0.921875,59,0,10,138,0.855072463768,1,0,0.144927536232,1,0.855072463768,0.921875,0.951690821256,0.571658615137,0.887218045113,0.892915056037,0.855072463768,342,273,69,0,342,0,273,0,69,37,342,0.256756756757,1.72528881811,18.4864864865,15.5454545455,9.77142857143,5.36771015539,0.290358590277,0.142642642643,9.50849154237,1.02869645341,0.544491860281,8.05331334643,0.871264894205,0.461830251304,0.640599570326,0.371299902718,2,1.72528881811,0.640599570326,2,0.344071394247,0.376569037657,810,0.104247104247,0.56957682835,37,37,37,1,0,0.405405405405,0.540540540541,0.0540540540541,37,0.204954954955,1.74581320416,14.7567567568,12.4090909091,7.8,4.20585177927,0.28501193376,0.142263142263,7.49944942924,1.016408897,0.535986535987,6.47367039695,0.877383899954,0.47124047124,0.660801214864,0.378506253298,2,1.74581320416,0.660801214864,2,0.260844620102,0.252412769117,340,0.043758043758,0.400136279849,37,37,37,1,0,0.405405405405,0.540540540541,0.0540540540541,37,332,0.249249249249,1.71767464063,17.9459459459,15.0909090909,9.48571428571,4.926943756,0.274543552669,0.130006512537,9.08443872933,1.01242238851,0.535004884402,8.21748301045,0.915803829478,0.478508629111,0.631708033282,0.367769319252,2,1.71767464063,0.631708033282,2,0.301594983006,0.317940199336,638,0.0821106821107,0.579549020014,37,37,37,1,0,0.405405405405,0.540540540541,0.0540540540541,-10,-0.00750750750751,-0.0076141774813,-0.540540540541,-0.454545454545,-0.285714285714,-0.440766399395,-0.0158150376085,-0.012636130106,-0.424052813041,-0.0162740649047,-0.00948697587886,0.164169664015,0.0445389352729,0.0166783778071,-0.00889153704443,-0.00353058346609,0,-0.0076141774813,-0.00889153704443,0,-0.0424764112416,-0.0586288383214,-172,-0.0221364221364,0.00997219166371,0,0,0,332,0,10,990,0.970760233918,1,0,0.0292397660819,1,0.970760233918,0.985163204748,0.980332918747,0.970760233918,0.970760233918,59,69,0,0,0,0
3178,WLNM_dir_neg,0.964713295526,0.762516688401,00:00:05,10,80,4,1240364539,threshold_sweep,0.1,1,0.739130434783,0.85,51,0,18,138,0.739130434783,1,0,0.260869565217,1,0.739130434783,0.85,0.913043478261,0.584541062802,0.790697674419,0.808607540063,0.739130434783,342,273,69,0,342,0,273,0,69,37,342,0.256756756757,1.72528881811,18.4864864865,15.5454545455,9.77142857143,5.36771015539,0.290358590277,0.142642642643,9.50849154237,1.02869645341,0.544491860281,8.05331334643,0.871264894205,0.461830251304,0.640599570326,0.371299902718,2,1.72528881811,0.640599570326,2,0.344071394247,0.376569037657,810,0.104247104247,0.56957682835,37,37,37,1,0,0.405405405405,0.540540540541,0.0540540540541,37,0.204954954955,1.73680340092,14.7567567568,12.4090909091,7.8,4.09881693911,0.277758657046,0.140283140283,7.53639816473,1.02141660108,0.543906543907,6.70137362101,0.908244776474,0.487872487872,0.650538942275,0.374561071178,2,1.73680340092,0.650538942275,2,0.233922922715,0.230654761905,310,0.039897039897,0.414206517462,37,37,37,1,0,0.405405405405,0.540540540541,0.0540540540541,37,324,0.243243243243,1.71098263322,17.5135135135,14.7272727273,9.25714285714,4.67630921431,0.267011482916,0.121538204872,8.78889894951,1.00367055905,0.527694361028,8.20706134106,0.9372261408,0.491157824491,0.625204323592,0.365406586516,2,1.71098263322,0.625204323592,2,0.269371768203,0.288218793829,548,0.0705276705277,0.57621481359,37,37,37,1,0,0.405405405405,0.540540540541,0.0540540540541,-18,-0.0135135135135,-0.0143061848978,-0.972972972973,-0.818181818182,-0.514285714286,-0.69140094108,-0.0233471073611,-0.0211044377711,-0.719592592862,-0.0250258943655,-0.0167974992536,0.153747994622,0.0659612465947,0.0293275731872,-0.0153952467345,-0.00589331620198,0,-0.0143061848978,-0.0153952467345,0,-0.0746996260446,-0.088350243828,-262,-0.0337194337194,0.00663798524052,0,0,0,324,0,18,990,0.947368421053,1,0,0.0526315789474,1,0.947368421053,0.972972972973,0.96459894662,0.947368421053,0.947368421053,51,69,0,0,0,0
3179,WLNM_dir_neg,0.964713295526,0.762516688401,00:00:05,10,80,4,1240364539,threshold_sweep,0.2,1,0.739130434783,0.85,51,0,18,138,0.739130434783,1,0,0.260869565217,1,0.739130434783,0.85,0.913043478261,0.584541062802,0.790697674419,0.808607540063,0.739130434783,342,273,69,0,342,0,273,0,69,37,342,0.256756756757,1.72528881811,18.4864864865,15.5454545455,9.77142857143,5.36771015539,0.290358590277,0.142642642643,9.50849154237,1.02869645341,0.544491860281,8.05331334643,0.871264894205,0.461830251304,0.640599570326,0.371299902718,2,1.72528881811,0.640599570326,2,0.344071394247,0.376569037657,810,0.104247104247,0.56957682835,37,37,37,1,0,0.405405405405,0.540540540541,0.0540540540541,37,0.204954954955,1.73680340092,14.7567567568,12.4090909091,7.8,4.09881693911,0.277758657046,0.140283140283,7.53639816473,1.02141660108,0.543906543907,6.70137362101,0.908244776474,0.487872487872,0.650538942275,0.374561071178,2,1.73680340092,0.650538942275,2,0.233922922715,0.230654761905,310,0.039897039897,0.414206517462,37,37,37,1,0,0.405405405405,0.540540540541,0.0540540540541,37,324,0.243243243243,1.71098263322,17.5135135135,14.7272727273,9.25714285714,4.67630921431,0.267011482916,0.121538204872,8.78889894951,1.00367055905,0.527694361028,8.20706134106,0.9372261408,0.491157824491,0.625204323592,0.365406586516,2,1.71098263322,0.625204323592,2,0.269371768203,0.288218793829,548,0.0705276705277,0.57621481359,37,37,37,1,0,0.405405405405,0.540540540541,0.0540540540541,-18,-0.0135135135135,-0.0143061848978,-0.972972972973,-0.818181818182,-0.514285714286,-0.69140094108,-0.0233471073611,-0.0211044377711,-0.719592592862,-0.0250258943655,-0.0167974992536,0.153747994622,0.0659612465947,0.0293275731872,-0.0153952467345,-0.00589331620198,0,-0.0143061848978,-0.0153952467345,0,-0.0746996260446,-0.088350243828,-262,-0.0337194337194,0.00663798524052,0,0,0,324,0,18,990,0.947368421053,1,0,0.0526315789474,1,0.947368421053,0.972972972973,0.96459894662,0.947368421053,0.947368421053,51,69,0,0,0,0
3180,WLNM_dir_neg,0.964713295526,0.762516688401,00:00:05,10,80,4,1240364539,threshold_sweep,0.3,1,0.739130434783,0.85,51,0,18,138,0.739130434783,1,0,0.260869565217,1,0.739130434783,0.85,0.913043478261,0.584541062802,0.790697674419,0.808607540063,0.739130434783,342,273,69,0,342,0,273,0,69,37,342,0.256756756757,1.72528881811,18.4864864865,15.5454545455,9.77142857143,5.36771015539,0.290358590277,0.142642642643,9.50849154237,1.02869645341,0.544491860281,8.05331334643,0.871264894205,0.461830251304,0.640599570326,0.371299902718,2,1.72528881811,0.640599570326,2,0.344071394247,0.376569037657,810,0.104247104247,0.56957682835,37,37,37,1,0,0.405405405405,0.540540540541,0.0540540540541,37,0.204954954955,1.73680340092,14.7567567568,12.4090909091,7.8,4.09881693911,0.277758657046,0.140283140283,7.53639816473,1.02141660108,0.543906543907,6.70137362101,0.908244776474,0.487872487872,0.650538942275,0.374561071178,2,1.73680340092,0.650538942275,2,0.233922922715,0.230654761905,310,0.039897039897,0.414206517462,37,37,37,1,0,0.405405405405,0.540540540541,0.0540540540541,37,324,0.243243243243,1.71098263322,17.5135135135,14.7272727273,9.25714285714,4.67630921431,0.267011482916,0.121538204872,8.78889894951,1.00367055905,0.527694361028,8.20706134106,0.9372261408,0.491157824491,0.625204323592,0.365406586516,2,1.71098263322,0.625204323592,2,0.269371768203,0.288218793829,548,0.0705276705277,0.57621481359,37,37,37,1,0,0.405405405405,0.540540540541,0.0540540540541,-18,-0.0135135135135,-0.0143061848978,-0.972972972973,-0.818181818182,-0.514285714286,-0.69140094108,-0.0233471073611,-0.0211044377711,-0.719592592862,-0.0250258943655,-0.0167974992536,0.153747994622,0.0659612465947,0.0293275731872,-0.0153952467345,-0.00589331620198,0,-0.0143061848978,-0.0153952467345,0,-0.0746996260446,-0.088350243828,-262,-0.0337194337194,0.00663798524052,0,0,0,324,0,18,990,0.947368421053,1,0,0.0526315789474,1,0.947368421053,0.972972972973,0.96459894662,0.947368421053,0.947368421053,51,69,0,0,0,0
3181,WLNM_dir_neg,0.964713295526,0.762516688401,00:00:05,10,80,4,1240364539,threshold_sweep,0.4,1,0.739130434783,0.85,51,0,18,138,0.739130434783,1,0,0.260869565217,1,0.739130434783,0.85,0.913043478261,0.584541062802,0.790697674419,0.808607540063,0.739130434783,342,273,69,0,342,0,273,0,69,37,342,0.256756756757,1.72528881811,18.4864864865,15.5454545455,9.77142857143,5.36771015539,0.290358590277,0.142642642643,9.50849154237,1.02869645341,0.544491860281,8.05331334643,0.871264894205,0.461830251304,0.640599570326,0.371299902718,2,1.72528881811,0.640599570326,2,0.344071394247,0.376569037657,810,0.104247104247,0.56957682835,37,37,37,1,0,0.405405405405,0.540540540541,0.0540540540541,37,0.204954954955,1.73680340092,14.7567567568,12.4090909091,7.8,4.09881693911,0.277758657046,0.140283140283,7.53639816473,1.02141660108,0.543906543907,6.70137362101,0.908244776474,0.487872487872,0.650538942275,0.374561071178,2,1.73680340092,0.650538942275,2,0.233922922715,0.230654761905,310,0.039897039897,0.414206517462,37,37,37,1,0,0.405405405405,0.540540540541,0.0540540540541,37,324,0.243243243243,1.71098263322,17.5135135135,14.7272727273,9.25714285714,4.67630921431,0.267011482916,0.121538204872,8.78889894951,1.00367055905,0.527694361028,8.20706134106,0.9372261408,0.491157824491,0.625204323592,0.365406586516,2,1.71098263322,0.625204323592,2,0.269371768203,0.288218793829,548,0.0705276705277,0.57621481359,37,37,37,1,0,0.405405405405,0.540540540541,0.0540540540541,-18,-0.0135135135135,-0.0143061848978,-0.972972972973,-0.818181818182,-0.514285714286,-0.69140094108,-0.0233471073611,-0.0211044377711,-0.719592592862,-0.0250258943655,-0.0167974992536,0.153747994622,0.0659612465947,0.0293275731872,-0.0153952467345,-0.00589331620198,0,-0.0143061848978,-0.0153952467345,0,-0.0746996260446,-0.088350243828,-262,-0.0337194337194,0.00663798524052,0,0,0,324,0,18,990,0.947368421053,1,0,0.0526315789474,1,0.947368421053,0.972972972973,0.96459894662,0.947368421053,0.947368421053,51,69,0,0,0,0
3182,WLNM_dir_neg,0.964713295526,0.762516688401,00:00:05,10,80,4,1240364539,threshold_sweep,0.5,1,0.739130434783,0.85,51,0,18,138,0.739130434783,1,0,0.260869565217,1,0.739130434783,0.85,0.913043478261,0.584541062802,0.790697674419,0.808607540063,0.739130434783,342,273,69,0,342,0,273,0,69,37,342,0.256756756757,1.72528881811,18.4864864865,15.5454545455,9.77142857143,5.36771015539,0.290358590277,0.142642642643,9.50849154237,1.02869645341,0.544491860281,8.05331334643,0.871264894205,0.461830251304,0.640599570326,0.371299902718,2,1.72528881811,0.640599570326,2,0.344071394247,0.376569037657,810,0.104247104247,0.56957682835,37,37,37,1,0,0.405405405405,0.540540540541,0.0540540540541,37,0.204954954955,1.73680340092,14.7567567568,12.4090909091,7.8,4.09881693911,0.277758657046,0.140283140283,7.53639816473,1.02141660108,0.543906543907,6.70137362101,0.908244776474,0.487872487872,0.650538942275,0.374561071178,2,1.73680340092,0.650538942275,2,0.233922922715,0.230654761905,310,0.039897039897,0.414206517462,37,37,37,1,0,0.405405405405,0.540540540541,0.0540540540541,37,324,0.243243243243,1.71098263322,17.5135135135,14.7272727273,9.25714285714,4.67630921431,0.267011482916,0.121538204872,8.78889894951,1.00367055905,0.527694361028,8.20706134106,0.9372261408,0.491157824491,0.625204323592,0.365406586516,2,1.71098263322,0.625204323592,2,0.269371768203,0.288218793829,548,0.0705276705277,0.57621481359,37,37,37,1,0,0.405405405405,0.540540540541,0.0540540540541,-18,-0.0135135135135,-0.0143061848978,-0.972972972973,-0.818181818182,-0.514285714286,-0.69140094108,-0.0233471073611,-0.0211044377711,-0.719592592862,-0.0250258943655,-0.0167974992536,0.153747994622,0.0659612465947,0.0293275731872,-0.0153952467345,-0.00589331620198,0,-0.0143061848978,-0.0153952467345,0,-0.0746996260446,-0.088350243828,-262,-0.0337194337194,0.00663798524052,0,0,0,324,0,18,990,0.947368421053,1,0,0.0526315789474,1,0.947368421053,0.972972972973,0.96459894662,0.947368421053,0.947368421053,51,69,0,0,0,0
3183,WLNM_dir_neg,0.964713295526,0.762516688401,00:00:05,10,80,4,1240364539,threshold_sweep,0.6,1,0.739130434783,0.85,51,0,18,138,0.739130434783,1,0,0.260869565217,1,0.739130434783,0.85,0.913043478261,0.584541062802,0.790697674419,0.808607540063,0.739130434783,342,273,69,0,342,0,273,0,69,37,342,0.256756756757,1.72528881811,18.4864864865,15.5454545455,9.77142857143,5.36771015539,0.290358590277,0.142642642643,9.50849154237,1.02869645341,0.544491860281,8.05331334643,0.871264894205,0.461830251304,0.640599570326,0.371299902718,2,1.72528881811,0.640599570326,2,0.344071394247,0.376569037657,810,0.104247104247,0.56957682835,37,37,37,1,0,0.405405405405,0.540540540541,0.0540540540541,37,0.204954954955,1.73680340092,14.7567567568,12.4090909091,7.8,4.09881693911,0.277758657046,0.140283140283,7.53639816473,1.02141660108,0.543906543907,6.70137362101,0.908244776474,0.487872487872,0.650538942275,0.374561071178,2,1.73680340092,0.650538942275,2,0.233922922715,0.230654761905,310,0.039897039897,0.414206517462,37,37,37,1,0,0.405405405405,0.540540540541,0.0540540540541,37,324,0.243243243243,1.71098263322,17.5135135135,14.7272727273,9.25714285714,4.67630921431,0.267011482916,0.121538204872,8.78889894951,1.00367055905,0.527694361028,8.20706134106,0.9372261408,0.491157824491,0.625204323592,0.365406586516,2,1.71098263322,0.625204323592,2,0.269371768203,0.288218793829,548,0.0705276705277,0.57621481359,37,37,37,1,0,0.405405405405,0.540540540541,0.0540540540541,-18,-0.0135135135135,-0.0143061848978,-0.972972972973,-0.818181818182,-0.514285714286,-0.69140094108,-0.0233471073611,-0.0211044377711,-0.719592592862,-0.0250258943655,-0.0167974992536,0.153747994622,0.0659612465947,0.0293275731872,-0.0153952467345,-0.00589331620198,0,-0.0143061848978,-0.0153952467345,0,-0.0746996260446,-0.088350243828,-262,-0.0337194337194,0.00663798524052,0,0,0,324,0,18,990,0.947368421053,1,0,0.0526315789474,1,0.947368421053,0.972972972973,0.96459894662,0.947368421053,0.947368421053,51,69,0,0,0,0
3184,WLNM_dir_neg,0.964713295526,0.762516688401,00:00:05,10,80,4,1240364539,threshold_sweep,0.7,1,0.739130434783,0.85,51,0,18,138,0.739130434783,1,0,0.260869565217,1,0.739130434783,0.85,0.913043478261,0.584541062802,0.790697674419,0.808607540063,0.739130434783,342,273,69,0,342,0,273,0,69,37,342,0.256756756757,1.72528881811,18.4864864865,15.5454545455,9.77142857143,5.36771015539,0.290358590277,0.142642642643,9.50849154237,1.02869645341,0.544491860281,8.05331334643,0.871264894205,0.461830251304,0.640599570326,0.371299902718,2,1.72528881811,0.640599570326,2,0.344071394247,0.376569037657,810,0.104247104247,0.56957682835,37,37,37,1,0,0.405405405405,0.540540540541,0.0540540540541,37,0.204954954955,1.73680340092,14.7567567568,12.4090909091,7.8,4.09881693911,0.277758657046,0.140283140283,7.53639816473,1.02141660108,0.543906543907,6.70137362101,0.908244776474,0.487872487872,0.650538942275,0.374561071178,2,1.73680340092,0.650538942275,2,0.233922922715,0.230654761905,310,0.039897039897,0.414206517462,37,37,37,1,0,0.405405405405,0.540540540541,0.0540540540541,37,324,0.243243243243,1.71098263322,17.5135135135,14.7272727273,9.25714285714,4.67630921431,0.267011482916,0.121538204872,8.78889894951,1.00367055905,0.527694361028,8.20706134106,0.9372261408,0.491157824491,0.625204323592,0.365406586516,2,1.71098263322,0.625204323592,2,0.269371768203,0.288218793829,548,0.0705276705277,0.57621481359,37,37,37,1,0,0.405405405405,0.540540540541,0.0540540540541,-18,-0.0135135135135,-0.0143061848978,-0.972972972973,-0.818181818182,-0.514285714286,-0.69140094108,-0.0233471073611,-0.0211044377711,-0.719592592862,-0.0250258943655,-0.0167974992536,0.153747994622,0.0659612465947,0.0293275731872,-0.0153952467345,-0.00589331620198,0,-0.0143061848978,-0.0153952467345,0,-0.0746996260446,-0.088350243828,-262,-0.0337194337194,0.00663798524052,0,0,0,324,0,18,990,0.947368421053,1,0,0.0526315789474,1,0.947368421053,0.972972972973,0.96459894662,0.947368421053,0.947368421053,51,69,0,0,0,0
3185,WLNM_dir_neg,0.964713295526,0.762516688401,00:00:05,10,80,4,1240364539,threshold_sweep,0.8,1,0.739130434783,0.85,51,0,18,138,0.739130434783,1,0,0.260869565217,1,0.739130434783,0.85,0.913043478261,0.584541062802,0.790697674419,0.808607540063,0.739130434783,342,273,69,0,342,0,273,0,69,37,342,0.256756756757,1.72528881811,18.4864864865,15.5454545455,9.77142857143,5.36771015539,0.290358590277,0.142642642643,9.50849154237,1.02869645341,0.544491860281,8.05331334643,0.871264894205,0.461830251304,0.640599570326,0.371299902718,2,1.72528881811,0.640599570326,2,0.344071394247,0.376569037657,810,0.104247104247,0.56957682835,37,37,37,1,0,0.405405405405,0.540540540541,0.0540540540541,37,0.204954954955,1.73680340092,14.7567567568,12.4090909091,7.8,4.09881693911,0.277758657046,0.140283140283,7.53639816473,1.02141660108,0.543906543907,6.70137362101,0.908244776474,0.487872487872,0.650538942275,0.374561071178,2,1.73680340092,0.650538942275,2,0.233922922715,0.230654761905,310,0.039897039897,0.414206517462,37,37,37,1,0,0.405405405405,0.540540540541,0.0540540540541,37,324,0.243243243243,1.71098263322,17.5135135135,14.7272727273,9.25714285714,4.67630921431,0.267011482916,0.121538204872,8.78889894951,1.00367055905,0.527694361028,8.20706134106,0.9372261408,0.491157824491,0.625204323592,0.365406586516,2,1.71098263322,0.625204323592,2,0.269371768203,0.288218793829,548,0.0705276705277,0.57621481359,37,37,37,1,0,0.405405405405,0.540540540541,0.0540540540541,-18,-0.0135135135135,-0.0143061848978,-0.972972972973,-0.818181818182,-0.514285714286,-0.69140094108,-0.0233471073611,-0.0211044377711,-0.719592592862,-0.0250258943655,-0.0167974992536,0.153747994622,0.0659612465947,0.0293275731872,-0.0153952467345,-0.00589331620198,0,-0.0143061848978,-0.0153952467345,0,-0.0746996260446,-0.088350243828,-262,-0.0337194337194,0.00663798524052,0,0,0,324,0,18,990,0.947368421053,1,0,0.0526315789474,1,0.947368421053,0.972972972973,0.96459894662,0.947368421053,0.947368421053,51,69,0,0,0,0
3186,WLNM_dir_neg,0.964713295526,0.762516688401,00:00:05,10,80,4,1240364539,threshold_sweep,0.9,1,0.739130434783,0.85,51,0,18,138,0.739130434783,1,0,0.260869565217,1,0.739130434783,0.85,0.913043478261,0.584541062802,0.790697674419,0.808607540063,0.739130434783,342,273,69,0,342,0,273,0,69,37,342,0.256756756757,1.72528881811,18.4864864865,15.5454545455,9.77142857143,5.36771015539,0.290358590277,0.142642642643,9.50849154237,1.02869645341,0.544491860281,8.05331334643,0.871264894205,0.461830251304,0.640599570326,0.371299902718,2,1.72528881811,0.640599570326,2,0.344071394247,0.376569037657,810,0.104247104247,0.56957682835,37,37,37,1,0,0.405405405405,0.540540540541,0.0540540540541,37,0.204954954955,1.73680340092,14.7567567568,12.4090909091,7.8,4.09881693911,0.277758657046,0.140283140283,7.53639816473,1.02141660108,0.543906543907,6.70137362101,0.908244776474,0.487872487872,0.650538942275,0.374561071178,2,1.73680340092,0.650538942275,2,0.233922922715,0.230654761905,310,0.039897039897,0.414206517462,37,37,37,1,0,0.405405405405,0.540540540541,0.0540540540541,37,324,0.243243243243,1.71098263322,17.5135135135,14.7272727273,9.25714285714,4.67630921431,0.267011482916,0.121538204872,8.78889894951,1.00367055905,0.527694361028,8.20706134106,0.9372261408,0.491157824491,0.625204323592,0.365406586516,2,1.71098263322,0.625204323592,2,0.269371768203,0.288218793829,548,0.0705276705277,0.57621481359,37,37,37,1,0,0.405405405405,0.540540540541,0.0540540540541,-18,-0.0135135135135,-0.0143061848978,-0.972972972973,-0.818181818182,-0.514285714286,-0.69140094108,-0.0233471073611,-0.0211044377711,-0.719592592862,-0.0250258943655,-0.0167974992536,0.153747994622,0.0659612465947,0.0293275731872,-0.0153952467345,-0.00589331620198,0,-0.0143061848978,-0.0153952467345,0,-0.0746996260446,-0.088350243828,-262,-0.0337194337194,0.00663798524052,0,0,0,324,0,18,990,0.947368421053,1,0,0.0526315789474,1,0.947368421053,0.972972972973,0.96459894662,0.947368421053,0.947368421053,51,69,0,0,0,0
3187,WLNM_dir_neg,0.953161100609,0.906749826649,00:00:05,10,80,5,1240364540,threshold_sweep,0.1,1,0.739130434783,0.85,51,0,18,138,0.739130434783,1,0,0.260869565217,1,0.739130434783,0.85,0.913043478261,0.584541062802,0.790697674419,0.808607540063,0.739130434783,342,273,69,0,342,0,273,0,69,37,342,0.256756756757,1.72528881811,18.4864864865,15.5454545455,9.77142857143,5.36771015539,0.290358590277,0.142642642643,9.50849154237,1.02869645341,0.544491860281,8.05331334643,0.871264894205,0.461830251304,0.640599570326,0.371299902718,2,1.72528881811,0.640599570326,2,0.344071394247,0.376569037657,810,0.104247104247,0.56957682835,37,37,37,1,0,0.405405405405,0.540540540541,0.0540540540541,37,0.204954954955,1.75157264647,14.7567567568,12.4090909091,7.8,4.38054667698,0.296850232689,0.148005148005,7.44368244946,1.00885073491,0.530046530047,6.75504482817,0.915518896126,0.487278487278,0.674488758762,0.385076097254,2,1.75157264647,0.674488758762,2,0.21908949765,0.240913555992,327,0.0420849420849,0.421674354255,37,37,37,1,0,0.405405405405,0.540540540541,0.0540540540541,37,324,0.243243243243,1.73300319593,17.5135135135,14.7272727273,9.25714285714,5.05317074069,0.288529810811,0.14022355689,8.94553086868,1.02155753747,0.54037370704,8.02221016029,0.916116592379,0.482649315983,0.655973906912,0.378518578876,2,1.73300319593,0.655973906912,2,0.306152828558,0.316937997922,610,0.0785070785071,0.554599552874,37,37,37,1,0,0.405405405405,0.540540540541,0.0540540540541,-18,-0.0135135135135,0.00771437781791,-0.972972972973,-0.818181818182,-0.514285714286,-0.314539414706,-0.00182877946629,-0.00241908575242,-0.562960673694,-0.00713891594199,-0.00411815324096,-0.0311031861445,0.0448516981739,0.0208190646787,0.0153743365856,0.00721867615805,0,0.00771437781791,0.0153743365856,0,-0.0379185656891,-0.0596310397352,-200,-0.02574002574,-0.0149772754754,0,0,0,324,0,18,990,0.947368421053,1,0,0.0526315789474,1,0.947368421053,0.972972972973,0.96459894662,0.947368421053,0.947368421053,51,69,0,0,0,0
3188,WLNM_dir_neg,0.953161100609,0.906749826649,00:00:05,10,80,5,1240364540,threshold_sweep,0.2,1,0.739130434783,0.85,51,0,18,138,0.739130434783,1,0,0.260869565217,1,0.739130434783,0.85,0.913043478261,0.584541062802,0.790697674419,0.808607540063,0.739130434783,342,273,69,0,342,0,273,0,69,37,342,0.256756756757,1.72528881811,18.4864864865,15.5454545455,9.77142857143,5.36771015539,0.290358590277,0.142642642643,9.50849154237,1.02869645341,0.544491860281,8.05331334643,0.871264894205,0.461830251304,0.640599570326,0.371299902718,2,1.72528881811,0.640599570326,2,0.344071394247,0.376569037657,810,0.104247104247,0.56957682835,37,37,37,1,0,0.405405405405,0.540540540541,0.0540540540541,37,0.204954954955,1.75157264647,14.7567567568,12.4090909091,7.8,4.38054667698,0.296850232689,0.148005148005,7.44368244946,1.00885073491,0.530046530047,6.75504482817,0.915518896126,0.487278487278,0.674488758762,0.385076097254,2,1.75157264647,0.674488758762,2,0.21908949765,0.240913555992,327,0.0420849420849,0.421674354255,37,37,37,1,0,0.405405405405,0.540540540541,0.0540540540541,37,324,0.243243243243,1.73300319593,17.5135135135,14.7272727273,9.25714285714,5.05317074069,0.288529810811,0.14022355689,8.94553086868,1.02155753747,0.54037370704,8.02221016029,0.916116592379,0.482649315983,0.655973906912,0.378518578876,2,1.73300319593,0.655973906912,2,0.306152828558,0.316937997922,610,0.0785070785071,0.554599552874,37,37,37,1,0,0.405405405405,0.540540540541,0.0540540540541,-18,-0.0135135135135,0.00771437781791,-0.972972972973,-0.818181818182,-0.514285714286,-0.314539414706,-0.00182877946629,-0.00241908575242,-0.562960673694,-0.00713891594199,-0.00411815324096,-0.0311031861445,0.0448516981739,0.0208190646787,0.0153743365856,0.00721867615805,0,0.00771437781791,0.0153743365856,0,-0.0379185656891,-0.0596310397352,-200,-0.02574002574,-0.0149772754754,0,0,0,324,0,18,990,0.947368421053,1,0,0.0526315789474,1,0.947368421053,0.972972972973,0.96459894662,0.947368421053,0.947368421053,51,69,0,0,0,0
3189,WLNM_dir_neg,0.953161100609,0.906749826649,00:00:05,10,80,5,1240364540,threshold_sweep,0.3,1,0.739130434783,0.85,51,0,18,138,0.739130434783,1,0,0.260869565217,1,0.739130434783,0.85,0.913043478261,0.584541062802,0.790697674419,0.808607540063,0.739130434783,342,273,69,0,342,0,273,0,69,37,342,0.256756756757,1.72528881811,18.4864864865,15.5454545455,9.77142857143,5.36771015539,0.290358590277,0.142642642643,9.50849154237,1.02869645341,0.544491860281,8.05331334643,0.871264894205,0.461830251304,0.640599570326,0.371299902718,2,1.72528881811,0.640599570326,2,0.344071394247,0.376569037657,810,0.104247104247,0.56957682835,37,37,37,1,0,0.405405405405,0.540540540541,0.0540540540541,37,0.204954954955,1.75157264647,14.7567567568,12.4090909091,7.8,4.38054667698,0.296850232689,0.148005148005,7.44368244946,1.00885073491,0.530046530047,6.75504482817,0.915518896126,0.487278487278,0.674488758762,0.385076097254,2,1.75157264647,0.674488758762,2,0.21908949765,0.240913555992,327,0.0420849420849,0.421674354255,37,37,37,1,0,0.405405405405,0.540540540541,0.0540540540541,37,324,0.243243243243,1.73300319593,17.5135135135,14.7272727273,9.25714285714,5.05317074069,0.288529810811,0.14022355689,8.94553086868,1.02155753747,0.54037370704,8.02221016029,0.916116592379,0.482649315983,0.655973906912,0.378518578876,2,1.73300319593,0.655973906912,2,0.306152828558,0.316937997922,610,0.0785070785071,0.554599552874,37,37,37,1,0,0.405405405405,0.540540540541,0.0540540540541,-18,-0.0135135135135,0.00771437781791,-0.972972972973,-0.818181818182,-0.514285714286,-0.314539414706,-0.00182877946629,-0.00241908575242,-0.562960673694,-0.00713891594199,-0.00411815324096,-0.0311031861445,0.0448516981739,0.0208190646787,0.0153743365856,0.00721867615805,0,0.00771437781791,0.0153743365856,0,-0.0379185656891,-0.0596310397352,-200,-0.02574002574,-0.0149772754754,0,0,0,324,0,18,990,0.947368421053,1,0,0.0526315789474,1,0.947368421053,0.972972972973,0.96459894662,0.947368421053,0.947368421053,51,69,0,0,0,0
3190,WLNM_dir_neg,0.953161100609,0.906749826649,00:00:05,10,80,5,1240364540,threshold_sweep,0.4,1,0.739130434783,0.85,51,0,18,138,0.739130434783,1,0,0.260869565217,1,0.739130434783,0.85,0.913043478261,0.584541062802,0.790697674419,0.808607540063,0.739130434783,342,273,69,0,342,0,273,0,69,37,342,0.256756756757,1.72528881811,18.4864864865,15.5454545455,9.77142857143,5.36771015539,0.290358590277,0.142642642643,9.50849154237,1.02869645341,0.544491860281,8.05331334643,0.871264894205,0.461830251304,0.640599570326,0.371299902718,2,1.72528881811,0.640599570326,2,0.344071394247,0.376569037657,810,0.104247104247,0.56957682835,37,37,37,1,0,0.405405405405,0.540540540541,0.0540540540541,37,0.204954954955,1.75157264647,14.7567567568,12.4090909091,7.8,4.38054667698,0.296850232689,0.148005148005,7.44368244946,1.00885073491,0.530046530047,6.75504482817,0.915518896126,0.487278487278,0.674488758762,0.385076097254,2,1.75157264647,0.674488758762,2,0.21908949765,0.240913555992,327,0.0420849420849,0.421674354255,37,37,37,1,0,0.405405405405,0.540540540541,0.0540540540541,37,324,0.243243243243,1.73300319593,17.5135135135,14.7272727273,9.25714285714,5.05317074069,0.288529810811,0.14022355689,8.94553086868,1.02155753747,0.54037370704,8.02221016029,0.916116592379,0.482649315983,0.655973906912,0.378518578876,2,1.73300319593,0.655973906912,2,0.306152828558,0.316937997922,610,0.0785070785071,0.554599552874,37,37,37,1,0,0.405405405405,0.540540540541,0.0540540540541,-18,-0.0135135135135,0.00771437781791,-0.972972972973,-0.818181818182,-0.514285714286,-0.314539414706,-0.00182877946629,-0.00241908575242,-0.562960673694,-0.00713891594199,-0.00411815324096,-0.0311031861445,0.0448516981739,0.0208190646787,0.0153743365856,0.00721867615805,0,0.00771437781791,0.0153743365856,0,-0.0379185656891,-0.0596310397352,-200,-0.02574002574,-0.0149772754754,0,0,0,324,0,18,990,0.947368421053,1,0,0.0526315789474,1,0.947368421053,0.972972972973,0.96459894662,0.947368421053,0.947368421053,51,69,0,0,0,0
3191,WLNM_dir_neg,0.953161100609,0.906749826649,00:00:05,10,80,5,1240364540,threshold_sweep,0.5,1,0.739130434783,0.85,51,0,18,138,0.739130434783,1,0,0.260869565217,1,0.739130434783,0.85,0.913043478261,0.584541062802,0.790697674419,0.808607540063,0.739130434783,342,273,69,0,342,0,273,0,69,37,342,0.256756756757,1.72528881811,18.4864864865,15.5454545455,9.77142857143,5.36771015539,0.290358590277,0.142642642643,9.50849154237,1.02869645341,0.544491860281,8.05331334643,0.871264894205,0.461830251304,0.640599570326,0.371299902718,2,1.72528881811,0.640599570326,2,0.344071394247,0.376569037657,810,0.104247104247,0.56957682835,37,37,37,1,0,0.405405405405,0.540540540541,0.0540540540541,37,0.204954954955,1.75157264647,14.7567567568,12.4090909091,7.8,4.38054667698,0.296850232689,0.148005148005,7.44368244946,1.00885073491,0.530046530047,6.75504482817,0.915518896126,0.487278487278,0.674488758762,0.385076097254,2,1.75157264647,0.674488758762,2,0.21908949765,0.240913555992,327,0.0420849420849,0.421674354255,37,37,37,1,0,0.405405405405,0.540540540541,0.0540540540541,37,324,0.243243243243,1.73300319593,17.5135135135,14.7272727273,9.25714285714,5.05317074069,0.288529810811,0.14022355689,8.94553086868,1.02155753747,0.54037370704,8.02221016029,0.916116592379,0.482649315983,0.655973906912,0.378518578876,2,1.73300319593,0.655973906912,2,0.306152828558,0.316937997922,610,0.0785070785071,0.554599552874,37,37,37,1,0,0.405405405405,0.540540540541,0.0540540540541,-18,-0.0135135135135,0.00771437781791,-0.972972972973,-0.818181818182,-0.514285714286,-0.314539414706,-0.00182877946629,-0.00241908575242,-0.562960673694,-0.00713891594199,-0.00411815324096,-0.0311031861445,0.0448516981739,0.0208190646787,0.0153743365856,0.00721867615805,0,0.00771437781791,0.0153743365856,0,-0.0379185656891,-0.0596310397352,-200,-0.02574002574,-0.0149772754754,0,0,0,324,0,18,990,0.947368421053,1,0,0.0526315789474,1,0.947368421053,0.972972972973,0.96459894662,0.947368421053,0.947368421053,51,69,0,0,0,0
3192,WLNM_dir_neg,0.953161100609,0.906749826649,00:00:05,10,80,5,1240364540,threshold_sweep,0.6,1,0.739130434783,0.85,51,0,18,138,0.739130434783,1,0,0.260869565217,1,0.739130434783,0.85,0.913043478261,0.584541062802,0.790697674419,0.808607540063,0.739130434783,342,273,69,0,342,0,273,0,69,37,342,0.256756756757,1.72528881811,18.4864864865,15.5454545455,9.77142857143,5.36771015539,0.290358590277,0.142642642643,9.50849154237,1.02869645341,0.544491860281,8.05331334643,0.871264894205,0.461830251304,0.640599570326,0.371299902718,2,1.72528881811,0.640599570326,2,0.344071394247,0.376569037657,810,0.104247104247,0.56957682835,37,37,37,1,0,0.405405405405,0.540540540541,0.0540540540541,37,0.204954954955,1.75157264647,14.7567567568,12.4090909091,7.8,4.38054667698,0.296850232689,0.148005148005,7.44368244946,1.00885073491,0.530046530047,6.75504482817,0.915518896126,0.487278487278,0.674488758762,0.385076097254,2,1.75157264647,0.674488758762,2,0.21908949765,0.240913555992,327,0.0420849420849,0.421674354255,37,37,37,1,0,0.405405405405,0.540540540541,0.0540540540541,37,324,0.243243243243,1.73300319593,17.5135135135,14.7272727273,9.25714285714,5.05317074069,0.288529810811,0.14022355689,8.94553086868,1.02155753747,0.54037370704,8.02221016029,0.916116592379,0.482649315983,0.655973906912,0.378518578876,2,1.73300319593,0.655973906912,2,0.306152828558,0.316937997922,610,0.0785070785071,0.554599552874,37,37,37,1,0,0.405405405405,0.540540540541,0.0540540540541,-18,-0.0135135135135,0.00771437781791,-0.972972972973,-0.818181818182,-0.514285714286,-0.314539414706,-0.00182877946629,-0.00241908575242,-0.562960673694,-0.00713891594199,-0.00411815324096,-0.0311031861445,0.0448516981739,0.0208190646787,0.0153743365856,0.00721867615805,0,0.00771437781791,0.0153743365856,0,-0.0379185656891,-0.0596310397352,-200,-0.02574002574,-0.0149772754754,0,0,0,324,0,18,990,0.947368421053,1,0,0.0526315789474,1,0.947368421053,0.972972972973,0.96459894662,0.947368421053,0.947368421053,51,69,0,0,0,0
3193,WLNM_dir_neg,0.953161100609,0.906749826649,00:00:05,10,80,5,1240364540,threshold_sweep,0.7,1,0.739130434783,0.85,51,0,18,138,0.739130434783,1,0,0.260869565217,1,0.739130434783,0.85,0.913043478261,0.584541062802,0.790697674419,0.808607540063,0.739130434783,342,273,69,0,342,0,273,0,69,37,342,0.256756756757,1.72528881811,18.4864864865,15.5454545455,9.77142857143,5.36771015539,0.290358590277,0.142642642643,9.50849154237,1.02869645341,0.544491860281,8.05331334643,0.871264894205,0.461830251304,0.640599570326,0.371299902718,2,1.72528881811,0.640599570326,2,0.344071394247,0.376569037657,810,0.104247104247,0.56957682835,37,37,37,1,0,0.405405405405,0.540540540541,0.0540540540541,37,0.204954954955,1.75157264647,14.7567567568,12.4090909091,7.8,4.38054667698,0.296850232689,0.148005148005,7.44368244946,1.00885073491,0.530046530047,6.75504482817,0.915518896126,0.487278487278,0.674488758762,0.385076097254,2,1.75157264647,0.674488758762,2,0.21908949765,0.240913555992,327,0.0420849420849,0.421674354255,37,37,37,1,0,0.405405405405,0.540540540541,0.0540540540541,37,324,0.243243243243,1.73300319593,17.5135135135,14.7272727273,9.25714285714,5.05317074069,0.288529810811,0.14022355689,8.94553086868,1.02155753747,0.54037370704,8.02221016029,0.916116592379,0.482649315983,0.655973906912,0.378518578876,2,1.73300319593,0.655973906912,2,0.306152828558,0.316937997922,610,0.0785070785071,0.554599552874,37,37,37,1,0,0.405405405405,0.540540540541,0.0540540540541,-18,-0.0135135135135,0.00771437781791,-0.972972972973,-0.818181818182,-0.514285714286,-0.314539414706,-0.00182877946629,-0.00241908575242,-0.562960673694,-0.00713891594199,-0.00411815324096,-0.0311031861445,0.0448516981739,0.0208190646787,0.0153743365856,0.00721867615805,0,0.00771437781791,0.0153743365856,0,-0.0379185656891,-0.0596310397352,-200,-0.02574002574,-0.0149772754754,0,0,0,324,0,18,990,0.947368421053,1,0,0.0526315789474,1,0.947368421053,0.972972972973,0.96459894662,0.947368421053,0.947368421053,51,69,0,0,0,0
3194,WLNM_dir_neg,0.953161100609,0.906749826649,00:00:05,10,80,5,1240364540,threshold_sweep,0.8,1,0.739130434783,0.85,51,0,18,138,0.739130434783,1,0,0.260869565217,1,0.739130434783,0.85,0.913043478261,0.584541062802,0.790697674419,0.808607540063,0.739130434783,342,273,69,0,342,0,273,0,69,37,342,0.256756756757,1.72528881811,18.4864864865,15.5454545455,9.77142857143,5.36771015539,0.290358590277,0.142642642643,9.50849154237,1.02869645341,0.544491860281,8.05331334643,0.871264894205,0.461830251304,0.640599570326,0.371299902718,2,1.72528881811,0.640599570326,2,0.344071394247,0.376569037657,810,0.104247104247,0.56957682835,37,37,37,1,0,0.405405405405,0.540540540541,0.0540540540541,37,0.204954954955,1.75157264647,14.7567567568,12.4090909091,7.8,4.38054667698,0.296850232689,0.148005148005,7.44368244946,1.00885073491,0.530046530047,6.75504482817,0.915518896126,0.487278487278,0.674488758762,0.385076097254,2,1.75157264647,0.674488758762,2,0.21908949765,0.240913555992,327,0.0420849420849,0.421674354255,37,37,37,1,0,0.405405405405,0.540540540541,0.0540540540541,37,324,0.243243243243,1.73300319593,17.5135135135,14.7272727273,9.25714285714,5.05317074069,0.288529810811,0.14022355689,8.94553086868,1.02155753747,0.54037370704,8.02221016029,0.916116592379,0.482649315983,0.655973906912,0.378518578876,2,1.73300319593,0.655973906912,2,0.306152828558,0.316937997922,610,0.0785070785071,0.554599552874,37,37,37,1,0,0.405405405405,0.540540540541,0.0540540540541,-18,-0.0135135135135,0.00771437781791,-0.972972972973,-0.818181818182,-0.514285714286,-0.314539414706,-0.00182877946629,-0.00241908575242,-0.562960673694,-0.00713891594199,-0.00411815324096,-0.0311031861445,0.0448516981739,0.0208190646787,0.0153743365856,0.00721867615805,0,0.00771437781791,0.0153743365856,0,-0.0379185656891,-0.0596310397352,-200,-0.02574002574,-0.0149772754754,0,0,0,324,0,18,990,0.947368421053,1,0,0.0526315789474,1,0.947368421053,0.972972972973,0.96459894662,0.947368421053,0.947368421053,51,69,0,0,0,0
3195,WLNM_dir_neg,0.953161100609,0.906749826649,00:00:05,10,80,5,1240364540,threshold_sweep,0.9,1,0.739130434783,0.85,51,0,18,138,0.739130434783,1,0,0.260869565217,1,0.739130434783,0.85,0.913043478261,0.584541062802,0.790697674419,0.808607540063,0.739130434783,342,273,69,0,342,0,273,0,69,37,342,0.256756756757,1.72528881811,18.4864864865,15.5454545455,9.77142857143,5.36771015539,0.290358590277,0.142642642643,9.50849154237,1.02869645341,0.544491860281,8.05331334643,0.871264894205,0.461830251304,0.640599570326,0.371299902718,2,1.72528881811,0.640599570326,2,0.344071394247,0.376569037657,810,0.104247104247,0.56957682835,37,37,37,1,0,0.405405405405,0.540540540541,0.0540540540541,37,0.204954954955,1.75157264647,14.7567567568,12.4090909091,7.8,4.38054667698,0.296850232689,0.148005148005,7.44368244946,1.00885073491,0.530046530047,6.75504482817,0.915518896126,0.487278487278,0.674488758762,0.385076097254,2,1.75157264647,0.674488758762,2,0.21908949765,0.240913555992,327,0.0420849420849,0.421674354255,37,37,37,1,0,0.405405405405,0.540540540541,0.0540540540541,37,324,0.243243243243,1.73300319593,17.5135135135,14.7272727273,9.25714285714,5.05317074069,0.288529810811,0.14022355689,8.94553086868,1.02155753747,0.54037370704,8.02221016029,0.916116592379,0.482649315983,0.655973906912,0.378518578876,2,1.73300319593,0.655973906912,2,0.306152828558,0.316937997922,610,0.0785070785071,0.554599552874,37,37,37,1,0,0.405405405405,0.540540540541,0.0540540540541,-18,-0.0135135135135,0.00771437781791,-0.972972972973,-0.818181818182,-0.514285714286,-0.314539414706,-0.00182877946629,-0.00241908575242,-0.562960673694,-0.00713891594199,-0.00411815324096,-0.0311031861445,0.0448516981739,0.0208190646787,0.0153743365856,0.00721867615805,0,0.00771437781791,0.0153743365856,0,-0.0379185656891,-0.0596310397352,-200,-0.02574002574,-0.0149772754754,0,0,0,324,0,18,990,0.947368421053,1,0,0.0526315789474,1,0.947368421053,0.972972972973,0.96459894662,0.947368421053,0.947368421053,51,69,0,0,0,0
3196,WLNM_dir_neg,0.987712665406,0.968596855329,00:00:05,10,80,6,1240364541,threshold_sweep,0.1,1,0.913043478261,0.954545454545,63,0,6,138,0.913043478261,1,0,0.0869565217391,1,0.913043478261,0.954545454545,0.971014492754,0.565217391304,0.933333333333,0.935414346693,0.913043478261,342,273,69,0,342,0,273,0,69,37,342,0.256756756757,1.72528881811,18.4864864865,15.5454545455,9.77142857143,5.36771015539,0.290358590277,0.142642642643,9.50849154237,1.02869645341,0.544491860281,8.05331334643,0.871264894205,0.461830251304,0.640599570326,0.371299902718,2,1.72528881811,0.640599570326,2,0.344071394247,0.376569037657,810,0.104247104247,0.56957682835,37,37,37,1,0,0.405405405405,0.540540540541,0.0540540540541,37,0.204954954955,1.74556096203,14.7567567568,12.4090909091,7.8,4.07161860666,0.275915546605,0.145629145629,7.30049979777,0.989445027537,0.526284526285,6.53346662854,0.88548815112,0.480348480348,0.663008153743,0.379825264293,2,1.74556096203,0.663008153743,2,0.232504590864,0.2408650261,323,0.0415701415701,0.40705017509,37,37,37,1,0,0.405405405405,0.540540540541,0.0540540540541,37,336,0.252252252252,1.7207426855,18.1621621622,15.2727272727,9.6,5.0635599769,0.278797201109,0.137065637066,9.20862632529,1.01404516082,0.538449163449,8.14240743262,0.896634151806,0.472812097812,0.635678497919,0.36942100831,2,1.7207426855,0.635678497919,2,0.321089053301,0.346489809123,714,0.0918918918919,0.573291048812,37,37,37,1,0,0.405405405405,0.540540540541,0.0540540540541,-6,-0.0045045045045,-0.00454613261872,-0.324324324324,-0.272727272727,-0.171428571429,-0.304150178496,-0.0115613891682,-0.00557700557701,-0.299865217086,-0.0146512925943,-0.00604269683217,0.0890940861866,0.0253692576016,0.0109818465082,-0.00492107240725,-0.0018788944073,0,-0.00454613261872,-0.00492107240725,0,-0.0229823409466,-0.0300792285336,-96,-0.0123552123552,0.00371422046236,0,0,0,336,0,6,990,0.982456140351,1,0,0.0175438596491,1,0.982456140351,0.991150442478,0.988199235917,0.982456140351,0.982456140351,63,69,0,0,0,0
3197,WLNM_dir_neg,0.987712665406,0.968596855329,00:00:05,10,80,6,1240364541,threshold_sweep,0.2,1,0.884057971014,0.938461538462,61,0,8,138,0.884057971014,1,0,0.115942028986,1,0.884057971014,0.938461538462,0.961352657005,0.568438003221,0.910447761194,0.914120581956,0.884057971014,342,273,69,0,342,0,273,0,69,37,342,0.256756756757,1.72528881811,18.4864864865,15.5454545455,9.77142857143,5.36771015539,0.290358590277,0.142642642643,9.50849154237,1.02869645341,0.544491860281,8.05331334643,0.871264894205,0.461830251304,0.640599570326,0.371299902718,2,1.72528881811,0.640599570326,2,0.344071394247,0.376569037657,810,0.104247104247,0.56957682835,37,37,37,1,0,0.405405405405,0.540540540541,0.0540540540541,37,0.204954954955,1.74556096203,14.7567567568,12.4090909091,7.8,4.07161860666,0.275915546605,0.145629145629,7.30049979777,0.989445027537,0.526284526285,6.53346662854,0.88548815112,0.480348480348,0.663008153743,0.379825264293,2,1.74556096203,0.663008153743,2,0.232504590864,0.2408650261,323,0.0415701415701,0.40705017509,37,37,37,1,0,0.405405405405,0.540540540541,0.0540540540541,37,334,0.250750750751,1.71965266845,18.0540540541,15.1818181818,9.54285714286,4.926943756,0.272899579299,0.134325942709,9.09360729819,1.00737565878,0.53584722447,8.18360992909,0.906567566995,0.476776177375,0.634095712195,0.368734758959,2,1.71965266845,0.634095712195,2,0.311976372037,0.334099868594,678,0.0872586872587,0.575028820377,37,37,37,1,0,0.405405405405,0.540540540541,0.0540540540541,-8,-0.00600600600601,-0.00563614966124,-0.432432432432,-0.363636363636,-0.228571428571,-0.440766399395,-0.0174590109778,-0.00831669993347,-0.414884244185,-0.0213207946333,-0.00864463581135,0.130296582654,0.0353026727899,0.014945926071,-0.0065038581314,-0.0025651437592,0,-0.00563614966124,-0.0065038581314,0,-0.0320950222105,-0.0424691690629,-132,-0.0169884169884,0.00545199202706,0,0,0,334,0,8,990,0.976608187135,1,0,0.0233918128655,1,0.976608187135,0.988165680473,0.984266053764,0.976608187135,0.976608187135,61,69,0,0,0,0
3198,WLNM_dir_neg,0.987712665406,0.968596855329,00:00:05,10,80,6,1240364541,threshold_sweep,0.3,1,0.884057971014,0.938461538462,61,0,8,138,0.884057971014,1,0,0.115942028986,1,0.884057971014,0.938461538462,0.961352657005,0.568438003221,0.910447761194,0.914120581956,0.884057971014,342,273,69,0,342,0,273,0,69,37,342,0.256756756757,1.72528881811,18.4864864865,15.5454545455,9.77142857143,5.36771015539,0.290358590277,0.142642642643,9.50849154237,1.02869645341,0.544491860281,8.05331334643,0.871264894205,0.461830251304,0.640599570326,0.371299902718,2,1.72528881811,0.640599570326,2,0.344071394247,0.376569037657,810,0.104247104247,0.56957682835,37,37,37,1,0,0.405405405405,0.540540540541,0.0540540540541,37,0.204954954955,1.74556096203,14.7567567568,12.4090909091,7.8,4.07161860666,0.275915546605,0.145629145629,7.30049979777,0.989445027537,0.526284526285,6.53346662854,0.88548815112,0.480348480348,0.663008153743,0.379825264293,2,1.74556096203,0.663008153743,2,0.232504590864,0.2408650261,323,0.0415701415701,0.40705017509,37,37,37,1,0,0.405405405405,0.540540540541,0.0540540540541,37,334,0.250750750751,1.71965266845,18.0540540541,15.1818181818,9.54285714286,4.926943756,0.272899579299,0.134325942709,9.09360729819,1.00737565878,0.53584722447,8.18360992909,0.906567566995,0.476776177375,0.634095712195,0.368734758959,2,1.71965266845,0.634095712195,2,0.311976372037,0.334099868594,678,0.0872586872587,0.575028820377,37,37,37,1,0,0.405405405405,0.540540540541,0.0540540540541,-8,-0.00600600600601,-0.00563614966124,-0.432432432432,-0.363636363636,-0.228571428571,-0.440766399395,-0.0174590109778,-0.00831669993347,-0.414884244185,-0.0213207946333,-0.00864463581135,0.130296582654,0.0353026727899,0.014945926071,-0.0065038581314,-0.0025651437592,0,-0.00563614966124,-0.0065038581314,0,-0.0320950222105,-0.0424691690629,-132,-0.0169884169884,0.00545199202706,0,0,0,334,0,8,990,0.976608187135,1,0,0.0233918128655,1,0.976608187135,0.988165680473,0.984266053764,0.976608187135,0.976608187135,61,69,0,0,0,0
3199,WLNM_dir_neg,0.987712665406,0.968596855329,00:00:05,10,80,6,1240364541,threshold_sweep,0.4,1,0.884057971014,0.938461538462,61,0,8,138,0.884057971014,1,0,0.115942028986,1,0.884057971014,0.938461538462,0.961352657005,0.568438003221,0.910447761194,0.914120581956,0.884057971014,342,273,69,0,342,0,273,0,69,37,342,0.256756756757,1.72528881811,18.4864864865,15.5454545455,9.77142857143,5.36771015539,0.290358590277,0.142642642643,9.50849154237,1.02869645341,0.544491860281,8.05331334643,0.871264894205,0.461830251304,0.640599570326,0.371299902718,2,1.72528881811,0.640599570326,2,0.344071394247,0.376569037657,810,0.104247104247,0.56957682835,37,37,37,1,0,0.405405405405,0.540540540541,0.0540540540541,37,0.204954954955,1.74556096203,14.7567567568,12.4090909091,7.8,4.07161860666,0.275915546605,0.145629145629,7.30049979777,0.989445027537,0.526284526285,6.53346662854,0.88548815112,0.480348480348,0.663008153743,0.379825264293,2,1.74556096203,0.663008153743,2,0.232504590864,0.2408650261,323,0.0415701415701,0.40705017509,37,37,37,1,0,0.405405405405,0.540540540541,0.0540540540541,37,334,0.250750750751,1.71965266845,18.0540540541,15.1818181818,9.54285714286,4.926943756,0.272899579299,0.134325942709,9.09360729819,1.00737565878,0.53584722447,8.18360992909,0.906567566995,0.476776177375,0.634095712195,0.368734758959,2,1.71965266845,0.634095712195,2,0.311976372037,0.334099868594,678,0.0872586872587,0.575028820377,37,37,37,1,0,0.405405405405,0.540540540541,0.0540540540541,-8,-0.00600600600601,-0.00563614966124,-0.432432432432,-0.363636363636,-0.228571428571,-0.440766399395,-0.0174590109778,-0.00831669993347,-0.414884244185,-0.0213207946333,-0.00864463581135,0.130296582654,0.0353026727899,0.014945926071,-0.0065038581314,-0.0025651437592,0,-0.00563614966124,-0.0065038581314,0,-0.0320950222105,-0.0424691690629,-132,-0.0169884169884,0.00545199202706,0,0,0,334,0,8,990,0.976608187135,1,0,0.0233918128655,1,0.976608187135,0.988165680473,0.984266053764,0.976608187135,0.976608187135,61,69,0,0,0,0
3200,WLNM_dir_neg,0.987712665406,0.968596855329,00:00:05,10,80,6,1240364541,threshold_sweep,0.5,1,0.884057971014,0.938461538462,61,0,8,138,0.884057971014,1,0,0.115942028986,1,0.884057971014,0.938461538462,0.961352657005,0.568438003221,0.910447761194,0.914120581956,0.884057971014,342,273,69,0,342,0,273,0,69,37,342,0.256756756757,1.72528881811,18.4864864865,15.5454545455,9.77142857143,5.36771015539,0.290358590277,0.142642642643,9.50849154237,1.02869645341,0.544491860281,8.05331334643,0.871264894205,0.461830251304,0.640599570326,0.371299902718,2,1.72528881811,0.640599570326,2,0.344071394247,0.376569037657,810,0.104247104247,0.56957682835,37,37,37,1,0,0.405405405405,0.540540540541,0.0540540540541,37,0.204954954955,1.74556096203,14.7567567568,12.4090909091,7.8,4.07161860666,0.275915546605,0.145629145629,7.30049979777,0.989445027537,0.526284526285,6.53346662854,0.88548815112,0.480348480348,0.663008153743,0.379825264293,2,1.74556096203,0.663008153743,2,0.232504590864,0.2408650261,323,0.0415701415701,0.40705017509,37,37,37,1,0,0.405405405405,0.540540540541,0.0540540540541,37,334,0.250750750751,1.71965266845,18.0540540541,15.1818181818,9.54285714286,4.926943756,0.272899579299,0.134325942709,9.09360729819,1.00737565878,0.53584722447,8.18360992909,0.906567566995,0.476776177375,0.634095712195,0.368734758959,2,1.71965266845,0.634095712195,2,0.311976372037,0.334099868594,678,0.0872586872587,0.575028820377,37,37,37,1,0,0.405405405405,0.540540540541,0.0540540540541,-8,-0.00600600600601,-0.00563614966124,-0.432432432432,-0.363636363636,-0.228571428571,-0.440766399395,-0.0174590109778,-0.00831669993347,-0.414884244185,-0.0213207946333,-0.00864463581135,0.130296582654,0.0353026727899,0.014945926071,-0.0065038581314,-0.0025651437592,0,-0.00563614966124,-0.0065038581314,0,-0.0320950222105,-0.0424691690629,-132,-0.0169884169884,0.00545199202706,0,0,0,334,0,8,990,0.976608187135,1,0,0.0233918128655,1,0.976608187135,0.988165680473,0.984266053764,0.976608187135,0.976608187135,61,69,0,0,0,0
3201,WLNM_dir_neg,0.987712665406,0.968596855329,00:00:05,10,80,6,1240364541,threshold_sweep,0.6,1,0.884057971014,0.938461538462,61,0,8,138,0.884057971014,1,0,0.115942028986,1,0.884057971014,0.938461538462,0.961352657005,0.568438003221,0.910447761194,0.914120581956,0.884057971014,342,273,69,0,342,0,273,0,69,37,342,0.256756756757,1.72528881811,18.4864864865,15.5454545455,9.77142857143,5.36771015539,0.290358590277,0.142642642643,9.50849154237,1.02869645341,0.544491860281,8.05331334643,0.871264894205,0.461830251304,0.640599570326,0.371299902718,2,1.72528881811,0.640599570326,2,0.344071394247,0.376569037657,810,0.104247104247,0.56957682835,37,37,37,1,0,0.405405405405,0.540540540541,0.0540540540541,37,0.204954954955,1.74556096203,14.7567567568,12.4090909091,7.8,4.07161860666,0.275915546605,0.145629145629,7.30049979777,0.989445027537,0.526284526285,6.53346662854,0.88548815112,0.480348480348,0.663008153743,0.379825264293,2,1.74556096203,0.663008153743,2,0.232504590864,0.2408650261,323,0.0415701415701,0.40705017509,37,37,37,1,0,0.405405405405,0.540540540541,0.0540540540541,37,334,0.250750750751,1.71965266845,18.0540540541,15.1818181818,9.54285714286,4.926943756,0.272899579299,0.134325942709,9.09360729819,1.00737565878,0.53584722447,8.18360992909,0.906567566995,0.476776177375,0.634095712195,0.368734758959,2,1.71965266845,0.634095712195,2,0.311976372037,0.334099868594,678,0.0872586872587,0.575028820377,37,37,37,1,0,0.405405405405,0.540540540541,0.0540540540541,-8,-0.00600600600601,-0.00563614966124,-0.432432432432,-0.363636363636,-0.228571428571,-0.440766399395,-0.0174590109778,-0.00831669993347,-0.414884244185,-0.0213207946333,-0.00864463581135,0.130296582654,0.0353026727899,0.014945926071,-0.0065038581314,-0.0025651437592,0,-0.00563614966124,-0.0065038581314,0,-0.0320950222105,-0.0424691690629,-132,-0.0169884169884,0.00545199202706,0,0,0,334,0,8,990,0.976608187135,1,0,0.0233918128655,1,0.976608187135,0.988165680473,0.984266053764,0.976608187135,0.976608187135,61,69,0,0,0,0
3202,WLNM_dir_neg,0.987712665406,0.968596855329,00:00:05,10,80,6,1240364541,threshold_sweep,0.7,1,0.884057971014,0.938461538462,61,0,8,138,0.884057971014,1,0,0.115942028986,1,0.884057971014,0.938461538462,0.961352657005,0.568438003221,0.910447761194,0.914120581956,0.884057971014,342,273,69,0,342,0,273,0,69,37,342,0.256756756757,1.72528881811,18.4864864865,15.5454545455,9.77142857143,5.36771015539,0.290358590277,0.142642642643,9.50849154237,1.02869645341,0.544491860281,8.05331334643,0.871264894205,0.461830251304,0.640599570326,0.371299902718,2,1.72528881811,0.640599570326,2,0.344071394247,0.376569037657,810,0.104247104247,0.56957682835,37,37,37,1,0,0.405405405405,0.540540540541,0.0540540540541,37,0.204954954955,1.74556096203,14.7567567568,12.4090909091,7.8,4.07161860666,0.275915546605,0.145629145629,7.30049979777,0.989445027537,0.526284526285,6.53346662854,0.88548815112,0.480348480348,0.663008153743,0.379825264293,2,1.74556096203,0.663008153743,2,0.232504590864,0.2408650261,323,0.0415701415701,0.40705017509,37,37,37,1,0,0.405405405405,0.540540540541,0.0540540540541,37,334,0.250750750751,1.71965266845,18.0540540541,15.1818181818,9.54285714286,4.926943756,0.272899579299,0.134325942709,9.09360729819,1.00737565878,0.53584722447,8.18360992909,0.906567566995,0.476776177375,0.634095712195,0.368734758959,2,1.71965266845,0.634095712195,2,0.311976372037,0.334099868594,678,0.0872586872587,0.575028820377,37,37,37,1,0,0.405405405405,0.540540540541,0.0540540540541,-8,-0.00600600600601,-0.00563614966124,-0.432432432432,-0.363636363636,-0.228571428571,-0.440766399395,-0.0174590109778,-0.00831669993347,-0.414884244185,-0.0213207946333,-0.00864463581135,0.130296582654,0.0353026727899,0.014945926071,-0.0065038581314,-0.0025651437592,0,-0.00563614966124,-0.0065038581314,0,-0.0320950222105,-0.0424691690629,-132,-0.0169884169884,0.00545199202706,0,0,0,334,0,8,990,0.976608187135,1,0,0.0233918128655,1,0.976608187135,0.988165680473,0.984266053764,0.976608187135,0.976608187135,61,69,0,0,0,0
3203,WLNM_dir_neg,0.987712665406,0.968596855329,00:00:05,10,80,6,1240364541,threshold_sweep,0.8,1,0.884057971014,0.938461538462,61,0,8,138,0.884057971014,1,0,0.115942028986,1,0.884057971014,0.938461538462,0.961352657005,0.568438003221,0.910447761194,0.914120581956,0.884057971014,342,273,69,0,342,0,273,0,69,37,342,0.256756756757,1.72528881811,18.4864864865,15.5454545455,9.77142857143,5.36771015539,0.290358590277,0.142642642643,9.50849154237,1.02869645341,0.544491860281,8.05331334643,0.871264894205,0.461830251304,0.640599570326,0.371299902718,2,1.72528881811,0.640599570326,2,0.344071394247,0.376569037657,810,0.104247104247,0.56957682835,37,37,37,1,0,0.405405405405,0.540540540541,0.0540540540541,37,0.204954954955,1.74556096203,14.7567567568,12.4090909091,7.8,4.07161860666,0.275915546605,0.145629145629,7.30049979777,0.989445027537,0.526284526285,6.53346662854,0.88548815112,0.480348480348,0.663008153743,0.379825264293,2,1.74556096203,0.663008153743,2,0.232504590864,0.2408650261,323,0.0415701415701,0.40705017509,37,37,37,1,0,0.405405405405,0.540540540541,0.0540540540541,37,334,0.250750750751,1.71965266845,18.0540540541,15.1818181818,9.54285714286,4.926943756,0.272899579299,0.134325942709,9.09360729819,1.00737565878,0.53584722447,8.18360992909,0.906567566995,0.476776177375,0.634095712195,0.368734758959,2,1.71965266845,0.634095712195,2,0.311976372037,0.334099868594,678,0.0872586872587,0.575028820377,37,37,37,1,0,0.405405405405,0.540540540541,0.0540540540541,-8,-0.00600600600601,-0.00563614966124,-0.432432432432,-0.363636363636,-0.228571428571,-0.440766399395,-0.0174590109778,-0.00831669993347,-0.414884244185,-0.0213207946333,-0.00864463581135,0.130296582654,0.0353026727899,0.014945926071,-0.0065038581314,-0.0025651437592,0,-0.00563614966124,-0.0065038581314,0,-0.0320950222105,-0.0424691690629,-132,-0.0169884169884,0.00545199202706,0,0,0,334,0,8,990,0.976608187135,1,0,0.0233918128655,1,0.976608187135,0.988165680473,0.984266053764,0.976608187135,0.976608187135,61,69,0,0,0,0
3204,WLNM_dir_neg,0.987712665406,0.968596855329,00:00:05,10,80,6,1240364541,threshold_sweep,0.9,1,0.884057971014,0.938461538462,61,0,8,138,0.884057971014,1,0,0.115942028986,1,0.884057971014,0.938461538462,0.961352657005,0.568438003221,0.910447761194,0.914120581956,0.884057971014,342,273,69,0,342,0,273,0,69,37,342,0.256756756757,1.72528881811,18.4864864865,15.5454545455,9.77142857143,5.36771015539,0.290358590277,0.142642642643,9.50849154237,1.02869645341,0.544491860281,8.05331334643,0.871264894205,0.461830251304,0.640599570326,0.371299902718,2,1.72528881811,0.640599570326,2,0.344071394247,0.376569037657,810,0.104247104247,0.56957682835,37,37,37,1,0,0.405405405405,0.540540540541,0.0540540540541,37,0.204954954955,1.74556096203,14.7567567568,12.4090909091,7.8,4.07161860666,0.275915546605,0.145629145629,7.30049979777,0.989445027537,0.526284526285,6.53346662854,0.88548815112,0.480348480348,0.663008153743,0.379825264293,2,1.74556096203,0.663008153743,2,0.232504590864,0.2408650261,323,0.0415701415701,0.40705017509,37,37,37,1,0,0.405405405405,0.540540540541,0.0540540540541,37,334,0.250750750751,1.71965266845,18.0540540541,15.1818181818,9.54285714286,4.926943756,0.272899579299,0.134325942709,9.09360729819,1.00737565878,0.53584722447,8.18360992909,0.906567566995,0.476776177375,0.634095712195,0.368734758959,2,1.71965266845,0.634095712195,2,0.311976372037,0.334099868594,678,0.0872586872587,0.575028820377,37,37,37,1,0,0.405405405405,0.540540540541,0.0540540540541,-8,-0.00600600600601,-0.00563614966124,-0.432432432432,-0.363636363636,-0.228571428571,-0.440766399395,-0.0174590109778,-0.00831669993347,-0.414884244185,-0.0213207946333,-0.00864463581135,0.130296582654,0.0353026727899,0.014945926071,-0.0065038581314,-0.0025651437592,0,-0.00563614966124,-0.0065038581314,0,-0.0320950222105,-0.0424691690629,-132,-0.0169884169884,0.00545199202706,0,0,0,334,0,8,990,0.976608187135,1,0,0.0233918128655,1,0.976608187135,0.988165680473,0.984266053764,0.976608187135,0.976608187135,61,69,0,0,0,0
3205,WLNM_dir_neg,0.959304767906,0.79460493532,00:00:05,10,80,7,1240364542,threshold_sweep,0.1,0.98275862069,0.826086956522,0.897637795276,57,1,12,137,0.826086956522,0.992753623188,0.00724637681159,0.173913043478,0.98275862069,0.826086956522,0.897637795276,0.937198067633,0.573268921095,0.852830188679,0.859520649173,0.81884057971,342,273,69,0,342,0,273,0,69,37,342,0.256756756757,1.72528881811,18.4864864865,15.5454545455,9.77142857143,5.36771015539,0.290358590277,0.142642642643,9.50849154237,1.02869645341,0.544491860281,8.05331334643,0.871264894205,0.461830251304,0.640599570326,0.371299902718,2,1.72528881811,0.640599570326,2,0.344071394247,0.376569037657,810,0.104247104247,0.56957682835,37,37,37,1,0,0.405405405405,0.540540540541,0.0540540540541,37,0.204954954955,1.73770679154,14.7567567568,12.4090909091,7.8,4.17935006514,0.283216030055,0.143154143154,7.34223456506,0.995101387939,0.525690525691,6.72206710664,0.91104938808,0.48807048807,0.652200388105,0.375322460198,2,1.73770679154,0.652200388105,2,0.239315145197,0.237741456166,320,0.041184041184,0.41928892381,37,37,37,1,0,0.405405405405,0.540540540541,0.0540540540541,37,331,0.248498498498,1.71781935457,17.8918918919,15.0454545455,9.45714285714,4.77134842217,0.266676573445,0.126643259574,8.99674615855,1.00567857361,0.532865191475,8.26285512246,0.923642415502,0.481587327509,0.631317415657,0.367510945768,2,1.71781935457,0.631317415657,2,0.294323311085,0.307601946635,611,0.0786357786358,0.581686544357,37,37,37,1,0,0.405405405405,0.540540540541,0.0540540540541,-11,-0.00825825825826,-0.00746946354604,-0.594594594595,-0.5,-0.314285714286,-0.596361733221,-0.0236820168324,-0.0159993830689,-0.511745383822,-0.0230178798001,-0.0116266688059,0.209541776026,0.0523775212968,0.0197570762048,-0.00928215466929,-0.00378895694939,0,-0.00746946354604,-0.00928215466929,0,-0.0497480831621,-0.0689670910216,-199,-0.0256113256113,0.0121097160075,0,0,0,330,1,12,989,0.964912280702,0.99898989899,0.0010101010101,0.0350877192982,0.996978851964,0.964912280702,0.980683506686,0.974389458907,0.963902179692,0.962099125364,58,69,0,0,0,0
3206,WLNM_dir_neg,0.959304767906,0.79460493532,00:00:05,10,80,7,1240364542,threshold_sweep,0.2,0.98275862069,0.826086956522,0.897637795276,57,1,12,137,0.826086956522,0.992753623188,0.00724637681159,0.173913043478,0.98275862069,0.826086956522,0.897637795276,0.937198067633,0.573268921095,0.852830188679,0.859520649173,0.81884057971,342,273,69,0,342,0,273,0,69,37,342,0.256756756757,1.72528881811,18.4864864865,15.5454545455,9.77142857143,5.36771015539,0.290358590277,0.142642642643,9.50849154237,1.02869645341,0.544491860281,8.05331334643,0.871264894205,0.461830251304,0.640599570326,0.371299902718,2,1.72528881811,0.640599570326,2,0.344071394247,0.376569037657,810,0.104247104247,0.56957682835,37,37,37,1,0,0.405405405405,0.540540540541,0.0540540540541,37,0.204954954955,1.73770679154,14.7567567568,12.4090909091,7.8,4.17935006514,0.283216030055,0.143154143154,7.34223456506,0.995101387939,0.525690525691,6.72206710664,0.91104938808,0.48807048807,0.652200388105,0.375322460198,2,1.73770679154,0.652200388105,2,0.239315145197,0.237741456166,320,0.041184041184,0.41928892381,37,37,37,1,0,0.405405405405,0.540540540541,0.0540540540541,37,331,0.248498498498,1.71781935457,17.8918918919,15.0454545455,9.45714285714,4.77134842217,0.266676573445,0.126643259574,8.99674615855,1.00567857361,0.532865191475,8.26285512246,0.923642415502,0.481587327509,0.631317415657,0.367510945768,2,1.71781935457,0.631317415657,2,0.294323311085,0.307601946635,611,0.0786357786358,0.581686544357,37,37,37,1,0,0.405405405405,0.540540540541,0.0540540540541,-11,-0.00825825825826,-0.00746946354604,-0.594594594595,-0.5,-0.314285714286,-0.596361733221,-0.0236820168324,-0.0159993830689,-0.511745383822,-0.0230178798001,-0.0116266688059,0.209541776026,0.0523775212968,0.0197570762048,-0.00928215466929,-0.00378895694939,0,-0.00746946354604,-0.00928215466929,0,-0.0497480831621,-0.0689670910216,-199,-0.0256113256113,0.0121097160075,0,0,0,330,1,12,989,0.964912280702,0.99898989899,0.0010101010101,0.0350877192982,0.996978851964,0.964912280702,0.980683506686,0.974389458907,0.963902179692,0.962099125364,58,69,0,0,0,0
3207,WLNM_dir_neg,0.959304767906,0.79460493532,00:00:05,10,80,7,1240364542,threshold_sweep,0.3,0.982456140351,0.811594202899,0.888888888889,56,1,13,137,0.811594202899,0.992753623188,0.00724637681159,0.188405797101,0.982456140351,0.811594202899,0.888888888889,0.932367149758,0.574879227053,0.840909090909,0.848838215321,0.804347826087,342,273,69,0,342,0,273,0,69,37,342,0.256756756757,1.72528881811,18.4864864865,15.5454545455,9.77142857143,5.36771015539,0.290358590277,0.142642642643,9.50849154237,1.02869645341,0.544491860281,8.05331334643,0.871264894205,0.461830251304,0.640599570326,0.371299902718,2,1.72528881811,0.640599570326,2,0.344071394247,0.376569037657,810,0.104247104247,0.56957682835,37,37,37,1,0,0.405405405405,0.540540540541,0.0540540540541,37,0.204954954955,1.73770679154,14.7567567568,12.4090909091,7.8,4.17935006514,0.283216030055,0.143154143154,7.34223456506,0.995101387939,0.525690525691,6.72206710664,0.91104938808,0.48807048807,0.652200388105,0.375322460198,2,1.73770679154,0.652200388105,2,0.239315145197,0.237741456166,320,0.041184041184,0.41928892381,37,37,37,1,0,0.405405405405,0.540540540541,0.0540540540541,37,330,0.247747747748,1.71704314795,17.8378378378,15,9.42857142857,4.74056673542,0.265759044258,0.126208026208,8.95475782407,1.00401830149,0.531695331695,8.28780355026,0.929238579878,0.484684684685,0.630398229484,0.367141751934,2,1.71704314795,0.630398229484,2,0.289257813541,0.301571211353,595,0.0765765765766,0.583509776848,37,37,37,1,0,0.405405405405,0.540540540541,0.0540540540541,-12,-0.00900900900901,-0.00824567016746,-0.648648648649,-0.545454545455,-0.342857142857,-0.627143419973,-0.0245995460187,-0.0164346164346,-0.553733718308,-0.0246781519285,-0.012796528586,0.234490203825,0.0579736856727,0.0228544333807,-0.0102013408417,-0.00415815078333,0,-0.00824567016746,-0.0102013408417,0,-0.0548135807064,-0.0749978263036,-215,-0.0276705276705,0.0139329484982,0,0,0,329,1,13,989,0.961988304094,0.99898989899,0.0010101010101,0.0380116959064,0.99696969697,0.961988304094,0.979166666667,0.972418822753,0.960978203083,0.959183673469,57,69,0,0,0,0
3208,WLNM_dir_neg,0.959304767906,0.79460493532,00:00:05,10,80,7,1240364542,threshold_sweep,0.4,0.982456140351,0.811594202899,0.888888888889,56,1,13,137,0.811594202899,0.992753623188,0.00724637681159,0.188405797101,0.982456140351,0.811594202899,0.888888888889,0.932367149758,0.574879227053,0.840909090909,0.848838215321,0.804347826087,342,273,69,0,342,0,273,0,69,37,342,0.256756756757,1.72528881811,18.4864864865,15.5454545455,9.77142857143,5.36771015539,0.290358590277,0.142642642643,9.50849154237,1.02869645341,0.544491860281,8.05331334643,0.871264894205,0.461830251304,0.640599570326,0.371299902718,2,1.72528881811,0.640599570326,2,0.344071394247,0.376569037657,810,0.104247104247,0.56957682835,37,37,37,1,0,0.405405405405,0.540540540541,0.0540540540541,37,0.204954954955,1.73770679154,14.7567567568,12.4090909091,7.8,4.17935006514,0.283216030055,0.143154143154,7.34223456506,0.995101387939,0.525690525691,6.72206710664,0.91104938808,0.48807048807,0.652200388105,0.375322460198,2,1.73770679154,0.652200388105,2,0.239315145197,0.237741456166,320,0.041184041184,0.41928892381,37,37,37,1,0,0.405405405405,0.540540540541,0.0540540540541,37,330,0.247747747748,1.71704314795,17.8378378378,15,9.42857142857,4.74056673542,0.265759044258,0.126208026208,8.95475782407,1.00401830149,0.531695331695,8.28780355026,0.929238579878,0.484684684685,0.630398229484,0.367141751934,2,1.71704314795,0.630398229484,2,0.289257813541,0.301571211353,595,0.0765765765766,0.583509776848,37,37,37,1,0,0.405405405405,0.540540540541,0.0540540540541,-12,-0.00900900900901,-0.00824567016746,-0.648648648649,-0.545454545455,-0.342857142857,-0.627143419973,-0.0245995460187,-0.0164346164346,-0.553733718308,-0.0246781519285,-0.012796528586,0.234490203825,0.0579736856727,0.0228544333807,-0.0102013408417,-0.00415815078333,0,-0.00824567016746,-0.0102013408417,0,-0.0548135807064,-0.0749978263036,-215,-0.0276705276705,0.0139329484982,0,0,0,329,1,13,989,0.961988304094,0.99898989899,0.0010101010101,0.0380116959064,0.99696969697,0.961988304094,0.979166666667,0.972418822753,0.960978203083,0.959183673469,57,69,0,0,0,0
3209,WLNM_dir_neg,0.959304767906,0.79460493532,00:00:05,10,80,7,1240364542,threshold_sweep,0.5,0.982456140351,0.811594202899,0.888888888889,56,1,13,137,0.811594202899,0.992753623188,0.00724637681159,0.188405797101,0.982456140351,0.811594202899,0.888888888889,0.932367149758,0.574879227053,0.840909090909,0.848838215321,0.804347826087,342,273,69,0,342,0,273,0,69,37,342,0.256756756757,1.72528881811,18.4864864865,15.5454545455,9.77142857143,5.36771015539,0.290358590277,0.142642642643,9.50849154237,1.02869645341,0.544491860281,8.05331334643,0.871264894205,0.461830251304,0.640599570326,0.371299902718,2,1.72528881811,0.640599570326,2,0.344071394247,0.376569037657,810,0.104247104247,0.56957682835,37,37,37,1,0,0.405405405405,0.540540540541,0.0540540540541,37,0.204954954955,1.73770679154,14.7567567568,12.4090909091,7.8,4.17935006514,0.283216030055,0.143154143154,7.34223456506,0.995101387939,0.525690525691,6.72206710664,0.91104938808,0.48807048807,0.652200388105,0.375322460198,2,1.73770679154,0.652200388105,2,0.239315145197,0.237741456166,320,0.041184041184,0.41928892381,37,37,37,1,0,0.405405405405,0.540540540541,0.0540540540541,37,330,0.247747747748,1.71704314795,17.8378378378,15,9.42857142857,4.74056673542,0.265759044258,0.126208026208,8.95475782407,1.00401830149,0.531695331695,8.28780355026,0.929238579878,0.484684684685,0.630398229484,0.367141751934,2,1.71704314795,0.630398229484,2,0.289257813541,0.301571211353,595,0.0765765765766,0.583509776848,37,37,37,1,0,0.405405405405,0.540540540541,0.0540540540541,-12,-0.00900900900901,-0.00824567016746,-0.648648648649,-0.545454545455,-0.342857142857,-0.627143419973,-0.0245995460187,-0.0164346164346,-0.553733718308,-0.0246781519285,-0.012796528586,0.234490203825,0.0579736856727,0.0228544333807,-0.0102013408417,-0.00415815078333,0,-0.00824567016746,-0.0102013408417,0,-0.0548135807064,-0.0749978263036,-215,-0.0276705276705,0.0139329484982,0,0,0,329,1,13,989,0.961988304094,0.99898989899,0.0010101010101,0.0380116959064,0.99696969697,0.961988304094,0.979166666667,0.972418822753,0.960978203083,0.959183673469,57,69,0,0,0,0
3210,WLNM_dir_neg,0.959304767906,0.79460493532,00:00:05,10,80,7,1240364542,threshold_sweep,0.6,0.982456140351,0.811594202899,0.888888888889,56,1,13,137,0.811594202899,0.992753623188,0.00724637681159,0.188405797101,0.982456140351,0.811594202899,0.888888888889,0.932367149758,0.574879227053,0.840909090909,0.848838215321,0.804347826087,342,273,69,0,342,0,273,0,69,37,342,0.256756756757,1.72528881811,18.4864864865,15.5454545455,9.77142857143,5.36771015539,0.290358590277,0.142642642643,9.50849154237,1.02869645341,0.544491860281,8.05331334643,0.871264894205,0.461830251304,0.640599570326,0.371299902718,2,1.72528881811,0.640599570326,2,0.344071394247,0.376569037657,810,0.104247104247,0.56957682835,37,37,37,1,0,0.405405405405,0.540540540541,0.0540540540541,37,0.204954954955,1.73770679154,14.7567567568,12.4090909091,7.8,4.17935006514,0.283216030055,0.143154143154,7.34223456506,0.995101387939,0.525690525691,6.72206710664,0.91104938808,0.48807048807,0.652200388105,0.375322460198,2,1.73770679154,0.652200388105,2,0.239315145197,0.237741456166,320,0.041184041184,0.41928892381,37,37,37,1,0,0.405405405405,0.540540540541,0.0540540540541,37,330,0.247747747748,1.71704314795,17.8378378378,15,9.42857142857,4.74056673542,0.265759044258,0.126208026208,8.95475782407,1.00401830149,0.531695331695,8.28780355026,0.929238579878,0.484684684685,0.630398229484,0.367141751934,2,1.71704314795,0.630398229484,2,0.289257813541,0.301571211353,595,0.0765765765766,0.583509776848,37,37,37,1,0,0.405405405405,0.540540540541,0.0540540540541,-12,-0.00900900900901,-0.00824567016746,-0.648648648649,-0.545454545455,-0.342857142857,-0.627143419973,-0.0245995460187,-0.0164346164346,-0.553733718308,-0.0246781519285,-0.012796528586,0.234490203825,0.0579736856727,0.0228544333807,-0.0102013408417,-0.00415815078333,0,-0.00824567016746,-0.0102013408417,0,-0.0548135807064,-0.0749978263036,-215,-0.0276705276705,0.0139329484982,0,0,0,329,1,13,989,0.961988304094,0.99898989899,0.0010101010101,0.0380116959064,0.99696969697,0.961988304094,0.979166666667,0.972418822753,0.960978203083,0.959183673469,57,69,0,0,0,0
3211,WLNM_dir_neg,0.959304767906,0.79460493532,00:00:05,10,80,7,1240364542,threshold_sweep,0.7,0.982456140351,0.811594202899,0.888888888889,56,1,13,137,0.811594202899,0.992753623188,0.00724637681159,0.188405797101,0.982456140351,0.811594202899,0.888888888889,0.932367149758,0.574879227053,0.840909090909,0.848838215321,0.804347826087,342,273,69,0,342,0,273,0,69,37,342,0.256756756757,1.72528881811,18.4864864865,15.5454545455,9.77142857143,5.36771015539,0.290358590277,0.142642642643,9.50849154237,1.02869645341,0.544491860281,8.05331334643,0.871264894205,0.461830251304,0.640599570326,0.371299902718,2,1.72528881811,0.640599570326,2,0.344071394247,0.376569037657,810,0.104247104247,0.56957682835,37,37,37,1,0,0.405405405405,0.540540540541,0.0540540540541,37,0.204954954955,1.73770679154,14.7567567568,12.4090909091,7.8,4.17935006514,0.283216030055,0.143154143154,7.34223456506,0.995101387939,0.525690525691,6.72206710664,0.91104938808,0.48807048807,0.652200388105,0.375322460198,2,1.73770679154,0.652200388105,2,0.239315145197,0.237741456166,320,0.041184041184,0.41928892381,37,37,37,1,0,0.405405405405,0.540540540541,0.0540540540541,37,330,0.247747747748,1.71704314795,17.8378378378,15,9.42857142857,4.74056673542,0.265759044258,0.126208026208,8.95475782407,1.00401830149,0.531695331695,8.28780355026,0.929238579878,0.484684684685,0.630398229484,0.367141751934,2,1.71704314795,0.630398229484,2,0.289257813541,0.301571211353,595,0.0765765765766,0.583509776848,37,37,37,1,0,0.405405405405,0.540540540541,0.0540540540541,-12,-0.00900900900901,-0.00824567016746,-0.648648648649,-0.545454545455,-0.342857142857,-0.627143419973,-0.0245995460187,-0.0164346164346,-0.553733718308,-0.0246781519285,-0.012796528586,0.234490203825,0.0579736856727,0.0228544333807,-0.0102013408417,-0.00415815078333,0,-0.00824567016746,-0.0102013408417,0,-0.0548135807064,-0.0749978263036,-215,-0.0276705276705,0.0139329484982,0,0,0,329,1,13,989,0.961988304094,0.99898989899,0.0010101010101,0.0380116959064,0.99696969697,0.961988304094,0.979166666667,0.972418822753,0.960978203083,0.959183673469,57,69,0,0,0,0
3212,WLNM_dir_neg,0.959304767906,0.79460493532,00:00:05,10,80,7,1240364542,threshold_sweep,0.8,0.982142857143,0.797101449275,0.88,55,1,14,137,0.797101449275,0.992753623188,0.00724637681159,0.202898550725,0.982142857143,0.797101449275,0.88,0.927536231884,0.576489533011,0.828897338403,0.838164018242,0.789855072464,342,273,69,0,342,0,273,0,69,37,342,0.256756756757,1.72528881811,18.4864864865,15.5454545455,9.77142857143,5.36771015539,0.290358590277,0.142642642643,9.50849154237,1.02869645341,0.544491860281,8.05331334643,0.871264894205,0.461830251304,0.640599570326,0.371299902718,2,1.72528881811,0.640599570326,2,0.344071394247,0.376569037657,810,0.104247104247,0.56957682835,37,37,37,1,0,0.405405405405,0.540540540541,0.0540540540541,37,0.204954954955,1.73770679154,14.7567567568,12.4090909091,7.8,4.17935006514,0.283216030055,0.143154143154,7.34223456506,0.995101387939,0.525690525691,6.72206710664,0.91104938808,0.48807048807,0.652200388105,0.375322460198,2,1.73770679154,0.652200388105,2,0.239315145197,0.237741456166,320,0.041184041184,0.41928892381,37,37,37,1,0,0.405405405405,0.540540540541,0.0540540540541,37,329,0.246996996997,1.71602304813,17.7837837838,14.9545454545,9.4,4.74420778503,0.26677156238,0.126755935267,8.92183272087,1.00336720569,0.530682658342,8.27574697462,0.930707106569,0.485500698267,0.629369830152,0.366760709209,2,1.71602304813,0.629369830152,2,0.28918513475,0.300764655905,590,0.0759330759331,0.582433277627,37,37,37,1,0,0.405405405405,0.540540540541,0.0540540540541,-13,-0.00975975975976,-0.00926576998117,-0.702702702703,-0.590909090909,-0.371428571429,-0.623502370367,-0.0235870278972,-0.0158867073761,-0.58665882151,-0.0253292477248,-0.0138092019391,0.222433628189,0.0594422123637,0.0236704469627,-0.0112297401737,-0.00453919350882,0,-0.00926576998117,-0.0112297401737,0,-0.0548862594976,-0.0758043817521,-220,-0.028314028314,0.012856449277,0,0,0,328,1,14,989,0.959064327485,0.99898989899,0.0010101010101,0.0409356725146,0.996960486322,0.959064327485,0.977645305514,0.970448126539,0.958054226475,0.956268221574,56,69,0,0,0,0
3213,WLNM_dir_neg,0.959304767906,0.79460493532,00:00:05,10,80,7,1240364542,threshold_sweep,0.9,0.982142857143,0.797101449275,0.88,55,1,14,137,0.797101449275,0.992753623188,0.00724637681159,0.202898550725,0.982142857143,0.797101449275,0.88,0.927536231884,0.576489533011,0.828897338403,0.838164018242,0.789855072464,342,273,69,0,342,0,273,0,69,37,342,0.256756756757,1.72528881811,18.4864864865,15.5454545455,9.77142857143,5.36771015539,0.290358590277,0.142642642643,9.50849154237,1.02869645341,0.544491860281,8.05331334643,0.871264894205,0.461830251304,0.640599570326,0.371299902718,2,1.72528881811,0.640599570326,2,0.344071394247,0.376569037657,810,0.104247104247,0.56957682835,37,37,37,1,0,0.405405405405,0.540540540541,0.0540540540541,37,0.204954954955,1.73770679154,14.7567567568,12.4090909091,7.8,4.17935006514,0.283216030055,0.143154143154,7.34223456506,0.995101387939,0.525690525691,6.72206710664,0.91104938808,0.48807048807,0.652200388105,0.375322460198,2,1.73770679154,0.652200388105,2,0.239315145197,0.237741456166,320,0.041184041184,0.41928892381,37,37,37,1,0,0.405405405405,0.540540540541,0.0540540540541,37,329,0.246996996997,1.71602304813,17.7837837838,14.9545454545,9.4,4.74420778503,0.26677156238,0.126755935267,8.92183272087,1.00336720569,0.530682658342,8.27574697462,0.930707106569,0.485500698267,0.629369830152,0.366760709209,2,1.71602304813,0.629369830152,2,0.28918513475,0.300764655905,590,0.0759330759331,0.582433277627,37,37,37,1,0,0.405405405405,0.540540540541,0.0540540540541,-13,-0.00975975975976,-0.00926576998117,-0.702702702703,-0.590909090909,-0.371428571429,-0.623502370367,-0.0235870278972,-0.0158867073761,-0.58665882151,-0.0253292477248,-0.0138092019391,0.222433628189,0.0594422123637,0.0236704469627,-0.0112297401737,-0.00453919350882,0,-0.00926576998117,-0.0112297401737,0,-0.0548862594976,-0.0758043817521,-220,-0.028314028314,0.012856449277,0,0,0,328,1,14,989,0.959064327485,0.99898989899,0.0010101010101,0.0409356725146,0.996960486322,0.959064327485,0.977645305514,0.970448126539,0.958054226475,0.956268221574,56,69,0,0,0,0
3214,WLNM_dir_neg,0.989708044528,0.97210946151,00:00:05,10,80,8,1240364543,threshold_sweep,0.1,1,0.913043478261,0.954545454545,63,0,6,138,0.913043478261,1,0,0.0869565217391,1,0.913043478261,0.954545454545,0.971014492754,0.565217391304,0.933333333333,0.935414346693,0.913043478261,342,273,69,0,342,0,273,0,69,37,342,0.256756756757,1.72528881811,18.4864864865,15.5454545455,9.77142857143,5.36771015539,0.290358590277,0.142642642643,9.50849154237,1.02869645341,0.544491860281,8.05331334643,0.871264894205,0.461830251304,0.640599570326,0.371299902718,2,1.72528881811,0.640599570326,2,0.344071394247,0.376569037657,810,0.104247104247,0.56957682835,37,37,37,1,0,0.405405405405,0.540540540541,0.0540540540541,37,0.204954954955,1.75592088042,14.7567567568,12.4090909091,7.8,4.20585177927,0.28501193376,0.14454014454,7.38373344044,1.00072577764,0.531432531433,6.52921363034,0.884911737445,0.476784476784,0.679519122937,0.386987324151,2,1.75592088042,0.679519122937,2,0.246989735457,0.244746600742,330,0.042471042471,0.405351362196,37,37,37,1,0,0.405405405405,0.540540540541,0.0540540540541,37,336,0.252252252252,1.7188075576,18.1621621622,15.2727272727,9.6,5.11812418716,0.281801480543,0.137709137709,9.25976475097,1.01967647555,0.540057915058,8.1458182127,0.89700974366,0.473455598456,0.634277363263,0.36902174444,2,1.7188075576,0.634277363263,2,0.318860309525,0.344309927361,711,0.0915057915058,0.575512484714,37,37,37,1,0,0.405405405405,0.540540540541,0.0540540540541,-6,-0.0045045045045,-0.00648126051012,-0.324324324324,-0.272727272727,-0.171428571429,-0.249585968233,-0.00855710973407,-0.0049335049335,-0.248726791408,-0.00901997786194,-0.00443394522342,0.0925048662657,0.0257448494555,0.0116253471517,-0.0063222070627,-0.00227815827809,0,-0.00648126051012,-0.0063222070627,0,-0.025211084722,-0.0322591102961,-99,-0.0127413127413,0.00593565636425,0,0,0,336,0,6,990,0.982456140351,1,0,0.0175438596491,1,0.982456140351,0.991150442478,0.988199235917,0.982456140351,0.982456140351,63,69,0,0,0,0
3215,WLNM_dir_neg,0.989708044528,0.97210946151,00:00:05,10,80,8,1240364543,threshold_sweep,0.2,1,0.869565217391,0.93023255814,60,0,9,138,0.869565217391,1,0,0.130434782609,1,0.869565217391,0.93023255814,0.95652173913,0.570048309179,0.898876404494,0.903507902905,0.869565217391,342,273,69,0,342,0,273,0,69,37,342,0.256756756757,1.72528881811,18.4864864865,15.5454545455,9.77142857143,5.36771015539,0.290358590277,0.142642642643,9.50849154237,1.02869645341,0.544491860281,8.05331334643,0.871264894205,0.461830251304,0.640599570326,0.371299902718,2,1.72528881811,0.640599570326,2,0.344071394247,0.376569037657,810,0.104247104247,0.56957682835,37,37,37,1,0,0.405405405405,0.540540540541,0.0540540540541,37,0.204954954955,1.75592088042,14.7567567568,12.4090909091,7.8,4.20585177927,0.28501193376,0.14454014454,7.38373344044,1.00072577764,0.531432531433,6.52921363034,0.884911737445,0.476784476784,0.679519122937,0.386987324151,2,1.75592088042,0.679519122937,2,0.246989735457,0.244746600742,330,0.042471042471,0.405351362196,37,37,37,1,0,0.405405405405,0.540540540541,0.0540540540541,37,333,0.25,1.73169361955,18,15.1363636364,9.51428571429,5.11533641774,0.284185356541,0.137164191218,9.16212008459,1.01801334273,0.539241944647,8.19213715163,0.910237461292,0.479019560101,0.655446229435,0.378500112281,2,1.73169361955,0.655446229435,2,0.314452856305,0.332512315271,675,0.0868725868726,0.575668656866,37,37,37,1,0,0.405405405405,0.540540540541,0.0540540540541,-9,-0.00675675675676,0.00640480143075,-0.486486486486,-0.409090909091,-0.257142857143,-0.252373737652,-0.00617323373596,-0.0054784514244,-0.346371457785,-0.0106831106826,-0.00524991563398,0.138823805195,0.0389725670873,0.0171893087967,0.0148466591085,0.0072002095634,0,0.00640480143075,0.0148466591085,0,-0.0296185379424,-0.044056722386,-135,-0.0173745173745,0.00609182851653,0,0,0,333,0,9,990,0.973684210526,1,0,0.0263157894737,1,0.973684210526,0.986666666667,0.982299486258,0.973684210526,0.973684210526,60,69,0,0,0,0
3216,WLNM_dir_neg,0.989708044528,0.97210946151,00:00:05,10,80,8,1240364543,threshold_sweep,0.3,1,0.869565217391,0.93023255814,60,0,9,138,0.869565217391,1,0,0.130434782609,1,0.869565217391,0.93023255814,0.95652173913,0.570048309179,0.898876404494,0.903507902905,0.869565217391,342,273,69,0,342,0,273,0,69,37,342,0.256756756757,1.72528881811,18.4864864865,15.5454545455,9.77142857143,5.36771015539,0.290358590277,0.142642642643,9.50849154237,1.02869645341,0.544491860281,8.05331334643,0.871264894205,0.461830251304,0.640599570326,0.371299902718,2,1.72528881811,0.640599570326,2,0.344071394247,0.376569037657,810,0.104247104247,0.56957682835,37,37,37,1,0,0.405405405405,0.540540540541,0.0540540540541,37,0.204954954955,1.75592088042,14.7567567568,12.4090909091,7.8,4.20585177927,0.28501193376,0.14454014454,7.38373344044,1.00072577764,0.531432531433,6.52921363034,0.884911737445,0.476784476784,0.679519122937,0.386987324151,2,1.75592088042,0.679519122937,2,0.246989735457,0.244746600742,330,0.042471042471,0.405351362196,37,37,37,1,0,0.405405405405,0.540540540541,0.0540540540541,37,333,0.25,1.73169361955,18,15.1363636364,9.51428571429,5.11533641774,0.284185356541,0.137164191218,9.16212008459,1.01801334273,0.539241944647,8.19213715163,0.910237461292,0.479019560101,0.655446229435,0.378500112281,2,1.73169361955,0.655446229435,2,0.314452856305,0.332512315271,675,0.0868725868726,0.575668656866,37,37,37,1,0,0.405405405405,0.540540540541,0.0540540540541,-9,-0.00675675675676,0.00640480143075,-0.486486486486,-0.409090909091,-0.257142857143,-0.252373737652,-0.00617323373596,-0.0054784514244,-0.346371457785,-0.0106831106826,-0.00524991563398,0.138823805195,0.0389725670873,0.0171893087967,0.0148466591085,0.0072002095634,0,0.00640480143075,0.0148466591085,0,-0.0296185379424,-0.044056722386,-135,-0.0173745173745,0.00609182851653,0,0,0,333,0,9,990,0.973684210526,1,0,0.0263157894737,1,0.973684210526,0.986666666667,0.982299486258,0.973684210526,0.973684210526,60,69,0,0,0,0
3217,WLNM_dir_neg,0.989708044528,0.97210946151,00:00:05,10,80,8,1240364543,threshold_sweep,0.4,1,0.855072463768,0.921875,59,0,10,138,0.855072463768,1,0,0.144927536232,1,0.855072463768,0.921875,0.951690821256,0.571658615137,0.887218045113,0.892915056037,0.855072463768,342,273,69,0,342,0,273,0,69,37,342,0.256756756757,1.72528881811,18.4864864865,15.5454545455,9.77142857143,5.36771015539,0.290358590277,0.142642642643,9.50849154237,1.02869645341,0.544491860281,8.05331334643,0.871264894205,0.461830251304,0.640599570326,0.371299902718,2,1.72528881811,0.640599570326,2,0.344071394247,0.376569037657,810,0.104247104247,0.56957682835,37,37,37,1,0,0.405405405405,0.540540540541,0.0540540540541,37,0.204954954955,1.75592088042,14.7567567568,12.4090909091,7.8,4.20585177927,0.28501193376,0.14454014454,7.38373344044,1.00072577764,0.531432531433,6.52921363034,0.884911737445,0.476784476784,0.679519122937,0.386987324151,2,1.75592088042,0.679519122937,2,0.246989735457,0.244746600742,330,0.042471042471,0.405351362196,37,37,37,1,0,0.405405405405,0.540540540541,0.0540540540541,37,332,0.249249249249,1.73030780697,17.9459459459,15.0909090909,9.48571428571,5.1421242149,0.286534030047,0.137495929665,9.10581769617,1.01480498421,0.537935525887,8.21410198813,0.915427028798,0.481113643764,0.653577068757,0.377723007505,2,1.73030780697,0.653577068757,2,0.310418852271,0.333663366337,674,0.0867438867439,0.57673722113,37,37,37,1,0,0.405405405405,0.540540540541,0.0540540540541,-10,-0.00750750750751,0.00501898885477,-0.540540540541,-0.454545454545,-0.285714285714,-0.225585940495,-0.00382456023009,-0.00514671297804,-0.402673846203,-0.0138914692029,-0.006556334394,0.1607886417,0.0441621345932,0.0192833924603,0.0129774984311,0.00642310478682,0,0.00501898885477,0.0129774984311,0,-0.0336525419764,-0.0429056713203,-136,-0.0175032175032,0.00716039277965,0,0,0,332,0,10,990,0.970760233918,1,0,0.0292397660819,1,0.970760233918,0.985163204748,0.980332918747,0.970760233918,0.970760233918,59,69,0,0,0,0
3218,WLNM_dir_neg,0.989708044528,0.97210946151,00:00:05,10,80,8,1240364543,threshold_sweep,0.5,1,0.855072463768,0.921875,59,0,10,138,0.855072463768,1,0,0.144927536232,1,0.855072463768,0.921875,0.951690821256,0.571658615137,0.887218045113,0.892915056037,0.855072463768,342,273,69,0,342,0,273,0,69,37,342,0.256756756757,1.72528881811,18.4864864865,15.5454545455,9.77142857143,5.36771015539,0.290358590277,0.142642642643,9.50849154237,1.02869645341,0.544491860281,8.05331334643,0.871264894205,0.461830251304,0.640599570326,0.371299902718,2,1.72528881811,0.640599570326,2,0.344071394247,0.376569037657,810,0.104247104247,0.56957682835,37,37,37,1,0,0.405405405405,0.540540540541,0.0540540540541,37,0.204954954955,1.75592088042,14.7567567568,12.4090909091,7.8,4.20585177927,0.28501193376,0.14454014454,7.38373344044,1.00072577764,0.531432531433,6.52921363034,0.884911737445,0.476784476784,0.679519122937,0.386987324151,2,1.75592088042,0.679519122937,2,0.246989735457,0.244746600742,330,0.042471042471,0.405351362196,37,37,37,1,0,0.405405405405,0.540540540541,0.0540540540541,37,332,0.249249249249,1.73030780697,17.9459459459,15.0909090909,9.48571428571,5.1421242149,0.286534030047,0.137495929665,9.10581769617,1.01480498421,0.537935525887,8.21410198813,0.915427028798,0.481113643764,0.653577068757,0.377723007505,2,1.73030780697,0.653577068757,2,0.310418852271,0.333663366337,674,0.0867438867439,0.57673722113,37,37,37,1,0,0.405405405405,0.540540540541,0.0540540540541,-10,-0.00750750750751,0.00501898885477,-0.540540540541,-0.454545454545,-0.285714285714,-0.225585940495,-0.00382456023009,-0.00514671297804,-0.402673846203,-0.0138914692029,-0.006556334394,0.1607886417,0.0441621345932,0.0192833924603,0.0129774984311,0.00642310478682,0,0.00501898885477,0.0129774984311,0,-0.0336525419764,-0.0429056713203,-136,-0.0175032175032,0.00716039277965,0,0,0,332,0,10,990,0.970760233918,1,0,0.0292397660819,1,0.970760233918,0.985163204748,0.980332918747,0.970760233918,0.970760233918,59,69,0,0,0,0
3219,WLNM_dir_neg,0.989708044528,0.97210946151,00:00:05,10,80,8,1240364543,threshold_sweep,0.6,1,0.855072463768,0.921875,59,0,10,138,0.855072463768,1,0,0.144927536232,1,0.855072463768,0.921875,0.951690821256,0.571658615137,0.887218045113,0.892915056037,0.855072463768,342,273,69,0,342,0,273,0,69,37,342,0.256756756757,1.72528881811,18.4864864865,15.5454545455,9.77142857143,5.36771015539,0.290358590277,0.142642642643,9.50849154237,1.02869645341,0.544491860281,8.05331334643,0.871264894205,0.461830251304,0.640599570326,0.371299902718,2,1.72528881811,0.640599570326,2,0.344071394247,0.376569037657,810,0.104247104247,0.56957682835,37,37,37,1,0,0.405405405405,0.540540540541,0.0540540540541,37,0.204954954955,1.75592088042,14.7567567568,12.4090909091,7.8,4.20585177927,0.28501193376,0.14454014454,7.38373344044,1.00072577764,0.531432531433,6.52921363034,0.884911737445,0.476784476784,0.679519122937,0.386987324151,2,1.75592088042,0.679519122937,2,0.246989735457,0.244746600742,330,0.042471042471,0.405351362196,37,37,37,1,0,0.405405405405,0.540540540541,0.0540540540541,37,332,0.249249249249,1.73030780697,17.9459459459,15.0909090909,9.48571428571,5.1421242149,0.286534030047,0.137495929665,9.10581769617,1.01480498421,0.537935525887,8.21410198813,0.915427028798,0.481113643764,0.653577068757,0.377723007505,2,1.73030780697,0.653577068757,2,0.310418852271,0.333663366337,674,0.0867438867439,0.57673722113,37,37,37,1,0,0.405405405405,0.540540540541,0.0540540540541,-10,-0.00750750750751,0.00501898885477,-0.540540540541,-0.454545454545,-0.285714285714,-0.225585940495,-0.00382456023009,-0.00514671297804,-0.402673846203,-0.0138914692029,-0.006556334394,0.1607886417,0.0441621345932,0.0192833924603,0.0129774984311,0.00642310478682,0,0.00501898885477,0.0129774984311,0,-0.0336525419764,-0.0429056713203,-136,-0.0175032175032,0.00716039277965,0,0,0,332,0,10,990,0.970760233918,1,0,0.0292397660819,1,0.970760233918,0.985163204748,0.980332918747,0.970760233918,0.970760233918,59,69,0,0,0,0
3220,WLNM_dir_neg,0.989708044528,0.97210946151,00:00:05,10,80,8,1240364543,threshold_sweep,0.7,1,0.855072463768,0.921875,59,0,10,138,0.855072463768,1,0,0.144927536232,1,0.855072463768,0.921875,0.951690821256,0.571658615137,0.887218045113,0.892915056037,0.855072463768,342,273,69,0,342,0,273,0,69,37,342,0.256756756757,1.72528881811,18.4864864865,15.5454545455,9.77142857143,5.36771015539,0.290358590277,0.142642642643,9.50849154237,1.02869645341,0.544491860281,8.05331334643,0.871264894205,0.461830251304,0.640599570326,0.371299902718,2,1.72528881811,0.640599570326,2,0.344071394247,0.376569037657,810,0.104247104247,0.56957682835,37,37,37,1,0,0.405405405405,0.540540540541,0.0540540540541,37,0.204954954955,1.75592088042,14.7567567568,12.4090909091,7.8,4.20585177927,0.28501193376,0.14454014454,7.38373344044,1.00072577764,0.531432531433,6.52921363034,0.884911737445,0.476784476784,0.679519122937,0.386987324151,2,1.75592088042,0.679519122937,2,0.246989735457,0.244746600742,330,0.042471042471,0.405351362196,37,37,37,1,0,0.405405405405,0.540540540541,0.0540540540541,37,332,0.249249249249,1.73030780697,17.9459459459,15.0909090909,9.48571428571,5.1421242149,0.286534030047,0.137495929665,9.10581769617,1.01480498421,0.537935525887,8.21410198813,0.915427028798,0.481113643764,0.653577068757,0.377723007505,2,1.73030780697,0.653577068757,2,0.310418852271,0.333663366337,674,0.0867438867439,0.57673722113,37,37,37,1,0,0.405405405405,0.540540540541,0.0540540540541,-10,-0.00750750750751,0.00501898885477,-0.540540540541,-0.454545454545,-0.285714285714,-0.225585940495,-0.00382456023009,-0.00514671297804,-0.402673846203,-0.0138914692029,-0.006556334394,0.1607886417,0.0441621345932,0.0192833924603,0.0129774984311,0.00642310478682,0,0.00501898885477,0.0129774984311,0,-0.0336525419764,-0.0429056713203,-136,-0.0175032175032,0.00716039277965,0,0,0,332,0,10,990,0.970760233918,1,0,0.0292397660819,1,0.970760233918,0.985163204748,0.980332918747,0.970760233918,0.970760233918,59,69,0,0,0,0
3221,WLNM_dir_neg,0.989708044528,0.97210946151,00:00:05,10,80,8,1240364543,threshold_sweep,0.8,1,0.855072463768,0.921875,59,0,10,138,0.855072463768,1,0,0.144927536232,1,0.855072463768,0.921875,0.951690821256,0.571658615137,0.887218045113,0.892915056037,0.855072463768,342,273,69,0,342,0,273,0,69,37,342,0.256756756757,1.72528881811,18.4864864865,15.5454545455,9.77142857143,5.36771015539,0.290358590277,0.142642642643,9.50849154237,1.02869645341,0.544491860281,8.05331334643,0.871264894205,0.461830251304,0.640599570326,0.371299902718,2,1.72528881811,0.640599570326,2,0.344071394247,0.376569037657,810,0.104247104247,0.56957682835,37,37,37,1,0,0.405405405405,0.540540540541,0.0540540540541,37,0.204954954955,1.75592088042,14.7567567568,12.4090909091,7.8,4.20585177927,0.28501193376,0.14454014454,7.38373344044,1.00072577764,0.531432531433,6.52921363034,0.884911737445,0.476784476784,0.679519122937,0.386987324151,2,1.75592088042,0.679519122937,2,0.246989735457,0.244746600742,330,0.042471042471,0.405351362196,37,37,37,1,0,0.405405405405,0.540540540541,0.0540540540541,37,332,0.249249249249,1.73030780697,17.9459459459,15.0909090909,9.48571428571,5.1421242149,0.286534030047,0.137495929665,9.10581769617,1.01480498421,0.537935525887,8.21410198813,0.915427028798,0.481113643764,0.653577068757,0.377723007505,2,1.73030780697,0.653577068757,2,0.310418852271,0.333663366337,674,0.0867438867439,0.57673722113,37,37,37,1,0,0.405405405405,0.540540540541,0.0540540540541,-10,-0.00750750750751,0.00501898885477,-0.540540540541,-0.454545454545,-0.285714285714,-0.225585940495,-0.00382456023009,-0.00514671297804,-0.402673846203,-0.0138914692029,-0.006556334394,0.1607886417,0.0441621345932,0.0192833924603,0.0129774984311,0.00642310478682,0,0.00501898885477,0.0129774984311,0,-0.0336525419764,-0.0429056713203,-136,-0.0175032175032,0.00716039277965,0,0,0,332,0,10,990,0.970760233918,1,0,0.0292397660819,1,0.970760233918,0.985163204748,0.980332918747,0.970760233918,0.970760233918,59,69,0,0,0,0
3222,WLNM_dir_neg,0.989708044528,0.97210946151,00:00:05,10,80,8,1240364543,threshold_sweep,0.9,1,0.855072463768,0.921875,59,0,10,138,0.855072463768,1,0,0.144927536232,1,0.855072463768,0.921875,0.951690821256,0.571658615137,0.887218045113,0.892915056037,0.855072463768,342,273,69,0,342,0,273,0,69,37,342,0.256756756757,1.72528881811,18.4864864865,15.5454545455,9.77142857143,5.36771015539,0.290358590277,0.142642642643,9.50849154237,1.02869645341,0.544491860281,8.05331334643,0.871264894205,0.461830251304,0.640599570326,0.371299902718,2,1.72528881811,0.640599570326,2,0.344071394247,0.376569037657,810,0.104247104247,0.56957682835,37,37,37,1,0,0.405405405405,0.540540540541,0.0540540540541,37,0.204954954955,1.75592088042,14.7567567568,12.4090909091,7.8,4.20585177927,0.28501193376,0.14454014454,7.38373344044,1.00072577764,0.531432531433,6.52921363034,0.884911737445,0.476784476784,0.679519122937,0.386987324151,2,1.75592088042,0.679519122937,2,0.246989735457,0.244746600742,330,0.042471042471,0.405351362196,37,37,37,1,0,0.405405405405,0.540540540541,0.0540540540541,37,332,0.249249249249,1.73030780697,17.9459459459,15.0909090909,9.48571428571,5.1421242149,0.286534030047,0.137495929665,9.10581769617,1.01480498421,0.537935525887,8.21410198813,0.915427028798,0.481113643764,0.653577068757,0.377723007505,2,1.73030780697,0.653577068757,2,0.310418852271,0.333663366337,674,0.0867438867439,0.57673722113,37,37,37,1,0,0.405405405405,0.540540540541,0.0540540540541,-10,-0.00750750750751,0.00501898885477,-0.540540540541,-0.454545454545,-0.285714285714,-0.225585940495,-0.00382456023009,-0.00514671297804,-0.402673846203,-0.0138914692029,-0.006556334394,0.1607886417,0.0441621345932,0.0192833924603,0.0129774984311,0.00642310478682,0,0.00501898885477,0.0129774984311,0,-0.0336525419764,-0.0429056713203,-136,-0.0175032175032,0.00716039277965,0,0,0,332,0,10,990,0.970760233918,1,0,0.0292397660819,1,0.970760233918,0.985163204748,0.980332918747,0.970760233918,0.970760233918,59,69,0,0,0,0
3223,WLNM_dir_neg,0.980413778618,0.939996440925,00:00:05,10,80,9,1240364544,threshold_sweep,0.1,1,0.753623188406,0.859504132231,52,0,17,138,0.753623188406,1,0,0.246376811594,1,0.753623188406,0.859504132231,0.917874396135,0.582930756844,0.803088803089,0.819126206354,0.753623188406,342,273,69,0,342,0,273,0,69,37,342,0.256756756757,1.72528881811,18.4864864865,15.5454545455,9.77142857143,5.36771015539,0.290358590277,0.142642642643,9.50849154237,1.02869645341,0.544491860281,8.05331334643,0.871264894205,0.461830251304,0.640599570326,0.371299902718,2,1.72528881811,0.640599570326,2,0.344071394247,0.376569037657,810,0.104247104247,0.56957682835,37,37,37,1,0,0.405405405405,0.540540540541,0.0540540540541,37,0.204954954955,1.73940419417,14.7567567568,12.4090909091,7.8,4.28437344963,0.290332999334,0.149391149391,7.38749450593,1.00123551912,0.527076527077,6.60955264645,0.895800175526,0.486288486288,0.654267246586,0.376144457267,2,1.73940419417,0.654267246586,2,0.241603929735,0.252467917078,341,0.0438867438867,0.410718625668,37,37,37,1,0,0.405405405405,0.540540540541,0.0540540540541,37,325,0.243993993994,1.71518776959,17.5675675676,14.7727272727,9.28571428571,4.94155025462,0.281288245263,0.134968814969,8.81329530733,1.00335977345,0.531226611227,8.20614652811,0.934238220123,0.490311850312,0.62862383512,0.36650438294,2,1.71518776959,0.62862383512,2,0.286096764684,0.311829816672,601,0.0773487773488,0.574318325979,37,37,37,1,0,0.405405405405,0.540540540541,0.0540540540541,-17,-0.0127627627628,-0.0101010485276,-0.918918918919,-0.772727272727,-0.485714285714,-0.426159900775,-0.00907034501423,-0.00767382767383,-0.695196235046,-0.0253366799651,-0.0132652490547,0.152833181678,0.0629733259186,0.0284815990079,-0.0119757352064,-0.00479551977724,0,-0.0101010485276,-0.0119757352064,0,-0.0579746295634,-0.0647392209845,-209,-0.0268983268983,0.00474149762926,0,0,0,325,0,17,990,0.950292397661,1,0,0.0497076023392,1,0.950292397661,0.974512743628,0.966565944778,0.950292397661,0.950292397661,52,69,0,0,0,0
3224,WLNM_dir_neg,0.980413778618,0.939996440925,00:00:05,10,80,9,1240364544,threshold_sweep,0.2,1,0.753623188406,0.859504132231,52,0,17,138,0.753623188406,1,0,0.246376811594,1,0.753623188406,0.859504132231,0.917874396135,0.582930756844,0.803088803089,0.819126206354,0.753623188406,342,273,69,0,342,0,273,0,69,37,342,0.256756756757,1.72528881811,18.4864864865,15.5454545455,9.77142857143,5.36771015539,0.290358590277,0.142642642643,9.50849154237,1.02869645341,0.544491860281,8.05331334643,0.871264894205,0.461830251304,0.640599570326,0.371299902718,2,1.72528881811,0.640599570326,2,0.344071394247,0.376569037657,810,0.104247104247,0.56957682835,37,37,37,1,0,0.405405405405,0.540540540541,0.0540540540541,37,0.204954954955,1.73940419417,14.7567567568,12.4090909091,7.8,4.28437344963,0.290332999334,0.149391149391,7.38749450593,1.00123551912,0.527076527077,6.60955264645,0.895800175526,0.486288486288,0.654267246586,0.376144457267,2,1.73940419417,0.654267246586,2,0.241603929735,0.252467917078,341,0.0438867438867,0.410718625668,37,37,37,1,0,0.405405405405,0.540540540541,0.0540540540541,37,325,0.243993993994,1.71518776959,17.5675675676,14.7727272727,9.28571428571,4.94155025462,0.281288245263,0.134968814969,8.81329530733,1.00335977345,0.531226611227,8.20614652811,0.934238220123,0.490311850312,0.62862383512,0.36650438294,2,1.71518776959,0.62862383512,2,0.286096764684,0.311829816672,601,0.0773487773488,0.574318325979,37,37,37,1,0,0.405405405405,0.540540540541,0.0540540540541,-17,-0.0127627627628,-0.0101010485276,-0.918918918919,-0.772727272727,-0.485714285714,-0.426159900775,-0.00907034501423,-0.00767382767383,-0.695196235046,-0.0253366799651,-0.0132652490547,0.152833181678,0.0629733259186,0.0284815990079,-0.0119757352064,-0.00479551977724,0,-0.0101010485276,-0.0119757352064,0,-0.0579746295634,-0.0647392209845,-209,-0.0268983268983,0.00474149762926,0,0,0,325,0,17,990,0.950292397661,1,0,0.0497076023392,1,0.950292397661,0.974512743628,0.966565944778,0.950292397661,0.950292397661,52,69,0,0,0,0
3225,WLNM_dir_neg,0.980413778618,0.939996440925,00:00:05,10,80,9,1240364544,threshold_sweep,0.3,1,0.753623188406,0.859504132231,52,0,17,138,0.753623188406,1,0,0.246376811594,1,0.753623188406,0.859504132231,0.917874396135,0.582930756844,0.803088803089,0.819126206354,0.753623188406,342,273,69,0,342,0,273,0,69,37,342,0.256756756757,1.72528881811,18.4864864865,15.5454545455,9.77142857143,5.36771015539,0.290358590277,0.142642642643,9.50849154237,1.02869645341,0.544491860281,8.05331334643,0.871264894205,0.461830251304,0.640599570326,0.371299902718,2,1.72528881811,0.640599570326,2,0.344071394247,0.376569037657,810,0.104247104247,0.56957682835,37,37,37,1,0,0.405405405405,0.540540540541,0.0540540540541,37,0.204954954955,1.73940419417,14.7567567568,12.4090909091,7.8,4.28437344963,0.290332999334,0.149391149391,7.38749450593,1.00123551912,0.527076527077,6.60955264645,0.895800175526,0.486288486288,0.654267246586,0.376144457267,2,1.73940419417,0.654267246586,2,0.241603929735,0.252467917078,341,0.0438867438867,0.410718625668,37,37,37,1,0,0.405405405405,0.540540540541,0.0540540540541,37,325,0.243993993994,1.71518776959,17.5675675676,14.7727272727,9.28571428571,4.94155025462,0.281288245263,0.134968814969,8.81329530733,1.00335977345,0.531226611227,8.20614652811,0.934238220123,0.490311850312,0.62862383512,0.36650438294,2,1.71518776959,0.62862383512,2,0.286096764684,0.311829816672,601,0.0773487773488,0.574318325979,37,37,37,1,0,0.405405405405,0.540540540541,0.0540540540541,-17,-0.0127627627628,-0.0101010485276,-0.918918918919,-0.772727272727,-0.485714285714,-0.426159900775,-0.00907034501423,-0.00767382767383,-0.695196235046,-0.0253366799651,-0.0132652490547,0.152833181678,0.0629733259186,0.0284815990079,-0.0119757352064,-0.00479551977724,0,-0.0101010485276,-0.0119757352064,0,-0.0579746295634,-0.0647392209845,-209,-0.0268983268983,0.00474149762926,0,0,0,325,0,17,990,0.950292397661,1,0,0.0497076023392,1,0.950292397661,0.974512743628,0.966565944778,0.950292397661,0.950292397661,52,69,0,0,0,0
3226,WLNM_dir_neg,0.980413778618,0.939996440925,00:00:05,10,80,9,1240364544,threshold_sweep,0.4,1,0.753623188406,0.859504132231,52,0,17,138,0.753623188406,1,0,0.246376811594,1,0.753623188406,0.859504132231,0.917874396135,0.582930756844,0.803088803089,0.819126206354,0.753623188406,342,273,69,0,342,0,273,0,69,37,342,0.256756756757,1.72528881811,18.4864864865,15.5454545455,9.77142857143,5.36771015539,0.290358590277,0.142642642643,9.50849154237,1.02869645341,0.544491860281,8.05331334643,0.871264894205,0.461830251304,0.640599570326,0.371299902718,2,1.72528881811,0.640599570326,2,0.344071394247,0.376569037657,810,0.104247104247,0.56957682835,37,37,37,1,0,0.405405405405,0.540540540541,0.0540540540541,37,0.204954954955,1.73940419417,14.7567567568,12.4090909091,7.8,4.28437344963,0.290332999334,0.149391149391,7.38749450593,1.00123551912,0.527076527077,6.60955264645,0.895800175526,0.486288486288,0.654267246586,0.376144457267,2,1.73940419417,0.654267246586,2,0.241603929735,0.252467917078,341,0.0438867438867,0.410718625668,37,37,37,1,0,0.405405405405,0.540540540541,0.0540540540541,37,325,0.243993993994,1.71518776959,17.5675675676,14.7727272727,9.28571428571,4.94155025462,0.281288245263,0.134968814969,8.81329530733,1.00335977345,0.531226611227,8.20614652811,0.934238220123,0.490311850312,0.62862383512,0.36650438294,2,1.71518776959,0.62862383512,2,0.286096764684,0.311829816672,601,0.0773487773488,0.574318325979,37,37,37,1,0,0.405405405405,0.540540540541,0.0540540540541,-17,-0.0127627627628,-0.0101010485276,-0.918918918919,-0.772727272727,-0.485714285714,-0.426159900775,-0.00907034501423,-0.00767382767383,-0.695196235046,-0.0253366799651,-0.0132652490547,0.152833181678,0.0629733259186,0.0284815990079,-0.0119757352064,-0.00479551977724,0,-0.0101010485276,-0.0119757352064,0,-0.0579746295634,-0.0647392209845,-209,-0.0268983268983,0.00474149762926,0,0,0,325,0,17,990,0.950292397661,1,0,0.0497076023392,1,0.950292397661,0.974512743628,0.966565944778,0.950292397661,0.950292397661,52,69,0,0,0,0
3227,WLNM_dir_neg,0.980413778618,0.939996440925,00:00:05,10,80,9,1240364544,threshold_sweep,0.5,1,0.753623188406,0.859504132231,52,0,17,138,0.753623188406,1,0,0.246376811594,1,0.753623188406,0.859504132231,0.917874396135,0.582930756844,0.803088803089,0.819126206354,0.753623188406,342,273,69,0,342,0,273,0,69,37,342,0.256756756757,1.72528881811,18.4864864865,15.5454545455,9.77142857143,5.36771015539,0.290358590277,0.142642642643,9.50849154237,1.02869645341,0.544491860281,8.05331334643,0.871264894205,0.461830251304,0.640599570326,0.371299902718,2,1.72528881811,0.640599570326,2,0.344071394247,0.376569037657,810,0.104247104247,0.56957682835,37,37,37,1,0,0.405405405405,0.540540540541,0.0540540540541,37,0.204954954955,1.73940419417,14.7567567568,12.4090909091,7.8,4.28437344963,0.290332999334,0.149391149391,7.38749450593,1.00123551912,0.527076527077,6.60955264645,0.895800175526,0.486288486288,0.654267246586,0.376144457267,2,1.73940419417,0.654267246586,2,0.241603929735,0.252467917078,341,0.0438867438867,0.410718625668,37,37,37,1,0,0.405405405405,0.540540540541,0.0540540540541,37,325,0.243993993994,1.71518776959,17.5675675676,14.7727272727,9.28571428571,4.94155025462,0.281288245263,0.134968814969,8.81329530733,1.00335977345,0.531226611227,8.20614652811,0.934238220123,0.490311850312,0.62862383512,0.36650438294,2,1.71518776959,0.62862383512,2,0.286096764684,0.311829816672,601,0.0773487773488,0.574318325979,37,37,37,1,0,0.405405405405,0.540540540541,0.0540540540541,-17,-0.0127627627628,-0.0101010485276,-0.918918918919,-0.772727272727,-0.485714285714,-0.426159900775,-0.00907034501423,-0.00767382767383,-0.695196235046,-0.0253366799651,-0.0132652490547,0.152833181678,0.0629733259186,0.0284815990079,-0.0119757352064,-0.00479551977724,0,-0.0101010485276,-0.0119757352064,0,-0.0579746295634,-0.0647392209845,-209,-0.0268983268983,0.00474149762926,0,0,0,325,0,17,990,0.950292397661,1,0,0.0497076023392,1,0.950292397661,0.974512743628,0.966565944778,0.950292397661,0.950292397661,52,69,0,0,0,0
3228,WLNM_dir_neg,0.980413778618,0.939996440925,00:00:05,10,80,9,1240364544,threshold_sweep,0.6,1,0.753623188406,0.859504132231,52,0,17,138,0.753623188406,1,0,0.246376811594,1,0.753623188406,0.859504132231,0.917874396135,0.582930756844,0.803088803089,0.819126206354,0.753623188406,342,273,69,0,342,0,273,0,69,37,342,0.256756756757,1.72528881811,18.4864864865,15.5454545455,9.77142857143,5.36771015539,0.290358590277,0.142642642643,9.50849154237,1.02869645341,0.544491860281,8.05331334643,0.871264894205,0.461830251304,0.640599570326,0.371299902718,2,1.72528881811,0.640599570326,2,0.344071394247,0.376569037657,810,0.104247104247,0.56957682835,37,37,37,1,0,0.405405405405,0.540540540541,0.0540540540541,37,0.204954954955,1.73940419417,14.7567567568,12.4090909091,7.8,4.28437344963,0.290332999334,0.149391149391,7.38749450593,1.00123551912,0.527076527077,6.60955264645,0.895800175526,0.486288486288,0.654267246586,0.376144457267,2,1.73940419417,0.654267246586,2,0.241603929735,0.252467917078,341,0.0438867438867,0.410718625668,37,37,37,1,0,0.405405405405,0.540540540541,0.0540540540541,37,325,0.243993993994,1.71518776959,17.5675675676,14.7727272727,9.28571428571,4.94155025462,0.281288245263,0.134968814969,8.81329530733,1.00335977345,0.531226611227,8.20614652811,0.934238220123,0.490311850312,0.62862383512,0.36650438294,2,1.71518776959,0.62862383512,2,0.286096764684,0.311829816672,601,0.0773487773488,0.574318325979,37,37,37,1,0,0.405405405405,0.540540540541,0.0540540540541,-17,-0.0127627627628,-0.0101010485276,-0.918918918919,-0.772727272727,-0.485714285714,-0.426159900775,-0.00907034501423,-0.00767382767383,-0.695196235046,-0.0253366799651,-0.0132652490547,0.152833181678,0.0629733259186,0.0284815990079,-0.0119757352064,-0.00479551977724,0,-0.0101010485276,-0.0119757352064,0,-0.0579746295634,-0.0647392209845,-209,-0.0268983268983,0.00474149762926,0,0,0,325,0,17,990,0.950292397661,1,0,0.0497076023392,1,0.950292397661,0.974512743628,0.966565944778,0.950292397661,0.950292397661,52,69,0,0,0,0
3229,WLNM_dir_neg,0.980413778618,0.939996440925,00:00:05,10,80,9,1240364544,threshold_sweep,0.7,1,0.753623188406,0.859504132231,52,0,17,138,0.753623188406,1,0,0.246376811594,1,0.753623188406,0.859504132231,0.917874396135,0.582930756844,0.803088803089,0.819126206354,0.753623188406,342,273,69,0,342,0,273,0,69,37,342,0.256756756757,1.72528881811,18.4864864865,15.5454545455,9.77142857143,5.36771015539,0.290358590277,0.142642642643,9.50849154237,1.02869645341,0.544491860281,8.05331334643,0.871264894205,0.461830251304,0.640599570326,0.371299902718,2,1.72528881811,0.640599570326,2,0.344071394247,0.376569037657,810,0.104247104247,0.56957682835,37,37,37,1,0,0.405405405405,0.540540540541,0.0540540540541,37,0.204954954955,1.73940419417,14.7567567568,12.4090909091,7.8,4.28437344963,0.290332999334,0.149391149391,7.38749450593,1.00123551912,0.527076527077,6.60955264645,0.895800175526,0.486288486288,0.654267246586,0.376144457267,2,1.73940419417,0.654267246586,2,0.241603929735,0.252467917078,341,0.0438867438867,0.410718625668,37,37,37,1,0,0.405405405405,0.540540540541,0.0540540540541,37,325,0.243993993994,1.71518776959,17.5675675676,14.7727272727,9.28571428571,4.94155025462,0.281288245263,0.134968814969,8.81329530733,1.00335977345,0.531226611227,8.20614652811,0.934238220123,0.490311850312,0.62862383512,0.36650438294,2,1.71518776959,0.62862383512,2,0.286096764684,0.311829816672,601,0.0773487773488,0.574318325979,37,37,37,1,0,0.405405405405,0.540540540541,0.0540540540541,-17,-0.0127627627628,-0.0101010485276,-0.918918918919,-0.772727272727,-0.485714285714,-0.426159900775,-0.00907034501423,-0.00767382767383,-0.695196235046,-0.0253366799651,-0.0132652490547,0.152833181678,0.0629733259186,0.0284815990079,-0.0119757352064,-0.00479551977724,0,-0.0101010485276,-0.0119757352064,0,-0.0579746295634,-0.0647392209845,-209,-0.0268983268983,0.00474149762926,0,0,0,325,0,17,990,0.950292397661,1,0,0.0497076023392,1,0.950292397661,0.974512743628,0.966565944778,0.950292397661,0.950292397661,52,69,0,0,0,0
3230,WLNM_dir_neg,0.980413778618,0.939996440925,00:00:05,10,80,9,1240364544,threshold_sweep,0.8,1,0.753623188406,0.859504132231,52,0,17,138,0.753623188406,1,0,0.246376811594,1,0.753623188406,0.859504132231,0.917874396135,0.582930756844,0.803088803089,0.819126206354,0.753623188406,342,273,69,0,342,0,273,0,69,37,342,0.256756756757,1.72528881811,18.4864864865,15.5454545455,9.77142857143,5.36771015539,0.290358590277,0.142642642643,9.50849154237,1.02869645341,0.544491860281,8.05331334643,0.871264894205,0.461830251304,0.640599570326,0.371299902718,2,1.72528881811,0.640599570326,2,0.344071394247,0.376569037657,810,0.104247104247,0.56957682835,37,37,37,1,0,0.405405405405,0.540540540541,0.0540540540541,37,0.204954954955,1.73940419417,14.7567567568,12.4090909091,7.8,4.28437344963,0.290332999334,0.149391149391,7.38749450593,1.00123551912,0.527076527077,6.60955264645,0.895800175526,0.486288486288,0.654267246586,0.376144457267,2,1.73940419417,0.654267246586,2,0.241603929735,0.252467917078,341,0.0438867438867,0.410718625668,37,37,37,1,0,0.405405405405,0.540540540541,0.0540540540541,37,325,0.243993993994,1.71518776959,17.5675675676,14.7727272727,9.28571428571,4.94155025462,0.281288245263,0.134968814969,8.81329530733,1.00335977345,0.531226611227,8.20614652811,0.934238220123,0.490311850312,0.62862383512,0.36650438294,2,1.71518776959,0.62862383512,2,0.286096764684,0.311829816672,601,0.0773487773488,0.574318325979,37,37,37,1,0,0.405405405405,0.540540540541,0.0540540540541,-17,-0.0127627627628,-0.0101010485276,-0.918918918919,-0.772727272727,-0.485714285714,-0.426159900775,-0.00907034501423,-0.00767382767383,-0.695196235046,-0.0253366799651,-0.0132652490547,0.152833181678,0.0629733259186,0.0284815990079,-0.0119757352064,-0.00479551977724,0,-0.0101010485276,-0.0119757352064,0,-0.0579746295634,-0.0647392209845,-209,-0.0268983268983,0.00474149762926,0,0,0,325,0,17,990,0.950292397661,1,0,0.0497076023392,1,0.950292397661,0.974512743628,0.966565944778,0.950292397661,0.950292397661,52,69,0,0,0,0
3231,WLNM_dir_neg,0.980413778618,0.939996440925,00:00:05,10,80,9,1240364544,threshold_sweep,0.9,1,0.753623188406,0.859504132231,52,0,17,138,0.753623188406,1,0,0.246376811594,1,0.753623188406,0.859504132231,0.917874396135,0.582930756844,0.803088803089,0.819126206354,0.753623188406,342,273,69,0,342,0,273,0,69,37,342,0.256756756757,1.72528881811,18.4864864865,15.5454545455,9.77142857143,5.36771015539,0.290358590277,0.142642642643,9.50849154237,1.02869645341,0.544491860281,8.05331334643,0.871264894205,0.461830251304,0.640599570326,0.371299902718,2,1.72528881811,0.640599570326,2,0.344071394247,0.376569037657,810,0.104247104247,0.56957682835,37,37,37,1,0,0.405405405405,0.540540540541,0.0540540540541,37,0.204954954955,1.73940419417,14.7567567568,12.4090909091,7.8,4.28437344963,0.290332999334,0.149391149391,7.38749450593,1.00123551912,0.527076527077,6.60955264645,0.895800175526,0.486288486288,0.654267246586,0.376144457267,2,1.73940419417,0.654267246586,2,0.241603929735,0.252467917078,341,0.0438867438867,0.410718625668,37,37,37,1,0,0.405405405405,0.540540540541,0.0540540540541,37,325,0.243993993994,1.71518776959,17.5675675676,14.7727272727,9.28571428571,4.94155025462,0.281288245263,0.134968814969,8.81329530733,1.00335977345,0.531226611227,8.20614652811,0.934238220123,0.490311850312,0.62862383512,0.36650438294,2,1.71518776959,0.62862383512,2,0.286096764684,0.311829816672,601,0.0773487773488,0.574318325979,37,37,37,1,0,0.405405405405,0.540540540541,0.0540540540541,-17,-0.0127627627628,-0.0101010485276,-0.918918918919,-0.772727272727,-0.485714285714,-0.426159900775,-0.00907034501423,-0.00767382767383,-0.695196235046,-0.0253366799651,-0.0132652490547,0.152833181678,0.0629733259186,0.0284815990079,-0.0119757352064,-0.00479551977724,0,-0.0101010485276,-0.0119757352064,0,-0.0579746295634,-0.0647392209845,-209,-0.0268983268983,0.00474149762926,0,0,0,325,0,17,990,0.950292397661,1,0,0.0497076023392,1,0.950292397661,0.974512743628,0.966565944778,0.950292397661,0.950292397661,52,69,0,0,0,0
3232,WLNM_dir_neg,0.973114891829,0.942064246392,00:00:05,10,80,10,1240364545,threshold_sweep,0.1,0.981818181818,0.782608695652,0.870967741935,54,1,15,137,0.782608695652,0.992753623188,0.00724637681159,0.217391304348,0.981818181818,0.782608695652,0.870967741935,0.92270531401,0.578099838969,0.81679389313,0.82749550079,0.775362318841,342,273,69,0,342,0,273,0,69,37,342,0.256756756757,1.72528881811,18.4864864865,15.5454545455,9.77142857143,5.36771015539,0.290358590277,0.142642642643,9.50849154237,1.02869645341,0.544491860281,8.05331334643,0.871264894205,0.461830251304,0.640599570326,0.371299902718,2,1.72528881811,0.640599570326,2,0.344071394247,0.376569037657,810,0.104247104247,0.56957682835,37,37,37,1,0,0.405405405405,0.540540540541,0.0540540540541,37,0.204954954955,1.73065364951,14.7567567568,12.4090909091,7.8,4.10558836902,0.278217526839,0.137511137511,7.26617487385,0.98479293162,0.520344520345,6.83679323526,0.926598350567,0.495000495,0.644911089383,0.372640181105,2,1.73065364951,0.644911089383,2,0.228318281492,0.235294117647,316,0.0406692406692,0.429795398769,37,37,37,1,0,0.405405405405,0.540540540541,0.0540540540541,37,328,0.246246246246,1.84777236955,17.7297297297,14.2608695652,9.37142857143,5.13511142716,0.289632809154,0.140655899802,8.8511209653,0.998449621085,0.529993408042,8.24001807631,0.929514234218,0.485992089651,0.705718996302,0.381929618568,2.14285714286,1.84777236955,0.705718996302,2.14285714286,0.296994275754,0.327495323925,642,0.0826254826255,0.531469523123,37,37,37,1,0,0.378378378378,0.567567567568,0.0540540540541,-14,-0.0105105105105,0.122483551434,-0.756756756757,-1.28458498024,-0.4,-0.232598728231,-0.000725781123171,-0.0019867428404,-0.657370577076,-0.0302468323293,-0.0144984522391,0.186704729875,0.0582493400129,0.0241618383467,0.0651194259761,0.0106297158501,0.142857142857,0.122483551434,0.0651194259761,0.142857142857,-0.0470771184935,-0.0490737137324,-168,-0.0216216216216,-0.0381073052273,-0.027027027027,0.027027027027,0,327,1,15,989,0.956140350877,0.99898989899,0.0010101010101,0.0438596491228,0.996951219512,0.956140350877,0.976119402985,0.968477358097,0.955130249867,0.953352769679,55,69,0,0,0,0
3233,WLNM_dir_neg,0.973114891829,0.942064246392,00:00:05,10,80,10,1240364545,threshold_sweep,0.2,0.981818181818,0.782608695652,0.870967741935,54,1,15,137,0.782608695652,0.992753623188,0.00724637681159,0.217391304348,0.981818181818,0.782608695652,0.870967741935,0.92270531401,0.578099838969,0.81679389313,0.82749550079,0.775362318841,342,273,69,0,342,0,273,0,69,37,342,0.256756756757,1.72528881811,18.4864864865,15.5454545455,9.77142857143,5.36771015539,0.290358590277,0.142642642643,9.50849154237,1.02869645341,0.544491860281,8.05331334643,0.871264894205,0.461830251304,0.640599570326,0.371299902718,2,1.72528881811,0.640599570326,2,0.344071394247,0.376569037657,810,0.104247104247,0.56957682835,37,37,37,1,0,0.405405405405,0.540540540541,0.0540540540541,37,0.204954954955,1.73065364951,14.7567567568,12.4090909091,7.8,4.10558836902,0.278217526839,0.137511137511,7.26617487385,0.98479293162,0.520344520345,6.83679323526,0.926598350567,0.495000495,0.644911089383,0.372640181105,2,1.73065364951,0.644911089383,2,0.228318281492,0.235294117647,316,0.0406692406692,0.429795398769,37,37,37,1,0,0.405405405405,0.540540540541,0.0540540540541,37,328,0.246246246246,1.84777236955,17.7297297297,14.2608695652,9.37142857143,5.13511142716,0.289632809154,0.140655899802,8.8511209653,0.998449621085,0.529993408042,8.24001807631,0.929514234218,0.485992089651,0.705718996302,0.381929618568,2.14285714286,1.84777236955,0.705718996302,2.14285714286,0.296994275754,0.327495323925,642,0.0826254826255,0.531469523123,37,37,37,1,0,0.378378378378,0.567567567568,0.0540540540541,-14,-0.0105105105105,0.122483551434,-0.756756756757,-1.28458498024,-0.4,-0.232598728231,-0.000725781123171,-0.0019867428404,-0.657370577076,-0.0302468323293,-0.0144984522391,0.186704729875,0.0582493400129,0.0241618383467,0.0651194259761,0.0106297158501,0.142857142857,0.122483551434,0.0651194259761,0.142857142857,-0.0470771184935,-0.0490737137324,-168,-0.0216216216216,-0.0381073052273,-0.027027027027,0.027027027027,0,327,1,15,989,0.956140350877,0.99898989899,0.0010101010101,0.0438596491228,0.996951219512,0.956140350877,0.976119402985,0.968477358097,0.955130249867,0.953352769679,55,69,0,0,0,0
3234,WLNM_dir_neg,0.973114891829,0.942064246392,00:00:05,10,80,10,1240364545,threshold_sweep,0.3,0.981818181818,0.782608695652,0.870967741935,54,1,15,137,0.782608695652,0.992753623188,0.00724637681159,0.217391304348,0.981818181818,0.782608695652,0.870967741935,0.92270531401,0.578099838969,0.81679389313,0.82749550079,0.775362318841,342,273,69,0,342,0,273,0,69,37,342,0.256756756757,1.72528881811,18.4864864865,15.5454545455,9.77142857143,5.36771015539,0.290358590277,0.142642642643,9.50849154237,1.02869645341,0.544491860281,8.05331334643,0.871264894205,0.461830251304,0.640599570326,0.371299902718,2,1.72528881811,0.640599570326,2,0.344071394247,0.376569037657,810,0.104247104247,0.56957682835,37,37,37,1,0,0.405405405405,0.540540540541,0.0540540540541,37,0.204954954955,1.73065364951,14.7567567568,12.4090909091,7.8,4.10558836902,0.278217526839,0.137511137511,7.26617487385,0.98479293162,0.520344520345,6.83679323526,0.926598350567,0.495000495,0.644911089383,0.372640181105,2,1.73065364951,0.644911089383,2,0.228318281492,0.235294117647,316,0.0406692406692,0.429795398769,37,37,37,1,0,0.405405405405,0.540540540541,0.0540540540541,37,328,0.246246246246,1.84777236955,17.7297297297,14.2608695652,9.37142857143,5.13511142716,0.289632809154,0.140655899802,8.8511209653,0.998449621085,0.529993408042,8.24001807631,0.929514234218,0.485992089651,0.705718996302,0.381929618568,2.14285714286,1.84777236955,0.705718996302,2.14285714286,0.296994275754,0.327495323925,642,0.0826254826255,0.531469523123,37,37,37,1,0,0.378378378378,0.567567567568,0.0540540540541,-14,-0.0105105105105,0.122483551434,-0.756756756757,-1.28458498024,-0.4,-0.232598728231,-0.000725781123171,-0.0019867428404,-0.657370577076,-0.0302468323293,-0.0144984522391,0.186704729875,0.0582493400129,0.0241618383467,0.0651194259761,0.0106297158501,0.142857142857,0.122483551434,0.0651194259761,0.142857142857,-0.0470771184935,-0.0490737137324,-168,-0.0216216216216,-0.0381073052273,-0.027027027027,0.027027027027,0,327,1,15,989,0.956140350877,0.99898989899,0.0010101010101,0.0438596491228,0.996951219512,0.956140350877,0.976119402985,0.968477358097,0.955130249867,0.953352769679,55,69,0,0,0,0
3235,WLNM_dir_neg,0.973114891829,0.942064246392,00:00:05,10,80,10,1240364545,threshold_sweep,0.4,0.981818181818,0.782608695652,0.870967741935,54,1,15,137,0.782608695652,0.992753623188,0.00724637681159,0.217391304348,0.981818181818,0.782608695652,0.870967741935,0.92270531401,0.578099838969,0.81679389313,0.82749550079,0.775362318841,342,273,69,0,342,0,273,0,69,37,342,0.256756756757,1.72528881811,18.4864864865,15.5454545455,9.77142857143,5.36771015539,0.290358590277,0.142642642643,9.50849154237,1.02869645341,0.544491860281,8.05331334643,0.871264894205,0.461830251304,0.640599570326,0.371299902718,2,1.72528881811,0.640599570326,2,0.344071394247,0.376569037657,810,0.104247104247,0.56957682835,37,37,37,1,0,0.405405405405,0.540540540541,0.0540540540541,37,0.204954954955,1.73065364951,14.7567567568,12.4090909091,7.8,4.10558836902,0.278217526839,0.137511137511,7.26617487385,0.98479293162,0.520344520345,6.83679323526,0.926598350567,0.495000495,0.644911089383,0.372640181105,2,1.73065364951,0.644911089383,2,0.228318281492,0.235294117647,316,0.0406692406692,0.429795398769,37,37,37,1,0,0.405405405405,0.540540540541,0.0540540540541,37,328,0.246246246246,1.84777236955,17.7297297297,14.2608695652,9.37142857143,5.13511142716,0.289632809154,0.140655899802,8.8511209653,0.998449621085,0.529993408042,8.24001807631,0.929514234218,0.485992089651,0.705718996302,0.381929618568,2.14285714286,1.84777236955,0.705718996302,2.14285714286,0.296994275754,0.327495323925,642,0.0826254826255,0.531469523123,37,37,37,1,0,0.378378378378,0.567567567568,0.0540540540541,-14,-0.0105105105105,0.122483551434,-0.756756756757,-1.28458498024,-0.4,-0.232598728231,-0.000725781123171,-0.0019867428404,-0.657370577076,-0.0302468323293,-0.0144984522391,0.186704729875,0.0582493400129,0.0241618383467,0.0651194259761,0.0106297158501,0.142857142857,0.122483551434,0.0651194259761,0.142857142857,-0.0470771184935,-0.0490737137324,-168,-0.0216216216216,-0.0381073052273,-0.027027027027,0.027027027027,0,327,1,15,989,0.956140350877,0.99898989899,0.0010101010101,0.0438596491228,0.996951219512,0.956140350877,0.976119402985,0.968477358097,0.955130249867,0.953352769679,55,69,0,0,0,0
3236,WLNM_dir_neg,0.973114891829,0.942064246392,00:00:05,10,80,10,1240364545,threshold_sweep,0.5,0.981818181818,0.782608695652,0.870967741935,54,1,15,137,0.782608695652,0.992753623188,0.00724637681159,0.217391304348,0.981818181818,0.782608695652,0.870967741935,0.92270531401,0.578099838969,0.81679389313,0.82749550079,0.775362318841,342,273,69,0,342,0,273,0,69,37,342,0.256756756757,1.72528881811,18.4864864865,15.5454545455,9.77142857143,5.36771015539,0.290358590277,0.142642642643,9.50849154237,1.02869645341,0.544491860281,8.05331334643,0.871264894205,0.461830251304,0.640599570326,0.371299902718,2,1.72528881811,0.640599570326,2,0.344071394247,0.376569037657,810,0.104247104247,0.56957682835,37,37,37,1,0,0.405405405405,0.540540540541,0.0540540540541,37,0.204954954955,1.73065364951,14.7567567568,12.4090909091,7.8,4.10558836902,0.278217526839,0.137511137511,7.26617487385,0.98479293162,0.520344520345,6.83679323526,0.926598350567,0.495000495,0.644911089383,0.372640181105,2,1.73065364951,0.644911089383,2,0.228318281492,0.235294117647,316,0.0406692406692,0.429795398769,37,37,37,1,0,0.405405405405,0.540540540541,0.0540540540541,37,328,0.246246246246,1.84777236955,17.7297297297,14.2608695652,9.37142857143,5.13511142716,0.289632809154,0.140655899802,8.8511209653,0.998449621085,0.529993408042,8.24001807631,0.929514234218,0.485992089651,0.705718996302,0.381929618568,2.14285714286,1.84777236955,0.705718996302,2.14285714286,0.296994275754,0.327495323925,642,0.0826254826255,0.531469523123,37,37,37,1,0,0.378378378378,0.567567567568,0.0540540540541,-14,-0.0105105105105,0.122483551434,-0.756756756757,-1.28458498024,-0.4,-0.232598728231,-0.000725781123171,-0.0019867428404,-0.657370577076,-0.0302468323293,-0.0144984522391,0.186704729875,0.0582493400129,0.0241618383467,0.0651194259761,0.0106297158501,0.142857142857,0.122483551434,0.0651194259761,0.142857142857,-0.0470771184935,-0.0490737137324,-168,-0.0216216216216,-0.0381073052273,-0.027027027027,0.027027027027,0,327,1,15,989,0.956140350877,0.99898989899,0.0010101010101,0.0438596491228,0.996951219512,0.956140350877,0.976119402985,0.968477358097,0.955130249867,0.953352769679,55,69,0,0,0,0
3237,WLNM_dir_neg,0.973114891829,0.942064246392,00:00:05,10,80,10,1240364545,threshold_sweep,0.6,0.981818181818,0.782608695652,0.870967741935,54,1,15,137,0.782608695652,0.992753623188,0.00724637681159,0.217391304348,0.981818181818,0.782608695652,0.870967741935,0.92270531401,0.578099838969,0.81679389313,0.82749550079,0.775362318841,342,273,69,0,342,0,273,0,69,37,342,0.256756756757,1.72528881811,18.4864864865,15.5454545455,9.77142857143,5.36771015539,0.290358590277,0.142642642643,9.50849154237,1.02869645341,0.544491860281,8.05331334643,0.871264894205,0.461830251304,0.640599570326,0.371299902718,2,1.72528881811,0.640599570326,2,0.344071394247,0.376569037657,810,0.104247104247,0.56957682835,37,37,37,1,0,0.405405405405,0.540540540541,0.0540540540541,37,0.204954954955,1.73065364951,14.7567567568,12.4090909091,7.8,4.10558836902,0.278217526839,0.137511137511,7.26617487385,0.98479293162,0.520344520345,6.83679323526,0.926598350567,0.495000495,0.644911089383,0.372640181105,2,1.73065364951,0.644911089383,2,0.228318281492,0.235294117647,316,0.0406692406692,0.429795398769,37,37,37,1,0,0.405405405405,0.540540540541,0.0540540540541,37,328,0.246246246246,1.84777236955,17.7297297297,14.2608695652,9.37142857143,5.13511142716,0.289632809154,0.140655899802,8.8511209653,0.998449621085,0.529993408042,8.24001807631,0.929514234218,0.485992089651,0.705718996302,0.381929618568,2.14285714286,1.84777236955,0.705718996302,2.14285714286,0.296994275754,0.327495323925,642,0.0826254826255,0.531469523123,37,37,37,1,0,0.378378378378,0.567567567568,0.0540540540541,-14,-0.0105105105105,0.122483551434,-0.756756756757,-1.28458498024,-0.4,-0.232598728231,-0.000725781123171,-0.0019867428404,-0.657370577076,-0.0302468323293,-0.0144984522391,0.186704729875,0.0582493400129,0.0241618383467,0.0651194259761,0.0106297158501,0.142857142857,0.122483551434,0.0651194259761,0.142857142857,-0.0470771184935,-0.0490737137324,-168,-0.0216216216216,-0.0381073052273,-0.027027027027,0.027027027027,0,327,1,15,989,0.956140350877,0.99898989899,0.0010101010101,0.0438596491228,0.996951219512,0.956140350877,0.976119402985,0.968477358097,0.955130249867,0.953352769679,55,69,0,0,0,0
3238,WLNM_dir_neg,0.973114891829,0.942064246392,00:00:05,10,80,10,1240364545,threshold_sweep,0.7,0.981818181818,0.782608695652,0.870967741935,54,1,15,137,0.782608695652,0.992753623188,0.00724637681159,0.217391304348,0.981818181818,0.782608695652,0.870967741935,0.92270531401,0.578099838969,0.81679389313,0.82749550079,0.775362318841,342,273,69,0,342,0,273,0,69,37,342,0.256756756757,1.72528881811,18.4864864865,15.5454545455,9.77142857143,5.36771015539,0.290358590277,0.142642642643,9.50849154237,1.02869645341,0.544491860281,8.05331334643,0.871264894205,0.461830251304,0.640599570326,0.371299902718,2,1.72528881811,0.640599570326,2,0.344071394247,0.376569037657,810,0.104247104247,0.56957682835,37,37,37,1,0,0.405405405405,0.540540540541,0.0540540540541,37,0.204954954955,1.73065364951,14.7567567568,12.4090909091,7.8,4.10558836902,0.278217526839,0.137511137511,7.26617487385,0.98479293162,0.520344520345,6.83679323526,0.926598350567,0.495000495,0.644911089383,0.372640181105,2,1.73065364951,0.644911089383,2,0.228318281492,0.235294117647,316,0.0406692406692,0.429795398769,37,37,37,1,0,0.405405405405,0.540540540541,0.0540540540541,37,328,0.246246246246,1.84777236955,17.7297297297,14.2608695652,9.37142857143,5.13511142716,0.289632809154,0.140655899802,8.8511209653,0.998449621085,0.529993408042,8.24001807631,0.929514234218,0.485992089651,0.705718996302,0.381929618568,2.14285714286,1.84777236955,0.705718996302,2.14285714286,0.296994275754,0.327495323925,642,0.0826254826255,0.531469523123,37,37,37,1,0,0.378378378378,0.567567567568,0.0540540540541,-14,-0.0105105105105,0.122483551434,-0.756756756757,-1.28458498024,-0.4,-0.232598728231,-0.000725781123171,-0.0019867428404,-0.657370577076,-0.0302468323293,-0.0144984522391,0.186704729875,0.0582493400129,0.0241618383467,0.0651194259761,0.0106297158501,0.142857142857,0.122483551434,0.0651194259761,0.142857142857,-0.0470771184935,-0.0490737137324,-168,-0.0216216216216,-0.0381073052273,-0.027027027027,0.027027027027,0,327,1,15,989,0.956140350877,0.99898989899,0.0010101010101,0.0438596491228,0.996951219512,0.956140350877,0.976119402985,0.968477358097,0.955130249867,0.953352769679,55,69,0,0,0,0
3239,WLNM_dir_neg,0.973114891829,0.942064246392,00:00:05,10,80,10,1240364545,threshold_sweep,0.8,0.981818181818,0.782608695652,0.870967741935,54,1,15,137,0.782608695652,0.992753623188,0.00724637681159,0.217391304348,0.981818181818,0.782608695652,0.870967741935,0.92270531401,0.578099838969,0.81679389313,0.82749550079,0.775362318841,342,273,69,0,342,0,273,0,69,37,342,0.256756756757,1.72528881811,18.4864864865,15.5454545455,9.77142857143,5.36771015539,0.290358590277,0.142642642643,9.50849154237,1.02869645341,0.544491860281,8.05331334643,0.871264894205,0.461830251304,0.640599570326,0.371299902718,2,1.72528881811,0.640599570326,2,0.344071394247,0.376569037657,810,0.104247104247,0.56957682835,37,37,37,1,0,0.405405405405,0.540540540541,0.0540540540541,37,0.204954954955,1.73065364951,14.7567567568,12.4090909091,7.8,4.10558836902,0.278217526839,0.137511137511,7.26617487385,0.98479293162,0.520344520345,6.83679323526,0.926598350567,0.495000495,0.644911089383,0.372640181105,2,1.73065364951,0.644911089383,2,0.228318281492,0.235294117647,316,0.0406692406692,0.429795398769,37,37,37,1,0,0.405405405405,0.540540540541,0.0540540540541,37,328,0.246246246246,1.84777236955,17.7297297297,14.2608695652,9.37142857143,5.13511142716,0.289632809154,0.140655899802,8.8511209653,0.998449621085,0.529993408042,8.24001807631,0.929514234218,0.485992089651,0.705718996302,0.381929618568,2.14285714286,1.84777236955,0.705718996302,2.14285714286,0.296994275754,0.327495323925,642,0.0826254826255,0.531469523123,37,37,37,1,0,0.378378378378,0.567567567568,0.0540540540541,-14,-0.0105105105105,0.122483551434,-0.756756756757,-1.28458498024,-0.4,-0.232598728231,-0.000725781123171,-0.0019867428404,-0.657370577076,-0.0302468323293,-0.0144984522391,0.186704729875,0.0582493400129,0.0241618383467,0.0651194259761,0.0106297158501,0.142857142857,0.122483551434,0.0651194259761,0.142857142857,-0.0470771184935,-0.0490737137324,-168,-0.0216216216216,-0.0381073052273,-0.027027027027,0.027027027027,0,327,1,15,989,0.956140350877,0.99898989899,0.0010101010101,0.0438596491228,0.996951219512,0.956140350877,0.976119402985,0.968477358097,0.955130249867,0.953352769679,55,69,0,0,0,0
3240,WLNM_dir_neg,0.973114891829,0.942064246392,00:00:05,10,80,10,1240364545,threshold_sweep,0.9,0.981481481481,0.768115942029,0.861788617886,53,1,16,137,0.768115942029,0.992753623188,0.00724637681159,0.231884057971,0.981481481481,0.768115942029,0.861788617886,0.917874396135,0.579710144928,0.804597701149,0.816830049016,0.760869565217,342,273,69,0,342,0,273,0,69,37,342,0.256756756757,1.72528881811,18.4864864865,15.5454545455,9.77142857143,5.36771015539,0.290358590277,0.142642642643,9.50849154237,1.02869645341,0.544491860281,8.05331334643,0.871264894205,0.461830251304,0.640599570326,0.371299902718,2,1.72528881811,0.640599570326,2,0.344071394247,0.376569037657,810,0.104247104247,0.56957682835,37,37,37,1,0,0.405405405405,0.540540540541,0.0540540540541,37,0.204954954955,1.73065364951,14.7567567568,12.4090909091,7.8,4.10558836902,0.278217526839,0.137511137511,7.26617487385,0.98479293162,0.520344520345,6.83679323526,0.926598350567,0.495000495,0.644911089383,0.372640181105,2,1.73065364951,0.644911089383,2,0.228318281492,0.235294117647,316,0.0406692406692,0.429795398769,37,37,37,1,0,0.405405405405,0.540540540541,0.0540540540541,37,327,0.245495495495,1.84660932239,17.6756756757,14.2173913043,9.34285714286,5.15349964185,0.291558848239,0.14100338871,8.82078830413,0.998070847868,0.529299942144,8.24120242546,0.932490794318,0.486817092322,0.704834621224,0.381691250378,2.14285714286,1.84660932239,0.704834621224,2.14285714286,0.293715118127,0.326666666667,637,0.081981981982,0.531834307025,37,37,37,1,0,0.378378378378,0.567567567568,0.0540540540541,-15,-0.0112612612613,0.121320504278,-0.810810810811,-1.32806324111,-0.428571428571,-0.214210513542,0.00120025796216,-0.00163925393283,-0.687703238243,-0.0306256055467,-0.0151919181374,0.187889079026,0.0612259001133,0.0249868410177,0.0642350508981,0.0103913476605,0.142857142857,0.121320504278,0.0642350508981,0.142857142857,-0.0503562761205,-0.0499023709902,-173,-0.0222651222651,-0.0377425213251,-0.027027027027,0.027027027027,0,326,1,16,989,0.953216374269,0.99898989899,0.0010101010101,0.046783625731,0.996941896024,0.953216374269,0.974588938714,0.966506505209,0.952206273259,0.950437317784,54,69,0,0,0,0
3241,WLNM_dir_neg,0.9861373661,0.920004252211,00:00:05,10,80,11,1240364546,threshold_sweep,0.1,1,0.869565217391,0.93023255814,60,0,9,138,0.869565217391,1,0,0.130434782609,1,0.869565217391,0.93023255814,0.95652173913,0.570048309179,0.898876404494,0.903507902905,0.869565217391,342,273,69,0,342,0,273,0,69,37,342,0.256756756757,1.72528881811,18.4864864865,15.5454545455,9.77142857143,5.36771015539,0.290358590277,0.142642642643,9.50849154237,1.02869645341,0.544491860281,8.05331334643,0.871264894205,0.461830251304,0.640599570326,0.371299902718,2,1.72528881811,0.640599570326,2,0.344071394247,0.376569037657,810,0.104247104247,0.56957682835,37,37,37,1,0,0.405405405405,0.540540540541,0.0540540540541,37,0.204954954955,1.74090014083,14.7567567568,12.4090909091,7.8,3.98891105584,0.270310822465,0.138798138798,7.30430372129,0.989960577611,0.524304524305,6.68061603676,0.90543147751,0.487872487872,0.65657064191,0.377144344187,2,1.74090014083,0.65657064191,2,0.225448793947,0.228008970845,305,0.0392535392535,0.417076656127,37,37,37,1,0,0.405405405405,0.540540540541,0.0540540540541,37,333,0.25,1.72132241338,18,15.1363636364,9.51428571429,4.99444135459,0.277468964144,0.138219300381,9.14694848934,1.01632760993,0.539241944647,8.07602762639,0.897336402932,0.475610745881,0.635479550564,0.369181012007,2,1.72132241338,0.635479550564,2,0.314282363815,0.337728696225,683,0.0879021879022,0.563723364631,37,37,37,1,0,0.405405405405,0.540540540541,0.0540540540541,-9,-0.00675675675676,-0.00396640473184,-0.486486486486,-0.409090909091,-0.257142857143,-0.373268800803,-0.0128896261332,-0.00442334226118,-0.361543053033,-0.012368843488,-0.00524991563398,0.0227142799562,0.0260715087274,0.0137804945771,-0.00512001976213,-0.00211889071024,0,-0.00396640473184,-0.00512001976213,0,-0.0297890304326,-0.0388403414314,-127,-0.0163449163449,-0.00585346371933,0,0,0,333,0,9,990,0.973684210526,1,0,0.0263157894737,1,0.973684210526,0.986666666667,0.982299486258,0.973684210526,0.973684210526,60,69,0,0,0,0
3242,WLNM_dir_neg,0.9861373661,0.920004252211,00:00:05,10,80,11,1240364546,threshold_sweep,0.2,1,0.869565217391,0.93023255814,60,0,9,138,0.869565217391,1,0,0.130434782609,1,0.869565217391,0.93023255814,0.95652173913,0.570048309179,0.898876404494,0.903507902905,0.869565217391,342,273,69,0,342,0,273,0,69,37,342,0.256756756757,1.72528881811,18.4864864865,15.5454545455,9.77142857143,5.36771015539,0.290358590277,0.142642642643,9.50849154237,1.02869645341,0.544491860281,8.05331334643,0.871264894205,0.461830251304,0.640599570326,0.371299902718,2,1.72528881811,0.640599570326,2,0.344071394247,0.376569037657,810,0.104247104247,0.56957682835,37,37,37,1,0,0.405405405405,0.540540540541,0.0540540540541,37,0.204954954955,1.74090014083,14.7567567568,12.4090909091,7.8,3.98891105584,0.270310822465,0.138798138798,7.30430372129,0.989960577611,0.524304524305,6.68061603676,0.90543147751,0.487872487872,0.65657064191,0.377144344187,2,1.74090014083,0.65657064191,2,0.225448793947,0.228008970845,305,0.0392535392535,0.417076656127,37,37,37,1,0,0.405405405405,0.540540540541,0.0540540540541,37,333,0.25,1.72132241338,18,15.1363636364,9.51428571429,4.99444135459,0.277468964144,0.138219300381,9.14694848934,1.01632760993,0.539241944647,8.07602762639,0.897336402932,0.475610745881,0.635479550564,0.369181012007,2,1.72132241338,0.635479550564,2,0.314282363815,0.337728696225,683,0.0879021879022,0.563723364631,37,37,37,1,0,0.405405405405,0.540540540541,0.0540540540541,-9,-0.00675675675676,-0.00396640473184,-0.486486486486,-0.409090909091,-0.257142857143,-0.373268800803,-0.0128896261332,-0.00442334226118,-0.361543053033,-0.012368843488,-0.00524991563398,0.0227142799562,0.0260715087274,0.0137804945771,-0.00512001976213,-0.00211889071024,0,-0.00396640473184,-0.00512001976213,0,-0.0297890304326,-0.0388403414314,-127,-0.0163449163449,-0.00585346371933,0,0,0,333,0,9,990,0.973684210526,1,0,0.0263157894737,1,0.973684210526,0.986666666667,0.982299486258,0.973684210526,0.973684210526,60,69,0,0,0,0
3243,WLNM_dir_neg,0.9861373661,0.920004252211,00:00:05,10,80,11,1240364546,threshold_sweep,0.3,1,0.869565217391,0.93023255814,60,0,9,138,0.869565217391,1,0,0.130434782609,1,0.869565217391,0.93023255814,0.95652173913,0.570048309179,0.898876404494,0.903507902905,0.869565217391,342,273,69,0,342,0,273,0,69,37,342,0.256756756757,1.72528881811,18.4864864865,15.5454545455,9.77142857143,5.36771015539,0.290358590277,0.142642642643,9.50849154237,1.02869645341,0.544491860281,8.05331334643,0.871264894205,0.461830251304,0.640599570326,0.371299902718,2,1.72528881811,0.640599570326,2,0.344071394247,0.376569037657,810,0.104247104247,0.56957682835,37,37,37,1,0,0.405405405405,0.540540540541,0.0540540540541,37,0.204954954955,1.74090014083,14.7567567568,12.4090909091,7.8,3.98891105584,0.270310822465,0.138798138798,7.30430372129,0.989960577611,0.524304524305,6.68061603676,0.90543147751,0.487872487872,0.65657064191,0.377144344187,2,1.74090014083,0.65657064191,2,0.225448793947,0.228008970845,305,0.0392535392535,0.417076656127,37,37,37,1,0,0.405405405405,0.540540540541,0.0540540540541,37,333,0.25,1.72132241338,18,15.1363636364,9.51428571429,4.99444135459,0.277468964144,0.138219300381,9.14694848934,1.01632760993,0.539241944647,8.07602762639,0.897336402932,0.475610745881,0.635479550564,0.369181012007,2,1.72132241338,0.635479550564,2,0.314282363815,0.337728696225,683,0.0879021879022,0.563723364631,37,37,37,1,0,0.405405405405,0.540540540541,0.0540540540541,-9,-0.00675675675676,-0.00396640473184,-0.486486486486,-0.409090909091,-0.257142857143,-0.373268800803,-0.0128896261332,-0.00442334226118,-0.361543053033,-0.012368843488,-0.00524991563398,0.0227142799562,0.0260715087274,0.0137804945771,-0.00512001976213,-0.00211889071024,0,-0.00396640473184,-0.00512001976213,0,-0.0297890304326,-0.0388403414314,-127,-0.0163449163449,-0.00585346371933,0,0,0,333,0,9,990,0.973684210526,1,0,0.0263157894737,1,0.973684210526,0.986666666667,0.982299486258,0.973684210526,0.973684210526,60,69,0,0,0,0
3244,WLNM_dir_neg,0.9861373661,0.920004252211,00:00:05,10,80,11,1240364546,threshold_sweep,0.4,1,0.869565217391,0.93023255814,60,0,9,138,0.869565217391,1,0,0.130434782609,1,0.869565217391,0.93023255814,0.95652173913,0.570048309179,0.898876404494,0.903507902905,0.869565217391,342,273,69,0,342,0,273,0,69,37,342,0.256756756757,1.72528881811,18.4864864865,15.5454545455,9.77142857143,5.36771015539,0.290358590277,0.142642642643,9.50849154237,1.02869645341,0.544491860281,8.05331334643,0.871264894205,0.461830251304,0.640599570326,0.371299902718,2,1.72528881811,0.640599570326,2,0.344071394247,0.376569037657,810,0.104247104247,0.56957682835,37,37,37,1,0,0.405405405405,0.540540540541,0.0540540540541,37,0.204954954955,1.74090014083,14.7567567568,12.4090909091,7.8,3.98891105584,0.270310822465,0.138798138798,7.30430372129,0.989960577611,0.524304524305,6.68061603676,0.90543147751,0.487872487872,0.65657064191,0.377144344187,2,1.74090014083,0.65657064191,2,0.225448793947,0.228008970845,305,0.0392535392535,0.417076656127,37,37,37,1,0,0.405405405405,0.540540540541,0.0540540540541,37,333,0.25,1.72132241338,18,15.1363636364,9.51428571429,4.99444135459,0.277468964144,0.138219300381,9.14694848934,1.01632760993,0.539241944647,8.07602762639,0.897336402932,0.475610745881,0.635479550564,0.369181012007,2,1.72132241338,0.635479550564,2,0.314282363815,0.337728696225,683,0.0879021879022,0.563723364631,37,37,37,1,0,0.405405405405,0.540540540541,0.0540540540541,-9,-0.00675675675676,-0.00396640473184,-0.486486486486,-0.409090909091,-0.257142857143,-0.373268800803,-0.0128896261332,-0.00442334226118,-0.361543053033,-0.012368843488,-0.00524991563398,0.0227142799562,0.0260715087274,0.0137804945771,-0.00512001976213,-0.00211889071024,0,-0.00396640473184,-0.00512001976213,0,-0.0297890304326,-0.0388403414314,-127,-0.0163449163449,-0.00585346371933,0,0,0,333,0,9,990,0.973684210526,1,0,0.0263157894737,1,0.973684210526,0.986666666667,0.982299486258,0.973684210526,0.973684210526,60,69,0,0,0,0
3245,WLNM_dir_neg,0.9861373661,0.920004252211,00:00:05,10,80,11,1240364546,threshold_sweep,0.5,1,0.869565217391,0.93023255814,60,0,9,138,0.869565217391,1,0,0.130434782609,1,0.869565217391,0.93023255814,0.95652173913,0.570048309179,0.898876404494,0.903507902905,0.869565217391,342,273,69,0,342,0,273,0,69,37,342,0.256756756757,1.72528881811,18.4864864865,15.5454545455,9.77142857143,5.36771015539,0.290358590277,0.142642642643,9.50849154237,1.02869645341,0.544491860281,8.05331334643,0.871264894205,0.461830251304,0.640599570326,0.371299902718,2,1.72528881811,0.640599570326,2,0.344071394247,0.376569037657,810,0.104247104247,0.56957682835,37,37,37,1,0,0.405405405405,0.540540540541,0.0540540540541,37,0.204954954955,1.74090014083,14.7567567568,12.4090909091,7.8,3.98891105584,0.270310822465,0.138798138798,7.30430372129,0.989960577611,0.524304524305,6.68061603676,0.90543147751,0.487872487872,0.65657064191,0.377144344187,2,1.74090014083,0.65657064191,2,0.225448793947,0.228008970845,305,0.0392535392535,0.417076656127,37,37,37,1,0,0.405405405405,0.540540540541,0.0540540540541,37,333,0.25,1.72132241338,18,15.1363636364,9.51428571429,4.99444135459,0.277468964144,0.138219300381,9.14694848934,1.01632760993,0.539241944647,8.07602762639,0.897336402932,0.475610745881,0.635479550564,0.369181012007,2,1.72132241338,0.635479550564,2,0.314282363815,0.337728696225,683,0.0879021879022,0.563723364631,37,37,37,1,0,0.405405405405,0.540540540541,0.0540540540541,-9,-0.00675675675676,-0.00396640473184,-0.486486486486,-0.409090909091,-0.257142857143,-0.373268800803,-0.0128896261332,-0.00442334226118,-0.361543053033,-0.012368843488,-0.00524991563398,0.0227142799562,0.0260715087274,0.0137804945771,-0.00512001976213,-0.00211889071024,0,-0.00396640473184,-0.00512001976213,0,-0.0297890304326,-0.0388403414314,-127,-0.0163449163449,-0.00585346371933,0,0,0,333,0,9,990,0.973684210526,1,0,0.0263157894737,1,0.973684210526,0.986666666667,0.982299486258,0.973684210526,0.973684210526,60,69,0,0,0,0
3246,WLNM_dir_neg,0.9861373661,0.920004252211,00:00:05,10,80,11,1240364546,threshold_sweep,0.6,1,0.869565217391,0.93023255814,60,0,9,138,0.869565217391,1,0,0.130434782609,1,0.869565217391,0.93023255814,0.95652173913,0.570048309179,0.898876404494,0.903507902905,0.869565217391,342,273,69,0,342,0,273,0,69,37,342,0.256756756757,1.72528881811,18.4864864865,15.5454545455,9.77142857143,5.36771015539,0.290358590277,0.142642642643,9.50849154237,1.02869645341,0.544491860281,8.05331334643,0.871264894205,0.461830251304,0.640599570326,0.371299902718,2,1.72528881811,0.640599570326,2,0.344071394247,0.376569037657,810,0.104247104247,0.56957682835,37,37,37,1,0,0.405405405405,0.540540540541,0.0540540540541,37,0.204954954955,1.74090014083,14.7567567568,12.4090909091,7.8,3.98891105584,0.270310822465,0.138798138798,7.30430372129,0.989960577611,0.524304524305,6.68061603676,0.90543147751,0.487872487872,0.65657064191,0.377144344187,2,1.74090014083,0.65657064191,2,0.225448793947,0.228008970845,305,0.0392535392535,0.417076656127,37,37,37,1,0,0.405405405405,0.540540540541,0.0540540540541,37,333,0.25,1.72132241338,18,15.1363636364,9.51428571429,4.99444135459,0.277468964144,0.138219300381,9.14694848934,1.01632760993,0.539241944647,8.07602762639,0.897336402932,0.475610745881,0.635479550564,0.369181012007,2,1.72132241338,0.635479550564,2,0.314282363815,0.337728696225,683,0.0879021879022,0.563723364631,37,37,37,1,0,0.405405405405,0.540540540541,0.0540540540541,-9,-0.00675675675676,-0.00396640473184,-0.486486486486,-0.409090909091,-0.257142857143,-0.373268800803,-0.0128896261332,-0.00442334226118,-0.361543053033,-0.012368843488,-0.00524991563398,0.0227142799562,0.0260715087274,0.0137804945771,-0.00512001976213,-0.00211889071024,0,-0.00396640473184,-0.00512001976213,0,-0.0297890304326,-0.0388403414314,-127,-0.0163449163449,-0.00585346371933,0,0,0,333,0,9,990,0.973684210526,1,0,0.0263157894737,1,0.973684210526,0.986666666667,0.982299486258,0.973684210526,0.973684210526,60,69,0,0,0,0
3247,WLNM_dir_neg,0.9861373661,0.920004252211,00:00:05,10,80,11,1240364546,threshold_sweep,0.7,1,0.869565217391,0.93023255814,60,0,9,138,0.869565217391,1,0,0.130434782609,1,0.869565217391,0.93023255814,0.95652173913,0.570048309179,0.898876404494,0.903507902905,0.869565217391,342,273,69,0,342,0,273,0,69,37,342,0.256756756757,1.72528881811,18.4864864865,15.5454545455,9.77142857143,5.36771015539,0.290358590277,0.142642642643,9.50849154237,1.02869645341,0.544491860281,8.05331334643,0.871264894205,0.461830251304,0.640599570326,0.371299902718,2,1.72528881811,0.640599570326,2,0.344071394247,0.376569037657,810,0.104247104247,0.56957682835,37,37,37,1,0,0.405405405405,0.540540540541,0.0540540540541,37,0.204954954955,1.74090014083,14.7567567568,12.4090909091,7.8,3.98891105584,0.270310822465,0.138798138798,7.30430372129,0.989960577611,0.524304524305,6.68061603676,0.90543147751,0.487872487872,0.65657064191,0.377144344187,2,1.74090014083,0.65657064191,2,0.225448793947,0.228008970845,305,0.0392535392535,0.417076656127,37,37,37,1,0,0.405405405405,0.540540540541,0.0540540540541,37,333,0.25,1.72132241338,18,15.1363636364,9.51428571429,4.99444135459,0.277468964144,0.138219300381,9.14694848934,1.01632760993,0.539241944647,8.07602762639,0.897336402932,0.475610745881,0.635479550564,0.369181012007,2,1.72132241338,0.635479550564,2,0.314282363815,0.337728696225,683,0.0879021879022,0.563723364631,37,37,37,1,0,0.405405405405,0.540540540541,0.0540540540541,-9,-0.00675675675676,-0.00396640473184,-0.486486486486,-0.409090909091,-0.257142857143,-0.373268800803,-0.0128896261332,-0.00442334226118,-0.361543053033,-0.012368843488,-0.00524991563398,0.0227142799562,0.0260715087274,0.0137804945771,-0.00512001976213,-0.00211889071024,0,-0.00396640473184,-0.00512001976213,0,-0.0297890304326,-0.0388403414314,-127,-0.0163449163449,-0.00585346371933,0,0,0,333,0,9,990,0.973684210526,1,0,0.0263157894737,1,0.973684210526,0.986666666667,0.982299486258,0.973684210526,0.973684210526,60,69,0,0,0,0
3248,WLNM_dir_neg,0.9861373661,0.920004252211,00:00:05,10,80,11,1240364546,threshold_sweep,0.8,1,0.869565217391,0.93023255814,60,0,9,138,0.869565217391,1,0,0.130434782609,1,0.869565217391,0.93023255814,0.95652173913,0.570048309179,0.898876404494,0.903507902905,0.869565217391,342,273,69,0,342,0,273,0,69,37,342,0.256756756757,1.72528881811,18.4864864865,15.5454545455,9.77142857143,5.36771015539,0.290358590277,0.142642642643,9.50849154237,1.02869645341,0.544491860281,8.05331334643,0.871264894205,0.461830251304,0.640599570326,0.371299902718,2,1.72528881811,0.640599570326,2,0.344071394247,0.376569037657,810,0.104247104247,0.56957682835,37,37,37,1,0,0.405405405405,0.540540540541,0.0540540540541,37,0.204954954955,1.74090014083,14.7567567568,12.4090909091,7.8,3.98891105584,0.270310822465,0.138798138798,7.30430372129,0.989960577611,0.524304524305,6.68061603676,0.90543147751,0.487872487872,0.65657064191,0.377144344187,2,1.74090014083,0.65657064191,2,0.225448793947,0.228008970845,305,0.0392535392535,0.417076656127,37,37,37,1,0,0.405405405405,0.540540540541,0.0540540540541,37,333,0.25,1.72132241338,18,15.1363636364,9.51428571429,4.99444135459,0.277468964144,0.138219300381,9.14694848934,1.01632760993,0.539241944647,8.07602762639,0.897336402932,0.475610745881,0.635479550564,0.369181012007,2,1.72132241338,0.635479550564,2,0.314282363815,0.337728696225,683,0.0879021879022,0.563723364631,37,37,37,1,0,0.405405405405,0.540540540541,0.0540540540541,-9,-0.00675675675676,-0.00396640473184,-0.486486486486,-0.409090909091,-0.257142857143,-0.373268800803,-0.0128896261332,-0.00442334226118,-0.361543053033,-0.012368843488,-0.00524991563398,0.0227142799562,0.0260715087274,0.0137804945771,-0.00512001976213,-0.00211889071024,0,-0.00396640473184,-0.00512001976213,0,-0.0297890304326,-0.0388403414314,-127,-0.0163449163449,-0.00585346371933,0,0,0,333,0,9,990,0.973684210526,1,0,0.0263157894737,1,0.973684210526,0.986666666667,0.982299486258,0.973684210526,0.973684210526,60,69,0,0,0,0
3249,WLNM_dir_neg,0.9861373661,0.920004252211,00:00:05,10,80,11,1240364546,threshold_sweep,0.9,1,0.869565217391,0.93023255814,60,0,9,138,0.869565217391,1,0,0.130434782609,1,0.869565217391,0.93023255814,0.95652173913,0.570048309179,0.898876404494,0.903507902905,0.869565217391,342,273,69,0,342,0,273,0,69,37,342,0.256756756757,1.72528881811,18.4864864865,15.5454545455,9.77142857143,5.36771015539,0.290358590277,0.142642642643,9.50849154237,1.02869645341,0.544491860281,8.05331334643,0.871264894205,0.461830251304,0.640599570326,0.371299902718,2,1.72528881811,0.640599570326,2,0.344071394247,0.376569037657,810,0.104247104247,0.56957682835,37,37,37,1,0,0.405405405405,0.540540540541,0.0540540540541,37,0.204954954955,1.74090014083,14.7567567568,12.4090909091,7.8,3.98891105584,0.270310822465,0.138798138798,7.30430372129,0.989960577611,0.524304524305,6.68061603676,0.90543147751,0.487872487872,0.65657064191,0.377144344187,2,1.74090014083,0.65657064191,2,0.225448793947,0.228008970845,305,0.0392535392535,0.417076656127,37,37,37,1,0,0.405405405405,0.540540540541,0.0540540540541,37,333,0.25,1.72132241338,18,15.1363636364,9.51428571429,4.99444135459,0.277468964144,0.138219300381,9.14694848934,1.01632760993,0.539241944647,8.07602762639,0.897336402932,0.475610745881,0.635479550564,0.369181012007,2,1.72132241338,0.635479550564,2,0.314282363815,0.337728696225,683,0.0879021879022,0.563723364631,37,37,37,1,0,0.405405405405,0.540540540541,0.0540540540541,-9,-0.00675675675676,-0.00396640473184,-0.486486486486,-0.409090909091,-0.257142857143,-0.373268800803,-0.0128896261332,-0.00442334226118,-0.361543053033,-0.012368843488,-0.00524991563398,0.0227142799562,0.0260715087274,0.0137804945771,-0.00512001976213,-0.00211889071024,0,-0.00396640473184,-0.00512001976213,0,-0.0297890304326,-0.0388403414314,-127,-0.0163449163449,-0.00585346371933,0,0,0,333,0,9,990,0.973684210526,1,0,0.0263157894737,1,0.973684210526,0.986666666667,0.982299486258,0.973684210526,0.973684210526,60,69,0,0,0,0
3250,WLNM_dir_neg,0.973377441714,0.905244663124,00:00:05,10,80,12,1240364547,threshold_sweep,0.1,0.948275862069,0.797101449275,0.866141732283,55,3,14,135,0.797101449275,0.978260869565,0.0217391304348,0.202898550725,0.948275862069,0.797101449275,0.866141732283,0.917874396135,0.573268921095,0.807547169811,0.813882384615,0.775362318841,342,273,69,0,342,0,273,0,69,37,342,0.256756756757,1.72528881811,18.4864864865,15.5454545455,9.77142857143,5.36771015539,0.290358590277,0.142642642643,9.50849154237,1.02869645341,0.544491860281,8.05331334643,0.871264894205,0.461830251304,0.640599570326,0.371299902718,2,1.72528881811,0.640599570326,2,0.344071394247,0.376569037657,810,0.104247104247,0.56957682835,37,37,37,1,0,0.405405405405,0.540540540541,0.0540540540541,37,0.204954954955,1.74103381632,14.7567567568,12.4090909091,7.8,4.27138674727,0.289452948075,0.148401148401,7.43994978833,1.00834484311,0.534996534997,6.55469022639,0.888364609438,0.475794475794,0.656464681489,0.377054526647,2,1.74103381632,0.656464681489,2,0.2402742465,0.253573188763,343,0.0441441441441,0.4064674067,37,37,37,1,0,0.405405405405,0.540540540541,0.0540540540541,37,331,0.248498498498,1,17.8918918919,13.24,9.45714285714,4.79457902093,0.267974960385,0.130154323508,8.80954641898,0.984752922967,0.524046705316,8.10673912367,0.906191382404,0.478321221524,0,0,0,NaN,NaN,NaN,0.284716859454,0.319290465632,624,0.0803088803089,0.448302514262,37,37,0,1,2,0.324324324324,0.621621621622,0.0540540540541,-11,-0.00825825825826,-0.725288818115,-0.594594594595,-2.30545454545,-0.314285714286,-0.573131134459,-0.0223836298925,-0.0124883191348,-0.698945123398,-0.0439435304476,-0.0204451549657,0.0534257772344,0.0349264881992,0.0164909702197,-0.640599570326,-0.371299902718,-2,NaN,NaN,NaN,-0.0593545347937,-0.057278572025,-186,-0.0239382239382,-0.121274314088,-0.0810810810811,0.0810810810811,0,328,3,14,987,0.959064327485,0.99696969697,0.0030303030303,0.0409356725146,0.990936555891,0.959064327485,0.974739970282,0.96643569795,0.956034024455,0.950724637681,58,69,0,0,0,0
3251,WLNM_dir_neg,0.973377441714,0.905244663124,00:00:05,10,80,12,1240364547,threshold_sweep,0.2,0.982142857143,0.797101449275,0.88,55,1,14,137,0.797101449275,0.992753623188,0.00724637681159,0.202898550725,0.982142857143,0.797101449275,0.88,0.927536231884,0.576489533011,0.828897338403,0.838164018242,0.789855072464,342,273,69,0,342,0,273,0,69,37,342,0.256756756757,1.72528881811,18.4864864865,15.5454545455,9.77142857143,5.36771015539,0.290358590277,0.142642642643,9.50849154237,1.02869645341,0.544491860281,8.05331334643,0.871264894205,0.461830251304,0.640599570326,0.371299902718,2,1.72528881811,0.640599570326,2,0.344071394247,0.376569037657,810,0.104247104247,0.56957682835,37,37,37,1,0,0.405405405405,0.540540540541,0.0540540540541,37,0.204954954955,1.74103381632,14.7567567568,12.4090909091,7.8,4.27138674727,0.289452948075,0.148401148401,7.43994978833,1.00834484311,0.534996534997,6.55469022639,0.888364609438,0.475794475794,0.656464681489,0.377054526647,2,1.74103381632,0.656464681489,2,0.2402742465,0.253573188763,343,0.0441441441441,0.4064674067,37,37,37,1,0,0.405405405405,0.540540540541,0.0540540540541,37,329,0.246996996997,1,17.7837837838,14.3043478261,9.4,4.72660986764,0.265782013834,0.127248829376,8.86247953699,0.996692227564,0.529039677976,8.11987884346,0.913177863854,0.480571757168,0,0,0,NaN,NaN,NaN,0.284716859454,0.319290465632,624,0.0803088803089,0.525321392146,37,37,0,1,2,0.378378378378,0.567567567568,0.0540540540541,-13,-0.00975975975976,-0.725288818115,-0.702702702703,-1.24110671937,-0.371428571429,-0.641100287757,-0.0245765764434,-0.0153938132662,-0.646012005386,-0.0320042258507,-0.0154521823055,0.0665654970235,0.041912969649,0.0187415058636,-0.640599570326,-0.371299902718,-2,NaN,NaN,NaN,-0.0593545347937,-0.057278572025,-186,-0.0239382239382,-0.044255436204,-0.027027027027,0.027027027027,0,328,1,14,989,0.959064327485,0.99898989899,0.0010101010101,0.0409356725146,0.996960486322,0.959064327485,0.977645305514,0.970448126539,0.958054226475,0.956268221574,56,69,0,0,0,0
3252,WLNM_dir_neg,0.973377441714,0.905244663124,00:00:05,10,80,12,1240364547,threshold_sweep,0.3,0.982142857143,0.797101449275,0.88,55,1,14,137,0.797101449275,0.992753623188,0.00724637681159,0.202898550725,0.982142857143,0.797101449275,0.88,0.927536231884,0.576489533011,0.828897338403,0.838164018242,0.789855072464,342,273,69,0,342,0,273,0,69,37,342,0.256756756757,1.72528881811,18.4864864865,15.5454545455,9.77142857143,5.36771015539,0.290358590277,0.142642642643,9.50849154237,1.02869645341,0.544491860281,8.05331334643,0.871264894205,0.461830251304,0.640599570326,0.371299902718,2,1.72528881811,0.640599570326,2,0.344071394247,0.376569037657,810,0.104247104247,0.56957682835,37,37,37,1,0,0.405405405405,0.540540540541,0.0540540540541,37,0.204954954955,1.74103381632,14.7567567568,12.4090909091,7.8,4.27138674727,0.289452948075,0.148401148401,7.43994978833,1.00834484311,0.534996534997,6.55469022639,0.888364609438,0.475794475794,0.656464681489,0.377054526647,2,1.74103381632,0.656464681489,2,0.2402742465,0.253573188763,343,0.0441441441441,0.4064674067,37,37,37,1,0,0.405405405405,0.540540540541,0.0540540540541,37,329,0.246996996997,1,17.7837837838,14.3043478261,9.4,4.72660986764,0.265782013834,0.127248829376,8.86247953699,0.996692227564,0.529039677976,8.11987884346,0.913177863854,0.480571757168,0,0,0,NaN,NaN,NaN,0.284716859454,0.319290465632,624,0.0803088803089,0.525321392146,37,37,0,1,2,0.378378378378,0.567567567568,0.0540540540541,-13,-0.00975975975976,-0.725288818115,-0.702702702703,-1.24110671937,-0.371428571429,-0.641100287757,-0.0245765764434,-0.0153938132662,-0.646012005386,-0.0320042258507,-0.0154521823055,0.0665654970235,0.041912969649,0.0187415058636,-0.640599570326,-0.371299902718,-2,NaN,NaN,NaN,-0.0593545347937,-0.057278572025,-186,-0.0239382239382,-0.044255436204,-0.027027027027,0.027027027027,0,328,1,14,989,0.959064327485,0.99898989899,0.0010101010101,0.0409356725146,0.996960486322,0.959064327485,0.977645305514,0.970448126539,0.958054226475,0.956268221574,56,69,0,0,0,0
3253,WLNM_dir_neg,0.973377441714,0.905244663124,00:00:05,10,80,12,1240364547,threshold_sweep,0.4,0.982142857143,0.797101449275,0.88,55,1,14,137,0.797101449275,0.992753623188,0.00724637681159,0.202898550725,0.982142857143,0.797101449275,0.88,0.927536231884,0.576489533011,0.828897338403,0.838164018242,0.789855072464,342,273,69,0,342,0,273,0,69,37,342,0.256756756757,1.72528881811,18.4864864865,15.5454545455,9.77142857143,5.36771015539,0.290358590277,0.142642642643,9.50849154237,1.02869645341,0.544491860281,8.05331334643,0.871264894205,0.461830251304,0.640599570326,0.371299902718,2,1.72528881811,0.640599570326,2,0.344071394247,0.376569037657,810,0.104247104247,0.56957682835,37,37,37,1,0,0.405405405405,0.540540540541,0.0540540540541,37,0.204954954955,1.74103381632,14.7567567568,12.4090909091,7.8,4.27138674727,0.289452948075,0.148401148401,7.43994978833,1.00834484311,0.534996534997,6.55469022639,0.888364609438,0.475794475794,0.656464681489,0.377054526647,2,1.74103381632,0.656464681489,2,0.2402742465,0.253573188763,343,0.0441441441441,0.4064674067,37,37,37,1,0,0.405405405405,0.540540540541,0.0540540540541,37,329,0.246996996997,1,17.7837837838,14.3043478261,9.4,4.72660986764,0.265782013834,0.127248829376,8.86247953699,0.996692227564,0.529039677976,8.11987884346,0.913177863854,0.480571757168,0,0,0,NaN,NaN,NaN,0.284716859454,0.319290465632,624,0.0803088803089,0.525321392146,37,37,0,1,2,0.378378378378,0.567567567568,0.0540540540541,-13,-0.00975975975976,-0.725288818115,-0.702702702703,-1.24110671937,-0.371428571429,-0.641100287757,-0.0245765764434,-0.0153938132662,-0.646012005386,-0.0320042258507,-0.0154521823055,0.0665654970235,0.041912969649,0.0187415058636,-0.640599570326,-0.371299902718,-2,NaN,NaN,NaN,-0.0593545347937,-0.057278572025,-186,-0.0239382239382,-0.044255436204,-0.027027027027,0.027027027027,0,328,1,14,989,0.959064327485,0.99898989899,0.0010101010101,0.0409356725146,0.996960486322,0.959064327485,0.977645305514,0.970448126539,0.958054226475,0.956268221574,56,69,0,0,0,0
3254,WLNM_dir_neg,0.973377441714,0.905244663124,00:00:05,10,80,12,1240364547,threshold_sweep,0.5,0.982142857143,0.797101449275,0.88,55,1,14,137,0.797101449275,0.992753623188,0.00724637681159,0.202898550725,0.982142857143,0.797101449275,0.88,0.927536231884,0.576489533011,0.828897338403,0.838164018242,0.789855072464,342,273,69,0,342,0,273,0,69,37,342,0.256756756757,1.72528881811,18.4864864865,15.5454545455,9.77142857143,5.36771015539,0.290358590277,0.142642642643,9.50849154237,1.02869645341,0.544491860281,8.05331334643,0.871264894205,0.461830251304,0.640599570326,0.371299902718,2,1.72528881811,0.640599570326,2,0.344071394247,0.376569037657,810,0.104247104247,0.56957682835,37,37,37,1,0,0.405405405405,0.540540540541,0.0540540540541,37,0.204954954955,1.74103381632,14.7567567568,12.4090909091,7.8,4.27138674727,0.289452948075,0.148401148401,7.43994978833,1.00834484311,0.534996534997,6.55469022639,0.888364609438,0.475794475794,0.656464681489,0.377054526647,2,1.74103381632,0.656464681489,2,0.2402742465,0.253573188763,343,0.0441441441441,0.4064674067,37,37,37,1,0,0.405405405405,0.540540540541,0.0540540540541,37,329,0.246996996997,1,17.7837837838,14.3043478261,9.4,4.72660986764,0.265782013834,0.127248829376,8.86247953699,0.996692227564,0.529039677976,8.11987884346,0.913177863854,0.480571757168,0,0,0,NaN,NaN,NaN,0.284716859454,0.319290465632,624,0.0803088803089,0.525321392146,37,37,0,1,2,0.378378378378,0.567567567568,0.0540540540541,-13,-0.00975975975976,-0.725288818115,-0.702702702703,-1.24110671937,-0.371428571429,-0.641100287757,-0.0245765764434,-0.0153938132662,-0.646012005386,-0.0320042258507,-0.0154521823055,0.0665654970235,0.041912969649,0.0187415058636,-0.640599570326,-0.371299902718,-2,NaN,NaN,NaN,-0.0593545347937,-0.057278572025,-186,-0.0239382239382,-0.044255436204,-0.027027027027,0.027027027027,0,328,1,14,989,0.959064327485,0.99898989899,0.0010101010101,0.0409356725146,0.996960486322,0.959064327485,0.977645305514,0.970448126539,0.958054226475,0.956268221574,56,69,0,0,0,0
3255,WLNM_dir_neg,0.973377441714,0.905244663124,00:00:05,10,80,12,1240364547,threshold_sweep,0.6,0.982142857143,0.797101449275,0.88,55,1,14,137,0.797101449275,0.992753623188,0.00724637681159,0.202898550725,0.982142857143,0.797101449275,0.88,0.927536231884,0.576489533011,0.828897338403,0.838164018242,0.789855072464,342,273,69,0,342,0,273,0,69,37,342,0.256756756757,1.72528881811,18.4864864865,15.5454545455,9.77142857143,5.36771015539,0.290358590277,0.142642642643,9.50849154237,1.02869645341,0.544491860281,8.05331334643,0.871264894205,0.461830251304,0.640599570326,0.371299902718,2,1.72528881811,0.640599570326,2,0.344071394247,0.376569037657,810,0.104247104247,0.56957682835,37,37,37,1,0,0.405405405405,0.540540540541,0.0540540540541,37,0.204954954955,1.74103381632,14.7567567568,12.4090909091,7.8,4.27138674727,0.289452948075,0.148401148401,7.43994978833,1.00834484311,0.534996534997,6.55469022639,0.888364609438,0.475794475794,0.656464681489,0.377054526647,2,1.74103381632,0.656464681489,2,0.2402742465,0.253573188763,343,0.0441441441441,0.4064674067,37,37,37,1,0,0.405405405405,0.540540540541,0.0540540540541,37,329,0.246996996997,1,17.7837837838,14.3043478261,9.4,4.72660986764,0.265782013834,0.127248829376,8.86247953699,0.996692227564,0.529039677976,8.11987884346,0.913177863854,0.480571757168,0,0,0,NaN,NaN,NaN,0.284716859454,0.319290465632,624,0.0803088803089,0.525321392146,37,37,0,1,2,0.378378378378,0.567567567568,0.0540540540541,-13,-0.00975975975976,-0.725288818115,-0.702702702703,-1.24110671937,-0.371428571429,-0.641100287757,-0.0245765764434,-0.0153938132662,-0.646012005386,-0.0320042258507,-0.0154521823055,0.0665654970235,0.041912969649,0.0187415058636,-0.640599570326,-0.371299902718,-2,NaN,NaN,NaN,-0.0593545347937,-0.057278572025,-186,-0.0239382239382,-0.044255436204,-0.027027027027,0.027027027027,0,328,1,14,989,0.959064327485,0.99898989899,0.0010101010101,0.0409356725146,0.996960486322,0.959064327485,0.977645305514,0.970448126539,0.958054226475,0.956268221574,56,69,0,0,0,0
3256,WLNM_dir_neg,0.973377441714,0.905244663124,00:00:05,10,80,12,1240364547,threshold_sweep,0.7,0.982142857143,0.797101449275,0.88,55,1,14,137,0.797101449275,0.992753623188,0.00724637681159,0.202898550725,0.982142857143,0.797101449275,0.88,0.927536231884,0.576489533011,0.828897338403,0.838164018242,0.789855072464,342,273,69,0,342,0,273,0,69,37,342,0.256756756757,1.72528881811,18.4864864865,15.5454545455,9.77142857143,5.36771015539,0.290358590277,0.142642642643,9.50849154237,1.02869645341,0.544491860281,8.05331334643,0.871264894205,0.461830251304,0.640599570326,0.371299902718,2,1.72528881811,0.640599570326,2,0.344071394247,0.376569037657,810,0.104247104247,0.56957682835,37,37,37,1,0,0.405405405405,0.540540540541,0.0540540540541,37,0.204954954955,1.74103381632,14.7567567568,12.4090909091,7.8,4.27138674727,0.289452948075,0.148401148401,7.43994978833,1.00834484311,0.534996534997,6.55469022639,0.888364609438,0.475794475794,0.656464681489,0.377054526647,2,1.74103381632,0.656464681489,2,0.2402742465,0.253573188763,343,0.0441441441441,0.4064674067,37,37,37,1,0,0.405405405405,0.540540540541,0.0540540540541,37,329,0.246996996997,1,17.7837837838,14.3043478261,9.4,4.72660986764,0.265782013834,0.127248829376,8.86247953699,0.996692227564,0.529039677976,8.11987884346,0.913177863854,0.480571757168,0,0,0,NaN,NaN,NaN,0.284716859454,0.319290465632,624,0.0803088803089,0.525321392146,37,37,0,1,2,0.378378378378,0.567567567568,0.0540540540541,-13,-0.00975975975976,-0.725288818115,-0.702702702703,-1.24110671937,-0.371428571429,-0.641100287757,-0.0245765764434,-0.0153938132662,-0.646012005386,-0.0320042258507,-0.0154521823055,0.0665654970235,0.041912969649,0.0187415058636,-0.640599570326,-0.371299902718,-2,NaN,NaN,NaN,-0.0593545347937,-0.057278572025,-186,-0.0239382239382,-0.044255436204,-0.027027027027,0.027027027027,0,328,1,14,989,0.959064327485,0.99898989899,0.0010101010101,0.0409356725146,0.996960486322,0.959064327485,0.977645305514,0.970448126539,0.958054226475,0.956268221574,56,69,0,0,0,0
3257,WLNM_dir_neg,0.973377441714,0.905244663124,00:00:05,10,80,12,1240364547,threshold_sweep,0.8,1,0.797101449275,0.887096774194,55,0,14,138,0.797101449275,1,0,0.202898550725,1,0.797101449275,0.887096774194,0.932367149758,0.578099838969,0.839694656489,0.850696309223,0.797101449275,342,273,69,0,342,0,273,0,69,37,342,0.256756756757,1.72528881811,18.4864864865,15.5454545455,9.77142857143,5.36771015539,0.290358590277,0.142642642643,9.50849154237,1.02869645341,0.544491860281,8.05331334643,0.871264894205,0.461830251304,0.640599570326,0.371299902718,2,1.72528881811,0.640599570326,2,0.344071394247,0.376569037657,810,0.104247104247,0.56957682835,37,37,37,1,0,0.405405405405,0.540540540541,0.0540540540541,37,0.204954954955,1.74103381632,14.7567567568,12.4090909091,7.8,4.27138674727,0.289452948075,0.148401148401,7.43994978833,1.00834484311,0.534996534997,6.55469022639,0.888364609438,0.475794475794,0.656464681489,0.377054526647,2,1.74103381632,0.656464681489,2,0.2402742465,0.253573188763,343,0.0441441441441,0.4064674067,37,37,37,1,0,0.405405405405,0.540540540541,0.0540540540541,37,328,0.246246246246,1.71708296808,17.7297297297,14.9090909091,9.37142857143,4.81114821505,0.271360493836,0.130191166777,8.88870119922,1.00268885479,0.531311799604,8.11432944502,0.915335943493,0.481377719183,0.631011148028,0.367490191072,2,1.71708296808,0.631011148028,2,0.284716859454,0.319290465632,624,0.0803088803089,0.566939991433,37,37,37,1,0,0.405405405405,0.540540540541,0.0540540540541,-14,-0.0105105105105,-0.00820585003182,-0.756756756757,-0.636363636364,-0.4,-0.556561940347,-0.0189980964406,-0.0124514758661,-0.619790343155,-0.0260075986248,-0.0131800606769,0.0610160985872,0.0440710492884,0.0195474678787,-0.009588422298,-0.00380971164531,0,-0.00820585003182,-0.009588422298,0,-0.0593545347937,-0.057278572025,-186,-0.0239382239382,-0.00263683691688,0,0,0,328,0,14,990,0.959064327485,1,0,0.0409356725146,1,0.959064327485,0.979104477612,0.972466411003,0.959064327485,0.959064327485,55,69,0,0,0,0
3258,WLNM_dir_neg,0.973377441714,0.905244663124,00:00:05,10,80,12,1240364547,threshold_sweep,0.9,1,0.797101449275,0.887096774194,55,0,14,138,0.797101449275,1,0,0.202898550725,1,0.797101449275,0.887096774194,0.932367149758,0.578099838969,0.839694656489,0.850696309223,0.797101449275,342,273,69,0,342,0,273,0,69,37,342,0.256756756757,1.72528881811,18.4864864865,15.5454545455,9.77142857143,5.36771015539,0.290358590277,0.142642642643,9.50849154237,1.02869645341,0.544491860281,8.05331334643,0.871264894205,0.461830251304,0.640599570326,0.371299902718,2,1.72528881811,0.640599570326,2,0.344071394247,0.376569037657,810,0.104247104247,0.56957682835,37,37,37,1,0,0.405405405405,0.540540540541,0.0540540540541,37,0.204954954955,1.74103381632,14.7567567568,12.4090909091,7.8,4.27138674727,0.289452948075,0.148401148401,7.43994978833,1.00834484311,0.534996534997,6.55469022639,0.888364609438,0.475794475794,0.656464681489,0.377054526647,2,1.74103381632,0.656464681489,2,0.2402742465,0.253573188763,343,0.0441441441441,0.4064674067,37,37,37,1,0,0.405405405405,0.540540540541,0.0540540540541,37,328,0.246246246246,1.71708296808,17.7297297297,14.9090909091,9.37142857143,4.81114821505,0.271360493836,0.130191166777,8.88870119922,1.00268885479,0.531311799604,8.11432944502,0.915335943493,0.481377719183,0.631011148028,0.367490191072,2,1.71708296808,0.631011148028,2,0.284716859454,0.319290465632,624,0.0803088803089,0.566939991433,37,37,37,1,0,0.405405405405,0.540540540541,0.0540540540541,-14,-0.0105105105105,-0.00820585003182,-0.756756756757,-0.636363636364,-0.4,-0.556561940347,-0.0189980964406,-0.0124514758661,-0.619790343155,-0.0260075986248,-0.0131800606769,0.0610160985872,0.0440710492884,0.0195474678787,-0.009588422298,-0.00380971164531,0,-0.00820585003182,-0.009588422298,0,-0.0593545347937,-0.057278572025,-186,-0.0239382239382,-0.00263683691688,0,0,0,328,0,14,990,0.959064327485,1,0,0.0409356725146,1,0.959064327485,0.979104477612,0.972466411003,0.959064327485,0.959064327485,55,69,0,0,0,0
3259,WLNM_dir_neg,0.915301407267,0.855058967955,00:00:05,10,80,13,1240364548,threshold_sweep,0.1,0.965517241379,0.811594202899,0.88188976378,56,2,13,136,0.811594202899,0.985507246377,0.0144927536232,0.188405797101,0.965517241379,0.811594202899,0.88188976378,0.927536231884,0.573268921095,0.830188679245,0.836701516894,0.797101449275,342,273,69,0,342,0,273,0,69,37,342,0.256756756757,1.72528881811,18.4864864865,15.5454545455,9.77142857143,5.36771015539,0.290358590277,0.142642642643,9.50849154237,1.02869645341,0.544491860281,8.05331334643,0.871264894205,0.461830251304,0.640599570326,0.371299902718,2,1.72528881811,0.640599570326,2,0.344071394247,0.376569037657,810,0.104247104247,0.56957682835,37,37,37,1,0,0.405405405405,0.540540540541,0.0540540540541,37,0.204954954955,1.75838997058,14.7567567568,12.4090909091,7.8,4.38054667698,0.296850232689,0.147312147312,7.42874055182,1.00682564255,0.532026532027,6.62214865832,0.897507327318,0.479952479952,0.681463044136,0.387549437576,2,1.75838997058,0.681463044136,2,0.242397027382,0.251042944785,341,0.0438867438867,0.411544481749,37,37,37,1,0,0.405405405405,0.540540540541,0.0540540540541,37,331,0.248498498498,1.8742811406,17.8918918919,14.3913043478,9.19444444444,5.07052366233,0.283397848196,0.136523230179,8.94410403545,0.999794106682,0.531722054381,8.18516933221,0.914958505414,0.476034947334,0.739118898084,0.394347935361,2.54391992242,1.8742811406,0.739118898084,2.54391992242,0.296581349352,0.319256756757,630,0.0810810810811,0.527140875198,37,37,37,1,0,0.378378378378,0.594594594595,0.027027027027,-11,-0.00825825825826,0.14899232249,-0.594594594595,-1.15415019763,-0.576984126984,-0.297186493067,-0.00696074208064,-0.00611941246382,-0.564387506922,-0.0289023467328,-0.0127698059007,0.131855985779,0.0436936112086,0.0142046960301,0.0985193277577,0.0230480326434,0.543919922421,0.14899232249,0.0985193277577,0.543919922421,-0.0474900448952,-0.0573122809001,-180,-0.023166023166,-0.0424359531522,-0.027027027027,0.0540540540541,-0.027027027027,329,2,13,988,0.961988304094,0.99797979798,0.0020202020202,0.0380116959064,0.993957703927,0.961988304094,0.977711738484,0.970412578428,0.959968102073,0.956395348837,58,69,0,0,0,0
3260,WLNM_dir_neg,0.915301407267,0.855058967955,00:00:05,10,80,13,1240364548,threshold_sweep,0.2,0.982142857143,0.797101449275,0.88,55,1,14,137,0.797101449275,0.992753623188,0.00724637681159,0.202898550725,0.982142857143,0.797101449275,0.88,0.927536231884,0.576489533011,0.828897338403,0.838164018242,0.789855072464,342,273,69,0,342,0,273,0,69,37,342,0.256756756757,1.72528881811,18.4864864865,15.5454545455,9.77142857143,5.36771015539,0.290358590277,0.142642642643,9.50849154237,1.02869645341,0.544491860281,8.05331334643,0.871264894205,0.461830251304,0.640599570326,0.371299902718,2,1.72528881811,0.640599570326,2,0.344071394247,0.376569037657,810,0.104247104247,0.56957682835,37,37,37,1,0,0.405405405405,0.540540540541,0.0540540540541,37,0.204954954955,1.75838997058,14.7567567568,12.4090909091,7.8,4.38054667698,0.296850232689,0.147312147312,7.42874055182,1.00682564255,0.532026532027,6.62214865832,0.897507327318,0.479952479952,0.681463044136,0.387549437576,2,1.75838997058,0.681463044136,2,0.242397027382,0.251042944785,341,0.0438867438867,0.411544481749,37,37,37,1,0,0.405405405405,0.540540540541,0.0540540540541,37,329,0.246996996997,1.73151313555,17.7837837838,14.9545454545,9.13888888889,5.17545024952,0.291020758712,0.138092499795,8.99315722518,1.01138850253,0.535775897478,8.21510730228,0.923887447369,0.478928776801,0.653913570354,0.377654409272,2,1.73151313555,0.653913570354,2,0.306982659754,0.319181326116,629,0.0809523809524,0.575736979122,37,37,37,1,0,0.405405405405,0.567567567568,0.027027027027,-13,-0.00975975975976,0.00622431743782,-0.702702702703,-0.590909090909,-0.63253968254,-0.192259905871,0.000662168434644,-0.00455014284802,-0.515334317191,-0.0173079508865,-0.00871596280331,0.161793955847,0.0526225531641,0.0170985254972,0.0133140000278,0.00635450655423,0,0.00622431743782,0.0133140000278,0,-0.0370887344939,-0.0573877115405,-181,-0.0232947232947,0.00616015077217,0,0.027027027027,-0.027027027027,328,1,14,989,0.959064327485,0.99898989899,0.0010101010101,0.0409356725146,0.996960486322,0.959064327485,0.977645305514,0.970448126539,0.958054226475,0.956268221574,56,69,0,0,0,0
3261,WLNM_dir_neg,0.915301407267,0.855058967955,00:00:05,10,80,13,1240364548,threshold_sweep,0.3,0.982142857143,0.797101449275,0.88,55,1,14,137,0.797101449275,0.992753623188,0.00724637681159,0.202898550725,0.982142857143,0.797101449275,0.88,0.927536231884,0.576489533011,0.828897338403,0.838164018242,0.789855072464,342,273,69,0,342,0,273,0,69,37,342,0.256756756757,1.72528881811,18.4864864865,15.5454545455,9.77142857143,5.36771015539,0.290358590277,0.142642642643,9.50849154237,1.02869645341,0.544491860281,8.05331334643,0.871264894205,0.461830251304,0.640599570326,0.371299902718,2,1.72528881811,0.640599570326,2,0.344071394247,0.376569037657,810,0.104247104247,0.56957682835,37,37,37,1,0,0.405405405405,0.540540540541,0.0540540540541,37,0.204954954955,1.75838997058,14.7567567568,12.4090909091,7.8,4.38054667698,0.296850232689,0.147312147312,7.42874055182,1.00682564255,0.532026532027,6.62214865832,0.897507327318,0.479952479952,0.681463044136,0.387549437576,2,1.75838997058,0.681463044136,2,0.242397027382,0.251042944785,341,0.0438867438867,0.411544481749,37,37,37,1,0,0.405405405405,0.540540540541,0.0540540540541,37,329,0.246996996997,1.73151313555,17.7837837838,14.9545454545,9.13888888889,5.17545024952,0.291020758712,0.138092499795,8.99315722518,1.01138850253,0.535775897478,8.21510730228,0.923887447369,0.478928776801,0.653913570354,0.377654409272,2,1.73151313555,0.653913570354,2,0.306982659754,0.319181326116,629,0.0809523809524,0.575736979122,37,37,37,1,0,0.405405405405,0.567567567568,0.027027027027,-13,-0.00975975975976,0.00622431743782,-0.702702702703,-0.590909090909,-0.63253968254,-0.192259905871,0.000662168434644,-0.00455014284802,-0.515334317191,-0.0173079508865,-0.00871596280331,0.161793955847,0.0526225531641,0.0170985254972,0.0133140000278,0.00635450655423,0,0.00622431743782,0.0133140000278,0,-0.0370887344939,-0.0573877115405,-181,-0.0232947232947,0.00616015077217,0,0.027027027027,-0.027027027027,328,1,14,989,0.959064327485,0.99898989899,0.0010101010101,0.0409356725146,0.996960486322,0.959064327485,0.977645305514,0.970448126539,0.958054226475,0.956268221574,56,69,0,0,0,0
3262,WLNM_dir_neg,0.915301407267,0.855058967955,00:00:05,10,80,13,1240364548,threshold_sweep,0.4,0.982142857143,0.797101449275,0.88,55,1,14,137,0.797101449275,0.992753623188,0.00724637681159,0.202898550725,0.982142857143,0.797101449275,0.88,0.927536231884,0.576489533011,0.828897338403,0.838164018242,0.789855072464,342,273,69,0,342,0,273,0,69,37,342,0.256756756757,1.72528881811,18.4864864865,15.5454545455,9.77142857143,5.36771015539,0.290358590277,0.142642642643,9.50849154237,1.02869645341,0.544491860281,8.05331334643,0.871264894205,0.461830251304,0.640599570326,0.371299902718,2,1.72528881811,0.640599570326,2,0.344071394247,0.376569037657,810,0.104247104247,0.56957682835,37,37,37,1,0,0.405405405405,0.540540540541,0.0540540540541,37,0.204954954955,1.75838997058,14.7567567568,12.4090909091,7.8,4.38054667698,0.296850232689,0.147312147312,7.42874055182,1.00682564255,0.532026532027,6.62214865832,0.897507327318,0.479952479952,0.681463044136,0.387549437576,2,1.75838997058,0.681463044136,2,0.242397027382,0.251042944785,341,0.0438867438867,0.411544481749,37,37,37,1,0,0.405405405405,0.540540540541,0.0540540540541,37,329,0.246996996997,1.73151313555,17.7837837838,14.9545454545,9.13888888889,5.17545024952,0.291020758712,0.138092499795,8.99315722518,1.01138850253,0.535775897478,8.21510730228,0.923887447369,0.478928776801,0.653913570354,0.377654409272,2,1.73151313555,0.653913570354,2,0.306982659754,0.319181326116,629,0.0809523809524,0.575736979122,37,37,37,1,0,0.405405405405,0.567567567568,0.027027027027,-13,-0.00975975975976,0.00622431743782,-0.702702702703,-0.590909090909,-0.63253968254,-0.192259905871,0.000662168434644,-0.00455014284802,-0.515334317191,-0.0173079508865,-0.00871596280331,0.161793955847,0.0526225531641,0.0170985254972,0.0133140000278,0.00635450655423,0,0.00622431743782,0.0133140000278,0,-0.0370887344939,-0.0573877115405,-181,-0.0232947232947,0.00616015077217,0,0.027027027027,-0.027027027027,328,1,14,989,0.959064327485,0.99898989899,0.0010101010101,0.0409356725146,0.996960486322,0.959064327485,0.977645305514,0.970448126539,0.958054226475,0.956268221574,56,69,0,0,0,0
3263,WLNM_dir_neg,0.915301407267,0.855058967955,00:00:05,10,80,13,1240364548,threshold_sweep,0.5,0.982142857143,0.797101449275,0.88,55,1,14,137,0.797101449275,0.992753623188,0.00724637681159,0.202898550725,0.982142857143,0.797101449275,0.88,0.927536231884,0.576489533011,0.828897338403,0.838164018242,0.789855072464,342,273,69,0,342,0,273,0,69,37,342,0.256756756757,1.72528881811,18.4864864865,15.5454545455,9.77142857143,5.36771015539,0.290358590277,0.142642642643,9.50849154237,1.02869645341,0.544491860281,8.05331334643,0.871264894205,0.461830251304,0.640599570326,0.371299902718,2,1.72528881811,0.640599570326,2,0.344071394247,0.376569037657,810,0.104247104247,0.56957682835,37,37,37,1,0,0.405405405405,0.540540540541,0.0540540540541,37,0.204954954955,1.75838997058,14.7567567568,12.4090909091,7.8,4.38054667698,0.296850232689,0.147312147312,7.42874055182,1.00682564255,0.532026532027,6.62214865832,0.897507327318,0.479952479952,0.681463044136,0.387549437576,2,1.75838997058,0.681463044136,2,0.242397027382,0.251042944785,341,0.0438867438867,0.411544481749,37,37,37,1,0,0.405405405405,0.540540540541,0.0540540540541,37,329,0.246996996997,1.73151313555,17.7837837838,14.9545454545,9.13888888889,5.17545024952,0.291020758712,0.138092499795,8.99315722518,1.01138850253,0.535775897478,8.21510730228,0.923887447369,0.478928776801,0.653913570354,0.377654409272,2,1.73151313555,0.653913570354,2,0.306982659754,0.319181326116,629,0.0809523809524,0.575736979122,37,37,37,1,0,0.405405405405,0.567567567568,0.027027027027,-13,-0.00975975975976,0.00622431743782,-0.702702702703,-0.590909090909,-0.63253968254,-0.192259905871,0.000662168434644,-0.00455014284802,-0.515334317191,-0.0173079508865,-0.00871596280331,0.161793955847,0.0526225531641,0.0170985254972,0.0133140000278,0.00635450655423,0,0.00622431743782,0.0133140000278,0,-0.0370887344939,-0.0573877115405,-181,-0.0232947232947,0.00616015077217,0,0.027027027027,-0.027027027027,328,1,14,989,0.959064327485,0.99898989899,0.0010101010101,0.0409356725146,0.996960486322,0.959064327485,0.977645305514,0.970448126539,0.958054226475,0.956268221574,56,69,0,0,0,0
3264,WLNM_dir_neg,0.915301407267,0.855058967955,00:00:05,10,80,13,1240364548,threshold_sweep,0.6,0.982142857143,0.797101449275,0.88,55,1,14,137,0.797101449275,0.992753623188,0.00724637681159,0.202898550725,0.982142857143,0.797101449275,0.88,0.927536231884,0.576489533011,0.828897338403,0.838164018242,0.789855072464,342,273,69,0,342,0,273,0,69,37,342,0.256756756757,1.72528881811,18.4864864865,15.5454545455,9.77142857143,5.36771015539,0.290358590277,0.142642642643,9.50849154237,1.02869645341,0.544491860281,8.05331334643,0.871264894205,0.461830251304,0.640599570326,0.371299902718,2,1.72528881811,0.640599570326,2,0.344071394247,0.376569037657,810,0.104247104247,0.56957682835,37,37,37,1,0,0.405405405405,0.540540540541,0.0540540540541,37,0.204954954955,1.75838997058,14.7567567568,12.4090909091,7.8,4.38054667698,0.296850232689,0.147312147312,7.42874055182,1.00682564255,0.532026532027,6.62214865832,0.897507327318,0.479952479952,0.681463044136,0.387549437576,2,1.75838997058,0.681463044136,2,0.242397027382,0.251042944785,341,0.0438867438867,0.411544481749,37,37,37,1,0,0.405405405405,0.540540540541,0.0540540540541,37,329,0.246996996997,1.73151313555,17.7837837838,14.9545454545,9.13888888889,5.17545024952,0.291020758712,0.138092499795,8.99315722518,1.01138850253,0.535775897478,8.21510730228,0.923887447369,0.478928776801,0.653913570354,0.377654409272,2,1.73151313555,0.653913570354,2,0.306982659754,0.319181326116,629,0.0809523809524,0.575736979122,37,37,37,1,0,0.405405405405,0.567567567568,0.027027027027,-13,-0.00975975975976,0.00622431743782,-0.702702702703,-0.590909090909,-0.63253968254,-0.192259905871,0.000662168434644,-0.00455014284802,-0.515334317191,-0.0173079508865,-0.00871596280331,0.161793955847,0.0526225531641,0.0170985254972,0.0133140000278,0.00635450655423,0,0.00622431743782,0.0133140000278,0,-0.0370887344939,-0.0573877115405,-181,-0.0232947232947,0.00616015077217,0,0.027027027027,-0.027027027027,328,1,14,989,0.959064327485,0.99898989899,0.0010101010101,0.0409356725146,0.996960486322,0.959064327485,0.977645305514,0.970448126539,0.958054226475,0.956268221574,56,69,0,0,0,0
3265,WLNM_dir_neg,0.915301407267,0.855058967955,00:00:05,10,80,13,1240364548,threshold_sweep,0.7,0.982142857143,0.797101449275,0.88,55,1,14,137,0.797101449275,0.992753623188,0.00724637681159,0.202898550725,0.982142857143,0.797101449275,0.88,0.927536231884,0.576489533011,0.828897338403,0.838164018242,0.789855072464,342,273,69,0,342,0,273,0,69,37,342,0.256756756757,1.72528881811,18.4864864865,15.5454545455,9.77142857143,5.36771015539,0.290358590277,0.142642642643,9.50849154237,1.02869645341,0.544491860281,8.05331334643,0.871264894205,0.461830251304,0.640599570326,0.371299902718,2,1.72528881811,0.640599570326,2,0.344071394247,0.376569037657,810,0.104247104247,0.56957682835,37,37,37,1,0,0.405405405405,0.540540540541,0.0540540540541,37,0.204954954955,1.75838997058,14.7567567568,12.4090909091,7.8,4.38054667698,0.296850232689,0.147312147312,7.42874055182,1.00682564255,0.532026532027,6.62214865832,0.897507327318,0.479952479952,0.681463044136,0.387549437576,2,1.75838997058,0.681463044136,2,0.242397027382,0.251042944785,341,0.0438867438867,0.411544481749,37,37,37,1,0,0.405405405405,0.540540540541,0.0540540540541,37,329,0.246996996997,1.73151313555,17.7837837838,14.9545454545,9.13888888889,5.17545024952,0.291020758712,0.138092499795,8.99315722518,1.01138850253,0.535775897478,8.21510730228,0.923887447369,0.478928776801,0.653913570354,0.377654409272,2,1.73151313555,0.653913570354,2,0.306982659754,0.319181326116,629,0.0809523809524,0.575736979122,37,37,37,1,0,0.405405405405,0.567567567568,0.027027027027,-13,-0.00975975975976,0.00622431743782,-0.702702702703,-0.590909090909,-0.63253968254,-0.192259905871,0.000662168434644,-0.00455014284802,-0.515334317191,-0.0173079508865,-0.00871596280331,0.161793955847,0.0526225531641,0.0170985254972,0.0133140000278,0.00635450655423,0,0.00622431743782,0.0133140000278,0,-0.0370887344939,-0.0573877115405,-181,-0.0232947232947,0.00616015077217,0,0.027027027027,-0.027027027027,328,1,14,989,0.959064327485,0.99898989899,0.0010101010101,0.0409356725146,0.996960486322,0.959064327485,0.977645305514,0.970448126539,0.958054226475,0.956268221574,56,69,0,0,0,0
3266,WLNM_dir_neg,0.915301407267,0.855058967955,00:00:05,10,80,13,1240364548,threshold_sweep,0.8,0.982142857143,0.797101449275,0.88,55,1,14,137,0.797101449275,0.992753623188,0.00724637681159,0.202898550725,0.982142857143,0.797101449275,0.88,0.927536231884,0.576489533011,0.828897338403,0.838164018242,0.789855072464,342,273,69,0,342,0,273,0,69,37,342,0.256756756757,1.72528881811,18.4864864865,15.5454545455,9.77142857143,5.36771015539,0.290358590277,0.142642642643,9.50849154237,1.02869645341,0.544491860281,8.05331334643,0.871264894205,0.461830251304,0.640599570326,0.371299902718,2,1.72528881811,0.640599570326,2,0.344071394247,0.376569037657,810,0.104247104247,0.56957682835,37,37,37,1,0,0.405405405405,0.540540540541,0.0540540540541,37,0.204954954955,1.75838997058,14.7567567568,12.4090909091,7.8,4.38054667698,0.296850232689,0.147312147312,7.42874055182,1.00682564255,0.532026532027,6.62214865832,0.897507327318,0.479952479952,0.681463044136,0.387549437576,2,1.75838997058,0.681463044136,2,0.242397027382,0.251042944785,341,0.0438867438867,0.411544481749,37,37,37,1,0,0.405405405405,0.540540540541,0.0540540540541,37,329,0.246996996997,1.73151313555,17.7837837838,14.9545454545,9.13888888889,5.17545024952,0.291020758712,0.138092499795,8.99315722518,1.01138850253,0.535775897478,8.21510730228,0.923887447369,0.478928776801,0.653913570354,0.377654409272,2,1.73151313555,0.653913570354,2,0.306982659754,0.319181326116,629,0.0809523809524,0.575736979122,37,37,37,1,0,0.405405405405,0.567567567568,0.027027027027,-13,-0.00975975975976,0.00622431743782,-0.702702702703,-0.590909090909,-0.63253968254,-0.192259905871,0.000662168434644,-0.00455014284802,-0.515334317191,-0.0173079508865,-0.00871596280331,0.161793955847,0.0526225531641,0.0170985254972,0.0133140000278,0.00635450655423,0,0.00622431743782,0.0133140000278,0,-0.0370887344939,-0.0573877115405,-181,-0.0232947232947,0.00616015077217,0,0.027027027027,-0.027027027027,328,1,14,989,0.959064327485,0.99898989899,0.0010101010101,0.0409356725146,0.996960486322,0.959064327485,0.977645305514,0.970448126539,0.958054226475,0.956268221574,56,69,0,0,0,0
3267,WLNM_dir_neg,0.915301407267,0.855058967955,00:00:05,10,80,13,1240364548,threshold_sweep,0.9,0.982142857143,0.797101449275,0.88,55,1,14,137,0.797101449275,0.992753623188,0.00724637681159,0.202898550725,0.982142857143,0.797101449275,0.88,0.927536231884,0.576489533011,0.828897338403,0.838164018242,0.789855072464,342,273,69,0,342,0,273,0,69,37,342,0.256756756757,1.72528881811,18.4864864865,15.5454545455,9.77142857143,5.36771015539,0.290358590277,0.142642642643,9.50849154237,1.02869645341,0.544491860281,8.05331334643,0.871264894205,0.461830251304,0.640599570326,0.371299902718,2,1.72528881811,0.640599570326,2,0.344071394247,0.376569037657,810,0.104247104247,0.56957682835,37,37,37,1,0,0.405405405405,0.540540540541,0.0540540540541,37,0.204954954955,1.75838997058,14.7567567568,12.4090909091,7.8,4.38054667698,0.296850232689,0.147312147312,7.42874055182,1.00682564255,0.532026532027,6.62214865832,0.897507327318,0.479952479952,0.681463044136,0.387549437576,2,1.75838997058,0.681463044136,2,0.242397027382,0.251042944785,341,0.0438867438867,0.411544481749,37,37,37,1,0,0.405405405405,0.540540540541,0.0540540540541,37,329,0.246996996997,1.73151313555,17.7837837838,14.9545454545,9.13888888889,5.17545024952,0.291020758712,0.138092499795,8.99315722518,1.01138850253,0.535775897478,8.21510730228,0.923887447369,0.478928776801,0.653913570354,0.377654409272,2,1.73151313555,0.653913570354,2,0.306982659754,0.319181326116,629,0.0809523809524,0.575736979122,37,37,37,1,0,0.405405405405,0.567567567568,0.027027027027,-13,-0.00975975975976,0.00622431743782,-0.702702702703,-0.590909090909,-0.63253968254,-0.192259905871,0.000662168434644,-0.00455014284802,-0.515334317191,-0.0173079508865,-0.00871596280331,0.161793955847,0.0526225531641,0.0170985254972,0.0133140000278,0.00635450655423,0,0.00622431743782,0.0133140000278,0,-0.0370887344939,-0.0573877115405,-181,-0.0232947232947,0.00616015077217,0,0.027027027027,-0.027027027027,328,1,14,989,0.959064327485,0.99898989899,0.0010101010101,0.0409356725146,0.996960486322,0.959064327485,0.977645305514,0.970448126539,0.958054226475,0.956268221574,56,69,0,0,0,0
3268,WLNM_dir_neg,0.99390884268,0.962273507394,00:00:06,10,80,14,1240364549,threshold_sweep,0.1,1,0.927536231884,0.962406015038,64,0,5,138,0.927536231884,1,0,0.0724637681159,1,0.927536231884,0.962406015038,0.975845410628,0.563607085346,0.944649446494,0.946099833583,0.927536231884,342,273,69,0,342,0,273,0,69,37,342,0.256756756757,1.72528881811,18.4864864865,15.5454545455,9.77142857143,5.36771015539,0.290358590277,0.142642642643,9.50849154237,1.02869645341,0.544491860281,8.05331334643,0.871264894205,0.461830251304,0.640599570326,0.371299902718,2,1.72528881811,0.640599570326,2,0.344071394247,0.376569037657,810,0.104247104247,0.56957682835,37,37,37,1,0,0.405405405405,0.540540540541,0.0540540540541,37,0.204954954955,1.74262660137,14.7567567568,12.4090909091,7.8,4.07843519424,0.276377476533,0.138006138006,7.37243873171,0.999194992943,0.529254529255,6.52921363034,0.884911737445,0.479358479358,0.657568887863,0.377343538395,2,1.74262660137,0.657568887863,2,0.23263231588,0.248260437376,333,0.0428571428571,0.402569728559,37,37,37,1,0,0.405405405405,0.540540540541,0.0540540540541,37,337,0.253003003003,1.72153433555,18.2162162162,15.3181818182,9.62857142857,5.11607018855,0.280852517769,0.137059908573,9.21587936295,1.01183245231,0.538294971529,8.17782837169,0.897862462174,0.475258641431,0.635336170364,0.369052279262,2,1.72153433555,0.635336170364,2,0.31691768356,0.35458487233,736,0.0947232947233,0.575224419252,37,37,37,1,0,0.405405405405,0.540540540541,0.0540540540541,-5,-0.00375375375375,-0.00375448256146,-0.27027027027,-0.227272727273,-0.142857142857,-0.251639966843,-0.00950607250804,-0.00558273406938,-0.292612179426,-0.0168640011029,-0.00619688875194,0.124515025259,0.0265975679692,0.0134283901268,-0.00526339996187,-0.00224762345551,0,-0.00375448256146,-0.00526339996187,0,-0.0271537106875,-0.0219841653267,-74,-0.00952380952381,0.00564759090216,0,0,0,337,0,5,990,0.985380116959,1,0,0.0146198830409,1,0.985380116959,0.99263622975,0.990165874023,0.985380116959,0.985380116959,64,69,0,0,0,0
3269,WLNM_dir_neg,0.99390884268,0.962273507394,00:00:06,10,80,14,1240364549,threshold_sweep,0.2,1,0.913043478261,0.954545454545,63,0,6,138,0.913043478261,1,0,0.0869565217391,1,0.913043478261,0.954545454545,0.971014492754,0.565217391304,0.933333333333,0.935414346693,0.913043478261,342,273,69,0,342,0,273,0,69,37,342,0.256756756757,1.72528881811,18.4864864865,15.5454545455,9.77142857143,5.36771015539,0.290358590277,0.142642642643,9.50849154237,1.02869645341,0.544491860281,8.05331334643,0.871264894205,0.461830251304,0.640599570326,0.371299902718,2,1.72528881811,0.640599570326,2,0.344071394247,0.376569037657,810,0.104247104247,0.56957682835,37,37,37,1,0,0.405405405405,0.540540540541,0.0540540540541,37,0.204954954955,1.74262660137,14.7567567568,12.4090909091,7.8,4.07843519424,0.276377476533,0.138006138006,7.37243873171,0.999194992943,0.529254529255,6.52921363034,0.884911737445,0.479358479358,0.657568887863,0.377343538395,2,1.74262660137,0.657568887863,2,0.23263231588,0.248260437376,333,0.0428571428571,0.402569728559,37,37,37,1,0,0.405405405405,0.540540540541,0.0540540540541,37,336,0.252252252252,1.72005712305,18.1621621622,15.2727272727,9.6,5.15597557055,0.283885559688,0.139398326898,9.19353147713,1.01238293052,0.538288288288,8.16965380192,0.899634496045,0.47602960103,0.63443374775,0.368844580363,2,1.72005712305,0.63443374775,2,0.318008665533,0.355702532667,735,0.0945945945946,0.574806287517,37,37,37,1,0,0.405405405405,0.540540540541,0.0540540540541,-6,-0.0045045045045,-0.00523169506808,-0.324324324324,-0.272727272727,-0.171428571429,-0.211734584846,-0.00647303058923,-0.00324431574432,-0.314960065242,-0.0163135228973,-0.00620357199305,0.116340455487,0.02836960184,0.0141993497257,-0.00616582257612,-0.00245532235511,0,-0.00523169506808,-0.00616582257612,0,-0.0260627287142,-0.0208665049903,-75,-0.00965250965251,0.00522945916747,0,0,0,336,0,6,990,0.982456140351,1,0,0.0175438596491,1,0.982456140351,0.991150442478,0.988199235917,0.982456140351,0.982456140351,63,69,0,0,0,0
3270,WLNM_dir_neg,0.99390884268,0.962273507394,00:00:06,10,80,14,1240364549,threshold_sweep,0.3,1,0.913043478261,0.954545454545,63,0,6,138,0.913043478261,1,0,0.0869565217391,1,0.913043478261,0.954545454545,0.971014492754,0.565217391304,0.933333333333,0.935414346693,0.913043478261,342,273,69,0,342,0,273,0,69,37,342,0.256756756757,1.72528881811,18.4864864865,15.5454545455,9.77142857143,5.36771015539,0.290358590277,0.142642642643,9.50849154237,1.02869645341,0.544491860281,8.05331334643,0.871264894205,0.461830251304,0.640599570326,0.371299902718,2,1.72528881811,0.640599570326,2,0.344071394247,0.376569037657,810,0.104247104247,0.56957682835,37,37,37,1,0,0.405405405405,0.540540540541,0.0540540540541,37,0.204954954955,1.74262660137,14.7567567568,12.4090909091,7.8,4.07843519424,0.276377476533,0.138006138006,7.37243873171,0.999194992943,0.529254529255,6.52921363034,0.884911737445,0.479358479358,0.657568887863,0.377343538395,2,1.74262660137,0.657568887863,2,0.23263231588,0.248260437376,333,0.0428571428571,0.402569728559,37,37,37,1,0,0.405405405405,0.540540540541,0.0540540540541,37,336,0.252252252252,1.72005712305,18.1621621622,15.2727272727,9.6,5.15597557055,0.283885559688,0.139398326898,9.19353147713,1.01238293052,0.538288288288,8.16965380192,0.899634496045,0.47602960103,0.63443374775,0.368844580363,2,1.72005712305,0.63443374775,2,0.318008665533,0.355702532667,735,0.0945945945946,0.574806287517,37,37,37,1,0,0.405405405405,0.540540540541,0.0540540540541,-6,-0.0045045045045,-0.00523169506808,-0.324324324324,-0.272727272727,-0.171428571429,-0.211734584846,-0.00647303058923,-0.00324431574432,-0.314960065242,-0.0163135228973,-0.00620357199305,0.116340455487,0.02836960184,0.0141993497257,-0.00616582257612,-0.00245532235511,0,-0.00523169506808,-0.00616582257612,0,-0.0260627287142,-0.0208665049903,-75,-0.00965250965251,0.00522945916747,0,0,0,336,0,6,990,0.982456140351,1,0,0.0175438596491,1,0.982456140351,0.991150442478,0.988199235917,0.982456140351,0.982456140351,63,69,0,0,0,0
3271,WLNM_dir_neg,0.99390884268,0.962273507394,00:00:06,10,80,14,1240364549,threshold_sweep,0.4,1,0.913043478261,0.954545454545,63,0,6,138,0.913043478261,1,0,0.0869565217391,1,0.913043478261,0.954545454545,0.971014492754,0.565217391304,0.933333333333,0.935414346693,0.913043478261,342,273,69,0,342,0,273,0,69,37,342,0.256756756757,1.72528881811,18.4864864865,15.5454545455,9.77142857143,5.36771015539,0.290358590277,0.142642642643,9.50849154237,1.02869645341,0.544491860281,8.05331334643,0.871264894205,0.461830251304,0.640599570326,0.371299902718,2,1.72528881811,0.640599570326,2,0.344071394247,0.376569037657,810,0.104247104247,0.56957682835,37,37,37,1,0,0.405405405405,0.540540540541,0.0540540540541,37,0.204954954955,1.74262660137,14.7567567568,12.4090909091,7.8,4.07843519424,0.276377476533,0.138006138006,7.37243873171,0.999194992943,0.529254529255,6.52921363034,0.884911737445,0.479358479358,0.657568887863,0.377343538395,2,1.74262660137,0.657568887863,2,0.23263231588,0.248260437376,333,0.0428571428571,0.402569728559,37,37,37,1,0,0.405405405405,0.540540540541,0.0540540540541,37,336,0.252252252252,1.72005712305,18.1621621622,15.2727272727,9.6,5.15597557055,0.283885559688,0.139398326898,9.19353147713,1.01238293052,0.538288288288,8.16965380192,0.899634496045,0.47602960103,0.63443374775,0.368844580363,2,1.72005712305,0.63443374775,2,0.318008665533,0.355702532667,735,0.0945945945946,0.574806287517,37,37,37,1,0,0.405405405405,0.540540540541,0.0540540540541,-6,-0.0045045045045,-0.00523169506808,-0.324324324324,-0.272727272727,-0.171428571429,-0.211734584846,-0.00647303058923,-0.00324431574432,-0.314960065242,-0.0163135228973,-0.00620357199305,0.116340455487,0.02836960184,0.0141993497257,-0.00616582257612,-0.00245532235511,0,-0.00523169506808,-0.00616582257612,0,-0.0260627287142,-0.0208665049903,-75,-0.00965250965251,0.00522945916747,0,0,0,336,0,6,990,0.982456140351,1,0,0.0175438596491,1,0.982456140351,0.991150442478,0.988199235917,0.982456140351,0.982456140351,63,69,0,0,0,0
3272,WLNM_dir_neg,0.99390884268,0.962273507394,00:00:06,10,80,14,1240364549,threshold_sweep,0.5,1,0.913043478261,0.954545454545,63,0,6,138,0.913043478261,1,0,0.0869565217391,1,0.913043478261,0.954545454545,0.971014492754,0.565217391304,0.933333333333,0.935414346693,0.913043478261,342,273,69,0,342,0,273,0,69,37,342,0.256756756757,1.72528881811,18.4864864865,15.5454545455,9.77142857143,5.36771015539,0.290358590277,0.142642642643,9.50849154237,1.02869645341,0.544491860281,8.05331334643,0.871264894205,0.461830251304,0.640599570326,0.371299902718,2,1.72528881811,0.640599570326,2,0.344071394247,0.376569037657,810,0.104247104247,0.56957682835,37,37,37,1,0,0.405405405405,0.540540540541,0.0540540540541,37,0.204954954955,1.74262660137,14.7567567568,12.4090909091,7.8,4.07843519424,0.276377476533,0.138006138006,7.37243873171,0.999194992943,0.529254529255,6.52921363034,0.884911737445,0.479358479358,0.657568887863,0.377343538395,2,1.74262660137,0.657568887863,2,0.23263231588,0.248260437376,333,0.0428571428571,0.402569728559,37,37,37,1,0,0.405405405405,0.540540540541,0.0540540540541,37,336,0.252252252252,1.72005712305,18.1621621622,15.2727272727,9.6,5.15597557055,0.283885559688,0.139398326898,9.19353147713,1.01238293052,0.538288288288,8.16965380192,0.899634496045,0.47602960103,0.63443374775,0.368844580363,2,1.72005712305,0.63443374775,2,0.318008665533,0.355702532667,735,0.0945945945946,0.574806287517,37,37,37,1,0,0.405405405405,0.540540540541,0.0540540540541,-6,-0.0045045045045,-0.00523169506808,-0.324324324324,-0.272727272727,-0.171428571429,-0.211734584846,-0.00647303058923,-0.00324431574432,-0.314960065242,-0.0163135228973,-0.00620357199305,0.116340455487,0.02836960184,0.0141993497257,-0.00616582257612,-0.00245532235511,0,-0.00523169506808,-0.00616582257612,0,-0.0260627287142,-0.0208665049903,-75,-0.00965250965251,0.00522945916747,0,0,0,336,0,6,990,0.982456140351,1,0,0.0175438596491,1,0.982456140351,0.991150442478,0.988199235917,0.982456140351,0.982456140351,63,69,0,0,0,0
3273,WLNM_dir_neg,0.99390884268,0.962273507394,00:00:06,10,80,14,1240364549,threshold_sweep,0.6,1,0.913043478261,0.954545454545,63,0,6,138,0.913043478261,1,0,0.0869565217391,1,0.913043478261,0.954545454545,0.971014492754,0.565217391304,0.933333333333,0.935414346693,0.913043478261,342,273,69,0,342,0,273,0,69,37,342,0.256756756757,1.72528881811,18.4864864865,15.5454545455,9.77142857143,5.36771015539,0.290358590277,0.142642642643,9.50849154237,1.02869645341,0.544491860281,8.05331334643,0.871264894205,0.461830251304,0.640599570326,0.371299902718,2,1.72528881811,0.640599570326,2,0.344071394247,0.376569037657,810,0.104247104247,0.56957682835,37,37,37,1,0,0.405405405405,0.540540540541,0.0540540540541,37,0.204954954955,1.74262660137,14.7567567568,12.4090909091,7.8,4.07843519424,0.276377476533,0.138006138006,7.37243873171,0.999194992943,0.529254529255,6.52921363034,0.884911737445,0.479358479358,0.657568887863,0.377343538395,2,1.74262660137,0.657568887863,2,0.23263231588,0.248260437376,333,0.0428571428571,0.402569728559,37,37,37,1,0,0.405405405405,0.540540540541,0.0540540540541,37,336,0.252252252252,1.72005712305,18.1621621622,15.2727272727,9.6,5.15597557055,0.283885559688,0.139398326898,9.19353147713,1.01238293052,0.538288288288,8.16965380192,0.899634496045,0.47602960103,0.63443374775,0.368844580363,2,1.72005712305,0.63443374775,2,0.318008665533,0.355702532667,735,0.0945945945946,0.574806287517,37,37,37,1,0,0.405405405405,0.540540540541,0.0540540540541,-6,-0.0045045045045,-0.00523169506808,-0.324324324324,-0.272727272727,-0.171428571429,-0.211734584846,-0.00647303058923,-0.00324431574432,-0.314960065242,-0.0163135228973,-0.00620357199305,0.116340455487,0.02836960184,0.0141993497257,-0.00616582257612,-0.00245532235511,0,-0.00523169506808,-0.00616582257612,0,-0.0260627287142,-0.0208665049903,-75,-0.00965250965251,0.00522945916747,0,0,0,336,0,6,990,0.982456140351,1,0,0.0175438596491,1,0.982456140351,0.991150442478,0.988199235917,0.982456140351,0.982456140351,63,69,0,0,0,0
3274,WLNM_dir_neg,0.99390884268,0.962273507394,00:00:06,10,80,14,1240364549,threshold_sweep,0.7,1,0.913043478261,0.954545454545,63,0,6,138,0.913043478261,1,0,0.0869565217391,1,0.913043478261,0.954545454545,0.971014492754,0.565217391304,0.933333333333,0.935414346693,0.913043478261,342,273,69,0,342,0,273,0,69,37,342,0.256756756757,1.72528881811,18.4864864865,15.5454545455,9.77142857143,5.36771015539,0.290358590277,0.142642642643,9.50849154237,1.02869645341,0.544491860281,8.05331334643,0.871264894205,0.461830251304,0.640599570326,0.371299902718,2,1.72528881811,0.640599570326,2,0.344071394247,0.376569037657,810,0.104247104247,0.56957682835,37,37,37,1,0,0.405405405405,0.540540540541,0.0540540540541,37,0.204954954955,1.74262660137,14.7567567568,12.4090909091,7.8,4.07843519424,0.276377476533,0.138006138006,7.37243873171,0.999194992943,0.529254529255,6.52921363034,0.884911737445,0.479358479358,0.657568887863,0.377343538395,2,1.74262660137,0.657568887863,2,0.23263231588,0.248260437376,333,0.0428571428571,0.402569728559,37,37,37,1,0,0.405405405405,0.540540540541,0.0540540540541,37,336,0.252252252252,1.72005712305,18.1621621622,15.2727272727,9.6,5.15597557055,0.283885559688,0.139398326898,9.19353147713,1.01238293052,0.538288288288,8.16965380192,0.899634496045,0.47602960103,0.63443374775,0.368844580363,2,1.72005712305,0.63443374775,2,0.318008665533,0.355702532667,735,0.0945945945946,0.574806287517,37,37,37,1,0,0.405405405405,0.540540540541,0.0540540540541,-6,-0.0045045045045,-0.00523169506808,-0.324324324324,-0.272727272727,-0.171428571429,-0.211734584846,-0.00647303058923,-0.00324431574432,-0.314960065242,-0.0163135228973,-0.00620357199305,0.116340455487,0.02836960184,0.0141993497257,-0.00616582257612,-0.00245532235511,0,-0.00523169506808,-0.00616582257612,0,-0.0260627287142,-0.0208665049903,-75,-0.00965250965251,0.00522945916747,0,0,0,336,0,6,990,0.982456140351,1,0,0.0175438596491,1,0.982456140351,0.991150442478,0.988199235917,0.982456140351,0.982456140351,63,69,0,0,0,0
3275,WLNM_dir_neg,0.99390884268,0.962273507394,00:00:06,10,80,14,1240364549,threshold_sweep,0.8,1,0.913043478261,0.954545454545,63,0,6,138,0.913043478261,1,0,0.0869565217391,1,0.913043478261,0.954545454545,0.971014492754,0.565217391304,0.933333333333,0.935414346693,0.913043478261,342,273,69,0,342,0,273,0,69,37,342,0.256756756757,1.72528881811,18.4864864865,15.5454545455,9.77142857143,5.36771015539,0.290358590277,0.142642642643,9.50849154237,1.02869645341,0.544491860281,8.05331334643,0.871264894205,0.461830251304,0.640599570326,0.371299902718,2,1.72528881811,0.640599570326,2,0.344071394247,0.376569037657,810,0.104247104247,0.56957682835,37,37,37,1,0,0.405405405405,0.540540540541,0.0540540540541,37,0.204954954955,1.74262660137,14.7567567568,12.4090909091,7.8,4.07843519424,0.276377476533,0.138006138006,7.37243873171,0.999194992943,0.529254529255,6.52921363034,0.884911737445,0.479358479358,0.657568887863,0.377343538395,2,1.74262660137,0.657568887863,2,0.23263231588,0.248260437376,333,0.0428571428571,0.402569728559,37,37,37,1,0,0.405405405405,0.540540540541,0.0540540540541,37,336,0.252252252252,1.72005712305,18.1621621622,15.2727272727,9.6,5.15597557055,0.283885559688,0.139398326898,9.19353147713,1.01238293052,0.538288288288,8.16965380192,0.899634496045,0.47602960103,0.63443374775,0.368844580363,2,1.72005712305,0.63443374775,2,0.318008665533,0.355702532667,735,0.0945945945946,0.574806287517,37,37,37,1,0,0.405405405405,0.540540540541,0.0540540540541,-6,-0.0045045045045,-0.00523169506808,-0.324324324324,-0.272727272727,-0.171428571429,-0.211734584846,-0.00647303058923,-0.00324431574432,-0.314960065242,-0.0163135228973,-0.00620357199305,0.116340455487,0.02836960184,0.0141993497257,-0.00616582257612,-0.00245532235511,0,-0.00523169506808,-0.00616582257612,0,-0.0260627287142,-0.0208665049903,-75,-0.00965250965251,0.00522945916747,0,0,0,336,0,6,990,0.982456140351,1,0,0.0175438596491,1,0.982456140351,0.991150442478,0.988199235917,0.982456140351,0.982456140351,63,69,0,0,0,0
3276,WLNM_dir_neg,0.99390884268,0.962273507394,00:00:06,10,80,14,1240364549,threshold_sweep,0.9,1,0.913043478261,0.954545454545,63,0,6,138,0.913043478261,1,0,0.0869565217391,1,0.913043478261,0.954545454545,0.971014492754,0.565217391304,0.933333333333,0.935414346693,0.913043478261,342,273,69,0,342,0,273,0,69,37,342,0.256756756757,1.72528881811,18.4864864865,15.5454545455,9.77142857143,5.36771015539,0.290358590277,0.142642642643,9.50849154237,1.02869645341,0.544491860281,8.05331334643,0.871264894205,0.461830251304,0.640599570326,0.371299902718,2,1.72528881811,0.640599570326,2,0.344071394247,0.376569037657,810,0.104247104247,0.56957682835,37,37,37,1,0,0.405405405405,0.540540540541,0.0540540540541,37,0.204954954955,1.74262660137,14.7567567568,12.4090909091,7.8,4.07843519424,0.276377476533,0.138006138006,7.37243873171,0.999194992943,0.529254529255,6.52921363034,0.884911737445,0.479358479358,0.657568887863,0.377343538395,2,1.74262660137,0.657568887863,2,0.23263231588,0.248260437376,333,0.0428571428571,0.402569728559,37,37,37,1,0,0.405405405405,0.540540540541,0.0540540540541,37,336,0.252252252252,1.72005712305,18.1621621622,15.2727272727,9.6,5.15597557055,0.283885559688,0.139398326898,9.19353147713,1.01238293052,0.538288288288,8.16965380192,0.899634496045,0.47602960103,0.63443374775,0.368844580363,2,1.72005712305,0.63443374775,2,0.318008665533,0.355702532667,735,0.0945945945946,0.574806287517,37,37,37,1,0,0.405405405405,0.540540540541,0.0540540540541,-6,-0.0045045045045,-0.00523169506808,-0.324324324324,-0.272727272727,-0.171428571429,-0.211734584846,-0.00647303058923,-0.00324431574432,-0.314960065242,-0.0163135228973,-0.00620357199305,0.116340455487,0.02836960184,0.0141993497257,-0.00616582257612,-0.00245532235511,0,-0.00523169506808,-0.00616582257612,0,-0.0260627287142,-0.0208665049903,-75,-0.00965250965251,0.00522945916747,0,0,0,336,0,6,990,0.982456140351,1,0,0.0175438596491,1,0.982456140351,0.991150442478,0.988199235917,0.982456140351,0.982456140351,63,69,0,0,0,0
3277,WLNM_dir_neg,0.991493383743,0.943394994517,00:00:05,10,80,15,1240364550,threshold_sweep,0.1,0.984126984127,0.898550724638,0.939393939394,62,1,7,137,0.898550724638,0.992753623188,0.00724637681159,0.101449275362,0.984126984127,0.898550724638,0.939393939394,0.961352657005,0.565217391304,0.911111111111,0.913142576534,0.891304347826,342,273,69,0,342,0,273,0,69,37,342,0.256756756757,1.72528881811,18.4864864865,15.5454545455,9.77142857143,5.36771015539,0.290358590277,0.142642642643,9.50849154237,1.02869645341,0.544491860281,8.05331334643,0.871264894205,0.461830251304,0.640599570326,0.371299902718,2,1.72528881811,0.640599570326,2,0.344071394247,0.376569037657,810,0.104247104247,0.56957682835,37,37,37,1,0,0.405405405405,0.540540540541,0.0540540540541,37,0.204954954955,1.74880182501,14.7567567568,12.4090909091,7.8,4.03047698725,0.273127561407,0.140679140679,7.40251965869,1.00327189513,0.534204534205,6.37857242541,0.864495163883,0.47025047025,0.664643887874,0.380056721333,2,1.74880182501,0.664643887874,2,0.247137429958,0.247014925373,331,0.0425997425997,0.394699182841,37,37,37,1,0,0.405405405405,0.540540540541,0.0540540540541,37,336,0.252252252252,1,18.1621621622,14.6086956522,9.6,4.88486047517,0.268958091639,0.128297940798,9.17538487954,1.01038464447,0.535553410553,8.16965380192,0.899634496045,0.473777348777,0,0,0,NaN,NaN,NaN,0.309424408039,0.332626773194,680,0.0875160875161,0.533376105886,37,37,0,1,2,0.378378378378,0.567567567568,0.0540540540541,-6,-0.0045045045045,-0.725288818115,-0.324324324324,-0.936758893281,-0.171428571429,-0.482849680225,-0.0214004986384,-0.0143447018447,-0.333106662835,-0.0183118089417,-0.00893844972792,0.116340455487,0.02836960184,0.0119470974734,-0.640599570326,-0.371299902718,-2,NaN,NaN,NaN,-0.0346469862081,-0.0439422644627,-130,-0.016731016731,-0.0362007224641,-0.027027027027,0.027027027027,0,335,1,7,989,0.979532163743,0.99898989899,0.0010101010101,0.0204678362573,0.997023809524,0.979532163743,0.988200589971,0.984242161055,0.978522062733,0.97667638484,63,69,0,0,0,0
3278,WLNM_dir_neg,0.991493383743,0.943394994517,00:00:05,10,80,15,1240364550,threshold_sweep,0.2,0.984126984127,0.898550724638,0.939393939394,62,1,7,137,0.898550724638,0.992753623188,0.00724637681159,0.101449275362,0.984126984127,0.898550724638,0.939393939394,0.961352657005,0.565217391304,0.911111111111,0.913142576534,0.891304347826,342,273,69,0,342,0,273,0,69,37,342,0.256756756757,1.72528881811,18.4864864865,15.5454545455,9.77142857143,5.36771015539,0.290358590277,0.142642642643,9.50849154237,1.02869645341,0.544491860281,8.05331334643,0.871264894205,0.461830251304,0.640599570326,0.371299902718,2,1.72528881811,0.640599570326,2,0.344071394247,0.376569037657,810,0.104247104247,0.56957682835,37,37,37,1,0,0.405405405405,0.540540540541,0.0540540540541,37,0.204954954955,1.74880182501,14.7567567568,12.4090909091,7.8,4.03047698725,0.273127561407,0.140679140679,7.40251965869,1.00327189513,0.534204534205,6.37857242541,0.864495163883,0.47025047025,0.664643887874,0.380056721333,2,1.74880182501,0.664643887874,2,0.247137429958,0.247014925373,331,0.0425997425997,0.394699182841,37,37,37,1,0,0.405405405405,0.540540540541,0.0540540540541,37,336,0.252252252252,1,18.1621621622,14.6086956522,9.6,4.88486047517,0.268958091639,0.128297940798,9.17538487954,1.01038464447,0.535553410553,8.16965380192,0.899634496045,0.473777348777,0,0,0,NaN,NaN,NaN,0.309424408039,0.332626773194,680,0.0875160875161,0.533376105886,37,37,0,1,2,0.378378378378,0.567567567568,0.0540540540541,-6,-0.0045045045045,-0.725288818115,-0.324324324324,-0.936758893281,-0.171428571429,-0.482849680225,-0.0214004986384,-0.0143447018447,-0.333106662835,-0.0183118089417,-0.00893844972792,0.116340455487,0.02836960184,0.0119470974734,-0.640599570326,-0.371299902718,-2,NaN,NaN,NaN,-0.0346469862081,-0.0439422644627,-130,-0.016731016731,-0.0362007224641,-0.027027027027,0.027027027027,0,335,1,7,989,0.979532163743,0.99898989899,0.0010101010101,0.0204678362573,0.997023809524,0.979532163743,0.988200589971,0.984242161055,0.978522062733,0.97667638484,63,69,0,0,0,0
3279,WLNM_dir_neg,0.991493383743,0.943394994517,00:00:05,10,80,15,1240364550,threshold_sweep,0.3,0.984126984127,0.898550724638,0.939393939394,62,1,7,137,0.898550724638,0.992753623188,0.00724637681159,0.101449275362,0.984126984127,0.898550724638,0.939393939394,0.961352657005,0.565217391304,0.911111111111,0.913142576534,0.891304347826,342,273,69,0,342,0,273,0,69,37,342,0.256756756757,1.72528881811,18.4864864865,15.5454545455,9.77142857143,5.36771015539,0.290358590277,0.142642642643,9.50849154237,1.02869645341,0.544491860281,8.05331334643,0.871264894205,0.461830251304,0.640599570326,0.371299902718,2,1.72528881811,0.640599570326,2,0.344071394247,0.376569037657,810,0.104247104247,0.56957682835,37,37,37,1,0,0.405405405405,0.540540540541,0.0540540540541,37,0.204954954955,1.74880182501,14.7567567568,12.4090909091,7.8,4.03047698725,0.273127561407,0.140679140679,7.40251965869,1.00327189513,0.534204534205,6.37857242541,0.864495163883,0.47025047025,0.664643887874,0.380056721333,2,1.74880182501,0.664643887874,2,0.247137429958,0.247014925373,331,0.0425997425997,0.394699182841,37,37,37,1,0,0.405405405405,0.540540540541,0.0540540540541,37,336,0.252252252252,1,18.1621621622,14.6086956522,9.6,4.88486047517,0.268958091639,0.128297940798,9.17538487954,1.01038464447,0.535553410553,8.16965380192,0.899634496045,0.473777348777,0,0,0,NaN,NaN,NaN,0.309424408039,0.332626773194,680,0.0875160875161,0.533376105886,37,37,0,1,2,0.378378378378,0.567567567568,0.0540540540541,-6,-0.0045045045045,-0.725288818115,-0.324324324324,-0.936758893281,-0.171428571429,-0.482849680225,-0.0214004986384,-0.0143447018447,-0.333106662835,-0.0183118089417,-0.00893844972792,0.116340455487,0.02836960184,0.0119470974734,-0.640599570326,-0.371299902718,-2,NaN,NaN,NaN,-0.0346469862081,-0.0439422644627,-130,-0.016731016731,-0.0362007224641,-0.027027027027,0.027027027027,0,335,1,7,989,0.979532163743,0.99898989899,0.0010101010101,0.0204678362573,0.997023809524,0.979532163743,0.988200589971,0.984242161055,0.978522062733,0.97667638484,63,69,0,0,0,0
3280,WLNM_dir_neg,0.991493383743,0.943394994517,00:00:05,10,80,15,1240364550,threshold_sweep,0.4,0.984126984127,0.898550724638,0.939393939394,62,1,7,137,0.898550724638,0.992753623188,0.00724637681159,0.101449275362,0.984126984127,0.898550724638,0.939393939394,0.961352657005,0.565217391304,0.911111111111,0.913142576534,0.891304347826,342,273,69,0,342,0,273,0,69,37,342,0.256756756757,1.72528881811,18.4864864865,15.5454545455,9.77142857143,5.36771015539,0.290358590277,0.142642642643,9.50849154237,1.02869645341,0.544491860281,8.05331334643,0.871264894205,0.461830251304,0.640599570326,0.371299902718,2,1.72528881811,0.640599570326,2,0.344071394247,0.376569037657,810,0.104247104247,0.56957682835,37,37,37,1,0,0.405405405405,0.540540540541,0.0540540540541,37,0.204954954955,1.74880182501,14.7567567568,12.4090909091,7.8,4.03047698725,0.273127561407,0.140679140679,7.40251965869,1.00327189513,0.534204534205,6.37857242541,0.864495163883,0.47025047025,0.664643887874,0.380056721333,2,1.74880182501,0.664643887874,2,0.247137429958,0.247014925373,331,0.0425997425997,0.394699182841,37,37,37,1,0,0.405405405405,0.540540540541,0.0540540540541,37,336,0.252252252252,1,18.1621621622,14.6086956522,9.6,4.88486047517,0.268958091639,0.128297940798,9.17538487954,1.01038464447,0.535553410553,8.16965380192,0.899634496045,0.473777348777,0,0,0,NaN,NaN,NaN,0.309424408039,0.332626773194,680,0.0875160875161,0.533376105886,37,37,0,1,2,0.378378378378,0.567567567568,0.0540540540541,-6,-0.0045045045045,-0.725288818115,-0.324324324324,-0.936758893281,-0.171428571429,-0.482849680225,-0.0214004986384,-0.0143447018447,-0.333106662835,-0.0183118089417,-0.00893844972792,0.116340455487,0.02836960184,0.0119470974734,-0.640599570326,-0.371299902718,-2,NaN,NaN,NaN,-0.0346469862081,-0.0439422644627,-130,-0.016731016731,-0.0362007224641,-0.027027027027,0.027027027027,0,335,1,7,989,0.979532163743,0.99898989899,0.0010101010101,0.0204678362573,0.997023809524,0.979532163743,0.988200589971,0.984242161055,0.978522062733,0.97667638484,63,69,0,0,0,0
3281,WLNM_dir_neg,0.991493383743,0.943394994517,00:00:05,10,80,15,1240364550,threshold_sweep,0.5,0.984126984127,0.898550724638,0.939393939394,62,1,7,137,0.898550724638,0.992753623188,0.00724637681159,0.101449275362,0.984126984127,0.898550724638,0.939393939394,0.961352657005,0.565217391304,0.911111111111,0.913142576534,0.891304347826,342,273,69,0,342,0,273,0,69,37,342,0.256756756757,1.72528881811,18.4864864865,15.5454545455,9.77142857143,5.36771015539,0.290358590277,0.142642642643,9.50849154237,1.02869645341,0.544491860281,8.05331334643,0.871264894205,0.461830251304,0.640599570326,0.371299902718,2,1.72528881811,0.640599570326,2,0.344071394247,0.376569037657,810,0.104247104247,0.56957682835,37,37,37,1,0,0.405405405405,0.540540540541,0.0540540540541,37,0.204954954955,1.74880182501,14.7567567568,12.4090909091,7.8,4.03047698725,0.273127561407,0.140679140679,7.40251965869,1.00327189513,0.534204534205,6.37857242541,0.864495163883,0.47025047025,0.664643887874,0.380056721333,2,1.74880182501,0.664643887874,2,0.247137429958,0.247014925373,331,0.0425997425997,0.394699182841,37,37,37,1,0,0.405405405405,0.540540540541,0.0540540540541,37,336,0.252252252252,1,18.1621621622,14.6086956522,9.6,4.88486047517,0.268958091639,0.128297940798,9.17538487954,1.01038464447,0.535553410553,8.16965380192,0.899634496045,0.473777348777,0,0,0,NaN,NaN,NaN,0.309424408039,0.332626773194,680,0.0875160875161,0.533376105886,37,37,0,1,2,0.378378378378,0.567567567568,0.0540540540541,-6,-0.0045045045045,-0.725288818115,-0.324324324324,-0.936758893281,-0.171428571429,-0.482849680225,-0.0214004986384,-0.0143447018447,-0.333106662835,-0.0183118089417,-0.00893844972792,0.116340455487,0.02836960184,0.0119470974734,-0.640599570326,-0.371299902718,-2,NaN,NaN,NaN,-0.0346469862081,-0.0439422644627,-130,-0.016731016731,-0.0362007224641,-0.027027027027,0.027027027027,0,335,1,7,989,0.979532163743,0.99898989899,0.0010101010101,0.0204678362573,0.997023809524,0.979532163743,0.988200589971,0.984242161055,0.978522062733,0.97667638484,63,69,0,0,0,0
3282,WLNM_dir_neg,0.991493383743,0.943394994517,00:00:05,10,80,15,1240364550,threshold_sweep,0.6,0.984126984127,0.898550724638,0.939393939394,62,1,7,137,0.898550724638,0.992753623188,0.00724637681159,0.101449275362,0.984126984127,0.898550724638,0.939393939394,0.961352657005,0.565217391304,0.911111111111,0.913142576534,0.891304347826,342,273,69,0,342,0,273,0,69,37,342,0.256756756757,1.72528881811,18.4864864865,15.5454545455,9.77142857143,5.36771015539,0.290358590277,0.142642642643,9.50849154237,1.02869645341,0.544491860281,8.05331334643,0.871264894205,0.461830251304,0.640599570326,0.371299902718,2,1.72528881811,0.640599570326,2,0.344071394247,0.376569037657,810,0.104247104247,0.56957682835,37,37,37,1,0,0.405405405405,0.540540540541,0.0540540540541,37,0.204954954955,1.74880182501,14.7567567568,12.4090909091,7.8,4.03047698725,0.273127561407,0.140679140679,7.40251965869,1.00327189513,0.534204534205,6.37857242541,0.864495163883,0.47025047025,0.664643887874,0.380056721333,2,1.74880182501,0.664643887874,2,0.247137429958,0.247014925373,331,0.0425997425997,0.394699182841,37,37,37,1,0,0.405405405405,0.540540540541,0.0540540540541,37,336,0.252252252252,1,18.1621621622,14.6086956522,9.6,4.88486047517,0.268958091639,0.128297940798,9.17538487954,1.01038464447,0.535553410553,8.16965380192,0.899634496045,0.473777348777,0,0,0,NaN,NaN,NaN,0.309424408039,0.332626773194,680,0.0875160875161,0.533376105886,37,37,0,1,2,0.378378378378,0.567567567568,0.0540540540541,-6,-0.0045045045045,-0.725288818115,-0.324324324324,-0.936758893281,-0.171428571429,-0.482849680225,-0.0214004986384,-0.0143447018447,-0.333106662835,-0.0183118089417,-0.00893844972792,0.116340455487,0.02836960184,0.0119470974734,-0.640599570326,-0.371299902718,-2,NaN,NaN,NaN,-0.0346469862081,-0.0439422644627,-130,-0.016731016731,-0.0362007224641,-0.027027027027,0.027027027027,0,335,1,7,989,0.979532163743,0.99898989899,0.0010101010101,0.0204678362573,0.997023809524,0.979532163743,0.988200589971,0.984242161055,0.978522062733,0.97667638484,63,69,0,0,0,0
3283,WLNM_dir_neg,0.991493383743,0.943394994517,00:00:05,10,80,15,1240364550,threshold_sweep,0.7,1,0.898550724638,0.946564885496,62,0,7,138,0.898550724638,1,0,0.101449275362,1,0.898550724638,0.946564885496,0.966183574879,0.566827697262,0.921933085502,0.924755326448,0.898550724638,342,273,69,0,342,0,273,0,69,37,342,0.256756756757,1.72528881811,18.4864864865,15.5454545455,9.77142857143,5.36771015539,0.290358590277,0.142642642643,9.50849154237,1.02869645341,0.544491860281,8.05331334643,0.871264894205,0.461830251304,0.640599570326,0.371299902718,2,1.72528881811,0.640599570326,2,0.344071394247,0.376569037657,810,0.104247104247,0.56957682835,37,37,37,1,0,0.405405405405,0.540540540541,0.0540540540541,37,0.204954954955,1.74880182501,14.7567567568,12.4090909091,7.8,4.03047698725,0.273127561407,0.140679140679,7.40251965869,1.00327189513,0.534204534205,6.37857242541,0.864495163883,0.47025047025,0.664643887874,0.380056721333,2,1.74880182501,0.664643887874,2,0.247137429958,0.247014925373,331,0.0425997425997,0.394699182841,37,37,37,1,0,0.405405405405,0.540540540541,0.0540540540541,37,335,0.251501501502,1.71829989846,18.1081081081,15.2272727273,9.57142857143,4.96534537114,0.274205639899,0.131181928197,9.2012859788,1.01626143646,0.537797498992,8.16137905676,0.901406045075,0.474546187979,0.63266555961,0.368192746899,2,1.71829989846,0.63266555961,2,0.309424408039,0.332626773194,680,0.0875160875161,0.575622075254,37,37,37,1,0,0.405405405405,0.540540540541,0.0540540540541,-7,-0.00525525525526,-0.00698891965397,-0.378378378378,-0.318181818182,-0.2,-0.402364784258,-0.0161529503786,-0.0114607144458,-0.307205563575,-0.0124350169503,-0.00669436128981,0.108065710325,0.03014115087,0.0127159366751,-0.00793401071593,-0.00310715581901,0,-0.00698891965397,-0.00793401071593,0,-0.0346469862081,-0.0439422644627,-130,-0.016731016731,0.00604524690406,0,0,0,335,0,7,990,0.979532163743,1,0,0.0204678362573,1,0.979532163743,0.989660265879,0.986232633066,0.979532163743,0.979532163743,62,69,0,0,0,0
3284,WLNM_dir_neg,0.991493383743,0.943394994517,00:00:05,10,80,15,1240364550,threshold_sweep,0.8,1,0.898550724638,0.946564885496,62,0,7,138,0.898550724638,1,0,0.101449275362,1,0.898550724638,0.946564885496,0.966183574879,0.566827697262,0.921933085502,0.924755326448,0.898550724638,342,273,69,0,342,0,273,0,69,37,342,0.256756756757,1.72528881811,18.4864864865,15.5454545455,9.77142857143,5.36771015539,0.290358590277,0.142642642643,9.50849154237,1.02869645341,0.544491860281,8.05331334643,0.871264894205,0.461830251304,0.640599570326,0.371299902718,2,1.72528881811,0.640599570326,2,0.344071394247,0.376569037657,810,0.104247104247,0.56957682835,37,37,37,1,0,0.405405405405,0.540540540541,0.0540540540541,37,0.204954954955,1.74880182501,14.7567567568,12.4090909091,7.8,4.03047698725,0.273127561407,0.140679140679,7.40251965869,1.00327189513,0.534204534205,6.37857242541,0.864495163883,0.47025047025,0.664643887874,0.380056721333,2,1.74880182501,0.664643887874,2,0.247137429958,0.247014925373,331,0.0425997425997,0.394699182841,37,37,37,1,0,0.405405405405,0.540540540541,0.0540540540541,37,335,0.251501501502,1.71829989846,18.1081081081,15.2272727273,9.57142857143,4.96534537114,0.274205639899,0.131181928197,9.2012859788,1.01626143646,0.537797498992,8.16137905676,0.901406045075,0.474546187979,0.63266555961,0.368192746899,2,1.71829989846,0.63266555961,2,0.309424408039,0.332626773194,680,0.0875160875161,0.575622075254,37,37,37,1,0,0.405405405405,0.540540540541,0.0540540540541,-7,-0.00525525525526,-0.00698891965397,-0.378378378378,-0.318181818182,-0.2,-0.402364784258,-0.0161529503786,-0.0114607144458,-0.307205563575,-0.0124350169503,-0.00669436128981,0.108065710325,0.03014115087,0.0127159366751,-0.00793401071593,-0.00310715581901,0,-0.00698891965397,-0.00793401071593,0,-0.0346469862081,-0.0439422644627,-130,-0.016731016731,0.00604524690406,0,0,0,335,0,7,990,0.979532163743,1,0,0.0204678362573,1,0.979532163743,0.989660265879,0.986232633066,0.979532163743,0.979532163743,62,69,0,0,0,0
3285,WLNM_dir_neg,0.991493383743,0.943394994517,00:00:05,10,80,15,1240364550,threshold_sweep,0.9,1,0.898550724638,0.946564885496,62,0,7,138,0.898550724638,1,0,0.101449275362,1,0.898550724638,0.946564885496,0.966183574879,0.566827697262,0.921933085502,0.924755326448,0.898550724638,342,273,69,0,342,0,273,0,69,37,342,0.256756756757,1.72528881811,18.4864864865,15.5454545455,9.77142857143,5.36771015539,0.290358590277,0.142642642643,9.50849154237,1.02869645341,0.544491860281,8.05331334643,0.871264894205,0.461830251304,0.640599570326,0.371299902718,2,1.72528881811,0.640599570326,2,0.344071394247,0.376569037657,810,0.104247104247,0.56957682835,37,37,37,1,0,0.405405405405,0.540540540541,0.0540540540541,37,0.204954954955,1.74880182501,14.7567567568,12.4090909091,7.8,4.03047698725,0.273127561407,0.140679140679,7.40251965869,1.00327189513,0.534204534205,6.37857242541,0.864495163883,0.47025047025,0.664643887874,0.380056721333,2,1.74880182501,0.664643887874,2,0.247137429958,0.247014925373,331,0.0425997425997,0.394699182841,37,37,37,1,0,0.405405405405,0.540540540541,0.0540540540541,37,335,0.251501501502,1.71829989846,18.1081081081,15.2272727273,9.57142857143,4.96534537114,0.274205639899,0.131181928197,9.2012859788,1.01626143646,0.537797498992,8.16137905676,0.901406045075,0.474546187979,0.63266555961,0.368192746899,2,1.71829989846,0.63266555961,2,0.309424408039,0.332626773194,680,0.0875160875161,0.575622075254,37,37,37,1,0,0.405405405405,0.540540540541,0.0540540540541,-7,-0.00525525525526,-0.00698891965397,-0.378378378378,-0.318181818182,-0.2,-0.402364784258,-0.0161529503786,-0.0114607144458,-0.307205563575,-0.0124350169503,-0.00669436128981,0.108065710325,0.03014115087,0.0127159366751,-0.00793401071593,-0.00310715581901,0,-0.00698891965397,-0.00793401071593,0,-0.0346469862081,-0.0439422644627,-130,-0.016731016731,0.00604524690406,0,0,0,335,0,7,990,0.979532163743,1,0,0.0204678362573,1,0.979532163743,0.989660265879,0.986232633066,0.979532163743,0.979532163743,62,69,0,0,0,0
3286,WLNM_dir_neg,0.994328922495,0.932434982021,00:00:05,10,80,16,1240364551,threshold_sweep,0.1,1,0.927536231884,0.962406015038,64,0,5,138,0.927536231884,1,0,0.0724637681159,1,0.927536231884,0.962406015038,0.975845410628,0.563607085346,0.944649446494,0.946099833583,0.927536231884,342,273,69,0,342,0,273,0,69,37,342,0.256756756757,1.72528881811,18.4864864865,15.5454545455,9.77142857143,5.36771015539,0.290358590277,0.142642642643,9.50849154237,1.02869645341,0.544491860281,8.05331334643,0.871264894205,0.461830251304,0.640599570326,0.371299902718,2,1.72528881811,0.640599570326,2,0.344071394247,0.376569037657,810,0.104247104247,0.56957682835,37,37,37,1,0,0.405405405405,0.540540540541,0.0540540540541,37,0.204954954955,1.74361466362,14.7567567568,12.4090909091,7.8,4.26487856676,0.289011917528,0.142362142362,7.42500037917,1.00631873271,0.530046530047,6.44356419379,0.873303572052,0.467478467478,0.659708284598,0.378356696788,2,1.74361466362,0.659708284598,2,0.238634275941,0.258518518519,349,0.0449163449163,0.400850409565,37,37,37,1,0,0.405405405405,0.540540540541,0.0540540540541,37,337,0.253003003003,1.72279484803,18.2162162162,15.3181818182,9.62857142857,5.43719257182,0.29848089786,0.145320394579,9.35647067775,1.027268294,0.542304916192,8.07184332446,0.886226121677,0.467399149892,0.638259809425,0.370479288439,2,1.72279484803,0.638259809425,2,0.341380574088,0.372614503817,781,0.100514800515,0.570717698792,37,37,37,1,0,0.405405405405,0.540540540541,0.0540540540541,-5,-0.00375375375375,-0.00249397008127,-0.27027027027,-0.227272727273,-0.142857142857,0.0694824164275,0.00812230758248,0.00267775193591,-0.152020864627,-0.00142815941882,-0.00218694408918,0.0185299780273,0.0149612274719,0.0055688985878,-0.00233976090083,-0.00082061427911,0,-0.00249397008127,-0.00233976090083,0,-0.00269082015976,-0.00395453384011,-29,-0.0037323037323,0.00114087044185,0,0,0,337,0,5,990,0.985380116959,1,0,0.0146198830409,1,0.985380116959,0.99263622975,0.990165874023,0.985380116959,0.985380116959,64,69,0,0,0,0
3287,WLNM_dir_neg,0.994328922495,0.932434982021,00:00:05,10,80,16,1240364551,threshold_sweep,0.2,1,0.927536231884,0.962406015038,64,0,5,138,0.927536231884,1,0,0.0724637681159,1,0.927536231884,0.962406015038,0.975845410628,0.563607085346,0.944649446494,0.946099833583,0.927536231884,342,273,69,0,342,0,273,0,69,37,342,0.256756756757,1.72528881811,18.4864864865,15.5454545455,9.77142857143,5.36771015539,0.290358590277,0.142642642643,9.50849154237,1.02869645341,0.544491860281,8.05331334643,0.871264894205,0.461830251304,0.640599570326,0.371299902718,2,1.72528881811,0.640599570326,2,0.344071394247,0.376569037657,810,0.104247104247,0.56957682835,37,37,37,1,0,0.405405405405,0.540540540541,0.0540540540541,37,0.204954954955,1.74361466362,14.7567567568,12.4090909091,7.8,4.26487856676,0.289011917528,0.142362142362,7.42500037917,1.00631873271,0.530046530047,6.44356419379,0.873303572052,0.467478467478,0.659708284598,0.378356696788,2,1.74361466362,0.659708284598,2,0.238634275941,0.258518518519,349,0.0449163449163,0.400850409565,37,37,37,1,0,0.405405405405,0.540540540541,0.0540540540541,37,337,0.253003003003,1.72279484803,18.2162162162,15.3181818182,9.62857142857,5.43719257182,0.29848089786,0.145320394579,9.35647067775,1.027268294,0.542304916192,8.07184332446,0.886226121677,0.467399149892,0.638259809425,0.370479288439,2,1.72279484803,0.638259809425,2,0.341380574088,0.372614503817,781,0.100514800515,0.570717698792,37,37,37,1,0,0.405405405405,0.540540540541,0.0540540540541,-5,-0.00375375375375,-0.00249397008127,-0.27027027027,-0.227272727273,-0.142857142857,0.0694824164275,0.00812230758248,0.00267775193591,-0.152020864627,-0.00142815941882,-0.00218694408918,0.0185299780273,0.0149612274719,0.0055688985878,-0.00233976090083,-0.00082061427911,0,-0.00249397008127,-0.00233976090083,0,-0.00269082015976,-0.00395453384011,-29,-0.0037323037323,0.00114087044185,0,0,0,337,0,5,990,0.985380116959,1,0,0.0146198830409,1,0.985380116959,0.99263622975,0.990165874023,0.985380116959,0.985380116959,64,69,0,0,0,0
3288,WLNM_dir_neg,0.994328922495,0.932434982021,00:00:05,10,80,16,1240364551,threshold_sweep,0.3,1,0.927536231884,0.962406015038,64,0,5,138,0.927536231884,1,0,0.0724637681159,1,0.927536231884,0.962406015038,0.975845410628,0.563607085346,0.944649446494,0.946099833583,0.927536231884,342,273,69,0,342,0,273,0,69,37,342,0.256756756757,1.72528881811,18.4864864865,15.5454545455,9.77142857143,5.36771015539,0.290358590277,0.142642642643,9.50849154237,1.02869645341,0.544491860281,8.05331334643,0.871264894205,0.461830251304,0.640599570326,0.371299902718,2,1.72528881811,0.640599570326,2,0.344071394247,0.376569037657,810,0.104247104247,0.56957682835,37,37,37,1,0,0.405405405405,0.540540540541,0.0540540540541,37,0.204954954955,1.74361466362,14.7567567568,12.4090909091,7.8,4.26487856676,0.289011917528,0.142362142362,7.42500037917,1.00631873271,0.530046530047,6.44356419379,0.873303572052,0.467478467478,0.659708284598,0.378356696788,2,1.74361466362,0.659708284598,2,0.238634275941,0.258518518519,349,0.0449163449163,0.400850409565,37,37,37,1,0,0.405405405405,0.540540540541,0.0540540540541,37,337,0.253003003003,1.72279484803,18.2162162162,15.3181818182,9.62857142857,5.43719257182,0.29848089786,0.145320394579,9.35647067775,1.027268294,0.542304916192,8.07184332446,0.886226121677,0.467399149892,0.638259809425,0.370479288439,2,1.72279484803,0.638259809425,2,0.341380574088,0.372614503817,781,0.100514800515,0.570717698792,37,37,37,1,0,0.405405405405,0.540540540541,0.0540540540541,-5,-0.00375375375375,-0.00249397008127,-0.27027027027,-0.227272727273,-0.142857142857,0.0694824164275,0.00812230758248,0.00267775193591,-0.152020864627,-0.00142815941882,-0.00218694408918,0.0185299780273,0.0149612274719,0.0055688985878,-0.00233976090083,-0.00082061427911,0,-0.00249397008127,-0.00233976090083,0,-0.00269082015976,-0.00395453384011,-29,-0.0037323037323,0.00114087044185,0,0,0,337,0,5,990,0.985380116959,1,0,0.0146198830409,1,0.985380116959,0.99263622975,0.990165874023,0.985380116959,0.985380116959,64,69,0,0,0,0
3289,WLNM_dir_neg,0.994328922495,0.932434982021,00:00:05,10,80,16,1240364551,threshold_sweep,0.4,1,0.927536231884,0.962406015038,64,0,5,138,0.927536231884,1,0,0.0724637681159,1,0.927536231884,0.962406015038,0.975845410628,0.563607085346,0.944649446494,0.946099833583,0.927536231884,342,273,69,0,342,0,273,0,69,37,342,0.256756756757,1.72528881811,18.4864864865,15.5454545455,9.77142857143,5.36771015539,0.290358590277,0.142642642643,9.50849154237,1.02869645341,0.544491860281,8.05331334643,0.871264894205,0.461830251304,0.640599570326,0.371299902718,2,1.72528881811,0.640599570326,2,0.344071394247,0.376569037657,810,0.104247104247,0.56957682835,37,37,37,1,0,0.405405405405,0.540540540541,0.0540540540541,37,0.204954954955,1.74361466362,14.7567567568,12.4090909091,7.8,4.26487856676,0.289011917528,0.142362142362,7.42500037917,1.00631873271,0.530046530047,6.44356419379,0.873303572052,0.467478467478,0.659708284598,0.378356696788,2,1.74361466362,0.659708284598,2,0.238634275941,0.258518518519,349,0.0449163449163,0.400850409565,37,37,37,1,0,0.405405405405,0.540540540541,0.0540540540541,37,337,0.253003003003,1.72279484803,18.2162162162,15.3181818182,9.62857142857,5.43719257182,0.29848089786,0.145320394579,9.35647067775,1.027268294,0.542304916192,8.07184332446,0.886226121677,0.467399149892,0.638259809425,0.370479288439,2,1.72279484803,0.638259809425,2,0.341380574088,0.372614503817,781,0.100514800515,0.570717698792,37,37,37,1,0,0.405405405405,0.540540540541,0.0540540540541,-5,-0.00375375375375,-0.00249397008127,-0.27027027027,-0.227272727273,-0.142857142857,0.0694824164275,0.00812230758248,0.00267775193591,-0.152020864627,-0.00142815941882,-0.00218694408918,0.0185299780273,0.0149612274719,0.0055688985878,-0.00233976090083,-0.00082061427911,0,-0.00249397008127,-0.00233976090083,0,-0.00269082015976,-0.00395453384011,-29,-0.0037323037323,0.00114087044185,0,0,0,337,0,5,990,0.985380116959,1,0,0.0146198830409,1,0.985380116959,0.99263622975,0.990165874023,0.985380116959,0.985380116959,64,69,0,0,0,0
3290,WLNM_dir_neg,0.994328922495,0.932434982021,00:00:05,10,80,16,1240364551,threshold_sweep,0.5,1,0.927536231884,0.962406015038,64,0,5,138,0.927536231884,1,0,0.0724637681159,1,0.927536231884,0.962406015038,0.975845410628,0.563607085346,0.944649446494,0.946099833583,0.927536231884,342,273,69,0,342,0,273,0,69,37,342,0.256756756757,1.72528881811,18.4864864865,15.5454545455,9.77142857143,5.36771015539,0.290358590277,0.142642642643,9.50849154237,1.02869645341,0.544491860281,8.05331334643,0.871264894205,0.461830251304,0.640599570326,0.371299902718,2,1.72528881811,0.640599570326,2,0.344071394247,0.376569037657,810,0.104247104247,0.56957682835,37,37,37,1,0,0.405405405405,0.540540540541,0.0540540540541,37,0.204954954955,1.74361466362,14.7567567568,12.4090909091,7.8,4.26487856676,0.289011917528,0.142362142362,7.42500037917,1.00631873271,0.530046530047,6.44356419379,0.873303572052,0.467478467478,0.659708284598,0.378356696788,2,1.74361466362,0.659708284598,2,0.238634275941,0.258518518519,349,0.0449163449163,0.400850409565,37,37,37,1,0,0.405405405405,0.540540540541,0.0540540540541,37,337,0.253003003003,1.72279484803,18.2162162162,15.3181818182,9.62857142857,5.43719257182,0.29848089786,0.145320394579,9.35647067775,1.027268294,0.542304916192,8.07184332446,0.886226121677,0.467399149892,0.638259809425,0.370479288439,2,1.72279484803,0.638259809425,2,0.341380574088,0.372614503817,781,0.100514800515,0.570717698792,37,37,37,1,0,0.405405405405,0.540540540541,0.0540540540541,-5,-0.00375375375375,-0.00249397008127,-0.27027027027,-0.227272727273,-0.142857142857,0.0694824164275,0.00812230758248,0.00267775193591,-0.152020864627,-0.00142815941882,-0.00218694408918,0.0185299780273,0.0149612274719,0.0055688985878,-0.00233976090083,-0.00082061427911,0,-0.00249397008127,-0.00233976090083,0,-0.00269082015976,-0.00395453384011,-29,-0.0037323037323,0.00114087044185,0,0,0,337,0,5,990,0.985380116959,1,0,0.0146198830409,1,0.985380116959,0.99263622975,0.990165874023,0.985380116959,0.985380116959,64,69,0,0,0,0
3291,WLNM_dir_neg,0.994328922495,0.932434982021,00:00:05,10,80,16,1240364551,threshold_sweep,0.6,1,0.913043478261,0.954545454545,63,0,6,138,0.913043478261,1,0,0.0869565217391,1,0.913043478261,0.954545454545,0.971014492754,0.565217391304,0.933333333333,0.935414346693,0.913043478261,342,273,69,0,342,0,273,0,69,37,342,0.256756756757,1.72528881811,18.4864864865,15.5454545455,9.77142857143,5.36771015539,0.290358590277,0.142642642643,9.50849154237,1.02869645341,0.544491860281,8.05331334643,0.871264894205,0.461830251304,0.640599570326,0.371299902718,2,1.72528881811,0.640599570326,2,0.344071394247,0.376569037657,810,0.104247104247,0.56957682835,37,37,37,1,0,0.405405405405,0.540540540541,0.0540540540541,37,0.204954954955,1.74361466362,14.7567567568,12.4090909091,7.8,4.26487856676,0.289011917528,0.142362142362,7.42500037917,1.00631873271,0.530046530047,6.44356419379,0.873303572052,0.467478467478,0.659708284598,0.378356696788,2,1.74361466362,0.659708284598,2,0.238634275941,0.258518518519,349,0.0449163449163,0.400850409565,37,37,37,1,0,0.405405405405,0.540540540541,0.0540540540541,37,336,0.252252252252,1.72156328479,18.1621621622,15.2727272727,9.6,5.37232369295,0.295797584285,0.143098455598,9.31658729357,1.02593371983,0.541344916345,8.09107319615,0.890981274576,0.469272844273,0.636850110524,0.369925471896,2,1.72156328479,0.636850110524,2,0.336938058536,0.36532606954,760,0.0978120978121,0.571950881507,37,37,37,1,0,0.405405405405,0.540540540541,0.0540540540541,-6,-0.0045045045045,-0.00372553332658,-0.324324324324,-0.272727272727,-0.171428571429,0.00461353755949,0.00543899400748,0.000455812955813,-0.1919042488,-0.00276273358663,-0.00314694393642,0.0377598497163,0.0197163803712,0.00744259296891,-0.00374945980237,-0.001374430822,0,-0.00372553332658,-0.00374945980237,0,-0.00713333571156,-0.0112429681168,-50,-0.00643500643501,0.00237405315725,0,0,0,336,0,6,990,0.982456140351,1,0,0.0175438596491,1,0.982456140351,0.991150442478,0.988199235917,0.982456140351,0.982456140351,63,69,0,0,0,0
3292,WLNM_dir_neg,0.994328922495,0.932434982021,00:00:05,10,80,16,1240364551,threshold_sweep,0.7,1,0.884057971014,0.938461538462,61,0,8,138,0.884057971014,1,0,0.115942028986,1,0.884057971014,0.938461538462,0.961352657005,0.568438003221,0.910447761194,0.914120581956,0.884057971014,342,273,69,0,342,0,273,0,69,37,342,0.256756756757,1.72528881811,18.4864864865,15.5454545455,9.77142857143,5.36771015539,0.290358590277,0.142642642643,9.50849154237,1.02869645341,0.544491860281,8.05331334643,0.871264894205,0.461830251304,0.640599570326,0.371299902718,2,1.72528881811,0.640599570326,2,0.344071394247,0.376569037657,810,0.104247104247,0.56957682835,37,37,37,1,0,0.405405405405,0.540540540541,0.0540540540541,37,0.204954954955,1.74361466362,14.7567567568,12.4090909091,7.8,4.26487856676,0.289011917528,0.142362142362,7.42500037917,1.00631873271,0.530046530047,6.44356419379,0.873303572052,0.467478467478,0.659708284598,0.378356696788,2,1.74361466362,0.659708284598,2,0.238634275941,0.258518518519,349,0.0449163449163,0.400850409565,37,37,37,1,0,0.405405405405,0.540540540541,0.0540540540541,37,334,0.250750750751,1.72021862327,18.0540540541,15.1818181818,9.54285714286,5.27544598402,0.29220284642,0.141446836058,9.21498322928,1.02082149546,0.539245832659,8.12911942233,0.900531193492,0.473863084642,0.63530324725,0.369315410644,2,1.72021862327,0.63530324725,2,0.326392429206,0.35397367138,726,0.0934362934363,0.573910222782,37,37,37,1,0,0.405405405405,0.540540540541,0.0540540540541,-8,-0.00600600600601,-0.00507019484505,-0.432432432432,-0.363636363636,-0.228571428571,-0.0922641713716,0.00184425614324,-0.00119580658503,-0.293508313094,-0.00787495795562,-0.00524602762233,0.0758060759007,0.0292662992873,0.0120328333376,-0.00529632307612,-0.00198449207398,0,-0.00507019484505,-0.00529632307612,0,-0.0176789650418,-0.0225953662771,-84,-0.0108108108108,0.00433339443204,0,0,0,334,0,8,990,0.976608187135,1,0,0.0233918128655,1,0.976608187135,0.988165680473,0.984266053764,0.976608187135,0.976608187135,61,69,0,0,0,0
3293,WLNM_dir_neg,0.994328922495,0.932434982021,00:00:05,10,80,16,1240364551,threshold_sweep,0.8,1,0.869565217391,0.93023255814,60,0,9,138,0.869565217391,1,0,0.130434782609,1,0.869565217391,0.93023255814,0.95652173913,0.570048309179,0.898876404494,0.903507902905,0.869565217391,342,273,69,0,342,0,273,0,69,37,342,0.256756756757,1.72528881811,18.4864864865,15.5454545455,9.77142857143,5.36771015539,0.290358590277,0.142642642643,9.50849154237,1.02869645341,0.544491860281,8.05331334643,0.871264894205,0.461830251304,0.640599570326,0.371299902718,2,1.72528881811,0.640599570326,2,0.344071394247,0.376569037657,810,0.104247104247,0.56957682835,37,37,37,1,0,0.405405405405,0.540540540541,0.0540540540541,37,0.204954954955,1.74361466362,14.7567567568,12.4090909091,7.8,4.26487856676,0.289011917528,0.142362142362,7.42500037917,1.00631873271,0.530046530047,6.44356419379,0.873303572052,0.467478467478,0.659708284598,0.378356696788,2,1.74361466362,0.659708284598,2,0.238634275941,0.258518518519,349,0.0449163449163,0.400850409565,37,37,37,1,0,0.405405405405,0.540540540541,0.0540540540541,37,333,0.25,1.719721918,18,15.1363636364,9.51428571429,5.18009008931,0.287782782739,0.139193247301,9.14998482087,1.0166649801,0.537943348754,8.14452781525,0.904947535027,0.475448421394,0.634549833702,0.36898397762,2,1.719721918,0.634549833702,2,0.321326903244,0.346229508197,704,0.0906048906049,0.574311914606,37,37,37,1,0,0.405405405405,0.540540540541,0.0540540540541,-9,-0.00675675675676,-0.00556690011843,-0.486486486486,-0.409090909091,-0.257142857143,-0.187620066087,-0.00257580753786,-0.00344939534129,-0.358506721501,-0.0120314733177,-0.00654851152717,0.0912144688128,0.0336826408226,0.0136181700904,-0.00604973662396,-0.00231592509804,0,-0.00556690011843,-0.00604973662396,0,-0.0227444910035,-0.0303395294602,-106,-0.0136422136422,0.00473508625602,0,0,0,333,0,9,990,0.973684210526,1,0,0.0263157894737,1,0.973684210526,0.986666666667,0.982299486258,0.973684210526,0.973684210526,60,69,0,0,0,0
3294,WLNM_dir_neg,0.994328922495,0.932434982021,00:00:05,10,80,16,1240364551,threshold_sweep,0.9,1,0.855072463768,0.921875,59,0,10,138,0.855072463768,1,0,0.144927536232,1,0.855072463768,0.921875,0.951690821256,0.571658615137,0.887218045113,0.892915056037,0.855072463768,342,273,69,0,342,0,273,0,69,37,342,0.256756756757,1.72528881811,18.4864864865,15.5454545455,9.77142857143,5.36771015539,0.290358590277,0.142642642643,9.50849154237,1.02869645341,0.544491860281,8.05331334643,0.871264894205,0.461830251304,0.640599570326,0.371299902718,2,1.72528881811,0.640599570326,2,0.344071394247,0.376569037657,810,0.104247104247,0.56957682835,37,37,37,1,0,0.405405405405,0.540540540541,0.0540540540541,37,0.204954954955,1.74361466362,14.7567567568,12.4090909091,7.8,4.26487856676,0.289011917528,0.142362142362,7.42500037917,1.00631873271,0.530046530047,6.44356419379,0.873303572052,0.467478467478,0.659708284598,0.378356696788,2,1.74361466362,0.659708284598,2,0.238634275941,0.258518518519,349,0.0449163449163,0.400850409565,37,37,37,1,0,0.405405405405,0.540540540541,0.0540540540541,37,332,0.249249249249,1.72027549919,17.9459459459,15.0909090909,9.48571428571,5.1529168975,0.287135429529,0.139124063823,9.1180117426,1.01616395927,0.537121458808,8.11201607523,0.904049984288,0.476066427874,0.635125112147,0.369199649968,2,1.72027549919,0.635125112147,2,0.320584088649,0.344992575483,697,0.089703989704,0.570724328233,37,37,37,1,0,0.405405405405,0.540540540541,0.0540540540541,-10,-0.00750750750751,-0.00501331892847,-0.540540540541,-0.454545454545,-0.285714285714,-0.214793257892,-0.00322316074769,-0.00351857881978,-0.390479799778,-0.0125324941495,-0.00737040147313,0.0587027287967,0.0327850900829,0.0142361765697,-0.00547445817863,-0.00210025275016,0,-0.00501331892847,-0.00547445817863,0,-0.0234873055982,-0.0315764621743,-113,-0.0145431145431,0.00114749988344,0,0,0,332,0,10,990,0.970760233918,1,0,0.0292397660819,1,0.970760233918,0.985163204748,0.980332918747,0.970760233918,0.970760233918,59,69,0,0,0,0
3295,WLNM_dir_neg,0.983564377232,0.911358200265,00:00:05,10,80,17,1240364552,threshold_sweep,0.1,0.984615384615,0.927536231884,0.955223880597,64,1,5,137,0.927536231884,0.992753623188,0.00724637681159,0.0724637681159,0.984615384615,0.927536231884,0.955223880597,0.971014492754,0.561996779388,0.933823529412,0.934733639733,0.920289855072,342,273,69,0,342,0,273,0,69,37,342,0.256756756757,1.72528881811,18.4864864865,15.5454545455,9.77142857143,5.36771015539,0.290358590277,0.142642642643,9.50849154237,1.02869645341,0.544491860281,8.05331334643,0.871264894205,0.461830251304,0.640599570326,0.371299902718,2,1.72528881811,0.640599570326,2,0.344071394247,0.376569037657,810,0.104247104247,0.56957682835,37,37,37,1,0,0.405405405405,0.540540540541,0.0540540540541,37,0.204954954955,1.76333028479,14.7567567568,12.4090909091,7.8,4.39952904933,0.298136583929,0.153351153351,7.45486921918,1.01036689051,0.537372537373,6.3348741606,0.858572688433,0.464508464508,0.68844460367,0.390422945497,2,1.76333028479,0.68844460367,2,0.269595163248,0.26282208589,357,0.0459459459459,0.391238290279,37,37,37,1,0,0.405405405405,0.540540540541,0.0540540540541,37,338,0.253753753754,1.73451143792,18.2702702703,15.3636363636,9.38888888889,5.45511303808,0.298578672203,0.144250759635,9.46679038112,1.03630545592,0.545018391172,8.08002393479,0.884499661501,0.465856388933,0.658943187037,0.379901321277,2,1.73451143792,0.658943187037,2,0.343503094619,0.361194501501,762,0.0980694980695,0.570866485845,37,37,37,1,0,0.405405405405,0.567567567568,0.027027027027,-4,-0.003003003003,0.00922261980715,-0.216216216216,-0.181818181818,-0.38253968254,0.0874028826893,0.00822008192562,0.00160811699273,-0.0417011612519,0.00760900250692,0.000526530890903,0.0267105883562,0.0132347672959,0.00402613762938,0.0183436167109,0.00860141855941,0,0.00922261980715,0.0183436167109,0,-0.000568299628423,-0.0153745361559,-48,-0.00617760617761,0.00128965749538,0,0.027027027027,-0.027027027027,337,1,5,989,0.985380116959,0.99898989899,0.0010101010101,0.0146198830409,0.997041420118,0.985380116959,0.991176470588,0.988183241705,0.984370015949,0.98250728863,65,69,0,0,0,0
3296,WLNM_dir_neg,0.983564377232,0.911358200265,00:00:05,10,80,17,1240364552,threshold_sweep,0.2,0.984615384615,0.927536231884,0.955223880597,64,1,5,137,0.927536231884,0.992753623188,0.00724637681159,0.0724637681159,0.984615384615,0.927536231884,0.955223880597,0.971014492754,0.561996779388,0.933823529412,0.934733639733,0.920289855072,342,273,69,0,342,0,273,0,69,37,342,0.256756756757,1.72528881811,18.4864864865,15.5454545455,9.77142857143,5.36771015539,0.290358590277,0.142642642643,9.50849154237,1.02869645341,0.544491860281,8.05331334643,0.871264894205,0.461830251304,0.640599570326,0.371299902718,2,1.72528881811,0.640599570326,2,0.344071394247,0.376569037657,810,0.104247104247,0.56957682835,37,37,37,1,0,0.405405405405,0.540540540541,0.0540540540541,37,0.204954954955,1.76333028479,14.7567567568,12.4090909091,7.8,4.39952904933,0.298136583929,0.153351153351,7.45486921918,1.01036689051,0.537372537373,6.3348741606,0.858572688433,0.464508464508,0.68844460367,0.390422945497,2,1.76333028479,0.68844460367,2,0.269595163248,0.26282208589,357,0.0459459459459,0.391238290279,37,37,37,1,0,0.405405405405,0.540540540541,0.0540540540541,37,338,0.253753753754,1.73451143792,18.2702702703,15.3636363636,9.38888888889,5.45511303808,0.298578672203,0.144250759635,9.46679038112,1.03630545592,0.545018391172,8.08002393479,0.884499661501,0.465856388933,0.658943187037,0.379901321277,2,1.73451143792,0.658943187037,2,0.343503094619,0.361194501501,762,0.0980694980695,0.570866485845,37,37,37,1,0,0.405405405405,0.567567567568,0.027027027027,-4,-0.003003003003,0.00922261980715,-0.216216216216,-0.181818181818,-0.38253968254,0.0874028826893,0.00822008192562,0.00160811699273,-0.0417011612519,0.00760900250692,0.000526530890903,0.0267105883562,0.0132347672959,0.00402613762938,0.0183436167109,0.00860141855941,0,0.00922261980715,0.0183436167109,0,-0.000568299628423,-0.0153745361559,-48,-0.00617760617761,0.00128965749538,0,0.027027027027,-0.027027027027,337,1,5,989,0.985380116959,0.99898989899,0.0010101010101,0.0146198830409,0.997041420118,0.985380116959,0.991176470588,0.988183241705,0.984370015949,0.98250728863,65,69,0,0,0,0
3297,WLNM_dir_neg,0.983564377232,0.911358200265,00:00:05,10,80,17,1240364552,threshold_sweep,0.3,0.984615384615,0.927536231884,0.955223880597,64,1,5,137,0.927536231884,0.992753623188,0.00724637681159,0.0724637681159,0.984615384615,0.927536231884,0.955223880597,0.971014492754,0.561996779388,0.933823529412,0.934733639733,0.920289855072,342,273,69,0,342,0,273,0,69,37,342,0.256756756757,1.72528881811,18.4864864865,15.5454545455,9.77142857143,5.36771015539,0.290358590277,0.142642642643,9.50849154237,1.02869645341,0.544491860281,8.05331334643,0.871264894205,0.461830251304,0.640599570326,0.371299902718,2,1.72528881811,0.640599570326,2,0.344071394247,0.376569037657,810,0.104247104247,0.56957682835,37,37,37,1,0,0.405405405405,0.540540540541,0.0540540540541,37,0.204954954955,1.76333028479,14.7567567568,12.4090909091,7.8,4.39952904933,0.298136583929,0.153351153351,7.45486921918,1.01036689051,0.537372537373,6.3348741606,0.858572688433,0.464508464508,0.68844460367,0.390422945497,2,1.76333028479,0.68844460367,2,0.269595163248,0.26282208589,357,0.0459459459459,0.391238290279,37,37,37,1,0,0.405405405405,0.540540540541,0.0540540540541,37,338,0.253753753754,1.73451143792,18.2702702703,15.3636363636,9.38888888889,5.45511303808,0.298578672203,0.144250759635,9.46679038112,1.03630545592,0.545018391172,8.08002393479,0.884499661501,0.465856388933,0.658943187037,0.379901321277,2,1.73451143792,0.658943187037,2,0.343503094619,0.361194501501,762,0.0980694980695,0.570866485845,37,37,37,1,0,0.405405405405,0.567567567568,0.027027027027,-4,-0.003003003003,0.00922261980715,-0.216216216216,-0.181818181818,-0.38253968254,0.0874028826893,0.00822008192562,0.00160811699273,-0.0417011612519,0.00760900250692,0.000526530890903,0.0267105883562,0.0132347672959,0.00402613762938,0.0183436167109,0.00860141855941,0,0.00922261980715,0.0183436167109,0,-0.000568299628423,-0.0153745361559,-48,-0.00617760617761,0.00128965749538,0,0.027027027027,-0.027027027027,337,1,5,989,0.985380116959,0.99898989899,0.0010101010101,0.0146198830409,0.997041420118,0.985380116959,0.991176470588,0.988183241705,0.984370015949,0.98250728863,65,69,0,0,0,0
3298,WLNM_dir_neg,0.983564377232,0.911358200265,00:00:05,10,80,17,1240364552,threshold_sweep,0.4,0.984615384615,0.927536231884,0.955223880597,64,1,5,137,0.927536231884,0.992753623188,0.00724637681159,0.0724637681159,0.984615384615,0.927536231884,0.955223880597,0.971014492754,0.561996779388,0.933823529412,0.934733639733,0.920289855072,342,273,69,0,342,0,273,0,69,37,342,0.256756756757,1.72528881811,18.4864864865,15.5454545455,9.77142857143,5.36771015539,0.290358590277,0.142642642643,9.50849154237,1.02869645341,0.544491860281,8.05331334643,0.871264894205,0.461830251304,0.640599570326,0.371299902718,2,1.72528881811,0.640599570326,2,0.344071394247,0.376569037657,810,0.104247104247,0.56957682835,37,37,37,1,0,0.405405405405,0.540540540541,0.0540540540541,37,0.204954954955,1.76333028479,14.7567567568,12.4090909091,7.8,4.39952904933,0.298136583929,0.153351153351,7.45486921918,1.01036689051,0.537372537373,6.3348741606,0.858572688433,0.464508464508,0.68844460367,0.390422945497,2,1.76333028479,0.68844460367,2,0.269595163248,0.26282208589,357,0.0459459459459,0.391238290279,37,37,37,1,0,0.405405405405,0.540540540541,0.0540540540541,37,338,0.253753753754,1.73451143792,18.2702702703,15.3636363636,9.38888888889,5.45511303808,0.298578672203,0.144250759635,9.46679038112,1.03630545592,0.545018391172,8.08002393479,0.884499661501,0.465856388933,0.658943187037,0.379901321277,2,1.73451143792,0.658943187037,2,0.343503094619,0.361194501501,762,0.0980694980695,0.570866485845,37,37,37,1,0,0.405405405405,0.567567567568,0.027027027027,-4,-0.003003003003,0.00922261980715,-0.216216216216,-0.181818181818,-0.38253968254,0.0874028826893,0.00822008192562,0.00160811699273,-0.0417011612519,0.00760900250692,0.000526530890903,0.0267105883562,0.0132347672959,0.00402613762938,0.0183436167109,0.00860141855941,0,0.00922261980715,0.0183436167109,0,-0.000568299628423,-0.0153745361559,-48,-0.00617760617761,0.00128965749538,0,0.027027027027,-0.027027027027,337,1,5,989,0.985380116959,0.99898989899,0.0010101010101,0.0146198830409,0.997041420118,0.985380116959,0.991176470588,0.988183241705,0.984370015949,0.98250728863,65,69,0,0,0,0
3299,WLNM_dir_neg,0.983564377232,0.911358200265,00:00:05,10,80,17,1240364552,threshold_sweep,0.5,0.984615384615,0.927536231884,0.955223880597,64,1,5,137,0.927536231884,0.992753623188,0.00724637681159,0.0724637681159,0.984615384615,0.927536231884,0.955223880597,0.971014492754,0.561996779388,0.933823529412,0.934733639733,0.920289855072,342,273,69,0,342,0,273,0,69,37,342,0.256756756757,1.72528881811,18.4864864865,15.5454545455,9.77142857143,5.36771015539,0.290358590277,0.142642642643,9.50849154237,1.02869645341,0.544491860281,8.05331334643,0.871264894205,0.461830251304,0.640599570326,0.371299902718,2,1.72528881811,0.640599570326,2,0.344071394247,0.376569037657,810,0.104247104247,0.56957682835,37,37,37,1,0,0.405405405405,0.540540540541,0.0540540540541,37,0.204954954955,1.76333028479,14.7567567568,12.4090909091,7.8,4.39952904933,0.298136583929,0.153351153351,7.45486921918,1.01036689051,0.537372537373,6.3348741606,0.858572688433,0.464508464508,0.68844460367,0.390422945497,2,1.76333028479,0.68844460367,2,0.269595163248,0.26282208589,357,0.0459459459459,0.391238290279,37,37,37,1,0,0.405405405405,0.540540540541,0.0540540540541,37,338,0.253753753754,1.73451143792,18.2702702703,15.3636363636,9.38888888889,5.45511303808,0.298578672203,0.144250759635,9.46679038112,1.03630545592,0.545018391172,8.08002393479,0.884499661501,0.465856388933,0.658943187037,0.379901321277,2,1.73451143792,0.658943187037,2,0.343503094619,0.361194501501,762,0.0980694980695,0.570866485845,37,37,37,1,0,0.405405405405,0.567567567568,0.027027027027,-4,-0.003003003003,0.00922261980715,-0.216216216216,-0.181818181818,-0.38253968254,0.0874028826893,0.00822008192562,0.00160811699273,-0.0417011612519,0.00760900250692,0.000526530890903,0.0267105883562,0.0132347672959,0.00402613762938,0.0183436167109,0.00860141855941,0,0.00922261980715,0.0183436167109,0,-0.000568299628423,-0.0153745361559,-48,-0.00617760617761,0.00128965749538,0,0.027027027027,-0.027027027027,337,1,5,989,0.985380116959,0.99898989899,0.0010101010101,0.0146198830409,0.997041420118,0.985380116959,0.991176470588,0.988183241705,0.984370015949,0.98250728863,65,69,0,0,0,0
3300,WLNM_dir_neg,0.983564377232,0.911358200265,00:00:05,10,80,17,1240364552,threshold_sweep,0.6,0.984615384615,0.927536231884,0.955223880597,64,1,5,137,0.927536231884,0.992753623188,0.00724637681159,0.0724637681159,0.984615384615,0.927536231884,0.955223880597,0.971014492754,0.561996779388,0.933823529412,0.934733639733,0.920289855072,342,273,69,0,342,0,273,0,69,37,342,0.256756756757,1.72528881811,18.4864864865,15.5454545455,9.77142857143,5.36771015539,0.290358590277,0.142642642643,9.50849154237,1.02869645341,0.544491860281,8.05331334643,0.871264894205,0.461830251304,0.640599570326,0.371299902718,2,1.72528881811,0.640599570326,2,0.344071394247,0.376569037657,810,0.104247104247,0.56957682835,37,37,37,1,0,0.405405405405,0.540540540541,0.0540540540541,37,0.204954954955,1.76333028479,14.7567567568,12.4090909091,7.8,4.39952904933,0.298136583929,0.153351153351,7.45486921918,1.01036689051,0.537372537373,6.3348741606,0.858572688433,0.464508464508,0.68844460367,0.390422945497,2,1.76333028479,0.68844460367,2,0.269595163248,0.26282208589,357,0.0459459459459,0.391238290279,37,37,37,1,0,0.405405405405,0.540540540541,0.0540540540541,37,338,0.253753753754,1.73451143792,18.2702702703,15.3636363636,9.38888888889,5.45511303808,0.298578672203,0.144250759635,9.46679038112,1.03630545592,0.545018391172,8.08002393479,0.884499661501,0.465856388933,0.658943187037,0.379901321277,2,1.73451143792,0.658943187037,2,0.343503094619,0.361194501501,762,0.0980694980695,0.570866485845,37,37,37,1,0,0.405405405405,0.567567567568,0.027027027027,-4,-0.003003003003,0.00922261980715,-0.216216216216,-0.181818181818,-0.38253968254,0.0874028826893,0.00822008192562,0.00160811699273,-0.0417011612519,0.00760900250692,0.000526530890903,0.0267105883562,0.0132347672959,0.00402613762938,0.0183436167109,0.00860141855941,0,0.00922261980715,0.0183436167109,0,-0.000568299628423,-0.0153745361559,-48,-0.00617760617761,0.00128965749538,0,0.027027027027,-0.027027027027,337,1,5,989,0.985380116959,0.99898989899,0.0010101010101,0.0146198830409,0.997041420118,0.985380116959,0.991176470588,0.988183241705,0.984370015949,0.98250728863,65,69,0,0,0,0
3301,WLNM_dir_neg,0.983564377232,0.911358200265,00:00:05,10,80,17,1240364552,threshold_sweep,0.7,0.984615384615,0.927536231884,0.955223880597,64,1,5,137,0.927536231884,0.992753623188,0.00724637681159,0.0724637681159,0.984615384615,0.927536231884,0.955223880597,0.971014492754,0.561996779388,0.933823529412,0.934733639733,0.920289855072,342,273,69,0,342,0,273,0,69,37,342,0.256756756757,1.72528881811,18.4864864865,15.5454545455,9.77142857143,5.36771015539,0.290358590277,0.142642642643,9.50849154237,1.02869645341,0.544491860281,8.05331334643,0.871264894205,0.461830251304,0.640599570326,0.371299902718,2,1.72528881811,0.640599570326,2,0.344071394247,0.376569037657,810,0.104247104247,0.56957682835,37,37,37,1,0,0.405405405405,0.540540540541,0.0540540540541,37,0.204954954955,1.76333028479,14.7567567568,12.4090909091,7.8,4.39952904933,0.298136583929,0.153351153351,7.45486921918,1.01036689051,0.537372537373,6.3348741606,0.858572688433,0.464508464508,0.68844460367,0.390422945497,2,1.76333028479,0.68844460367,2,0.269595163248,0.26282208589,357,0.0459459459459,0.391238290279,37,37,37,1,0,0.405405405405,0.540540540541,0.0540540540541,37,338,0.253753753754,1.73451143792,18.2702702703,15.3636363636,9.38888888889,5.45511303808,0.298578672203,0.144250759635,9.46679038112,1.03630545592,0.545018391172,8.08002393479,0.884499661501,0.465856388933,0.658943187037,0.379901321277,2,1.73451143792,0.658943187037,2,0.343503094619,0.361194501501,762,0.0980694980695,0.570866485845,37,37,37,1,0,0.405405405405,0.567567567568,0.027027027027,-4,-0.003003003003,0.00922261980715,-0.216216216216,-0.181818181818,-0.38253968254,0.0874028826893,0.00822008192562,0.00160811699273,-0.0417011612519,0.00760900250692,0.000526530890903,0.0267105883562,0.0132347672959,0.00402613762938,0.0183436167109,0.00860141855941,0,0.00922261980715,0.0183436167109,0,-0.000568299628423,-0.0153745361559,-48,-0.00617760617761,0.00128965749538,0,0.027027027027,-0.027027027027,337,1,5,989,0.985380116959,0.99898989899,0.0010101010101,0.0146198830409,0.997041420118,0.985380116959,0.991176470588,0.988183241705,0.984370015949,0.98250728863,65,69,0,0,0,0
3302,WLNM_dir_neg,0.983564377232,0.911358200265,00:00:05,10,80,17,1240364552,threshold_sweep,0.8,1,0.898550724638,0.946564885496,62,0,7,138,0.898550724638,1,0,0.101449275362,1,0.898550724638,0.946564885496,0.966183574879,0.566827697262,0.921933085502,0.924755326448,0.898550724638,342,273,69,0,342,0,273,0,69,37,342,0.256756756757,1.72528881811,18.4864864865,15.5454545455,9.77142857143,5.36771015539,0.290358590277,0.142642642643,9.50849154237,1.02869645341,0.544491860281,8.05331334643,0.871264894205,0.461830251304,0.640599570326,0.371299902718,2,1.72528881811,0.640599570326,2,0.344071394247,0.376569037657,810,0.104247104247,0.56957682835,37,37,37,1,0,0.405405405405,0.540540540541,0.0540540540541,37,0.204954954955,1.76333028479,14.7567567568,12.4090909091,7.8,4.39952904933,0.298136583929,0.153351153351,7.45486921918,1.01036689051,0.537372537373,6.3348741606,0.858572688433,0.464508464508,0.68844460367,0.390422945497,2,1.76333028479,0.68844460367,2,0.269595163248,0.26282208589,357,0.0459459459459,0.391238290279,37,37,37,1,0,0.405405405405,0.540540540541,0.0540540540541,37,335,0.251501501502,1.73424509884,18.1081081081,15.2272727273,9.57142857143,5.26932308421,0.290992468829,0.141427995159,9.29738895827,1.02687579539,0.541670028237,8.09645308469,0.894235116816,0.472287212586,0.658273933429,0.379573760289,2,1.73424509884,0.658273933429,2,0.33268340988,0.348521570528,719,0.0925353925354,0.569141683871,37,37,37,1,0,0.405405405405,0.540540540541,0.0540540540541,-7,-0.00525525525526,0.00895628072208,-0.378378378378,-0.318181818182,-0.2,-0.0983870711854,0.000633878552266,-0.0012146474833,-0.2111025841,-0.00182065802331,-0.00282183204414,0.0431397382537,0.0229702226114,0.0104569612818,0.0176743631029,0.00827385757164,0,0.00895628072208,0.0176743631029,0,-0.0113879843675,-0.0280474671285,-91,-0.0117117117117,-0.000435144478621,0,0,0,335,0,7,990,0.979532163743,1,0,0.0204678362573,1,0.979532163743,0.989660265879,0.986232633066,0.979532163743,0.979532163743,62,69,0,0,0,0
3303,WLNM_dir_neg,0.983564377232,0.911358200265,00:00:05,10,80,17,1240364552,threshold_sweep,0.9,1,0.884057971014,0.938461538462,61,0,8,138,0.884057971014,1,0,0.115942028986,1,0.884057971014,0.938461538462,0.961352657005,0.568438003221,0.910447761194,0.914120581956,0.884057971014,342,273,69,0,342,0,273,0,69,37,342,0.256756756757,1.72528881811,18.4864864865,15.5454545455,9.77142857143,5.36771015539,0.290358590277,0.142642642643,9.50849154237,1.02869645341,0.544491860281,8.05331334643,0.871264894205,0.461830251304,0.640599570326,0.371299902718,2,1.72528881811,0.640599570326,2,0.344071394247,0.376569037657,810,0.104247104247,0.56957682835,37,37,37,1,0,0.405405405405,0.540540540541,0.0540540540541,37,0.204954954955,1.76333028479,14.7567567568,12.4090909091,7.8,4.39952904933,0.298136583929,0.153351153351,7.45486921918,1.01036689051,0.537372537373,6.3348741606,0.858572688433,0.464508464508,0.68844460367,0.390422945497,2,1.76333028479,0.68844460367,2,0.269595163248,0.26282208589,357,0.0459459459459,0.391238290279,37,37,37,1,0,0.405405405405,0.540540540541,0.0540540540541,37,334,0.250750750751,1.73354063424,18.0540540541,15.1818181818,9.54285714286,5.16368702224,0.286012604525,0.13901925878,9.23305200079,1.02282312584,0.540378702055,8.1222824053,0.89977379939,0.475319631008,0.657252827224,0.379138979637,2,1.73354063424,0.657252827224,2,0.327602787406,0.34039778285,696,0.0895752895753,0.570201718656,37,37,37,1,0,0.405405405405,0.540540540541,0.0540540540541,-8,-0.00600600600601,0.00825181612283,-0.432432432432,-0.363636363636,-0.228571428571,-0.204023133152,-0.00434598575178,-0.0036233838629,-0.275439541587,-0.00587332757905,-0.00411315822599,0.0689690588673,0.0285089051848,0.0134893797043,0.0166532568977,0.00783907691905,0,0.00825181612283,0.0166532568977,0,-0.0164686068411,-0.0361712548072,-114,-0.0146718146718,0.000624890305754,0,0,0,334,0,8,990,0.976608187135,1,0,0.0233918128655,1,0.976608187135,0.988165680473,0.984266053764,0.976608187135,0.976608187135,61,69,0,0,0,0
3304,WLNM_dir_neg,0.976633060281,0.681839003477,00:00:05,10,80,18,1240364553,threshold_sweep,0.1,1,0.855072463768,0.921875,59,0,10,138,0.855072463768,1,0,0.144927536232,1,0.855072463768,0.921875,0.951690821256,0.571658615137,0.887218045113,0.892915056037,0.855072463768,342,273,69,0,342,0,273,0,69,37,342,0.256756756757,1.72528881811,18.4864864865,15.5454545455,9.77142857143,5.36771015539,0.290358590277,0.142642642643,9.50849154237,1.02869645341,0.544491860281,8.05331334643,0.871264894205,0.461830251304,0.640599570326,0.371299902718,2,1.72528881811,0.640599570326,2,0.344071394247,0.376569037657,810,0.104247104247,0.56957682835,37,37,37,1,0,0.405405405405,0.540540540541,0.0540540540541,37,0.204954954955,1.73592566328,14.7567567568,12.4090909091,7.8,4.0235791516,0.272660125658,0.134541134541,7.34601687746,0.995614009033,0.527076527077,6.58850577964,0.892947669769,0.478764478764,0.651490902538,0.375298848517,2,1.73592566328,0.651490902538,2,0.224357058763,0.244272908367,327,0.0420849420849,0.410516199586,37,37,37,1,0,0.405405405405,0.540540540541,0.0540540540541,37,332,0.249249249249,1.71639732621,17.9459459459,15.0909090909,9.48571428571,5.19586345057,0.289528535649,0.141077824813,9.1180117426,1.01616395927,0.537284272224,8.15300383119,0.90861789685,0.477694562032,0.631935183586,0.368175348409,2,1.71639732621,0.631935183586,2,0.313750861985,0.345640349431,699,0.0899613899614,0.575341324502,37,37,37,1,0,0.405405405405,0.540540540541,0.0540540540541,-10,-0.00750750750751,-0.00889149190185,-0.540540540541,-0.454545454545,-0.285714285714,-0.171846704821,-0.000830054627742,-0.00156481782988,-0.390479799778,-0.0125324941495,-0.0072075880573,0.0996904847602,0.0373530026451,0.015864310728,-0.00866438673987,-0.00312455430907,0,-0.00889149190185,-0.00866438673987,0,-0.0303205322623,-0.0309286882256,-111,-0.0142857142857,0.00576449615198,0,0,0,332,0,10,990,0.970760233918,1,0,0.0292397660819,1,0.970760233918,0.985163204748,0.980332918747,0.970760233918,0.970760233918,59,69,0,0,0,0
3305,WLNM_dir_neg,0.976633060281,0.681839003477,00:00:05,10,80,18,1240364553,threshold_sweep,0.2,1,0.826086956522,0.904761904762,57,0,12,138,0.826086956522,1,0,0.173913043478,1,0.826086956522,0.904761904762,0.942028985507,0.574879227053,0.863636363636,0.871779788708,0.826086956522,342,273,69,0,342,0,273,0,69,37,342,0.256756756757,1.72528881811,18.4864864865,15.5454545455,9.77142857143,5.36771015539,0.290358590277,0.142642642643,9.50849154237,1.02869645341,0.544491860281,8.05331334643,0.871264894205,0.461830251304,0.640599570326,0.371299902718,2,1.72528881811,0.640599570326,2,0.344071394247,0.376569037657,810,0.104247104247,0.56957682835,37,37,37,1,0,0.405405405405,0.540540540541,0.0540540540541,37,0.204954954955,1.73592566328,14.7567567568,12.4090909091,7.8,4.0235791516,0.272660125658,0.134541134541,7.34601687746,0.995614009033,0.527076527077,6.58850577964,0.892947669769,0.478764478764,0.651490902538,0.375298848517,2,1.73592566328,0.651490902538,2,0.224357058763,0.244272908367,327,0.0420849420849,0.410516199586,37,37,37,1,0,0.405405405405,0.540540540541,0.0540540540541,37,330,0.247747747748,1.71504063574,17.8378378378,15,9.42857142857,5.01948156638,0.281395178721,0.136527436527,8.99499360255,1.00852958574,0.534643734644,8.19680960421,0.919036228351,0.482391482391,0.629936160494,0.367301011631,2,1.71504063574,0.629936160494,2,0.303770804962,0.330372108615,657,0.084555984556,0.577205216653,37,37,37,1,0,0.405405405405,0.540540540541,0.0540540540541,-12,-0.00900900900901,-0.0102481823771,-0.648648648649,-0.545454545455,-0.342857142857,-0.348228589017,-0.00896341155601,-0.00611520611521,-0.513497939825,-0.0201668676744,-0.0098481256376,0.143496257777,0.0477713341461,0.0205612310875,-0.0106634098319,-0.00399889108709,0,-0.0102481823771,-0.0106634098319,0,-0.0403005892853,-0.0461969290414,-153,-0.0196911196911,0.0076283883027,0,0,0,330,0,12,990,0.964912280702,1,0,0.0350877192982,1,0.964912280702,0.982142857143,0.976399736279,0.964912280702,0.964912280702,57,69,0,0,0,0
3306,WLNM_dir_neg,0.976633060281,0.681839003477,00:00:05,10,80,18,1240364553,threshold_sweep,0.3,1,0.826086956522,0.904761904762,57,0,12,138,0.826086956522,1,0,0.173913043478,1,0.826086956522,0.904761904762,0.942028985507,0.574879227053,0.863636363636,0.871779788708,0.826086956522,342,273,69,0,342,0,273,0,69,37,342,0.256756756757,1.72528881811,18.4864864865,15.5454545455,9.77142857143,5.36771015539,0.290358590277,0.142642642643,9.50849154237,1.02869645341,0.544491860281,8.05331334643,0.871264894205,0.461830251304,0.640599570326,0.371299902718,2,1.72528881811,0.640599570326,2,0.344071394247,0.376569037657,810,0.104247104247,0.56957682835,37,37,37,1,0,0.405405405405,0.540540540541,0.0540540540541,37,0.204954954955,1.73592566328,14.7567567568,12.4090909091,7.8,4.0235791516,0.272660125658,0.134541134541,7.34601687746,0.995614009033,0.527076527077,6.58850577964,0.892947669769,0.478764478764,0.651490902538,0.375298848517,2,1.73592566328,0.651490902538,2,0.224357058763,0.244272908367,327,0.0420849420849,0.410516199586,37,37,37,1,0,0.405405405405,0.540540540541,0.0540540540541,37,330,0.247747747748,1.71504063574,17.8378378378,15,9.42857142857,5.01948156638,0.281395178721,0.136527436527,8.99499360255,1.00852958574,0.534643734644,8.19680960421,0.919036228351,0.482391482391,0.629936160494,0.367301011631,2,1.71504063574,0.629936160494,2,0.303770804962,0.330372108615,657,0.084555984556,0.577205216653,37,37,37,1,0,0.405405405405,0.540540540541,0.0540540540541,-12,-0.00900900900901,-0.0102481823771,-0.648648648649,-0.545454545455,-0.342857142857,-0.348228589017,-0.00896341155601,-0.00611520611521,-0.513497939825,-0.0201668676744,-0.0098481256376,0.143496257777,0.0477713341461,0.0205612310875,-0.0106634098319,-0.00399889108709,0,-0.0102481823771,-0.0106634098319,0,-0.0403005892853,-0.0461969290414,-153,-0.0196911196911,0.0076283883027,0,0,0,330,0,12,990,0.964912280702,1,0,0.0350877192982,1,0.964912280702,0.982142857143,0.976399736279,0.964912280702,0.964912280702,57,69,0,0,0,0
3307,WLNM_dir_neg,0.976633060281,0.681839003477,00:00:05,10,80,18,1240364553,threshold_sweep,0.4,1,0.826086956522,0.904761904762,57,0,12,138,0.826086956522,1,0,0.173913043478,1,0.826086956522,0.904761904762,0.942028985507,0.574879227053,0.863636363636,0.871779788708,0.826086956522,342,273,69,0,342,0,273,0,69,37,342,0.256756756757,1.72528881811,18.4864864865,15.5454545455,9.77142857143,5.36771015539,0.290358590277,0.142642642643,9.50849154237,1.02869645341,0.544491860281,8.05331334643,0.871264894205,0.461830251304,0.640599570326,0.371299902718,2,1.72528881811,0.640599570326,2,0.344071394247,0.376569037657,810,0.104247104247,0.56957682835,37,37,37,1,0,0.405405405405,0.540540540541,0.0540540540541,37,0.204954954955,1.73592566328,14.7567567568,12.4090909091,7.8,4.0235791516,0.272660125658,0.134541134541,7.34601687746,0.995614009033,0.527076527077,6.58850577964,0.892947669769,0.478764478764,0.651490902538,0.375298848517,2,1.73592566328,0.651490902538,2,0.224357058763,0.244272908367,327,0.0420849420849,0.410516199586,37,37,37,1,0,0.405405405405,0.540540540541,0.0540540540541,37,330,0.247747747748,1.71504063574,17.8378378378,15,9.42857142857,5.01948156638,0.281395178721,0.136527436527,8.99499360255,1.00852958574,0.534643734644,8.19680960421,0.919036228351,0.482391482391,0.629936160494,0.367301011631,2,1.71504063574,0.629936160494,2,0.303770804962,0.330372108615,657,0.084555984556,0.577205216653,37,37,37,1,0,0.405405405405,0.540540540541,0.0540540540541,-12,-0.00900900900901,-0.0102481823771,-0.648648648649,-0.545454545455,-0.342857142857,-0.348228589017,-0.00896341155601,-0.00611520611521,-0.513497939825,-0.0201668676744,-0.0098481256376,0.143496257777,0.0477713341461,0.0205612310875,-0.0106634098319,-0.00399889108709,0,-0.0102481823771,-0.0106634098319,0,-0.0403005892853,-0.0461969290414,-153,-0.0196911196911,0.0076283883027,0,0,0,330,0,12,990,0.964912280702,1,0,0.0350877192982,1,0.964912280702,0.982142857143,0.976399736279,0.964912280702,0.964912280702,57,69,0,0,0,0
3308,WLNM_dir_neg,0.976633060281,0.681839003477,00:00:05,10,80,18,1240364553,threshold_sweep,0.5,1,0.826086956522,0.904761904762,57,0,12,138,0.826086956522,1,0,0.173913043478,1,0.826086956522,0.904761904762,0.942028985507,0.574879227053,0.863636363636,0.871779788708,0.826086956522,342,273,69,0,342,0,273,0,69,37,342,0.256756756757,1.72528881811,18.4864864865,15.5454545455,9.77142857143,5.36771015539,0.290358590277,0.142642642643,9.50849154237,1.02869645341,0.544491860281,8.05331334643,0.871264894205,0.461830251304,0.640599570326,0.371299902718,2,1.72528881811,0.640599570326,2,0.344071394247,0.376569037657,810,0.104247104247,0.56957682835,37,37,37,1,0,0.405405405405,0.540540540541,0.0540540540541,37,0.204954954955,1.73592566328,14.7567567568,12.4090909091,7.8,4.0235791516,0.272660125658,0.134541134541,7.34601687746,0.995614009033,0.527076527077,6.58850577964,0.892947669769,0.478764478764,0.651490902538,0.375298848517,2,1.73592566328,0.651490902538,2,0.224357058763,0.244272908367,327,0.0420849420849,0.410516199586,37,37,37,1,0,0.405405405405,0.540540540541,0.0540540540541,37,330,0.247747747748,1.71504063574,17.8378378378,15,9.42857142857,5.01948156638,0.281395178721,0.136527436527,8.99499360255,1.00852958574,0.534643734644,8.19680960421,0.919036228351,0.482391482391,0.629936160494,0.367301011631,2,1.71504063574,0.629936160494,2,0.303770804962,0.330372108615,657,0.084555984556,0.577205216653,37,37,37,1,0,0.405405405405,0.540540540541,0.0540540540541,-12,-0.00900900900901,-0.0102481823771,-0.648648648649,-0.545454545455,-0.342857142857,-0.348228589017,-0.00896341155601,-0.00611520611521,-0.513497939825,-0.0201668676744,-0.0098481256376,0.143496257777,0.0477713341461,0.0205612310875,-0.0106634098319,-0.00399889108709,0,-0.0102481823771,-0.0106634098319,0,-0.0403005892853,-0.0461969290414,-153,-0.0196911196911,0.0076283883027,0,0,0,330,0,12,990,0.964912280702,1,0,0.0350877192982,1,0.964912280702,0.982142857143,0.976399736279,0.964912280702,0.964912280702,57,69,0,0,0,0
3309,WLNM_dir_neg,0.976633060281,0.681839003477,00:00:05,10,80,18,1240364553,threshold_sweep,0.6,1,0.826086956522,0.904761904762,57,0,12,138,0.826086956522,1,0,0.173913043478,1,0.826086956522,0.904761904762,0.942028985507,0.574879227053,0.863636363636,0.871779788708,0.826086956522,342,273,69,0,342,0,273,0,69,37,342,0.256756756757,1.72528881811,18.4864864865,15.5454545455,9.77142857143,5.36771015539,0.290358590277,0.142642642643,9.50849154237,1.02869645341,0.544491860281,8.05331334643,0.871264894205,0.461830251304,0.640599570326,0.371299902718,2,1.72528881811,0.640599570326,2,0.344071394247,0.376569037657,810,0.104247104247,0.56957682835,37,37,37,1,0,0.405405405405,0.540540540541,0.0540540540541,37,0.204954954955,1.73592566328,14.7567567568,12.4090909091,7.8,4.0235791516,0.272660125658,0.134541134541,7.34601687746,0.995614009033,0.527076527077,6.58850577964,0.892947669769,0.478764478764,0.651490902538,0.375298848517,2,1.73592566328,0.651490902538,2,0.224357058763,0.244272908367,327,0.0420849420849,0.410516199586,37,37,37,1,0,0.405405405405,0.540540540541,0.0540540540541,37,330,0.247747747748,1.71504063574,17.8378378378,15,9.42857142857,5.01948156638,0.281395178721,0.136527436527,8.99499360255,1.00852958574,0.534643734644,8.19680960421,0.919036228351,0.482391482391,0.629936160494,0.367301011631,2,1.71504063574,0.629936160494,2,0.303770804962,0.330372108615,657,0.084555984556,0.577205216653,37,37,37,1,0,0.405405405405,0.540540540541,0.0540540540541,-12,-0.00900900900901,-0.0102481823771,-0.648648648649,-0.545454545455,-0.342857142857,-0.348228589017,-0.00896341155601,-0.00611520611521,-0.513497939825,-0.0201668676744,-0.0098481256376,0.143496257777,0.0477713341461,0.0205612310875,-0.0106634098319,-0.00399889108709,0,-0.0102481823771,-0.0106634098319,0,-0.0403005892853,-0.0461969290414,-153,-0.0196911196911,0.0076283883027,0,0,0,330,0,12,990,0.964912280702,1,0,0.0350877192982,1,0.964912280702,0.982142857143,0.976399736279,0.964912280702,0.964912280702,57,69,0,0,0,0
3310,WLNM_dir_neg,0.976633060281,0.681839003477,00:00:05,10,80,18,1240364553,threshold_sweep,0.7,1,0.826086956522,0.904761904762,57,0,12,138,0.826086956522,1,0,0.173913043478,1,0.826086956522,0.904761904762,0.942028985507,0.574879227053,0.863636363636,0.871779788708,0.826086956522,342,273,69,0,342,0,273,0,69,37,342,0.256756756757,1.72528881811,18.4864864865,15.5454545455,9.77142857143,5.36771015539,0.290358590277,0.142642642643,9.50849154237,1.02869645341,0.544491860281,8.05331334643,0.871264894205,0.461830251304,0.640599570326,0.371299902718,2,1.72528881811,0.640599570326,2,0.344071394247,0.376569037657,810,0.104247104247,0.56957682835,37,37,37,1,0,0.405405405405,0.540540540541,0.0540540540541,37,0.204954954955,1.73592566328,14.7567567568,12.4090909091,7.8,4.0235791516,0.272660125658,0.134541134541,7.34601687746,0.995614009033,0.527076527077,6.58850577964,0.892947669769,0.478764478764,0.651490902538,0.375298848517,2,1.73592566328,0.651490902538,2,0.224357058763,0.244272908367,327,0.0420849420849,0.410516199586,37,37,37,1,0,0.405405405405,0.540540540541,0.0540540540541,37,330,0.247747747748,1.71504063574,17.8378378378,15,9.42857142857,5.01948156638,0.281395178721,0.136527436527,8.99499360255,1.00852958574,0.534643734644,8.19680960421,0.919036228351,0.482391482391,0.629936160494,0.367301011631,2,1.71504063574,0.629936160494,2,0.303770804962,0.330372108615,657,0.084555984556,0.577205216653,37,37,37,1,0,0.405405405405,0.540540540541,0.0540540540541,-12,-0.00900900900901,-0.0102481823771,-0.648648648649,-0.545454545455,-0.342857142857,-0.348228589017,-0.00896341155601,-0.00611520611521,-0.513497939825,-0.0201668676744,-0.0098481256376,0.143496257777,0.0477713341461,0.0205612310875,-0.0106634098319,-0.00399889108709,0,-0.0102481823771,-0.0106634098319,0,-0.0403005892853,-0.0461969290414,-153,-0.0196911196911,0.0076283883027,0,0,0,330,0,12,990,0.964912280702,1,0,0.0350877192982,1,0.964912280702,0.982142857143,0.976399736279,0.964912280702,0.964912280702,57,69,0,0,0,0
3311,WLNM_dir_neg,0.976633060281,0.681839003477,00:00:05,10,80,18,1240364553,threshold_sweep,0.8,1,0.826086956522,0.904761904762,57,0,12,138,0.826086956522,1,0,0.173913043478,1,0.826086956522,0.904761904762,0.942028985507,0.574879227053,0.863636363636,0.871779788708,0.826086956522,342,273,69,0,342,0,273,0,69,37,342,0.256756756757,1.72528881811,18.4864864865,15.5454545455,9.77142857143,5.36771015539,0.290358590277,0.142642642643,9.50849154237,1.02869645341,0.544491860281,8.05331334643,0.871264894205,0.461830251304,0.640599570326,0.371299902718,2,1.72528881811,0.640599570326,2,0.344071394247,0.376569037657,810,0.104247104247,0.56957682835,37,37,37,1,0,0.405405405405,0.540540540541,0.0540540540541,37,0.204954954955,1.73592566328,14.7567567568,12.4090909091,7.8,4.0235791516,0.272660125658,0.134541134541,7.34601687746,0.995614009033,0.527076527077,6.58850577964,0.892947669769,0.478764478764,0.651490902538,0.375298848517,2,1.73592566328,0.651490902538,2,0.224357058763,0.244272908367,327,0.0420849420849,0.410516199586,37,37,37,1,0,0.405405405405,0.540540540541,0.0540540540541,37,330,0.247747747748,1.71504063574,17.8378378378,15,9.42857142857,5.01948156638,0.281395178721,0.136527436527,8.99499360255,1.00852958574,0.534643734644,8.19680960421,0.919036228351,0.482391482391,0.629936160494,0.367301011631,2,1.71504063574,0.629936160494,2,0.303770804962,0.330372108615,657,0.084555984556,0.577205216653,37,37,37,1,0,0.405405405405,0.540540540541,0.0540540540541,-12,-0.00900900900901,-0.0102481823771,-0.648648648649,-0.545454545455,-0.342857142857,-0.348228589017,-0.00896341155601,-0.00611520611521,-0.513497939825,-0.0201668676744,-0.0098481256376,0.143496257777,0.0477713341461,0.0205612310875,-0.0106634098319,-0.00399889108709,0,-0.0102481823771,-0.0106634098319,0,-0.0403005892853,-0.0461969290414,-153,-0.0196911196911,0.0076283883027,0,0,0,330,0,12,990,0.964912280702,1,0,0.0350877192982,1,0.964912280702,0.982142857143,0.976399736279,0.964912280702,0.964912280702,57,69,0,0,0,0
3312,WLNM_dir_neg,0.976633060281,0.681839003477,00:00:05,10,80,18,1240364553,threshold_sweep,0.9,1,0.826086956522,0.904761904762,57,0,12,138,0.826086956522,1,0,0.173913043478,1,0.826086956522,0.904761904762,0.942028985507,0.574879227053,0.863636363636,0.871779788708,0.826086956522,342,273,69,0,342,0,273,0,69,37,342,0.256756756757,1.72528881811,18.4864864865,15.5454545455,9.77142857143,5.36771015539,0.290358590277,0.142642642643,9.50849154237,1.02869645341,0.544491860281,8.05331334643,0.871264894205,0.461830251304,0.640599570326,0.371299902718,2,1.72528881811,0.640599570326,2,0.344071394247,0.376569037657,810,0.104247104247,0.56957682835,37,37,37,1,0,0.405405405405,0.540540540541,0.0540540540541,37,0.204954954955,1.73592566328,14.7567567568,12.4090909091,7.8,4.0235791516,0.272660125658,0.134541134541,7.34601687746,0.995614009033,0.527076527077,6.58850577964,0.892947669769,0.478764478764,0.651490902538,0.375298848517,2,1.73592566328,0.651490902538,2,0.224357058763,0.244272908367,327,0.0420849420849,0.410516199586,37,37,37,1,0,0.405405405405,0.540540540541,0.0540540540541,37,330,0.247747747748,1.71504063574,17.8378378378,15,9.42857142857,5.01948156638,0.281395178721,0.136527436527,8.99499360255,1.00852958574,0.534643734644,8.19680960421,0.919036228351,0.482391482391,0.629936160494,0.367301011631,2,1.71504063574,0.629936160494,2,0.303770804962,0.330372108615,657,0.084555984556,0.577205216653,37,37,37,1,0,0.405405405405,0.540540540541,0.0540540540541,-12,-0.00900900900901,-0.0102481823771,-0.648648648649,-0.545454545455,-0.342857142857,-0.348228589017,-0.00896341155601,-0.00611520611521,-0.513497939825,-0.0201668676744,-0.0098481256376,0.143496257777,0.0477713341461,0.0205612310875,-0.0106634098319,-0.00399889108709,0,-0.0102481823771,-0.0106634098319,0,-0.0403005892853,-0.0461969290414,-153,-0.0196911196911,0.0076283883027,0,0,0,330,0,12,990,0.964912280702,1,0,0.0350877192982,1,0.964912280702,0.982142857143,0.976399736279,0.964912280702,0.964912280702,57,69,0,0,0,0
3313,WLNM_dir_neg,0.95331863054,0.916203122813,00:00:05,10,80,19,1240364554,threshold_sweep,0.1,1,0.797101449275,0.887096774194,55,0,14,138,0.797101449275,1,0,0.202898550725,1,0.797101449275,0.887096774194,0.932367149758,0.578099838969,0.839694656489,0.850696309223,0.797101449275,342,273,69,0,342,0,273,0,69,37,342,0.256756756757,1.72528881811,18.4864864865,15.5454545455,9.77142857143,5.36771015539,0.290358590277,0.142642642643,9.50849154237,1.02869645341,0.544491860281,8.05331334643,0.871264894205,0.461830251304,0.640599570326,0.371299902718,2,1.72528881811,0.640599570326,2,0.344071394247,0.376569037657,810,0.104247104247,0.56957682835,37,37,37,1,0,0.405405405405,0.540540540541,0.0540540540541,37,0.204954954955,1.75295695125,14.7567567568,12.4090909091,7.8,4.3868832609,0.297279634896,0.151074151074,7.41751437609,1.00530414621,0.534798534799,6.60955264645,0.895800175526,0.480744480744,0.676577077811,0.385963316058,2,1.75295695125,0.676577077811,2,0.2287428056,0.253438113949,344,0.0442728442728,0.409574490959,37,37,37,1,0,0.405405405405,0.540540540541,0.0540540540541,37,328,0.246246246246,1.73074939111,17.7297297297,14.9090909091,9.37142857143,5.13511142716,0.289632809154,0.14057350033,8.95408709337,1.01006470261,0.53460777851,8.13484330984,0.917650007513,0.482201713909,0.654973892927,0.378433698311,2,1.73074939111,0.654973892927,2,0.30492512364,0.327982426495,647,0.083268983269,0.570933712367,37,37,37,1,0,0.405405405405,0.540540540541,0.0540540540541,-14,-0.0105105105105,0.00546057299308,-0.756756756757,-0.636363636364,-0.4,-0.232598728231,-0.000725781123171,-0.00206914231304,-0.554404449004,-0.0186317508089,-0.00988408177112,0.0815299634074,0.0463851133078,0.0203714626051,0.0143743226012,0.00713379559367,0,0.00546057299308,0.0143743226012,0,-0.0391462706071,-0.0485866111615,-163,-0.0209781209781,0.00135688401755,0,0,0,328,0,14,990,0.959064327485,1,0,0.0409356725146,1,0.959064327485,0.979104477612,0.972466411003,0.959064327485,0.959064327485,55,69,0,0,0,0
3314,WLNM_dir_neg,0.95331863054,0.916203122813,00:00:05,10,80,19,1240364554,threshold_sweep,0.2,1,0.797101449275,0.887096774194,55,0,14,138,0.797101449275,1,0,0.202898550725,1,0.797101449275,0.887096774194,0.932367149758,0.578099838969,0.839694656489,0.850696309223,0.797101449275,342,273,69,0,342,0,273,0,69,37,342,0.256756756757,1.72528881811,18.4864864865,15.5454545455,9.77142857143,5.36771015539,0.290358590277,0.142642642643,9.50849154237,1.02869645341,0.544491860281,8.05331334643,0.871264894205,0.461830251304,0.640599570326,0.371299902718,2,1.72528881811,0.640599570326,2,0.344071394247,0.376569037657,810,0.104247104247,0.56957682835,37,37,37,1,0,0.405405405405,0.540540540541,0.0540540540541,37,0.204954954955,1.75295695125,14.7567567568,12.4090909091,7.8,4.3868832609,0.297279634896,0.151074151074,7.41751437609,1.00530414621,0.534798534799,6.60955264645,0.895800175526,0.480744480744,0.676577077811,0.385963316058,2,1.75295695125,0.676577077811,2,0.2287428056,0.253438113949,344,0.0442728442728,0.409574490959,37,37,37,1,0,0.405405405405,0.540540540541,0.0540540540541,37,328,0.246246246246,1.73074939111,17.7297297297,14.9090909091,9.37142857143,5.13511142716,0.289632809154,0.14057350033,8.95408709337,1.01006470261,0.53460777851,8.13484330984,0.917650007513,0.482201713909,0.654973892927,0.378433698311,2,1.73074939111,0.654973892927,2,0.30492512364,0.327982426495,647,0.083268983269,0.570933712367,37,37,37,1,0,0.405405405405,0.540540540541,0.0540540540541,-14,-0.0105105105105,0.00546057299308,-0.756756756757,-0.636363636364,-0.4,-0.232598728231,-0.000725781123171,-0.00206914231304,-0.554404449004,-0.0186317508089,-0.00988408177112,0.0815299634074,0.0463851133078,0.0203714626051,0.0143743226012,0.00713379559367,0,0.00546057299308,0.0143743226012,0,-0.0391462706071,-0.0485866111615,-163,-0.0209781209781,0.00135688401755,0,0,0,328,0,14,990,0.959064327485,1,0,0.0409356725146,1,0.959064327485,0.979104477612,0.972466411003,0.959064327485,0.959064327485,55,69,0,0,0,0
3315,WLNM_dir_neg,0.95331863054,0.916203122813,00:00:05,10,80,19,1240364554,threshold_sweep,0.3,1,0.797101449275,0.887096774194,55,0,14,138,0.797101449275,1,0,0.202898550725,1,0.797101449275,0.887096774194,0.932367149758,0.578099838969,0.839694656489,0.850696309223,0.797101449275,342,273,69,0,342,0,273,0,69,37,342,0.256756756757,1.72528881811,18.4864864865,15.5454545455,9.77142857143,5.36771015539,0.290358590277,0.142642642643,9.50849154237,1.02869645341,0.544491860281,8.05331334643,0.871264894205,0.461830251304,0.640599570326,0.371299902718,2,1.72528881811,0.640599570326,2,0.344071394247,0.376569037657,810,0.104247104247,0.56957682835,37,37,37,1,0,0.405405405405,0.540540540541,0.0540540540541,37,0.204954954955,1.75295695125,14.7567567568,12.4090909091,7.8,4.3868832609,0.297279634896,0.151074151074,7.41751437609,1.00530414621,0.534798534799,6.60955264645,0.895800175526,0.480744480744,0.676577077811,0.385963316058,2,1.75295695125,0.676577077811,2,0.2287428056,0.253438113949,344,0.0442728442728,0.409574490959,37,37,37,1,0,0.405405405405,0.540540540541,0.0540540540541,37,328,0.246246246246,1.73074939111,17.7297297297,14.9090909091,9.37142857143,5.13511142716,0.289632809154,0.14057350033,8.95408709337,1.01006470261,0.53460777851,8.13484330984,0.917650007513,0.482201713909,0.654973892927,0.378433698311,2,1.73074939111,0.654973892927,2,0.30492512364,0.327982426495,647,0.083268983269,0.570933712367,37,37,37,1,0,0.405405405405,0.540540540541,0.0540540540541,-14,-0.0105105105105,0.00546057299308,-0.756756756757,-0.636363636364,-0.4,-0.232598728231,-0.000725781123171,-0.00206914231304,-0.554404449004,-0.0186317508089,-0.00988408177112,0.0815299634074,0.0463851133078,0.0203714626051,0.0143743226012,0.00713379559367,0,0.00546057299308,0.0143743226012,0,-0.0391462706071,-0.0485866111615,-163,-0.0209781209781,0.00135688401755,0,0,0,328,0,14,990,0.959064327485,1,0,0.0409356725146,1,0.959064327485,0.979104477612,0.972466411003,0.959064327485,0.959064327485,55,69,0,0,0,0
3316,WLNM_dir_neg,0.95331863054,0.916203122813,00:00:05,10,80,19,1240364554,threshold_sweep,0.4,1,0.797101449275,0.887096774194,55,0,14,138,0.797101449275,1,0,0.202898550725,1,0.797101449275,0.887096774194,0.932367149758,0.578099838969,0.839694656489,0.850696309223,0.797101449275,342,273,69,0,342,0,273,0,69,37,342,0.256756756757,1.72528881811,18.4864864865,15.5454545455,9.77142857143,5.36771015539,0.290358590277,0.142642642643,9.50849154237,1.02869645341,0.544491860281,8.05331334643,0.871264894205,0.461830251304,0.640599570326,0.371299902718,2,1.72528881811,0.640599570326,2,0.344071394247,0.376569037657,810,0.104247104247,0.56957682835,37,37,37,1,0,0.405405405405,0.540540540541,0.0540540540541,37,0.204954954955,1.75295695125,14.7567567568,12.4090909091,7.8,4.3868832609,0.297279634896,0.151074151074,7.41751437609,1.00530414621,0.534798534799,6.60955264645,0.895800175526,0.480744480744,0.676577077811,0.385963316058,2,1.75295695125,0.676577077811,2,0.2287428056,0.253438113949,344,0.0442728442728,0.409574490959,37,37,37,1,0,0.405405405405,0.540540540541,0.0540540540541,37,328,0.246246246246,1.73074939111,17.7297297297,14.9090909091,9.37142857143,5.13511142716,0.289632809154,0.14057350033,8.95408709337,1.01006470261,0.53460777851,8.13484330984,0.917650007513,0.482201713909,0.654973892927,0.378433698311,2,1.73074939111,0.654973892927,2,0.30492512364,0.327982426495,647,0.083268983269,0.570933712367,37,37,37,1,0,0.405405405405,0.540540540541,0.0540540540541,-14,-0.0105105105105,0.00546057299308,-0.756756756757,-0.636363636364,-0.4,-0.232598728231,-0.000725781123171,-0.00206914231304,-0.554404449004,-0.0186317508089,-0.00988408177112,0.0815299634074,0.0463851133078,0.0203714626051,0.0143743226012,0.00713379559367,0,0.00546057299308,0.0143743226012,0,-0.0391462706071,-0.0485866111615,-163,-0.0209781209781,0.00135688401755,0,0,0,328,0,14,990,0.959064327485,1,0,0.0409356725146,1,0.959064327485,0.979104477612,0.972466411003,0.959064327485,0.959064327485,55,69,0,0,0,0
3317,WLNM_dir_neg,0.95331863054,0.916203122813,00:00:05,10,80,19,1240364554,threshold_sweep,0.5,1,0.797101449275,0.887096774194,55,0,14,138,0.797101449275,1,0,0.202898550725,1,0.797101449275,0.887096774194,0.932367149758,0.578099838969,0.839694656489,0.850696309223,0.797101449275,342,273,69,0,342,0,273,0,69,37,342,0.256756756757,1.72528881811,18.4864864865,15.5454545455,9.77142857143,5.36771015539,0.290358590277,0.142642642643,9.50849154237,1.02869645341,0.544491860281,8.05331334643,0.871264894205,0.461830251304,0.640599570326,0.371299902718,2,1.72528881811,0.640599570326,2,0.344071394247,0.376569037657,810,0.104247104247,0.56957682835,37,37,37,1,0,0.405405405405,0.540540540541,0.0540540540541,37,0.204954954955,1.75295695125,14.7567567568,12.4090909091,7.8,4.3868832609,0.297279634896,0.151074151074,7.41751437609,1.00530414621,0.534798534799,6.60955264645,0.895800175526,0.480744480744,0.676577077811,0.385963316058,2,1.75295695125,0.676577077811,2,0.2287428056,0.253438113949,344,0.0442728442728,0.409574490959,37,37,37,1,0,0.405405405405,0.540540540541,0.0540540540541,37,328,0.246246246246,1.73074939111,17.7297297297,14.9090909091,9.37142857143,5.13511142716,0.289632809154,0.14057350033,8.95408709337,1.01006470261,0.53460777851,8.13484330984,0.917650007513,0.482201713909,0.654973892927,0.378433698311,2,1.73074939111,0.654973892927,2,0.30492512364,0.327982426495,647,0.083268983269,0.570933712367,37,37,37,1,0,0.405405405405,0.540540540541,0.0540540540541,-14,-0.0105105105105,0.00546057299308,-0.756756756757,-0.636363636364,-0.4,-0.232598728231,-0.000725781123171,-0.00206914231304,-0.554404449004,-0.0186317508089,-0.00988408177112,0.0815299634074,0.0463851133078,0.0203714626051,0.0143743226012,0.00713379559367,0,0.00546057299308,0.0143743226012,0,-0.0391462706071,-0.0485866111615,-163,-0.0209781209781,0.00135688401755,0,0,0,328,0,14,990,0.959064327485,1,0,0.0409356725146,1,0.959064327485,0.979104477612,0.972466411003,0.959064327485,0.959064327485,55,69,0,0,0,0
3318,WLNM_dir_neg,0.95331863054,0.916203122813,00:00:05,10,80,19,1240364554,threshold_sweep,0.6,1,0.797101449275,0.887096774194,55,0,14,138,0.797101449275,1,0,0.202898550725,1,0.797101449275,0.887096774194,0.932367149758,0.578099838969,0.839694656489,0.850696309223,0.797101449275,342,273,69,0,342,0,273,0,69,37,342,0.256756756757,1.72528881811,18.4864864865,15.5454545455,9.77142857143,5.36771015539,0.290358590277,0.142642642643,9.50849154237,1.02869645341,0.544491860281,8.05331334643,0.871264894205,0.461830251304,0.640599570326,0.371299902718,2,1.72528881811,0.640599570326,2,0.344071394247,0.376569037657,810,0.104247104247,0.56957682835,37,37,37,1,0,0.405405405405,0.540540540541,0.0540540540541,37,0.204954954955,1.75295695125,14.7567567568,12.4090909091,7.8,4.3868832609,0.297279634896,0.151074151074,7.41751437609,1.00530414621,0.534798534799,6.60955264645,0.895800175526,0.480744480744,0.676577077811,0.385963316058,2,1.75295695125,0.676577077811,2,0.2287428056,0.253438113949,344,0.0442728442728,0.409574490959,37,37,37,1,0,0.405405405405,0.540540540541,0.0540540540541,37,328,0.246246246246,1.73074939111,17.7297297297,14.9090909091,9.37142857143,5.13511142716,0.289632809154,0.14057350033,8.95408709337,1.01006470261,0.53460777851,8.13484330984,0.917650007513,0.482201713909,0.654973892927,0.378433698311,2,1.73074939111,0.654973892927,2,0.30492512364,0.327982426495,647,0.083268983269,0.570933712367,37,37,37,1,0,0.405405405405,0.540540540541,0.0540540540541,-14,-0.0105105105105,0.00546057299308,-0.756756756757,-0.636363636364,-0.4,-0.232598728231,-0.000725781123171,-0.00206914231304,-0.554404449004,-0.0186317508089,-0.00988408177112,0.0815299634074,0.0463851133078,0.0203714626051,0.0143743226012,0.00713379559367,0,0.00546057299308,0.0143743226012,0,-0.0391462706071,-0.0485866111615,-163,-0.0209781209781,0.00135688401755,0,0,0,328,0,14,990,0.959064327485,1,0,0.0409356725146,1,0.959064327485,0.979104477612,0.972466411003,0.959064327485,0.959064327485,55,69,0,0,0,0
3319,WLNM_dir_neg,0.95331863054,0.916203122813,00:00:05,10,80,19,1240364554,threshold_sweep,0.7,1,0.797101449275,0.887096774194,55,0,14,138,0.797101449275,1,0,0.202898550725,1,0.797101449275,0.887096774194,0.932367149758,0.578099838969,0.839694656489,0.850696309223,0.797101449275,342,273,69,0,342,0,273,0,69,37,342,0.256756756757,1.72528881811,18.4864864865,15.5454545455,9.77142857143,5.36771015539,0.290358590277,0.142642642643,9.50849154237,1.02869645341,0.544491860281,8.05331334643,0.871264894205,0.461830251304,0.640599570326,0.371299902718,2,1.72528881811,0.640599570326,2,0.344071394247,0.376569037657,810,0.104247104247,0.56957682835,37,37,37,1,0,0.405405405405,0.540540540541,0.0540540540541,37,0.204954954955,1.75295695125,14.7567567568,12.4090909091,7.8,4.3868832609,0.297279634896,0.151074151074,7.41751437609,1.00530414621,0.534798534799,6.60955264645,0.895800175526,0.480744480744,0.676577077811,0.385963316058,2,1.75295695125,0.676577077811,2,0.2287428056,0.253438113949,344,0.0442728442728,0.409574490959,37,37,37,1,0,0.405405405405,0.540540540541,0.0540540540541,37,328,0.246246246246,1.73074939111,17.7297297297,14.9090909091,9.37142857143,5.13511142716,0.289632809154,0.14057350033,8.95408709337,1.01006470261,0.53460777851,8.13484330984,0.917650007513,0.482201713909,0.654973892927,0.378433698311,2,1.73074939111,0.654973892927,2,0.30492512364,0.327982426495,647,0.083268983269,0.570933712367,37,37,37,1,0,0.405405405405,0.540540540541,0.0540540540541,-14,-0.0105105105105,0.00546057299308,-0.756756756757,-0.636363636364,-0.4,-0.232598728231,-0.000725781123171,-0.00206914231304,-0.554404449004,-0.0186317508089,-0.00988408177112,0.0815299634074,0.0463851133078,0.0203714626051,0.0143743226012,0.00713379559367,0,0.00546057299308,0.0143743226012,0,-0.0391462706071,-0.0485866111615,-163,-0.0209781209781,0.00135688401755,0,0,0,328,0,14,990,0.959064327485,1,0,0.0409356725146,1,0.959064327485,0.979104477612,0.972466411003,0.959064327485,0.959064327485,55,69,0,0,0,0
3320,WLNM_dir_neg,0.95331863054,0.916203122813,00:00:05,10,80,19,1240364554,threshold_sweep,0.8,1,0.797101449275,0.887096774194,55,0,14,138,0.797101449275,1,0,0.202898550725,1,0.797101449275,0.887096774194,0.932367149758,0.578099838969,0.839694656489,0.850696309223,0.797101449275,342,273,69,0,342,0,273,0,69,37,342,0.256756756757,1.72528881811,18.4864864865,15.5454545455,9.77142857143,5.36771015539,0.290358590277,0.142642642643,9.50849154237,1.02869645341,0.544491860281,8.05331334643,0.871264894205,0.461830251304,0.640599570326,0.371299902718,2,1.72528881811,0.640599570326,2,0.344071394247,0.376569037657,810,0.104247104247,0.56957682835,37,37,37,1,0,0.405405405405,0.540540540541,0.0540540540541,37,0.204954954955,1.75295695125,14.7567567568,12.4090909091,7.8,4.3868832609,0.297279634896,0.151074151074,7.41751437609,1.00530414621,0.534798534799,6.60955264645,0.895800175526,0.480744480744,0.676577077811,0.385963316058,2,1.75295695125,0.676577077811,2,0.2287428056,0.253438113949,344,0.0442728442728,0.409574490959,37,37,37,1,0,0.405405405405,0.540540540541,0.0540540540541,37,328,0.246246246246,1.73074939111,17.7297297297,14.9090909091,9.37142857143,5.13511142716,0.289632809154,0.14057350033,8.95408709337,1.01006470261,0.53460777851,8.13484330984,0.917650007513,0.482201713909,0.654973892927,0.378433698311,2,1.73074939111,0.654973892927,2,0.30492512364,0.327982426495,647,0.083268983269,0.570933712367,37,37,37,1,0,0.405405405405,0.540540540541,0.0540540540541,-14,-0.0105105105105,0.00546057299308,-0.756756756757,-0.636363636364,-0.4,-0.232598728231,-0.000725781123171,-0.00206914231304,-0.554404449004,-0.0186317508089,-0.00988408177112,0.0815299634074,0.0463851133078,0.0203714626051,0.0143743226012,0.00713379559367,0,0.00546057299308,0.0143743226012,0,-0.0391462706071,-0.0485866111615,-163,-0.0209781209781,0.00135688401755,0,0,0,328,0,14,990,0.959064327485,1,0,0.0409356725146,1,0.959064327485,0.979104477612,0.972466411003,0.959064327485,0.959064327485,55,69,0,0,0,0
3321,WLNM_dir_neg,0.95331863054,0.916203122813,00:00:05,10,80,19,1240364554,threshold_sweep,0.9,1,0.797101449275,0.887096774194,55,0,14,138,0.797101449275,1,0,0.202898550725,1,0.797101449275,0.887096774194,0.932367149758,0.578099838969,0.839694656489,0.850696309223,0.797101449275,342,273,69,0,342,0,273,0,69,37,342,0.256756756757,1.72528881811,18.4864864865,15.5454545455,9.77142857143,5.36771015539,0.290358590277,0.142642642643,9.50849154237,1.02869645341,0.544491860281,8.05331334643,0.871264894205,0.461830251304,0.640599570326,0.371299902718,2,1.72528881811,0.640599570326,2,0.344071394247,0.376569037657,810,0.104247104247,0.56957682835,37,37,37,1,0,0.405405405405,0.540540540541,0.0540540540541,37,0.204954954955,1.75295695125,14.7567567568,12.4090909091,7.8,4.3868832609,0.297279634896,0.151074151074,7.41751437609,1.00530414621,0.534798534799,6.60955264645,0.895800175526,0.480744480744,0.676577077811,0.385963316058,2,1.75295695125,0.676577077811,2,0.2287428056,0.253438113949,344,0.0442728442728,0.409574490959,37,37,37,1,0,0.405405405405,0.540540540541,0.0540540540541,37,328,0.246246246246,1.73074939111,17.7297297297,14.9090909091,9.37142857143,5.13511142716,0.289632809154,0.14057350033,8.95408709337,1.01006470261,0.53460777851,8.13484330984,0.917650007513,0.482201713909,0.654973892927,0.378433698311,2,1.73074939111,0.654973892927,2,0.30492512364,0.327982426495,647,0.083268983269,0.570933712367,37,37,37,1,0,0.405405405405,0.540540540541,0.0540540540541,-14,-0.0105105105105,0.00546057299308,-0.756756756757,-0.636363636364,-0.4,-0.232598728231,-0.000725781123171,-0.00206914231304,-0.554404449004,-0.0186317508089,-0.00988408177112,0.0815299634074,0.0463851133078,0.0203714626051,0.0143743226012,0.00713379559367,0,0.00546057299308,0.0143743226012,0,-0.0391462706071,-0.0485866111615,-163,-0.0209781209781,0.00135688401755,0,0,0,328,0,14,990,0.959064327485,1,0,0.0409356725146,1,0.959064327485,0.979104477612,0.972466411003,0.959064327485,0.959064327485,55,69,0,0,0,0
3322,WLNM_dir_neg,0.983826927116,0.673794707749,00:00:05,10,80,20,1240364555,threshold_sweep,0.1,1,0.840579710145,0.913385826772,58,0,11,138,0.840579710145,1,0,0.159420289855,1,0.840579710145,0.913385826772,0.946859903382,0.573268921095,0.875471698113,0.882339781452,0.840579710145,342,273,69,0,342,0,273,0,69,37,342,0.256756756757,1.72528881811,18.4864864865,15.5454545455,9.77142857143,5.36771015539,0.290358590277,0.142642642643,9.50849154237,1.02869645341,0.544491860281,8.05331334643,0.871264894205,0.461830251304,0.640599570326,0.371299902718,2,1.72528881811,0.640599570326,2,0.344071394247,0.376569037657,810,0.104247104247,0.56957682835,37,37,37,1,0,0.405405405405,0.540540540541,0.0540540540541,37,0.204954954955,1.75411862613,14.7567567568,12.4090909091,7.8,3.98194121703,0.269838507381,0.131274131274,7.25852506961,0.983756144966,0.517572517573,6.6930783125,0.907120503892,0.486684486684,0.677087019309,0.385998420645,2,1.75411862613,0.677087019309,2,0.240822570312,0.231229733101,309,0.0397683397683,0.416384027441,37,37,37,1,0,0.405405405405,0.540540540541,0.0540540540541,37,331,0.248498498498,1.73289782815,17.8918918919,15.0454545455,9.45714285714,4.89207853907,0.273424329223,0.131297460603,8.99983316495,1.00602364684,0.53417163387,8.26285512246,0.923642415502,0.485180044092,0.654913961829,0.377929934004,2,1.73289782815,0.654913961829,2,0.302739495967,0.31571022252,629,0.0809523809524,0.578200194049,37,37,37,1,0,0.405405405405,0.540540540541,0.0540540540541,-11,-0.00825825825826,0.00760901003693,-0.594594594595,-0.5,-0.314285714286,-0.475631616323,-0.0169342610542,-0.01134518204,-0.508658377421,-0.0226728065771,-0.0103202264118,0.209541776026,0.0523775212968,0.0233497927885,0.014314391503,0.00663003128622,0,0.00760901003693,0.014314391503,0,-0.0413318982807,-0.0608588151372,-181,-0.0232947232947,0.00862336569945,0,0,0,331,0,11,990,0.96783625731,1,0,0.0321637426901,1,0.96783625731,0.983655274889,0.978366339386,0.96783625731,0.96783625731,58,69,0,0,0,0
3323,WLNM_dir_neg,0.983826927116,0.673794707749,00:00:05,10,80,20,1240364555,threshold_sweep,0.2,1,0.840579710145,0.913385826772,58,0,11,138,0.840579710145,1,0,0.159420289855,1,0.840579710145,0.913385826772,0.946859903382,0.573268921095,0.875471698113,0.882339781452,0.840579710145,342,273,69,0,342,0,273,0,69,37,342,0.256756756757,1.72528881811,18.4864864865,15.5454545455,9.77142857143,5.36771015539,0.290358590277,0.142642642643,9.50849154237,1.02869645341,0.544491860281,8.05331334643,0.871264894205,0.461830251304,0.640599570326,0.371299902718,2,1.72528881811,0.640599570326,2,0.344071394247,0.376569037657,810,0.104247104247,0.56957682835,37,37,37,1,0,0.405405405405,0.540540540541,0.0540540540541,37,0.204954954955,1.75411862613,14.7567567568,12.4090909091,7.8,3.98194121703,0.269838507381,0.131274131274,7.25852506961,0.983756144966,0.517572517573,6.6930783125,0.907120503892,0.486684486684,0.677087019309,0.385998420645,2,1.75411862613,0.677087019309,2,0.240822570312,0.231229733101,309,0.0397683397683,0.416384027441,37,37,37,1,0,0.405405405405,0.540540540541,0.0540540540541,37,331,0.248498498498,1.73289782815,17.8918918919,15.0454545455,9.45714285714,4.89207853907,0.273424329223,0.131297460603,8.99983316495,1.00602364684,0.53417163387,8.26285512246,0.923642415502,0.485180044092,0.654913961829,0.377929934004,2,1.73289782815,0.654913961829,2,0.302739495967,0.31571022252,629,0.0809523809524,0.578200194049,37,37,37,1,0,0.405405405405,0.540540540541,0.0540540540541,-11,-0.00825825825826,0.00760901003693,-0.594594594595,-0.5,-0.314285714286,-0.475631616323,-0.0169342610542,-0.01134518204,-0.508658377421,-0.0226728065771,-0.0103202264118,0.209541776026,0.0523775212968,0.0233497927885,0.014314391503,0.00663003128622,0,0.00760901003693,0.014314391503,0,-0.0413318982807,-0.0608588151372,-181,-0.0232947232947,0.00862336569945,0,0,0,331,0,11,990,0.96783625731,1,0,0.0321637426901,1,0.96783625731,0.983655274889,0.978366339386,0.96783625731,0.96783625731,58,69,0,0,0,0
3324,WLNM_dir_neg,0.983826927116,0.673794707749,00:00:05,10,80,20,1240364555,threshold_sweep,0.3,1,0.840579710145,0.913385826772,58,0,11,138,0.840579710145,1,0,0.159420289855,1,0.840579710145,0.913385826772,0.946859903382,0.573268921095,0.875471698113,0.882339781452,0.840579710145,342,273,69,0,342,0,273,0,69,37,342,0.256756756757,1.72528881811,18.4864864865,15.5454545455,9.77142857143,5.36771015539,0.290358590277,0.142642642643,9.50849154237,1.02869645341,0.544491860281,8.05331334643,0.871264894205,0.461830251304,0.640599570326,0.371299902718,2,1.72528881811,0.640599570326,2,0.344071394247,0.376569037657,810,0.104247104247,0.56957682835,37,37,37,1,0,0.405405405405,0.540540540541,0.0540540540541,37,0.204954954955,1.75411862613,14.7567567568,12.4090909091,7.8,3.98194121703,0.269838507381,0.131274131274,7.25852506961,0.983756144966,0.517572517573,6.6930783125,0.907120503892,0.486684486684,0.677087019309,0.385998420645,2,1.75411862613,0.677087019309,2,0.240822570312,0.231229733101,309,0.0397683397683,0.416384027441,37,37,37,1,0,0.405405405405,0.540540540541,0.0540540540541,37,331,0.248498498498,1.73289782815,17.8918918919,15.0454545455,9.45714285714,4.89207853907,0.273424329223,0.131297460603,8.99983316495,1.00602364684,0.53417163387,8.26285512246,0.923642415502,0.485180044092,0.654913961829,0.377929934004,2,1.73289782815,0.654913961829,2,0.302739495967,0.31571022252,629,0.0809523809524,0.578200194049,37,37,37,1,0,0.405405405405,0.540540540541,0.0540540540541,-11,-0.00825825825826,0.00760901003693,-0.594594594595,-0.5,-0.314285714286,-0.475631616323,-0.0169342610542,-0.01134518204,-0.508658377421,-0.0226728065771,-0.0103202264118,0.209541776026,0.0523775212968,0.0233497927885,0.014314391503,0.00663003128622,0,0.00760901003693,0.014314391503,0,-0.0413318982807,-0.0608588151372,-181,-0.0232947232947,0.00862336569945,0,0,0,331,0,11,990,0.96783625731,1,0,0.0321637426901,1,0.96783625731,0.983655274889,0.978366339386,0.96783625731,0.96783625731,58,69,0,0,0,0
3325,WLNM_dir_neg,0.983826927116,0.673794707749,00:00:05,10,80,20,1240364555,threshold_sweep,0.4,1,0.840579710145,0.913385826772,58,0,11,138,0.840579710145,1,0,0.159420289855,1,0.840579710145,0.913385826772,0.946859903382,0.573268921095,0.875471698113,0.882339781452,0.840579710145,342,273,69,0,342,0,273,0,69,37,342,0.256756756757,1.72528881811,18.4864864865,15.5454545455,9.77142857143,5.36771015539,0.290358590277,0.142642642643,9.50849154237,1.02869645341,0.544491860281,8.05331334643,0.871264894205,0.461830251304,0.640599570326,0.371299902718,2,1.72528881811,0.640599570326,2,0.344071394247,0.376569037657,810,0.104247104247,0.56957682835,37,37,37,1,0,0.405405405405,0.540540540541,0.0540540540541,37,0.204954954955,1.75411862613,14.7567567568,12.4090909091,7.8,3.98194121703,0.269838507381,0.131274131274,7.25852506961,0.983756144966,0.517572517573,6.6930783125,0.907120503892,0.486684486684,0.677087019309,0.385998420645,2,1.75411862613,0.677087019309,2,0.240822570312,0.231229733101,309,0.0397683397683,0.416384027441,37,37,37,1,0,0.405405405405,0.540540540541,0.0540540540541,37,331,0.248498498498,1.73289782815,17.8918918919,15.0454545455,9.45714285714,4.89207853907,0.273424329223,0.131297460603,8.99983316495,1.00602364684,0.53417163387,8.26285512246,0.923642415502,0.485180044092,0.654913961829,0.377929934004,2,1.73289782815,0.654913961829,2,0.302739495967,0.31571022252,629,0.0809523809524,0.578200194049,37,37,37,1,0,0.405405405405,0.540540540541,0.0540540540541,-11,-0.00825825825826,0.00760901003693,-0.594594594595,-0.5,-0.314285714286,-0.475631616323,-0.0169342610542,-0.01134518204,-0.508658377421,-0.0226728065771,-0.0103202264118,0.209541776026,0.0523775212968,0.0233497927885,0.014314391503,0.00663003128622,0,0.00760901003693,0.014314391503,0,-0.0413318982807,-0.0608588151372,-181,-0.0232947232947,0.00862336569945,0,0,0,331,0,11,990,0.96783625731,1,0,0.0321637426901,1,0.96783625731,0.983655274889,0.978366339386,0.96783625731,0.96783625731,58,69,0,0,0,0
3326,WLNM_dir_neg,0.983826927116,0.673794707749,00:00:05,10,80,20,1240364555,threshold_sweep,0.5,1,0.840579710145,0.913385826772,58,0,11,138,0.840579710145,1,0,0.159420289855,1,0.840579710145,0.913385826772,0.946859903382,0.573268921095,0.875471698113,0.882339781452,0.840579710145,342,273,69,0,342,0,273,0,69,37,342,0.256756756757,1.72528881811,18.4864864865,15.5454545455,9.77142857143,5.36771015539,0.290358590277,0.142642642643,9.50849154237,1.02869645341,0.544491860281,8.05331334643,0.871264894205,0.461830251304,0.640599570326,0.371299902718,2,1.72528881811,0.640599570326,2,0.344071394247,0.376569037657,810,0.104247104247,0.56957682835,37,37,37,1,0,0.405405405405,0.540540540541,0.0540540540541,37,0.204954954955,1.75411862613,14.7567567568,12.4090909091,7.8,3.98194121703,0.269838507381,0.131274131274,7.25852506961,0.983756144966,0.517572517573,6.6930783125,0.907120503892,0.486684486684,0.677087019309,0.385998420645,2,1.75411862613,0.677087019309,2,0.240822570312,0.231229733101,309,0.0397683397683,0.416384027441,37,37,37,1,0,0.405405405405,0.540540540541,0.0540540540541,37,331,0.248498498498,1.73289782815,17.8918918919,15.0454545455,9.45714285714,4.89207853907,0.273424329223,0.131297460603,8.99983316495,1.00602364684,0.53417163387,8.26285512246,0.923642415502,0.485180044092,0.654913961829,0.377929934004,2,1.73289782815,0.654913961829,2,0.302739495967,0.31571022252,629,0.0809523809524,0.578200194049,37,37,37,1,0,0.405405405405,0.540540540541,0.0540540540541,-11,-0.00825825825826,0.00760901003693,-0.594594594595,-0.5,-0.314285714286,-0.475631616323,-0.0169342610542,-0.01134518204,-0.508658377421,-0.0226728065771,-0.0103202264118,0.209541776026,0.0523775212968,0.0233497927885,0.014314391503,0.00663003128622,0,0.00760901003693,0.014314391503,0,-0.0413318982807,-0.0608588151372,-181,-0.0232947232947,0.00862336569945,0,0,0,331,0,11,990,0.96783625731,1,0,0.0321637426901,1,0.96783625731,0.983655274889,0.978366339386,0.96783625731,0.96783625731,58,69,0,0,0,0
3327,WLNM_dir_neg,0.983826927116,0.673794707749,00:00:05,10,80,20,1240364555,threshold_sweep,0.6,1,0.840579710145,0.913385826772,58,0,11,138,0.840579710145,1,0,0.159420289855,1,0.840579710145,0.913385826772,0.946859903382,0.573268921095,0.875471698113,0.882339781452,0.840579710145,342,273,69,0,342,0,273,0,69,37,342,0.256756756757,1.72528881811,18.4864864865,15.5454545455,9.77142857143,5.36771015539,0.290358590277,0.142642642643,9.50849154237,1.02869645341,0.544491860281,8.05331334643,0.871264894205,0.461830251304,0.640599570326,0.371299902718,2,1.72528881811,0.640599570326,2,0.344071394247,0.376569037657,810,0.104247104247,0.56957682835,37,37,37,1,0,0.405405405405,0.540540540541,0.0540540540541,37,0.204954954955,1.75411862613,14.7567567568,12.4090909091,7.8,3.98194121703,0.269838507381,0.131274131274,7.25852506961,0.983756144966,0.517572517573,6.6930783125,0.907120503892,0.486684486684,0.677087019309,0.385998420645,2,1.75411862613,0.677087019309,2,0.240822570312,0.231229733101,309,0.0397683397683,0.416384027441,37,37,37,1,0,0.405405405405,0.540540540541,0.0540540540541,37,331,0.248498498498,1.73289782815,17.8918918919,15.0454545455,9.45714285714,4.89207853907,0.273424329223,0.131297460603,8.99983316495,1.00602364684,0.53417163387,8.26285512246,0.923642415502,0.485180044092,0.654913961829,0.377929934004,2,1.73289782815,0.654913961829,2,0.302739495967,0.31571022252,629,0.0809523809524,0.578200194049,37,37,37,1,0,0.405405405405,0.540540540541,0.0540540540541,-11,-0.00825825825826,0.00760901003693,-0.594594594595,-0.5,-0.314285714286,-0.475631616323,-0.0169342610542,-0.01134518204,-0.508658377421,-0.0226728065771,-0.0103202264118,0.209541776026,0.0523775212968,0.0233497927885,0.014314391503,0.00663003128622,0,0.00760901003693,0.014314391503,0,-0.0413318982807,-0.0608588151372,-181,-0.0232947232947,0.00862336569945,0,0,0,331,0,11,990,0.96783625731,1,0,0.0321637426901,1,0.96783625731,0.983655274889,0.978366339386,0.96783625731,0.96783625731,58,69,0,0,0,0
3328,WLNM_dir_neg,0.983826927116,0.673794707749,00:00:05,10,80,20,1240364555,threshold_sweep,0.7,1,0.840579710145,0.913385826772,58,0,11,138,0.840579710145,1,0,0.159420289855,1,0.840579710145,0.913385826772,0.946859903382,0.573268921095,0.875471698113,0.882339781452,0.840579710145,342,273,69,0,342,0,273,0,69,37,342,0.256756756757,1.72528881811,18.4864864865,15.5454545455,9.77142857143,5.36771015539,0.290358590277,0.142642642643,9.50849154237,1.02869645341,0.544491860281,8.05331334643,0.871264894205,0.461830251304,0.640599570326,0.371299902718,2,1.72528881811,0.640599570326,2,0.344071394247,0.376569037657,810,0.104247104247,0.56957682835,37,37,37,1,0,0.405405405405,0.540540540541,0.0540540540541,37,0.204954954955,1.75411862613,14.7567567568,12.4090909091,7.8,3.98194121703,0.269838507381,0.131274131274,7.25852506961,0.983756144966,0.517572517573,6.6930783125,0.907120503892,0.486684486684,0.677087019309,0.385998420645,2,1.75411862613,0.677087019309,2,0.240822570312,0.231229733101,309,0.0397683397683,0.416384027441,37,37,37,1,0,0.405405405405,0.540540540541,0.0540540540541,37,331,0.248498498498,1.73289782815,17.8918918919,15.0454545455,9.45714285714,4.89207853907,0.273424329223,0.131297460603,8.99983316495,1.00602364684,0.53417163387,8.26285512246,0.923642415502,0.485180044092,0.654913961829,0.377929934004,2,1.73289782815,0.654913961829,2,0.302739495967,0.31571022252,629,0.0809523809524,0.578200194049,37,37,37,1,0,0.405405405405,0.540540540541,0.0540540540541,-11,-0.00825825825826,0.00760901003693,-0.594594594595,-0.5,-0.314285714286,-0.475631616323,-0.0169342610542,-0.01134518204,-0.508658377421,-0.0226728065771,-0.0103202264118,0.209541776026,0.0523775212968,0.0233497927885,0.014314391503,0.00663003128622,0,0.00760901003693,0.014314391503,0,-0.0413318982807,-0.0608588151372,-181,-0.0232947232947,0.00862336569945,0,0,0,331,0,11,990,0.96783625731,1,0,0.0321637426901,1,0.96783625731,0.983655274889,0.978366339386,0.96783625731,0.96783625731,58,69,0,0,0,0
3329,WLNM_dir_neg,0.983826927116,0.673794707749,00:00:05,10,80,20,1240364555,threshold_sweep,0.8,1,0.840579710145,0.913385826772,58,0,11,138,0.840579710145,1,0,0.159420289855,1,0.840579710145,0.913385826772,0.946859903382,0.573268921095,0.875471698113,0.882339781452,0.840579710145,342,273,69,0,342,0,273,0,69,37,342,0.256756756757,1.72528881811,18.4864864865,15.5454545455,9.77142857143,5.36771015539,0.290358590277,0.142642642643,9.50849154237,1.02869645341,0.544491860281,8.05331334643,0.871264894205,0.461830251304,0.640599570326,0.371299902718,2,1.72528881811,0.640599570326,2,0.344071394247,0.376569037657,810,0.104247104247,0.56957682835,37,37,37,1,0,0.405405405405,0.540540540541,0.0540540540541,37,0.204954954955,1.75411862613,14.7567567568,12.4090909091,7.8,3.98194121703,0.269838507381,0.131274131274,7.25852506961,0.983756144966,0.517572517573,6.6930783125,0.907120503892,0.486684486684,0.677087019309,0.385998420645,2,1.75411862613,0.677087019309,2,0.240822570312,0.231229733101,309,0.0397683397683,0.416384027441,37,37,37,1,0,0.405405405405,0.540540540541,0.0540540540541,37,331,0.248498498498,1.73289782815,17.8918918919,15.0454545455,9.45714285714,4.89207853907,0.273424329223,0.131297460603,8.99983316495,1.00602364684,0.53417163387,8.26285512246,0.923642415502,0.485180044092,0.654913961829,0.377929934004,2,1.73289782815,0.654913961829,2,0.302739495967,0.31571022252,629,0.0809523809524,0.578200194049,37,37,37,1,0,0.405405405405,0.540540540541,0.0540540540541,-11,-0.00825825825826,0.00760901003693,-0.594594594595,-0.5,-0.314285714286,-0.475631616323,-0.0169342610542,-0.01134518204,-0.508658377421,-0.0226728065771,-0.0103202264118,0.209541776026,0.0523775212968,0.0233497927885,0.014314391503,0.00663003128622,0,0.00760901003693,0.014314391503,0,-0.0413318982807,-0.0608588151372,-181,-0.0232947232947,0.00862336569945,0,0,0,331,0,11,990,0.96783625731,1,0,0.0321637426901,1,0.96783625731,0.983655274889,0.978366339386,0.96783625731,0.96783625731,58,69,0,0,0,0
3330,WLNM_dir_neg,0.983826927116,0.673794707749,00:00:05,10,80,20,1240364555,threshold_sweep,0.9,1,0.840579710145,0.913385826772,58,0,11,138,0.840579710145,1,0,0.159420289855,1,0.840579710145,0.913385826772,0.946859903382,0.573268921095,0.875471698113,0.882339781452,0.840579710145,342,273,69,0,342,0,273,0,69,37,342,0.256756756757,1.72528881811,18.4864864865,15.5454545455,9.77142857143,5.36771015539,0.290358590277,0.142642642643,9.50849154237,1.02869645341,0.544491860281,8.05331334643,0.871264894205,0.461830251304,0.640599570326,0.371299902718,2,1.72528881811,0.640599570326,2,0.344071394247,0.376569037657,810,0.104247104247,0.56957682835,37,37,37,1,0,0.405405405405,0.540540540541,0.0540540540541,37,0.204954954955,1.75411862613,14.7567567568,12.4090909091,7.8,3.98194121703,0.269838507381,0.131274131274,7.25852506961,0.983756144966,0.517572517573,6.6930783125,0.907120503892,0.486684486684,0.677087019309,0.385998420645,2,1.75411862613,0.677087019309,2,0.240822570312,0.231229733101,309,0.0397683397683,0.416384027441,37,37,37,1,0,0.405405405405,0.540540540541,0.0540540540541,37,331,0.248498498498,1.73289782815,17.8918918919,15.0454545455,9.45714285714,4.89207853907,0.273424329223,0.131297460603,8.99983316495,1.00602364684,0.53417163387,8.26285512246,0.923642415502,0.485180044092,0.654913961829,0.377929934004,2,1.73289782815,0.654913961829,2,0.302739495967,0.31571022252,629,0.0809523809524,0.578200194049,37,37,37,1,0,0.405405405405,0.540540540541,0.0540540540541,-11,-0.00825825825826,0.00760901003693,-0.594594594595,-0.5,-0.314285714286,-0.475631616323,-0.0169342610542,-0.01134518204,-0.508658377421,-0.0226728065771,-0.0103202264118,0.209541776026,0.0523775212968,0.0233497927885,0.014314391503,0.00663003128622,0,0.00760901003693,0.014314391503,0,-0.0413318982807,-0.0608588151372,-181,-0.0232947232947,0.00862336569945,0,0,0,331,0,11,990,0.96783625731,1,0,0.0321637426901,1,0.96783625731,0.983655274889,0.978366339386,0.96783625731,0.96783625731,58,69,0,0,0,0
3331,WLNM_dir_neg,0.942974165091,0.744246630341,00:00:05,10,80,21,1240364556,threshold_sweep,0.1,0.963636363636,0.768115942029,0.854838709677,53,2,16,136,0.768115942029,0.985507246377,0.0144927536232,0.231884057971,0.963636363636,0.768115942029,0.854838709677,0.913043478261,0.578099838969,0.793893129771,0.804294692357,0.753623188406,342,273,69,0,342,0,273,0,69,37,342,0.256756756757,1.72528881811,18.4864864865,15.5454545455,9.77142857143,5.36771015539,0.290358590277,0.142642642643,9.50849154237,1.02869645341,0.544491860281,8.05331334643,0.871264894205,0.461830251304,0.640599570326,0.371299902718,2,1.72528881811,0.640599570326,2,0.344071394247,0.376569037657,810,0.104247104247,0.56957682835,37,37,37,1,0,0.405405405405,0.540540540541,0.0540540540541,37,0.204954954955,1.7448078644,14.7567567568,12.4090909091,7.8,4.05795107991,0.274989358895,0.13266013266,7.30049979777,0.989445027537,0.522126522127,6.51643798129,0.883180239222,0.472626472626,0.661873897409,0.379339130062,2,1.7448078644,0.661873897409,2,0.232726264847,0.239492663517,321,0.0413127413127,0.40989879254,37,37,37,1,0,0.405405405405,0.540540540541,0.0540540540541,37,328,0.246246246246,1.80314672069,17.7297297297,14.9090909091,8.86486486486,5.02022934762,0.283153179668,0.136371127225,8.90431281946,1.00444992171,0.535926170073,7.97970398421,0.900149534805,0.472808174028,0.75830815051,0.420547114557,2.94811457726,1.80314672069,0.75830815051,2.94811457726,0.299448873951,0.328591018169,639,0.0822393822394,0.556799562927,37,37,37,1,0,0.405405405405,0.594594594595,0,-14,-0.0105105105105,0.0778579025759,-0.756756756757,-0.636363636364,-0.906563706564,-0.347480807774,-0.00720541060954,-0.00627151541786,-0.604178722915,-0.0242465317075,-0.00856569020882,-0.0736093622206,0.0288846405997,0.0109779227238,0.117708580184,0.0492472118394,0.948114577259,0.0778579025759,0.117708580184,0.948114577259,-0.0446225202966,-0.0479780194876,-171,-0.0220077220077,-0.0127772654227,0,0.0540540540541,-0.0540540540541,326,2,16,988,0.953216374269,0.99797979798,0.0020202020202,0.046783625731,0.993902439024,0.953216374269,0.973134328358,0.964488305192,0.951196172249,0.947674418605,55,69,0,0,0,0
3332,WLNM_dir_neg,0.942974165091,0.744246630341,00:00:05,10,80,21,1240364556,threshold_sweep,0.2,0.963636363636,0.768115942029,0.854838709677,53,2,16,136,0.768115942029,0.985507246377,0.0144927536232,0.231884057971,0.963636363636,0.768115942029,0.854838709677,0.913043478261,0.578099838969,0.793893129771,0.804294692357,0.753623188406,342,273,69,0,342,0,273,0,69,37,342,0.256756756757,1.72528881811,18.4864864865,15.5454545455,9.77142857143,5.36771015539,0.290358590277,0.142642642643,9.50849154237,1.02869645341,0.544491860281,8.05331334643,0.871264894205,0.461830251304,0.640599570326,0.371299902718,2,1.72528881811,0.640599570326,2,0.344071394247,0.376569037657,810,0.104247104247,0.56957682835,37,37,37,1,0,0.405405405405,0.540540540541,0.0540540540541,37,0.204954954955,1.7448078644,14.7567567568,12.4090909091,7.8,4.05795107991,0.274989358895,0.13266013266,7.30049979777,0.989445027537,0.522126522127,6.51643798129,0.883180239222,0.472626472626,0.661873897409,0.379339130062,2,1.7448078644,0.661873897409,2,0.232726264847,0.239492663517,321,0.0413127413127,0.40989879254,37,37,37,1,0,0.405405405405,0.540540540541,0.0540540540541,37,328,0.246246246246,1.80314672069,17.7297297297,14.9090909091,8.86486486486,5.02022934762,0.283153179668,0.136371127225,8.90431281946,1.00444992171,0.535926170073,7.97970398421,0.900149534805,0.472808174028,0.75830815051,0.420547114557,2.94811457726,1.80314672069,0.75830815051,2.94811457726,0.299448873951,0.328591018169,639,0.0822393822394,0.556799562927,37,37,37,1,0,0.405405405405,0.594594594595,0,-14,-0.0105105105105,0.0778579025759,-0.756756756757,-0.636363636364,-0.906563706564,-0.347480807774,-0.00720541060954,-0.00627151541786,-0.604178722915,-0.0242465317075,-0.00856569020882,-0.0736093622206,0.0288846405997,0.0109779227238,0.117708580184,0.0492472118394,0.948114577259,0.0778579025759,0.117708580184,0.948114577259,-0.0446225202966,-0.0479780194876,-171,-0.0220077220077,-0.0127772654227,0,0.0540540540541,-0.0540540540541,326,2,16,988,0.953216374269,0.99797979798,0.0020202020202,0.046783625731,0.993902439024,0.953216374269,0.973134328358,0.964488305192,0.951196172249,0.947674418605,55,69,0,0,0,0
3333,WLNM_dir_neg,0.942974165091,0.744246630341,00:00:05,10,80,21,1240364556,threshold_sweep,0.3,0.963636363636,0.768115942029,0.854838709677,53,2,16,136,0.768115942029,0.985507246377,0.0144927536232,0.231884057971,0.963636363636,0.768115942029,0.854838709677,0.913043478261,0.578099838969,0.793893129771,0.804294692357,0.753623188406,342,273,69,0,342,0,273,0,69,37,342,0.256756756757,1.72528881811,18.4864864865,15.5454545455,9.77142857143,5.36771015539,0.290358590277,0.142642642643,9.50849154237,1.02869645341,0.544491860281,8.05331334643,0.871264894205,0.461830251304,0.640599570326,0.371299902718,2,1.72528881811,0.640599570326,2,0.344071394247,0.376569037657,810,0.104247104247,0.56957682835,37,37,37,1,0,0.405405405405,0.540540540541,0.0540540540541,37,0.204954954955,1.7448078644,14.7567567568,12.4090909091,7.8,4.05795107991,0.274989358895,0.13266013266,7.30049979777,0.989445027537,0.522126522127,6.51643798129,0.883180239222,0.472626472626,0.661873897409,0.379339130062,2,1.7448078644,0.661873897409,2,0.232726264847,0.239492663517,321,0.0413127413127,0.40989879254,37,37,37,1,0,0.405405405405,0.540540540541,0.0540540540541,37,328,0.246246246246,1.80314672069,17.7297297297,14.9090909091,8.86486486486,5.02022934762,0.283153179668,0.136371127225,8.90431281946,1.00444992171,0.535926170073,7.97970398421,0.900149534805,0.472808174028,0.75830815051,0.420547114557,2.94811457726,1.80314672069,0.75830815051,2.94811457726,0.299448873951,0.328591018169,639,0.0822393822394,0.556799562927,37,37,37,1,0,0.405405405405,0.594594594595,0,-14,-0.0105105105105,0.0778579025759,-0.756756756757,-0.636363636364,-0.906563706564,-0.347480807774,-0.00720541060954,-0.00627151541786,-0.604178722915,-0.0242465317075,-0.00856569020882,-0.0736093622206,0.0288846405997,0.0109779227238,0.117708580184,0.0492472118394,0.948114577259,0.0778579025759,0.117708580184,0.948114577259,-0.0446225202966,-0.0479780194876,-171,-0.0220077220077,-0.0127772654227,0,0.0540540540541,-0.0540540540541,326,2,16,988,0.953216374269,0.99797979798,0.0020202020202,0.046783625731,0.993902439024,0.953216374269,0.973134328358,0.964488305192,0.951196172249,0.947674418605,55,69,0,0,0,0
3334,WLNM_dir_neg,0.942974165091,0.744246630341,00:00:05,10,80,21,1240364556,threshold_sweep,0.4,0.963636363636,0.768115942029,0.854838709677,53,2,16,136,0.768115942029,0.985507246377,0.0144927536232,0.231884057971,0.963636363636,0.768115942029,0.854838709677,0.913043478261,0.578099838969,0.793893129771,0.804294692357,0.753623188406,342,273,69,0,342,0,273,0,69,37,342,0.256756756757,1.72528881811,18.4864864865,15.5454545455,9.77142857143,5.36771015539,0.290358590277,0.142642642643,9.50849154237,1.02869645341,0.544491860281,8.05331334643,0.871264894205,0.461830251304,0.640599570326,0.371299902718,2,1.72528881811,0.640599570326,2,0.344071394247,0.376569037657,810,0.104247104247,0.56957682835,37,37,37,1,0,0.405405405405,0.540540540541,0.0540540540541,37,0.204954954955,1.7448078644,14.7567567568,12.4090909091,7.8,4.05795107991,0.274989358895,0.13266013266,7.30049979777,0.989445027537,0.522126522127,6.51643798129,0.883180239222,0.472626472626,0.661873897409,0.379339130062,2,1.7448078644,0.661873897409,2,0.232726264847,0.239492663517,321,0.0413127413127,0.40989879254,37,37,37,1,0,0.405405405405,0.540540540541,0.0540540540541,37,328,0.246246246246,1.80314672069,17.7297297297,14.9090909091,8.86486486486,5.02022934762,0.283153179668,0.136371127225,8.90431281946,1.00444992171,0.535926170073,7.97970398421,0.900149534805,0.472808174028,0.75830815051,0.420547114557,2.94811457726,1.80314672069,0.75830815051,2.94811457726,0.299448873951,0.328591018169,639,0.0822393822394,0.556799562927,37,37,37,1,0,0.405405405405,0.594594594595,0,-14,-0.0105105105105,0.0778579025759,-0.756756756757,-0.636363636364,-0.906563706564,-0.347480807774,-0.00720541060954,-0.00627151541786,-0.604178722915,-0.0242465317075,-0.00856569020882,-0.0736093622206,0.0288846405997,0.0109779227238,0.117708580184,0.0492472118394,0.948114577259,0.0778579025759,0.117708580184,0.948114577259,-0.0446225202966,-0.0479780194876,-171,-0.0220077220077,-0.0127772654227,0,0.0540540540541,-0.0540540540541,326,2,16,988,0.953216374269,0.99797979798,0.0020202020202,0.046783625731,0.993902439024,0.953216374269,0.973134328358,0.964488305192,0.951196172249,0.947674418605,55,69,0,0,0,0
3335,WLNM_dir_neg,0.942974165091,0.744246630341,00:00:05,10,80,21,1240364556,threshold_sweep,0.5,0.963636363636,0.768115942029,0.854838709677,53,2,16,136,0.768115942029,0.985507246377,0.0144927536232,0.231884057971,0.963636363636,0.768115942029,0.854838709677,0.913043478261,0.578099838969,0.793893129771,0.804294692357,0.753623188406,342,273,69,0,342,0,273,0,69,37,342,0.256756756757,1.72528881811,18.4864864865,15.5454545455,9.77142857143,5.36771015539,0.290358590277,0.142642642643,9.50849154237,1.02869645341,0.544491860281,8.05331334643,0.871264894205,0.461830251304,0.640599570326,0.371299902718,2,1.72528881811,0.640599570326,2,0.344071394247,0.376569037657,810,0.104247104247,0.56957682835,37,37,37,1,0,0.405405405405,0.540540540541,0.0540540540541,37,0.204954954955,1.7448078644,14.7567567568,12.4090909091,7.8,4.05795107991,0.274989358895,0.13266013266,7.30049979777,0.989445027537,0.522126522127,6.51643798129,0.883180239222,0.472626472626,0.661873897409,0.379339130062,2,1.7448078644,0.661873897409,2,0.232726264847,0.239492663517,321,0.0413127413127,0.40989879254,37,37,37,1,0,0.405405405405,0.540540540541,0.0540540540541,37,328,0.246246246246,1.80314672069,17.7297297297,14.9090909091,8.86486486486,5.02022934762,0.283153179668,0.136371127225,8.90431281946,1.00444992171,0.535926170073,7.97970398421,0.900149534805,0.472808174028,0.75830815051,0.420547114557,2.94811457726,1.80314672069,0.75830815051,2.94811457726,0.299448873951,0.328591018169,639,0.0822393822394,0.556799562927,37,37,37,1,0,0.405405405405,0.594594594595,0,-14,-0.0105105105105,0.0778579025759,-0.756756756757,-0.636363636364,-0.906563706564,-0.347480807774,-0.00720541060954,-0.00627151541786,-0.604178722915,-0.0242465317075,-0.00856569020882,-0.0736093622206,0.0288846405997,0.0109779227238,0.117708580184,0.0492472118394,0.948114577259,0.0778579025759,0.117708580184,0.948114577259,-0.0446225202966,-0.0479780194876,-171,-0.0220077220077,-0.0127772654227,0,0.0540540540541,-0.0540540540541,326,2,16,988,0.953216374269,0.99797979798,0.0020202020202,0.046783625731,0.993902439024,0.953216374269,0.973134328358,0.964488305192,0.951196172249,0.947674418605,55,69,0,0,0,0
3336,WLNM_dir_neg,0.942974165091,0.744246630341,00:00:05,10,80,21,1240364556,threshold_sweep,0.6,0.963636363636,0.768115942029,0.854838709677,53,2,16,136,0.768115942029,0.985507246377,0.0144927536232,0.231884057971,0.963636363636,0.768115942029,0.854838709677,0.913043478261,0.578099838969,0.793893129771,0.804294692357,0.753623188406,342,273,69,0,342,0,273,0,69,37,342,0.256756756757,1.72528881811,18.4864864865,15.5454545455,9.77142857143,5.36771015539,0.290358590277,0.142642642643,9.50849154237,1.02869645341,0.544491860281,8.05331334643,0.871264894205,0.461830251304,0.640599570326,0.371299902718,2,1.72528881811,0.640599570326,2,0.344071394247,0.376569037657,810,0.104247104247,0.56957682835,37,37,37,1,0,0.405405405405,0.540540540541,0.0540540540541,37,0.204954954955,1.7448078644,14.7567567568,12.4090909091,7.8,4.05795107991,0.274989358895,0.13266013266,7.30049979777,0.989445027537,0.522126522127,6.51643798129,0.883180239222,0.472626472626,0.661873897409,0.379339130062,2,1.7448078644,0.661873897409,2,0.232726264847,0.239492663517,321,0.0413127413127,0.40989879254,37,37,37,1,0,0.405405405405,0.540540540541,0.0540540540541,37,328,0.246246246246,1.80314672069,17.7297297297,14.9090909091,8.86486486486,5.02022934762,0.283153179668,0.136371127225,8.90431281946,1.00444992171,0.535926170073,7.97970398421,0.900149534805,0.472808174028,0.75830815051,0.420547114557,2.94811457726,1.80314672069,0.75830815051,2.94811457726,0.299448873951,0.328591018169,639,0.0822393822394,0.556799562927,37,37,37,1,0,0.405405405405,0.594594594595,0,-14,-0.0105105105105,0.0778579025759,-0.756756756757,-0.636363636364,-0.906563706564,-0.347480807774,-0.00720541060954,-0.00627151541786,-0.604178722915,-0.0242465317075,-0.00856569020882,-0.0736093622206,0.0288846405997,0.0109779227238,0.117708580184,0.0492472118394,0.948114577259,0.0778579025759,0.117708580184,0.948114577259,-0.0446225202966,-0.0479780194876,-171,-0.0220077220077,-0.0127772654227,0,0.0540540540541,-0.0540540540541,326,2,16,988,0.953216374269,0.99797979798,0.0020202020202,0.046783625731,0.993902439024,0.953216374269,0.973134328358,0.964488305192,0.951196172249,0.947674418605,55,69,0,0,0,0
3337,WLNM_dir_neg,0.942974165091,0.744246630341,00:00:05,10,80,21,1240364556,threshold_sweep,0.7,0.963636363636,0.768115942029,0.854838709677,53,2,16,136,0.768115942029,0.985507246377,0.0144927536232,0.231884057971,0.963636363636,0.768115942029,0.854838709677,0.913043478261,0.578099838969,0.793893129771,0.804294692357,0.753623188406,342,273,69,0,342,0,273,0,69,37,342,0.256756756757,1.72528881811,18.4864864865,15.5454545455,9.77142857143,5.36771015539,0.290358590277,0.142642642643,9.50849154237,1.02869645341,0.544491860281,8.05331334643,0.871264894205,0.461830251304,0.640599570326,0.371299902718,2,1.72528881811,0.640599570326,2,0.344071394247,0.376569037657,810,0.104247104247,0.56957682835,37,37,37,1,0,0.405405405405,0.540540540541,0.0540540540541,37,0.204954954955,1.7448078644,14.7567567568,12.4090909091,7.8,4.05795107991,0.274989358895,0.13266013266,7.30049979777,0.989445027537,0.522126522127,6.51643798129,0.883180239222,0.472626472626,0.661873897409,0.379339130062,2,1.7448078644,0.661873897409,2,0.232726264847,0.239492663517,321,0.0413127413127,0.40989879254,37,37,37,1,0,0.405405405405,0.540540540541,0.0540540540541,37,328,0.246246246246,1.80314672069,17.7297297297,14.9090909091,8.86486486486,5.02022934762,0.283153179668,0.136371127225,8.90431281946,1.00444992171,0.535926170073,7.97970398421,0.900149534805,0.472808174028,0.75830815051,0.420547114557,2.94811457726,1.80314672069,0.75830815051,2.94811457726,0.299448873951,0.328591018169,639,0.0822393822394,0.556799562927,37,37,37,1,0,0.405405405405,0.594594594595,0,-14,-0.0105105105105,0.0778579025759,-0.756756756757,-0.636363636364,-0.906563706564,-0.347480807774,-0.00720541060954,-0.00627151541786,-0.604178722915,-0.0242465317075,-0.00856569020882,-0.0736093622206,0.0288846405997,0.0109779227238,0.117708580184,0.0492472118394,0.948114577259,0.0778579025759,0.117708580184,0.948114577259,-0.0446225202966,-0.0479780194876,-171,-0.0220077220077,-0.0127772654227,0,0.0540540540541,-0.0540540540541,326,2,16,988,0.953216374269,0.99797979798,0.0020202020202,0.046783625731,0.993902439024,0.953216374269,0.973134328358,0.964488305192,0.951196172249,0.947674418605,55,69,0,0,0,0
3338,WLNM_dir_neg,0.942974165091,0.744246630341,00:00:05,10,80,21,1240364556,threshold_sweep,0.8,0.963636363636,0.768115942029,0.854838709677,53,2,16,136,0.768115942029,0.985507246377,0.0144927536232,0.231884057971,0.963636363636,0.768115942029,0.854838709677,0.913043478261,0.578099838969,0.793893129771,0.804294692357,0.753623188406,342,273,69,0,342,0,273,0,69,37,342,0.256756756757,1.72528881811,18.4864864865,15.5454545455,9.77142857143,5.36771015539,0.290358590277,0.142642642643,9.50849154237,1.02869645341,0.544491860281,8.05331334643,0.871264894205,0.461830251304,0.640599570326,0.371299902718,2,1.72528881811,0.640599570326,2,0.344071394247,0.376569037657,810,0.104247104247,0.56957682835,37,37,37,1,0,0.405405405405,0.540540540541,0.0540540540541,37,0.204954954955,1.7448078644,14.7567567568,12.4090909091,7.8,4.05795107991,0.274989358895,0.13266013266,7.30049979777,0.989445027537,0.522126522127,6.51643798129,0.883180239222,0.472626472626,0.661873897409,0.379339130062,2,1.7448078644,0.661873897409,2,0.232726264847,0.239492663517,321,0.0413127413127,0.40989879254,37,37,37,1,0,0.405405405405,0.540540540541,0.0540540540541,37,328,0.246246246246,1.80314672069,17.7297297297,14.9090909091,8.86486486486,5.02022934762,0.283153179668,0.136371127225,8.90431281946,1.00444992171,0.535926170073,7.97970398421,0.900149534805,0.472808174028,0.75830815051,0.420547114557,2.94811457726,1.80314672069,0.75830815051,2.94811457726,0.299448873951,0.328591018169,639,0.0822393822394,0.556799562927,37,37,37,1,0,0.405405405405,0.594594594595,0,-14,-0.0105105105105,0.0778579025759,-0.756756756757,-0.636363636364,-0.906563706564,-0.347480807774,-0.00720541060954,-0.00627151541786,-0.604178722915,-0.0242465317075,-0.00856569020882,-0.0736093622206,0.0288846405997,0.0109779227238,0.117708580184,0.0492472118394,0.948114577259,0.0778579025759,0.117708580184,0.948114577259,-0.0446225202966,-0.0479780194876,-171,-0.0220077220077,-0.0127772654227,0,0.0540540540541,-0.0540540540541,326,2,16,988,0.953216374269,0.99797979798,0.0020202020202,0.046783625731,0.993902439024,0.953216374269,0.973134328358,0.964488305192,0.951196172249,0.947674418605,55,69,0,0,0,0
3339,WLNM_dir_neg,0.942974165091,0.744246630341,00:00:05,10,80,21,1240364556,threshold_sweep,0.9,0.963636363636,0.768115942029,0.854838709677,53,2,16,136,0.768115942029,0.985507246377,0.0144927536232,0.231884057971,0.963636363636,0.768115942029,0.854838709677,0.913043478261,0.578099838969,0.793893129771,0.804294692357,0.753623188406,342,273,69,0,342,0,273,0,69,37,342,0.256756756757,1.72528881811,18.4864864865,15.5454545455,9.77142857143,5.36771015539,0.290358590277,0.142642642643,9.50849154237,1.02869645341,0.544491860281,8.05331334643,0.871264894205,0.461830251304,0.640599570326,0.371299902718,2,1.72528881811,0.640599570326,2,0.344071394247,0.376569037657,810,0.104247104247,0.56957682835,37,37,37,1,0,0.405405405405,0.540540540541,0.0540540540541,37,0.204954954955,1.7448078644,14.7567567568,12.4090909091,7.8,4.05795107991,0.274989358895,0.13266013266,7.30049979777,0.989445027537,0.522126522127,6.51643798129,0.883180239222,0.472626472626,0.661873897409,0.379339130062,2,1.7448078644,0.661873897409,2,0.232726264847,0.239492663517,321,0.0413127413127,0.40989879254,37,37,37,1,0,0.405405405405,0.540540540541,0.0540540540541,37,328,0.246246246246,1.80314672069,17.7297297297,14.9090909091,8.86486486486,5.02022934762,0.283153179668,0.136371127225,8.90431281946,1.00444992171,0.535926170073,7.97970398421,0.900149534805,0.472808174028,0.75830815051,0.420547114557,2.94811457726,1.80314672069,0.75830815051,2.94811457726,0.299448873951,0.328591018169,639,0.0822393822394,0.556799562927,37,37,37,1,0,0.405405405405,0.594594594595,0,-14,-0.0105105105105,0.0778579025759,-0.756756756757,-0.636363636364,-0.906563706564,-0.347480807774,-0.00720541060954,-0.00627151541786,-0.604178722915,-0.0242465317075,-0.00856569020882,-0.0736093622206,0.0288846405997,0.0109779227238,0.117708580184,0.0492472118394,0.948114577259,0.0778579025759,0.117708580184,0.948114577259,-0.0446225202966,-0.0479780194876,-171,-0.0220077220077,-0.0127772654227,0,0.0540540540541,-0.0540540540541,326,2,16,988,0.953216374269,0.99797979798,0.0020202020202,0.046783625731,0.993902439024,0.953216374269,0.973134328358,0.964488305192,0.951196172249,0.947674418605,55,69,0,0,0,0
3340,WLNM_dir_neg,0.993173703004,0.565911771658,00:00:05,10,80,22,1240364557,threshold_sweep,0.1,0.940298507463,0.913043478261,0.926470588235,63,4,6,134,0.913043478261,0.971014492754,0.0289855072464,0.0869565217391,0.940298507463,0.913043478261,0.926470588235,0.951690821256,0.558776167472,0.890510948905,0.890724531995,0.884057971014,342,273,69,0,342,0,273,0,69,37,342,0.256756756757,1.72528881811,18.4864864865,15.5454545455,9.77142857143,5.36771015539,0.290358590277,0.142642642643,9.50849154237,1.02869645341,0.544491860281,8.05331334643,0.871264894205,0.461830251304,0.640599570326,0.371299902718,2,1.72528881811,0.640599570326,2,0.344071394247,0.376569037657,810,0.104247104247,0.56957682835,37,37,37,1,0,0.405405405405,0.540540540541,0.0540540540541,37,0.204954954955,1.74310461943,14.7567567568,12.4090909091,7.8,4.09203430396,0.277299027924,0.1386001386,7.40627118413,1.00378034364,0.529650529651,6.44787368635,0.873887642472,0.467478467478,0.65848863246,0.377767705461,2,1.74310461943,0.65848863246,2,0.235384118212,0.245901639344,330,0.042471042471,0.40140189635,37,37,37,1,0,0.405405405405,0.540540540541,0.0540540540541,37,340,0.255255255255,1.71327032364,18.3783783784,15.4545454545,9.44444444444,5.02411601595,0.273371018515,0.134419713831,9.22206845271,1.0035780375,0.535135135135,8.18140791279,0.890329684627,0.468044515103,0.620128268227,0.361955880324,1.65973175783,1.71327032364,0.620128268227,1.65973175783,0.334483454446,0.350946999841,735,0.0945945945946,0.582043985669,37,37,37,1,0,0.405405405405,0.567567567568,0.027027027027,-2,-0.0015015015015,-0.0120184944735,-0.108108108108,-0.0909090909091,-0.326984126984,-0.343594139442,-0.0169875717621,-0.00822292881116,-0.286423089661,-0.0251184159136,-0.0093567251462,0.128094566354,0.0190647904221,0.0062142637994,-0.0204713020988,-0.00934402239337,-0.340268242166,-0.0120184944735,-0.0204713020988,-0.340268242166,-0.00958793980144,-0.0256220378161,-75,-0.00965250965251,0.0124671573193,0,0.027027027027,-0.027027027027,336,4,6,986,0.982456140351,0.99595959596,0.0040404040404,0.0175438596491,0.988235294118,0.982456140351,0.985337243402,0.980299508226,0.97841573631,0.971098265896,67,69,0,0,0,0
3341,WLNM_dir_neg,0.993173703004,0.565911771658,00:00:05,10,80,22,1240364557,threshold_sweep,0.2,0.940298507463,0.913043478261,0.926470588235,63,4,6,134,0.913043478261,0.971014492754,0.0289855072464,0.0869565217391,0.940298507463,0.913043478261,0.926470588235,0.951690821256,0.558776167472,0.890510948905,0.890724531995,0.884057971014,342,273,69,0,342,0,273,0,69,37,342,0.256756756757,1.72528881811,18.4864864865,15.5454545455,9.77142857143,5.36771015539,0.290358590277,0.142642642643,9.50849154237,1.02869645341,0.544491860281,8.05331334643,0.871264894205,0.461830251304,0.640599570326,0.371299902718,2,1.72528881811,0.640599570326,2,0.344071394247,0.376569037657,810,0.104247104247,0.56957682835,37,37,37,1,0,0.405405405405,0.540540540541,0.0540540540541,37,0.204954954955,1.74310461943,14.7567567568,12.4090909091,7.8,4.09203430396,0.277299027924,0.1386001386,7.40627118413,1.00378034364,0.529650529651,6.44787368635,0.873887642472,0.467478467478,0.65848863246,0.377767705461,2,1.74310461943,0.65848863246,2,0.235384118212,0.245901639344,330,0.042471042471,0.40140189635,37,37,37,1,0,0.405405405405,0.540540540541,0.0540540540541,37,340,0.255255255255,1.71327032364,18.3783783784,15.4545454545,9.44444444444,5.02411601595,0.273371018515,0.134419713831,9.22206845271,1.0035780375,0.535135135135,8.18140791279,0.890329684627,0.468044515103,0.620128268227,0.361955880324,1.65973175783,1.71327032364,0.620128268227,1.65973175783,0.334483454446,0.350946999841,735,0.0945945945946,0.582043985669,37,37,37,1,0,0.405405405405,0.567567567568,0.027027027027,-2,-0.0015015015015,-0.0120184944735,-0.108108108108,-0.0909090909091,-0.326984126984,-0.343594139442,-0.0169875717621,-0.00822292881116,-0.286423089661,-0.0251184159136,-0.0093567251462,0.128094566354,0.0190647904221,0.0062142637994,-0.0204713020988,-0.00934402239337,-0.340268242166,-0.0120184944735,-0.0204713020988,-0.340268242166,-0.00958793980144,-0.0256220378161,-75,-0.00965250965251,0.0124671573193,0,0.027027027027,-0.027027027027,336,4,6,986,0.982456140351,0.99595959596,0.0040404040404,0.0175438596491,0.988235294118,0.982456140351,0.985337243402,0.980299508226,0.97841573631,0.971098265896,67,69,0,0,0,0
3342,WLNM_dir_neg,0.993173703004,0.565911771658,00:00:05,10,80,22,1240364557,threshold_sweep,0.3,0.940298507463,0.913043478261,0.926470588235,63,4,6,134,0.913043478261,0.971014492754,0.0289855072464,0.0869565217391,0.940298507463,0.913043478261,0.926470588235,0.951690821256,0.558776167472,0.890510948905,0.890724531995,0.884057971014,342,273,69,0,342,0,273,0,69,37,342,0.256756756757,1.72528881811,18.4864864865,15.5454545455,9.77142857143,5.36771015539,0.290358590277,0.142642642643,9.50849154237,1.02869645341,0.544491860281,8.05331334643,0.871264894205,0.461830251304,0.640599570326,0.371299902718,2,1.72528881811,0.640599570326,2,0.344071394247,0.376569037657,810,0.104247104247,0.56957682835,37,37,37,1,0,0.405405405405,0.540540540541,0.0540540540541,37,0.204954954955,1.74310461943,14.7567567568,12.4090909091,7.8,4.09203430396,0.277299027924,0.1386001386,7.40627118413,1.00378034364,0.529650529651,6.44787368635,0.873887642472,0.467478467478,0.65848863246,0.377767705461,2,1.74310461943,0.65848863246,2,0.235384118212,0.245901639344,330,0.042471042471,0.40140189635,37,37,37,1,0,0.405405405405,0.540540540541,0.0540540540541,37,340,0.255255255255,1.71327032364,18.3783783784,15.4545454545,9.44444444444,5.02411601595,0.273371018515,0.134419713831,9.22206845271,1.0035780375,0.535135135135,8.18140791279,0.890329684627,0.468044515103,0.620128268227,0.361955880324,1.65973175783,1.71327032364,0.620128268227,1.65973175783,0.334483454446,0.350946999841,735,0.0945945945946,0.582043985669,37,37,37,1,0,0.405405405405,0.567567567568,0.027027027027,-2,-0.0015015015015,-0.0120184944735,-0.108108108108,-0.0909090909091,-0.326984126984,-0.343594139442,-0.0169875717621,-0.00822292881116,-0.286423089661,-0.0251184159136,-0.0093567251462,0.128094566354,0.0190647904221,0.0062142637994,-0.0204713020988,-0.00934402239337,-0.340268242166,-0.0120184944735,-0.0204713020988,-0.340268242166,-0.00958793980144,-0.0256220378161,-75,-0.00965250965251,0.0124671573193,0,0.027027027027,-0.027027027027,336,4,6,986,0.982456140351,0.99595959596,0.0040404040404,0.0175438596491,0.988235294118,0.982456140351,0.985337243402,0.980299508226,0.97841573631,0.971098265896,67,69,0,0,0,0
3343,WLNM_dir_neg,0.993173703004,0.565911771658,00:00:05,10,80,22,1240364557,threshold_sweep,0.4,0.940298507463,0.913043478261,0.926470588235,63,4,6,134,0.913043478261,0.971014492754,0.0289855072464,0.0869565217391,0.940298507463,0.913043478261,0.926470588235,0.951690821256,0.558776167472,0.890510948905,0.890724531995,0.884057971014,342,273,69,0,342,0,273,0,69,37,342,0.256756756757,1.72528881811,18.4864864865,15.5454545455,9.77142857143,5.36771015539,0.290358590277,0.142642642643,9.50849154237,1.02869645341,0.544491860281,8.05331334643,0.871264894205,0.461830251304,0.640599570326,0.371299902718,2,1.72528881811,0.640599570326,2,0.344071394247,0.376569037657,810,0.104247104247,0.56957682835,37,37,37,1,0,0.405405405405,0.540540540541,0.0540540540541,37,0.204954954955,1.74310461943,14.7567567568,12.4090909091,7.8,4.09203430396,0.277299027924,0.1386001386,7.40627118413,1.00378034364,0.529650529651,6.44787368635,0.873887642472,0.467478467478,0.65848863246,0.377767705461,2,1.74310461943,0.65848863246,2,0.235384118212,0.245901639344,330,0.042471042471,0.40140189635,37,37,37,1,0,0.405405405405,0.540540540541,0.0540540540541,37,340,0.255255255255,1.71327032364,18.3783783784,15.4545454545,9.44444444444,5.02411601595,0.273371018515,0.134419713831,9.22206845271,1.0035780375,0.535135135135,8.18140791279,0.890329684627,0.468044515103,0.620128268227,0.361955880324,1.65973175783,1.71327032364,0.620128268227,1.65973175783,0.334483454446,0.350946999841,735,0.0945945945946,0.582043985669,37,37,37,1,0,0.405405405405,0.567567567568,0.027027027027,-2,-0.0015015015015,-0.0120184944735,-0.108108108108,-0.0909090909091,-0.326984126984,-0.343594139442,-0.0169875717621,-0.00822292881116,-0.286423089661,-0.0251184159136,-0.0093567251462,0.128094566354,0.0190647904221,0.0062142637994,-0.0204713020988,-0.00934402239337,-0.340268242166,-0.0120184944735,-0.0204713020988,-0.340268242166,-0.00958793980144,-0.0256220378161,-75,-0.00965250965251,0.0124671573193,0,0.027027027027,-0.027027027027,336,4,6,986,0.982456140351,0.99595959596,0.0040404040404,0.0175438596491,0.988235294118,0.982456140351,0.985337243402,0.980299508226,0.97841573631,0.971098265896,67,69,0,0,0,0
3344,WLNM_dir_neg,0.993173703004,0.565911771658,00:00:05,10,80,22,1240364557,threshold_sweep,0.5,0.954545454545,0.913043478261,0.933333333333,63,3,6,135,0.913043478261,0.978260869565,0.0217391304348,0.0869565217391,0.954545454545,0.913043478261,0.933333333333,0.95652173913,0.56038647343,0.901098901099,0.901588969124,0.891304347826,342,273,69,0,342,0,273,0,69,37,342,0.256756756757,1.72528881811,18.4864864865,15.5454545455,9.77142857143,5.36771015539,0.290358590277,0.142642642643,9.50849154237,1.02869645341,0.544491860281,8.05331334643,0.871264894205,0.461830251304,0.640599570326,0.371299902718,2,1.72528881811,0.640599570326,2,0.344071394247,0.376569037657,810,0.104247104247,0.56957682835,37,37,37,1,0,0.405405405405,0.540540540541,0.0540540540541,37,0.204954954955,1.74310461943,14.7567567568,12.4090909091,7.8,4.09203430396,0.277299027924,0.1386001386,7.40627118413,1.00378034364,0.529650529651,6.44787368635,0.873887642472,0.467478467478,0.65848863246,0.377767705461,2,1.74310461943,0.65848863246,2,0.235384118212,0.245901639344,330,0.042471042471,0.40140189635,37,37,37,1,0,0.405405405405,0.540540540541,0.0540540540541,37,339,0.254504504505,1.70296598294,18.3243243243,15.4090909091,9.68571428571,5.02247202334,0.274087706288,0.134736506418,9.2391483299,1.00840262008,0.536873156342,8.21081100851,0.896165213318,0.472135852667,0.607090274346,0.356489959534,1.62741539508,1.70296598294,0.607090274346,1.62741539508,0.334483454446,0.350946999841,735,0.0945945945946,0.582923094792,37,37,37,1,0,0.405405405405,0.540540540541,0.0540540540541,-3,-0.00225225225225,-0.0223228351771,-0.162162162162,-0.136363636364,-0.0857142857143,-0.345238132054,-0.0162708839887,-0.00790613622472,-0.269343212476,-0.0202938333374,-0.00761870393915,0.157497662073,0.024900319113,0.0103056013629,-0.03350929598,-0.0148099431833,-0.372584604916,-0.0223228351771,-0.03350929598,-0.372584604916,-0.00958793980144,-0.0256220378161,-75,-0.00965250965251,0.0133462664418,0,0,0,336,3,6,987,0.982456140351,0.99696969697,0.0030303030303,0.0175438596491,0.991150442478,0.982456140351,0.986784140969,0.982262882911,0.979425837321,0.973913043478,66,69,0,0,0,0
3345,WLNM_dir_neg,0.993173703004,0.565911771658,00:00:05,10,80,22,1240364557,threshold_sweep,0.6,0.969230769231,0.913043478261,0.940298507463,63,2,6,136,0.913043478261,0.985507246377,0.0144927536232,0.0869565217391,0.969230769231,0.913043478261,0.940298507463,0.961352657005,0.561996779388,0.911764705882,0.912653317534,0.898550724638,342,273,69,0,342,0,273,0,69,37,342,0.256756756757,1.72528881811,18.4864864865,15.5454545455,9.77142857143,5.36771015539,0.290358590277,0.142642642643,9.50849154237,1.02869645341,0.544491860281,8.05331334643,0.871264894205,0.461830251304,0.640599570326,0.371299902718,2,1.72528881811,0.640599570326,2,0.344071394247,0.376569037657,810,0.104247104247,0.56957682835,37,37,37,1,0,0.405405405405,0.540540540541,0.0540540540541,37,0.204954954955,1.74310461943,14.7567567568,12.4090909091,7.8,4.09203430396,0.277299027924,0.1386001386,7.40627118413,1.00378034364,0.529650529651,6.44787368635,0.873887642472,0.467478467478,0.65848863246,0.377767705461,2,1.74310461943,0.65848863246,2,0.235384118212,0.245901639344,330,0.042471042471,0.40140189635,37,37,37,1,0,0.405405405405,0.540540540541,0.0540540540541,37,338,0.253753753754,1.70822762021,18.2702702703,15.3636363636,9.65714285714,5.08619399643,0.278386357793,0.135934751319,9.25911611501,1.01357188241,0.538621461698,8.17571662561,0.894974896887,0.470814009276,0.613196784921,0.358966672629,1.63329350569,1.70822762021,0.613196784921,1.63329350569,0.334405895393,0.350854769132,732,0.0942084942085,0.578531541882,37,37,37,1,0,0.405405405405,0.540540540541,0.0540540540541,-4,-0.003003003003,-0.0170611979008,-0.216216216216,-0.181818181818,-0.114285714286,-0.281516158958,-0.0119722324841,-0.00670789132328,-0.249375427365,-0.0151245710025,-0.00587039858295,0.12240327918,0.0237100026819,0.00898375797161,-0.0274027854049,-0.0123332300888,-0.366706494306,-0.0170611979008,-0.0274027854049,-0.366706494306,-0.00966549885466,-0.0257142685245,-78,-0.0100386100386,0.00895471353237,0,0,0,336,2,6,988,0.982456140351,0.99797979798,0.0020202020202,0.0175438596491,0.994082840237,0.982456140351,0.988235294118,0.984233924364,0.980435938331,0.976744186047,65,69,0,0,0,0
3346,WLNM_dir_neg,0.993173703004,0.565911771658,00:00:05,10,80,22,1240364557,threshold_sweep,0.7,0.984375,0.913043478261,0.947368421053,63,1,6,137,0.913043478261,0.992753623188,0.00724637681159,0.0869565217391,0.984375,0.913043478261,0.947368421053,0.966183574879,0.563607085346,0.922509225092,0.923925618733,0.905797101449,342,273,69,0,342,0,273,0,69,37,342,0.256756756757,1.72528881811,18.4864864865,15.5454545455,9.77142857143,5.36771015539,0.290358590277,0.142642642643,9.50849154237,1.02869645341,0.544491860281,8.05331334643,0.871264894205,0.461830251304,0.640599570326,0.371299902718,2,1.72528881811,0.640599570326,2,0.344071394247,0.376569037657,810,0.104247104247,0.56957682835,37,37,37,1,0,0.405405405405,0.540540540541,0.0540540540541,37,0.204954954955,1.74310461943,14.7567567568,12.4090909091,7.8,4.09203430396,0.277299027924,0.1386001386,7.40627118413,1.00378034364,0.529650529651,6.44787368635,0.873887642472,0.467478467478,0.65848863246,0.377767705461,2,1.74310461943,0.65848863246,2,0.235384118212,0.245901639344,330,0.042471042471,0.40140189635,37,37,37,1,0,0.405405405405,0.540540540541,0.0540540540541,37,337,0.253003003003,1.72401253204,18.2162162162,15.3181818182,9.62857142857,5.15393665687,0.282931240808,0.137059908573,9.28195317025,1.01908684658,0.540540540541,8.14037872373,0.893750779757,0.46932392333,0.638249114062,0.370211412156,2,1.72401253204,0.638249114062,2,0.331625633637,0.3507055805,729,0.0938223938224,0.574500739334,37,37,37,1,0,0.405405405405,0.540540540541,0.0540540540541,-5,-0.00375375375375,-0.001276286072,-0.27027027027,-0.227272727273,-0.142857142857,-0.21377349852,-0.00742734946953,-0.00558273406938,-0.226538372128,-0.00960960682985,-0.00395131974079,0.0870653772964,0.0224858855519,0.00749367202592,-0.00235045626407,-0.00108849056188,0,-0.001276286072,-0.00235045626407,0,-0.0124457606106,-0.0258634571566,-81,-0.0104247104247,0.00492391098371,0,0,0,336,1,6,989,0.982456140351,0.99898989899,0.0010101010101,0.0175438596491,0.99703264095,0.982456140351,0.989690721649,0.986212689525,0.981446039341,0.979591836735,64,69,0,0,0,0
3347,WLNM_dir_neg,0.993173703004,0.565911771658,00:00:05,10,80,22,1240364557,threshold_sweep,0.8,0.984375,0.913043478261,0.947368421053,63,1,6,137,0.913043478261,0.992753623188,0.00724637681159,0.0869565217391,0.984375,0.913043478261,0.947368421053,0.966183574879,0.563607085346,0.922509225092,0.923925618733,0.905797101449,342,273,69,0,342,0,273,0,69,37,342,0.256756756757,1.72528881811,18.4864864865,15.5454545455,9.77142857143,5.36771015539,0.290358590277,0.142642642643,9.50849154237,1.02869645341,0.544491860281,8.05331334643,0.871264894205,0.461830251304,0.640599570326,0.371299902718,2,1.72528881811,0.640599570326,2,0.344071394247,0.376569037657,810,0.104247104247,0.56957682835,37,37,37,1,0,0.405405405405,0.540540540541,0.0540540540541,37,0.204954954955,1.74310461943,14.7567567568,12.4090909091,7.8,4.09203430396,0.277299027924,0.1386001386,7.40627118413,1.00378034364,0.529650529651,6.44787368635,0.873887642472,0.467478467478,0.65848863246,0.377767705461,2,1.74310461943,0.65848863246,2,0.235384118212,0.245901639344,330,0.042471042471,0.40140189635,37,37,37,1,0,0.405405405405,0.540540540541,0.0540540540541,37,337,0.253003003003,1.72401253204,18.2162162162,15.3181818182,9.62857142857,5.15393665687,0.282931240808,0.137059908573,9.28195317025,1.01908684658,0.540540540541,8.14037872373,0.893750779757,0.46932392333,0.638249114062,0.370211412156,2,1.72401253204,0.638249114062,2,0.331625633637,0.3507055805,729,0.0938223938224,0.574500739334,37,37,37,1,0,0.405405405405,0.540540540541,0.0540540540541,-5,-0.00375375375375,-0.001276286072,-0.27027027027,-0.227272727273,-0.142857142857,-0.21377349852,-0.00742734946953,-0.00558273406938,-0.226538372128,-0.00960960682985,-0.00395131974079,0.0870653772964,0.0224858855519,0.00749367202592,-0.00235045626407,-0.00108849056188,0,-0.001276286072,-0.00235045626407,0,-0.0124457606106,-0.0258634571566,-81,-0.0104247104247,0.00492391098371,0,0,0,336,1,6,989,0.982456140351,0.99898989899,0.0010101010101,0.0175438596491,0.99703264095,0.982456140351,0.989690721649,0.986212689525,0.981446039341,0.979591836735,64,69,0,0,0,0
3348,WLNM_dir_neg,0.993173703004,0.565911771658,00:00:05,10,80,22,1240364557,threshold_sweep,0.9,0.984375,0.913043478261,0.947368421053,63,1,6,137,0.913043478261,0.992753623188,0.00724637681159,0.0869565217391,0.984375,0.913043478261,0.947368421053,0.966183574879,0.563607085346,0.922509225092,0.923925618733,0.905797101449,342,273,69,0,342,0,273,0,69,37,342,0.256756756757,1.72528881811,18.4864864865,15.5454545455,9.77142857143,5.36771015539,0.290358590277,0.142642642643,9.50849154237,1.02869645341,0.544491860281,8.05331334643,0.871264894205,0.461830251304,0.640599570326,0.371299902718,2,1.72528881811,0.640599570326,2,0.344071394247,0.376569037657,810,0.104247104247,0.56957682835,37,37,37,1,0,0.405405405405,0.540540540541,0.0540540540541,37,0.204954954955,1.74310461943,14.7567567568,12.4090909091,7.8,4.09203430396,0.277299027924,0.1386001386,7.40627118413,1.00378034364,0.529650529651,6.44787368635,0.873887642472,0.467478467478,0.65848863246,0.377767705461,2,1.74310461943,0.65848863246,2,0.235384118212,0.245901639344,330,0.042471042471,0.40140189635,37,37,37,1,0,0.405405405405,0.540540540541,0.0540540540541,37,337,0.253003003003,1.72401253204,18.2162162162,15.3181818182,9.62857142857,5.15393665687,0.282931240808,0.137059908573,9.28195317025,1.01908684658,0.540540540541,8.14037872373,0.893750779757,0.46932392333,0.638249114062,0.370211412156,2,1.72401253204,0.638249114062,2,0.331625633637,0.3507055805,729,0.0938223938224,0.574500739334,37,37,37,1,0,0.405405405405,0.540540540541,0.0540540540541,-5,-0.00375375375375,-0.001276286072,-0.27027027027,-0.227272727273,-0.142857142857,-0.21377349852,-0.00742734946953,-0.00558273406938,-0.226538372128,-0.00960960682985,-0.00395131974079,0.0870653772964,0.0224858855519,0.00749367202592,-0.00235045626407,-0.00108849056188,0,-0.001276286072,-0.00235045626407,0,-0.0124457606106,-0.0258634571566,-81,-0.0104247104247,0.00492391098371,0,0,0,336,1,6,989,0.982456140351,0.99898989899,0.0010101010101,0.0175438596491,0.99703264095,0.982456140351,0.989690721649,0.986212689525,0.981446039341,0.979591836735,64,69,0,0,0,0
3349,WLNM_dir_neg,0.957729468599,0.861707706364,00:00:05,10,80,23,1240364558,threshold_sweep,0.1,1,0.782608695652,0.878048780488,54,0,15,138,0.782608695652,1,0,0.217391304348,1,0.782608695652,0.878048780488,0.927536231884,0.579710144928,0.827586206897,0.840168050417,0.782608695652,342,273,69,0,342,0,273,0,69,37,342,0.256756756757,1.72528881811,18.4864864865,15.5454545455,9.77142857143,5.36771015539,0.290358590277,0.142642642643,9.50849154237,1.02869645341,0.544491860281,8.05331334643,0.871264894205,0.461830251304,0.640599570326,0.371299902718,2,1.72528881811,0.640599570326,2,0.344071394247,0.376569037657,810,0.104247104247,0.56957682835,37,37,37,1,0,0.405405405405,0.540540540541,0.0540540540541,37,0.204954954955,1.74098757273,14.7567567568,12.4090909091,7.8,4.15267922488,0.281408665422,0.139392139392,7.36112669271,0.997661859452,0.529650529651,6.55045100802,0.887790063357,0.473418473418,0.658328755518,0.378135241073,2,1.74098757273,0.658328755518,2,0.232212326949,0.245913818722,331,0.0425997425997,0.411067665088,37,37,37,1,0,0.405405405405,0.540540540541,0.0540540540541,37,327,0.245495495495,1.7170988932,17.6756756757,14.8636363636,9.34285714286,5.25491333079,0.297296319938,0.143896189768,8.97995766358,1.01608083655,0.535416150095,8.16671263087,0.92406228545,0.483345731052,0.631954993598,0.368036457365,2,1.7170988932,0.631954993598,2,0.313816454902,0.334010152284,658,0.0846846846847,0.576319927491,37,37,37,1,0,0.405405405405,0.540540540541,0.0540540540541,-15,-0.0112612612613,-0.00818992491707,-0.810810810811,-0.681818181818,-0.428571428571,-0.112796824603,0.00693772966054,0.00125354712511,-0.528533878797,-0.0126156168633,-0.00907571018628,0.113399284435,0.0527973912451,0.0215154797482,-0.00864457672832,-0.00326344535283,0,-0.00818992491707,-0.00864457672832,0,-0.0302549393451,-0.0425588853726,-152,-0.0195624195624,0.00674309914101,0,0,0,327,0,15,990,0.956140350877,1,0,0.0438596491228,1,0.956140350877,0.977578475336,0.970499664797,0.956140350877,0.956140350877,54,69,0,0,0,0
3350,WLNM_dir_neg,0.957729468599,0.861707706364,00:00:05,10,80,23,1240364558,threshold_sweep,0.2,1,0.782608695652,0.878048780488,54,0,15,138,0.782608695652,1,0,0.217391304348,1,0.782608695652,0.878048780488,0.927536231884,0.579710144928,0.827586206897,0.840168050417,0.782608695652,342,273,69,0,342,0,273,0,69,37,342,0.256756756757,1.72528881811,18.4864864865,15.5454545455,9.77142857143,5.36771015539,0.290358590277,0.142642642643,9.50849154237,1.02869645341,0.544491860281,8.05331334643,0.871264894205,0.461830251304,0.640599570326,0.371299902718,2,1.72528881811,0.640599570326,2,0.344071394247,0.376569037657,810,0.104247104247,0.56957682835,37,37,37,1,0,0.405405405405,0.540540540541,0.0540540540541,37,0.204954954955,1.74098757273,14.7567567568,12.4090909091,7.8,4.15267922488,0.281408665422,0.139392139392,7.36112669271,0.997661859452,0.529650529651,6.55045100802,0.887790063357,0.473418473418,0.658328755518,0.378135241073,2,1.74098757273,0.658328755518,2,0.232212326949,0.245913818722,331,0.0425997425997,0.411067665088,37,37,37,1,0,0.405405405405,0.540540540541,0.0540540540541,37,327,0.245495495495,1.7170988932,17.6756756757,14.8636363636,9.34285714286,5.25491333079,0.297296319938,0.143896189768,8.97995766358,1.01608083655,0.535416150095,8.16671263087,0.92406228545,0.483345731052,0.631954993598,0.368036457365,2,1.7170988932,0.631954993598,2,0.313816454902,0.334010152284,658,0.0846846846847,0.576319927491,37,37,37,1,0,0.405405405405,0.540540540541,0.0540540540541,-15,-0.0112612612613,-0.00818992491707,-0.810810810811,-0.681818181818,-0.428571428571,-0.112796824603,0.00693772966054,0.00125354712511,-0.528533878797,-0.0126156168633,-0.00907571018628,0.113399284435,0.0527973912451,0.0215154797482,-0.00864457672832,-0.00326344535283,0,-0.00818992491707,-0.00864457672832,0,-0.0302549393451,-0.0425588853726,-152,-0.0195624195624,0.00674309914101,0,0,0,327,0,15,990,0.956140350877,1,0,0.0438596491228,1,0.956140350877,0.977578475336,0.970499664797,0.956140350877,0.956140350877,54,69,0,0,0,0
3351,WLNM_dir_neg,0.957729468599,0.861707706364,00:00:05,10,80,23,1240364558,threshold_sweep,0.3,1,0.782608695652,0.878048780488,54,0,15,138,0.782608695652,1,0,0.217391304348,1,0.782608695652,0.878048780488,0.927536231884,0.579710144928,0.827586206897,0.840168050417,0.782608695652,342,273,69,0,342,0,273,0,69,37,342,0.256756756757,1.72528881811,18.4864864865,15.5454545455,9.77142857143,5.36771015539,0.290358590277,0.142642642643,9.50849154237,1.02869645341,0.544491860281,8.05331334643,0.871264894205,0.461830251304,0.640599570326,0.371299902718,2,1.72528881811,0.640599570326,2,0.344071394247,0.376569037657,810,0.104247104247,0.56957682835,37,37,37,1,0,0.405405405405,0.540540540541,0.0540540540541,37,0.204954954955,1.74098757273,14.7567567568,12.4090909091,7.8,4.15267922488,0.281408665422,0.139392139392,7.36112669271,0.997661859452,0.529650529651,6.55045100802,0.887790063357,0.473418473418,0.658328755518,0.378135241073,2,1.74098757273,0.658328755518,2,0.232212326949,0.245913818722,331,0.0425997425997,0.411067665088,37,37,37,1,0,0.405405405405,0.540540540541,0.0540540540541,37,327,0.245495495495,1.7170988932,17.6756756757,14.8636363636,9.34285714286,5.25491333079,0.297296319938,0.143896189768,8.97995766358,1.01608083655,0.535416150095,8.16671263087,0.92406228545,0.483345731052,0.631954993598,0.368036457365,2,1.7170988932,0.631954993598,2,0.313816454902,0.334010152284,658,0.0846846846847,0.576319927491,37,37,37,1,0,0.405405405405,0.540540540541,0.0540540540541,-15,-0.0112612612613,-0.00818992491707,-0.810810810811,-0.681818181818,-0.428571428571,-0.112796824603,0.00693772966054,0.00125354712511,-0.528533878797,-0.0126156168633,-0.00907571018628,0.113399284435,0.0527973912451,0.0215154797482,-0.00864457672832,-0.00326344535283,0,-0.00818992491707,-0.00864457672832,0,-0.0302549393451,-0.0425588853726,-152,-0.0195624195624,0.00674309914101,0,0,0,327,0,15,990,0.956140350877,1,0,0.0438596491228,1,0.956140350877,0.977578475336,0.970499664797,0.956140350877,0.956140350877,54,69,0,0,0,0
3352,WLNM_dir_neg,0.957729468599,0.861707706364,00:00:05,10,80,23,1240364558,threshold_sweep,0.4,1,0.782608695652,0.878048780488,54,0,15,138,0.782608695652,1,0,0.217391304348,1,0.782608695652,0.878048780488,0.927536231884,0.579710144928,0.827586206897,0.840168050417,0.782608695652,342,273,69,0,342,0,273,0,69,37,342,0.256756756757,1.72528881811,18.4864864865,15.5454545455,9.77142857143,5.36771015539,0.290358590277,0.142642642643,9.50849154237,1.02869645341,0.544491860281,8.05331334643,0.871264894205,0.461830251304,0.640599570326,0.371299902718,2,1.72528881811,0.640599570326,2,0.344071394247,0.376569037657,810,0.104247104247,0.56957682835,37,37,37,1,0,0.405405405405,0.540540540541,0.0540540540541,37,0.204954954955,1.74098757273,14.7567567568,12.4090909091,7.8,4.15267922488,0.281408665422,0.139392139392,7.36112669271,0.997661859452,0.529650529651,6.55045100802,0.887790063357,0.473418473418,0.658328755518,0.378135241073,2,1.74098757273,0.658328755518,2,0.232212326949,0.245913818722,331,0.0425997425997,0.411067665088,37,37,37,1,0,0.405405405405,0.540540540541,0.0540540540541,37,327,0.245495495495,1.7170988932,17.6756756757,14.8636363636,9.34285714286,5.25491333079,0.297296319938,0.143896189768,8.97995766358,1.01608083655,0.535416150095,8.16671263087,0.92406228545,0.483345731052,0.631954993598,0.368036457365,2,1.7170988932,0.631954993598,2,0.313816454902,0.334010152284,658,0.0846846846847,0.576319927491,37,37,37,1,0,0.405405405405,0.540540540541,0.0540540540541,-15,-0.0112612612613,-0.00818992491707,-0.810810810811,-0.681818181818,-0.428571428571,-0.112796824603,0.00693772966054,0.00125354712511,-0.528533878797,-0.0126156168633,-0.00907571018628,0.113399284435,0.0527973912451,0.0215154797482,-0.00864457672832,-0.00326344535283,0,-0.00818992491707,-0.00864457672832,0,-0.0302549393451,-0.0425588853726,-152,-0.0195624195624,0.00674309914101,0,0,0,327,0,15,990,0.956140350877,1,0,0.0438596491228,1,0.956140350877,0.977578475336,0.970499664797,0.956140350877,0.956140350877,54,69,0,0,0,0
3353,WLNM_dir_neg,0.957729468599,0.861707706364,00:00:05,10,80,23,1240364558,threshold_sweep,0.5,1,0.782608695652,0.878048780488,54,0,15,138,0.782608695652,1,0,0.217391304348,1,0.782608695652,0.878048780488,0.927536231884,0.579710144928,0.827586206897,0.840168050417,0.782608695652,342,273,69,0,342,0,273,0,69,37,342,0.256756756757,1.72528881811,18.4864864865,15.5454545455,9.77142857143,5.36771015539,0.290358590277,0.142642642643,9.50849154237,1.02869645341,0.544491860281,8.05331334643,0.871264894205,0.461830251304,0.640599570326,0.371299902718,2,1.72528881811,0.640599570326,2,0.344071394247,0.376569037657,810,0.104247104247,0.56957682835,37,37,37,1,0,0.405405405405,0.540540540541,0.0540540540541,37,0.204954954955,1.74098757273,14.7567567568,12.4090909091,7.8,4.15267922488,0.281408665422,0.139392139392,7.36112669271,0.997661859452,0.529650529651,6.55045100802,0.887790063357,0.473418473418,0.658328755518,0.378135241073,2,1.74098757273,0.658328755518,2,0.232212326949,0.245913818722,331,0.0425997425997,0.411067665088,37,37,37,1,0,0.405405405405,0.540540540541,0.0540540540541,37,327,0.245495495495,1.7170988932,17.6756756757,14.8636363636,9.34285714286,5.25491333079,0.297296319938,0.143896189768,8.97995766358,1.01608083655,0.535416150095,8.16671263087,0.92406228545,0.483345731052,0.631954993598,0.368036457365,2,1.7170988932,0.631954993598,2,0.313816454902,0.334010152284,658,0.0846846846847,0.576319927491,37,37,37,1,0,0.405405405405,0.540540540541,0.0540540540541,-15,-0.0112612612613,-0.00818992491707,-0.810810810811,-0.681818181818,-0.428571428571,-0.112796824603,0.00693772966054,0.00125354712511,-0.528533878797,-0.0126156168633,-0.00907571018628,0.113399284435,0.0527973912451,0.0215154797482,-0.00864457672832,-0.00326344535283,0,-0.00818992491707,-0.00864457672832,0,-0.0302549393451,-0.0425588853726,-152,-0.0195624195624,0.00674309914101,0,0,0,327,0,15,990,0.956140350877,1,0,0.0438596491228,1,0.956140350877,0.977578475336,0.970499664797,0.956140350877,0.956140350877,54,69,0,0,0,0
3354,WLNM_dir_neg,0.957729468599,0.861707706364,00:00:05,10,80,23,1240364558,threshold_sweep,0.6,1,0.782608695652,0.878048780488,54,0,15,138,0.782608695652,1,0,0.217391304348,1,0.782608695652,0.878048780488,0.927536231884,0.579710144928,0.827586206897,0.840168050417,0.782608695652,342,273,69,0,342,0,273,0,69,37,342,0.256756756757,1.72528881811,18.4864864865,15.5454545455,9.77142857143,5.36771015539,0.290358590277,0.142642642643,9.50849154237,1.02869645341,0.544491860281,8.05331334643,0.871264894205,0.461830251304,0.640599570326,0.371299902718,2,1.72528881811,0.640599570326,2,0.344071394247,0.376569037657,810,0.104247104247,0.56957682835,37,37,37,1,0,0.405405405405,0.540540540541,0.0540540540541,37,0.204954954955,1.74098757273,14.7567567568,12.4090909091,7.8,4.15267922488,0.281408665422,0.139392139392,7.36112669271,0.997661859452,0.529650529651,6.55045100802,0.887790063357,0.473418473418,0.658328755518,0.378135241073,2,1.74098757273,0.658328755518,2,0.232212326949,0.245913818722,331,0.0425997425997,0.411067665088,37,37,37,1,0,0.405405405405,0.540540540541,0.0540540540541,37,327,0.245495495495,1.7170988932,17.6756756757,14.8636363636,9.34285714286,5.25491333079,0.297296319938,0.143896189768,8.97995766358,1.01608083655,0.535416150095,8.16671263087,0.92406228545,0.483345731052,0.631954993598,0.368036457365,2,1.7170988932,0.631954993598,2,0.313816454902,0.334010152284,658,0.0846846846847,0.576319927491,37,37,37,1,0,0.405405405405,0.540540540541,0.0540540540541,-15,-0.0112612612613,-0.00818992491707,-0.810810810811,-0.681818181818,-0.428571428571,-0.112796824603,0.00693772966054,0.00125354712511,-0.528533878797,-0.0126156168633,-0.00907571018628,0.113399284435,0.0527973912451,0.0215154797482,-0.00864457672832,-0.00326344535283,0,-0.00818992491707,-0.00864457672832,0,-0.0302549393451,-0.0425588853726,-152,-0.0195624195624,0.00674309914101,0,0,0,327,0,15,990,0.956140350877,1,0,0.0438596491228,1,0.956140350877,0.977578475336,0.970499664797,0.956140350877,0.956140350877,54,69,0,0,0,0
3355,WLNM_dir_neg,0.957729468599,0.861707706364,00:00:05,10,80,23,1240364558,threshold_sweep,0.7,1,0.782608695652,0.878048780488,54,0,15,138,0.782608695652,1,0,0.217391304348,1,0.782608695652,0.878048780488,0.927536231884,0.579710144928,0.827586206897,0.840168050417,0.782608695652,342,273,69,0,342,0,273,0,69,37,342,0.256756756757,1.72528881811,18.4864864865,15.5454545455,9.77142857143,5.36771015539,0.290358590277,0.142642642643,9.50849154237,1.02869645341,0.544491860281,8.05331334643,0.871264894205,0.461830251304,0.640599570326,0.371299902718,2,1.72528881811,0.640599570326,2,0.344071394247,0.376569037657,810,0.104247104247,0.56957682835,37,37,37,1,0,0.405405405405,0.540540540541,0.0540540540541,37,0.204954954955,1.74098757273,14.7567567568,12.4090909091,7.8,4.15267922488,0.281408665422,0.139392139392,7.36112669271,0.997661859452,0.529650529651,6.55045100802,0.887790063357,0.473418473418,0.658328755518,0.378135241073,2,1.74098757273,0.658328755518,2,0.232212326949,0.245913818722,331,0.0425997425997,0.411067665088,37,37,37,1,0,0.405405405405,0.540540540541,0.0540540540541,37,327,0.245495495495,1.7170988932,17.6756756757,14.8636363636,9.34285714286,5.25491333079,0.297296319938,0.143896189768,8.97995766358,1.01608083655,0.535416150095,8.16671263087,0.92406228545,0.483345731052,0.631954993598,0.368036457365,2,1.7170988932,0.631954993598,2,0.313816454902,0.334010152284,658,0.0846846846847,0.576319927491,37,37,37,1,0,0.405405405405,0.540540540541,0.0540540540541,-15,-0.0112612612613,-0.00818992491707,-0.810810810811,-0.681818181818,-0.428571428571,-0.112796824603,0.00693772966054,0.00125354712511,-0.528533878797,-0.0126156168633,-0.00907571018628,0.113399284435,0.0527973912451,0.0215154797482,-0.00864457672832,-0.00326344535283,0,-0.00818992491707,-0.00864457672832,0,-0.0302549393451,-0.0425588853726,-152,-0.0195624195624,0.00674309914101,0,0,0,327,0,15,990,0.956140350877,1,0,0.0438596491228,1,0.956140350877,0.977578475336,0.970499664797,0.956140350877,0.956140350877,54,69,0,0,0,0
3356,WLNM_dir_neg,0.957729468599,0.861707706364,00:00:05,10,80,23,1240364558,threshold_sweep,0.8,1,0.782608695652,0.878048780488,54,0,15,138,0.782608695652,1,0,0.217391304348,1,0.782608695652,0.878048780488,0.927536231884,0.579710144928,0.827586206897,0.840168050417,0.782608695652,342,273,69,0,342,0,273,0,69,37,342,0.256756756757,1.72528881811,18.4864864865,15.5454545455,9.77142857143,5.36771015539,0.290358590277,0.142642642643,9.50849154237,1.02869645341,0.544491860281,8.05331334643,0.871264894205,0.461830251304,0.640599570326,0.371299902718,2,1.72528881811,0.640599570326,2,0.344071394247,0.376569037657,810,0.104247104247,0.56957682835,37,37,37,1,0,0.405405405405,0.540540540541,0.0540540540541,37,0.204954954955,1.74098757273,14.7567567568,12.4090909091,7.8,4.15267922488,0.281408665422,0.139392139392,7.36112669271,0.997661859452,0.529650529651,6.55045100802,0.887790063357,0.473418473418,0.658328755518,0.378135241073,2,1.74098757273,0.658328755518,2,0.232212326949,0.245913818722,331,0.0425997425997,0.411067665088,37,37,37,1,0,0.405405405405,0.540540540541,0.0540540540541,37,327,0.245495495495,1.7170988932,17.6756756757,14.8636363636,9.34285714286,5.25491333079,0.297296319938,0.143896189768,8.97995766358,1.01608083655,0.535416150095,8.16671263087,0.92406228545,0.483345731052,0.631954993598,0.368036457365,2,1.7170988932,0.631954993598,2,0.313816454902,0.334010152284,658,0.0846846846847,0.576319927491,37,37,37,1,0,0.405405405405,0.540540540541,0.0540540540541,-15,-0.0112612612613,-0.00818992491707,-0.810810810811,-0.681818181818,-0.428571428571,-0.112796824603,0.00693772966054,0.00125354712511,-0.528533878797,-0.0126156168633,-0.00907571018628,0.113399284435,0.0527973912451,0.0215154797482,-0.00864457672832,-0.00326344535283,0,-0.00818992491707,-0.00864457672832,0,-0.0302549393451,-0.0425588853726,-152,-0.0195624195624,0.00674309914101,0,0,0,327,0,15,990,0.956140350877,1,0,0.0438596491228,1,0.956140350877,0.977578475336,0.970499664797,0.956140350877,0.956140350877,54,69,0,0,0,0
3357,WLNM_dir_neg,0.957729468599,0.861707706364,00:00:05,10,80,23,1240364558,threshold_sweep,0.9,1,0.782608695652,0.878048780488,54,0,15,138,0.782608695652,1,0,0.217391304348,1,0.782608695652,0.878048780488,0.927536231884,0.579710144928,0.827586206897,0.840168050417,0.782608695652,342,273,69,0,342,0,273,0,69,37,342,0.256756756757,1.72528881811,18.4864864865,15.5454545455,9.77142857143,5.36771015539,0.290358590277,0.142642642643,9.50849154237,1.02869645341,0.544491860281,8.05331334643,0.871264894205,0.461830251304,0.640599570326,0.371299902718,2,1.72528881811,0.640599570326,2,0.344071394247,0.376569037657,810,0.104247104247,0.56957682835,37,37,37,1,0,0.405405405405,0.540540540541,0.0540540540541,37,0.204954954955,1.74098757273,14.7567567568,12.4090909091,7.8,4.15267922488,0.281408665422,0.139392139392,7.36112669271,0.997661859452,0.529650529651,6.55045100802,0.887790063357,0.473418473418,0.658328755518,0.378135241073,2,1.74098757273,0.658328755518,2,0.232212326949,0.245913818722,331,0.0425997425997,0.411067665088,37,37,37,1,0,0.405405405405,0.540540540541,0.0540540540541,37,327,0.245495495495,1.7170988932,17.6756756757,14.8636363636,9.34285714286,5.25491333079,0.297296319938,0.143896189768,8.97995766358,1.01608083655,0.535416150095,8.16671263087,0.92406228545,0.483345731052,0.631954993598,0.368036457365,2,1.7170988932,0.631954993598,2,0.313816454902,0.334010152284,658,0.0846846846847,0.576319927491,37,37,37,1,0,0.405405405405,0.540540540541,0.0540540540541,-15,-0.0112612612613,-0.00818992491707,-0.810810810811,-0.681818181818,-0.428571428571,-0.112796824603,0.00693772966054,0.00125354712511,-0.528533878797,-0.0126156168633,-0.00907571018628,0.113399284435,0.0527973912451,0.0215154797482,-0.00864457672832,-0.00326344535283,0,-0.00818992491707,-0.00864457672832,0,-0.0302549393451,-0.0425588853726,-152,-0.0195624195624,0.00674309914101,0,0,0,327,0,15,990,0.956140350877,1,0,0.0438596491228,1,0.956140350877,0.977578475336,0.970499664797,0.956140350877,0.956140350877,54,69,0,0,0,0
3358,WLNM_dir_neg,0.972537282084,0.8872789822,00:00:05,10,80,24,1240364559,threshold_sweep,0.1,0.982456140351,0.811594202899,0.888888888889,56,1,13,137,0.811594202899,0.992753623188,0.00724637681159,0.188405797101,0.982456140351,0.811594202899,0.888888888889,0.932367149758,0.574879227053,0.840909090909,0.848838215321,0.804347826087,342,273,69,0,342,0,273,0,69,37,342,0.256756756757,1.72528881811,18.4864864865,15.5454545455,9.77142857143,5.36771015539,0.290358590277,0.142642642643,9.50849154237,1.02869645341,0.544491860281,8.05331334643,0.871264894205,0.461830251304,0.640599570326,0.371299902718,2,1.72528881811,0.640599570326,2,0.344071394247,0.376569037657,810,0.104247104247,0.56957682835,37,37,37,1,0,0.405405405405,0.540540540541,0.0540540540541,37,0.204954954955,1.74539862738,14.7567567568,12.4090909091,7.8,4.28437344963,0.290332999334,0.147312147312,7.41376853995,1.00479646878,0.535194535195,6.58006818333,0.891804112759,0.478764478764,0.65898283658,0.377554345604,2,1.74539862738,0.65898283658,2,0.24872863588,0.250677840769,339,0.0436293436293,0.407232432956,37,37,37,1,0,0.405405405405,0.540540540541,0.0540540540541,37,330,0.247747747748,1.70088715912,17.8378378378,15,9.42857142857,4.69345592592,0.263117983726,0.124406224406,8.90810610368,0.998787654049,0.530057330057,8.30454486805,0.931115636721,0.486814086814,0.604464383312,0.355381825345,1.58176062538,1.70088715912,0.604464383312,1.58176062538,0.297914507744,0.304568527919,600,0.0772200772201,0.586184781468,37,37,37,1,0,0.405405405405,0.540540540541,0.0540540540541,-12,-0.00900900900901,-0.0244016589993,-0.648648648649,-0.545454545455,-0.342857142857,-0.674254229476,-0.0272406065515,-0.0182364182364,-0.600385438698,-0.0299087993663,-0.014434530224,0.251231521616,0.059850742516,0.0249838355102,-0.0361351870145,-0.0159180773732,-0.418239374622,-0.0244016589993,-0.0361351870145,-0.418239374622,-0.0461568865032,-0.0720005097381,-210,-0.027027027027,0.0166079531183,0,0,0,329,1,13,989,0.961988304094,0.99898989899,0.0010101010101,0.0380116959064,0.99696969697,0.961988304094,0.979166666667,0.972418822753,0.960978203083,0.959183673469,57,69,0,0,0,0
3359,WLNM_dir_neg,0.972537282084,0.8872789822,00:00:05,10,80,24,1240364559,threshold_sweep,0.2,0.982142857143,0.797101449275,0.88,55,1,14,137,0.797101449275,0.992753623188,0.00724637681159,0.202898550725,0.982142857143,0.797101449275,0.88,0.927536231884,0.576489533011,0.828897338403,0.838164018242,0.789855072464,342,273,69,0,342,0,273,0,69,37,342,0.256756756757,1.72528881811,18.4864864865,15.5454545455,9.77142857143,5.36771015539,0.290358590277,0.142642642643,9.50849154237,1.02869645341,0.544491860281,8.05331334643,0.871264894205,0.461830251304,0.640599570326,0.371299902718,2,1.72528881811,0.640599570326,2,0.344071394247,0.376569037657,810,0.104247104247,0.56957682835,37,37,37,1,0,0.405405405405,0.540540540541,0.0540540540541,37,0.204954954955,1.74539862738,14.7567567568,12.4090909091,7.8,4.28437344963,0.290332999334,0.147312147312,7.41376853995,1.00479646878,0.535194535195,6.58006818333,0.891804112759,0.478764478764,0.65898283658,0.377554345604,2,1.74539862738,0.65898283658,2,0.24872863588,0.250677840769,339,0.0436293436293,0.407232432956,37,37,37,1,0,0.405405405405,0.540540540541,0.0540540540541,37,329,0.246996996997,1.69996800058,17.7837837838,14.9545454545,9.4,4.71484143209,0.265120262899,0.124702209809,8.84993340773,0.9952812647,0.528711081903,8.32594266863,0.936352215013,0.488950957036,0.603112049509,0.35477847189,1.54775175965,1.69996800058,0.603112049509,1.54775175965,0.293488508581,0.304643646879,597,0.076833976834,0.587208055437,37,37,37,1,0,0.405405405405,0.540540540541,0.0540540540541,-13,-0.00975975975976,-0.0253208175325,-0.702702702703,-0.590909090909,-0.371428571429,-0.652868723306,-0.0252383273786,-0.017940432834,-0.658558134641,-0.0334151887153,-0.0157807783788,0.272629322196,0.0650873208083,0.0271207057321,-0.0374875208173,-0.0165214308276,-0.452248240349,-0.0253208175325,-0.0374875208173,-0.452248240349,-0.050582885666,-0.0719253907782,-213,-0.0274131274131,0.0176312270867,0,0,0,328,1,14,989,0.959064327485,0.99898989899,0.0010101010101,0.0409356725146,0.996960486322,0.959064327485,0.977645305514,0.970448126539,0.958054226475,0.956268221574,56,69,0,0,0,0
3360,WLNM_dir_neg,0.972537282084,0.8872789822,00:00:05,10,80,24,1240364559,threshold_sweep,0.3,0.982142857143,0.797101449275,0.88,55,1,14,137,0.797101449275,0.992753623188,0.00724637681159,0.202898550725,0.982142857143,0.797101449275,0.88,0.927536231884,0.576489533011,0.828897338403,0.838164018242,0.789855072464,342,273,69,0,342,0,273,0,69,37,342,0.256756756757,1.72528881811,18.4864864865,15.5454545455,9.77142857143,5.36771015539,0.290358590277,0.142642642643,9.50849154237,1.02869645341,0.544491860281,8.05331334643,0.871264894205,0.461830251304,0.640599570326,0.371299902718,2,1.72528881811,0.640599570326,2,0.344071394247,0.376569037657,810,0.104247104247,0.56957682835,37,37,37,1,0,0.405405405405,0.540540540541,0.0540540540541,37,0.204954954955,1.74539862738,14.7567567568,12.4090909091,7.8,4.28437344963,0.290332999334,0.147312147312,7.41376853995,1.00479646878,0.535194535195,6.58006818333,0.891804112759,0.478764478764,0.65898283658,0.377554345604,2,1.74539862738,0.65898283658,2,0.24872863588,0.250677840769,339,0.0436293436293,0.407232432956,37,37,37,1,0,0.405405405405,0.540540540541,0.0540540540541,37,329,0.246996996997,1.69996800058,17.7837837838,14.9545454545,9.4,4.71484143209,0.265120262899,0.124702209809,8.84993340773,0.9952812647,0.528711081903,8.32594266863,0.936352215013,0.488950957036,0.603112049509,0.35477847189,1.54775175965,1.69996800058,0.603112049509,1.54775175965,0.293488508581,0.304643646879,597,0.076833976834,0.587208055437,37,37,37,1,0,0.405405405405,0.540540540541,0.0540540540541,-13,-0.00975975975976,-0.0253208175325,-0.702702702703,-0.590909090909,-0.371428571429,-0.652868723306,-0.0252383273786,-0.017940432834,-0.658558134641,-0.0334151887153,-0.0157807783788,0.272629322196,0.0650873208083,0.0271207057321,-0.0374875208173,-0.0165214308276,-0.452248240349,-0.0253208175325,-0.0374875208173,-0.452248240349,-0.050582885666,-0.0719253907782,-213,-0.0274131274131,0.0176312270867,0,0,0,328,1,14,989,0.959064327485,0.99898989899,0.0010101010101,0.0409356725146,0.996960486322,0.959064327485,0.977645305514,0.970448126539,0.958054226475,0.956268221574,56,69,0,0,0,0
3361,WLNM_dir_neg,0.972537282084,0.8872789822,00:00:05,10,80,24,1240364559,threshold_sweep,0.4,0.982142857143,0.797101449275,0.88,55,1,14,137,0.797101449275,0.992753623188,0.00724637681159,0.202898550725,0.982142857143,0.797101449275,0.88,0.927536231884,0.576489533011,0.828897338403,0.838164018242,0.789855072464,342,273,69,0,342,0,273,0,69,37,342,0.256756756757,1.72528881811,18.4864864865,15.5454545455,9.77142857143,5.36771015539,0.290358590277,0.142642642643,9.50849154237,1.02869645341,0.544491860281,8.05331334643,0.871264894205,0.461830251304,0.640599570326,0.371299902718,2,1.72528881811,0.640599570326,2,0.344071394247,0.376569037657,810,0.104247104247,0.56957682835,37,37,37,1,0,0.405405405405,0.540540540541,0.0540540540541,37,0.204954954955,1.74539862738,14.7567567568,12.4090909091,7.8,4.28437344963,0.290332999334,0.147312147312,7.41376853995,1.00479646878,0.535194535195,6.58006818333,0.891804112759,0.478764478764,0.65898283658,0.377554345604,2,1.74539862738,0.65898283658,2,0.24872863588,0.250677840769,339,0.0436293436293,0.407232432956,37,37,37,1,0,0.405405405405,0.540540540541,0.0540540540541,37,329,0.246996996997,1.69996800058,17.7837837838,14.9545454545,9.4,4.71484143209,0.265120262899,0.124702209809,8.84993340773,0.9952812647,0.528711081903,8.32594266863,0.936352215013,0.488950957036,0.603112049509,0.35477847189,1.54775175965,1.69996800058,0.603112049509,1.54775175965,0.293488508581,0.304643646879,597,0.076833976834,0.587208055437,37,37,37,1,0,0.405405405405,0.540540540541,0.0540540540541,-13,-0.00975975975976,-0.0253208175325,-0.702702702703,-0.590909090909,-0.371428571429,-0.652868723306,-0.0252383273786,-0.017940432834,-0.658558134641,-0.0334151887153,-0.0157807783788,0.272629322196,0.0650873208083,0.0271207057321,-0.0374875208173,-0.0165214308276,-0.452248240349,-0.0253208175325,-0.0374875208173,-0.452248240349,-0.050582885666,-0.0719253907782,-213,-0.0274131274131,0.0176312270867,0,0,0,328,1,14,989,0.959064327485,0.99898989899,0.0010101010101,0.0409356725146,0.996960486322,0.959064327485,0.977645305514,0.970448126539,0.958054226475,0.956268221574,56,69,0,0,0,0
3362,WLNM_dir_neg,0.972537282084,0.8872789822,00:00:05,10,80,24,1240364559,threshold_sweep,0.5,1,0.797101449275,0.887096774194,55,0,14,138,0.797101449275,1,0,0.202898550725,1,0.797101449275,0.887096774194,0.932367149758,0.578099838969,0.839694656489,0.850696309223,0.797101449275,342,273,69,0,342,0,273,0,69,37,342,0.256756756757,1.72528881811,18.4864864865,15.5454545455,9.77142857143,5.36771015539,0.290358590277,0.142642642643,9.50849154237,1.02869645341,0.544491860281,8.05331334643,0.871264894205,0.461830251304,0.640599570326,0.371299902718,2,1.72528881811,0.640599570326,2,0.344071394247,0.376569037657,810,0.104247104247,0.56957682835,37,37,37,1,0,0.405405405405,0.540540540541,0.0540540540541,37,0.204954954955,1.74539862738,14.7567567568,12.4090909091,7.8,4.28437344963,0.290332999334,0.147312147312,7.41376853995,1.00479646878,0.535194535195,6.58006818333,0.891804112759,0.478764478764,0.65898283658,0.377554345604,2,1.74539862738,0.65898283658,2,0.24872863588,0.250677840769,339,0.0436293436293,0.407232432956,37,37,37,1,0,0.405405405405,0.540540540541,0.0540540540541,37,328,0.246246246246,1.71540072396,17.7297297297,14.9090909091,9.37142857143,4.78799800803,0.270054765697,0.125741595254,8.87306211131,1.00092468939,0.530652603823,8.29043009929,0.935200956322,0.487475280158,0.628138406083,0.366175901239,2,1.71540072396,0.628138406083,2,0.28447043478,0.304763530818,595,0.0765765765766,0.583119031913,37,37,37,1,0,0.405405405405,0.540540540541,0.0540540540541,-14,-0.0105105105105,-0.00988809415198,-0.756756756757,-0.636363636364,-0.4,-0.579712147361,-0.0203038245802,-0.0169010473889,-0.635429431061,-0.0277717640288,-0.013839256458,0.237116752857,0.0639360621176,0.0256450288543,-0.012461164243,-0.00512400147879,0,-0.00988809415198,-0.012461164243,0,-0.0596009594674,-0.0718055068391,-215,-0.0276705276705,0.0135422035631,0,0,0,328,0,14,990,0.959064327485,1,0,0.0409356725146,1,0.959064327485,0.979104477612,0.972466411003,0.959064327485,0.959064327485,55,69,0,0,0,0
3363,WLNM_dir_neg,0.972537282084,0.8872789822,00:00:05,10,80,24,1240364559,threshold_sweep,0.6,1,0.797101449275,0.887096774194,55,0,14,138,0.797101449275,1,0,0.202898550725,1,0.797101449275,0.887096774194,0.932367149758,0.578099838969,0.839694656489,0.850696309223,0.797101449275,342,273,69,0,342,0,273,0,69,37,342,0.256756756757,1.72528881811,18.4864864865,15.5454545455,9.77142857143,5.36771015539,0.290358590277,0.142642642643,9.50849154237,1.02869645341,0.544491860281,8.05331334643,0.871264894205,0.461830251304,0.640599570326,0.371299902718,2,1.72528881811,0.640599570326,2,0.344071394247,0.376569037657,810,0.104247104247,0.56957682835,37,37,37,1,0,0.405405405405,0.540540540541,0.0540540540541,37,0.204954954955,1.74539862738,14.7567567568,12.4090909091,7.8,4.28437344963,0.290332999334,0.147312147312,7.41376853995,1.00479646878,0.535194535195,6.58006818333,0.891804112759,0.478764478764,0.65898283658,0.377554345604,2,1.74539862738,0.65898283658,2,0.24872863588,0.250677840769,339,0.0436293436293,0.407232432956,37,37,37,1,0,0.405405405405,0.540540540541,0.0540540540541,37,328,0.246246246246,1.71540072396,17.7297297297,14.9090909091,9.37142857143,4.78799800803,0.270054765697,0.125741595254,8.87306211131,1.00092468939,0.530652603823,8.29043009929,0.935200956322,0.487475280158,0.628138406083,0.366175901239,2,1.71540072396,0.628138406083,2,0.28447043478,0.304763530818,595,0.0765765765766,0.583119031913,37,37,37,1,0,0.405405405405,0.540540540541,0.0540540540541,-14,-0.0105105105105,-0.00988809415198,-0.756756756757,-0.636363636364,-0.4,-0.579712147361,-0.0203038245802,-0.0169010473889,-0.635429431061,-0.0277717640288,-0.013839256458,0.237116752857,0.0639360621176,0.0256450288543,-0.012461164243,-0.00512400147879,0,-0.00988809415198,-0.012461164243,0,-0.0596009594674,-0.0718055068391,-215,-0.0276705276705,0.0135422035631,0,0,0,328,0,14,990,0.959064327485,1,0,0.0409356725146,1,0.959064327485,0.979104477612,0.972466411003,0.959064327485,0.959064327485,55,69,0,0,0,0
3364,WLNM_dir_neg,0.972537282084,0.8872789822,00:00:05,10,80,24,1240364559,threshold_sweep,0.7,1,0.797101449275,0.887096774194,55,0,14,138,0.797101449275,1,0,0.202898550725,1,0.797101449275,0.887096774194,0.932367149758,0.578099838969,0.839694656489,0.850696309223,0.797101449275,342,273,69,0,342,0,273,0,69,37,342,0.256756756757,1.72528881811,18.4864864865,15.5454545455,9.77142857143,5.36771015539,0.290358590277,0.142642642643,9.50849154237,1.02869645341,0.544491860281,8.05331334643,0.871264894205,0.461830251304,0.640599570326,0.371299902718,2,1.72528881811,0.640599570326,2,0.344071394247,0.376569037657,810,0.104247104247,0.56957682835,37,37,37,1,0,0.405405405405,0.540540540541,0.0540540540541,37,0.204954954955,1.74539862738,14.7567567568,12.4090909091,7.8,4.28437344963,0.290332999334,0.147312147312,7.41376853995,1.00479646878,0.535194535195,6.58006818333,0.891804112759,0.478764478764,0.65898283658,0.377554345604,2,1.74539862738,0.65898283658,2,0.24872863588,0.250677840769,339,0.0436293436293,0.407232432956,37,37,37,1,0,0.405405405405,0.540540540541,0.0540540540541,37,328,0.246246246246,1.71540072396,17.7297297297,14.9090909091,9.37142857143,4.78799800803,0.270054765697,0.125741595254,8.87306211131,1.00092468939,0.530652603823,8.29043009929,0.935200956322,0.487475280158,0.628138406083,0.366175901239,2,1.71540072396,0.628138406083,2,0.28447043478,0.304763530818,595,0.0765765765766,0.583119031913,37,37,37,1,0,0.405405405405,0.540540540541,0.0540540540541,-14,-0.0105105105105,-0.00988809415198,-0.756756756757,-0.636363636364,-0.4,-0.579712147361,-0.0203038245802,-0.0169010473889,-0.635429431061,-0.0277717640288,-0.013839256458,0.237116752857,0.0639360621176,0.0256450288543,-0.012461164243,-0.00512400147879,0,-0.00988809415198,-0.012461164243,0,-0.0596009594674,-0.0718055068391,-215,-0.0276705276705,0.0135422035631,0,0,0,328,0,14,990,0.959064327485,1,0,0.0409356725146,1,0.959064327485,0.979104477612,0.972466411003,0.959064327485,0.959064327485,55,69,0,0,0,0
3365,WLNM_dir_neg,0.972537282084,0.8872789822,00:00:05,10,80,24,1240364559,threshold_sweep,0.8,1,0.797101449275,0.887096774194,55,0,14,138,0.797101449275,1,0,0.202898550725,1,0.797101449275,0.887096774194,0.932367149758,0.578099838969,0.839694656489,0.850696309223,0.797101449275,342,273,69,0,342,0,273,0,69,37,342,0.256756756757,1.72528881811,18.4864864865,15.5454545455,9.77142857143,5.36771015539,0.290358590277,0.142642642643,9.50849154237,1.02869645341,0.544491860281,8.05331334643,0.871264894205,0.461830251304,0.640599570326,0.371299902718,2,1.72528881811,0.640599570326,2,0.344071394247,0.376569037657,810,0.104247104247,0.56957682835,37,37,37,1,0,0.405405405405,0.540540540541,0.0540540540541,37,0.204954954955,1.74539862738,14.7567567568,12.4090909091,7.8,4.28437344963,0.290332999334,0.147312147312,7.41376853995,1.00479646878,0.535194535195,6.58006818333,0.891804112759,0.478764478764,0.65898283658,0.377554345604,2,1.74539862738,0.65898283658,2,0.24872863588,0.250677840769,339,0.0436293436293,0.407232432956,37,37,37,1,0,0.405405405405,0.540540540541,0.0540540540541,37,328,0.246246246246,1.71540072396,17.7297297297,14.9090909091,9.37142857143,4.78799800803,0.270054765697,0.125741595254,8.87306211131,1.00092468939,0.530652603823,8.29043009929,0.935200956322,0.487475280158,0.628138406083,0.366175901239,2,1.71540072396,0.628138406083,2,0.28447043478,0.304763530818,595,0.0765765765766,0.583119031913,37,37,37,1,0,0.405405405405,0.540540540541,0.0540540540541,-14,-0.0105105105105,-0.00988809415198,-0.756756756757,-0.636363636364,-0.4,-0.579712147361,-0.0203038245802,-0.0169010473889,-0.635429431061,-0.0277717640288,-0.013839256458,0.237116752857,0.0639360621176,0.0256450288543,-0.012461164243,-0.00512400147879,0,-0.00988809415198,-0.012461164243,0,-0.0596009594674,-0.0718055068391,-215,-0.0276705276705,0.0135422035631,0,0,0,328,0,14,990,0.959064327485,1,0,0.0409356725146,1,0.959064327485,0.979104477612,0.972466411003,0.959064327485,0.959064327485,55,69,0,0,0,0
3366,WLNM_dir_neg,0.972537282084,0.8872789822,00:00:05,10,80,24,1240364559,threshold_sweep,0.9,1,0.797101449275,0.887096774194,55,0,14,138,0.797101449275,1,0,0.202898550725,1,0.797101449275,0.887096774194,0.932367149758,0.578099838969,0.839694656489,0.850696309223,0.797101449275,342,273,69,0,342,0,273,0,69,37,342,0.256756756757,1.72528881811,18.4864864865,15.5454545455,9.77142857143,5.36771015539,0.290358590277,0.142642642643,9.50849154237,1.02869645341,0.544491860281,8.05331334643,0.871264894205,0.461830251304,0.640599570326,0.371299902718,2,1.72528881811,0.640599570326,2,0.344071394247,0.376569037657,810,0.104247104247,0.56957682835,37,37,37,1,0,0.405405405405,0.540540540541,0.0540540540541,37,0.204954954955,1.74539862738,14.7567567568,12.4090909091,7.8,4.28437344963,0.290332999334,0.147312147312,7.41376853995,1.00479646878,0.535194535195,6.58006818333,0.891804112759,0.478764478764,0.65898283658,0.377554345604,2,1.74539862738,0.65898283658,2,0.24872863588,0.250677840769,339,0.0436293436293,0.407232432956,37,37,37,1,0,0.405405405405,0.540540540541,0.0540540540541,37,328,0.246246246246,1.71540072396,17.7297297297,14.9090909091,9.37142857143,4.78799800803,0.270054765697,0.125741595254,8.87306211131,1.00092468939,0.530652603823,8.29043009929,0.935200956322,0.487475280158,0.628138406083,0.366175901239,2,1.71540072396,0.628138406083,2,0.28447043478,0.304763530818,595,0.0765765765766,0.583119031913,37,37,37,1,0,0.405405405405,0.540540540541,0.0540540540541,-14,-0.0105105105105,-0.00988809415198,-0.756756756757,-0.636363636364,-0.4,-0.579712147361,-0.0203038245802,-0.0169010473889,-0.635429431061,-0.0277717640288,-0.013839256458,0.237116752857,0.0639360621176,0.0256450288543,-0.012461164243,-0.00512400147879,0,-0.00988809415198,-0.012461164243,0,-0.0596009594674,-0.0718055068391,-215,-0.0276705276705,0.0135422035631,0,0,0,328,0,14,990,0.959064327485,1,0,0.0409356725146,1,0.959064327485,0.979104477612,0.972466411003,0.959064327485,0.959064327485,55,69,0,0,0,0
3367,WLNM_dir_neg,0.985402226423,0.905300945576,00:00:05,10,80,25,1240364560,threshold_sweep,0.1,1,0.811594202899,0.896,56,0,13,138,0.811594202899,1,0,0.188405797101,1,0.811594202899,0.896,0.937198067633,0.576489533011,0.851711026616,0.861232752689,0.811594202899,342,273,69,0,342,0,273,0,69,37,342,0.256756756757,1.72528881811,18.4864864865,15.5454545455,9.77142857143,5.36771015539,0.290358590277,0.142642642643,9.50849154237,1.02869645341,0.544491860281,8.05331334643,0.871264894205,0.461830251304,0.640599570326,0.371299902718,2,1.72528881811,0.640599570326,2,0.344071394247,0.376569037657,810,0.104247104247,0.56957682835,37,37,37,1,0,0.405405405405,0.540540540541,0.0540540540541,37,0.204954954955,1.73552094686,14.7567567568,12.4090909091,7.8,3.86152967248,0.261678750699,0.130977130977,7.2890761164,0.987896763028,0.524304524305,6.68061603676,0.90543147751,0.486882486882,0.649094594253,0.374005623744,2,1.73552094686,0.649094594253,2,0.215985184871,0.22972972973,306,0.0393822393822,0.414861578975,37,37,37,1,0,0.405405405405,0.540540540541,0.0540540540541,37,329,0.246996996997,1.71906689492,17.7837837838,14.9545454545,9.4,4.8656113875,0.27359820872,0.133820750842,8.91871871647,1.00301699851,0.532489936745,8.13355117121,0.91471548126,0.48336482379,0.632750554095,0.368077912479,2,1.71906689492,0.632750554095,2,0.29637481527,0.324530218385,639,0.0822393822394,0.566593100867,37,37,37,1,0,0.405405405405,0.540540540541,0.0540540540541,-13,-0.00975975975976,-0.00622192319267,-0.702702702703,-0.590909090909,-0.371428571429,-0.502098767893,-0.0167603815575,-0.00882189180062,-0.589772825903,-0.0256794549058,-0.0120019235361,0.0802378247735,0.0434505870556,0.0215345724864,-0.0078490162314,-0.00322199023878,0,-0.00622192319267,-0.0078490162314,0,-0.0476965789777,-0.0520388192719,-171,-0.0220077220077,-0.00298372748279,0,0,0,329,0,13,990,0.961988304094,1,0,0.0380116959064,1,0.961988304094,0.980625931446,0.974433097482,0.961988304094,0.961988304094,56,69,0,0,0,0
3368,WLNM_dir_neg,0.985402226423,0.905300945576,00:00:05,10,80,25,1240364560,threshold_sweep,0.2,1,0.797101449275,0.887096774194,55,0,14,138,0.797101449275,1,0,0.202898550725,1,0.797101449275,0.887096774194,0.932367149758,0.578099838969,0.839694656489,0.850696309223,0.797101449275,342,273,69,0,342,0,273,0,69,37,342,0.256756756757,1.72528881811,18.4864864865,15.5454545455,9.77142857143,5.36771015539,0.290358590277,0.142642642643,9.50849154237,1.02869645341,0.544491860281,8.05331334643,0.871264894205,0.461830251304,0.640599570326,0.371299902718,2,1.72528881811,0.640599570326,2,0.344071394247,0.376569037657,810,0.104247104247,0.56957682835,37,37,37,1,0,0.405405405405,0.540540540541,0.0540540540541,37,0.204954954955,1.73552094686,14.7567567568,12.4090909091,7.8,3.86152967248,0.261678750699,0.130977130977,7.2890761164,0.987896763028,0.524304524305,6.68061603676,0.90543147751,0.486882486882,0.649094594253,0.374005623744,2,1.73552094686,0.649094594253,2,0.215985184871,0.22972972973,306,0.0393822393822,0.414861578975,37,37,37,1,0,0.405405405405,0.540540540541,0.0540540540541,37,328,0.246246246246,1.71855647453,17.7297297297,14.9090909091,9.37142857143,4.85711762176,0.273953280495,0.133981542518,8.86679875266,1.00021815198,0.531147000659,8.12801110756,0.916879301767,0.484179301252,0.632087271195,0.367801280063,2,1.71855647453,0.632087271195,2,0.286694773416,0.323454266735,633,0.0814671814672,0.565928147852,37,37,37,1,0,0.405405405405,0.540540540541,0.0540540540541,-14,-0.0105105105105,-0.00673234358187,-0.756756756757,-0.636363636364,-0.4,-0.510592533635,-0.0164053097816,-0.00866110012451,-0.641692789718,-0.0284783014383,-0.0133448596221,0.0746977611224,0.0456144075622,0.0223490499485,-0.00851229913155,-0.00349862265433,0,-0.00673234358187,-0.00851229913155,0,-0.0573766208317,-0.0531147709221,-177,-0.0227799227799,-0.00364868049791,0,0,0,328,0,14,990,0.959064327485,1,0,0.0409356725146,1,0.959064327485,0.979104477612,0.972466411003,0.959064327485,0.959064327485,55,69,0,0,0,0
3369,WLNM_dir_neg,0.985402226423,0.905300945576,00:00:05,10,80,25,1240364560,threshold_sweep,0.3,1,0.768115942029,0.868852459016,53,0,16,138,0.768115942029,1,0,0.231884057971,1,0.768115942029,0.868852459016,0.92270531401,0.581320450886,0.815384615385,0.829645519672,0.768115942029,342,273,69,0,342,0,273,0,69,37,342,0.256756756757,1.72528881811,18.4864864865,15.5454545455,9.77142857143,5.36771015539,0.290358590277,0.142642642643,9.50849154237,1.02869645341,0.544491860281,8.05331334643,0.871264894205,0.461830251304,0.640599570326,0.371299902718,2,1.72528881811,0.640599570326,2,0.344071394247,0.376569037657,810,0.104247104247,0.56957682835,37,37,37,1,0,0.405405405405,0.540540540541,0.0540540540541,37,0.204954954955,1.73552094686,14.7567567568,12.4090909091,7.8,3.86152967248,0.261678750699,0.130977130977,7.2890761164,0.987896763028,0.524304524305,6.68061603676,0.90543147751,0.486882486882,0.649094594253,0.374005623744,2,1.73552094686,0.649094594253,2,0.215985184871,0.22972972973,306,0.0393822393822,0.414861578975,37,37,37,1,0,0.405405405405,0.540540540541,0.0540540540541,37,326,0.244744744745,1.7158318387,17.6216216216,14.8181818182,9.31428571429,4.76883022782,0.270623801272,0.131404410546,8.8060517002,0.999459855544,0.530426131653,8.16101109558,0.926249725571,0.487481346377,0.629160369471,0.366679505113,2,1.7158318387,0.629160369471,2,0.276778023249,0.30989808257,598,0.0769626769627,0.568382171778,37,37,37,1,0,0.405405405405,0.540540540541,0.0540540540541,-16,-0.012012012012,-0.00945697941424,-0.864864864865,-0.727272727273,-0.457142857143,-0.598879927576,-0.0197347890053,-0.0112382320971,-0.702439842177,-0.0292365978709,-0.0140657286282,0.107697749141,0.0549848313665,0.0256510950731,-0.0114392008549,-0.00462039760515,0,-0.00945697941424,-0.0114392008549,0,-0.0672933709988,-0.0666709550865,-212,-0.0272844272844,-0.00119465657208,0,0,0,326,0,16,990,0.953216374269,1,0,0.046783625731,1,0.953216374269,0.976047904192,0.968532846771,0.953216374269,0.953216374269,53,69,0,0,0,0
3370,WLNM_dir_neg,0.985402226423,0.905300945576,00:00:05,10,80,25,1240364560,threshold_sweep,0.4,1,0.768115942029,0.868852459016,53,0,16,138,0.768115942029,1,0,0.231884057971,1,0.768115942029,0.868852459016,0.92270531401,0.581320450886,0.815384615385,0.829645519672,0.768115942029,342,273,69,0,342,0,273,0,69,37,342,0.256756756757,1.72528881811,18.4864864865,15.5454545455,9.77142857143,5.36771015539,0.290358590277,0.142642642643,9.50849154237,1.02869645341,0.544491860281,8.05331334643,0.871264894205,0.461830251304,0.640599570326,0.371299902718,2,1.72528881811,0.640599570326,2,0.344071394247,0.376569037657,810,0.104247104247,0.56957682835,37,37,37,1,0,0.405405405405,0.540540540541,0.0540540540541,37,0.204954954955,1.73552094686,14.7567567568,12.4090909091,7.8,3.86152967248,0.261678750699,0.130977130977,7.2890761164,0.987896763028,0.524304524305,6.68061603676,0.90543147751,0.486882486882,0.649094594253,0.374005623744,2,1.73552094686,0.649094594253,2,0.215985184871,0.22972972973,306,0.0393822393822,0.414861578975,37,37,37,1,0,0.405405405405,0.540540540541,0.0540540540541,37,326,0.244744744745,1.7158318387,17.6216216216,14.8181818182,9.31428571429,4.76883022782,0.270623801272,0.131404410546,8.8060517002,0.999459855544,0.530426131653,8.16101109558,0.926249725571,0.487481346377,0.629160369471,0.366679505113,2,1.7158318387,0.629160369471,2,0.276778023249,0.30989808257,598,0.0769626769627,0.568382171778,37,37,37,1,0,0.405405405405,0.540540540541,0.0540540540541,-16,-0.012012012012,-0.00945697941424,-0.864864864865,-0.727272727273,-0.457142857143,-0.598879927576,-0.0197347890053,-0.0112382320971,-0.702439842177,-0.0292365978709,-0.0140657286282,0.107697749141,0.0549848313665,0.0256510950731,-0.0114392008549,-0.00462039760515,0,-0.00945697941424,-0.0114392008549,0,-0.0672933709988,-0.0666709550865,-212,-0.0272844272844,-0.00119465657208,0,0,0,326,0,16,990,0.953216374269,1,0,0.046783625731,1,0.953216374269,0.976047904192,0.968532846771,0.953216374269,0.953216374269,53,69,0,0,0,0
3371,WLNM_dir_neg,0.985402226423,0.905300945576,00:00:05,10,80,25,1240364560,threshold_sweep,0.5,1,0.768115942029,0.868852459016,53,0,16,138,0.768115942029,1,0,0.231884057971,1,0.768115942029,0.868852459016,0.92270531401,0.581320450886,0.815384615385,0.829645519672,0.768115942029,342,273,69,0,342,0,273,0,69,37,342,0.256756756757,1.72528881811,18.4864864865,15.5454545455,9.77142857143,5.36771015539,0.290358590277,0.142642642643,9.50849154237,1.02869645341,0.544491860281,8.05331334643,0.871264894205,0.461830251304,0.640599570326,0.371299902718,2,1.72528881811,0.640599570326,2,0.344071394247,0.376569037657,810,0.104247104247,0.56957682835,37,37,37,1,0,0.405405405405,0.540540540541,0.0540540540541,37,0.204954954955,1.73552094686,14.7567567568,12.4090909091,7.8,3.86152967248,0.261678750699,0.130977130977,7.2890761164,0.987896763028,0.524304524305,6.68061603676,0.90543147751,0.486882486882,0.649094594253,0.374005623744,2,1.73552094686,0.649094594253,2,0.215985184871,0.22972972973,306,0.0393822393822,0.414861578975,37,37,37,1,0,0.405405405405,0.540540540541,0.0540540540541,37,326,0.244744744745,1.7158318387,17.6216216216,14.8181818182,9.31428571429,4.76883022782,0.270623801272,0.131404410546,8.8060517002,0.999459855544,0.530426131653,8.16101109558,0.926249725571,0.487481346377,0.629160369471,0.366679505113,2,1.7158318387,0.629160369471,2,0.276778023249,0.30989808257,598,0.0769626769627,0.568382171778,37,37,37,1,0,0.405405405405,0.540540540541,0.0540540540541,-16,-0.012012012012,-0.00945697941424,-0.864864864865,-0.727272727273,-0.457142857143,-0.598879927576,-0.0197347890053,-0.0112382320971,-0.702439842177,-0.0292365978709,-0.0140657286282,0.107697749141,0.0549848313665,0.0256510950731,-0.0114392008549,-0.00462039760515,0,-0.00945697941424,-0.0114392008549,0,-0.0672933709988,-0.0666709550865,-212,-0.0272844272844,-0.00119465657208,0,0,0,326,0,16,990,0.953216374269,1,0,0.046783625731,1,0.953216374269,0.976047904192,0.968532846771,0.953216374269,0.953216374269,53,69,0,0,0,0
3372,WLNM_dir_neg,0.985402226423,0.905300945576,00:00:05,10,80,25,1240364560,threshold_sweep,0.6,1,0.753623188406,0.859504132231,52,0,17,138,0.753623188406,1,0,0.246376811594,1,0.753623188406,0.859504132231,0.917874396135,0.582930756844,0.803088803089,0.819126206354,0.753623188406,342,273,69,0,342,0,273,0,69,37,342,0.256756756757,1.72528881811,18.4864864865,15.5454545455,9.77142857143,5.36771015539,0.290358590277,0.142642642643,9.50849154237,1.02869645341,0.544491860281,8.05331334643,0.871264894205,0.461830251304,0.640599570326,0.371299902718,2,1.72528881811,0.640599570326,2,0.344071394247,0.376569037657,810,0.104247104247,0.56957682835,37,37,37,1,0,0.405405405405,0.540540540541,0.0540540540541,37,0.204954954955,1.73552094686,14.7567567568,12.4090909091,7.8,3.86152967248,0.261678750699,0.130977130977,7.2890761164,0.987896763028,0.524304524305,6.68061603676,0.90543147751,0.486882486882,0.649094594253,0.374005623744,2,1.73552094686,0.649094594253,2,0.215985184871,0.22972972973,306,0.0393822393822,0.414861578975,37,37,37,1,0,0.405405405405,0.540540540541,0.0540540540541,37,325,0.243993993994,1.71508544276,17.5675675676,14.7727272727,9.28571428571,4.76993210143,0.271519211928,0.131642411642,8.76272134016,0.997602121803,0.529230769231,8.15861894337,0.928827387399,0.488316008316,0.628287672714,0.366330246324,2,1.71508544276,0.628287672714,2,0.275985697559,0.309122502172,593,0.0763191763192,0.567968834637,37,37,37,1,0,0.405405405405,0.540540540541,0.0540540540541,-17,-0.0127627627628,-0.0102033753532,-0.918918918919,-0.772727272727,-0.485714285714,-0.597778053963,-0.0188393783496,-0.0110002310002,-0.745770202215,-0.031094331612,-0.0152610910506,0.105305596933,0.0575624931938,0.0264857570121,-0.0123118976121,-0.00496965639351,0,-0.0102033753532,-0.0123118976121,0,-0.0680856966888,-0.0674465354849,-217,-0.0279279279279,-0.00160799371307,0,0,0,325,0,17,990,0.950292397661,1,0,0.0497076023392,1,0.950292397661,0.974512743628,0.966565944778,0.950292397661,0.950292397661,52,69,0,0,0,0
3373,WLNM_dir_neg,0.985402226423,0.905300945576,00:00:05,10,80,25,1240364560,threshold_sweep,0.7,1,0.753623188406,0.859504132231,52,0,17,138,0.753623188406,1,0,0.246376811594,1,0.753623188406,0.859504132231,0.917874396135,0.582930756844,0.803088803089,0.819126206354,0.753623188406,342,273,69,0,342,0,273,0,69,37,342,0.256756756757,1.72528881811,18.4864864865,15.5454545455,9.77142857143,5.36771015539,0.290358590277,0.142642642643,9.50849154237,1.02869645341,0.544491860281,8.05331334643,0.871264894205,0.461830251304,0.640599570326,0.371299902718,2,1.72528881811,0.640599570326,2,0.344071394247,0.376569037657,810,0.104247104247,0.56957682835,37,37,37,1,0,0.405405405405,0.540540540541,0.0540540540541,37,0.204954954955,1.73552094686,14.7567567568,12.4090909091,7.8,3.86152967248,0.261678750699,0.130977130977,7.2890761164,0.987896763028,0.524304524305,6.68061603676,0.90543147751,0.486882486882,0.649094594253,0.374005623744,2,1.73552094686,0.649094594253,2,0.215985184871,0.22972972973,306,0.0393822393822,0.414861578975,37,37,37,1,0,0.405405405405,0.540540540541,0.0540540540541,37,325,0.243993993994,1.71508544276,17.5675675676,14.7727272727,9.28571428571,4.76993210143,0.271519211928,0.131642411642,8.76272134016,0.997602121803,0.529230769231,8.15861894337,0.928827387399,0.488316008316,0.628287672714,0.366330246324,2,1.71508544276,0.628287672714,2,0.275985697559,0.309122502172,593,0.0763191763192,0.567968834637,37,37,37,1,0,0.405405405405,0.540540540541,0.0540540540541,-17,-0.0127627627628,-0.0102033753532,-0.918918918919,-0.772727272727,-0.485714285714,-0.597778053963,-0.0188393783496,-0.0110002310002,-0.745770202215,-0.031094331612,-0.0152610910506,0.105305596933,0.0575624931938,0.0264857570121,-0.0123118976121,-0.00496965639351,0,-0.0102033753532,-0.0123118976121,0,-0.0680856966888,-0.0674465354849,-217,-0.0279279279279,-0.00160799371307,0,0,0,325,0,17,990,0.950292397661,1,0,0.0497076023392,1,0.950292397661,0.974512743628,0.966565944778,0.950292397661,0.950292397661,52,69,0,0,0,0
3374,WLNM_dir_neg,0.985402226423,0.905300945576,00:00:05,10,80,25,1240364560,threshold_sweep,0.8,1,0.753623188406,0.859504132231,52,0,17,138,0.753623188406,1,0,0.246376811594,1,0.753623188406,0.859504132231,0.917874396135,0.582930756844,0.803088803089,0.819126206354,0.753623188406,342,273,69,0,342,0,273,0,69,37,342,0.256756756757,1.72528881811,18.4864864865,15.5454545455,9.77142857143,5.36771015539,0.290358590277,0.142642642643,9.50849154237,1.02869645341,0.544491860281,8.05331334643,0.871264894205,0.461830251304,0.640599570326,0.371299902718,2,1.72528881811,0.640599570326,2,0.344071394247,0.376569037657,810,0.104247104247,0.56957682835,37,37,37,1,0,0.405405405405,0.540540540541,0.0540540540541,37,0.204954954955,1.73552094686,14.7567567568,12.4090909091,7.8,3.86152967248,0.261678750699,0.130977130977,7.2890761164,0.987896763028,0.524304524305,6.68061603676,0.90543147751,0.486882486882,0.649094594253,0.374005623744,2,1.73552094686,0.649094594253,2,0.215985184871,0.22972972973,306,0.0393822393822,0.414861578975,37,37,37,1,0,0.405405405405,0.540540540541,0.0540540540541,37,325,0.243993993994,1.71508544276,17.5675675676,14.7727272727,9.28571428571,4.76993210143,0.271519211928,0.131642411642,8.76272134016,0.997602121803,0.529230769231,8.15861894337,0.928827387399,0.488316008316,0.628287672714,0.366330246324,2,1.71508544276,0.628287672714,2,0.275985697559,0.309122502172,593,0.0763191763192,0.567968834637,37,37,37,1,0,0.405405405405,0.540540540541,0.0540540540541,-17,-0.0127627627628,-0.0102033753532,-0.918918918919,-0.772727272727,-0.485714285714,-0.597778053963,-0.0188393783496,-0.0110002310002,-0.745770202215,-0.031094331612,-0.0152610910506,0.105305596933,0.0575624931938,0.0264857570121,-0.0123118976121,-0.00496965639351,0,-0.0102033753532,-0.0123118976121,0,-0.0680856966888,-0.0674465354849,-217,-0.0279279279279,-0.00160799371307,0,0,0,325,0,17,990,0.950292397661,1,0,0.0497076023392,1,0.950292397661,0.974512743628,0.966565944778,0.950292397661,0.950292397661,52,69,0,0,0,0
3375,WLNM_dir_neg,0.985402226423,0.905300945576,00:00:05,10,80,25,1240364560,threshold_sweep,0.9,1,0.753623188406,0.859504132231,52,0,17,138,0.753623188406,1,0,0.246376811594,1,0.753623188406,0.859504132231,0.917874396135,0.582930756844,0.803088803089,0.819126206354,0.753623188406,342,273,69,0,342,0,273,0,69,37,342,0.256756756757,1.72528881811,18.4864864865,15.5454545455,9.77142857143,5.36771015539,0.290358590277,0.142642642643,9.50849154237,1.02869645341,0.544491860281,8.05331334643,0.871264894205,0.461830251304,0.640599570326,0.371299902718,2,1.72528881811,0.640599570326,2,0.344071394247,0.376569037657,810,0.104247104247,0.56957682835,37,37,37,1,0,0.405405405405,0.540540540541,0.0540540540541,37,0.204954954955,1.73552094686,14.7567567568,12.4090909091,7.8,3.86152967248,0.261678750699,0.130977130977,7.2890761164,0.987896763028,0.524304524305,6.68061603676,0.90543147751,0.486882486882,0.649094594253,0.374005623744,2,1.73552094686,0.649094594253,2,0.215985184871,0.22972972973,306,0.0393822393822,0.414861578975,37,37,37,1,0,0.405405405405,0.540540540541,0.0540540540541,37,325,0.243993993994,1.71508544276,17.5675675676,14.7727272727,9.28571428571,4.76993210143,0.271519211928,0.131642411642,8.76272134016,0.997602121803,0.529230769231,8.15861894337,0.928827387399,0.488316008316,0.628287672714,0.366330246324,2,1.71508544276,0.628287672714,2,0.275985697559,0.309122502172,593,0.0763191763192,0.567968834637,37,37,37,1,0,0.405405405405,0.540540540541,0.0540540540541,-17,-0.0127627627628,-0.0102033753532,-0.918918918919,-0.772727272727,-0.485714285714,-0.597778053963,-0.0188393783496,-0.0110002310002,-0.745770202215,-0.031094331612,-0.0152610910506,0.105305596933,0.0575624931938,0.0264857570121,-0.0123118976121,-0.00496965639351,0,-0.0102033753532,-0.0123118976121,0,-0.0680856966888,-0.0674465354849,-217,-0.0279279279279,-0.00160799371307,0,0,0,325,0,17,990,0.950292397661,1,0,0.0497076023392,1,0.950292397661,0.974512743628,0.966565944778,0.950292397661,0.950292397661,52,69,0,0,0,0
3376,WLNM_dir_neg,0.990128124344,0.288905800123,00:00:05,10,80,26,1240364561,threshold_sweep,0.1,0.984615384615,0.927536231884,0.955223880597,64,1,5,137,0.927536231884,0.992753623188,0.00724637681159,0.0724637681159,0.984615384615,0.927536231884,0.955223880597,0.971014492754,0.561996779388,0.933823529412,0.934733639733,0.920289855072,342,273,69,0,342,0,273,0,69,37,342,0.256756756757,1.72528881811,18.4864864865,15.5454545455,9.77142857143,5.36771015539,0.290358590277,0.142642642643,9.50849154237,1.02869645341,0.544491860281,8.05331334643,0.871264894205,0.461830251304,0.640599570326,0.371299902718,2,1.72528881811,0.640599570326,2,0.344071394247,0.376569037657,810,0.104247104247,0.56957682835,37,37,37,1,0,0.405405405405,0.540540540541,0.0540540540541,37,0.204954954955,1.74206187607,14.7567567568,12.4090909091,7.8,4.19262186204,0.284115400908,0.14355014355,7.33087591913,0.993561937758,0.525096525097,6.57161975362,0.890659087487,0.478962478962,0.657992282753,0.377708904484,2,1.74206187607,0.657992282753,2,0.226701735216,0.23447934702,316,0.0406692406692,0.414984138554,37,37,37,1,0,0.405405405405,0.540540540541,0.0540540540541,37,338,0.253753753754,1.72283284753,18.2702702703,15.3636363636,9.38888888889,5.42447462202,0.296901717477,0.142891412122,9.42856817857,1.03212136866,0.543419158804,8.05247429939,0.88148387301,0.463137693907,0.638048392276,0.370348402163,2,1.72283284753,0.638048392276,2,0.33705459584,0.366281828246,772,0.0993564993565,0.570924129978,37,37,37,1,0,0.405405405405,0.567567567568,0.027027027027,-4,-0.003003003003,-0.00245597058519,-0.216216216216,-0.181818181818,-0.38253968254,0.0567644666254,0.00654312720023,0.000248769479539,-0.0799233638071,0.00342491524496,-0.00107270147756,-0.000839047043874,0.0102189788053,0.00130744260299,-0.00255117804958,-0.000951500554782,0,-0.00245597058519,-0.00255117804958,0,-0.00701679840732,-0.0102872094108,-38,-0.0048906048906,0.00134730162779,0,0.027027027027,-0.027027027027,337,1,5,989,0.985380116959,0.99898989899,0.0010101010101,0.0146198830409,0.997041420118,0.985380116959,0.991176470588,0.988183241705,0.984370015949,0.98250728863,65,69,0,0,0,0
3377,WLNM_dir_neg,0.990128124344,0.288905800123,00:00:05,10,80,26,1240364561,threshold_sweep,0.2,0.984615384615,0.927536231884,0.955223880597,64,1,5,137,0.927536231884,0.992753623188,0.00724637681159,0.0724637681159,0.984615384615,0.927536231884,0.955223880597,0.971014492754,0.561996779388,0.933823529412,0.934733639733,0.920289855072,342,273,69,0,342,0,273,0,69,37,342,0.256756756757,1.72528881811,18.4864864865,15.5454545455,9.77142857143,5.36771015539,0.290358590277,0.142642642643,9.50849154237,1.02869645341,0.544491860281,8.05331334643,0.871264894205,0.461830251304,0.640599570326,0.371299902718,2,1.72528881811,0.640599570326,2,0.344071394247,0.376569037657,810,0.104247104247,0.56957682835,37,37,37,1,0,0.405405405405,0.540540540541,0.0540540540541,37,0.204954954955,1.74206187607,14.7567567568,12.4090909091,7.8,4.19262186204,0.284115400908,0.14355014355,7.33087591913,0.993561937758,0.525096525097,6.57161975362,0.890659087487,0.478962478962,0.657992282753,0.377708904484,2,1.74206187607,0.657992282753,2,0.226701735216,0.23447934702,316,0.0406692406692,0.414984138554,37,37,37,1,0,0.405405405405,0.540540540541,0.0540540540541,37,338,0.253753753754,1.72283284753,18.2702702703,15.3636363636,9.38888888889,5.42447462202,0.296901717477,0.142891412122,9.42856817857,1.03212136866,0.543419158804,8.05247429939,0.88148387301,0.463137693907,0.638048392276,0.370348402163,2,1.72283284753,0.638048392276,2,0.33705459584,0.366281828246,772,0.0993564993565,0.570924129978,37,37,37,1,0,0.405405405405,0.567567567568,0.027027027027,-4,-0.003003003003,-0.00245597058519,-0.216216216216,-0.181818181818,-0.38253968254,0.0567644666254,0.00654312720023,0.000248769479539,-0.0799233638071,0.00342491524496,-0.00107270147756,-0.000839047043874,0.0102189788053,0.00130744260299,-0.00255117804958,-0.000951500554782,0,-0.00245597058519,-0.00255117804958,0,-0.00701679840732,-0.0102872094108,-38,-0.0048906048906,0.00134730162779,0,0.027027027027,-0.027027027027,337,1,5,989,0.985380116959,0.99898989899,0.0010101010101,0.0146198830409,0.997041420118,0.985380116959,0.991176470588,0.988183241705,0.984370015949,0.98250728863,65,69,0,0,0,0
3378,WLNM_dir_neg,0.990128124344,0.288905800123,00:00:05,10,80,26,1240364561,threshold_sweep,0.3,0.984615384615,0.927536231884,0.955223880597,64,1,5,137,0.927536231884,0.992753623188,0.00724637681159,0.0724637681159,0.984615384615,0.927536231884,0.955223880597,0.971014492754,0.561996779388,0.933823529412,0.934733639733,0.920289855072,342,273,69,0,342,0,273,0,69,37,342,0.256756756757,1.72528881811,18.4864864865,15.5454545455,9.77142857143,5.36771015539,0.290358590277,0.142642642643,9.50849154237,1.02869645341,0.544491860281,8.05331334643,0.871264894205,0.461830251304,0.640599570326,0.371299902718,2,1.72528881811,0.640599570326,2,0.344071394247,0.376569037657,810,0.104247104247,0.56957682835,37,37,37,1,0,0.405405405405,0.540540540541,0.0540540540541,37,0.204954954955,1.74206187607,14.7567567568,12.4090909091,7.8,4.19262186204,0.284115400908,0.14355014355,7.33087591913,0.993561937758,0.525096525097,6.57161975362,0.890659087487,0.478962478962,0.657992282753,0.377708904484,2,1.74206187607,0.657992282753,2,0.226701735216,0.23447934702,316,0.0406692406692,0.414984138554,37,37,37,1,0,0.405405405405,0.540540540541,0.0540540540541,37,338,0.253753753754,1.72283284753,18.2702702703,15.3636363636,9.38888888889,5.42447462202,0.296901717477,0.142891412122,9.42856817857,1.03212136866,0.543419158804,8.05247429939,0.88148387301,0.463137693907,0.638048392276,0.370348402163,2,1.72283284753,0.638048392276,2,0.33705459584,0.366281828246,772,0.0993564993565,0.570924129978,37,37,37,1,0,0.405405405405,0.567567567568,0.027027027027,-4,-0.003003003003,-0.00245597058519,-0.216216216216,-0.181818181818,-0.38253968254,0.0567644666254,0.00654312720023,0.000248769479539,-0.0799233638071,0.00342491524496,-0.00107270147756,-0.000839047043874,0.0102189788053,0.00130744260299,-0.00255117804958,-0.000951500554782,0,-0.00245597058519,-0.00255117804958,0,-0.00701679840732,-0.0102872094108,-38,-0.0048906048906,0.00134730162779,0,0.027027027027,-0.027027027027,337,1,5,989,0.985380116959,0.99898989899,0.0010101010101,0.0146198830409,0.997041420118,0.985380116959,0.991176470588,0.988183241705,0.984370015949,0.98250728863,65,69,0,0,0,0
3379,WLNM_dir_neg,0.990128124344,0.288905800123,00:00:05,10,80,26,1240364561,threshold_sweep,0.4,0.984615384615,0.927536231884,0.955223880597,64,1,5,137,0.927536231884,0.992753623188,0.00724637681159,0.0724637681159,0.984615384615,0.927536231884,0.955223880597,0.971014492754,0.561996779388,0.933823529412,0.934733639733,0.920289855072,342,273,69,0,342,0,273,0,69,37,342,0.256756756757,1.72528881811,18.4864864865,15.5454545455,9.77142857143,5.36771015539,0.290358590277,0.142642642643,9.50849154237,1.02869645341,0.544491860281,8.05331334643,0.871264894205,0.461830251304,0.640599570326,0.371299902718,2,1.72528881811,0.640599570326,2,0.344071394247,0.376569037657,810,0.104247104247,0.56957682835,37,37,37,1,0,0.405405405405,0.540540540541,0.0540540540541,37,0.204954954955,1.74206187607,14.7567567568,12.4090909091,7.8,4.19262186204,0.284115400908,0.14355014355,7.33087591913,0.993561937758,0.525096525097,6.57161975362,0.890659087487,0.478962478962,0.657992282753,0.377708904484,2,1.74206187607,0.657992282753,2,0.226701735216,0.23447934702,316,0.0406692406692,0.414984138554,37,37,37,1,0,0.405405405405,0.540540540541,0.0540540540541,37,338,0.253753753754,1.72283284753,18.2702702703,15.3636363636,9.38888888889,5.42447462202,0.296901717477,0.142891412122,9.42856817857,1.03212136866,0.543419158804,8.05247429939,0.88148387301,0.463137693907,0.638048392276,0.370348402163,2,1.72283284753,0.638048392276,2,0.33705459584,0.366281828246,772,0.0993564993565,0.570924129978,37,37,37,1,0,0.405405405405,0.567567567568,0.027027027027,-4,-0.003003003003,-0.00245597058519,-0.216216216216,-0.181818181818,-0.38253968254,0.0567644666254,0.00654312720023,0.000248769479539,-0.0799233638071,0.00342491524496,-0.00107270147756,-0.000839047043874,0.0102189788053,0.00130744260299,-0.00255117804958,-0.000951500554782,0,-0.00245597058519,-0.00255117804958,0,-0.00701679840732,-0.0102872094108,-38,-0.0048906048906,0.00134730162779,0,0.027027027027,-0.027027027027,337,1,5,989,0.985380116959,0.99898989899,0.0010101010101,0.0146198830409,0.997041420118,0.985380116959,0.991176470588,0.988183241705,0.984370015949,0.98250728863,65,69,0,0,0,0
3380,WLNM_dir_neg,0.990128124344,0.288905800123,00:00:05,10,80,26,1240364561,threshold_sweep,0.5,0.984615384615,0.927536231884,0.955223880597,64,1,5,137,0.927536231884,0.992753623188,0.00724637681159,0.0724637681159,0.984615384615,0.927536231884,0.955223880597,0.971014492754,0.561996779388,0.933823529412,0.934733639733,0.920289855072,342,273,69,0,342,0,273,0,69,37,342,0.256756756757,1.72528881811,18.4864864865,15.5454545455,9.77142857143,5.36771015539,0.290358590277,0.142642642643,9.50849154237,1.02869645341,0.544491860281,8.05331334643,0.871264894205,0.461830251304,0.640599570326,0.371299902718,2,1.72528881811,0.640599570326,2,0.344071394247,0.376569037657,810,0.104247104247,0.56957682835,37,37,37,1,0,0.405405405405,0.540540540541,0.0540540540541,37,0.204954954955,1.74206187607,14.7567567568,12.4090909091,7.8,4.19262186204,0.284115400908,0.14355014355,7.33087591913,0.993561937758,0.525096525097,6.57161975362,0.890659087487,0.478962478962,0.657992282753,0.377708904484,2,1.74206187607,0.657992282753,2,0.226701735216,0.23447934702,316,0.0406692406692,0.414984138554,37,37,37,1,0,0.405405405405,0.540540540541,0.0540540540541,37,338,0.253753753754,1.72283284753,18.2702702703,15.3636363636,9.38888888889,5.42447462202,0.296901717477,0.142891412122,9.42856817857,1.03212136866,0.543419158804,8.05247429939,0.88148387301,0.463137693907,0.638048392276,0.370348402163,2,1.72283284753,0.638048392276,2,0.33705459584,0.366281828246,772,0.0993564993565,0.570924129978,37,37,37,1,0,0.405405405405,0.567567567568,0.027027027027,-4,-0.003003003003,-0.00245597058519,-0.216216216216,-0.181818181818,-0.38253968254,0.0567644666254,0.00654312720023,0.000248769479539,-0.0799233638071,0.00342491524496,-0.00107270147756,-0.000839047043874,0.0102189788053,0.00130744260299,-0.00255117804958,-0.000951500554782,0,-0.00245597058519,-0.00255117804958,0,-0.00701679840732,-0.0102872094108,-38,-0.0048906048906,0.00134730162779,0,0.027027027027,-0.027027027027,337,1,5,989,0.985380116959,0.99898989899,0.0010101010101,0.0146198830409,0.997041420118,0.985380116959,0.991176470588,0.988183241705,0.984370015949,0.98250728863,65,69,0,0,0,0
3381,WLNM_dir_neg,0.990128124344,0.288905800123,00:00:05,10,80,26,1240364561,threshold_sweep,0.6,0.984615384615,0.927536231884,0.955223880597,64,1,5,137,0.927536231884,0.992753623188,0.00724637681159,0.0724637681159,0.984615384615,0.927536231884,0.955223880597,0.971014492754,0.561996779388,0.933823529412,0.934733639733,0.920289855072,342,273,69,0,342,0,273,0,69,37,342,0.256756756757,1.72528881811,18.4864864865,15.5454545455,9.77142857143,5.36771015539,0.290358590277,0.142642642643,9.50849154237,1.02869645341,0.544491860281,8.05331334643,0.871264894205,0.461830251304,0.640599570326,0.371299902718,2,1.72528881811,0.640599570326,2,0.344071394247,0.376569037657,810,0.104247104247,0.56957682835,37,37,37,1,0,0.405405405405,0.540540540541,0.0540540540541,37,0.204954954955,1.74206187607,14.7567567568,12.4090909091,7.8,4.19262186204,0.284115400908,0.14355014355,7.33087591913,0.993561937758,0.525096525097,6.57161975362,0.890659087487,0.478962478962,0.657992282753,0.377708904484,2,1.74206187607,0.657992282753,2,0.226701735216,0.23447934702,316,0.0406692406692,0.414984138554,37,37,37,1,0,0.405405405405,0.540540540541,0.0540540540541,37,338,0.253753753754,1.72283284753,18.2702702703,15.3636363636,9.38888888889,5.42447462202,0.296901717477,0.142891412122,9.42856817857,1.03212136866,0.543419158804,8.05247429939,0.88148387301,0.463137693907,0.638048392276,0.370348402163,2,1.72283284753,0.638048392276,2,0.33705459584,0.366281828246,772,0.0993564993565,0.570924129978,37,37,37,1,0,0.405405405405,0.567567567568,0.027027027027,-4,-0.003003003003,-0.00245597058519,-0.216216216216,-0.181818181818,-0.38253968254,0.0567644666254,0.00654312720023,0.000248769479539,-0.0799233638071,0.00342491524496,-0.00107270147756,-0.000839047043874,0.0102189788053,0.00130744260299,-0.00255117804958,-0.000951500554782,0,-0.00245597058519,-0.00255117804958,0,-0.00701679840732,-0.0102872094108,-38,-0.0048906048906,0.00134730162779,0,0.027027027027,-0.027027027027,337,1,5,989,0.985380116959,0.99898989899,0.0010101010101,0.0146198830409,0.997041420118,0.985380116959,0.991176470588,0.988183241705,0.984370015949,0.98250728863,65,69,0,0,0,0
3382,WLNM_dir_neg,0.990128124344,0.288905800123,00:00:05,10,80,26,1240364561,threshold_sweep,0.7,0.984615384615,0.927536231884,0.955223880597,64,1,5,137,0.927536231884,0.992753623188,0.00724637681159,0.0724637681159,0.984615384615,0.927536231884,0.955223880597,0.971014492754,0.561996779388,0.933823529412,0.934733639733,0.920289855072,342,273,69,0,342,0,273,0,69,37,342,0.256756756757,1.72528881811,18.4864864865,15.5454545455,9.77142857143,5.36771015539,0.290358590277,0.142642642643,9.50849154237,1.02869645341,0.544491860281,8.05331334643,0.871264894205,0.461830251304,0.640599570326,0.371299902718,2,1.72528881811,0.640599570326,2,0.344071394247,0.376569037657,810,0.104247104247,0.56957682835,37,37,37,1,0,0.405405405405,0.540540540541,0.0540540540541,37,0.204954954955,1.74206187607,14.7567567568,12.4090909091,7.8,4.19262186204,0.284115400908,0.14355014355,7.33087591913,0.993561937758,0.525096525097,6.57161975362,0.890659087487,0.478962478962,0.657992282753,0.377708904484,2,1.74206187607,0.657992282753,2,0.226701735216,0.23447934702,316,0.0406692406692,0.414984138554,37,37,37,1,0,0.405405405405,0.540540540541,0.0540540540541,37,338,0.253753753754,1.72283284753,18.2702702703,15.3636363636,9.38888888889,5.42447462202,0.296901717477,0.142891412122,9.42856817857,1.03212136866,0.543419158804,8.05247429939,0.88148387301,0.463137693907,0.638048392276,0.370348402163,2,1.72283284753,0.638048392276,2,0.33705459584,0.366281828246,772,0.0993564993565,0.570924129978,37,37,37,1,0,0.405405405405,0.567567567568,0.027027027027,-4,-0.003003003003,-0.00245597058519,-0.216216216216,-0.181818181818,-0.38253968254,0.0567644666254,0.00654312720023,0.000248769479539,-0.0799233638071,0.00342491524496,-0.00107270147756,-0.000839047043874,0.0102189788053,0.00130744260299,-0.00255117804958,-0.000951500554782,0,-0.00245597058519,-0.00255117804958,0,-0.00701679840732,-0.0102872094108,-38,-0.0048906048906,0.00134730162779,0,0.027027027027,-0.027027027027,337,1,5,989,0.985380116959,0.99898989899,0.0010101010101,0.0146198830409,0.997041420118,0.985380116959,0.991176470588,0.988183241705,0.984370015949,0.98250728863,65,69,0,0,0,0
3383,WLNM_dir_neg,0.990128124344,0.288905800123,00:00:05,10,80,26,1240364561,threshold_sweep,0.8,0.984615384615,0.927536231884,0.955223880597,64,1,5,137,0.927536231884,0.992753623188,0.00724637681159,0.0724637681159,0.984615384615,0.927536231884,0.955223880597,0.971014492754,0.561996779388,0.933823529412,0.934733639733,0.920289855072,342,273,69,0,342,0,273,0,69,37,342,0.256756756757,1.72528881811,18.4864864865,15.5454545455,9.77142857143,5.36771015539,0.290358590277,0.142642642643,9.50849154237,1.02869645341,0.544491860281,8.05331334643,0.871264894205,0.461830251304,0.640599570326,0.371299902718,2,1.72528881811,0.640599570326,2,0.344071394247,0.376569037657,810,0.104247104247,0.56957682835,37,37,37,1,0,0.405405405405,0.540540540541,0.0540540540541,37,0.204954954955,1.74206187607,14.7567567568,12.4090909091,7.8,4.19262186204,0.284115400908,0.14355014355,7.33087591913,0.993561937758,0.525096525097,6.57161975362,0.890659087487,0.478962478962,0.657992282753,0.377708904484,2,1.74206187607,0.657992282753,2,0.226701735216,0.23447934702,316,0.0406692406692,0.414984138554,37,37,37,1,0,0.405405405405,0.540540540541,0.0540540540541,37,338,0.253753753754,1.72283284753,18.2702702703,15.3636363636,9.38888888889,5.42447462202,0.296901717477,0.142891412122,9.42856817857,1.03212136866,0.543419158804,8.05247429939,0.88148387301,0.463137693907,0.638048392276,0.370348402163,2,1.72283284753,0.638048392276,2,0.33705459584,0.366281828246,772,0.0993564993565,0.570924129978,37,37,37,1,0,0.405405405405,0.567567567568,0.027027027027,-4,-0.003003003003,-0.00245597058519,-0.216216216216,-0.181818181818,-0.38253968254,0.0567644666254,0.00654312720023,0.000248769479539,-0.0799233638071,0.00342491524496,-0.00107270147756,-0.000839047043874,0.0102189788053,0.00130744260299,-0.00255117804958,-0.000951500554782,0,-0.00245597058519,-0.00255117804958,0,-0.00701679840732,-0.0102872094108,-38,-0.0048906048906,0.00134730162779,0,0.027027027027,-0.027027027027,337,1,5,989,0.985380116959,0.99898989899,0.0010101010101,0.0146198830409,0.997041420118,0.985380116959,0.991176470588,0.988183241705,0.984370015949,0.98250728863,65,69,0,0,0,0
3384,WLNM_dir_neg,0.990128124344,0.288905800123,00:00:05,10,80,26,1240364561,threshold_sweep,0.9,0.984615384615,0.927536231884,0.955223880597,64,1,5,137,0.927536231884,0.992753623188,0.00724637681159,0.0724637681159,0.984615384615,0.927536231884,0.955223880597,0.971014492754,0.561996779388,0.933823529412,0.934733639733,0.920289855072,342,273,69,0,342,0,273,0,69,37,342,0.256756756757,1.72528881811,18.4864864865,15.5454545455,9.77142857143,5.36771015539,0.290358590277,0.142642642643,9.50849154237,1.02869645341,0.544491860281,8.05331334643,0.871264894205,0.461830251304,0.640599570326,0.371299902718,2,1.72528881811,0.640599570326,2,0.344071394247,0.376569037657,810,0.104247104247,0.56957682835,37,37,37,1,0,0.405405405405,0.540540540541,0.0540540540541,37,0.204954954955,1.74206187607,14.7567567568,12.4090909091,7.8,4.19262186204,0.284115400908,0.14355014355,7.33087591913,0.993561937758,0.525096525097,6.57161975362,0.890659087487,0.478962478962,0.657992282753,0.377708904484,2,1.74206187607,0.657992282753,2,0.226701735216,0.23447934702,316,0.0406692406692,0.414984138554,37,37,37,1,0,0.405405405405,0.540540540541,0.0540540540541,37,338,0.253753753754,1.72283284753,18.2702702703,15.3636363636,9.38888888889,5.42447462202,0.296901717477,0.142891412122,9.42856817857,1.03212136866,0.543419158804,8.05247429939,0.88148387301,0.463137693907,0.638048392276,0.370348402163,2,1.72283284753,0.638048392276,2,0.33705459584,0.366281828246,772,0.0993564993565,0.570924129978,37,37,37,1,0,0.405405405405,0.567567567568,0.027027027027,-4,-0.003003003003,-0.00245597058519,-0.216216216216,-0.181818181818,-0.38253968254,0.0567644666254,0.00654312720023,0.000248769479539,-0.0799233638071,0.00342491524496,-0.00107270147756,-0.000839047043874,0.0102189788053,0.00130744260299,-0.00255117804958,-0.000951500554782,0,-0.00245597058519,-0.00255117804958,0,-0.00701679840732,-0.0102872094108,-38,-0.0048906048906,0.00134730162779,0,0.027027027027,-0.027027027027,337,1,5,989,0.985380116959,0.99898989899,0.0010101010101,0.0146198830409,0.997041420118,0.985380116959,0.991176470588,0.988183241705,0.984370015949,0.98250728863,65,69,0,0,0,0
3385,WLNM_dir_neg,0.941608905692,0.787939991701,00:00:05,10,80,27,1240364562,threshold_sweep,0.1,0.982456140351,0.811594202899,0.888888888889,56,1,13,137,0.811594202899,0.992753623188,0.00724637681159,0.188405797101,0.982456140351,0.811594202899,0.888888888889,0.932367149758,0.574879227053,0.840909090909,0.848838215321,0.804347826087,342,273,69,0,342,0,273,0,69,37,342,0.256756756757,1.72528881811,18.4864864865,15.5454545455,9.77142857143,5.36771015539,0.290358590277,0.142642642643,9.50849154237,1.02869645341,0.544491860281,8.05331334643,0.871264894205,0.461830251304,0.640599570326,0.371299902718,2,1.72528881811,0.640599570326,2,0.344071394247,0.376569037657,810,0.104247104247,0.56957682835,37,37,37,1,0,0.405405405405,0.540540540541,0.0540540540541,37,0.204954954955,1.76303901891,14.7567567568,12.4090909091,7.8,4.46222045751,0.302384902798,0.151866151866,7.59879870386,1.02987381701,0.538362538363,6.54196433018,0.886639854273,0.47916047916,0.687486525961,0.389944021992,2,1.76303901891,0.687486525961,2,0.229848996412,0.249203626562,339,0.0436293436293,0.405283196493,37,37,37,1,0,0.405405405405,0.540540540541,0.0540540540541,37,330,0.247747747748,1,17.8378378378,14.347826087,9.42857142857,5.12896737232,0.287533019357,0.142751842752,9.05347808665,1.01508693699,0.537592137592,7.83290203911,0.878234471052,0.468140868141,0,0,0,NaN,NaN,NaN,0.332142920975,0.347680455535,692,0.0890604890605,0.505924550932,37,37,0,1,2,0.378378378378,0.567567567568,0.0540540540541,-12,-0.00900900900901,-0.725288818115,-0.648648648649,-1.1976284585,-0.342857142857,-0.238742783075,-0.00282557091988,0.0001092001092,-0.455013455724,-0.0136095164267,-0.0068997226892,-0.22041130732,0.00696957684729,0.00631061683693,-0.640599570326,-0.371299902718,-2,NaN,NaN,NaN,-0.0119284732729,-0.0288885821218,-118,-0.0151866151866,-0.0636522774184,-0.027027027027,0.027027027027,0,329,1,13,989,0.961988304094,0.99898989899,0.0010101010101,0.0380116959064,0.99696969697,0.961988304094,0.979166666667,0.972418822753,0.960978203083,0.959183673469,57,69,0,0,0,0
3386,WLNM_dir_neg,0.941608905692,0.787939991701,00:00:05,10,80,27,1240364562,threshold_sweep,0.2,0.982456140351,0.811594202899,0.888888888889,56,1,13,137,0.811594202899,0.992753623188,0.00724637681159,0.188405797101,0.982456140351,0.811594202899,0.888888888889,0.932367149758,0.574879227053,0.840909090909,0.848838215321,0.804347826087,342,273,69,0,342,0,273,0,69,37,342,0.256756756757,1.72528881811,18.4864864865,15.5454545455,9.77142857143,5.36771015539,0.290358590277,0.142642642643,9.50849154237,1.02869645341,0.544491860281,8.05331334643,0.871264894205,0.461830251304,0.640599570326,0.371299902718,2,1.72528881811,0.640599570326,2,0.344071394247,0.376569037657,810,0.104247104247,0.56957682835,37,37,37,1,0,0.405405405405,0.540540540541,0.0540540540541,37,0.204954954955,1.76303901891,14.7567567568,12.4090909091,7.8,4.46222045751,0.302384902798,0.151866151866,7.59879870386,1.02987381701,0.538362538363,6.54196433018,0.886639854273,0.47916047916,0.687486525961,0.389944021992,2,1.76303901891,0.687486525961,2,0.229848996412,0.249203626562,339,0.0436293436293,0.405283196493,37,37,37,1,0,0.405405405405,0.540540540541,0.0540540540541,37,330,0.247747747748,1,17.8378378378,14.347826087,9.42857142857,5.12896737232,0.287533019357,0.142751842752,9.05347808665,1.01508693699,0.537592137592,7.83290203911,0.878234471052,0.468140868141,0,0,0,NaN,NaN,NaN,0.332142920975,0.347680455535,692,0.0890604890605,0.505924550932,37,37,0,1,2,0.378378378378,0.567567567568,0.0540540540541,-12,-0.00900900900901,-0.725288818115,-0.648648648649,-1.1976284585,-0.342857142857,-0.238742783075,-0.00282557091988,0.0001092001092,-0.455013455724,-0.0136095164267,-0.0068997226892,-0.22041130732,0.00696957684729,0.00631061683693,-0.640599570326,-0.371299902718,-2,NaN,NaN,NaN,-0.0119284732729,-0.0288885821218,-118,-0.0151866151866,-0.0636522774184,-0.027027027027,0.027027027027,0,329,1,13,989,0.961988304094,0.99898989899,0.0010101010101,0.0380116959064,0.99696969697,0.961988304094,0.979166666667,0.972418822753,0.960978203083,0.959183673469,57,69,0,0,0,0
3387,WLNM_dir_neg,0.941608905692,0.787939991701,00:00:05,10,80,27,1240364562,threshold_sweep,0.3,0.982456140351,0.811594202899,0.888888888889,56,1,13,137,0.811594202899,0.992753623188,0.00724637681159,0.188405797101,0.982456140351,0.811594202899,0.888888888889,0.932367149758,0.574879227053,0.840909090909,0.848838215321,0.804347826087,342,273,69,0,342,0,273,0,69,37,342,0.256756756757,1.72528881811,18.4864864865,15.5454545455,9.77142857143,5.36771015539,0.290358590277,0.142642642643,9.50849154237,1.02869645341,0.544491860281,8.05331334643,0.871264894205,0.461830251304,0.640599570326,0.371299902718,2,1.72528881811,0.640599570326,2,0.344071394247,0.376569037657,810,0.104247104247,0.56957682835,37,37,37,1,0,0.405405405405,0.540540540541,0.0540540540541,37,0.204954954955,1.76303901891,14.7567567568,12.4090909091,7.8,4.46222045751,0.302384902798,0.151866151866,7.59879870386,1.02987381701,0.538362538363,6.54196433018,0.886639854273,0.47916047916,0.687486525961,0.389944021992,2,1.76303901891,0.687486525961,2,0.229848996412,0.249203626562,339,0.0436293436293,0.405283196493,37,37,37,1,0,0.405405405405,0.540540540541,0.0540540540541,37,330,0.247747747748,1,17.8378378378,14.347826087,9.42857142857,5.12896737232,0.287533019357,0.142751842752,9.05347808665,1.01508693699,0.537592137592,7.83290203911,0.878234471052,0.468140868141,0,0,0,NaN,NaN,NaN,0.332142920975,0.347680455535,692,0.0890604890605,0.505924550932,37,37,0,1,2,0.378378378378,0.567567567568,0.0540540540541,-12,-0.00900900900901,-0.725288818115,-0.648648648649,-1.1976284585,-0.342857142857,-0.238742783075,-0.00282557091988,0.0001092001092,-0.455013455724,-0.0136095164267,-0.0068997226892,-0.22041130732,0.00696957684729,0.00631061683693,-0.640599570326,-0.371299902718,-2,NaN,NaN,NaN,-0.0119284732729,-0.0288885821218,-118,-0.0151866151866,-0.0636522774184,-0.027027027027,0.027027027027,0,329,1,13,989,0.961988304094,0.99898989899,0.0010101010101,0.0380116959064,0.99696969697,0.961988304094,0.979166666667,0.972418822753,0.960978203083,0.959183673469,57,69,0,0,0,0
3388,WLNM_dir_neg,0.941608905692,0.787939991701,00:00:05,10,80,27,1240364562,threshold_sweep,0.4,0.982456140351,0.811594202899,0.888888888889,56,1,13,137,0.811594202899,0.992753623188,0.00724637681159,0.188405797101,0.982456140351,0.811594202899,0.888888888889,0.932367149758,0.574879227053,0.840909090909,0.848838215321,0.804347826087,342,273,69,0,342,0,273,0,69,37,342,0.256756756757,1.72528881811,18.4864864865,15.5454545455,9.77142857143,5.36771015539,0.290358590277,0.142642642643,9.50849154237,1.02869645341,0.544491860281,8.05331334643,0.871264894205,0.461830251304,0.640599570326,0.371299902718,2,1.72528881811,0.640599570326,2,0.344071394247,0.376569037657,810,0.104247104247,0.56957682835,37,37,37,1,0,0.405405405405,0.540540540541,0.0540540540541,37,0.204954954955,1.76303901891,14.7567567568,12.4090909091,7.8,4.46222045751,0.302384902798,0.151866151866,7.59879870386,1.02987381701,0.538362538363,6.54196433018,0.886639854273,0.47916047916,0.687486525961,0.389944021992,2,1.76303901891,0.687486525961,2,0.229848996412,0.249203626562,339,0.0436293436293,0.405283196493,37,37,37,1,0,0.405405405405,0.540540540541,0.0540540540541,37,330,0.247747747748,1,17.8378378378,14.347826087,9.42857142857,5.12896737232,0.287533019357,0.142751842752,9.05347808665,1.01508693699,0.537592137592,7.83290203911,0.878234471052,0.468140868141,0,0,0,NaN,NaN,NaN,0.332142920975,0.347680455535,692,0.0890604890605,0.505924550932,37,37,0,1,2,0.378378378378,0.567567567568,0.0540540540541,-12,-0.00900900900901,-0.725288818115,-0.648648648649,-1.1976284585,-0.342857142857,-0.238742783075,-0.00282557091988,0.0001092001092,-0.455013455724,-0.0136095164267,-0.0068997226892,-0.22041130732,0.00696957684729,0.00631061683693,-0.640599570326,-0.371299902718,-2,NaN,NaN,NaN,-0.0119284732729,-0.0288885821218,-118,-0.0151866151866,-0.0636522774184,-0.027027027027,0.027027027027,0,329,1,13,989,0.961988304094,0.99898989899,0.0010101010101,0.0380116959064,0.99696969697,0.961988304094,0.979166666667,0.972418822753,0.960978203083,0.959183673469,57,69,0,0,0,0
3389,WLNM_dir_neg,0.941608905692,0.787939991701,00:00:05,10,80,27,1240364562,threshold_sweep,0.5,0.982456140351,0.811594202899,0.888888888889,56,1,13,137,0.811594202899,0.992753623188,0.00724637681159,0.188405797101,0.982456140351,0.811594202899,0.888888888889,0.932367149758,0.574879227053,0.840909090909,0.848838215321,0.804347826087,342,273,69,0,342,0,273,0,69,37,342,0.256756756757,1.72528881811,18.4864864865,15.5454545455,9.77142857143,5.36771015539,0.290358590277,0.142642642643,9.50849154237,1.02869645341,0.544491860281,8.05331334643,0.871264894205,0.461830251304,0.640599570326,0.371299902718,2,1.72528881811,0.640599570326,2,0.344071394247,0.376569037657,810,0.104247104247,0.56957682835,37,37,37,1,0,0.405405405405,0.540540540541,0.0540540540541,37,0.204954954955,1.76303901891,14.7567567568,12.4090909091,7.8,4.46222045751,0.302384902798,0.151866151866,7.59879870386,1.02987381701,0.538362538363,6.54196433018,0.886639854273,0.47916047916,0.687486525961,0.389944021992,2,1.76303901891,0.687486525961,2,0.229848996412,0.249203626562,339,0.0436293436293,0.405283196493,37,37,37,1,0,0.405405405405,0.540540540541,0.0540540540541,37,330,0.247747747748,1,17.8378378378,14.347826087,9.42857142857,5.12896737232,0.287533019357,0.142751842752,9.05347808665,1.01508693699,0.537592137592,7.83290203911,0.878234471052,0.468140868141,0,0,0,NaN,NaN,NaN,0.332142920975,0.347680455535,692,0.0890604890605,0.505924550932,37,37,0,1,2,0.378378378378,0.567567567568,0.0540540540541,-12,-0.00900900900901,-0.725288818115,-0.648648648649,-1.1976284585,-0.342857142857,-0.238742783075,-0.00282557091988,0.0001092001092,-0.455013455724,-0.0136095164267,-0.0068997226892,-0.22041130732,0.00696957684729,0.00631061683693,-0.640599570326,-0.371299902718,-2,NaN,NaN,NaN,-0.0119284732729,-0.0288885821218,-118,-0.0151866151866,-0.0636522774184,-0.027027027027,0.027027027027,0,329,1,13,989,0.961988304094,0.99898989899,0.0010101010101,0.0380116959064,0.99696969697,0.961988304094,0.979166666667,0.972418822753,0.960978203083,0.959183673469,57,69,0,0,0,0
3390,WLNM_dir_neg,0.941608905692,0.787939991701,00:00:05,10,80,27,1240364562,threshold_sweep,0.6,0.982456140351,0.811594202899,0.888888888889,56,1,13,137,0.811594202899,0.992753623188,0.00724637681159,0.188405797101,0.982456140351,0.811594202899,0.888888888889,0.932367149758,0.574879227053,0.840909090909,0.848838215321,0.804347826087,342,273,69,0,342,0,273,0,69,37,342,0.256756756757,1.72528881811,18.4864864865,15.5454545455,9.77142857143,5.36771015539,0.290358590277,0.142642642643,9.50849154237,1.02869645341,0.544491860281,8.05331334643,0.871264894205,0.461830251304,0.640599570326,0.371299902718,2,1.72528881811,0.640599570326,2,0.344071394247,0.376569037657,810,0.104247104247,0.56957682835,37,37,37,1,0,0.405405405405,0.540540540541,0.0540540540541,37,0.204954954955,1.76303901891,14.7567567568,12.4090909091,7.8,4.46222045751,0.302384902798,0.151866151866,7.59879870386,1.02987381701,0.538362538363,6.54196433018,0.886639854273,0.47916047916,0.687486525961,0.389944021992,2,1.76303901891,0.687486525961,2,0.229848996412,0.249203626562,339,0.0436293436293,0.405283196493,37,37,37,1,0,0.405405405405,0.540540540541,0.0540540540541,37,330,0.247747747748,1,17.8378378378,14.347826087,9.42857142857,5.12896737232,0.287533019357,0.142751842752,9.05347808665,1.01508693699,0.537592137592,7.83290203911,0.878234471052,0.468140868141,0,0,0,NaN,NaN,NaN,0.332142920975,0.347680455535,692,0.0890604890605,0.505924550932,37,37,0,1,2,0.378378378378,0.567567567568,0.0540540540541,-12,-0.00900900900901,-0.725288818115,-0.648648648649,-1.1976284585,-0.342857142857,-0.238742783075,-0.00282557091988,0.0001092001092,-0.455013455724,-0.0136095164267,-0.0068997226892,-0.22041130732,0.00696957684729,0.00631061683693,-0.640599570326,-0.371299902718,-2,NaN,NaN,NaN,-0.0119284732729,-0.0288885821218,-118,-0.0151866151866,-0.0636522774184,-0.027027027027,0.027027027027,0,329,1,13,989,0.961988304094,0.99898989899,0.0010101010101,0.0380116959064,0.99696969697,0.961988304094,0.979166666667,0.972418822753,0.960978203083,0.959183673469,57,69,0,0,0,0
3391,WLNM_dir_neg,0.941608905692,0.787939991701,00:00:05,10,80,27,1240364562,threshold_sweep,0.7,0.982456140351,0.811594202899,0.888888888889,56,1,13,137,0.811594202899,0.992753623188,0.00724637681159,0.188405797101,0.982456140351,0.811594202899,0.888888888889,0.932367149758,0.574879227053,0.840909090909,0.848838215321,0.804347826087,342,273,69,0,342,0,273,0,69,37,342,0.256756756757,1.72528881811,18.4864864865,15.5454545455,9.77142857143,5.36771015539,0.290358590277,0.142642642643,9.50849154237,1.02869645341,0.544491860281,8.05331334643,0.871264894205,0.461830251304,0.640599570326,0.371299902718,2,1.72528881811,0.640599570326,2,0.344071394247,0.376569037657,810,0.104247104247,0.56957682835,37,37,37,1,0,0.405405405405,0.540540540541,0.0540540540541,37,0.204954954955,1.76303901891,14.7567567568,12.4090909091,7.8,4.46222045751,0.302384902798,0.151866151866,7.59879870386,1.02987381701,0.538362538363,6.54196433018,0.886639854273,0.47916047916,0.687486525961,0.389944021992,2,1.76303901891,0.687486525961,2,0.229848996412,0.249203626562,339,0.0436293436293,0.405283196493,37,37,37,1,0,0.405405405405,0.540540540541,0.0540540540541,37,330,0.247747747748,1,17.8378378378,14.347826087,9.42857142857,5.12896737232,0.287533019357,0.142751842752,9.05347808665,1.01508693699,0.537592137592,7.83290203911,0.878234471052,0.468140868141,0,0,0,NaN,NaN,NaN,0.332142920975,0.347680455535,692,0.0890604890605,0.505924550932,37,37,0,1,2,0.378378378378,0.567567567568,0.0540540540541,-12,-0.00900900900901,-0.725288818115,-0.648648648649,-1.1976284585,-0.342857142857,-0.238742783075,-0.00282557091988,0.0001092001092,-0.455013455724,-0.0136095164267,-0.0068997226892,-0.22041130732,0.00696957684729,0.00631061683693,-0.640599570326,-0.371299902718,-2,NaN,NaN,NaN,-0.0119284732729,-0.0288885821218,-118,-0.0151866151866,-0.0636522774184,-0.027027027027,0.027027027027,0,329,1,13,989,0.961988304094,0.99898989899,0.0010101010101,0.0380116959064,0.99696969697,0.961988304094,0.979166666667,0.972418822753,0.960978203083,0.959183673469,57,69,0,0,0,0
3392,WLNM_dir_neg,0.941608905692,0.787939991701,00:00:05,10,80,27,1240364562,threshold_sweep,0.8,0.982456140351,0.811594202899,0.888888888889,56,1,13,137,0.811594202899,0.992753623188,0.00724637681159,0.188405797101,0.982456140351,0.811594202899,0.888888888889,0.932367149758,0.574879227053,0.840909090909,0.848838215321,0.804347826087,342,273,69,0,342,0,273,0,69,37,342,0.256756756757,1.72528881811,18.4864864865,15.5454545455,9.77142857143,5.36771015539,0.290358590277,0.142642642643,9.50849154237,1.02869645341,0.544491860281,8.05331334643,0.871264894205,0.461830251304,0.640599570326,0.371299902718,2,1.72528881811,0.640599570326,2,0.344071394247,0.376569037657,810,0.104247104247,0.56957682835,37,37,37,1,0,0.405405405405,0.540540540541,0.0540540540541,37,0.204954954955,1.76303901891,14.7567567568,12.4090909091,7.8,4.46222045751,0.302384902798,0.151866151866,7.59879870386,1.02987381701,0.538362538363,6.54196433018,0.886639854273,0.47916047916,0.687486525961,0.389944021992,2,1.76303901891,0.687486525961,2,0.229848996412,0.249203626562,339,0.0436293436293,0.405283196493,37,37,37,1,0,0.405405405405,0.540540540541,0.0540540540541,37,330,0.247747747748,1,17.8378378378,14.347826087,9.42857142857,5.12896737232,0.287533019357,0.142751842752,9.05347808665,1.01508693699,0.537592137592,7.83290203911,0.878234471052,0.468140868141,0,0,0,NaN,NaN,NaN,0.332142920975,0.347680455535,692,0.0890604890605,0.505924550932,37,37,0,1,2,0.378378378378,0.567567567568,0.0540540540541,-12,-0.00900900900901,-0.725288818115,-0.648648648649,-1.1976284585,-0.342857142857,-0.238742783075,-0.00282557091988,0.0001092001092,-0.455013455724,-0.0136095164267,-0.0068997226892,-0.22041130732,0.00696957684729,0.00631061683693,-0.640599570326,-0.371299902718,-2,NaN,NaN,NaN,-0.0119284732729,-0.0288885821218,-118,-0.0151866151866,-0.0636522774184,-0.027027027027,0.027027027027,0,329,1,13,989,0.961988304094,0.99898989899,0.0010101010101,0.0380116959064,0.99696969697,0.961988304094,0.979166666667,0.972418822753,0.960978203083,0.959183673469,57,69,0,0,0,0
3393,WLNM_dir_neg,0.941608905692,0.787939991701,00:00:05,10,80,27,1240364562,threshold_sweep,0.9,0.982456140351,0.811594202899,0.888888888889,56,1,13,137,0.811594202899,0.992753623188,0.00724637681159,0.188405797101,0.982456140351,0.811594202899,0.888888888889,0.932367149758,0.574879227053,0.840909090909,0.848838215321,0.804347826087,342,273,69,0,342,0,273,0,69,37,342,0.256756756757,1.72528881811,18.4864864865,15.5454545455,9.77142857143,5.36771015539,0.290358590277,0.142642642643,9.50849154237,1.02869645341,0.544491860281,8.05331334643,0.871264894205,0.461830251304,0.640599570326,0.371299902718,2,1.72528881811,0.640599570326,2,0.344071394247,0.376569037657,810,0.104247104247,0.56957682835,37,37,37,1,0,0.405405405405,0.540540540541,0.0540540540541,37,0.204954954955,1.76303901891,14.7567567568,12.4090909091,7.8,4.46222045751,0.302384902798,0.151866151866,7.59879870386,1.02987381701,0.538362538363,6.54196433018,0.886639854273,0.47916047916,0.687486525961,0.389944021992,2,1.76303901891,0.687486525961,2,0.229848996412,0.249203626562,339,0.0436293436293,0.405283196493,37,37,37,1,0,0.405405405405,0.540540540541,0.0540540540541,37,330,0.247747747748,1,17.8378378378,14.347826087,9.42857142857,5.12896737232,0.287533019357,0.142751842752,9.05347808665,1.01508693699,0.537592137592,7.83290203911,0.878234471052,0.468140868141,0,0,0,NaN,NaN,NaN,0.332142920975,0.347680455535,692,0.0890604890605,0.505924550932,37,37,0,1,2,0.378378378378,0.567567567568,0.0540540540541,-12,-0.00900900900901,-0.725288818115,-0.648648648649,-1.1976284585,-0.342857142857,-0.238742783075,-0.00282557091988,0.0001092001092,-0.455013455724,-0.0136095164267,-0.0068997226892,-0.22041130732,0.00696957684729,0.00631061683693,-0.640599570326,-0.371299902718,-2,NaN,NaN,NaN,-0.0119284732729,-0.0288885821218,-118,-0.0151866151866,-0.0636522774184,-0.027027027027,0.027027027027,0,329,1,13,989,0.961988304094,0.99898989899,0.0010101010101,0.0380116959064,0.99696969697,0.961988304094,0.979166666667,0.972418822753,0.960978203083,0.959183673469,57,69,0,0,0,0
3394,WLNM_dir_neg,0.979836168872,0.419886228305,00:00:05,10,80,28,1240364563,threshold_sweep,0.1,1,0.782608695652,0.878048780488,54,0,15,138,0.782608695652,1,0,0.217391304348,1,0.782608695652,0.878048780488,0.927536231884,0.579710144928,0.827586206897,0.840168050417,0.782608695652,342,273,69,0,342,0,273,0,69,37,342,0.256756756757,1.72528881811,18.4864864865,15.5454545455,9.77142857143,5.36771015539,0.290358590277,0.142642642643,9.50849154237,1.02869645341,0.544491860281,8.05331334643,0.871264894205,0.461830251304,0.640599570326,0.371299902718,2,1.72528881811,0.640599570326,2,0.344071394247,0.376569037657,810,0.104247104247,0.56957682835,37,37,37,1,0,0.405405405405,0.540540540541,0.0540540540541,37,0.204954954955,1.7364285035,14.7567567568,12.4090909091,7.8,3.94690740683,0.267464421342,0.134145134145,7.35735214806,0.99715029113,0.526482526483,6.6764567755,0.904867768108,0.485496485496,0.650968474242,0.374889304645,2,1.7364285035,0.650968474242,2,0.232177641388,0.223109558273,298,0.0383526383526,0.417671919194,37,37,37,1,0,0.405405405405,0.540540540541,0.0540540540541,37,327,0.245495495495,1.71857965146,17.6756756757,14.8636363636,9.34285714286,4.85371595363,0.274598608998,0.129680138854,8.90228907365,1.00729264748,0.532771303414,8.18709524365,0.926368574969,0.484833457311,0.63214310515,0.367828808292,2,1.71857965146,0.63214310515,2,0.295010829221,0.30889155388,601,0.0773487773488,0.574748956561,37,37,37,1,0,0.405405405405,0.540540540541,0.0540540540541,-15,-0.0112612612613,-0.00670916665714,-0.810810810811,-0.681818181818,-0.428571428571,-0.51399420176,-0.0157599812795,-0.0129625037882,-0.606202468729,-0.0214038059381,-0.0117205568678,0.133781897212,0.0551036807642,0.0230032060066,-0.00845646517588,-0.00347109442598,0,-0.00670916665714,-0.00845646517588,0,-0.0490605650261,-0.0676774837765,-209,-0.0268983268983,0.00517212821112,0,0,0,327,0,15,990,0.956140350877,1,0,0.0438596491228,1,0.956140350877,0.977578475336,0.970499664797,0.956140350877,0.956140350877,54,69,0,0,0,0
3395,WLNM_dir_neg,0.979836168872,0.419886228305,00:00:05,10,80,28,1240364563,threshold_sweep,0.2,1,0.782608695652,0.878048780488,54,0,15,138,0.782608695652,1,0,0.217391304348,1,0.782608695652,0.878048780488,0.927536231884,0.579710144928,0.827586206897,0.840168050417,0.782608695652,342,273,69,0,342,0,273,0,69,37,342,0.256756756757,1.72528881811,18.4864864865,15.5454545455,9.77142857143,5.36771015539,0.290358590277,0.142642642643,9.50849154237,1.02869645341,0.544491860281,8.05331334643,0.871264894205,0.461830251304,0.640599570326,0.371299902718,2,1.72528881811,0.640599570326,2,0.344071394247,0.376569037657,810,0.104247104247,0.56957682835,37,37,37,1,0,0.405405405405,0.540540540541,0.0540540540541,37,0.204954954955,1.7364285035,14.7567567568,12.4090909091,7.8,3.94690740683,0.267464421342,0.134145134145,7.35735214806,0.99715029113,0.526482526483,6.6764567755,0.904867768108,0.485496485496,0.650968474242,0.374889304645,2,1.7364285035,0.650968474242,2,0.232177641388,0.223109558273,298,0.0383526383526,0.417671919194,37,37,37,1,0,0.405405405405,0.540540540541,0.0540540540541,37,327,0.245495495495,1.71857965146,17.6756756757,14.8636363636,9.34285714286,4.85371595363,0.274598608998,0.129680138854,8.90228907365,1.00729264748,0.532771303414,8.18709524365,0.926368574969,0.484833457311,0.63214310515,0.367828808292,2,1.71857965146,0.63214310515,2,0.295010829221,0.30889155388,601,0.0773487773488,0.574748956561,37,37,37,1,0,0.405405405405,0.540540540541,0.0540540540541,-15,-0.0112612612613,-0.00670916665714,-0.810810810811,-0.681818181818,-0.428571428571,-0.51399420176,-0.0157599812795,-0.0129625037882,-0.606202468729,-0.0214038059381,-0.0117205568678,0.133781897212,0.0551036807642,0.0230032060066,-0.00845646517588,-0.00347109442598,0,-0.00670916665714,-0.00845646517588,0,-0.0490605650261,-0.0676774837765,-209,-0.0268983268983,0.00517212821112,0,0,0,327,0,15,990,0.956140350877,1,0,0.0438596491228,1,0.956140350877,0.977578475336,0.970499664797,0.956140350877,0.956140350877,54,69,0,0,0,0
3396,WLNM_dir_neg,0.979836168872,0.419886228305,00:00:05,10,80,28,1240364563,threshold_sweep,0.3,1,0.782608695652,0.878048780488,54,0,15,138,0.782608695652,1,0,0.217391304348,1,0.782608695652,0.878048780488,0.927536231884,0.579710144928,0.827586206897,0.840168050417,0.782608695652,342,273,69,0,342,0,273,0,69,37,342,0.256756756757,1.72528881811,18.4864864865,15.5454545455,9.77142857143,5.36771015539,0.290358590277,0.142642642643,9.50849154237,1.02869645341,0.544491860281,8.05331334643,0.871264894205,0.461830251304,0.640599570326,0.371299902718,2,1.72528881811,0.640599570326,2,0.344071394247,0.376569037657,810,0.104247104247,0.56957682835,37,37,37,1,0,0.405405405405,0.540540540541,0.0540540540541,37,0.204954954955,1.7364285035,14.7567567568,12.4090909091,7.8,3.94690740683,0.267464421342,0.134145134145,7.35735214806,0.99715029113,0.526482526483,6.6764567755,0.904867768108,0.485496485496,0.650968474242,0.374889304645,2,1.7364285035,0.650968474242,2,0.232177641388,0.223109558273,298,0.0383526383526,0.417671919194,37,37,37,1,0,0.405405405405,0.540540540541,0.0540540540541,37,327,0.245495495495,1.71857965146,17.6756756757,14.8636363636,9.34285714286,4.85371595363,0.274598608998,0.129680138854,8.90228907365,1.00729264748,0.532771303414,8.18709524365,0.926368574969,0.484833457311,0.63214310515,0.367828808292,2,1.71857965146,0.63214310515,2,0.295010829221,0.30889155388,601,0.0773487773488,0.574748956561,37,37,37,1,0,0.405405405405,0.540540540541,0.0540540540541,-15,-0.0112612612613,-0.00670916665714,-0.810810810811,-0.681818181818,-0.428571428571,-0.51399420176,-0.0157599812795,-0.0129625037882,-0.606202468729,-0.0214038059381,-0.0117205568678,0.133781897212,0.0551036807642,0.0230032060066,-0.00845646517588,-0.00347109442598,0,-0.00670916665714,-0.00845646517588,0,-0.0490605650261,-0.0676774837765,-209,-0.0268983268983,0.00517212821112,0,0,0,327,0,15,990,0.956140350877,1,0,0.0438596491228,1,0.956140350877,0.977578475336,0.970499664797,0.956140350877,0.956140350877,54,69,0,0,0,0
3397,WLNM_dir_neg,0.979836168872,0.419886228305,00:00:05,10,80,28,1240364563,threshold_sweep,0.4,1,0.782608695652,0.878048780488,54,0,15,138,0.782608695652,1,0,0.217391304348,1,0.782608695652,0.878048780488,0.927536231884,0.579710144928,0.827586206897,0.840168050417,0.782608695652,342,273,69,0,342,0,273,0,69,37,342,0.256756756757,1.72528881811,18.4864864865,15.5454545455,9.77142857143,5.36771015539,0.290358590277,0.142642642643,9.50849154237,1.02869645341,0.544491860281,8.05331334643,0.871264894205,0.461830251304,0.640599570326,0.371299902718,2,1.72528881811,0.640599570326,2,0.344071394247,0.376569037657,810,0.104247104247,0.56957682835,37,37,37,1,0,0.405405405405,0.540540540541,0.0540540540541,37,0.204954954955,1.7364285035,14.7567567568,12.4090909091,7.8,3.94690740683,0.267464421342,0.134145134145,7.35735214806,0.99715029113,0.526482526483,6.6764567755,0.904867768108,0.485496485496,0.650968474242,0.374889304645,2,1.7364285035,0.650968474242,2,0.232177641388,0.223109558273,298,0.0383526383526,0.417671919194,37,37,37,1,0,0.405405405405,0.540540540541,0.0540540540541,37,327,0.245495495495,1.71857965146,17.6756756757,14.8636363636,9.34285714286,4.85371595363,0.274598608998,0.129680138854,8.90228907365,1.00729264748,0.532771303414,8.18709524365,0.926368574969,0.484833457311,0.63214310515,0.367828808292,2,1.71857965146,0.63214310515,2,0.295010829221,0.30889155388,601,0.0773487773488,0.574748956561,37,37,37,1,0,0.405405405405,0.540540540541,0.0540540540541,-15,-0.0112612612613,-0.00670916665714,-0.810810810811,-0.681818181818,-0.428571428571,-0.51399420176,-0.0157599812795,-0.0129625037882,-0.606202468729,-0.0214038059381,-0.0117205568678,0.133781897212,0.0551036807642,0.0230032060066,-0.00845646517588,-0.00347109442598,0,-0.00670916665714,-0.00845646517588,0,-0.0490605650261,-0.0676774837765,-209,-0.0268983268983,0.00517212821112,0,0,0,327,0,15,990,0.956140350877,1,0,0.0438596491228,1,0.956140350877,0.977578475336,0.970499664797,0.956140350877,0.956140350877,54,69,0,0,0,0
3398,WLNM_dir_neg,0.979836168872,0.419886228305,00:00:05,10,80,28,1240364563,threshold_sweep,0.5,1,0.782608695652,0.878048780488,54,0,15,138,0.782608695652,1,0,0.217391304348,1,0.782608695652,0.878048780488,0.927536231884,0.579710144928,0.827586206897,0.840168050417,0.782608695652,342,273,69,0,342,0,273,0,69,37,342,0.256756756757,1.72528881811,18.4864864865,15.5454545455,9.77142857143,5.36771015539,0.290358590277,0.142642642643,9.50849154237,1.02869645341,0.544491860281,8.05331334643,0.871264894205,0.461830251304,0.640599570326,0.371299902718,2,1.72528881811,0.640599570326,2,0.344071394247,0.376569037657,810,0.104247104247,0.56957682835,37,37,37,1,0,0.405405405405,0.540540540541,0.0540540540541,37,0.204954954955,1.7364285035,14.7567567568,12.4090909091,7.8,3.94690740683,0.267464421342,0.134145134145,7.35735214806,0.99715029113,0.526482526483,6.6764567755,0.904867768108,0.485496485496,0.650968474242,0.374889304645,2,1.7364285035,0.650968474242,2,0.232177641388,0.223109558273,298,0.0383526383526,0.417671919194,37,37,37,1,0,0.405405405405,0.540540540541,0.0540540540541,37,327,0.245495495495,1.71857965146,17.6756756757,14.8636363636,9.34285714286,4.85371595363,0.274598608998,0.129680138854,8.90228907365,1.00729264748,0.532771303414,8.18709524365,0.926368574969,0.484833457311,0.63214310515,0.367828808292,2,1.71857965146,0.63214310515,2,0.295010829221,0.30889155388,601,0.0773487773488,0.574748956561,37,37,37,1,0,0.405405405405,0.540540540541,0.0540540540541,-15,-0.0112612612613,-0.00670916665714,-0.810810810811,-0.681818181818,-0.428571428571,-0.51399420176,-0.0157599812795,-0.0129625037882,-0.606202468729,-0.0214038059381,-0.0117205568678,0.133781897212,0.0551036807642,0.0230032060066,-0.00845646517588,-0.00347109442598,0,-0.00670916665714,-0.00845646517588,0,-0.0490605650261,-0.0676774837765,-209,-0.0268983268983,0.00517212821112,0,0,0,327,0,15,990,0.956140350877,1,0,0.0438596491228,1,0.956140350877,0.977578475336,0.970499664797,0.956140350877,0.956140350877,54,69,0,0,0,0
3399,WLNM_dir_neg,0.979836168872,0.419886228305,00:00:05,10,80,28,1240364563,threshold_sweep,0.6,1,0.782608695652,0.878048780488,54,0,15,138,0.782608695652,1,0,0.217391304348,1,0.782608695652,0.878048780488,0.927536231884,0.579710144928,0.827586206897,0.840168050417,0.782608695652,342,273,69,0,342,0,273,0,69,37,342,0.256756756757,1.72528881811,18.4864864865,15.5454545455,9.77142857143,5.36771015539,0.290358590277,0.142642642643,9.50849154237,1.02869645341,0.544491860281,8.05331334643,0.871264894205,0.461830251304,0.640599570326,0.371299902718,2,1.72528881811,0.640599570326,2,0.344071394247,0.376569037657,810,0.104247104247,0.56957682835,37,37,37,1,0,0.405405405405,0.540540540541,0.0540540540541,37,0.204954954955,1.7364285035,14.7567567568,12.4090909091,7.8,3.94690740683,0.267464421342,0.134145134145,7.35735214806,0.99715029113,0.526482526483,6.6764567755,0.904867768108,0.485496485496,0.650968474242,0.374889304645,2,1.7364285035,0.650968474242,2,0.232177641388,0.223109558273,298,0.0383526383526,0.417671919194,37,37,37,1,0,0.405405405405,0.540540540541,0.0540540540541,37,327,0.245495495495,1.71857965146,17.6756756757,14.8636363636,9.34285714286,4.85371595363,0.274598608998,0.129680138854,8.90228907365,1.00729264748,0.532771303414,8.18709524365,0.926368574969,0.484833457311,0.63214310515,0.367828808292,2,1.71857965146,0.63214310515,2,0.295010829221,0.30889155388,601,0.0773487773488,0.574748956561,37,37,37,1,0,0.405405405405,0.540540540541,0.0540540540541,-15,-0.0112612612613,-0.00670916665714,-0.810810810811,-0.681818181818,-0.428571428571,-0.51399420176,-0.0157599812795,-0.0129625037882,-0.606202468729,-0.0214038059381,-0.0117205568678,0.133781897212,0.0551036807642,0.0230032060066,-0.00845646517588,-0.00347109442598,0,-0.00670916665714,-0.00845646517588,0,-0.0490605650261,-0.0676774837765,-209,-0.0268983268983,0.00517212821112,0,0,0,327,0,15,990,0.956140350877,1,0,0.0438596491228,1,0.956140350877,0.977578475336,0.970499664797,0.956140350877,0.956140350877,54,69,0,0,0,0
3400,WLNM_dir_neg,0.979836168872,0.419886228305,00:00:05,10,80,28,1240364563,threshold_sweep,0.7,1,0.782608695652,0.878048780488,54,0,15,138,0.782608695652,1,0,0.217391304348,1,0.782608695652,0.878048780488,0.927536231884,0.579710144928,0.827586206897,0.840168050417,0.782608695652,342,273,69,0,342,0,273,0,69,37,342,0.256756756757,1.72528881811,18.4864864865,15.5454545455,9.77142857143,5.36771015539,0.290358590277,0.142642642643,9.50849154237,1.02869645341,0.544491860281,8.05331334643,0.871264894205,0.461830251304,0.640599570326,0.371299902718,2,1.72528881811,0.640599570326,2,0.344071394247,0.376569037657,810,0.104247104247,0.56957682835,37,37,37,1,0,0.405405405405,0.540540540541,0.0540540540541,37,0.204954954955,1.7364285035,14.7567567568,12.4090909091,7.8,3.94690740683,0.267464421342,0.134145134145,7.35735214806,0.99715029113,0.526482526483,6.6764567755,0.904867768108,0.485496485496,0.650968474242,0.374889304645,2,1.7364285035,0.650968474242,2,0.232177641388,0.223109558273,298,0.0383526383526,0.417671919194,37,37,37,1,0,0.405405405405,0.540540540541,0.0540540540541,37,327,0.245495495495,1.71857965146,17.6756756757,14.8636363636,9.34285714286,4.85371595363,0.274598608998,0.129680138854,8.90228907365,1.00729264748,0.532771303414,8.18709524365,0.926368574969,0.484833457311,0.63214310515,0.367828808292,2,1.71857965146,0.63214310515,2,0.295010829221,0.30889155388,601,0.0773487773488,0.574748956561,37,37,37,1,0,0.405405405405,0.540540540541,0.0540540540541,-15,-0.0112612612613,-0.00670916665714,-0.810810810811,-0.681818181818,-0.428571428571,-0.51399420176,-0.0157599812795,-0.0129625037882,-0.606202468729,-0.0214038059381,-0.0117205568678,0.133781897212,0.0551036807642,0.0230032060066,-0.00845646517588,-0.00347109442598,0,-0.00670916665714,-0.00845646517588,0,-0.0490605650261,-0.0676774837765,-209,-0.0268983268983,0.00517212821112,0,0,0,327,0,15,990,0.956140350877,1,0,0.0438596491228,1,0.956140350877,0.977578475336,0.970499664797,0.956140350877,0.956140350877,54,69,0,0,0,0
3401,WLNM_dir_neg,0.979836168872,0.419886228305,00:00:05,10,80,28,1240364563,threshold_sweep,0.8,1,0.782608695652,0.878048780488,54,0,15,138,0.782608695652,1,0,0.217391304348,1,0.782608695652,0.878048780488,0.927536231884,0.579710144928,0.827586206897,0.840168050417,0.782608695652,342,273,69,0,342,0,273,0,69,37,342,0.256756756757,1.72528881811,18.4864864865,15.5454545455,9.77142857143,5.36771015539,0.290358590277,0.142642642643,9.50849154237,1.02869645341,0.544491860281,8.05331334643,0.871264894205,0.461830251304,0.640599570326,0.371299902718,2,1.72528881811,0.640599570326,2,0.344071394247,0.376569037657,810,0.104247104247,0.56957682835,37,37,37,1,0,0.405405405405,0.540540540541,0.0540540540541,37,0.204954954955,1.7364285035,14.7567567568,12.4090909091,7.8,3.94690740683,0.267464421342,0.134145134145,7.35735214806,0.99715029113,0.526482526483,6.6764567755,0.904867768108,0.485496485496,0.650968474242,0.374889304645,2,1.7364285035,0.650968474242,2,0.232177641388,0.223109558273,298,0.0383526383526,0.417671919194,37,37,37,1,0,0.405405405405,0.540540540541,0.0540540540541,37,327,0.245495495495,1.71857965146,17.6756756757,14.8636363636,9.34285714286,4.85371595363,0.274598608998,0.129680138854,8.90228907365,1.00729264748,0.532771303414,8.18709524365,0.926368574969,0.484833457311,0.63214310515,0.367828808292,2,1.71857965146,0.63214310515,2,0.295010829221,0.30889155388,601,0.0773487773488,0.574748956561,37,37,37,1,0,0.405405405405,0.540540540541,0.0540540540541,-15,-0.0112612612613,-0.00670916665714,-0.810810810811,-0.681818181818,-0.428571428571,-0.51399420176,-0.0157599812795,-0.0129625037882,-0.606202468729,-0.0214038059381,-0.0117205568678,0.133781897212,0.0551036807642,0.0230032060066,-0.00845646517588,-0.00347109442598,0,-0.00670916665714,-0.00845646517588,0,-0.0490605650261,-0.0676774837765,-209,-0.0268983268983,0.00517212821112,0,0,0,327,0,15,990,0.956140350877,1,0,0.0438596491228,1,0.956140350877,0.977578475336,0.970499664797,0.956140350877,0.956140350877,54,69,0,0,0,0
3402,WLNM_dir_neg,0.979836168872,0.419886228305,00:00:05,10,80,28,1240364563,threshold_sweep,0.9,1,0.782608695652,0.878048780488,54,0,15,138,0.782608695652,1,0,0.217391304348,1,0.782608695652,0.878048780488,0.927536231884,0.579710144928,0.827586206897,0.840168050417,0.782608695652,342,273,69,0,342,0,273,0,69,37,342,0.256756756757,1.72528881811,18.4864864865,15.5454545455,9.77142857143,5.36771015539,0.290358590277,0.142642642643,9.50849154237,1.02869645341,0.544491860281,8.05331334643,0.871264894205,0.461830251304,0.640599570326,0.371299902718,2,1.72528881811,0.640599570326,2,0.344071394247,0.376569037657,810,0.104247104247,0.56957682835,37,37,37,1,0,0.405405405405,0.540540540541,0.0540540540541,37,0.204954954955,1.7364285035,14.7567567568,12.4090909091,7.8,3.94690740683,0.267464421342,0.134145134145,7.35735214806,0.99715029113,0.526482526483,6.6764567755,0.904867768108,0.485496485496,0.650968474242,0.374889304645,2,1.7364285035,0.650968474242,2,0.232177641388,0.223109558273,298,0.0383526383526,0.417671919194,37,37,37,1,0,0.405405405405,0.540540540541,0.0540540540541,37,327,0.245495495495,1.71857965146,17.6756756757,14.8636363636,9.34285714286,4.85371595363,0.274598608998,0.129680138854,8.90228907365,1.00729264748,0.532771303414,8.18709524365,0.926368574969,0.484833457311,0.63214310515,0.367828808292,2,1.71857965146,0.63214310515,2,0.295010829221,0.30889155388,601,0.0773487773488,0.574748956561,37,37,37,1,0,0.405405405405,0.540540540541,0.0540540540541,-15,-0.0112612612613,-0.00670916665714,-0.810810810811,-0.681818181818,-0.428571428571,-0.51399420176,-0.0157599812795,-0.0129625037882,-0.606202468729,-0.0214038059381,-0.0117205568678,0.133781897212,0.0551036807642,0.0230032060066,-0.00845646517588,-0.00347109442598,0,-0.00670916665714,-0.00845646517588,0,-0.0490605650261,-0.0676774837765,-209,-0.0268983268983,0.00517212821112,0,0,0,327,0,15,990,0.956140350877,1,0,0.0438596491228,1,0.956140350877,0.977578475336,0.970499664797,0.956140350877,0.956140350877,54,69,0,0,0,0
3403,WLNM_dir_neg,0.953161100609,0.918954800928,00:00:05,10,80,29,1240364564,threshold_sweep,0.1,0.947368421053,0.782608695652,0.857142857143,54,3,15,135,0.782608695652,0.978260869565,0.0217391304348,0.217391304348,0.947368421053,0.782608695652,0.857142857143,0.913043478261,0.574879227053,0.795454545455,0.802955068547,0.760869565217,342,273,69,0,342,0,273,0,69,37,342,0.256756756757,1.72528881811,18.4864864865,15.5454545455,9.77142857143,5.36771015539,0.290358590277,0.142642642643,9.50849154237,1.02869645341,0.544491860281,8.05331334643,0.871264894205,0.461830251304,0.640599570326,0.371299902718,2,1.72528881811,0.640599570326,2,0.344071394247,0.376569037657,810,0.104247104247,0.56957682835,37,37,37,1,0,0.405405405405,0.540540540541,0.0540540540541,37,0.204954954955,1.73218557346,14.7567567568,12.4090909091,7.8,4.3230994887,0.292957291359,0.1485001485,7.46603922718,1.01188077438,0.534204534205,6.78786233472,0.919966690053,0.491634491634,0.645726415191,0.372781314591,2,1.73218557346,0.645726415191,2,0.228230007221,0.241387795276,327,0.0420849420849,0.423551554868,37,37,37,1,0,0.405405405405,0.540540540541,0.0540540540541,37,330,0.247747747748,1.87458379073,17.8378378378,14.347826087,9.16666666667,4.87917065763,0.27352926414,0.130139230139,8.84238020488,0.991418386608,0.526945126945,8.13216650912,0.911788366175,0.480098280098,0.724162208052,0.386305595746,2.14285714286,1.87458379073,0.724162208052,2.14285714286,0.304530949501,0.321990858304,634,0.0815958815959,0.524260446253,37,37,37,1,0,0.378378378378,0.594594594595,0.027027027027,-12,-0.00900900900901,0.149294972612,-0.648648648649,-1.1976284585,-0.604761904762,-0.48853949776,-0.0168293261371,-0.0125034125034,-0.666111337493,-0.0372780668068,-0.0175467333362,0.0788531626906,0.0405234719697,0.0182680287943,0.0835626377259,0.015005693028,0.142857142857,0.149294972612,0.0835626377259,0.142857142857,-0.0395404447468,-0.0545781793532,-176,-0.0226512226512,-0.0453163820972,-0.027027027027,0.0540540540541,-0.027027027027,327,3,15,987,0.956140350877,0.99696969697,0.0030303030303,0.0438596491228,0.990909090909,0.956140350877,0.973214285714,0.964456995703,0.953110047847,0.947826086957,57,69,0,0,0,0
3404,WLNM_dir_neg,0.953161100609,0.918954800928,00:00:05,10,80,29,1240364564,threshold_sweep,0.2,0.947368421053,0.782608695652,0.857142857143,54,3,15,135,0.782608695652,0.978260869565,0.0217391304348,0.217391304348,0.947368421053,0.782608695652,0.857142857143,0.913043478261,0.574879227053,0.795454545455,0.802955068547,0.760869565217,342,273,69,0,342,0,273,0,69,37,342,0.256756756757,1.72528881811,18.4864864865,15.5454545455,9.77142857143,5.36771015539,0.290358590277,0.142642642643,9.50849154237,1.02869645341,0.544491860281,8.05331334643,0.871264894205,0.461830251304,0.640599570326,0.371299902718,2,1.72528881811,0.640599570326,2,0.344071394247,0.376569037657,810,0.104247104247,0.56957682835,37,37,37,1,0,0.405405405405,0.540540540541,0.0540540540541,37,0.204954954955,1.73218557346,14.7567567568,12.4090909091,7.8,4.3230994887,0.292957291359,0.1485001485,7.46603922718,1.01188077438,0.534204534205,6.78786233472,0.919966690053,0.491634491634,0.645726415191,0.372781314591,2,1.73218557346,0.645726415191,2,0.228230007221,0.241387795276,327,0.0420849420849,0.423551554868,37,37,37,1,0,0.405405405405,0.540540540541,0.0540540540541,37,330,0.247747747748,1.87458379073,17.8378378378,14.347826087,9.16666666667,4.87917065763,0.27352926414,0.130139230139,8.84238020488,0.991418386608,0.526945126945,8.13216650912,0.911788366175,0.480098280098,0.724162208052,0.386305595746,2.14285714286,1.87458379073,0.724162208052,2.14285714286,0.304530949501,0.321990858304,634,0.0815958815959,0.524260446253,37,37,37,1,0,0.378378378378,0.594594594595,0.027027027027,-12,-0.00900900900901,0.149294972612,-0.648648648649,-1.1976284585,-0.604761904762,-0.48853949776,-0.0168293261371,-0.0125034125034,-0.666111337493,-0.0372780668068,-0.0175467333362,0.0788531626906,0.0405234719697,0.0182680287943,0.0835626377259,0.015005693028,0.142857142857,0.149294972612,0.0835626377259,0.142857142857,-0.0395404447468,-0.0545781793532,-176,-0.0226512226512,-0.0453163820972,-0.027027027027,0.0540540540541,-0.027027027027,327,3,15,987,0.956140350877,0.99696969697,0.0030303030303,0.0438596491228,0.990909090909,0.956140350877,0.973214285714,0.964456995703,0.953110047847,0.947826086957,57,69,0,0,0,0
3405,WLNM_dir_neg,0.953161100609,0.918954800928,00:00:05,10,80,29,1240364564,threshold_sweep,0.3,0.947368421053,0.782608695652,0.857142857143,54,3,15,135,0.782608695652,0.978260869565,0.0217391304348,0.217391304348,0.947368421053,0.782608695652,0.857142857143,0.913043478261,0.574879227053,0.795454545455,0.802955068547,0.760869565217,342,273,69,0,342,0,273,0,69,37,342,0.256756756757,1.72528881811,18.4864864865,15.5454545455,9.77142857143,5.36771015539,0.290358590277,0.142642642643,9.50849154237,1.02869645341,0.544491860281,8.05331334643,0.871264894205,0.461830251304,0.640599570326,0.371299902718,2,1.72528881811,0.640599570326,2,0.344071394247,0.376569037657,810,0.104247104247,0.56957682835,37,37,37,1,0,0.405405405405,0.540540540541,0.0540540540541,37,0.204954954955,1.73218557346,14.7567567568,12.4090909091,7.8,4.3230994887,0.292957291359,0.1485001485,7.46603922718,1.01188077438,0.534204534205,6.78786233472,0.919966690053,0.491634491634,0.645726415191,0.372781314591,2,1.73218557346,0.645726415191,2,0.228230007221,0.241387795276,327,0.0420849420849,0.423551554868,37,37,37,1,0,0.405405405405,0.540540540541,0.0540540540541,37,330,0.247747747748,1.87458379073,17.8378378378,14.347826087,9.16666666667,4.87917065763,0.27352926414,0.130139230139,8.84238020488,0.991418386608,0.526945126945,8.13216650912,0.911788366175,0.480098280098,0.724162208052,0.386305595746,2.14285714286,1.87458379073,0.724162208052,2.14285714286,0.304530949501,0.321990858304,634,0.0815958815959,0.524260446253,37,37,37,1,0,0.378378378378,0.594594594595,0.027027027027,-12,-0.00900900900901,0.149294972612,-0.648648648649,-1.1976284585,-0.604761904762,-0.48853949776,-0.0168293261371,-0.0125034125034,-0.666111337493,-0.0372780668068,-0.0175467333362,0.0788531626906,0.0405234719697,0.0182680287943,0.0835626377259,0.015005693028,0.142857142857,0.149294972612,0.0835626377259,0.142857142857,-0.0395404447468,-0.0545781793532,-176,-0.0226512226512,-0.0453163820972,-0.027027027027,0.0540540540541,-0.027027027027,327,3,15,987,0.956140350877,0.99696969697,0.0030303030303,0.0438596491228,0.990909090909,0.956140350877,0.973214285714,0.964456995703,0.953110047847,0.947826086957,57,69,0,0,0,0
3406,WLNM_dir_neg,0.953161100609,0.918954800928,00:00:05,10,80,29,1240364564,threshold_sweep,0.4,0.947368421053,0.782608695652,0.857142857143,54,3,15,135,0.782608695652,0.978260869565,0.0217391304348,0.217391304348,0.947368421053,0.782608695652,0.857142857143,0.913043478261,0.574879227053,0.795454545455,0.802955068547,0.760869565217,342,273,69,0,342,0,273,0,69,37,342,0.256756756757,1.72528881811,18.4864864865,15.5454545455,9.77142857143,5.36771015539,0.290358590277,0.142642642643,9.50849154237,1.02869645341,0.544491860281,8.05331334643,0.871264894205,0.461830251304,0.640599570326,0.371299902718,2,1.72528881811,0.640599570326,2,0.344071394247,0.376569037657,810,0.104247104247,0.56957682835,37,37,37,1,0,0.405405405405,0.540540540541,0.0540540540541,37,0.204954954955,1.73218557346,14.7567567568,12.4090909091,7.8,4.3230994887,0.292957291359,0.1485001485,7.46603922718,1.01188077438,0.534204534205,6.78786233472,0.919966690053,0.491634491634,0.645726415191,0.372781314591,2,1.73218557346,0.645726415191,2,0.228230007221,0.241387795276,327,0.0420849420849,0.423551554868,37,37,37,1,0,0.405405405405,0.540540540541,0.0540540540541,37,330,0.247747747748,1.87458379073,17.8378378378,14.347826087,9.16666666667,4.87917065763,0.27352926414,0.130139230139,8.84238020488,0.991418386608,0.526945126945,8.13216650912,0.911788366175,0.480098280098,0.724162208052,0.386305595746,2.14285714286,1.87458379073,0.724162208052,2.14285714286,0.304530949501,0.321990858304,634,0.0815958815959,0.524260446253,37,37,37,1,0,0.378378378378,0.594594594595,0.027027027027,-12,-0.00900900900901,0.149294972612,-0.648648648649,-1.1976284585,-0.604761904762,-0.48853949776,-0.0168293261371,-0.0125034125034,-0.666111337493,-0.0372780668068,-0.0175467333362,0.0788531626906,0.0405234719697,0.0182680287943,0.0835626377259,0.015005693028,0.142857142857,0.149294972612,0.0835626377259,0.142857142857,-0.0395404447468,-0.0545781793532,-176,-0.0226512226512,-0.0453163820972,-0.027027027027,0.0540540540541,-0.027027027027,327,3,15,987,0.956140350877,0.99696969697,0.0030303030303,0.0438596491228,0.990909090909,0.956140350877,0.973214285714,0.964456995703,0.953110047847,0.947826086957,57,69,0,0,0,0
3407,WLNM_dir_neg,0.953161100609,0.918954800928,00:00:05,10,80,29,1240364564,threshold_sweep,0.5,0.947368421053,0.782608695652,0.857142857143,54,3,15,135,0.782608695652,0.978260869565,0.0217391304348,0.217391304348,0.947368421053,0.782608695652,0.857142857143,0.913043478261,0.574879227053,0.795454545455,0.802955068547,0.760869565217,342,273,69,0,342,0,273,0,69,37,342,0.256756756757,1.72528881811,18.4864864865,15.5454545455,9.77142857143,5.36771015539,0.290358590277,0.142642642643,9.50849154237,1.02869645341,0.544491860281,8.05331334643,0.871264894205,0.461830251304,0.640599570326,0.371299902718,2,1.72528881811,0.640599570326,2,0.344071394247,0.376569037657,810,0.104247104247,0.56957682835,37,37,37,1,0,0.405405405405,0.540540540541,0.0540540540541,37,0.204954954955,1.73218557346,14.7567567568,12.4090909091,7.8,4.3230994887,0.292957291359,0.1485001485,7.46603922718,1.01188077438,0.534204534205,6.78786233472,0.919966690053,0.491634491634,0.645726415191,0.372781314591,2,1.73218557346,0.645726415191,2,0.228230007221,0.241387795276,327,0.0420849420849,0.423551554868,37,37,37,1,0,0.405405405405,0.540540540541,0.0540540540541,37,330,0.247747747748,1.87458379073,17.8378378378,14.347826087,9.16666666667,4.87917065763,0.27352926414,0.130139230139,8.84238020488,0.991418386608,0.526945126945,8.13216650912,0.911788366175,0.480098280098,0.724162208052,0.386305595746,2.14285714286,1.87458379073,0.724162208052,2.14285714286,0.304530949501,0.321990858304,634,0.0815958815959,0.524260446253,37,37,37,1,0,0.378378378378,0.594594594595,0.027027027027,-12,-0.00900900900901,0.149294972612,-0.648648648649,-1.1976284585,-0.604761904762,-0.48853949776,-0.0168293261371,-0.0125034125034,-0.666111337493,-0.0372780668068,-0.0175467333362,0.0788531626906,0.0405234719697,0.0182680287943,0.0835626377259,0.015005693028,0.142857142857,0.149294972612,0.0835626377259,0.142857142857,-0.0395404447468,-0.0545781793532,-176,-0.0226512226512,-0.0453163820972,-0.027027027027,0.0540540540541,-0.027027027027,327,3,15,987,0.956140350877,0.99696969697,0.0030303030303,0.0438596491228,0.990909090909,0.956140350877,0.973214285714,0.964456995703,0.953110047847,0.947826086957,57,69,0,0,0,0
3408,WLNM_dir_neg,0.953161100609,0.918954800928,00:00:05,10,80,29,1240364564,threshold_sweep,0.6,0.947368421053,0.782608695652,0.857142857143,54,3,15,135,0.782608695652,0.978260869565,0.0217391304348,0.217391304348,0.947368421053,0.782608695652,0.857142857143,0.913043478261,0.574879227053,0.795454545455,0.802955068547,0.760869565217,342,273,69,0,342,0,273,0,69,37,342,0.256756756757,1.72528881811,18.4864864865,15.5454545455,9.77142857143,5.36771015539,0.290358590277,0.142642642643,9.50849154237,1.02869645341,0.544491860281,8.05331334643,0.871264894205,0.461830251304,0.640599570326,0.371299902718,2,1.72528881811,0.640599570326,2,0.344071394247,0.376569037657,810,0.104247104247,0.56957682835,37,37,37,1,0,0.405405405405,0.540540540541,0.0540540540541,37,0.204954954955,1.73218557346,14.7567567568,12.4090909091,7.8,4.3230994887,0.292957291359,0.1485001485,7.46603922718,1.01188077438,0.534204534205,6.78786233472,0.919966690053,0.491634491634,0.645726415191,0.372781314591,2,1.73218557346,0.645726415191,2,0.228230007221,0.241387795276,327,0.0420849420849,0.423551554868,37,37,37,1,0,0.405405405405,0.540540540541,0.0540540540541,37,330,0.247747747748,1.87458379073,17.8378378378,14.347826087,9.16666666667,4.87917065763,0.27352926414,0.130139230139,8.84238020488,0.991418386608,0.526945126945,8.13216650912,0.911788366175,0.480098280098,0.724162208052,0.386305595746,2.14285714286,1.87458379073,0.724162208052,2.14285714286,0.304530949501,0.321990858304,634,0.0815958815959,0.524260446253,37,37,37,1,0,0.378378378378,0.594594594595,0.027027027027,-12,-0.00900900900901,0.149294972612,-0.648648648649,-1.1976284585,-0.604761904762,-0.48853949776,-0.0168293261371,-0.0125034125034,-0.666111337493,-0.0372780668068,-0.0175467333362,0.0788531626906,0.0405234719697,0.0182680287943,0.0835626377259,0.015005693028,0.142857142857,0.149294972612,0.0835626377259,0.142857142857,-0.0395404447468,-0.0545781793532,-176,-0.0226512226512,-0.0453163820972,-0.027027027027,0.0540540540541,-0.027027027027,327,3,15,987,0.956140350877,0.99696969697,0.0030303030303,0.0438596491228,0.990909090909,0.956140350877,0.973214285714,0.964456995703,0.953110047847,0.947826086957,57,69,0,0,0,0
3409,WLNM_dir_neg,0.953161100609,0.918954800928,00:00:05,10,80,29,1240364564,threshold_sweep,0.7,0.947368421053,0.782608695652,0.857142857143,54,3,15,135,0.782608695652,0.978260869565,0.0217391304348,0.217391304348,0.947368421053,0.782608695652,0.857142857143,0.913043478261,0.574879227053,0.795454545455,0.802955068547,0.760869565217,342,273,69,0,342,0,273,0,69,37,342,0.256756756757,1.72528881811,18.4864864865,15.5454545455,9.77142857143,5.36771015539,0.290358590277,0.142642642643,9.50849154237,1.02869645341,0.544491860281,8.05331334643,0.871264894205,0.461830251304,0.640599570326,0.371299902718,2,1.72528881811,0.640599570326,2,0.344071394247,0.376569037657,810,0.104247104247,0.56957682835,37,37,37,1,0,0.405405405405,0.540540540541,0.0540540540541,37,0.204954954955,1.73218557346,14.7567567568,12.4090909091,7.8,4.3230994887,0.292957291359,0.1485001485,7.46603922718,1.01188077438,0.534204534205,6.78786233472,0.919966690053,0.491634491634,0.645726415191,0.372781314591,2,1.73218557346,0.645726415191,2,0.228230007221,0.241387795276,327,0.0420849420849,0.423551554868,37,37,37,1,0,0.405405405405,0.540540540541,0.0540540540541,37,330,0.247747747748,1.87458379073,17.8378378378,14.347826087,9.16666666667,4.87917065763,0.27352926414,0.130139230139,8.84238020488,0.991418386608,0.526945126945,8.13216650912,0.911788366175,0.480098280098,0.724162208052,0.386305595746,2.14285714286,1.87458379073,0.724162208052,2.14285714286,0.304530949501,0.321990858304,634,0.0815958815959,0.524260446253,37,37,37,1,0,0.378378378378,0.594594594595,0.027027027027,-12,-0.00900900900901,0.149294972612,-0.648648648649,-1.1976284585,-0.604761904762,-0.48853949776,-0.0168293261371,-0.0125034125034,-0.666111337493,-0.0372780668068,-0.0175467333362,0.0788531626906,0.0405234719697,0.0182680287943,0.0835626377259,0.015005693028,0.142857142857,0.149294972612,0.0835626377259,0.142857142857,-0.0395404447468,-0.0545781793532,-176,-0.0226512226512,-0.0453163820972,-0.027027027027,0.0540540540541,-0.027027027027,327,3,15,987,0.956140350877,0.99696969697,0.0030303030303,0.0438596491228,0.990909090909,0.956140350877,0.973214285714,0.964456995703,0.953110047847,0.947826086957,57,69,0,0,0,0
3410,WLNM_dir_neg,0.953161100609,0.918954800928,00:00:05,10,80,29,1240364564,threshold_sweep,0.8,0.947368421053,0.782608695652,0.857142857143,54,3,15,135,0.782608695652,0.978260869565,0.0217391304348,0.217391304348,0.947368421053,0.782608695652,0.857142857143,0.913043478261,0.574879227053,0.795454545455,0.802955068547,0.760869565217,342,273,69,0,342,0,273,0,69,37,342,0.256756756757,1.72528881811,18.4864864865,15.5454545455,9.77142857143,5.36771015539,0.290358590277,0.142642642643,9.50849154237,1.02869645341,0.544491860281,8.05331334643,0.871264894205,0.461830251304,0.640599570326,0.371299902718,2,1.72528881811,0.640599570326,2,0.344071394247,0.376569037657,810,0.104247104247,0.56957682835,37,37,37,1,0,0.405405405405,0.540540540541,0.0540540540541,37,0.204954954955,1.73218557346,14.7567567568,12.4090909091,7.8,4.3230994887,0.292957291359,0.1485001485,7.46603922718,1.01188077438,0.534204534205,6.78786233472,0.919966690053,0.491634491634,0.645726415191,0.372781314591,2,1.73218557346,0.645726415191,2,0.228230007221,0.241387795276,327,0.0420849420849,0.423551554868,37,37,37,1,0,0.405405405405,0.540540540541,0.0540540540541,37,330,0.247747747748,1.87458379073,17.8378378378,14.347826087,9.16666666667,4.87917065763,0.27352926414,0.130139230139,8.84238020488,0.991418386608,0.526945126945,8.13216650912,0.911788366175,0.480098280098,0.724162208052,0.386305595746,2.14285714286,1.87458379073,0.724162208052,2.14285714286,0.304530949501,0.321990858304,634,0.0815958815959,0.524260446253,37,37,37,1,0,0.378378378378,0.594594594595,0.027027027027,-12,-0.00900900900901,0.149294972612,-0.648648648649,-1.1976284585,-0.604761904762,-0.48853949776,-0.0168293261371,-0.0125034125034,-0.666111337493,-0.0372780668068,-0.0175467333362,0.0788531626906,0.0405234719697,0.0182680287943,0.0835626377259,0.015005693028,0.142857142857,0.149294972612,0.0835626377259,0.142857142857,-0.0395404447468,-0.0545781793532,-176,-0.0226512226512,-0.0453163820972,-0.027027027027,0.0540540540541,-0.027027027027,327,3,15,987,0.956140350877,0.99696969697,0.0030303030303,0.0438596491228,0.990909090909,0.956140350877,0.973214285714,0.964456995703,0.953110047847,0.947826086957,57,69,0,0,0,0
3411,WLNM_dir_neg,0.953161100609,0.918954800928,00:00:05,10,80,29,1240364564,threshold_sweep,0.9,0.947368421053,0.782608695652,0.857142857143,54,3,15,135,0.782608695652,0.978260869565,0.0217391304348,0.217391304348,0.947368421053,0.782608695652,0.857142857143,0.913043478261,0.574879227053,0.795454545455,0.802955068547,0.760869565217,342,273,69,0,342,0,273,0,69,37,342,0.256756756757,1.72528881811,18.4864864865,15.5454545455,9.77142857143,5.36771015539,0.290358590277,0.142642642643,9.50849154237,1.02869645341,0.544491860281,8.05331334643,0.871264894205,0.461830251304,0.640599570326,0.371299902718,2,1.72528881811,0.640599570326,2,0.344071394247,0.376569037657,810,0.104247104247,0.56957682835,37,37,37,1,0,0.405405405405,0.540540540541,0.0540540540541,37,0.204954954955,1.73218557346,14.7567567568,12.4090909091,7.8,4.3230994887,0.292957291359,0.1485001485,7.46603922718,1.01188077438,0.534204534205,6.78786233472,0.919966690053,0.491634491634,0.645726415191,0.372781314591,2,1.73218557346,0.645726415191,2,0.228230007221,0.241387795276,327,0.0420849420849,0.423551554868,37,37,37,1,0,0.405405405405,0.540540540541,0.0540540540541,37,330,0.247747747748,1.87458379073,17.8378378378,14.347826087,9.16666666667,4.87917065763,0.27352926414,0.130139230139,8.84238020488,0.991418386608,0.526945126945,8.13216650912,0.911788366175,0.480098280098,0.724162208052,0.386305595746,2.14285714286,1.87458379073,0.724162208052,2.14285714286,0.304530949501,0.321990858304,634,0.0815958815959,0.524260446253,37,37,37,1,0,0.378378378378,0.594594594595,0.027027027027,-12,-0.00900900900901,0.149294972612,-0.648648648649,-1.1976284585,-0.604761904762,-0.48853949776,-0.0168293261371,-0.0125034125034,-0.666111337493,-0.0372780668068,-0.0175467333362,0.0788531626906,0.0405234719697,0.0182680287943,0.0835626377259,0.015005693028,0.142857142857,0.149294972612,0.0835626377259,0.142857142857,-0.0395404447468,-0.0545781793532,-176,-0.0226512226512,-0.0453163820972,-0.027027027027,0.0540540540541,-0.027027027027,327,3,15,987,0.956140350877,0.99696969697,0.0030303030303,0.0438596491228,0.990909090909,0.956140350877,0.973214285714,0.964456995703,0.953110047847,0.947826086957,57,69,0,0,0,0
3412,WLNM_dir_neg,0.983406847301,0.598635078995,00:00:05,10,80,30,1240364565,threshold_sweep,0.1,0.983870967742,0.884057971014,0.931297709924,61,1,8,137,0.884057971014,0.992753623188,0.00724637681159,0.115942028986,0.983870967742,0.884057971014,0.931297709924,0.95652173913,0.566827697262,0.899628252788,0.902382213711,0.876811594203,342,273,69,0,342,0,273,0,69,37,342,0.256756756757,1.72528881811,18.4864864865,15.5454545455,9.77142857143,5.36771015539,0.290358590277,0.142642642643,9.50849154237,1.02869645341,0.544491860281,8.05331334643,0.871264894205,0.461830251304,0.640599570326,0.371299902718,2,1.72528881811,0.640599570326,2,0.344071394247,0.376569037657,810,0.104247104247,0.56957682835,37,37,37,1,0,0.405405405405,0.540540540541,0.0540540540541,37,0.204954954955,1.73980844313,14.7567567568,12.4090909091,7.8,3.81084275752,0.258243923128,0.125631125631,7.23936519375,0.981159385233,0.515988515989,6.57161975362,0.890659087487,0.478962478962,0.654500399505,0.376191069822,2,1.73980844313,0.654500399505,2,0.219307029679,0.23314113813,310,0.039897039897,0.408631831928,37,37,37,1,0,0.405405405405,0.540540540541,0.0540540540541,37,335,0.251501501502,1,18.1081081081,14.5652173913,9.57142857143,4.81192837173,0.265733357842,0.127470754336,9.08584352455,1.00351107585,0.53311819282,8.21903598681,0.907774123917,0.477289229528,0,0,0,NaN,NaN,NaN,0.305192471072,0.325497287523,660,0.0849420849421,0.535162304029,37,37,0,1,2,0.378378378378,0.567567567568,0.0540540540541,-7,-0.00525525525526,-0.725288818115,-0.378378378378,-0.98023715415,-0.2,-0.555781783664,-0.0246252324353,-0.0151718883062,-0.422648017828,-0.0251853775693,-0.0113736674616,0.16572264038,0.036509229712,0.0154589782241,-0.640599570326,-0.371299902718,-2,NaN,NaN,NaN,-0.0388789231758,-0.0510717501343,-150,-0.019305019305,-0.0344145243212,-0.027027027027,0.027027027027,0,334,1,8,989,0.976608187135,0.99898989899,0.0010101010101,0.0233918128655,0.997014925373,0.976608187135,0.98670605613,0.982271644472,0.975598086124,0.973760932945,62,69,0,0,0,0
3413,WLNM_dir_neg,0.983406847301,0.598635078995,00:00:05,10,80,30,1240364565,threshold_sweep,0.2,0.983870967742,0.884057971014,0.931297709924,61,1,8,137,0.884057971014,0.992753623188,0.00724637681159,0.115942028986,0.983870967742,0.884057971014,0.931297709924,0.95652173913,0.566827697262,0.899628252788,0.902382213711,0.876811594203,342,273,69,0,342,0,273,0,69,37,342,0.256756756757,1.72528881811,18.4864864865,15.5454545455,9.77142857143,5.36771015539,0.290358590277,0.142642642643,9.50849154237,1.02869645341,0.544491860281,8.05331334643,0.871264894205,0.461830251304,0.640599570326,0.371299902718,2,1.72528881811,0.640599570326,2,0.344071394247,0.376569037657,810,0.104247104247,0.56957682835,37,37,37,1,0,0.405405405405,0.540540540541,0.0540540540541,37,0.204954954955,1.73980844313,14.7567567568,12.4090909091,7.8,3.81084275752,0.258243923128,0.125631125631,7.23936519375,0.981159385233,0.515988515989,6.57161975362,0.890659087487,0.478962478962,0.654500399505,0.376191069822,2,1.73980844313,0.654500399505,2,0.219307029679,0.23314113813,310,0.039897039897,0.408631831928,37,37,37,1,0,0.405405405405,0.540540540541,0.0540540540541,37,335,0.251501501502,1,18.1081081081,14.5652173913,9.57142857143,4.81192837173,0.265733357842,0.127470754336,9.08584352455,1.00351107585,0.53311819282,8.21903598681,0.907774123917,0.477289229528,0,0,0,NaN,NaN,NaN,0.305192471072,0.325497287523,660,0.0849420849421,0.535162304029,37,37,0,1,2,0.378378378378,0.567567567568,0.0540540540541,-7,-0.00525525525526,-0.725288818115,-0.378378378378,-0.98023715415,-0.2,-0.555781783664,-0.0246252324353,-0.0151718883062,-0.422648017828,-0.0251853775693,-0.0113736674616,0.16572264038,0.036509229712,0.0154589782241,-0.640599570326,-0.371299902718,-2,NaN,NaN,NaN,-0.0388789231758,-0.0510717501343,-150,-0.019305019305,-0.0344145243212,-0.027027027027,0.027027027027,0,334,1,8,989,0.976608187135,0.99898989899,0.0010101010101,0.0233918128655,0.997014925373,0.976608187135,0.98670605613,0.982271644472,0.975598086124,0.973760932945,62,69,0,0,0,0
3414,WLNM_dir_neg,0.983406847301,0.598635078995,00:00:05,10,80,30,1240364565,threshold_sweep,0.3,0.983606557377,0.869565217391,0.923076923077,60,1,9,137,0.869565217391,0.992753623188,0.00724637681159,0.130434782609,0.983606557377,0.869565217391,0.923076923077,0.951690821256,0.568438003221,0.888059701493,0.89164220699,0.86231884058,342,273,69,0,342,0,273,0,69,37,342,0.256756756757,1.72528881811,18.4864864865,15.5454545455,9.77142857143,5.36771015539,0.290358590277,0.142642642643,9.50849154237,1.02869645341,0.544491860281,8.05331334643,0.871264894205,0.461830251304,0.640599570326,0.371299902718,2,1.72528881811,0.640599570326,2,0.344071394247,0.376569037657,810,0.104247104247,0.56957682835,37,37,37,1,0,0.405405405405,0.540540540541,0.0540540540541,37,0.204954954955,1.73980844313,14.7567567568,12.4090909091,7.8,3.81084275752,0.258243923128,0.125631125631,7.23936519375,0.981159385233,0.515988515989,6.57161975362,0.890659087487,0.478962478962,0.654500399505,0.376191069822,2,1.73980844313,0.654500399505,2,0.219307029679,0.23314113813,310,0.039897039897,0.408631831928,37,37,37,1,0,0.405405405405,0.540540540541,0.0540540540541,37,334,0.250750750751,1,18.0540540541,14.5217391304,9.54285714286,4.83589556193,0.267856490706,0.127771484059,9.02615485528,0.999903382172,0.53180126234,8.24111132772,0.912937482412,0.479527431623,0,0,0,NaN,NaN,NaN,0.29652681413,0.326173165896,658,0.0846846846847,0.536075789996,37,37,0,1,2,0.378378378378,0.567567567568,0.0540540540541,-8,-0.00600600600601,-0.725288818115,-0.432432432432,-1.02371541502,-0.228571428571,-0.531814593464,-0.0225020995715,-0.0148711585837,-0.482336687096,-0.0287930712432,-0.0126905979411,0.187797981288,0.0416725882075,0.0176971803193,-0.640599570326,-0.371299902718,-2,NaN,NaN,NaN,-0.0475445801173,-0.0503958717613,-152,-0.0195624195624,-0.0335010383537,-0.027027027027,0.027027027027,0,333,1,9,989,0.973684210526,0.99898989899,0.0010101010101,0.0263157894737,0.997005988024,0.973684210526,0.985207100592,0.980301127908,0.972674109516,0.97084548105,61,69,0,0,0,0
3415,WLNM_dir_neg,0.983406847301,0.598635078995,00:00:05,10,80,30,1240364565,threshold_sweep,0.4,1,0.869565217391,0.93023255814,60,0,9,138,0.869565217391,1,0,0.130434782609,1,0.869565217391,0.93023255814,0.95652173913,0.570048309179,0.898876404494,0.903507902905,0.869565217391,342,273,69,0,342,0,273,0,69,37,342,0.256756756757,1.72528881811,18.4864864865,15.5454545455,9.77142857143,5.36771015539,0.290358590277,0.142642642643,9.50849154237,1.02869645341,0.544491860281,8.05331334643,0.871264894205,0.461830251304,0.640599570326,0.371299902718,2,1.72528881811,0.640599570326,2,0.344071394247,0.376569037657,810,0.104247104247,0.56957682835,37,37,37,1,0,0.405405405405,0.540540540541,0.0540540540541,37,0.204954954955,1.73980844313,14.7567567568,12.4090909091,7.8,3.81084275752,0.258243923128,0.125631125631,7.23936519375,0.981159385233,0.515988515989,6.57161975362,0.890659087487,0.478962478962,0.654500399505,0.376191069822,2,1.73980844313,0.654500399505,2,0.219307029679,0.23314113813,310,0.039897039897,0.408631831928,37,37,37,1,0,0.405405405405,0.540540540541,0.0540540540541,37,333,0.25,1.7179186548,18,15.1363636364,9.51428571429,4.91030662089,0.272794812271,0.130671211752,9.052317076,1.00581300844,0.534047561075,8.22935126375,0.914372362639,0.480318155994,0.631256493338,0.367454239801,2,1.7179186548,0.631256493338,2,0.29652681413,0.326173165896,658,0.0846846846847,0.578349311945,37,37,37,1,0,0.405405405405,0.540540540541,0.0540540540541,-9,-0.00675675675676,-0.00737016331727,-0.486486486486,-0.409090909091,-0.257142857143,-0.457403534508,-0.0175637780057,-0.0119714308903,-0.456174466375,-0.0228834449703,-0.0104442992067,0.176037917318,0.0431074684343,0.0184879046899,-0.00934307698785,-0.00384566291697,0,-0.00737016331727,-0.00934307698785,0,-0.0475445801173,-0.0503958717613,-152,-0.0195624195624,0.00877248359488,0,0,0,333,0,9,990,0.973684210526,1,0,0.0263157894737,1,0.973684210526,0.986666666667,0.982299486258,0.973684210526,0.973684210526,60,69,0,0,0,0
3416,WLNM_dir_neg,0.983406847301,0.598635078995,00:00:05,10,80,30,1240364565,threshold_sweep,0.5,1,0.869565217391,0.93023255814,60,0,9,138,0.869565217391,1,0,0.130434782609,1,0.869565217391,0.93023255814,0.95652173913,0.570048309179,0.898876404494,0.903507902905,0.869565217391,342,273,69,0,342,0,273,0,69,37,342,0.256756756757,1.72528881811,18.4864864865,15.5454545455,9.77142857143,5.36771015539,0.290358590277,0.142642642643,9.50849154237,1.02869645341,0.544491860281,8.05331334643,0.871264894205,0.461830251304,0.640599570326,0.371299902718,2,1.72528881811,0.640599570326,2,0.344071394247,0.376569037657,810,0.104247104247,0.56957682835,37,37,37,1,0,0.405405405405,0.540540540541,0.0540540540541,37,0.204954954955,1.73980844313,14.7567567568,12.4090909091,7.8,3.81084275752,0.258243923128,0.125631125631,7.23936519375,0.981159385233,0.515988515989,6.57161975362,0.890659087487,0.478962478962,0.654500399505,0.376191069822,2,1.73980844313,0.654500399505,2,0.219307029679,0.23314113813,310,0.039897039897,0.408631831928,37,37,37,1,0,0.405405405405,0.540540540541,0.0540540540541,37,333,0.25,1.7179186548,18,15.1363636364,9.51428571429,4.91030662089,0.272794812271,0.130671211752,9.052317076,1.00581300844,0.534047561075,8.22935126375,0.914372362639,0.480318155994,0.631256493338,0.367454239801,2,1.7179186548,0.631256493338,2,0.29652681413,0.326173165896,658,0.0846846846847,0.578349311945,37,37,37,1,0,0.405405405405,0.540540540541,0.0540540540541,-9,-0.00675675675676,-0.00737016331727,-0.486486486486,-0.409090909091,-0.257142857143,-0.457403534508,-0.0175637780057,-0.0119714308903,-0.456174466375,-0.0228834449703,-0.0104442992067,0.176037917318,0.0431074684343,0.0184879046899,-0.00934307698785,-0.00384566291697,0,-0.00737016331727,-0.00934307698785,0,-0.0475445801173,-0.0503958717613,-152,-0.0195624195624,0.00877248359488,0,0,0,333,0,9,990,0.973684210526,1,0,0.0263157894737,1,0.973684210526,0.986666666667,0.982299486258,0.973684210526,0.973684210526,60,69,0,0,0,0
3417,WLNM_dir_neg,0.983406847301,0.598635078995,00:00:05,10,80,30,1240364565,threshold_sweep,0.6,1,0.869565217391,0.93023255814,60,0,9,138,0.869565217391,1,0,0.130434782609,1,0.869565217391,0.93023255814,0.95652173913,0.570048309179,0.898876404494,0.903507902905,0.869565217391,342,273,69,0,342,0,273,0,69,37,342,0.256756756757,1.72528881811,18.4864864865,15.5454545455,9.77142857143,5.36771015539,0.290358590277,0.142642642643,9.50849154237,1.02869645341,0.544491860281,8.05331334643,0.871264894205,0.461830251304,0.640599570326,0.371299902718,2,1.72528881811,0.640599570326,2,0.344071394247,0.376569037657,810,0.104247104247,0.56957682835,37,37,37,1,0,0.405405405405,0.540540540541,0.0540540540541,37,0.204954954955,1.73980844313,14.7567567568,12.4090909091,7.8,3.81084275752,0.258243923128,0.125631125631,7.23936519375,0.981159385233,0.515988515989,6.57161975362,0.890659087487,0.478962478962,0.654500399505,0.376191069822,2,1.73980844313,0.654500399505,2,0.219307029679,0.23314113813,310,0.039897039897,0.408631831928,37,37,37,1,0,0.405405405405,0.540540540541,0.0540540540541,37,333,0.25,1.7179186548,18,15.1363636364,9.51428571429,4.91030662089,0.272794812271,0.130671211752,9.052317076,1.00581300844,0.534047561075,8.22935126375,0.914372362639,0.480318155994,0.631256493338,0.367454239801,2,1.7179186548,0.631256493338,2,0.29652681413,0.326173165896,658,0.0846846846847,0.578349311945,37,37,37,1,0,0.405405405405,0.540540540541,0.0540540540541,-9,-0.00675675675676,-0.00737016331727,-0.486486486486,-0.409090909091,-0.257142857143,-0.457403534508,-0.0175637780057,-0.0119714308903,-0.456174466375,-0.0228834449703,-0.0104442992067,0.176037917318,0.0431074684343,0.0184879046899,-0.00934307698785,-0.00384566291697,0,-0.00737016331727,-0.00934307698785,0,-0.0475445801173,-0.0503958717613,-152,-0.0195624195624,0.00877248359488,0,0,0,333,0,9,990,0.973684210526,1,0,0.0263157894737,1,0.973684210526,0.986666666667,0.982299486258,0.973684210526,0.973684210526,60,69,0,0,0,0
3418,WLNM_dir_neg,0.983406847301,0.598635078995,00:00:05,10,80,30,1240364565,threshold_sweep,0.7,1,0.869565217391,0.93023255814,60,0,9,138,0.869565217391,1,0,0.130434782609,1,0.869565217391,0.93023255814,0.95652173913,0.570048309179,0.898876404494,0.903507902905,0.869565217391,342,273,69,0,342,0,273,0,69,37,342,0.256756756757,1.72528881811,18.4864864865,15.5454545455,9.77142857143,5.36771015539,0.290358590277,0.142642642643,9.50849154237,1.02869645341,0.544491860281,8.05331334643,0.871264894205,0.461830251304,0.640599570326,0.371299902718,2,1.72528881811,0.640599570326,2,0.344071394247,0.376569037657,810,0.104247104247,0.56957682835,37,37,37,1,0,0.405405405405,0.540540540541,0.0540540540541,37,0.204954954955,1.73980844313,14.7567567568,12.4090909091,7.8,3.81084275752,0.258243923128,0.125631125631,7.23936519375,0.981159385233,0.515988515989,6.57161975362,0.890659087487,0.478962478962,0.654500399505,0.376191069822,2,1.73980844313,0.654500399505,2,0.219307029679,0.23314113813,310,0.039897039897,0.408631831928,37,37,37,1,0,0.405405405405,0.540540540541,0.0540540540541,37,333,0.25,1.7179186548,18,15.1363636364,9.51428571429,4.91030662089,0.272794812271,0.130671211752,9.052317076,1.00581300844,0.534047561075,8.22935126375,0.914372362639,0.480318155994,0.631256493338,0.367454239801,2,1.7179186548,0.631256493338,2,0.29652681413,0.326173165896,658,0.0846846846847,0.578349311945,37,37,37,1,0,0.405405405405,0.540540540541,0.0540540540541,-9,-0.00675675675676,-0.00737016331727,-0.486486486486,-0.409090909091,-0.257142857143,-0.457403534508,-0.0175637780057,-0.0119714308903,-0.456174466375,-0.0228834449703,-0.0104442992067,0.176037917318,0.0431074684343,0.0184879046899,-0.00934307698785,-0.00384566291697,0,-0.00737016331727,-0.00934307698785,0,-0.0475445801173,-0.0503958717613,-152,-0.0195624195624,0.00877248359488,0,0,0,333,0,9,990,0.973684210526,1,0,0.0263157894737,1,0.973684210526,0.986666666667,0.982299486258,0.973684210526,0.973684210526,60,69,0,0,0,0
3419,WLNM_dir_neg,0.983406847301,0.598635078995,00:00:05,10,80,30,1240364565,threshold_sweep,0.8,1,0.869565217391,0.93023255814,60,0,9,138,0.869565217391,1,0,0.130434782609,1,0.869565217391,0.93023255814,0.95652173913,0.570048309179,0.898876404494,0.903507902905,0.869565217391,342,273,69,0,342,0,273,0,69,37,342,0.256756756757,1.72528881811,18.4864864865,15.5454545455,9.77142857143,5.36771015539,0.290358590277,0.142642642643,9.50849154237,1.02869645341,0.544491860281,8.05331334643,0.871264894205,0.461830251304,0.640599570326,0.371299902718,2,1.72528881811,0.640599570326,2,0.344071394247,0.376569037657,810,0.104247104247,0.56957682835,37,37,37,1,0,0.405405405405,0.540540540541,0.0540540540541,37,0.204954954955,1.73980844313,14.7567567568,12.4090909091,7.8,3.81084275752,0.258243923128,0.125631125631,7.23936519375,0.981159385233,0.515988515989,6.57161975362,0.890659087487,0.478962478962,0.654500399505,0.376191069822,2,1.73980844313,0.654500399505,2,0.219307029679,0.23314113813,310,0.039897039897,0.408631831928,37,37,37,1,0,0.405405405405,0.540540540541,0.0540540540541,37,333,0.25,1.7179186548,18,15.1363636364,9.51428571429,4.91030662089,0.272794812271,0.130671211752,9.052317076,1.00581300844,0.534047561075,8.22935126375,0.914372362639,0.480318155994,0.631256493338,0.367454239801,2,1.7179186548,0.631256493338,2,0.29652681413,0.326173165896,658,0.0846846846847,0.578349311945,37,37,37,1,0,0.405405405405,0.540540540541,0.0540540540541,-9,-0.00675675675676,-0.00737016331727,-0.486486486486,-0.409090909091,-0.257142857143,-0.457403534508,-0.0175637780057,-0.0119714308903,-0.456174466375,-0.0228834449703,-0.0104442992067,0.176037917318,0.0431074684343,0.0184879046899,-0.00934307698785,-0.00384566291697,0,-0.00737016331727,-0.00934307698785,0,-0.0475445801173,-0.0503958717613,-152,-0.0195624195624,0.00877248359488,0,0,0,333,0,9,990,0.973684210526,1,0,0.0263157894737,1,0.973684210526,0.986666666667,0.982299486258,0.973684210526,0.973684210526,60,69,0,0,0,0
3420,WLNM_dir_neg,0.983406847301,0.598635078995,00:00:05,10,80,30,1240364565,threshold_sweep,0.9,1,0.855072463768,0.921875,59,0,10,138,0.855072463768,1,0,0.144927536232,1,0.855072463768,0.921875,0.951690821256,0.571658615137,0.887218045113,0.892915056037,0.855072463768,342,273,69,0,342,0,273,0,69,37,342,0.256756756757,1.72528881811,18.4864864865,15.5454545455,9.77142857143,5.36771015539,0.290358590277,0.142642642643,9.50849154237,1.02869645341,0.544491860281,8.05331334643,0.871264894205,0.461830251304,0.640599570326,0.371299902718,2,1.72528881811,0.640599570326,2,0.344071394247,0.376569037657,810,0.104247104247,0.56957682835,37,37,37,1,0,0.405405405405,0.540540540541,0.0540540540541,37,0.204954954955,1.73980844313,14.7567567568,12.4090909091,7.8,3.81084275752,0.258243923128,0.125631125631,7.23936519375,0.981159385233,0.515988515989,6.57161975362,0.890659087487,0.478962478962,0.654500399505,0.376191069822,2,1.73980844313,0.654500399505,2,0.219307029679,0.23314113813,310,0.039897039897,0.408631831928,37,37,37,1,0,0.405405405405,0.540540540541,0.0540540540541,37,332,0.249249249249,1.71750022083,17.9459459459,15.0909090909,9.48571428571,4.88731888523,0.272335540291,0.130820579616,8.99532744907,1.00249131209,0.532725496581,8.22086264224,0.916180475189,0.481113643764,0.630672691077,0.367203848609,2,1.71750022083,0.630672691077,2,0.286304078278,0.324796274738,651,0.0837837837838,0.577415741961,37,37,37,1,0,0.405405405405,0.540540540541,0.0540540540541,-10,-0.00750750750751,-0.00778859728179,-0.540540540541,-0.454545454545,-0.285714285714,-0.480391270167,-0.0180230499859,-0.0118220630269,-0.513164093309,-0.0262051413201,-0.0117663637004,0.167549295806,0.0449155809846,0.0192833924603,-0.00992687924858,-0.0040960541083,0,-0.00778859728179,-0.00992687924858,0,-0.0577673159693,-0.0517727629188,-159,-0.0204633204633,0.00783891361104,0,0,0,332,0,10,990,0.970760233918,1,0,0.0292397660819,1,0.970760233918,0.985163204748,0.980332918747,0.970760233918,0.970760233918,59,69,0,0,0,0
3421,WLNM_dir_neg,0.983721907162,0.877549052251,00:00:05,10,80,31,1240364566,threshold_sweep,0.1,1,0.855072463768,0.921875,59,0,10,138,0.855072463768,1,0,0.144927536232,1,0.855072463768,0.921875,0.951690821256,0.571658615137,0.887218045113,0.892915056037,0.855072463768,342,273,69,0,342,0,273,0,69,37,342,0.256756756757,1.72528881811,18.4864864865,15.5454545455,9.77142857143,5.36771015539,0.290358590277,0.142642642643,9.50849154237,1.02869645341,0.544491860281,8.05331334643,0.871264894205,0.461830251304,0.640599570326,0.371299902718,2,1.72528881811,0.640599570326,2,0.344071394247,0.376569037657,810,0.104247104247,0.56957682835,37,37,37,1,0,0.405405405405,0.540540540541,0.0540540540541,37,0.204954954955,1.75507818104,14.7567567568,12.4090909091,7.8,4.03047698725,0.273127561407,0.132462132462,7.23168702982,0.980118754958,0.514008514009,6.65144659016,0.901478109289,0.48411048411,0.679645935609,0.387245390519,2,1.75507818104,0.679645935609,2,0.243853510262,0.240537848606,322,0.0414414414414,0.415369718856,37,37,37,1,0,0.405405405405,0.540540540541,0.0540540540541,37,332,0.249249249249,1.73188579747,17.9459459459,15.0909090909,9.48571428571,5.12589258323,0.285629556595,0.139938130902,9.10886773817,1.01514489853,0.537609899056,8.18700354385,0.912407021453,0.479811136438,0.655493834041,0.378485599338,2,1.73188579747,0.655493834041,2,0.313644794037,0.333443435178,673,0.0866151866152,0.574270637705,37,37,37,1,0,0.405405405405,0.540540540541,0.0540540540541,-10,-0.00750750750751,0.00659697935783,-0.540540540541,-0.454545454545,-0.285714285714,-0.241817572167,-0.00472903368168,-0.00270451174066,-0.399623804205,-0.0135515548838,-0.00688196122565,0.133690197417,0.0411421272484,0.0179808851337,0.0148942637152,0.00718569662017,0,0.00659697935783,0.0148942637152,0,-0.0304266002102,-0.0431256024794,-137,-0.0176319176319,0.00469380935478,0,0,0,332,0,10,990,0.970760233918,1,0,0.0292397660819,1,0.970760233918,0.985163204748,0.980332918747,0.970760233918,0.970760233918,59,69,0,0,0,0
3422,WLNM_dir_neg,0.983721907162,0.877549052251,00:00:05,10,80,31,1240364566,threshold_sweep,0.2,1,0.840579710145,0.913385826772,58,0,11,138,0.840579710145,1,0,0.159420289855,1,0.840579710145,0.913385826772,0.946859903382,0.573268921095,0.875471698113,0.882339781452,0.840579710145,342,273,69,0,342,0,273,0,69,37,342,0.256756756757,1.72528881811,18.4864864865,15.5454545455,9.77142857143,5.36771015539,0.290358590277,0.142642642643,9.50849154237,1.02869645341,0.544491860281,8.05331334643,0.871264894205,0.461830251304,0.640599570326,0.371299902718,2,1.72528881811,0.640599570326,2,0.344071394247,0.376569037657,810,0.104247104247,0.56957682835,37,37,37,1,0,0.405405405405,0.540540540541,0.0540540540541,37,0.204954954955,1.75507818104,14.7567567568,12.4090909091,7.8,4.03047698725,0.273127561407,0.132462132462,7.23168702982,0.980118754958,0.514008514009,6.65144659016,0.901478109289,0.48411048411,0.679645935609,0.387245390519,2,1.75507818104,0.679645935609,2,0.243853510262,0.240537848606,322,0.0414414414414,0.415369718856,37,37,37,1,0,0.405405405405,0.540540540541,0.0540540540541,37,331,0.248498498498,1.73127345911,17.8918918919,15.0454545455,9.45714285714,5.05406208347,0.282477790164,0.137829672573,9.05215120518,1.01187188698,0.53629460276,8.20550609837,0.917231799515,0.481587327509,0.654635209487,0.378123517138,2,1.73127345911,0.654635209487,2,0.308372748765,0.326065246338,653,0.0840411840412,0.575083377464,37,37,37,1,0,0.405405405405,0.540540540541,0.0540540540541,-11,-0.00825825825826,0.00598464099674,-0.594594594595,-0.5,-0.314285714286,-0.313648071926,-0.00788080011353,-0.00481297006977,-0.456340337195,-0.0168245664309,-0.00819725752147,0.152192751932,0.0459669053104,0.0197570762048,0.0140356391608,0.00682361442018,0,0.00598464099674,0.0140356391608,0,-0.0356986454823,-0.0505037913187,-157,-0.0202059202059,0.00550654911456,0,0,0,331,0,11,990,0.96783625731,1,0,0.0321637426901,1,0.96783625731,0.983655274889,0.978366339386,0.96783625731,0.96783625731,58,69,0,0,0,0
3423,WLNM_dir_neg,0.983721907162,0.877549052251,00:00:05,10,80,31,1240364566,threshold_sweep,0.3,1,0.840579710145,0.913385826772,58,0,11,138,0.840579710145,1,0,0.159420289855,1,0.840579710145,0.913385826772,0.946859903382,0.573268921095,0.875471698113,0.882339781452,0.840579710145,342,273,69,0,342,0,273,0,69,37,342,0.256756756757,1.72528881811,18.4864864865,15.5454545455,9.77142857143,5.36771015539,0.290358590277,0.142642642643,9.50849154237,1.02869645341,0.544491860281,8.05331334643,0.871264894205,0.461830251304,0.640599570326,0.371299902718,2,1.72528881811,0.640599570326,2,0.344071394247,0.376569037657,810,0.104247104247,0.56957682835,37,37,37,1,0,0.405405405405,0.540540540541,0.0540540540541,37,0.204954954955,1.75507818104,14.7567567568,12.4090909091,7.8,4.03047698725,0.273127561407,0.132462132462,7.23168702982,0.980118754958,0.514008514009,6.65144659016,0.901478109289,0.48411048411,0.679645935609,0.387245390519,2,1.75507818104,0.679645935609,2,0.243853510262,0.240537848606,322,0.0414414414414,0.415369718856,37,37,37,1,0,0.405405405405,0.540540540541,0.0540540540541,37,331,0.248498498498,1.73127345911,17.8918918919,15.0454545455,9.45714285714,5.05406208347,0.282477790164,0.137829672573,9.05215120518,1.01187188698,0.53629460276,8.20550609837,0.917231799515,0.481587327509,0.654635209487,0.378123517138,2,1.73127345911,0.654635209487,2,0.308372748765,0.326065246338,653,0.0840411840412,0.575083377464,37,37,37,1,0,0.405405405405,0.540540540541,0.0540540540541,-11,-0.00825825825826,0.00598464099674,-0.594594594595,-0.5,-0.314285714286,-0.313648071926,-0.00788080011353,-0.00481297006977,-0.456340337195,-0.0168245664309,-0.00819725752147,0.152192751932,0.0459669053104,0.0197570762048,0.0140356391608,0.00682361442018,0,0.00598464099674,0.0140356391608,0,-0.0356986454823,-0.0505037913187,-157,-0.0202059202059,0.00550654911456,0,0,0,331,0,11,990,0.96783625731,1,0,0.0321637426901,1,0.96783625731,0.983655274889,0.978366339386,0.96783625731,0.96783625731,58,69,0,0,0,0
3424,WLNM_dir_neg,0.983721907162,0.877549052251,00:00:05,10,80,31,1240364566,threshold_sweep,0.4,1,0.840579710145,0.913385826772,58,0,11,138,0.840579710145,1,0,0.159420289855,1,0.840579710145,0.913385826772,0.946859903382,0.573268921095,0.875471698113,0.882339781452,0.840579710145,342,273,69,0,342,0,273,0,69,37,342,0.256756756757,1.72528881811,18.4864864865,15.5454545455,9.77142857143,5.36771015539,0.290358590277,0.142642642643,9.50849154237,1.02869645341,0.544491860281,8.05331334643,0.871264894205,0.461830251304,0.640599570326,0.371299902718,2,1.72528881811,0.640599570326,2,0.344071394247,0.376569037657,810,0.104247104247,0.56957682835,37,37,37,1,0,0.405405405405,0.540540540541,0.0540540540541,37,0.204954954955,1.75507818104,14.7567567568,12.4090909091,7.8,4.03047698725,0.273127561407,0.132462132462,7.23168702982,0.980118754958,0.514008514009,6.65144659016,0.901478109289,0.48411048411,0.679645935609,0.387245390519,2,1.75507818104,0.679645935609,2,0.243853510262,0.240537848606,322,0.0414414414414,0.415369718856,37,37,37,1,0,0.405405405405,0.540540540541,0.0540540540541,37,331,0.248498498498,1.73127345911,17.8918918919,15.0454545455,9.45714285714,5.05406208347,0.282477790164,0.137829672573,9.05215120518,1.01187188698,0.53629460276,8.20550609837,0.917231799515,0.481587327509,0.654635209487,0.378123517138,2,1.73127345911,0.654635209487,2,0.308372748765,0.326065246338,653,0.0840411840412,0.575083377464,37,37,37,1,0,0.405405405405,0.540540540541,0.0540540540541,-11,-0.00825825825826,0.00598464099674,-0.594594594595,-0.5,-0.314285714286,-0.313648071926,-0.00788080011353,-0.00481297006977,-0.456340337195,-0.0168245664309,-0.00819725752147,0.152192751932,0.0459669053104,0.0197570762048,0.0140356391608,0.00682361442018,0,0.00598464099674,0.0140356391608,0,-0.0356986454823,-0.0505037913187,-157,-0.0202059202059,0.00550654911456,0,0,0,331,0,11,990,0.96783625731,1,0,0.0321637426901,1,0.96783625731,0.983655274889,0.978366339386,0.96783625731,0.96783625731,58,69,0,0,0,0
3425,WLNM_dir_neg,0.983721907162,0.877549052251,00:00:05,10,80,31,1240364566,threshold_sweep,0.5,1,0.840579710145,0.913385826772,58,0,11,138,0.840579710145,1,0,0.159420289855,1,0.840579710145,0.913385826772,0.946859903382,0.573268921095,0.875471698113,0.882339781452,0.840579710145,342,273,69,0,342,0,273,0,69,37,342,0.256756756757,1.72528881811,18.4864864865,15.5454545455,9.77142857143,5.36771015539,0.290358590277,0.142642642643,9.50849154237,1.02869645341,0.544491860281,8.05331334643,0.871264894205,0.461830251304,0.640599570326,0.371299902718,2,1.72528881811,0.640599570326,2,0.344071394247,0.376569037657,810,0.104247104247,0.56957682835,37,37,37,1,0,0.405405405405,0.540540540541,0.0540540540541,37,0.204954954955,1.75507818104,14.7567567568,12.4090909091,7.8,4.03047698725,0.273127561407,0.132462132462,7.23168702982,0.980118754958,0.514008514009,6.65144659016,0.901478109289,0.48411048411,0.679645935609,0.387245390519,2,1.75507818104,0.679645935609,2,0.243853510262,0.240537848606,322,0.0414414414414,0.415369718856,37,37,37,1,0,0.405405405405,0.540540540541,0.0540540540541,37,331,0.248498498498,1.73127345911,17.8918918919,15.0454545455,9.45714285714,5.05406208347,0.282477790164,0.137829672573,9.05215120518,1.01187188698,0.53629460276,8.20550609837,0.917231799515,0.481587327509,0.654635209487,0.378123517138,2,1.73127345911,0.654635209487,2,0.308372748765,0.326065246338,653,0.0840411840412,0.575083377464,37,37,37,1,0,0.405405405405,0.540540540541,0.0540540540541,-11,-0.00825825825826,0.00598464099674,-0.594594594595,-0.5,-0.314285714286,-0.313648071926,-0.00788080011353,-0.00481297006977,-0.456340337195,-0.0168245664309,-0.00819725752147,0.152192751932,0.0459669053104,0.0197570762048,0.0140356391608,0.00682361442018,0,0.00598464099674,0.0140356391608,0,-0.0356986454823,-0.0505037913187,-157,-0.0202059202059,0.00550654911456,0,0,0,331,0,11,990,0.96783625731,1,0,0.0321637426901,1,0.96783625731,0.983655274889,0.978366339386,0.96783625731,0.96783625731,58,69,0,0,0,0
3426,WLNM_dir_neg,0.983721907162,0.877549052251,00:00:05,10,80,31,1240364566,threshold_sweep,0.6,1,0.840579710145,0.913385826772,58,0,11,138,0.840579710145,1,0,0.159420289855,1,0.840579710145,0.913385826772,0.946859903382,0.573268921095,0.875471698113,0.882339781452,0.840579710145,342,273,69,0,342,0,273,0,69,37,342,0.256756756757,1.72528881811,18.4864864865,15.5454545455,9.77142857143,5.36771015539,0.290358590277,0.142642642643,9.50849154237,1.02869645341,0.544491860281,8.05331334643,0.871264894205,0.461830251304,0.640599570326,0.371299902718,2,1.72528881811,0.640599570326,2,0.344071394247,0.376569037657,810,0.104247104247,0.56957682835,37,37,37,1,0,0.405405405405,0.540540540541,0.0540540540541,37,0.204954954955,1.75507818104,14.7567567568,12.4090909091,7.8,4.03047698725,0.273127561407,0.132462132462,7.23168702982,0.980118754958,0.514008514009,6.65144659016,0.901478109289,0.48411048411,0.679645935609,0.387245390519,2,1.75507818104,0.679645935609,2,0.243853510262,0.240537848606,322,0.0414414414414,0.415369718856,37,37,37,1,0,0.405405405405,0.540540540541,0.0540540540541,37,331,0.248498498498,1.73127345911,17.8918918919,15.0454545455,9.45714285714,5.05406208347,0.282477790164,0.137829672573,9.05215120518,1.01187188698,0.53629460276,8.20550609837,0.917231799515,0.481587327509,0.654635209487,0.378123517138,2,1.73127345911,0.654635209487,2,0.308372748765,0.326065246338,653,0.0840411840412,0.575083377464,37,37,37,1,0,0.405405405405,0.540540540541,0.0540540540541,-11,-0.00825825825826,0.00598464099674,-0.594594594595,-0.5,-0.314285714286,-0.313648071926,-0.00788080011353,-0.00481297006977,-0.456340337195,-0.0168245664309,-0.00819725752147,0.152192751932,0.0459669053104,0.0197570762048,0.0140356391608,0.00682361442018,0,0.00598464099674,0.0140356391608,0,-0.0356986454823,-0.0505037913187,-157,-0.0202059202059,0.00550654911456,0,0,0,331,0,11,990,0.96783625731,1,0,0.0321637426901,1,0.96783625731,0.983655274889,0.978366339386,0.96783625731,0.96783625731,58,69,0,0,0,0
3427,WLNM_dir_neg,0.983721907162,0.877549052251,00:00:05,10,80,31,1240364566,threshold_sweep,0.7,1,0.840579710145,0.913385826772,58,0,11,138,0.840579710145,1,0,0.159420289855,1,0.840579710145,0.913385826772,0.946859903382,0.573268921095,0.875471698113,0.882339781452,0.840579710145,342,273,69,0,342,0,273,0,69,37,342,0.256756756757,1.72528881811,18.4864864865,15.5454545455,9.77142857143,5.36771015539,0.290358590277,0.142642642643,9.50849154237,1.02869645341,0.544491860281,8.05331334643,0.871264894205,0.461830251304,0.640599570326,0.371299902718,2,1.72528881811,0.640599570326,2,0.344071394247,0.376569037657,810,0.104247104247,0.56957682835,37,37,37,1,0,0.405405405405,0.540540540541,0.0540540540541,37,0.204954954955,1.75507818104,14.7567567568,12.4090909091,7.8,4.03047698725,0.273127561407,0.132462132462,7.23168702982,0.980118754958,0.514008514009,6.65144659016,0.901478109289,0.48411048411,0.679645935609,0.387245390519,2,1.75507818104,0.679645935609,2,0.243853510262,0.240537848606,322,0.0414414414414,0.415369718856,37,37,37,1,0,0.405405405405,0.540540540541,0.0540540540541,37,331,0.248498498498,1.73127345911,17.8918918919,15.0454545455,9.45714285714,5.05406208347,0.282477790164,0.137829672573,9.05215120518,1.01187188698,0.53629460276,8.20550609837,0.917231799515,0.481587327509,0.654635209487,0.378123517138,2,1.73127345911,0.654635209487,2,0.308372748765,0.326065246338,653,0.0840411840412,0.575083377464,37,37,37,1,0,0.405405405405,0.540540540541,0.0540540540541,-11,-0.00825825825826,0.00598464099674,-0.594594594595,-0.5,-0.314285714286,-0.313648071926,-0.00788080011353,-0.00481297006977,-0.456340337195,-0.0168245664309,-0.00819725752147,0.152192751932,0.0459669053104,0.0197570762048,0.0140356391608,0.00682361442018,0,0.00598464099674,0.0140356391608,0,-0.0356986454823,-0.0505037913187,-157,-0.0202059202059,0.00550654911456,0,0,0,331,0,11,990,0.96783625731,1,0,0.0321637426901,1,0.96783625731,0.983655274889,0.978366339386,0.96783625731,0.96783625731,58,69,0,0,0,0
3428,WLNM_dir_neg,0.983721907162,0.877549052251,00:00:05,10,80,31,1240364566,threshold_sweep,0.8,1,0.840579710145,0.913385826772,58,0,11,138,0.840579710145,1,0,0.159420289855,1,0.840579710145,0.913385826772,0.946859903382,0.573268921095,0.875471698113,0.882339781452,0.840579710145,342,273,69,0,342,0,273,0,69,37,342,0.256756756757,1.72528881811,18.4864864865,15.5454545455,9.77142857143,5.36771015539,0.290358590277,0.142642642643,9.50849154237,1.02869645341,0.544491860281,8.05331334643,0.871264894205,0.461830251304,0.640599570326,0.371299902718,2,1.72528881811,0.640599570326,2,0.344071394247,0.376569037657,810,0.104247104247,0.56957682835,37,37,37,1,0,0.405405405405,0.540540540541,0.0540540540541,37,0.204954954955,1.75507818104,14.7567567568,12.4090909091,7.8,4.03047698725,0.273127561407,0.132462132462,7.23168702982,0.980118754958,0.514008514009,6.65144659016,0.901478109289,0.48411048411,0.679645935609,0.387245390519,2,1.75507818104,0.679645935609,2,0.243853510262,0.240537848606,322,0.0414414414414,0.415369718856,37,37,37,1,0,0.405405405405,0.540540540541,0.0540540540541,37,331,0.248498498498,1.73127345911,17.8918918919,15.0454545455,9.45714285714,5.05406208347,0.282477790164,0.137829672573,9.05215120518,1.01187188698,0.53629460276,8.20550609837,0.917231799515,0.481587327509,0.654635209487,0.378123517138,2,1.73127345911,0.654635209487,2,0.308372748765,0.326065246338,653,0.0840411840412,0.575083377464,37,37,37,1,0,0.405405405405,0.540540540541,0.0540540540541,-11,-0.00825825825826,0.00598464099674,-0.594594594595,-0.5,-0.314285714286,-0.313648071926,-0.00788080011353,-0.00481297006977,-0.456340337195,-0.0168245664309,-0.00819725752147,0.152192751932,0.0459669053104,0.0197570762048,0.0140356391608,0.00682361442018,0,0.00598464099674,0.0140356391608,0,-0.0356986454823,-0.0505037913187,-157,-0.0202059202059,0.00550654911456,0,0,0,331,0,11,990,0.96783625731,1,0,0.0321637426901,1,0.96783625731,0.983655274889,0.978366339386,0.96783625731,0.96783625731,58,69,0,0,0,0
3429,WLNM_dir_neg,0.983721907162,0.877549052251,00:00:05,10,80,31,1240364566,threshold_sweep,0.9,1,0.840579710145,0.913385826772,58,0,11,138,0.840579710145,1,0,0.159420289855,1,0.840579710145,0.913385826772,0.946859903382,0.573268921095,0.875471698113,0.882339781452,0.840579710145,342,273,69,0,342,0,273,0,69,37,342,0.256756756757,1.72528881811,18.4864864865,15.5454545455,9.77142857143,5.36771015539,0.290358590277,0.142642642643,9.50849154237,1.02869645341,0.544491860281,8.05331334643,0.871264894205,0.461830251304,0.640599570326,0.371299902718,2,1.72528881811,0.640599570326,2,0.344071394247,0.376569037657,810,0.104247104247,0.56957682835,37,37,37,1,0,0.405405405405,0.540540540541,0.0540540540541,37,0.204954954955,1.75507818104,14.7567567568,12.4090909091,7.8,4.03047698725,0.273127561407,0.132462132462,7.23168702982,0.980118754958,0.514008514009,6.65144659016,0.901478109289,0.48411048411,0.679645935609,0.387245390519,2,1.75507818104,0.679645935609,2,0.243853510262,0.240537848606,322,0.0414414414414,0.415369718856,37,37,37,1,0,0.405405405405,0.540540540541,0.0540540540541,37,331,0.248498498498,1.73127345911,17.8918918919,15.0454545455,9.45714285714,5.05406208347,0.282477790164,0.137829672573,9.05215120518,1.01187188698,0.53629460276,8.20550609837,0.917231799515,0.481587327509,0.654635209487,0.378123517138,2,1.73127345911,0.654635209487,2,0.308372748765,0.326065246338,653,0.0840411840412,0.575083377464,37,37,37,1,0,0.405405405405,0.540540540541,0.0540540540541,-11,-0.00825825825826,0.00598464099674,-0.594594594595,-0.5,-0.314285714286,-0.313648071926,-0.00788080011353,-0.00481297006977,-0.456340337195,-0.0168245664309,-0.00819725752147,0.152192751932,0.0459669053104,0.0197570762048,0.0140356391608,0.00682361442018,0,0.00598464099674,0.0140356391608,0,-0.0356986454823,-0.0505037913187,-157,-0.0202059202059,0.00550654911456,0,0,0,331,0,11,990,0.96783625731,1,0,0.0321637426901,1,0.96783625731,0.983655274889,0.978366339386,0.96783625731,0.96783625731,58,69,0,0,0,0
3430,WLNM_dir_neg,0.976055450536,0.281381673093,00:00:05,10,80,32,1240364567,threshold_sweep,0.1,0.945454545455,0.753623188406,0.838709677419,52,3,17,135,0.753623188406,0.978260869565,0.0217391304348,0.246376811594,0.945454545455,0.753623188406,0.838709677419,0.903381642512,0.578099838969,0.770992366412,0.781093883923,0.731884057971,342,273,69,0,342,0,273,0,69,37,342,0.256756756757,1.72528881811,18.4864864865,15.5454545455,9.77142857143,5.36771015539,0.290358590277,0.142642642643,9.50849154237,1.02869645341,0.544491860281,8.05331334643,0.871264894205,0.461830251304,0.640599570326,0.371299902718,2,1.72528881811,0.640599570326,2,0.344071394247,0.376569037657,810,0.104247104247,0.56957682835,37,37,37,1,0,0.405405405405,0.540540540541,0.0540540540541,37,0.204954954955,1.72868596087,14.7567567568,12.4090909091,7.8,4.21904021079,0.28590565531,0.145431145431,7.45114216208,1.00986175823,0.532422532423,6.86112782821,0.929896445582,0.49896049896,0.642287859434,0.371546870844,2,1.72868596087,0.642287859434,2,0.225384806809,0.237330037083,320,0.041184041184,0.429161594342,37,37,37,1,0,0.405405405405,0.540540540541,0.0540540540541,37,328,0.246246246246,1.98724999678,17.7297297297,14.2608695652,9.37142857143,4.90831861146,0.276841141195,0.136041529334,8.9230107094,1.0065591349,0.535926170073,8.05247429939,0.908358381334,0.481707317073,0.985598720028,0.495961112907,3.7938517179,1.98724999678,0.985598720028,3.7938517179,0.305328493099,0.320048101701,621,0.0799227799228,0.514407158926,37,37,37,1,0,0.378378378378,0.567567567568,0.0540540540541,-14,-0.0105105105105,0.261961178667,-0.756756756757,-1.28458498024,-0.4,-0.459391543935,-0.013517449082,-0.00660111330843,-0.585480832972,-0.0221373185126,-0.00856569020882,-0.000839047043874,0.0370934871288,0.0198770657692,0.344999149702,0.124661210189,1.7938517179,0.261961178667,0.344999149702,1.7938517179,-0.0387429011483,-0.0565209359562,-189,-0.0243243243243,-0.0551696694242,-0.027027027027,0.027027027027,0,325,3,17,987,0.950292397661,0.99696969697,0.0030303030303,0.0497076023392,0.990853658537,0.950292397661,0.970149253731,0.960499252286,0.947262094631,0.942028985507,55,69,0,0,0,0
3431,WLNM_dir_neg,0.976055450536,0.281381673093,00:00:05,10,80,32,1240364567,threshold_sweep,0.2,0.945454545455,0.753623188406,0.838709677419,52,3,17,135,0.753623188406,0.978260869565,0.0217391304348,0.246376811594,0.945454545455,0.753623188406,0.838709677419,0.903381642512,0.578099838969,0.770992366412,0.781093883923,0.731884057971,342,273,69,0,342,0,273,0,69,37,342,0.256756756757,1.72528881811,18.4864864865,15.5454545455,9.77142857143,5.36771015539,0.290358590277,0.142642642643,9.50849154237,1.02869645341,0.544491860281,8.05331334643,0.871264894205,0.461830251304,0.640599570326,0.371299902718,2,1.72528881811,0.640599570326,2,0.344071394247,0.376569037657,810,0.104247104247,0.56957682835,37,37,37,1,0,0.405405405405,0.540540540541,0.0540540540541,37,0.204954954955,1.72868596087,14.7567567568,12.4090909091,7.8,4.21904021079,0.28590565531,0.145431145431,7.45114216208,1.00986175823,0.532422532423,6.86112782821,0.929896445582,0.49896049896,0.642287859434,0.371546870844,2,1.72868596087,0.642287859434,2,0.225384806809,0.237330037083,320,0.041184041184,0.429161594342,37,37,37,1,0,0.405405405405,0.540540540541,0.0540540540541,37,328,0.246246246246,1.98724999678,17.7297297297,14.2608695652,9.37142857143,4.90831861146,0.276841141195,0.136041529334,8.9230107094,1.0065591349,0.535926170073,8.05247429939,0.908358381334,0.481707317073,0.985598720028,0.495961112907,3.7938517179,1.98724999678,0.985598720028,3.7938517179,0.305328493099,0.320048101701,621,0.0799227799228,0.514407158926,37,37,37,1,0,0.378378378378,0.567567567568,0.0540540540541,-14,-0.0105105105105,0.261961178667,-0.756756756757,-1.28458498024,-0.4,-0.459391543935,-0.013517449082,-0.00660111330843,-0.585480832972,-0.0221373185126,-0.00856569020882,-0.000839047043874,0.0370934871288,0.0198770657692,0.344999149702,0.124661210189,1.7938517179,0.261961178667,0.344999149702,1.7938517179,-0.0387429011483,-0.0565209359562,-189,-0.0243243243243,-0.0551696694242,-0.027027027027,0.027027027027,0,325,3,17,987,0.950292397661,0.99696969697,0.0030303030303,0.0497076023392,0.990853658537,0.950292397661,0.970149253731,0.960499252286,0.947262094631,0.942028985507,55,69,0,0,0,0
3432,WLNM_dir_neg,0.976055450536,0.281381673093,00:00:05,10,80,32,1240364567,threshold_sweep,0.3,0.945454545455,0.753623188406,0.838709677419,52,3,17,135,0.753623188406,0.978260869565,0.0217391304348,0.246376811594,0.945454545455,0.753623188406,0.838709677419,0.903381642512,0.578099838969,0.770992366412,0.781093883923,0.731884057971,342,273,69,0,342,0,273,0,69,37,342,0.256756756757,1.72528881811,18.4864864865,15.5454545455,9.77142857143,5.36771015539,0.290358590277,0.142642642643,9.50849154237,1.02869645341,0.544491860281,8.05331334643,0.871264894205,0.461830251304,0.640599570326,0.371299902718,2,1.72528881811,0.640599570326,2,0.344071394247,0.376569037657,810,0.104247104247,0.56957682835,37,37,37,1,0,0.405405405405,0.540540540541,0.0540540540541,37,0.204954954955,1.72868596087,14.7567567568,12.4090909091,7.8,4.21904021079,0.28590565531,0.145431145431,7.45114216208,1.00986175823,0.532422532423,6.86112782821,0.929896445582,0.49896049896,0.642287859434,0.371546870844,2,1.72868596087,0.642287859434,2,0.225384806809,0.237330037083,320,0.041184041184,0.429161594342,37,37,37,1,0,0.405405405405,0.540540540541,0.0540540540541,37,328,0.246246246246,1.98724999678,17.7297297297,14.2608695652,9.37142857143,4.90831861146,0.276841141195,0.136041529334,8.9230107094,1.0065591349,0.535926170073,8.05247429939,0.908358381334,0.481707317073,0.985598720028,0.495961112907,3.7938517179,1.98724999678,0.985598720028,3.7938517179,0.305328493099,0.320048101701,621,0.0799227799228,0.514407158926,37,37,37,1,0,0.378378378378,0.567567567568,0.0540540540541,-14,-0.0105105105105,0.261961178667,-0.756756756757,-1.28458498024,-0.4,-0.459391543935,-0.013517449082,-0.00660111330843,-0.585480832972,-0.0221373185126,-0.00856569020882,-0.000839047043874,0.0370934871288,0.0198770657692,0.344999149702,0.124661210189,1.7938517179,0.261961178667,0.344999149702,1.7938517179,-0.0387429011483,-0.0565209359562,-189,-0.0243243243243,-0.0551696694242,-0.027027027027,0.027027027027,0,325,3,17,987,0.950292397661,0.99696969697,0.0030303030303,0.0497076023392,0.990853658537,0.950292397661,0.970149253731,0.960499252286,0.947262094631,0.942028985507,55,69,0,0,0,0
3433,WLNM_dir_neg,0.976055450536,0.281381673093,00:00:05,10,80,32,1240364567,threshold_sweep,0.4,0.944444444444,0.739130434783,0.829268292683,51,3,18,135,0.739130434783,0.978260869565,0.0217391304348,0.260869565217,0.944444444444,0.739130434783,0.829268292683,0.898550724638,0.579710144928,0.758620689655,0.770154046215,0.717391304348,342,273,69,0,342,0,273,0,69,37,342,0.256756756757,1.72528881811,18.4864864865,15.5454545455,9.77142857143,5.36771015539,0.290358590277,0.142642642643,9.50849154237,1.02869645341,0.544491860281,8.05331334643,0.871264894205,0.461830251304,0.640599570326,0.371299902718,2,1.72528881811,0.640599570326,2,0.344071394247,0.376569037657,810,0.104247104247,0.56957682835,37,37,37,1,0,0.405405405405,0.540540540541,0.0540540540541,37,0.204954954955,1.72868596087,14.7567567568,12.4090909091,7.8,4.21904021079,0.28590565531,0.145431145431,7.45114216208,1.00986175823,0.532422532423,6.86112782821,0.929896445582,0.49896049896,0.642287859434,0.371546870844,2,1.72868596087,0.642287859434,2,0.225384806809,0.237330037083,320,0.041184041184,0.429161594342,37,37,37,1,0,0.405405405405,0.540540540541,0.0540540540541,37,327,0.245495495495,1.98806961695,17.6756756757,14.2173913043,9.34285714286,4.84225644173,0.273950287988,0.134969832218,8.86163238509,1.00269234938,0.534589635507,8.01912129265,0.907362348099,0.481527398959,0.986347687417,0.496133374308,3.7938517179,1.98806961695,0.986347687417,3.7938517179,0.301798834815,0.316363636364,609,0.0783783783784,0.512029992094,37,37,37,1,0,0.378378378378,0.567567567568,0.0540540540541,-15,-0.0112612612613,0.262780798835,-0.810810810811,-1.32806324111,-0.428571428571,-0.525453713666,-0.0164083022895,-0.0076728104251,-0.646859157282,-0.0260041040312,-0.00990222477427,-0.0341920537796,0.0360974538937,0.0196971476547,0.345748117091,0.124833471591,1.7938517179,0.262780798835,0.345748117091,1.7938517179,-0.0422725594327,-0.0602054012933,-201,-0.0258687258687,-0.0575468362555,-0.027027027027,0.027027027027,0,324,3,18,987,0.947368421053,0.99696969697,0.0030303030303,0.0526315789474,0.990825688073,0.947368421053,0.968609865471,0.958520186032,0.944338118022,0.939130434783,54,69,0,0,0,0
3434,WLNM_dir_neg,0.976055450536,0.281381673093,00:00:05,10,80,32,1240364567,threshold_sweep,0.5,0.944444444444,0.739130434783,0.829268292683,51,3,18,135,0.739130434783,0.978260869565,0.0217391304348,0.260869565217,0.944444444444,0.739130434783,0.829268292683,0.898550724638,0.579710144928,0.758620689655,0.770154046215,0.717391304348,342,273,69,0,342,0,273,0,69,37,342,0.256756756757,1.72528881811,18.4864864865,15.5454545455,9.77142857143,5.36771015539,0.290358590277,0.142642642643,9.50849154237,1.02869645341,0.544491860281,8.05331334643,0.871264894205,0.461830251304,0.640599570326,0.371299902718,2,1.72528881811,0.640599570326,2,0.344071394247,0.376569037657,810,0.104247104247,0.56957682835,37,37,37,1,0,0.405405405405,0.540540540541,0.0540540540541,37,0.204954954955,1.72868596087,14.7567567568,12.4090909091,7.8,4.21904021079,0.28590565531,0.145431145431,7.45114216208,1.00986175823,0.532422532423,6.86112782821,0.929896445582,0.49896049896,0.642287859434,0.371546870844,2,1.72868596087,0.642287859434,2,0.225384806809,0.237330037083,320,0.041184041184,0.429161594342,37,37,37,1,0,0.405405405405,0.540540540541,0.0540540540541,37,327,0.245495495495,1.98806961695,17.6756756757,14.2173913043,9.34285714286,4.84225644173,0.273950287988,0.134969832218,8.86163238509,1.00269234938,0.534589635507,8.01912129265,0.907362348099,0.481527398959,0.986347687417,0.496133374308,3.7938517179,1.98806961695,0.986347687417,3.7938517179,0.301798834815,0.316363636364,609,0.0783783783784,0.512029992094,37,37,37,1,0,0.378378378378,0.567567567568,0.0540540540541,-15,-0.0112612612613,0.262780798835,-0.810810810811,-1.32806324111,-0.428571428571,-0.525453713666,-0.0164083022895,-0.0076728104251,-0.646859157282,-0.0260041040312,-0.00990222477427,-0.0341920537796,0.0360974538937,0.0196971476547,0.345748117091,0.124833471591,1.7938517179,0.262780798835,0.345748117091,1.7938517179,-0.0422725594327,-0.0602054012933,-201,-0.0258687258687,-0.0575468362555,-0.027027027027,0.027027027027,0,324,3,18,987,0.947368421053,0.99696969697,0.0030303030303,0.0526315789474,0.990825688073,0.947368421053,0.968609865471,0.958520186032,0.944338118022,0.939130434783,54,69,0,0,0,0
3435,WLNM_dir_neg,0.976055450536,0.281381673093,00:00:05,10,80,32,1240364567,threshold_sweep,0.6,0.944444444444,0.739130434783,0.829268292683,51,3,18,135,0.739130434783,0.978260869565,0.0217391304348,0.260869565217,0.944444444444,0.739130434783,0.829268292683,0.898550724638,0.579710144928,0.758620689655,0.770154046215,0.717391304348,342,273,69,0,342,0,273,0,69,37,342,0.256756756757,1.72528881811,18.4864864865,15.5454545455,9.77142857143,5.36771015539,0.290358590277,0.142642642643,9.50849154237,1.02869645341,0.544491860281,8.05331334643,0.871264894205,0.461830251304,0.640599570326,0.371299902718,2,1.72528881811,0.640599570326,2,0.344071394247,0.376569037657,810,0.104247104247,0.56957682835,37,37,37,1,0,0.405405405405,0.540540540541,0.0540540540541,37,0.204954954955,1.72868596087,14.7567567568,12.4090909091,7.8,4.21904021079,0.28590565531,0.145431145431,7.45114216208,1.00986175823,0.532422532423,6.86112782821,0.929896445582,0.49896049896,0.642287859434,0.371546870844,2,1.72868596087,0.642287859434,2,0.225384806809,0.237330037083,320,0.041184041184,0.429161594342,37,37,37,1,0,0.405405405405,0.540540540541,0.0540540540541,37,327,0.245495495495,1.98806961695,17.6756756757,14.2173913043,9.34285714286,4.84225644173,0.273950287988,0.134969832218,8.86163238509,1.00269234938,0.534589635507,8.01912129265,0.907362348099,0.481527398959,0.986347687417,0.496133374308,3.7938517179,1.98806961695,0.986347687417,3.7938517179,0.301798834815,0.316363636364,609,0.0783783783784,0.512029992094,37,37,37,1,0,0.378378378378,0.567567567568,0.0540540540541,-15,-0.0112612612613,0.262780798835,-0.810810810811,-1.32806324111,-0.428571428571,-0.525453713666,-0.0164083022895,-0.0076728104251,-0.646859157282,-0.0260041040312,-0.00990222477427,-0.0341920537796,0.0360974538937,0.0196971476547,0.345748117091,0.124833471591,1.7938517179,0.262780798835,0.345748117091,1.7938517179,-0.0422725594327,-0.0602054012933,-201,-0.0258687258687,-0.0575468362555,-0.027027027027,0.027027027027,0,324,3,18,987,0.947368421053,0.99696969697,0.0030303030303,0.0526315789474,0.990825688073,0.947368421053,0.968609865471,0.958520186032,0.944338118022,0.939130434783,54,69,0,0,0,0
3436,WLNM_dir_neg,0.976055450536,0.281381673093,00:00:05,10,80,32,1240364567,threshold_sweep,0.7,0.944444444444,0.739130434783,0.829268292683,51,3,18,135,0.739130434783,0.978260869565,0.0217391304348,0.260869565217,0.944444444444,0.739130434783,0.829268292683,0.898550724638,0.579710144928,0.758620689655,0.770154046215,0.717391304348,342,273,69,0,342,0,273,0,69,37,342,0.256756756757,1.72528881811,18.4864864865,15.5454545455,9.77142857143,5.36771015539,0.290358590277,0.142642642643,9.50849154237,1.02869645341,0.544491860281,8.05331334643,0.871264894205,0.461830251304,0.640599570326,0.371299902718,2,1.72528881811,0.640599570326,2,0.344071394247,0.376569037657,810,0.104247104247,0.56957682835,37,37,37,1,0,0.405405405405,0.540540540541,0.0540540540541,37,0.204954954955,1.72868596087,14.7567567568,12.4090909091,7.8,4.21904021079,0.28590565531,0.145431145431,7.45114216208,1.00986175823,0.532422532423,6.86112782821,0.929896445582,0.49896049896,0.642287859434,0.371546870844,2,1.72868596087,0.642287859434,2,0.225384806809,0.237330037083,320,0.041184041184,0.429161594342,37,37,37,1,0,0.405405405405,0.540540540541,0.0540540540541,37,327,0.245495495495,1.98806961695,17.6756756757,14.2173913043,9.34285714286,4.84225644173,0.273950287988,0.134969832218,8.86163238509,1.00269234938,0.534589635507,8.01912129265,0.907362348099,0.481527398959,0.986347687417,0.496133374308,3.7938517179,1.98806961695,0.986347687417,3.7938517179,0.301798834815,0.316363636364,609,0.0783783783784,0.512029992094,37,37,37,1,0,0.378378378378,0.567567567568,0.0540540540541,-15,-0.0112612612613,0.262780798835,-0.810810810811,-1.32806324111,-0.428571428571,-0.525453713666,-0.0164083022895,-0.0076728104251,-0.646859157282,-0.0260041040312,-0.00990222477427,-0.0341920537796,0.0360974538937,0.0196971476547,0.345748117091,0.124833471591,1.7938517179,0.262780798835,0.345748117091,1.7938517179,-0.0422725594327,-0.0602054012933,-201,-0.0258687258687,-0.0575468362555,-0.027027027027,0.027027027027,0,324,3,18,987,0.947368421053,0.99696969697,0.0030303030303,0.0526315789474,0.990825688073,0.947368421053,0.968609865471,0.958520186032,0.944338118022,0.939130434783,54,69,0,0,0,0
3437,WLNM_dir_neg,0.976055450536,0.281381673093,00:00:05,10,80,32,1240364567,threshold_sweep,0.8,0.944444444444,0.739130434783,0.829268292683,51,3,18,135,0.739130434783,0.978260869565,0.0217391304348,0.260869565217,0.944444444444,0.739130434783,0.829268292683,0.898550724638,0.579710144928,0.758620689655,0.770154046215,0.717391304348,342,273,69,0,342,0,273,0,69,37,342,0.256756756757,1.72528881811,18.4864864865,15.5454545455,9.77142857143,5.36771015539,0.290358590277,0.142642642643,9.50849154237,1.02869645341,0.544491860281,8.05331334643,0.871264894205,0.461830251304,0.640599570326,0.371299902718,2,1.72528881811,0.640599570326,2,0.344071394247,0.376569037657,810,0.104247104247,0.56957682835,37,37,37,1,0,0.405405405405,0.540540540541,0.0540540540541,37,0.204954954955,1.72868596087,14.7567567568,12.4090909091,7.8,4.21904021079,0.28590565531,0.145431145431,7.45114216208,1.00986175823,0.532422532423,6.86112782821,0.929896445582,0.49896049896,0.642287859434,0.371546870844,2,1.72868596087,0.642287859434,2,0.225384806809,0.237330037083,320,0.041184041184,0.429161594342,37,37,37,1,0,0.405405405405,0.540540540541,0.0540540540541,37,327,0.245495495495,1.98806961695,17.6756756757,14.2173913043,9.34285714286,4.84225644173,0.273950287988,0.134969832218,8.86163238509,1.00269234938,0.534589635507,8.01912129265,0.907362348099,0.481527398959,0.986347687417,0.496133374308,3.7938517179,1.98806961695,0.986347687417,3.7938517179,0.301798834815,0.316363636364,609,0.0783783783784,0.512029992094,37,37,37,1,0,0.378378378378,0.567567567568,0.0540540540541,-15,-0.0112612612613,0.262780798835,-0.810810810811,-1.32806324111,-0.428571428571,-0.525453713666,-0.0164083022895,-0.0076728104251,-0.646859157282,-0.0260041040312,-0.00990222477427,-0.0341920537796,0.0360974538937,0.0196971476547,0.345748117091,0.124833471591,1.7938517179,0.262780798835,0.345748117091,1.7938517179,-0.0422725594327,-0.0602054012933,-201,-0.0258687258687,-0.0575468362555,-0.027027027027,0.027027027027,0,324,3,18,987,0.947368421053,0.99696969697,0.0030303030303,0.0526315789474,0.990825688073,0.947368421053,0.968609865471,0.958520186032,0.944338118022,0.939130434783,54,69,0,0,0,0
3438,WLNM_dir_neg,0.976055450536,0.281381673093,00:00:05,10,80,32,1240364567,threshold_sweep,0.9,0.962264150943,0.739130434783,0.83606557377,51,2,18,136,0.739130434783,0.985507246377,0.0144927536232,0.260869565217,0.962264150943,0.739130434783,0.83606557377,0.903381642512,0.581320450886,0.769230769231,0.782684452521,0.724637681159,342,273,69,0,342,0,273,0,69,37,342,0.256756756757,1.72528881811,18.4864864865,15.5454545455,9.77142857143,5.36771015539,0.290358590277,0.142642642643,9.50849154237,1.02869645341,0.544491860281,8.05331334643,0.871264894205,0.461830251304,0.640599570326,0.371299902718,2,1.72528881811,0.640599570326,2,0.344071394247,0.376569037657,810,0.104247104247,0.56957682835,37,37,37,1,0,0.405405405405,0.540540540541,0.0540540540541,37,0.204954954955,1.72868596087,14.7567567568,12.4090909091,7.8,4.21904021079,0.28590565531,0.145431145431,7.45114216208,1.00986175823,0.532422532423,6.86112782821,0.929896445582,0.49896049896,0.642287859434,0.371546870844,2,1.72868596087,0.642287859434,2,0.225384806809,0.237330037083,320,0.041184041184,0.429161594342,37,37,37,1,0,0.405405405405,0.540540540541,0.0540540540541,37,326,0.244744744745,1.77544609907,17.6216216216,14.8181818182,9.31428571429,4.87824735917,0.276833055659,0.13563256508,8.88768760651,1.00872528049,0.536892720942,8.02716858148,0.911059010781,0.482672856906,0.712949801956,0.401560938588,2.62748643761,1.77544609907,0.712949801956,2.62748643761,0.301798834815,0.316363636364,609,0.0783783783784,0.559540300125,37,37,37,1,0,0.405405405405,0.540540540541,0.0540540540541,-16,-0.012012012012,0.0501572809574,-0.864864864865,-0.727272727273,-0.457142857143,-0.489462796218,-0.0135255346184,-0.00701007756222,-0.62080393586,-0.0199711729208,-0.00759913933953,-0.0261447649582,0.0397941165761,0.0208426056021,0.0723502316298,0.0302610358703,0.627486437613,0.0501572809574,0.0723502316298,0.627486437613,-0.0422725594327,-0.0602054012933,-201,-0.0258687258687,-0.0100365282248,0,0,0,324,2,18,988,0.947368421053,0.99797979798,0.0020202020202,0.0526315789474,0.993865030675,0.947368421053,0.97005988024,0.960538264433,0.945348219032,0.941860465116,53,69,0,0,0,0
3439,WLNM_dir_neg,0.962192816635,0.892119389275,00:00:05,10,80,33,1240364568,threshold_sweep,0.1,1,0.811594202899,0.896,56,0,13,138,0.811594202899,1,0,0.188405797101,1,0.811594202899,0.896,0.937198067633,0.576489533011,0.851711026616,0.861232752689,0.811594202899,342,273,69,0,342,0,273,0,69,37,342,0.256756756757,1.72528881811,18.4864864865,15.5454545455,9.77142857143,5.36771015539,0.290358590277,0.142642642643,9.50849154237,1.02869645341,0.544491860281,8.05331334643,0.871264894205,0.461830251304,0.640599570326,0.371299902718,2,1.72528881811,0.640599570326,2,0.344071394247,0.376569037657,810,0.104247104247,0.56957682835,37,37,37,1,0,0.405405405405,0.540540540541,0.0540540540541,37,0.204954954955,1.75159628575,14.7567567568,12.4090909091,7.8,3.94690740683,0.267464421342,0.125631125631,7.37243873171,0.999194992943,0.519948519949,6.65144659016,0.901478109289,0.482724482724,0.676806570015,0.386394156873,2,1.75159628575,0.676806570015,2,0.225297589657,0.209685471792,280,0.036036036036,0.417103770121,37,37,37,1,0,0.405405405405,0.540540540541,0.0540540540541,37,329,0.246996996997,1.71727918648,17.7837837838,14.9545454545,9.4,4.83123595375,0.2716652436,0.130288343054,8.98079365394,1.0099980705,0.533804321038,8.15401667818,0.91701707323,0.482543333607,0.631590121913,0.367785347243,2,1.71727918648,0.631590121913,2,0.298059171765,0.314639105388,619,0.0796653796654,0.57176269669,37,37,37,1,0,0.405405405405,0.540540540541,0.0540540540541,-13,-0.00975975975976,-0.00800963163431,-0.702702702703,-0.590909090909,-0.371428571429,-0.53647420164,-0.018693346677,-0.0123542995883,-0.527697888434,-0.0186983829109,-0.010687539243,0.100703331743,0.0457521790248,0.0207130823032,-0.00900944841268,-0.00351455547448,0,-0.00800963163431,-0.00900944841268,0,-0.0460122224828,-0.0619299322689,-191,-0.0245817245817,0.0021858683401,0,0,0,329,0,13,990,0.961988304094,1,0,0.0380116959064,1,0.961988304094,0.980625931446,0.974433097482,0.961988304094,0.961988304094,56,69,0,0,0,0
3440,WLNM_dir_neg,0.962192816635,0.892119389275,00:00:05,10,80,33,1240364568,threshold_sweep,0.2,1,0.811594202899,0.896,56,0,13,138,0.811594202899,1,0,0.188405797101,1,0.811594202899,0.896,0.937198067633,0.576489533011,0.851711026616,0.861232752689,0.811594202899,342,273,69,0,342,0,273,0,69,37,342,0.256756756757,1.72528881811,18.4864864865,15.5454545455,9.77142857143,5.36771015539,0.290358590277,0.142642642643,9.50849154237,1.02869645341,0.544491860281,8.05331334643,0.871264894205,0.461830251304,0.640599570326,0.371299902718,2,1.72528881811,0.640599570326,2,0.344071394247,0.376569037657,810,0.104247104247,0.56957682835,37,37,37,1,0,0.405405405405,0.540540540541,0.0540540540541,37,0.204954954955,1.75159628575,14.7567567568,12.4090909091,7.8,3.94690740683,0.267464421342,0.125631125631,7.37243873171,0.999194992943,0.519948519949,6.65144659016,0.901478109289,0.482724482724,0.676806570015,0.386394156873,2,1.75159628575,0.676806570015,2,0.225297589657,0.209685471792,280,0.036036036036,0.417103770121,37,37,37,1,0,0.405405405405,0.540540540541,0.0540540540541,37,329,0.246996996997,1.71727918648,17.7837837838,14.9545454545,9.4,4.83123595375,0.2716652436,0.130288343054,8.98079365394,1.0099980705,0.533804321038,8.15401667818,0.91701707323,0.482543333607,0.631590121913,0.367785347243,2,1.71727918648,0.631590121913,2,0.298059171765,0.314639105388,619,0.0796653796654,0.57176269669,37,37,37,1,0,0.405405405405,0.540540540541,0.0540540540541,-13,-0.00975975975976,-0.00800963163431,-0.702702702703,-0.590909090909,-0.371428571429,-0.53647420164,-0.018693346677,-0.0123542995883,-0.527697888434,-0.0186983829109,-0.010687539243,0.100703331743,0.0457521790248,0.0207130823032,-0.00900944841268,-0.00351455547448,0,-0.00800963163431,-0.00900944841268,0,-0.0460122224828,-0.0619299322689,-191,-0.0245817245817,0.0021858683401,0,0,0,329,0,13,990,0.961988304094,1,0,0.0380116959064,1,0.961988304094,0.980625931446,0.974433097482,0.961988304094,0.961988304094,56,69,0,0,0,0
3441,WLNM_dir_neg,0.962192816635,0.892119389275,00:00:05,10,80,33,1240364568,threshold_sweep,0.3,1,0.811594202899,0.896,56,0,13,138,0.811594202899,1,0,0.188405797101,1,0.811594202899,0.896,0.937198067633,0.576489533011,0.851711026616,0.861232752689,0.811594202899,342,273,69,0,342,0,273,0,69,37,342,0.256756756757,1.72528881811,18.4864864865,15.5454545455,9.77142857143,5.36771015539,0.290358590277,0.142642642643,9.50849154237,1.02869645341,0.544491860281,8.05331334643,0.871264894205,0.461830251304,0.640599570326,0.371299902718,2,1.72528881811,0.640599570326,2,0.344071394247,0.376569037657,810,0.104247104247,0.56957682835,37,37,37,1,0,0.405405405405,0.540540540541,0.0540540540541,37,0.204954954955,1.75159628575,14.7567567568,12.4090909091,7.8,3.94690740683,0.267464421342,0.125631125631,7.37243873171,0.999194992943,0.519948519949,6.65144659016,0.901478109289,0.482724482724,0.676806570015,0.386394156873,2,1.75159628575,0.676806570015,2,0.225297589657,0.209685471792,280,0.036036036036,0.417103770121,37,37,37,1,0,0.405405405405,0.540540540541,0.0540540540541,37,329,0.246996996997,1.71727918648,17.7837837838,14.9545454545,9.4,4.83123595375,0.2716652436,0.130288343054,8.98079365394,1.0099980705,0.533804321038,8.15401667818,0.91701707323,0.482543333607,0.631590121913,0.367785347243,2,1.71727918648,0.631590121913,2,0.298059171765,0.314639105388,619,0.0796653796654,0.57176269669,37,37,37,1,0,0.405405405405,0.540540540541,0.0540540540541,-13,-0.00975975975976,-0.00800963163431,-0.702702702703,-0.590909090909,-0.371428571429,-0.53647420164,-0.018693346677,-0.0123542995883,-0.527697888434,-0.0186983829109,-0.010687539243,0.100703331743,0.0457521790248,0.0207130823032,-0.00900944841268,-0.00351455547448,0,-0.00800963163431,-0.00900944841268,0,-0.0460122224828,-0.0619299322689,-191,-0.0245817245817,0.0021858683401,0,0,0,329,0,13,990,0.961988304094,1,0,0.0380116959064,1,0.961988304094,0.980625931446,0.974433097482,0.961988304094,0.961988304094,56,69,0,0,0,0
3442,WLNM_dir_neg,0.962192816635,0.892119389275,00:00:05,10,80,33,1240364568,threshold_sweep,0.4,1,0.782608695652,0.878048780488,54,0,15,138,0.782608695652,1,0,0.217391304348,1,0.782608695652,0.878048780488,0.927536231884,0.579710144928,0.827586206897,0.840168050417,0.782608695652,342,273,69,0,342,0,273,0,69,37,342,0.256756756757,1.72528881811,18.4864864865,15.5454545455,9.77142857143,5.36771015539,0.290358590277,0.142642642643,9.50849154237,1.02869645341,0.544491860281,8.05331334643,0.871264894205,0.461830251304,0.640599570326,0.371299902718,2,1.72528881811,0.640599570326,2,0.344071394247,0.376569037657,810,0.104247104247,0.56957682835,37,37,37,1,0,0.405405405405,0.540540540541,0.0540540540541,37,0.204954954955,1.75159628575,14.7567567568,12.4090909091,7.8,3.94690740683,0.267464421342,0.125631125631,7.37243873171,0.999194992943,0.519948519949,6.65144659016,0.901478109289,0.482724482724,0.676806570015,0.386394156873,2,1.75159628575,0.676806570015,2,0.225297589657,0.209685471792,280,0.036036036036,0.417103770121,37,37,37,1,0,0.405405405405,0.540540540541,0.0540540540541,37,327,0.245495495495,1.71433586645,17.6756756757,14.8636363636,9.34285714286,4.77873794389,0.270356733828,0.127613852384,8.93032758362,1.01046520059,0.533267212166,8.18030668236,0.925600450297,0.485164063146,0.628869090138,0.366829570823,2,1.71433586645,0.628869090138,2,0.286982354334,0.301235839341,585,0.0752895752896,0.574484131263,37,37,37,1,0,0.405405405405,0.540540540541,0.0540540540541,-15,-0.0112612612613,-0.0109529516612,-0.810810810811,-0.681818181818,-0.428571428571,-0.588972211507,-0.0200018564487,-0.0150287902581,-0.578163958755,-0.0182312528218,-0.011224648115,0.126993335923,0.0543355560924,0.0233338118418,-0.0117304801881,-0.00447033189459,0,-0.0109529516612,-0.0117304801881,0,-0.0570890399131,-0.075333198316,-225,-0.0289575289575,0.00490730291354,0,0,0,327,0,15,990,0.956140350877,1,0,0.0438596491228,1,0.956140350877,0.977578475336,0.970499664797,0.956140350877,0.956140350877,54,69,0,0,0,0
3443,WLNM_dir_neg,0.962192816635,0.892119389275,00:00:05,10,80,33,1240364568,threshold_sweep,0.5,1,0.782608695652,0.878048780488,54,0,15,138,0.782608695652,1,0,0.217391304348,1,0.782608695652,0.878048780488,0.927536231884,0.579710144928,0.827586206897,0.840168050417,0.782608695652,342,273,69,0,342,0,273,0,69,37,342,0.256756756757,1.72528881811,18.4864864865,15.5454545455,9.77142857143,5.36771015539,0.290358590277,0.142642642643,9.50849154237,1.02869645341,0.544491860281,8.05331334643,0.871264894205,0.461830251304,0.640599570326,0.371299902718,2,1.72528881811,0.640599570326,2,0.344071394247,0.376569037657,810,0.104247104247,0.56957682835,37,37,37,1,0,0.405405405405,0.540540540541,0.0540540540541,37,0.204954954955,1.75159628575,14.7567567568,12.4090909091,7.8,3.94690740683,0.267464421342,0.125631125631,7.37243873171,0.999194992943,0.519948519949,6.65144659016,0.901478109289,0.482724482724,0.676806570015,0.386394156873,2,1.75159628575,0.676806570015,2,0.225297589657,0.209685471792,280,0.036036036036,0.417103770121,37,37,37,1,0,0.405405405405,0.540540540541,0.0540540540541,37,327,0.245495495495,1.71433586645,17.6756756757,14.8636363636,9.34285714286,4.77873794389,0.270356733828,0.127613852384,8.93032758362,1.01046520059,0.533267212166,8.18030668236,0.925600450297,0.485164063146,0.628869090138,0.366829570823,2,1.71433586645,0.628869090138,2,0.286982354334,0.301235839341,585,0.0752895752896,0.574484131263,37,37,37,1,0,0.405405405405,0.540540540541,0.0540540540541,-15,-0.0112612612613,-0.0109529516612,-0.810810810811,-0.681818181818,-0.428571428571,-0.588972211507,-0.0200018564487,-0.0150287902581,-0.578163958755,-0.0182312528218,-0.011224648115,0.126993335923,0.0543355560924,0.0233338118418,-0.0117304801881,-0.00447033189459,0,-0.0109529516612,-0.0117304801881,0,-0.0570890399131,-0.075333198316,-225,-0.0289575289575,0.00490730291354,0,0,0,327,0,15,990,0.956140350877,1,0,0.0438596491228,1,0.956140350877,0.977578475336,0.970499664797,0.956140350877,0.956140350877,54,69,0,0,0,0
3444,WLNM_dir_neg,0.962192816635,0.892119389275,00:00:05,10,80,33,1240364568,threshold_sweep,0.6,1,0.782608695652,0.878048780488,54,0,15,138,0.782608695652,1,0,0.217391304348,1,0.782608695652,0.878048780488,0.927536231884,0.579710144928,0.827586206897,0.840168050417,0.782608695652,342,273,69,0,342,0,273,0,69,37,342,0.256756756757,1.72528881811,18.4864864865,15.5454545455,9.77142857143,5.36771015539,0.290358590277,0.142642642643,9.50849154237,1.02869645341,0.544491860281,8.05331334643,0.871264894205,0.461830251304,0.640599570326,0.371299902718,2,1.72528881811,0.640599570326,2,0.344071394247,0.376569037657,810,0.104247104247,0.56957682835,37,37,37,1,0,0.405405405405,0.540540540541,0.0540540540541,37,0.204954954955,1.75159628575,14.7567567568,12.4090909091,7.8,3.94690740683,0.267464421342,0.125631125631,7.37243873171,0.999194992943,0.519948519949,6.65144659016,0.901478109289,0.482724482724,0.676806570015,0.386394156873,2,1.75159628575,0.676806570015,2,0.225297589657,0.209685471792,280,0.036036036036,0.417103770121,37,37,37,1,0,0.405405405405,0.540540540541,0.0540540540541,37,327,0.245495495495,1.71433586645,17.6756756757,14.8636363636,9.34285714286,4.77873794389,0.270356733828,0.127613852384,8.93032758362,1.01046520059,0.533267212166,8.18030668236,0.925600450297,0.485164063146,0.628869090138,0.366829570823,2,1.71433586645,0.628869090138,2,0.286982354334,0.301235839341,585,0.0752895752896,0.574484131263,37,37,37,1,0,0.405405405405,0.540540540541,0.0540540540541,-15,-0.0112612612613,-0.0109529516612,-0.810810810811,-0.681818181818,-0.428571428571,-0.588972211507,-0.0200018564487,-0.0150287902581,-0.578163958755,-0.0182312528218,-0.011224648115,0.126993335923,0.0543355560924,0.0233338118418,-0.0117304801881,-0.00447033189459,0,-0.0109529516612,-0.0117304801881,0,-0.0570890399131,-0.075333198316,-225,-0.0289575289575,0.00490730291354,0,0,0,327,0,15,990,0.956140350877,1,0,0.0438596491228,1,0.956140350877,0.977578475336,0.970499664797,0.956140350877,0.956140350877,54,69,0,0,0,0
3445,WLNM_dir_neg,0.962192816635,0.892119389275,00:00:05,10,80,33,1240364568,threshold_sweep,0.7,1,0.768115942029,0.868852459016,53,0,16,138,0.768115942029,1,0,0.231884057971,1,0.768115942029,0.868852459016,0.92270531401,0.581320450886,0.815384615385,0.829645519672,0.768115942029,342,273,69,0,342,0,273,0,69,37,342,0.256756756757,1.72528881811,18.4864864865,15.5454545455,9.77142857143,5.36771015539,0.290358590277,0.142642642643,9.50849154237,1.02869645341,0.544491860281,8.05331334643,0.871264894205,0.461830251304,0.640599570326,0.371299902718,2,1.72528881811,0.640599570326,2,0.344071394247,0.376569037657,810,0.104247104247,0.56957682835,37,37,37,1,0,0.405405405405,0.540540540541,0.0540540540541,37,0.204954954955,1.75159628575,14.7567567568,12.4090909091,7.8,3.94690740683,0.267464421342,0.125631125631,7.37243873171,0.999194992943,0.519948519949,6.65144659016,0.901478109289,0.482724482724,0.676806570015,0.386394156873,2,1.75159628575,0.676806570015,2,0.225297589657,0.209685471792,280,0.036036036036,0.417103770121,37,37,37,1,0,0.405405405405,0.540540540541,0.0540540540541,37,326,0.244744744745,1.71347723794,17.6216216216,14.8181818182,9.31428571429,4.74547358222,0.269298347457,0.126927541038,8.89081247955,1.009079944,0.532250041452,8.19836649664,0.930489449005,0.486652296468,0.627886775918,0.366440103209,2,1.71347723794,0.627886775918,2,0.28120376368,0.293985482198,567,0.072972972973,0.575901390756,37,37,37,1,0,0.405405405405,0.540540540541,0.0540540540541,-16,-0.012012012012,-0.0118115801723,-0.864864864865,-0.727272727273,-0.457142857143,-0.622236573176,-0.02106024282,-0.0157151016047,-0.617679062823,-0.0196165094166,-0.0122418188288,0.145053150205,0.0592245548002,0.0248220451643,-0.0127127944085,-0.00485979950896,0,-0.0118115801723,-0.0127127944085,0,-0.0628676305678,-0.0825835554585,-243,-0.0312741312741,0.00632456240604,0,0,0,326,0,16,990,0.953216374269,1,0,0.046783625731,1,0.953216374269,0.976047904192,0.968532846771,0.953216374269,0.953216374269,53,69,0,0,0,0
3446,WLNM_dir_neg,0.962192816635,0.892119389275,00:00:05,10,80,33,1240364568,threshold_sweep,0.8,1,0.753623188406,0.859504132231,52,0,17,138,0.753623188406,1,0,0.246376811594,1,0.753623188406,0.859504132231,0.917874396135,0.582930756844,0.803088803089,0.819126206354,0.753623188406,342,273,69,0,342,0,273,0,69,37,342,0.256756756757,1.72528881811,18.4864864865,15.5454545455,9.77142857143,5.36771015539,0.290358590277,0.142642642643,9.50849154237,1.02869645341,0.544491860281,8.05331334643,0.871264894205,0.461830251304,0.640599570326,0.371299902718,2,1.72528881811,0.640599570326,2,0.344071394247,0.376569037657,810,0.104247104247,0.56957682835,37,37,37,1,0,0.405405405405,0.540540540541,0.0540540540541,37,0.204954954955,1.75159628575,14.7567567568,12.4090909091,7.8,3.94690740683,0.267464421342,0.125631125631,7.37243873171,0.999194992943,0.519948519949,6.65144659016,0.901478109289,0.482724482724,0.676806570015,0.386394156873,2,1.75159628575,0.676806570015,2,0.225297589657,0.209685471792,280,0.036036036036,0.417103770121,37,37,37,1,0,0.405405405405,0.540540540541,0.0540540540541,37,325,0.243993993994,1.72745673468,17.5675675676,14.7727272727,9.28571428571,4.89069718127,0.278393531857,0.130145530146,8.91358244209,1.01477707802,0.534054054054,8.20276083311,0.93385277177,0.487650727651,0.650926423182,0.376811997727,2,1.72745673468,0.650926423182,2,0.290125022601,0.293924182101,566,0.0728442728443,0.57449875113,37,37,37,1,0,0.405405405405,0.540540540541,0.0540540540541,-17,-0.0127627627628,0.00216791656582,-0.918918918919,-0.772727272727,-0.485714285714,-0.47701297412,-0.01196505842,-0.0124971124971,-0.594909100284,-0.0139193753921,-0.0104378062273,0.149447486681,0.0625878775651,0.0258204763468,0.0103268528563,0.00551209500945,0,0.00216791656582,0.0103268528563,0,-0.0539463716466,-0.0826448555555,-244,-0.0314028314028,0.00492192278022,0,0,0,325,0,17,990,0.950292397661,1,0,0.0497076023392,1,0.950292397661,0.974512743628,0.966565944778,0.950292397661,0.950292397661,52,69,0,0,0,0
3447,WLNM_dir_neg,0.962192816635,0.892119389275,00:00:05,10,80,33,1240364568,threshold_sweep,0.9,1,0.753623188406,0.859504132231,52,0,17,138,0.753623188406,1,0,0.246376811594,1,0.753623188406,0.859504132231,0.917874396135,0.582930756844,0.803088803089,0.819126206354,0.753623188406,342,273,69,0,342,0,273,0,69,37,342,0.256756756757,1.72528881811,18.4864864865,15.5454545455,9.77142857143,5.36771015539,0.290358590277,0.142642642643,9.50849154237,1.02869645341,0.544491860281,8.05331334643,0.871264894205,0.461830251304,0.640599570326,0.371299902718,2,1.72528881811,0.640599570326,2,0.344071394247,0.376569037657,810,0.104247104247,0.56957682835,37,37,37,1,0,0.405405405405,0.540540540541,0.0540540540541,37,0.204954954955,1.75159628575,14.7567567568,12.4090909091,7.8,3.94690740683,0.267464421342,0.125631125631,7.37243873171,0.999194992943,0.519948519949,6.65144659016,0.901478109289,0.482724482724,0.676806570015,0.386394156873,2,1.75159628575,0.676806570015,2,0.225297589657,0.209685471792,280,0.036036036036,0.417103770121,37,37,37,1,0,0.405405405405,0.540540540541,0.0540540540541,37,325,0.243993993994,1.72745673468,17.5675675676,14.7727272727,9.28571428571,4.89069718127,0.278393531857,0.130145530146,8.91358244209,1.01477707802,0.534054054054,8.20276083311,0.93385277177,0.487650727651,0.650926423182,0.376811997727,2,1.72745673468,0.650926423182,2,0.290125022601,0.293924182101,566,0.0728442728443,0.57449875113,37,37,37,1,0,0.405405405405,0.540540540541,0.0540540540541,-17,-0.0127627627628,0.00216791656582,-0.918918918919,-0.772727272727,-0.485714285714,-0.47701297412,-0.01196505842,-0.0124971124971,-0.594909100284,-0.0139193753921,-0.0104378062273,0.149447486681,0.0625878775651,0.0258204763468,0.0103268528563,0.00551209500945,0,0.00216791656582,0.0103268528563,0,-0.0539463716466,-0.0826448555555,-244,-0.0314028314028,0.00492192278022,0,0,0,325,0,17,990,0.950292397661,1,0,0.0497076023392,1,0.950292397661,0.974512743628,0.966565944778,0.950292397661,0.950292397661,52,69,0,0,0,0
3448,WLNM_dir_neg,0.970804452846,0.940975822552,00:00:06,10,80,34,1240364569,threshold_sweep,0.1,0.983050847458,0.840579710145,0.90625,58,1,11,137,0.840579710145,0.992753623188,0.00724637681159,0.159420289855,0.983050847458,0.840579710145,0.90625,0.942028985507,0.571658615137,0.864661654135,0.870213825799,0.833333333333,342,273,69,0,342,0,273,0,69,37,342,0.256756756757,1.72528881811,18.4864864865,15.5454545455,9.77142857143,5.36771015539,0.290358590277,0.142642642643,9.50849154237,1.02869645341,0.544491860281,8.05331334643,0.871264894205,0.461830251304,0.640599570326,0.371299902718,2,1.72528881811,0.640599570326,2,0.344071394247,0.376569037657,810,0.104247104247,0.56957682835,37,37,37,1,0,0.405405405405,0.540540540541,0.0540540540541,37,0.204954954955,1.74228923922,14.7567567568,12.4090909091,7.8,4.0235791516,0.272660125658,0.137907137907,7.35735214806,0.99715029113,0.526086526087,6.45648404212,0.875054613768,0.474408474408,0.658621048473,0.378020499495,2,1.74228923922,0.658621048473,2,0.25136598104,0.246329932819,330,0.042471042471,0.401015428823,37,37,37,1,0,0.405405405405,0.540540540541,0.0540540540541,37,332,0.249249249249,2.07055138809,17.9459459459,14.4347826087,9.48571428571,4.926943756,0.274543552669,0.135949202214,9.00458675246,1.00352322241,0.532888309997,8.12570163291,0.905575181981,0.479973949853,1.14329395673,0.552168839328,4.51642608263,2.07055138809,1.14329395673,4.51642608263,0.311422571885,0.330996494742,661,0.0850707850708,0.520602958362,37,37,37,1,0,0.378378378378,0.567567567568,0.0540540540541,-10,-0.00750750750751,0.345262569974,-0.540540540541,-1.11067193676,-0.285714285714,-0.440766399395,-0.0158150376085,-0.00669344042838,-0.503904789914,-0.0251732310021,-0.0116035502846,0.0723882864727,0.0343102877757,0.0181436985495,0.502694386404,0.18086893661,2.51642608263,0.345262569974,0.502694386404,2.51642608263,-0.0326488223625,-0.0455725429148,-149,-0.0191763191763,-0.0489738699875,-0.027027027027,0.027027027027,0,331,1,11,989,0.96783625731,0.99898989899,0.0010101010101,0.0321637426901,0.996987951807,0.96783625731,0.982195845697,0.976360047116,0.9668261563,0.965014577259,59,69,0,0,0,0
3449,WLNM_dir_neg,0.970804452846,0.940975822552,00:00:06,10,80,34,1240364569,threshold_sweep,0.2,0.983050847458,0.840579710145,0.90625,58,1,11,137,0.840579710145,0.992753623188,0.00724637681159,0.159420289855,0.983050847458,0.840579710145,0.90625,0.942028985507,0.571658615137,0.864661654135,0.870213825799,0.833333333333,342,273,69,0,342,0,273,0,69,37,342,0.256756756757,1.72528881811,18.4864864865,15.5454545455,9.77142857143,5.36771015539,0.290358590277,0.142642642643,9.50849154237,1.02869645341,0.544491860281,8.05331334643,0.871264894205,0.461830251304,0.640599570326,0.371299902718,2,1.72528881811,0.640599570326,2,0.344071394247,0.376569037657,810,0.104247104247,0.56957682835,37,37,37,1,0,0.405405405405,0.540540540541,0.0540540540541,37,0.204954954955,1.74228923922,14.7567567568,12.4090909091,7.8,4.0235791516,0.272660125658,0.137907137907,7.35735214806,0.99715029113,0.526086526087,6.45648404212,0.875054613768,0.474408474408,0.658621048473,0.378020499495,2,1.74228923922,0.658621048473,2,0.25136598104,0.246329932819,330,0.042471042471,0.401015428823,37,37,37,1,0,0.405405405405,0.540540540541,0.0540540540541,37,332,0.249249249249,2.07055138809,17.9459459459,14.4347826087,9.48571428571,4.926943756,0.274543552669,0.135949202214,9.00458675246,1.00352322241,0.532888309997,8.12570163291,0.905575181981,0.479973949853,1.14329395673,0.552168839328,4.51642608263,2.07055138809,1.14329395673,4.51642608263,0.311422571885,0.330996494742,661,0.0850707850708,0.520602958362,37,37,37,1,0,0.378378378378,0.567567567568,0.0540540540541,-10,-0.00750750750751,0.345262569974,-0.540540540541,-1.11067193676,-0.285714285714,-0.440766399395,-0.0158150376085,-0.00669344042838,-0.503904789914,-0.0251732310021,-0.0116035502846,0.0723882864727,0.0343102877757,0.0181436985495,0.502694386404,0.18086893661,2.51642608263,0.345262569974,0.502694386404,2.51642608263,-0.0326488223625,-0.0455725429148,-149,-0.0191763191763,-0.0489738699875,-0.027027027027,0.027027027027,0,331,1,11,989,0.96783625731,0.99898989899,0.0010101010101,0.0321637426901,0.996987951807,0.96783625731,0.982195845697,0.976360047116,0.9668261563,0.965014577259,59,69,0,0,0,0
3450,WLNM_dir_neg,0.970804452846,0.940975822552,00:00:06,10,80,34,1240364569,threshold_sweep,0.3,0.983050847458,0.840579710145,0.90625,58,1,11,137,0.840579710145,0.992753623188,0.00724637681159,0.159420289855,0.983050847458,0.840579710145,0.90625,0.942028985507,0.571658615137,0.864661654135,0.870213825799,0.833333333333,342,273,69,0,342,0,273,0,69,37,342,0.256756756757,1.72528881811,18.4864864865,15.5454545455,9.77142857143,5.36771015539,0.290358590277,0.142642642643,9.50849154237,1.02869645341,0.544491860281,8.05331334643,0.871264894205,0.461830251304,0.640599570326,0.371299902718,2,1.72528881811,0.640599570326,2,0.344071394247,0.376569037657,810,0.104247104247,0.56957682835,37,37,37,1,0,0.405405405405,0.540540540541,0.0540540540541,37,0.204954954955,1.74228923922,14.7567567568,12.4090909091,7.8,4.0235791516,0.272660125658,0.137907137907,7.35735214806,0.99715029113,0.526086526087,6.45648404212,0.875054613768,0.474408474408,0.658621048473,0.378020499495,2,1.74228923922,0.658621048473,2,0.25136598104,0.246329932819,330,0.042471042471,0.401015428823,37,37,37,1,0,0.405405405405,0.540540540541,0.0540540540541,37,332,0.249249249249,2.07055138809,17.9459459459,14.4347826087,9.48571428571,4.926943756,0.274543552669,0.135949202214,9.00458675246,1.00352322241,0.532888309997,8.12570163291,0.905575181981,0.479973949853,1.14329395673,0.552168839328,4.51642608263,2.07055138809,1.14329395673,4.51642608263,0.311422571885,0.330996494742,661,0.0850707850708,0.520602958362,37,37,37,1,0,0.378378378378,0.567567567568,0.0540540540541,-10,-0.00750750750751,0.345262569974,-0.540540540541,-1.11067193676,-0.285714285714,-0.440766399395,-0.0158150376085,-0.00669344042838,-0.503904789914,-0.0251732310021,-0.0116035502846,0.0723882864727,0.0343102877757,0.0181436985495,0.502694386404,0.18086893661,2.51642608263,0.345262569974,0.502694386404,2.51642608263,-0.0326488223625,-0.0455725429148,-149,-0.0191763191763,-0.0489738699875,-0.027027027027,0.027027027027,0,331,1,11,989,0.96783625731,0.99898989899,0.0010101010101,0.0321637426901,0.996987951807,0.96783625731,0.982195845697,0.976360047116,0.9668261563,0.965014577259,59,69,0,0,0,0
3451,WLNM_dir_neg,0.970804452846,0.940975822552,00:00:06,10,80,34,1240364569,threshold_sweep,0.4,0.983050847458,0.840579710145,0.90625,58,1,11,137,0.840579710145,0.992753623188,0.00724637681159,0.159420289855,0.983050847458,0.840579710145,0.90625,0.942028985507,0.571658615137,0.864661654135,0.870213825799,0.833333333333,342,273,69,0,342,0,273,0,69,37,342,0.256756756757,1.72528881811,18.4864864865,15.5454545455,9.77142857143,5.36771015539,0.290358590277,0.142642642643,9.50849154237,1.02869645341,0.544491860281,8.05331334643,0.871264894205,0.461830251304,0.640599570326,0.371299902718,2,1.72528881811,0.640599570326,2,0.344071394247,0.376569037657,810,0.104247104247,0.56957682835,37,37,37,1,0,0.405405405405,0.540540540541,0.0540540540541,37,0.204954954955,1.74228923922,14.7567567568,12.4090909091,7.8,4.0235791516,0.272660125658,0.137907137907,7.35735214806,0.99715029113,0.526086526087,6.45648404212,0.875054613768,0.474408474408,0.658621048473,0.378020499495,2,1.74228923922,0.658621048473,2,0.25136598104,0.246329932819,330,0.042471042471,0.401015428823,37,37,37,1,0,0.405405405405,0.540540540541,0.0540540540541,37,332,0.249249249249,2.07055138809,17.9459459459,14.4347826087,9.48571428571,4.926943756,0.274543552669,0.135949202214,9.00458675246,1.00352322241,0.532888309997,8.12570163291,0.905575181981,0.479973949853,1.14329395673,0.552168839328,4.51642608263,2.07055138809,1.14329395673,4.51642608263,0.311422571885,0.330996494742,661,0.0850707850708,0.520602958362,37,37,37,1,0,0.378378378378,0.567567567568,0.0540540540541,-10,-0.00750750750751,0.345262569974,-0.540540540541,-1.11067193676,-0.285714285714,-0.440766399395,-0.0158150376085,-0.00669344042838,-0.503904789914,-0.0251732310021,-0.0116035502846,0.0723882864727,0.0343102877757,0.0181436985495,0.502694386404,0.18086893661,2.51642608263,0.345262569974,0.502694386404,2.51642608263,-0.0326488223625,-0.0455725429148,-149,-0.0191763191763,-0.0489738699875,-0.027027027027,0.027027027027,0,331,1,11,989,0.96783625731,0.99898989899,0.0010101010101,0.0321637426901,0.996987951807,0.96783625731,0.982195845697,0.976360047116,0.9668261563,0.965014577259,59,69,0,0,0,0
3452,WLNM_dir_neg,0.970804452846,0.940975822552,00:00:06,10,80,34,1240364569,threshold_sweep,0.5,0.983050847458,0.840579710145,0.90625,58,1,11,137,0.840579710145,0.992753623188,0.00724637681159,0.159420289855,0.983050847458,0.840579710145,0.90625,0.942028985507,0.571658615137,0.864661654135,0.870213825799,0.833333333333,342,273,69,0,342,0,273,0,69,37,342,0.256756756757,1.72528881811,18.4864864865,15.5454545455,9.77142857143,5.36771015539,0.290358590277,0.142642642643,9.50849154237,1.02869645341,0.544491860281,8.05331334643,0.871264894205,0.461830251304,0.640599570326,0.371299902718,2,1.72528881811,0.640599570326,2,0.344071394247,0.376569037657,810,0.104247104247,0.56957682835,37,37,37,1,0,0.405405405405,0.540540540541,0.0540540540541,37,0.204954954955,1.74228923922,14.7567567568,12.4090909091,7.8,4.0235791516,0.272660125658,0.137907137907,7.35735214806,0.99715029113,0.526086526087,6.45648404212,0.875054613768,0.474408474408,0.658621048473,0.378020499495,2,1.74228923922,0.658621048473,2,0.25136598104,0.246329932819,330,0.042471042471,0.401015428823,37,37,37,1,0,0.405405405405,0.540540540541,0.0540540540541,37,332,0.249249249249,2.07055138809,17.9459459459,14.4347826087,9.48571428571,4.926943756,0.274543552669,0.135949202214,9.00458675246,1.00352322241,0.532888309997,8.12570163291,0.905575181981,0.479973949853,1.14329395673,0.552168839328,4.51642608263,2.07055138809,1.14329395673,4.51642608263,0.311422571885,0.330996494742,661,0.0850707850708,0.520602958362,37,37,37,1,0,0.378378378378,0.567567567568,0.0540540540541,-10,-0.00750750750751,0.345262569974,-0.540540540541,-1.11067193676,-0.285714285714,-0.440766399395,-0.0158150376085,-0.00669344042838,-0.503904789914,-0.0251732310021,-0.0116035502846,0.0723882864727,0.0343102877757,0.0181436985495,0.502694386404,0.18086893661,2.51642608263,0.345262569974,0.502694386404,2.51642608263,-0.0326488223625,-0.0455725429148,-149,-0.0191763191763,-0.0489738699875,-0.027027027027,0.027027027027,0,331,1,11,989,0.96783625731,0.99898989899,0.0010101010101,0.0321637426901,0.996987951807,0.96783625731,0.982195845697,0.976360047116,0.9668261563,0.965014577259,59,69,0,0,0,0
3453,WLNM_dir_neg,0.970804452846,0.940975822552,00:00:06,10,80,34,1240364569,threshold_sweep,0.6,1,0.840579710145,0.913385826772,58,0,11,138,0.840579710145,1,0,0.159420289855,1,0.840579710145,0.913385826772,0.946859903382,0.573268921095,0.875471698113,0.882339781452,0.840579710145,342,273,69,0,342,0,273,0,69,37,342,0.256756756757,1.72528881811,18.4864864865,15.5454545455,9.77142857143,5.36771015539,0.290358590277,0.142642642643,9.50849154237,1.02869645341,0.544491860281,8.05331334643,0.871264894205,0.461830251304,0.640599570326,0.371299902718,2,1.72528881811,0.640599570326,2,0.344071394247,0.376569037657,810,0.104247104247,0.56957682835,37,37,37,1,0,0.405405405405,0.540540540541,0.0540540540541,37,0.204954954955,1.74228923922,14.7567567568,12.4090909091,7.8,4.0235791516,0.272660125658,0.137907137907,7.35735214806,0.99715029113,0.526086526087,6.45648404212,0.875054613768,0.474408474408,0.658621048473,0.378020499495,2,1.74228923922,0.658621048473,2,0.25136598104,0.246329932819,330,0.042471042471,0.401015428823,37,37,37,1,0,0.405405405405,0.540540540541,0.0540540540541,37,331,0.248498498498,1.71818419066,17.8918918919,15.0454545455,9.45714285714,4.93729448958,0.275951504705,0.13627827223,9.03064519027,1.00946789136,0.535151465665,8.13751923004,0.909632058947,0.481587327509,0.632380622542,0.368051705971,2,1.71818419066,0.632380622542,2,0.311422571885,0.330996494742,661,0.0850707850708,0.569167888857,37,37,37,1,0,0.405405405405,0.540540540541,0.0540540540541,-11,-0.00825825825826,-0.00710462745989,-0.594594594595,-0.5,-0.314285714286,-0.430415665809,-0.0144070855723,-0.00636437041271,-0.477846352104,-0.0192285620553,-0.00934039461627,0.0842058836026,0.0383671647418,0.0197570762048,-0.00821894778383,-0.00324819674717,0,-0.00710462745989,-0.00821894778383,0,-0.0326488223625,-0.0455725429148,-149,-0.0191763191763,-0.00040893949268,0,0,0,331,0,11,990,0.96783625731,1,0,0.0321637426901,1,0.96783625731,0.983655274889,0.978366339386,0.96783625731,0.96783625731,58,69,0,0,0,0
3454,WLNM_dir_neg,0.970804452846,0.940975822552,00:00:06,10,80,34,1240364569,threshold_sweep,0.7,1,0.840579710145,0.913385826772,58,0,11,138,0.840579710145,1,0,0.159420289855,1,0.840579710145,0.913385826772,0.946859903382,0.573268921095,0.875471698113,0.882339781452,0.840579710145,342,273,69,0,342,0,273,0,69,37,342,0.256756756757,1.72528881811,18.4864864865,15.5454545455,9.77142857143,5.36771015539,0.290358590277,0.142642642643,9.50849154237,1.02869645341,0.544491860281,8.05331334643,0.871264894205,0.461830251304,0.640599570326,0.371299902718,2,1.72528881811,0.640599570326,2,0.344071394247,0.376569037657,810,0.104247104247,0.56957682835,37,37,37,1,0,0.405405405405,0.540540540541,0.0540540540541,37,0.204954954955,1.74228923922,14.7567567568,12.4090909091,7.8,4.0235791516,0.272660125658,0.137907137907,7.35735214806,0.99715029113,0.526086526087,6.45648404212,0.875054613768,0.474408474408,0.658621048473,0.378020499495,2,1.74228923922,0.658621048473,2,0.25136598104,0.246329932819,330,0.042471042471,0.401015428823,37,37,37,1,0,0.405405405405,0.540540540541,0.0540540540541,37,331,0.248498498498,1.71818419066,17.8918918919,15.0454545455,9.45714285714,4.93729448958,0.275951504705,0.13627827223,9.03064519027,1.00946789136,0.535151465665,8.13751923004,0.909632058947,0.481587327509,0.632380622542,0.368051705971,2,1.71818419066,0.632380622542,2,0.311422571885,0.330996494742,661,0.0850707850708,0.569167888857,37,37,37,1,0,0.405405405405,0.540540540541,0.0540540540541,-11,-0.00825825825826,-0.00710462745989,-0.594594594595,-0.5,-0.314285714286,-0.430415665809,-0.0144070855723,-0.00636437041271,-0.477846352104,-0.0192285620553,-0.00934039461627,0.0842058836026,0.0383671647418,0.0197570762048,-0.00821894778383,-0.00324819674717,0,-0.00710462745989,-0.00821894778383,0,-0.0326488223625,-0.0455725429148,-149,-0.0191763191763,-0.00040893949268,0,0,0,331,0,11,990,0.96783625731,1,0,0.0321637426901,1,0.96783625731,0.983655274889,0.978366339386,0.96783625731,0.96783625731,58,69,0,0,0,0
3455,WLNM_dir_neg,0.970804452846,0.940975822552,00:00:06,10,80,34,1240364569,threshold_sweep,0.8,1,0.840579710145,0.913385826772,58,0,11,138,0.840579710145,1,0,0.159420289855,1,0.840579710145,0.913385826772,0.946859903382,0.573268921095,0.875471698113,0.882339781452,0.840579710145,342,273,69,0,342,0,273,0,69,37,342,0.256756756757,1.72528881811,18.4864864865,15.5454545455,9.77142857143,5.36771015539,0.290358590277,0.142642642643,9.50849154237,1.02869645341,0.544491860281,8.05331334643,0.871264894205,0.461830251304,0.640599570326,0.371299902718,2,1.72528881811,0.640599570326,2,0.344071394247,0.376569037657,810,0.104247104247,0.56957682835,37,37,37,1,0,0.405405405405,0.540540540541,0.0540540540541,37,0.204954954955,1.74228923922,14.7567567568,12.4090909091,7.8,4.0235791516,0.272660125658,0.137907137907,7.35735214806,0.99715029113,0.526086526087,6.45648404212,0.875054613768,0.474408474408,0.658621048473,0.378020499495,2,1.74228923922,0.658621048473,2,0.25136598104,0.246329932819,330,0.042471042471,0.401015428823,37,37,37,1,0,0.405405405405,0.540540540541,0.0540540540541,37,331,0.248498498498,1.71818419066,17.8918918919,15.0454545455,9.45714285714,4.93729448958,0.275951504705,0.13627827223,9.03064519027,1.00946789136,0.535151465665,8.13751923004,0.909632058947,0.481587327509,0.632380622542,0.368051705971,2,1.71818419066,0.632380622542,2,0.311422571885,0.330996494742,661,0.0850707850708,0.569167888857,37,37,37,1,0,0.405405405405,0.540540540541,0.0540540540541,-11,-0.00825825825826,-0.00710462745989,-0.594594594595,-0.5,-0.314285714286,-0.430415665809,-0.0144070855723,-0.00636437041271,-0.477846352104,-0.0192285620553,-0.00934039461627,0.0842058836026,0.0383671647418,0.0197570762048,-0.00821894778383,-0.00324819674717,0,-0.00710462745989,-0.00821894778383,0,-0.0326488223625,-0.0455725429148,-149,-0.0191763191763,-0.00040893949268,0,0,0,331,0,11,990,0.96783625731,1,0,0.0321637426901,1,0.96783625731,0.983655274889,0.978366339386,0.96783625731,0.96783625731,58,69,0,0,0,0
3456,WLNM_dir_neg,0.970804452846,0.940975822552,00:00:06,10,80,34,1240364569,threshold_sweep,0.9,1,0.840579710145,0.913385826772,58,0,11,138,0.840579710145,1,0,0.159420289855,1,0.840579710145,0.913385826772,0.946859903382,0.573268921095,0.875471698113,0.882339781452,0.840579710145,342,273,69,0,342,0,273,0,69,37,342,0.256756756757,1.72528881811,18.4864864865,15.5454545455,9.77142857143,5.36771015539,0.290358590277,0.142642642643,9.50849154237,1.02869645341,0.544491860281,8.05331334643,0.871264894205,0.461830251304,0.640599570326,0.371299902718,2,1.72528881811,0.640599570326,2,0.344071394247,0.376569037657,810,0.104247104247,0.56957682835,37,37,37,1,0,0.405405405405,0.540540540541,0.0540540540541,37,0.204954954955,1.74228923922,14.7567567568,12.4090909091,7.8,4.0235791516,0.272660125658,0.137907137907,7.35735214806,0.99715029113,0.526086526087,6.45648404212,0.875054613768,0.474408474408,0.658621048473,0.378020499495,2,1.74228923922,0.658621048473,2,0.25136598104,0.246329932819,330,0.042471042471,0.401015428823,37,37,37,1,0,0.405405405405,0.540540540541,0.0540540540541,37,331,0.248498498498,1.71818419066,17.8918918919,15.0454545455,9.45714285714,4.93729448958,0.275951504705,0.13627827223,9.03064519027,1.00946789136,0.535151465665,8.13751923004,0.909632058947,0.481587327509,0.632380622542,0.368051705971,2,1.71818419066,0.632380622542,2,0.311422571885,0.330996494742,661,0.0850707850708,0.569167888857,37,37,37,1,0,0.405405405405,0.540540540541,0.0540540540541,-11,-0.00825825825826,-0.00710462745989,-0.594594594595,-0.5,-0.314285714286,-0.430415665809,-0.0144070855723,-0.00636437041271,-0.477846352104,-0.0192285620553,-0.00934039461627,0.0842058836026,0.0383671647418,0.0197570762048,-0.00821894778383,-0.00324819674717,0,-0.00710462745989,-0.00821894778383,0,-0.0326488223625,-0.0455725429148,-149,-0.0191763191763,-0.00040893949268,0,0,0,331,0,11,990,0.96783625731,1,0,0.0321637426901,1,0.96783625731,0.983655274889,0.978366339386,0.96783625731,0.96783625731,58,69,0,0,0,0
3457,WLNM_dir_neg,0.970121823146,0.929039367498,00:00:05,10,80,35,1240364570,threshold_sweep,0.1,0.982456140351,0.811594202899,0.888888888889,56,1,13,137,0.811594202899,0.992753623188,0.00724637681159,0.188405797101,0.982456140351,0.811594202899,0.888888888889,0.932367149758,0.574879227053,0.840909090909,0.848838215321,0.804347826087,342,273,69,0,342,0,273,0,69,37,342,0.256756756757,1.72528881811,18.4864864865,15.5454545455,9.77142857143,5.36771015539,0.290358590277,0.142642642643,9.50849154237,1.02869645341,0.544491860281,8.05331334643,0.871264894205,0.461830251304,0.640599570326,0.371299902718,2,1.72528881811,0.640599570326,2,0.344071394247,0.376569037657,810,0.104247104247,0.56957682835,37,37,37,1,0,0.405405405405,0.540540540541,0.0540540540541,37,0.204954954955,1.72756463162,14.7567567568,12.4090909091,7.8,4.3230994887,0.292957291359,0.146718146718,7.51055313598,1.01791379499,0.537570537571,6.71793350895,0.91048915689,0.484704484704,0.640146955127,0.370548773348,2,1.72756463162,0.640146955127,2,0.240344209524,0.245756457565,333,0.0428571428571,0.415849503223,37,37,37,1,0,0.405405405405,0.540540540541,0.0540540540541,37,330,0.247747747748,2.00777524962,17.8378378378,14.347826087,9.42857142857,4.90189030156,0.274802941148,0.13144963145,8.91745597247,0.999835972671,0.530057330057,8.2306283626,0.922828028534,0.481572481572,1.04197343481,0.518969160021,4.14285714286,2.00777524962,1.04197343481,4.14285714286,0.292269429173,0.317283324886,626,0.0805662805663,0.530619759127,37,37,37,1,0,0.378378378378,0.567567567568,0.0540540540541,-12,-0.00900900900901,0.282486431505,-0.648648648649,-1.1976284585,-0.342857142857,-0.465819853833,-0.0155556491291,-0.011193011193,-0.5910355699,-0.0288604807434,-0.014434530224,0.177315016166,0.0515631343291,0.0197422302685,0.40137386448,0.147669257303,2.14285714286,0.282486431505,0.40137386448,2.14285714286,-0.051801965074,-0.0592857127709,-184,-0.0236808236808,-0.038957069223,-0.027027027027,0.027027027027,0,329,1,13,989,0.961988304094,0.99898989899,0.0010101010101,0.0380116959064,0.99696969697,0.961988304094,0.979166666667,0.972418822753,0.960978203083,0.959183673469,57,69,0,0,0,0
3458,WLNM_dir_neg,0.970121823146,0.929039367498,00:00:05,10,80,35,1240364570,threshold_sweep,0.2,0.982456140351,0.811594202899,0.888888888889,56,1,13,137,0.811594202899,0.992753623188,0.00724637681159,0.188405797101,0.982456140351,0.811594202899,0.888888888889,0.932367149758,0.574879227053,0.840909090909,0.848838215321,0.804347826087,342,273,69,0,342,0,273,0,69,37,342,0.256756756757,1.72528881811,18.4864864865,15.5454545455,9.77142857143,5.36771015539,0.290358590277,0.142642642643,9.50849154237,1.02869645341,0.544491860281,8.05331334643,0.871264894205,0.461830251304,0.640599570326,0.371299902718,2,1.72528881811,0.640599570326,2,0.344071394247,0.376569037657,810,0.104247104247,0.56957682835,37,37,37,1,0,0.405405405405,0.540540540541,0.0540540540541,37,0.204954954955,1.72756463162,14.7567567568,12.4090909091,7.8,4.3230994887,0.292957291359,0.146718146718,7.51055313598,1.01791379499,0.537570537571,6.71793350895,0.91048915689,0.484704484704,0.640146955127,0.370548773348,2,1.72756463162,0.640146955127,2,0.240344209524,0.245756457565,333,0.0428571428571,0.415849503223,37,37,37,1,0,0.405405405405,0.540540540541,0.0540540540541,37,330,0.247747747748,2.00777524962,17.8378378378,14.347826087,9.42857142857,4.90189030156,0.274802941148,0.13144963145,8.91745597247,0.999835972671,0.530057330057,8.2306283626,0.922828028534,0.481572481572,1.04197343481,0.518969160021,4.14285714286,2.00777524962,1.04197343481,4.14285714286,0.292269429173,0.317283324886,626,0.0805662805663,0.530619759127,37,37,37,1,0,0.378378378378,0.567567567568,0.0540540540541,-12,-0.00900900900901,0.282486431505,-0.648648648649,-1.1976284585,-0.342857142857,-0.465819853833,-0.0155556491291,-0.011193011193,-0.5910355699,-0.0288604807434,-0.014434530224,0.177315016166,0.0515631343291,0.0197422302685,0.40137386448,0.147669257303,2.14285714286,0.282486431505,0.40137386448,2.14285714286,-0.051801965074,-0.0592857127709,-184,-0.0236808236808,-0.038957069223,-0.027027027027,0.027027027027,0,329,1,13,989,0.961988304094,0.99898989899,0.0010101010101,0.0380116959064,0.99696969697,0.961988304094,0.979166666667,0.972418822753,0.960978203083,0.959183673469,57,69,0,0,0,0
3459,WLNM_dir_neg,0.970121823146,0.929039367498,00:00:05,10,80,35,1240364570,threshold_sweep,0.3,0.982456140351,0.811594202899,0.888888888889,56,1,13,137,0.811594202899,0.992753623188,0.00724637681159,0.188405797101,0.982456140351,0.811594202899,0.888888888889,0.932367149758,0.574879227053,0.840909090909,0.848838215321,0.804347826087,342,273,69,0,342,0,273,0,69,37,342,0.256756756757,1.72528881811,18.4864864865,15.5454545455,9.77142857143,5.36771015539,0.290358590277,0.142642642643,9.50849154237,1.02869645341,0.544491860281,8.05331334643,0.871264894205,0.461830251304,0.640599570326,0.371299902718,2,1.72528881811,0.640599570326,2,0.344071394247,0.376569037657,810,0.104247104247,0.56957682835,37,37,37,1,0,0.405405405405,0.540540540541,0.0540540540541,37,0.204954954955,1.72756463162,14.7567567568,12.4090909091,7.8,4.3230994887,0.292957291359,0.146718146718,7.51055313598,1.01791379499,0.537570537571,6.71793350895,0.91048915689,0.484704484704,0.640146955127,0.370548773348,2,1.72756463162,0.640146955127,2,0.240344209524,0.245756457565,333,0.0428571428571,0.415849503223,37,37,37,1,0,0.405405405405,0.540540540541,0.0540540540541,37,330,0.247747747748,2.00777524962,17.8378378378,14.347826087,9.42857142857,4.90189030156,0.274802941148,0.13144963145,8.91745597247,0.999835972671,0.530057330057,8.2306283626,0.922828028534,0.481572481572,1.04197343481,0.518969160021,4.14285714286,2.00777524962,1.04197343481,4.14285714286,0.292269429173,0.317283324886,626,0.0805662805663,0.530619759127,37,37,37,1,0,0.378378378378,0.567567567568,0.0540540540541,-12,-0.00900900900901,0.282486431505,-0.648648648649,-1.1976284585,-0.342857142857,-0.465819853833,-0.0155556491291,-0.011193011193,-0.5910355699,-0.0288604807434,-0.014434530224,0.177315016166,0.0515631343291,0.0197422302685,0.40137386448,0.147669257303,2.14285714286,0.282486431505,0.40137386448,2.14285714286,-0.051801965074,-0.0592857127709,-184,-0.0236808236808,-0.038957069223,-0.027027027027,0.027027027027,0,329,1,13,989,0.961988304094,0.99898989899,0.0010101010101,0.0380116959064,0.99696969697,0.961988304094,0.979166666667,0.972418822753,0.960978203083,0.959183673469,57,69,0,0,0,0
3460,WLNM_dir_neg,0.970121823146,0.929039367498,00:00:05,10,80,35,1240364570,threshold_sweep,0.4,0.982456140351,0.811594202899,0.888888888889,56,1,13,137,0.811594202899,0.992753623188,0.00724637681159,0.188405797101,0.982456140351,0.811594202899,0.888888888889,0.932367149758,0.574879227053,0.840909090909,0.848838215321,0.804347826087,342,273,69,0,342,0,273,0,69,37,342,0.256756756757,1.72528881811,18.4864864865,15.5454545455,9.77142857143,5.36771015539,0.290358590277,0.142642642643,9.50849154237,1.02869645341,0.544491860281,8.05331334643,0.871264894205,0.461830251304,0.640599570326,0.371299902718,2,1.72528881811,0.640599570326,2,0.344071394247,0.376569037657,810,0.104247104247,0.56957682835,37,37,37,1,0,0.405405405405,0.540540540541,0.0540540540541,37,0.204954954955,1.72756463162,14.7567567568,12.4090909091,7.8,4.3230994887,0.292957291359,0.146718146718,7.51055313598,1.01791379499,0.537570537571,6.71793350895,0.91048915689,0.484704484704,0.640146955127,0.370548773348,2,1.72756463162,0.640146955127,2,0.240344209524,0.245756457565,333,0.0428571428571,0.415849503223,37,37,37,1,0,0.405405405405,0.540540540541,0.0540540540541,37,330,0.247747747748,2.00777524962,17.8378378378,14.347826087,9.42857142857,4.90189030156,0.274802941148,0.13144963145,8.91745597247,0.999835972671,0.530057330057,8.2306283626,0.922828028534,0.481572481572,1.04197343481,0.518969160021,4.14285714286,2.00777524962,1.04197343481,4.14285714286,0.292269429173,0.317283324886,626,0.0805662805663,0.530619759127,37,37,37,1,0,0.378378378378,0.567567567568,0.0540540540541,-12,-0.00900900900901,0.282486431505,-0.648648648649,-1.1976284585,-0.342857142857,-0.465819853833,-0.0155556491291,-0.011193011193,-0.5910355699,-0.0288604807434,-0.014434530224,0.177315016166,0.0515631343291,0.0197422302685,0.40137386448,0.147669257303,2.14285714286,0.282486431505,0.40137386448,2.14285714286,-0.051801965074,-0.0592857127709,-184,-0.0236808236808,-0.038957069223,-0.027027027027,0.027027027027,0,329,1,13,989,0.961988304094,0.99898989899,0.0010101010101,0.0380116959064,0.99696969697,0.961988304094,0.979166666667,0.972418822753,0.960978203083,0.959183673469,57,69,0,0,0,0
3461,WLNM_dir_neg,0.970121823146,0.929039367498,00:00:05,10,80,35,1240364570,threshold_sweep,0.5,0.982456140351,0.811594202899,0.888888888889,56,1,13,137,0.811594202899,0.992753623188,0.00724637681159,0.188405797101,0.982456140351,0.811594202899,0.888888888889,0.932367149758,0.574879227053,0.840909090909,0.848838215321,0.804347826087,342,273,69,0,342,0,273,0,69,37,342,0.256756756757,1.72528881811,18.4864864865,15.5454545455,9.77142857143,5.36771015539,0.290358590277,0.142642642643,9.50849154237,1.02869645341,0.544491860281,8.05331334643,0.871264894205,0.461830251304,0.640599570326,0.371299902718,2,1.72528881811,0.640599570326,2,0.344071394247,0.376569037657,810,0.104247104247,0.56957682835,37,37,37,1,0,0.405405405405,0.540540540541,0.0540540540541,37,0.204954954955,1.72756463162,14.7567567568,12.4090909091,7.8,4.3230994887,0.292957291359,0.146718146718,7.51055313598,1.01791379499,0.537570537571,6.71793350895,0.91048915689,0.484704484704,0.640146955127,0.370548773348,2,1.72756463162,0.640146955127,2,0.240344209524,0.245756457565,333,0.0428571428571,0.415849503223,37,37,37,1,0,0.405405405405,0.540540540541,0.0540540540541,37,330,0.247747747748,2.00777524962,17.8378378378,14.347826087,9.42857142857,4.90189030156,0.274802941148,0.13144963145,8.91745597247,0.999835972671,0.530057330057,8.2306283626,0.922828028534,0.481572481572,1.04197343481,0.518969160021,4.14285714286,2.00777524962,1.04197343481,4.14285714286,0.292269429173,0.317283324886,626,0.0805662805663,0.530619759127,37,37,37,1,0,0.378378378378,0.567567567568,0.0540540540541,-12,-0.00900900900901,0.282486431505,-0.648648648649,-1.1976284585,-0.342857142857,-0.465819853833,-0.0155556491291,-0.011193011193,-0.5910355699,-0.0288604807434,-0.014434530224,0.177315016166,0.0515631343291,0.0197422302685,0.40137386448,0.147669257303,2.14285714286,0.282486431505,0.40137386448,2.14285714286,-0.051801965074,-0.0592857127709,-184,-0.0236808236808,-0.038957069223,-0.027027027027,0.027027027027,0,329,1,13,989,0.961988304094,0.99898989899,0.0010101010101,0.0380116959064,0.99696969697,0.961988304094,0.979166666667,0.972418822753,0.960978203083,0.959183673469,57,69,0,0,0,0
3462,WLNM_dir_neg,0.970121823146,0.929039367498,00:00:05,10,80,35,1240364570,threshold_sweep,0.6,0.982456140351,0.811594202899,0.888888888889,56,1,13,137,0.811594202899,0.992753623188,0.00724637681159,0.188405797101,0.982456140351,0.811594202899,0.888888888889,0.932367149758,0.574879227053,0.840909090909,0.848838215321,0.804347826087,342,273,69,0,342,0,273,0,69,37,342,0.256756756757,1.72528881811,18.4864864865,15.5454545455,9.77142857143,5.36771015539,0.290358590277,0.142642642643,9.50849154237,1.02869645341,0.544491860281,8.05331334643,0.871264894205,0.461830251304,0.640599570326,0.371299902718,2,1.72528881811,0.640599570326,2,0.344071394247,0.376569037657,810,0.104247104247,0.56957682835,37,37,37,1,0,0.405405405405,0.540540540541,0.0540540540541,37,0.204954954955,1.72756463162,14.7567567568,12.4090909091,7.8,4.3230994887,0.292957291359,0.146718146718,7.51055313598,1.01791379499,0.537570537571,6.71793350895,0.91048915689,0.484704484704,0.640146955127,0.370548773348,2,1.72756463162,0.640146955127,2,0.240344209524,0.245756457565,333,0.0428571428571,0.415849503223,37,37,37,1,0,0.405405405405,0.540540540541,0.0540540540541,37,330,0.247747747748,2.00777524962,17.8378378378,14.347826087,9.42857142857,4.90189030156,0.274802941148,0.13144963145,8.91745597247,0.999835972671,0.530057330057,8.2306283626,0.922828028534,0.481572481572,1.04197343481,0.518969160021,4.14285714286,2.00777524962,1.04197343481,4.14285714286,0.292269429173,0.317283324886,626,0.0805662805663,0.530619759127,37,37,37,1,0,0.378378378378,0.567567567568,0.0540540540541,-12,-0.00900900900901,0.282486431505,-0.648648648649,-1.1976284585,-0.342857142857,-0.465819853833,-0.0155556491291,-0.011193011193,-0.5910355699,-0.0288604807434,-0.014434530224,0.177315016166,0.0515631343291,0.0197422302685,0.40137386448,0.147669257303,2.14285714286,0.282486431505,0.40137386448,2.14285714286,-0.051801965074,-0.0592857127709,-184,-0.0236808236808,-0.038957069223,-0.027027027027,0.027027027027,0,329,1,13,989,0.961988304094,0.99898989899,0.0010101010101,0.0380116959064,0.99696969697,0.961988304094,0.979166666667,0.972418822753,0.960978203083,0.959183673469,57,69,0,0,0,0
3463,WLNM_dir_neg,0.970121823146,0.929039367498,00:00:05,10,80,35,1240364570,threshold_sweep,0.7,0.982456140351,0.811594202899,0.888888888889,56,1,13,137,0.811594202899,0.992753623188,0.00724637681159,0.188405797101,0.982456140351,0.811594202899,0.888888888889,0.932367149758,0.574879227053,0.840909090909,0.848838215321,0.804347826087,342,273,69,0,342,0,273,0,69,37,342,0.256756756757,1.72528881811,18.4864864865,15.5454545455,9.77142857143,5.36771015539,0.290358590277,0.142642642643,9.50849154237,1.02869645341,0.544491860281,8.05331334643,0.871264894205,0.461830251304,0.640599570326,0.371299902718,2,1.72528881811,0.640599570326,2,0.344071394247,0.376569037657,810,0.104247104247,0.56957682835,37,37,37,1,0,0.405405405405,0.540540540541,0.0540540540541,37,0.204954954955,1.72756463162,14.7567567568,12.4090909091,7.8,4.3230994887,0.292957291359,0.146718146718,7.51055313598,1.01791379499,0.537570537571,6.71793350895,0.91048915689,0.484704484704,0.640146955127,0.370548773348,2,1.72756463162,0.640146955127,2,0.240344209524,0.245756457565,333,0.0428571428571,0.415849503223,37,37,37,1,0,0.405405405405,0.540540540541,0.0540540540541,37,330,0.247747747748,2.00777524962,17.8378378378,14.347826087,9.42857142857,4.90189030156,0.274802941148,0.13144963145,8.91745597247,0.999835972671,0.530057330057,8.2306283626,0.922828028534,0.481572481572,1.04197343481,0.518969160021,4.14285714286,2.00777524962,1.04197343481,4.14285714286,0.292269429173,0.317283324886,626,0.0805662805663,0.530619759127,37,37,37,1,0,0.378378378378,0.567567567568,0.0540540540541,-12,-0.00900900900901,0.282486431505,-0.648648648649,-1.1976284585,-0.342857142857,-0.465819853833,-0.0155556491291,-0.011193011193,-0.5910355699,-0.0288604807434,-0.014434530224,0.177315016166,0.0515631343291,0.0197422302685,0.40137386448,0.147669257303,2.14285714286,0.282486431505,0.40137386448,2.14285714286,-0.051801965074,-0.0592857127709,-184,-0.0236808236808,-0.038957069223,-0.027027027027,0.027027027027,0,329,1,13,989,0.961988304094,0.99898989899,0.0010101010101,0.0380116959064,0.99696969697,0.961988304094,0.979166666667,0.972418822753,0.960978203083,0.959183673469,57,69,0,0,0,0
3464,WLNM_dir_neg,0.970121823146,0.929039367498,00:00:05,10,80,35,1240364570,threshold_sweep,0.8,0.982456140351,0.811594202899,0.888888888889,56,1,13,137,0.811594202899,0.992753623188,0.00724637681159,0.188405797101,0.982456140351,0.811594202899,0.888888888889,0.932367149758,0.574879227053,0.840909090909,0.848838215321,0.804347826087,342,273,69,0,342,0,273,0,69,37,342,0.256756756757,1.72528881811,18.4864864865,15.5454545455,9.77142857143,5.36771015539,0.290358590277,0.142642642643,9.50849154237,1.02869645341,0.544491860281,8.05331334643,0.871264894205,0.461830251304,0.640599570326,0.371299902718,2,1.72528881811,0.640599570326,2,0.344071394247,0.376569037657,810,0.104247104247,0.56957682835,37,37,37,1,0,0.405405405405,0.540540540541,0.0540540540541,37,0.204954954955,1.72756463162,14.7567567568,12.4090909091,7.8,4.3230994887,0.292957291359,0.146718146718,7.51055313598,1.01791379499,0.537570537571,6.71793350895,0.91048915689,0.484704484704,0.640146955127,0.370548773348,2,1.72756463162,0.640146955127,2,0.240344209524,0.245756457565,333,0.0428571428571,0.415849503223,37,37,37,1,0,0.405405405405,0.540540540541,0.0540540540541,37,330,0.247747747748,2.00777524962,17.8378378378,14.347826087,9.42857142857,4.90189030156,0.274802941148,0.13144963145,8.91745597247,0.999835972671,0.530057330057,8.2306283626,0.922828028534,0.481572481572,1.04197343481,0.518969160021,4.14285714286,2.00777524962,1.04197343481,4.14285714286,0.292269429173,0.317283324886,626,0.0805662805663,0.530619759127,37,37,37,1,0,0.378378378378,0.567567567568,0.0540540540541,-12,-0.00900900900901,0.282486431505,-0.648648648649,-1.1976284585,-0.342857142857,-0.465819853833,-0.0155556491291,-0.011193011193,-0.5910355699,-0.0288604807434,-0.014434530224,0.177315016166,0.0515631343291,0.0197422302685,0.40137386448,0.147669257303,2.14285714286,0.282486431505,0.40137386448,2.14285714286,-0.051801965074,-0.0592857127709,-184,-0.0236808236808,-0.038957069223,-0.027027027027,0.027027027027,0,329,1,13,989,0.961988304094,0.99898989899,0.0010101010101,0.0380116959064,0.99696969697,0.961988304094,0.979166666667,0.972418822753,0.960978203083,0.959183673469,57,69,0,0,0,0
3465,WLNM_dir_neg,0.970121823146,0.929039367498,00:00:05,10,80,35,1240364570,threshold_sweep,0.9,0.982456140351,0.811594202899,0.888888888889,56,1,13,137,0.811594202899,0.992753623188,0.00724637681159,0.188405797101,0.982456140351,0.811594202899,0.888888888889,0.932367149758,0.574879227053,0.840909090909,0.848838215321,0.804347826087,342,273,69,0,342,0,273,0,69,37,342,0.256756756757,1.72528881811,18.4864864865,15.5454545455,9.77142857143,5.36771015539,0.290358590277,0.142642642643,9.50849154237,1.02869645341,0.544491860281,8.05331334643,0.871264894205,0.461830251304,0.640599570326,0.371299902718,2,1.72528881811,0.640599570326,2,0.344071394247,0.376569037657,810,0.104247104247,0.56957682835,37,37,37,1,0,0.405405405405,0.540540540541,0.0540540540541,37,0.204954954955,1.72756463162,14.7567567568,12.4090909091,7.8,4.3230994887,0.292957291359,0.146718146718,7.51055313598,1.01791379499,0.537570537571,6.71793350895,0.91048915689,0.484704484704,0.640146955127,0.370548773348,2,1.72756463162,0.640146955127,2,0.240344209524,0.245756457565,333,0.0428571428571,0.415849503223,37,37,37,1,0,0.405405405405,0.540540540541,0.0540540540541,37,330,0.247747747748,2.00777524962,17.8378378378,14.347826087,9.42857142857,4.90189030156,0.274802941148,0.13144963145,8.91745597247,0.999835972671,0.530057330057,8.2306283626,0.922828028534,0.481572481572,1.04197343481,0.518969160021,4.14285714286,2.00777524962,1.04197343481,4.14285714286,0.292269429173,0.317283324886,626,0.0805662805663,0.530619759127,37,37,37,1,0,0.378378378378,0.567567567568,0.0540540540541,-12,-0.00900900900901,0.282486431505,-0.648648648649,-1.1976284585,-0.342857142857,-0.465819853833,-0.0155556491291,-0.011193011193,-0.5910355699,-0.0288604807434,-0.014434530224,0.177315016166,0.0515631343291,0.0197422302685,0.40137386448,0.147669257303,2.14285714286,0.282486431505,0.40137386448,2.14285714286,-0.051801965074,-0.0592857127709,-184,-0.0236808236808,-0.038957069223,-0.027027027027,0.027027027027,0,329,1,13,989,0.961988304094,0.99898989899,0.0010101010101,0.0380116959064,0.99696969697,0.961988304094,0.979166666667,0.972418822753,0.960978203083,0.959183673469,57,69,0,0,0,0
3466,WLNM_dir_neg,0.978418399496,0.893386383728,00:00:05,10,80,36,1240364571,threshold_sweep,0.1,0.965517241379,0.811594202899,0.88188976378,56,2,13,136,0.811594202899,0.985507246377,0.0144927536232,0.188405797101,0.965517241379,0.811594202899,0.88188976378,0.927536231884,0.573268921095,0.830188679245,0.836701516894,0.797101449275,342,273,69,0,342,0,273,0,69,37,342,0.256756756757,1.72528881811,18.4864864865,15.5454545455,9.77142857143,5.36771015539,0.290358590277,0.142642642643,9.50849154237,1.02869645341,0.544491860281,8.05331334643,0.871264894205,0.461830251304,0.640599570326,0.371299902718,2,1.72528881811,0.640599570326,2,0.344071394247,0.376569037657,810,0.104247104247,0.56957682835,37,37,37,1,0,0.405405405405,0.540540540541,0.0540540540541,37,0.204954954955,1.75218369508,14.7567567568,12.4090909091,7.8,4.35510814641,0.295126376222,0.150381150381,7.41751437609,1.00530414621,0.532224532225,6.55892670484,0.888938784173,0.479358479358,0.676615576837,0.38615561755,2,1.75218369508,0.676615576837,2,0.254108951787,0.246858832225,334,0.0429858429858,0.407237991097,37,37,37,1,0,0.405405405405,0.540540540541,0.0540540540541,37,331,0.248498498498,1.73153786778,17.8918918919,15.0454545455,9.45714285714,5.09238965835,0.284619965799,0.135543398383,9.08890026946,1.01597978843,0.537764350453,8.2088906611,0.917610134322,0.480934106312,0.654800281856,0.378161109868,2,1.73153786778,0.654800281856,2,0.318255988387,0.324634308511,651,0.0837837837838,0.576136255641,37,37,37,1,0,0.405405405405,0.540540540541,0.0540540540541,-11,-0.00825825825826,0.00624904966156,-0.594594594595,-0.5,-0.314285714286,-0.275320497047,-0.00573862447831,-0.00709924425936,-0.419591272919,-0.0127166649862,-0.00672750982816,0.155577314665,0.0463452401174,0.0191038550078,0.01420071153,0.00686120714981,0,0.00624904966156,0.01420071153,0,-0.0258154058602,-0.0519347291463,-159,-0.0204633204633,0.0065594272915,0,0,0,329,2,13,988,0.961988304094,0.99797979798,0.0020202020202,0.0380116959064,0.993957703927,0.961988304094,0.977711738484,0.970412578428,0.959968102073,0.956395348837,58,69,0,0,0,0
3467,WLNM_dir_neg,0.978418399496,0.893386383728,00:00:05,10,80,36,1240364571,threshold_sweep,0.2,0.965517241379,0.811594202899,0.88188976378,56,2,13,136,0.811594202899,0.985507246377,0.0144927536232,0.188405797101,0.965517241379,0.811594202899,0.88188976378,0.927536231884,0.573268921095,0.830188679245,0.836701516894,0.797101449275,342,273,69,0,342,0,273,0,69,37,342,0.256756756757,1.72528881811,18.4864864865,15.5454545455,9.77142857143,5.36771015539,0.290358590277,0.142642642643,9.50849154237,1.02869645341,0.544491860281,8.05331334643,0.871264894205,0.461830251304,0.640599570326,0.371299902718,2,1.72528881811,0.640599570326,2,0.344071394247,0.376569037657,810,0.104247104247,0.56957682835,37,37,37,1,0,0.405405405405,0.540540540541,0.0540540540541,37,0.204954954955,1.75218369508,14.7567567568,12.4090909091,7.8,4.35510814641,0.295126376222,0.150381150381,7.41751437609,1.00530414621,0.532224532225,6.55892670484,0.888938784173,0.479358479358,0.676615576837,0.38615561755,2,1.75218369508,0.676615576837,2,0.254108951787,0.246858832225,334,0.0429858429858,0.407237991097,37,37,37,1,0,0.405405405405,0.540540540541,0.0540540540541,37,331,0.248498498498,1.73153786778,17.8918918919,15.0454545455,9.45714285714,5.09238965835,0.284619965799,0.135543398383,9.08890026946,1.01597978843,0.537764350453,8.2088906611,0.917610134322,0.480934106312,0.654800281856,0.378161109868,2,1.73153786778,0.654800281856,2,0.318255988387,0.324634308511,651,0.0837837837838,0.576136255641,37,37,37,1,0,0.405405405405,0.540540540541,0.0540540540541,-11,-0.00825825825826,0.00624904966156,-0.594594594595,-0.5,-0.314285714286,-0.275320497047,-0.00573862447831,-0.00709924425936,-0.419591272919,-0.0127166649862,-0.00672750982816,0.155577314665,0.0463452401174,0.0191038550078,0.01420071153,0.00686120714981,0,0.00624904966156,0.01420071153,0,-0.0258154058602,-0.0519347291463,-159,-0.0204633204633,0.0065594272915,0,0,0,329,2,13,988,0.961988304094,0.99797979798,0.0020202020202,0.0380116959064,0.993957703927,0.961988304094,0.977711738484,0.970412578428,0.959968102073,0.956395348837,58,69,0,0,0,0
3468,WLNM_dir_neg,0.978418399496,0.893386383728,00:00:05,10,80,36,1240364571,threshold_sweep,0.3,0.965517241379,0.811594202899,0.88188976378,56,2,13,136,0.811594202899,0.985507246377,0.0144927536232,0.188405797101,0.965517241379,0.811594202899,0.88188976378,0.927536231884,0.573268921095,0.830188679245,0.836701516894,0.797101449275,342,273,69,0,342,0,273,0,69,37,342,0.256756756757,1.72528881811,18.4864864865,15.5454545455,9.77142857143,5.36771015539,0.290358590277,0.142642642643,9.50849154237,1.02869645341,0.544491860281,8.05331334643,0.871264894205,0.461830251304,0.640599570326,0.371299902718,2,1.72528881811,0.640599570326,2,0.344071394247,0.376569037657,810,0.104247104247,0.56957682835,37,37,37,1,0,0.405405405405,0.540540540541,0.0540540540541,37,0.204954954955,1.75218369508,14.7567567568,12.4090909091,7.8,4.35510814641,0.295126376222,0.150381150381,7.41751437609,1.00530414621,0.532224532225,6.55892670484,0.888938784173,0.479358479358,0.676615576837,0.38615561755,2,1.75218369508,0.676615576837,2,0.254108951787,0.246858832225,334,0.0429858429858,0.407237991097,37,37,37,1,0,0.405405405405,0.540540540541,0.0540540540541,37,331,0.248498498498,1.73153786778,17.8918918919,15.0454545455,9.45714285714,5.09238965835,0.284619965799,0.135543398383,9.08890026946,1.01597978843,0.537764350453,8.2088906611,0.917610134322,0.480934106312,0.654800281856,0.378161109868,2,1.73153786778,0.654800281856,2,0.318255988387,0.324634308511,651,0.0837837837838,0.576136255641,37,37,37,1,0,0.405405405405,0.540540540541,0.0540540540541,-11,-0.00825825825826,0.00624904966156,-0.594594594595,-0.5,-0.314285714286,-0.275320497047,-0.00573862447831,-0.00709924425936,-0.419591272919,-0.0127166649862,-0.00672750982816,0.155577314665,0.0463452401174,0.0191038550078,0.01420071153,0.00686120714981,0,0.00624904966156,0.01420071153,0,-0.0258154058602,-0.0519347291463,-159,-0.0204633204633,0.0065594272915,0,0,0,329,2,13,988,0.961988304094,0.99797979798,0.0020202020202,0.0380116959064,0.993957703927,0.961988304094,0.977711738484,0.970412578428,0.959968102073,0.956395348837,58,69,0,0,0,0
3469,WLNM_dir_neg,0.978418399496,0.893386383728,00:00:05,10,80,36,1240364571,threshold_sweep,0.4,0.965517241379,0.811594202899,0.88188976378,56,2,13,136,0.811594202899,0.985507246377,0.0144927536232,0.188405797101,0.965517241379,0.811594202899,0.88188976378,0.927536231884,0.573268921095,0.830188679245,0.836701516894,0.797101449275,342,273,69,0,342,0,273,0,69,37,342,0.256756756757,1.72528881811,18.4864864865,15.5454545455,9.77142857143,5.36771015539,0.290358590277,0.142642642643,9.50849154237,1.02869645341,0.544491860281,8.05331334643,0.871264894205,0.461830251304,0.640599570326,0.371299902718,2,1.72528881811,0.640599570326,2,0.344071394247,0.376569037657,810,0.104247104247,0.56957682835,37,37,37,1,0,0.405405405405,0.540540540541,0.0540540540541,37,0.204954954955,1.75218369508,14.7567567568,12.4090909091,7.8,4.35510814641,0.295126376222,0.150381150381,7.41751437609,1.00530414621,0.532224532225,6.55892670484,0.888938784173,0.479358479358,0.676615576837,0.38615561755,2,1.75218369508,0.676615576837,2,0.254108951787,0.246858832225,334,0.0429858429858,0.407237991097,37,37,37,1,0,0.405405405405,0.540540540541,0.0540540540541,37,331,0.248498498498,1.73153786778,17.8918918919,15.0454545455,9.45714285714,5.09238965835,0.284619965799,0.135543398383,9.08890026946,1.01597978843,0.537764350453,8.2088906611,0.917610134322,0.480934106312,0.654800281856,0.378161109868,2,1.73153786778,0.654800281856,2,0.318255988387,0.324634308511,651,0.0837837837838,0.576136255641,37,37,37,1,0,0.405405405405,0.540540540541,0.0540540540541,-11,-0.00825825825826,0.00624904966156,-0.594594594595,-0.5,-0.314285714286,-0.275320497047,-0.00573862447831,-0.00709924425936,-0.419591272919,-0.0127166649862,-0.00672750982816,0.155577314665,0.0463452401174,0.0191038550078,0.01420071153,0.00686120714981,0,0.00624904966156,0.01420071153,0,-0.0258154058602,-0.0519347291463,-159,-0.0204633204633,0.0065594272915,0,0,0,329,2,13,988,0.961988304094,0.99797979798,0.0020202020202,0.0380116959064,0.993957703927,0.961988304094,0.977711738484,0.970412578428,0.959968102073,0.956395348837,58,69,0,0,0,0
3470,WLNM_dir_neg,0.978418399496,0.893386383728,00:00:05,10,80,36,1240364571,threshold_sweep,0.5,0.965517241379,0.811594202899,0.88188976378,56,2,13,136,0.811594202899,0.985507246377,0.0144927536232,0.188405797101,0.965517241379,0.811594202899,0.88188976378,0.927536231884,0.573268921095,0.830188679245,0.836701516894,0.797101449275,342,273,69,0,342,0,273,0,69,37,342,0.256756756757,1.72528881811,18.4864864865,15.5454545455,9.77142857143,5.36771015539,0.290358590277,0.142642642643,9.50849154237,1.02869645341,0.544491860281,8.05331334643,0.871264894205,0.461830251304,0.640599570326,0.371299902718,2,1.72528881811,0.640599570326,2,0.344071394247,0.376569037657,810,0.104247104247,0.56957682835,37,37,37,1,0,0.405405405405,0.540540540541,0.0540540540541,37,0.204954954955,1.75218369508,14.7567567568,12.4090909091,7.8,4.35510814641,0.295126376222,0.150381150381,7.41751437609,1.00530414621,0.532224532225,6.55892670484,0.888938784173,0.479358479358,0.676615576837,0.38615561755,2,1.75218369508,0.676615576837,2,0.254108951787,0.246858832225,334,0.0429858429858,0.407237991097,37,37,37,1,0,0.405405405405,0.540540540541,0.0540540540541,37,331,0.248498498498,1.73153786778,17.8918918919,15.0454545455,9.45714285714,5.09238965835,0.284619965799,0.135543398383,9.08890026946,1.01597978843,0.537764350453,8.2088906611,0.917610134322,0.480934106312,0.654800281856,0.378161109868,2,1.73153786778,0.654800281856,2,0.318255988387,0.324634308511,651,0.0837837837838,0.576136255641,37,37,37,1,0,0.405405405405,0.540540540541,0.0540540540541,-11,-0.00825825825826,0.00624904966156,-0.594594594595,-0.5,-0.314285714286,-0.275320497047,-0.00573862447831,-0.00709924425936,-0.419591272919,-0.0127166649862,-0.00672750982816,0.155577314665,0.0463452401174,0.0191038550078,0.01420071153,0.00686120714981,0,0.00624904966156,0.01420071153,0,-0.0258154058602,-0.0519347291463,-159,-0.0204633204633,0.0065594272915,0,0,0,329,2,13,988,0.961988304094,0.99797979798,0.0020202020202,0.0380116959064,0.993957703927,0.961988304094,0.977711738484,0.970412578428,0.959968102073,0.956395348837,58,69,0,0,0,0
3471,WLNM_dir_neg,0.978418399496,0.893386383728,00:00:05,10,80,36,1240364571,threshold_sweep,0.6,0.965517241379,0.811594202899,0.88188976378,56,2,13,136,0.811594202899,0.985507246377,0.0144927536232,0.188405797101,0.965517241379,0.811594202899,0.88188976378,0.927536231884,0.573268921095,0.830188679245,0.836701516894,0.797101449275,342,273,69,0,342,0,273,0,69,37,342,0.256756756757,1.72528881811,18.4864864865,15.5454545455,9.77142857143,5.36771015539,0.290358590277,0.142642642643,9.50849154237,1.02869645341,0.544491860281,8.05331334643,0.871264894205,0.461830251304,0.640599570326,0.371299902718,2,1.72528881811,0.640599570326,2,0.344071394247,0.376569037657,810,0.104247104247,0.56957682835,37,37,37,1,0,0.405405405405,0.540540540541,0.0540540540541,37,0.204954954955,1.75218369508,14.7567567568,12.4090909091,7.8,4.35510814641,0.295126376222,0.150381150381,7.41751437609,1.00530414621,0.532224532225,6.55892670484,0.888938784173,0.479358479358,0.676615576837,0.38615561755,2,1.75218369508,0.676615576837,2,0.254108951787,0.246858832225,334,0.0429858429858,0.407237991097,37,37,37,1,0,0.405405405405,0.540540540541,0.0540540540541,37,331,0.248498498498,1.73153786778,17.8918918919,15.0454545455,9.45714285714,5.09238965835,0.284619965799,0.135543398383,9.08890026946,1.01597978843,0.537764350453,8.2088906611,0.917610134322,0.480934106312,0.654800281856,0.378161109868,2,1.73153786778,0.654800281856,2,0.318255988387,0.324634308511,651,0.0837837837838,0.576136255641,37,37,37,1,0,0.405405405405,0.540540540541,0.0540540540541,-11,-0.00825825825826,0.00624904966156,-0.594594594595,-0.5,-0.314285714286,-0.275320497047,-0.00573862447831,-0.00709924425936,-0.419591272919,-0.0127166649862,-0.00672750982816,0.155577314665,0.0463452401174,0.0191038550078,0.01420071153,0.00686120714981,0,0.00624904966156,0.01420071153,0,-0.0258154058602,-0.0519347291463,-159,-0.0204633204633,0.0065594272915,0,0,0,329,2,13,988,0.961988304094,0.99797979798,0.0020202020202,0.0380116959064,0.993957703927,0.961988304094,0.977711738484,0.970412578428,0.959968102073,0.956395348837,58,69,0,0,0,0
3472,WLNM_dir_neg,0.978418399496,0.893386383728,00:00:05,10,80,36,1240364571,threshold_sweep,0.7,0.965517241379,0.811594202899,0.88188976378,56,2,13,136,0.811594202899,0.985507246377,0.0144927536232,0.188405797101,0.965517241379,0.811594202899,0.88188976378,0.927536231884,0.573268921095,0.830188679245,0.836701516894,0.797101449275,342,273,69,0,342,0,273,0,69,37,342,0.256756756757,1.72528881811,18.4864864865,15.5454545455,9.77142857143,5.36771015539,0.290358590277,0.142642642643,9.50849154237,1.02869645341,0.544491860281,8.05331334643,0.871264894205,0.461830251304,0.640599570326,0.371299902718,2,1.72528881811,0.640599570326,2,0.344071394247,0.376569037657,810,0.104247104247,0.56957682835,37,37,37,1,0,0.405405405405,0.540540540541,0.0540540540541,37,0.204954954955,1.75218369508,14.7567567568,12.4090909091,7.8,4.35510814641,0.295126376222,0.150381150381,7.41751437609,1.00530414621,0.532224532225,6.55892670484,0.888938784173,0.479358479358,0.676615576837,0.38615561755,2,1.75218369508,0.676615576837,2,0.254108951787,0.246858832225,334,0.0429858429858,0.407237991097,37,37,37,1,0,0.405405405405,0.540540540541,0.0540540540541,37,331,0.248498498498,1.73153786778,17.8918918919,15.0454545455,9.45714285714,5.09238965835,0.284619965799,0.135543398383,9.08890026946,1.01597978843,0.537764350453,8.2088906611,0.917610134322,0.480934106312,0.654800281856,0.378161109868,2,1.73153786778,0.654800281856,2,0.318255988387,0.324634308511,651,0.0837837837838,0.576136255641,37,37,37,1,0,0.405405405405,0.540540540541,0.0540540540541,-11,-0.00825825825826,0.00624904966156,-0.594594594595,-0.5,-0.314285714286,-0.275320497047,-0.00573862447831,-0.00709924425936,-0.419591272919,-0.0127166649862,-0.00672750982816,0.155577314665,0.0463452401174,0.0191038550078,0.01420071153,0.00686120714981,0,0.00624904966156,0.01420071153,0,-0.0258154058602,-0.0519347291463,-159,-0.0204633204633,0.0065594272915,0,0,0,329,2,13,988,0.961988304094,0.99797979798,0.0020202020202,0.0380116959064,0.993957703927,0.961988304094,0.977711738484,0.970412578428,0.959968102073,0.956395348837,58,69,0,0,0,0
3473,WLNM_dir_neg,0.978418399496,0.893386383728,00:00:05,10,80,36,1240364571,threshold_sweep,0.8,0.965517241379,0.811594202899,0.88188976378,56,2,13,136,0.811594202899,0.985507246377,0.0144927536232,0.188405797101,0.965517241379,0.811594202899,0.88188976378,0.927536231884,0.573268921095,0.830188679245,0.836701516894,0.797101449275,342,273,69,0,342,0,273,0,69,37,342,0.256756756757,1.72528881811,18.4864864865,15.5454545455,9.77142857143,5.36771015539,0.290358590277,0.142642642643,9.50849154237,1.02869645341,0.544491860281,8.05331334643,0.871264894205,0.461830251304,0.640599570326,0.371299902718,2,1.72528881811,0.640599570326,2,0.344071394247,0.376569037657,810,0.104247104247,0.56957682835,37,37,37,1,0,0.405405405405,0.540540540541,0.0540540540541,37,0.204954954955,1.75218369508,14.7567567568,12.4090909091,7.8,4.35510814641,0.295126376222,0.150381150381,7.41751437609,1.00530414621,0.532224532225,6.55892670484,0.888938784173,0.479358479358,0.676615576837,0.38615561755,2,1.75218369508,0.676615576837,2,0.254108951787,0.246858832225,334,0.0429858429858,0.407237991097,37,37,37,1,0,0.405405405405,0.540540540541,0.0540540540541,37,331,0.248498498498,1.73153786778,17.8918918919,15.0454545455,9.45714285714,5.09238965835,0.284619965799,0.135543398383,9.08890026946,1.01597978843,0.537764350453,8.2088906611,0.917610134322,0.480934106312,0.654800281856,0.378161109868,2,1.73153786778,0.654800281856,2,0.318255988387,0.324634308511,651,0.0837837837838,0.576136255641,37,37,37,1,0,0.405405405405,0.540540540541,0.0540540540541,-11,-0.00825825825826,0.00624904966156,-0.594594594595,-0.5,-0.314285714286,-0.275320497047,-0.00573862447831,-0.00709924425936,-0.419591272919,-0.0127166649862,-0.00672750982816,0.155577314665,0.0463452401174,0.0191038550078,0.01420071153,0.00686120714981,0,0.00624904966156,0.01420071153,0,-0.0258154058602,-0.0519347291463,-159,-0.0204633204633,0.0065594272915,0,0,0,329,2,13,988,0.961988304094,0.99797979798,0.0020202020202,0.0380116959064,0.993957703927,0.961988304094,0.977711738484,0.970412578428,0.959968102073,0.956395348837,58,69,0,0,0,0
3474,WLNM_dir_neg,0.978418399496,0.893386383728,00:00:05,10,80,36,1240364571,threshold_sweep,0.9,0.965517241379,0.811594202899,0.88188976378,56,2,13,136,0.811594202899,0.985507246377,0.0144927536232,0.188405797101,0.965517241379,0.811594202899,0.88188976378,0.927536231884,0.573268921095,0.830188679245,0.836701516894,0.797101449275,342,273,69,0,342,0,273,0,69,37,342,0.256756756757,1.72528881811,18.4864864865,15.5454545455,9.77142857143,5.36771015539,0.290358590277,0.142642642643,9.50849154237,1.02869645341,0.544491860281,8.05331334643,0.871264894205,0.461830251304,0.640599570326,0.371299902718,2,1.72528881811,0.640599570326,2,0.344071394247,0.376569037657,810,0.104247104247,0.56957682835,37,37,37,1,0,0.405405405405,0.540540540541,0.0540540540541,37,0.204954954955,1.75218369508,14.7567567568,12.4090909091,7.8,4.35510814641,0.295126376222,0.150381150381,7.41751437609,1.00530414621,0.532224532225,6.55892670484,0.888938784173,0.479358479358,0.676615576837,0.38615561755,2,1.75218369508,0.676615576837,2,0.254108951787,0.246858832225,334,0.0429858429858,0.407237991097,37,37,37,1,0,0.405405405405,0.540540540541,0.0540540540541,37,331,0.248498498498,1.73153786778,17.8918918919,15.0454545455,9.45714285714,5.09238965835,0.284619965799,0.135543398383,9.08890026946,1.01597978843,0.537764350453,8.2088906611,0.917610134322,0.480934106312,0.654800281856,0.378161109868,2,1.73153786778,0.654800281856,2,0.318255988387,0.324634308511,651,0.0837837837838,0.576136255641,37,37,37,1,0,0.405405405405,0.540540540541,0.0540540540541,-11,-0.00825825825826,0.00624904966156,-0.594594594595,-0.5,-0.314285714286,-0.275320497047,-0.00573862447831,-0.00709924425936,-0.419591272919,-0.0127166649862,-0.00672750982816,0.155577314665,0.0463452401174,0.0191038550078,0.01420071153,0.00686120714981,0,0.00624904966156,0.01420071153,0,-0.0258154058602,-0.0519347291463,-159,-0.0204633204633,0.0065594272915,0,0,0,329,2,13,988,0.961988304094,0.99797979798,0.0020202020202,0.0380116959064,0.993957703927,0.961988304094,0.977711738484,0.970412578428,0.959968102073,0.956395348837,58,69,0,0,0,0
3475,WLNM_dir_neg,0.98156899811,0.841764384318,00:00:05,10,80,37,1240364572,threshold_sweep,0.1,1,0.797101449275,0.887096774194,55,0,14,138,0.797101449275,1,0,0.202898550725,1,0.797101449275,0.887096774194,0.932367149758,0.578099838969,0.839694656489,0.850696309223,0.797101449275,342,273,69,0,342,0,273,0,69,37,342,0.256756756757,1.72528881811,18.4864864865,15.5454545455,9.77142857143,5.36771015539,0.290358590277,0.142642642643,9.50849154237,1.02869645341,0.544491860281,8.05331334643,0.871264894205,0.461830251304,0.640599570326,0.371299902718,2,1.72528881811,0.640599570326,2,0.344071394247,0.376569037657,810,0.104247104247,0.56957682835,37,37,37,1,0,0.405405405405,0.540540540541,0.0540540540541,37,0.204954954955,1.75692543255,14.7567567568,12.4090909091,7.8,4.49323816297,0.30448683522,0.156717156717,7.58416241384,1.027890144,0.544698544699,6.47367039695,0.877383899954,0.474408474408,0.679760830331,0.386903631615,2,1.75692543255,0.679760830331,2,0.270090615973,0.262050403719,357,0.0459459459459,0.398407077446,37,37,37,1,0,0.405405405405,0.540540540541,0.0540540540541,37,328,0.246246246246,1.73316601833,17.7297297297,14.9090909091,9.37142857143,5.08619399643,0.28687374675,0.137112722479,9.03131023521,1.0187758497,0.53707976269,8.10747995565,0.91456328768,0.481542518128,0.65650416695,0.378788967708,2,1.73316601833,0.65650416695,2,0.310857341937,0.321772965657,634,0.0815958815959,0.565573849242,37,37,37,1,0,0.405405405405,0.540540540541,0.0540540540541,-14,-0.0105105105105,0.00787720021462,-0.756756756757,-0.636363636364,-0.4,-0.281516158958,-0.00348484352699,-0.00552992016407,-0.477181307167,-0.00992060371152,-0.00741209759182,0.0541666092136,0.0432983934749,0.0197122668239,0.0159045966243,0.00748906499069,0,0.00787720021462,0.0159045966243,0,-0.0332140523108,-0.0547960719997,-176,-0.0226512226512,-0.00400297910759,0,0,0,328,0,14,990,0.959064327485,1,0,0.0409356725146,1,0.959064327485,0.979104477612,0.972466411003,0.959064327485,0.959064327485,55,69,0,0,0,0
3476,WLNM_dir_neg,0.98156899811,0.841764384318,00:00:05,10,80,37,1240364572,threshold_sweep,0.2,1,0.797101449275,0.887096774194,55,0,14,138,0.797101449275,1,0,0.202898550725,1,0.797101449275,0.887096774194,0.932367149758,0.578099838969,0.839694656489,0.850696309223,0.797101449275,342,273,69,0,342,0,273,0,69,37,342,0.256756756757,1.72528881811,18.4864864865,15.5454545455,9.77142857143,5.36771015539,0.290358590277,0.142642642643,9.50849154237,1.02869645341,0.544491860281,8.05331334643,0.871264894205,0.461830251304,0.640599570326,0.371299902718,2,1.72528881811,0.640599570326,2,0.344071394247,0.376569037657,810,0.104247104247,0.56957682835,37,37,37,1,0,0.405405405405,0.540540540541,0.0540540540541,37,0.204954954955,1.75692543255,14.7567567568,12.4090909091,7.8,4.49323816297,0.30448683522,0.156717156717,7.58416241384,1.027890144,0.544698544699,6.47367039695,0.877383899954,0.474408474408,0.679760830331,0.386903631615,2,1.75692543255,0.679760830331,2,0.270090615973,0.262050403719,357,0.0459459459459,0.398407077446,37,37,37,1,0,0.405405405405,0.540540540541,0.0540540540541,37,328,0.246246246246,1.73316601833,17.7297297297,14.9090909091,9.37142857143,5.08619399643,0.28687374675,0.137112722479,9.03131023521,1.0187758497,0.53707976269,8.10747995565,0.91456328768,0.481542518128,0.65650416695,0.378788967708,2,1.73316601833,0.65650416695,2,0.310857341937,0.321772965657,634,0.0815958815959,0.565573849242,37,37,37,1,0,0.405405405405,0.540540540541,0.0540540540541,-14,-0.0105105105105,0.00787720021462,-0.756756756757,-0.636363636364,-0.4,-0.281516158958,-0.00348484352699,-0.00552992016407,-0.477181307167,-0.00992060371152,-0.00741209759182,0.0541666092136,0.0432983934749,0.0197122668239,0.0159045966243,0.00748906499069,0,0.00787720021462,0.0159045966243,0,-0.0332140523108,-0.0547960719997,-176,-0.0226512226512,-0.00400297910759,0,0,0,328,0,14,990,0.959064327485,1,0,0.0409356725146,1,0.959064327485,0.979104477612,0.972466411003,0.959064327485,0.959064327485,55,69,0,0,0,0
3477,WLNM_dir_neg,0.98156899811,0.841764384318,00:00:05,10,80,37,1240364572,threshold_sweep,0.3,1,0.797101449275,0.887096774194,55,0,14,138,0.797101449275,1,0,0.202898550725,1,0.797101449275,0.887096774194,0.932367149758,0.578099838969,0.839694656489,0.850696309223,0.797101449275,342,273,69,0,342,0,273,0,69,37,342,0.256756756757,1.72528881811,18.4864864865,15.5454545455,9.77142857143,5.36771015539,0.290358590277,0.142642642643,9.50849154237,1.02869645341,0.544491860281,8.05331334643,0.871264894205,0.461830251304,0.640599570326,0.371299902718,2,1.72528881811,0.640599570326,2,0.344071394247,0.376569037657,810,0.104247104247,0.56957682835,37,37,37,1,0,0.405405405405,0.540540540541,0.0540540540541,37,0.204954954955,1.75692543255,14.7567567568,12.4090909091,7.8,4.49323816297,0.30448683522,0.156717156717,7.58416241384,1.027890144,0.544698544699,6.47367039695,0.877383899954,0.474408474408,0.679760830331,0.386903631615,2,1.75692543255,0.679760830331,2,0.270090615973,0.262050403719,357,0.0459459459459,0.398407077446,37,37,37,1,0,0.405405405405,0.540540540541,0.0540540540541,37,328,0.246246246246,1.73316601833,17.7297297297,14.9090909091,9.37142857143,5.08619399643,0.28687374675,0.137112722479,9.03131023521,1.0187758497,0.53707976269,8.10747995565,0.91456328768,0.481542518128,0.65650416695,0.378788967708,2,1.73316601833,0.65650416695,2,0.310857341937,0.321772965657,634,0.0815958815959,0.565573849242,37,37,37,1,0,0.405405405405,0.540540540541,0.0540540540541,-14,-0.0105105105105,0.00787720021462,-0.756756756757,-0.636363636364,-0.4,-0.281516158958,-0.00348484352699,-0.00552992016407,-0.477181307167,-0.00992060371152,-0.00741209759182,0.0541666092136,0.0432983934749,0.0197122668239,0.0159045966243,0.00748906499069,0,0.00787720021462,0.0159045966243,0,-0.0332140523108,-0.0547960719997,-176,-0.0226512226512,-0.00400297910759,0,0,0,328,0,14,990,0.959064327485,1,0,0.0409356725146,1,0.959064327485,0.979104477612,0.972466411003,0.959064327485,0.959064327485,55,69,0,0,0,0
3478,WLNM_dir_neg,0.98156899811,0.841764384318,00:00:05,10,80,37,1240364572,threshold_sweep,0.4,1,0.797101449275,0.887096774194,55,0,14,138,0.797101449275,1,0,0.202898550725,1,0.797101449275,0.887096774194,0.932367149758,0.578099838969,0.839694656489,0.850696309223,0.797101449275,342,273,69,0,342,0,273,0,69,37,342,0.256756756757,1.72528881811,18.4864864865,15.5454545455,9.77142857143,5.36771015539,0.290358590277,0.142642642643,9.50849154237,1.02869645341,0.544491860281,8.05331334643,0.871264894205,0.461830251304,0.640599570326,0.371299902718,2,1.72528881811,0.640599570326,2,0.344071394247,0.376569037657,810,0.104247104247,0.56957682835,37,37,37,1,0,0.405405405405,0.540540540541,0.0540540540541,37,0.204954954955,1.75692543255,14.7567567568,12.4090909091,7.8,4.49323816297,0.30448683522,0.156717156717,7.58416241384,1.027890144,0.544698544699,6.47367039695,0.877383899954,0.474408474408,0.679760830331,0.386903631615,2,1.75692543255,0.679760830331,2,0.270090615973,0.262050403719,357,0.0459459459459,0.398407077446,37,37,37,1,0,0.405405405405,0.540540540541,0.0540540540541,37,328,0.246246246246,1.73316601833,17.7297297297,14.9090909091,9.37142857143,5.08619399643,0.28687374675,0.137112722479,9.03131023521,1.0187758497,0.53707976269,8.10747995565,0.91456328768,0.481542518128,0.65650416695,0.378788967708,2,1.73316601833,0.65650416695,2,0.310857341937,0.321772965657,634,0.0815958815959,0.565573849242,37,37,37,1,0,0.405405405405,0.540540540541,0.0540540540541,-14,-0.0105105105105,0.00787720021462,-0.756756756757,-0.636363636364,-0.4,-0.281516158958,-0.00348484352699,-0.00552992016407,-0.477181307167,-0.00992060371152,-0.00741209759182,0.0541666092136,0.0432983934749,0.0197122668239,0.0159045966243,0.00748906499069,0,0.00787720021462,0.0159045966243,0,-0.0332140523108,-0.0547960719997,-176,-0.0226512226512,-0.00400297910759,0,0,0,328,0,14,990,0.959064327485,1,0,0.0409356725146,1,0.959064327485,0.979104477612,0.972466411003,0.959064327485,0.959064327485,55,69,0,0,0,0
3479,WLNM_dir_neg,0.98156899811,0.841764384318,00:00:05,10,80,37,1240364572,threshold_sweep,0.5,1,0.797101449275,0.887096774194,55,0,14,138,0.797101449275,1,0,0.202898550725,1,0.797101449275,0.887096774194,0.932367149758,0.578099838969,0.839694656489,0.850696309223,0.797101449275,342,273,69,0,342,0,273,0,69,37,342,0.256756756757,1.72528881811,18.4864864865,15.5454545455,9.77142857143,5.36771015539,0.290358590277,0.142642642643,9.50849154237,1.02869645341,0.544491860281,8.05331334643,0.871264894205,0.461830251304,0.640599570326,0.371299902718,2,1.72528881811,0.640599570326,2,0.344071394247,0.376569037657,810,0.104247104247,0.56957682835,37,37,37,1,0,0.405405405405,0.540540540541,0.0540540540541,37,0.204954954955,1.75692543255,14.7567567568,12.4090909091,7.8,4.49323816297,0.30448683522,0.156717156717,7.58416241384,1.027890144,0.544698544699,6.47367039695,0.877383899954,0.474408474408,0.679760830331,0.386903631615,2,1.75692543255,0.679760830331,2,0.270090615973,0.262050403719,357,0.0459459459459,0.398407077446,37,37,37,1,0,0.405405405405,0.540540540541,0.0540540540541,37,328,0.246246246246,1.73316601833,17.7297297297,14.9090909091,9.37142857143,5.08619399643,0.28687374675,0.137112722479,9.03131023521,1.0187758497,0.53707976269,8.10747995565,0.91456328768,0.481542518128,0.65650416695,0.378788967708,2,1.73316601833,0.65650416695,2,0.310857341937,0.321772965657,634,0.0815958815959,0.565573849242,37,37,37,1,0,0.405405405405,0.540540540541,0.0540540540541,-14,-0.0105105105105,0.00787720021462,-0.756756756757,-0.636363636364,-0.4,-0.281516158958,-0.00348484352699,-0.00552992016407,-0.477181307167,-0.00992060371152,-0.00741209759182,0.0541666092136,0.0432983934749,0.0197122668239,0.0159045966243,0.00748906499069,0,0.00787720021462,0.0159045966243,0,-0.0332140523108,-0.0547960719997,-176,-0.0226512226512,-0.00400297910759,0,0,0,328,0,14,990,0.959064327485,1,0,0.0409356725146,1,0.959064327485,0.979104477612,0.972466411003,0.959064327485,0.959064327485,55,69,0,0,0,0
3480,WLNM_dir_neg,0.98156899811,0.841764384318,00:00:05,10,80,37,1240364572,threshold_sweep,0.6,1,0.797101449275,0.887096774194,55,0,14,138,0.797101449275,1,0,0.202898550725,1,0.797101449275,0.887096774194,0.932367149758,0.578099838969,0.839694656489,0.850696309223,0.797101449275,342,273,69,0,342,0,273,0,69,37,342,0.256756756757,1.72528881811,18.4864864865,15.5454545455,9.77142857143,5.36771015539,0.290358590277,0.142642642643,9.50849154237,1.02869645341,0.544491860281,8.05331334643,0.871264894205,0.461830251304,0.640599570326,0.371299902718,2,1.72528881811,0.640599570326,2,0.344071394247,0.376569037657,810,0.104247104247,0.56957682835,37,37,37,1,0,0.405405405405,0.540540540541,0.0540540540541,37,0.204954954955,1.75692543255,14.7567567568,12.4090909091,7.8,4.49323816297,0.30448683522,0.156717156717,7.58416241384,1.027890144,0.544698544699,6.47367039695,0.877383899954,0.474408474408,0.679760830331,0.386903631615,2,1.75692543255,0.679760830331,2,0.270090615973,0.262050403719,357,0.0459459459459,0.398407077446,37,37,37,1,0,0.405405405405,0.540540540541,0.0540540540541,37,328,0.246246246246,1.73316601833,17.7297297297,14.9090909091,9.37142857143,5.08619399643,0.28687374675,0.137112722479,9.03131023521,1.0187758497,0.53707976269,8.10747995565,0.91456328768,0.481542518128,0.65650416695,0.378788967708,2,1.73316601833,0.65650416695,2,0.310857341937,0.321772965657,634,0.0815958815959,0.565573849242,37,37,37,1,0,0.405405405405,0.540540540541,0.0540540540541,-14,-0.0105105105105,0.00787720021462,-0.756756756757,-0.636363636364,-0.4,-0.281516158958,-0.00348484352699,-0.00552992016407,-0.477181307167,-0.00992060371152,-0.00741209759182,0.0541666092136,0.0432983934749,0.0197122668239,0.0159045966243,0.00748906499069,0,0.00787720021462,0.0159045966243,0,-0.0332140523108,-0.0547960719997,-176,-0.0226512226512,-0.00400297910759,0,0,0,328,0,14,990,0.959064327485,1,0,0.0409356725146,1,0.959064327485,0.979104477612,0.972466411003,0.959064327485,0.959064327485,55,69,0,0,0,0
3481,WLNM_dir_neg,0.98156899811,0.841764384318,00:00:05,10,80,37,1240364572,threshold_sweep,0.7,1,0.797101449275,0.887096774194,55,0,14,138,0.797101449275,1,0,0.202898550725,1,0.797101449275,0.887096774194,0.932367149758,0.578099838969,0.839694656489,0.850696309223,0.797101449275,342,273,69,0,342,0,273,0,69,37,342,0.256756756757,1.72528881811,18.4864864865,15.5454545455,9.77142857143,5.36771015539,0.290358590277,0.142642642643,9.50849154237,1.02869645341,0.544491860281,8.05331334643,0.871264894205,0.461830251304,0.640599570326,0.371299902718,2,1.72528881811,0.640599570326,2,0.344071394247,0.376569037657,810,0.104247104247,0.56957682835,37,37,37,1,0,0.405405405405,0.540540540541,0.0540540540541,37,0.204954954955,1.75692543255,14.7567567568,12.4090909091,7.8,4.49323816297,0.30448683522,0.156717156717,7.58416241384,1.027890144,0.544698544699,6.47367039695,0.877383899954,0.474408474408,0.679760830331,0.386903631615,2,1.75692543255,0.679760830331,2,0.270090615973,0.262050403719,357,0.0459459459459,0.398407077446,37,37,37,1,0,0.405405405405,0.540540540541,0.0540540540541,37,328,0.246246246246,1.73316601833,17.7297297297,14.9090909091,9.37142857143,5.08619399643,0.28687374675,0.137112722479,9.03131023521,1.0187758497,0.53707976269,8.10747995565,0.91456328768,0.481542518128,0.65650416695,0.378788967708,2,1.73316601833,0.65650416695,2,0.310857341937,0.321772965657,634,0.0815958815959,0.565573849242,37,37,37,1,0,0.405405405405,0.540540540541,0.0540540540541,-14,-0.0105105105105,0.00787720021462,-0.756756756757,-0.636363636364,-0.4,-0.281516158958,-0.00348484352699,-0.00552992016407,-0.477181307167,-0.00992060371152,-0.00741209759182,0.0541666092136,0.0432983934749,0.0197122668239,0.0159045966243,0.00748906499069,0,0.00787720021462,0.0159045966243,0,-0.0332140523108,-0.0547960719997,-176,-0.0226512226512,-0.00400297910759,0,0,0,328,0,14,990,0.959064327485,1,0,0.0409356725146,1,0.959064327485,0.979104477612,0.972466411003,0.959064327485,0.959064327485,55,69,0,0,0,0
3482,WLNM_dir_neg,0.98156899811,0.841764384318,00:00:05,10,80,37,1240364572,threshold_sweep,0.8,1,0.797101449275,0.887096774194,55,0,14,138,0.797101449275,1,0,0.202898550725,1,0.797101449275,0.887096774194,0.932367149758,0.578099838969,0.839694656489,0.850696309223,0.797101449275,342,273,69,0,342,0,273,0,69,37,342,0.256756756757,1.72528881811,18.4864864865,15.5454545455,9.77142857143,5.36771015539,0.290358590277,0.142642642643,9.50849154237,1.02869645341,0.544491860281,8.05331334643,0.871264894205,0.461830251304,0.640599570326,0.371299902718,2,1.72528881811,0.640599570326,2,0.344071394247,0.376569037657,810,0.104247104247,0.56957682835,37,37,37,1,0,0.405405405405,0.540540540541,0.0540540540541,37,0.204954954955,1.75692543255,14.7567567568,12.4090909091,7.8,4.49323816297,0.30448683522,0.156717156717,7.58416241384,1.027890144,0.544698544699,6.47367039695,0.877383899954,0.474408474408,0.679760830331,0.386903631615,2,1.75692543255,0.679760830331,2,0.270090615973,0.262050403719,357,0.0459459459459,0.398407077446,37,37,37,1,0,0.405405405405,0.540540540541,0.0540540540541,37,328,0.246246246246,1.73316601833,17.7297297297,14.9090909091,9.37142857143,5.08619399643,0.28687374675,0.137112722479,9.03131023521,1.0187758497,0.53707976269,8.10747995565,0.91456328768,0.481542518128,0.65650416695,0.378788967708,2,1.73316601833,0.65650416695,2,0.310857341937,0.321772965657,634,0.0815958815959,0.565573849242,37,37,37,1,0,0.405405405405,0.540540540541,0.0540540540541,-14,-0.0105105105105,0.00787720021462,-0.756756756757,-0.636363636364,-0.4,-0.281516158958,-0.00348484352699,-0.00552992016407,-0.477181307167,-0.00992060371152,-0.00741209759182,0.0541666092136,0.0432983934749,0.0197122668239,0.0159045966243,0.00748906499069,0,0.00787720021462,0.0159045966243,0,-0.0332140523108,-0.0547960719997,-176,-0.0226512226512,-0.00400297910759,0,0,0,328,0,14,990,0.959064327485,1,0,0.0409356725146,1,0.959064327485,0.979104477612,0.972466411003,0.959064327485,0.959064327485,55,69,0,0,0,0
3483,WLNM_dir_neg,0.98156899811,0.841764384318,00:00:05,10,80,37,1240364572,threshold_sweep,0.9,1,0.797101449275,0.887096774194,55,0,14,138,0.797101449275,1,0,0.202898550725,1,0.797101449275,0.887096774194,0.932367149758,0.578099838969,0.839694656489,0.850696309223,0.797101449275,342,273,69,0,342,0,273,0,69,37,342,0.256756756757,1.72528881811,18.4864864865,15.5454545455,9.77142857143,5.36771015539,0.290358590277,0.142642642643,9.50849154237,1.02869645341,0.544491860281,8.05331334643,0.871264894205,0.461830251304,0.640599570326,0.371299902718,2,1.72528881811,0.640599570326,2,0.344071394247,0.376569037657,810,0.104247104247,0.56957682835,37,37,37,1,0,0.405405405405,0.540540540541,0.0540540540541,37,0.204954954955,1.75692543255,14.7567567568,12.4090909091,7.8,4.49323816297,0.30448683522,0.156717156717,7.58416241384,1.027890144,0.544698544699,6.47367039695,0.877383899954,0.474408474408,0.679760830331,0.386903631615,2,1.75692543255,0.679760830331,2,0.270090615973,0.262050403719,357,0.0459459459459,0.398407077446,37,37,37,1,0,0.405405405405,0.540540540541,0.0540540540541,37,328,0.246246246246,1.73316601833,17.7297297297,14.9090909091,9.37142857143,5.08619399643,0.28687374675,0.137112722479,9.03131023521,1.0187758497,0.53707976269,8.10747995565,0.91456328768,0.481542518128,0.65650416695,0.378788967708,2,1.73316601833,0.65650416695,2,0.310857341937,0.321772965657,634,0.0815958815959,0.565573849242,37,37,37,1,0,0.405405405405,0.540540540541,0.0540540540541,-14,-0.0105105105105,0.00787720021462,-0.756756756757,-0.636363636364,-0.4,-0.281516158958,-0.00348484352699,-0.00552992016407,-0.477181307167,-0.00992060371152,-0.00741209759182,0.0541666092136,0.0432983934749,0.0197122668239,0.0159045966243,0.00748906499069,0,0.00787720021462,0.0159045966243,0,-0.0332140523108,-0.0547960719997,-176,-0.0226512226512,-0.00400297910759,0,0,0,328,0,14,990,0.959064327485,1,0,0.0409356725146,1,0.959064327485,0.979104477612,0.972466411003,0.959064327485,0.959064327485,55,69,0,0,0,0
3484,WLNM_dir_neg,0.927116152069,0.130261254926,00:00:06,10,80,38,1240364573,threshold_sweep,0.1,1,0.782608695652,0.878048780488,54,0,15,138,0.782608695652,1,0,0.217391304348,1,0.782608695652,0.878048780488,0.927536231884,0.579710144928,0.827586206897,0.840168050417,0.782608695652,342,273,69,0,342,0,273,0,69,37,342,0.256756756757,1.72528881811,18.4864864865,15.5454545455,9.77142857143,5.36771015539,0.290358590277,0.142642642643,9.50849154237,1.02869645341,0.544491860281,8.05331334643,0.871264894205,0.461830251304,0.640599570326,0.371299902718,2,1.72528881811,0.640599570326,2,0.344071394247,0.376569037657,810,0.104247104247,0.56957682835,37,37,37,1,0,0.405405405405,0.540540540541,0.0540540540541,37,0.204954954955,1.73971108922,14.7567567568,12.4090909091,7.8,4.3037800272,0.291648097081,0.148302148302,7.34601687746,0.995614009033,0.527274527275,6.66813046993,0.903739294459,0.486882486882,0.654385891688,0.376146301384,2,1.73971108922,0.654385891688,2,0.257030766628,0.256403940887,347,0.0446589446589,0.41741048304,37,37,37,1,0,0.405405405405,0.540540540541,0.0540540540541,37,327,0.245495495495,1.71504119967,17.6756756757,14.8636363636,9.34285714286,4.77873794389,0.270356733828,0.129184230102,8.88979912757,1.00587941199,0.531944788826,8.20742723768,0.928669136986,0.48764360691,0.629043122586,0.366780181553,2,1.71504119967,0.629043122586,2,0.288317629277,0.304482225657,591,0.0760617760618,0.575397445055,37,37,37,1,0,0.405405405405,0.540540540541,0.0540540540541,-15,-0.0112612612613,-0.0102476184453,-0.810810810811,-0.681818181818,-0.428571428571,-0.588972211507,-0.0200018564487,-0.013458412541,-0.618692414806,-0.0228170414269,-0.0125470714558,0.154113891249,0.0574042427807,0.0258133556057,-0.0115564477401,-0.00451972116457,0,-0.0102476184453,-0.0115564477401,0,-0.05575376497,-0.072086812,-219,-0.0281853281853,0.00582061670548,0,0,0,327,0,15,990,0.956140350877,1,0,0.0438596491228,1,0.956140350877,0.977578475336,0.970499664797,0.956140350877,0.956140350877,54,69,0,0,0,0
3485,WLNM_dir_neg,0.927116152069,0.130261254926,00:00:06,10,80,38,1240364573,threshold_sweep,0.2,1,0.782608695652,0.878048780488,54,0,15,138,0.782608695652,1,0,0.217391304348,1,0.782608695652,0.878048780488,0.927536231884,0.579710144928,0.827586206897,0.840168050417,0.782608695652,342,273,69,0,342,0,273,0,69,37,342,0.256756756757,1.72528881811,18.4864864865,15.5454545455,9.77142857143,5.36771015539,0.290358590277,0.142642642643,9.50849154237,1.02869645341,0.544491860281,8.05331334643,0.871264894205,0.461830251304,0.640599570326,0.371299902718,2,1.72528881811,0.640599570326,2,0.344071394247,0.376569037657,810,0.104247104247,0.56957682835,37,37,37,1,0,0.405405405405,0.540540540541,0.0540540540541,37,0.204954954955,1.73971108922,14.7567567568,12.4090909091,7.8,4.3037800272,0.291648097081,0.148302148302,7.34601687746,0.995614009033,0.527274527275,6.66813046993,0.903739294459,0.486882486882,0.654385891688,0.376146301384,2,1.73971108922,0.654385891688,2,0.257030766628,0.256403940887,347,0.0446589446589,0.41741048304,37,37,37,1,0,0.405405405405,0.540540540541,0.0540540540541,37,327,0.245495495495,1.71504119967,17.6756756757,14.8636363636,9.34285714286,4.77873794389,0.270356733828,0.129184230102,8.88979912757,1.00587941199,0.531944788826,8.20742723768,0.928669136986,0.48764360691,0.629043122586,0.366780181553,2,1.71504119967,0.629043122586,2,0.288317629277,0.304482225657,591,0.0760617760618,0.575397445055,37,37,37,1,0,0.405405405405,0.540540540541,0.0540540540541,-15,-0.0112612612613,-0.0102476184453,-0.810810810811,-0.681818181818,-0.428571428571,-0.588972211507,-0.0200018564487,-0.013458412541,-0.618692414806,-0.0228170414269,-0.0125470714558,0.154113891249,0.0574042427807,0.0258133556057,-0.0115564477401,-0.00451972116457,0,-0.0102476184453,-0.0115564477401,0,-0.05575376497,-0.072086812,-219,-0.0281853281853,0.00582061670548,0,0,0,327,0,15,990,0.956140350877,1,0,0.0438596491228,1,0.956140350877,0.977578475336,0.970499664797,0.956140350877,0.956140350877,54,69,0,0,0,0
3486,WLNM_dir_neg,0.927116152069,0.130261254926,00:00:06,10,80,38,1240364573,threshold_sweep,0.3,1,0.782608695652,0.878048780488,54,0,15,138,0.782608695652,1,0,0.217391304348,1,0.782608695652,0.878048780488,0.927536231884,0.579710144928,0.827586206897,0.840168050417,0.782608695652,342,273,69,0,342,0,273,0,69,37,342,0.256756756757,1.72528881811,18.4864864865,15.5454545455,9.77142857143,5.36771015539,0.290358590277,0.142642642643,9.50849154237,1.02869645341,0.544491860281,8.05331334643,0.871264894205,0.461830251304,0.640599570326,0.371299902718,2,1.72528881811,0.640599570326,2,0.344071394247,0.376569037657,810,0.104247104247,0.56957682835,37,37,37,1,0,0.405405405405,0.540540540541,0.0540540540541,37,0.204954954955,1.73971108922,14.7567567568,12.4090909091,7.8,4.3037800272,0.291648097081,0.148302148302,7.34601687746,0.995614009033,0.527274527275,6.66813046993,0.903739294459,0.486882486882,0.654385891688,0.376146301384,2,1.73971108922,0.654385891688,2,0.257030766628,0.256403940887,347,0.0446589446589,0.41741048304,37,37,37,1,0,0.405405405405,0.540540540541,0.0540540540541,37,327,0.245495495495,1.71504119967,17.6756756757,14.8636363636,9.34285714286,4.77873794389,0.270356733828,0.129184230102,8.88979912757,1.00587941199,0.531944788826,8.20742723768,0.928669136986,0.48764360691,0.629043122586,0.366780181553,2,1.71504119967,0.629043122586,2,0.288317629277,0.304482225657,591,0.0760617760618,0.575397445055,37,37,37,1,0,0.405405405405,0.540540540541,0.0540540540541,-15,-0.0112612612613,-0.0102476184453,-0.810810810811,-0.681818181818,-0.428571428571,-0.588972211507,-0.0200018564487,-0.013458412541,-0.618692414806,-0.0228170414269,-0.0125470714558,0.154113891249,0.0574042427807,0.0258133556057,-0.0115564477401,-0.00451972116457,0,-0.0102476184453,-0.0115564477401,0,-0.05575376497,-0.072086812,-219,-0.0281853281853,0.00582061670548,0,0,0,327,0,15,990,0.956140350877,1,0,0.0438596491228,1,0.956140350877,0.977578475336,0.970499664797,0.956140350877,0.956140350877,54,69,0,0,0,0
3487,WLNM_dir_neg,0.927116152069,0.130261254926,00:00:06,10,80,38,1240364573,threshold_sweep,0.4,1,0.782608695652,0.878048780488,54,0,15,138,0.782608695652,1,0,0.217391304348,1,0.782608695652,0.878048780488,0.927536231884,0.579710144928,0.827586206897,0.840168050417,0.782608695652,342,273,69,0,342,0,273,0,69,37,342,0.256756756757,1.72528881811,18.4864864865,15.5454545455,9.77142857143,5.36771015539,0.290358590277,0.142642642643,9.50849154237,1.02869645341,0.544491860281,8.05331334643,0.871264894205,0.461830251304,0.640599570326,0.371299902718,2,1.72528881811,0.640599570326,2,0.344071394247,0.376569037657,810,0.104247104247,0.56957682835,37,37,37,1,0,0.405405405405,0.540540540541,0.0540540540541,37,0.204954954955,1.73971108922,14.7567567568,12.4090909091,7.8,4.3037800272,0.291648097081,0.148302148302,7.34601687746,0.995614009033,0.527274527275,6.66813046993,0.903739294459,0.486882486882,0.654385891688,0.376146301384,2,1.73971108922,0.654385891688,2,0.257030766628,0.256403940887,347,0.0446589446589,0.41741048304,37,37,37,1,0,0.405405405405,0.540540540541,0.0540540540541,37,327,0.245495495495,1.71504119967,17.6756756757,14.8636363636,9.34285714286,4.77873794389,0.270356733828,0.129184230102,8.88979912757,1.00587941199,0.531944788826,8.20742723768,0.928669136986,0.48764360691,0.629043122586,0.366780181553,2,1.71504119967,0.629043122586,2,0.288317629277,0.304482225657,591,0.0760617760618,0.575397445055,37,37,37,1,0,0.405405405405,0.540540540541,0.0540540540541,-15,-0.0112612612613,-0.0102476184453,-0.810810810811,-0.681818181818,-0.428571428571,-0.588972211507,-0.0200018564487,-0.013458412541,-0.618692414806,-0.0228170414269,-0.0125470714558,0.154113891249,0.0574042427807,0.0258133556057,-0.0115564477401,-0.00451972116457,0,-0.0102476184453,-0.0115564477401,0,-0.05575376497,-0.072086812,-219,-0.0281853281853,0.00582061670548,0,0,0,327,0,15,990,0.956140350877,1,0,0.0438596491228,1,0.956140350877,0.977578475336,0.970499664797,0.956140350877,0.956140350877,54,69,0,0,0,0
3488,WLNM_dir_neg,0.927116152069,0.130261254926,00:00:06,10,80,38,1240364573,threshold_sweep,0.5,1,0.782608695652,0.878048780488,54,0,15,138,0.782608695652,1,0,0.217391304348,1,0.782608695652,0.878048780488,0.927536231884,0.579710144928,0.827586206897,0.840168050417,0.782608695652,342,273,69,0,342,0,273,0,69,37,342,0.256756756757,1.72528881811,18.4864864865,15.5454545455,9.77142857143,5.36771015539,0.290358590277,0.142642642643,9.50849154237,1.02869645341,0.544491860281,8.05331334643,0.871264894205,0.461830251304,0.640599570326,0.371299902718,2,1.72528881811,0.640599570326,2,0.344071394247,0.376569037657,810,0.104247104247,0.56957682835,37,37,37,1,0,0.405405405405,0.540540540541,0.0540540540541,37,0.204954954955,1.73971108922,14.7567567568,12.4090909091,7.8,4.3037800272,0.291648097081,0.148302148302,7.34601687746,0.995614009033,0.527274527275,6.66813046993,0.903739294459,0.486882486882,0.654385891688,0.376146301384,2,1.73971108922,0.654385891688,2,0.257030766628,0.256403940887,347,0.0446589446589,0.41741048304,37,37,37,1,0,0.405405405405,0.540540540541,0.0540540540541,37,327,0.245495495495,1.71504119967,17.6756756757,14.8636363636,9.34285714286,4.77873794389,0.270356733828,0.129184230102,8.88979912757,1.00587941199,0.531944788826,8.20742723768,0.928669136986,0.48764360691,0.629043122586,0.366780181553,2,1.71504119967,0.629043122586,2,0.288317629277,0.304482225657,591,0.0760617760618,0.575397445055,37,37,37,1,0,0.405405405405,0.540540540541,0.0540540540541,-15,-0.0112612612613,-0.0102476184453,-0.810810810811,-0.681818181818,-0.428571428571,-0.588972211507,-0.0200018564487,-0.013458412541,-0.618692414806,-0.0228170414269,-0.0125470714558,0.154113891249,0.0574042427807,0.0258133556057,-0.0115564477401,-0.00451972116457,0,-0.0102476184453,-0.0115564477401,0,-0.05575376497,-0.072086812,-219,-0.0281853281853,0.00582061670548,0,0,0,327,0,15,990,0.956140350877,1,0,0.0438596491228,1,0.956140350877,0.977578475336,0.970499664797,0.956140350877,0.956140350877,54,69,0,0,0,0
3489,WLNM_dir_neg,0.927116152069,0.130261254926,00:00:06,10,80,38,1240364573,threshold_sweep,0.6,1,0.782608695652,0.878048780488,54,0,15,138,0.782608695652,1,0,0.217391304348,1,0.782608695652,0.878048780488,0.927536231884,0.579710144928,0.827586206897,0.840168050417,0.782608695652,342,273,69,0,342,0,273,0,69,37,342,0.256756756757,1.72528881811,18.4864864865,15.5454545455,9.77142857143,5.36771015539,0.290358590277,0.142642642643,9.50849154237,1.02869645341,0.544491860281,8.05331334643,0.871264894205,0.461830251304,0.640599570326,0.371299902718,2,1.72528881811,0.640599570326,2,0.344071394247,0.376569037657,810,0.104247104247,0.56957682835,37,37,37,1,0,0.405405405405,0.540540540541,0.0540540540541,37,0.204954954955,1.73971108922,14.7567567568,12.4090909091,7.8,4.3037800272,0.291648097081,0.148302148302,7.34601687746,0.995614009033,0.527274527275,6.66813046993,0.903739294459,0.486882486882,0.654385891688,0.376146301384,2,1.73971108922,0.654385891688,2,0.257030766628,0.256403940887,347,0.0446589446589,0.41741048304,37,37,37,1,0,0.405405405405,0.540540540541,0.0540540540541,37,327,0.245495495495,1.71504119967,17.6756756757,14.8636363636,9.34285714286,4.77873794389,0.270356733828,0.129184230102,8.88979912757,1.00587941199,0.531944788826,8.20742723768,0.928669136986,0.48764360691,0.629043122586,0.366780181553,2,1.71504119967,0.629043122586,2,0.288317629277,0.304482225657,591,0.0760617760618,0.575397445055,37,37,37,1,0,0.405405405405,0.540540540541,0.0540540540541,-15,-0.0112612612613,-0.0102476184453,-0.810810810811,-0.681818181818,-0.428571428571,-0.588972211507,-0.0200018564487,-0.013458412541,-0.618692414806,-0.0228170414269,-0.0125470714558,0.154113891249,0.0574042427807,0.0258133556057,-0.0115564477401,-0.00451972116457,0,-0.0102476184453,-0.0115564477401,0,-0.05575376497,-0.072086812,-219,-0.0281853281853,0.00582061670548,0,0,0,327,0,15,990,0.956140350877,1,0,0.0438596491228,1,0.956140350877,0.977578475336,0.970499664797,0.956140350877,0.956140350877,54,69,0,0,0,0
3490,WLNM_dir_neg,0.927116152069,0.130261254926,00:00:06,10,80,38,1240364573,threshold_sweep,0.7,1,0.782608695652,0.878048780488,54,0,15,138,0.782608695652,1,0,0.217391304348,1,0.782608695652,0.878048780488,0.927536231884,0.579710144928,0.827586206897,0.840168050417,0.782608695652,342,273,69,0,342,0,273,0,69,37,342,0.256756756757,1.72528881811,18.4864864865,15.5454545455,9.77142857143,5.36771015539,0.290358590277,0.142642642643,9.50849154237,1.02869645341,0.544491860281,8.05331334643,0.871264894205,0.461830251304,0.640599570326,0.371299902718,2,1.72528881811,0.640599570326,2,0.344071394247,0.376569037657,810,0.104247104247,0.56957682835,37,37,37,1,0,0.405405405405,0.540540540541,0.0540540540541,37,0.204954954955,1.73971108922,14.7567567568,12.4090909091,7.8,4.3037800272,0.291648097081,0.148302148302,7.34601687746,0.995614009033,0.527274527275,6.66813046993,0.903739294459,0.486882486882,0.654385891688,0.376146301384,2,1.73971108922,0.654385891688,2,0.257030766628,0.256403940887,347,0.0446589446589,0.41741048304,37,37,37,1,0,0.405405405405,0.540540540541,0.0540540540541,37,327,0.245495495495,1.71504119967,17.6756756757,14.8636363636,9.34285714286,4.77873794389,0.270356733828,0.129184230102,8.88979912757,1.00587941199,0.531944788826,8.20742723768,0.928669136986,0.48764360691,0.629043122586,0.366780181553,2,1.71504119967,0.629043122586,2,0.288317629277,0.304482225657,591,0.0760617760618,0.575397445055,37,37,37,1,0,0.405405405405,0.540540540541,0.0540540540541,-15,-0.0112612612613,-0.0102476184453,-0.810810810811,-0.681818181818,-0.428571428571,-0.588972211507,-0.0200018564487,-0.013458412541,-0.618692414806,-0.0228170414269,-0.0125470714558,0.154113891249,0.0574042427807,0.0258133556057,-0.0115564477401,-0.00451972116457,0,-0.0102476184453,-0.0115564477401,0,-0.05575376497,-0.072086812,-219,-0.0281853281853,0.00582061670548,0,0,0,327,0,15,990,0.956140350877,1,0,0.0438596491228,1,0.956140350877,0.977578475336,0.970499664797,0.956140350877,0.956140350877,54,69,0,0,0,0
3491,WLNM_dir_neg,0.927116152069,0.130261254926,00:00:06,10,80,38,1240364573,threshold_sweep,0.8,1,0.782608695652,0.878048780488,54,0,15,138,0.782608695652,1,0,0.217391304348,1,0.782608695652,0.878048780488,0.927536231884,0.579710144928,0.827586206897,0.840168050417,0.782608695652,342,273,69,0,342,0,273,0,69,37,342,0.256756756757,1.72528881811,18.4864864865,15.5454545455,9.77142857143,5.36771015539,0.290358590277,0.142642642643,9.50849154237,1.02869645341,0.544491860281,8.05331334643,0.871264894205,0.461830251304,0.640599570326,0.371299902718,2,1.72528881811,0.640599570326,2,0.344071394247,0.376569037657,810,0.104247104247,0.56957682835,37,37,37,1,0,0.405405405405,0.540540540541,0.0540540540541,37,0.204954954955,1.73971108922,14.7567567568,12.4090909091,7.8,4.3037800272,0.291648097081,0.148302148302,7.34601687746,0.995614009033,0.527274527275,6.66813046993,0.903739294459,0.486882486882,0.654385891688,0.376146301384,2,1.73971108922,0.654385891688,2,0.257030766628,0.256403940887,347,0.0446589446589,0.41741048304,37,37,37,1,0,0.405405405405,0.540540540541,0.0540540540541,37,327,0.245495495495,1.71504119967,17.6756756757,14.8636363636,9.34285714286,4.77873794389,0.270356733828,0.129184230102,8.88979912757,1.00587941199,0.531944788826,8.20742723768,0.928669136986,0.48764360691,0.629043122586,0.366780181553,2,1.71504119967,0.629043122586,2,0.288317629277,0.304482225657,591,0.0760617760618,0.575397445055,37,37,37,1,0,0.405405405405,0.540540540541,0.0540540540541,-15,-0.0112612612613,-0.0102476184453,-0.810810810811,-0.681818181818,-0.428571428571,-0.588972211507,-0.0200018564487,-0.013458412541,-0.618692414806,-0.0228170414269,-0.0125470714558,0.154113891249,0.0574042427807,0.0258133556057,-0.0115564477401,-0.00451972116457,0,-0.0102476184453,-0.0115564477401,0,-0.05575376497,-0.072086812,-219,-0.0281853281853,0.00582061670548,0,0,0,327,0,15,990,0.956140350877,1,0,0.0438596491228,1,0.956140350877,0.977578475336,0.970499664797,0.956140350877,0.956140350877,54,69,0,0,0,0
3492,WLNM_dir_neg,0.927116152069,0.130261254926,00:00:06,10,80,38,1240364573,threshold_sweep,0.9,1,0.782608695652,0.878048780488,54,0,15,138,0.782608695652,1,0,0.217391304348,1,0.782608695652,0.878048780488,0.927536231884,0.579710144928,0.827586206897,0.840168050417,0.782608695652,342,273,69,0,342,0,273,0,69,37,342,0.256756756757,1.72528881811,18.4864864865,15.5454545455,9.77142857143,5.36771015539,0.290358590277,0.142642642643,9.50849154237,1.02869645341,0.544491860281,8.05331334643,0.871264894205,0.461830251304,0.640599570326,0.371299902718,2,1.72528881811,0.640599570326,2,0.344071394247,0.376569037657,810,0.104247104247,0.56957682835,37,37,37,1,0,0.405405405405,0.540540540541,0.0540540540541,37,0.204954954955,1.73971108922,14.7567567568,12.4090909091,7.8,4.3037800272,0.291648097081,0.148302148302,7.34601687746,0.995614009033,0.527274527275,6.66813046993,0.903739294459,0.486882486882,0.654385891688,0.376146301384,2,1.73971108922,0.654385891688,2,0.257030766628,0.256403940887,347,0.0446589446589,0.41741048304,37,37,37,1,0,0.405405405405,0.540540540541,0.0540540540541,37,327,0.245495495495,1.71504119967,17.6756756757,14.8636363636,9.34285714286,4.77873794389,0.270356733828,0.129184230102,8.88979912757,1.00587941199,0.531944788826,8.20742723768,0.928669136986,0.48764360691,0.629043122586,0.366780181553,2,1.71504119967,0.629043122586,2,0.288317629277,0.304482225657,591,0.0760617760618,0.575397445055,37,37,37,1,0,0.405405405405,0.540540540541,0.0540540540541,-15,-0.0112612612613,-0.0102476184453,-0.810810810811,-0.681818181818,-0.428571428571,-0.588972211507,-0.0200018564487,-0.013458412541,-0.618692414806,-0.0228170414269,-0.0125470714558,0.154113891249,0.0574042427807,0.0258133556057,-0.0115564477401,-0.00451972116457,0,-0.0102476184453,-0.0115564477401,0,-0.05575376497,-0.072086812,-219,-0.0281853281853,0.00582061670548,0,0,0,327,0,15,990,0.956140350877,1,0,0.0438596491228,1,0.956140350877,0.977578475336,0.970499664797,0.956140350877,0.956140350877,54,69,0,0,0,0
3493,WLNM_dir_neg,0.964923335434,0.260178814016,00:00:05,10,80,39,1240364574,threshold_sweep,0.1,0.967213114754,0.855072463768,0.907692307692,59,2,10,136,0.855072463768,0.985507246377,0.0144927536232,0.144927536232,0.967213114754,0.855072463768,0.907692307692,0.942028985507,0.568438003221,0.865671641791,0.869163832024,0.840579710145,342,273,69,0,342,0,273,0,69,37,342,0.256756756757,1.72528881811,18.4864864865,15.5454545455,9.77142857143,5.36771015539,0.290358590277,0.142642642643,9.50849154237,1.02869645341,0.544491860281,8.05331334643,0.871264894205,0.461830251304,0.640599570326,0.371299902718,2,1.72528881811,0.640599570326,2,0.344071394247,0.376569037657,810,0.104247104247,0.56957682835,37,37,37,1,0,0.405405405405,0.540540540541,0.0540540540541,37,0.204954954955,1.74395158088,14.7567567568,12.4090909091,7.8,4.17935006514,0.283216030055,0.143946143946,7.41376853995,1.00479646878,0.533214533215,6.4822464871,0.878546227189,0.477378477378,0.658742852568,0.377730012571,2,1.74395158088,0.658742852568,2,0.246459667203,0.253897550111,342,0.0440154440154,0.399741106235,37,37,37,1,0,0.405405405405,0.540540540541,0.0540540540541,37,334,0.250750750751,1.72054557351,18.0540540541,15.1818181818,9.54285714286,5.0823548017,0.281507676142,0.13683443923,9.11191675922,1.00940395237,0.53584722447,8.16321861389,0.904308648844,0.475481469493,0.633556801661,0.368230177343,2,1.72054557351,0.633556801661,2,0.311708578561,0.34362745098,701,0.0902187902188,0.573024483463,37,37,37,1,0,0.405405405405,0.540540540541,0.0540540540541,-8,-0.00600600600601,-0.00474324460012,-0.432432432432,-0.363636363636,-0.228571428571,-0.285355353697,-0.00885091413524,-0.00580820341299,-0.396574783151,-0.0192925010457,-0.00864463581135,0.109905267454,0.0330437546391,0.0136512181895,-0.00704276866458,-0.00306972537508,0,-0.00474324460012,-0.00704276866458,0,-0.0323628156866,-0.0329415866765,-109,-0.0140283140283,0.00344765511309,0,0,0,332,2,10,988,0.970760233918,0.99797979798,0.0020202020202,0.0292397660819,0.994011976048,0.970760233918,0.98224852071,0.976336202052,0.968740031898,0.96511627907,61,69,0,0,0,0
3494,WLNM_dir_neg,0.964923335434,0.260178814016,00:00:05,10,80,39,1240364574,threshold_sweep,0.2,0.967213114754,0.855072463768,0.907692307692,59,2,10,136,0.855072463768,0.985507246377,0.0144927536232,0.144927536232,0.967213114754,0.855072463768,0.907692307692,0.942028985507,0.568438003221,0.865671641791,0.869163832024,0.840579710145,342,273,69,0,342,0,273,0,69,37,342,0.256756756757,1.72528881811,18.4864864865,15.5454545455,9.77142857143,5.36771015539,0.290358590277,0.142642642643,9.50849154237,1.02869645341,0.544491860281,8.05331334643,0.871264894205,0.461830251304,0.640599570326,0.371299902718,2,1.72528881811,0.640599570326,2,0.344071394247,0.376569037657,810,0.104247104247,0.56957682835,37,37,37,1,0,0.405405405405,0.540540540541,0.0540540540541,37,0.204954954955,1.74395158088,14.7567567568,12.4090909091,7.8,4.17935006514,0.283216030055,0.143946143946,7.41376853995,1.00479646878,0.533214533215,6.4822464871,0.878546227189,0.477378477378,0.658742852568,0.377730012571,2,1.74395158088,0.658742852568,2,0.246459667203,0.253897550111,342,0.0440154440154,0.399741106235,37,37,37,1,0,0.405405405405,0.540540540541,0.0540540540541,37,334,0.250750750751,1.72054557351,18.0540540541,15.1818181818,9.54285714286,5.0823548017,0.281507676142,0.13683443923,9.11191675922,1.00940395237,0.53584722447,8.16321861389,0.904308648844,0.475481469493,0.633556801661,0.368230177343,2,1.72054557351,0.633556801661,2,0.311708578561,0.34362745098,701,0.0902187902188,0.573024483463,37,37,37,1,0,0.405405405405,0.540540540541,0.0540540540541,-8,-0.00600600600601,-0.00474324460012,-0.432432432432,-0.363636363636,-0.228571428571,-0.285355353697,-0.00885091413524,-0.00580820341299,-0.396574783151,-0.0192925010457,-0.00864463581135,0.109905267454,0.0330437546391,0.0136512181895,-0.00704276866458,-0.00306972537508,0,-0.00474324460012,-0.00704276866458,0,-0.0323628156866,-0.0329415866765,-109,-0.0140283140283,0.00344765511309,0,0,0,332,2,10,988,0.970760233918,0.99797979798,0.0020202020202,0.0292397660819,0.994011976048,0.970760233918,0.98224852071,0.976336202052,0.968740031898,0.96511627907,61,69,0,0,0,0
3495,WLNM_dir_neg,0.964923335434,0.260178814016,00:00:05,10,80,39,1240364574,threshold_sweep,0.3,0.967213114754,0.855072463768,0.907692307692,59,2,10,136,0.855072463768,0.985507246377,0.0144927536232,0.144927536232,0.967213114754,0.855072463768,0.907692307692,0.942028985507,0.568438003221,0.865671641791,0.869163832024,0.840579710145,342,273,69,0,342,0,273,0,69,37,342,0.256756756757,1.72528881811,18.4864864865,15.5454545455,9.77142857143,5.36771015539,0.290358590277,0.142642642643,9.50849154237,1.02869645341,0.544491860281,8.05331334643,0.871264894205,0.461830251304,0.640599570326,0.371299902718,2,1.72528881811,0.640599570326,2,0.344071394247,0.376569037657,810,0.104247104247,0.56957682835,37,37,37,1,0,0.405405405405,0.540540540541,0.0540540540541,37,0.204954954955,1.74395158088,14.7567567568,12.4090909091,7.8,4.17935006514,0.283216030055,0.143946143946,7.41376853995,1.00479646878,0.533214533215,6.4822464871,0.878546227189,0.477378477378,0.658742852568,0.377730012571,2,1.74395158088,0.658742852568,2,0.246459667203,0.253897550111,342,0.0440154440154,0.399741106235,37,37,37,1,0,0.405405405405,0.540540540541,0.0540540540541,37,334,0.250750750751,1.72054557351,18.0540540541,15.1818181818,9.54285714286,5.0823548017,0.281507676142,0.13683443923,9.11191675922,1.00940395237,0.53584722447,8.16321861389,0.904308648844,0.475481469493,0.633556801661,0.368230177343,2,1.72054557351,0.633556801661,2,0.311708578561,0.34362745098,701,0.0902187902188,0.573024483463,37,37,37,1,0,0.405405405405,0.540540540541,0.0540540540541,-8,-0.00600600600601,-0.00474324460012,-0.432432432432,-0.363636363636,-0.228571428571,-0.285355353697,-0.00885091413524,-0.00580820341299,-0.396574783151,-0.0192925010457,-0.00864463581135,0.109905267454,0.0330437546391,0.0136512181895,-0.00704276866458,-0.00306972537508,0,-0.00474324460012,-0.00704276866458,0,-0.0323628156866,-0.0329415866765,-109,-0.0140283140283,0.00344765511309,0,0,0,332,2,10,988,0.970760233918,0.99797979798,0.0020202020202,0.0292397660819,0.994011976048,0.970760233918,0.98224852071,0.976336202052,0.968740031898,0.96511627907,61,69,0,0,0,0
3496,WLNM_dir_neg,0.964923335434,0.260178814016,00:00:05,10,80,39,1240364574,threshold_sweep,0.4,0.967213114754,0.855072463768,0.907692307692,59,2,10,136,0.855072463768,0.985507246377,0.0144927536232,0.144927536232,0.967213114754,0.855072463768,0.907692307692,0.942028985507,0.568438003221,0.865671641791,0.869163832024,0.840579710145,342,273,69,0,342,0,273,0,69,37,342,0.256756756757,1.72528881811,18.4864864865,15.5454545455,9.77142857143,5.36771015539,0.290358590277,0.142642642643,9.50849154237,1.02869645341,0.544491860281,8.05331334643,0.871264894205,0.461830251304,0.640599570326,0.371299902718,2,1.72528881811,0.640599570326,2,0.344071394247,0.376569037657,810,0.104247104247,0.56957682835,37,37,37,1,0,0.405405405405,0.540540540541,0.0540540540541,37,0.204954954955,1.74395158088,14.7567567568,12.4090909091,7.8,4.17935006514,0.283216030055,0.143946143946,7.41376853995,1.00479646878,0.533214533215,6.4822464871,0.878546227189,0.477378477378,0.658742852568,0.377730012571,2,1.74395158088,0.658742852568,2,0.246459667203,0.253897550111,342,0.0440154440154,0.399741106235,37,37,37,1,0,0.405405405405,0.540540540541,0.0540540540541,37,334,0.250750750751,1.72054557351,18.0540540541,15.1818181818,9.54285714286,5.0823548017,0.281507676142,0.13683443923,9.11191675922,1.00940395237,0.53584722447,8.16321861389,0.904308648844,0.475481469493,0.633556801661,0.368230177343,2,1.72054557351,0.633556801661,2,0.311708578561,0.34362745098,701,0.0902187902188,0.573024483463,37,37,37,1,0,0.405405405405,0.540540540541,0.0540540540541,-8,-0.00600600600601,-0.00474324460012,-0.432432432432,-0.363636363636,-0.228571428571,-0.285355353697,-0.00885091413524,-0.00580820341299,-0.396574783151,-0.0192925010457,-0.00864463581135,0.109905267454,0.0330437546391,0.0136512181895,-0.00704276866458,-0.00306972537508,0,-0.00474324460012,-0.00704276866458,0,-0.0323628156866,-0.0329415866765,-109,-0.0140283140283,0.00344765511309,0,0,0,332,2,10,988,0.970760233918,0.99797979798,0.0020202020202,0.0292397660819,0.994011976048,0.970760233918,0.98224852071,0.976336202052,0.968740031898,0.96511627907,61,69,0,0,0,0
3497,WLNM_dir_neg,0.964923335434,0.260178814016,00:00:05,10,80,39,1240364574,threshold_sweep,0.5,0.967213114754,0.855072463768,0.907692307692,59,2,10,136,0.855072463768,0.985507246377,0.0144927536232,0.144927536232,0.967213114754,0.855072463768,0.907692307692,0.942028985507,0.568438003221,0.865671641791,0.869163832024,0.840579710145,342,273,69,0,342,0,273,0,69,37,342,0.256756756757,1.72528881811,18.4864864865,15.5454545455,9.77142857143,5.36771015539,0.290358590277,0.142642642643,9.50849154237,1.02869645341,0.544491860281,8.05331334643,0.871264894205,0.461830251304,0.640599570326,0.371299902718,2,1.72528881811,0.640599570326,2,0.344071394247,0.376569037657,810,0.104247104247,0.56957682835,37,37,37,1,0,0.405405405405,0.540540540541,0.0540540540541,37,0.204954954955,1.74395158088,14.7567567568,12.4090909091,7.8,4.17935006514,0.283216030055,0.143946143946,7.41376853995,1.00479646878,0.533214533215,6.4822464871,0.878546227189,0.477378477378,0.658742852568,0.377730012571,2,1.74395158088,0.658742852568,2,0.246459667203,0.253897550111,342,0.0440154440154,0.399741106235,37,37,37,1,0,0.405405405405,0.540540540541,0.0540540540541,37,334,0.250750750751,1.72054557351,18.0540540541,15.1818181818,9.54285714286,5.0823548017,0.281507676142,0.13683443923,9.11191675922,1.00940395237,0.53584722447,8.16321861389,0.904308648844,0.475481469493,0.633556801661,0.368230177343,2,1.72054557351,0.633556801661,2,0.311708578561,0.34362745098,701,0.0902187902188,0.573024483463,37,37,37,1,0,0.405405405405,0.540540540541,0.0540540540541,-8,-0.00600600600601,-0.00474324460012,-0.432432432432,-0.363636363636,-0.228571428571,-0.285355353697,-0.00885091413524,-0.00580820341299,-0.396574783151,-0.0192925010457,-0.00864463581135,0.109905267454,0.0330437546391,0.0136512181895,-0.00704276866458,-0.00306972537508,0,-0.00474324460012,-0.00704276866458,0,-0.0323628156866,-0.0329415866765,-109,-0.0140283140283,0.00344765511309,0,0,0,332,2,10,988,0.970760233918,0.99797979798,0.0020202020202,0.0292397660819,0.994011976048,0.970760233918,0.98224852071,0.976336202052,0.968740031898,0.96511627907,61,69,0,0,0,0
3498,WLNM_dir_neg,0.964923335434,0.260178814016,00:00:05,10,80,39,1240364574,threshold_sweep,0.6,0.967213114754,0.855072463768,0.907692307692,59,2,10,136,0.855072463768,0.985507246377,0.0144927536232,0.144927536232,0.967213114754,0.855072463768,0.907692307692,0.942028985507,0.568438003221,0.865671641791,0.869163832024,0.840579710145,342,273,69,0,342,0,273,0,69,37,342,0.256756756757,1.72528881811,18.4864864865,15.5454545455,9.77142857143,5.36771015539,0.290358590277,0.142642642643,9.50849154237,1.02869645341,0.544491860281,8.05331334643,0.871264894205,0.461830251304,0.640599570326,0.371299902718,2,1.72528881811,0.640599570326,2,0.344071394247,0.376569037657,810,0.104247104247,0.56957682835,37,37,37,1,0,0.405405405405,0.540540540541,0.0540540540541,37,0.204954954955,1.74395158088,14.7567567568,12.4090909091,7.8,4.17935006514,0.283216030055,0.143946143946,7.41376853995,1.00479646878,0.533214533215,6.4822464871,0.878546227189,0.477378477378,0.658742852568,0.377730012571,2,1.74395158088,0.658742852568,2,0.246459667203,0.253897550111,342,0.0440154440154,0.399741106235,37,37,37,1,0,0.405405405405,0.540540540541,0.0540540540541,37,334,0.250750750751,1.72054557351,18.0540540541,15.1818181818,9.54285714286,5.0823548017,0.281507676142,0.13683443923,9.11191675922,1.00940395237,0.53584722447,8.16321861389,0.904308648844,0.475481469493,0.633556801661,0.368230177343,2,1.72054557351,0.633556801661,2,0.311708578561,0.34362745098,701,0.0902187902188,0.573024483463,37,37,37,1,0,0.405405405405,0.540540540541,0.0540540540541,-8,-0.00600600600601,-0.00474324460012,-0.432432432432,-0.363636363636,-0.228571428571,-0.285355353697,-0.00885091413524,-0.00580820341299,-0.396574783151,-0.0192925010457,-0.00864463581135,0.109905267454,0.0330437546391,0.0136512181895,-0.00704276866458,-0.00306972537508,0,-0.00474324460012,-0.00704276866458,0,-0.0323628156866,-0.0329415866765,-109,-0.0140283140283,0.00344765511309,0,0,0,332,2,10,988,0.970760233918,0.99797979798,0.0020202020202,0.0292397660819,0.994011976048,0.970760233918,0.98224852071,0.976336202052,0.968740031898,0.96511627907,61,69,0,0,0,0
3499,WLNM_dir_neg,0.964923335434,0.260178814016,00:00:05,10,80,39,1240364574,threshold_sweep,0.7,0.967213114754,0.855072463768,0.907692307692,59,2,10,136,0.855072463768,0.985507246377,0.0144927536232,0.144927536232,0.967213114754,0.855072463768,0.907692307692,0.942028985507,0.568438003221,0.865671641791,0.869163832024,0.840579710145,342,273,69,0,342,0,273,0,69,37,342,0.256756756757,1.72528881811,18.4864864865,15.5454545455,9.77142857143,5.36771015539,0.290358590277,0.142642642643,9.50849154237,1.02869645341,0.544491860281,8.05331334643,0.871264894205,0.461830251304,0.640599570326,0.371299902718,2,1.72528881811,0.640599570326,2,0.344071394247,0.376569037657,810,0.104247104247,0.56957682835,37,37,37,1,0,0.405405405405,0.540540540541,0.0540540540541,37,0.204954954955,1.74395158088,14.7567567568,12.4090909091,7.8,4.17935006514,0.283216030055,0.143946143946,7.41376853995,1.00479646878,0.533214533215,6.4822464871,0.878546227189,0.477378477378,0.658742852568,0.377730012571,2,1.74395158088,0.658742852568,2,0.246459667203,0.253897550111,342,0.0440154440154,0.399741106235,37,37,37,1,0,0.405405405405,0.540540540541,0.0540540540541,37,334,0.250750750751,1.72054557351,18.0540540541,15.1818181818,9.54285714286,5.0823548017,0.281507676142,0.13683443923,9.11191675922,1.00940395237,0.53584722447,8.16321861389,0.904308648844,0.475481469493,0.633556801661,0.368230177343,2,1.72054557351,0.633556801661,2,0.311708578561,0.34362745098,701,0.0902187902188,0.573024483463,37,37,37,1,0,0.405405405405,0.540540540541,0.0540540540541,-8,-0.00600600600601,-0.00474324460012,-0.432432432432,-0.363636363636,-0.228571428571,-0.285355353697,-0.00885091413524,-0.00580820341299,-0.396574783151,-0.0192925010457,-0.00864463581135,0.109905267454,0.0330437546391,0.0136512181895,-0.00704276866458,-0.00306972537508,0,-0.00474324460012,-0.00704276866458,0,-0.0323628156866,-0.0329415866765,-109,-0.0140283140283,0.00344765511309,0,0,0,332,2,10,988,0.970760233918,0.99797979798,0.0020202020202,0.0292397660819,0.994011976048,0.970760233918,0.98224852071,0.976336202052,0.968740031898,0.96511627907,61,69,0,0,0,0
3500,WLNM_dir_neg,0.964923335434,0.260178814016,00:00:05,10,80,39,1240364574,threshold_sweep,0.8,0.967213114754,0.855072463768,0.907692307692,59,2,10,136,0.855072463768,0.985507246377,0.0144927536232,0.144927536232,0.967213114754,0.855072463768,0.907692307692,0.942028985507,0.568438003221,0.865671641791,0.869163832024,0.840579710145,342,273,69,0,342,0,273,0,69,37,342,0.256756756757,1.72528881811,18.4864864865,15.5454545455,9.77142857143,5.36771015539,0.290358590277,0.142642642643,9.50849154237,1.02869645341,0.544491860281,8.05331334643,0.871264894205,0.461830251304,0.640599570326,0.371299902718,2,1.72528881811,0.640599570326,2,0.344071394247,0.376569037657,810,0.104247104247,0.56957682835,37,37,37,1,0,0.405405405405,0.540540540541,0.0540540540541,37,0.204954954955,1.74395158088,14.7567567568,12.4090909091,7.8,4.17935006514,0.283216030055,0.143946143946,7.41376853995,1.00479646878,0.533214533215,6.4822464871,0.878546227189,0.477378477378,0.658742852568,0.377730012571,2,1.74395158088,0.658742852568,2,0.246459667203,0.253897550111,342,0.0440154440154,0.399741106235,37,37,37,1,0,0.405405405405,0.540540540541,0.0540540540541,37,334,0.250750750751,1.72054557351,18.0540540541,15.1818181818,9.54285714286,5.0823548017,0.281507676142,0.13683443923,9.11191675922,1.00940395237,0.53584722447,8.16321861389,0.904308648844,0.475481469493,0.633556801661,0.368230177343,2,1.72054557351,0.633556801661,2,0.311708578561,0.34362745098,701,0.0902187902188,0.573024483463,37,37,37,1,0,0.405405405405,0.540540540541,0.0540540540541,-8,-0.00600600600601,-0.00474324460012,-0.432432432432,-0.363636363636,-0.228571428571,-0.285355353697,-0.00885091413524,-0.00580820341299,-0.396574783151,-0.0192925010457,-0.00864463581135,0.109905267454,0.0330437546391,0.0136512181895,-0.00704276866458,-0.00306972537508,0,-0.00474324460012,-0.00704276866458,0,-0.0323628156866,-0.0329415866765,-109,-0.0140283140283,0.00344765511309,0,0,0,332,2,10,988,0.970760233918,0.99797979798,0.0020202020202,0.0292397660819,0.994011976048,0.970760233918,0.98224852071,0.976336202052,0.968740031898,0.96511627907,61,69,0,0,0,0
3501,WLNM_dir_neg,0.964923335434,0.260178814016,00:00:05,10,80,39,1240364574,threshold_sweep,0.9,0.967213114754,0.855072463768,0.907692307692,59,2,10,136,0.855072463768,0.985507246377,0.0144927536232,0.144927536232,0.967213114754,0.855072463768,0.907692307692,0.942028985507,0.568438003221,0.865671641791,0.869163832024,0.840579710145,342,273,69,0,342,0,273,0,69,37,342,0.256756756757,1.72528881811,18.4864864865,15.5454545455,9.77142857143,5.36771015539,0.290358590277,0.142642642643,9.50849154237,1.02869645341,0.544491860281,8.05331334643,0.871264894205,0.461830251304,0.640599570326,0.371299902718,2,1.72528881811,0.640599570326,2,0.344071394247,0.376569037657,810,0.104247104247,0.56957682835,37,37,37,1,0,0.405405405405,0.540540540541,0.0540540540541,37,0.204954954955,1.74395158088,14.7567567568,12.4090909091,7.8,4.17935006514,0.283216030055,0.143946143946,7.41376853995,1.00479646878,0.533214533215,6.4822464871,0.878546227189,0.477378477378,0.658742852568,0.377730012571,2,1.74395158088,0.658742852568,2,0.246459667203,0.253897550111,342,0.0440154440154,0.399741106235,37,37,37,1,0,0.405405405405,0.540540540541,0.0540540540541,37,334,0.250750750751,1.72054557351,18.0540540541,15.1818181818,9.54285714286,5.0823548017,0.281507676142,0.13683443923,9.11191675922,1.00940395237,0.53584722447,8.16321861389,0.904308648844,0.475481469493,0.633556801661,0.368230177343,2,1.72054557351,0.633556801661,2,0.311708578561,0.34362745098,701,0.0902187902188,0.573024483463,37,37,37,1,0,0.405405405405,0.540540540541,0.0540540540541,-8,-0.00600600600601,-0.00474324460012,-0.432432432432,-0.363636363636,-0.228571428571,-0.285355353697,-0.00885091413524,-0.00580820341299,-0.396574783151,-0.0192925010457,-0.00864463581135,0.109905267454,0.0330437546391,0.0136512181895,-0.00704276866458,-0.00306972537508,0,-0.00474324460012,-0.00704276866458,0,-0.0323628156866,-0.0329415866765,-109,-0.0140283140283,0.00344765511309,0,0,0,332,2,10,988,0.970760233918,0.99797979798,0.0020202020202,0.0292397660819,0.994011976048,0.970760233918,0.98224852071,0.976336202052,0.968740031898,0.96511627907,61,69,0,0,0,0
3502,WLNM_dir_neg,0.991913463558,0.782806045337,00:00:05,10,80,40,1240364575,threshold_sweep,0.1,0.983870967742,0.884057971014,0.931297709924,61,1,8,137,0.884057971014,0.992753623188,0.00724637681159,0.115942028986,0.983870967742,0.884057971014,0.931297709924,0.95652173913,0.566827697262,0.899628252788,0.902382213711,0.876811594203,342,273,69,0,342,0,273,0,69,37,342,0.256756756757,1.72528881811,18.4864864865,15.5454545455,9.77142857143,5.36771015539,0.290358590277,0.142642642643,9.50849154237,1.02869645341,0.544491860281,8.05331334643,0.871264894205,0.461830251304,0.640599570326,0.371299902718,2,1.72528881811,0.640599570326,2,0.344071394247,0.376569037657,810,0.104247104247,0.56957682835,37,37,37,1,0,0.405405405405,0.540540540541,0.0540540540541,37,0.204954954955,1.73585691067,14.7567567568,12.4090909091,7.8,3.89019712015,0.263621416567,0.131373131373,7.31570362436,0.991505619419,0.524700524701,6.60534863808,0.895230401498,0.47916047916,0.652550824066,0.375924317295,2,1.73585691067,0.652550824066,2,0.227772478779,0.220444888778,294,0.0378378378378,0.412679364121,37,37,37,1,0,0.405405405405,0.540540540541,0.0540540540541,37,335,0.251501501502,1,18.1081081081,14.5652173913,9.57142857143,4.94291740093,0.27296708035,0.130859217426,9.15285609932,1.0109124647,0.536022589754,8.19195386389,0.904782964071,0.474384832594,0,0,0,NaN,NaN,NaN,0.310410158294,0.330550098232,673,0.0866151866152,0.535493179283,37,37,0,1,2,0.378378378378,0.567567567568,0.0540540540541,-7,-0.00525525525526,-0.725288818115,-0.378378378378,-0.98023715415,-0.2,-0.424792754462,-0.0173915099272,-0.0117834252163,-0.355635443059,-0.0177839887143,-0.0084692705274,0.138640517456,0.0335180698666,0.0125545812899,-0.640599570326,-0.371299902718,-2,NaN,NaN,NaN,-0.0336612359538,-0.0460189394251,-137,-0.0176319176319,-0.0340836490665,-0.027027027027,0.027027027027,0,334,1,8,989,0.976608187135,0.99898989899,0.0010101010101,0.0233918128655,0.997014925373,0.976608187135,0.98670605613,0.982271644472,0.975598086124,0.973760932945,62,69,0,0,0,0
3503,WLNM_dir_neg,0.991913463558,0.782806045337,00:00:05,10,80,40,1240364575,threshold_sweep,0.2,0.983870967742,0.884057971014,0.931297709924,61,1,8,137,0.884057971014,0.992753623188,0.00724637681159,0.115942028986,0.983870967742,0.884057971014,0.931297709924,0.95652173913,0.566827697262,0.899628252788,0.902382213711,0.876811594203,342,273,69,0,342,0,273,0,69,37,342,0.256756756757,1.72528881811,18.4864864865,15.5454545455,9.77142857143,5.36771015539,0.290358590277,0.142642642643,9.50849154237,1.02869645341,0.544491860281,8.05331334643,0.871264894205,0.461830251304,0.640599570326,0.371299902718,2,1.72528881811,0.640599570326,2,0.344071394247,0.376569037657,810,0.104247104247,0.56957682835,37,37,37,1,0,0.405405405405,0.540540540541,0.0540540540541,37,0.204954954955,1.73585691067,14.7567567568,12.4090909091,7.8,3.89019712015,0.263621416567,0.131373131373,7.31570362436,0.991505619419,0.524700524701,6.60534863808,0.895230401498,0.47916047916,0.652550824066,0.375924317295,2,1.73585691067,0.652550824066,2,0.227772478779,0.220444888778,294,0.0378378378378,0.412679364121,37,37,37,1,0,0.405405405405,0.540540540541,0.0540540540541,37,335,0.251501501502,1,18.1081081081,14.5652173913,9.57142857143,4.94291740093,0.27296708035,0.130859217426,9.15285609932,1.0109124647,0.536022589754,8.19195386389,0.904782964071,0.474384832594,0,0,0,NaN,NaN,NaN,0.310410158294,0.330550098232,673,0.0866151866152,0.535493179283,37,37,0,1,2,0.378378378378,0.567567567568,0.0540540540541,-7,-0.00525525525526,-0.725288818115,-0.378378378378,-0.98023715415,-0.2,-0.424792754462,-0.0173915099272,-0.0117834252163,-0.355635443059,-0.0177839887143,-0.0084692705274,0.138640517456,0.0335180698666,0.0125545812899,-0.640599570326,-0.371299902718,-2,NaN,NaN,NaN,-0.0336612359538,-0.0460189394251,-137,-0.0176319176319,-0.0340836490665,-0.027027027027,0.027027027027,0,334,1,8,989,0.976608187135,0.99898989899,0.0010101010101,0.0233918128655,0.997014925373,0.976608187135,0.98670605613,0.982271644472,0.975598086124,0.973760932945,62,69,0,0,0,0
3504,WLNM_dir_neg,0.991913463558,0.782806045337,00:00:05,10,80,40,1240364575,threshold_sweep,0.3,0.983606557377,0.869565217391,0.923076923077,60,1,9,137,0.869565217391,0.992753623188,0.00724637681159,0.130434782609,0.983606557377,0.869565217391,0.923076923077,0.951690821256,0.568438003221,0.888059701493,0.89164220699,0.86231884058,342,273,69,0,342,0,273,0,69,37,342,0.256756756757,1.72528881811,18.4864864865,15.5454545455,9.77142857143,5.36771015539,0.290358590277,0.142642642643,9.50849154237,1.02869645341,0.544491860281,8.05331334643,0.871264894205,0.461830251304,0.640599570326,0.371299902718,2,1.72528881811,0.640599570326,2,0.344071394247,0.376569037657,810,0.104247104247,0.56957682835,37,37,37,1,0,0.405405405405,0.540540540541,0.0540540540541,37,0.204954954955,1.73585691067,14.7567567568,12.4090909091,7.8,3.89019712015,0.263621416567,0.131373131373,7.31570362436,0.991505619419,0.524700524701,6.60534863808,0.895230401498,0.47916047916,0.652550824066,0.375924317295,2,1.73585691067,0.652550824066,2,0.227772478779,0.220444888778,294,0.0378378378378,0.412679364121,37,37,37,1,0,0.405405405405,0.540540540541,0.0540540540541,37,334,0.250750750751,1,18.0540540541,14.5217391304,9.54285714286,4.87023810704,0.269758697545,0.12906619194,9.09055213604,1.00703721268,0.534714355074,8.21410198813,0.909945429823,0.476776177375,0,0,0,NaN,NaN,NaN,0.305614453328,0.324698894572,656,0.0844272844273,0.536304439709,37,37,0,1,2,0.378378378378,0.567567567568,0.0540540540541,-8,-0.00600600600601,-0.725288818115,-0.432432432432,-1.02371541502,-0.228571428571,-0.497472048358,-0.0205998927318,-0.0135764507022,-0.41793940633,-0.0216592407393,-0.0097775052077,0.1607886417,0.0386805356184,0.014945926071,-0.640599570326,-0.371299902718,-2,NaN,NaN,NaN,-0.0384569409197,-0.0518701430851,-154,-0.0198198198198,-0.033272388641,-0.027027027027,0.027027027027,0,333,1,9,989,0.973684210526,0.99898989899,0.0010101010101,0.0263157894737,0.997005988024,0.973684210526,0.985207100592,0.980301127908,0.972674109516,0.97084548105,61,69,0,0,0,0
3505,WLNM_dir_neg,0.991913463558,0.782806045337,00:00:05,10,80,40,1240364575,threshold_sweep,0.4,0.983606557377,0.869565217391,0.923076923077,60,1,9,137,0.869565217391,0.992753623188,0.00724637681159,0.130434782609,0.983606557377,0.869565217391,0.923076923077,0.951690821256,0.568438003221,0.888059701493,0.89164220699,0.86231884058,342,273,69,0,342,0,273,0,69,37,342,0.256756756757,1.72528881811,18.4864864865,15.5454545455,9.77142857143,5.36771015539,0.290358590277,0.142642642643,9.50849154237,1.02869645341,0.544491860281,8.05331334643,0.871264894205,0.461830251304,0.640599570326,0.371299902718,2,1.72528881811,0.640599570326,2,0.344071394247,0.376569037657,810,0.104247104247,0.56957682835,37,37,37,1,0,0.405405405405,0.540540540541,0.0540540540541,37,0.204954954955,1.73585691067,14.7567567568,12.4090909091,7.8,3.89019712015,0.263621416567,0.131373131373,7.31570362436,0.991505619419,0.524700524701,6.60534863808,0.895230401498,0.47916047916,0.652550824066,0.375924317295,2,1.73585691067,0.652550824066,2,0.227772478779,0.220444888778,294,0.0378378378378,0.412679364121,37,37,37,1,0,0.405405405405,0.540540540541,0.0540540540541,37,334,0.250750750751,1,18.0540540541,14.5217391304,9.54285714286,4.87023810704,0.269758697545,0.12906619194,9.09055213604,1.00703721268,0.534714355074,8.21410198813,0.909945429823,0.476776177375,0,0,0,NaN,NaN,NaN,0.305614453328,0.324698894572,656,0.0844272844273,0.536304439709,37,37,0,1,2,0.378378378378,0.567567567568,0.0540540540541,-8,-0.00600600600601,-0.725288818115,-0.432432432432,-1.02371541502,-0.228571428571,-0.497472048358,-0.0205998927318,-0.0135764507022,-0.41793940633,-0.0216592407393,-0.0097775052077,0.1607886417,0.0386805356184,0.014945926071,-0.640599570326,-0.371299902718,-2,NaN,NaN,NaN,-0.0384569409197,-0.0518701430851,-154,-0.0198198198198,-0.033272388641,-0.027027027027,0.027027027027,0,333,1,9,989,0.973684210526,0.99898989899,0.0010101010101,0.0263157894737,0.997005988024,0.973684210526,0.985207100592,0.980301127908,0.972674109516,0.97084548105,61,69,0,0,0,0
3506,WLNM_dir_neg,0.991913463558,0.782806045337,00:00:05,10,80,40,1240364575,threshold_sweep,0.5,0.983606557377,0.869565217391,0.923076923077,60,1,9,137,0.869565217391,0.992753623188,0.00724637681159,0.130434782609,0.983606557377,0.869565217391,0.923076923077,0.951690821256,0.568438003221,0.888059701493,0.89164220699,0.86231884058,342,273,69,0,342,0,273,0,69,37,342,0.256756756757,1.72528881811,18.4864864865,15.5454545455,9.77142857143,5.36771015539,0.290358590277,0.142642642643,9.50849154237,1.02869645341,0.544491860281,8.05331334643,0.871264894205,0.461830251304,0.640599570326,0.371299902718,2,1.72528881811,0.640599570326,2,0.344071394247,0.376569037657,810,0.104247104247,0.56957682835,37,37,37,1,0,0.405405405405,0.540540540541,0.0540540540541,37,0.204954954955,1.73585691067,14.7567567568,12.4090909091,7.8,3.89019712015,0.263621416567,0.131373131373,7.31570362436,0.991505619419,0.524700524701,6.60534863808,0.895230401498,0.47916047916,0.652550824066,0.375924317295,2,1.73585691067,0.652550824066,2,0.227772478779,0.220444888778,294,0.0378378378378,0.412679364121,37,37,37,1,0,0.405405405405,0.540540540541,0.0540540540541,37,334,0.250750750751,1,18.0540540541,14.5217391304,9.54285714286,4.87023810704,0.269758697545,0.12906619194,9.09055213604,1.00703721268,0.534714355074,8.21410198813,0.909945429823,0.476776177375,0,0,0,NaN,NaN,NaN,0.305614453328,0.324698894572,656,0.0844272844273,0.536304439709,37,37,0,1,2,0.378378378378,0.567567567568,0.0540540540541,-8,-0.00600600600601,-0.725288818115,-0.432432432432,-1.02371541502,-0.228571428571,-0.497472048358,-0.0205998927318,-0.0135764507022,-0.41793940633,-0.0216592407393,-0.0097775052077,0.1607886417,0.0386805356184,0.014945926071,-0.640599570326,-0.371299902718,-2,NaN,NaN,NaN,-0.0384569409197,-0.0518701430851,-154,-0.0198198198198,-0.033272388641,-0.027027027027,0.027027027027,0,333,1,9,989,0.973684210526,0.99898989899,0.0010101010101,0.0263157894737,0.997005988024,0.973684210526,0.985207100592,0.980301127908,0.972674109516,0.97084548105,61,69,0,0,0,0
3507,WLNM_dir_neg,0.991913463558,0.782806045337,00:00:05,10,80,40,1240364575,threshold_sweep,0.6,0.983606557377,0.869565217391,0.923076923077,60,1,9,137,0.869565217391,0.992753623188,0.00724637681159,0.130434782609,0.983606557377,0.869565217391,0.923076923077,0.951690821256,0.568438003221,0.888059701493,0.89164220699,0.86231884058,342,273,69,0,342,0,273,0,69,37,342,0.256756756757,1.72528881811,18.4864864865,15.5454545455,9.77142857143,5.36771015539,0.290358590277,0.142642642643,9.50849154237,1.02869645341,0.544491860281,8.05331334643,0.871264894205,0.461830251304,0.640599570326,0.371299902718,2,1.72528881811,0.640599570326,2,0.344071394247,0.376569037657,810,0.104247104247,0.56957682835,37,37,37,1,0,0.405405405405,0.540540540541,0.0540540540541,37,0.204954954955,1.73585691067,14.7567567568,12.4090909091,7.8,3.89019712015,0.263621416567,0.131373131373,7.31570362436,0.991505619419,0.524700524701,6.60534863808,0.895230401498,0.47916047916,0.652550824066,0.375924317295,2,1.73585691067,0.652550824066,2,0.227772478779,0.220444888778,294,0.0378378378378,0.412679364121,37,37,37,1,0,0.405405405405,0.540540540541,0.0540540540541,37,334,0.250750750751,1,18.0540540541,14.5217391304,9.54285714286,4.87023810704,0.269758697545,0.12906619194,9.09055213604,1.00703721268,0.534714355074,8.21410198813,0.909945429823,0.476776177375,0,0,0,NaN,NaN,NaN,0.305614453328,0.324698894572,656,0.0844272844273,0.536304439709,37,37,0,1,2,0.378378378378,0.567567567568,0.0540540540541,-8,-0.00600600600601,-0.725288818115,-0.432432432432,-1.02371541502,-0.228571428571,-0.497472048358,-0.0205998927318,-0.0135764507022,-0.41793940633,-0.0216592407393,-0.0097775052077,0.1607886417,0.0386805356184,0.014945926071,-0.640599570326,-0.371299902718,-2,NaN,NaN,NaN,-0.0384569409197,-0.0518701430851,-154,-0.0198198198198,-0.033272388641,-0.027027027027,0.027027027027,0,333,1,9,989,0.973684210526,0.99898989899,0.0010101010101,0.0263157894737,0.997005988024,0.973684210526,0.985207100592,0.980301127908,0.972674109516,0.97084548105,61,69,0,0,0,0
3508,WLNM_dir_neg,0.991913463558,0.782806045337,00:00:05,10,80,40,1240364575,threshold_sweep,0.7,0.982456140351,0.811594202899,0.888888888889,56,1,13,137,0.811594202899,0.992753623188,0.00724637681159,0.188405797101,0.982456140351,0.811594202899,0.888888888889,0.932367149758,0.574879227053,0.840909090909,0.848838215321,0.804347826087,342,273,69,0,342,0,273,0,69,37,342,0.256756756757,1.72528881811,18.4864864865,15.5454545455,9.77142857143,5.36771015539,0.290358590277,0.142642642643,9.50849154237,1.02869645341,0.544491860281,8.05331334643,0.871264894205,0.461830251304,0.640599570326,0.371299902718,2,1.72528881811,0.640599570326,2,0.344071394247,0.376569037657,810,0.104247104247,0.56957682835,37,37,37,1,0,0.405405405405,0.540540540541,0.0540540540541,37,0.204954954955,1.73585691067,14.7567567568,12.4090909091,7.8,3.89019712015,0.263621416567,0.131373131373,7.31570362436,0.991505619419,0.524700524701,6.60534863808,0.895230401498,0.47916047916,0.652550824066,0.375924317295,2,1.73585691067,0.652550824066,2,0.227772478779,0.220444888778,294,0.0378378378378,0.412679364121,37,37,37,1,0,0.405405405405,0.540540540541,0.0540540540541,37,330,0.247747747748,1,17.8378378378,14.347826087,9.42857142857,4.90189030156,0.274802941148,0.135380835381,9.04119700279,1.01370996698,0.540376740377,8.08420400252,0.906410751798,0.478296478296,0,0,0,NaN,NaN,NaN,0.306882838204,0.323941285642,640,0.0823680823681,0.520167759625,37,37,0,1,2,0.378378378378,0.567567567568,0.0540540540541,-12,-0.00900900900901,-0.725288818115,-0.648648648649,-1.1976284585,-0.342857142857,-0.465819853833,-0.0155556491291,-0.00726180726181,-0.467294539586,-0.0149864864354,-0.00411511990459,0.0308906560854,0.0351458575928,0.0164662269925,-0.640599570326,-0.371299902718,-2,NaN,NaN,NaN,-0.0371885560437,-0.0526277520149,-170,-0.021879021879,-0.0494090687245,-0.027027027027,0.027027027027,0,329,1,13,989,0.961988304094,0.99898989899,0.0010101010101,0.0380116959064,0.99696969697,0.961988304094,0.979166666667,0.972418822753,0.960978203083,0.959183673469,57,69,0,0,0,0
3509,WLNM_dir_neg,0.991913463558,0.782806045337,00:00:05,10,80,40,1240364575,threshold_sweep,0.8,0.982456140351,0.811594202899,0.888888888889,56,1,13,137,0.811594202899,0.992753623188,0.00724637681159,0.188405797101,0.982456140351,0.811594202899,0.888888888889,0.932367149758,0.574879227053,0.840909090909,0.848838215321,0.804347826087,342,273,69,0,342,0,273,0,69,37,342,0.256756756757,1.72528881811,18.4864864865,15.5454545455,9.77142857143,5.36771015539,0.290358590277,0.142642642643,9.50849154237,1.02869645341,0.544491860281,8.05331334643,0.871264894205,0.461830251304,0.640599570326,0.371299902718,2,1.72528881811,0.640599570326,2,0.344071394247,0.376569037657,810,0.104247104247,0.56957682835,37,37,37,1,0,0.405405405405,0.540540540541,0.0540540540541,37,0.204954954955,1.73585691067,14.7567567568,12.4090909091,7.8,3.89019712015,0.263621416567,0.131373131373,7.31570362436,0.991505619419,0.524700524701,6.60534863808,0.895230401498,0.47916047916,0.652550824066,0.375924317295,2,1.73585691067,0.652550824066,2,0.227772478779,0.220444888778,294,0.0378378378378,0.412679364121,37,37,37,1,0,0.405405405405,0.540540540541,0.0540540540541,37,330,0.247747747748,1,17.8378378378,14.347826087,9.42857142857,4.90189030156,0.274802941148,0.135380835381,9.04119700279,1.01370996698,0.540376740377,8.08420400252,0.906410751798,0.478296478296,0,0,0,NaN,NaN,NaN,0.306882838204,0.323941285642,640,0.0823680823681,0.520167759625,37,37,0,1,2,0.378378378378,0.567567567568,0.0540540540541,-12,-0.00900900900901,-0.725288818115,-0.648648648649,-1.1976284585,-0.342857142857,-0.465819853833,-0.0155556491291,-0.00726180726181,-0.467294539586,-0.0149864864354,-0.00411511990459,0.0308906560854,0.0351458575928,0.0164662269925,-0.640599570326,-0.371299902718,-2,NaN,NaN,NaN,-0.0371885560437,-0.0526277520149,-170,-0.021879021879,-0.0494090687245,-0.027027027027,0.027027027027,0,329,1,13,989,0.961988304094,0.99898989899,0.0010101010101,0.0380116959064,0.99696969697,0.961988304094,0.979166666667,0.972418822753,0.960978203083,0.959183673469,57,69,0,0,0,0
3510,WLNM_dir_neg,0.991913463558,0.782806045337,00:00:05,10,80,40,1240364575,threshold_sweep,0.9,0.982456140351,0.811594202899,0.888888888889,56,1,13,137,0.811594202899,0.992753623188,0.00724637681159,0.188405797101,0.982456140351,0.811594202899,0.888888888889,0.932367149758,0.574879227053,0.840909090909,0.848838215321,0.804347826087,342,273,69,0,342,0,273,0,69,37,342,0.256756756757,1.72528881811,18.4864864865,15.5454545455,9.77142857143,5.36771015539,0.290358590277,0.142642642643,9.50849154237,1.02869645341,0.544491860281,8.05331334643,0.871264894205,0.461830251304,0.640599570326,0.371299902718,2,1.72528881811,0.640599570326,2,0.344071394247,0.376569037657,810,0.104247104247,0.56957682835,37,37,37,1,0,0.405405405405,0.540540540541,0.0540540540541,37,0.204954954955,1.73585691067,14.7567567568,12.4090909091,7.8,3.89019712015,0.263621416567,0.131373131373,7.31570362436,0.991505619419,0.524700524701,6.60534863808,0.895230401498,0.47916047916,0.652550824066,0.375924317295,2,1.73585691067,0.652550824066,2,0.227772478779,0.220444888778,294,0.0378378378378,0.412679364121,37,37,37,1,0,0.405405405405,0.540540540541,0.0540540540541,37,330,0.247747747748,1,17.8378378378,14.347826087,9.42857142857,4.90189030156,0.274802941148,0.135380835381,9.04119700279,1.01370996698,0.540376740377,8.08420400252,0.906410751798,0.478296478296,0,0,0,NaN,NaN,NaN,0.306882838204,0.323941285642,640,0.0823680823681,0.520167759625,37,37,0,1,2,0.378378378378,0.567567567568,0.0540540540541,-12,-0.00900900900901,-0.725288818115,-0.648648648649,-1.1976284585,-0.342857142857,-0.465819853833,-0.0155556491291,-0.00726180726181,-0.467294539586,-0.0149864864354,-0.00411511990459,0.0308906560854,0.0351458575928,0.0164662269925,-0.640599570326,-0.371299902718,-2,NaN,NaN,NaN,-0.0371885560437,-0.0526277520149,-170,-0.021879021879,-0.0494090687245,-0.027027027027,0.027027027027,0,329,1,13,989,0.961988304094,0.99898989899,0.0010101010101,0.0380116959064,0.99696969697,0.961988304094,0.979166666667,0.972418822753,0.960978203083,0.959183673469,57,69,0,0,0,0
3511,WLNM_dir_neg,0.977788279773,0.819083343957,00:00:05,10,80,41,1240364576,threshold_sweep,0.1,0.963636363636,0.768115942029,0.854838709677,53,2,16,136,0.768115942029,0.985507246377,0.0144927536232,0.231884057971,0.963636363636,0.768115942029,0.854838709677,0.913043478261,0.578099838969,0.793893129771,0.804294692357,0.753623188406,342,273,69,0,342,0,273,0,69,37,342,0.256756756757,1.72528881811,18.4864864865,15.5454545455,9.77142857143,5.36771015539,0.290358590277,0.142642642643,9.50849154237,1.02869645341,0.544491860281,8.05331334643,0.871264894205,0.461830251304,0.640599570326,0.371299902718,2,1.72528881811,0.640599570326,2,0.344071394247,0.376569037657,810,0.104247104247,0.56957682835,37,37,37,1,0,0.405405405405,0.540540540541,0.0540540540541,37,0.204954954955,1.74917909022,14.7567567568,12.4090909091,7.8,4.32952015179,0.293392391238,0.145728145728,7.49944942924,1.016408897,0.540540540541,6.64308893743,0.900345387124,0.481734481734,0.670923187561,0.383564605428,2,1.74917909022,0.670923187561,2,0.221609265932,0.243482538121,330,0.042471042471,0.411653526101,37,37,37,1,0,0.405405405405,0.540540540541,0.0540540540541,37,328,0.246246246246,1.9128966883,17.7297297297,14.9090909091,9.37142857143,4.93090395504,0.278115009659,0.136123928807,9.06508001485,1.02258524558,0.543836519446,7.96925398071,0.898970723433,0.475444957152,0.976680197397,0.510576553022,4,1.9128966883,0.976680197397,4,0.315491247818,0.320115724983,627,0.080694980695,0.552230421265,37,37,37,1,0,0.405405405405,0.540540540541,0.0540540540541,-14,-0.0105105105105,0.187607870182,-0.756756756757,-0.636363636364,-0.4,-0.436806200355,-0.0122435806179,-0.00651871383579,-0.443411527522,-0.00611120783695,-0.000655340835058,-0.0840593657276,0.0277058292285,0.0136147058483,0.336080627071,0.139276650304,2,0.187607870182,0.336080627071,2,-0.0285801464289,-0.0564533126739,-183,-0.0235521235521,-0.0173464070853,0,0,0,326,2,16,988,0.953216374269,0.99797979798,0.0020202020202,0.046783625731,0.993902439024,0.953216374269,0.973134328358,0.964488305192,0.951196172249,0.947674418605,55,69,0,0,0,0
3512,WLNM_dir_neg,0.977788279773,0.819083343957,00:00:05,10,80,41,1240364576,threshold_sweep,0.2,1,0.768115942029,0.868852459016,53,0,16,138,0.768115942029,1,0,0.231884057971,1,0.768115942029,0.868852459016,0.92270531401,0.581320450886,0.815384615385,0.829645519672,0.768115942029,342,273,69,0,342,0,273,0,69,37,342,0.256756756757,1.72528881811,18.4864864865,15.5454545455,9.77142857143,5.36771015539,0.290358590277,0.142642642643,9.50849154237,1.02869645341,0.544491860281,8.05331334643,0.871264894205,0.461830251304,0.640599570326,0.371299902718,2,1.72528881811,0.640599570326,2,0.344071394247,0.376569037657,810,0.104247104247,0.56957682835,37,37,37,1,0,0.405405405405,0.540540540541,0.0540540540541,37,0.204954954955,1.74917909022,14.7567567568,12.4090909091,7.8,4.32952015179,0.293392391238,0.145728145728,7.49944942924,1.016408897,0.540540540541,6.64308893743,0.900345387124,0.481734481734,0.670923187561,0.383564605428,2,1.74917909022,0.670923187561,2,0.221609265932,0.243482538121,330,0.042471042471,0.411653526101,37,37,37,1,0,0.405405405405,0.540540540541,0.0540540540541,37,326,0.244744744745,1.7330594576,17.6216216216,14.8181818182,9.31428571429,5.09548466429,0.289160939538,0.140109434588,9.10993913212,1.0339501469,0.547670369756,8.00637883828,0.908699438701,0.479854087216,0.656123971737,0.378592880272,2,1.7330594576,0.656123971737,2,0.312332497836,0.32040328093,625,0.0804375804376,0.553480972949,37,37,37,1,0,0.405405405405,0.540540540541,0.0540540540541,-16,-0.012012012012,0.00777063948741,-0.864864864865,-0.727272727273,-0.457142857143,-0.272225491108,-0.00119765073948,-0.00253320805468,-0.398552410251,0.00525369348262,0.00317850947493,-0.0469345081515,0.0374345444959,0.0180238359121,0.0155244014106,0.00729297755448,0,0.00777063948741,0.0155244014106,0,-0.0317388964116,-0.0561657567273,-185,-0.0238095238095,-0.0160958554008,0,0,0,326,0,16,990,0.953216374269,1,0,0.046783625731,1,0.953216374269,0.976047904192,0.968532846771,0.953216374269,0.953216374269,53,69,0,0,0,0
3513,WLNM_dir_neg,0.977788279773,0.819083343957,00:00:05,10,80,41,1240364576,threshold_sweep,0.3,1,0.753623188406,0.859504132231,52,0,17,138,0.753623188406,1,0,0.246376811594,1,0.753623188406,0.859504132231,0.917874396135,0.582930756844,0.803088803089,0.819126206354,0.753623188406,342,273,69,0,342,0,273,0,69,37,342,0.256756756757,1.72528881811,18.4864864865,15.5454545455,9.77142857143,5.36771015539,0.290358590277,0.142642642643,9.50849154237,1.02869645341,0.544491860281,8.05331334643,0.871264894205,0.461830251304,0.640599570326,0.371299902718,2,1.72528881811,0.640599570326,2,0.344071394247,0.376569037657,810,0.104247104247,0.56957682835,37,37,37,1,0,0.405405405405,0.540540540541,0.0540540540541,37,0.204954954955,1.74917909022,14.7567567568,12.4090909091,7.8,4.32952015179,0.293392391238,0.145728145728,7.49944942924,1.016408897,0.540540540541,6.64308893743,0.900345387124,0.481734481734,0.670923187561,0.383564605428,2,1.74917909022,0.670923187561,2,0.221609265932,0.243482538121,330,0.042471042471,0.411653526101,37,37,37,1,0,0.405405405405,0.540540540541,0.0540540540541,37,325,0.243993993994,1.73179820425,17.5675675676,14.7727272727,9.28571428571,5.10740497568,0.290729206308,0.140457380457,9.04659277523,1.02991979287,0.546361746362,8.028197304,0.913979385378,0.481995841996,0.654361449027,0.377850864737,2,1.73179820425,0.654361449027,2,0.308289197241,0.321649484536,624,0.0803088803089,0.554375294762,37,37,37,1,0,0.405405405405,0.540540540541,0.0540540540541,-17,-0.0127627627628,0.00650938613895,-0.918918918919,-0.772727272727,-0.485714285714,-0.260305179715,0.000370616030731,-0.00218526218526,-0.461898767145,0.00122333945751,0.00186988608041,-0.0251160424343,0.0427144911736,0.0201655906919,0.0137618787011,0.0065509620192,0,0.00650938613895,0.0137618787011,0,-0.0357821970066,-0.0549195531208,-186,-0.0239382239382,-0.0152015335874,0,0,0,325,0,17,990,0.950292397661,1,0,0.0497076023392,1,0.950292397661,0.974512743628,0.966565944778,0.950292397661,0.950292397661,52,69,0,0,0,0
3514,WLNM_dir_neg,0.977788279773,0.819083343957,00:00:05,10,80,41,1240364576,threshold_sweep,0.4,1,0.753623188406,0.859504132231,52,0,17,138,0.753623188406,1,0,0.246376811594,1,0.753623188406,0.859504132231,0.917874396135,0.582930756844,0.803088803089,0.819126206354,0.753623188406,342,273,69,0,342,0,273,0,69,37,342,0.256756756757,1.72528881811,18.4864864865,15.5454545455,9.77142857143,5.36771015539,0.290358590277,0.142642642643,9.50849154237,1.02869645341,0.544491860281,8.05331334643,0.871264894205,0.461830251304,0.640599570326,0.371299902718,2,1.72528881811,0.640599570326,2,0.344071394247,0.376569037657,810,0.104247104247,0.56957682835,37,37,37,1,0,0.405405405405,0.540540540541,0.0540540540541,37,0.204954954955,1.74917909022,14.7567567568,12.4090909091,7.8,4.32952015179,0.293392391238,0.145728145728,7.49944942924,1.016408897,0.540540540541,6.64308893743,0.900345387124,0.481734481734,0.670923187561,0.383564605428,2,1.74917909022,0.670923187561,2,0.221609265932,0.243482538121,330,0.042471042471,0.411653526101,37,37,37,1,0,0.405405405405,0.540540540541,0.0540540540541,37,325,0.243993993994,1.73179820425,17.5675675676,14.7727272727,9.28571428571,5.10740497568,0.290729206308,0.140457380457,9.04659277523,1.02991979287,0.546361746362,8.028197304,0.913979385378,0.481995841996,0.654361449027,0.377850864737,2,1.73179820425,0.654361449027,2,0.308289197241,0.321649484536,624,0.0803088803089,0.554375294762,37,37,37,1,0,0.405405405405,0.540540540541,0.0540540540541,-17,-0.0127627627628,0.00650938613895,-0.918918918919,-0.772727272727,-0.485714285714,-0.260305179715,0.000370616030731,-0.00218526218526,-0.461898767145,0.00122333945751,0.00186988608041,-0.0251160424343,0.0427144911736,0.0201655906919,0.0137618787011,0.0065509620192,0,0.00650938613895,0.0137618787011,0,-0.0357821970066,-0.0549195531208,-186,-0.0239382239382,-0.0152015335874,0,0,0,325,0,17,990,0.950292397661,1,0,0.0497076023392,1,0.950292397661,0.974512743628,0.966565944778,0.950292397661,0.950292397661,52,69,0,0,0,0
3515,WLNM_dir_neg,0.977788279773,0.819083343957,00:00:05,10,80,41,1240364576,threshold_sweep,0.5,1,0.753623188406,0.859504132231,52,0,17,138,0.753623188406,1,0,0.246376811594,1,0.753623188406,0.859504132231,0.917874396135,0.582930756844,0.803088803089,0.819126206354,0.753623188406,342,273,69,0,342,0,273,0,69,37,342,0.256756756757,1.72528881811,18.4864864865,15.5454545455,9.77142857143,5.36771015539,0.290358590277,0.142642642643,9.50849154237,1.02869645341,0.544491860281,8.05331334643,0.871264894205,0.461830251304,0.640599570326,0.371299902718,2,1.72528881811,0.640599570326,2,0.344071394247,0.376569037657,810,0.104247104247,0.56957682835,37,37,37,1,0,0.405405405405,0.540540540541,0.0540540540541,37,0.204954954955,1.74917909022,14.7567567568,12.4090909091,7.8,4.32952015179,0.293392391238,0.145728145728,7.49944942924,1.016408897,0.540540540541,6.64308893743,0.900345387124,0.481734481734,0.670923187561,0.383564605428,2,1.74917909022,0.670923187561,2,0.221609265932,0.243482538121,330,0.042471042471,0.411653526101,37,37,37,1,0,0.405405405405,0.540540540541,0.0540540540541,37,325,0.243993993994,1.73179820425,17.5675675676,14.7727272727,9.28571428571,5.10740497568,0.290729206308,0.140457380457,9.04659277523,1.02991979287,0.546361746362,8.028197304,0.913979385378,0.481995841996,0.654361449027,0.377850864737,2,1.73179820425,0.654361449027,2,0.308289197241,0.321649484536,624,0.0803088803089,0.554375294762,37,37,37,1,0,0.405405405405,0.540540540541,0.0540540540541,-17,-0.0127627627628,0.00650938613895,-0.918918918919,-0.772727272727,-0.485714285714,-0.260305179715,0.000370616030731,-0.00218526218526,-0.461898767145,0.00122333945751,0.00186988608041,-0.0251160424343,0.0427144911736,0.0201655906919,0.0137618787011,0.0065509620192,0,0.00650938613895,0.0137618787011,0,-0.0357821970066,-0.0549195531208,-186,-0.0239382239382,-0.0152015335874,0,0,0,325,0,17,990,0.950292397661,1,0,0.0497076023392,1,0.950292397661,0.974512743628,0.966565944778,0.950292397661,0.950292397661,52,69,0,0,0,0
3516,WLNM_dir_neg,0.977788279773,0.819083343957,00:00:05,10,80,41,1240364576,threshold_sweep,0.6,1,0.753623188406,0.859504132231,52,0,17,138,0.753623188406,1,0,0.246376811594,1,0.753623188406,0.859504132231,0.917874396135,0.582930756844,0.803088803089,0.819126206354,0.753623188406,342,273,69,0,342,0,273,0,69,37,342,0.256756756757,1.72528881811,18.4864864865,15.5454545455,9.77142857143,5.36771015539,0.290358590277,0.142642642643,9.50849154237,1.02869645341,0.544491860281,8.05331334643,0.871264894205,0.461830251304,0.640599570326,0.371299902718,2,1.72528881811,0.640599570326,2,0.344071394247,0.376569037657,810,0.104247104247,0.56957682835,37,37,37,1,0,0.405405405405,0.540540540541,0.0540540540541,37,0.204954954955,1.74917909022,14.7567567568,12.4090909091,7.8,4.32952015179,0.293392391238,0.145728145728,7.49944942924,1.016408897,0.540540540541,6.64308893743,0.900345387124,0.481734481734,0.670923187561,0.383564605428,2,1.74917909022,0.670923187561,2,0.221609265932,0.243482538121,330,0.042471042471,0.411653526101,37,37,37,1,0,0.405405405405,0.540540540541,0.0540540540541,37,325,0.243993993994,1.73179820425,17.5675675676,14.7727272727,9.28571428571,5.10740497568,0.290729206308,0.140457380457,9.04659277523,1.02991979287,0.546361746362,8.028197304,0.913979385378,0.481995841996,0.654361449027,0.377850864737,2,1.73179820425,0.654361449027,2,0.308289197241,0.321649484536,624,0.0803088803089,0.554375294762,37,37,37,1,0,0.405405405405,0.540540540541,0.0540540540541,-17,-0.0127627627628,0.00650938613895,-0.918918918919,-0.772727272727,-0.485714285714,-0.260305179715,0.000370616030731,-0.00218526218526,-0.461898767145,0.00122333945751,0.00186988608041,-0.0251160424343,0.0427144911736,0.0201655906919,0.0137618787011,0.0065509620192,0,0.00650938613895,0.0137618787011,0,-0.0357821970066,-0.0549195531208,-186,-0.0239382239382,-0.0152015335874,0,0,0,325,0,17,990,0.950292397661,1,0,0.0497076023392,1,0.950292397661,0.974512743628,0.966565944778,0.950292397661,0.950292397661,52,69,0,0,0,0
3517,WLNM_dir_neg,0.977788279773,0.819083343957,00:00:05,10,80,41,1240364576,threshold_sweep,0.7,1,0.753623188406,0.859504132231,52,0,17,138,0.753623188406,1,0,0.246376811594,1,0.753623188406,0.859504132231,0.917874396135,0.582930756844,0.803088803089,0.819126206354,0.753623188406,342,273,69,0,342,0,273,0,69,37,342,0.256756756757,1.72528881811,18.4864864865,15.5454545455,9.77142857143,5.36771015539,0.290358590277,0.142642642643,9.50849154237,1.02869645341,0.544491860281,8.05331334643,0.871264894205,0.461830251304,0.640599570326,0.371299902718,2,1.72528881811,0.640599570326,2,0.344071394247,0.376569037657,810,0.104247104247,0.56957682835,37,37,37,1,0,0.405405405405,0.540540540541,0.0540540540541,37,0.204954954955,1.74917909022,14.7567567568,12.4090909091,7.8,4.32952015179,0.293392391238,0.145728145728,7.49944942924,1.016408897,0.540540540541,6.64308893743,0.900345387124,0.481734481734,0.670923187561,0.383564605428,2,1.74917909022,0.670923187561,2,0.221609265932,0.243482538121,330,0.042471042471,0.411653526101,37,37,37,1,0,0.405405405405,0.540540540541,0.0540540540541,37,325,0.243993993994,1.73179820425,17.5675675676,14.7727272727,9.28571428571,5.10740497568,0.290729206308,0.140457380457,9.04659277523,1.02991979287,0.546361746362,8.028197304,0.913979385378,0.481995841996,0.654361449027,0.377850864737,2,1.73179820425,0.654361449027,2,0.308289197241,0.321649484536,624,0.0803088803089,0.554375294762,37,37,37,1,0,0.405405405405,0.540540540541,0.0540540540541,-17,-0.0127627627628,0.00650938613895,-0.918918918919,-0.772727272727,-0.485714285714,-0.260305179715,0.000370616030731,-0.00218526218526,-0.461898767145,0.00122333945751,0.00186988608041,-0.0251160424343,0.0427144911736,0.0201655906919,0.0137618787011,0.0065509620192,0,0.00650938613895,0.0137618787011,0,-0.0357821970066,-0.0549195531208,-186,-0.0239382239382,-0.0152015335874,0,0,0,325,0,17,990,0.950292397661,1,0,0.0497076023392,1,0.950292397661,0.974512743628,0.966565944778,0.950292397661,0.950292397661,52,69,0,0,0,0
3518,WLNM_dir_neg,0.977788279773,0.819083343957,00:00:05,10,80,41,1240364576,threshold_sweep,0.8,1,0.753623188406,0.859504132231,52,0,17,138,0.753623188406,1,0,0.246376811594,1,0.753623188406,0.859504132231,0.917874396135,0.582930756844,0.803088803089,0.819126206354,0.753623188406,342,273,69,0,342,0,273,0,69,37,342,0.256756756757,1.72528881811,18.4864864865,15.5454545455,9.77142857143,5.36771015539,0.290358590277,0.142642642643,9.50849154237,1.02869645341,0.544491860281,8.05331334643,0.871264894205,0.461830251304,0.640599570326,0.371299902718,2,1.72528881811,0.640599570326,2,0.344071394247,0.376569037657,810,0.104247104247,0.56957682835,37,37,37,1,0,0.405405405405,0.540540540541,0.0540540540541,37,0.204954954955,1.74917909022,14.7567567568,12.4090909091,7.8,4.32952015179,0.293392391238,0.145728145728,7.49944942924,1.016408897,0.540540540541,6.64308893743,0.900345387124,0.481734481734,0.670923187561,0.383564605428,2,1.74917909022,0.670923187561,2,0.221609265932,0.243482538121,330,0.042471042471,0.411653526101,37,37,37,1,0,0.405405405405,0.540540540541,0.0540540540541,37,325,0.243993993994,1.73179820425,17.5675675676,14.7727272727,9.28571428571,5.10740497568,0.290729206308,0.140457380457,9.04659277523,1.02991979287,0.546361746362,8.028197304,0.913979385378,0.481995841996,0.654361449027,0.377850864737,2,1.73179820425,0.654361449027,2,0.308289197241,0.321649484536,624,0.0803088803089,0.554375294762,37,37,37,1,0,0.405405405405,0.540540540541,0.0540540540541,-17,-0.0127627627628,0.00650938613895,-0.918918918919,-0.772727272727,-0.485714285714,-0.260305179715,0.000370616030731,-0.00218526218526,-0.461898767145,0.00122333945751,0.00186988608041,-0.0251160424343,0.0427144911736,0.0201655906919,0.0137618787011,0.0065509620192,0,0.00650938613895,0.0137618787011,0,-0.0357821970066,-0.0549195531208,-186,-0.0239382239382,-0.0152015335874,0,0,0,325,0,17,990,0.950292397661,1,0,0.0497076023392,1,0.950292397661,0.974512743628,0.966565944778,0.950292397661,0.950292397661,52,69,0,0,0,0
3519,WLNM_dir_neg,0.977788279773,0.819083343957,00:00:05,10,80,41,1240364576,threshold_sweep,0.9,1,0.753623188406,0.859504132231,52,0,17,138,0.753623188406,1,0,0.246376811594,1,0.753623188406,0.859504132231,0.917874396135,0.582930756844,0.803088803089,0.819126206354,0.753623188406,342,273,69,0,342,0,273,0,69,37,342,0.256756756757,1.72528881811,18.4864864865,15.5454545455,9.77142857143,5.36771015539,0.290358590277,0.142642642643,9.50849154237,1.02869645341,0.544491860281,8.05331334643,0.871264894205,0.461830251304,0.640599570326,0.371299902718,2,1.72528881811,0.640599570326,2,0.344071394247,0.376569037657,810,0.104247104247,0.56957682835,37,37,37,1,0,0.405405405405,0.540540540541,0.0540540540541,37,0.204954954955,1.74917909022,14.7567567568,12.4090909091,7.8,4.32952015179,0.293392391238,0.145728145728,7.49944942924,1.016408897,0.540540540541,6.64308893743,0.900345387124,0.481734481734,0.670923187561,0.383564605428,2,1.74917909022,0.670923187561,2,0.221609265932,0.243482538121,330,0.042471042471,0.411653526101,37,37,37,1,0,0.405405405405,0.540540540541,0.0540540540541,37,325,0.243993993994,1.73179820425,17.5675675676,14.7727272727,9.28571428571,5.10740497568,0.290729206308,0.140457380457,9.04659277523,1.02991979287,0.546361746362,8.028197304,0.913979385378,0.481995841996,0.654361449027,0.377850864737,2,1.73179820425,0.654361449027,2,0.308289197241,0.321649484536,624,0.0803088803089,0.554375294762,37,37,37,1,0,0.405405405405,0.540540540541,0.0540540540541,-17,-0.0127627627628,0.00650938613895,-0.918918918919,-0.772727272727,-0.485714285714,-0.260305179715,0.000370616030731,-0.00218526218526,-0.461898767145,0.00122333945751,0.00186988608041,-0.0251160424343,0.0427144911736,0.0201655906919,0.0137618787011,0.0065509620192,0,0.00650938613895,0.0137618787011,0,-0.0357821970066,-0.0549195531208,-186,-0.0239382239382,-0.0152015335874,0,0,0,325,0,17,990,0.950292397661,1,0,0.0497076023392,1,0.950292397661,0.974512743628,0.966565944778,0.950292397661,0.950292397661,52,69,0,0,0,0
3520,WLNM_dir_neg,0.926328502415,0.872677508652,00:00:06,10,80,42,1240364577,threshold_sweep,0.1,0.981481481481,0.768115942029,0.861788617886,53,1,16,137,0.768115942029,0.992753623188,0.00724637681159,0.231884057971,0.981481481481,0.768115942029,0.861788617886,0.917874396135,0.579710144928,0.804597701149,0.816830049016,0.760869565217,342,273,69,0,342,0,273,0,69,37,342,0.256756756757,1.72528881811,18.4864864865,15.5454545455,9.77142857143,5.36771015539,0.290358590277,0.142642642643,9.50849154237,1.02869645341,0.544491860281,8.05331334643,0.871264894205,0.461830251304,0.640599570326,0.371299902718,2,1.72528881811,0.640599570326,2,0.344071394247,0.376569037657,810,0.104247104247,0.56957682835,37,37,37,1,0,0.405405405405,0.540540540541,0.0540540540541,37,0.204954954955,1.74341424393,14.7567567568,12.4090909091,7.8,4.07161860666,0.275915546605,0.138699138699,7.38373344044,1.00072577764,0.531234531235,6.82052193894,0.924393083299,0.493614493614,0.666593353321,0.382349378893,2,1.74341424393,0.666593353321,2,0.245888803319,0.225838509317,303,0.0389961389961,0.425601542833,37,37,37,1,0,0.405405405405,0.540540540541,0.0540540540541,37,327,0.245495495495,1.72945389953,17.6756756757,14.8636363636,9.34285714286,5.04454630739,0.285394821672,0.137614678899,8.96447777965,1.01432929005,0.535250847177,8.27148217779,0.935916943664,0.490453756509,0.652734793885,0.37742248814,2,1.72945389953,0.652734793885,2,0.309339170749,0.30761369443,602,0.0774774774775,0.581825497957,37,37,37,1,0,0.405405405405,0.540540540541,0.0540540540541,-15,-0.0112612612613,0.00416508141697,-0.810810810811,-0.681818181818,-0.428571428571,-0.323163847999,-0.00496376860496,-0.00502796374356,-0.544013762723,-0.0143671633625,-0.00924101310388,0.218168831351,0.0646520494589,0.0286235052049,0.0121352235588,0.00612258542231,0,0.00416508141697,0.0121352235588,0,-0.0347322234982,-0.0689553432267,-208,-0.0267696267696,0.012248669607,0,0,0,326,1,16,989,0.953216374269,0.99898989899,0.0010101010101,0.046783625731,0.996941896024,0.953216374269,0.974588938714,0.966506505209,0.952206273259,0.950437317784,54,69,0,0,0,0
3521,WLNM_dir_neg,0.926328502415,0.872677508652,00:00:06,10,80,42,1240364577,threshold_sweep,0.2,0.981481481481,0.768115942029,0.861788617886,53,1,16,137,0.768115942029,0.992753623188,0.00724637681159,0.231884057971,0.981481481481,0.768115942029,0.861788617886,0.917874396135,0.579710144928,0.804597701149,0.816830049016,0.760869565217,342,273,69,0,342,0,273,0,69,37,342,0.256756756757,1.72528881811,18.4864864865,15.5454545455,9.77142857143,5.36771015539,0.290358590277,0.142642642643,9.50849154237,1.02869645341,0.544491860281,8.05331334643,0.871264894205,0.461830251304,0.640599570326,0.371299902718,2,1.72528881811,0.640599570326,2,0.344071394247,0.376569037657,810,0.104247104247,0.56957682835,37,37,37,1,0,0.405405405405,0.540540540541,0.0540540540541,37,0.204954954955,1.74341424393,14.7567567568,12.4090909091,7.8,4.07161860666,0.275915546605,0.138699138699,7.38373344044,1.00072577764,0.531234531235,6.82052193894,0.924393083299,0.493614493614,0.666593353321,0.382349378893,2,1.74341424393,0.666593353321,2,0.245888803319,0.225838509317,303,0.0389961389961,0.425601542833,37,37,37,1,0,0.405405405405,0.540540540541,0.0540540540541,37,327,0.245495495495,1.72945389953,17.6756756757,14.8636363636,9.34285714286,5.04454630739,0.285394821672,0.137614678899,8.96447777965,1.01432929005,0.535250847177,8.27148217779,0.935916943664,0.490453756509,0.652734793885,0.37742248814,2,1.72945389953,0.652734793885,2,0.309339170749,0.30761369443,602,0.0774774774775,0.581825497957,37,37,37,1,0,0.405405405405,0.540540540541,0.0540540540541,-15,-0.0112612612613,0.00416508141697,-0.810810810811,-0.681818181818,-0.428571428571,-0.323163847999,-0.00496376860496,-0.00502796374356,-0.544013762723,-0.0143671633625,-0.00924101310388,0.218168831351,0.0646520494589,0.0286235052049,0.0121352235588,0.00612258542231,0,0.00416508141697,0.0121352235588,0,-0.0347322234982,-0.0689553432267,-208,-0.0267696267696,0.012248669607,0,0,0,326,1,16,989,0.953216374269,0.99898989899,0.0010101010101,0.046783625731,0.996941896024,0.953216374269,0.974588938714,0.966506505209,0.952206273259,0.950437317784,54,69,0,0,0,0
3522,WLNM_dir_neg,0.926328502415,0.872677508652,00:00:06,10,80,42,1240364577,threshold_sweep,0.3,0.981481481481,0.768115942029,0.861788617886,53,1,16,137,0.768115942029,0.992753623188,0.00724637681159,0.231884057971,0.981481481481,0.768115942029,0.861788617886,0.917874396135,0.579710144928,0.804597701149,0.816830049016,0.760869565217,342,273,69,0,342,0,273,0,69,37,342,0.256756756757,1.72528881811,18.4864864865,15.5454545455,9.77142857143,5.36771015539,0.290358590277,0.142642642643,9.50849154237,1.02869645341,0.544491860281,8.05331334643,0.871264894205,0.461830251304,0.640599570326,0.371299902718,2,1.72528881811,0.640599570326,2,0.344071394247,0.376569037657,810,0.104247104247,0.56957682835,37,37,37,1,0,0.405405405405,0.540540540541,0.0540540540541,37,0.204954954955,1.74341424393,14.7567567568,12.4090909091,7.8,4.07161860666,0.275915546605,0.138699138699,7.38373344044,1.00072577764,0.531234531235,6.82052193894,0.924393083299,0.493614493614,0.666593353321,0.382349378893,2,1.74341424393,0.666593353321,2,0.245888803319,0.225838509317,303,0.0389961389961,0.425601542833,37,37,37,1,0,0.405405405405,0.540540540541,0.0540540540541,37,327,0.245495495495,1.72945389953,17.6756756757,14.8636363636,9.34285714286,5.04454630739,0.285394821672,0.137614678899,8.96447777965,1.01432929005,0.535250847177,8.27148217779,0.935916943664,0.490453756509,0.652734793885,0.37742248814,2,1.72945389953,0.652734793885,2,0.309339170749,0.30761369443,602,0.0774774774775,0.581825497957,37,37,37,1,0,0.405405405405,0.540540540541,0.0540540540541,-15,-0.0112612612613,0.00416508141697,-0.810810810811,-0.681818181818,-0.428571428571,-0.323163847999,-0.00496376860496,-0.00502796374356,-0.544013762723,-0.0143671633625,-0.00924101310388,0.218168831351,0.0646520494589,0.0286235052049,0.0121352235588,0.00612258542231,0,0.00416508141697,0.0121352235588,0,-0.0347322234982,-0.0689553432267,-208,-0.0267696267696,0.012248669607,0,0,0,326,1,16,989,0.953216374269,0.99898989899,0.0010101010101,0.046783625731,0.996941896024,0.953216374269,0.974588938714,0.966506505209,0.952206273259,0.950437317784,54,69,0,0,0,0
3523,WLNM_dir_neg,0.926328502415,0.872677508652,00:00:06,10,80,42,1240364577,threshold_sweep,0.4,0.981481481481,0.768115942029,0.861788617886,53,1,16,137,0.768115942029,0.992753623188,0.00724637681159,0.231884057971,0.981481481481,0.768115942029,0.861788617886,0.917874396135,0.579710144928,0.804597701149,0.816830049016,0.760869565217,342,273,69,0,342,0,273,0,69,37,342,0.256756756757,1.72528881811,18.4864864865,15.5454545455,9.77142857143,5.36771015539,0.290358590277,0.142642642643,9.50849154237,1.02869645341,0.544491860281,8.05331334643,0.871264894205,0.461830251304,0.640599570326,0.371299902718,2,1.72528881811,0.640599570326,2,0.344071394247,0.376569037657,810,0.104247104247,0.56957682835,37,37,37,1,0,0.405405405405,0.540540540541,0.0540540540541,37,0.204954954955,1.74341424393,14.7567567568,12.4090909091,7.8,4.07161860666,0.275915546605,0.138699138699,7.38373344044,1.00072577764,0.531234531235,6.82052193894,0.924393083299,0.493614493614,0.666593353321,0.382349378893,2,1.74341424393,0.666593353321,2,0.245888803319,0.225838509317,303,0.0389961389961,0.425601542833,37,37,37,1,0,0.405405405405,0.540540540541,0.0540540540541,37,327,0.245495495495,1.72945389953,17.6756756757,14.8636363636,9.34285714286,5.04454630739,0.285394821672,0.137614678899,8.96447777965,1.01432929005,0.535250847177,8.27148217779,0.935916943664,0.490453756509,0.652734793885,0.37742248814,2,1.72945389953,0.652734793885,2,0.309339170749,0.30761369443,602,0.0774774774775,0.581825497957,37,37,37,1,0,0.405405405405,0.540540540541,0.0540540540541,-15,-0.0112612612613,0.00416508141697,-0.810810810811,-0.681818181818,-0.428571428571,-0.323163847999,-0.00496376860496,-0.00502796374356,-0.544013762723,-0.0143671633625,-0.00924101310388,0.218168831351,0.0646520494589,0.0286235052049,0.0121352235588,0.00612258542231,0,0.00416508141697,0.0121352235588,0,-0.0347322234982,-0.0689553432267,-208,-0.0267696267696,0.012248669607,0,0,0,326,1,16,989,0.953216374269,0.99898989899,0.0010101010101,0.046783625731,0.996941896024,0.953216374269,0.974588938714,0.966506505209,0.952206273259,0.950437317784,54,69,0,0,0,0
3524,WLNM_dir_neg,0.926328502415,0.872677508652,00:00:06,10,80,42,1240364577,threshold_sweep,0.5,0.981481481481,0.768115942029,0.861788617886,53,1,16,137,0.768115942029,0.992753623188,0.00724637681159,0.231884057971,0.981481481481,0.768115942029,0.861788617886,0.917874396135,0.579710144928,0.804597701149,0.816830049016,0.760869565217,342,273,69,0,342,0,273,0,69,37,342,0.256756756757,1.72528881811,18.4864864865,15.5454545455,9.77142857143,5.36771015539,0.290358590277,0.142642642643,9.50849154237,1.02869645341,0.544491860281,8.05331334643,0.871264894205,0.461830251304,0.640599570326,0.371299902718,2,1.72528881811,0.640599570326,2,0.344071394247,0.376569037657,810,0.104247104247,0.56957682835,37,37,37,1,0,0.405405405405,0.540540540541,0.0540540540541,37,0.204954954955,1.74341424393,14.7567567568,12.4090909091,7.8,4.07161860666,0.275915546605,0.138699138699,7.38373344044,1.00072577764,0.531234531235,6.82052193894,0.924393083299,0.493614493614,0.666593353321,0.382349378893,2,1.74341424393,0.666593353321,2,0.245888803319,0.225838509317,303,0.0389961389961,0.425601542833,37,37,37,1,0,0.405405405405,0.540540540541,0.0540540540541,37,327,0.245495495495,1.72945389953,17.6756756757,14.8636363636,9.34285714286,5.04454630739,0.285394821672,0.137614678899,8.96447777965,1.01432929005,0.535250847177,8.27148217779,0.935916943664,0.490453756509,0.652734793885,0.37742248814,2,1.72945389953,0.652734793885,2,0.309339170749,0.30761369443,602,0.0774774774775,0.581825497957,37,37,37,1,0,0.405405405405,0.540540540541,0.0540540540541,-15,-0.0112612612613,0.00416508141697,-0.810810810811,-0.681818181818,-0.428571428571,-0.323163847999,-0.00496376860496,-0.00502796374356,-0.544013762723,-0.0143671633625,-0.00924101310388,0.218168831351,0.0646520494589,0.0286235052049,0.0121352235588,0.00612258542231,0,0.00416508141697,0.0121352235588,0,-0.0347322234982,-0.0689553432267,-208,-0.0267696267696,0.012248669607,0,0,0,326,1,16,989,0.953216374269,0.99898989899,0.0010101010101,0.046783625731,0.996941896024,0.953216374269,0.974588938714,0.966506505209,0.952206273259,0.950437317784,54,69,0,0,0,0
3525,WLNM_dir_neg,0.926328502415,0.872677508652,00:00:06,10,80,42,1240364577,threshold_sweep,0.6,0.981481481481,0.768115942029,0.861788617886,53,1,16,137,0.768115942029,0.992753623188,0.00724637681159,0.231884057971,0.981481481481,0.768115942029,0.861788617886,0.917874396135,0.579710144928,0.804597701149,0.816830049016,0.760869565217,342,273,69,0,342,0,273,0,69,37,342,0.256756756757,1.72528881811,18.4864864865,15.5454545455,9.77142857143,5.36771015539,0.290358590277,0.142642642643,9.50849154237,1.02869645341,0.544491860281,8.05331334643,0.871264894205,0.461830251304,0.640599570326,0.371299902718,2,1.72528881811,0.640599570326,2,0.344071394247,0.376569037657,810,0.104247104247,0.56957682835,37,37,37,1,0,0.405405405405,0.540540540541,0.0540540540541,37,0.204954954955,1.74341424393,14.7567567568,12.4090909091,7.8,4.07161860666,0.275915546605,0.138699138699,7.38373344044,1.00072577764,0.531234531235,6.82052193894,0.924393083299,0.493614493614,0.666593353321,0.382349378893,2,1.74341424393,0.666593353321,2,0.245888803319,0.225838509317,303,0.0389961389961,0.425601542833,37,37,37,1,0,0.405405405405,0.540540540541,0.0540540540541,37,327,0.245495495495,1.72945389953,17.6756756757,14.8636363636,9.34285714286,5.04454630739,0.285394821672,0.137614678899,8.96447777965,1.01432929005,0.535250847177,8.27148217779,0.935916943664,0.490453756509,0.652734793885,0.37742248814,2,1.72945389953,0.652734793885,2,0.309339170749,0.30761369443,602,0.0774774774775,0.581825497957,37,37,37,1,0,0.405405405405,0.540540540541,0.0540540540541,-15,-0.0112612612613,0.00416508141697,-0.810810810811,-0.681818181818,-0.428571428571,-0.323163847999,-0.00496376860496,-0.00502796374356,-0.544013762723,-0.0143671633625,-0.00924101310388,0.218168831351,0.0646520494589,0.0286235052049,0.0121352235588,0.00612258542231,0,0.00416508141697,0.0121352235588,0,-0.0347322234982,-0.0689553432267,-208,-0.0267696267696,0.012248669607,0,0,0,326,1,16,989,0.953216374269,0.99898989899,0.0010101010101,0.046783625731,0.996941896024,0.953216374269,0.974588938714,0.966506505209,0.952206273259,0.950437317784,54,69,0,0,0,0
3526,WLNM_dir_neg,0.926328502415,0.872677508652,00:00:06,10,80,42,1240364577,threshold_sweep,0.7,0.981481481481,0.768115942029,0.861788617886,53,1,16,137,0.768115942029,0.992753623188,0.00724637681159,0.231884057971,0.981481481481,0.768115942029,0.861788617886,0.917874396135,0.579710144928,0.804597701149,0.816830049016,0.760869565217,342,273,69,0,342,0,273,0,69,37,342,0.256756756757,1.72528881811,18.4864864865,15.5454545455,9.77142857143,5.36771015539,0.290358590277,0.142642642643,9.50849154237,1.02869645341,0.544491860281,8.05331334643,0.871264894205,0.461830251304,0.640599570326,0.371299902718,2,1.72528881811,0.640599570326,2,0.344071394247,0.376569037657,810,0.104247104247,0.56957682835,37,37,37,1,0,0.405405405405,0.540540540541,0.0540540540541,37,0.204954954955,1.74341424393,14.7567567568,12.4090909091,7.8,4.07161860666,0.275915546605,0.138699138699,7.38373344044,1.00072577764,0.531234531235,6.82052193894,0.924393083299,0.493614493614,0.666593353321,0.382349378893,2,1.74341424393,0.666593353321,2,0.245888803319,0.225838509317,303,0.0389961389961,0.425601542833,37,37,37,1,0,0.405405405405,0.540540540541,0.0540540540541,37,327,0.245495495495,1.72945389953,17.6756756757,14.8636363636,9.34285714286,5.04454630739,0.285394821672,0.137614678899,8.96447777965,1.01432929005,0.535250847177,8.27148217779,0.935916943664,0.490453756509,0.652734793885,0.37742248814,2,1.72945389953,0.652734793885,2,0.309339170749,0.30761369443,602,0.0774774774775,0.581825497957,37,37,37,1,0,0.405405405405,0.540540540541,0.0540540540541,-15,-0.0112612612613,0.00416508141697,-0.810810810811,-0.681818181818,-0.428571428571,-0.323163847999,-0.00496376860496,-0.00502796374356,-0.544013762723,-0.0143671633625,-0.00924101310388,0.218168831351,0.0646520494589,0.0286235052049,0.0121352235588,0.00612258542231,0,0.00416508141697,0.0121352235588,0,-0.0347322234982,-0.0689553432267,-208,-0.0267696267696,0.012248669607,0,0,0,326,1,16,989,0.953216374269,0.99898989899,0.0010101010101,0.046783625731,0.996941896024,0.953216374269,0.974588938714,0.966506505209,0.952206273259,0.950437317784,54,69,0,0,0,0
3527,WLNM_dir_neg,0.926328502415,0.872677508652,00:00:06,10,80,42,1240364577,threshold_sweep,0.8,0.981481481481,0.768115942029,0.861788617886,53,1,16,137,0.768115942029,0.992753623188,0.00724637681159,0.231884057971,0.981481481481,0.768115942029,0.861788617886,0.917874396135,0.579710144928,0.804597701149,0.816830049016,0.760869565217,342,273,69,0,342,0,273,0,69,37,342,0.256756756757,1.72528881811,18.4864864865,15.5454545455,9.77142857143,5.36771015539,0.290358590277,0.142642642643,9.50849154237,1.02869645341,0.544491860281,8.05331334643,0.871264894205,0.461830251304,0.640599570326,0.371299902718,2,1.72528881811,0.640599570326,2,0.344071394247,0.376569037657,810,0.104247104247,0.56957682835,37,37,37,1,0,0.405405405405,0.540540540541,0.0540540540541,37,0.204954954955,1.74341424393,14.7567567568,12.4090909091,7.8,4.07161860666,0.275915546605,0.138699138699,7.38373344044,1.00072577764,0.531234531235,6.82052193894,0.924393083299,0.493614493614,0.666593353321,0.382349378893,2,1.74341424393,0.666593353321,2,0.245888803319,0.225838509317,303,0.0389961389961,0.425601542833,37,37,37,1,0,0.405405405405,0.540540540541,0.0540540540541,37,327,0.245495495495,1.72945389953,17.6756756757,14.8636363636,9.34285714286,5.04454630739,0.285394821672,0.137614678899,8.96447777965,1.01432929005,0.535250847177,8.27148217779,0.935916943664,0.490453756509,0.652734793885,0.37742248814,2,1.72945389953,0.652734793885,2,0.309339170749,0.30761369443,602,0.0774774774775,0.581825497957,37,37,37,1,0,0.405405405405,0.540540540541,0.0540540540541,-15,-0.0112612612613,0.00416508141697,-0.810810810811,-0.681818181818,-0.428571428571,-0.323163847999,-0.00496376860496,-0.00502796374356,-0.544013762723,-0.0143671633625,-0.00924101310388,0.218168831351,0.0646520494589,0.0286235052049,0.0121352235588,0.00612258542231,0,0.00416508141697,0.0121352235588,0,-0.0347322234982,-0.0689553432267,-208,-0.0267696267696,0.012248669607,0,0,0,326,1,16,989,0.953216374269,0.99898989899,0.0010101010101,0.046783625731,0.996941896024,0.953216374269,0.974588938714,0.966506505209,0.952206273259,0.950437317784,54,69,0,0,0,0
3528,WLNM_dir_neg,0.926328502415,0.872677508652,00:00:06,10,80,42,1240364577,threshold_sweep,0.9,0.981481481481,0.768115942029,0.861788617886,53,1,16,137,0.768115942029,0.992753623188,0.00724637681159,0.231884057971,0.981481481481,0.768115942029,0.861788617886,0.917874396135,0.579710144928,0.804597701149,0.816830049016,0.760869565217,342,273,69,0,342,0,273,0,69,37,342,0.256756756757,1.72528881811,18.4864864865,15.5454545455,9.77142857143,5.36771015539,0.290358590277,0.142642642643,9.50849154237,1.02869645341,0.544491860281,8.05331334643,0.871264894205,0.461830251304,0.640599570326,0.371299902718,2,1.72528881811,0.640599570326,2,0.344071394247,0.376569037657,810,0.104247104247,0.56957682835,37,37,37,1,0,0.405405405405,0.540540540541,0.0540540540541,37,0.204954954955,1.74341424393,14.7567567568,12.4090909091,7.8,4.07161860666,0.275915546605,0.138699138699,7.38373344044,1.00072577764,0.531234531235,6.82052193894,0.924393083299,0.493614493614,0.666593353321,0.382349378893,2,1.74341424393,0.666593353321,2,0.245888803319,0.225838509317,303,0.0389961389961,0.425601542833,37,37,37,1,0,0.405405405405,0.540540540541,0.0540540540541,37,327,0.245495495495,1.72945389953,17.6756756757,14.8636363636,9.34285714286,5.04454630739,0.285394821672,0.137614678899,8.96447777965,1.01432929005,0.535250847177,8.27148217779,0.935916943664,0.490453756509,0.652734793885,0.37742248814,2,1.72945389953,0.652734793885,2,0.309339170749,0.30761369443,602,0.0774774774775,0.581825497957,37,37,37,1,0,0.405405405405,0.540540540541,0.0540540540541,-15,-0.0112612612613,0.00416508141697,-0.810810810811,-0.681818181818,-0.428571428571,-0.323163847999,-0.00496376860496,-0.00502796374356,-0.544013762723,-0.0143671633625,-0.00924101310388,0.218168831351,0.0646520494589,0.0286235052049,0.0121352235588,0.00612258542231,0,0.00416508141697,0.0121352235588,0,-0.0347322234982,-0.0689553432267,-208,-0.0267696267696,0.012248669607,0,0,0,326,1,16,989,0.953216374269,0.99898989899,0.0010101010101,0.046783625731,0.996941896024,0.953216374269,0.974588938714,0.966506505209,0.952206273259,0.950437317784,54,69,0,0,0,0
3529,WLNM_dir_neg,0.970279353077,0.939172400069,00:00:05,10,80,43,1240364578,threshold_sweep,0.1,0.983870967742,0.884057971014,0.931297709924,61,1,8,137,0.884057971014,0.992753623188,0.00724637681159,0.115942028986,0.983870967742,0.884057971014,0.931297709924,0.95652173913,0.566827697262,0.899628252788,0.902382213711,0.876811594203,342,273,69,0,342,0,273,0,69,37,342,0.256756756757,1.72528881811,18.4864864865,15.5454545455,9.77142857143,5.36771015539,0.290358590277,0.142642642643,9.50849154237,1.02869645341,0.544491860281,8.05331334643,0.871264894205,0.461830251304,0.640599570326,0.371299902718,2,1.72528881811,0.640599570326,2,0.344071394247,0.376569037657,810,0.104247104247,0.56957682835,37,37,37,1,0,0.405405405405,0.540540540541,0.0540540540541,37,0.204954954955,1.76632109518,14.7567567568,12.4090909091,7.8,4.47465334104,0.30322742421,0.152262152262,7.50315249061,1.01691077712,0.540144540145,6.29087236201,0.852609074704,0.459756459756,0.690610707933,0.390988201306,2,1.76632109518,0.690610707933,2,0.24689831397,0.266715650257,363,0.0467181467181,0.388076151563,37,37,37,1,0,0.405405405405,0.540540540541,0.0540540540541,37,335,0.251501501502,1.79542196004,18.1081081081,14.5652173913,9.57142857143,5.30609598996,0.293023211386,0.143525615167,9.2254055796,1.01892539237,0.539088342073,8.12385358048,0.897261440232,0.472448567971,0.669562975893,0.372927919338,2,1.79542196004,0.669562975893,2,0.341140653336,0.353083629319,729,0.0938223938224,0.527278001188,37,37,37,1,0,0.378378378378,0.567567567568,0.0540540540541,-7,-0.00525525525526,0.0701331419296,-0.378378378378,-0.98023715415,-0.2,-0.0616141654347,0.00266462110865,0.000882972524764,-0.283085962775,-0.00977106104112,-0.00540351820792,0.0705402340408,0.0259965460267,0.010618316667,0.0289634055671,0.00162801662024,0,0.0701331419296,0.0289634055671,0,-0.00293074091178,-0.0234854083382,-81,-0.0104247104247,-0.0422988271617,-0.027027027027,0.027027027027,0,334,1,8,989,0.976608187135,0.99898989899,0.0010101010101,0.0233918128655,0.997014925373,0.976608187135,0.98670605613,0.982271644472,0.975598086124,0.973760932945,62,69,0,0,0,0
3530,WLNM_dir_neg,0.970279353077,0.939172400069,00:00:05,10,80,43,1240364578,threshold_sweep,0.2,0.983870967742,0.884057971014,0.931297709924,61,1,8,137,0.884057971014,0.992753623188,0.00724637681159,0.115942028986,0.983870967742,0.884057971014,0.931297709924,0.95652173913,0.566827697262,0.899628252788,0.902382213711,0.876811594203,342,273,69,0,342,0,273,0,69,37,342,0.256756756757,1.72528881811,18.4864864865,15.5454545455,9.77142857143,5.36771015539,0.290358590277,0.142642642643,9.50849154237,1.02869645341,0.544491860281,8.05331334643,0.871264894205,0.461830251304,0.640599570326,0.371299902718,2,1.72528881811,0.640599570326,2,0.344071394247,0.376569037657,810,0.104247104247,0.56957682835,37,37,37,1,0,0.405405405405,0.540540540541,0.0540540540541,37,0.204954954955,1.76632109518,14.7567567568,12.4090909091,7.8,4.47465334104,0.30322742421,0.152262152262,7.50315249061,1.01691077712,0.540144540145,6.29087236201,0.852609074704,0.459756459756,0.690610707933,0.390988201306,2,1.76632109518,0.690610707933,2,0.24689831397,0.266715650257,363,0.0467181467181,0.388076151563,37,37,37,1,0,0.405405405405,0.540540540541,0.0540540540541,37,335,0.251501501502,1.79542196004,18.1081081081,14.5652173913,9.57142857143,5.30609598996,0.293023211386,0.143525615167,9.2254055796,1.01892539237,0.539088342073,8.12385358048,0.897261440232,0.472448567971,0.669562975893,0.372927919338,2,1.79542196004,0.669562975893,2,0.341140653336,0.353083629319,729,0.0938223938224,0.527278001188,37,37,37,1,0,0.378378378378,0.567567567568,0.0540540540541,-7,-0.00525525525526,0.0701331419296,-0.378378378378,-0.98023715415,-0.2,-0.0616141654347,0.00266462110865,0.000882972524764,-0.283085962775,-0.00977106104112,-0.00540351820792,0.0705402340408,0.0259965460267,0.010618316667,0.0289634055671,0.00162801662024,0,0.0701331419296,0.0289634055671,0,-0.00293074091178,-0.0234854083382,-81,-0.0104247104247,-0.0422988271617,-0.027027027027,0.027027027027,0,334,1,8,989,0.976608187135,0.99898989899,0.0010101010101,0.0233918128655,0.997014925373,0.976608187135,0.98670605613,0.982271644472,0.975598086124,0.973760932945,62,69,0,0,0,0
3531,WLNM_dir_neg,0.970279353077,0.939172400069,00:00:05,10,80,43,1240364578,threshold_sweep,0.3,0.983870967742,0.884057971014,0.931297709924,61,1,8,137,0.884057971014,0.992753623188,0.00724637681159,0.115942028986,0.983870967742,0.884057971014,0.931297709924,0.95652173913,0.566827697262,0.899628252788,0.902382213711,0.876811594203,342,273,69,0,342,0,273,0,69,37,342,0.256756756757,1.72528881811,18.4864864865,15.5454545455,9.77142857143,5.36771015539,0.290358590277,0.142642642643,9.50849154237,1.02869645341,0.544491860281,8.05331334643,0.871264894205,0.461830251304,0.640599570326,0.371299902718,2,1.72528881811,0.640599570326,2,0.344071394247,0.376569037657,810,0.104247104247,0.56957682835,37,37,37,1,0,0.405405405405,0.540540540541,0.0540540540541,37,0.204954954955,1.76632109518,14.7567567568,12.4090909091,7.8,4.47465334104,0.30322742421,0.152262152262,7.50315249061,1.01691077712,0.540144540145,6.29087236201,0.852609074704,0.459756459756,0.690610707933,0.390988201306,2,1.76632109518,0.690610707933,2,0.24689831397,0.266715650257,363,0.0467181467181,0.388076151563,37,37,37,1,0,0.405405405405,0.540540540541,0.0540540540541,37,335,0.251501501502,1.79542196004,18.1081081081,14.5652173913,9.57142857143,5.30609598996,0.293023211386,0.143525615167,9.2254055796,1.01892539237,0.539088342073,8.12385358048,0.897261440232,0.472448567971,0.669562975893,0.372927919338,2,1.79542196004,0.669562975893,2,0.341140653336,0.353083629319,729,0.0938223938224,0.527278001188,37,37,37,1,0,0.378378378378,0.567567567568,0.0540540540541,-7,-0.00525525525526,0.0701331419296,-0.378378378378,-0.98023715415,-0.2,-0.0616141654347,0.00266462110865,0.000882972524764,-0.283085962775,-0.00977106104112,-0.00540351820792,0.0705402340408,0.0259965460267,0.010618316667,0.0289634055671,0.00162801662024,0,0.0701331419296,0.0289634055671,0,-0.00293074091178,-0.0234854083382,-81,-0.0104247104247,-0.0422988271617,-0.027027027027,0.027027027027,0,334,1,8,989,0.976608187135,0.99898989899,0.0010101010101,0.0233918128655,0.997014925373,0.976608187135,0.98670605613,0.982271644472,0.975598086124,0.973760932945,62,69,0,0,0,0
3532,WLNM_dir_neg,0.970279353077,0.939172400069,00:00:05,10,80,43,1240364578,threshold_sweep,0.4,1,0.884057971014,0.938461538462,61,0,8,138,0.884057971014,1,0,0.115942028986,1,0.884057971014,0.938461538462,0.961352657005,0.568438003221,0.910447761194,0.914120581956,0.884057971014,342,273,69,0,342,0,273,0,69,37,342,0.256756756757,1.72528881811,18.4864864865,15.5454545455,9.77142857143,5.36771015539,0.290358590277,0.142642642643,9.50849154237,1.02869645341,0.544491860281,8.05331334643,0.871264894205,0.461830251304,0.640599570326,0.371299902718,2,1.72528881811,0.640599570326,2,0.344071394247,0.376569037657,810,0.104247104247,0.56957682835,37,37,37,1,0,0.405405405405,0.540540540541,0.0540540540541,37,0.204954954955,1.76632109518,14.7567567568,12.4090909091,7.8,4.47465334104,0.30322742421,0.152262152262,7.50315249061,1.01691077712,0.540144540145,6.29087236201,0.852609074704,0.459756459756,0.690610707933,0.390988201306,2,1.76632109518,0.690610707933,2,0.24689831397,0.266715650257,363,0.0467181467181,0.388076151563,37,37,37,1,0,0.405405405405,0.540540540541,0.0540540540541,37,334,0.250750750751,1.73386271429,18.0540540541,15.1818181818,9.54285714286,5.35384568919,0.29654534506,0.144602686519,9.25108548131,1.02482084673,0.541349732966,8.12911942233,0.900531193492,0.473377569186,0.657609511773,0.379274268,2,1.73386271429,0.657609511773,2,0.336626776144,0.351653696498,723,0.0930501930502,0.571613233636,37,37,37,1,0,0.405405405405,0.540540540541,0.0540540540541,-8,-0.00600600600601,0.00857389617058,-0.432432432432,-0.363636363636,-0.228571428571,-0.0138644662028,0.00618675478283,0.00196004387621,-0.257406061061,-0.0038756066824,-0.00314212731483,0.0758060759007,0.0292662992873,0.011547317882,0.0170099414467,0.00797436528205,0,0.00857389617058,0.0170099414467,0,-0.00744461810367,-0.0249153411588,-87,-0.0111969111969,0.00203640528655,0,0,0,334,0,8,990,0.976608187135,1,0,0.0233918128655,1,0.976608187135,0.988165680473,0.984266053764,0.976608187135,0.976608187135,61,69,0,0,0,0
3533,WLNM_dir_neg,0.970279353077,0.939172400069,00:00:05,10,80,43,1240364578,threshold_sweep,0.5,1,0.884057971014,0.938461538462,61,0,8,138,0.884057971014,1,0,0.115942028986,1,0.884057971014,0.938461538462,0.961352657005,0.568438003221,0.910447761194,0.914120581956,0.884057971014,342,273,69,0,342,0,273,0,69,37,342,0.256756756757,1.72528881811,18.4864864865,15.5454545455,9.77142857143,5.36771015539,0.290358590277,0.142642642643,9.50849154237,1.02869645341,0.544491860281,8.05331334643,0.871264894205,0.461830251304,0.640599570326,0.371299902718,2,1.72528881811,0.640599570326,2,0.344071394247,0.376569037657,810,0.104247104247,0.56957682835,37,37,37,1,0,0.405405405405,0.540540540541,0.0540540540541,37,0.204954954955,1.76632109518,14.7567567568,12.4090909091,7.8,4.47465334104,0.30322742421,0.152262152262,7.50315249061,1.01691077712,0.540144540145,6.29087236201,0.852609074704,0.459756459756,0.690610707933,0.390988201306,2,1.76632109518,0.690610707933,2,0.24689831397,0.266715650257,363,0.0467181467181,0.388076151563,37,37,37,1,0,0.405405405405,0.540540540541,0.0540540540541,37,334,0.250750750751,1.73386271429,18.0540540541,15.1818181818,9.54285714286,5.35384568919,0.29654534506,0.144602686519,9.25108548131,1.02482084673,0.541349732966,8.12911942233,0.900531193492,0.473377569186,0.657609511773,0.379274268,2,1.73386271429,0.657609511773,2,0.336626776144,0.351653696498,723,0.0930501930502,0.571613233636,37,37,37,1,0,0.405405405405,0.540540540541,0.0540540540541,-8,-0.00600600600601,0.00857389617058,-0.432432432432,-0.363636363636,-0.228571428571,-0.0138644662028,0.00618675478283,0.00196004387621,-0.257406061061,-0.0038756066824,-0.00314212731483,0.0758060759007,0.0292662992873,0.011547317882,0.0170099414467,0.00797436528205,0,0.00857389617058,0.0170099414467,0,-0.00744461810367,-0.0249153411588,-87,-0.0111969111969,0.00203640528655,0,0,0,334,0,8,990,0.976608187135,1,0,0.0233918128655,1,0.976608187135,0.988165680473,0.984266053764,0.976608187135,0.976608187135,61,69,0,0,0,0
3534,WLNM_dir_neg,0.970279353077,0.939172400069,00:00:05,10,80,43,1240364578,threshold_sweep,0.6,1,0.884057971014,0.938461538462,61,0,8,138,0.884057971014,1,0,0.115942028986,1,0.884057971014,0.938461538462,0.961352657005,0.568438003221,0.910447761194,0.914120581956,0.884057971014,342,273,69,0,342,0,273,0,69,37,342,0.256756756757,1.72528881811,18.4864864865,15.5454545455,9.77142857143,5.36771015539,0.290358590277,0.142642642643,9.50849154237,1.02869645341,0.544491860281,8.05331334643,0.871264894205,0.461830251304,0.640599570326,0.371299902718,2,1.72528881811,0.640599570326,2,0.344071394247,0.376569037657,810,0.104247104247,0.56957682835,37,37,37,1,0,0.405405405405,0.540540540541,0.0540540540541,37,0.204954954955,1.76632109518,14.7567567568,12.4090909091,7.8,4.47465334104,0.30322742421,0.152262152262,7.50315249061,1.01691077712,0.540144540145,6.29087236201,0.852609074704,0.459756459756,0.690610707933,0.390988201306,2,1.76632109518,0.690610707933,2,0.24689831397,0.266715650257,363,0.0467181467181,0.388076151563,37,37,37,1,0,0.405405405405,0.540540540541,0.0540540540541,37,334,0.250750750751,1.73386271429,18.0540540541,15.1818181818,9.54285714286,5.35384568919,0.29654534506,0.144602686519,9.25108548131,1.02482084673,0.541349732966,8.12911942233,0.900531193492,0.473377569186,0.657609511773,0.379274268,2,1.73386271429,0.657609511773,2,0.336626776144,0.351653696498,723,0.0930501930502,0.571613233636,37,37,37,1,0,0.405405405405,0.540540540541,0.0540540540541,-8,-0.00600600600601,0.00857389617058,-0.432432432432,-0.363636363636,-0.228571428571,-0.0138644662028,0.00618675478283,0.00196004387621,-0.257406061061,-0.0038756066824,-0.00314212731483,0.0758060759007,0.0292662992873,0.011547317882,0.0170099414467,0.00797436528205,0,0.00857389617058,0.0170099414467,0,-0.00744461810367,-0.0249153411588,-87,-0.0111969111969,0.00203640528655,0,0,0,334,0,8,990,0.976608187135,1,0,0.0233918128655,1,0.976608187135,0.988165680473,0.984266053764,0.976608187135,0.976608187135,61,69,0,0,0,0
3535,WLNM_dir_neg,0.970279353077,0.939172400069,00:00:05,10,80,43,1240364578,threshold_sweep,0.7,1,0.884057971014,0.938461538462,61,0,8,138,0.884057971014,1,0,0.115942028986,1,0.884057971014,0.938461538462,0.961352657005,0.568438003221,0.910447761194,0.914120581956,0.884057971014,342,273,69,0,342,0,273,0,69,37,342,0.256756756757,1.72528881811,18.4864864865,15.5454545455,9.77142857143,5.36771015539,0.290358590277,0.142642642643,9.50849154237,1.02869645341,0.544491860281,8.05331334643,0.871264894205,0.461830251304,0.640599570326,0.371299902718,2,1.72528881811,0.640599570326,2,0.344071394247,0.376569037657,810,0.104247104247,0.56957682835,37,37,37,1,0,0.405405405405,0.540540540541,0.0540540540541,37,0.204954954955,1.76632109518,14.7567567568,12.4090909091,7.8,4.47465334104,0.30322742421,0.152262152262,7.50315249061,1.01691077712,0.540144540145,6.29087236201,0.852609074704,0.459756459756,0.690610707933,0.390988201306,2,1.76632109518,0.690610707933,2,0.24689831397,0.266715650257,363,0.0467181467181,0.388076151563,37,37,37,1,0,0.405405405405,0.540540540541,0.0540540540541,37,334,0.250750750751,1.73386271429,18.0540540541,15.1818181818,9.54285714286,5.35384568919,0.29654534506,0.144602686519,9.25108548131,1.02482084673,0.541349732966,8.12911942233,0.900531193492,0.473377569186,0.657609511773,0.379274268,2,1.73386271429,0.657609511773,2,0.336626776144,0.351653696498,723,0.0930501930502,0.571613233636,37,37,37,1,0,0.405405405405,0.540540540541,0.0540540540541,-8,-0.00600600600601,0.00857389617058,-0.432432432432,-0.363636363636,-0.228571428571,-0.0138644662028,0.00618675478283,0.00196004387621,-0.257406061061,-0.0038756066824,-0.00314212731483,0.0758060759007,0.0292662992873,0.011547317882,0.0170099414467,0.00797436528205,0,0.00857389617058,0.0170099414467,0,-0.00744461810367,-0.0249153411588,-87,-0.0111969111969,0.00203640528655,0,0,0,334,0,8,990,0.976608187135,1,0,0.0233918128655,1,0.976608187135,0.988165680473,0.984266053764,0.976608187135,0.976608187135,61,69,0,0,0,0
3536,WLNM_dir_neg,0.970279353077,0.939172400069,00:00:05,10,80,43,1240364578,threshold_sweep,0.8,1,0.884057971014,0.938461538462,61,0,8,138,0.884057971014,1,0,0.115942028986,1,0.884057971014,0.938461538462,0.961352657005,0.568438003221,0.910447761194,0.914120581956,0.884057971014,342,273,69,0,342,0,273,0,69,37,342,0.256756756757,1.72528881811,18.4864864865,15.5454545455,9.77142857143,5.36771015539,0.290358590277,0.142642642643,9.50849154237,1.02869645341,0.544491860281,8.05331334643,0.871264894205,0.461830251304,0.640599570326,0.371299902718,2,1.72528881811,0.640599570326,2,0.344071394247,0.376569037657,810,0.104247104247,0.56957682835,37,37,37,1,0,0.405405405405,0.540540540541,0.0540540540541,37,0.204954954955,1.76632109518,14.7567567568,12.4090909091,7.8,4.47465334104,0.30322742421,0.152262152262,7.50315249061,1.01691077712,0.540144540145,6.29087236201,0.852609074704,0.459756459756,0.690610707933,0.390988201306,2,1.76632109518,0.690610707933,2,0.24689831397,0.266715650257,363,0.0467181467181,0.388076151563,37,37,37,1,0,0.405405405405,0.540540540541,0.0540540540541,37,334,0.250750750751,1.73386271429,18.0540540541,15.1818181818,9.54285714286,5.35384568919,0.29654534506,0.144602686519,9.25108548131,1.02482084673,0.541349732966,8.12911942233,0.900531193492,0.473377569186,0.657609511773,0.379274268,2,1.73386271429,0.657609511773,2,0.336626776144,0.351653696498,723,0.0930501930502,0.571613233636,37,37,37,1,0,0.405405405405,0.540540540541,0.0540540540541,-8,-0.00600600600601,0.00857389617058,-0.432432432432,-0.363636363636,-0.228571428571,-0.0138644662028,0.00618675478283,0.00196004387621,-0.257406061061,-0.0038756066824,-0.00314212731483,0.0758060759007,0.0292662992873,0.011547317882,0.0170099414467,0.00797436528205,0,0.00857389617058,0.0170099414467,0,-0.00744461810367,-0.0249153411588,-87,-0.0111969111969,0.00203640528655,0,0,0,334,0,8,990,0.976608187135,1,0,0.0233918128655,1,0.976608187135,0.988165680473,0.984266053764,0.976608187135,0.976608187135,61,69,0,0,0,0
3537,WLNM_dir_neg,0.970279353077,0.939172400069,00:00:05,10,80,43,1240364578,threshold_sweep,0.9,1,0.884057971014,0.938461538462,61,0,8,138,0.884057971014,1,0,0.115942028986,1,0.884057971014,0.938461538462,0.961352657005,0.568438003221,0.910447761194,0.914120581956,0.884057971014,342,273,69,0,342,0,273,0,69,37,342,0.256756756757,1.72528881811,18.4864864865,15.5454545455,9.77142857143,5.36771015539,0.290358590277,0.142642642643,9.50849154237,1.02869645341,0.544491860281,8.05331334643,0.871264894205,0.461830251304,0.640599570326,0.371299902718,2,1.72528881811,0.640599570326,2,0.344071394247,0.376569037657,810,0.104247104247,0.56957682835,37,37,37,1,0,0.405405405405,0.540540540541,0.0540540540541,37,0.204954954955,1.76632109518,14.7567567568,12.4090909091,7.8,4.47465334104,0.30322742421,0.152262152262,7.50315249061,1.01691077712,0.540144540145,6.29087236201,0.852609074704,0.459756459756,0.690610707933,0.390988201306,2,1.76632109518,0.690610707933,2,0.24689831397,0.266715650257,363,0.0467181467181,0.388076151563,37,37,37,1,0,0.405405405405,0.540540540541,0.0540540540541,37,334,0.250750750751,1.73386271429,18.0540540541,15.1818181818,9.54285714286,5.35384568919,0.29654534506,0.144602686519,9.25108548131,1.02482084673,0.541349732966,8.12911942233,0.900531193492,0.473377569186,0.657609511773,0.379274268,2,1.73386271429,0.657609511773,2,0.336626776144,0.351653696498,723,0.0930501930502,0.571613233636,37,37,37,1,0,0.405405405405,0.540540540541,0.0540540540541,-8,-0.00600600600601,0.00857389617058,-0.432432432432,-0.363636363636,-0.228571428571,-0.0138644662028,0.00618675478283,0.00196004387621,-0.257406061061,-0.0038756066824,-0.00314212731483,0.0758060759007,0.0292662992873,0.011547317882,0.0170099414467,0.00797436528205,0,0.00857389617058,0.0170099414467,0,-0.00744461810367,-0.0249153411588,-87,-0.0111969111969,0.00203640528655,0,0,0,334,0,8,990,0.976608187135,1,0,0.0233918128655,1,0.976608187135,0.988165680473,0.984266053764,0.976608187135,0.976608187135,61,69,0,0,0,0
3538,WLNM_dir_neg,0.989865574459,0.967773567778,00:00:05,10,80,44,1240364579,threshold_sweep,0.1,0.983606557377,0.869565217391,0.923076923077,60,1,9,137,0.869565217391,0.992753623188,0.00724637681159,0.130434782609,0.983606557377,0.869565217391,0.923076923077,0.951690821256,0.568438003221,0.888059701493,0.89164220699,0.86231884058,342,273,69,0,342,0,273,0,69,37,342,0.256756756757,1.72528881811,18.4864864865,15.5454545455,9.77142857143,5.36771015539,0.290358590277,0.142642642643,9.50849154237,1.02869645341,0.544491860281,8.05331334643,0.871264894205,0.461830251304,0.640599570326,0.371299902718,2,1.72528881811,0.640599570326,2,0.344071394247,0.376569037657,810,0.104247104247,0.56957682835,37,37,37,1,0,0.405405405405,0.540540540541,0.0540540540541,37,0.204954954955,1.7470611176,14.7567567568,12.4090909091,7.8,4.00974788211,0.271722841828,0.130779130779,7.24320122349,0.9816792867,0.515394515395,6.53346662854,0.88548815112,0.4752004752,0.662437730926,0.379172614085,2,1.7470611176,0.662437730926,2,0.234361257658,0.242899850523,325,0.0418275418275,0.407667795493,37,37,37,1,0,0.405405405405,0.540540540541,0.0540540540541,37,334,0.250750750751,1.70571415711,18.0540540541,15.1818181818,9.54285714286,5.16368702224,0.286012604525,0.140880401359,9.09360729819,1.00737565878,0.535685385985,8.23436729839,0.912190389343,0.479203754653,0.610239476983,0.357761864402,1.58580260913,1.70571415711,0.610239476983,1.58580260913,0.320835278334,0.348336594912,712,0.0916344916345,0.582057291187,37,37,37,1,0,0.405405405405,0.540540540541,0.0540540540541,-8,-0.00600600600601,-0.0195746610068,-0.432432432432,-0.363636363636,-0.228571428571,-0.204023133152,-0.00434598575178,-0.0017622412832,-0.414884244185,-0.0213207946333,-0.00880647429655,0.181053951956,0.0409254951378,0.0173735033489,-0.0303600933429,-0.0135380383161,-0.414197390867,-0.0195746610068,-0.0303600933429,-0.414197390867,-0.0232361159138,-0.028232442745,-98,-0.0126126126126,0.0124804628371,0,0,0,333,1,9,989,0.973684210526,0.99898989899,0.0010101010101,0.0263157894737,0.997005988024,0.973684210526,0.985207100592,0.980301127908,0.972674109516,0.97084548105,61,69,0,0,0,0
3539,WLNM_dir_neg,0.989865574459,0.967773567778,00:00:05,10,80,44,1240364579,threshold_sweep,0.2,0.983606557377,0.869565217391,0.923076923077,60,1,9,137,0.869565217391,0.992753623188,0.00724637681159,0.130434782609,0.983606557377,0.869565217391,0.923076923077,0.951690821256,0.568438003221,0.888059701493,0.89164220699,0.86231884058,342,273,69,0,342,0,273,0,69,37,342,0.256756756757,1.72528881811,18.4864864865,15.5454545455,9.77142857143,5.36771015539,0.290358590277,0.142642642643,9.50849154237,1.02869645341,0.544491860281,8.05331334643,0.871264894205,0.461830251304,0.640599570326,0.371299902718,2,1.72528881811,0.640599570326,2,0.344071394247,0.376569037657,810,0.104247104247,0.56957682835,37,37,37,1,0,0.405405405405,0.540540540541,0.0540540540541,37,0.204954954955,1.7470611176,14.7567567568,12.4090909091,7.8,4.00974788211,0.271722841828,0.130779130779,7.24320122349,0.9816792867,0.515394515395,6.53346662854,0.88548815112,0.4752004752,0.662437730926,0.379172614085,2,1.7470611176,0.662437730926,2,0.234361257658,0.242899850523,325,0.0418275418275,0.407667795493,37,37,37,1,0,0.405405405405,0.540540540541,0.0540540540541,37,334,0.250750750751,1.70571415711,18.0540540541,15.1818181818,9.54285714286,5.16368702224,0.286012604525,0.140880401359,9.09360729819,1.00737565878,0.535685385985,8.23436729839,0.912190389343,0.479203754653,0.610239476983,0.357761864402,1.58580260913,1.70571415711,0.610239476983,1.58580260913,0.320835278334,0.348336594912,712,0.0916344916345,0.582057291187,37,37,37,1,0,0.405405405405,0.540540540541,0.0540540540541,-8,-0.00600600600601,-0.0195746610068,-0.432432432432,-0.363636363636,-0.228571428571,-0.204023133152,-0.00434598575178,-0.0017622412832,-0.414884244185,-0.0213207946333,-0.00880647429655,0.181053951956,0.0409254951378,0.0173735033489,-0.0303600933429,-0.0135380383161,-0.414197390867,-0.0195746610068,-0.0303600933429,-0.414197390867,-0.0232361159138,-0.028232442745,-98,-0.0126126126126,0.0124804628371,0,0,0,333,1,9,989,0.973684210526,0.99898989899,0.0010101010101,0.0263157894737,0.997005988024,0.973684210526,0.985207100592,0.980301127908,0.972674109516,0.97084548105,61,69,0,0,0,0
3540,WLNM_dir_neg,0.989865574459,0.967773567778,00:00:05,10,80,44,1240364579,threshold_sweep,0.3,0.983606557377,0.869565217391,0.923076923077,60,1,9,137,0.869565217391,0.992753623188,0.00724637681159,0.130434782609,0.983606557377,0.869565217391,0.923076923077,0.951690821256,0.568438003221,0.888059701493,0.89164220699,0.86231884058,342,273,69,0,342,0,273,0,69,37,342,0.256756756757,1.72528881811,18.4864864865,15.5454545455,9.77142857143,5.36771015539,0.290358590277,0.142642642643,9.50849154237,1.02869645341,0.544491860281,8.05331334643,0.871264894205,0.461830251304,0.640599570326,0.371299902718,2,1.72528881811,0.640599570326,2,0.344071394247,0.376569037657,810,0.104247104247,0.56957682835,37,37,37,1,0,0.405405405405,0.540540540541,0.0540540540541,37,0.204954954955,1.7470611176,14.7567567568,12.4090909091,7.8,4.00974788211,0.271722841828,0.130779130779,7.24320122349,0.9816792867,0.515394515395,6.53346662854,0.88548815112,0.4752004752,0.662437730926,0.379172614085,2,1.7470611176,0.662437730926,2,0.234361257658,0.242899850523,325,0.0418275418275,0.407667795493,37,37,37,1,0,0.405405405405,0.540540540541,0.0540540540541,37,334,0.250750750751,1.70571415711,18.0540540541,15.1818181818,9.54285714286,5.16368702224,0.286012604525,0.140880401359,9.09360729819,1.00737565878,0.535685385985,8.23436729839,0.912190389343,0.479203754653,0.610239476983,0.357761864402,1.58580260913,1.70571415711,0.610239476983,1.58580260913,0.320835278334,0.348336594912,712,0.0916344916345,0.582057291187,37,37,37,1,0,0.405405405405,0.540540540541,0.0540540540541,-8,-0.00600600600601,-0.0195746610068,-0.432432432432,-0.363636363636,-0.228571428571,-0.204023133152,-0.00434598575178,-0.0017622412832,-0.414884244185,-0.0213207946333,-0.00880647429655,0.181053951956,0.0409254951378,0.0173735033489,-0.0303600933429,-0.0135380383161,-0.414197390867,-0.0195746610068,-0.0303600933429,-0.414197390867,-0.0232361159138,-0.028232442745,-98,-0.0126126126126,0.0124804628371,0,0,0,333,1,9,989,0.973684210526,0.99898989899,0.0010101010101,0.0263157894737,0.997005988024,0.973684210526,0.985207100592,0.980301127908,0.972674109516,0.97084548105,61,69,0,0,0,0
3541,WLNM_dir_neg,0.989865574459,0.967773567778,00:00:05,10,80,44,1240364579,threshold_sweep,0.4,0.983606557377,0.869565217391,0.923076923077,60,1,9,137,0.869565217391,0.992753623188,0.00724637681159,0.130434782609,0.983606557377,0.869565217391,0.923076923077,0.951690821256,0.568438003221,0.888059701493,0.89164220699,0.86231884058,342,273,69,0,342,0,273,0,69,37,342,0.256756756757,1.72528881811,18.4864864865,15.5454545455,9.77142857143,5.36771015539,0.290358590277,0.142642642643,9.50849154237,1.02869645341,0.544491860281,8.05331334643,0.871264894205,0.461830251304,0.640599570326,0.371299902718,2,1.72528881811,0.640599570326,2,0.344071394247,0.376569037657,810,0.104247104247,0.56957682835,37,37,37,1,0,0.405405405405,0.540540540541,0.0540540540541,37,0.204954954955,1.7470611176,14.7567567568,12.4090909091,7.8,4.00974788211,0.271722841828,0.130779130779,7.24320122349,0.9816792867,0.515394515395,6.53346662854,0.88548815112,0.4752004752,0.662437730926,0.379172614085,2,1.7470611176,0.662437730926,2,0.234361257658,0.242899850523,325,0.0418275418275,0.407667795493,37,37,37,1,0,0.405405405405,0.540540540541,0.0540540540541,37,334,0.250750750751,1.70571415711,18.0540540541,15.1818181818,9.54285714286,5.16368702224,0.286012604525,0.140880401359,9.09360729819,1.00737565878,0.535685385985,8.23436729839,0.912190389343,0.479203754653,0.610239476983,0.357761864402,1.58580260913,1.70571415711,0.610239476983,1.58580260913,0.320835278334,0.348336594912,712,0.0916344916345,0.582057291187,37,37,37,1,0,0.405405405405,0.540540540541,0.0540540540541,-8,-0.00600600600601,-0.0195746610068,-0.432432432432,-0.363636363636,-0.228571428571,-0.204023133152,-0.00434598575178,-0.0017622412832,-0.414884244185,-0.0213207946333,-0.00880647429655,0.181053951956,0.0409254951378,0.0173735033489,-0.0303600933429,-0.0135380383161,-0.414197390867,-0.0195746610068,-0.0303600933429,-0.414197390867,-0.0232361159138,-0.028232442745,-98,-0.0126126126126,0.0124804628371,0,0,0,333,1,9,989,0.973684210526,0.99898989899,0.0010101010101,0.0263157894737,0.997005988024,0.973684210526,0.985207100592,0.980301127908,0.972674109516,0.97084548105,61,69,0,0,0,0
3542,WLNM_dir_neg,0.989865574459,0.967773567778,00:00:05,10,80,44,1240364579,threshold_sweep,0.5,1,0.869565217391,0.93023255814,60,0,9,138,0.869565217391,1,0,0.130434782609,1,0.869565217391,0.93023255814,0.95652173913,0.570048309179,0.898876404494,0.903507902905,0.869565217391,342,273,69,0,342,0,273,0,69,37,342,0.256756756757,1.72528881811,18.4864864865,15.5454545455,9.77142857143,5.36771015539,0.290358590277,0.142642642643,9.50849154237,1.02869645341,0.544491860281,8.05331334643,0.871264894205,0.461830251304,0.640599570326,0.371299902718,2,1.72528881811,0.640599570326,2,0.344071394247,0.376569037657,810,0.104247104247,0.56957682835,37,37,37,1,0,0.405405405405,0.540540540541,0.0540540540541,37,0.204954954955,1.7470611176,14.7567567568,12.4090909091,7.8,4.00974788211,0.271722841828,0.130779130779,7.24320122349,0.9816792867,0.515394515395,6.53346662854,0.88548815112,0.4752004752,0.662437730926,0.379172614085,2,1.7470611176,0.662437730926,2,0.234361257658,0.242899850523,325,0.0418275418275,0.407667795493,37,37,37,1,0,0.405405405405,0.540540540541,0.0540540540541,37,333,0.25,1.72107532424,18,15.1363636364,9.51428571429,5.23343948937,0.290746638298,0.142033925818,9.11652955412,1.01294772824,0.537618699781,8.1989159175,0.9109906575,0.477720964207,0.634758547112,0.368815087969,2,1.72107532424,0.634758547112,2,0.311912036206,0.348608837971,710,0.0913770913771,0.577998514219,37,37,37,1,0,0.405405405405,0.540540540541,0.0540540540541,-9,-0.00675675675676,-0.00421349387145,-0.486486486486,-0.409090909091,-0.257142857143,-0.134270666024,0.000388048021166,-0.000608716824933,-0.391961988256,-0.0157487251794,-0.00687316050047,0.145602571065,0.039725763295,0.0158907129035,-0.00584102321401,-0.00248481474878,0,-0.00421349387145,-0.00584102321401,0,-0.0321593580414,-0.0279601996864,-100,-0.01287001287,0.00842168586956,0,0,0,333,0,9,990,0.973684210526,1,0,0.0263157894737,1,0.973684210526,0.986666666667,0.982299486258,0.973684210526,0.973684210526,60,69,0,0,0,0
3543,WLNM_dir_neg,0.989865574459,0.967773567778,00:00:05,10,80,44,1240364579,threshold_sweep,0.6,1,0.869565217391,0.93023255814,60,0,9,138,0.869565217391,1,0,0.130434782609,1,0.869565217391,0.93023255814,0.95652173913,0.570048309179,0.898876404494,0.903507902905,0.869565217391,342,273,69,0,342,0,273,0,69,37,342,0.256756756757,1.72528881811,18.4864864865,15.5454545455,9.77142857143,5.36771015539,0.290358590277,0.142642642643,9.50849154237,1.02869645341,0.544491860281,8.05331334643,0.871264894205,0.461830251304,0.640599570326,0.371299902718,2,1.72528881811,0.640599570326,2,0.344071394247,0.376569037657,810,0.104247104247,0.56957682835,37,37,37,1,0,0.405405405405,0.540540540541,0.0540540540541,37,0.204954954955,1.7470611176,14.7567567568,12.4090909091,7.8,4.00974788211,0.271722841828,0.130779130779,7.24320122349,0.9816792867,0.515394515395,6.53346662854,0.88548815112,0.4752004752,0.662437730926,0.379172614085,2,1.7470611176,0.662437730926,2,0.234361257658,0.242899850523,325,0.0418275418275,0.407667795493,37,37,37,1,0,0.405405405405,0.540540540541,0.0540540540541,37,333,0.25,1.72107532424,18,15.1363636364,9.51428571429,5.23343948937,0.290746638298,0.142033925818,9.11652955412,1.01294772824,0.537618699781,8.1989159175,0.9109906575,0.477720964207,0.634758547112,0.368815087969,2,1.72107532424,0.634758547112,2,0.311912036206,0.348608837971,710,0.0913770913771,0.577998514219,37,37,37,1,0,0.405405405405,0.540540540541,0.0540540540541,-9,-0.00675675675676,-0.00421349387145,-0.486486486486,-0.409090909091,-0.257142857143,-0.134270666024,0.000388048021166,-0.000608716824933,-0.391961988256,-0.0157487251794,-0.00687316050047,0.145602571065,0.039725763295,0.0158907129035,-0.00584102321401,-0.00248481474878,0,-0.00421349387145,-0.00584102321401,0,-0.0321593580414,-0.0279601996864,-100,-0.01287001287,0.00842168586956,0,0,0,333,0,9,990,0.973684210526,1,0,0.0263157894737,1,0.973684210526,0.986666666667,0.982299486258,0.973684210526,0.973684210526,60,69,0,0,0,0
3544,WLNM_dir_neg,0.989865574459,0.967773567778,00:00:05,10,80,44,1240364579,threshold_sweep,0.7,1,0.869565217391,0.93023255814,60,0,9,138,0.869565217391,1,0,0.130434782609,1,0.869565217391,0.93023255814,0.95652173913,0.570048309179,0.898876404494,0.903507902905,0.869565217391,342,273,69,0,342,0,273,0,69,37,342,0.256756756757,1.72528881811,18.4864864865,15.5454545455,9.77142857143,5.36771015539,0.290358590277,0.142642642643,9.50849154237,1.02869645341,0.544491860281,8.05331334643,0.871264894205,0.461830251304,0.640599570326,0.371299902718,2,1.72528881811,0.640599570326,2,0.344071394247,0.376569037657,810,0.104247104247,0.56957682835,37,37,37,1,0,0.405405405405,0.540540540541,0.0540540540541,37,0.204954954955,1.7470611176,14.7567567568,12.4090909091,7.8,4.00974788211,0.271722841828,0.130779130779,7.24320122349,0.9816792867,0.515394515395,6.53346662854,0.88548815112,0.4752004752,0.662437730926,0.379172614085,2,1.7470611176,0.662437730926,2,0.234361257658,0.242899850523,325,0.0418275418275,0.407667795493,37,37,37,1,0,0.405405405405,0.540540540541,0.0540540540541,37,333,0.25,1.72107532424,18,15.1363636364,9.51428571429,5.23343948937,0.290746638298,0.142033925818,9.11652955412,1.01294772824,0.537618699781,8.1989159175,0.9109906575,0.477720964207,0.634758547112,0.368815087969,2,1.72107532424,0.634758547112,2,0.311912036206,0.348608837971,710,0.0913770913771,0.577998514219,37,37,37,1,0,0.405405405405,0.540540540541,0.0540540540541,-9,-0.00675675675676,-0.00421349387145,-0.486486486486,-0.409090909091,-0.257142857143,-0.134270666024,0.000388048021166,-0.000608716824933,-0.391961988256,-0.0157487251794,-0.00687316050047,0.145602571065,0.039725763295,0.0158907129035,-0.00584102321401,-0.00248481474878,0,-0.00421349387145,-0.00584102321401,0,-0.0321593580414,-0.0279601996864,-100,-0.01287001287,0.00842168586956,0,0,0,333,0,9,990,0.973684210526,1,0,0.0263157894737,1,0.973684210526,0.986666666667,0.982299486258,0.973684210526,0.973684210526,60,69,0,0,0,0
3545,WLNM_dir_neg,0.989865574459,0.967773567778,00:00:05,10,80,44,1240364579,threshold_sweep,0.8,1,0.869565217391,0.93023255814,60,0,9,138,0.869565217391,1,0,0.130434782609,1,0.869565217391,0.93023255814,0.95652173913,0.570048309179,0.898876404494,0.903507902905,0.869565217391,342,273,69,0,342,0,273,0,69,37,342,0.256756756757,1.72528881811,18.4864864865,15.5454545455,9.77142857143,5.36771015539,0.290358590277,0.142642642643,9.50849154237,1.02869645341,0.544491860281,8.05331334643,0.871264894205,0.461830251304,0.640599570326,0.371299902718,2,1.72528881811,0.640599570326,2,0.344071394247,0.376569037657,810,0.104247104247,0.56957682835,37,37,37,1,0,0.405405405405,0.540540540541,0.0540540540541,37,0.204954954955,1.7470611176,14.7567567568,12.4090909091,7.8,4.00974788211,0.271722841828,0.130779130779,7.24320122349,0.9816792867,0.515394515395,6.53346662854,0.88548815112,0.4752004752,0.662437730926,0.379172614085,2,1.7470611176,0.662437730926,2,0.234361257658,0.242899850523,325,0.0418275418275,0.407667795493,37,37,37,1,0,0.405405405405,0.540540540541,0.0540540540541,37,333,0.25,1.72107532424,18,15.1363636364,9.51428571429,5.23343948937,0.290746638298,0.142033925818,9.11652955412,1.01294772824,0.537618699781,8.1989159175,0.9109906575,0.477720964207,0.634758547112,0.368815087969,2,1.72107532424,0.634758547112,2,0.311912036206,0.348608837971,710,0.0913770913771,0.577998514219,37,37,37,1,0,0.405405405405,0.540540540541,0.0540540540541,-9,-0.00675675675676,-0.00421349387145,-0.486486486486,-0.409090909091,-0.257142857143,-0.134270666024,0.000388048021166,-0.000608716824933,-0.391961988256,-0.0157487251794,-0.00687316050047,0.145602571065,0.039725763295,0.0158907129035,-0.00584102321401,-0.00248481474878,0,-0.00421349387145,-0.00584102321401,0,-0.0321593580414,-0.0279601996864,-100,-0.01287001287,0.00842168586956,0,0,0,333,0,9,990,0.973684210526,1,0,0.0263157894737,1,0.973684210526,0.986666666667,0.982299486258,0.973684210526,0.973684210526,60,69,0,0,0,0
3546,WLNM_dir_neg,0.989865574459,0.967773567778,00:00:05,10,80,44,1240364579,threshold_sweep,0.9,1,0.869565217391,0.93023255814,60,0,9,138,0.869565217391,1,0,0.130434782609,1,0.869565217391,0.93023255814,0.95652173913,0.570048309179,0.898876404494,0.903507902905,0.869565217391,342,273,69,0,342,0,273,0,69,37,342,0.256756756757,1.72528881811,18.4864864865,15.5454545455,9.77142857143,5.36771015539,0.290358590277,0.142642642643,9.50849154237,1.02869645341,0.544491860281,8.05331334643,0.871264894205,0.461830251304,0.640599570326,0.371299902718,2,1.72528881811,0.640599570326,2,0.344071394247,0.376569037657,810,0.104247104247,0.56957682835,37,37,37,1,0,0.405405405405,0.540540540541,0.0540540540541,37,0.204954954955,1.7470611176,14.7567567568,12.4090909091,7.8,4.00974788211,0.271722841828,0.130779130779,7.24320122349,0.9816792867,0.515394515395,6.53346662854,0.88548815112,0.4752004752,0.662437730926,0.379172614085,2,1.7470611176,0.662437730926,2,0.234361257658,0.242899850523,325,0.0418275418275,0.407667795493,37,37,37,1,0,0.405405405405,0.540540540541,0.0540540540541,37,333,0.25,1.72107532424,18,15.1363636364,9.51428571429,5.23343948937,0.290746638298,0.142033925818,9.11652955412,1.01294772824,0.537618699781,8.1989159175,0.9109906575,0.477720964207,0.634758547112,0.368815087969,2,1.72107532424,0.634758547112,2,0.311912036206,0.348608837971,710,0.0913770913771,0.577998514219,37,37,37,1,0,0.405405405405,0.540540540541,0.0540540540541,-9,-0.00675675675676,-0.00421349387145,-0.486486486486,-0.409090909091,-0.257142857143,-0.134270666024,0.000388048021166,-0.000608716824933,-0.391961988256,-0.0157487251794,-0.00687316050047,0.145602571065,0.039725763295,0.0158907129035,-0.00584102321401,-0.00248481474878,0,-0.00421349387145,-0.00584102321401,0,-0.0321593580414,-0.0279601996864,-100,-0.01287001287,0.00842168586956,0,0,0,333,0,9,990,0.973684210526,1,0,0.0263157894737,1,0.973684210526,0.986666666667,0.982299486258,0.973684210526,0.973684210526,60,69,0,0,0,0
3547,WLNM_dir_neg,0.973009871876,0.944258807928,00:00:05,10,80,45,1240364580,threshold_sweep,0.1,1,0.768115942029,0.868852459016,53,0,16,138,0.768115942029,1,0,0.231884057971,1,0.768115942029,0.868852459016,0.92270531401,0.581320450886,0.815384615385,0.829645519672,0.768115942029,342,273,69,0,342,0,273,0,69,37,342,0.256756756757,1.72528881811,18.4864864865,15.5454545455,9.77142857143,5.36771015539,0.290358590277,0.142642642643,9.50849154237,1.02869645341,0.544491860281,8.05331334643,0.871264894205,0.461830251304,0.640599570326,0.371299902718,2,1.72528881811,0.640599570326,2,0.344071394247,0.376569037657,810,0.104247104247,0.56957682835,37,37,37,1,0,0.405405405405,0.540540540541,0.0540540540541,37,0.204954954955,1.74392182716,14.7567567568,12.4090909091,7.8,4.09203430396,0.277299027924,0.137412137412,7.3194996465,0.99202009861,0.523710523711,6.78786233472,0.919966690053,0.495000495,0.665155293679,0.38141348042,2,1.74392182716,0.665155293679,2,0.213648419144,0.235980148883,317,0.0407979407979,0.421242276974,37,37,37,1,0,0.405405405405,0.540540540541,0.0540540540541,37,326,0.244744744745,1.72747627759,17.6216216216,14.8181818182,9.31428571429,4.88393825236,0.277156005119,0.1309069806,8.82810486092,1.00196282164,0.530591941635,8.26249168041,0.93776746066,0.491792405903,0.649689397927,0.376091646731,2,1.72747627759,0.649689397927,2,0.290666210331,0.306248924083,593,0.0763191763192,0.576944918303,37,37,37,1,0,0.405405405405,0.540540540541,0.0540540540541,-16,-0.012012012012,0.00218745947277,-0.864864864865,-0.727272727273,-0.457142857143,-0.483771903035,-0.0132025851586,-0.0117356620424,-0.680386681453,-0.0267336317764,-0.0138999186464,0.209178333971,0.0665025664546,0.0299621545989,0.00908982760056,0.00479174401323,0,0.00218745947277,0.00908982760056,0,-0.0534051839164,-0.0703201135736,-217,-0.0279279279279,0.00736808995354,0,0,0,326,0,16,990,0.953216374269,1,0,0.046783625731,1,0.953216374269,0.976047904192,0.968532846771,0.953216374269,0.953216374269,53,69,0,0,0,0
3548,WLNM_dir_neg,0.973009871876,0.944258807928,00:00:05,10,80,45,1240364580,threshold_sweep,0.2,1,0.768115942029,0.868852459016,53,0,16,138,0.768115942029,1,0,0.231884057971,1,0.768115942029,0.868852459016,0.92270531401,0.581320450886,0.815384615385,0.829645519672,0.768115942029,342,273,69,0,342,0,273,0,69,37,342,0.256756756757,1.72528881811,18.4864864865,15.5454545455,9.77142857143,5.36771015539,0.290358590277,0.142642642643,9.50849154237,1.02869645341,0.544491860281,8.05331334643,0.871264894205,0.461830251304,0.640599570326,0.371299902718,2,1.72528881811,0.640599570326,2,0.344071394247,0.376569037657,810,0.104247104247,0.56957682835,37,37,37,1,0,0.405405405405,0.540540540541,0.0540540540541,37,0.204954954955,1.74392182716,14.7567567568,12.4090909091,7.8,4.09203430396,0.277299027924,0.137412137412,7.3194996465,0.99202009861,0.523710523711,6.78786233472,0.919966690053,0.495000495,0.665155293679,0.38141348042,2,1.74392182716,0.665155293679,2,0.213648419144,0.235980148883,317,0.0407979407979,0.421242276974,37,37,37,1,0,0.405405405405,0.540540540541,0.0540540540541,37,326,0.244744744745,1.72747627759,17.6216216216,14.8181818182,9.31428571429,4.88393825236,0.277156005119,0.1309069806,8.82810486092,1.00196282164,0.530591941635,8.26249168041,0.93776746066,0.491792405903,0.649689397927,0.376091646731,2,1.72747627759,0.649689397927,2,0.290666210331,0.306248924083,593,0.0763191763192,0.576944918303,37,37,37,1,0,0.405405405405,0.540540540541,0.0540540540541,-16,-0.012012012012,0.00218745947277,-0.864864864865,-0.727272727273,-0.457142857143,-0.483771903035,-0.0132025851586,-0.0117356620424,-0.680386681453,-0.0267336317764,-0.0138999186464,0.209178333971,0.0665025664546,0.0299621545989,0.00908982760056,0.00479174401323,0,0.00218745947277,0.00908982760056,0,-0.0534051839164,-0.0703201135736,-217,-0.0279279279279,0.00736808995354,0,0,0,326,0,16,990,0.953216374269,1,0,0.046783625731,1,0.953216374269,0.976047904192,0.968532846771,0.953216374269,0.953216374269,53,69,0,0,0,0
3549,WLNM_dir_neg,0.973009871876,0.944258807928,00:00:05,10,80,45,1240364580,threshold_sweep,0.3,1,0.768115942029,0.868852459016,53,0,16,138,0.768115942029,1,0,0.231884057971,1,0.768115942029,0.868852459016,0.92270531401,0.581320450886,0.815384615385,0.829645519672,0.768115942029,342,273,69,0,342,0,273,0,69,37,342,0.256756756757,1.72528881811,18.4864864865,15.5454545455,9.77142857143,5.36771015539,0.290358590277,0.142642642643,9.50849154237,1.02869645341,0.544491860281,8.05331334643,0.871264894205,0.461830251304,0.640599570326,0.371299902718,2,1.72528881811,0.640599570326,2,0.344071394247,0.376569037657,810,0.104247104247,0.56957682835,37,37,37,1,0,0.405405405405,0.540540540541,0.0540540540541,37,0.204954954955,1.74392182716,14.7567567568,12.4090909091,7.8,4.09203430396,0.277299027924,0.137412137412,7.3194996465,0.99202009861,0.523710523711,6.78786233472,0.919966690053,0.495000495,0.665155293679,0.38141348042,2,1.74392182716,0.665155293679,2,0.213648419144,0.235980148883,317,0.0407979407979,0.421242276974,37,37,37,1,0,0.405405405405,0.540540540541,0.0540540540541,37,326,0.244744744745,1.72747627759,17.6216216216,14.8181818182,9.31428571429,4.88393825236,0.277156005119,0.1309069806,8.82810486092,1.00196282164,0.530591941635,8.26249168041,0.93776746066,0.491792405903,0.649689397927,0.376091646731,2,1.72747627759,0.649689397927,2,0.290666210331,0.306248924083,593,0.0763191763192,0.576944918303,37,37,37,1,0,0.405405405405,0.540540540541,0.0540540540541,-16,-0.012012012012,0.00218745947277,-0.864864864865,-0.727272727273,-0.457142857143,-0.483771903035,-0.0132025851586,-0.0117356620424,-0.680386681453,-0.0267336317764,-0.0138999186464,0.209178333971,0.0665025664546,0.0299621545989,0.00908982760056,0.00479174401323,0,0.00218745947277,0.00908982760056,0,-0.0534051839164,-0.0703201135736,-217,-0.0279279279279,0.00736808995354,0,0,0,326,0,16,990,0.953216374269,1,0,0.046783625731,1,0.953216374269,0.976047904192,0.968532846771,0.953216374269,0.953216374269,53,69,0,0,0,0
3550,WLNM_dir_neg,0.973009871876,0.944258807928,00:00:05,10,80,45,1240364580,threshold_sweep,0.4,1,0.768115942029,0.868852459016,53,0,16,138,0.768115942029,1,0,0.231884057971,1,0.768115942029,0.868852459016,0.92270531401,0.581320450886,0.815384615385,0.829645519672,0.768115942029,342,273,69,0,342,0,273,0,69,37,342,0.256756756757,1.72528881811,18.4864864865,15.5454545455,9.77142857143,5.36771015539,0.290358590277,0.142642642643,9.50849154237,1.02869645341,0.544491860281,8.05331334643,0.871264894205,0.461830251304,0.640599570326,0.371299902718,2,1.72528881811,0.640599570326,2,0.344071394247,0.376569037657,810,0.104247104247,0.56957682835,37,37,37,1,0,0.405405405405,0.540540540541,0.0540540540541,37,0.204954954955,1.74392182716,14.7567567568,12.4090909091,7.8,4.09203430396,0.277299027924,0.137412137412,7.3194996465,0.99202009861,0.523710523711,6.78786233472,0.919966690053,0.495000495,0.665155293679,0.38141348042,2,1.74392182716,0.665155293679,2,0.213648419144,0.235980148883,317,0.0407979407979,0.421242276974,37,37,37,1,0,0.405405405405,0.540540540541,0.0540540540541,37,326,0.244744744745,1.72747627759,17.6216216216,14.8181818182,9.31428571429,4.88393825236,0.277156005119,0.1309069806,8.82810486092,1.00196282164,0.530591941635,8.26249168041,0.93776746066,0.491792405903,0.649689397927,0.376091646731,2,1.72747627759,0.649689397927,2,0.290666210331,0.306248924083,593,0.0763191763192,0.576944918303,37,37,37,1,0,0.405405405405,0.540540540541,0.0540540540541,-16,-0.012012012012,0.00218745947277,-0.864864864865,-0.727272727273,-0.457142857143,-0.483771903035,-0.0132025851586,-0.0117356620424,-0.680386681453,-0.0267336317764,-0.0138999186464,0.209178333971,0.0665025664546,0.0299621545989,0.00908982760056,0.00479174401323,0,0.00218745947277,0.00908982760056,0,-0.0534051839164,-0.0703201135736,-217,-0.0279279279279,0.00736808995354,0,0,0,326,0,16,990,0.953216374269,1,0,0.046783625731,1,0.953216374269,0.976047904192,0.968532846771,0.953216374269,0.953216374269,53,69,0,0,0,0
3551,WLNM_dir_neg,0.973009871876,0.944258807928,00:00:05,10,80,45,1240364580,threshold_sweep,0.5,1,0.768115942029,0.868852459016,53,0,16,138,0.768115942029,1,0,0.231884057971,1,0.768115942029,0.868852459016,0.92270531401,0.581320450886,0.815384615385,0.829645519672,0.768115942029,342,273,69,0,342,0,273,0,69,37,342,0.256756756757,1.72528881811,18.4864864865,15.5454545455,9.77142857143,5.36771015539,0.290358590277,0.142642642643,9.50849154237,1.02869645341,0.544491860281,8.05331334643,0.871264894205,0.461830251304,0.640599570326,0.371299902718,2,1.72528881811,0.640599570326,2,0.344071394247,0.376569037657,810,0.104247104247,0.56957682835,37,37,37,1,0,0.405405405405,0.540540540541,0.0540540540541,37,0.204954954955,1.74392182716,14.7567567568,12.4090909091,7.8,4.09203430396,0.277299027924,0.137412137412,7.3194996465,0.99202009861,0.523710523711,6.78786233472,0.919966690053,0.495000495,0.665155293679,0.38141348042,2,1.74392182716,0.665155293679,2,0.213648419144,0.235980148883,317,0.0407979407979,0.421242276974,37,37,37,1,0,0.405405405405,0.540540540541,0.0540540540541,37,326,0.244744744745,1.72747627759,17.6216216216,14.8181818182,9.31428571429,4.88393825236,0.277156005119,0.1309069806,8.82810486092,1.00196282164,0.530591941635,8.26249168041,0.93776746066,0.491792405903,0.649689397927,0.376091646731,2,1.72747627759,0.649689397927,2,0.290666210331,0.306248924083,593,0.0763191763192,0.576944918303,37,37,37,1,0,0.405405405405,0.540540540541,0.0540540540541,-16,-0.012012012012,0.00218745947277,-0.864864864865,-0.727272727273,-0.457142857143,-0.483771903035,-0.0132025851586,-0.0117356620424,-0.680386681453,-0.0267336317764,-0.0138999186464,0.209178333971,0.0665025664546,0.0299621545989,0.00908982760056,0.00479174401323,0,0.00218745947277,0.00908982760056,0,-0.0534051839164,-0.0703201135736,-217,-0.0279279279279,0.00736808995354,0,0,0,326,0,16,990,0.953216374269,1,0,0.046783625731,1,0.953216374269,0.976047904192,0.968532846771,0.953216374269,0.953216374269,53,69,0,0,0,0
3552,WLNM_dir_neg,0.973009871876,0.944258807928,00:00:05,10,80,45,1240364580,threshold_sweep,0.6,1,0.768115942029,0.868852459016,53,0,16,138,0.768115942029,1,0,0.231884057971,1,0.768115942029,0.868852459016,0.92270531401,0.581320450886,0.815384615385,0.829645519672,0.768115942029,342,273,69,0,342,0,273,0,69,37,342,0.256756756757,1.72528881811,18.4864864865,15.5454545455,9.77142857143,5.36771015539,0.290358590277,0.142642642643,9.50849154237,1.02869645341,0.544491860281,8.05331334643,0.871264894205,0.461830251304,0.640599570326,0.371299902718,2,1.72528881811,0.640599570326,2,0.344071394247,0.376569037657,810,0.104247104247,0.56957682835,37,37,37,1,0,0.405405405405,0.540540540541,0.0540540540541,37,0.204954954955,1.74392182716,14.7567567568,12.4090909091,7.8,4.09203430396,0.277299027924,0.137412137412,7.3194996465,0.99202009861,0.523710523711,6.78786233472,0.919966690053,0.495000495,0.665155293679,0.38141348042,2,1.74392182716,0.665155293679,2,0.213648419144,0.235980148883,317,0.0407979407979,0.421242276974,37,37,37,1,0,0.405405405405,0.540540540541,0.0540540540541,37,326,0.244744744745,1.72747627759,17.6216216216,14.8181818182,9.31428571429,4.88393825236,0.277156005119,0.1309069806,8.82810486092,1.00196282164,0.530591941635,8.26249168041,0.93776746066,0.491792405903,0.649689397927,0.376091646731,2,1.72747627759,0.649689397927,2,0.290666210331,0.306248924083,593,0.0763191763192,0.576944918303,37,37,37,1,0,0.405405405405,0.540540540541,0.0540540540541,-16,-0.012012012012,0.00218745947277,-0.864864864865,-0.727272727273,-0.457142857143,-0.483771903035,-0.0132025851586,-0.0117356620424,-0.680386681453,-0.0267336317764,-0.0138999186464,0.209178333971,0.0665025664546,0.0299621545989,0.00908982760056,0.00479174401323,0,0.00218745947277,0.00908982760056,0,-0.0534051839164,-0.0703201135736,-217,-0.0279279279279,0.00736808995354,0,0,0,326,0,16,990,0.953216374269,1,0,0.046783625731,1,0.953216374269,0.976047904192,0.968532846771,0.953216374269,0.953216374269,53,69,0,0,0,0
3553,WLNM_dir_neg,0.973009871876,0.944258807928,00:00:05,10,80,45,1240364580,threshold_sweep,0.7,1,0.768115942029,0.868852459016,53,0,16,138,0.768115942029,1,0,0.231884057971,1,0.768115942029,0.868852459016,0.92270531401,0.581320450886,0.815384615385,0.829645519672,0.768115942029,342,273,69,0,342,0,273,0,69,37,342,0.256756756757,1.72528881811,18.4864864865,15.5454545455,9.77142857143,5.36771015539,0.290358590277,0.142642642643,9.50849154237,1.02869645341,0.544491860281,8.05331334643,0.871264894205,0.461830251304,0.640599570326,0.371299902718,2,1.72528881811,0.640599570326,2,0.344071394247,0.376569037657,810,0.104247104247,0.56957682835,37,37,37,1,0,0.405405405405,0.540540540541,0.0540540540541,37,0.204954954955,1.74392182716,14.7567567568,12.4090909091,7.8,4.09203430396,0.277299027924,0.137412137412,7.3194996465,0.99202009861,0.523710523711,6.78786233472,0.919966690053,0.495000495,0.665155293679,0.38141348042,2,1.74392182716,0.665155293679,2,0.213648419144,0.235980148883,317,0.0407979407979,0.421242276974,37,37,37,1,0,0.405405405405,0.540540540541,0.0540540540541,37,326,0.244744744745,1.72747627759,17.6216216216,14.8181818182,9.31428571429,4.88393825236,0.277156005119,0.1309069806,8.82810486092,1.00196282164,0.530591941635,8.26249168041,0.93776746066,0.491792405903,0.649689397927,0.376091646731,2,1.72747627759,0.649689397927,2,0.290666210331,0.306248924083,593,0.0763191763192,0.576944918303,37,37,37,1,0,0.405405405405,0.540540540541,0.0540540540541,-16,-0.012012012012,0.00218745947277,-0.864864864865,-0.727272727273,-0.457142857143,-0.483771903035,-0.0132025851586,-0.0117356620424,-0.680386681453,-0.0267336317764,-0.0138999186464,0.209178333971,0.0665025664546,0.0299621545989,0.00908982760056,0.00479174401323,0,0.00218745947277,0.00908982760056,0,-0.0534051839164,-0.0703201135736,-217,-0.0279279279279,0.00736808995354,0,0,0,326,0,16,990,0.953216374269,1,0,0.046783625731,1,0.953216374269,0.976047904192,0.968532846771,0.953216374269,0.953216374269,53,69,0,0,0,0
3554,WLNM_dir_neg,0.973009871876,0.944258807928,00:00:05,10,80,45,1240364580,threshold_sweep,0.8,1,0.768115942029,0.868852459016,53,0,16,138,0.768115942029,1,0,0.231884057971,1,0.768115942029,0.868852459016,0.92270531401,0.581320450886,0.815384615385,0.829645519672,0.768115942029,342,273,69,0,342,0,273,0,69,37,342,0.256756756757,1.72528881811,18.4864864865,15.5454545455,9.77142857143,5.36771015539,0.290358590277,0.142642642643,9.50849154237,1.02869645341,0.544491860281,8.05331334643,0.871264894205,0.461830251304,0.640599570326,0.371299902718,2,1.72528881811,0.640599570326,2,0.344071394247,0.376569037657,810,0.104247104247,0.56957682835,37,37,37,1,0,0.405405405405,0.540540540541,0.0540540540541,37,0.204954954955,1.74392182716,14.7567567568,12.4090909091,7.8,4.09203430396,0.277299027924,0.137412137412,7.3194996465,0.99202009861,0.523710523711,6.78786233472,0.919966690053,0.495000495,0.665155293679,0.38141348042,2,1.74392182716,0.665155293679,2,0.213648419144,0.235980148883,317,0.0407979407979,0.421242276974,37,37,37,1,0,0.405405405405,0.540540540541,0.0540540540541,37,326,0.244744744745,1.72747627759,17.6216216216,14.8181818182,9.31428571429,4.88393825236,0.277156005119,0.1309069806,8.82810486092,1.00196282164,0.530591941635,8.26249168041,0.93776746066,0.491792405903,0.649689397927,0.376091646731,2,1.72747627759,0.649689397927,2,0.290666210331,0.306248924083,593,0.0763191763192,0.576944918303,37,37,37,1,0,0.405405405405,0.540540540541,0.0540540540541,-16,-0.012012012012,0.00218745947277,-0.864864864865,-0.727272727273,-0.457142857143,-0.483771903035,-0.0132025851586,-0.0117356620424,-0.680386681453,-0.0267336317764,-0.0138999186464,0.209178333971,0.0665025664546,0.0299621545989,0.00908982760056,0.00479174401323,0,0.00218745947277,0.00908982760056,0,-0.0534051839164,-0.0703201135736,-217,-0.0279279279279,0.00736808995354,0,0,0,326,0,16,990,0.953216374269,1,0,0.046783625731,1,0.953216374269,0.976047904192,0.968532846771,0.953216374269,0.953216374269,53,69,0,0,0,0
3555,WLNM_dir_neg,0.973009871876,0.944258807928,00:00:05,10,80,45,1240364580,threshold_sweep,0.9,1,0.768115942029,0.868852459016,53,0,16,138,0.768115942029,1,0,0.231884057971,1,0.768115942029,0.868852459016,0.92270531401,0.581320450886,0.815384615385,0.829645519672,0.768115942029,342,273,69,0,342,0,273,0,69,37,342,0.256756756757,1.72528881811,18.4864864865,15.5454545455,9.77142857143,5.36771015539,0.290358590277,0.142642642643,9.50849154237,1.02869645341,0.544491860281,8.05331334643,0.871264894205,0.461830251304,0.640599570326,0.371299902718,2,1.72528881811,0.640599570326,2,0.344071394247,0.376569037657,810,0.104247104247,0.56957682835,37,37,37,1,0,0.405405405405,0.540540540541,0.0540540540541,37,0.204954954955,1.74392182716,14.7567567568,12.4090909091,7.8,4.09203430396,0.277299027924,0.137412137412,7.3194996465,0.99202009861,0.523710523711,6.78786233472,0.919966690053,0.495000495,0.665155293679,0.38141348042,2,1.74392182716,0.665155293679,2,0.213648419144,0.235980148883,317,0.0407979407979,0.421242276974,37,37,37,1,0,0.405405405405,0.540540540541,0.0540540540541,37,326,0.244744744745,1.72747627759,17.6216216216,14.8181818182,9.31428571429,4.88393825236,0.277156005119,0.1309069806,8.82810486092,1.00196282164,0.530591941635,8.26249168041,0.93776746066,0.491792405903,0.649689397927,0.376091646731,2,1.72747627759,0.649689397927,2,0.290666210331,0.306248924083,593,0.0763191763192,0.576944918303,37,37,37,1,0,0.405405405405,0.540540540541,0.0540540540541,-16,-0.012012012012,0.00218745947277,-0.864864864865,-0.727272727273,-0.457142857143,-0.483771903035,-0.0132025851586,-0.0117356620424,-0.680386681453,-0.0267336317764,-0.0138999186464,0.209178333971,0.0665025664546,0.0299621545989,0.00908982760056,0.00479174401323,0,0.00218745947277,0.00908982760056,0,-0.0534051839164,-0.0703201135736,-217,-0.0279279279279,0.00736808995354,0,0,0,326,0,16,990,0.953216374269,1,0,0.046783625731,1,0.953216374269,0.976047904192,0.968532846771,0.953216374269,0.953216374269,53,69,0,0,0,0
3556,WLNM_dir_neg,0.952583490863,0.895779907321,00:00:05,10,80,46,1240364581,threshold_sweep,0.1,1,0.768115942029,0.868852459016,53,0,16,138,0.768115942029,1,0,0.231884057971,1,0.768115942029,0.868852459016,0.92270531401,0.581320450886,0.815384615385,0.829645519672,0.768115942029,342,273,69,0,342,0,273,0,69,37,342,0.256756756757,1.72528881811,18.4864864865,15.5454545455,9.77142857143,5.36771015539,0.290358590277,0.142642642643,9.50849154237,1.02869645341,0.544491860281,8.05331334643,0.871264894205,0.461830251304,0.640599570326,0.371299902718,2,1.72528881811,0.640599570326,2,0.344071394247,0.376569037657,810,0.104247104247,0.56957682835,37,37,37,1,0,0.405405405405,0.540540540541,0.0540540540541,37,0.204954954955,1.75497025967,14.7567567568,12.4090909091,7.8,4.10558836902,0.278217526839,0.132066132066,7.43621525356,1.00783869737,0.528066528067,6.60955264645,0.895800175526,0.475992475992,0.676395235572,0.385416921937,2,1.75497025967,0.676395235572,2,0.255243055593,0.24199553239,325,0.0418275418275,0.408828580945,37,37,37,1,0,0.405405405405,0.540540540541,0.0540540540541,37,326,0.244744744745,1.73383362295,17.6216216216,14.8181818182,9.31428571429,5.18197383753,0.294069067467,0.140606864533,9.07939620434,1.03048361828,0.54335931023,8.05135543398,0.913804144348,0.48018570718,0.656779548239,0.378801944746,2,1.73383362295,0.656779548239,2,0.316855392173,0.324808184143,635,0.0817245817246,0.559487153804,37,37,37,1,0,0.405405405405,0.540540540541,0.0540540540541,-16,-0.012012012012,0.0085448048326,-0.864864864865,-0.727272727273,-0.457142857143,-0.185736317863,0.00371047719011,-0.0020357781094,-0.429095338032,0.0017871648695,-0.00113255005086,-0.00195791245144,0.0425392501429,0.0183554558756,0.016179977913,0.00750204202857,0,0.0085448048326,0.016179977913,0,-0.0272160020746,-0.0517608535137,-175,-0.0225225225225,-0.0100896745459,0,0,0,326,0,16,990,0.953216374269,1,0,0.046783625731,1,0.953216374269,0.976047904192,0.968532846771,0.953216374269,0.953216374269,53,69,0,0,0,0
3557,WLNM_dir_neg,0.952583490863,0.895779907321,00:00:05,10,80,46,1240364581,threshold_sweep,0.2,1,0.768115942029,0.868852459016,53,0,16,138,0.768115942029,1,0,0.231884057971,1,0.768115942029,0.868852459016,0.92270531401,0.581320450886,0.815384615385,0.829645519672,0.768115942029,342,273,69,0,342,0,273,0,69,37,342,0.256756756757,1.72528881811,18.4864864865,15.5454545455,9.77142857143,5.36771015539,0.290358590277,0.142642642643,9.50849154237,1.02869645341,0.544491860281,8.05331334643,0.871264894205,0.461830251304,0.640599570326,0.371299902718,2,1.72528881811,0.640599570326,2,0.344071394247,0.376569037657,810,0.104247104247,0.56957682835,37,37,37,1,0,0.405405405405,0.540540540541,0.0540540540541,37,0.204954954955,1.75497025967,14.7567567568,12.4090909091,7.8,4.10558836902,0.278217526839,0.132066132066,7.43621525356,1.00783869737,0.528066528067,6.60955264645,0.895800175526,0.475992475992,0.676395235572,0.385416921937,2,1.75497025967,0.676395235572,2,0.255243055593,0.24199553239,325,0.0418275418275,0.408828580945,37,37,37,1,0,0.405405405405,0.540540540541,0.0540540540541,37,326,0.244744744745,1.73383362295,17.6216216216,14.8181818182,9.31428571429,5.18197383753,0.294069067467,0.140606864533,9.07939620434,1.03048361828,0.54335931023,8.05135543398,0.913804144348,0.48018570718,0.656779548239,0.378801944746,2,1.73383362295,0.656779548239,2,0.316855392173,0.324808184143,635,0.0817245817246,0.559487153804,37,37,37,1,0,0.405405405405,0.540540540541,0.0540540540541,-16,-0.012012012012,0.0085448048326,-0.864864864865,-0.727272727273,-0.457142857143,-0.185736317863,0.00371047719011,-0.0020357781094,-0.429095338032,0.0017871648695,-0.00113255005086,-0.00195791245144,0.0425392501429,0.0183554558756,0.016179977913,0.00750204202857,0,0.0085448048326,0.016179977913,0,-0.0272160020746,-0.0517608535137,-175,-0.0225225225225,-0.0100896745459,0,0,0,326,0,16,990,0.953216374269,1,0,0.046783625731,1,0.953216374269,0.976047904192,0.968532846771,0.953216374269,0.953216374269,53,69,0,0,0,0
3558,WLNM_dir_neg,0.952583490863,0.895779907321,00:00:05,10,80,46,1240364581,threshold_sweep,0.3,1,0.753623188406,0.859504132231,52,0,17,138,0.753623188406,1,0,0.246376811594,1,0.753623188406,0.859504132231,0.917874396135,0.582930756844,0.803088803089,0.819126206354,0.753623188406,342,273,69,0,342,0,273,0,69,37,342,0.256756756757,1.72528881811,18.4864864865,15.5454545455,9.77142857143,5.36771015539,0.290358590277,0.142642642643,9.50849154237,1.02869645341,0.544491860281,8.05331334643,0.871264894205,0.461830251304,0.640599570326,0.371299902718,2,1.72528881811,0.640599570326,2,0.344071394247,0.376569037657,810,0.104247104247,0.56957682835,37,37,37,1,0,0.405405405405,0.540540540541,0.0540540540541,37,0.204954954955,1.75497025967,14.7567567568,12.4090909091,7.8,4.10558836902,0.278217526839,0.132066132066,7.43621525356,1.00783869737,0.528066528067,6.60955264645,0.895800175526,0.475992475992,0.676395235572,0.385416921937,2,1.75497025967,0.676395235572,2,0.255243055593,0.24199553239,325,0.0418275418275,0.408828580945,37,37,37,1,0,0.405405405405,0.540540540541,0.0540540540541,37,325,0.243993993994,1.73320621908,17.5675675676,14.7727272727,9.28571428571,5.08013856187,0.289177118137,0.138212058212,9.01275372623,1.02606734729,0.542037422037,8.07305234556,0.919085959341,0.482328482328,0.655862969479,0.378410233162,2,1.73320621908,0.655862969479,2,0.311384808674,0.316359883021,613,0.0788931788932,0.560342825096,37,37,37,1,0,0.405405405405,0.540540540541,0.0540540540541,-17,-0.0127627627628,0.00791740096303,-0.918918918919,-0.772727272727,-0.485714285714,-0.287571593522,-0.00118147213986,-0.00443058443058,-0.495737816142,-0.00262910612057,-0.00245443824391,0.0197389991271,0.047821065136,0.0204982310245,0.0152633991526,0.007110330444,0,0.00791740096303,0.0152633991526,0,-0.0326865855737,-0.0602091546361,-197,-0.0253539253539,-0.00923400325405,0,0,0,325,0,17,990,0.950292397661,1,0,0.0497076023392,1,0.950292397661,0.974512743628,0.966565944778,0.950292397661,0.950292397661,52,69,0,0,0,0
3559,WLNM_dir_neg,0.952583490863,0.895779907321,00:00:05,10,80,46,1240364581,threshold_sweep,0.4,1,0.753623188406,0.859504132231,52,0,17,138,0.753623188406,1,0,0.246376811594,1,0.753623188406,0.859504132231,0.917874396135,0.582930756844,0.803088803089,0.819126206354,0.753623188406,342,273,69,0,342,0,273,0,69,37,342,0.256756756757,1.72528881811,18.4864864865,15.5454545455,9.77142857143,5.36771015539,0.290358590277,0.142642642643,9.50849154237,1.02869645341,0.544491860281,8.05331334643,0.871264894205,0.461830251304,0.640599570326,0.371299902718,2,1.72528881811,0.640599570326,2,0.344071394247,0.376569037657,810,0.104247104247,0.56957682835,37,37,37,1,0,0.405405405405,0.540540540541,0.0540540540541,37,0.204954954955,1.75497025967,14.7567567568,12.4090909091,7.8,4.10558836902,0.278217526839,0.132066132066,7.43621525356,1.00783869737,0.528066528067,6.60955264645,0.895800175526,0.475992475992,0.676395235572,0.385416921937,2,1.75497025967,0.676395235572,2,0.255243055593,0.24199553239,325,0.0418275418275,0.408828580945,37,37,37,1,0,0.405405405405,0.540540540541,0.0540540540541,37,325,0.243993993994,1.73320621908,17.5675675676,14.7727272727,9.28571428571,5.08013856187,0.289177118137,0.138212058212,9.01275372623,1.02606734729,0.542037422037,8.07305234556,0.919085959341,0.482328482328,0.655862969479,0.378410233162,2,1.73320621908,0.655862969479,2,0.311384808674,0.316359883021,613,0.0788931788932,0.560342825096,37,37,37,1,0,0.405405405405,0.540540540541,0.0540540540541,-17,-0.0127627627628,0.00791740096303,-0.918918918919,-0.772727272727,-0.485714285714,-0.287571593522,-0.00118147213986,-0.00443058443058,-0.495737816142,-0.00262910612057,-0.00245443824391,0.0197389991271,0.047821065136,0.0204982310245,0.0152633991526,0.007110330444,0,0.00791740096303,0.0152633991526,0,-0.0326865855737,-0.0602091546361,-197,-0.0253539253539,-0.00923400325405,0,0,0,325,0,17,990,0.950292397661,1,0,0.0497076023392,1,0.950292397661,0.974512743628,0.966565944778,0.950292397661,0.950292397661,52,69,0,0,0,0
3560,WLNM_dir_neg,0.952583490863,0.895779907321,00:00:05,10,80,46,1240364581,threshold_sweep,0.5,1,0.753623188406,0.859504132231,52,0,17,138,0.753623188406,1,0,0.246376811594,1,0.753623188406,0.859504132231,0.917874396135,0.582930756844,0.803088803089,0.819126206354,0.753623188406,342,273,69,0,342,0,273,0,69,37,342,0.256756756757,1.72528881811,18.4864864865,15.5454545455,9.77142857143,5.36771015539,0.290358590277,0.142642642643,9.50849154237,1.02869645341,0.544491860281,8.05331334643,0.871264894205,0.461830251304,0.640599570326,0.371299902718,2,1.72528881811,0.640599570326,2,0.344071394247,0.376569037657,810,0.104247104247,0.56957682835,37,37,37,1,0,0.405405405405,0.540540540541,0.0540540540541,37,0.204954954955,1.75497025967,14.7567567568,12.4090909091,7.8,4.10558836902,0.278217526839,0.132066132066,7.43621525356,1.00783869737,0.528066528067,6.60955264645,0.895800175526,0.475992475992,0.676395235572,0.385416921937,2,1.75497025967,0.676395235572,2,0.255243055593,0.24199553239,325,0.0418275418275,0.408828580945,37,37,37,1,0,0.405405405405,0.540540540541,0.0540540540541,37,325,0.243993993994,1.73320621908,17.5675675676,14.7727272727,9.28571428571,5.08013856187,0.289177118137,0.138212058212,9.01275372623,1.02606734729,0.542037422037,8.07305234556,0.919085959341,0.482328482328,0.655862969479,0.378410233162,2,1.73320621908,0.655862969479,2,0.311384808674,0.316359883021,613,0.0788931788932,0.560342825096,37,37,37,1,0,0.405405405405,0.540540540541,0.0540540540541,-17,-0.0127627627628,0.00791740096303,-0.918918918919,-0.772727272727,-0.485714285714,-0.287571593522,-0.00118147213986,-0.00443058443058,-0.495737816142,-0.00262910612057,-0.00245443824391,0.0197389991271,0.047821065136,0.0204982310245,0.0152633991526,0.007110330444,0,0.00791740096303,0.0152633991526,0,-0.0326865855737,-0.0602091546361,-197,-0.0253539253539,-0.00923400325405,0,0,0,325,0,17,990,0.950292397661,1,0,0.0497076023392,1,0.950292397661,0.974512743628,0.966565944778,0.950292397661,0.950292397661,52,69,0,0,0,0
3561,WLNM_dir_neg,0.952583490863,0.895779907321,00:00:05,10,80,46,1240364581,threshold_sweep,0.6,1,0.753623188406,0.859504132231,52,0,17,138,0.753623188406,1,0,0.246376811594,1,0.753623188406,0.859504132231,0.917874396135,0.582930756844,0.803088803089,0.819126206354,0.753623188406,342,273,69,0,342,0,273,0,69,37,342,0.256756756757,1.72528881811,18.4864864865,15.5454545455,9.77142857143,5.36771015539,0.290358590277,0.142642642643,9.50849154237,1.02869645341,0.544491860281,8.05331334643,0.871264894205,0.461830251304,0.640599570326,0.371299902718,2,1.72528881811,0.640599570326,2,0.344071394247,0.376569037657,810,0.104247104247,0.56957682835,37,37,37,1,0,0.405405405405,0.540540540541,0.0540540540541,37,0.204954954955,1.75497025967,14.7567567568,12.4090909091,7.8,4.10558836902,0.278217526839,0.132066132066,7.43621525356,1.00783869737,0.528066528067,6.60955264645,0.895800175526,0.475992475992,0.676395235572,0.385416921937,2,1.75497025967,0.676395235572,2,0.255243055593,0.24199553239,325,0.0418275418275,0.408828580945,37,37,37,1,0,0.405405405405,0.540540540541,0.0540540540541,37,325,0.243993993994,1.73320621908,17.5675675676,14.7727272727,9.28571428571,5.08013856187,0.289177118137,0.138212058212,9.01275372623,1.02606734729,0.542037422037,8.07305234556,0.919085959341,0.482328482328,0.655862969479,0.378410233162,2,1.73320621908,0.655862969479,2,0.311384808674,0.316359883021,613,0.0788931788932,0.560342825096,37,37,37,1,0,0.405405405405,0.540540540541,0.0540540540541,-17,-0.0127627627628,0.00791740096303,-0.918918918919,-0.772727272727,-0.485714285714,-0.287571593522,-0.00118147213986,-0.00443058443058,-0.495737816142,-0.00262910612057,-0.00245443824391,0.0197389991271,0.047821065136,0.0204982310245,0.0152633991526,0.007110330444,0,0.00791740096303,0.0152633991526,0,-0.0326865855737,-0.0602091546361,-197,-0.0253539253539,-0.00923400325405,0,0,0,325,0,17,990,0.950292397661,1,0,0.0497076023392,1,0.950292397661,0.974512743628,0.966565944778,0.950292397661,0.950292397661,52,69,0,0,0,0
3562,WLNM_dir_neg,0.952583490863,0.895779907321,00:00:05,10,80,46,1240364581,threshold_sweep,0.7,1,0.739130434783,0.85,51,0,18,138,0.739130434783,1,0,0.260869565217,1,0.739130434783,0.85,0.913043478261,0.584541062802,0.790697674419,0.808607540063,0.739130434783,342,273,69,0,342,0,273,0,69,37,342,0.256756756757,1.72528881811,18.4864864865,15.5454545455,9.77142857143,5.36771015539,0.290358590277,0.142642642643,9.50849154237,1.02869645341,0.544491860281,8.05331334643,0.871264894205,0.461830251304,0.640599570326,0.371299902718,2,1.72528881811,0.640599570326,2,0.344071394247,0.376569037657,810,0.104247104247,0.56957682835,37,37,37,1,0,0.405405405405,0.540540540541,0.0540540540541,37,0.204954954955,1.75497025967,14.7567567568,12.4090909091,7.8,4.10558836902,0.278217526839,0.132066132066,7.43621525356,1.00783869737,0.528066528067,6.60955264645,0.895800175526,0.475992475992,0.676395235572,0.385416921937,2,1.75497025967,0.676395235572,2,0.255243055593,0.24199553239,325,0.0418275418275,0.408828580945,37,37,37,1,0,0.405405405405,0.540540540541,0.0540540540541,37,324,0.243243243243,1.73381649229,17.5135135135,14.7272727273,9.25714285714,5.01454341348,0.286324238115,0.137637637638,8.94863554281,1.02191208359,0.540707374041,8.04295898219,0.918486056608,0.482982982983,0.656754244439,0.378791093152,2,1.73381649229,0.656754244439,2,0.307793547143,0.31264088781,601,0.0773487773488,0.558005307584,37,37,37,1,0,0.405405405405,0.540540540541,0.0540540540541,-18,-0.0135135135135,0.00852767417496,-0.972972972973,-0.818181818182,-0.514285714286,-0.353166741916,-0.00403435216192,-0.00500500500501,-0.559855999563,-0.00678436982208,-0.00378448624063,-0.0103543642443,0.0472211624032,0.021152731679,0.0161546741129,0.007491190434,0,0.00852767417496,0.0161546741129,0,-0.0362778471043,-0.063928149847,-209,-0.0268983268983,-0.0115715207663,0,0,0,324,0,18,990,0.947368421053,1,0,0.0526315789474,1,0.947368421053,0.972972972973,0.96459894662,0.947368421053,0.947368421053,51,69,0,0,0,0
3563,WLNM_dir_neg,0.952583490863,0.895779907321,00:00:05,10,80,46,1240364581,threshold_sweep,0.8,1,0.739130434783,0.85,51,0,18,138,0.739130434783,1,0,0.260869565217,1,0.739130434783,0.85,0.913043478261,0.584541062802,0.790697674419,0.808607540063,0.739130434783,342,273,69,0,342,0,273,0,69,37,342,0.256756756757,1.72528881811,18.4864864865,15.5454545455,9.77142857143,5.36771015539,0.290358590277,0.142642642643,9.50849154237,1.02869645341,0.544491860281,8.05331334643,0.871264894205,0.461830251304,0.640599570326,0.371299902718,2,1.72528881811,0.640599570326,2,0.344071394247,0.376569037657,810,0.104247104247,0.56957682835,37,37,37,1,0,0.405405405405,0.540540540541,0.0540540540541,37,0.204954954955,1.75497025967,14.7567567568,12.4090909091,7.8,4.10558836902,0.278217526839,0.132066132066,7.43621525356,1.00783869737,0.528066528067,6.60955264645,0.895800175526,0.475992475992,0.676395235572,0.385416921937,2,1.75497025967,0.676395235572,2,0.255243055593,0.24199553239,325,0.0418275418275,0.408828580945,37,37,37,1,0,0.405405405405,0.540540540541,0.0540540540541,37,324,0.243243243243,1.73381649229,17.5135135135,14.7272727273,9.25714285714,5.01454341348,0.286324238115,0.137637637638,8.94863554281,1.02191208359,0.540707374041,8.04295898219,0.918486056608,0.482982982983,0.656754244439,0.378791093152,2,1.73381649229,0.656754244439,2,0.307793547143,0.31264088781,601,0.0773487773488,0.558005307584,37,37,37,1,0,0.405405405405,0.540540540541,0.0540540540541,-18,-0.0135135135135,0.00852767417496,-0.972972972973,-0.818181818182,-0.514285714286,-0.353166741916,-0.00403435216192,-0.00500500500501,-0.559855999563,-0.00678436982208,-0.00378448624063,-0.0103543642443,0.0472211624032,0.021152731679,0.0161546741129,0.007491190434,0,0.00852767417496,0.0161546741129,0,-0.0362778471043,-0.063928149847,-209,-0.0268983268983,-0.0115715207663,0,0,0,324,0,18,990,0.947368421053,1,0,0.0526315789474,1,0.947368421053,0.972972972973,0.96459894662,0.947368421053,0.947368421053,51,69,0,0,0,0
3564,WLNM_dir_neg,0.952583490863,0.895779907321,00:00:05,10,80,46,1240364581,threshold_sweep,0.9,1,0.68115942029,0.810344827586,47,0,22,138,0.68115942029,1,0,0.31884057971,1,0.68115942029,0.810344827586,0.893719806763,0.590982286634,0.740157480315,0.766485485838,0.68115942029,342,273,69,0,342,0,273,0,69,37,342,0.256756756757,1.72528881811,18.4864864865,15.5454545455,9.77142857143,5.36771015539,0.290358590277,0.142642642643,9.50849154237,1.02869645341,0.544491860281,8.05331334643,0.871264894205,0.461830251304,0.640599570326,0.371299902718,2,1.72528881811,0.640599570326,2,0.344071394247,0.376569037657,810,0.104247104247,0.56957682835,37,37,37,1,0,0.405405405405,0.540540540541,0.0540540540541,37,0.204954954955,1.75497025967,14.7567567568,12.4090909091,7.8,4.10558836902,0.278217526839,0.132066132066,7.43621525356,1.00783869737,0.528066528067,6.60955264645,0.895800175526,0.475992475992,0.676395235572,0.385416921937,2,1.75497025967,0.676395235572,2,0.255243055593,0.24199553239,325,0.0418275418275,0.408828580945,37,37,37,1,0,0.405405405405,0.540540540541,0.0540540540541,37,320,0.24024024024,1.73183966029,17.2972972973,14.5454545455,9.14285714286,4.75432472635,0.274859398242,0.130236486486,8.7312218065,1.00954752138,0.535472972973,8.09738029041,0.936259596079,0.488344594595,0.654226773251,0.377764055328,2,1.73183966029,0.654226773251,2,0.289711294267,0.28678839957,534,0.0687258687259,0.56004966055,37,37,37,1,0,0.405405405405,0.540540540541,0.0540540540541,-22,-0.0165165165165,0.00655084217862,-1.18918918919,-1,-0.628571428571,-0.613385429041,-0.0154991920349,-0.0124061561562,-0.777269735879,-0.0191489320387,-0.00901888730836,0.0440669439787,0.0649947018741,0.0265143432907,0.0136272029248,0.00646415261058,0,0.00655084217862,0.0136272029248,0,-0.0543600999803,-0.0897806380865,-276,-0.0355212355212,-0.00952716780007,0,0,0,320,0,22,990,0.93567251462,1,0,0.0643274853801,1,0.93567251462,0.966767371601,0.95672974647,0.93567251462,0.93567251462,47,69,0,0,0,0
3565,WLNM_dir_neg,0.982566687671,0.948439014418,00:00:05,10,80,47,1240364582,threshold_sweep,0.1,1,0.884057971014,0.938461538462,61,0,8,138,0.884057971014,1,0,0.115942028986,1,0.884057971014,0.938461538462,0.961352657005,0.568438003221,0.910447761194,0.914120581956,0.884057971014,342,273,69,0,342,0,273,0,69,37,342,0.256756756757,1.72528881811,18.4864864865,15.5454545455,9.77142857143,5.36771015539,0.290358590277,0.142642642643,9.50849154237,1.02869645341,0.544491860281,8.05331334643,0.871264894205,0.461830251304,0.640599570326,0.371299902718,2,1.72528881811,0.640599570326,2,0.344071394247,0.376569037657,810,0.104247104247,0.56957682835,37,37,37,1,0,0.405405405405,0.540540540541,0.0540540540541,37,0.204954954955,1.75921302956,14.7567567568,12.4090909091,7.8,4.23218754445,0.28679659184,0.147114147114,7.46603922718,1.01188077438,0.535392535393,6.46078491685,0.875637516203,0.477774477774,0.68392900817,0.388769862817,2,1.75921302956,0.68392900817,2,0.259303217827,0.245804540967,332,0.0427284427284,0.402270316176,37,37,37,1,0,0.405405405405,0.540540540541,0.0540540540541,37,334,0.250750750751,1.73325578935,18.0540540541,15.1818181818,9.54285714286,5.1851601601,0.287201984916,0.136915358472,9.2420731395,1.02382247354,0.541026055996,8.18360992909,0.906567566995,0.47693801586,0.656636818606,0.378845882206,2,1.73325578935,0.656636818606,2,0.322759909293,0.337298354245,690,0.0888030888031,0.576373007895,37,37,37,1,0,0.405405405405,0.540540540541,0.0540540540541,-8,-0.00600600600601,0.00796697123748,-0.432432432432,-0.363636363636,-0.228571428571,-0.182549995294,-0.00315660536142,-0.0057272841704,-0.266418402872,-0.00487397987709,-0.00346580428522,0.130296582654,0.0353026727899,0.0151077645562,0.0160372482802,0.00754597948852,0,0.00796697123748,0.0160372482802,0,-0.0213114849542,-0.0392706834122,-120,-0.015444015444,0.00679617954518,0,0,0,334,0,8,990,0.976608187135,1,0,0.0233918128655,1,0.976608187135,0.988165680473,0.984266053764,0.976608187135,0.976608187135,61,69,0,0,0,0
3566,WLNM_dir_neg,0.982566687671,0.948439014418,00:00:05,10,80,47,1240364582,threshold_sweep,0.2,1,0.884057971014,0.938461538462,61,0,8,138,0.884057971014,1,0,0.115942028986,1,0.884057971014,0.938461538462,0.961352657005,0.568438003221,0.910447761194,0.914120581956,0.884057971014,342,273,69,0,342,0,273,0,69,37,342,0.256756756757,1.72528881811,18.4864864865,15.5454545455,9.77142857143,5.36771015539,0.290358590277,0.142642642643,9.50849154237,1.02869645341,0.544491860281,8.05331334643,0.871264894205,0.461830251304,0.640599570326,0.371299902718,2,1.72528881811,0.640599570326,2,0.344071394247,0.376569037657,810,0.104247104247,0.56957682835,37,37,37,1,0,0.405405405405,0.540540540541,0.0540540540541,37,0.204954954955,1.75921302956,14.7567567568,12.4090909091,7.8,4.23218754445,0.28679659184,0.147114147114,7.46603922718,1.01188077438,0.535392535393,6.46078491685,0.875637516203,0.477774477774,0.68392900817,0.388769862817,2,1.75921302956,0.68392900817,2,0.259303217827,0.245804540967,332,0.0427284427284,0.402270316176,37,37,37,1,0,0.405405405405,0.540540540541,0.0540540540541,37,334,0.250750750751,1.73325578935,18.0540540541,15.1818181818,9.54285714286,5.1851601601,0.287201984916,0.136915358472,9.2420731395,1.02382247354,0.541026055996,8.18360992909,0.906567566995,0.47693801586,0.656636818606,0.378845882206,2,1.73325578935,0.656636818606,2,0.322759909293,0.337298354245,690,0.0888030888031,0.576373007895,37,37,37,1,0,0.405405405405,0.540540540541,0.0540540540541,-8,-0.00600600600601,0.00796697123748,-0.432432432432,-0.363636363636,-0.228571428571,-0.182549995294,-0.00315660536142,-0.0057272841704,-0.266418402872,-0.00487397987709,-0.00346580428522,0.130296582654,0.0353026727899,0.0151077645562,0.0160372482802,0.00754597948852,0,0.00796697123748,0.0160372482802,0,-0.0213114849542,-0.0392706834122,-120,-0.015444015444,0.00679617954518,0,0,0,334,0,8,990,0.976608187135,1,0,0.0233918128655,1,0.976608187135,0.988165680473,0.984266053764,0.976608187135,0.976608187135,61,69,0,0,0,0
3567,WLNM_dir_neg,0.982566687671,0.948439014418,00:00:05,10,80,47,1240364582,threshold_sweep,0.3,1,0.869565217391,0.93023255814,60,0,9,138,0.869565217391,1,0,0.130434782609,1,0.869565217391,0.93023255814,0.95652173913,0.570048309179,0.898876404494,0.903507902905,0.869565217391,342,273,69,0,342,0,273,0,69,37,342,0.256756756757,1.72528881811,18.4864864865,15.5454545455,9.77142857143,5.36771015539,0.290358590277,0.142642642643,9.50849154237,1.02869645341,0.544491860281,8.05331334643,0.871264894205,0.461830251304,0.640599570326,0.371299902718,2,1.72528881811,0.640599570326,2,0.344071394247,0.376569037657,810,0.104247104247,0.56957682835,37,37,37,1,0,0.405405405405,0.540540540541,0.0540540540541,37,0.204954954955,1.75921302956,14.7567567568,12.4090909091,7.8,4.23218754445,0.28679659184,0.147114147114,7.46603922718,1.01188077438,0.535392535393,6.46078491685,0.875637516203,0.477774477774,0.68392900817,0.388769862817,2,1.75921302956,0.68392900817,2,0.259303217827,0.245804540967,332,0.0427284427284,0.402270316176,37,37,37,1,0,0.405405405405,0.540540540541,0.0540540540541,37,333,0.25,1.73217592662,18,15.1363636364,9.51428571429,5.14781507049,0.285989726139,0.135378621865,9.20748487796,1.02305387533,0.540215891567,8.1989159175,0.9109906575,0.478370262154,0.655577186178,0.378470325158,2,1.73217592662,0.655577186178,2,0.3175662408,0.330708661417,672,0.0864864864865,0.577669097777,37,37,37,1,0,0.405405405405,0.540540540541,0.0540540540541,-9,-0.00675675675676,0.00688710850276,-0.486486486486,-0.409090909091,-0.257142857143,-0.2198950849,-0.00436886413859,-0.00726402077753,-0.301006664419,-0.00564257808643,-0.00427596871409,0.145602571065,0.039725763295,0.0165400108501,0.014977615852,0.0071704224404,0,0.00688710850276,0.014977615852,0,-0.0265051534478,-0.0458603762396,-138,-0.0177606177606,0.00809226942681,0,0,0,333,0,9,990,0.973684210526,1,0,0.0263157894737,1,0.973684210526,0.986666666667,0.982299486258,0.973684210526,0.973684210526,60,69,0,0,0,0
3568,WLNM_dir_neg,0.982566687671,0.948439014418,00:00:05,10,80,47,1240364582,threshold_sweep,0.4,1,0.869565217391,0.93023255814,60,0,9,138,0.869565217391,1,0,0.130434782609,1,0.869565217391,0.93023255814,0.95652173913,0.570048309179,0.898876404494,0.903507902905,0.869565217391,342,273,69,0,342,0,273,0,69,37,342,0.256756756757,1.72528881811,18.4864864865,15.5454545455,9.77142857143,5.36771015539,0.290358590277,0.142642642643,9.50849154237,1.02869645341,0.544491860281,8.05331334643,0.871264894205,0.461830251304,0.640599570326,0.371299902718,2,1.72528881811,0.640599570326,2,0.344071394247,0.376569037657,810,0.104247104247,0.56957682835,37,37,37,1,0,0.405405405405,0.540540540541,0.0540540540541,37,0.204954954955,1.75921302956,14.7567567568,12.4090909091,7.8,4.23218754445,0.28679659184,0.147114147114,7.46603922718,1.01188077438,0.535392535393,6.46078491685,0.875637516203,0.477774477774,0.68392900817,0.388769862817,2,1.75921302956,0.68392900817,2,0.259303217827,0.245804540967,332,0.0427284427284,0.402270316176,37,37,37,1,0,0.405405405405,0.540540540541,0.0540540540541,37,333,0.25,1.73217592662,18,15.1363636364,9.51428571429,5.14781507049,0.285989726139,0.135378621865,9.20748487796,1.02305387533,0.540215891567,8.1989159175,0.9109906575,0.478370262154,0.655577186178,0.378470325158,2,1.73217592662,0.655577186178,2,0.3175662408,0.330708661417,672,0.0864864864865,0.577669097777,37,37,37,1,0,0.405405405405,0.540540540541,0.0540540540541,-9,-0.00675675675676,0.00688710850276,-0.486486486486,-0.409090909091,-0.257142857143,-0.2198950849,-0.00436886413859,-0.00726402077753,-0.301006664419,-0.00564257808643,-0.00427596871409,0.145602571065,0.039725763295,0.0165400108501,0.014977615852,0.0071704224404,0,0.00688710850276,0.014977615852,0,-0.0265051534478,-0.0458603762396,-138,-0.0177606177606,0.00809226942681,0,0,0,333,0,9,990,0.973684210526,1,0,0.0263157894737,1,0.973684210526,0.986666666667,0.982299486258,0.973684210526,0.973684210526,60,69,0,0,0,0
3569,WLNM_dir_neg,0.982566687671,0.948439014418,00:00:05,10,80,47,1240364582,threshold_sweep,0.5,1,0.869565217391,0.93023255814,60,0,9,138,0.869565217391,1,0,0.130434782609,1,0.869565217391,0.93023255814,0.95652173913,0.570048309179,0.898876404494,0.903507902905,0.869565217391,342,273,69,0,342,0,273,0,69,37,342,0.256756756757,1.72528881811,18.4864864865,15.5454545455,9.77142857143,5.36771015539,0.290358590277,0.142642642643,9.50849154237,1.02869645341,0.544491860281,8.05331334643,0.871264894205,0.461830251304,0.640599570326,0.371299902718,2,1.72528881811,0.640599570326,2,0.344071394247,0.376569037657,810,0.104247104247,0.56957682835,37,37,37,1,0,0.405405405405,0.540540540541,0.0540540540541,37,0.204954954955,1.75921302956,14.7567567568,12.4090909091,7.8,4.23218754445,0.28679659184,0.147114147114,7.46603922718,1.01188077438,0.535392535393,6.46078491685,0.875637516203,0.477774477774,0.68392900817,0.388769862817,2,1.75921302956,0.68392900817,2,0.259303217827,0.245804540967,332,0.0427284427284,0.402270316176,37,37,37,1,0,0.405405405405,0.540540540541,0.0540540540541,37,333,0.25,1.73217592662,18,15.1363636364,9.51428571429,5.14781507049,0.285989726139,0.135378621865,9.20748487796,1.02305387533,0.540215891567,8.1989159175,0.9109906575,0.478370262154,0.655577186178,0.378470325158,2,1.73217592662,0.655577186178,2,0.3175662408,0.330708661417,672,0.0864864864865,0.577669097777,37,37,37,1,0,0.405405405405,0.540540540541,0.0540540540541,-9,-0.00675675675676,0.00688710850276,-0.486486486486,-0.409090909091,-0.257142857143,-0.2198950849,-0.00436886413859,-0.00726402077753,-0.301006664419,-0.00564257808643,-0.00427596871409,0.145602571065,0.039725763295,0.0165400108501,0.014977615852,0.0071704224404,0,0.00688710850276,0.014977615852,0,-0.0265051534478,-0.0458603762396,-138,-0.0177606177606,0.00809226942681,0,0,0,333,0,9,990,0.973684210526,1,0,0.0263157894737,1,0.973684210526,0.986666666667,0.982299486258,0.973684210526,0.973684210526,60,69,0,0,0,0
3570,WLNM_dir_neg,0.982566687671,0.948439014418,00:00:05,10,80,47,1240364582,threshold_sweep,0.6,1,0.869565217391,0.93023255814,60,0,9,138,0.869565217391,1,0,0.130434782609,1,0.869565217391,0.93023255814,0.95652173913,0.570048309179,0.898876404494,0.903507902905,0.869565217391,342,273,69,0,342,0,273,0,69,37,342,0.256756756757,1.72528881811,18.4864864865,15.5454545455,9.77142857143,5.36771015539,0.290358590277,0.142642642643,9.50849154237,1.02869645341,0.544491860281,8.05331334643,0.871264894205,0.461830251304,0.640599570326,0.371299902718,2,1.72528881811,0.640599570326,2,0.344071394247,0.376569037657,810,0.104247104247,0.56957682835,37,37,37,1,0,0.405405405405,0.540540540541,0.0540540540541,37,0.204954954955,1.75921302956,14.7567567568,12.4090909091,7.8,4.23218754445,0.28679659184,0.147114147114,7.46603922718,1.01188077438,0.535392535393,6.46078491685,0.875637516203,0.477774477774,0.68392900817,0.388769862817,2,1.75921302956,0.68392900817,2,0.259303217827,0.245804540967,332,0.0427284427284,0.402270316176,37,37,37,1,0,0.405405405405,0.540540540541,0.0540540540541,37,333,0.25,1.73217592662,18,15.1363636364,9.51428571429,5.14781507049,0.285989726139,0.135378621865,9.20748487796,1.02305387533,0.540215891567,8.1989159175,0.9109906575,0.478370262154,0.655577186178,0.378470325158,2,1.73217592662,0.655577186178,2,0.3175662408,0.330708661417,672,0.0864864864865,0.577669097777,37,37,37,1,0,0.405405405405,0.540540540541,0.0540540540541,-9,-0.00675675675676,0.00688710850276,-0.486486486486,-0.409090909091,-0.257142857143,-0.2198950849,-0.00436886413859,-0.00726402077753,-0.301006664419,-0.00564257808643,-0.00427596871409,0.145602571065,0.039725763295,0.0165400108501,0.014977615852,0.0071704224404,0,0.00688710850276,0.014977615852,0,-0.0265051534478,-0.0458603762396,-138,-0.0177606177606,0.00809226942681,0,0,0,333,0,9,990,0.973684210526,1,0,0.0263157894737,1,0.973684210526,0.986666666667,0.982299486258,0.973684210526,0.973684210526,60,69,0,0,0,0
3571,WLNM_dir_neg,0.982566687671,0.948439014418,00:00:05,10,80,47,1240364582,threshold_sweep,0.7,1,0.869565217391,0.93023255814,60,0,9,138,0.869565217391,1,0,0.130434782609,1,0.869565217391,0.93023255814,0.95652173913,0.570048309179,0.898876404494,0.903507902905,0.869565217391,342,273,69,0,342,0,273,0,69,37,342,0.256756756757,1.72528881811,18.4864864865,15.5454545455,9.77142857143,5.36771015539,0.290358590277,0.142642642643,9.50849154237,1.02869645341,0.544491860281,8.05331334643,0.871264894205,0.461830251304,0.640599570326,0.371299902718,2,1.72528881811,0.640599570326,2,0.344071394247,0.376569037657,810,0.104247104247,0.56957682835,37,37,37,1,0,0.405405405405,0.540540540541,0.0540540540541,37,0.204954954955,1.75921302956,14.7567567568,12.4090909091,7.8,4.23218754445,0.28679659184,0.147114147114,7.46603922718,1.01188077438,0.535392535393,6.46078491685,0.875637516203,0.477774477774,0.68392900817,0.388769862817,2,1.75921302956,0.68392900817,2,0.259303217827,0.245804540967,332,0.0427284427284,0.402270316176,37,37,37,1,0,0.405405405405,0.540540540541,0.0540540540541,37,333,0.25,1.73217592662,18,15.1363636364,9.51428571429,5.14781507049,0.285989726139,0.135378621865,9.20748487796,1.02305387533,0.540215891567,8.1989159175,0.9109906575,0.478370262154,0.655577186178,0.378470325158,2,1.73217592662,0.655577186178,2,0.3175662408,0.330708661417,672,0.0864864864865,0.577669097777,37,37,37,1,0,0.405405405405,0.540540540541,0.0540540540541,-9,-0.00675675675676,0.00688710850276,-0.486486486486,-0.409090909091,-0.257142857143,-0.2198950849,-0.00436886413859,-0.00726402077753,-0.301006664419,-0.00564257808643,-0.00427596871409,0.145602571065,0.039725763295,0.0165400108501,0.014977615852,0.0071704224404,0,0.00688710850276,0.014977615852,0,-0.0265051534478,-0.0458603762396,-138,-0.0177606177606,0.00809226942681,0,0,0,333,0,9,990,0.973684210526,1,0,0.0263157894737,1,0.973684210526,0.986666666667,0.982299486258,0.973684210526,0.973684210526,60,69,0,0,0,0
3572,WLNM_dir_neg,0.982566687671,0.948439014418,00:00:05,10,80,47,1240364582,threshold_sweep,0.8,1,0.869565217391,0.93023255814,60,0,9,138,0.869565217391,1,0,0.130434782609,1,0.869565217391,0.93023255814,0.95652173913,0.570048309179,0.898876404494,0.903507902905,0.869565217391,342,273,69,0,342,0,273,0,69,37,342,0.256756756757,1.72528881811,18.4864864865,15.5454545455,9.77142857143,5.36771015539,0.290358590277,0.142642642643,9.50849154237,1.02869645341,0.544491860281,8.05331334643,0.871264894205,0.461830251304,0.640599570326,0.371299902718,2,1.72528881811,0.640599570326,2,0.344071394247,0.376569037657,810,0.104247104247,0.56957682835,37,37,37,1,0,0.405405405405,0.540540540541,0.0540540540541,37,0.204954954955,1.75921302956,14.7567567568,12.4090909091,7.8,4.23218754445,0.28679659184,0.147114147114,7.46603922718,1.01188077438,0.535392535393,6.46078491685,0.875637516203,0.477774477774,0.68392900817,0.388769862817,2,1.75921302956,0.68392900817,2,0.259303217827,0.245804540967,332,0.0427284427284,0.402270316176,37,37,37,1,0,0.405405405405,0.540540540541,0.0540540540541,37,333,0.25,1.73217592662,18,15.1363636364,9.51428571429,5.14781507049,0.285989726139,0.135378621865,9.20748487796,1.02305387533,0.540215891567,8.1989159175,0.9109906575,0.478370262154,0.655577186178,0.378470325158,2,1.73217592662,0.655577186178,2,0.3175662408,0.330708661417,672,0.0864864864865,0.577669097777,37,37,37,1,0,0.405405405405,0.540540540541,0.0540540540541,-9,-0.00675675675676,0.00688710850276,-0.486486486486,-0.409090909091,-0.257142857143,-0.2198950849,-0.00436886413859,-0.00726402077753,-0.301006664419,-0.00564257808643,-0.00427596871409,0.145602571065,0.039725763295,0.0165400108501,0.014977615852,0.0071704224404,0,0.00688710850276,0.014977615852,0,-0.0265051534478,-0.0458603762396,-138,-0.0177606177606,0.00809226942681,0,0,0,333,0,9,990,0.973684210526,1,0,0.0263157894737,1,0.973684210526,0.986666666667,0.982299486258,0.973684210526,0.973684210526,60,69,0,0,0,0
3573,WLNM_dir_neg,0.982566687671,0.948439014418,00:00:05,10,80,47,1240364582,threshold_sweep,0.9,1,0.869565217391,0.93023255814,60,0,9,138,0.869565217391,1,0,0.130434782609,1,0.869565217391,0.93023255814,0.95652173913,0.570048309179,0.898876404494,0.903507902905,0.869565217391,342,273,69,0,342,0,273,0,69,37,342,0.256756756757,1.72528881811,18.4864864865,15.5454545455,9.77142857143,5.36771015539,0.290358590277,0.142642642643,9.50849154237,1.02869645341,0.544491860281,8.05331334643,0.871264894205,0.461830251304,0.640599570326,0.371299902718,2,1.72528881811,0.640599570326,2,0.344071394247,0.376569037657,810,0.104247104247,0.56957682835,37,37,37,1,0,0.405405405405,0.540540540541,0.0540540540541,37,0.204954954955,1.75921302956,14.7567567568,12.4090909091,7.8,4.23218754445,0.28679659184,0.147114147114,7.46603922718,1.01188077438,0.535392535393,6.46078491685,0.875637516203,0.477774477774,0.68392900817,0.388769862817,2,1.75921302956,0.68392900817,2,0.259303217827,0.245804540967,332,0.0427284427284,0.402270316176,37,37,37,1,0,0.405405405405,0.540540540541,0.0540540540541,37,333,0.25,1.73217592662,18,15.1363636364,9.51428571429,5.14781507049,0.285989726139,0.135378621865,9.20748487796,1.02305387533,0.540215891567,8.1989159175,0.9109906575,0.478370262154,0.655577186178,0.378470325158,2,1.73217592662,0.655577186178,2,0.3175662408,0.330708661417,672,0.0864864864865,0.577669097777,37,37,37,1,0,0.405405405405,0.540540540541,0.0540540540541,-9,-0.00675675675676,0.00688710850276,-0.486486486486,-0.409090909091,-0.257142857143,-0.2198950849,-0.00436886413859,-0.00726402077753,-0.301006664419,-0.00564257808643,-0.00427596871409,0.145602571065,0.039725763295,0.0165400108501,0.014977615852,0.0071704224404,0,0.00688710850276,0.014977615852,0,-0.0265051534478,-0.0458603762396,-138,-0.0177606177606,0.00809226942681,0,0,0,333,0,9,990,0.973684210526,1,0,0.0263157894737,1,0.973684210526,0.986666666667,0.982299486258,0.973684210526,0.973684210526,60,69,0,0,0,0
3574,WLNM_dir_neg,0.955419029616,0.672377819299,00:00:05,10,80,48,1240364583,threshold_sweep,0.1,0.98275862069,0.826086956522,0.897637795276,57,1,12,137,0.826086956522,0.992753623188,0.00724637681159,0.173913043478,0.98275862069,0.826086956522,0.897637795276,0.937198067633,0.573268921095,0.852830188679,0.859520649173,0.81884057971,342,273,69,0,342,0,273,0,69,37,342,0.256756756757,1.72528881811,18.4864864865,15.5454545455,9.77142857143,5.36771015539,0.290358590277,0.142642642643,9.50849154237,1.02869645341,0.544491860281,8.05331334643,0.871264894205,0.461830251304,0.640599570326,0.371299902718,2,1.72528881811,0.640599570326,2,0.344071394247,0.376569037657,810,0.104247104247,0.56957682835,37,37,37,1,0,0.405405405405,0.540540540541,0.0540540540541,37,0.204954954955,1.75294957915,14.7567567568,12.4090909091,7.8,4.19262186204,0.284115400908,0.138303138303,7.44741323977,1.00935637316,0.527670527671,6.63472075671,0.899211238089,0.484506484506,0.673775660978,0.384366823206,2,1.75294957915,0.673775660978,2,0.250795483443,0.243504083148,328,0.0422136422136,0.408401491802,37,37,37,1,0,0.405405405405,0.540540540541,0.0540540540541,37,331,0.248498498498,1,17.8918918919,14.3913043478,9.45714285714,4.96534537114,0.277519303221,0.131542418551,8.98129521081,1.0039514284,0.532865191475,8.22916880488,0.91987687547,0.483710296399,0,0,0,NaN,NaN,NaN,0.305481080471,0.324568748953,646,0.0831402831403,0.536193703487,37,37,0,1,2,0.378378378378,0.567567567568,0.0540540540541,-11,-0.00825825825826,-0.725288818115,-0.594594594595,-1.15415019763,-0.314285714286,-0.402364784258,-0.0128392870566,-0.0111002240912,-0.527196331568,-0.0247450250164,-0.0116266688059,0.175855458446,0.0486119812652,0.0218800450952,-0.640599570326,-0.371299902718,-2,NaN,NaN,NaN,-0.0385903137764,-0.0520002887036,-164,-0.0211068211068,-0.0333831248631,-0.027027027027,0.027027027027,0,330,1,12,989,0.964912280702,0.99898989899,0.0010101010101,0.0350877192982,0.996978851964,0.964912280702,0.980683506686,0.974389458907,0.963902179692,0.962099125364,58,69,0,0,0,0
3575,WLNM_dir_neg,0.955419029616,0.672377819299,00:00:05,10,80,48,1240364583,threshold_sweep,0.2,0.98275862069,0.826086956522,0.897637795276,57,1,12,137,0.826086956522,0.992753623188,0.00724637681159,0.173913043478,0.98275862069,0.826086956522,0.897637795276,0.937198067633,0.573268921095,0.852830188679,0.859520649173,0.81884057971,342,273,69,0,342,0,273,0,69,37,342,0.256756756757,1.72528881811,18.4864864865,15.5454545455,9.77142857143,5.36771015539,0.290358590277,0.142642642643,9.50849154237,1.02869645341,0.544491860281,8.05331334643,0.871264894205,0.461830251304,0.640599570326,0.371299902718,2,1.72528881811,0.640599570326,2,0.344071394247,0.376569037657,810,0.104247104247,0.56957682835,37,37,37,1,0,0.405405405405,0.540540540541,0.0540540540541,37,0.204954954955,1.75294957915,14.7567567568,12.4090909091,7.8,4.19262186204,0.284115400908,0.138303138303,7.44741323977,1.00935637316,0.527670527671,6.63472075671,0.899211238089,0.484506484506,0.673775660978,0.384366823206,2,1.75294957915,0.673775660978,2,0.250795483443,0.243504083148,328,0.0422136422136,0.408401491802,37,37,37,1,0,0.405405405405,0.540540540541,0.0540540540541,37,331,0.248498498498,1,17.8918918919,14.3913043478,9.45714285714,4.96534537114,0.277519303221,0.131542418551,8.98129521081,1.0039514284,0.532865191475,8.22916880488,0.91987687547,0.483710296399,0,0,0,NaN,NaN,NaN,0.305481080471,0.324568748953,646,0.0831402831403,0.536193703487,37,37,0,1,2,0.378378378378,0.567567567568,0.0540540540541,-11,-0.00825825825826,-0.725288818115,-0.594594594595,-1.15415019763,-0.314285714286,-0.402364784258,-0.0128392870566,-0.0111002240912,-0.527196331568,-0.0247450250164,-0.0116266688059,0.175855458446,0.0486119812652,0.0218800450952,-0.640599570326,-0.371299902718,-2,NaN,NaN,NaN,-0.0385903137764,-0.0520002887036,-164,-0.0211068211068,-0.0333831248631,-0.027027027027,0.027027027027,0,330,1,12,989,0.964912280702,0.99898989899,0.0010101010101,0.0350877192982,0.996978851964,0.964912280702,0.980683506686,0.974389458907,0.963902179692,0.962099125364,58,69,0,0,0,0
3576,WLNM_dir_neg,0.955419029616,0.672377819299,00:00:05,10,80,48,1240364583,threshold_sweep,0.3,0.98275862069,0.826086956522,0.897637795276,57,1,12,137,0.826086956522,0.992753623188,0.00724637681159,0.173913043478,0.98275862069,0.826086956522,0.897637795276,0.937198067633,0.573268921095,0.852830188679,0.859520649173,0.81884057971,342,273,69,0,342,0,273,0,69,37,342,0.256756756757,1.72528881811,18.4864864865,15.5454545455,9.77142857143,5.36771015539,0.290358590277,0.142642642643,9.50849154237,1.02869645341,0.544491860281,8.05331334643,0.871264894205,0.461830251304,0.640599570326,0.371299902718,2,1.72528881811,0.640599570326,2,0.344071394247,0.376569037657,810,0.104247104247,0.56957682835,37,37,37,1,0,0.405405405405,0.540540540541,0.0540540540541,37,0.204954954955,1.75294957915,14.7567567568,12.4090909091,7.8,4.19262186204,0.284115400908,0.138303138303,7.44741323977,1.00935637316,0.527670527671,6.63472075671,0.899211238089,0.484506484506,0.673775660978,0.384366823206,2,1.75294957915,0.673775660978,2,0.250795483443,0.243504083148,328,0.0422136422136,0.408401491802,37,37,37,1,0,0.405405405405,0.540540540541,0.0540540540541,37,331,0.248498498498,1,17.8918918919,14.3913043478,9.45714285714,4.96534537114,0.277519303221,0.131542418551,8.98129521081,1.0039514284,0.532865191475,8.22916880488,0.91987687547,0.483710296399,0,0,0,NaN,NaN,NaN,0.305481080471,0.324568748953,646,0.0831402831403,0.536193703487,37,37,0,1,2,0.378378378378,0.567567567568,0.0540540540541,-11,-0.00825825825826,-0.725288818115,-0.594594594595,-1.15415019763,-0.314285714286,-0.402364784258,-0.0128392870566,-0.0111002240912,-0.527196331568,-0.0247450250164,-0.0116266688059,0.175855458446,0.0486119812652,0.0218800450952,-0.640599570326,-0.371299902718,-2,NaN,NaN,NaN,-0.0385903137764,-0.0520002887036,-164,-0.0211068211068,-0.0333831248631,-0.027027027027,0.027027027027,0,330,1,12,989,0.964912280702,0.99898989899,0.0010101010101,0.0350877192982,0.996978851964,0.964912280702,0.980683506686,0.974389458907,0.963902179692,0.962099125364,58,69,0,0,0,0
3577,WLNM_dir_neg,0.955419029616,0.672377819299,00:00:05,10,80,48,1240364583,threshold_sweep,0.4,0.98275862069,0.826086956522,0.897637795276,57,1,12,137,0.826086956522,0.992753623188,0.00724637681159,0.173913043478,0.98275862069,0.826086956522,0.897637795276,0.937198067633,0.573268921095,0.852830188679,0.859520649173,0.81884057971,342,273,69,0,342,0,273,0,69,37,342,0.256756756757,1.72528881811,18.4864864865,15.5454545455,9.77142857143,5.36771015539,0.290358590277,0.142642642643,9.50849154237,1.02869645341,0.544491860281,8.05331334643,0.871264894205,0.461830251304,0.640599570326,0.371299902718,2,1.72528881811,0.640599570326,2,0.344071394247,0.376569037657,810,0.104247104247,0.56957682835,37,37,37,1,0,0.405405405405,0.540540540541,0.0540540540541,37,0.204954954955,1.75294957915,14.7567567568,12.4090909091,7.8,4.19262186204,0.284115400908,0.138303138303,7.44741323977,1.00935637316,0.527670527671,6.63472075671,0.899211238089,0.484506484506,0.673775660978,0.384366823206,2,1.75294957915,0.673775660978,2,0.250795483443,0.243504083148,328,0.0422136422136,0.408401491802,37,37,37,1,0,0.405405405405,0.540540540541,0.0540540540541,37,331,0.248498498498,1,17.8918918919,14.3913043478,9.45714285714,4.96534537114,0.277519303221,0.131542418551,8.98129521081,1.0039514284,0.532865191475,8.22916880488,0.91987687547,0.483710296399,0,0,0,NaN,NaN,NaN,0.305481080471,0.324568748953,646,0.0831402831403,0.536193703487,37,37,0,1,2,0.378378378378,0.567567567568,0.0540540540541,-11,-0.00825825825826,-0.725288818115,-0.594594594595,-1.15415019763,-0.314285714286,-0.402364784258,-0.0128392870566,-0.0111002240912,-0.527196331568,-0.0247450250164,-0.0116266688059,0.175855458446,0.0486119812652,0.0218800450952,-0.640599570326,-0.371299902718,-2,NaN,NaN,NaN,-0.0385903137764,-0.0520002887036,-164,-0.0211068211068,-0.0333831248631,-0.027027027027,0.027027027027,0,330,1,12,989,0.964912280702,0.99898989899,0.0010101010101,0.0350877192982,0.996978851964,0.964912280702,0.980683506686,0.974389458907,0.963902179692,0.962099125364,58,69,0,0,0,0
3578,WLNM_dir_neg,0.955419029616,0.672377819299,00:00:05,10,80,48,1240364583,threshold_sweep,0.5,0.98275862069,0.826086956522,0.897637795276,57,1,12,137,0.826086956522,0.992753623188,0.00724637681159,0.173913043478,0.98275862069,0.826086956522,0.897637795276,0.937198067633,0.573268921095,0.852830188679,0.859520649173,0.81884057971,342,273,69,0,342,0,273,0,69,37,342,0.256756756757,1.72528881811,18.4864864865,15.5454545455,9.77142857143,5.36771015539,0.290358590277,0.142642642643,9.50849154237,1.02869645341,0.544491860281,8.05331334643,0.871264894205,0.461830251304,0.640599570326,0.371299902718,2,1.72528881811,0.640599570326,2,0.344071394247,0.376569037657,810,0.104247104247,0.56957682835,37,37,37,1,0,0.405405405405,0.540540540541,0.0540540540541,37,0.204954954955,1.75294957915,14.7567567568,12.4090909091,7.8,4.19262186204,0.284115400908,0.138303138303,7.44741323977,1.00935637316,0.527670527671,6.63472075671,0.899211238089,0.484506484506,0.673775660978,0.384366823206,2,1.75294957915,0.673775660978,2,0.250795483443,0.243504083148,328,0.0422136422136,0.408401491802,37,37,37,1,0,0.405405405405,0.540540540541,0.0540540540541,37,331,0.248498498498,1,17.8918918919,14.3913043478,9.45714285714,4.96534537114,0.277519303221,0.131542418551,8.98129521081,1.0039514284,0.532865191475,8.22916880488,0.91987687547,0.483710296399,0,0,0,NaN,NaN,NaN,0.305481080471,0.324568748953,646,0.0831402831403,0.536193703487,37,37,0,1,2,0.378378378378,0.567567567568,0.0540540540541,-11,-0.00825825825826,-0.725288818115,-0.594594594595,-1.15415019763,-0.314285714286,-0.402364784258,-0.0128392870566,-0.0111002240912,-0.527196331568,-0.0247450250164,-0.0116266688059,0.175855458446,0.0486119812652,0.0218800450952,-0.640599570326,-0.371299902718,-2,NaN,NaN,NaN,-0.0385903137764,-0.0520002887036,-164,-0.0211068211068,-0.0333831248631,-0.027027027027,0.027027027027,0,330,1,12,989,0.964912280702,0.99898989899,0.0010101010101,0.0350877192982,0.996978851964,0.964912280702,0.980683506686,0.974389458907,0.963902179692,0.962099125364,58,69,0,0,0,0
3579,WLNM_dir_neg,0.955419029616,0.672377819299,00:00:05,10,80,48,1240364583,threshold_sweep,0.6,0.98275862069,0.826086956522,0.897637795276,57,1,12,137,0.826086956522,0.992753623188,0.00724637681159,0.173913043478,0.98275862069,0.826086956522,0.897637795276,0.937198067633,0.573268921095,0.852830188679,0.859520649173,0.81884057971,342,273,69,0,342,0,273,0,69,37,342,0.256756756757,1.72528881811,18.4864864865,15.5454545455,9.77142857143,5.36771015539,0.290358590277,0.142642642643,9.50849154237,1.02869645341,0.544491860281,8.05331334643,0.871264894205,0.461830251304,0.640599570326,0.371299902718,2,1.72528881811,0.640599570326,2,0.344071394247,0.376569037657,810,0.104247104247,0.56957682835,37,37,37,1,0,0.405405405405,0.540540540541,0.0540540540541,37,0.204954954955,1.75294957915,14.7567567568,12.4090909091,7.8,4.19262186204,0.284115400908,0.138303138303,7.44741323977,1.00935637316,0.527670527671,6.63472075671,0.899211238089,0.484506484506,0.673775660978,0.384366823206,2,1.75294957915,0.673775660978,2,0.250795483443,0.243504083148,328,0.0422136422136,0.408401491802,37,37,37,1,0,0.405405405405,0.540540540541,0.0540540540541,37,331,0.248498498498,1,17.8918918919,14.3913043478,9.45714285714,4.96534537114,0.277519303221,0.131542418551,8.98129521081,1.0039514284,0.532865191475,8.22916880488,0.91987687547,0.483710296399,0,0,0,NaN,NaN,NaN,0.305481080471,0.324568748953,646,0.0831402831403,0.536193703487,37,37,0,1,2,0.378378378378,0.567567567568,0.0540540540541,-11,-0.00825825825826,-0.725288818115,-0.594594594595,-1.15415019763,-0.314285714286,-0.402364784258,-0.0128392870566,-0.0111002240912,-0.527196331568,-0.0247450250164,-0.0116266688059,0.175855458446,0.0486119812652,0.0218800450952,-0.640599570326,-0.371299902718,-2,NaN,NaN,NaN,-0.0385903137764,-0.0520002887036,-164,-0.0211068211068,-0.0333831248631,-0.027027027027,0.027027027027,0,330,1,12,989,0.964912280702,0.99898989899,0.0010101010101,0.0350877192982,0.996978851964,0.964912280702,0.980683506686,0.974389458907,0.963902179692,0.962099125364,58,69,0,0,0,0
3580,WLNM_dir_neg,0.955419029616,0.672377819299,00:00:05,10,80,48,1240364583,threshold_sweep,0.7,0.98275862069,0.826086956522,0.897637795276,57,1,12,137,0.826086956522,0.992753623188,0.00724637681159,0.173913043478,0.98275862069,0.826086956522,0.897637795276,0.937198067633,0.573268921095,0.852830188679,0.859520649173,0.81884057971,342,273,69,0,342,0,273,0,69,37,342,0.256756756757,1.72528881811,18.4864864865,15.5454545455,9.77142857143,5.36771015539,0.290358590277,0.142642642643,9.50849154237,1.02869645341,0.544491860281,8.05331334643,0.871264894205,0.461830251304,0.640599570326,0.371299902718,2,1.72528881811,0.640599570326,2,0.344071394247,0.376569037657,810,0.104247104247,0.56957682835,37,37,37,1,0,0.405405405405,0.540540540541,0.0540540540541,37,0.204954954955,1.75294957915,14.7567567568,12.4090909091,7.8,4.19262186204,0.284115400908,0.138303138303,7.44741323977,1.00935637316,0.527670527671,6.63472075671,0.899211238089,0.484506484506,0.673775660978,0.384366823206,2,1.75294957915,0.673775660978,2,0.250795483443,0.243504083148,328,0.0422136422136,0.408401491802,37,37,37,1,0,0.405405405405,0.540540540541,0.0540540540541,37,331,0.248498498498,1,17.8918918919,14.3913043478,9.45714285714,4.96534537114,0.277519303221,0.131542418551,8.98129521081,1.0039514284,0.532865191475,8.22916880488,0.91987687547,0.483710296399,0,0,0,NaN,NaN,NaN,0.305481080471,0.324568748953,646,0.0831402831403,0.536193703487,37,37,0,1,2,0.378378378378,0.567567567568,0.0540540540541,-11,-0.00825825825826,-0.725288818115,-0.594594594595,-1.15415019763,-0.314285714286,-0.402364784258,-0.0128392870566,-0.0111002240912,-0.527196331568,-0.0247450250164,-0.0116266688059,0.175855458446,0.0486119812652,0.0218800450952,-0.640599570326,-0.371299902718,-2,NaN,NaN,NaN,-0.0385903137764,-0.0520002887036,-164,-0.0211068211068,-0.0333831248631,-0.027027027027,0.027027027027,0,330,1,12,989,0.964912280702,0.99898989899,0.0010101010101,0.0350877192982,0.996978851964,0.964912280702,0.980683506686,0.974389458907,0.963902179692,0.962099125364,58,69,0,0,0,0
3581,WLNM_dir_neg,0.955419029616,0.672377819299,00:00:05,10,80,48,1240364583,threshold_sweep,0.8,0.98275862069,0.826086956522,0.897637795276,57,1,12,137,0.826086956522,0.992753623188,0.00724637681159,0.173913043478,0.98275862069,0.826086956522,0.897637795276,0.937198067633,0.573268921095,0.852830188679,0.859520649173,0.81884057971,342,273,69,0,342,0,273,0,69,37,342,0.256756756757,1.72528881811,18.4864864865,15.5454545455,9.77142857143,5.36771015539,0.290358590277,0.142642642643,9.50849154237,1.02869645341,0.544491860281,8.05331334643,0.871264894205,0.461830251304,0.640599570326,0.371299902718,2,1.72528881811,0.640599570326,2,0.344071394247,0.376569037657,810,0.104247104247,0.56957682835,37,37,37,1,0,0.405405405405,0.540540540541,0.0540540540541,37,0.204954954955,1.75294957915,14.7567567568,12.4090909091,7.8,4.19262186204,0.284115400908,0.138303138303,7.44741323977,1.00935637316,0.527670527671,6.63472075671,0.899211238089,0.484506484506,0.673775660978,0.384366823206,2,1.75294957915,0.673775660978,2,0.250795483443,0.243504083148,328,0.0422136422136,0.408401491802,37,37,37,1,0,0.405405405405,0.540540540541,0.0540540540541,37,331,0.248498498498,1,17.8918918919,14.3913043478,9.45714285714,4.96534537114,0.277519303221,0.131542418551,8.98129521081,1.0039514284,0.532865191475,8.22916880488,0.91987687547,0.483710296399,0,0,0,NaN,NaN,NaN,0.305481080471,0.324568748953,646,0.0831402831403,0.536193703487,37,37,0,1,2,0.378378378378,0.567567567568,0.0540540540541,-11,-0.00825825825826,-0.725288818115,-0.594594594595,-1.15415019763,-0.314285714286,-0.402364784258,-0.0128392870566,-0.0111002240912,-0.527196331568,-0.0247450250164,-0.0116266688059,0.175855458446,0.0486119812652,0.0218800450952,-0.640599570326,-0.371299902718,-2,NaN,NaN,NaN,-0.0385903137764,-0.0520002887036,-164,-0.0211068211068,-0.0333831248631,-0.027027027027,0.027027027027,0,330,1,12,989,0.964912280702,0.99898989899,0.0010101010101,0.0350877192982,0.996978851964,0.964912280702,0.980683506686,0.974389458907,0.963902179692,0.962099125364,58,69,0,0,0,0
3582,WLNM_dir_neg,0.955419029616,0.672377819299,00:00:05,10,80,48,1240364583,threshold_sweep,0.9,0.98275862069,0.826086956522,0.897637795276,57,1,12,137,0.826086956522,0.992753623188,0.00724637681159,0.173913043478,0.98275862069,0.826086956522,0.897637795276,0.937198067633,0.573268921095,0.852830188679,0.859520649173,0.81884057971,342,273,69,0,342,0,273,0,69,37,342,0.256756756757,1.72528881811,18.4864864865,15.5454545455,9.77142857143,5.36771015539,0.290358590277,0.142642642643,9.50849154237,1.02869645341,0.544491860281,8.05331334643,0.871264894205,0.461830251304,0.640599570326,0.371299902718,2,1.72528881811,0.640599570326,2,0.344071394247,0.376569037657,810,0.104247104247,0.56957682835,37,37,37,1,0,0.405405405405,0.540540540541,0.0540540540541,37,0.204954954955,1.75294957915,14.7567567568,12.4090909091,7.8,4.19262186204,0.284115400908,0.138303138303,7.44741323977,1.00935637316,0.527670527671,6.63472075671,0.899211238089,0.484506484506,0.673775660978,0.384366823206,2,1.75294957915,0.673775660978,2,0.250795483443,0.243504083148,328,0.0422136422136,0.408401491802,37,37,37,1,0,0.405405405405,0.540540540541,0.0540540540541,37,331,0.248498498498,1,17.8918918919,14.3913043478,9.45714285714,4.96534537114,0.277519303221,0.131542418551,8.98129521081,1.0039514284,0.532865191475,8.22916880488,0.91987687547,0.483710296399,0,0,0,NaN,NaN,NaN,0.305481080471,0.324568748953,646,0.0831402831403,0.536193703487,37,37,0,1,2,0.378378378378,0.567567567568,0.0540540540541,-11,-0.00825825825826,-0.725288818115,-0.594594594595,-1.15415019763,-0.314285714286,-0.402364784258,-0.0128392870566,-0.0111002240912,-0.527196331568,-0.0247450250164,-0.0116266688059,0.175855458446,0.0486119812652,0.0218800450952,-0.640599570326,-0.371299902718,-2,NaN,NaN,NaN,-0.0385903137764,-0.0520002887036,-164,-0.0211068211068,-0.0333831248631,-0.027027027027,0.027027027027,0,330,1,12,989,0.964912280702,0.99898989899,0.0010101010101,0.0350877192982,0.996978851964,0.964912280702,0.980683506686,0.974389458907,0.963902179692,0.962099125364,58,69,0,0,0,0
3583,WLNM_dir_neg,0.968914093678,0.947433422414,00:00:05,10,80,49,1240364584,threshold_sweep,0.1,0.983333333333,0.855072463768,0.914728682171,59,1,10,137,0.855072463768,0.992753623188,0.00724637681159,0.144927536232,0.983333333333,0.855072463768,0.914728682171,0.946859903382,0.570048309179,0.876404494382,0.880920205333,0.847826086957,342,273,69,0,342,0,273,0,69,37,342,0.256756756757,1.72528881811,18.4864864865,15.5454545455,9.77142857143,5.36771015539,0.290358590277,0.142642642643,9.50849154237,1.02869645341,0.544491860281,8.05331334643,0.871264894205,0.461830251304,0.640599570326,0.371299902718,2,1.72528881811,0.640599570326,2,0.344071394247,0.376569037657,810,0.104247104247,0.56957682835,37,37,37,1,0,0.405405405405,0.540540540541,0.0540540540541,37,0.204954954955,1.7344103445,14.7567567568,12.4090909091,7.8,4.17269833698,0.28276527192,0.139788139788,7.30049979777,0.989445027537,0.523116523117,6.65979375453,0.902609409954,0.484704484704,0.651013694444,0.375351598028,2,1.7344103445,0.651013694444,2,0.228367127206,0.237564959169,320,0.041184041184,0.417096392315,37,37,37,1,0,0.405405405405,0.540540540541,0.0540540540541,37,333,0.25,1.71614965681,18,15.1363636364,9.51428571429,5.16397779494,0.286887655275,0.138462787111,9.16515138991,1.01835015443,0.537131726321,8.11719710792,0.901910789769,0.471714958201,0.631777208284,0.368136430163,2,1.71614965681,0.631777208284,2,0.299788930585,0.334600132188,675,0.0868725868726,0.573638862061,37,37,37,1,0,0.405405405405,0.540540540541,0.0540540540541,-9,-0.00675675675676,-0.00913916130313,-0.486486486486,-0.409090909091,-0.257142857143,-0.20373236045,-0.0034709350025,-0.00417985553121,-0.343340152463,-0.0103462989802,-0.00736013396042,0.0638837614897,0.0306458955645,0.00988470689751,-0.00882236204202,-0.00316347255479,0,-0.00913916130313,-0.00882236204202,0,-0.0442824636629,-0.0419689054692,-135,-0.0173745173745,0.00406203371129,0,0,0,332,1,10,989,0.970760233918,0.99898989899,0.0010101010101,0.0292397660819,0.996996996997,0.970760233918,0.983703703704,0.978330599444,0.969750132908,0.967930029155,60,69,0,0,0,0
3584,WLNM_dir_neg,0.968914093678,0.947433422414,00:00:05,10,80,49,1240364584,threshold_sweep,0.2,1,0.855072463768,0.921875,59,0,10,138,0.855072463768,1,0,0.144927536232,1,0.855072463768,0.921875,0.951690821256,0.571658615137,0.887218045113,0.892915056037,0.855072463768,342,273,69,0,342,0,273,0,69,37,342,0.256756756757,1.72528881811,18.4864864865,15.5454545455,9.77142857143,5.36771015539,0.290358590277,0.142642642643,9.50849154237,1.02869645341,0.544491860281,8.05331334643,0.871264894205,0.461830251304,0.640599570326,0.371299902718,2,1.72528881811,0.640599570326,2,0.344071394247,0.376569037657,810,0.104247104247,0.56957682835,37,37,37,1,0,0.405405405405,0.540540540541,0.0540540540541,37,0.204954954955,1.7344103445,14.7567567568,12.4090909091,7.8,4.17269833698,0.28276527192,0.139788139788,7.30049979777,0.989445027537,0.523116523117,6.65979375453,0.902609409954,0.484704484704,0.651013694444,0.375351598028,2,1.7344103445,0.651013694444,2,0.228367127206,0.237564959169,320,0.041184041184,0.417096392315,37,37,37,1,0,0.405405405405,0.540540540541,0.0540540540541,37,332,0.249249249249,1.71475645439,17.9459459459,15.0909090909,9.48571428571,5.10417011399,0.284419117798,0.136193422338,9.12714658614,1.01718199906,0.536144578313,8.14277623448,0.907478074325,0.475089547379,0.630221427773,0.367528243536,2,1.71475645439,0.630221427773,2,0.299788930585,0.334600132188,675,0.0868725868726,0.575553171401,37,37,37,1,0,0.405405405405,0.540540540541,0.0540540540541,-10,-0.00750750750751,-0.0105323637268,-0.540540540541,-0.454545454545,-0.285714285714,-0.263540041403,-0.00593947247947,-0.00644922030464,-0.381344956239,-0.0115144543575,-0.00834728196808,0.0894628880453,0.0362131801197,0.0132592960748,-0.0103781425528,-0.00377165918173,0,-0.0105323637268,-0.0103781425528,0,-0.0442824636629,-0.0419689054692,-135,-0.0173745173745,0.00597634305149,0,0,0,332,0,10,990,0.970760233918,1,0,0.0292397660819,1,0.970760233918,0.985163204748,0.980332918747,0.970760233918,0.970760233918,59,69,0,0,0,0
3585,WLNM_dir_neg,0.968914093678,0.947433422414,00:00:05,10,80,49,1240364584,threshold_sweep,0.3,1,0.855072463768,0.921875,59,0,10,138,0.855072463768,1,0,0.144927536232,1,0.855072463768,0.921875,0.951690821256,0.571658615137,0.887218045113,0.892915056037,0.855072463768,342,273,69,0,342,0,273,0,69,37,342,0.256756756757,1.72528881811,18.4864864865,15.5454545455,9.77142857143,5.36771015539,0.290358590277,0.142642642643,9.50849154237,1.02869645341,0.544491860281,8.05331334643,0.871264894205,0.461830251304,0.640599570326,0.371299902718,2,1.72528881811,0.640599570326,2,0.344071394247,0.376569037657,810,0.104247104247,0.56957682835,37,37,37,1,0,0.405405405405,0.540540540541,0.0540540540541,37,0.204954954955,1.7344103445,14.7567567568,12.4090909091,7.8,4.17269833698,0.28276527192,0.139788139788,7.30049979777,0.989445027537,0.523116523117,6.65979375453,0.902609409954,0.484704484704,0.651013694444,0.375351598028,2,1.7344103445,0.651013694444,2,0.228367127206,0.237564959169,320,0.041184041184,0.417096392315,37,37,37,1,0,0.405405405405,0.540540540541,0.0540540540541,37,332,0.249249249249,1.71475645439,17.9459459459,15.0909090909,9.48571428571,5.10417011399,0.284419117798,0.136193422338,9.12714658614,1.01718199906,0.536144578313,8.14277623448,0.907478074325,0.475089547379,0.630221427773,0.367528243536,2,1.71475645439,0.630221427773,2,0.299788930585,0.334600132188,675,0.0868725868726,0.575553171401,37,37,37,1,0,0.405405405405,0.540540540541,0.0540540540541,-10,-0.00750750750751,-0.0105323637268,-0.540540540541,-0.454545454545,-0.285714285714,-0.263540041403,-0.00593947247947,-0.00644922030464,-0.381344956239,-0.0115144543575,-0.00834728196808,0.0894628880453,0.0362131801197,0.0132592960748,-0.0103781425528,-0.00377165918173,0,-0.0105323637268,-0.0103781425528,0,-0.0442824636629,-0.0419689054692,-135,-0.0173745173745,0.00597634305149,0,0,0,332,0,10,990,0.970760233918,1,0,0.0292397660819,1,0.970760233918,0.985163204748,0.980332918747,0.970760233918,0.970760233918,59,69,0,0,0,0
3586,WLNM_dir_neg,0.968914093678,0.947433422414,00:00:05,10,80,49,1240364584,threshold_sweep,0.4,1,0.855072463768,0.921875,59,0,10,138,0.855072463768,1,0,0.144927536232,1,0.855072463768,0.921875,0.951690821256,0.571658615137,0.887218045113,0.892915056037,0.855072463768,342,273,69,0,342,0,273,0,69,37,342,0.256756756757,1.72528881811,18.4864864865,15.5454545455,9.77142857143,5.36771015539,0.290358590277,0.142642642643,9.50849154237,1.02869645341,0.544491860281,8.05331334643,0.871264894205,0.461830251304,0.640599570326,0.371299902718,2,1.72528881811,0.640599570326,2,0.344071394247,0.376569037657,810,0.104247104247,0.56957682835,37,37,37,1,0,0.405405405405,0.540540540541,0.0540540540541,37,0.204954954955,1.7344103445,14.7567567568,12.4090909091,7.8,4.17269833698,0.28276527192,0.139788139788,7.30049979777,0.989445027537,0.523116523117,6.65979375453,0.902609409954,0.484704484704,0.651013694444,0.375351598028,2,1.7344103445,0.651013694444,2,0.228367127206,0.237564959169,320,0.041184041184,0.417096392315,37,37,37,1,0,0.405405405405,0.540540540541,0.0540540540541,37,332,0.249249249249,1.71475645439,17.9459459459,15.0909090909,9.48571428571,5.10417011399,0.284419117798,0.136193422338,9.12714658614,1.01718199906,0.536144578313,8.14277623448,0.907478074325,0.475089547379,0.630221427773,0.367528243536,2,1.71475645439,0.630221427773,2,0.299788930585,0.334600132188,675,0.0868725868726,0.575553171401,37,37,37,1,0,0.405405405405,0.540540540541,0.0540540540541,-10,-0.00750750750751,-0.0105323637268,-0.540540540541,-0.454545454545,-0.285714285714,-0.263540041403,-0.00593947247947,-0.00644922030464,-0.381344956239,-0.0115144543575,-0.00834728196808,0.0894628880453,0.0362131801197,0.0132592960748,-0.0103781425528,-0.00377165918173,0,-0.0105323637268,-0.0103781425528,0,-0.0442824636629,-0.0419689054692,-135,-0.0173745173745,0.00597634305149,0,0,0,332,0,10,990,0.970760233918,1,0,0.0292397660819,1,0.970760233918,0.985163204748,0.980332918747,0.970760233918,0.970760233918,59,69,0,0,0,0
3587,WLNM_dir_neg,0.968914093678,0.947433422414,00:00:05,10,80,49,1240364584,threshold_sweep,0.5,1,0.855072463768,0.921875,59,0,10,138,0.855072463768,1,0,0.144927536232,1,0.855072463768,0.921875,0.951690821256,0.571658615137,0.887218045113,0.892915056037,0.855072463768,342,273,69,0,342,0,273,0,69,37,342,0.256756756757,1.72528881811,18.4864864865,15.5454545455,9.77142857143,5.36771015539,0.290358590277,0.142642642643,9.50849154237,1.02869645341,0.544491860281,8.05331334643,0.871264894205,0.461830251304,0.640599570326,0.371299902718,2,1.72528881811,0.640599570326,2,0.344071394247,0.376569037657,810,0.104247104247,0.56957682835,37,37,37,1,0,0.405405405405,0.540540540541,0.0540540540541,37,0.204954954955,1.7344103445,14.7567567568,12.4090909091,7.8,4.17269833698,0.28276527192,0.139788139788,7.30049979777,0.989445027537,0.523116523117,6.65979375453,0.902609409954,0.484704484704,0.651013694444,0.375351598028,2,1.7344103445,0.651013694444,2,0.228367127206,0.237564959169,320,0.041184041184,0.417096392315,37,37,37,1,0,0.405405405405,0.540540540541,0.0540540540541,37,332,0.249249249249,1.71475645439,17.9459459459,15.0909090909,9.48571428571,5.10417011399,0.284419117798,0.136193422338,9.12714658614,1.01718199906,0.536144578313,8.14277623448,0.907478074325,0.475089547379,0.630221427773,0.367528243536,2,1.71475645439,0.630221427773,2,0.299788930585,0.334600132188,675,0.0868725868726,0.575553171401,37,37,37,1,0,0.405405405405,0.540540540541,0.0540540540541,-10,-0.00750750750751,-0.0105323637268,-0.540540540541,-0.454545454545,-0.285714285714,-0.263540041403,-0.00593947247947,-0.00644922030464,-0.381344956239,-0.0115144543575,-0.00834728196808,0.0894628880453,0.0362131801197,0.0132592960748,-0.0103781425528,-0.00377165918173,0,-0.0105323637268,-0.0103781425528,0,-0.0442824636629,-0.0419689054692,-135,-0.0173745173745,0.00597634305149,0,0,0,332,0,10,990,0.970760233918,1,0,0.0292397660819,1,0.970760233918,0.985163204748,0.980332918747,0.970760233918,0.970760233918,59,69,0,0,0,0
3588,WLNM_dir_neg,0.968914093678,0.947433422414,00:00:05,10,80,49,1240364584,threshold_sweep,0.6,1,0.855072463768,0.921875,59,0,10,138,0.855072463768,1,0,0.144927536232,1,0.855072463768,0.921875,0.951690821256,0.571658615137,0.887218045113,0.892915056037,0.855072463768,342,273,69,0,342,0,273,0,69,37,342,0.256756756757,1.72528881811,18.4864864865,15.5454545455,9.77142857143,5.36771015539,0.290358590277,0.142642642643,9.50849154237,1.02869645341,0.544491860281,8.05331334643,0.871264894205,0.461830251304,0.640599570326,0.371299902718,2,1.72528881811,0.640599570326,2,0.344071394247,0.376569037657,810,0.104247104247,0.56957682835,37,37,37,1,0,0.405405405405,0.540540540541,0.0540540540541,37,0.204954954955,1.7344103445,14.7567567568,12.4090909091,7.8,4.17269833698,0.28276527192,0.139788139788,7.30049979777,0.989445027537,0.523116523117,6.65979375453,0.902609409954,0.484704484704,0.651013694444,0.375351598028,2,1.7344103445,0.651013694444,2,0.228367127206,0.237564959169,320,0.041184041184,0.417096392315,37,37,37,1,0,0.405405405405,0.540540540541,0.0540540540541,37,332,0.249249249249,1.71475645439,17.9459459459,15.0909090909,9.48571428571,5.10417011399,0.284419117798,0.136193422338,9.12714658614,1.01718199906,0.536144578313,8.14277623448,0.907478074325,0.475089547379,0.630221427773,0.367528243536,2,1.71475645439,0.630221427773,2,0.299788930585,0.334600132188,675,0.0868725868726,0.575553171401,37,37,37,1,0,0.405405405405,0.540540540541,0.0540540540541,-10,-0.00750750750751,-0.0105323637268,-0.540540540541,-0.454545454545,-0.285714285714,-0.263540041403,-0.00593947247947,-0.00644922030464,-0.381344956239,-0.0115144543575,-0.00834728196808,0.0894628880453,0.0362131801197,0.0132592960748,-0.0103781425528,-0.00377165918173,0,-0.0105323637268,-0.0103781425528,0,-0.0442824636629,-0.0419689054692,-135,-0.0173745173745,0.00597634305149,0,0,0,332,0,10,990,0.970760233918,1,0,0.0292397660819,1,0.970760233918,0.985163204748,0.980332918747,0.970760233918,0.970760233918,59,69,0,0,0,0
3589,WLNM_dir_neg,0.968914093678,0.947433422414,00:00:05,10,80,49,1240364584,threshold_sweep,0.7,1,0.826086956522,0.904761904762,57,0,12,138,0.826086956522,1,0,0.173913043478,1,0.826086956522,0.904761904762,0.942028985507,0.574879227053,0.863636363636,0.871779788708,0.826086956522,342,273,69,0,342,0,273,0,69,37,342,0.256756756757,1.72528881811,18.4864864865,15.5454545455,9.77142857143,5.36771015539,0.290358590277,0.142642642643,9.50849154237,1.02869645341,0.544491860281,8.05331334643,0.871264894205,0.461830251304,0.640599570326,0.371299902718,2,1.72528881811,0.640599570326,2,0.344071394247,0.376569037657,810,0.104247104247,0.56957682835,37,37,37,1,0,0.405405405405,0.540540540541,0.0540540540541,37,0.204954954955,1.7344103445,14.7567567568,12.4090909091,7.8,4.17269833698,0.28276527192,0.139788139788,7.30049979777,0.989445027537,0.523116523117,6.65979375453,0.902609409954,0.484704484704,0.651013694444,0.375351598028,2,1.7344103445,0.651013694444,2,0.228367127206,0.237564959169,320,0.041184041184,0.417096392315,37,37,37,1,0,0.405405405405,0.540540540541,0.0540540540541,37,330,0.247747747748,1.71588507023,17.8378378378,15,9.42857142857,5.05257642481,0.283250496542,0.135544635545,9.05961238556,1.01577472202,0.534152334152,8.07732896713,0.905639914496,0.476167076167,0.631474538815,0.368016803555,2,1.71588507023,0.631474538815,2,0.296530170151,0.329984932195,657,0.084555984556,0.568728367339,37,37,37,1,0,0.405405405405,0.540540540541,0.0540540540541,-12,-0.00900900900901,-0.00940374788373,-0.648648648649,-0.545454545455,-0.342857142857,-0.315133730585,-0.00710809373484,-0.00709800709801,-0.448879156816,-0.0129217313976,-0.010339526129,0.0240156206961,0.0343750202916,0.0143368248631,-0.00912503151125,-0.0032830991624,0,-0.00940374788373,-0.00912503151125,0,-0.0475412240966,-0.046584105462,-153,-0.0196911196911,-0.000848461010749,0,0,0,330,0,12,990,0.964912280702,1,0,0.0350877192982,1,0.964912280702,0.982142857143,0.976399736279,0.964912280702,0.964912280702,57,69,0,0,0,0
3590,WLNM_dir_neg,0.968914093678,0.947433422414,00:00:05,10,80,49,1240364584,threshold_sweep,0.8,1,0.811594202899,0.896,56,0,13,138,0.811594202899,1,0,0.188405797101,1,0.811594202899,0.896,0.937198067633,0.576489533011,0.851711026616,0.861232752689,0.811594202899,342,273,69,0,342,0,273,0,69,37,342,0.256756756757,1.72528881811,18.4864864865,15.5454545455,9.77142857143,5.36771015539,0.290358590277,0.142642642643,9.50849154237,1.02869645341,0.544491860281,8.05331334643,0.871264894205,0.461830251304,0.640599570326,0.371299902718,2,1.72528881811,0.640599570326,2,0.344071394247,0.376569037657,810,0.104247104247,0.56957682835,37,37,37,1,0,0.405405405405,0.540540540541,0.0540540540541,37,0.204954954955,1.7344103445,14.7567567568,12.4090909091,7.8,4.17269833698,0.28276527192,0.139788139788,7.30049979777,0.989445027537,0.523116523117,6.65979375453,0.902609409954,0.484704484704,0.651013694444,0.375351598028,2,1.7344103445,0.651013694444,2,0.228367127206,0.237564959169,320,0.041184041184,0.417096392315,37,37,37,1,0,0.405405405405,0.540540540541,0.0540540540541,37,329,0.246996996997,1.71521534164,17.7837837838,14.9545454545,9.4,4.96731055745,0.279316855054,0.133656452805,8.99315722518,1.01138850253,0.532818532819,8.10275599131,0.911252193551,0.479421670911,0.630454573775,0.367565843467,2,1.71521534164,0.630454573775,2,0.292347898161,0.323147053858,638,0.0821106821107,0.569732200179,37,37,37,1,0,0.405405405405,0.540540540541,0.0540540540541,-13,-0.00975975975976,-0.010073476479,-0.702702702703,-0.590909090909,-0.371428571429,-0.400399597941,-0.0110417352228,-0.00898618983725,-0.515334317191,-0.0173079508865,-0.0116733274628,0.0494426448723,0.0399872993463,0.0175914196071,-0.0101449965509,-0.0037340592512,0,-0.010073476479,-0.0101449965509,0,-0.0517234960862,-0.0534219837991,-172,-0.0221364221364,0.000155371829594,0,0,0,329,0,13,990,0.961988304094,1,0,0.0380116959064,1,0.961988304094,0.980625931446,0.974433097482,0.961988304094,0.961988304094,56,69,0,0,0,0
3591,WLNM_dir_neg,0.968914093678,0.947433422414,00:00:05,10,80,49,1240364584,threshold_sweep,0.9,1,0.811594202899,0.896,56,0,13,138,0.811594202899,1,0,0.188405797101,1,0.811594202899,0.896,0.937198067633,0.576489533011,0.851711026616,0.861232752689,0.811594202899,342,273,69,0,342,0,273,0,69,37,342,0.256756756757,1.72528881811,18.4864864865,15.5454545455,9.77142857143,5.36771015539,0.290358590277,0.142642642643,9.50849154237,1.02869645341,0.544491860281,8.05331334643,0.871264894205,0.461830251304,0.640599570326,0.371299902718,2,1.72528881811,0.640599570326,2,0.344071394247,0.376569037657,810,0.104247104247,0.56957682835,37,37,37,1,0,0.405405405405,0.540540540541,0.0540540540541,37,0.204954954955,1.7344103445,14.7567567568,12.4090909091,7.8,4.17269833698,0.28276527192,0.139788139788,7.30049979777,0.989445027537,0.523116523117,6.65979375453,0.902609409954,0.484704484704,0.651013694444,0.375351598028,2,1.7344103445,0.651013694444,2,0.228367127206,0.237564959169,320,0.041184041184,0.417096392315,37,37,37,1,0,0.405405405405,0.540540540541,0.0540540540541,37,329,0.246996996997,1.71521534164,17.7837837838,14.9545454545,9.4,4.96731055745,0.279316855054,0.133656452805,8.99315722518,1.01138850253,0.532818532819,8.10275599131,0.911252193551,0.479421670911,0.630454573775,0.367565843467,2,1.71521534164,0.630454573775,2,0.292347898161,0.323147053858,638,0.0821106821107,0.569732200179,37,37,37,1,0,0.405405405405,0.540540540541,0.0540540540541,-13,-0.00975975975976,-0.010073476479,-0.702702702703,-0.590909090909,-0.371428571429,-0.400399597941,-0.0110417352228,-0.00898618983725,-0.515334317191,-0.0173079508865,-0.0116733274628,0.0494426448723,0.0399872993463,0.0175914196071,-0.0101449965509,-0.0037340592512,0,-0.010073476479,-0.0101449965509,0,-0.0517234960862,-0.0534219837991,-172,-0.0221364221364,0.000155371829594,0,0,0,329,0,13,990,0.961988304094,1,0,0.0380116959064,1,0.961988304094,0.980625931446,0.974433097482,0.961988304094,0.961988304094,56,69,0,0,0,0
3592,WLNM_dir_neg,0.900441083806,0.338886573963,00:00:05,10,80,50,1240364585,threshold_sweep,0.1,0.9375,0.652173913043,0.769230769231,45,3,24,135,0.652173913043,0.978260869565,0.0217391304348,0.347826086957,0.9375,0.652173913043,0.769230769231,0.869565217391,0.589371980676,0.682352941176,0.704182250209,0.630434782609,342,273,69,0,342,0,273,0,69,37,342,0.256756756757,1.72528881811,18.4864864865,15.5454545455,9.77142857143,5.36771015539,0.290358590277,0.142642642643,9.50849154237,1.02869645341,0.544491860281,8.05331334643,0.871264894205,0.461830251304,0.640599570326,0.371299902718,2,1.72528881811,0.640599570326,2,0.344071394247,0.376569037657,810,0.104247104247,0.56957682835,37,37,37,1,0,0.405405405405,0.540540540541,0.0540540540541,37,0.204954954955,1.73755041194,14.7567567568,12.4090909091,7.8,3.89019712015,0.263621416567,0.127017127017,7.25086719469,0.982718264482,0.517968517969,6.78376882857,0.919411892517,0.48906048906,0.651227242844,0.37479617188,2,1.73755041194,0.651227242844,2,0.228068895097,0.231692076981,309,0.0397683397683,0.424387303521,37,37,37,1,0,0.405405405405,0.540540540541,0.0540540540541,37,321,0.240990990991,1.91743096907,17.3513513514,13.9565217391,8.91666666667,4.69169606987,0.270393698731,0.128567820157,8.58310373173,0.989329713626,0.529089837501,8.08652532871,0.932091704556,0.487328449945,0.7827963315,0.408252679824,2.65420289855,1.91743096907,0.7827963315,2.65420289855,0.276814116182,0.288034650785,532,0.0684684684685,0.51222710642,37,37,37,1,0,0.378378378378,0.594594594595,0.027027027027,-21,-0.0157657657658,0.192142150952,-1.13513513514,-1.58893280632,-0.854761904762,-0.676014085526,-0.0199648915464,-0.014074822486,-0.925387810643,-0.0393667397884,-0.0154020227803,0.0332119822772,0.0608268103507,0.0254981986413,0.142196761174,0.0369527771066,0.654202898551,0.192142150952,0.142196761174,0.654202898551,-0.0672572780653,-0.0885343868718,-278,-0.0357786357786,-0.0573497219296,-0.027027027027,0.0540540540541,-0.027027027027,318,3,24,987,0.929824561404,0.99696969697,0.0030303030303,0.0701754385965,0.990654205607,0.929824561404,0.9592760181,0.946642265667,0.926794258373,0.921739130435,48,69,0,0,0,0
3593,WLNM_dir_neg,0.900441083806,0.338886573963,00:00:05,10,80,50,1240364585,threshold_sweep,0.2,0.9375,0.652173913043,0.769230769231,45,3,24,135,0.652173913043,0.978260869565,0.0217391304348,0.347826086957,0.9375,0.652173913043,0.769230769231,0.869565217391,0.589371980676,0.682352941176,0.704182250209,0.630434782609,342,273,69,0,342,0,273,0,69,37,342,0.256756756757,1.72528881811,18.4864864865,15.5454545455,9.77142857143,5.36771015539,0.290358590277,0.142642642643,9.50849154237,1.02869645341,0.544491860281,8.05331334643,0.871264894205,0.461830251304,0.640599570326,0.371299902718,2,1.72528881811,0.640599570326,2,0.344071394247,0.376569037657,810,0.104247104247,0.56957682835,37,37,37,1,0,0.405405405405,0.540540540541,0.0540540540541,37,0.204954954955,1.73755041194,14.7567567568,12.4090909091,7.8,3.89019712015,0.263621416567,0.127017127017,7.25086719469,0.982718264482,0.517968517969,6.78376882857,0.919411892517,0.48906048906,0.651227242844,0.37479617188,2,1.73755041194,0.651227242844,2,0.228068895097,0.231692076981,309,0.0397683397683,0.424387303521,37,37,37,1,0,0.405405405405,0.540540540541,0.0540540540541,37,321,0.240990990991,1.91743096907,17.3513513514,13.9565217391,8.91666666667,4.69169606987,0.270393698731,0.128567820157,8.58310373173,0.989329713626,0.529089837501,8.08652532871,0.932091704556,0.487328449945,0.7827963315,0.408252679824,2.65420289855,1.91743096907,0.7827963315,2.65420289855,0.276814116182,0.288034650785,532,0.0684684684685,0.51222710642,37,37,37,1,0,0.378378378378,0.594594594595,0.027027027027,-21,-0.0157657657658,0.192142150952,-1.13513513514,-1.58893280632,-0.854761904762,-0.676014085526,-0.0199648915464,-0.014074822486,-0.925387810643,-0.0393667397884,-0.0154020227803,0.0332119822772,0.0608268103507,0.0254981986413,0.142196761174,0.0369527771066,0.654202898551,0.192142150952,0.142196761174,0.654202898551,-0.0672572780653,-0.0885343868718,-278,-0.0357786357786,-0.0573497219296,-0.027027027027,0.0540540540541,-0.027027027027,318,3,24,987,0.929824561404,0.99696969697,0.0030303030303,0.0701754385965,0.990654205607,0.929824561404,0.9592760181,0.946642265667,0.926794258373,0.921739130435,48,69,0,0,0,0
3594,WLNM_dir_neg,0.900441083806,0.338886573963,00:00:05,10,80,50,1240364585,threshold_sweep,0.3,0.9375,0.652173913043,0.769230769231,45,3,24,135,0.652173913043,0.978260869565,0.0217391304348,0.347826086957,0.9375,0.652173913043,0.769230769231,0.869565217391,0.589371980676,0.682352941176,0.704182250209,0.630434782609,342,273,69,0,342,0,273,0,69,37,342,0.256756756757,1.72528881811,18.4864864865,15.5454545455,9.77142857143,5.36771015539,0.290358590277,0.142642642643,9.50849154237,1.02869645341,0.544491860281,8.05331334643,0.871264894205,0.461830251304,0.640599570326,0.371299902718,2,1.72528881811,0.640599570326,2,0.344071394247,0.376569037657,810,0.104247104247,0.56957682835,37,37,37,1,0,0.405405405405,0.540540540541,0.0540540540541,37,0.204954954955,1.73755041194,14.7567567568,12.4090909091,7.8,3.89019712015,0.263621416567,0.127017127017,7.25086719469,0.982718264482,0.517968517969,6.78376882857,0.919411892517,0.48906048906,0.651227242844,0.37479617188,2,1.73755041194,0.651227242844,2,0.228068895097,0.231692076981,309,0.0397683397683,0.424387303521,37,37,37,1,0,0.405405405405,0.540540540541,0.0540540540541,37,321,0.240990990991,1.91743096907,17.3513513514,13.9565217391,8.91666666667,4.69169606987,0.270393698731,0.128567820157,8.58310373173,0.989329713626,0.529089837501,8.08652532871,0.932091704556,0.487328449945,0.7827963315,0.408252679824,2.65420289855,1.91743096907,0.7827963315,2.65420289855,0.276814116182,0.288034650785,532,0.0684684684685,0.51222710642,37,37,37,1,0,0.378378378378,0.594594594595,0.027027027027,-21,-0.0157657657658,0.192142150952,-1.13513513514,-1.58893280632,-0.854761904762,-0.676014085526,-0.0199648915464,-0.014074822486,-0.925387810643,-0.0393667397884,-0.0154020227803,0.0332119822772,0.0608268103507,0.0254981986413,0.142196761174,0.0369527771066,0.654202898551,0.192142150952,0.142196761174,0.654202898551,-0.0672572780653,-0.0885343868718,-278,-0.0357786357786,-0.0573497219296,-0.027027027027,0.0540540540541,-0.027027027027,318,3,24,987,0.929824561404,0.99696969697,0.0030303030303,0.0701754385965,0.990654205607,0.929824561404,0.9592760181,0.946642265667,0.926794258373,0.921739130435,48,69,0,0,0,0
3595,WLNM_dir_neg,0.900441083806,0.338886573963,00:00:05,10,80,50,1240364585,threshold_sweep,0.4,0.9375,0.652173913043,0.769230769231,45,3,24,135,0.652173913043,0.978260869565,0.0217391304348,0.347826086957,0.9375,0.652173913043,0.769230769231,0.869565217391,0.589371980676,0.682352941176,0.704182250209,0.630434782609,342,273,69,0,342,0,273,0,69,37,342,0.256756756757,1.72528881811,18.4864864865,15.5454545455,9.77142857143,5.36771015539,0.290358590277,0.142642642643,9.50849154237,1.02869645341,0.544491860281,8.05331334643,0.871264894205,0.461830251304,0.640599570326,0.371299902718,2,1.72528881811,0.640599570326,2,0.344071394247,0.376569037657,810,0.104247104247,0.56957682835,37,37,37,1,0,0.405405405405,0.540540540541,0.0540540540541,37,0.204954954955,1.73755041194,14.7567567568,12.4090909091,7.8,3.89019712015,0.263621416567,0.127017127017,7.25086719469,0.982718264482,0.517968517969,6.78376882857,0.919411892517,0.48906048906,0.651227242844,0.37479617188,2,1.73755041194,0.651227242844,2,0.228068895097,0.231692076981,309,0.0397683397683,0.424387303521,37,37,37,1,0,0.405405405405,0.540540540541,0.0540540540541,37,321,0.240990990991,1.91743096907,17.3513513514,13.9565217391,8.91666666667,4.69169606987,0.270393698731,0.128567820157,8.58310373173,0.989329713626,0.529089837501,8.08652532871,0.932091704556,0.487328449945,0.7827963315,0.408252679824,2.65420289855,1.91743096907,0.7827963315,2.65420289855,0.276814116182,0.288034650785,532,0.0684684684685,0.51222710642,37,37,37,1,0,0.378378378378,0.594594594595,0.027027027027,-21,-0.0157657657658,0.192142150952,-1.13513513514,-1.58893280632,-0.854761904762,-0.676014085526,-0.0199648915464,-0.014074822486,-0.925387810643,-0.0393667397884,-0.0154020227803,0.0332119822772,0.0608268103507,0.0254981986413,0.142196761174,0.0369527771066,0.654202898551,0.192142150952,0.142196761174,0.654202898551,-0.0672572780653,-0.0885343868718,-278,-0.0357786357786,-0.0573497219296,-0.027027027027,0.0540540540541,-0.027027027027,318,3,24,987,0.929824561404,0.99696969697,0.0030303030303,0.0701754385965,0.990654205607,0.929824561404,0.9592760181,0.946642265667,0.926794258373,0.921739130435,48,69,0,0,0,0
3596,WLNM_dir_neg,0.900441083806,0.338886573963,00:00:05,10,80,50,1240364585,threshold_sweep,0.5,0.9375,0.652173913043,0.769230769231,45,3,24,135,0.652173913043,0.978260869565,0.0217391304348,0.347826086957,0.9375,0.652173913043,0.769230769231,0.869565217391,0.589371980676,0.682352941176,0.704182250209,0.630434782609,342,273,69,0,342,0,273,0,69,37,342,0.256756756757,1.72528881811,18.4864864865,15.5454545455,9.77142857143,5.36771015539,0.290358590277,0.142642642643,9.50849154237,1.02869645341,0.544491860281,8.05331334643,0.871264894205,0.461830251304,0.640599570326,0.371299902718,2,1.72528881811,0.640599570326,2,0.344071394247,0.376569037657,810,0.104247104247,0.56957682835,37,37,37,1,0,0.405405405405,0.540540540541,0.0540540540541,37,0.204954954955,1.73755041194,14.7567567568,12.4090909091,7.8,3.89019712015,0.263621416567,0.127017127017,7.25086719469,0.982718264482,0.517968517969,6.78376882857,0.919411892517,0.48906048906,0.651227242844,0.37479617188,2,1.73755041194,0.651227242844,2,0.228068895097,0.231692076981,309,0.0397683397683,0.424387303521,37,37,37,1,0,0.405405405405,0.540540540541,0.0540540540541,37,321,0.240990990991,1.91743096907,17.3513513514,13.9565217391,8.91666666667,4.69169606987,0.270393698731,0.128567820157,8.58310373173,0.989329713626,0.529089837501,8.08652532871,0.932091704556,0.487328449945,0.7827963315,0.408252679824,2.65420289855,1.91743096907,0.7827963315,2.65420289855,0.276814116182,0.288034650785,532,0.0684684684685,0.51222710642,37,37,37,1,0,0.378378378378,0.594594594595,0.027027027027,-21,-0.0157657657658,0.192142150952,-1.13513513514,-1.58893280632,-0.854761904762,-0.676014085526,-0.0199648915464,-0.014074822486,-0.925387810643,-0.0393667397884,-0.0154020227803,0.0332119822772,0.0608268103507,0.0254981986413,0.142196761174,0.0369527771066,0.654202898551,0.192142150952,0.142196761174,0.654202898551,-0.0672572780653,-0.0885343868718,-278,-0.0357786357786,-0.0573497219296,-0.027027027027,0.0540540540541,-0.027027027027,318,3,24,987,0.929824561404,0.99696969697,0.0030303030303,0.0701754385965,0.990654205607,0.929824561404,0.9592760181,0.946642265667,0.926794258373,0.921739130435,48,69,0,0,0,0
3597,WLNM_dir_neg,0.900441083806,0.338886573963,00:00:05,10,80,50,1240364585,threshold_sweep,0.6,0.9375,0.652173913043,0.769230769231,45,3,24,135,0.652173913043,0.978260869565,0.0217391304348,0.347826086957,0.9375,0.652173913043,0.769230769231,0.869565217391,0.589371980676,0.682352941176,0.704182250209,0.630434782609,342,273,69,0,342,0,273,0,69,37,342,0.256756756757,1.72528881811,18.4864864865,15.5454545455,9.77142857143,5.36771015539,0.290358590277,0.142642642643,9.50849154237,1.02869645341,0.544491860281,8.05331334643,0.871264894205,0.461830251304,0.640599570326,0.371299902718,2,1.72528881811,0.640599570326,2,0.344071394247,0.376569037657,810,0.104247104247,0.56957682835,37,37,37,1,0,0.405405405405,0.540540540541,0.0540540540541,37,0.204954954955,1.73755041194,14.7567567568,12.4090909091,7.8,3.89019712015,0.263621416567,0.127017127017,7.25086719469,0.982718264482,0.517968517969,6.78376882857,0.919411892517,0.48906048906,0.651227242844,0.37479617188,2,1.73755041194,0.651227242844,2,0.228068895097,0.231692076981,309,0.0397683397683,0.424387303521,37,37,37,1,0,0.405405405405,0.540540540541,0.0540540540541,37,321,0.240990990991,1.91743096907,17.3513513514,13.9565217391,8.91666666667,4.69169606987,0.270393698731,0.128567820157,8.58310373173,0.989329713626,0.529089837501,8.08652532871,0.932091704556,0.487328449945,0.7827963315,0.408252679824,2.65420289855,1.91743096907,0.7827963315,2.65420289855,0.276814116182,0.288034650785,532,0.0684684684685,0.51222710642,37,37,37,1,0,0.378378378378,0.594594594595,0.027027027027,-21,-0.0157657657658,0.192142150952,-1.13513513514,-1.58893280632,-0.854761904762,-0.676014085526,-0.0199648915464,-0.014074822486,-0.925387810643,-0.0393667397884,-0.0154020227803,0.0332119822772,0.0608268103507,0.0254981986413,0.142196761174,0.0369527771066,0.654202898551,0.192142150952,0.142196761174,0.654202898551,-0.0672572780653,-0.0885343868718,-278,-0.0357786357786,-0.0573497219296,-0.027027027027,0.0540540540541,-0.027027027027,318,3,24,987,0.929824561404,0.99696969697,0.0030303030303,0.0701754385965,0.990654205607,0.929824561404,0.9592760181,0.946642265667,0.926794258373,0.921739130435,48,69,0,0,0,0
3598,WLNM_dir_neg,0.900441083806,0.338886573963,00:00:05,10,80,50,1240364585,threshold_sweep,0.7,0.957446808511,0.652173913043,0.775862068966,45,2,24,136,0.652173913043,0.985507246377,0.0144927536232,0.347826086957,0.957446808511,0.652173913043,0.775862068966,0.874396135266,0.590982286634,0.692913385827,0.717560880359,0.63768115942,342,273,69,0,342,0,273,0,69,37,342,0.256756756757,1.72528881811,18.4864864865,15.5454545455,9.77142857143,5.36771015539,0.290358590277,0.142642642643,9.50849154237,1.02869645341,0.544491860281,8.05331334643,0.871264894205,0.461830251304,0.640599570326,0.371299902718,2,1.72528881811,0.640599570326,2,0.344071394247,0.376569037657,810,0.104247104247,0.56957682835,37,37,37,1,0,0.405405405405,0.540540540541,0.0540540540541,37,0.204954954955,1.73755041194,14.7567567568,12.4090909091,7.8,3.89019712015,0.263621416567,0.127017127017,7.25086719469,0.982718264482,0.517968517969,6.78376882857,0.919411892517,0.48906048906,0.651227242844,0.37479617188,2,1.73755041194,0.651227242844,2,0.228068895097,0.231692076981,309,0.0397683397683,0.424387303521,37,37,37,1,0,0.405405405405,0.540540540541,0.0540540540541,37,320,0.24024024024,1.76938382804,17.2972972973,14.5454545455,8.88888888889,4.65990501134,0.269400758468,0.126942567568,8.60947867894,0.995470972252,0.531418918919,8.09738029041,0.936259596079,0.488513513514,0.702045679671,0.396774102116,2.58097165992,1.76938382804,0.702045679671,2.58097165992,0.276814116182,0.288034650785,532,0.0684684684685,0.559967561968,37,37,37,1,0,0.405405405405,0.567567567568,0.027027027027,-22,-0.0165165165165,0.044095009929,-1.18918918919,-1,-0.88253968254,-0.707805144053,-0.020957831809,-0.0157000750751,-0.899012863435,-0.0332254811624,-0.0130729413624,0.0440669439787,0.0649947018741,0.0266832622096,0.0614461093448,0.0254741993984,0.580971659919,0.044095009929,0.0614461093448,0.580971659919,-0.0672572780653,-0.0885343868718,-278,-0.0357786357786,-0.00960926638159,0,0.027027027027,-0.027027027027,318,2,24,988,0.929824561404,0.99797979798,0.0020202020202,0.0701754385965,0.99375,0.929824561404,0.960725075529,0.948684519056,0.927804359383,0.924418604651,47,69,0,0,0,0
3599,WLNM_dir_neg,0.900441083806,0.338886573963,00:00:05,10,80,50,1240364585,threshold_sweep,0.8,0.957446808511,0.652173913043,0.775862068966,45,2,24,136,0.652173913043,0.985507246377,0.0144927536232,0.347826086957,0.957446808511,0.652173913043,0.775862068966,0.874396135266,0.590982286634,0.692913385827,0.717560880359,0.63768115942,342,273,69,0,342,0,273,0,69,37,342,0.256756756757,1.72528881811,18.4864864865,15.5454545455,9.77142857143,5.36771015539,0.290358590277,0.142642642643,9.50849154237,1.02869645341,0.544491860281,8.05331334643,0.871264894205,0.461830251304,0.640599570326,0.371299902718,2,1.72528881811,0.640599570326,2,0.344071394247,0.376569037657,810,0.104247104247,0.56957682835,37,37,37,1,0,0.405405405405,0.540540540541,0.0540540540541,37,0.204954954955,1.73755041194,14.7567567568,12.4090909091,7.8,3.89019712015,0.263621416567,0.127017127017,7.25086719469,0.982718264482,0.517968517969,6.78376882857,0.919411892517,0.48906048906,0.651227242844,0.37479617188,2,1.73755041194,0.651227242844,2,0.228068895097,0.231692076981,309,0.0397683397683,0.424387303521,37,37,37,1,0,0.405405405405,0.540540540541,0.0540540540541,37,320,0.24024024024,1.76938382804,17.2972972973,14.5454545455,8.88888888889,4.65990501134,0.269400758468,0.126942567568,8.60947867894,0.995470972252,0.531418918919,8.09738029041,0.936259596079,0.488513513514,0.702045679671,0.396774102116,2.58097165992,1.76938382804,0.702045679671,2.58097165992,0.276814116182,0.288034650785,532,0.0684684684685,0.559967561968,37,37,37,1,0,0.405405405405,0.567567567568,0.027027027027,-22,-0.0165165165165,0.044095009929,-1.18918918919,-1,-0.88253968254,-0.707805144053,-0.020957831809,-0.0157000750751,-0.899012863435,-0.0332254811624,-0.0130729413624,0.0440669439787,0.0649947018741,0.0266832622096,0.0614461093448,0.0254741993984,0.580971659919,0.044095009929,0.0614461093448,0.580971659919,-0.0672572780653,-0.0885343868718,-278,-0.0357786357786,-0.00960926638159,0,0.027027027027,-0.027027027027,318,2,24,988,0.929824561404,0.99797979798,0.0020202020202,0.0701754385965,0.99375,0.929824561404,0.960725075529,0.948684519056,0.927804359383,0.924418604651,47,69,0,0,0,0
3600,WLNM_dir_neg,0.900441083806,0.338886573963,00:00:05,10,80,50,1240364585,threshold_sweep,0.9,0.957446808511,0.652173913043,0.775862068966,45,2,24,136,0.652173913043,0.985507246377,0.0144927536232,0.347826086957,0.957446808511,0.652173913043,0.775862068966,0.874396135266,0.590982286634,0.692913385827,0.717560880359,0.63768115942,342,273,69,0,342,0,273,0,69,37,342,0.256756756757,1.72528881811,18.4864864865,15.5454545455,9.77142857143,5.36771015539,0.290358590277,0.142642642643,9.50849154237,1.02869645341,0.544491860281,8.05331334643,0.871264894205,0.461830251304,0.640599570326,0.371299902718,2,1.72528881811,0.640599570326,2,0.344071394247,0.376569037657,810,0.104247104247,0.56957682835,37,37,37,1,0,0.405405405405,0.540540540541,0.0540540540541,37,0.204954954955,1.73755041194,14.7567567568,12.4090909091,7.8,3.89019712015,0.263621416567,0.127017127017,7.25086719469,0.982718264482,0.517968517969,6.78376882857,0.919411892517,0.48906048906,0.651227242844,0.37479617188,2,1.73755041194,0.651227242844,2,0.228068895097,0.231692076981,309,0.0397683397683,0.424387303521,37,37,37,1,0,0.405405405405,0.540540540541,0.0540540540541,37,320,0.24024024024,1.76938382804,17.2972972973,14.5454545455,8.88888888889,4.65990501134,0.269400758468,0.126942567568,8.60947867894,0.995470972252,0.531418918919,8.09738029041,0.936259596079,0.488513513514,0.702045679671,0.396774102116,2.58097165992,1.76938382804,0.702045679671,2.58097165992,0.276814116182,0.288034650785,532,0.0684684684685,0.559967561968,37,37,37,1,0,0.405405405405,0.567567567568,0.027027027027,-22,-0.0165165165165,0.044095009929,-1.18918918919,-1,-0.88253968254,-0.707805144053,-0.020957831809,-0.0157000750751,-0.899012863435,-0.0332254811624,-0.0130729413624,0.0440669439787,0.0649947018741,0.0266832622096,0.0614461093448,0.0254741993984,0.580971659919,0.044095009929,0.0614461093448,0.580971659919,-0.0672572780653,-0.0885343868718,-278,-0.0357786357786,-0.00960926638159,0,0.027027027027,-0.027027027027,318,2,24,988,0.929824561404,0.99797979798,0.0020202020202,0.0701754385965,0.99375,0.929824561404,0.960725075529,0.948684519056,0.927804359383,0.924418604651,47,69,0,0,0,0
3601,WLNM_dir_neg,0.982857142857,0.887868184299,00:00:05,10,90,1,1241281836,threshold_sweep,0.1,1,0.857142857143,0.923076923077,30,0,5,70,0.857142857143,1,0,0.142857142857,1,0.857142857143,0.923076923077,0.952380952381,0.571428571429,0.888888888889,0.894427191,0.857142857143,342,307,35,0,342,0,307,0,35,37,342,0.256756756757,1.72528881811,18.4864864865,15.5454545455,9.77142857143,5.36771015539,0.290358590277,0.142642642643,9.50849154237,1.02869645341,0.544491860281,8.05331334643,0.871264894205,0.461830251304,0.640599570326,0.371299902718,2,1.72528881811,0.640599570326,2,0.344071394247,0.376569037657,810,0.104247104247,0.56957682835,37,37,37,1,0,0.405405405405,0.540540540541,0.0540540540541,37,0.23048048048,1.7339028148,16.5945945946,13.9545454545,8.77142857143,4.72263732498,0.284588894176,0.144466942513,8.36947119286,1.00869848253,0.531913020512,7.27577741117,0.876885225451,0.473985386038,0.649471054211,0.374571774536,2,1.7339028148,0.649471054211,2,0.294848791366,0.315912181854,542,0.0697554697555,0.483569710601,37,37,37,1,0,0.405405405405,0.540540540541,0.0540540540541,37,337,0.253003003003,1.72083414342,18.2162162162,15.3181818182,9.62857142857,5.1051996105,0.280255764968,0.136418317427,9.28195317025,1.01908684658,0.539257358248,8.16423019363,0.896369487135,0.473654663566,0.635396814136,0.369237684273,2,1.72083414342,0.635396814136,2,0.319794628542,0.346394732616,719,0.0925353925354,0.57627024005,37,37,37,1,0,0.405405405405,0.540540540541,0.0540540540541,-5,-0.00375375375375,-0.00445467469165,-0.27027027027,-0.227272727273,-0.142857142857,-0.262510544892,-0.0101028253089,-0.00622432521542,-0.226538372128,-0.00960960682985,-0.00523450203288,0.1109168472,0.0251045929301,0.0118244122617,-0.00520275619045,-0.00206221844468,0,-0.00445467469165,-0.00520275619045,0,-0.0242767657052,-0.0301743050409,-91,-0.0117117117117,0.00669341169988,0,0,0,337,0,5,990,0.985380116959,1,0,0.0146198830409,1,0.985380116959,0.99263622975,0.990165874023,0.985380116959,0.985380116959,30,35,0,0,0,0
3602,WLNM_dir_neg,0.982857142857,0.887868184299,00:00:05,10,90,1,1241281836,threshold_sweep,0.2,1,0.857142857143,0.923076923077,30,0,5,70,0.857142857143,1,0,0.142857142857,1,0.857142857143,0.923076923077,0.952380952381,0.571428571429,0.888888888889,0.894427191,0.857142857143,342,307,35,0,342,0,307,0,35,37,342,0.256756756757,1.72528881811,18.4864864865,15.5454545455,9.77142857143,5.36771015539,0.290358590277,0.142642642643,9.50849154237,1.02869645341,0.544491860281,8.05331334643,0.871264894205,0.461830251304,0.640599570326,0.371299902718,2,1.72528881811,0.640599570326,2,0.344071394247,0.376569037657,810,0.104247104247,0.56957682835,37,37,37,1,0,0.405405405405,0.540540540541,0.0540540540541,37,0.23048048048,1.7339028148,16.5945945946,13.9545454545,8.77142857143,4.72263732498,0.284588894176,0.144466942513,8.36947119286,1.00869848253,0.531913020512,7.27577741117,0.876885225451,0.473985386038,0.649471054211,0.374571774536,2,1.7339028148,0.649471054211,2,0.294848791366,0.315912181854,542,0.0697554697555,0.483569710601,37,37,37,1,0,0.405405405405,0.540540540541,0.0540540540541,37,337,0.253003003003,1.72083414342,18.2162162162,15.3181818182,9.62857142857,5.1051996105,0.280255764968,0.136418317427,9.28195317025,1.01908684658,0.539257358248,8.16423019363,0.896369487135,0.473654663566,0.635396814136,0.369237684273,2,1.72083414342,0.635396814136,2,0.319794628542,0.346394732616,719,0.0925353925354,0.57627024005,37,37,37,1,0,0.405405405405,0.540540540541,0.0540540540541,-5,-0.00375375375375,-0.00445467469165,-0.27027027027,-0.227272727273,-0.142857142857,-0.262510544892,-0.0101028253089,-0.00622432521542,-0.226538372128,-0.00960960682985,-0.00523450203288,0.1109168472,0.0251045929301,0.0118244122617,-0.00520275619045,-0.00206221844468,0,-0.00445467469165,-0.00520275619045,0,-0.0242767657052,-0.0301743050409,-91,-0.0117117117117,0.00669341169988,0,0,0,337,0,5,990,0.985380116959,1,0,0.0146198830409,1,0.985380116959,0.99263622975,0.990165874023,0.985380116959,0.985380116959,30,35,0,0,0,0
3603,WLNM_dir_neg,0.982857142857,0.887868184299,00:00:05,10,90,1,1241281836,threshold_sweep,0.3,1,0.857142857143,0.923076923077,30,0,5,70,0.857142857143,1,0,0.142857142857,1,0.857142857143,0.923076923077,0.952380952381,0.571428571429,0.888888888889,0.894427191,0.857142857143,342,307,35,0,342,0,307,0,35,37,342,0.256756756757,1.72528881811,18.4864864865,15.5454545455,9.77142857143,5.36771015539,0.290358590277,0.142642642643,9.50849154237,1.02869645341,0.544491860281,8.05331334643,0.871264894205,0.461830251304,0.640599570326,0.371299902718,2,1.72528881811,0.640599570326,2,0.344071394247,0.376569037657,810,0.104247104247,0.56957682835,37,37,37,1,0,0.405405405405,0.540540540541,0.0540540540541,37,0.23048048048,1.7339028148,16.5945945946,13.9545454545,8.77142857143,4.72263732498,0.284588894176,0.144466942513,8.36947119286,1.00869848253,0.531913020512,7.27577741117,0.876885225451,0.473985386038,0.649471054211,0.374571774536,2,1.7339028148,0.649471054211,2,0.294848791366,0.315912181854,542,0.0697554697555,0.483569710601,37,37,37,1,0,0.405405405405,0.540540540541,0.0540540540541,37,337,0.253003003003,1.72083414342,18.2162162162,15.3181818182,9.62857142857,5.1051996105,0.280255764968,0.136418317427,9.28195317025,1.01908684658,0.539257358248,8.16423019363,0.896369487135,0.473654663566,0.635396814136,0.369237684273,2,1.72083414342,0.635396814136,2,0.319794628542,0.346394732616,719,0.0925353925354,0.57627024005,37,37,37,1,0,0.405405405405,0.540540540541,0.0540540540541,-5,-0.00375375375375,-0.00445467469165,-0.27027027027,-0.227272727273,-0.142857142857,-0.262510544892,-0.0101028253089,-0.00622432521542,-0.226538372128,-0.00960960682985,-0.00523450203288,0.1109168472,0.0251045929301,0.0118244122617,-0.00520275619045,-0.00206221844468,0,-0.00445467469165,-0.00520275619045,0,-0.0242767657052,-0.0301743050409,-91,-0.0117117117117,0.00669341169988,0,0,0,337,0,5,990,0.985380116959,1,0,0.0146198830409,1,0.985380116959,0.99263622975,0.990165874023,0.985380116959,0.985380116959,30,35,0,0,0,0
3604,WLNM_dir_neg,0.982857142857,0.887868184299,00:00:05,10,90,1,1241281836,threshold_sweep,0.4,1,0.857142857143,0.923076923077,30,0,5,70,0.857142857143,1,0,0.142857142857,1,0.857142857143,0.923076923077,0.952380952381,0.571428571429,0.888888888889,0.894427191,0.857142857143,342,307,35,0,342,0,307,0,35,37,342,0.256756756757,1.72528881811,18.4864864865,15.5454545455,9.77142857143,5.36771015539,0.290358590277,0.142642642643,9.50849154237,1.02869645341,0.544491860281,8.05331334643,0.871264894205,0.461830251304,0.640599570326,0.371299902718,2,1.72528881811,0.640599570326,2,0.344071394247,0.376569037657,810,0.104247104247,0.56957682835,37,37,37,1,0,0.405405405405,0.540540540541,0.0540540540541,37,0.23048048048,1.7339028148,16.5945945946,13.9545454545,8.77142857143,4.72263732498,0.284588894176,0.144466942513,8.36947119286,1.00869848253,0.531913020512,7.27577741117,0.876885225451,0.473985386038,0.649471054211,0.374571774536,2,1.7339028148,0.649471054211,2,0.294848791366,0.315912181854,542,0.0697554697555,0.483569710601,37,37,37,1,0,0.405405405405,0.540540540541,0.0540540540541,37,337,0.253003003003,1.72083414342,18.2162162162,15.3181818182,9.62857142857,5.1051996105,0.280255764968,0.136418317427,9.28195317025,1.01908684658,0.539257358248,8.16423019363,0.896369487135,0.473654663566,0.635396814136,0.369237684273,2,1.72083414342,0.635396814136,2,0.319794628542,0.346394732616,719,0.0925353925354,0.57627024005,37,37,37,1,0,0.405405405405,0.540540540541,0.0540540540541,-5,-0.00375375375375,-0.00445467469165,-0.27027027027,-0.227272727273,-0.142857142857,-0.262510544892,-0.0101028253089,-0.00622432521542,-0.226538372128,-0.00960960682985,-0.00523450203288,0.1109168472,0.0251045929301,0.0118244122617,-0.00520275619045,-0.00206221844468,0,-0.00445467469165,-0.00520275619045,0,-0.0242767657052,-0.0301743050409,-91,-0.0117117117117,0.00669341169988,0,0,0,337,0,5,990,0.985380116959,1,0,0.0146198830409,1,0.985380116959,0.99263622975,0.990165874023,0.985380116959,0.985380116959,30,35,0,0,0,0
3605,WLNM_dir_neg,0.982857142857,0.887868184299,00:00:05,10,90,1,1241281836,threshold_sweep,0.5,1,0.857142857143,0.923076923077,30,0,5,70,0.857142857143,1,0,0.142857142857,1,0.857142857143,0.923076923077,0.952380952381,0.571428571429,0.888888888889,0.894427191,0.857142857143,342,307,35,0,342,0,307,0,35,37,342,0.256756756757,1.72528881811,18.4864864865,15.5454545455,9.77142857143,5.36771015539,0.290358590277,0.142642642643,9.50849154237,1.02869645341,0.544491860281,8.05331334643,0.871264894205,0.461830251304,0.640599570326,0.371299902718,2,1.72528881811,0.640599570326,2,0.344071394247,0.376569037657,810,0.104247104247,0.56957682835,37,37,37,1,0,0.405405405405,0.540540540541,0.0540540540541,37,0.23048048048,1.7339028148,16.5945945946,13.9545454545,8.77142857143,4.72263732498,0.284588894176,0.144466942513,8.36947119286,1.00869848253,0.531913020512,7.27577741117,0.876885225451,0.473985386038,0.649471054211,0.374571774536,2,1.7339028148,0.649471054211,2,0.294848791366,0.315912181854,542,0.0697554697555,0.483569710601,37,37,37,1,0,0.405405405405,0.540540540541,0.0540540540541,37,337,0.253003003003,1.72083414342,18.2162162162,15.3181818182,9.62857142857,5.1051996105,0.280255764968,0.136418317427,9.28195317025,1.01908684658,0.539257358248,8.16423019363,0.896369487135,0.473654663566,0.635396814136,0.369237684273,2,1.72083414342,0.635396814136,2,0.319794628542,0.346394732616,719,0.0925353925354,0.57627024005,37,37,37,1,0,0.405405405405,0.540540540541,0.0540540540541,-5,-0.00375375375375,-0.00445467469165,-0.27027027027,-0.227272727273,-0.142857142857,-0.262510544892,-0.0101028253089,-0.00622432521542,-0.226538372128,-0.00960960682985,-0.00523450203288,0.1109168472,0.0251045929301,0.0118244122617,-0.00520275619045,-0.00206221844468,0,-0.00445467469165,-0.00520275619045,0,-0.0242767657052,-0.0301743050409,-91,-0.0117117117117,0.00669341169988,0,0,0,337,0,5,990,0.985380116959,1,0,0.0146198830409,1,0.985380116959,0.99263622975,0.990165874023,0.985380116959,0.985380116959,30,35,0,0,0,0
3606,WLNM_dir_neg,0.982857142857,0.887868184299,00:00:05,10,90,1,1241281836,threshold_sweep,0.6,1,0.857142857143,0.923076923077,30,0,5,70,0.857142857143,1,0,0.142857142857,1,0.857142857143,0.923076923077,0.952380952381,0.571428571429,0.888888888889,0.894427191,0.857142857143,342,307,35,0,342,0,307,0,35,37,342,0.256756756757,1.72528881811,18.4864864865,15.5454545455,9.77142857143,5.36771015539,0.290358590277,0.142642642643,9.50849154237,1.02869645341,0.544491860281,8.05331334643,0.871264894205,0.461830251304,0.640599570326,0.371299902718,2,1.72528881811,0.640599570326,2,0.344071394247,0.376569037657,810,0.104247104247,0.56957682835,37,37,37,1,0,0.405405405405,0.540540540541,0.0540540540541,37,0.23048048048,1.7339028148,16.5945945946,13.9545454545,8.77142857143,4.72263732498,0.284588894176,0.144466942513,8.36947119286,1.00869848253,0.531913020512,7.27577741117,0.876885225451,0.473985386038,0.649471054211,0.374571774536,2,1.7339028148,0.649471054211,2,0.294848791366,0.315912181854,542,0.0697554697555,0.483569710601,37,37,37,1,0,0.405405405405,0.540540540541,0.0540540540541,37,337,0.253003003003,1.72083414342,18.2162162162,15.3181818182,9.62857142857,5.1051996105,0.280255764968,0.136418317427,9.28195317025,1.01908684658,0.539257358248,8.16423019363,0.896369487135,0.473654663566,0.635396814136,0.369237684273,2,1.72083414342,0.635396814136,2,0.319794628542,0.346394732616,719,0.0925353925354,0.57627024005,37,37,37,1,0,0.405405405405,0.540540540541,0.0540540540541,-5,-0.00375375375375,-0.00445467469165,-0.27027027027,-0.227272727273,-0.142857142857,-0.262510544892,-0.0101028253089,-0.00622432521542,-0.226538372128,-0.00960960682985,-0.00523450203288,0.1109168472,0.0251045929301,0.0118244122617,-0.00520275619045,-0.00206221844468,0,-0.00445467469165,-0.00520275619045,0,-0.0242767657052,-0.0301743050409,-91,-0.0117117117117,0.00669341169988,0,0,0,337,0,5,990,0.985380116959,1,0,0.0146198830409,1,0.985380116959,0.99263622975,0.990165874023,0.985380116959,0.985380116959,30,35,0,0,0,0
3607,WLNM_dir_neg,0.982857142857,0.887868184299,00:00:05,10,90,1,1241281836,threshold_sweep,0.7,1,0.857142857143,0.923076923077,30,0,5,70,0.857142857143,1,0,0.142857142857,1,0.857142857143,0.923076923077,0.952380952381,0.571428571429,0.888888888889,0.894427191,0.857142857143,342,307,35,0,342,0,307,0,35,37,342,0.256756756757,1.72528881811,18.4864864865,15.5454545455,9.77142857143,5.36771015539,0.290358590277,0.142642642643,9.50849154237,1.02869645341,0.544491860281,8.05331334643,0.871264894205,0.461830251304,0.640599570326,0.371299902718,2,1.72528881811,0.640599570326,2,0.344071394247,0.376569037657,810,0.104247104247,0.56957682835,37,37,37,1,0,0.405405405405,0.540540540541,0.0540540540541,37,0.23048048048,1.7339028148,16.5945945946,13.9545454545,8.77142857143,4.72263732498,0.284588894176,0.144466942513,8.36947119286,1.00869848253,0.531913020512,7.27577741117,0.876885225451,0.473985386038,0.649471054211,0.374571774536,2,1.7339028148,0.649471054211,2,0.294848791366,0.315912181854,542,0.0697554697555,0.483569710601,37,37,37,1,0,0.405405405405,0.540540540541,0.0540540540541,37,337,0.253003003003,1.72083414342,18.2162162162,15.3181818182,9.62857142857,5.1051996105,0.280255764968,0.136418317427,9.28195317025,1.01908684658,0.539257358248,8.16423019363,0.896369487135,0.473654663566,0.635396814136,0.369237684273,2,1.72083414342,0.635396814136,2,0.319794628542,0.346394732616,719,0.0925353925354,0.57627024005,37,37,37,1,0,0.405405405405,0.540540540541,0.0540540540541,-5,-0.00375375375375,-0.00445467469165,-0.27027027027,-0.227272727273,-0.142857142857,-0.262510544892,-0.0101028253089,-0.00622432521542,-0.226538372128,-0.00960960682985,-0.00523450203288,0.1109168472,0.0251045929301,0.0118244122617,-0.00520275619045,-0.00206221844468,0,-0.00445467469165,-0.00520275619045,0,-0.0242767657052,-0.0301743050409,-91,-0.0117117117117,0.00669341169988,0,0,0,337,0,5,990,0.985380116959,1,0,0.0146198830409,1,0.985380116959,0.99263622975,0.990165874023,0.985380116959,0.985380116959,30,35,0,0,0,0
3608,WLNM_dir_neg,0.982857142857,0.887868184299,00:00:05,10,90,1,1241281836,threshold_sweep,0.8,1,0.857142857143,0.923076923077,30,0,5,70,0.857142857143,1,0,0.142857142857,1,0.857142857143,0.923076923077,0.952380952381,0.571428571429,0.888888888889,0.894427191,0.857142857143,342,307,35,0,342,0,307,0,35,37,342,0.256756756757,1.72528881811,18.4864864865,15.5454545455,9.77142857143,5.36771015539,0.290358590277,0.142642642643,9.50849154237,1.02869645341,0.544491860281,8.05331334643,0.871264894205,0.461830251304,0.640599570326,0.371299902718,2,1.72528881811,0.640599570326,2,0.344071394247,0.376569037657,810,0.104247104247,0.56957682835,37,37,37,1,0,0.405405405405,0.540540540541,0.0540540540541,37,0.23048048048,1.7339028148,16.5945945946,13.9545454545,8.77142857143,4.72263732498,0.284588894176,0.144466942513,8.36947119286,1.00869848253,0.531913020512,7.27577741117,0.876885225451,0.473985386038,0.649471054211,0.374571774536,2,1.7339028148,0.649471054211,2,0.294848791366,0.315912181854,542,0.0697554697555,0.483569710601,37,37,37,1,0,0.405405405405,0.540540540541,0.0540540540541,37,337,0.253003003003,1.72083414342,18.2162162162,15.3181818182,9.62857142857,5.1051996105,0.280255764968,0.136418317427,9.28195317025,1.01908684658,0.539257358248,8.16423019363,0.896369487135,0.473654663566,0.635396814136,0.369237684273,2,1.72083414342,0.635396814136,2,0.319794628542,0.346394732616,719,0.0925353925354,0.57627024005,37,37,37,1,0,0.405405405405,0.540540540541,0.0540540540541,-5,-0.00375375375375,-0.00445467469165,-0.27027027027,-0.227272727273,-0.142857142857,-0.262510544892,-0.0101028253089,-0.00622432521542,-0.226538372128,-0.00960960682985,-0.00523450203288,0.1109168472,0.0251045929301,0.0118244122617,-0.00520275619045,-0.00206221844468,0,-0.00445467469165,-0.00520275619045,0,-0.0242767657052,-0.0301743050409,-91,-0.0117117117117,0.00669341169988,0,0,0,337,0,5,990,0.985380116959,1,0,0.0146198830409,1,0.985380116959,0.99263622975,0.990165874023,0.985380116959,0.985380116959,30,35,0,0,0,0
3609,WLNM_dir_neg,0.982857142857,0.887868184299,00:00:05,10,90,1,1241281836,threshold_sweep,0.9,1,0.857142857143,0.923076923077,30,0,5,70,0.857142857143,1,0,0.142857142857,1,0.857142857143,0.923076923077,0.952380952381,0.571428571429,0.888888888889,0.894427191,0.857142857143,342,307,35,0,342,0,307,0,35,37,342,0.256756756757,1.72528881811,18.4864864865,15.5454545455,9.77142857143,5.36771015539,0.290358590277,0.142642642643,9.50849154237,1.02869645341,0.544491860281,8.05331334643,0.871264894205,0.461830251304,0.640599570326,0.371299902718,2,1.72528881811,0.640599570326,2,0.344071394247,0.376569037657,810,0.104247104247,0.56957682835,37,37,37,1,0,0.405405405405,0.540540540541,0.0540540540541,37,0.23048048048,1.7339028148,16.5945945946,13.9545454545,8.77142857143,4.72263732498,0.284588894176,0.144466942513,8.36947119286,1.00869848253,0.531913020512,7.27577741117,0.876885225451,0.473985386038,0.649471054211,0.374571774536,2,1.7339028148,0.649471054211,2,0.294848791366,0.315912181854,542,0.0697554697555,0.483569710601,37,37,37,1,0,0.405405405405,0.540540540541,0.0540540540541,37,337,0.253003003003,1.72083414342,18.2162162162,15.3181818182,9.62857142857,5.1051996105,0.280255764968,0.136418317427,9.28195317025,1.01908684658,0.539257358248,8.16423019363,0.896369487135,0.473654663566,0.635396814136,0.369237684273,2,1.72083414342,0.635396814136,2,0.319794628542,0.346394732616,719,0.0925353925354,0.57627024005,37,37,37,1,0,0.405405405405,0.540540540541,0.0540540540541,-5,-0.00375375375375,-0.00445467469165,-0.27027027027,-0.227272727273,-0.142857142857,-0.262510544892,-0.0101028253089,-0.00622432521542,-0.226538372128,-0.00960960682985,-0.00523450203288,0.1109168472,0.0251045929301,0.0118244122617,-0.00520275619045,-0.00206221844468,0,-0.00445467469165,-0.00520275619045,0,-0.0242767657052,-0.0301743050409,-91,-0.0117117117117,0.00669341169988,0,0,0,337,0,5,990,0.985380116959,1,0,0.0146198830409,1,0.985380116959,0.99263622975,0.990165874023,0.985380116959,0.985380116959,30,35,0,0,0,0
3610,WLNM_dir_neg,0.956734693878,0.909325783733,00:00:05,10,90,2,1241281837,threshold_sweep,0.1,0.941176470588,0.914285714286,0.927536231884,32,2,3,68,0.914285714286,0.971428571429,0.0285714285714,0.0857142857143,0.941176470588,0.914285714286,0.927536231884,0.952380952381,0.55873015873,0.892086330935,0.89229417688,0.885714285714,342,307,35,0,342,0,307,0,35,37,342,0.256756756757,1.72528881811,18.4864864865,15.5454545455,9.77142857143,5.36771015539,0.290358590277,0.142642642643,9.50849154237,1.02869645341,0.544491860281,8.05331334643,0.871264894205,0.461830251304,0.640599570326,0.371299902718,2,1.72528881811,0.640599570326,2,0.344071394247,0.376569037657,810,0.104247104247,0.56957682835,37,37,37,1,0,0.405405405405,0.540540540541,0.0540540540541,37,0.23048048048,1.73524485175,16.5945945946,13.9545454545,8.77142857143,4.59745980261,0.277045623284,0.13610353024,8.41250677683,1.01388518157,0.533849810723,7.10189671404,0.855928919934,0.460779998239,0.651777580003,0.375611303123,2,1.73524485175,0.651777580003,2,0.295872859727,0.311635158838,533,0.0685971685972,0.471037345348,37,37,37,1,0,0.405405405405,0.540540540541,0.0540540540541,37,341,0.256006006006,1.72445065653,18.4324324324,15.5,9.47222222222,5.35692978269,0.290625222815,0.140603947056,9.5106231106,1.03194444309,0.544661964017,8.07305234556,0.875961691454,0.461282396766,0.639615351168,0.370909627798,2,1.72445065653,0.639615351168,2,0.345476744925,0.367461430575,786,0.101158301158,0.572287542059,37,37,37,1,0,0.405405405405,0.567567567568,0.027027027027,-1,-0.000750750750751,-0.000838161588201,-0.0540540540541,-0.0454545454545,-0.299206349206,-0.0107803727009,0.000266632537567,-0.00203869558708,0.00213156822913,0.00324798967124,0.000170103735469,0.0197389991271,0.004696797249,-0.000547854537668,-0.000984219158155,-0.000390274919985,0,-0.000838161588201,-0.000984219158155,0,0.0014053506771,-0.00910760708187,-24,-0.0030888030888,0.0027107137091,0,0.027027027027,-0.027027027027,339,2,3,988,0.991228070175,0.99797979798,0.0020202020202,0.00877192982456,0.994134897361,0.991228070175,0.992679355783,0.990157304523,0.989207868155,0.985465116279,34,35,0,0,0,0
3611,WLNM_dir_neg,0.956734693878,0.909325783733,00:00:05,10,90,2,1241281837,threshold_sweep,0.2,0.941176470588,0.914285714286,0.927536231884,32,2,3,68,0.914285714286,0.971428571429,0.0285714285714,0.0857142857143,0.941176470588,0.914285714286,0.927536231884,0.952380952381,0.55873015873,0.892086330935,0.89229417688,0.885714285714,342,307,35,0,342,0,307,0,35,37,342,0.256756756757,1.72528881811,18.4864864865,15.5454545455,9.77142857143,5.36771015539,0.290358590277,0.142642642643,9.50849154237,1.02869645341,0.544491860281,8.05331334643,0.871264894205,0.461830251304,0.640599570326,0.371299902718,2,1.72528881811,0.640599570326,2,0.344071394247,0.376569037657,810,0.104247104247,0.56957682835,37,37,37,1,0,0.405405405405,0.540540540541,0.0540540540541,37,0.23048048048,1.73524485175,16.5945945946,13.9545454545,8.77142857143,4.59745980261,0.277045623284,0.13610353024,8.41250677683,1.01388518157,0.533849810723,7.10189671404,0.855928919934,0.460779998239,0.651777580003,0.375611303123,2,1.73524485175,0.651777580003,2,0.295872859727,0.311635158838,533,0.0685971685972,0.471037345348,37,37,37,1,0,0.405405405405,0.540540540541,0.0540540540541,37,341,0.256006006006,1.72445065653,18.4324324324,15.5,9.47222222222,5.35692978269,0.290625222815,0.140603947056,9.5106231106,1.03194444309,0.544661964017,8.07305234556,0.875961691454,0.461282396766,0.639615351168,0.370909627798,2,1.72445065653,0.639615351168,2,0.345476744925,0.367461430575,786,0.101158301158,0.572287542059,37,37,37,1,0,0.405405405405,0.567567567568,0.027027027027,-1,-0.000750750750751,-0.000838161588201,-0.0540540540541,-0.0454545454545,-0.299206349206,-0.0107803727009,0.000266632537567,-0.00203869558708,0.00213156822913,0.00324798967124,0.000170103735469,0.0197389991271,0.004696797249,-0.000547854537668,-0.000984219158155,-0.000390274919985,0,-0.000838161588201,-0.000984219158155,0,0.0014053506771,-0.00910760708187,-24,-0.0030888030888,0.0027107137091,0,0.027027027027,-0.027027027027,339,2,3,988,0.991228070175,0.99797979798,0.0020202020202,0.00877192982456,0.994134897361,0.991228070175,0.992679355783,0.990157304523,0.989207868155,0.985465116279,34,35,0,0,0,0
3612,WLNM_dir_neg,0.956734693878,0.909325783733,00:00:05,10,90,2,1241281837,threshold_sweep,0.3,0.941176470588,0.914285714286,0.927536231884,32,2,3,68,0.914285714286,0.971428571429,0.0285714285714,0.0857142857143,0.941176470588,0.914285714286,0.927536231884,0.952380952381,0.55873015873,0.892086330935,0.89229417688,0.885714285714,342,307,35,0,342,0,307,0,35,37,342,0.256756756757,1.72528881811,18.4864864865,15.5454545455,9.77142857143,5.36771015539,0.290358590277,0.142642642643,9.50849154237,1.02869645341,0.544491860281,8.05331334643,0.871264894205,0.461830251304,0.640599570326,0.371299902718,2,1.72528881811,0.640599570326,2,0.344071394247,0.376569037657,810,0.104247104247,0.56957682835,37,37,37,1,0,0.405405405405,0.540540540541,0.0540540540541,37,0.23048048048,1.73524485175,16.5945945946,13.9545454545,8.77142857143,4.59745980261,0.277045623284,0.13610353024,8.41250677683,1.01388518157,0.533849810723,7.10189671404,0.855928919934,0.460779998239,0.651777580003,0.375611303123,2,1.73524485175,0.651777580003,2,0.295872859727,0.311635158838,533,0.0685971685972,0.471037345348,37,37,37,1,0,0.405405405405,0.540540540541,0.0540540540541,37,341,0.256006006006,1.72445065653,18.4324324324,15.5,9.47222222222,5.35692978269,0.290625222815,0.140603947056,9.5106231106,1.03194444309,0.544661964017,8.07305234556,0.875961691454,0.461282396766,0.639615351168,0.370909627798,2,1.72445065653,0.639615351168,2,0.345476744925,0.367461430575,786,0.101158301158,0.572287542059,37,37,37,1,0,0.405405405405,0.567567567568,0.027027027027,-1,-0.000750750750751,-0.000838161588201,-0.0540540540541,-0.0454545454545,-0.299206349206,-0.0107803727009,0.000266632537567,-0.00203869558708,0.00213156822913,0.00324798967124,0.000170103735469,0.0197389991271,0.004696797249,-0.000547854537668,-0.000984219158155,-0.000390274919985,0,-0.000838161588201,-0.000984219158155,0,0.0014053506771,-0.00910760708187,-24,-0.0030888030888,0.0027107137091,0,0.027027027027,-0.027027027027,339,2,3,988,0.991228070175,0.99797979798,0.0020202020202,0.00877192982456,0.994134897361,0.991228070175,0.992679355783,0.990157304523,0.989207868155,0.985465116279,34,35,0,0,0,0
3613,WLNM_dir_neg,0.956734693878,0.909325783733,00:00:05,10,90,2,1241281837,threshold_sweep,0.4,0.941176470588,0.914285714286,0.927536231884,32,2,3,68,0.914285714286,0.971428571429,0.0285714285714,0.0857142857143,0.941176470588,0.914285714286,0.927536231884,0.952380952381,0.55873015873,0.892086330935,0.89229417688,0.885714285714,342,307,35,0,342,0,307,0,35,37,342,0.256756756757,1.72528881811,18.4864864865,15.5454545455,9.77142857143,5.36771015539,0.290358590277,0.142642642643,9.50849154237,1.02869645341,0.544491860281,8.05331334643,0.871264894205,0.461830251304,0.640599570326,0.371299902718,2,1.72528881811,0.640599570326,2,0.344071394247,0.376569037657,810,0.104247104247,0.56957682835,37,37,37,1,0,0.405405405405,0.540540540541,0.0540540540541,37,0.23048048048,1.73524485175,16.5945945946,13.9545454545,8.77142857143,4.59745980261,0.277045623284,0.13610353024,8.41250677683,1.01388518157,0.533849810723,7.10189671404,0.855928919934,0.460779998239,0.651777580003,0.375611303123,2,1.73524485175,0.651777580003,2,0.295872859727,0.311635158838,533,0.0685971685972,0.471037345348,37,37,37,1,0,0.405405405405,0.540540540541,0.0540540540541,37,341,0.256006006006,1.72445065653,18.4324324324,15.5,9.47222222222,5.35692978269,0.290625222815,0.140603947056,9.5106231106,1.03194444309,0.544661964017,8.07305234556,0.875961691454,0.461282396766,0.639615351168,0.370909627798,2,1.72445065653,0.639615351168,2,0.345476744925,0.367461430575,786,0.101158301158,0.572287542059,37,37,37,1,0,0.405405405405,0.567567567568,0.027027027027,-1,-0.000750750750751,-0.000838161588201,-0.0540540540541,-0.0454545454545,-0.299206349206,-0.0107803727009,0.000266632537567,-0.00203869558708,0.00213156822913,0.00324798967124,0.000170103735469,0.0197389991271,0.004696797249,-0.000547854537668,-0.000984219158155,-0.000390274919985,0,-0.000838161588201,-0.000984219158155,0,0.0014053506771,-0.00910760708187,-24,-0.0030888030888,0.0027107137091,0,0.027027027027,-0.027027027027,339,2,3,988,0.991228070175,0.99797979798,0.0020202020202,0.00877192982456,0.994134897361,0.991228070175,0.992679355783,0.990157304523,0.989207868155,0.985465116279,34,35,0,0,0,0
3614,WLNM_dir_neg,0.956734693878,0.909325783733,00:00:05,10,90,2,1241281837,threshold_sweep,0.5,0.969696969697,0.914285714286,0.941176470588,32,1,3,69,0.914285714286,0.985714285714,0.0142857142857,0.0857142857143,0.969696969697,0.914285714286,0.941176470588,0.961904761905,0.561904761905,0.913043478261,0.913907693767,0.9,342,307,35,0,342,0,307,0,35,37,342,0.256756756757,1.72528881811,18.4864864865,15.5454545455,9.77142857143,5.36771015539,0.290358590277,0.142642642643,9.50849154237,1.02869645341,0.544491860281,8.05331334643,0.871264894205,0.461830251304,0.640599570326,0.371299902718,2,1.72528881811,0.640599570326,2,0.344071394247,0.376569037657,810,0.104247104247,0.56957682835,37,37,37,1,0,0.405405405405,0.540540540541,0.0540540540541,37,0.23048048048,1.73524485175,16.5945945946,13.9545454545,8.77142857143,4.59745980261,0.277045623284,0.13610353024,8.41250677683,1.01388518157,0.533849810723,7.10189671404,0.855928919934,0.460779998239,0.651777580003,0.375611303123,2,1.73524485175,0.651777580003,2,0.295872859727,0.311635158838,533,0.0685971685972,0.471037345348,37,37,37,1,0,0.405405405405,0.540540540541,0.0540540540541,37,340,0.255255255255,1.72408478165,18.3783783784,15.4545454545,9.71428571429,5.28809644049,0.287734659262,0.140222575517,9.44233327402,1.02754803276,0.543402225755,8.10294129669,0.881790670523,0.465341812401,0.639049965413,0.370660406156,2,1.72408478165,0.639049965413,2,0.340706303004,0.363222361809,771,0.0992277992278,0.57346004963,37,37,37,1,0,0.405405405405,0.540540540541,0.0540540540541,-2,-0.0015015015015,-0.00120403646504,-0.108108108108,-0.0909090909091,-0.0571428571429,-0.0796137148994,-0.00262393101496,-0.00242006712595,-0.0661582683551,-0.00114842065385,-0.00108963452617,0.0496279502591,0.0105257763176,0.0035115610967,-0.00154960491294,-0.000639496562083,0,-0.00120403646504,-0.00154960491294,0,-0.00336509124379,-0.0133466758479,-39,-0.00501930501931,0.00388322127963,0,0,0,339,1,3,989,0.991228070175,0.99898989899,0.0010101010101,0.00877192982456,0.997058823529,0.991228070175,0.994134897361,0.992124464258,0.990217969165,0.98833819242,33,35,0,0,0,0
3615,WLNM_dir_neg,0.956734693878,0.909325783733,00:00:05,10,90,2,1241281837,threshold_sweep,0.6,0.969696969697,0.914285714286,0.941176470588,32,1,3,69,0.914285714286,0.985714285714,0.0142857142857,0.0857142857143,0.969696969697,0.914285714286,0.941176470588,0.961904761905,0.561904761905,0.913043478261,0.913907693767,0.9,342,307,35,0,342,0,307,0,35,37,342,0.256756756757,1.72528881811,18.4864864865,15.5454545455,9.77142857143,5.36771015539,0.290358590277,0.142642642643,9.50849154237,1.02869645341,0.544491860281,8.05331334643,0.871264894205,0.461830251304,0.640599570326,0.371299902718,2,1.72528881811,0.640599570326,2,0.344071394247,0.376569037657,810,0.104247104247,0.56957682835,37,37,37,1,0,0.405405405405,0.540540540541,0.0540540540541,37,0.23048048048,1.73524485175,16.5945945946,13.9545454545,8.77142857143,4.59745980261,0.277045623284,0.13610353024,8.41250677683,1.01388518157,0.533849810723,7.10189671404,0.855928919934,0.460779998239,0.651777580003,0.375611303123,2,1.73524485175,0.651777580003,2,0.295872859727,0.311635158838,533,0.0685971685972,0.471037345348,37,37,37,1,0,0.405405405405,0.540540540541,0.0540540540541,37,340,0.255255255255,1.72408478165,18.3783783784,15.4545454545,9.71428571429,5.28809644049,0.287734659262,0.140222575517,9.44233327402,1.02754803276,0.543402225755,8.10294129669,0.881790670523,0.465341812401,0.639049965413,0.370660406156,2,1.72408478165,0.639049965413,2,0.340706303004,0.363222361809,771,0.0992277992278,0.57346004963,37,37,37,1,0,0.405405405405,0.540540540541,0.0540540540541,-2,-0.0015015015015,-0.00120403646504,-0.108108108108,-0.0909090909091,-0.0571428571429,-0.0796137148994,-0.00262393101496,-0.00242006712595,-0.0661582683551,-0.00114842065385,-0.00108963452617,0.0496279502591,0.0105257763176,0.0035115610967,-0.00154960491294,-0.000639496562083,0,-0.00120403646504,-0.00154960491294,0,-0.00336509124379,-0.0133466758479,-39,-0.00501930501931,0.00388322127963,0,0,0,339,1,3,989,0.991228070175,0.99898989899,0.0010101010101,0.00877192982456,0.997058823529,0.991228070175,0.994134897361,0.992124464258,0.990217969165,0.98833819242,33,35,0,0,0,0
3616,WLNM_dir_neg,0.956734693878,0.909325783733,00:00:05,10,90,2,1241281837,threshold_sweep,0.7,0.969696969697,0.914285714286,0.941176470588,32,1,3,69,0.914285714286,0.985714285714,0.0142857142857,0.0857142857143,0.969696969697,0.914285714286,0.941176470588,0.961904761905,0.561904761905,0.913043478261,0.913907693767,0.9,342,307,35,0,342,0,307,0,35,37,342,0.256756756757,1.72528881811,18.4864864865,15.5454545455,9.77142857143,5.36771015539,0.290358590277,0.142642642643,9.50849154237,1.02869645341,0.544491860281,8.05331334643,0.871264894205,0.461830251304,0.640599570326,0.371299902718,2,1.72528881811,0.640599570326,2,0.344071394247,0.376569037657,810,0.104247104247,0.56957682835,37,37,37,1,0,0.405405405405,0.540540540541,0.0540540540541,37,0.23048048048,1.73524485175,16.5945945946,13.9545454545,8.77142857143,4.59745980261,0.277045623284,0.13610353024,8.41250677683,1.01388518157,0.533849810723,7.10189671404,0.855928919934,0.460779998239,0.651777580003,0.375611303123,2,1.73524485175,0.651777580003,2,0.295872859727,0.311635158838,533,0.0685971685972,0.471037345348,37,37,37,1,0,0.405405405405,0.540540540541,0.0540540540541,37,340,0.255255255255,1.72408478165,18.3783783784,15.4545454545,9.71428571429,5.28809644049,0.287734659262,0.140222575517,9.44233327402,1.02754803276,0.543402225755,8.10294129669,0.881790670523,0.465341812401,0.639049965413,0.370660406156,2,1.72408478165,0.639049965413,2,0.340706303004,0.363222361809,771,0.0992277992278,0.57346004963,37,37,37,1,0,0.405405405405,0.540540540541,0.0540540540541,-2,-0.0015015015015,-0.00120403646504,-0.108108108108,-0.0909090909091,-0.0571428571429,-0.0796137148994,-0.00262393101496,-0.00242006712595,-0.0661582683551,-0.00114842065385,-0.00108963452617,0.0496279502591,0.0105257763176,0.0035115610967,-0.00154960491294,-0.000639496562083,0,-0.00120403646504,-0.00154960491294,0,-0.00336509124379,-0.0133466758479,-39,-0.00501930501931,0.00388322127963,0,0,0,339,1,3,989,0.991228070175,0.99898989899,0.0010101010101,0.00877192982456,0.997058823529,0.991228070175,0.994134897361,0.992124464258,0.990217969165,0.98833819242,33,35,0,0,0,0
3617,WLNM_dir_neg,0.956734693878,0.909325783733,00:00:05,10,90,2,1241281837,threshold_sweep,0.8,0.969696969697,0.914285714286,0.941176470588,32,1,3,69,0.914285714286,0.985714285714,0.0142857142857,0.0857142857143,0.969696969697,0.914285714286,0.941176470588,0.961904761905,0.561904761905,0.913043478261,0.913907693767,0.9,342,307,35,0,342,0,307,0,35,37,342,0.256756756757,1.72528881811,18.4864864865,15.5454545455,9.77142857143,5.36771015539,0.290358590277,0.142642642643,9.50849154237,1.02869645341,0.544491860281,8.05331334643,0.871264894205,0.461830251304,0.640599570326,0.371299902718,2,1.72528881811,0.640599570326,2,0.344071394247,0.376569037657,810,0.104247104247,0.56957682835,37,37,37,1,0,0.405405405405,0.540540540541,0.0540540540541,37,0.23048048048,1.73524485175,16.5945945946,13.9545454545,8.77142857143,4.59745980261,0.277045623284,0.13610353024,8.41250677683,1.01388518157,0.533849810723,7.10189671404,0.855928919934,0.460779998239,0.651777580003,0.375611303123,2,1.73524485175,0.651777580003,2,0.295872859727,0.311635158838,533,0.0685971685972,0.471037345348,37,37,37,1,0,0.405405405405,0.540540540541,0.0540540540541,37,340,0.255255255255,1.72408478165,18.3783783784,15.4545454545,9.71428571429,5.28809644049,0.287734659262,0.140222575517,9.44233327402,1.02754803276,0.543402225755,8.10294129669,0.881790670523,0.465341812401,0.639049965413,0.370660406156,2,1.72408478165,0.639049965413,2,0.340706303004,0.363222361809,771,0.0992277992278,0.57346004963,37,37,37,1,0,0.405405405405,0.540540540541,0.0540540540541,-2,-0.0015015015015,-0.00120403646504,-0.108108108108,-0.0909090909091,-0.0571428571429,-0.0796137148994,-0.00262393101496,-0.00242006712595,-0.0661582683551,-0.00114842065385,-0.00108963452617,0.0496279502591,0.0105257763176,0.0035115610967,-0.00154960491294,-0.000639496562083,0,-0.00120403646504,-0.00154960491294,0,-0.00336509124379,-0.0133466758479,-39,-0.00501930501931,0.00388322127963,0,0,0,339,1,3,989,0.991228070175,0.99898989899,0.0010101010101,0.00877192982456,0.997058823529,0.991228070175,0.994134897361,0.992124464258,0.990217969165,0.98833819242,33,35,0,0,0,0
3618,WLNM_dir_neg,0.956734693878,0.909325783733,00:00:05,10,90,2,1241281837,threshold_sweep,0.9,0.969696969697,0.914285714286,0.941176470588,32,1,3,69,0.914285714286,0.985714285714,0.0142857142857,0.0857142857143,0.969696969697,0.914285714286,0.941176470588,0.961904761905,0.561904761905,0.913043478261,0.913907693767,0.9,342,307,35,0,342,0,307,0,35,37,342,0.256756756757,1.72528881811,18.4864864865,15.5454545455,9.77142857143,5.36771015539,0.290358590277,0.142642642643,9.50849154237,1.02869645341,0.544491860281,8.05331334643,0.871264894205,0.461830251304,0.640599570326,0.371299902718,2,1.72528881811,0.640599570326,2,0.344071394247,0.376569037657,810,0.104247104247,0.56957682835,37,37,37,1,0,0.405405405405,0.540540540541,0.0540540540541,37,0.23048048048,1.73524485175,16.5945945946,13.9545454545,8.77142857143,4.59745980261,0.277045623284,0.13610353024,8.41250677683,1.01388518157,0.533849810723,7.10189671404,0.855928919934,0.460779998239,0.651777580003,0.375611303123,2,1.73524485175,0.651777580003,2,0.295872859727,0.311635158838,533,0.0685971685972,0.471037345348,37,37,37,1,0,0.405405405405,0.540540540541,0.0540540540541,37,340,0.255255255255,1.72408478165,18.3783783784,15.4545454545,9.71428571429,5.28809644049,0.287734659262,0.140222575517,9.44233327402,1.02754803276,0.543402225755,8.10294129669,0.881790670523,0.465341812401,0.639049965413,0.370660406156,2,1.72408478165,0.639049965413,2,0.340706303004,0.363222361809,771,0.0992277992278,0.57346004963,37,37,37,1,0,0.405405405405,0.540540540541,0.0540540540541,-2,-0.0015015015015,-0.00120403646504,-0.108108108108,-0.0909090909091,-0.0571428571429,-0.0796137148994,-0.00262393101496,-0.00242006712595,-0.0661582683551,-0.00114842065385,-0.00108963452617,0.0496279502591,0.0105257763176,0.0035115610967,-0.00154960491294,-0.000639496562083,0,-0.00120403646504,-0.00154960491294,0,-0.00336509124379,-0.0133466758479,-39,-0.00501930501931,0.00388322127963,0,0,0,339,1,3,989,0.991228070175,0.99898989899,0.0010101010101,0.00877192982456,0.997058823529,0.991228070175,0.994134897361,0.992124464258,0.990217969165,0.98833819242,33,35,0,0,0,0
3619,WLNM_dir_neg,0.985918367347,0.861698643932,00:00:06,10,90,3,1241281838,threshold_sweep,0.1,1,0.828571428571,0.90625,29,0,6,70,0.828571428571,1,0,0.171428571429,1,0.828571428571,0.90625,0.942857142857,0.574603174603,0.865671641791,0.873589088037,0.828571428571,342,307,35,0,342,0,307,0,35,37,342,0.256756756757,1.72528881811,18.4864864865,15.5454545455,9.77142857143,5.36771015539,0.290358590277,0.142642642643,9.50849154237,1.02869645341,0.544491860281,8.05331334643,0.871264894205,0.461830251304,0.640599570326,0.371299902718,2,1.72528881811,0.640599570326,2,0.344071394247,0.376569037657,810,0.104247104247,0.56957682835,37,37,37,1,0,0.405405405405,0.540540540541,0.0540540540541,37,0.23048048048,1.72367892818,16.5945945946,13.9545454545,8.77142857143,4.68721345471,0.282454230984,0.137336033102,8.44875028518,1.0182532917,0.534906241747,7.40069390465,0.891940307726,0.475746104411,0.638134337727,0.370216475525,2,1.72367892818,0.638134337727,2,0.283045754138,0.305242718447,524,0.0674388674389,0.490975914613,37,37,37,1,0,0.405405405405,0.540540540541,0.0540540540541,37,336,0.252252252252,1.71969185653,18.1621621622,15.2727272727,9.6,5.26789813405,0.290047962738,0.141409266409,9.32254846648,1.02659015851,0.540701415701,8.07044807505,0.888710055884,0.470398970399,0.635182456713,0.369358297709,2,1.71969185653,0.635182456713,2,0.329536212554,0.356741121646,740,0.0952380952381,0.569419758146,37,37,37,1,0,0.405405405405,0.540540540541,0.0540540540541,-6,-0.0045045045045,-0.00559696158257,-0.324324324324,-0.272727272727,-0.171428571429,-0.0998120213411,-0.000310627539129,-0.00123337623338,-0.185943075892,-0.00210629490337,-0.00379044457992,0.0171347286191,0.017445161679,0.00856871909503,-0.00541711361328,-0.00194160500876,0,-0.00559696158257,-0.00541711361328,0,-0.0145351816934,-0.0198279160114,-70,-0.00900900900901,-0.000157070203608,0,0,0,336,0,6,990,0.982456140351,1,0,0.0175438596491,1,0.982456140351,0.991150442478,0.988199235917,0.982456140351,0.982456140351,29,35,0,0,0,0
3620,WLNM_dir_neg,0.985918367347,0.861698643932,00:00:06,10,90,3,1241281838,threshold_sweep,0.2,1,0.8,0.888888888889,28,0,7,70,0.8,1,0,0.2,1,0.8,0.888888888889,0.933333333333,0.577777777778,0.842105263158,0.852802865422,0.8,342,307,35,0,342,0,307,0,35,37,342,0.256756756757,1.72528881811,18.4864864865,15.5454545455,9.77142857143,5.36771015539,0.290358590277,0.142642642643,9.50849154237,1.02869645341,0.544491860281,8.05331334643,0.871264894205,0.461830251304,0.640599570326,0.371299902718,2,1.72528881811,0.640599570326,2,0.344071394247,0.376569037657,810,0.104247104247,0.56957682835,37,37,37,1,0,0.405405405405,0.540540540541,0.0540540540541,37,0.23048048048,1.72367892818,16.5945945946,13.9545454545,8.77142857143,4.68721345471,0.282454230984,0.137336033102,8.44875028518,1.0182532917,0.534906241747,7.40069390465,0.891940307726,0.475746104411,0.638134337727,0.370216475525,2,1.72367892818,0.638134337727,2,0.283045754138,0.305242718447,524,0.0674388674389,0.490975914613,37,37,37,1,0,0.405405405405,0.540540540541,0.0540540540541,37,335,0.251501501502,1.71920079718,18.1081081081,15.2272727273,9.57142857143,5.18964665776,0.286592427369,0.139653085922,9.25546669075,1.0222455748,0.539411052844,8.09302149985,0.893856105953,0.472771278741,0.634429393477,0.369025767391,2,1.71920079718,0.634429393477,2,0.320604797404,0.350882877045,722,0.0929214929215,0.570204352843,37,37,37,1,0,0.405405405405,0.540540540541,0.0540540540541,-7,-0.00525525525526,-0.0060880209359,-0.378378378378,-0.318181818182,-0.2,-0.17806349763,-0.00376616290811,-0.0029895567209,-0.25302485162,-0.00645087861507,-0.00508080743745,0.0397081534135,0.0225912117485,0.0109410274375,-0.00617017684863,-0.00227413532718,0,-0.0060880209359,-0.00617017684863,0,-0.023466596843,-0.0256861606117,-88,-0.0113256113256,0.000627524492708,0,0,0,335,0,7,990,0.979532163743,1,0,0.0204678362573,1,0.979532163743,0.989660265879,0.986232633066,0.979532163743,0.979532163743,28,35,0,0,0,0
3621,WLNM_dir_neg,0.985918367347,0.861698643932,00:00:06,10,90,3,1241281838,threshold_sweep,0.3,1,0.8,0.888888888889,28,0,7,70,0.8,1,0,0.2,1,0.8,0.888888888889,0.933333333333,0.577777777778,0.842105263158,0.852802865422,0.8,342,307,35,0,342,0,307,0,35,37,342,0.256756756757,1.72528881811,18.4864864865,15.5454545455,9.77142857143,5.36771015539,0.290358590277,0.142642642643,9.50849154237,1.02869645341,0.544491860281,8.05331334643,0.871264894205,0.461830251304,0.640599570326,0.371299902718,2,1.72528881811,0.640599570326,2,0.344071394247,0.376569037657,810,0.104247104247,0.56957682835,37,37,37,1,0,0.405405405405,0.540540540541,0.0540540540541,37,0.23048048048,1.72367892818,16.5945945946,13.9545454545,8.77142857143,4.68721345471,0.282454230984,0.137336033102,8.44875028518,1.0182532917,0.534906241747,7.40069390465,0.891940307726,0.475746104411,0.638134337727,0.370216475525,2,1.72367892818,0.638134337727,2,0.283045754138,0.305242718447,524,0.0674388674389,0.490975914613,37,37,37,1,0,0.405405405405,0.540540540541,0.0540540540541,37,335,0.251501501502,1.71920079718,18.1081081081,15.2272727273,9.57142857143,5.18964665776,0.286592427369,0.139653085922,9.25546669075,1.0222455748,0.539411052844,8.09302149985,0.893856105953,0.472771278741,0.634429393477,0.369025767391,2,1.71920079718,0.634429393477,2,0.320604797404,0.350882877045,722,0.0929214929215,0.570204352843,37,37,37,1,0,0.405405405405,0.540540540541,0.0540540540541,-7,-0.00525525525526,-0.0060880209359,-0.378378378378,-0.318181818182,-0.2,-0.17806349763,-0.00376616290811,-0.0029895567209,-0.25302485162,-0.00645087861507,-0.00508080743745,0.0397081534135,0.0225912117485,0.0109410274375,-0.00617017684863,-0.00227413532718,0,-0.0060880209359,-0.00617017684863,0,-0.023466596843,-0.0256861606117,-88,-0.0113256113256,0.000627524492708,0,0,0,335,0,7,990,0.979532163743,1,0,0.0204678362573,1,0.979532163743,0.989660265879,0.986232633066,0.979532163743,0.979532163743,28,35,0,0,0,0
3622,WLNM_dir_neg,0.985918367347,0.861698643932,00:00:06,10,90,3,1241281838,threshold_sweep,0.4,1,0.8,0.888888888889,28,0,7,70,0.8,1,0,0.2,1,0.8,0.888888888889,0.933333333333,0.577777777778,0.842105263158,0.852802865422,0.8,342,307,35,0,342,0,307,0,35,37,342,0.256756756757,1.72528881811,18.4864864865,15.5454545455,9.77142857143,5.36771015539,0.290358590277,0.142642642643,9.50849154237,1.02869645341,0.544491860281,8.05331334643,0.871264894205,0.461830251304,0.640599570326,0.371299902718,2,1.72528881811,0.640599570326,2,0.344071394247,0.376569037657,810,0.104247104247,0.56957682835,37,37,37,1,0,0.405405405405,0.540540540541,0.0540540540541,37,0.23048048048,1.72367892818,16.5945945946,13.9545454545,8.77142857143,4.68721345471,0.282454230984,0.137336033102,8.44875028518,1.0182532917,0.534906241747,7.40069390465,0.891940307726,0.475746104411,0.638134337727,0.370216475525,2,1.72367892818,0.638134337727,2,0.283045754138,0.305242718447,524,0.0674388674389,0.490975914613,37,37,37,1,0,0.405405405405,0.540540540541,0.0540540540541,37,335,0.251501501502,1.71920079718,18.1081081081,15.2272727273,9.57142857143,5.18964665776,0.286592427369,0.139653085922,9.25546669075,1.0222455748,0.539411052844,8.09302149985,0.893856105953,0.472771278741,0.634429393477,0.369025767391,2,1.71920079718,0.634429393477,2,0.320604797404,0.350882877045,722,0.0929214929215,0.570204352843,37,37,37,1,0,0.405405405405,0.540540540541,0.0540540540541,-7,-0.00525525525526,-0.0060880209359,-0.378378378378,-0.318181818182,-0.2,-0.17806349763,-0.00376616290811,-0.0029895567209,-0.25302485162,-0.00645087861507,-0.00508080743745,0.0397081534135,0.0225912117485,0.0109410274375,-0.00617017684863,-0.00227413532718,0,-0.0060880209359,-0.00617017684863,0,-0.023466596843,-0.0256861606117,-88,-0.0113256113256,0.000627524492708,0,0,0,335,0,7,990,0.979532163743,1,0,0.0204678362573,1,0.979532163743,0.989660265879,0.986232633066,0.979532163743,0.979532163743,28,35,0,0,0,0
3623,WLNM_dir_neg,0.985918367347,0.861698643932,00:00:06,10,90,3,1241281838,threshold_sweep,0.5,1,0.771428571429,0.870967741935,27,0,8,70,0.771428571429,1,0,0.228571428571,1,0.771428571429,0.870967741935,0.92380952381,0.580952380952,0.818181818182,0.832050294338,0.771428571429,342,307,35,0,342,0,307,0,35,37,342,0.256756756757,1.72528881811,18.4864864865,15.5454545455,9.77142857143,5.36771015539,0.290358590277,0.142642642643,9.50849154237,1.02869645341,0.544491860281,8.05331334643,0.871264894205,0.461830251304,0.640599570326,0.371299902718,2,1.72528881811,0.640599570326,2,0.344071394247,0.376569037657,810,0.104247104247,0.56957682835,37,37,37,1,0,0.405405405405,0.540540540541,0.0540540540541,37,0.23048048048,1.72367892818,16.5945945946,13.9545454545,8.77142857143,4.68721345471,0.282454230984,0.137336033102,8.44875028518,1.0182532917,0.534906241747,7.40069390465,0.891940307726,0.475746104411,0.638134337727,0.370216475525,2,1.72367892818,0.638134337727,2,0.283045754138,0.305242718447,524,0.0674388674389,0.490975914613,37,37,37,1,0,0.405405405405,0.540540540541,0.0540540540541,37,334,0.250750750751,1.71799138845,18.0540540541,15.1818181818,9.54285714286,5.20120683616,0.288090797811,0.139990289691,9.19083627705,1.01814653368,0.538112963263,8.11543962829,0.899015767205,0.474995954038,0.632631026633,0.368238764691,2,1.71799138845,0.632631026633,2,0.316464698159,0.352280130293,721,0.0927927927928,0.571082584256,37,37,37,1,0,0.405405405405,0.540540540541,0.0540540540541,-8,-0.00600600600601,-0.00729742966212,-0.432432432432,-0.363636363636,-0.228571428571,-0.16650331923,-0.00226779246568,-0.00265235295175,-0.317655265328,-0.01054991973,-0.00637889701867,0.0621262818521,0.0277508730005,0.0131657027339,-0.00796854369321,-0.00306113802719,0,-0.00729742966212,-0.00796854369321,0,-0.0276066960888,-0.0242889073637,-89,-0.0114543114543,0.00150575590613,0,0,0,334,0,8,990,0.976608187135,1,0,0.0233918128655,1,0.976608187135,0.988165680473,0.984266053764,0.976608187135,0.976608187135,27,35,0,0,0,0
3624,WLNM_dir_neg,0.985918367347,0.861698643932,00:00:06,10,90,3,1241281838,threshold_sweep,0.6,1,0.771428571429,0.870967741935,27,0,8,70,0.771428571429,1,0,0.228571428571,1,0.771428571429,0.870967741935,0.92380952381,0.580952380952,0.818181818182,0.832050294338,0.771428571429,342,307,35,0,342,0,307,0,35,37,342,0.256756756757,1.72528881811,18.4864864865,15.5454545455,9.77142857143,5.36771015539,0.290358590277,0.142642642643,9.50849154237,1.02869645341,0.544491860281,8.05331334643,0.871264894205,0.461830251304,0.640599570326,0.371299902718,2,1.72528881811,0.640599570326,2,0.344071394247,0.376569037657,810,0.104247104247,0.56957682835,37,37,37,1,0,0.405405405405,0.540540540541,0.0540540540541,37,0.23048048048,1.72367892818,16.5945945946,13.9545454545,8.77142857143,4.68721345471,0.282454230984,0.137336033102,8.44875028518,1.0182532917,0.534906241747,7.40069390465,0.891940307726,0.475746104411,0.638134337727,0.370216475525,2,1.72367892818,0.638134337727,2,0.283045754138,0.305242718447,524,0.0674388674389,0.490975914613,37,37,37,1,0,0.405405405405,0.540540540541,0.0540540540541,37,334,0.250750750751,1.71799138845,18.0540540541,15.1818181818,9.54285714286,5.20120683616,0.288090797811,0.139990289691,9.19083627705,1.01814653368,0.538112963263,8.11543962829,0.899015767205,0.474995954038,0.632631026633,0.368238764691,2,1.71799138845,0.632631026633,2,0.316464698159,0.352280130293,721,0.0927927927928,0.571082584256,37,37,37,1,0,0.405405405405,0.540540540541,0.0540540540541,-8,-0.00600600600601,-0.00729742966212,-0.432432432432,-0.363636363636,-0.228571428571,-0.16650331923,-0.00226779246568,-0.00265235295175,-0.317655265328,-0.01054991973,-0.00637889701867,0.0621262818521,0.0277508730005,0.0131657027339,-0.00796854369321,-0.00306113802719,0,-0.00729742966212,-0.00796854369321,0,-0.0276066960888,-0.0242889073637,-89,-0.0114543114543,0.00150575590613,0,0,0,334,0,8,990,0.976608187135,1,0,0.0233918128655,1,0.976608187135,0.988165680473,0.984266053764,0.976608187135,0.976608187135,27,35,0,0,0,0
3625,WLNM_dir_neg,0.985918367347,0.861698643932,00:00:06,10,90,3,1241281838,threshold_sweep,0.7,1,0.771428571429,0.870967741935,27,0,8,70,0.771428571429,1,0,0.228571428571,1,0.771428571429,0.870967741935,0.92380952381,0.580952380952,0.818181818182,0.832050294338,0.771428571429,342,307,35,0,342,0,307,0,35,37,342,0.256756756757,1.72528881811,18.4864864865,15.5454545455,9.77142857143,5.36771015539,0.290358590277,0.142642642643,9.50849154237,1.02869645341,0.544491860281,8.05331334643,0.871264894205,0.461830251304,0.640599570326,0.371299902718,2,1.72528881811,0.640599570326,2,0.344071394247,0.376569037657,810,0.104247104247,0.56957682835,37,37,37,1,0,0.405405405405,0.540540540541,0.0540540540541,37,0.23048048048,1.72367892818,16.5945945946,13.9545454545,8.77142857143,4.68721345471,0.282454230984,0.137336033102,8.44875028518,1.0182532917,0.534906241747,7.40069390465,0.891940307726,0.475746104411,0.638134337727,0.370216475525,2,1.72367892818,0.638134337727,2,0.283045754138,0.305242718447,524,0.0674388674389,0.490975914613,37,37,37,1,0,0.405405405405,0.540540540541,0.0540540540541,37,334,0.250750750751,1.71799138845,18.0540540541,15.1818181818,9.54285714286,5.20120683616,0.288090797811,0.139990289691,9.19083627705,1.01814653368,0.538112963263,8.11543962829,0.899015767205,0.474995954038,0.632631026633,0.368238764691,2,1.71799138845,0.632631026633,2,0.316464698159,0.352280130293,721,0.0927927927928,0.571082584256,37,37,37,1,0,0.405405405405,0.540540540541,0.0540540540541,-8,-0.00600600600601,-0.00729742966212,-0.432432432432,-0.363636363636,-0.228571428571,-0.16650331923,-0.00226779246568,-0.00265235295175,-0.317655265328,-0.01054991973,-0.00637889701867,0.0621262818521,0.0277508730005,0.0131657027339,-0.00796854369321,-0.00306113802719,0,-0.00729742966212,-0.00796854369321,0,-0.0276066960888,-0.0242889073637,-89,-0.0114543114543,0.00150575590613,0,0,0,334,0,8,990,0.976608187135,1,0,0.0233918128655,1,0.976608187135,0.988165680473,0.984266053764,0.976608187135,0.976608187135,27,35,0,0,0,0
3626,WLNM_dir_neg,0.985918367347,0.861698643932,00:00:06,10,90,3,1241281838,threshold_sweep,0.8,1,0.771428571429,0.870967741935,27,0,8,70,0.771428571429,1,0,0.228571428571,1,0.771428571429,0.870967741935,0.92380952381,0.580952380952,0.818181818182,0.832050294338,0.771428571429,342,307,35,0,342,0,307,0,35,37,342,0.256756756757,1.72528881811,18.4864864865,15.5454545455,9.77142857143,5.36771015539,0.290358590277,0.142642642643,9.50849154237,1.02869645341,0.544491860281,8.05331334643,0.871264894205,0.461830251304,0.640599570326,0.371299902718,2,1.72528881811,0.640599570326,2,0.344071394247,0.376569037657,810,0.104247104247,0.56957682835,37,37,37,1,0,0.405405405405,0.540540540541,0.0540540540541,37,0.23048048048,1.72367892818,16.5945945946,13.9545454545,8.77142857143,4.68721345471,0.282454230984,0.137336033102,8.44875028518,1.0182532917,0.534906241747,7.40069390465,0.891940307726,0.475746104411,0.638134337727,0.370216475525,2,1.72367892818,0.638134337727,2,0.283045754138,0.305242718447,524,0.0674388674389,0.490975914613,37,37,37,1,0,0.405405405405,0.540540540541,0.0540540540541,37,334,0.250750750751,1.71799138845,18.0540540541,15.1818181818,9.54285714286,5.20120683616,0.288090797811,0.139990289691,9.19083627705,1.01814653368,0.538112963263,8.11543962829,0.899015767205,0.474995954038,0.632631026633,0.368238764691,2,1.71799138845,0.632631026633,2,0.316464698159,0.352280130293,721,0.0927927927928,0.571082584256,37,37,37,1,0,0.405405405405,0.540540540541,0.0540540540541,-8,-0.00600600600601,-0.00729742966212,-0.432432432432,-0.363636363636,-0.228571428571,-0.16650331923,-0.00226779246568,-0.00265235295175,-0.317655265328,-0.01054991973,-0.00637889701867,0.0621262818521,0.0277508730005,0.0131657027339,-0.00796854369321,-0.00306113802719,0,-0.00729742966212,-0.00796854369321,0,-0.0276066960888,-0.0242889073637,-89,-0.0114543114543,0.00150575590613,0,0,0,334,0,8,990,0.976608187135,1,0,0.0233918128655,1,0.976608187135,0.988165680473,0.984266053764,0.976608187135,0.976608187135,27,35,0,0,0,0
3627,WLNM_dir_neg,0.985918367347,0.861698643932,00:00:06,10,90,3,1241281838,threshold_sweep,0.9,1,0.771428571429,0.870967741935,27,0,8,70,0.771428571429,1,0,0.228571428571,1,0.771428571429,0.870967741935,0.92380952381,0.580952380952,0.818181818182,0.832050294338,0.771428571429,342,307,35,0,342,0,307,0,35,37,342,0.256756756757,1.72528881811,18.4864864865,15.5454545455,9.77142857143,5.36771015539,0.290358590277,0.142642642643,9.50849154237,1.02869645341,0.544491860281,8.05331334643,0.871264894205,0.461830251304,0.640599570326,0.371299902718,2,1.72528881811,0.640599570326,2,0.344071394247,0.376569037657,810,0.104247104247,0.56957682835,37,37,37,1,0,0.405405405405,0.540540540541,0.0540540540541,37,0.23048048048,1.72367892818,16.5945945946,13.9545454545,8.77142857143,4.68721345471,0.282454230984,0.137336033102,8.44875028518,1.0182532917,0.534906241747,7.40069390465,0.891940307726,0.475746104411,0.638134337727,0.370216475525,2,1.72367892818,0.638134337727,2,0.283045754138,0.305242718447,524,0.0674388674389,0.490975914613,37,37,37,1,0,0.405405405405,0.540540540541,0.0540540540541,37,334,0.250750750751,1.71799138845,18.0540540541,15.1818181818,9.54285714286,5.20120683616,0.288090797811,0.139990289691,9.19083627705,1.01814653368,0.538112963263,8.11543962829,0.899015767205,0.474995954038,0.632631026633,0.368238764691,2,1.71799138845,0.632631026633,2,0.316464698159,0.352280130293,721,0.0927927927928,0.571082584256,37,37,37,1,0,0.405405405405,0.540540540541,0.0540540540541,-8,-0.00600600600601,-0.00729742966212,-0.432432432432,-0.363636363636,-0.228571428571,-0.16650331923,-0.00226779246568,-0.00265235295175,-0.317655265328,-0.01054991973,-0.00637889701867,0.0621262818521,0.0277508730005,0.0131657027339,-0.00796854369321,-0.00306113802719,0,-0.00729742966212,-0.00796854369321,0,-0.0276066960888,-0.0242889073637,-89,-0.0114543114543,0.00150575590613,0,0,0,334,0,8,990,0.976608187135,1,0,0.0233918128655,1,0.976608187135,0.988165680473,0.984266053764,0.976608187135,0.976608187135,27,35,0,0,0,0
3628,WLNM_dir_neg,0.990612244898,0.899968710835,00:00:06,10,90,4,1241281839,threshold_sweep,0.1,1,0.857142857143,0.923076923077,30,0,5,70,0.857142857143,1,0,0.142857142857,1,0.857142857143,0.923076923077,0.952380952381,0.571428571429,0.888888888889,0.894427191,0.857142857143,342,307,35,0,342,0,307,0,35,37,342,0.256756756757,1.72528881811,18.4864864865,15.5454545455,9.77142857143,5.36771015539,0.290358590277,0.142642642643,9.50849154237,1.02869645341,0.544491860281,8.05331334643,0.871264894205,0.461830251304,0.640599570326,0.371299902718,2,1.72528881811,0.640599570326,2,0.344071394247,0.376569037657,810,0.104247104247,0.56957682835,37,37,37,1,0,0.405405405405,0.540540540541,0.0540540540541,37,0.23048048048,1.73099323509,16.5945945946,13.9545454545,8.77142857143,4.64554421797,0.279943218347,0.133286380843,8.41250677683,1.01388518157,0.528743727441,7.33282143996,0.883760238692,0.470640021129,0.645953992758,0.373169565115,2,1.73099323509,0.645953992758,2,0.294772804816,0.3046692607,522,0.0671814671815,0.486941575785,37,37,37,1,0,0.405405405405,0.540540540541,0.0540540540541,37,337,0.253003003003,1.72160454255,18.2162162162,15.3181818182,9.62857142857,5.16470465508,0.283522362371,0.138423289759,9.31183173228,1.02236728218,0.540540540541,8.10275599131,0.889620094001,0.470607105622,0.636332895232,0.369616180432,2,1.72160454255,0.636332895232,2,0.324647476132,0.352460330181,733,0.0943371943372,0.570593513073,37,37,37,1,0,0.405405405405,0.540540540541,0.0540540540541,-5,-0.00375375375375,-0.00368427556472,-0.27027027027,-0.227272727273,-0.142857142857,-0.203005500316,-0.00683622790643,-0.00421935288404,-0.196659810099,-0.00632917123621,-0.00395131974079,0.0494426448723,0.0183551997961,0.00877685431801,-0.00426667509445,-0.00168372228583,0,-0.00368427556472,-0.00426667509445,0,-0.0194239181158,-0.0241087074758,-77,-0.00990990990991,0.00101668472356,0,0,0,337,0,5,990,0.985380116959,1,0,0.0146198830409,1,0.985380116959,0.99263622975,0.990165874023,0.985380116959,0.985380116959,30,35,0,0,0,0
3629,WLNM_dir_neg,0.990612244898,0.899968710835,00:00:06,10,90,4,1241281839,threshold_sweep,0.2,1,0.857142857143,0.923076923077,30,0,5,70,0.857142857143,1,0,0.142857142857,1,0.857142857143,0.923076923077,0.952380952381,0.571428571429,0.888888888889,0.894427191,0.857142857143,342,307,35,0,342,0,307,0,35,37,342,0.256756756757,1.72528881811,18.4864864865,15.5454545455,9.77142857143,5.36771015539,0.290358590277,0.142642642643,9.50849154237,1.02869645341,0.544491860281,8.05331334643,0.871264894205,0.461830251304,0.640599570326,0.371299902718,2,1.72528881811,0.640599570326,2,0.344071394247,0.376569037657,810,0.104247104247,0.56957682835,37,37,37,1,0,0.405405405405,0.540540540541,0.0540540540541,37,0.23048048048,1.73099323509,16.5945945946,13.9545454545,8.77142857143,4.64554421797,0.279943218347,0.133286380843,8.41250677683,1.01388518157,0.528743727441,7.33282143996,0.883760238692,0.470640021129,0.645953992758,0.373169565115,2,1.73099323509,0.645953992758,2,0.294772804816,0.3046692607,522,0.0671814671815,0.486941575785,37,37,37,1,0,0.405405405405,0.540540540541,0.0540540540541,37,337,0.253003003003,1.72160454255,18.2162162162,15.3181818182,9.62857142857,5.16470465508,0.283522362371,0.138423289759,9.31183173228,1.02236728218,0.540540540541,8.10275599131,0.889620094001,0.470607105622,0.636332895232,0.369616180432,2,1.72160454255,0.636332895232,2,0.324647476132,0.352460330181,733,0.0943371943372,0.570593513073,37,37,37,1,0,0.405405405405,0.540540540541,0.0540540540541,-5,-0.00375375375375,-0.00368427556472,-0.27027027027,-0.227272727273,-0.142857142857,-0.203005500316,-0.00683622790643,-0.00421935288404,-0.196659810099,-0.00632917123621,-0.00395131974079,0.0494426448723,0.0183551997961,0.00877685431801,-0.00426667509445,-0.00168372228583,0,-0.00368427556472,-0.00426667509445,0,-0.0194239181158,-0.0241087074758,-77,-0.00990990990991,0.00101668472356,0,0,0,337,0,5,990,0.985380116959,1,0,0.0146198830409,1,0.985380116959,0.99263622975,0.990165874023,0.985380116959,0.985380116959,30,35,0,0,0,0
3630,WLNM_dir_neg,0.990612244898,0.899968710835,00:00:06,10,90,4,1241281839,threshold_sweep,0.3,1,0.857142857143,0.923076923077,30,0,5,70,0.857142857143,1,0,0.142857142857,1,0.857142857143,0.923076923077,0.952380952381,0.571428571429,0.888888888889,0.894427191,0.857142857143,342,307,35,0,342,0,307,0,35,37,342,0.256756756757,1.72528881811,18.4864864865,15.5454545455,9.77142857143,5.36771015539,0.290358590277,0.142642642643,9.50849154237,1.02869645341,0.544491860281,8.05331334643,0.871264894205,0.461830251304,0.640599570326,0.371299902718,2,1.72528881811,0.640599570326,2,0.344071394247,0.376569037657,810,0.104247104247,0.56957682835,37,37,37,1,0,0.405405405405,0.540540540541,0.0540540540541,37,0.23048048048,1.73099323509,16.5945945946,13.9545454545,8.77142857143,4.64554421797,0.279943218347,0.133286380843,8.41250677683,1.01388518157,0.528743727441,7.33282143996,0.883760238692,0.470640021129,0.645953992758,0.373169565115,2,1.73099323509,0.645953992758,2,0.294772804816,0.3046692607,522,0.0671814671815,0.486941575785,37,37,37,1,0,0.405405405405,0.540540540541,0.0540540540541,37,337,0.253003003003,1.72160454255,18.2162162162,15.3181818182,9.62857142857,5.16470465508,0.283522362371,0.138423289759,9.31183173228,1.02236728218,0.540540540541,8.10275599131,0.889620094001,0.470607105622,0.636332895232,0.369616180432,2,1.72160454255,0.636332895232,2,0.324647476132,0.352460330181,733,0.0943371943372,0.570593513073,37,37,37,1,0,0.405405405405,0.540540540541,0.0540540540541,-5,-0.00375375375375,-0.00368427556472,-0.27027027027,-0.227272727273,-0.142857142857,-0.203005500316,-0.00683622790643,-0.00421935288404,-0.196659810099,-0.00632917123621,-0.00395131974079,0.0494426448723,0.0183551997961,0.00877685431801,-0.00426667509445,-0.00168372228583,0,-0.00368427556472,-0.00426667509445,0,-0.0194239181158,-0.0241087074758,-77,-0.00990990990991,0.00101668472356,0,0,0,337,0,5,990,0.985380116959,1,0,0.0146198830409,1,0.985380116959,0.99263622975,0.990165874023,0.985380116959,0.985380116959,30,35,0,0,0,0
3631,WLNM_dir_neg,0.990612244898,0.899968710835,00:00:06,10,90,4,1241281839,threshold_sweep,0.4,1,0.857142857143,0.923076923077,30,0,5,70,0.857142857143,1,0,0.142857142857,1,0.857142857143,0.923076923077,0.952380952381,0.571428571429,0.888888888889,0.894427191,0.857142857143,342,307,35,0,342,0,307,0,35,37,342,0.256756756757,1.72528881811,18.4864864865,15.5454545455,9.77142857143,5.36771015539,0.290358590277,0.142642642643,9.50849154237,1.02869645341,0.544491860281,8.05331334643,0.871264894205,0.461830251304,0.640599570326,0.371299902718,2,1.72528881811,0.640599570326,2,0.344071394247,0.376569037657,810,0.104247104247,0.56957682835,37,37,37,1,0,0.405405405405,0.540540540541,0.0540540540541,37,0.23048048048,1.73099323509,16.5945945946,13.9545454545,8.77142857143,4.64554421797,0.279943218347,0.133286380843,8.41250677683,1.01388518157,0.528743727441,7.33282143996,0.883760238692,0.470640021129,0.645953992758,0.373169565115,2,1.73099323509,0.645953992758,2,0.294772804816,0.3046692607,522,0.0671814671815,0.486941575785,37,37,37,1,0,0.405405405405,0.540540540541,0.0540540540541,37,337,0.253003003003,1.72160454255,18.2162162162,15.3181818182,9.62857142857,5.16470465508,0.283522362371,0.138423289759,9.31183173228,1.02236728218,0.540540540541,8.10275599131,0.889620094001,0.470607105622,0.636332895232,0.369616180432,2,1.72160454255,0.636332895232,2,0.324647476132,0.352460330181,733,0.0943371943372,0.570593513073,37,37,37,1,0,0.405405405405,0.540540540541,0.0540540540541,-5,-0.00375375375375,-0.00368427556472,-0.27027027027,-0.227272727273,-0.142857142857,-0.203005500316,-0.00683622790643,-0.00421935288404,-0.196659810099,-0.00632917123621,-0.00395131974079,0.0494426448723,0.0183551997961,0.00877685431801,-0.00426667509445,-0.00168372228583,0,-0.00368427556472,-0.00426667509445,0,-0.0194239181158,-0.0241087074758,-77,-0.00990990990991,0.00101668472356,0,0,0,337,0,5,990,0.985380116959,1,0,0.0146198830409,1,0.985380116959,0.99263622975,0.990165874023,0.985380116959,0.985380116959,30,35,0,0,0,0
3632,WLNM_dir_neg,0.990612244898,0.899968710835,00:00:06,10,90,4,1241281839,threshold_sweep,0.5,1,0.857142857143,0.923076923077,30,0,5,70,0.857142857143,1,0,0.142857142857,1,0.857142857143,0.923076923077,0.952380952381,0.571428571429,0.888888888889,0.894427191,0.857142857143,342,307,35,0,342,0,307,0,35,37,342,0.256756756757,1.72528881811,18.4864864865,15.5454545455,9.77142857143,5.36771015539,0.290358590277,0.142642642643,9.50849154237,1.02869645341,0.544491860281,8.05331334643,0.871264894205,0.461830251304,0.640599570326,0.371299902718,2,1.72528881811,0.640599570326,2,0.344071394247,0.376569037657,810,0.104247104247,0.56957682835,37,37,37,1,0,0.405405405405,0.540540540541,0.0540540540541,37,0.23048048048,1.73099323509,16.5945945946,13.9545454545,8.77142857143,4.64554421797,0.279943218347,0.133286380843,8.41250677683,1.01388518157,0.528743727441,7.33282143996,0.883760238692,0.470640021129,0.645953992758,0.373169565115,2,1.73099323509,0.645953992758,2,0.294772804816,0.3046692607,522,0.0671814671815,0.486941575785,37,37,37,1,0,0.405405405405,0.540540540541,0.0540540540541,37,337,0.253003003003,1.72160454255,18.2162162162,15.3181818182,9.62857142857,5.16470465508,0.283522362371,0.138423289759,9.31183173228,1.02236728218,0.540540540541,8.10275599131,0.889620094001,0.470607105622,0.636332895232,0.369616180432,2,1.72160454255,0.636332895232,2,0.324647476132,0.352460330181,733,0.0943371943372,0.570593513073,37,37,37,1,0,0.405405405405,0.540540540541,0.0540540540541,-5,-0.00375375375375,-0.00368427556472,-0.27027027027,-0.227272727273,-0.142857142857,-0.203005500316,-0.00683622790643,-0.00421935288404,-0.196659810099,-0.00632917123621,-0.00395131974079,0.0494426448723,0.0183551997961,0.00877685431801,-0.00426667509445,-0.00168372228583,0,-0.00368427556472,-0.00426667509445,0,-0.0194239181158,-0.0241087074758,-77,-0.00990990990991,0.00101668472356,0,0,0,337,0,5,990,0.985380116959,1,0,0.0146198830409,1,0.985380116959,0.99263622975,0.990165874023,0.985380116959,0.985380116959,30,35,0,0,0,0
3633,WLNM_dir_neg,0.990612244898,0.899968710835,00:00:06,10,90,4,1241281839,threshold_sweep,0.6,1,0.857142857143,0.923076923077,30,0,5,70,0.857142857143,1,0,0.142857142857,1,0.857142857143,0.923076923077,0.952380952381,0.571428571429,0.888888888889,0.894427191,0.857142857143,342,307,35,0,342,0,307,0,35,37,342,0.256756756757,1.72528881811,18.4864864865,15.5454545455,9.77142857143,5.36771015539,0.290358590277,0.142642642643,9.50849154237,1.02869645341,0.544491860281,8.05331334643,0.871264894205,0.461830251304,0.640599570326,0.371299902718,2,1.72528881811,0.640599570326,2,0.344071394247,0.376569037657,810,0.104247104247,0.56957682835,37,37,37,1,0,0.405405405405,0.540540540541,0.0540540540541,37,0.23048048048,1.73099323509,16.5945945946,13.9545454545,8.77142857143,4.64554421797,0.279943218347,0.133286380843,8.41250677683,1.01388518157,0.528743727441,7.33282143996,0.883760238692,0.470640021129,0.645953992758,0.373169565115,2,1.73099323509,0.645953992758,2,0.294772804816,0.3046692607,522,0.0671814671815,0.486941575785,37,37,37,1,0,0.405405405405,0.540540540541,0.0540540540541,37,337,0.253003003003,1.72160454255,18.2162162162,15.3181818182,9.62857142857,5.16470465508,0.283522362371,0.138423289759,9.31183173228,1.02236728218,0.540540540541,8.10275599131,0.889620094001,0.470607105622,0.636332895232,0.369616180432,2,1.72160454255,0.636332895232,2,0.324647476132,0.352460330181,733,0.0943371943372,0.570593513073,37,37,37,1,0,0.405405405405,0.540540540541,0.0540540540541,-5,-0.00375375375375,-0.00368427556472,-0.27027027027,-0.227272727273,-0.142857142857,-0.203005500316,-0.00683622790643,-0.00421935288404,-0.196659810099,-0.00632917123621,-0.00395131974079,0.0494426448723,0.0183551997961,0.00877685431801,-0.00426667509445,-0.00168372228583,0,-0.00368427556472,-0.00426667509445,0,-0.0194239181158,-0.0241087074758,-77,-0.00990990990991,0.00101668472356,0,0,0,337,0,5,990,0.985380116959,1,0,0.0146198830409,1,0.985380116959,0.99263622975,0.990165874023,0.985380116959,0.985380116959,30,35,0,0,0,0
3634,WLNM_dir_neg,0.990612244898,0.899968710835,00:00:06,10,90,4,1241281839,threshold_sweep,0.7,1,0.857142857143,0.923076923077,30,0,5,70,0.857142857143,1,0,0.142857142857,1,0.857142857143,0.923076923077,0.952380952381,0.571428571429,0.888888888889,0.894427191,0.857142857143,342,307,35,0,342,0,307,0,35,37,342,0.256756756757,1.72528881811,18.4864864865,15.5454545455,9.77142857143,5.36771015539,0.290358590277,0.142642642643,9.50849154237,1.02869645341,0.544491860281,8.05331334643,0.871264894205,0.461830251304,0.640599570326,0.371299902718,2,1.72528881811,0.640599570326,2,0.344071394247,0.376569037657,810,0.104247104247,0.56957682835,37,37,37,1,0,0.405405405405,0.540540540541,0.0540540540541,37,0.23048048048,1.73099323509,16.5945945946,13.9545454545,8.77142857143,4.64554421797,0.279943218347,0.133286380843,8.41250677683,1.01388518157,0.528743727441,7.33282143996,0.883760238692,0.470640021129,0.645953992758,0.373169565115,2,1.73099323509,0.645953992758,2,0.294772804816,0.3046692607,522,0.0671814671815,0.486941575785,37,37,37,1,0,0.405405405405,0.540540540541,0.0540540540541,37,337,0.253003003003,1.72160454255,18.2162162162,15.3181818182,9.62857142857,5.16470465508,0.283522362371,0.138423289759,9.31183173228,1.02236728218,0.540540540541,8.10275599131,0.889620094001,0.470607105622,0.636332895232,0.369616180432,2,1.72160454255,0.636332895232,2,0.324647476132,0.352460330181,733,0.0943371943372,0.570593513073,37,37,37,1,0,0.405405405405,0.540540540541,0.0540540540541,-5,-0.00375375375375,-0.00368427556472,-0.27027027027,-0.227272727273,-0.142857142857,-0.203005500316,-0.00683622790643,-0.00421935288404,-0.196659810099,-0.00632917123621,-0.00395131974079,0.0494426448723,0.0183551997961,0.00877685431801,-0.00426667509445,-0.00168372228583,0,-0.00368427556472,-0.00426667509445,0,-0.0194239181158,-0.0241087074758,-77,-0.00990990990991,0.00101668472356,0,0,0,337,0,5,990,0.985380116959,1,0,0.0146198830409,1,0.985380116959,0.99263622975,0.990165874023,0.985380116959,0.985380116959,30,35,0,0,0,0
3635,WLNM_dir_neg,0.990612244898,0.899968710835,00:00:06,10,90,4,1241281839,threshold_sweep,0.8,1,0.857142857143,0.923076923077,30,0,5,70,0.857142857143,1,0,0.142857142857,1,0.857142857143,0.923076923077,0.952380952381,0.571428571429,0.888888888889,0.894427191,0.857142857143,342,307,35,0,342,0,307,0,35,37,342,0.256756756757,1.72528881811,18.4864864865,15.5454545455,9.77142857143,5.36771015539,0.290358590277,0.142642642643,9.50849154237,1.02869645341,0.544491860281,8.05331334643,0.871264894205,0.461830251304,0.640599570326,0.371299902718,2,1.72528881811,0.640599570326,2,0.344071394247,0.376569037657,810,0.104247104247,0.56957682835,37,37,37,1,0,0.405405405405,0.540540540541,0.0540540540541,37,0.23048048048,1.73099323509,16.5945945946,13.9545454545,8.77142857143,4.64554421797,0.279943218347,0.133286380843,8.41250677683,1.01388518157,0.528743727441,7.33282143996,0.883760238692,0.470640021129,0.645953992758,0.373169565115,2,1.73099323509,0.645953992758,2,0.294772804816,0.3046692607,522,0.0671814671815,0.486941575785,37,37,37,1,0,0.405405405405,0.540540540541,0.0540540540541,37,337,0.253003003003,1.72160454255,18.2162162162,15.3181818182,9.62857142857,5.16470465508,0.283522362371,0.138423289759,9.31183173228,1.02236728218,0.540540540541,8.10275599131,0.889620094001,0.470607105622,0.636332895232,0.369616180432,2,1.72160454255,0.636332895232,2,0.324647476132,0.352460330181,733,0.0943371943372,0.570593513073,37,37,37,1,0,0.405405405405,0.540540540541,0.0540540540541,-5,-0.00375375375375,-0.00368427556472,-0.27027027027,-0.227272727273,-0.142857142857,-0.203005500316,-0.00683622790643,-0.00421935288404,-0.196659810099,-0.00632917123621,-0.00395131974079,0.0494426448723,0.0183551997961,0.00877685431801,-0.00426667509445,-0.00168372228583,0,-0.00368427556472,-0.00426667509445,0,-0.0194239181158,-0.0241087074758,-77,-0.00990990990991,0.00101668472356,0,0,0,337,0,5,990,0.985380116959,1,0,0.0146198830409,1,0.985380116959,0.99263622975,0.990165874023,0.985380116959,0.985380116959,30,35,0,0,0,0
3636,WLNM_dir_neg,0.990612244898,0.899968710835,00:00:06,10,90,4,1241281839,threshold_sweep,0.9,1,0.857142857143,0.923076923077,30,0,5,70,0.857142857143,1,0,0.142857142857,1,0.857142857143,0.923076923077,0.952380952381,0.571428571429,0.888888888889,0.894427191,0.857142857143,342,307,35,0,342,0,307,0,35,37,342,0.256756756757,1.72528881811,18.4864864865,15.5454545455,9.77142857143,5.36771015539,0.290358590277,0.142642642643,9.50849154237,1.02869645341,0.544491860281,8.05331334643,0.871264894205,0.461830251304,0.640599570326,0.371299902718,2,1.72528881811,0.640599570326,2,0.344071394247,0.376569037657,810,0.104247104247,0.56957682835,37,37,37,1,0,0.405405405405,0.540540540541,0.0540540540541,37,0.23048048048,1.73099323509,16.5945945946,13.9545454545,8.77142857143,4.64554421797,0.279943218347,0.133286380843,8.41250677683,1.01388518157,0.528743727441,7.33282143996,0.883760238692,0.470640021129,0.645953992758,0.373169565115,2,1.73099323509,0.645953992758,2,0.294772804816,0.3046692607,522,0.0671814671815,0.486941575785,37,37,37,1,0,0.405405405405,0.540540540541,0.0540540540541,37,337,0.253003003003,1.72160454255,18.2162162162,15.3181818182,9.62857142857,5.16470465508,0.283522362371,0.138423289759,9.31183173228,1.02236728218,0.540540540541,8.10275599131,0.889620094001,0.470607105622,0.636332895232,0.369616180432,2,1.72160454255,0.636332895232,2,0.324647476132,0.352460330181,733,0.0943371943372,0.570593513073,37,37,37,1,0,0.405405405405,0.540540540541,0.0540540540541,-5,-0.00375375375375,-0.00368427556472,-0.27027027027,-0.227272727273,-0.142857142857,-0.203005500316,-0.00683622790643,-0.00421935288404,-0.196659810099,-0.00632917123621,-0.00395131974079,0.0494426448723,0.0183551997961,0.00877685431801,-0.00426667509445,-0.00168372228583,0,-0.00368427556472,-0.00426667509445,0,-0.0194239181158,-0.0241087074758,-77,-0.00990990990991,0.00101668472356,0,0,0,337,0,5,990,0.985380116959,1,0,0.0146198830409,1,0.985380116959,0.99263622975,0.990165874023,0.985380116959,0.985380116959,30,35,0,0,0,0
3637,WLNM_dir_neg,0.953265306122,0.827477792934,00:00:06,10,90,5,1241281840,threshold_sweep,0.1,1,0.828571428571,0.90625,29,0,6,70,0.828571428571,1,0,0.171428571429,1,0.828571428571,0.90625,0.942857142857,0.574603174603,0.865671641791,0.873589088037,0.828571428571,342,307,35,0,342,0,307,0,35,37,342,0.256756756757,1.72528881811,18.4864864865,15.5454545455,9.77142857143,5.36771015539,0.290358590277,0.142642642643,9.50849154237,1.02869645341,0.544491860281,8.05331334643,0.871264894205,0.461830251304,0.640599570326,0.371299902718,2,1.72528881811,0.640599570326,2,0.344071394247,0.376569037657,810,0.104247104247,0.56957682835,37,37,37,1,0,0.405405405405,0.540540540541,0.0540540540541,37,0.23048048048,1.73302476969,16.5945945946,13.9545454545,8.77142857143,4.93546946692,0.297414283837,0.146139624967,8.48483897858,1.02260274335,0.536490888282,7.27195856571,0.876424973717,0.470640021129,0.649599451159,0.37483564143,2,1.73302476969,0.649599451159,2,0.305068305051,0.318558489112,551,0.0709137709138,0.484625899461,37,37,37,1,0,0.405405405405,0.540540540541,0.0540540540541,37,336,0.252252252252,1.72142831636,18.1621621622,15.2727272727,9.6,5.28894819156,0.29120696888,0.142133204633,9.30166764731,1.02429078259,0.541184041184,8.13558158263,0.895882495707,0.471525096525,0.636545898474,0.369777755149,2,1.72142831636,0.636545898474,2,0.325585899428,0.352714423386,732,0.0942084942085,0.575768315563,37,37,37,1,0,0.405405405405,0.540540540541,0.0540540540541,-6,-0.0045045045045,-0.00386050175253,-0.324324324324,-0.272727272727,-0.171428571429,-0.0787619638364,0.000848378603242,-0.000509438009438,-0.206823895064,-0.00440567082408,-0.00330781909729,0.0822682361994,0.0246176015018,0.00969484522116,-0.00405367185184,-0.00152214756884,0,-0.00386050175253,-0.00405367185184,0,-0.0184854948197,-0.0238546142711,-78,-0.0100386100386,0.00619148721312,0,0,0,336,0,6,990,0.982456140351,1,0,0.0175438596491,1,0.982456140351,0.991150442478,0.988199235917,0.982456140351,0.982456140351,29,35,0,0,0,0
3638,WLNM_dir_neg,0.953265306122,0.827477792934,00:00:06,10,90,5,1241281840,threshold_sweep,0.2,1,0.828571428571,0.90625,29,0,6,70,0.828571428571,1,0,0.171428571429,1,0.828571428571,0.90625,0.942857142857,0.574603174603,0.865671641791,0.873589088037,0.828571428571,342,307,35,0,342,0,307,0,35,37,342,0.256756756757,1.72528881811,18.4864864865,15.5454545455,9.77142857143,5.36771015539,0.290358590277,0.142642642643,9.50849154237,1.02869645341,0.544491860281,8.05331334643,0.871264894205,0.461830251304,0.640599570326,0.371299902718,2,1.72528881811,0.640599570326,2,0.344071394247,0.376569037657,810,0.104247104247,0.56957682835,37,37,37,1,0,0.405405405405,0.540540540541,0.0540540540541,37,0.23048048048,1.73302476969,16.5945945946,13.9545454545,8.77142857143,4.93546946692,0.297414283837,0.146139624967,8.48483897858,1.02260274335,0.536490888282,7.27195856571,0.876424973717,0.470640021129,0.649599451159,0.37483564143,2,1.73302476969,0.649599451159,2,0.305068305051,0.318558489112,551,0.0709137709138,0.484625899461,37,37,37,1,0,0.405405405405,0.540540540541,0.0540540540541,37,336,0.252252252252,1.72142831636,18.1621621622,15.2727272727,9.6,5.28894819156,0.29120696888,0.142133204633,9.30166764731,1.02429078259,0.541184041184,8.13558158263,0.895882495707,0.471525096525,0.636545898474,0.369777755149,2,1.72142831636,0.636545898474,2,0.325585899428,0.352714423386,732,0.0942084942085,0.575768315563,37,37,37,1,0,0.405405405405,0.540540540541,0.0540540540541,-6,-0.0045045045045,-0.00386050175253,-0.324324324324,-0.272727272727,-0.171428571429,-0.0787619638364,0.000848378603242,-0.000509438009438,-0.206823895064,-0.00440567082408,-0.00330781909729,0.0822682361994,0.0246176015018,0.00969484522116,-0.00405367185184,-0.00152214756884,0,-0.00386050175253,-0.00405367185184,0,-0.0184854948197,-0.0238546142711,-78,-0.0100386100386,0.00619148721312,0,0,0,336,0,6,990,0.982456140351,1,0,0.0175438596491,1,0.982456140351,0.991150442478,0.988199235917,0.982456140351,0.982456140351,29,35,0,0,0,0
3639,WLNM_dir_neg,0.953265306122,0.827477792934,00:00:06,10,90,5,1241281840,threshold_sweep,0.3,1,0.828571428571,0.90625,29,0,6,70,0.828571428571,1,0,0.171428571429,1,0.828571428571,0.90625,0.942857142857,0.574603174603,0.865671641791,0.873589088037,0.828571428571,342,307,35,0,342,0,307,0,35,37,342,0.256756756757,1.72528881811,18.4864864865,15.5454545455,9.77142857143,5.36771015539,0.290358590277,0.142642642643,9.50849154237,1.02869645341,0.544491860281,8.05331334643,0.871264894205,0.461830251304,0.640599570326,0.371299902718,2,1.72528881811,0.640599570326,2,0.344071394247,0.376569037657,810,0.104247104247,0.56957682835,37,37,37,1,0,0.405405405405,0.540540540541,0.0540540540541,37,0.23048048048,1.73302476969,16.5945945946,13.9545454545,8.77142857143,4.93546946692,0.297414283837,0.146139624967,8.48483897858,1.02260274335,0.536490888282,7.27195856571,0.876424973717,0.470640021129,0.649599451159,0.37483564143,2,1.73302476969,0.649599451159,2,0.305068305051,0.318558489112,551,0.0709137709138,0.484625899461,37,37,37,1,0,0.405405405405,0.540540540541,0.0540540540541,37,336,0.252252252252,1.72142831636,18.1621621622,15.2727272727,9.6,5.28894819156,0.29120696888,0.142133204633,9.30166764731,1.02429078259,0.541184041184,8.13558158263,0.895882495707,0.471525096525,0.636545898474,0.369777755149,2,1.72142831636,0.636545898474,2,0.325585899428,0.352714423386,732,0.0942084942085,0.575768315563,37,37,37,1,0,0.405405405405,0.540540540541,0.0540540540541,-6,-0.0045045045045,-0.00386050175253,-0.324324324324,-0.272727272727,-0.171428571429,-0.0787619638364,0.000848378603242,-0.000509438009438,-0.206823895064,-0.00440567082408,-0.00330781909729,0.0822682361994,0.0246176015018,0.00969484522116,-0.00405367185184,-0.00152214756884,0,-0.00386050175253,-0.00405367185184,0,-0.0184854948197,-0.0238546142711,-78,-0.0100386100386,0.00619148721312,0,0,0,336,0,6,990,0.982456140351,1,0,0.0175438596491,1,0.982456140351,0.991150442478,0.988199235917,0.982456140351,0.982456140351,29,35,0,0,0,0
3640,WLNM_dir_neg,0.953265306122,0.827477792934,00:00:06,10,90,5,1241281840,threshold_sweep,0.4,1,0.828571428571,0.90625,29,0,6,70,0.828571428571,1,0,0.171428571429,1,0.828571428571,0.90625,0.942857142857,0.574603174603,0.865671641791,0.873589088037,0.828571428571,342,307,35,0,342,0,307,0,35,37,342,0.256756756757,1.72528881811,18.4864864865,15.5454545455,9.77142857143,5.36771015539,0.290358590277,0.142642642643,9.50849154237,1.02869645341,0.544491860281,8.05331334643,0.871264894205,0.461830251304,0.640599570326,0.371299902718,2,1.72528881811,0.640599570326,2,0.344071394247,0.376569037657,810,0.104247104247,0.56957682835,37,37,37,1,0,0.405405405405,0.540540540541,0.0540540540541,37,0.23048048048,1.73302476969,16.5945945946,13.9545454545,8.77142857143,4.93546946692,0.297414283837,0.146139624967,8.48483897858,1.02260274335,0.536490888282,7.27195856571,0.876424973717,0.470640021129,0.649599451159,0.37483564143,2,1.73302476969,0.649599451159,2,0.305068305051,0.318558489112,551,0.0709137709138,0.484625899461,37,37,37,1,0,0.405405405405,0.540540540541,0.0540540540541,37,336,0.252252252252,1.72142831636,18.1621621622,15.2727272727,9.6,5.28894819156,0.29120696888,0.142133204633,9.30166764731,1.02429078259,0.541184041184,8.13558158263,0.895882495707,0.471525096525,0.636545898474,0.369777755149,2,1.72142831636,0.636545898474,2,0.325585899428,0.352714423386,732,0.0942084942085,0.575768315563,37,37,37,1,0,0.405405405405,0.540540540541,0.0540540540541,-6,-0.0045045045045,-0.00386050175253,-0.324324324324,-0.272727272727,-0.171428571429,-0.0787619638364,0.000848378603242,-0.000509438009438,-0.206823895064,-0.00440567082408,-0.00330781909729,0.0822682361994,0.0246176015018,0.00969484522116,-0.00405367185184,-0.00152214756884,0,-0.00386050175253,-0.00405367185184,0,-0.0184854948197,-0.0238546142711,-78,-0.0100386100386,0.00619148721312,0,0,0,336,0,6,990,0.982456140351,1,0,0.0175438596491,1,0.982456140351,0.991150442478,0.988199235917,0.982456140351,0.982456140351,29,35,0,0,0,0
3641,WLNM_dir_neg,0.953265306122,0.827477792934,00:00:06,10,90,5,1241281840,threshold_sweep,0.5,1,0.828571428571,0.90625,29,0,6,70,0.828571428571,1,0,0.171428571429,1,0.828571428571,0.90625,0.942857142857,0.574603174603,0.865671641791,0.873589088037,0.828571428571,342,307,35,0,342,0,307,0,35,37,342,0.256756756757,1.72528881811,18.4864864865,15.5454545455,9.77142857143,5.36771015539,0.290358590277,0.142642642643,9.50849154237,1.02869645341,0.544491860281,8.05331334643,0.871264894205,0.461830251304,0.640599570326,0.371299902718,2,1.72528881811,0.640599570326,2,0.344071394247,0.376569037657,810,0.104247104247,0.56957682835,37,37,37,1,0,0.405405405405,0.540540540541,0.0540540540541,37,0.23048048048,1.73302476969,16.5945945946,13.9545454545,8.77142857143,4.93546946692,0.297414283837,0.146139624967,8.48483897858,1.02260274335,0.536490888282,7.27195856571,0.876424973717,0.470640021129,0.649599451159,0.37483564143,2,1.73302476969,0.649599451159,2,0.305068305051,0.318558489112,551,0.0709137709138,0.484625899461,37,37,37,1,0,0.405405405405,0.540540540541,0.0540540540541,37,336,0.252252252252,1.72142831636,18.1621621622,15.2727272727,9.6,5.28894819156,0.29120696888,0.142133204633,9.30166764731,1.02429078259,0.541184041184,8.13558158263,0.895882495707,0.471525096525,0.636545898474,0.369777755149,2,1.72142831636,0.636545898474,2,0.325585899428,0.352714423386,732,0.0942084942085,0.575768315563,37,37,37,1,0,0.405405405405,0.540540540541,0.0540540540541,-6,-0.0045045045045,-0.00386050175253,-0.324324324324,-0.272727272727,-0.171428571429,-0.0787619638364,0.000848378603242,-0.000509438009438,-0.206823895064,-0.00440567082408,-0.00330781909729,0.0822682361994,0.0246176015018,0.00969484522116,-0.00405367185184,-0.00152214756884,0,-0.00386050175253,-0.00405367185184,0,-0.0184854948197,-0.0238546142711,-78,-0.0100386100386,0.00619148721312,0,0,0,336,0,6,990,0.982456140351,1,0,0.0175438596491,1,0.982456140351,0.991150442478,0.988199235917,0.982456140351,0.982456140351,29,35,0,0,0,0
3642,WLNM_dir_neg,0.953265306122,0.827477792934,00:00:06,10,90,5,1241281840,threshold_sweep,0.6,1,0.828571428571,0.90625,29,0,6,70,0.828571428571,1,0,0.171428571429,1,0.828571428571,0.90625,0.942857142857,0.574603174603,0.865671641791,0.873589088037,0.828571428571,342,307,35,0,342,0,307,0,35,37,342,0.256756756757,1.72528881811,18.4864864865,15.5454545455,9.77142857143,5.36771015539,0.290358590277,0.142642642643,9.50849154237,1.02869645341,0.544491860281,8.05331334643,0.871264894205,0.461830251304,0.640599570326,0.371299902718,2,1.72528881811,0.640599570326,2,0.344071394247,0.376569037657,810,0.104247104247,0.56957682835,37,37,37,1,0,0.405405405405,0.540540540541,0.0540540540541,37,0.23048048048,1.73302476969,16.5945945946,13.9545454545,8.77142857143,4.93546946692,0.297414283837,0.146139624967,8.48483897858,1.02260274335,0.536490888282,7.27195856571,0.876424973717,0.470640021129,0.649599451159,0.37483564143,2,1.73302476969,0.649599451159,2,0.305068305051,0.318558489112,551,0.0709137709138,0.484625899461,37,37,37,1,0,0.405405405405,0.540540540541,0.0540540540541,37,336,0.252252252252,1.72142831636,18.1621621622,15.2727272727,9.6,5.28894819156,0.29120696888,0.142133204633,9.30166764731,1.02429078259,0.541184041184,8.13558158263,0.895882495707,0.471525096525,0.636545898474,0.369777755149,2,1.72142831636,0.636545898474,2,0.325585899428,0.352714423386,732,0.0942084942085,0.575768315563,37,37,37,1,0,0.405405405405,0.540540540541,0.0540540540541,-6,-0.0045045045045,-0.00386050175253,-0.324324324324,-0.272727272727,-0.171428571429,-0.0787619638364,0.000848378603242,-0.000509438009438,-0.206823895064,-0.00440567082408,-0.00330781909729,0.0822682361994,0.0246176015018,0.00969484522116,-0.00405367185184,-0.00152214756884,0,-0.00386050175253,-0.00405367185184,0,-0.0184854948197,-0.0238546142711,-78,-0.0100386100386,0.00619148721312,0,0,0,336,0,6,990,0.982456140351,1,0,0.0175438596491,1,0.982456140351,0.991150442478,0.988199235917,0.982456140351,0.982456140351,29,35,0,0,0,0
3643,WLNM_dir_neg,0.953265306122,0.827477792934,00:00:06,10,90,5,1241281840,threshold_sweep,0.7,1,0.828571428571,0.90625,29,0,6,70,0.828571428571,1,0,0.171428571429,1,0.828571428571,0.90625,0.942857142857,0.574603174603,0.865671641791,0.873589088037,0.828571428571,342,307,35,0,342,0,307,0,35,37,342,0.256756756757,1.72528881811,18.4864864865,15.5454545455,9.77142857143,5.36771015539,0.290358590277,0.142642642643,9.50849154237,1.02869645341,0.544491860281,8.05331334643,0.871264894205,0.461830251304,0.640599570326,0.371299902718,2,1.72528881811,0.640599570326,2,0.344071394247,0.376569037657,810,0.104247104247,0.56957682835,37,37,37,1,0,0.405405405405,0.540540540541,0.0540540540541,37,0.23048048048,1.73302476969,16.5945945946,13.9545454545,8.77142857143,4.93546946692,0.297414283837,0.146139624967,8.48483897858,1.02260274335,0.536490888282,7.27195856571,0.876424973717,0.470640021129,0.649599451159,0.37483564143,2,1.73302476969,0.649599451159,2,0.305068305051,0.318558489112,551,0.0709137709138,0.484625899461,37,37,37,1,0,0.405405405405,0.540540540541,0.0540540540541,37,336,0.252252252252,1.72142831636,18.1621621622,15.2727272727,9.6,5.28894819156,0.29120696888,0.142133204633,9.30166764731,1.02429078259,0.541184041184,8.13558158263,0.895882495707,0.471525096525,0.636545898474,0.369777755149,2,1.72142831636,0.636545898474,2,0.325585899428,0.352714423386,732,0.0942084942085,0.575768315563,37,37,37,1,0,0.405405405405,0.540540540541,0.0540540540541,-6,-0.0045045045045,-0.00386050175253,-0.324324324324,-0.272727272727,-0.171428571429,-0.0787619638364,0.000848378603242,-0.000509438009438,-0.206823895064,-0.00440567082408,-0.00330781909729,0.0822682361994,0.0246176015018,0.00969484522116,-0.00405367185184,-0.00152214756884,0,-0.00386050175253,-0.00405367185184,0,-0.0184854948197,-0.0238546142711,-78,-0.0100386100386,0.00619148721312,0,0,0,336,0,6,990,0.982456140351,1,0,0.0175438596491,1,0.982456140351,0.991150442478,0.988199235917,0.982456140351,0.982456140351,29,35,0,0,0,0
3644,WLNM_dir_neg,0.953265306122,0.827477792934,00:00:06,10,90,5,1241281840,threshold_sweep,0.8,1,0.828571428571,0.90625,29,0,6,70,0.828571428571,1,0,0.171428571429,1,0.828571428571,0.90625,0.942857142857,0.574603174603,0.865671641791,0.873589088037,0.828571428571,342,307,35,0,342,0,307,0,35,37,342,0.256756756757,1.72528881811,18.4864864865,15.5454545455,9.77142857143,5.36771015539,0.290358590277,0.142642642643,9.50849154237,1.02869645341,0.544491860281,8.05331334643,0.871264894205,0.461830251304,0.640599570326,0.371299902718,2,1.72528881811,0.640599570326,2,0.344071394247,0.376569037657,810,0.104247104247,0.56957682835,37,37,37,1,0,0.405405405405,0.540540540541,0.0540540540541,37,0.23048048048,1.73302476969,16.5945945946,13.9545454545,8.77142857143,4.93546946692,0.297414283837,0.146139624967,8.48483897858,1.02260274335,0.536490888282,7.27195856571,0.876424973717,0.470640021129,0.649599451159,0.37483564143,2,1.73302476969,0.649599451159,2,0.305068305051,0.318558489112,551,0.0709137709138,0.484625899461,37,37,37,1,0,0.405405405405,0.540540540541,0.0540540540541,37,336,0.252252252252,1.72142831636,18.1621621622,15.2727272727,9.6,5.28894819156,0.29120696888,0.142133204633,9.30166764731,1.02429078259,0.541184041184,8.13558158263,0.895882495707,0.471525096525,0.636545898474,0.369777755149,2,1.72142831636,0.636545898474,2,0.325585899428,0.352714423386,732,0.0942084942085,0.575768315563,37,37,37,1,0,0.405405405405,0.540540540541,0.0540540540541,-6,-0.0045045045045,-0.00386050175253,-0.324324324324,-0.272727272727,-0.171428571429,-0.0787619638364,0.000848378603242,-0.000509438009438,-0.206823895064,-0.00440567082408,-0.00330781909729,0.0822682361994,0.0246176015018,0.00969484522116,-0.00405367185184,-0.00152214756884,0,-0.00386050175253,-0.00405367185184,0,-0.0184854948197,-0.0238546142711,-78,-0.0100386100386,0.00619148721312,0,0,0,336,0,6,990,0.982456140351,1,0,0.0175438596491,1,0.982456140351,0.991150442478,0.988199235917,0.982456140351,0.982456140351,29,35,0,0,0,0
3645,WLNM_dir_neg,0.953265306122,0.827477792934,00:00:06,10,90,5,1241281840,threshold_sweep,0.9,1,0.828571428571,0.90625,29,0,6,70,0.828571428571,1,0,0.171428571429,1,0.828571428571,0.90625,0.942857142857,0.574603174603,0.865671641791,0.873589088037,0.828571428571,342,307,35,0,342,0,307,0,35,37,342,0.256756756757,1.72528881811,18.4864864865,15.5454545455,9.77142857143,5.36771015539,0.290358590277,0.142642642643,9.50849154237,1.02869645341,0.544491860281,8.05331334643,0.871264894205,0.461830251304,0.640599570326,0.371299902718,2,1.72528881811,0.640599570326,2,0.344071394247,0.376569037657,810,0.104247104247,0.56957682835,37,37,37,1,0,0.405405405405,0.540540540541,0.0540540540541,37,0.23048048048,1.73302476969,16.5945945946,13.9545454545,8.77142857143,4.93546946692,0.297414283837,0.146139624967,8.48483897858,1.02260274335,0.536490888282,7.27195856571,0.876424973717,0.470640021129,0.649599451159,0.37483564143,2,1.73302476969,0.649599451159,2,0.305068305051,0.318558489112,551,0.0709137709138,0.484625899461,37,37,37,1,0,0.405405405405,0.540540540541,0.0540540540541,37,336,0.252252252252,1.72142831636,18.1621621622,15.2727272727,9.6,5.28894819156,0.29120696888,0.142133204633,9.30166764731,1.02429078259,0.541184041184,8.13558158263,0.895882495707,0.471525096525,0.636545898474,0.369777755149,2,1.72142831636,0.636545898474,2,0.325585899428,0.352714423386,732,0.0942084942085,0.575768315563,37,37,37,1,0,0.405405405405,0.540540540541,0.0540540540541,-6,-0.0045045045045,-0.00386050175253,-0.324324324324,-0.272727272727,-0.171428571429,-0.0787619638364,0.000848378603242,-0.000509438009438,-0.206823895064,-0.00440567082408,-0.00330781909729,0.0822682361994,0.0246176015018,0.00969484522116,-0.00405367185184,-0.00152214756884,0,-0.00386050175253,-0.00405367185184,0,-0.0184854948197,-0.0238546142711,-78,-0.0100386100386,0.00619148721312,0,0,0,336,0,6,990,0.982456140351,1,0,0.0175438596491,1,0.982456140351,0.991150442478,0.988199235917,0.982456140351,0.982456140351,29,35,0,0,0,0
3646,WLNM_dir_neg,0.97306122449,0.880473349094,00:00:05,10,90,6,1241281841,threshold_sweep,0.1,1,0.857142857143,0.923076923077,30,0,5,70,0.857142857143,1,0,0.142857142857,1,0.857142857143,0.923076923077,0.952380952381,0.571428571429,0.888888888889,0.894427191,0.857142857143,342,307,35,0,342,0,307,0,35,37,342,0.256756756757,1.72528881811,18.4864864865,15.5454545455,9.77142857143,5.36771015539,0.290358590277,0.142642642643,9.50849154237,1.02869645341,0.544491860281,8.05331334643,0.871264894205,0.461830251304,0.640599570326,0.371299902718,2,1.72528881811,0.640599570326,2,0.344071394247,0.376569037657,810,0.104247104247,0.56957682835,37,37,37,1,0,0.405405405405,0.540540540541,0.0540540540541,37,0.23048048048,1.73335331624,16.5945945946,13.9545454545,8.77142857143,4.53051051489,0.273011219953,0.133022273087,8.29948078987,1.00026315709,0.523637644159,7.26048997759,0.875042766029,0.471344308478,0.64824218447,0.373981564171,2,1.73335331624,0.64824218447,2,0.285022803057,0.314185228605,536,0.0689832689833,0.481356268118,37,37,37,1,0,0.405405405405,0.540540540541,0.0540540540541,37,337,0.253003003003,1.72084197381,18.2162162162,15.3181818182,9.62857142857,5.12149682512,0.281150419183,0.135375731815,9.25197811817,1.01579581713,0.538776164889,8.1472005546,0.894499764155,0.471088298981,0.634824370473,0.36890335088,2,1.72084197381,0.634824370473,2,0.316913184692,0.351581313212,730,0.0939510939511,0.573902991636,37,37,37,1,0,0.405405405405,0.540540540541,0.0540540540541,-5,-0.00375375375375,-0.0044468443065,-0.27027027027,-0.227272727273,-0.142857142857,-0.246213330272,-0.00920817109389,-0.00726691082774,-0.256513424205,-0.0129006362863,-0.00571569539241,0.0938872081659,0.02323486995,0.00925804767754,-0.00577519985283,-0.00239655183753,0,-0.0044468443065,-0.00577519985283,0,-0.0271582095553,-0.0249877244445,-80,-0.010296010296,0.004326163286,0,0,0,337,0,5,990,0.985380116959,1,0,0.0146198830409,1,0.985380116959,0.99263622975,0.990165874023,0.985380116959,0.985380116959,30,35,0,0,0,0
3647,WLNM_dir_neg,0.97306122449,0.880473349094,00:00:05,10,90,6,1241281841,threshold_sweep,0.2,1,0.857142857143,0.923076923077,30,0,5,70,0.857142857143,1,0,0.142857142857,1,0.857142857143,0.923076923077,0.952380952381,0.571428571429,0.888888888889,0.894427191,0.857142857143,342,307,35,0,342,0,307,0,35,37,342,0.256756756757,1.72528881811,18.4864864865,15.5454545455,9.77142857143,5.36771015539,0.290358590277,0.142642642643,9.50849154237,1.02869645341,0.544491860281,8.05331334643,0.871264894205,0.461830251304,0.640599570326,0.371299902718,2,1.72528881811,0.640599570326,2,0.344071394247,0.376569037657,810,0.104247104247,0.56957682835,37,37,37,1,0,0.405405405405,0.540540540541,0.0540540540541,37,0.23048048048,1.73335331624,16.5945945946,13.9545454545,8.77142857143,4.53051051489,0.273011219953,0.133022273087,8.29948078987,1.00026315709,0.523637644159,7.26048997759,0.875042766029,0.471344308478,0.64824218447,0.373981564171,2,1.73335331624,0.64824218447,2,0.285022803057,0.314185228605,536,0.0689832689833,0.481356268118,37,37,37,1,0,0.405405405405,0.540540540541,0.0540540540541,37,337,0.253003003003,1.72084197381,18.2162162162,15.3181818182,9.62857142857,5.12149682512,0.281150419183,0.135375731815,9.25197811817,1.01579581713,0.538776164889,8.1472005546,0.894499764155,0.471088298981,0.634824370473,0.36890335088,2,1.72084197381,0.634824370473,2,0.316913184692,0.351581313212,730,0.0939510939511,0.573902991636,37,37,37,1,0,0.405405405405,0.540540540541,0.0540540540541,-5,-0.00375375375375,-0.0044468443065,-0.27027027027,-0.227272727273,-0.142857142857,-0.246213330272,-0.00920817109389,-0.00726691082774,-0.256513424205,-0.0129006362863,-0.00571569539241,0.0938872081659,0.02323486995,0.00925804767754,-0.00577519985283,-0.00239655183753,0,-0.0044468443065,-0.00577519985283,0,-0.0271582095553,-0.0249877244445,-80,-0.010296010296,0.004326163286,0,0,0,337,0,5,990,0.985380116959,1,0,0.0146198830409,1,0.985380116959,0.99263622975,0.990165874023,0.985380116959,0.985380116959,30,35,0,0,0,0
3648,WLNM_dir_neg,0.97306122449,0.880473349094,00:00:05,10,90,6,1241281841,threshold_sweep,0.3,1,0.857142857143,0.923076923077,30,0,5,70,0.857142857143,1,0,0.142857142857,1,0.857142857143,0.923076923077,0.952380952381,0.571428571429,0.888888888889,0.894427191,0.857142857143,342,307,35,0,342,0,307,0,35,37,342,0.256756756757,1.72528881811,18.4864864865,15.5454545455,9.77142857143,5.36771015539,0.290358590277,0.142642642643,9.50849154237,1.02869645341,0.544491860281,8.05331334643,0.871264894205,0.461830251304,0.640599570326,0.371299902718,2,1.72528881811,0.640599570326,2,0.344071394247,0.376569037657,810,0.104247104247,0.56957682835,37,37,37,1,0,0.405405405405,0.540540540541,0.0540540540541,37,0.23048048048,1.73335331624,16.5945945946,13.9545454545,8.77142857143,4.53051051489,0.273011219953,0.133022273087,8.29948078987,1.00026315709,0.523637644159,7.26048997759,0.875042766029,0.471344308478,0.64824218447,0.373981564171,2,1.73335331624,0.64824218447,2,0.285022803057,0.314185228605,536,0.0689832689833,0.481356268118,37,37,37,1,0,0.405405405405,0.540540540541,0.0540540540541,37,337,0.253003003003,1.72084197381,18.2162162162,15.3181818182,9.62857142857,5.12149682512,0.281150419183,0.135375731815,9.25197811817,1.01579581713,0.538776164889,8.1472005546,0.894499764155,0.471088298981,0.634824370473,0.36890335088,2,1.72084197381,0.634824370473,2,0.316913184692,0.351581313212,730,0.0939510939511,0.573902991636,37,37,37,1,0,0.405405405405,0.540540540541,0.0540540540541,-5,-0.00375375375375,-0.0044468443065,-0.27027027027,-0.227272727273,-0.142857142857,-0.246213330272,-0.00920817109389,-0.00726691082774,-0.256513424205,-0.0129006362863,-0.00571569539241,0.0938872081659,0.02323486995,0.00925804767754,-0.00577519985283,-0.00239655183753,0,-0.0044468443065,-0.00577519985283,0,-0.0271582095553,-0.0249877244445,-80,-0.010296010296,0.004326163286,0,0,0,337,0,5,990,0.985380116959,1,0,0.0146198830409,1,0.985380116959,0.99263622975,0.990165874023,0.985380116959,0.985380116959,30,35,0,0,0,0
3649,WLNM_dir_neg,0.97306122449,0.880473349094,00:00:05,10,90,6,1241281841,threshold_sweep,0.4,1,0.857142857143,0.923076923077,30,0,5,70,0.857142857143,1,0,0.142857142857,1,0.857142857143,0.923076923077,0.952380952381,0.571428571429,0.888888888889,0.894427191,0.857142857143,342,307,35,0,342,0,307,0,35,37,342,0.256756756757,1.72528881811,18.4864864865,15.5454545455,9.77142857143,5.36771015539,0.290358590277,0.142642642643,9.50849154237,1.02869645341,0.544491860281,8.05331334643,0.871264894205,0.461830251304,0.640599570326,0.371299902718,2,1.72528881811,0.640599570326,2,0.344071394247,0.376569037657,810,0.104247104247,0.56957682835,37,37,37,1,0,0.405405405405,0.540540540541,0.0540540540541,37,0.23048048048,1.73335331624,16.5945945946,13.9545454545,8.77142857143,4.53051051489,0.273011219953,0.133022273087,8.29948078987,1.00026315709,0.523637644159,7.26048997759,0.875042766029,0.471344308478,0.64824218447,0.373981564171,2,1.73335331624,0.64824218447,2,0.285022803057,0.314185228605,536,0.0689832689833,0.481356268118,37,37,37,1,0,0.405405405405,0.540540540541,0.0540540540541,37,337,0.253003003003,1.72084197381,18.2162162162,15.3181818182,9.62857142857,5.12149682512,0.281150419183,0.135375731815,9.25197811817,1.01579581713,0.538776164889,8.1472005546,0.894499764155,0.471088298981,0.634824370473,0.36890335088,2,1.72084197381,0.634824370473,2,0.316913184692,0.351581313212,730,0.0939510939511,0.573902991636,37,37,37,1,0,0.405405405405,0.540540540541,0.0540540540541,-5,-0.00375375375375,-0.0044468443065,-0.27027027027,-0.227272727273,-0.142857142857,-0.246213330272,-0.00920817109389,-0.00726691082774,-0.256513424205,-0.0129006362863,-0.00571569539241,0.0938872081659,0.02323486995,0.00925804767754,-0.00577519985283,-0.00239655183753,0,-0.0044468443065,-0.00577519985283,0,-0.0271582095553,-0.0249877244445,-80,-0.010296010296,0.004326163286,0,0,0,337,0,5,990,0.985380116959,1,0,0.0146198830409,1,0.985380116959,0.99263622975,0.990165874023,0.985380116959,0.985380116959,30,35,0,0,0,0
3650,WLNM_dir_neg,0.97306122449,0.880473349094,00:00:05,10,90,6,1241281841,threshold_sweep,0.5,1,0.857142857143,0.923076923077,30,0,5,70,0.857142857143,1,0,0.142857142857,1,0.857142857143,0.923076923077,0.952380952381,0.571428571429,0.888888888889,0.894427191,0.857142857143,342,307,35,0,342,0,307,0,35,37,342,0.256756756757,1.72528881811,18.4864864865,15.5454545455,9.77142857143,5.36771015539,0.290358590277,0.142642642643,9.50849154237,1.02869645341,0.544491860281,8.05331334643,0.871264894205,0.461830251304,0.640599570326,0.371299902718,2,1.72528881811,0.640599570326,2,0.344071394247,0.376569037657,810,0.104247104247,0.56957682835,37,37,37,1,0,0.405405405405,0.540540540541,0.0540540540541,37,0.23048048048,1.73335331624,16.5945945946,13.9545454545,8.77142857143,4.53051051489,0.273011219953,0.133022273087,8.29948078987,1.00026315709,0.523637644159,7.26048997759,0.875042766029,0.471344308478,0.64824218447,0.373981564171,2,1.73335331624,0.64824218447,2,0.285022803057,0.314185228605,536,0.0689832689833,0.481356268118,37,37,37,1,0,0.405405405405,0.540540540541,0.0540540540541,37,337,0.253003003003,1.72084197381,18.2162162162,15.3181818182,9.62857142857,5.12149682512,0.281150419183,0.135375731815,9.25197811817,1.01579581713,0.538776164889,8.1472005546,0.894499764155,0.471088298981,0.634824370473,0.36890335088,2,1.72084197381,0.634824370473,2,0.316913184692,0.351581313212,730,0.0939510939511,0.573902991636,37,37,37,1,0,0.405405405405,0.540540540541,0.0540540540541,-5,-0.00375375375375,-0.0044468443065,-0.27027027027,-0.227272727273,-0.142857142857,-0.246213330272,-0.00920817109389,-0.00726691082774,-0.256513424205,-0.0129006362863,-0.00571569539241,0.0938872081659,0.02323486995,0.00925804767754,-0.00577519985283,-0.00239655183753,0,-0.0044468443065,-0.00577519985283,0,-0.0271582095553,-0.0249877244445,-80,-0.010296010296,0.004326163286,0,0,0,337,0,5,990,0.985380116959,1,0,0.0146198830409,1,0.985380116959,0.99263622975,0.990165874023,0.985380116959,0.985380116959,30,35,0,0,0,0
3651,WLNM_dir_neg,0.97306122449,0.880473349094,00:00:05,10,90,6,1241281841,threshold_sweep,0.6,1,0.857142857143,0.923076923077,30,0,5,70,0.857142857143,1,0,0.142857142857,1,0.857142857143,0.923076923077,0.952380952381,0.571428571429,0.888888888889,0.894427191,0.857142857143,342,307,35,0,342,0,307,0,35,37,342,0.256756756757,1.72528881811,18.4864864865,15.5454545455,9.77142857143,5.36771015539,0.290358590277,0.142642642643,9.50849154237,1.02869645341,0.544491860281,8.05331334643,0.871264894205,0.461830251304,0.640599570326,0.371299902718,2,1.72528881811,0.640599570326,2,0.344071394247,0.376569037657,810,0.104247104247,0.56957682835,37,37,37,1,0,0.405405405405,0.540540540541,0.0540540540541,37,0.23048048048,1.73335331624,16.5945945946,13.9545454545,8.77142857143,4.53051051489,0.273011219953,0.133022273087,8.29948078987,1.00026315709,0.523637644159,7.26048997759,0.875042766029,0.471344308478,0.64824218447,0.373981564171,2,1.73335331624,0.64824218447,2,0.285022803057,0.314185228605,536,0.0689832689833,0.481356268118,37,37,37,1,0,0.405405405405,0.540540540541,0.0540540540541,37,337,0.253003003003,1.72084197381,18.2162162162,15.3181818182,9.62857142857,5.12149682512,0.281150419183,0.135375731815,9.25197811817,1.01579581713,0.538776164889,8.1472005546,0.894499764155,0.471088298981,0.634824370473,0.36890335088,2,1.72084197381,0.634824370473,2,0.316913184692,0.351581313212,730,0.0939510939511,0.573902991636,37,37,37,1,0,0.405405405405,0.540540540541,0.0540540540541,-5,-0.00375375375375,-0.0044468443065,-0.27027027027,-0.227272727273,-0.142857142857,-0.246213330272,-0.00920817109389,-0.00726691082774,-0.256513424205,-0.0129006362863,-0.00571569539241,0.0938872081659,0.02323486995,0.00925804767754,-0.00577519985283,-0.00239655183753,0,-0.0044468443065,-0.00577519985283,0,-0.0271582095553,-0.0249877244445,-80,-0.010296010296,0.004326163286,0,0,0,337,0,5,990,0.985380116959,1,0,0.0146198830409,1,0.985380116959,0.99263622975,0.990165874023,0.985380116959,0.985380116959,30,35,0,0,0,0
3652,WLNM_dir_neg,0.97306122449,0.880473349094,00:00:05,10,90,6,1241281841,threshold_sweep,0.7,1,0.857142857143,0.923076923077,30,0,5,70,0.857142857143,1,0,0.142857142857,1,0.857142857143,0.923076923077,0.952380952381,0.571428571429,0.888888888889,0.894427191,0.857142857143,342,307,35,0,342,0,307,0,35,37,342,0.256756756757,1.72528881811,18.4864864865,15.5454545455,9.77142857143,5.36771015539,0.290358590277,0.142642642643,9.50849154237,1.02869645341,0.544491860281,8.05331334643,0.871264894205,0.461830251304,0.640599570326,0.371299902718,2,1.72528881811,0.640599570326,2,0.344071394247,0.376569037657,810,0.104247104247,0.56957682835,37,37,37,1,0,0.405405405405,0.540540540541,0.0540540540541,37,0.23048048048,1.73335331624,16.5945945946,13.9545454545,8.77142857143,4.53051051489,0.273011219953,0.133022273087,8.29948078987,1.00026315709,0.523637644159,7.26048997759,0.875042766029,0.471344308478,0.64824218447,0.373981564171,2,1.73335331624,0.64824218447,2,0.285022803057,0.314185228605,536,0.0689832689833,0.481356268118,37,37,37,1,0,0.405405405405,0.540540540541,0.0540540540541,37,337,0.253003003003,1.72084197381,18.2162162162,15.3181818182,9.62857142857,5.12149682512,0.281150419183,0.135375731815,9.25197811817,1.01579581713,0.538776164889,8.1472005546,0.894499764155,0.471088298981,0.634824370473,0.36890335088,2,1.72084197381,0.634824370473,2,0.316913184692,0.351581313212,730,0.0939510939511,0.573902991636,37,37,37,1,0,0.405405405405,0.540540540541,0.0540540540541,-5,-0.00375375375375,-0.0044468443065,-0.27027027027,-0.227272727273,-0.142857142857,-0.246213330272,-0.00920817109389,-0.00726691082774,-0.256513424205,-0.0129006362863,-0.00571569539241,0.0938872081659,0.02323486995,0.00925804767754,-0.00577519985283,-0.00239655183753,0,-0.0044468443065,-0.00577519985283,0,-0.0271582095553,-0.0249877244445,-80,-0.010296010296,0.004326163286,0,0,0,337,0,5,990,0.985380116959,1,0,0.0146198830409,1,0.985380116959,0.99263622975,0.990165874023,0.985380116959,0.985380116959,30,35,0,0,0,0
3653,WLNM_dir_neg,0.97306122449,0.880473349094,00:00:05,10,90,6,1241281841,threshold_sweep,0.8,1,0.857142857143,0.923076923077,30,0,5,70,0.857142857143,1,0,0.142857142857,1,0.857142857143,0.923076923077,0.952380952381,0.571428571429,0.888888888889,0.894427191,0.857142857143,342,307,35,0,342,0,307,0,35,37,342,0.256756756757,1.72528881811,18.4864864865,15.5454545455,9.77142857143,5.36771015539,0.290358590277,0.142642642643,9.50849154237,1.02869645341,0.544491860281,8.05331334643,0.871264894205,0.461830251304,0.640599570326,0.371299902718,2,1.72528881811,0.640599570326,2,0.344071394247,0.376569037657,810,0.104247104247,0.56957682835,37,37,37,1,0,0.405405405405,0.540540540541,0.0540540540541,37,0.23048048048,1.73335331624,16.5945945946,13.9545454545,8.77142857143,4.53051051489,0.273011219953,0.133022273087,8.29948078987,1.00026315709,0.523637644159,7.26048997759,0.875042766029,0.471344308478,0.64824218447,0.373981564171,2,1.73335331624,0.64824218447,2,0.285022803057,0.314185228605,536,0.0689832689833,0.481356268118,37,37,37,1,0,0.405405405405,0.540540540541,0.0540540540541,37,337,0.253003003003,1.72084197381,18.2162162162,15.3181818182,9.62857142857,5.12149682512,0.281150419183,0.135375731815,9.25197811817,1.01579581713,0.538776164889,8.1472005546,0.894499764155,0.471088298981,0.634824370473,0.36890335088,2,1.72084197381,0.634824370473,2,0.316913184692,0.351581313212,730,0.0939510939511,0.573902991636,37,37,37,1,0,0.405405405405,0.540540540541,0.0540540540541,-5,-0.00375375375375,-0.0044468443065,-0.27027027027,-0.227272727273,-0.142857142857,-0.246213330272,-0.00920817109389,-0.00726691082774,-0.256513424205,-0.0129006362863,-0.00571569539241,0.0938872081659,0.02323486995,0.00925804767754,-0.00577519985283,-0.00239655183753,0,-0.0044468443065,-0.00577519985283,0,-0.0271582095553,-0.0249877244445,-80,-0.010296010296,0.004326163286,0,0,0,337,0,5,990,0.985380116959,1,0,0.0146198830409,1,0.985380116959,0.99263622975,0.990165874023,0.985380116959,0.985380116959,30,35,0,0,0,0
3654,WLNM_dir_neg,0.97306122449,0.880473349094,00:00:05,10,90,6,1241281841,threshold_sweep,0.9,1,0.857142857143,0.923076923077,30,0,5,70,0.857142857143,1,0,0.142857142857,1,0.857142857143,0.923076923077,0.952380952381,0.571428571429,0.888888888889,0.894427191,0.857142857143,342,307,35,0,342,0,307,0,35,37,342,0.256756756757,1.72528881811,18.4864864865,15.5454545455,9.77142857143,5.36771015539,0.290358590277,0.142642642643,9.50849154237,1.02869645341,0.544491860281,8.05331334643,0.871264894205,0.461830251304,0.640599570326,0.371299902718,2,1.72528881811,0.640599570326,2,0.344071394247,0.376569037657,810,0.104247104247,0.56957682835,37,37,37,1,0,0.405405405405,0.540540540541,0.0540540540541,37,0.23048048048,1.73335331624,16.5945945946,13.9545454545,8.77142857143,4.53051051489,0.273011219953,0.133022273087,8.29948078987,1.00026315709,0.523637644159,7.26048997759,0.875042766029,0.471344308478,0.64824218447,0.373981564171,2,1.73335331624,0.64824218447,2,0.285022803057,0.314185228605,536,0.0689832689833,0.481356268118,37,37,37,1,0,0.405405405405,0.540540540541,0.0540540540541,37,337,0.253003003003,1.72084197381,18.2162162162,15.3181818182,9.62857142857,5.12149682512,0.281150419183,0.135375731815,9.25197811817,1.01579581713,0.538776164889,8.1472005546,0.894499764155,0.471088298981,0.634824370473,0.36890335088,2,1.72084197381,0.634824370473,2,0.316913184692,0.351581313212,730,0.0939510939511,0.573902991636,37,37,37,1,0,0.405405405405,0.540540540541,0.0540540540541,-5,-0.00375375375375,-0.0044468443065,-0.27027027027,-0.227272727273,-0.142857142857,-0.246213330272,-0.00920817109389,-0.00726691082774,-0.256513424205,-0.0129006362863,-0.00571569539241,0.0938872081659,0.02323486995,0.00925804767754,-0.00577519985283,-0.00239655183753,0,-0.0044468443065,-0.00577519985283,0,-0.0271582095553,-0.0249877244445,-80,-0.010296010296,0.004326163286,0,0,0,337,0,5,990,0.985380116959,1,0,0.0146198830409,1,0.985380116959,0.99263622975,0.990165874023,0.985380116959,0.985380116959,30,35,0,0,0,0
3655,WLNM_dir_neg,0.974693877551,0.709095197841,00:00:05,10,90,7,1241281842,threshold_sweep,0.1,1,0.8,0.888888888889,28,0,7,70,0.8,1,0,0.2,1,0.8,0.888888888889,0.933333333333,0.577777777778,0.842105263158,0.852802865422,0.8,342,307,35,0,342,0,307,0,35,37,342,0.256756756757,1.72528881811,18.4864864865,15.5454545455,9.77142857143,5.36771015539,0.290358590277,0.142642642643,9.50849154237,1.02869645341,0.544491860281,8.05331334643,0.871264894205,0.461830251304,0.640599570326,0.371299902718,2,1.72528881811,0.640599570326,2,0.344071394247,0.376569037657,810,0.104247104247,0.56957682835,37,37,37,1,0,0.405405405405,0.540540540541,0.0540540540541,37,0.23048048048,1.73016514291,16.5945945946,13.9545454545,8.77142857143,4.69313600118,0.282811127107,0.139977110661,8.32621317442,1.00348497542,0.52751122458,7.28722194005,0.878264533492,0.473457170526,0.645941906512,0.373341186048,2,1.73016514291,0.645941906512,2,0.288200640523,0.315850815851,542,0.0697554697555,0.485067490964,37,37,37,1,0,0.405405405405,0.540540540541,0.0540540540541,37,335,0.251501501502,1.72352894547,18.1081081081,15.2272727273,9.57142857143,5.37372095264,0.29675772425,0.146752722872,9.29440078143,1.02654575795,0.542799515934,7.99286468582,0.882794010076,0.468898749496,0.63840933885,0.370408249033,2,1.72352894547,0.63840933885,2,0.332002495197,0.371253625524,768,0.0988416988417,0.559218560185,37,37,37,1,0,0.405405405405,0.540540540541,0.0540540540541,-7,-0.00525525525526,-0.00175987264298,-0.378378378378,-0.318181818182,-0.2,0.00601079724994,0.00639913397332,0.00411008022948,-0.214090760943,-0.00215069546559,-0.00169234434749,-0.0604486606106,0.0115291158712,0.00706849819183,-0.00219023147627,-0.000891653684824,0,-0.00175987264298,-0.00219023147627,0,-0.01206889905,-0.00531541213322,-42,-0.00540540540541,-0.010358268165,0,0,0,335,0,7,990,0.979532163743,1,0,0.0204678362573,1,0.979532163743,0.989660265879,0.986232633066,0.979532163743,0.979532163743,28,35,0,0,0,0
3656,WLNM_dir_neg,0.974693877551,0.709095197841,00:00:05,10,90,7,1241281842,threshold_sweep,0.2,1,0.8,0.888888888889,28,0,7,70,0.8,1,0,0.2,1,0.8,0.888888888889,0.933333333333,0.577777777778,0.842105263158,0.852802865422,0.8,342,307,35,0,342,0,307,0,35,37,342,0.256756756757,1.72528881811,18.4864864865,15.5454545455,9.77142857143,5.36771015539,0.290358590277,0.142642642643,9.50849154237,1.02869645341,0.544491860281,8.05331334643,0.871264894205,0.461830251304,0.640599570326,0.371299902718,2,1.72528881811,0.640599570326,2,0.344071394247,0.376569037657,810,0.104247104247,0.56957682835,37,37,37,1,0,0.405405405405,0.540540540541,0.0540540540541,37,0.23048048048,1.73016514291,16.5945945946,13.9545454545,8.77142857143,4.69313600118,0.282811127107,0.139977110661,8.32621317442,1.00348497542,0.52751122458,7.28722194005,0.878264533492,0.473457170526,0.645941906512,0.373341186048,2,1.73016514291,0.645941906512,2,0.288200640523,0.315850815851,542,0.0697554697555,0.485067490964,37,37,37,1,0,0.405405405405,0.540540540541,0.0540540540541,37,335,0.251501501502,1.72352894547,18.1081081081,15.2272727273,9.57142857143,5.37372095264,0.29675772425,0.146752722872,9.29440078143,1.02654575795,0.542799515934,7.99286468582,0.882794010076,0.468898749496,0.63840933885,0.370408249033,2,1.72352894547,0.63840933885,2,0.332002495197,0.371253625524,768,0.0988416988417,0.559218560185,37,37,37,1,0,0.405405405405,0.540540540541,0.0540540540541,-7,-0.00525525525526,-0.00175987264298,-0.378378378378,-0.318181818182,-0.2,0.00601079724994,0.00639913397332,0.00411008022948,-0.214090760943,-0.00215069546559,-0.00169234434749,-0.0604486606106,0.0115291158712,0.00706849819183,-0.00219023147627,-0.000891653684824,0,-0.00175987264298,-0.00219023147627,0,-0.01206889905,-0.00531541213322,-42,-0.00540540540541,-0.010358268165,0,0,0,335,0,7,990,0.979532163743,1,0,0.0204678362573,1,0.979532163743,0.989660265879,0.986232633066,0.979532163743,0.979532163743,28,35,0,0,0,0
3657,WLNM_dir_neg,0.974693877551,0.709095197841,00:00:05,10,90,7,1241281842,threshold_sweep,0.3,1,0.8,0.888888888889,28,0,7,70,0.8,1,0,0.2,1,0.8,0.888888888889,0.933333333333,0.577777777778,0.842105263158,0.852802865422,0.8,342,307,35,0,342,0,307,0,35,37,342,0.256756756757,1.72528881811,18.4864864865,15.5454545455,9.77142857143,5.36771015539,0.290358590277,0.142642642643,9.50849154237,1.02869645341,0.544491860281,8.05331334643,0.871264894205,0.461830251304,0.640599570326,0.371299902718,2,1.72528881811,0.640599570326,2,0.344071394247,0.376569037657,810,0.104247104247,0.56957682835,37,37,37,1,0,0.405405405405,0.540540540541,0.0540540540541,37,0.23048048048,1.73016514291,16.5945945946,13.9545454545,8.77142857143,4.69313600118,0.282811127107,0.139977110661,8.32621317442,1.00348497542,0.52751122458,7.28722194005,0.878264533492,0.473457170526,0.645941906512,0.373341186048,2,1.73016514291,0.645941906512,2,0.288200640523,0.315850815851,542,0.0697554697555,0.485067490964,37,37,37,1,0,0.405405405405,0.540540540541,0.0540540540541,37,335,0.251501501502,1.72352894547,18.1081081081,15.2272727273,9.57142857143,5.37372095264,0.29675772425,0.146752722872,9.29440078143,1.02654575795,0.542799515934,7.99286468582,0.882794010076,0.468898749496,0.63840933885,0.370408249033,2,1.72352894547,0.63840933885,2,0.332002495197,0.371253625524,768,0.0988416988417,0.559218560185,37,37,37,1,0,0.405405405405,0.540540540541,0.0540540540541,-7,-0.00525525525526,-0.00175987264298,-0.378378378378,-0.318181818182,-0.2,0.00601079724994,0.00639913397332,0.00411008022948,-0.214090760943,-0.00215069546559,-0.00169234434749,-0.0604486606106,0.0115291158712,0.00706849819183,-0.00219023147627,-0.000891653684824,0,-0.00175987264298,-0.00219023147627,0,-0.01206889905,-0.00531541213322,-42,-0.00540540540541,-0.010358268165,0,0,0,335,0,7,990,0.979532163743,1,0,0.0204678362573,1,0.979532163743,0.989660265879,0.986232633066,0.979532163743,0.979532163743,28,35,0,0,0,0
3658,WLNM_dir_neg,0.974693877551,0.709095197841,00:00:05,10,90,7,1241281842,threshold_sweep,0.4,1,0.8,0.888888888889,28,0,7,70,0.8,1,0,0.2,1,0.8,0.888888888889,0.933333333333,0.577777777778,0.842105263158,0.852802865422,0.8,342,307,35,0,342,0,307,0,35,37,342,0.256756756757,1.72528881811,18.4864864865,15.5454545455,9.77142857143,5.36771015539,0.290358590277,0.142642642643,9.50849154237,1.02869645341,0.544491860281,8.05331334643,0.871264894205,0.461830251304,0.640599570326,0.371299902718,2,1.72528881811,0.640599570326,2,0.344071394247,0.376569037657,810,0.104247104247,0.56957682835,37,37,37,1,0,0.405405405405,0.540540540541,0.0540540540541,37,0.23048048048,1.73016514291,16.5945945946,13.9545454545,8.77142857143,4.69313600118,0.282811127107,0.139977110661,8.32621317442,1.00348497542,0.52751122458,7.28722194005,0.878264533492,0.473457170526,0.645941906512,0.373341186048,2,1.73016514291,0.645941906512,2,0.288200640523,0.315850815851,542,0.0697554697555,0.485067490964,37,37,37,1,0,0.405405405405,0.540540540541,0.0540540540541,37,335,0.251501501502,1.72352894547,18.1081081081,15.2272727273,9.57142857143,5.37372095264,0.29675772425,0.146752722872,9.29440078143,1.02654575795,0.542799515934,7.99286468582,0.882794010076,0.468898749496,0.63840933885,0.370408249033,2,1.72352894547,0.63840933885,2,0.332002495197,0.371253625524,768,0.0988416988417,0.559218560185,37,37,37,1,0,0.405405405405,0.540540540541,0.0540540540541,-7,-0.00525525525526,-0.00175987264298,-0.378378378378,-0.318181818182,-0.2,0.00601079724994,0.00639913397332,0.00411008022948,-0.214090760943,-0.00215069546559,-0.00169234434749,-0.0604486606106,0.0115291158712,0.00706849819183,-0.00219023147627,-0.000891653684824,0,-0.00175987264298,-0.00219023147627,0,-0.01206889905,-0.00531541213322,-42,-0.00540540540541,-0.010358268165,0,0,0,335,0,7,990,0.979532163743,1,0,0.0204678362573,1,0.979532163743,0.989660265879,0.986232633066,0.979532163743,0.979532163743,28,35,0,0,0,0
3659,WLNM_dir_neg,0.974693877551,0.709095197841,00:00:05,10,90,7,1241281842,threshold_sweep,0.5,1,0.8,0.888888888889,28,0,7,70,0.8,1,0,0.2,1,0.8,0.888888888889,0.933333333333,0.577777777778,0.842105263158,0.852802865422,0.8,342,307,35,0,342,0,307,0,35,37,342,0.256756756757,1.72528881811,18.4864864865,15.5454545455,9.77142857143,5.36771015539,0.290358590277,0.142642642643,9.50849154237,1.02869645341,0.544491860281,8.05331334643,0.871264894205,0.461830251304,0.640599570326,0.371299902718,2,1.72528881811,0.640599570326,2,0.344071394247,0.376569037657,810,0.104247104247,0.56957682835,37,37,37,1,0,0.405405405405,0.540540540541,0.0540540540541,37,0.23048048048,1.73016514291,16.5945945946,13.9545454545,8.77142857143,4.69313600118,0.282811127107,0.139977110661,8.32621317442,1.00348497542,0.52751122458,7.28722194005,0.878264533492,0.473457170526,0.645941906512,0.373341186048,2,1.73016514291,0.645941906512,2,0.288200640523,0.315850815851,542,0.0697554697555,0.485067490964,37,37,37,1,0,0.405405405405,0.540540540541,0.0540540540541,37,335,0.251501501502,1.72352894547,18.1081081081,15.2272727273,9.57142857143,5.37372095264,0.29675772425,0.146752722872,9.29440078143,1.02654575795,0.542799515934,7.99286468582,0.882794010076,0.468898749496,0.63840933885,0.370408249033,2,1.72352894547,0.63840933885,2,0.332002495197,0.371253625524,768,0.0988416988417,0.559218560185,37,37,37,1,0,0.405405405405,0.540540540541,0.0540540540541,-7,-0.00525525525526,-0.00175987264298,-0.378378378378,-0.318181818182,-0.2,0.00601079724994,0.00639913397332,0.00411008022948,-0.214090760943,-0.00215069546559,-0.00169234434749,-0.0604486606106,0.0115291158712,0.00706849819183,-0.00219023147627,-0.000891653684824,0,-0.00175987264298,-0.00219023147627,0,-0.01206889905,-0.00531541213322,-42,-0.00540540540541,-0.010358268165,0,0,0,335,0,7,990,0.979532163743,1,0,0.0204678362573,1,0.979532163743,0.989660265879,0.986232633066,0.979532163743,0.979532163743,28,35,0,0,0,0
3660,WLNM_dir_neg,0.974693877551,0.709095197841,00:00:05,10,90,7,1241281842,threshold_sweep,0.6,1,0.8,0.888888888889,28,0,7,70,0.8,1,0,0.2,1,0.8,0.888888888889,0.933333333333,0.577777777778,0.842105263158,0.852802865422,0.8,342,307,35,0,342,0,307,0,35,37,342,0.256756756757,1.72528881811,18.4864864865,15.5454545455,9.77142857143,5.36771015539,0.290358590277,0.142642642643,9.50849154237,1.02869645341,0.544491860281,8.05331334643,0.871264894205,0.461830251304,0.640599570326,0.371299902718,2,1.72528881811,0.640599570326,2,0.344071394247,0.376569037657,810,0.104247104247,0.56957682835,37,37,37,1,0,0.405405405405,0.540540540541,0.0540540540541,37,0.23048048048,1.73016514291,16.5945945946,13.9545454545,8.77142857143,4.69313600118,0.282811127107,0.139977110661,8.32621317442,1.00348497542,0.52751122458,7.28722194005,0.878264533492,0.473457170526,0.645941906512,0.373341186048,2,1.73016514291,0.645941906512,2,0.288200640523,0.315850815851,542,0.0697554697555,0.485067490964,37,37,37,1,0,0.405405405405,0.540540540541,0.0540540540541,37,335,0.251501501502,1.72352894547,18.1081081081,15.2272727273,9.57142857143,5.37372095264,0.29675772425,0.146752722872,9.29440078143,1.02654575795,0.542799515934,7.99286468582,0.882794010076,0.468898749496,0.63840933885,0.370408249033,2,1.72352894547,0.63840933885,2,0.332002495197,0.371253625524,768,0.0988416988417,0.559218560185,37,37,37,1,0,0.405405405405,0.540540540541,0.0540540540541,-7,-0.00525525525526,-0.00175987264298,-0.378378378378,-0.318181818182,-0.2,0.00601079724994,0.00639913397332,0.00411008022948,-0.214090760943,-0.00215069546559,-0.00169234434749,-0.0604486606106,0.0115291158712,0.00706849819183,-0.00219023147627,-0.000891653684824,0,-0.00175987264298,-0.00219023147627,0,-0.01206889905,-0.00531541213322,-42,-0.00540540540541,-0.010358268165,0,0,0,335,0,7,990,0.979532163743,1,0,0.0204678362573,1,0.979532163743,0.989660265879,0.986232633066,0.979532163743,0.979532163743,28,35,0,0,0,0
3661,WLNM_dir_neg,0.974693877551,0.709095197841,00:00:05,10,90,7,1241281842,threshold_sweep,0.7,1,0.8,0.888888888889,28,0,7,70,0.8,1,0,0.2,1,0.8,0.888888888889,0.933333333333,0.577777777778,0.842105263158,0.852802865422,0.8,342,307,35,0,342,0,307,0,35,37,342,0.256756756757,1.72528881811,18.4864864865,15.5454545455,9.77142857143,5.36771015539,0.290358590277,0.142642642643,9.50849154237,1.02869645341,0.544491860281,8.05331334643,0.871264894205,0.461830251304,0.640599570326,0.371299902718,2,1.72528881811,0.640599570326,2,0.344071394247,0.376569037657,810,0.104247104247,0.56957682835,37,37,37,1,0,0.405405405405,0.540540540541,0.0540540540541,37,0.23048048048,1.73016514291,16.5945945946,13.9545454545,8.77142857143,4.69313600118,0.282811127107,0.139977110661,8.32621317442,1.00348497542,0.52751122458,7.28722194005,0.878264533492,0.473457170526,0.645941906512,0.373341186048,2,1.73016514291,0.645941906512,2,0.288200640523,0.315850815851,542,0.0697554697555,0.485067490964,37,37,37,1,0,0.405405405405,0.540540540541,0.0540540540541,37,335,0.251501501502,1.72352894547,18.1081081081,15.2272727273,9.57142857143,5.37372095264,0.29675772425,0.146752722872,9.29440078143,1.02654575795,0.542799515934,7.99286468582,0.882794010076,0.468898749496,0.63840933885,0.370408249033,2,1.72352894547,0.63840933885,2,0.332002495197,0.371253625524,768,0.0988416988417,0.559218560185,37,37,37,1,0,0.405405405405,0.540540540541,0.0540540540541,-7,-0.00525525525526,-0.00175987264298,-0.378378378378,-0.318181818182,-0.2,0.00601079724994,0.00639913397332,0.00411008022948,-0.214090760943,-0.00215069546559,-0.00169234434749,-0.0604486606106,0.0115291158712,0.00706849819183,-0.00219023147627,-0.000891653684824,0,-0.00175987264298,-0.00219023147627,0,-0.01206889905,-0.00531541213322,-42,-0.00540540540541,-0.010358268165,0,0,0,335,0,7,990,0.979532163743,1,0,0.0204678362573,1,0.979532163743,0.989660265879,0.986232633066,0.979532163743,0.979532163743,28,35,0,0,0,0
3662,WLNM_dir_neg,0.974693877551,0.709095197841,00:00:05,10,90,7,1241281842,threshold_sweep,0.8,1,0.8,0.888888888889,28,0,7,70,0.8,1,0,0.2,1,0.8,0.888888888889,0.933333333333,0.577777777778,0.842105263158,0.852802865422,0.8,342,307,35,0,342,0,307,0,35,37,342,0.256756756757,1.72528881811,18.4864864865,15.5454545455,9.77142857143,5.36771015539,0.290358590277,0.142642642643,9.50849154237,1.02869645341,0.544491860281,8.05331334643,0.871264894205,0.461830251304,0.640599570326,0.371299902718,2,1.72528881811,0.640599570326,2,0.344071394247,0.376569037657,810,0.104247104247,0.56957682835,37,37,37,1,0,0.405405405405,0.540540540541,0.0540540540541,37,0.23048048048,1.73016514291,16.5945945946,13.9545454545,8.77142857143,4.69313600118,0.282811127107,0.139977110661,8.32621317442,1.00348497542,0.52751122458,7.28722194005,0.878264533492,0.473457170526,0.645941906512,0.373341186048,2,1.73016514291,0.645941906512,2,0.288200640523,0.315850815851,542,0.0697554697555,0.485067490964,37,37,37,1,0,0.405405405405,0.540540540541,0.0540540540541,37,335,0.251501501502,1.72352894547,18.1081081081,15.2272727273,9.57142857143,5.37372095264,0.29675772425,0.146752722872,9.29440078143,1.02654575795,0.542799515934,7.99286468582,0.882794010076,0.468898749496,0.63840933885,0.370408249033,2,1.72352894547,0.63840933885,2,0.332002495197,0.371253625524,768,0.0988416988417,0.559218560185,37,37,37,1,0,0.405405405405,0.540540540541,0.0540540540541,-7,-0.00525525525526,-0.00175987264298,-0.378378378378,-0.318181818182,-0.2,0.00601079724994,0.00639913397332,0.00411008022948,-0.214090760943,-0.00215069546559,-0.00169234434749,-0.0604486606106,0.0115291158712,0.00706849819183,-0.00219023147627,-0.000891653684824,0,-0.00175987264298,-0.00219023147627,0,-0.01206889905,-0.00531541213322,-42,-0.00540540540541,-0.010358268165,0,0,0,335,0,7,990,0.979532163743,1,0,0.0204678362573,1,0.979532163743,0.989660265879,0.986232633066,0.979532163743,0.979532163743,28,35,0,0,0,0
3663,WLNM_dir_neg,0.974693877551,0.709095197841,00:00:05,10,90,7,1241281842,threshold_sweep,0.9,1,0.8,0.888888888889,28,0,7,70,0.8,1,0,0.2,1,0.8,0.888888888889,0.933333333333,0.577777777778,0.842105263158,0.852802865422,0.8,342,307,35,0,342,0,307,0,35,37,342,0.256756756757,1.72528881811,18.4864864865,15.5454545455,9.77142857143,5.36771015539,0.290358590277,0.142642642643,9.50849154237,1.02869645341,0.544491860281,8.05331334643,0.871264894205,0.461830251304,0.640599570326,0.371299902718,2,1.72528881811,0.640599570326,2,0.344071394247,0.376569037657,810,0.104247104247,0.56957682835,37,37,37,1,0,0.405405405405,0.540540540541,0.0540540540541,37,0.23048048048,1.73016514291,16.5945945946,13.9545454545,8.77142857143,4.69313600118,0.282811127107,0.139977110661,8.32621317442,1.00348497542,0.52751122458,7.28722194005,0.878264533492,0.473457170526,0.645941906512,0.373341186048,2,1.73016514291,0.645941906512,2,0.288200640523,0.315850815851,542,0.0697554697555,0.485067490964,37,37,37,1,0,0.405405405405,0.540540540541,0.0540540540541,37,335,0.251501501502,1.72352894547,18.1081081081,15.2272727273,9.57142857143,5.37372095264,0.29675772425,0.146752722872,9.29440078143,1.02654575795,0.542799515934,7.99286468582,0.882794010076,0.468898749496,0.63840933885,0.370408249033,2,1.72352894547,0.63840933885,2,0.332002495197,0.371253625524,768,0.0988416988417,0.559218560185,37,37,37,1,0,0.405405405405,0.540540540541,0.0540540540541,-7,-0.00525525525526,-0.00175987264298,-0.378378378378,-0.318181818182,-0.2,0.00601079724994,0.00639913397332,0.00411008022948,-0.214090760943,-0.00215069546559,-0.00169234434749,-0.0604486606106,0.0115291158712,0.00706849819183,-0.00219023147627,-0.000891653684824,0,-0.00175987264298,-0.00219023147627,0,-0.01206889905,-0.00531541213322,-42,-0.00540540540541,-0.010358268165,0,0,0,335,0,7,990,0.979532163743,1,0,0.0204678362573,1,0.979532163743,0.989660265879,0.986232633066,0.979532163743,0.979532163743,28,35,0,0,0,0
3664,WLNM_dir_neg,0.965714285714,0.670508454505,00:00:05,10,90,8,1241281843,threshold_sweep,0.1,1,0.828571428571,0.90625,29,0,6,70,0.828571428571,1,0,0.171428571429,1,0.828571428571,0.90625,0.942857142857,0.574603174603,0.865671641791,0.873589088037,0.828571428571,342,307,35,0,342,0,307,0,35,37,342,0.256756756757,1.72528881811,18.4864864865,15.5454545455,9.77142857143,5.36771015539,0.290358590277,0.142642642643,9.50849154237,1.02869645341,0.544491860281,8.05331334643,0.871264894205,0.461830251304,0.640599570326,0.371299902718,2,1.72528881811,0.640599570326,2,0.344071394247,0.376569037657,810,0.104247104247,0.56957682835,37,37,37,1,0,0.405405405405,0.540540540541,0.0540540540541,37,0.23048048048,1.7478378889,16.5945945946,13.9545454545,8.77142857143,4.53663764049,0.273380444134,0.133286380843,8.29948078987,1.00026315709,0.527159080905,7.26048997759,0.875042766029,0.470992164803,0.672193175798,0.384585538549,2,1.7478378889,0.672193175798,2,0.284198705197,0.2982421875,509,0.0655083655084,0.482454695971,37,37,37,1,0,0.405405405405,0.540540540541,0.0540540540541,37,336,0.252252252252,1.73392285815,18.1621621622,15.2727272727,9.6,5.25205522477,0.289175659697,0.138352638353,9.28672403182,1.02264520589,0.541023166023,8.1560419948,0.898135576809,0.472329472329,0.656792351089,0.3787898337,2,1.73392285815,0.656792351089,2,0.325975375605,0.3502170767,726,0.0934362934363,0.573540056517,37,37,37,1,0,0.405405405405,0.540540540541,0.0540540540541,-6,-0.0045045045045,0.00863404003796,-0.324324324324,-0.272727272727,-0.171428571429,-0.115654930619,-0.0011829305797,-0.00429000429,-0.221767510551,-0.00605124752951,-0.00346869425817,0.102728648371,0.026870682604,0.0104992210255,0.0161927807628,0.00748993098256,0,0.00863404003796,0.0161927807628,0,-0.0180960186424,-0.0263519609565,-84,-0.0108108108108,0.00396322816738,0,0,0,336,0,6,990,0.982456140351,1,0,0.0175438596491,1,0.982456140351,0.991150442478,0.988199235917,0.982456140351,0.982456140351,29,35,0,0,0,0
3665,WLNM_dir_neg,0.965714285714,0.670508454505,00:00:05,10,90,8,1241281843,threshold_sweep,0.2,1,0.828571428571,0.90625,29,0,6,70,0.828571428571,1,0,0.171428571429,1,0.828571428571,0.90625,0.942857142857,0.574603174603,0.865671641791,0.873589088037,0.828571428571,342,307,35,0,342,0,307,0,35,37,342,0.256756756757,1.72528881811,18.4864864865,15.5454545455,9.77142857143,5.36771015539,0.290358590277,0.142642642643,9.50849154237,1.02869645341,0.544491860281,8.05331334643,0.871264894205,0.461830251304,0.640599570326,0.371299902718,2,1.72528881811,0.640599570326,2,0.344071394247,0.376569037657,810,0.104247104247,0.56957682835,37,37,37,1,0,0.405405405405,0.540540540541,0.0540540540541,37,0.23048048048,1.7478378889,16.5945945946,13.9545454545,8.77142857143,4.53663764049,0.273380444134,0.133286380843,8.29948078987,1.00026315709,0.527159080905,7.26048997759,0.875042766029,0.470992164803,0.672193175798,0.384585538549,2,1.7478378889,0.672193175798,2,0.284198705197,0.2982421875,509,0.0655083655084,0.482454695971,37,37,37,1,0,0.405405405405,0.540540540541,0.0540540540541,37,336,0.252252252252,1.73392285815,18.1621621622,15.2727272727,9.6,5.25205522477,0.289175659697,0.138352638353,9.28672403182,1.02264520589,0.541023166023,8.1560419948,0.898135576809,0.472329472329,0.656792351089,0.3787898337,2,1.73392285815,0.656792351089,2,0.325975375605,0.3502170767,726,0.0934362934363,0.573540056517,37,37,37,1,0,0.405405405405,0.540540540541,0.0540540540541,-6,-0.0045045045045,0.00863404003796,-0.324324324324,-0.272727272727,-0.171428571429,-0.115654930619,-0.0011829305797,-0.00429000429,-0.221767510551,-0.00605124752951,-0.00346869425817,0.102728648371,0.026870682604,0.0104992210255,0.0161927807628,0.00748993098256,0,0.00863404003796,0.0161927807628,0,-0.0180960186424,-0.0263519609565,-84,-0.0108108108108,0.00396322816738,0,0,0,336,0,6,990,0.982456140351,1,0,0.0175438596491,1,0.982456140351,0.991150442478,0.988199235917,0.982456140351,0.982456140351,29,35,0,0,0,0
3666,WLNM_dir_neg,0.965714285714,0.670508454505,00:00:05,10,90,8,1241281843,threshold_sweep,0.3,1,0.828571428571,0.90625,29,0,6,70,0.828571428571,1,0,0.171428571429,1,0.828571428571,0.90625,0.942857142857,0.574603174603,0.865671641791,0.873589088037,0.828571428571,342,307,35,0,342,0,307,0,35,37,342,0.256756756757,1.72528881811,18.4864864865,15.5454545455,9.77142857143,5.36771015539,0.290358590277,0.142642642643,9.50849154237,1.02869645341,0.544491860281,8.05331334643,0.871264894205,0.461830251304,0.640599570326,0.371299902718,2,1.72528881811,0.640599570326,2,0.344071394247,0.376569037657,810,0.104247104247,0.56957682835,37,37,37,1,0,0.405405405405,0.540540540541,0.0540540540541,37,0.23048048048,1.7478378889,16.5945945946,13.9545454545,8.77142857143,4.53663764049,0.273380444134,0.133286380843,8.29948078987,1.00026315709,0.527159080905,7.26048997759,0.875042766029,0.470992164803,0.672193175798,0.384585538549,2,1.7478378889,0.672193175798,2,0.284198705197,0.2982421875,509,0.0655083655084,0.482454695971,37,37,37,1,0,0.405405405405,0.540540540541,0.0540540540541,37,336,0.252252252252,1.73392285815,18.1621621622,15.2727272727,9.6,5.25205522477,0.289175659697,0.138352638353,9.28672403182,1.02264520589,0.541023166023,8.1560419948,0.898135576809,0.472329472329,0.656792351089,0.3787898337,2,1.73392285815,0.656792351089,2,0.325975375605,0.3502170767,726,0.0934362934363,0.573540056517,37,37,37,1,0,0.405405405405,0.540540540541,0.0540540540541,-6,-0.0045045045045,0.00863404003796,-0.324324324324,-0.272727272727,-0.171428571429,-0.115654930619,-0.0011829305797,-0.00429000429,-0.221767510551,-0.00605124752951,-0.00346869425817,0.102728648371,0.026870682604,0.0104992210255,0.0161927807628,0.00748993098256,0,0.00863404003796,0.0161927807628,0,-0.0180960186424,-0.0263519609565,-84,-0.0108108108108,0.00396322816738,0,0,0,336,0,6,990,0.982456140351,1,0,0.0175438596491,1,0.982456140351,0.991150442478,0.988199235917,0.982456140351,0.982456140351,29,35,0,0,0,0
3667,WLNM_dir_neg,0.965714285714,0.670508454505,00:00:05,10,90,8,1241281843,threshold_sweep,0.4,1,0.828571428571,0.90625,29,0,6,70,0.828571428571,1,0,0.171428571429,1,0.828571428571,0.90625,0.942857142857,0.574603174603,0.865671641791,0.873589088037,0.828571428571,342,307,35,0,342,0,307,0,35,37,342,0.256756756757,1.72528881811,18.4864864865,15.5454545455,9.77142857143,5.36771015539,0.290358590277,0.142642642643,9.50849154237,1.02869645341,0.544491860281,8.05331334643,0.871264894205,0.461830251304,0.640599570326,0.371299902718,2,1.72528881811,0.640599570326,2,0.344071394247,0.376569037657,810,0.104247104247,0.56957682835,37,37,37,1,0,0.405405405405,0.540540540541,0.0540540540541,37,0.23048048048,1.7478378889,16.5945945946,13.9545454545,8.77142857143,4.53663764049,0.273380444134,0.133286380843,8.29948078987,1.00026315709,0.527159080905,7.26048997759,0.875042766029,0.470992164803,0.672193175798,0.384585538549,2,1.7478378889,0.672193175798,2,0.284198705197,0.2982421875,509,0.0655083655084,0.482454695971,37,37,37,1,0,0.405405405405,0.540540540541,0.0540540540541,37,336,0.252252252252,1.73392285815,18.1621621622,15.2727272727,9.6,5.25205522477,0.289175659697,0.138352638353,9.28672403182,1.02264520589,0.541023166023,8.1560419948,0.898135576809,0.472329472329,0.656792351089,0.3787898337,2,1.73392285815,0.656792351089,2,0.325975375605,0.3502170767,726,0.0934362934363,0.573540056517,37,37,37,1,0,0.405405405405,0.540540540541,0.0540540540541,-6,-0.0045045045045,0.00863404003796,-0.324324324324,-0.272727272727,-0.171428571429,-0.115654930619,-0.0011829305797,-0.00429000429,-0.221767510551,-0.00605124752951,-0.00346869425817,0.102728648371,0.026870682604,0.0104992210255,0.0161927807628,0.00748993098256,0,0.00863404003796,0.0161927807628,0,-0.0180960186424,-0.0263519609565,-84,-0.0108108108108,0.00396322816738,0,0,0,336,0,6,990,0.982456140351,1,0,0.0175438596491,1,0.982456140351,0.991150442478,0.988199235917,0.982456140351,0.982456140351,29,35,0,0,0,0
3668,WLNM_dir_neg,0.965714285714,0.670508454505,00:00:05,10,90,8,1241281843,threshold_sweep,0.5,1,0.828571428571,0.90625,29,0,6,70,0.828571428571,1,0,0.171428571429,1,0.828571428571,0.90625,0.942857142857,0.574603174603,0.865671641791,0.873589088037,0.828571428571,342,307,35,0,342,0,307,0,35,37,342,0.256756756757,1.72528881811,18.4864864865,15.5454545455,9.77142857143,5.36771015539,0.290358590277,0.142642642643,9.50849154237,1.02869645341,0.544491860281,8.05331334643,0.871264894205,0.461830251304,0.640599570326,0.371299902718,2,1.72528881811,0.640599570326,2,0.344071394247,0.376569037657,810,0.104247104247,0.56957682835,37,37,37,1,0,0.405405405405,0.540540540541,0.0540540540541,37,0.23048048048,1.7478378889,16.5945945946,13.9545454545,8.77142857143,4.53663764049,0.273380444134,0.133286380843,8.29948078987,1.00026315709,0.527159080905,7.26048997759,0.875042766029,0.470992164803,0.672193175798,0.384585538549,2,1.7478378889,0.672193175798,2,0.284198705197,0.2982421875,509,0.0655083655084,0.482454695971,37,37,37,1,0,0.405405405405,0.540540540541,0.0540540540541,37,336,0.252252252252,1.73392285815,18.1621621622,15.2727272727,9.6,5.25205522477,0.289175659697,0.138352638353,9.28672403182,1.02264520589,0.541023166023,8.1560419948,0.898135576809,0.472329472329,0.656792351089,0.3787898337,2,1.73392285815,0.656792351089,2,0.325975375605,0.3502170767,726,0.0934362934363,0.573540056517,37,37,37,1,0,0.405405405405,0.540540540541,0.0540540540541,-6,-0.0045045045045,0.00863404003796,-0.324324324324,-0.272727272727,-0.171428571429,-0.115654930619,-0.0011829305797,-0.00429000429,-0.221767510551,-0.00605124752951,-0.00346869425817,0.102728648371,0.026870682604,0.0104992210255,0.0161927807628,0.00748993098256,0,0.00863404003796,0.0161927807628,0,-0.0180960186424,-0.0263519609565,-84,-0.0108108108108,0.00396322816738,0,0,0,336,0,6,990,0.982456140351,1,0,0.0175438596491,1,0.982456140351,0.991150442478,0.988199235917,0.982456140351,0.982456140351,29,35,0,0,0,0
3669,WLNM_dir_neg,0.965714285714,0.670508454505,00:00:05,10,90,8,1241281843,threshold_sweep,0.6,1,0.828571428571,0.90625,29,0,6,70,0.828571428571,1,0,0.171428571429,1,0.828571428571,0.90625,0.942857142857,0.574603174603,0.865671641791,0.873589088037,0.828571428571,342,307,35,0,342,0,307,0,35,37,342,0.256756756757,1.72528881811,18.4864864865,15.5454545455,9.77142857143,5.36771015539,0.290358590277,0.142642642643,9.50849154237,1.02869645341,0.544491860281,8.05331334643,0.871264894205,0.461830251304,0.640599570326,0.371299902718,2,1.72528881811,0.640599570326,2,0.344071394247,0.376569037657,810,0.104247104247,0.56957682835,37,37,37,1,0,0.405405405405,0.540540540541,0.0540540540541,37,0.23048048048,1.7478378889,16.5945945946,13.9545454545,8.77142857143,4.53663764049,0.273380444134,0.133286380843,8.29948078987,1.00026315709,0.527159080905,7.26048997759,0.875042766029,0.470992164803,0.672193175798,0.384585538549,2,1.7478378889,0.672193175798,2,0.284198705197,0.2982421875,509,0.0655083655084,0.482454695971,37,37,37,1,0,0.405405405405,0.540540540541,0.0540540540541,37,336,0.252252252252,1.73392285815,18.1621621622,15.2727272727,9.6,5.25205522477,0.289175659697,0.138352638353,9.28672403182,1.02264520589,0.541023166023,8.1560419948,0.898135576809,0.472329472329,0.656792351089,0.3787898337,2,1.73392285815,0.656792351089,2,0.325975375605,0.3502170767,726,0.0934362934363,0.573540056517,37,37,37,1,0,0.405405405405,0.540540540541,0.0540540540541,-6,-0.0045045045045,0.00863404003796,-0.324324324324,-0.272727272727,-0.171428571429,-0.115654930619,-0.0011829305797,-0.00429000429,-0.221767510551,-0.00605124752951,-0.00346869425817,0.102728648371,0.026870682604,0.0104992210255,0.0161927807628,0.00748993098256,0,0.00863404003796,0.0161927807628,0,-0.0180960186424,-0.0263519609565,-84,-0.0108108108108,0.00396322816738,0,0,0,336,0,6,990,0.982456140351,1,0,0.0175438596491,1,0.982456140351,0.991150442478,0.988199235917,0.982456140351,0.982456140351,29,35,0,0,0,0
3670,WLNM_dir_neg,0.965714285714,0.670508454505,00:00:05,10,90,8,1241281843,threshold_sweep,0.7,1,0.828571428571,0.90625,29,0,6,70,0.828571428571,1,0,0.171428571429,1,0.828571428571,0.90625,0.942857142857,0.574603174603,0.865671641791,0.873589088037,0.828571428571,342,307,35,0,342,0,307,0,35,37,342,0.256756756757,1.72528881811,18.4864864865,15.5454545455,9.77142857143,5.36771015539,0.290358590277,0.142642642643,9.50849154237,1.02869645341,0.544491860281,8.05331334643,0.871264894205,0.461830251304,0.640599570326,0.371299902718,2,1.72528881811,0.640599570326,2,0.344071394247,0.376569037657,810,0.104247104247,0.56957682835,37,37,37,1,0,0.405405405405,0.540540540541,0.0540540540541,37,0.23048048048,1.7478378889,16.5945945946,13.9545454545,8.77142857143,4.53663764049,0.273380444134,0.133286380843,8.29948078987,1.00026315709,0.527159080905,7.26048997759,0.875042766029,0.470992164803,0.672193175798,0.384585538549,2,1.7478378889,0.672193175798,2,0.284198705197,0.2982421875,509,0.0655083655084,0.482454695971,37,37,37,1,0,0.405405405405,0.540540540541,0.0540540540541,37,336,0.252252252252,1.73392285815,18.1621621622,15.2727272727,9.6,5.25205522477,0.289175659697,0.138352638353,9.28672403182,1.02264520589,0.541023166023,8.1560419948,0.898135576809,0.472329472329,0.656792351089,0.3787898337,2,1.73392285815,0.656792351089,2,0.325975375605,0.3502170767,726,0.0934362934363,0.573540056517,37,37,37,1,0,0.405405405405,0.540540540541,0.0540540540541,-6,-0.0045045045045,0.00863404003796,-0.324324324324,-0.272727272727,-0.171428571429,-0.115654930619,-0.0011829305797,-0.00429000429,-0.221767510551,-0.00605124752951,-0.00346869425817,0.102728648371,0.026870682604,0.0104992210255,0.0161927807628,0.00748993098256,0,0.00863404003796,0.0161927807628,0,-0.0180960186424,-0.0263519609565,-84,-0.0108108108108,0.00396322816738,0,0,0,336,0,6,990,0.982456140351,1,0,0.0175438596491,1,0.982456140351,0.991150442478,0.988199235917,0.982456140351,0.982456140351,29,35,0,0,0,0
3671,WLNM_dir_neg,0.965714285714,0.670508454505,00:00:05,10,90,8,1241281843,threshold_sweep,0.8,1,0.828571428571,0.90625,29,0,6,70,0.828571428571,1,0,0.171428571429,1,0.828571428571,0.90625,0.942857142857,0.574603174603,0.865671641791,0.873589088037,0.828571428571,342,307,35,0,342,0,307,0,35,37,342,0.256756756757,1.72528881811,18.4864864865,15.5454545455,9.77142857143,5.36771015539,0.290358590277,0.142642642643,9.50849154237,1.02869645341,0.544491860281,8.05331334643,0.871264894205,0.461830251304,0.640599570326,0.371299902718,2,1.72528881811,0.640599570326,2,0.344071394247,0.376569037657,810,0.104247104247,0.56957682835,37,37,37,1,0,0.405405405405,0.540540540541,0.0540540540541,37,0.23048048048,1.7478378889,16.5945945946,13.9545454545,8.77142857143,4.53663764049,0.273380444134,0.133286380843,8.29948078987,1.00026315709,0.527159080905,7.26048997759,0.875042766029,0.470992164803,0.672193175798,0.384585538549,2,1.7478378889,0.672193175798,2,0.284198705197,0.2982421875,509,0.0655083655084,0.482454695971,37,37,37,1,0,0.405405405405,0.540540540541,0.0540540540541,37,336,0.252252252252,1.73392285815,18.1621621622,15.2727272727,9.6,5.25205522477,0.289175659697,0.138352638353,9.28672403182,1.02264520589,0.541023166023,8.1560419948,0.898135576809,0.472329472329,0.656792351089,0.3787898337,2,1.73392285815,0.656792351089,2,0.325975375605,0.3502170767,726,0.0934362934363,0.573540056517,37,37,37,1,0,0.405405405405,0.540540540541,0.0540540540541,-6,-0.0045045045045,0.00863404003796,-0.324324324324,-0.272727272727,-0.171428571429,-0.115654930619,-0.0011829305797,-0.00429000429,-0.221767510551,-0.00605124752951,-0.00346869425817,0.102728648371,0.026870682604,0.0104992210255,0.0161927807628,0.00748993098256,0,0.00863404003796,0.0161927807628,0,-0.0180960186424,-0.0263519609565,-84,-0.0108108108108,0.00396322816738,0,0,0,336,0,6,990,0.982456140351,1,0,0.0175438596491,1,0.982456140351,0.991150442478,0.988199235917,0.982456140351,0.982456140351,29,35,0,0,0,0
3672,WLNM_dir_neg,0.965714285714,0.670508454505,00:00:05,10,90,8,1241281843,threshold_sweep,0.9,1,0.828571428571,0.90625,29,0,6,70,0.828571428571,1,0,0.171428571429,1,0.828571428571,0.90625,0.942857142857,0.574603174603,0.865671641791,0.873589088037,0.828571428571,342,307,35,0,342,0,307,0,35,37,342,0.256756756757,1.72528881811,18.4864864865,15.5454545455,9.77142857143,5.36771015539,0.290358590277,0.142642642643,9.50849154237,1.02869645341,0.544491860281,8.05331334643,0.871264894205,0.461830251304,0.640599570326,0.371299902718,2,1.72528881811,0.640599570326,2,0.344071394247,0.376569037657,810,0.104247104247,0.56957682835,37,37,37,1,0,0.405405405405,0.540540540541,0.0540540540541,37,0.23048048048,1.7478378889,16.5945945946,13.9545454545,8.77142857143,4.53663764049,0.273380444134,0.133286380843,8.29948078987,1.00026315709,0.527159080905,7.26048997759,0.875042766029,0.470992164803,0.672193175798,0.384585538549,2,1.7478378889,0.672193175798,2,0.284198705197,0.2982421875,509,0.0655083655084,0.482454695971,37,37,37,1,0,0.405405405405,0.540540540541,0.0540540540541,37,336,0.252252252252,1.73392285815,18.1621621622,15.2727272727,9.6,5.25205522477,0.289175659697,0.138352638353,9.28672403182,1.02264520589,0.541023166023,8.1560419948,0.898135576809,0.472329472329,0.656792351089,0.3787898337,2,1.73392285815,0.656792351089,2,0.325975375605,0.3502170767,726,0.0934362934363,0.573540056517,37,37,37,1,0,0.405405405405,0.540540540541,0.0540540540541,-6,-0.0045045045045,0.00863404003796,-0.324324324324,-0.272727272727,-0.171428571429,-0.115654930619,-0.0011829305797,-0.00429000429,-0.221767510551,-0.00605124752951,-0.00346869425817,0.102728648371,0.026870682604,0.0104992210255,0.0161927807628,0.00748993098256,0,0.00863404003796,0.0161927807628,0,-0.0180960186424,-0.0263519609565,-84,-0.0108108108108,0.00396322816738,0,0,0,336,0,6,990,0.982456140351,1,0,0.0175438596491,1,0.982456140351,0.991150442478,0.988199235917,0.982456140351,0.982456140351,29,35,0,0,0,0
3673,WLNM_dir_neg,0.975918367347,0.910016528064,00:00:05,10,90,9,1241281844,threshold_sweep,0.1,1,0.771428571429,0.870967741935,27,0,8,70,0.771428571429,1,0,0.228571428571,1,0.771428571429,0.870967741935,0.92380952381,0.580952380952,0.818181818182,0.832050294338,0.771428571429,342,307,35,0,342,0,307,0,35,37,342,0.256756756757,1.72528881811,18.4864864865,15.5454545455,9.77142857143,5.36771015539,0.290358590277,0.142642642643,9.50849154237,1.02869645341,0.544491860281,8.05331334643,0.871264894205,0.461830251304,0.640599570326,0.371299902718,2,1.72528881811,0.640599570326,2,0.344071394247,0.376569037657,810,0.104247104247,0.56957682835,37,37,37,1,0,0.405405405405,0.540540540541,0.0540540540541,37,0.23048048048,1.73079876507,16.5945945946,13.9545454545,8.77142857143,4.66344805351,0.281022113973,0.141121577604,8.36615159392,1.00829840057,0.529976230302,7.29103279098,0.878723821714,0.472576811339,0.646173507538,0.373338322501,2,1.73079876507,0.646173507538,2,0.297732757227,0.318093385214,545,0.0701415701416,0.484827312612,37,37,37,1,0,0.405405405405,0.540540540541,0.0540540540541,37,334,0.250750750751,1.72433742198,18.0540540541,15.1818181818,9.54285714286,5.12589258323,0.283919199969,0.139990289691,9.19687895879,1.01881593256,0.539245832659,8.0466918202,0.891399992058,0.473215730701,0.63877670891,0.370447628619,2,1.72433742198,0.63877670891,2,0.323906482214,0.353200522534,721,0.0927927927928,0.562711047934,37,37,37,1,0,0.405405405405,0.540540540541,0.0540540540541,-8,-0.00600600600601,-0.000951396139184,-0.432432432432,-0.363636363636,-0.228571428571,-0.241817572167,-0.006439390308,-0.00265235295175,-0.311612583588,-0.00988052085455,-0.00524602762233,-0.00662152623575,0.020135097853,0.0113854793968,-0.00182286141646,-0.000852274098912,0,-0.000951396139184,-0.00182286141646,0,-0.0201649120334,-0.0233685151226,-89,-0.0114543114543,-0.00686578041566,0,0,0,334,0,8,990,0.976608187135,1,0,0.0233918128655,1,0.976608187135,0.988165680473,0.984266053764,0.976608187135,0.976608187135,27,35,0,0,0,0
3674,WLNM_dir_neg,0.975918367347,0.910016528064,00:00:05,10,90,9,1241281844,threshold_sweep,0.2,1,0.771428571429,0.870967741935,27,0,8,70,0.771428571429,1,0,0.228571428571,1,0.771428571429,0.870967741935,0.92380952381,0.580952380952,0.818181818182,0.832050294338,0.771428571429,342,307,35,0,342,0,307,0,35,37,342,0.256756756757,1.72528881811,18.4864864865,15.5454545455,9.77142857143,5.36771015539,0.290358590277,0.142642642643,9.50849154237,1.02869645341,0.544491860281,8.05331334643,0.871264894205,0.461830251304,0.640599570326,0.371299902718,2,1.72528881811,0.640599570326,2,0.344071394247,0.376569037657,810,0.104247104247,0.56957682835,37,37,37,1,0,0.405405405405,0.540540540541,0.0540540540541,37,0.23048048048,1.73079876507,16.5945945946,13.9545454545,8.77142857143,4.66344805351,0.281022113973,0.141121577604,8.36615159392,1.00829840057,0.529976230302,7.29103279098,0.878723821714,0.472576811339,0.646173507538,0.373338322501,2,1.73079876507,0.646173507538,2,0.297732757227,0.318093385214,545,0.0701415701416,0.484827312612,37,37,37,1,0,0.405405405405,0.540540540541,0.0540540540541,37,334,0.250750750751,1.72433742198,18.0540540541,15.1818181818,9.54285714286,5.12589258323,0.283919199969,0.139990289691,9.19687895879,1.01881593256,0.539245832659,8.0466918202,0.891399992058,0.473215730701,0.63877670891,0.370447628619,2,1.72433742198,0.63877670891,2,0.323906482214,0.353200522534,721,0.0927927927928,0.562711047934,37,37,37,1,0,0.405405405405,0.540540540541,0.0540540540541,-8,-0.00600600600601,-0.000951396139184,-0.432432432432,-0.363636363636,-0.228571428571,-0.241817572167,-0.006439390308,-0.00265235295175,-0.311612583588,-0.00988052085455,-0.00524602762233,-0.00662152623575,0.020135097853,0.0113854793968,-0.00182286141646,-0.000852274098912,0,-0.000951396139184,-0.00182286141646,0,-0.0201649120334,-0.0233685151226,-89,-0.0114543114543,-0.00686578041566,0,0,0,334,0,8,990,0.976608187135,1,0,0.0233918128655,1,0.976608187135,0.988165680473,0.984266053764,0.976608187135,0.976608187135,27,35,0,0,0,0
3675,WLNM_dir_neg,0.975918367347,0.910016528064,00:00:05,10,90,9,1241281844,threshold_sweep,0.3,1,0.771428571429,0.870967741935,27,0,8,70,0.771428571429,1,0,0.228571428571,1,0.771428571429,0.870967741935,0.92380952381,0.580952380952,0.818181818182,0.832050294338,0.771428571429,342,307,35,0,342,0,307,0,35,37,342,0.256756756757,1.72528881811,18.4864864865,15.5454545455,9.77142857143,5.36771015539,0.290358590277,0.142642642643,9.50849154237,1.02869645341,0.544491860281,8.05331334643,0.871264894205,0.461830251304,0.640599570326,0.371299902718,2,1.72528881811,0.640599570326,2,0.344071394247,0.376569037657,810,0.104247104247,0.56957682835,37,37,37,1,0,0.405405405405,0.540540540541,0.0540540540541,37,0.23048048048,1.73079876507,16.5945945946,13.9545454545,8.77142857143,4.66344805351,0.281022113973,0.141121577604,8.36615159392,1.00829840057,0.529976230302,7.29103279098,0.878723821714,0.472576811339,0.646173507538,0.373338322501,2,1.73079876507,0.646173507538,2,0.297732757227,0.318093385214,545,0.0701415701416,0.484827312612,37,37,37,1,0,0.405405405405,0.540540540541,0.0540540540541,37,334,0.250750750751,1.72433742198,18.0540540541,15.1818181818,9.54285714286,5.12589258323,0.283919199969,0.139990289691,9.19687895879,1.01881593256,0.539245832659,8.0466918202,0.891399992058,0.473215730701,0.63877670891,0.370447628619,2,1.72433742198,0.63877670891,2,0.323906482214,0.353200522534,721,0.0927927927928,0.562711047934,37,37,37,1,0,0.405405405405,0.540540540541,0.0540540540541,-8,-0.00600600600601,-0.000951396139184,-0.432432432432,-0.363636363636,-0.228571428571,-0.241817572167,-0.006439390308,-0.00265235295175,-0.311612583588,-0.00988052085455,-0.00524602762233,-0.00662152623575,0.020135097853,0.0113854793968,-0.00182286141646,-0.000852274098912,0,-0.000951396139184,-0.00182286141646,0,-0.0201649120334,-0.0233685151226,-89,-0.0114543114543,-0.00686578041566,0,0,0,334,0,8,990,0.976608187135,1,0,0.0233918128655,1,0.976608187135,0.988165680473,0.984266053764,0.976608187135,0.976608187135,27,35,0,0,0,0
3676,WLNM_dir_neg,0.975918367347,0.910016528064,00:00:05,10,90,9,1241281844,threshold_sweep,0.4,1,0.771428571429,0.870967741935,27,0,8,70,0.771428571429,1,0,0.228571428571,1,0.771428571429,0.870967741935,0.92380952381,0.580952380952,0.818181818182,0.832050294338,0.771428571429,342,307,35,0,342,0,307,0,35,37,342,0.256756756757,1.72528881811,18.4864864865,15.5454545455,9.77142857143,5.36771015539,0.290358590277,0.142642642643,9.50849154237,1.02869645341,0.544491860281,8.05331334643,0.871264894205,0.461830251304,0.640599570326,0.371299902718,2,1.72528881811,0.640599570326,2,0.344071394247,0.376569037657,810,0.104247104247,0.56957682835,37,37,37,1,0,0.405405405405,0.540540540541,0.0540540540541,37,0.23048048048,1.73079876507,16.5945945946,13.9545454545,8.77142857143,4.66344805351,0.281022113973,0.141121577604,8.36615159392,1.00829840057,0.529976230302,7.29103279098,0.878723821714,0.472576811339,0.646173507538,0.373338322501,2,1.73079876507,0.646173507538,2,0.297732757227,0.318093385214,545,0.0701415701416,0.484827312612,37,37,37,1,0,0.405405405405,0.540540540541,0.0540540540541,37,334,0.250750750751,1.72433742198,18.0540540541,15.1818181818,9.54285714286,5.12589258323,0.283919199969,0.139990289691,9.19687895879,1.01881593256,0.539245832659,8.0466918202,0.891399992058,0.473215730701,0.63877670891,0.370447628619,2,1.72433742198,0.63877670891,2,0.323906482214,0.353200522534,721,0.0927927927928,0.562711047934,37,37,37,1,0,0.405405405405,0.540540540541,0.0540540540541,-8,-0.00600600600601,-0.000951396139184,-0.432432432432,-0.363636363636,-0.228571428571,-0.241817572167,-0.006439390308,-0.00265235295175,-0.311612583588,-0.00988052085455,-0.00524602762233,-0.00662152623575,0.020135097853,0.0113854793968,-0.00182286141646,-0.000852274098912,0,-0.000951396139184,-0.00182286141646,0,-0.0201649120334,-0.0233685151226,-89,-0.0114543114543,-0.00686578041566,0,0,0,334,0,8,990,0.976608187135,1,0,0.0233918128655,1,0.976608187135,0.988165680473,0.984266053764,0.976608187135,0.976608187135,27,35,0,0,0,0
3677,WLNM_dir_neg,0.975918367347,0.910016528064,00:00:05,10,90,9,1241281844,threshold_sweep,0.5,1,0.771428571429,0.870967741935,27,0,8,70,0.771428571429,1,0,0.228571428571,1,0.771428571429,0.870967741935,0.92380952381,0.580952380952,0.818181818182,0.832050294338,0.771428571429,342,307,35,0,342,0,307,0,35,37,342,0.256756756757,1.72528881811,18.4864864865,15.5454545455,9.77142857143,5.36771015539,0.290358590277,0.142642642643,9.50849154237,1.02869645341,0.544491860281,8.05331334643,0.871264894205,0.461830251304,0.640599570326,0.371299902718,2,1.72528881811,0.640599570326,2,0.344071394247,0.376569037657,810,0.104247104247,0.56957682835,37,37,37,1,0,0.405405405405,0.540540540541,0.0540540540541,37,0.23048048048,1.73079876507,16.5945945946,13.9545454545,8.77142857143,4.66344805351,0.281022113973,0.141121577604,8.36615159392,1.00829840057,0.529976230302,7.29103279098,0.878723821714,0.472576811339,0.646173507538,0.373338322501,2,1.73079876507,0.646173507538,2,0.297732757227,0.318093385214,545,0.0701415701416,0.484827312612,37,37,37,1,0,0.405405405405,0.540540540541,0.0540540540541,37,334,0.250750750751,1.72433742198,18.0540540541,15.1818181818,9.54285714286,5.12589258323,0.283919199969,0.139990289691,9.19687895879,1.01881593256,0.539245832659,8.0466918202,0.891399992058,0.473215730701,0.63877670891,0.370447628619,2,1.72433742198,0.63877670891,2,0.323906482214,0.353200522534,721,0.0927927927928,0.562711047934,37,37,37,1,0,0.405405405405,0.540540540541,0.0540540540541,-8,-0.00600600600601,-0.000951396139184,-0.432432432432,-0.363636363636,-0.228571428571,-0.241817572167,-0.006439390308,-0.00265235295175,-0.311612583588,-0.00988052085455,-0.00524602762233,-0.00662152623575,0.020135097853,0.0113854793968,-0.00182286141646,-0.000852274098912,0,-0.000951396139184,-0.00182286141646,0,-0.0201649120334,-0.0233685151226,-89,-0.0114543114543,-0.00686578041566,0,0,0,334,0,8,990,0.976608187135,1,0,0.0233918128655,1,0.976608187135,0.988165680473,0.984266053764,0.976608187135,0.976608187135,27,35,0,0,0,0
3678,WLNM_dir_neg,0.975918367347,0.910016528064,00:00:05,10,90,9,1241281844,threshold_sweep,0.6,1,0.771428571429,0.870967741935,27,0,8,70,0.771428571429,1,0,0.228571428571,1,0.771428571429,0.870967741935,0.92380952381,0.580952380952,0.818181818182,0.832050294338,0.771428571429,342,307,35,0,342,0,307,0,35,37,342,0.256756756757,1.72528881811,18.4864864865,15.5454545455,9.77142857143,5.36771015539,0.290358590277,0.142642642643,9.50849154237,1.02869645341,0.544491860281,8.05331334643,0.871264894205,0.461830251304,0.640599570326,0.371299902718,2,1.72528881811,0.640599570326,2,0.344071394247,0.376569037657,810,0.104247104247,0.56957682835,37,37,37,1,0,0.405405405405,0.540540540541,0.0540540540541,37,0.23048048048,1.73079876507,16.5945945946,13.9545454545,8.77142857143,4.66344805351,0.281022113973,0.141121577604,8.36615159392,1.00829840057,0.529976230302,7.29103279098,0.878723821714,0.472576811339,0.646173507538,0.373338322501,2,1.73079876507,0.646173507538,2,0.297732757227,0.318093385214,545,0.0701415701416,0.484827312612,37,37,37,1,0,0.405405405405,0.540540540541,0.0540540540541,37,334,0.250750750751,1.72433742198,18.0540540541,15.1818181818,9.54285714286,5.12589258323,0.283919199969,0.139990289691,9.19687895879,1.01881593256,0.539245832659,8.0466918202,0.891399992058,0.473215730701,0.63877670891,0.370447628619,2,1.72433742198,0.63877670891,2,0.323906482214,0.353200522534,721,0.0927927927928,0.562711047934,37,37,37,1,0,0.405405405405,0.540540540541,0.0540540540541,-8,-0.00600600600601,-0.000951396139184,-0.432432432432,-0.363636363636,-0.228571428571,-0.241817572167,-0.006439390308,-0.00265235295175,-0.311612583588,-0.00988052085455,-0.00524602762233,-0.00662152623575,0.020135097853,0.0113854793968,-0.00182286141646,-0.000852274098912,0,-0.000951396139184,-0.00182286141646,0,-0.0201649120334,-0.0233685151226,-89,-0.0114543114543,-0.00686578041566,0,0,0,334,0,8,990,0.976608187135,1,0,0.0233918128655,1,0.976608187135,0.988165680473,0.984266053764,0.976608187135,0.976608187135,27,35,0,0,0,0
3679,WLNM_dir_neg,0.975918367347,0.910016528064,00:00:05,10,90,9,1241281844,threshold_sweep,0.7,1,0.771428571429,0.870967741935,27,0,8,70,0.771428571429,1,0,0.228571428571,1,0.771428571429,0.870967741935,0.92380952381,0.580952380952,0.818181818182,0.832050294338,0.771428571429,342,307,35,0,342,0,307,0,35,37,342,0.256756756757,1.72528881811,18.4864864865,15.5454545455,9.77142857143,5.36771015539,0.290358590277,0.142642642643,9.50849154237,1.02869645341,0.544491860281,8.05331334643,0.871264894205,0.461830251304,0.640599570326,0.371299902718,2,1.72528881811,0.640599570326,2,0.344071394247,0.376569037657,810,0.104247104247,0.56957682835,37,37,37,1,0,0.405405405405,0.540540540541,0.0540540540541,37,0.23048048048,1.73079876507,16.5945945946,13.9545454545,8.77142857143,4.66344805351,0.281022113973,0.141121577604,8.36615159392,1.00829840057,0.529976230302,7.29103279098,0.878723821714,0.472576811339,0.646173507538,0.373338322501,2,1.73079876507,0.646173507538,2,0.297732757227,0.318093385214,545,0.0701415701416,0.484827312612,37,37,37,1,0,0.405405405405,0.540540540541,0.0540540540541,37,334,0.250750750751,1.72433742198,18.0540540541,15.1818181818,9.54285714286,5.12589258323,0.283919199969,0.139990289691,9.19687895879,1.01881593256,0.539245832659,8.0466918202,0.891399992058,0.473215730701,0.63877670891,0.370447628619,2,1.72433742198,0.63877670891,2,0.323906482214,0.353200522534,721,0.0927927927928,0.562711047934,37,37,37,1,0,0.405405405405,0.540540540541,0.0540540540541,-8,-0.00600600600601,-0.000951396139184,-0.432432432432,-0.363636363636,-0.228571428571,-0.241817572167,-0.006439390308,-0.00265235295175,-0.311612583588,-0.00988052085455,-0.00524602762233,-0.00662152623575,0.020135097853,0.0113854793968,-0.00182286141646,-0.000852274098912,0,-0.000951396139184,-0.00182286141646,0,-0.0201649120334,-0.0233685151226,-89,-0.0114543114543,-0.00686578041566,0,0,0,334,0,8,990,0.976608187135,1,0,0.0233918128655,1,0.976608187135,0.988165680473,0.984266053764,0.976608187135,0.976608187135,27,35,0,0,0,0
3680,WLNM_dir_neg,0.975918367347,0.910016528064,00:00:05,10,90,9,1241281844,threshold_sweep,0.8,1,0.771428571429,0.870967741935,27,0,8,70,0.771428571429,1,0,0.228571428571,1,0.771428571429,0.870967741935,0.92380952381,0.580952380952,0.818181818182,0.832050294338,0.771428571429,342,307,35,0,342,0,307,0,35,37,342,0.256756756757,1.72528881811,18.4864864865,15.5454545455,9.77142857143,5.36771015539,0.290358590277,0.142642642643,9.50849154237,1.02869645341,0.544491860281,8.05331334643,0.871264894205,0.461830251304,0.640599570326,0.371299902718,2,1.72528881811,0.640599570326,2,0.344071394247,0.376569037657,810,0.104247104247,0.56957682835,37,37,37,1,0,0.405405405405,0.540540540541,0.0540540540541,37,0.23048048048,1.73079876507,16.5945945946,13.9545454545,8.77142857143,4.66344805351,0.281022113973,0.141121577604,8.36615159392,1.00829840057,0.529976230302,7.29103279098,0.878723821714,0.472576811339,0.646173507538,0.373338322501,2,1.73079876507,0.646173507538,2,0.297732757227,0.318093385214,545,0.0701415701416,0.484827312612,37,37,37,1,0,0.405405405405,0.540540540541,0.0540540540541,37,334,0.250750750751,1.72433742198,18.0540540541,15.1818181818,9.54285714286,5.12589258323,0.283919199969,0.139990289691,9.19687895879,1.01881593256,0.539245832659,8.0466918202,0.891399992058,0.473215730701,0.63877670891,0.370447628619,2,1.72433742198,0.63877670891,2,0.323906482214,0.353200522534,721,0.0927927927928,0.562711047934,37,37,37,1,0,0.405405405405,0.540540540541,0.0540540540541,-8,-0.00600600600601,-0.000951396139184,-0.432432432432,-0.363636363636,-0.228571428571,-0.241817572167,-0.006439390308,-0.00265235295175,-0.311612583588,-0.00988052085455,-0.00524602762233,-0.00662152623575,0.020135097853,0.0113854793968,-0.00182286141646,-0.000852274098912,0,-0.000951396139184,-0.00182286141646,0,-0.0201649120334,-0.0233685151226,-89,-0.0114543114543,-0.00686578041566,0,0,0,334,0,8,990,0.976608187135,1,0,0.0233918128655,1,0.976608187135,0.988165680473,0.984266053764,0.976608187135,0.976608187135,27,35,0,0,0,0
3681,WLNM_dir_neg,0.975918367347,0.910016528064,00:00:05,10,90,9,1241281844,threshold_sweep,0.9,1,0.714285714286,0.833333333333,25,0,10,70,0.714285714286,1,0,0.285714285714,1,0.714285714286,0.833333333333,0.904761904762,0.587301587302,0.769230769231,0.790569415042,0.714285714286,342,307,35,0,342,0,307,0,35,37,342,0.256756756757,1.72528881811,18.4864864865,15.5454545455,9.77142857143,5.36771015539,0.290358590277,0.142642642643,9.50849154237,1.02869645341,0.544491860281,8.05331334643,0.871264894205,0.461830251304,0.640599570326,0.371299902718,2,1.72528881811,0.640599570326,2,0.344071394247,0.376569037657,810,0.104247104247,0.56957682835,37,37,37,1,0,0.405405405405,0.540540540541,0.0540540540541,37,0.23048048048,1.73079876507,16.5945945946,13.9545454545,8.77142857143,4.66344805351,0.281022113973,0.141121577604,8.36615159392,1.00829840057,0.529976230302,7.29103279098,0.878723821714,0.472576811339,0.646173507538,0.373338322501,2,1.73079876507,0.646173507538,2,0.297732757227,0.318093385214,545,0.0701415701416,0.484827312612,37,37,37,1,0,0.405405405405,0.540540540541,0.0540540540541,37,332,0.249249249249,1.72560493168,17.9459459459,15.0909090909,9.48571428571,4.99969969068,0.278597723728,0.138147183328,9.07526089765,1.01139955787,0.536633018561,7.98083289474,0.889430172004,0.473298599805,0.640721468589,0.371302525175,2,1.72560493168,0.640721468589,2,0.317007025769,0.345713811971,695,0.0894465894466,0.557654297253,37,37,37,1,0,0.405405405405,0.540540540541,0.0540540540541,-10,-0.00750750750751,0.000316113568601,-0.540540540541,-0.454545454545,-0.285714285714,-0.368010464712,-0.0117608665494,-0.00449545931474,-0.433230644728,-0.0172968955445,-0.0078588417206,-0.0724804516986,0.0181652777988,0.0114683485007,0.000121898262569,2.62245732885e-06,0,0.000316113568601,0.000121898262569,0,-0.0270643684788,-0.0308552256854,-115,-0.0148005148005,-0.0119225310965,0,0,0,332,0,10,990,0.970760233918,1,0,0.0292397660819,1,0.970760233918,0.985163204748,0.980332918747,0.970760233918,0.970760233918,25,35,0,0,0,0
3682,WLNM_dir_neg,0.980204081633,0.904172285142,00:00:05,10,90,10,1241281845,threshold_sweep,0.1,1,0.685714285714,0.813559322034,24,0,11,70,0.685714285714,1,0,0.314285714286,1,0.685714285714,0.813559322034,0.895238095238,0.590476190476,0.744186046512,0.76980035892,0.685714285714,342,307,35,0,342,0,307,0,35,37,342,0.256756756757,1.72528881811,18.4864864865,15.5454545455,9.77142857143,5.36771015539,0.290358590277,0.142642642643,9.50849154237,1.02869645341,0.544491860281,8.05331334643,0.871264894205,0.461830251304,0.640599570326,0.371299902718,2,1.72528881811,0.640599570326,2,0.344071394247,0.376569037657,810,0.104247104247,0.56957682835,37,37,37,1,0,0.405405405405,0.540540540541,0.0540540540541,37,0.23048048048,1.72268789314,16.5945945946,13.9545454545,8.77142857143,4.20620876707,0.253468606485,0.11911259794,8.22889510899,0.991756088054,0.516418698829,7.58604297694,0.914278795267,0.488071133022,0.636798623717,0.369654088969,2,1.72268789314,0.636798623717,2,0.263721707406,0.269230769231,455,0.0585585585586,0.508975851803,37,37,37,1,0,0.405405405405,0.540540540541,0.0540540540541,37,331,0.248498498498,1.71932759814,17.8918918919,15.0454545455,9.45714285714,4.80036910493,0.268298575351,0.131215807953,8.99365809256,1.00533338195,0.533681717972,8.14434345606,0.910394887838,0.480934106312,0.632813629633,0.368058786655,2,1.71932759814,0.632813629633,2,0.305771429048,0.323440643863,643,0.0827541827542,0.568927913269,37,37,37,1,0,0.405405405405,0.540540540541,0.0540540540541,-11,-0.00825825825826,-0.00596121997778,-0.594594594595,-0.5,-0.314285714286,-0.567341050466,-0.0220600149262,-0.0114268346897,-0.514833449814,-0.0233630714669,-0.0108101423096,0.0910301096296,0.0391299936331,0.0191038550078,-0.00778594069336,-0.0032411160628,0,-0.00596121997778,-0.00778594069336,0,-0.0382999651996,-0.0531283937937,-167,-0.0214929214929,-0.000648915080538,0,0,0,331,0,11,990,0.96783625731,1,0,0.0321637426901,1,0.96783625731,0.983655274889,0.978366339386,0.96783625731,0.96783625731,24,35,0,0,0,0
3683,WLNM_dir_neg,0.980204081633,0.904172285142,00:00:05,10,90,10,1241281845,threshold_sweep,0.2,1,0.685714285714,0.813559322034,24,0,11,70,0.685714285714,1,0,0.314285714286,1,0.685714285714,0.813559322034,0.895238095238,0.590476190476,0.744186046512,0.76980035892,0.685714285714,342,307,35,0,342,0,307,0,35,37,342,0.256756756757,1.72528881811,18.4864864865,15.5454545455,9.77142857143,5.36771015539,0.290358590277,0.142642642643,9.50849154237,1.02869645341,0.544491860281,8.05331334643,0.871264894205,0.461830251304,0.640599570326,0.371299902718,2,1.72528881811,0.640599570326,2,0.344071394247,0.376569037657,810,0.104247104247,0.56957682835,37,37,37,1,0,0.405405405405,0.540540540541,0.0540540540541,37,0.23048048048,1.72268789314,16.5945945946,13.9545454545,8.77142857143,4.20620876707,0.253468606485,0.11911259794,8.22889510899,0.991756088054,0.516418698829,7.58604297694,0.914278795267,0.488071133022,0.636798623717,0.369654088969,2,1.72268789314,0.636798623717,2,0.263721707406,0.269230769231,455,0.0585585585586,0.508975851803,37,37,37,1,0,0.405405405405,0.540540540541,0.0540540540541,37,331,0.248498498498,1.71932759814,17.8918918919,15.0454545455,9.45714285714,4.80036910493,0.268298575351,0.131215807953,8.99365809256,1.00533338195,0.533681717972,8.14434345606,0.910394887838,0.480934106312,0.632813629633,0.368058786655,2,1.71932759814,0.632813629633,2,0.305771429048,0.323440643863,643,0.0827541827542,0.568927913269,37,37,37,1,0,0.405405405405,0.540540540541,0.0540540540541,-11,-0.00825825825826,-0.00596121997778,-0.594594594595,-0.5,-0.314285714286,-0.567341050466,-0.0220600149262,-0.0114268346897,-0.514833449814,-0.0233630714669,-0.0108101423096,0.0910301096296,0.0391299936331,0.0191038550078,-0.00778594069336,-0.0032411160628,0,-0.00596121997778,-0.00778594069336,0,-0.0382999651996,-0.0531283937937,-167,-0.0214929214929,-0.000648915080538,0,0,0,331,0,11,990,0.96783625731,1,0,0.0321637426901,1,0.96783625731,0.983655274889,0.978366339386,0.96783625731,0.96783625731,24,35,0,0,0,0
3684,WLNM_dir_neg,0.980204081633,0.904172285142,00:00:05,10,90,10,1241281845,threshold_sweep,0.3,1,0.685714285714,0.813559322034,24,0,11,70,0.685714285714,1,0,0.314285714286,1,0.685714285714,0.813559322034,0.895238095238,0.590476190476,0.744186046512,0.76980035892,0.685714285714,342,307,35,0,342,0,307,0,35,37,342,0.256756756757,1.72528881811,18.4864864865,15.5454545455,9.77142857143,5.36771015539,0.290358590277,0.142642642643,9.50849154237,1.02869645341,0.544491860281,8.05331334643,0.871264894205,0.461830251304,0.640599570326,0.371299902718,2,1.72528881811,0.640599570326,2,0.344071394247,0.376569037657,810,0.104247104247,0.56957682835,37,37,37,1,0,0.405405405405,0.540540540541,0.0540540540541,37,0.23048048048,1.72268789314,16.5945945946,13.9545454545,8.77142857143,4.20620876707,0.253468606485,0.11911259794,8.22889510899,0.991756088054,0.516418698829,7.58604297694,0.914278795267,0.488071133022,0.636798623717,0.369654088969,2,1.72268789314,0.636798623717,2,0.263721707406,0.269230769231,455,0.0585585585586,0.508975851803,37,37,37,1,0,0.405405405405,0.540540540541,0.0540540540541,37,331,0.248498498498,1.71932759814,17.8918918919,15.0454545455,9.45714285714,4.80036910493,0.268298575351,0.131215807953,8.99365809256,1.00533338195,0.533681717972,8.14434345606,0.910394887838,0.480934106312,0.632813629633,0.368058786655,2,1.71932759814,0.632813629633,2,0.305771429048,0.323440643863,643,0.0827541827542,0.568927913269,37,37,37,1,0,0.405405405405,0.540540540541,0.0540540540541,-11,-0.00825825825826,-0.00596121997778,-0.594594594595,-0.5,-0.314285714286,-0.567341050466,-0.0220600149262,-0.0114268346897,-0.514833449814,-0.0233630714669,-0.0108101423096,0.0910301096296,0.0391299936331,0.0191038550078,-0.00778594069336,-0.0032411160628,0,-0.00596121997778,-0.00778594069336,0,-0.0382999651996,-0.0531283937937,-167,-0.0214929214929,-0.000648915080538,0,0,0,331,0,11,990,0.96783625731,1,0,0.0321637426901,1,0.96783625731,0.983655274889,0.978366339386,0.96783625731,0.96783625731,24,35,0,0,0,0
3685,WLNM_dir_neg,0.980204081633,0.904172285142,00:00:05,10,90,10,1241281845,threshold_sweep,0.4,1,0.685714285714,0.813559322034,24,0,11,70,0.685714285714,1,0,0.314285714286,1,0.685714285714,0.813559322034,0.895238095238,0.590476190476,0.744186046512,0.76980035892,0.685714285714,342,307,35,0,342,0,307,0,35,37,342,0.256756756757,1.72528881811,18.4864864865,15.5454545455,9.77142857143,5.36771015539,0.290358590277,0.142642642643,9.50849154237,1.02869645341,0.544491860281,8.05331334643,0.871264894205,0.461830251304,0.640599570326,0.371299902718,2,1.72528881811,0.640599570326,2,0.344071394247,0.376569037657,810,0.104247104247,0.56957682835,37,37,37,1,0,0.405405405405,0.540540540541,0.0540540540541,37,0.23048048048,1.72268789314,16.5945945946,13.9545454545,8.77142857143,4.20620876707,0.253468606485,0.11911259794,8.22889510899,0.991756088054,0.516418698829,7.58604297694,0.914278795267,0.488071133022,0.636798623717,0.369654088969,2,1.72268789314,0.636798623717,2,0.263721707406,0.269230769231,455,0.0585585585586,0.508975851803,37,37,37,1,0,0.405405405405,0.540540540541,0.0540540540541,37,331,0.248498498498,1.71932759814,17.8918918919,15.0454545455,9.45714285714,4.80036910493,0.268298575351,0.131215807953,8.99365809256,1.00533338195,0.533681717972,8.14434345606,0.910394887838,0.480934106312,0.632813629633,0.368058786655,2,1.71932759814,0.632813629633,2,0.305771429048,0.323440643863,643,0.0827541827542,0.568927913269,37,37,37,1,0,0.405405405405,0.540540540541,0.0540540540541,-11,-0.00825825825826,-0.00596121997778,-0.594594594595,-0.5,-0.314285714286,-0.567341050466,-0.0220600149262,-0.0114268346897,-0.514833449814,-0.0233630714669,-0.0108101423096,0.0910301096296,0.0391299936331,0.0191038550078,-0.00778594069336,-0.0032411160628,0,-0.00596121997778,-0.00778594069336,0,-0.0382999651996,-0.0531283937937,-167,-0.0214929214929,-0.000648915080538,0,0,0,331,0,11,990,0.96783625731,1,0,0.0321637426901,1,0.96783625731,0.983655274889,0.978366339386,0.96783625731,0.96783625731,24,35,0,0,0,0
3686,WLNM_dir_neg,0.980204081633,0.904172285142,00:00:05,10,90,10,1241281845,threshold_sweep,0.5,1,0.685714285714,0.813559322034,24,0,11,70,0.685714285714,1,0,0.314285714286,1,0.685714285714,0.813559322034,0.895238095238,0.590476190476,0.744186046512,0.76980035892,0.685714285714,342,307,35,0,342,0,307,0,35,37,342,0.256756756757,1.72528881811,18.4864864865,15.5454545455,9.77142857143,5.36771015539,0.290358590277,0.142642642643,9.50849154237,1.02869645341,0.544491860281,8.05331334643,0.871264894205,0.461830251304,0.640599570326,0.371299902718,2,1.72528881811,0.640599570326,2,0.344071394247,0.376569037657,810,0.104247104247,0.56957682835,37,37,37,1,0,0.405405405405,0.540540540541,0.0540540540541,37,0.23048048048,1.72268789314,16.5945945946,13.9545454545,8.77142857143,4.20620876707,0.253468606485,0.11911259794,8.22889510899,0.991756088054,0.516418698829,7.58604297694,0.914278795267,0.488071133022,0.636798623717,0.369654088969,2,1.72268789314,0.636798623717,2,0.263721707406,0.269230769231,455,0.0585585585586,0.508975851803,37,37,37,1,0,0.405405405405,0.540540540541,0.0540540540541,37,331,0.248498498498,1.71932759814,17.8918918919,15.0454545455,9.45714285714,4.80036910493,0.268298575351,0.131215807953,8.99365809256,1.00533338195,0.533681717972,8.14434345606,0.910394887838,0.480934106312,0.632813629633,0.368058786655,2,1.71932759814,0.632813629633,2,0.305771429048,0.323440643863,643,0.0827541827542,0.568927913269,37,37,37,1,0,0.405405405405,0.540540540541,0.0540540540541,-11,-0.00825825825826,-0.00596121997778,-0.594594594595,-0.5,-0.314285714286,-0.567341050466,-0.0220600149262,-0.0114268346897,-0.514833449814,-0.0233630714669,-0.0108101423096,0.0910301096296,0.0391299936331,0.0191038550078,-0.00778594069336,-0.0032411160628,0,-0.00596121997778,-0.00778594069336,0,-0.0382999651996,-0.0531283937937,-167,-0.0214929214929,-0.000648915080538,0,0,0,331,0,11,990,0.96783625731,1,0,0.0321637426901,1,0.96783625731,0.983655274889,0.978366339386,0.96783625731,0.96783625731,24,35,0,0,0,0
3687,WLNM_dir_neg,0.980204081633,0.904172285142,00:00:05,10,90,10,1241281845,threshold_sweep,0.6,1,0.685714285714,0.813559322034,24,0,11,70,0.685714285714,1,0,0.314285714286,1,0.685714285714,0.813559322034,0.895238095238,0.590476190476,0.744186046512,0.76980035892,0.685714285714,342,307,35,0,342,0,307,0,35,37,342,0.256756756757,1.72528881811,18.4864864865,15.5454545455,9.77142857143,5.36771015539,0.290358590277,0.142642642643,9.50849154237,1.02869645341,0.544491860281,8.05331334643,0.871264894205,0.461830251304,0.640599570326,0.371299902718,2,1.72528881811,0.640599570326,2,0.344071394247,0.376569037657,810,0.104247104247,0.56957682835,37,37,37,1,0,0.405405405405,0.540540540541,0.0540540540541,37,0.23048048048,1.72268789314,16.5945945946,13.9545454545,8.77142857143,4.20620876707,0.253468606485,0.11911259794,8.22889510899,0.991756088054,0.516418698829,7.58604297694,0.914278795267,0.488071133022,0.636798623717,0.369654088969,2,1.72268789314,0.636798623717,2,0.263721707406,0.269230769231,455,0.0585585585586,0.508975851803,37,37,37,1,0,0.405405405405,0.540540540541,0.0540540540541,37,331,0.248498498498,1.71932759814,17.8918918919,15.0454545455,9.45714285714,4.80036910493,0.268298575351,0.131215807953,8.99365809256,1.00533338195,0.533681717972,8.14434345606,0.910394887838,0.480934106312,0.632813629633,0.368058786655,2,1.71932759814,0.632813629633,2,0.305771429048,0.323440643863,643,0.0827541827542,0.568927913269,37,37,37,1,0,0.405405405405,0.540540540541,0.0540540540541,-11,-0.00825825825826,-0.00596121997778,-0.594594594595,-0.5,-0.314285714286,-0.567341050466,-0.0220600149262,-0.0114268346897,-0.514833449814,-0.0233630714669,-0.0108101423096,0.0910301096296,0.0391299936331,0.0191038550078,-0.00778594069336,-0.0032411160628,0,-0.00596121997778,-0.00778594069336,0,-0.0382999651996,-0.0531283937937,-167,-0.0214929214929,-0.000648915080538,0,0,0,331,0,11,990,0.96783625731,1,0,0.0321637426901,1,0.96783625731,0.983655274889,0.978366339386,0.96783625731,0.96783625731,24,35,0,0,0,0
3688,WLNM_dir_neg,0.980204081633,0.904172285142,00:00:05,10,90,10,1241281845,threshold_sweep,0.7,1,0.685714285714,0.813559322034,24,0,11,70,0.685714285714,1,0,0.314285714286,1,0.685714285714,0.813559322034,0.895238095238,0.590476190476,0.744186046512,0.76980035892,0.685714285714,342,307,35,0,342,0,307,0,35,37,342,0.256756756757,1.72528881811,18.4864864865,15.5454545455,9.77142857143,5.36771015539,0.290358590277,0.142642642643,9.50849154237,1.02869645341,0.544491860281,8.05331334643,0.871264894205,0.461830251304,0.640599570326,0.371299902718,2,1.72528881811,0.640599570326,2,0.344071394247,0.376569037657,810,0.104247104247,0.56957682835,37,37,37,1,0,0.405405405405,0.540540540541,0.0540540540541,37,0.23048048048,1.72268789314,16.5945945946,13.9545454545,8.77142857143,4.20620876707,0.253468606485,0.11911259794,8.22889510899,0.991756088054,0.516418698829,7.58604297694,0.914278795267,0.488071133022,0.636798623717,0.369654088969,2,1.72268789314,0.636798623717,2,0.263721707406,0.269230769231,455,0.0585585585586,0.508975851803,37,37,37,1,0,0.405405405405,0.540540540541,0.0540540540541,37,331,0.248498498498,1.71932759814,17.8918918919,15.0454545455,9.45714285714,4.80036910493,0.268298575351,0.131215807953,8.99365809256,1.00533338195,0.533681717972,8.14434345606,0.910394887838,0.480934106312,0.632813629633,0.368058786655,2,1.71932759814,0.632813629633,2,0.305771429048,0.323440643863,643,0.0827541827542,0.568927913269,37,37,37,1,0,0.405405405405,0.540540540541,0.0540540540541,-11,-0.00825825825826,-0.00596121997778,-0.594594594595,-0.5,-0.314285714286,-0.567341050466,-0.0220600149262,-0.0114268346897,-0.514833449814,-0.0233630714669,-0.0108101423096,0.0910301096296,0.0391299936331,0.0191038550078,-0.00778594069336,-0.0032411160628,0,-0.00596121997778,-0.00778594069336,0,-0.0382999651996,-0.0531283937937,-167,-0.0214929214929,-0.000648915080538,0,0,0,331,0,11,990,0.96783625731,1,0,0.0321637426901,1,0.96783625731,0.983655274889,0.978366339386,0.96783625731,0.96783625731,24,35,0,0,0,0
3689,WLNM_dir_neg,0.980204081633,0.904172285142,00:00:05,10,90,10,1241281845,threshold_sweep,0.8,1,0.685714285714,0.813559322034,24,0,11,70,0.685714285714,1,0,0.314285714286,1,0.685714285714,0.813559322034,0.895238095238,0.590476190476,0.744186046512,0.76980035892,0.685714285714,342,307,35,0,342,0,307,0,35,37,342,0.256756756757,1.72528881811,18.4864864865,15.5454545455,9.77142857143,5.36771015539,0.290358590277,0.142642642643,9.50849154237,1.02869645341,0.544491860281,8.05331334643,0.871264894205,0.461830251304,0.640599570326,0.371299902718,2,1.72528881811,0.640599570326,2,0.344071394247,0.376569037657,810,0.104247104247,0.56957682835,37,37,37,1,0,0.405405405405,0.540540540541,0.0540540540541,37,0.23048048048,1.72268789314,16.5945945946,13.9545454545,8.77142857143,4.20620876707,0.253468606485,0.11911259794,8.22889510899,0.991756088054,0.516418698829,7.58604297694,0.914278795267,0.488071133022,0.636798623717,0.369654088969,2,1.72268789314,0.636798623717,2,0.263721707406,0.269230769231,455,0.0585585585586,0.508975851803,37,37,37,1,0,0.405405405405,0.540540540541,0.0540540540541,37,331,0.248498498498,1.71932759814,17.8918918919,15.0454545455,9.45714285714,4.80036910493,0.268298575351,0.131215807953,8.99365809256,1.00533338195,0.533681717972,8.14434345606,0.910394887838,0.480934106312,0.632813629633,0.368058786655,2,1.71932759814,0.632813629633,2,0.305771429048,0.323440643863,643,0.0827541827542,0.568927913269,37,37,37,1,0,0.405405405405,0.540540540541,0.0540540540541,-11,-0.00825825825826,-0.00596121997778,-0.594594594595,-0.5,-0.314285714286,-0.567341050466,-0.0220600149262,-0.0114268346897,-0.514833449814,-0.0233630714669,-0.0108101423096,0.0910301096296,0.0391299936331,0.0191038550078,-0.00778594069336,-0.0032411160628,0,-0.00596121997778,-0.00778594069336,0,-0.0382999651996,-0.0531283937937,-167,-0.0214929214929,-0.000648915080538,0,0,0,331,0,11,990,0.96783625731,1,0,0.0321637426901,1,0.96783625731,0.983655274889,0.978366339386,0.96783625731,0.96783625731,24,35,0,0,0,0
3690,WLNM_dir_neg,0.980204081633,0.904172285142,00:00:05,10,90,10,1241281845,threshold_sweep,0.9,1,0.685714285714,0.813559322034,24,0,11,70,0.685714285714,1,0,0.314285714286,1,0.685714285714,0.813559322034,0.895238095238,0.590476190476,0.744186046512,0.76980035892,0.685714285714,342,307,35,0,342,0,307,0,35,37,342,0.256756756757,1.72528881811,18.4864864865,15.5454545455,9.77142857143,5.36771015539,0.290358590277,0.142642642643,9.50849154237,1.02869645341,0.544491860281,8.05331334643,0.871264894205,0.461830251304,0.640599570326,0.371299902718,2,1.72528881811,0.640599570326,2,0.344071394247,0.376569037657,810,0.104247104247,0.56957682835,37,37,37,1,0,0.405405405405,0.540540540541,0.0540540540541,37,0.23048048048,1.72268789314,16.5945945946,13.9545454545,8.77142857143,4.20620876707,0.253468606485,0.11911259794,8.22889510899,0.991756088054,0.516418698829,7.58604297694,0.914278795267,0.488071133022,0.636798623717,0.369654088969,2,1.72268789314,0.636798623717,2,0.263721707406,0.269230769231,455,0.0585585585586,0.508975851803,37,37,37,1,0,0.405405405405,0.540540540541,0.0540540540541,37,331,0.248498498498,1.71932759814,17.8918918919,15.0454545455,9.45714285714,4.80036910493,0.268298575351,0.131215807953,8.99365809256,1.00533338195,0.533681717972,8.14434345606,0.910394887838,0.480934106312,0.632813629633,0.368058786655,2,1.71932759814,0.632813629633,2,0.305771429048,0.323440643863,643,0.0827541827542,0.568927913269,37,37,37,1,0,0.405405405405,0.540540540541,0.0540540540541,-11,-0.00825825825826,-0.00596121997778,-0.594594594595,-0.5,-0.314285714286,-0.567341050466,-0.0220600149262,-0.0114268346897,-0.514833449814,-0.0233630714669,-0.0108101423096,0.0910301096296,0.0391299936331,0.0191038550078,-0.00778594069336,-0.0032411160628,0,-0.00596121997778,-0.00778594069336,0,-0.0382999651996,-0.0531283937937,-167,-0.0214929214929,-0.000648915080538,0,0,0,331,0,11,990,0.96783625731,1,0,0.0321637426901,1,0.96783625731,0.983655274889,0.978366339386,0.96783625731,0.96783625731,24,35,0,0,0,0
3691,WLNM_dir_neg,0.984693877551,0.716664062341,00:00:05,10,90,11,1241281846,threshold_sweep,0.1,1,0.828571428571,0.90625,29,0,6,70,0.828571428571,1,0,0.171428571429,1,0.828571428571,0.90625,0.942857142857,0.574603174603,0.865671641791,0.873589088037,0.828571428571,342,307,35,0,342,0,307,0,35,37,342,0.256756756757,1.72528881811,18.4864864865,15.5454545455,9.77142857143,5.36771015539,0.290358590277,0.142642642643,9.50849154237,1.02869645341,0.544491860281,8.05331334643,0.871264894205,0.461830251304,0.640599570326,0.371299902718,2,1.72528881811,0.640599570326,2,0.344071394247,0.376569037657,810,0.104247104247,0.56957682835,37,37,37,1,0,0.405405405405,0.540540540541,0.0540540540541,37,0.23048048048,1.7474913755,16.5945945946,13.9545454545,8.77142857143,4.86746260306,0.293316150347,0.141033541685,8.49138408056,1.02339156671,0.532793379699,7.24133530068,0.872734221907,0.468527159081,0.670526835848,0.383708237562,2,1.7474913755,0.670526835848,2,0.31717496409,0.326313755796,563,0.0724581724582,0.478318349961,37,37,37,1,0,0.405405405405,0.540540540541,0.0540540540541,37,336,0.252252252252,1.73798757242,18.1621621622,15.2727272727,9.6,5.44422994,0.299756708006,0.147200772201,9.38787154429,1.03378347363,0.545205920206,8.03941118069,0.885292302635,0.46879021879,0.6611454793,0.380408634556,2,1.73798757242,0.6611454793,2,0.347226101449,0.365947242206,763,0.0981981981982,0.562524248227,37,37,37,1,0,0.405405405405,0.540540540541,0.0540540540541,-6,-0.0045045045045,0.0126987543071,-0.324324324324,-0.272727272727,-0.171428571429,0.076519784611,0.00939811772907,0.00455812955813,-0.120619998082,0.00508702021261,0.000714059924586,-0.0139021657487,0.0140274084301,0.00695996748628,0.0205459089744,0.00910873183835,0,0.0126987543071,0.0205459089744,0,0.00315470720145,-0.0106217954507,-47,-0.00604890604891,-0.00705258012261,0,0,0,336,0,6,990,0.982456140351,1,0,0.0175438596491,1,0.982456140351,0.991150442478,0.988199235917,0.982456140351,0.982456140351,29,35,0,0,0,0
3692,WLNM_dir_neg,0.984693877551,0.716664062341,00:00:05,10,90,11,1241281846,threshold_sweep,0.2,1,0.828571428571,0.90625,29,0,6,70,0.828571428571,1,0,0.171428571429,1,0.828571428571,0.90625,0.942857142857,0.574603174603,0.865671641791,0.873589088037,0.828571428571,342,307,35,0,342,0,307,0,35,37,342,0.256756756757,1.72528881811,18.4864864865,15.5454545455,9.77142857143,5.36771015539,0.290358590277,0.142642642643,9.50849154237,1.02869645341,0.544491860281,8.05331334643,0.871264894205,0.461830251304,0.640599570326,0.371299902718,2,1.72528881811,0.640599570326,2,0.344071394247,0.376569037657,810,0.104247104247,0.56957682835,37,37,37,1,0,0.405405405405,0.540540540541,0.0540540540541,37,0.23048048048,1.7474913755,16.5945945946,13.9545454545,8.77142857143,4.86746260306,0.293316150347,0.141033541685,8.49138408056,1.02339156671,0.532793379699,7.24133530068,0.872734221907,0.468527159081,0.670526835848,0.383708237562,2,1.7474913755,0.670526835848,2,0.31717496409,0.326313755796,563,0.0724581724582,0.478318349961,37,37,37,1,0,0.405405405405,0.540540540541,0.0540540540541,37,336,0.252252252252,1.73798757242,18.1621621622,15.2727272727,9.6,5.44422994,0.299756708006,0.147200772201,9.38787154429,1.03378347363,0.545205920206,8.03941118069,0.885292302635,0.46879021879,0.6611454793,0.380408634556,2,1.73798757242,0.6611454793,2,0.347226101449,0.365947242206,763,0.0981981981982,0.562524248227,37,37,37,1,0,0.405405405405,0.540540540541,0.0540540540541,-6,-0.0045045045045,0.0126987543071,-0.324324324324,-0.272727272727,-0.171428571429,0.076519784611,0.00939811772907,0.00455812955813,-0.120619998082,0.00508702021261,0.000714059924586,-0.0139021657487,0.0140274084301,0.00695996748628,0.0205459089744,0.00910873183835,0,0.0126987543071,0.0205459089744,0,0.00315470720145,-0.0106217954507,-47,-0.00604890604891,-0.00705258012261,0,0,0,336,0,6,990,0.982456140351,1,0,0.0175438596491,1,0.982456140351,0.991150442478,0.988199235917,0.982456140351,0.982456140351,29,35,0,0,0,0
3693,WLNM_dir_neg,0.984693877551,0.716664062341,00:00:05,10,90,11,1241281846,threshold_sweep,0.3,1,0.828571428571,0.90625,29,0,6,70,0.828571428571,1,0,0.171428571429,1,0.828571428571,0.90625,0.942857142857,0.574603174603,0.865671641791,0.873589088037,0.828571428571,342,307,35,0,342,0,307,0,35,37,342,0.256756756757,1.72528881811,18.4864864865,15.5454545455,9.77142857143,5.36771015539,0.290358590277,0.142642642643,9.50849154237,1.02869645341,0.544491860281,8.05331334643,0.871264894205,0.461830251304,0.640599570326,0.371299902718,2,1.72528881811,0.640599570326,2,0.344071394247,0.376569037657,810,0.104247104247,0.56957682835,37,37,37,1,0,0.405405405405,0.540540540541,0.0540540540541,37,0.23048048048,1.7474913755,16.5945945946,13.9545454545,8.77142857143,4.86746260306,0.293316150347,0.141033541685,8.49138408056,1.02339156671,0.532793379699,7.24133530068,0.872734221907,0.468527159081,0.670526835848,0.383708237562,2,1.7474913755,0.670526835848,2,0.31717496409,0.326313755796,563,0.0724581724582,0.478318349961,37,37,37,1,0,0.405405405405,0.540540540541,0.0540540540541,37,336,0.252252252252,1.73798757242,18.1621621622,15.2727272727,9.6,5.44422994,0.299756708006,0.147200772201,9.38787154429,1.03378347363,0.545205920206,8.03941118069,0.885292302635,0.46879021879,0.6611454793,0.380408634556,2,1.73798757242,0.6611454793,2,0.347226101449,0.365947242206,763,0.0981981981982,0.562524248227,37,37,37,1,0,0.405405405405,0.540540540541,0.0540540540541,-6,-0.0045045045045,0.0126987543071,-0.324324324324,-0.272727272727,-0.171428571429,0.076519784611,0.00939811772907,0.00455812955813,-0.120619998082,0.00508702021261,0.000714059924586,-0.0139021657487,0.0140274084301,0.00695996748628,0.0205459089744,0.00910873183835,0,0.0126987543071,0.0205459089744,0,0.00315470720145,-0.0106217954507,-47,-0.00604890604891,-0.00705258012261,0,0,0,336,0,6,990,0.982456140351,1,0,0.0175438596491,1,0.982456140351,0.991150442478,0.988199235917,0.982456140351,0.982456140351,29,35,0,0,0,0
3694,WLNM_dir_neg,0.984693877551,0.716664062341,00:00:05,10,90,11,1241281846,threshold_sweep,0.4,1,0.828571428571,0.90625,29,0,6,70,0.828571428571,1,0,0.171428571429,1,0.828571428571,0.90625,0.942857142857,0.574603174603,0.865671641791,0.873589088037,0.828571428571,342,307,35,0,342,0,307,0,35,37,342,0.256756756757,1.72528881811,18.4864864865,15.5454545455,9.77142857143,5.36771015539,0.290358590277,0.142642642643,9.50849154237,1.02869645341,0.544491860281,8.05331334643,0.871264894205,0.461830251304,0.640599570326,0.371299902718,2,1.72528881811,0.640599570326,2,0.344071394247,0.376569037657,810,0.104247104247,0.56957682835,37,37,37,1,0,0.405405405405,0.540540540541,0.0540540540541,37,0.23048048048,1.7474913755,16.5945945946,13.9545454545,8.77142857143,4.86746260306,0.293316150347,0.141033541685,8.49138408056,1.02339156671,0.532793379699,7.24133530068,0.872734221907,0.468527159081,0.670526835848,0.383708237562,2,1.7474913755,0.670526835848,2,0.31717496409,0.326313755796,563,0.0724581724582,0.478318349961,37,37,37,1,0,0.405405405405,0.540540540541,0.0540540540541,37,336,0.252252252252,1.73798757242,18.1621621622,15.2727272727,9.6,5.44422994,0.299756708006,0.147200772201,9.38787154429,1.03378347363,0.545205920206,8.03941118069,0.885292302635,0.46879021879,0.6611454793,0.380408634556,2,1.73798757242,0.6611454793,2,0.347226101449,0.365947242206,763,0.0981981981982,0.562524248227,37,37,37,1,0,0.405405405405,0.540540540541,0.0540540540541,-6,-0.0045045045045,0.0126987543071,-0.324324324324,-0.272727272727,-0.171428571429,0.076519784611,0.00939811772907,0.00455812955813,-0.120619998082,0.00508702021261,0.000714059924586,-0.0139021657487,0.0140274084301,0.00695996748628,0.0205459089744,0.00910873183835,0,0.0126987543071,0.0205459089744,0,0.00315470720145,-0.0106217954507,-47,-0.00604890604891,-0.00705258012261,0,0,0,336,0,6,990,0.982456140351,1,0,0.0175438596491,1,0.982456140351,0.991150442478,0.988199235917,0.982456140351,0.982456140351,29,35,0,0,0,0
3695,WLNM_dir_neg,0.984693877551,0.716664062341,00:00:05,10,90,11,1241281846,threshold_sweep,0.5,1,0.828571428571,0.90625,29,0,6,70,0.828571428571,1,0,0.171428571429,1,0.828571428571,0.90625,0.942857142857,0.574603174603,0.865671641791,0.873589088037,0.828571428571,342,307,35,0,342,0,307,0,35,37,342,0.256756756757,1.72528881811,18.4864864865,15.5454545455,9.77142857143,5.36771015539,0.290358590277,0.142642642643,9.50849154237,1.02869645341,0.544491860281,8.05331334643,0.871264894205,0.461830251304,0.640599570326,0.371299902718,2,1.72528881811,0.640599570326,2,0.344071394247,0.376569037657,810,0.104247104247,0.56957682835,37,37,37,1,0,0.405405405405,0.540540540541,0.0540540540541,37,0.23048048048,1.7474913755,16.5945945946,13.9545454545,8.77142857143,4.86746260306,0.293316150347,0.141033541685,8.49138408056,1.02339156671,0.532793379699,7.24133530068,0.872734221907,0.468527159081,0.670526835848,0.383708237562,2,1.7474913755,0.670526835848,2,0.31717496409,0.326313755796,563,0.0724581724582,0.478318349961,37,37,37,1,0,0.405405405405,0.540540540541,0.0540540540541,37,336,0.252252252252,1.73798757242,18.1621621622,15.2727272727,9.6,5.44422994,0.299756708006,0.147200772201,9.38787154429,1.03378347363,0.545205920206,8.03941118069,0.885292302635,0.46879021879,0.6611454793,0.380408634556,2,1.73798757242,0.6611454793,2,0.347226101449,0.365947242206,763,0.0981981981982,0.562524248227,37,37,37,1,0,0.405405405405,0.540540540541,0.0540540540541,-6,-0.0045045045045,0.0126987543071,-0.324324324324,-0.272727272727,-0.171428571429,0.076519784611,0.00939811772907,0.00455812955813,-0.120619998082,0.00508702021261,0.000714059924586,-0.0139021657487,0.0140274084301,0.00695996748628,0.0205459089744,0.00910873183835,0,0.0126987543071,0.0205459089744,0,0.00315470720145,-0.0106217954507,-47,-0.00604890604891,-0.00705258012261,0,0,0,336,0,6,990,0.982456140351,1,0,0.0175438596491,1,0.982456140351,0.991150442478,0.988199235917,0.982456140351,0.982456140351,29,35,0,0,0,0
3696,WLNM_dir_neg,0.984693877551,0.716664062341,00:00:05,10,90,11,1241281846,threshold_sweep,0.6,1,0.828571428571,0.90625,29,0,6,70,0.828571428571,1,0,0.171428571429,1,0.828571428571,0.90625,0.942857142857,0.574603174603,0.865671641791,0.873589088037,0.828571428571,342,307,35,0,342,0,307,0,35,37,342,0.256756756757,1.72528881811,18.4864864865,15.5454545455,9.77142857143,5.36771015539,0.290358590277,0.142642642643,9.50849154237,1.02869645341,0.544491860281,8.05331334643,0.871264894205,0.461830251304,0.640599570326,0.371299902718,2,1.72528881811,0.640599570326,2,0.344071394247,0.376569037657,810,0.104247104247,0.56957682835,37,37,37,1,0,0.405405405405,0.540540540541,0.0540540540541,37,0.23048048048,1.7474913755,16.5945945946,13.9545454545,8.77142857143,4.86746260306,0.293316150347,0.141033541685,8.49138408056,1.02339156671,0.532793379699,7.24133530068,0.872734221907,0.468527159081,0.670526835848,0.383708237562,2,1.7474913755,0.670526835848,2,0.31717496409,0.326313755796,563,0.0724581724582,0.478318349961,37,37,37,1,0,0.405405405405,0.540540540541,0.0540540540541,37,336,0.252252252252,1.73798757242,18.1621621622,15.2727272727,9.6,5.44422994,0.299756708006,0.147200772201,9.38787154429,1.03378347363,0.545205920206,8.03941118069,0.885292302635,0.46879021879,0.6611454793,0.380408634556,2,1.73798757242,0.6611454793,2,0.347226101449,0.365947242206,763,0.0981981981982,0.562524248227,37,37,37,1,0,0.405405405405,0.540540540541,0.0540540540541,-6,-0.0045045045045,0.0126987543071,-0.324324324324,-0.272727272727,-0.171428571429,0.076519784611,0.00939811772907,0.00455812955813,-0.120619998082,0.00508702021261,0.000714059924586,-0.0139021657487,0.0140274084301,0.00695996748628,0.0205459089744,0.00910873183835,0,0.0126987543071,0.0205459089744,0,0.00315470720145,-0.0106217954507,-47,-0.00604890604891,-0.00705258012261,0,0,0,336,0,6,990,0.982456140351,1,0,0.0175438596491,1,0.982456140351,0.991150442478,0.988199235917,0.982456140351,0.982456140351,29,35,0,0,0,0
3697,WLNM_dir_neg,0.984693877551,0.716664062341,00:00:05,10,90,11,1241281846,threshold_sweep,0.7,1,0.828571428571,0.90625,29,0,6,70,0.828571428571,1,0,0.171428571429,1,0.828571428571,0.90625,0.942857142857,0.574603174603,0.865671641791,0.873589088037,0.828571428571,342,307,35,0,342,0,307,0,35,37,342,0.256756756757,1.72528881811,18.4864864865,15.5454545455,9.77142857143,5.36771015539,0.290358590277,0.142642642643,9.50849154237,1.02869645341,0.544491860281,8.05331334643,0.871264894205,0.461830251304,0.640599570326,0.371299902718,2,1.72528881811,0.640599570326,2,0.344071394247,0.376569037657,810,0.104247104247,0.56957682835,37,37,37,1,0,0.405405405405,0.540540540541,0.0540540540541,37,0.23048048048,1.7474913755,16.5945945946,13.9545454545,8.77142857143,4.86746260306,0.293316150347,0.141033541685,8.49138408056,1.02339156671,0.532793379699,7.24133530068,0.872734221907,0.468527159081,0.670526835848,0.383708237562,2,1.7474913755,0.670526835848,2,0.31717496409,0.326313755796,563,0.0724581724582,0.478318349961,37,37,37,1,0,0.405405405405,0.540540540541,0.0540540540541,37,336,0.252252252252,1.73798757242,18.1621621622,15.2727272727,9.6,5.44422994,0.299756708006,0.147200772201,9.38787154429,1.03378347363,0.545205920206,8.03941118069,0.885292302635,0.46879021879,0.6611454793,0.380408634556,2,1.73798757242,0.6611454793,2,0.347226101449,0.365947242206,763,0.0981981981982,0.562524248227,37,37,37,1,0,0.405405405405,0.540540540541,0.0540540540541,-6,-0.0045045045045,0.0126987543071,-0.324324324324,-0.272727272727,-0.171428571429,0.076519784611,0.00939811772907,0.00455812955813,-0.120619998082,0.00508702021261,0.000714059924586,-0.0139021657487,0.0140274084301,0.00695996748628,0.0205459089744,0.00910873183835,0,0.0126987543071,0.0205459089744,0,0.00315470720145,-0.0106217954507,-47,-0.00604890604891,-0.00705258012261,0,0,0,336,0,6,990,0.982456140351,1,0,0.0175438596491,1,0.982456140351,0.991150442478,0.988199235917,0.982456140351,0.982456140351,29,35,0,0,0,0
3698,WLNM_dir_neg,0.984693877551,0.716664062341,00:00:05,10,90,11,1241281846,threshold_sweep,0.8,1,0.828571428571,0.90625,29,0,6,70,0.828571428571,1,0,0.171428571429,1,0.828571428571,0.90625,0.942857142857,0.574603174603,0.865671641791,0.873589088037,0.828571428571,342,307,35,0,342,0,307,0,35,37,342,0.256756756757,1.72528881811,18.4864864865,15.5454545455,9.77142857143,5.36771015539,0.290358590277,0.142642642643,9.50849154237,1.02869645341,0.544491860281,8.05331334643,0.871264894205,0.461830251304,0.640599570326,0.371299902718,2,1.72528881811,0.640599570326,2,0.344071394247,0.376569037657,810,0.104247104247,0.56957682835,37,37,37,1,0,0.405405405405,0.540540540541,0.0540540540541,37,0.23048048048,1.7474913755,16.5945945946,13.9545454545,8.77142857143,4.86746260306,0.293316150347,0.141033541685,8.49138408056,1.02339156671,0.532793379699,7.24133530068,0.872734221907,0.468527159081,0.670526835848,0.383708237562,2,1.7474913755,0.670526835848,2,0.31717496409,0.326313755796,563,0.0724581724582,0.478318349961,37,37,37,1,0,0.405405405405,0.540540540541,0.0540540540541,37,336,0.252252252252,1.73798757242,18.1621621622,15.2727272727,9.6,5.44422994,0.299756708006,0.147200772201,9.38787154429,1.03378347363,0.545205920206,8.03941118069,0.885292302635,0.46879021879,0.6611454793,0.380408634556,2,1.73798757242,0.6611454793,2,0.347226101449,0.365947242206,763,0.0981981981982,0.562524248227,37,37,37,1,0,0.405405405405,0.540540540541,0.0540540540541,-6,-0.0045045045045,0.0126987543071,-0.324324324324,-0.272727272727,-0.171428571429,0.076519784611,0.00939811772907,0.00455812955813,-0.120619998082,0.00508702021261,0.000714059924586,-0.0139021657487,0.0140274084301,0.00695996748628,0.0205459089744,0.00910873183835,0,0.0126987543071,0.0205459089744,0,0.00315470720145,-0.0106217954507,-47,-0.00604890604891,-0.00705258012261,0,0,0,336,0,6,990,0.982456140351,1,0,0.0175438596491,1,0.982456140351,0.991150442478,0.988199235917,0.982456140351,0.982456140351,29,35,0,0,0,0
3699,WLNM_dir_neg,0.984693877551,0.716664062341,00:00:05,10,90,11,1241281846,threshold_sweep,0.9,1,0.828571428571,0.90625,29,0,6,70,0.828571428571,1,0,0.171428571429,1,0.828571428571,0.90625,0.942857142857,0.574603174603,0.865671641791,0.873589088037,0.828571428571,342,307,35,0,342,0,307,0,35,37,342,0.256756756757,1.72528881811,18.4864864865,15.5454545455,9.77142857143,5.36771015539,0.290358590277,0.142642642643,9.50849154237,1.02869645341,0.544491860281,8.05331334643,0.871264894205,0.461830251304,0.640599570326,0.371299902718,2,1.72528881811,0.640599570326,2,0.344071394247,0.376569037657,810,0.104247104247,0.56957682835,37,37,37,1,0,0.405405405405,0.540540540541,0.0540540540541,37,0.23048048048,1.7474913755,16.5945945946,13.9545454545,8.77142857143,4.86746260306,0.293316150347,0.141033541685,8.49138408056,1.02339156671,0.532793379699,7.24133530068,0.872734221907,0.468527159081,0.670526835848,0.383708237562,2,1.7474913755,0.670526835848,2,0.31717496409,0.326313755796,563,0.0724581724582,0.478318349961,37,37,37,1,0,0.405405405405,0.540540540541,0.0540540540541,37,336,0.252252252252,1.73798757242,18.1621621622,15.2727272727,9.6,5.44422994,0.299756708006,0.147200772201,9.38787154429,1.03378347363,0.545205920206,8.03941118069,0.885292302635,0.46879021879,0.6611454793,0.380408634556,2,1.73798757242,0.6611454793,2,0.347226101449,0.365947242206,763,0.0981981981982,0.562524248227,37,37,37,1,0,0.405405405405,0.540540540541,0.0540540540541,-6,-0.0045045045045,0.0126987543071,-0.324324324324,-0.272727272727,-0.171428571429,0.076519784611,0.00939811772907,0.00455812955813,-0.120619998082,0.00508702021261,0.000714059924586,-0.0139021657487,0.0140274084301,0.00695996748628,0.0205459089744,0.00910873183835,0,0.0126987543071,0.0205459089744,0,0.00315470720145,-0.0106217954507,-47,-0.00604890604891,-0.00705258012261,0,0,0,336,0,6,990,0.982456140351,1,0,0.0175438596491,1,0.982456140351,0.991150442478,0.988199235917,0.982456140351,0.982456140351,29,35,0,0,0,0
3700,WLNM_dir_neg,0.989387755102,0.87343481655,00:00:05,10,90,12,1241281847,threshold_sweep,0.1,1,0.885714285714,0.939393939394,31,0,4,70,0.885714285714,1,0,0.114285714286,1,0.885714285714,0.939393939394,0.961904761905,0.568253968254,0.911764705882,0.915334822804,0.885714285714,342,307,35,0,342,0,307,0,35,37,342,0.256756756757,1.72528881811,18.4864864865,15.5454545455,9.77142857143,5.36771015539,0.290358590277,0.142642642643,9.50849154237,1.02869645341,0.544491860281,8.05331334643,0.871264894205,0.461830251304,0.640599570326,0.371299902718,2,1.72528881811,0.640599570326,2,0.344071394247,0.376569037657,810,0.104247104247,0.56957682835,37,37,37,1,0,0.405405405405,0.540540540541,0.0540540540541,37,0.23048048048,1.73475211832,16.5945945946,13.9545454545,8.77142857143,4.53051051489,0.273011219953,0.137952284532,8.27601912108,0.997435529251,0.526102649881,7.17969693288,0.86530549354,0.468351087244,0.652571760943,0.376175797137,2,1.73475211832,0.652571760943,2,0.290995255314,0.311254396249,531,0.0683397683398,0.478992581877,37,37,37,1,0,0.405405405405,0.540540540541,0.0540540540541,37,338,0.253753753754,1.7242142041,18.2702702703,15.3636363636,9.65714285714,5.36785001782,0.293802441804,0.14553014553,9.37538787986,1.02629985667,0.54309931233,8.04211885486,0.880350288845,0.467135774828,0.639910787409,0.371131838426,2,1.7242142041,0.639910787409,2,0.338623696405,0.372682617652,784,0.100900900901,0.566846810131,37,37,37,1,0,0.405405405405,0.540540540541,0.0540540540541,-4,-0.003003003003,-0.00107461401441,-0.216216216216,-0.181818181818,-0.114285714286,0.000139862427043,0.00344385152665,0.0028875028875,-0.133103662511,-0.00239659674332,-0.00139254795125,-0.0111944915754,0.00908539464062,0.00530552352415,-0.00068878291739,-0.00016806429137,0,-0.00107461401441,-0.00068878291739,0,-0.00544769784286,-0.00388642000518,-26,-0.0033462033462,-0.00273001821891,0,0,0,338,0,4,990,0.988304093567,1,0,0.0116959064327,1,0.988304093567,0.994117647059,0.992132559046,0.988304093567,0.988304093567,31,35,0,0,0,0
3701,WLNM_dir_neg,0.989387755102,0.87343481655,00:00:05,10,90,12,1241281847,threshold_sweep,0.2,1,0.885714285714,0.939393939394,31,0,4,70,0.885714285714,1,0,0.114285714286,1,0.885714285714,0.939393939394,0.961904761905,0.568253968254,0.911764705882,0.915334822804,0.885714285714,342,307,35,0,342,0,307,0,35,37,342,0.256756756757,1.72528881811,18.4864864865,15.5454545455,9.77142857143,5.36771015539,0.290358590277,0.142642642643,9.50849154237,1.02869645341,0.544491860281,8.05331334643,0.871264894205,0.461830251304,0.640599570326,0.371299902718,2,1.72528881811,0.640599570326,2,0.344071394247,0.376569037657,810,0.104247104247,0.56957682835,37,37,37,1,0,0.405405405405,0.540540540541,0.0540540540541,37,0.23048048048,1.73475211832,16.5945945946,13.9545454545,8.77142857143,4.53051051489,0.273011219953,0.137952284532,8.27601912108,0.997435529251,0.526102649881,7.17969693288,0.86530549354,0.468351087244,0.652571760943,0.376175797137,2,1.73475211832,0.652571760943,2,0.290995255314,0.311254396249,531,0.0683397683398,0.478992581877,37,37,37,1,0,0.405405405405,0.540540540541,0.0540540540541,37,338,0.253753753754,1.7242142041,18.2702702703,15.3636363636,9.65714285714,5.36785001782,0.293802441804,0.14553014553,9.37538787986,1.02629985667,0.54309931233,8.04211885486,0.880350288845,0.467135774828,0.639910787409,0.371131838426,2,1.7242142041,0.639910787409,2,0.338623696405,0.372682617652,784,0.100900900901,0.566846810131,37,37,37,1,0,0.405405405405,0.540540540541,0.0540540540541,-4,-0.003003003003,-0.00107461401441,-0.216216216216,-0.181818181818,-0.114285714286,0.000139862427043,0.00344385152665,0.0028875028875,-0.133103662511,-0.00239659674332,-0.00139254795125,-0.0111944915754,0.00908539464062,0.00530552352415,-0.00068878291739,-0.00016806429137,0,-0.00107461401441,-0.00068878291739,0,-0.00544769784286,-0.00388642000518,-26,-0.0033462033462,-0.00273001821891,0,0,0,338,0,4,990,0.988304093567,1,0,0.0116959064327,1,0.988304093567,0.994117647059,0.992132559046,0.988304093567,0.988304093567,31,35,0,0,0,0
3702,WLNM_dir_neg,0.989387755102,0.87343481655,00:00:05,10,90,12,1241281847,threshold_sweep,0.3,1,0.885714285714,0.939393939394,31,0,4,70,0.885714285714,1,0,0.114285714286,1,0.885714285714,0.939393939394,0.961904761905,0.568253968254,0.911764705882,0.915334822804,0.885714285714,342,307,35,0,342,0,307,0,35,37,342,0.256756756757,1.72528881811,18.4864864865,15.5454545455,9.77142857143,5.36771015539,0.290358590277,0.142642642643,9.50849154237,1.02869645341,0.544491860281,8.05331334643,0.871264894205,0.461830251304,0.640599570326,0.371299902718,2,1.72528881811,0.640599570326,2,0.344071394247,0.376569037657,810,0.104247104247,0.56957682835,37,37,37,1,0,0.405405405405,0.540540540541,0.0540540540541,37,0.23048048048,1.73475211832,16.5945945946,13.9545454545,8.77142857143,4.53051051489,0.273011219953,0.137952284532,8.27601912108,0.997435529251,0.526102649881,7.17969693288,0.86530549354,0.468351087244,0.652571760943,0.376175797137,2,1.73475211832,0.652571760943,2,0.290995255314,0.311254396249,531,0.0683397683398,0.478992581877,37,37,37,1,0,0.405405405405,0.540540540541,0.0540540540541,37,338,0.253753753754,1.7242142041,18.2702702703,15.3636363636,9.65714285714,5.36785001782,0.293802441804,0.14553014553,9.37538787986,1.02629985667,0.54309931233,8.04211885486,0.880350288845,0.467135774828,0.639910787409,0.371131838426,2,1.7242142041,0.639910787409,2,0.338623696405,0.372682617652,784,0.100900900901,0.566846810131,37,37,37,1,0,0.405405405405,0.540540540541,0.0540540540541,-4,-0.003003003003,-0.00107461401441,-0.216216216216,-0.181818181818,-0.114285714286,0.000139862427043,0.00344385152665,0.0028875028875,-0.133103662511,-0.00239659674332,-0.00139254795125,-0.0111944915754,0.00908539464062,0.00530552352415,-0.00068878291739,-0.00016806429137,0,-0.00107461401441,-0.00068878291739,0,-0.00544769784286,-0.00388642000518,-26,-0.0033462033462,-0.00273001821891,0,0,0,338,0,4,990,0.988304093567,1,0,0.0116959064327,1,0.988304093567,0.994117647059,0.992132559046,0.988304093567,0.988304093567,31,35,0,0,0,0
3703,WLNM_dir_neg,0.989387755102,0.87343481655,00:00:05,10,90,12,1241281847,threshold_sweep,0.4,1,0.885714285714,0.939393939394,31,0,4,70,0.885714285714,1,0,0.114285714286,1,0.885714285714,0.939393939394,0.961904761905,0.568253968254,0.911764705882,0.915334822804,0.885714285714,342,307,35,0,342,0,307,0,35,37,342,0.256756756757,1.72528881811,18.4864864865,15.5454545455,9.77142857143,5.36771015539,0.290358590277,0.142642642643,9.50849154237,1.02869645341,0.544491860281,8.05331334643,0.871264894205,0.461830251304,0.640599570326,0.371299902718,2,1.72528881811,0.640599570326,2,0.344071394247,0.376569037657,810,0.104247104247,0.56957682835,37,37,37,1,0,0.405405405405,0.540540540541,0.0540540540541,37,0.23048048048,1.73475211832,16.5945945946,13.9545454545,8.77142857143,4.53051051489,0.273011219953,0.137952284532,8.27601912108,0.997435529251,0.526102649881,7.17969693288,0.86530549354,0.468351087244,0.652571760943,0.376175797137,2,1.73475211832,0.652571760943,2,0.290995255314,0.311254396249,531,0.0683397683398,0.478992581877,37,37,37,1,0,0.405405405405,0.540540540541,0.0540540540541,37,338,0.253753753754,1.7242142041,18.2702702703,15.3636363636,9.65714285714,5.36785001782,0.293802441804,0.14553014553,9.37538787986,1.02629985667,0.54309931233,8.04211885486,0.880350288845,0.467135774828,0.639910787409,0.371131838426,2,1.7242142041,0.639910787409,2,0.338623696405,0.372682617652,784,0.100900900901,0.566846810131,37,37,37,1,0,0.405405405405,0.540540540541,0.0540540540541,-4,-0.003003003003,-0.00107461401441,-0.216216216216,-0.181818181818,-0.114285714286,0.000139862427043,0.00344385152665,0.0028875028875,-0.133103662511,-0.00239659674332,-0.00139254795125,-0.0111944915754,0.00908539464062,0.00530552352415,-0.00068878291739,-0.00016806429137,0,-0.00107461401441,-0.00068878291739,0,-0.00544769784286,-0.00388642000518,-26,-0.0033462033462,-0.00273001821891,0,0,0,338,0,4,990,0.988304093567,1,0,0.0116959064327,1,0.988304093567,0.994117647059,0.992132559046,0.988304093567,0.988304093567,31,35,0,0,0,0
3704,WLNM_dir_neg,0.989387755102,0.87343481655,00:00:05,10,90,12,1241281847,threshold_sweep,0.5,1,0.885714285714,0.939393939394,31,0,4,70,0.885714285714,1,0,0.114285714286,1,0.885714285714,0.939393939394,0.961904761905,0.568253968254,0.911764705882,0.915334822804,0.885714285714,342,307,35,0,342,0,307,0,35,37,342,0.256756756757,1.72528881811,18.4864864865,15.5454545455,9.77142857143,5.36771015539,0.290358590277,0.142642642643,9.50849154237,1.02869645341,0.544491860281,8.05331334643,0.871264894205,0.461830251304,0.640599570326,0.371299902718,2,1.72528881811,0.640599570326,2,0.344071394247,0.376569037657,810,0.104247104247,0.56957682835,37,37,37,1,0,0.405405405405,0.540540540541,0.0540540540541,37,0.23048048048,1.73475211832,16.5945945946,13.9545454545,8.77142857143,4.53051051489,0.273011219953,0.137952284532,8.27601912108,0.997435529251,0.526102649881,7.17969693288,0.86530549354,0.468351087244,0.652571760943,0.376175797137,2,1.73475211832,0.652571760943,2,0.290995255314,0.311254396249,531,0.0683397683398,0.478992581877,37,37,37,1,0,0.405405405405,0.540540540541,0.0540540540541,37,338,0.253753753754,1.7242142041,18.2702702703,15.3636363636,9.65714285714,5.36785001782,0.293802441804,0.14553014553,9.37538787986,1.02629985667,0.54309931233,8.04211885486,0.880350288845,0.467135774828,0.639910787409,0.371131838426,2,1.7242142041,0.639910787409,2,0.338623696405,0.372682617652,784,0.100900900901,0.566846810131,37,37,37,1,0,0.405405405405,0.540540540541,0.0540540540541,-4,-0.003003003003,-0.00107461401441,-0.216216216216,-0.181818181818,-0.114285714286,0.000139862427043,0.00344385152665,0.0028875028875,-0.133103662511,-0.00239659674332,-0.00139254795125,-0.0111944915754,0.00908539464062,0.00530552352415,-0.00068878291739,-0.00016806429137,0,-0.00107461401441,-0.00068878291739,0,-0.00544769784286,-0.00388642000518,-26,-0.0033462033462,-0.00273001821891,0,0,0,338,0,4,990,0.988304093567,1,0,0.0116959064327,1,0.988304093567,0.994117647059,0.992132559046,0.988304093567,0.988304093567,31,35,0,0,0,0
3705,WLNM_dir_neg,0.989387755102,0.87343481655,00:00:05,10,90,12,1241281847,threshold_sweep,0.6,1,0.885714285714,0.939393939394,31,0,4,70,0.885714285714,1,0,0.114285714286,1,0.885714285714,0.939393939394,0.961904761905,0.568253968254,0.911764705882,0.915334822804,0.885714285714,342,307,35,0,342,0,307,0,35,37,342,0.256756756757,1.72528881811,18.4864864865,15.5454545455,9.77142857143,5.36771015539,0.290358590277,0.142642642643,9.50849154237,1.02869645341,0.544491860281,8.05331334643,0.871264894205,0.461830251304,0.640599570326,0.371299902718,2,1.72528881811,0.640599570326,2,0.344071394247,0.376569037657,810,0.104247104247,0.56957682835,37,37,37,1,0,0.405405405405,0.540540540541,0.0540540540541,37,0.23048048048,1.73475211832,16.5945945946,13.9545454545,8.77142857143,4.53051051489,0.273011219953,0.137952284532,8.27601912108,0.997435529251,0.526102649881,7.17969693288,0.86530549354,0.468351087244,0.652571760943,0.376175797137,2,1.73475211832,0.652571760943,2,0.290995255314,0.311254396249,531,0.0683397683398,0.478992581877,37,37,37,1,0,0.405405405405,0.540540540541,0.0540540540541,37,338,0.253753753754,1.7242142041,18.2702702703,15.3636363636,9.65714285714,5.36785001782,0.293802441804,0.14553014553,9.37538787986,1.02629985667,0.54309931233,8.04211885486,0.880350288845,0.467135774828,0.639910787409,0.371131838426,2,1.7242142041,0.639910787409,2,0.338623696405,0.372682617652,784,0.100900900901,0.566846810131,37,37,37,1,0,0.405405405405,0.540540540541,0.0540540540541,-4,-0.003003003003,-0.00107461401441,-0.216216216216,-0.181818181818,-0.114285714286,0.000139862427043,0.00344385152665,0.0028875028875,-0.133103662511,-0.00239659674332,-0.00139254795125,-0.0111944915754,0.00908539464062,0.00530552352415,-0.00068878291739,-0.00016806429137,0,-0.00107461401441,-0.00068878291739,0,-0.00544769784286,-0.00388642000518,-26,-0.0033462033462,-0.00273001821891,0,0,0,338,0,4,990,0.988304093567,1,0,0.0116959064327,1,0.988304093567,0.994117647059,0.992132559046,0.988304093567,0.988304093567,31,35,0,0,0,0
3706,WLNM_dir_neg,0.989387755102,0.87343481655,00:00:05,10,90,12,1241281847,threshold_sweep,0.7,1,0.885714285714,0.939393939394,31,0,4,70,0.885714285714,1,0,0.114285714286,1,0.885714285714,0.939393939394,0.961904761905,0.568253968254,0.911764705882,0.915334822804,0.885714285714,342,307,35,0,342,0,307,0,35,37,342,0.256756756757,1.72528881811,18.4864864865,15.5454545455,9.77142857143,5.36771015539,0.290358590277,0.142642642643,9.50849154237,1.02869645341,0.544491860281,8.05331334643,0.871264894205,0.461830251304,0.640599570326,0.371299902718,2,1.72528881811,0.640599570326,2,0.344071394247,0.376569037657,810,0.104247104247,0.56957682835,37,37,37,1,0,0.405405405405,0.540540540541,0.0540540540541,37,0.23048048048,1.73475211832,16.5945945946,13.9545454545,8.77142857143,4.53051051489,0.273011219953,0.137952284532,8.27601912108,0.997435529251,0.526102649881,7.17969693288,0.86530549354,0.468351087244,0.652571760943,0.376175797137,2,1.73475211832,0.652571760943,2,0.290995255314,0.311254396249,531,0.0683397683398,0.478992581877,37,37,37,1,0,0.405405405405,0.540540540541,0.0540540540541,37,338,0.253753753754,1.7242142041,18.2702702703,15.3636363636,9.65714285714,5.36785001782,0.293802441804,0.14553014553,9.37538787986,1.02629985667,0.54309931233,8.04211885486,0.880350288845,0.467135774828,0.639910787409,0.371131838426,2,1.7242142041,0.639910787409,2,0.338623696405,0.372682617652,784,0.100900900901,0.566846810131,37,37,37,1,0,0.405405405405,0.540540540541,0.0540540540541,-4,-0.003003003003,-0.00107461401441,-0.216216216216,-0.181818181818,-0.114285714286,0.000139862427043,0.00344385152665,0.0028875028875,-0.133103662511,-0.00239659674332,-0.00139254795125,-0.0111944915754,0.00908539464062,0.00530552352415,-0.00068878291739,-0.00016806429137,0,-0.00107461401441,-0.00068878291739,0,-0.00544769784286,-0.00388642000518,-26,-0.0033462033462,-0.00273001821891,0,0,0,338,0,4,990,0.988304093567,1,0,0.0116959064327,1,0.988304093567,0.994117647059,0.992132559046,0.988304093567,0.988304093567,31,35,0,0,0,0
3707,WLNM_dir_neg,0.989387755102,0.87343481655,00:00:05,10,90,12,1241281847,threshold_sweep,0.8,1,0.885714285714,0.939393939394,31,0,4,70,0.885714285714,1,0,0.114285714286,1,0.885714285714,0.939393939394,0.961904761905,0.568253968254,0.911764705882,0.915334822804,0.885714285714,342,307,35,0,342,0,307,0,35,37,342,0.256756756757,1.72528881811,18.4864864865,15.5454545455,9.77142857143,5.36771015539,0.290358590277,0.142642642643,9.50849154237,1.02869645341,0.544491860281,8.05331334643,0.871264894205,0.461830251304,0.640599570326,0.371299902718,2,1.72528881811,0.640599570326,2,0.344071394247,0.376569037657,810,0.104247104247,0.56957682835,37,37,37,1,0,0.405405405405,0.540540540541,0.0540540540541,37,0.23048048048,1.73475211832,16.5945945946,13.9545454545,8.77142857143,4.53051051489,0.273011219953,0.137952284532,8.27601912108,0.997435529251,0.526102649881,7.17969693288,0.86530549354,0.468351087244,0.652571760943,0.376175797137,2,1.73475211832,0.652571760943,2,0.290995255314,0.311254396249,531,0.0683397683398,0.478992581877,37,37,37,1,0,0.405405405405,0.540540540541,0.0540540540541,37,338,0.253753753754,1.7242142041,18.2702702703,15.3636363636,9.65714285714,5.36785001782,0.293802441804,0.14553014553,9.37538787986,1.02629985667,0.54309931233,8.04211885486,0.880350288845,0.467135774828,0.639910787409,0.371131838426,2,1.7242142041,0.639910787409,2,0.338623696405,0.372682617652,784,0.100900900901,0.566846810131,37,37,37,1,0,0.405405405405,0.540540540541,0.0540540540541,-4,-0.003003003003,-0.00107461401441,-0.216216216216,-0.181818181818,-0.114285714286,0.000139862427043,0.00344385152665,0.0028875028875,-0.133103662511,-0.00239659674332,-0.00139254795125,-0.0111944915754,0.00908539464062,0.00530552352415,-0.00068878291739,-0.00016806429137,0,-0.00107461401441,-0.00068878291739,0,-0.00544769784286,-0.00388642000518,-26,-0.0033462033462,-0.00273001821891,0,0,0,338,0,4,990,0.988304093567,1,0,0.0116959064327,1,0.988304093567,0.994117647059,0.992132559046,0.988304093567,0.988304093567,31,35,0,0,0,0
3708,WLNM_dir_neg,0.989387755102,0.87343481655,00:00:05,10,90,12,1241281847,threshold_sweep,0.9,1,0.885714285714,0.939393939394,31,0,4,70,0.885714285714,1,0,0.114285714286,1,0.885714285714,0.939393939394,0.961904761905,0.568253968254,0.911764705882,0.915334822804,0.885714285714,342,307,35,0,342,0,307,0,35,37,342,0.256756756757,1.72528881811,18.4864864865,15.5454545455,9.77142857143,5.36771015539,0.290358590277,0.142642642643,9.50849154237,1.02869645341,0.544491860281,8.05331334643,0.871264894205,0.461830251304,0.640599570326,0.371299902718,2,1.72528881811,0.640599570326,2,0.344071394247,0.376569037657,810,0.104247104247,0.56957682835,37,37,37,1,0,0.405405405405,0.540540540541,0.0540540540541,37,0.23048048048,1.73475211832,16.5945945946,13.9545454545,8.77142857143,4.53051051489,0.273011219953,0.137952284532,8.27601912108,0.997435529251,0.526102649881,7.17969693288,0.86530549354,0.468351087244,0.652571760943,0.376175797137,2,1.73475211832,0.652571760943,2,0.290995255314,0.311254396249,531,0.0683397683398,0.478992581877,37,37,37,1,0,0.405405405405,0.540540540541,0.0540540540541,37,338,0.253753753754,1.7242142041,18.2702702703,15.3636363636,9.65714285714,5.36785001782,0.293802441804,0.14553014553,9.37538787986,1.02629985667,0.54309931233,8.04211885486,0.880350288845,0.467135774828,0.639910787409,0.371131838426,2,1.7242142041,0.639910787409,2,0.338623696405,0.372682617652,784,0.100900900901,0.566846810131,37,37,37,1,0,0.405405405405,0.540540540541,0.0540540540541,-4,-0.003003003003,-0.00107461401441,-0.216216216216,-0.181818181818,-0.114285714286,0.000139862427043,0.00344385152665,0.0028875028875,-0.133103662511,-0.00239659674332,-0.00139254795125,-0.0111944915754,0.00908539464062,0.00530552352415,-0.00068878291739,-0.00016806429137,0,-0.00107461401441,-0.00068878291739,0,-0.00544769784286,-0.00388642000518,-26,-0.0033462033462,-0.00273001821891,0,0,0,338,0,4,990,0.988304093567,1,0,0.0116959064327,1,0.988304093567,0.994117647059,0.992132559046,0.988304093567,0.988304093567,31,35,0,0,0,0
3709,WLNM_dir_neg,0.97387755102,0.819988582123,00:00:05,10,90,13,1241281848,threshold_sweep,0.1,1,0.742857142857,0.852459016393,26,0,9,70,0.742857142857,1,0,0.257142857143,1,0.742857142857,0.852459016393,0.914285714286,0.584126984127,0.793893129771,0.811312423239,0.742857142857,342,307,35,0,342,0,307,0,35,37,342,0.256756756757,1.72528881811,18.4864864865,15.5454545455,9.77142857143,5.36771015539,0.290358590277,0.142642642643,9.50849154237,1.02869645341,0.544491860281,8.05331334643,0.871264894205,0.461830251304,0.640599570326,0.371299902718,2,1.72528881811,0.640599570326,2,0.344071394247,0.376569037657,810,0.104247104247,0.56957682835,37,37,37,1,0,0.405405405405,0.540540540541,0.0540540540541,37,0.23048048048,1.7317471985,16.5945945946,13.9545454545,8.77142857143,4.81005578311,0.289856781718,0.144290870675,8.48811216043,1.02299723106,0.539660181354,7.29103279098,0.878723821714,0.472576811339,0.646695947402,0.373435538375,2,1.7317471985,0.646695947402,2,0.301524087701,0.317408123791,547,0.070398970399,0.482468050725,37,37,37,1,0,0.405405405405,0.540540540541,0.0540540540541,37,333,0.25,1.7212001475,18,15.1363636364,9.51428571429,5.19615242271,0.288675134595,0.141871601331,9.21954445729,1.02439382859,0.540053567081,8.02772971919,0.891969968799,0.472201931661,0.635638533799,0.369299604536,2,1.7212001475,0.635638533799,2,0.325244512159,0.352334152334,717,0.092277992278,0.562004184668,37,37,37,1,0,0.405405405405,0.540540540541,0.0540540540541,-9,-0.00675675675676,-0.00408867061248,-0.486486486486,-0.409090909091,-0.257142857143,-0.171557732687,-0.00168345568231,-0.000771041311582,-0.288947085082,-0.00430262482671,-0.00443829320074,-0.0255836272394,0.0207050745946,0.0103716803575,-0.00496103652662,-0.00200029818203,0,-0.00408867061248,-0.00496103652662,0,-0.0188268820882,-0.0242348853228,-93,-0.0119691119691,-0.00757264368187,0,0,0,333,0,9,990,0.973684210526,1,0,0.0263157894737,1,0.973684210526,0.986666666667,0.982299486258,0.973684210526,0.973684210526,26,35,0,0,0,0
3710,WLNM_dir_neg,0.97387755102,0.819988582123,00:00:05,10,90,13,1241281848,threshold_sweep,0.2,1,0.742857142857,0.852459016393,26,0,9,70,0.742857142857,1,0,0.257142857143,1,0.742857142857,0.852459016393,0.914285714286,0.584126984127,0.793893129771,0.811312423239,0.742857142857,342,307,35,0,342,0,307,0,35,37,342,0.256756756757,1.72528881811,18.4864864865,15.5454545455,9.77142857143,5.36771015539,0.290358590277,0.142642642643,9.50849154237,1.02869645341,0.544491860281,8.05331334643,0.871264894205,0.461830251304,0.640599570326,0.371299902718,2,1.72528881811,0.640599570326,2,0.344071394247,0.376569037657,810,0.104247104247,0.56957682835,37,37,37,1,0,0.405405405405,0.540540540541,0.0540540540541,37,0.23048048048,1.7317471985,16.5945945946,13.9545454545,8.77142857143,4.81005578311,0.289856781718,0.144290870675,8.48811216043,1.02299723106,0.539660181354,7.29103279098,0.878723821714,0.472576811339,0.646695947402,0.373435538375,2,1.7317471985,0.646695947402,2,0.301524087701,0.317408123791,547,0.070398970399,0.482468050725,37,37,37,1,0,0.405405405405,0.540540540541,0.0540540540541,37,333,0.25,1.7212001475,18,15.1363636364,9.51428571429,5.19615242271,0.288675134595,0.141871601331,9.21954445729,1.02439382859,0.540053567081,8.02772971919,0.891969968799,0.472201931661,0.635638533799,0.369299604536,2,1.7212001475,0.635638533799,2,0.325244512159,0.352334152334,717,0.092277992278,0.562004184668,37,37,37,1,0,0.405405405405,0.540540540541,0.0540540540541,-9,-0.00675675675676,-0.00408867061248,-0.486486486486,-0.409090909091,-0.257142857143,-0.171557732687,-0.00168345568231,-0.000771041311582,-0.288947085082,-0.00430262482671,-0.00443829320074,-0.0255836272394,0.0207050745946,0.0103716803575,-0.00496103652662,-0.00200029818203,0,-0.00408867061248,-0.00496103652662,0,-0.0188268820882,-0.0242348853228,-93,-0.0119691119691,-0.00757264368187,0,0,0,333,0,9,990,0.973684210526,1,0,0.0263157894737,1,0.973684210526,0.986666666667,0.982299486258,0.973684210526,0.973684210526,26,35,0,0,0,0
3711,WLNM_dir_neg,0.97387755102,0.819988582123,00:00:05,10,90,13,1241281848,threshold_sweep,0.3,1,0.742857142857,0.852459016393,26,0,9,70,0.742857142857,1,0,0.257142857143,1,0.742857142857,0.852459016393,0.914285714286,0.584126984127,0.793893129771,0.811312423239,0.742857142857,342,307,35,0,342,0,307,0,35,37,342,0.256756756757,1.72528881811,18.4864864865,15.5454545455,9.77142857143,5.36771015539,0.290358590277,0.142642642643,9.50849154237,1.02869645341,0.544491860281,8.05331334643,0.871264894205,0.461830251304,0.640599570326,0.371299902718,2,1.72528881811,0.640599570326,2,0.344071394247,0.376569037657,810,0.104247104247,0.56957682835,37,37,37,1,0,0.405405405405,0.540540540541,0.0540540540541,37,0.23048048048,1.7317471985,16.5945945946,13.9545454545,8.77142857143,4.81005578311,0.289856781718,0.144290870675,8.48811216043,1.02299723106,0.539660181354,7.29103279098,0.878723821714,0.472576811339,0.646695947402,0.373435538375,2,1.7317471985,0.646695947402,2,0.301524087701,0.317408123791,547,0.070398970399,0.482468050725,37,37,37,1,0,0.405405405405,0.540540540541,0.0540540540541,37,333,0.25,1.7212001475,18,15.1363636364,9.51428571429,5.19615242271,0.288675134595,0.141871601331,9.21954445729,1.02439382859,0.540053567081,8.02772971919,0.891969968799,0.472201931661,0.635638533799,0.369299604536,2,1.7212001475,0.635638533799,2,0.325244512159,0.352334152334,717,0.092277992278,0.562004184668,37,37,37,1,0,0.405405405405,0.540540540541,0.0540540540541,-9,-0.00675675675676,-0.00408867061248,-0.486486486486,-0.409090909091,-0.257142857143,-0.171557732687,-0.00168345568231,-0.000771041311582,-0.288947085082,-0.00430262482671,-0.00443829320074,-0.0255836272394,0.0207050745946,0.0103716803575,-0.00496103652662,-0.00200029818203,0,-0.00408867061248,-0.00496103652662,0,-0.0188268820882,-0.0242348853228,-93,-0.0119691119691,-0.00757264368187,0,0,0,333,0,9,990,0.973684210526,1,0,0.0263157894737,1,0.973684210526,0.986666666667,0.982299486258,0.973684210526,0.973684210526,26,35,0,0,0,0
3712,WLNM_dir_neg,0.97387755102,0.819988582123,00:00:05,10,90,13,1241281848,threshold_sweep,0.4,1,0.742857142857,0.852459016393,26,0,9,70,0.742857142857,1,0,0.257142857143,1,0.742857142857,0.852459016393,0.914285714286,0.584126984127,0.793893129771,0.811312423239,0.742857142857,342,307,35,0,342,0,307,0,35,37,342,0.256756756757,1.72528881811,18.4864864865,15.5454545455,9.77142857143,5.36771015539,0.290358590277,0.142642642643,9.50849154237,1.02869645341,0.544491860281,8.05331334643,0.871264894205,0.461830251304,0.640599570326,0.371299902718,2,1.72528881811,0.640599570326,2,0.344071394247,0.376569037657,810,0.104247104247,0.56957682835,37,37,37,1,0,0.405405405405,0.540540540541,0.0540540540541,37,0.23048048048,1.7317471985,16.5945945946,13.9545454545,8.77142857143,4.81005578311,0.289856781718,0.144290870675,8.48811216043,1.02299723106,0.539660181354,7.29103279098,0.878723821714,0.472576811339,0.646695947402,0.373435538375,2,1.7317471985,0.646695947402,2,0.301524087701,0.317408123791,547,0.070398970399,0.482468050725,37,37,37,1,0,0.405405405405,0.540540540541,0.0540540540541,37,333,0.25,1.7212001475,18,15.1363636364,9.51428571429,5.19615242271,0.288675134595,0.141871601331,9.21954445729,1.02439382859,0.540053567081,8.02772971919,0.891969968799,0.472201931661,0.635638533799,0.369299604536,2,1.7212001475,0.635638533799,2,0.325244512159,0.352334152334,717,0.092277992278,0.562004184668,37,37,37,1,0,0.405405405405,0.540540540541,0.0540540540541,-9,-0.00675675675676,-0.00408867061248,-0.486486486486,-0.409090909091,-0.257142857143,-0.171557732687,-0.00168345568231,-0.000771041311582,-0.288947085082,-0.00430262482671,-0.00443829320074,-0.0255836272394,0.0207050745946,0.0103716803575,-0.00496103652662,-0.00200029818203,0,-0.00408867061248,-0.00496103652662,0,-0.0188268820882,-0.0242348853228,-93,-0.0119691119691,-0.00757264368187,0,0,0,333,0,9,990,0.973684210526,1,0,0.0263157894737,1,0.973684210526,0.986666666667,0.982299486258,0.973684210526,0.973684210526,26,35,0,0,0,0
3713,WLNM_dir_neg,0.97387755102,0.819988582123,00:00:05,10,90,13,1241281848,threshold_sweep,0.5,1,0.742857142857,0.852459016393,26,0,9,70,0.742857142857,1,0,0.257142857143,1,0.742857142857,0.852459016393,0.914285714286,0.584126984127,0.793893129771,0.811312423239,0.742857142857,342,307,35,0,342,0,307,0,35,37,342,0.256756756757,1.72528881811,18.4864864865,15.5454545455,9.77142857143,5.36771015539,0.290358590277,0.142642642643,9.50849154237,1.02869645341,0.544491860281,8.05331334643,0.871264894205,0.461830251304,0.640599570326,0.371299902718,2,1.72528881811,0.640599570326,2,0.344071394247,0.376569037657,810,0.104247104247,0.56957682835,37,37,37,1,0,0.405405405405,0.540540540541,0.0540540540541,37,0.23048048048,1.7317471985,16.5945945946,13.9545454545,8.77142857143,4.81005578311,0.289856781718,0.144290870675,8.48811216043,1.02299723106,0.539660181354,7.29103279098,0.878723821714,0.472576811339,0.646695947402,0.373435538375,2,1.7317471985,0.646695947402,2,0.301524087701,0.317408123791,547,0.070398970399,0.482468050725,37,37,37,1,0,0.405405405405,0.540540540541,0.0540540540541,37,333,0.25,1.7212001475,18,15.1363636364,9.51428571429,5.19615242271,0.288675134595,0.141871601331,9.21954445729,1.02439382859,0.540053567081,8.02772971919,0.891969968799,0.472201931661,0.635638533799,0.369299604536,2,1.7212001475,0.635638533799,2,0.325244512159,0.352334152334,717,0.092277992278,0.562004184668,37,37,37,1,0,0.405405405405,0.540540540541,0.0540540540541,-9,-0.00675675675676,-0.00408867061248,-0.486486486486,-0.409090909091,-0.257142857143,-0.171557732687,-0.00168345568231,-0.000771041311582,-0.288947085082,-0.00430262482671,-0.00443829320074,-0.0255836272394,0.0207050745946,0.0103716803575,-0.00496103652662,-0.00200029818203,0,-0.00408867061248,-0.00496103652662,0,-0.0188268820882,-0.0242348853228,-93,-0.0119691119691,-0.00757264368187,0,0,0,333,0,9,990,0.973684210526,1,0,0.0263157894737,1,0.973684210526,0.986666666667,0.982299486258,0.973684210526,0.973684210526,26,35,0,0,0,0
3714,WLNM_dir_neg,0.97387755102,0.819988582123,00:00:05,10,90,13,1241281848,threshold_sweep,0.6,1,0.742857142857,0.852459016393,26,0,9,70,0.742857142857,1,0,0.257142857143,1,0.742857142857,0.852459016393,0.914285714286,0.584126984127,0.793893129771,0.811312423239,0.742857142857,342,307,35,0,342,0,307,0,35,37,342,0.256756756757,1.72528881811,18.4864864865,15.5454545455,9.77142857143,5.36771015539,0.290358590277,0.142642642643,9.50849154237,1.02869645341,0.544491860281,8.05331334643,0.871264894205,0.461830251304,0.640599570326,0.371299902718,2,1.72528881811,0.640599570326,2,0.344071394247,0.376569037657,810,0.104247104247,0.56957682835,37,37,37,1,0,0.405405405405,0.540540540541,0.0540540540541,37,0.23048048048,1.7317471985,16.5945945946,13.9545454545,8.77142857143,4.81005578311,0.289856781718,0.144290870675,8.48811216043,1.02299723106,0.539660181354,7.29103279098,0.878723821714,0.472576811339,0.646695947402,0.373435538375,2,1.7317471985,0.646695947402,2,0.301524087701,0.317408123791,547,0.070398970399,0.482468050725,37,37,37,1,0,0.405405405405,0.540540540541,0.0540540540541,37,333,0.25,1.7212001475,18,15.1363636364,9.51428571429,5.19615242271,0.288675134595,0.141871601331,9.21954445729,1.02439382859,0.540053567081,8.02772971919,0.891969968799,0.472201931661,0.635638533799,0.369299604536,2,1.7212001475,0.635638533799,2,0.325244512159,0.352334152334,717,0.092277992278,0.562004184668,37,37,37,1,0,0.405405405405,0.540540540541,0.0540540540541,-9,-0.00675675675676,-0.00408867061248,-0.486486486486,-0.409090909091,-0.257142857143,-0.171557732687,-0.00168345568231,-0.000771041311582,-0.288947085082,-0.00430262482671,-0.00443829320074,-0.0255836272394,0.0207050745946,0.0103716803575,-0.00496103652662,-0.00200029818203,0,-0.00408867061248,-0.00496103652662,0,-0.0188268820882,-0.0242348853228,-93,-0.0119691119691,-0.00757264368187,0,0,0,333,0,9,990,0.973684210526,1,0,0.0263157894737,1,0.973684210526,0.986666666667,0.982299486258,0.973684210526,0.973684210526,26,35,0,0,0,0
3715,WLNM_dir_neg,0.97387755102,0.819988582123,00:00:05,10,90,13,1241281848,threshold_sweep,0.7,1,0.742857142857,0.852459016393,26,0,9,70,0.742857142857,1,0,0.257142857143,1,0.742857142857,0.852459016393,0.914285714286,0.584126984127,0.793893129771,0.811312423239,0.742857142857,342,307,35,0,342,0,307,0,35,37,342,0.256756756757,1.72528881811,18.4864864865,15.5454545455,9.77142857143,5.36771015539,0.290358590277,0.142642642643,9.50849154237,1.02869645341,0.544491860281,8.05331334643,0.871264894205,0.461830251304,0.640599570326,0.371299902718,2,1.72528881811,0.640599570326,2,0.344071394247,0.376569037657,810,0.104247104247,0.56957682835,37,37,37,1,0,0.405405405405,0.540540540541,0.0540540540541,37,0.23048048048,1.7317471985,16.5945945946,13.9545454545,8.77142857143,4.81005578311,0.289856781718,0.144290870675,8.48811216043,1.02299723106,0.539660181354,7.29103279098,0.878723821714,0.472576811339,0.646695947402,0.373435538375,2,1.7317471985,0.646695947402,2,0.301524087701,0.317408123791,547,0.070398970399,0.482468050725,37,37,37,1,0,0.405405405405,0.540540540541,0.0540540540541,37,333,0.25,1.7212001475,18,15.1363636364,9.51428571429,5.19615242271,0.288675134595,0.141871601331,9.21954445729,1.02439382859,0.540053567081,8.02772971919,0.891969968799,0.472201931661,0.635638533799,0.369299604536,2,1.7212001475,0.635638533799,2,0.325244512159,0.352334152334,717,0.092277992278,0.562004184668,37,37,37,1,0,0.405405405405,0.540540540541,0.0540540540541,-9,-0.00675675675676,-0.00408867061248,-0.486486486486,-0.409090909091,-0.257142857143,-0.171557732687,-0.00168345568231,-0.000771041311582,-0.288947085082,-0.00430262482671,-0.00443829320074,-0.0255836272394,0.0207050745946,0.0103716803575,-0.00496103652662,-0.00200029818203,0,-0.00408867061248,-0.00496103652662,0,-0.0188268820882,-0.0242348853228,-93,-0.0119691119691,-0.00757264368187,0,0,0,333,0,9,990,0.973684210526,1,0,0.0263157894737,1,0.973684210526,0.986666666667,0.982299486258,0.973684210526,0.973684210526,26,35,0,0,0,0
3716,WLNM_dir_neg,0.97387755102,0.819988582123,00:00:05,10,90,13,1241281848,threshold_sweep,0.8,1,0.742857142857,0.852459016393,26,0,9,70,0.742857142857,1,0,0.257142857143,1,0.742857142857,0.852459016393,0.914285714286,0.584126984127,0.793893129771,0.811312423239,0.742857142857,342,307,35,0,342,0,307,0,35,37,342,0.256756756757,1.72528881811,18.4864864865,15.5454545455,9.77142857143,5.36771015539,0.290358590277,0.142642642643,9.50849154237,1.02869645341,0.544491860281,8.05331334643,0.871264894205,0.461830251304,0.640599570326,0.371299902718,2,1.72528881811,0.640599570326,2,0.344071394247,0.376569037657,810,0.104247104247,0.56957682835,37,37,37,1,0,0.405405405405,0.540540540541,0.0540540540541,37,0.23048048048,1.7317471985,16.5945945946,13.9545454545,8.77142857143,4.81005578311,0.289856781718,0.144290870675,8.48811216043,1.02299723106,0.539660181354,7.29103279098,0.878723821714,0.472576811339,0.646695947402,0.373435538375,2,1.7317471985,0.646695947402,2,0.301524087701,0.317408123791,547,0.070398970399,0.482468050725,37,37,37,1,0,0.405405405405,0.540540540541,0.0540540540541,37,333,0.25,1.7212001475,18,15.1363636364,9.51428571429,5.19615242271,0.288675134595,0.141871601331,9.21954445729,1.02439382859,0.540053567081,8.02772971919,0.891969968799,0.472201931661,0.635638533799,0.369299604536,2,1.7212001475,0.635638533799,2,0.325244512159,0.352334152334,717,0.092277992278,0.562004184668,37,37,37,1,0,0.405405405405,0.540540540541,0.0540540540541,-9,-0.00675675675676,-0.00408867061248,-0.486486486486,-0.409090909091,-0.257142857143,-0.171557732687,-0.00168345568231,-0.000771041311582,-0.288947085082,-0.00430262482671,-0.00443829320074,-0.0255836272394,0.0207050745946,0.0103716803575,-0.00496103652662,-0.00200029818203,0,-0.00408867061248,-0.00496103652662,0,-0.0188268820882,-0.0242348853228,-93,-0.0119691119691,-0.00757264368187,0,0,0,333,0,9,990,0.973684210526,1,0,0.0263157894737,1,0.973684210526,0.986666666667,0.982299486258,0.973684210526,0.973684210526,26,35,0,0,0,0
3717,WLNM_dir_neg,0.97387755102,0.819988582123,00:00:05,10,90,13,1241281848,threshold_sweep,0.9,1,0.742857142857,0.852459016393,26,0,9,70,0.742857142857,1,0,0.257142857143,1,0.742857142857,0.852459016393,0.914285714286,0.584126984127,0.793893129771,0.811312423239,0.742857142857,342,307,35,0,342,0,307,0,35,37,342,0.256756756757,1.72528881811,18.4864864865,15.5454545455,9.77142857143,5.36771015539,0.290358590277,0.142642642643,9.50849154237,1.02869645341,0.544491860281,8.05331334643,0.871264894205,0.461830251304,0.640599570326,0.371299902718,2,1.72528881811,0.640599570326,2,0.344071394247,0.376569037657,810,0.104247104247,0.56957682835,37,37,37,1,0,0.405405405405,0.540540540541,0.0540540540541,37,0.23048048048,1.7317471985,16.5945945946,13.9545454545,8.77142857143,4.81005578311,0.289856781718,0.144290870675,8.48811216043,1.02299723106,0.539660181354,7.29103279098,0.878723821714,0.472576811339,0.646695947402,0.373435538375,2,1.7317471985,0.646695947402,2,0.301524087701,0.317408123791,547,0.070398970399,0.482468050725,37,37,37,1,0,0.405405405405,0.540540540541,0.0540540540541,37,333,0.25,1.7212001475,18,15.1363636364,9.51428571429,5.19615242271,0.288675134595,0.141871601331,9.21954445729,1.02439382859,0.540053567081,8.02772971919,0.891969968799,0.472201931661,0.635638533799,0.369299604536,2,1.7212001475,0.635638533799,2,0.325244512159,0.352334152334,717,0.092277992278,0.562004184668,37,37,37,1,0,0.405405405405,0.540540540541,0.0540540540541,-9,-0.00675675675676,-0.00408867061248,-0.486486486486,-0.409090909091,-0.257142857143,-0.171557732687,-0.00168345568231,-0.000771041311582,-0.288947085082,-0.00430262482671,-0.00443829320074,-0.0255836272394,0.0207050745946,0.0103716803575,-0.00496103652662,-0.00200029818203,0,-0.00408867061248,-0.00496103652662,0,-0.0188268820882,-0.0242348853228,-93,-0.0119691119691,-0.00757264368187,0,0,0,333,0,9,990,0.973684210526,1,0,0.0263157894737,1,0.973684210526,0.986666666667,0.982299486258,0.973684210526,0.973684210526,26,35,0,0,0,0
3718,WLNM_dir_neg,0.981632653061,0.883229270729,00:00:06,10,90,14,1241281849,threshold_sweep,0.1,1,0.857142857143,0.923076923077,30,0,5,70,0.857142857143,1,0,0.142857142857,1,0.857142857143,0.923076923077,0.952380952381,0.571428571429,0.888888888889,0.894427191,0.857142857143,342,307,35,0,342,0,307,0,35,37,342,0.256756756757,1.72528881811,18.4864864865,15.5454545455,9.77142857143,5.36771015539,0.290358590277,0.142642642643,9.50849154237,1.02869645341,0.544491860281,8.05331334643,0.871264894205,0.461830251304,0.640599570326,0.371299902718,2,1.72528881811,0.640599570326,2,0.344071394247,0.376569037657,810,0.104247104247,0.56957682835,37,37,37,1,0,0.405405405405,0.540540540541,0.0540540540541,37,0.23048048048,1.72884869792,16.5945945946,13.9545454545,8.77142857143,4.54275650202,0.273749170317,0.137071925346,8.28943392004,0.999052296552,0.526983009068,7.3100572458,0.881016671318,0.471696452152,0.645826342295,0.373558624923,2,1.72884869792,0.645826342295,2,0.275372758455,0.3041015625,519,0.0667953667954,0.488620759282,37,37,37,1,0,0.405405405405,0.540540540541,0.0540540540541,37,337,0.253003003003,1.7217976177,18.2162162162,15.3181818182,9.62857142857,5.41158805576,0.297075308699,0.147405565803,9.37426673809,1.02922216412,0.543106905125,8.03044133208,0.881680502335,0.466597160959,0.637954886036,0.370516766593,2,1.7217976177,0.637954886036,2,0.342217376595,0.370405727924,776,0.0998712998713,0.566859770507,37,37,37,1,0,0.405405405405,0.540540540541,0.0540540540541,-5,-0.00375375375375,-0.00349120041899,-0.27027027027,-0.227272727273,-0.142857142857,0.0438779003705,0.00671671842208,0.00476292316055,-0.134224804284,0.000525710707929,-0.00138495515662,-0.0228720143537,0.0104156081304,0.00476690965524,-0.00264468429017,-0.000783136124929,0,-0.00349120041899,-0.00264468429017,0,-0.00185401765248,-0.00616330973328,-34,-0.0043758043758,-0.0027170578424,0,0,0,337,0,5,990,0.985380116959,1,0,0.0146198830409,1,0.985380116959,0.99263622975,0.990165874023,0.985380116959,0.985380116959,30,35,0,0,0,0
3719,WLNM_dir_neg,0.981632653061,0.883229270729,00:00:06,10,90,14,1241281849,threshold_sweep,0.2,1,0.857142857143,0.923076923077,30,0,5,70,0.857142857143,1,0,0.142857142857,1,0.857142857143,0.923076923077,0.952380952381,0.571428571429,0.888888888889,0.894427191,0.857142857143,342,307,35,0,342,0,307,0,35,37,342,0.256756756757,1.72528881811,18.4864864865,15.5454545455,9.77142857143,5.36771015539,0.290358590277,0.142642642643,9.50849154237,1.02869645341,0.544491860281,8.05331334643,0.871264894205,0.461830251304,0.640599570326,0.371299902718,2,1.72528881811,0.640599570326,2,0.344071394247,0.376569037657,810,0.104247104247,0.56957682835,37,37,37,1,0,0.405405405405,0.540540540541,0.0540540540541,37,0.23048048048,1.72884869792,16.5945945946,13.9545454545,8.77142857143,4.54275650202,0.273749170317,0.137071925346,8.28943392004,0.999052296552,0.526983009068,7.3100572458,0.881016671318,0.471696452152,0.645826342295,0.373558624923,2,1.72884869792,0.645826342295,2,0.275372758455,0.3041015625,519,0.0667953667954,0.488620759282,37,37,37,1,0,0.405405405405,0.540540540541,0.0540540540541,37,337,0.253003003003,1.7217976177,18.2162162162,15.3181818182,9.62857142857,5.41158805576,0.297075308699,0.147405565803,9.37426673809,1.02922216412,0.543106905125,8.03044133208,0.881680502335,0.466597160959,0.637954886036,0.370516766593,2,1.7217976177,0.637954886036,2,0.342217376595,0.370405727924,776,0.0998712998713,0.566859770507,37,37,37,1,0,0.405405405405,0.540540540541,0.0540540540541,-5,-0.00375375375375,-0.00349120041899,-0.27027027027,-0.227272727273,-0.142857142857,0.0438779003705,0.00671671842208,0.00476292316055,-0.134224804284,0.000525710707929,-0.00138495515662,-0.0228720143537,0.0104156081304,0.00476690965524,-0.00264468429017,-0.000783136124929,0,-0.00349120041899,-0.00264468429017,0,-0.00185401765248,-0.00616330973328,-34,-0.0043758043758,-0.0027170578424,0,0,0,337,0,5,990,0.985380116959,1,0,0.0146198830409,1,0.985380116959,0.99263622975,0.990165874023,0.985380116959,0.985380116959,30,35,0,0,0,0
3720,WLNM_dir_neg,0.981632653061,0.883229270729,00:00:06,10,90,14,1241281849,threshold_sweep,0.3,1,0.857142857143,0.923076923077,30,0,5,70,0.857142857143,1,0,0.142857142857,1,0.857142857143,0.923076923077,0.952380952381,0.571428571429,0.888888888889,0.894427191,0.857142857143,342,307,35,0,342,0,307,0,35,37,342,0.256756756757,1.72528881811,18.4864864865,15.5454545455,9.77142857143,5.36771015539,0.290358590277,0.142642642643,9.50849154237,1.02869645341,0.544491860281,8.05331334643,0.871264894205,0.461830251304,0.640599570326,0.371299902718,2,1.72528881811,0.640599570326,2,0.344071394247,0.376569037657,810,0.104247104247,0.56957682835,37,37,37,1,0,0.405405405405,0.540540540541,0.0540540540541,37,0.23048048048,1.72884869792,16.5945945946,13.9545454545,8.77142857143,4.54275650202,0.273749170317,0.137071925346,8.28943392004,0.999052296552,0.526983009068,7.3100572458,0.881016671318,0.471696452152,0.645826342295,0.373558624923,2,1.72884869792,0.645826342295,2,0.275372758455,0.3041015625,519,0.0667953667954,0.488620759282,37,37,37,1,0,0.405405405405,0.540540540541,0.0540540540541,37,337,0.253003003003,1.7217976177,18.2162162162,15.3181818182,9.62857142857,5.41158805576,0.297075308699,0.147405565803,9.37426673809,1.02922216412,0.543106905125,8.03044133208,0.881680502335,0.466597160959,0.637954886036,0.370516766593,2,1.7217976177,0.637954886036,2,0.342217376595,0.370405727924,776,0.0998712998713,0.566859770507,37,37,37,1,0,0.405405405405,0.540540540541,0.0540540540541,-5,-0.00375375375375,-0.00349120041899,-0.27027027027,-0.227272727273,-0.142857142857,0.0438779003705,0.00671671842208,0.00476292316055,-0.134224804284,0.000525710707929,-0.00138495515662,-0.0228720143537,0.0104156081304,0.00476690965524,-0.00264468429017,-0.000783136124929,0,-0.00349120041899,-0.00264468429017,0,-0.00185401765248,-0.00616330973328,-34,-0.0043758043758,-0.0027170578424,0,0,0,337,0,5,990,0.985380116959,1,0,0.0146198830409,1,0.985380116959,0.99263622975,0.990165874023,0.985380116959,0.985380116959,30,35,0,0,0,0
3721,WLNM_dir_neg,0.981632653061,0.883229270729,00:00:06,10,90,14,1241281849,threshold_sweep,0.4,1,0.857142857143,0.923076923077,30,0,5,70,0.857142857143,1,0,0.142857142857,1,0.857142857143,0.923076923077,0.952380952381,0.571428571429,0.888888888889,0.894427191,0.857142857143,342,307,35,0,342,0,307,0,35,37,342,0.256756756757,1.72528881811,18.4864864865,15.5454545455,9.77142857143,5.36771015539,0.290358590277,0.142642642643,9.50849154237,1.02869645341,0.544491860281,8.05331334643,0.871264894205,0.461830251304,0.640599570326,0.371299902718,2,1.72528881811,0.640599570326,2,0.344071394247,0.376569037657,810,0.104247104247,0.56957682835,37,37,37,1,0,0.405405405405,0.540540540541,0.0540540540541,37,0.23048048048,1.72884869792,16.5945945946,13.9545454545,8.77142857143,4.54275650202,0.273749170317,0.137071925346,8.28943392004,0.999052296552,0.526983009068,7.3100572458,0.881016671318,0.471696452152,0.645826342295,0.373558624923,2,1.72884869792,0.645826342295,2,0.275372758455,0.3041015625,519,0.0667953667954,0.488620759282,37,37,37,1,0,0.405405405405,0.540540540541,0.0540540540541,37,337,0.253003003003,1.7217976177,18.2162162162,15.3181818182,9.62857142857,5.41158805576,0.297075308699,0.147405565803,9.37426673809,1.02922216412,0.543106905125,8.03044133208,0.881680502335,0.466597160959,0.637954886036,0.370516766593,2,1.7217976177,0.637954886036,2,0.342217376595,0.370405727924,776,0.0998712998713,0.566859770507,37,37,37,1,0,0.405405405405,0.540540540541,0.0540540540541,-5,-0.00375375375375,-0.00349120041899,-0.27027027027,-0.227272727273,-0.142857142857,0.0438779003705,0.00671671842208,0.00476292316055,-0.134224804284,0.000525710707929,-0.00138495515662,-0.0228720143537,0.0104156081304,0.00476690965524,-0.00264468429017,-0.000783136124929,0,-0.00349120041899,-0.00264468429017,0,-0.00185401765248,-0.00616330973328,-34,-0.0043758043758,-0.0027170578424,0,0,0,337,0,5,990,0.985380116959,1,0,0.0146198830409,1,0.985380116959,0.99263622975,0.990165874023,0.985380116959,0.985380116959,30,35,0,0,0,0
3722,WLNM_dir_neg,0.981632653061,0.883229270729,00:00:06,10,90,14,1241281849,threshold_sweep,0.5,1,0.857142857143,0.923076923077,30,0,5,70,0.857142857143,1,0,0.142857142857,1,0.857142857143,0.923076923077,0.952380952381,0.571428571429,0.888888888889,0.894427191,0.857142857143,342,307,35,0,342,0,307,0,35,37,342,0.256756756757,1.72528881811,18.4864864865,15.5454545455,9.77142857143,5.36771015539,0.290358590277,0.142642642643,9.50849154237,1.02869645341,0.544491860281,8.05331334643,0.871264894205,0.461830251304,0.640599570326,0.371299902718,2,1.72528881811,0.640599570326,2,0.344071394247,0.376569037657,810,0.104247104247,0.56957682835,37,37,37,1,0,0.405405405405,0.540540540541,0.0540540540541,37,0.23048048048,1.72884869792,16.5945945946,13.9545454545,8.77142857143,4.54275650202,0.273749170317,0.137071925346,8.28943392004,0.999052296552,0.526983009068,7.3100572458,0.881016671318,0.471696452152,0.645826342295,0.373558624923,2,1.72884869792,0.645826342295,2,0.275372758455,0.3041015625,519,0.0667953667954,0.488620759282,37,37,37,1,0,0.405405405405,0.540540540541,0.0540540540541,37,337,0.253003003003,1.7217976177,18.2162162162,15.3181818182,9.62857142857,5.41158805576,0.297075308699,0.147405565803,9.37426673809,1.02922216412,0.543106905125,8.03044133208,0.881680502335,0.466597160959,0.637954886036,0.370516766593,2,1.7217976177,0.637954886036,2,0.342217376595,0.370405727924,776,0.0998712998713,0.566859770507,37,37,37,1,0,0.405405405405,0.540540540541,0.0540540540541,-5,-0.00375375375375,-0.00349120041899,-0.27027027027,-0.227272727273,-0.142857142857,0.0438779003705,0.00671671842208,0.00476292316055,-0.134224804284,0.000525710707929,-0.00138495515662,-0.0228720143537,0.0104156081304,0.00476690965524,-0.00264468429017,-0.000783136124929,0,-0.00349120041899,-0.00264468429017,0,-0.00185401765248,-0.00616330973328,-34,-0.0043758043758,-0.0027170578424,0,0,0,337,0,5,990,0.985380116959,1,0,0.0146198830409,1,0.985380116959,0.99263622975,0.990165874023,0.985380116959,0.985380116959,30,35,0,0,0,0
3723,WLNM_dir_neg,0.981632653061,0.883229270729,00:00:06,10,90,14,1241281849,threshold_sweep,0.6,1,0.857142857143,0.923076923077,30,0,5,70,0.857142857143,1,0,0.142857142857,1,0.857142857143,0.923076923077,0.952380952381,0.571428571429,0.888888888889,0.894427191,0.857142857143,342,307,35,0,342,0,307,0,35,37,342,0.256756756757,1.72528881811,18.4864864865,15.5454545455,9.77142857143,5.36771015539,0.290358590277,0.142642642643,9.50849154237,1.02869645341,0.544491860281,8.05331334643,0.871264894205,0.461830251304,0.640599570326,0.371299902718,2,1.72528881811,0.640599570326,2,0.344071394247,0.376569037657,810,0.104247104247,0.56957682835,37,37,37,1,0,0.405405405405,0.540540540541,0.0540540540541,37,0.23048048048,1.72884869792,16.5945945946,13.9545454545,8.77142857143,4.54275650202,0.273749170317,0.137071925346,8.28943392004,0.999052296552,0.526983009068,7.3100572458,0.881016671318,0.471696452152,0.645826342295,0.373558624923,2,1.72884869792,0.645826342295,2,0.275372758455,0.3041015625,519,0.0667953667954,0.488620759282,37,37,37,1,0,0.405405405405,0.540540540541,0.0540540540541,37,337,0.253003003003,1.7217976177,18.2162162162,15.3181818182,9.62857142857,5.41158805576,0.297075308699,0.147405565803,9.37426673809,1.02922216412,0.543106905125,8.03044133208,0.881680502335,0.466597160959,0.637954886036,0.370516766593,2,1.7217976177,0.637954886036,2,0.342217376595,0.370405727924,776,0.0998712998713,0.566859770507,37,37,37,1,0,0.405405405405,0.540540540541,0.0540540540541,-5,-0.00375375375375,-0.00349120041899,-0.27027027027,-0.227272727273,-0.142857142857,0.0438779003705,0.00671671842208,0.00476292316055,-0.134224804284,0.000525710707929,-0.00138495515662,-0.0228720143537,0.0104156081304,0.00476690965524,-0.00264468429017,-0.000783136124929,0,-0.00349120041899,-0.00264468429017,0,-0.00185401765248,-0.00616330973328,-34,-0.0043758043758,-0.0027170578424,0,0,0,337,0,5,990,0.985380116959,1,0,0.0146198830409,1,0.985380116959,0.99263622975,0.990165874023,0.985380116959,0.985380116959,30,35,0,0,0,0
3724,WLNM_dir_neg,0.981632653061,0.883229270729,00:00:06,10,90,14,1241281849,threshold_sweep,0.7,1,0.857142857143,0.923076923077,30,0,5,70,0.857142857143,1,0,0.142857142857,1,0.857142857143,0.923076923077,0.952380952381,0.571428571429,0.888888888889,0.894427191,0.857142857143,342,307,35,0,342,0,307,0,35,37,342,0.256756756757,1.72528881811,18.4864864865,15.5454545455,9.77142857143,5.36771015539,0.290358590277,0.142642642643,9.50849154237,1.02869645341,0.544491860281,8.05331334643,0.871264894205,0.461830251304,0.640599570326,0.371299902718,2,1.72528881811,0.640599570326,2,0.344071394247,0.376569037657,810,0.104247104247,0.56957682835,37,37,37,1,0,0.405405405405,0.540540540541,0.0540540540541,37,0.23048048048,1.72884869792,16.5945945946,13.9545454545,8.77142857143,4.54275650202,0.273749170317,0.137071925346,8.28943392004,0.999052296552,0.526983009068,7.3100572458,0.881016671318,0.471696452152,0.645826342295,0.373558624923,2,1.72884869792,0.645826342295,2,0.275372758455,0.3041015625,519,0.0667953667954,0.488620759282,37,37,37,1,0,0.405405405405,0.540540540541,0.0540540540541,37,337,0.253003003003,1.7217976177,18.2162162162,15.3181818182,9.62857142857,5.41158805576,0.297075308699,0.147405565803,9.37426673809,1.02922216412,0.543106905125,8.03044133208,0.881680502335,0.466597160959,0.637954886036,0.370516766593,2,1.7217976177,0.637954886036,2,0.342217376595,0.370405727924,776,0.0998712998713,0.566859770507,37,37,37,1,0,0.405405405405,0.540540540541,0.0540540540541,-5,-0.00375375375375,-0.00349120041899,-0.27027027027,-0.227272727273,-0.142857142857,0.0438779003705,0.00671671842208,0.00476292316055,-0.134224804284,0.000525710707929,-0.00138495515662,-0.0228720143537,0.0104156081304,0.00476690965524,-0.00264468429017,-0.000783136124929,0,-0.00349120041899,-0.00264468429017,0,-0.00185401765248,-0.00616330973328,-34,-0.0043758043758,-0.0027170578424,0,0,0,337,0,5,990,0.985380116959,1,0,0.0146198830409,1,0.985380116959,0.99263622975,0.990165874023,0.985380116959,0.985380116959,30,35,0,0,0,0
3725,WLNM_dir_neg,0.981632653061,0.883229270729,00:00:06,10,90,14,1241281849,threshold_sweep,0.8,1,0.8,0.888888888889,28,0,7,70,0.8,1,0,0.2,1,0.8,0.888888888889,0.933333333333,0.577777777778,0.842105263158,0.852802865422,0.8,342,307,35,0,342,0,307,0,35,37,342,0.256756756757,1.72528881811,18.4864864865,15.5454545455,9.77142857143,5.36771015539,0.290358590277,0.142642642643,9.50849154237,1.02869645341,0.544491860281,8.05331334643,0.871264894205,0.461830251304,0.640599570326,0.371299902718,2,1.72528881811,0.640599570326,2,0.344071394247,0.376569037657,810,0.104247104247,0.56957682835,37,37,37,1,0,0.405405405405,0.540540540541,0.0540540540541,37,0.23048048048,1.72884869792,16.5945945946,13.9545454545,8.77142857143,4.54275650202,0.273749170317,0.137071925346,8.28943392004,0.999052296552,0.526983009068,7.3100572458,0.881016671318,0.471696452152,0.645826342295,0.373558624923,2,1.72884869792,0.645826342295,2,0.275372758455,0.3041015625,519,0.0667953667954,0.488620759282,37,37,37,1,0,0.405405405405,0.540540540541,0.0540540540541,37,335,0.251501501502,1.72102453194,18.1081081081,15.2272727273,9.57142857143,5.26404884193,0.290701204704,0.145058491327,9.24345397789,1.02091879756,0.540540540541,8.0724013567,0.891578657307,0.471319080274,0.636778208627,0.369999495538,2,1.72102453194,0.636778208627,2,0.331942295129,0.358389912706,739,0.0951093951094,0.568272974419,37,37,37,1,0,0.405405405405,0.540540540541,0.0540540540541,-7,-0.00525525525526,-0.00426428617551,-0.378378378378,-0.318181818182,-0.2,-0.103661313465,0.000342614426399,0.00241584868451,-0.265037564481,-0.00777765585638,-0.00395131974079,0.0190880102665,0.0203137631024,0.00948882897037,-0.00382136169924,-0.00130040717932,0,-0.00426428617551,-0.00382136169924,0,-0.0121290991187,-0.0181791249508,-71,-0.00913770913771,-0.00130385393113,0,0,0,335,0,7,990,0.979532163743,1,0,0.0204678362573,1,0.979532163743,0.989660265879,0.986232633066,0.979532163743,0.979532163743,28,35,0,0,0,0
3726,WLNM_dir_neg,0.981632653061,0.883229270729,00:00:06,10,90,14,1241281849,threshold_sweep,0.9,1,0.8,0.888888888889,28,0,7,70,0.8,1,0,0.2,1,0.8,0.888888888889,0.933333333333,0.577777777778,0.842105263158,0.852802865422,0.8,342,307,35,0,342,0,307,0,35,37,342,0.256756756757,1.72528881811,18.4864864865,15.5454545455,9.77142857143,5.36771015539,0.290358590277,0.142642642643,9.50849154237,1.02869645341,0.544491860281,8.05331334643,0.871264894205,0.461830251304,0.640599570326,0.371299902718,2,1.72528881811,0.640599570326,2,0.344071394247,0.376569037657,810,0.104247104247,0.56957682835,37,37,37,1,0,0.405405405405,0.540540540541,0.0540540540541,37,0.23048048048,1.72884869792,16.5945945946,13.9545454545,8.77142857143,4.54275650202,0.273749170317,0.137071925346,8.28943392004,0.999052296552,0.526983009068,7.3100572458,0.881016671318,0.471696452152,0.645826342295,0.373558624923,2,1.72884869792,0.645826342295,2,0.275372758455,0.3041015625,519,0.0667953667954,0.488620759282,37,37,37,1,0,0.405405405405,0.540540540541,0.0540540540541,37,335,0.251501501502,1.72102453194,18.1081081081,15.2272727273,9.57142857143,5.26404884193,0.290701204704,0.145058491327,9.24345397789,1.02091879756,0.540540540541,8.0724013567,0.891578657307,0.471319080274,0.636778208627,0.369999495538,2,1.72102453194,0.636778208627,2,0.331942295129,0.358389912706,739,0.0951093951094,0.568272974419,37,37,37,1,0,0.405405405405,0.540540540541,0.0540540540541,-7,-0.00525525525526,-0.00426428617551,-0.378378378378,-0.318181818182,-0.2,-0.103661313465,0.000342614426399,0.00241584868451,-0.265037564481,-0.00777765585638,-0.00395131974079,0.0190880102665,0.0203137631024,0.00948882897037,-0.00382136169924,-0.00130040717932,0,-0.00426428617551,-0.00382136169924,0,-0.0121290991187,-0.0181791249508,-71,-0.00913770913771,-0.00130385393113,0,0,0,335,0,7,990,0.979532163743,1,0,0.0204678362573,1,0.979532163743,0.989660265879,0.986232633066,0.979532163743,0.979532163743,28,35,0,0,0,0
3727,WLNM_dir_neg,0.986530612245,0.949596337443,00:00:05,10,90,15,1241281850,threshold_sweep,0.1,1,0.828571428571,0.90625,29,0,6,70,0.828571428571,1,0,0.171428571429,1,0.828571428571,0.90625,0.942857142857,0.574603174603,0.865671641791,0.873589088037,0.828571428571,342,307,35,0,342,0,307,0,35,37,342,0.256756756757,1.72528881811,18.4864864865,15.5454545455,9.77142857143,5.36771015539,0.290358590277,0.142642642643,9.50849154237,1.02869645341,0.544491860281,8.05331334643,0.871264894205,0.461830251304,0.640599570326,0.371299902718,2,1.72528881811,0.640599570326,2,0.344071394247,0.376569037657,810,0.104247104247,0.56957682835,37,37,37,1,0,0.405405405405,0.540540540541,0.0540540540541,37,0.23048048048,1.72511233036,16.5945945946,13.9545454545,8.77142857143,4.87316609072,0.293659845858,0.150981600493,8.35950844137,1.00749776004,0.532265164187,7.42318015433,0.894650376906,0.480676115855,0.640476090201,0.371266310564,2,1.72511233036,0.640476090201,2,0.296902190283,0.32231884058,556,0.0715572715573,0.495079561368,37,37,37,1,0,0.405405405405,0.540540540541,0.0540540540541,37,336,0.252252252252,1.72158937914,18.1621621622,15.2727272727,9.6,5.23616438029,0.288300717367,0.143018018018,9.25376313357,1.01901558316,0.540218790219,8.14240743262,0.896634151806,0.473777348777,0.636751739348,0.369862725145,2,1.72158937914,0.636751739348,2,0.324735689457,0.355752212389,737,0.094851994852,0.574310666493,37,37,37,1,0,0.405405405405,0.540540540541,0.0540540540541,-6,-0.0045045045045,-0.00369943897911,-0.324324324324,-0.272727272727,-0.171428571429,-0.131545775103,-0.00205787290997,0.000375375375375,-0.254728408809,-0.00968087025434,-0.00427307006254,0.0890940861866,0.0253692576016,0.0119470974734,-0.00384783097808,-0.00143717757266,0,-0.00369943897911,-0.00384783097808,0,-0.0193357047907,-0.0208168252675,-73,-0.00939510939511,0.00473383814324,0,0,0,336,0,6,990,0.982456140351,1,0,0.0175438596491,1,0.982456140351,0.991150442478,0.988199235917,0.982456140351,0.982456140351,29,35,0,0,0,0
3728,WLNM_dir_neg,0.986530612245,0.949596337443,00:00:05,10,90,15,1241281850,threshold_sweep,0.2,1,0.828571428571,0.90625,29,0,6,70,0.828571428571,1,0,0.171428571429,1,0.828571428571,0.90625,0.942857142857,0.574603174603,0.865671641791,0.873589088037,0.828571428571,342,307,35,0,342,0,307,0,35,37,342,0.256756756757,1.72528881811,18.4864864865,15.5454545455,9.77142857143,5.36771015539,0.290358590277,0.142642642643,9.50849154237,1.02869645341,0.544491860281,8.05331334643,0.871264894205,0.461830251304,0.640599570326,0.371299902718,2,1.72528881811,0.640599570326,2,0.344071394247,0.376569037657,810,0.104247104247,0.56957682835,37,37,37,1,0,0.405405405405,0.540540540541,0.0540540540541,37,0.23048048048,1.72511233036,16.5945945946,13.9545454545,8.77142857143,4.87316609072,0.293659845858,0.150981600493,8.35950844137,1.00749776004,0.532265164187,7.42318015433,0.894650376906,0.480676115855,0.640476090201,0.371266310564,2,1.72511233036,0.640476090201,2,0.296902190283,0.32231884058,556,0.0715572715573,0.495079561368,37,37,37,1,0,0.405405405405,0.540540540541,0.0540540540541,37,336,0.252252252252,1.72158937914,18.1621621622,15.2727272727,9.6,5.23616438029,0.288300717367,0.143018018018,9.25376313357,1.01901558316,0.540218790219,8.14240743262,0.896634151806,0.473777348777,0.636751739348,0.369862725145,2,1.72158937914,0.636751739348,2,0.324735689457,0.355752212389,737,0.094851994852,0.574310666493,37,37,37,1,0,0.405405405405,0.540540540541,0.0540540540541,-6,-0.0045045045045,-0.00369943897911,-0.324324324324,-0.272727272727,-0.171428571429,-0.131545775103,-0.00205787290997,0.000375375375375,-0.254728408809,-0.00968087025434,-0.00427307006254,0.0890940861866,0.0253692576016,0.0119470974734,-0.00384783097808,-0.00143717757266,0,-0.00369943897911,-0.00384783097808,0,-0.0193357047907,-0.0208168252675,-73,-0.00939510939511,0.00473383814324,0,0,0,336,0,6,990,0.982456140351,1,0,0.0175438596491,1,0.982456140351,0.991150442478,0.988199235917,0.982456140351,0.982456140351,29,35,0,0,0,0
3729,WLNM_dir_neg,0.986530612245,0.949596337443,00:00:05,10,90,15,1241281850,threshold_sweep,0.3,1,0.828571428571,0.90625,29,0,6,70,0.828571428571,1,0,0.171428571429,1,0.828571428571,0.90625,0.942857142857,0.574603174603,0.865671641791,0.873589088037,0.828571428571,342,307,35,0,342,0,307,0,35,37,342,0.256756756757,1.72528881811,18.4864864865,15.5454545455,9.77142857143,5.36771015539,0.290358590277,0.142642642643,9.50849154237,1.02869645341,0.544491860281,8.05331334643,0.871264894205,0.461830251304,0.640599570326,0.371299902718,2,1.72528881811,0.640599570326,2,0.344071394247,0.376569037657,810,0.104247104247,0.56957682835,37,37,37,1,0,0.405405405405,0.540540540541,0.0540540540541,37,0.23048048048,1.72511233036,16.5945945946,13.9545454545,8.77142857143,4.87316609072,0.293659845858,0.150981600493,8.35950844137,1.00749776004,0.532265164187,7.42318015433,0.894650376906,0.480676115855,0.640476090201,0.371266310564,2,1.72511233036,0.640476090201,2,0.296902190283,0.32231884058,556,0.0715572715573,0.495079561368,37,37,37,1,0,0.405405405405,0.540540540541,0.0540540540541,37,336,0.252252252252,1.72158937914,18.1621621622,15.2727272727,9.6,5.23616438029,0.288300717367,0.143018018018,9.25376313357,1.01901558316,0.540218790219,8.14240743262,0.896634151806,0.473777348777,0.636751739348,0.369862725145,2,1.72158937914,0.636751739348,2,0.324735689457,0.355752212389,737,0.094851994852,0.574310666493,37,37,37,1,0,0.405405405405,0.540540540541,0.0540540540541,-6,-0.0045045045045,-0.00369943897911,-0.324324324324,-0.272727272727,-0.171428571429,-0.131545775103,-0.00205787290997,0.000375375375375,-0.254728408809,-0.00968087025434,-0.00427307006254,0.0890940861866,0.0253692576016,0.0119470974734,-0.00384783097808,-0.00143717757266,0,-0.00369943897911,-0.00384783097808,0,-0.0193357047907,-0.0208168252675,-73,-0.00939510939511,0.00473383814324,0,0,0,336,0,6,990,0.982456140351,1,0,0.0175438596491,1,0.982456140351,0.991150442478,0.988199235917,0.982456140351,0.982456140351,29,35,0,0,0,0
3730,WLNM_dir_neg,0.986530612245,0.949596337443,00:00:05,10,90,15,1241281850,threshold_sweep,0.4,1,0.828571428571,0.90625,29,0,6,70,0.828571428571,1,0,0.171428571429,1,0.828571428571,0.90625,0.942857142857,0.574603174603,0.865671641791,0.873589088037,0.828571428571,342,307,35,0,342,0,307,0,35,37,342,0.256756756757,1.72528881811,18.4864864865,15.5454545455,9.77142857143,5.36771015539,0.290358590277,0.142642642643,9.50849154237,1.02869645341,0.544491860281,8.05331334643,0.871264894205,0.461830251304,0.640599570326,0.371299902718,2,1.72528881811,0.640599570326,2,0.344071394247,0.376569037657,810,0.104247104247,0.56957682835,37,37,37,1,0,0.405405405405,0.540540540541,0.0540540540541,37,0.23048048048,1.72511233036,16.5945945946,13.9545454545,8.77142857143,4.87316609072,0.293659845858,0.150981600493,8.35950844137,1.00749776004,0.532265164187,7.42318015433,0.894650376906,0.480676115855,0.640476090201,0.371266310564,2,1.72511233036,0.640476090201,2,0.296902190283,0.32231884058,556,0.0715572715573,0.495079561368,37,37,37,1,0,0.405405405405,0.540540540541,0.0540540540541,37,336,0.252252252252,1.72158937914,18.1621621622,15.2727272727,9.6,5.23616438029,0.288300717367,0.143018018018,9.25376313357,1.01901558316,0.540218790219,8.14240743262,0.896634151806,0.473777348777,0.636751739348,0.369862725145,2,1.72158937914,0.636751739348,2,0.324735689457,0.355752212389,737,0.094851994852,0.574310666493,37,37,37,1,0,0.405405405405,0.540540540541,0.0540540540541,-6,-0.0045045045045,-0.00369943897911,-0.324324324324,-0.272727272727,-0.171428571429,-0.131545775103,-0.00205787290997,0.000375375375375,-0.254728408809,-0.00968087025434,-0.00427307006254,0.0890940861866,0.0253692576016,0.0119470974734,-0.00384783097808,-0.00143717757266,0,-0.00369943897911,-0.00384783097808,0,-0.0193357047907,-0.0208168252675,-73,-0.00939510939511,0.00473383814324,0,0,0,336,0,6,990,0.982456140351,1,0,0.0175438596491,1,0.982456140351,0.991150442478,0.988199235917,0.982456140351,0.982456140351,29,35,0,0,0,0
3731,WLNM_dir_neg,0.986530612245,0.949596337443,00:00:05,10,90,15,1241281850,threshold_sweep,0.5,1,0.828571428571,0.90625,29,0,6,70,0.828571428571,1,0,0.171428571429,1,0.828571428571,0.90625,0.942857142857,0.574603174603,0.865671641791,0.873589088037,0.828571428571,342,307,35,0,342,0,307,0,35,37,342,0.256756756757,1.72528881811,18.4864864865,15.5454545455,9.77142857143,5.36771015539,0.290358590277,0.142642642643,9.50849154237,1.02869645341,0.544491860281,8.05331334643,0.871264894205,0.461830251304,0.640599570326,0.371299902718,2,1.72528881811,0.640599570326,2,0.344071394247,0.376569037657,810,0.104247104247,0.56957682835,37,37,37,1,0,0.405405405405,0.540540540541,0.0540540540541,37,0.23048048048,1.72511233036,16.5945945946,13.9545454545,8.77142857143,4.87316609072,0.293659845858,0.150981600493,8.35950844137,1.00749776004,0.532265164187,7.42318015433,0.894650376906,0.480676115855,0.640476090201,0.371266310564,2,1.72511233036,0.640476090201,2,0.296902190283,0.32231884058,556,0.0715572715573,0.495079561368,37,37,37,1,0,0.405405405405,0.540540540541,0.0540540540541,37,336,0.252252252252,1.72158937914,18.1621621622,15.2727272727,9.6,5.23616438029,0.288300717367,0.143018018018,9.25376313357,1.01901558316,0.540218790219,8.14240743262,0.896634151806,0.473777348777,0.636751739348,0.369862725145,2,1.72158937914,0.636751739348,2,0.324735689457,0.355752212389,737,0.094851994852,0.574310666493,37,37,37,1,0,0.405405405405,0.540540540541,0.0540540540541,-6,-0.0045045045045,-0.00369943897911,-0.324324324324,-0.272727272727,-0.171428571429,-0.131545775103,-0.00205787290997,0.000375375375375,-0.254728408809,-0.00968087025434,-0.00427307006254,0.0890940861866,0.0253692576016,0.0119470974734,-0.00384783097808,-0.00143717757266,0,-0.00369943897911,-0.00384783097808,0,-0.0193357047907,-0.0208168252675,-73,-0.00939510939511,0.00473383814324,0,0,0,336,0,6,990,0.982456140351,1,0,0.0175438596491,1,0.982456140351,0.991150442478,0.988199235917,0.982456140351,0.982456140351,29,35,0,0,0,0
3732,WLNM_dir_neg,0.986530612245,0.949596337443,00:00:05,10,90,15,1241281850,threshold_sweep,0.6,1,0.828571428571,0.90625,29,0,6,70,0.828571428571,1,0,0.171428571429,1,0.828571428571,0.90625,0.942857142857,0.574603174603,0.865671641791,0.873589088037,0.828571428571,342,307,35,0,342,0,307,0,35,37,342,0.256756756757,1.72528881811,18.4864864865,15.5454545455,9.77142857143,5.36771015539,0.290358590277,0.142642642643,9.50849154237,1.02869645341,0.544491860281,8.05331334643,0.871264894205,0.461830251304,0.640599570326,0.371299902718,2,1.72528881811,0.640599570326,2,0.344071394247,0.376569037657,810,0.104247104247,0.56957682835,37,37,37,1,0,0.405405405405,0.540540540541,0.0540540540541,37,0.23048048048,1.72511233036,16.5945945946,13.9545454545,8.77142857143,4.87316609072,0.293659845858,0.150981600493,8.35950844137,1.00749776004,0.532265164187,7.42318015433,0.894650376906,0.480676115855,0.640476090201,0.371266310564,2,1.72511233036,0.640476090201,2,0.296902190283,0.32231884058,556,0.0715572715573,0.495079561368,37,37,37,1,0,0.405405405405,0.540540540541,0.0540540540541,37,336,0.252252252252,1.72158937914,18.1621621622,15.2727272727,9.6,5.23616438029,0.288300717367,0.143018018018,9.25376313357,1.01901558316,0.540218790219,8.14240743262,0.896634151806,0.473777348777,0.636751739348,0.369862725145,2,1.72158937914,0.636751739348,2,0.324735689457,0.355752212389,737,0.094851994852,0.574310666493,37,37,37,1,0,0.405405405405,0.540540540541,0.0540540540541,-6,-0.0045045045045,-0.00369943897911,-0.324324324324,-0.272727272727,-0.171428571429,-0.131545775103,-0.00205787290997,0.000375375375375,-0.254728408809,-0.00968087025434,-0.00427307006254,0.0890940861866,0.0253692576016,0.0119470974734,-0.00384783097808,-0.00143717757266,0,-0.00369943897911,-0.00384783097808,0,-0.0193357047907,-0.0208168252675,-73,-0.00939510939511,0.00473383814324,0,0,0,336,0,6,990,0.982456140351,1,0,0.0175438596491,1,0.982456140351,0.991150442478,0.988199235917,0.982456140351,0.982456140351,29,35,0,0,0,0
3733,WLNM_dir_neg,0.986530612245,0.949596337443,00:00:05,10,90,15,1241281850,threshold_sweep,0.7,1,0.828571428571,0.90625,29,0,6,70,0.828571428571,1,0,0.171428571429,1,0.828571428571,0.90625,0.942857142857,0.574603174603,0.865671641791,0.873589088037,0.828571428571,342,307,35,0,342,0,307,0,35,37,342,0.256756756757,1.72528881811,18.4864864865,15.5454545455,9.77142857143,5.36771015539,0.290358590277,0.142642642643,9.50849154237,1.02869645341,0.544491860281,8.05331334643,0.871264894205,0.461830251304,0.640599570326,0.371299902718,2,1.72528881811,0.640599570326,2,0.344071394247,0.376569037657,810,0.104247104247,0.56957682835,37,37,37,1,0,0.405405405405,0.540540540541,0.0540540540541,37,0.23048048048,1.72511233036,16.5945945946,13.9545454545,8.77142857143,4.87316609072,0.293659845858,0.150981600493,8.35950844137,1.00749776004,0.532265164187,7.42318015433,0.894650376906,0.480676115855,0.640476090201,0.371266310564,2,1.72511233036,0.640476090201,2,0.296902190283,0.32231884058,556,0.0715572715573,0.495079561368,37,37,37,1,0,0.405405405405,0.540540540541,0.0540540540541,37,336,0.252252252252,1.72158937914,18.1621621622,15.2727272727,9.6,5.23616438029,0.288300717367,0.143018018018,9.25376313357,1.01901558316,0.540218790219,8.14240743262,0.896634151806,0.473777348777,0.636751739348,0.369862725145,2,1.72158937914,0.636751739348,2,0.324735689457,0.355752212389,737,0.094851994852,0.574310666493,37,37,37,1,0,0.405405405405,0.540540540541,0.0540540540541,-6,-0.0045045045045,-0.00369943897911,-0.324324324324,-0.272727272727,-0.171428571429,-0.131545775103,-0.00205787290997,0.000375375375375,-0.254728408809,-0.00968087025434,-0.00427307006254,0.0890940861866,0.0253692576016,0.0119470974734,-0.00384783097808,-0.00143717757266,0,-0.00369943897911,-0.00384783097808,0,-0.0193357047907,-0.0208168252675,-73,-0.00939510939511,0.00473383814324,0,0,0,336,0,6,990,0.982456140351,1,0,0.0175438596491,1,0.982456140351,0.991150442478,0.988199235917,0.982456140351,0.982456140351,29,35,0,0,0,0
3734,WLNM_dir_neg,0.986530612245,0.949596337443,00:00:05,10,90,15,1241281850,threshold_sweep,0.8,1,0.828571428571,0.90625,29,0,6,70,0.828571428571,1,0,0.171428571429,1,0.828571428571,0.90625,0.942857142857,0.574603174603,0.865671641791,0.873589088037,0.828571428571,342,307,35,0,342,0,307,0,35,37,342,0.256756756757,1.72528881811,18.4864864865,15.5454545455,9.77142857143,5.36771015539,0.290358590277,0.142642642643,9.50849154237,1.02869645341,0.544491860281,8.05331334643,0.871264894205,0.461830251304,0.640599570326,0.371299902718,2,1.72528881811,0.640599570326,2,0.344071394247,0.376569037657,810,0.104247104247,0.56957682835,37,37,37,1,0,0.405405405405,0.540540540541,0.0540540540541,37,0.23048048048,1.72511233036,16.5945945946,13.9545454545,8.77142857143,4.87316609072,0.293659845858,0.150981600493,8.35950844137,1.00749776004,0.532265164187,7.42318015433,0.894650376906,0.480676115855,0.640476090201,0.371266310564,2,1.72511233036,0.640476090201,2,0.296902190283,0.32231884058,556,0.0715572715573,0.495079561368,37,37,37,1,0,0.405405405405,0.540540540541,0.0540540540541,37,336,0.252252252252,1.72158937914,18.1621621622,15.2727272727,9.6,5.23616438029,0.288300717367,0.143018018018,9.25376313357,1.01901558316,0.540218790219,8.14240743262,0.896634151806,0.473777348777,0.636751739348,0.369862725145,2,1.72158937914,0.636751739348,2,0.324735689457,0.355752212389,737,0.094851994852,0.574310666493,37,37,37,1,0,0.405405405405,0.540540540541,0.0540540540541,-6,-0.0045045045045,-0.00369943897911,-0.324324324324,-0.272727272727,-0.171428571429,-0.131545775103,-0.00205787290997,0.000375375375375,-0.254728408809,-0.00968087025434,-0.00427307006254,0.0890940861866,0.0253692576016,0.0119470974734,-0.00384783097808,-0.00143717757266,0,-0.00369943897911,-0.00384783097808,0,-0.0193357047907,-0.0208168252675,-73,-0.00939510939511,0.00473383814324,0,0,0,336,0,6,990,0.982456140351,1,0,0.0175438596491,1,0.982456140351,0.991150442478,0.988199235917,0.982456140351,0.982456140351,29,35,0,0,0,0
3735,WLNM_dir_neg,0.986530612245,0.949596337443,00:00:05,10,90,15,1241281850,threshold_sweep,0.9,1,0.828571428571,0.90625,29,0,6,70,0.828571428571,1,0,0.171428571429,1,0.828571428571,0.90625,0.942857142857,0.574603174603,0.865671641791,0.873589088037,0.828571428571,342,307,35,0,342,0,307,0,35,37,342,0.256756756757,1.72528881811,18.4864864865,15.5454545455,9.77142857143,5.36771015539,0.290358590277,0.142642642643,9.50849154237,1.02869645341,0.544491860281,8.05331334643,0.871264894205,0.461830251304,0.640599570326,0.371299902718,2,1.72528881811,0.640599570326,2,0.344071394247,0.376569037657,810,0.104247104247,0.56957682835,37,37,37,1,0,0.405405405405,0.540540540541,0.0540540540541,37,0.23048048048,1.72511233036,16.5945945946,13.9545454545,8.77142857143,4.87316609072,0.293659845858,0.150981600493,8.35950844137,1.00749776004,0.532265164187,7.42318015433,0.894650376906,0.480676115855,0.640476090201,0.371266310564,2,1.72511233036,0.640476090201,2,0.296902190283,0.32231884058,556,0.0715572715573,0.495079561368,37,37,37,1,0,0.405405405405,0.540540540541,0.0540540540541,37,336,0.252252252252,1.72158937914,18.1621621622,15.2727272727,9.6,5.23616438029,0.288300717367,0.143018018018,9.25376313357,1.01901558316,0.540218790219,8.14240743262,0.896634151806,0.473777348777,0.636751739348,0.369862725145,2,1.72158937914,0.636751739348,2,0.324735689457,0.355752212389,737,0.094851994852,0.574310666493,37,37,37,1,0,0.405405405405,0.540540540541,0.0540540540541,-6,-0.0045045045045,-0.00369943897911,-0.324324324324,-0.272727272727,-0.171428571429,-0.131545775103,-0.00205787290997,0.000375375375375,-0.254728408809,-0.00968087025434,-0.00427307006254,0.0890940861866,0.0253692576016,0.0119470974734,-0.00384783097808,-0.00143717757266,0,-0.00369943897911,-0.00384783097808,0,-0.0193357047907,-0.0208168252675,-73,-0.00939510939511,0.00473383814324,0,0,0,336,0,6,990,0.982456140351,1,0,0.0175438596491,1,0.982456140351,0.991150442478,0.988199235917,0.982456140351,0.982456140351,29,35,0,0,0,0
3736,WLNM_dir_neg,0.981020408163,0.856480731382,00:00:05,10,90,16,1241281851,threshold_sweep,0.1,1,0.828571428571,0.90625,29,0,6,70,0.828571428571,1,0,0.171428571429,1,0.828571428571,0.90625,0.942857142857,0.574603174603,0.865671641791,0.873589088037,0.828571428571,342,307,35,0,342,0,307,0,35,37,342,0.256756756757,1.72528881811,18.4864864865,15.5454545455,9.77142857143,5.36771015539,0.290358590277,0.142642642643,9.50849154237,1.02869645341,0.544491860281,8.05331334643,0.871264894205,0.461830251304,0.640599570326,0.371299902718,2,1.72528881811,0.640599570326,2,0.344071394247,0.376569037657,810,0.104247104247,0.56957682835,37,37,37,1,0,0.405405405405,0.540540540541,0.0540540540541,37,0.23048048048,1.73844584122,16.5945945946,13.9545454545,8.77142857143,4.81582725938,0.290204574262,0.144554978431,8.40259505174,1.01269060884,0.528919799278,7.20672858771,0.868563380278,0.470111805617,0.654628828712,0.376559806001,2,1.73844584122,0.654628828712,2,0.304939155913,0.327526132404,564,0.0725868725869,0.478973716204,37,37,37,1,0,0.405405405405,0.540540540541,0.0540540540541,37,336,0.252252252252,1.72379777729,18.1621621622,15.2727272727,9.6,5.17748069106,0.285069621383,0.140604890605,9.25976475097,1.01967647555,0.540057915058,8.0532201233,0.886812930245,0.470238095238,0.639074790675,0.370736520893,2,1.72379777729,0.639074790675,2,0.32551901387,0.353908138598,732,0.0942084942085,0.567178878991,37,37,37,1,0,0.405405405405,0.540540540541,0.0540540540541,-6,-0.0045045045045,-0.00149104082834,-0.324324324324,-0.272727272727,-0.171428571429,-0.190229464333,-0.00528896889432,-0.00203775203775,-0.248726791408,-0.00901997786194,-0.00443394522342,-9.32231323585e-05,0.0155480360397,0.00840784393416,-0.00152477965102,-0.000563381824311,0,-0.00149104082834,-0.00152477965102,0,-0.018552380377,-0.022660899059,-78,-0.0100386100386,-0.0023979493588,0,0,0,336,0,6,990,0.982456140351,1,0,0.0175438596491,1,0.982456140351,0.991150442478,0.988199235917,0.982456140351,0.982456140351,29,35,0,0,0,0
3737,WLNM_dir_neg,0.981020408163,0.856480731382,00:00:05,10,90,16,1241281851,threshold_sweep,0.2,1,0.828571428571,0.90625,29,0,6,70,0.828571428571,1,0,0.171428571429,1,0.828571428571,0.90625,0.942857142857,0.574603174603,0.865671641791,0.873589088037,0.828571428571,342,307,35,0,342,0,307,0,35,37,342,0.256756756757,1.72528881811,18.4864864865,15.5454545455,9.77142857143,5.36771015539,0.290358590277,0.142642642643,9.50849154237,1.02869645341,0.544491860281,8.05331334643,0.871264894205,0.461830251304,0.640599570326,0.371299902718,2,1.72528881811,0.640599570326,2,0.344071394247,0.376569037657,810,0.104247104247,0.56957682835,37,37,37,1,0,0.405405405405,0.540540540541,0.0540540540541,37,0.23048048048,1.73844584122,16.5945945946,13.9545454545,8.77142857143,4.81582725938,0.290204574262,0.144554978431,8.40259505174,1.01269060884,0.528919799278,7.20672858771,0.868563380278,0.470111805617,0.654628828712,0.376559806001,2,1.73844584122,0.654628828712,2,0.304939155913,0.327526132404,564,0.0725868725869,0.478973716204,37,37,37,1,0,0.405405405405,0.540540540541,0.0540540540541,37,336,0.252252252252,1.72379777729,18.1621621622,15.2727272727,9.6,5.17748069106,0.285069621383,0.140604890605,9.25976475097,1.01967647555,0.540057915058,8.0532201233,0.886812930245,0.470238095238,0.639074790675,0.370736520893,2,1.72379777729,0.639074790675,2,0.32551901387,0.353908138598,732,0.0942084942085,0.567178878991,37,37,37,1,0,0.405405405405,0.540540540541,0.0540540540541,-6,-0.0045045045045,-0.00149104082834,-0.324324324324,-0.272727272727,-0.171428571429,-0.190229464333,-0.00528896889432,-0.00203775203775,-0.248726791408,-0.00901997786194,-0.00443394522342,-9.32231323585e-05,0.0155480360397,0.00840784393416,-0.00152477965102,-0.000563381824311,0,-0.00149104082834,-0.00152477965102,0,-0.018552380377,-0.022660899059,-78,-0.0100386100386,-0.0023979493588,0,0,0,336,0,6,990,0.982456140351,1,0,0.0175438596491,1,0.982456140351,0.991150442478,0.988199235917,0.982456140351,0.982456140351,29,35,0,0,0,0
3738,WLNM_dir_neg,0.981020408163,0.856480731382,00:00:05,10,90,16,1241281851,threshold_sweep,0.3,1,0.828571428571,0.90625,29,0,6,70,0.828571428571,1,0,0.171428571429,1,0.828571428571,0.90625,0.942857142857,0.574603174603,0.865671641791,0.873589088037,0.828571428571,342,307,35,0,342,0,307,0,35,37,342,0.256756756757,1.72528881811,18.4864864865,15.5454545455,9.77142857143,5.36771015539,0.290358590277,0.142642642643,9.50849154237,1.02869645341,0.544491860281,8.05331334643,0.871264894205,0.461830251304,0.640599570326,0.371299902718,2,1.72528881811,0.640599570326,2,0.344071394247,0.376569037657,810,0.104247104247,0.56957682835,37,37,37,1,0,0.405405405405,0.540540540541,0.0540540540541,37,0.23048048048,1.73844584122,16.5945945946,13.9545454545,8.77142857143,4.81582725938,0.290204574262,0.144554978431,8.40259505174,1.01269060884,0.528919799278,7.20672858771,0.868563380278,0.470111805617,0.654628828712,0.376559806001,2,1.73844584122,0.654628828712,2,0.304939155913,0.327526132404,564,0.0725868725869,0.478973716204,37,37,37,1,0,0.405405405405,0.540540540541,0.0540540540541,37,336,0.252252252252,1.72379777729,18.1621621622,15.2727272727,9.6,5.17748069106,0.285069621383,0.140604890605,9.25976475097,1.01967647555,0.540057915058,8.0532201233,0.886812930245,0.470238095238,0.639074790675,0.370736520893,2,1.72379777729,0.639074790675,2,0.32551901387,0.353908138598,732,0.0942084942085,0.567178878991,37,37,37,1,0,0.405405405405,0.540540540541,0.0540540540541,-6,-0.0045045045045,-0.00149104082834,-0.324324324324,-0.272727272727,-0.171428571429,-0.190229464333,-0.00528896889432,-0.00203775203775,-0.248726791408,-0.00901997786194,-0.00443394522342,-9.32231323585e-05,0.0155480360397,0.00840784393416,-0.00152477965102,-0.000563381824311,0,-0.00149104082834,-0.00152477965102,0,-0.018552380377,-0.022660899059,-78,-0.0100386100386,-0.0023979493588,0,0,0,336,0,6,990,0.982456140351,1,0,0.0175438596491,1,0.982456140351,0.991150442478,0.988199235917,0.982456140351,0.982456140351,29,35,0,0,0,0
3739,WLNM_dir_neg,0.981020408163,0.856480731382,00:00:05,10,90,16,1241281851,threshold_sweep,0.4,1,0.828571428571,0.90625,29,0,6,70,0.828571428571,1,0,0.171428571429,1,0.828571428571,0.90625,0.942857142857,0.574603174603,0.865671641791,0.873589088037,0.828571428571,342,307,35,0,342,0,307,0,35,37,342,0.256756756757,1.72528881811,18.4864864865,15.5454545455,9.77142857143,5.36771015539,0.290358590277,0.142642642643,9.50849154237,1.02869645341,0.544491860281,8.05331334643,0.871264894205,0.461830251304,0.640599570326,0.371299902718,2,1.72528881811,0.640599570326,2,0.344071394247,0.376569037657,810,0.104247104247,0.56957682835,37,37,37,1,0,0.405405405405,0.540540540541,0.0540540540541,37,0.23048048048,1.73844584122,16.5945945946,13.9545454545,8.77142857143,4.81582725938,0.290204574262,0.144554978431,8.40259505174,1.01269060884,0.528919799278,7.20672858771,0.868563380278,0.470111805617,0.654628828712,0.376559806001,2,1.73844584122,0.654628828712,2,0.304939155913,0.327526132404,564,0.0725868725869,0.478973716204,37,37,37,1,0,0.405405405405,0.540540540541,0.0540540540541,37,336,0.252252252252,1.72379777729,18.1621621622,15.2727272727,9.6,5.17748069106,0.285069621383,0.140604890605,9.25976475097,1.01967647555,0.540057915058,8.0532201233,0.886812930245,0.470238095238,0.639074790675,0.370736520893,2,1.72379777729,0.639074790675,2,0.32551901387,0.353908138598,732,0.0942084942085,0.567178878991,37,37,37,1,0,0.405405405405,0.540540540541,0.0540540540541,-6,-0.0045045045045,-0.00149104082834,-0.324324324324,-0.272727272727,-0.171428571429,-0.190229464333,-0.00528896889432,-0.00203775203775,-0.248726791408,-0.00901997786194,-0.00443394522342,-9.32231323585e-05,0.0155480360397,0.00840784393416,-0.00152477965102,-0.000563381824311,0,-0.00149104082834,-0.00152477965102,0,-0.018552380377,-0.022660899059,-78,-0.0100386100386,-0.0023979493588,0,0,0,336,0,6,990,0.982456140351,1,0,0.0175438596491,1,0.982456140351,0.991150442478,0.988199235917,0.982456140351,0.982456140351,29,35,0,0,0,0
3740,WLNM_dir_neg,0.981020408163,0.856480731382,00:00:05,10,90,16,1241281851,threshold_sweep,0.5,1,0.828571428571,0.90625,29,0,6,70,0.828571428571,1,0,0.171428571429,1,0.828571428571,0.90625,0.942857142857,0.574603174603,0.865671641791,0.873589088037,0.828571428571,342,307,35,0,342,0,307,0,35,37,342,0.256756756757,1.72528881811,18.4864864865,15.5454545455,9.77142857143,5.36771015539,0.290358590277,0.142642642643,9.50849154237,1.02869645341,0.544491860281,8.05331334643,0.871264894205,0.461830251304,0.640599570326,0.371299902718,2,1.72528881811,0.640599570326,2,0.344071394247,0.376569037657,810,0.104247104247,0.56957682835,37,37,37,1,0,0.405405405405,0.540540540541,0.0540540540541,37,0.23048048048,1.73844584122,16.5945945946,13.9545454545,8.77142857143,4.81582725938,0.290204574262,0.144554978431,8.40259505174,1.01269060884,0.528919799278,7.20672858771,0.868563380278,0.470111805617,0.654628828712,0.376559806001,2,1.73844584122,0.654628828712,2,0.304939155913,0.327526132404,564,0.0725868725869,0.478973716204,37,37,37,1,0,0.405405405405,0.540540540541,0.0540540540541,37,336,0.252252252252,1.72379777729,18.1621621622,15.2727272727,9.6,5.17748069106,0.285069621383,0.140604890605,9.25976475097,1.01967647555,0.540057915058,8.0532201233,0.886812930245,0.470238095238,0.639074790675,0.370736520893,2,1.72379777729,0.639074790675,2,0.32551901387,0.353908138598,732,0.0942084942085,0.567178878991,37,37,37,1,0,0.405405405405,0.540540540541,0.0540540540541,-6,-0.0045045045045,-0.00149104082834,-0.324324324324,-0.272727272727,-0.171428571429,-0.190229464333,-0.00528896889432,-0.00203775203775,-0.248726791408,-0.00901997786194,-0.00443394522342,-9.32231323585e-05,0.0155480360397,0.00840784393416,-0.00152477965102,-0.000563381824311,0,-0.00149104082834,-0.00152477965102,0,-0.018552380377,-0.022660899059,-78,-0.0100386100386,-0.0023979493588,0,0,0,336,0,6,990,0.982456140351,1,0,0.0175438596491,1,0.982456140351,0.991150442478,0.988199235917,0.982456140351,0.982456140351,29,35,0,0,0,0
3741,WLNM_dir_neg,0.981020408163,0.856480731382,00:00:05,10,90,16,1241281851,threshold_sweep,0.6,1,0.828571428571,0.90625,29,0,6,70,0.828571428571,1,0,0.171428571429,1,0.828571428571,0.90625,0.942857142857,0.574603174603,0.865671641791,0.873589088037,0.828571428571,342,307,35,0,342,0,307,0,35,37,342,0.256756756757,1.72528881811,18.4864864865,15.5454545455,9.77142857143,5.36771015539,0.290358590277,0.142642642643,9.50849154237,1.02869645341,0.544491860281,8.05331334643,0.871264894205,0.461830251304,0.640599570326,0.371299902718,2,1.72528881811,0.640599570326,2,0.344071394247,0.376569037657,810,0.104247104247,0.56957682835,37,37,37,1,0,0.405405405405,0.540540540541,0.0540540540541,37,0.23048048048,1.73844584122,16.5945945946,13.9545454545,8.77142857143,4.81582725938,0.290204574262,0.144554978431,8.40259505174,1.01269060884,0.528919799278,7.20672858771,0.868563380278,0.470111805617,0.654628828712,0.376559806001,2,1.73844584122,0.654628828712,2,0.304939155913,0.327526132404,564,0.0725868725869,0.478973716204,37,37,37,1,0,0.405405405405,0.540540540541,0.0540540540541,37,336,0.252252252252,1.72379777729,18.1621621622,15.2727272727,9.6,5.17748069106,0.285069621383,0.140604890605,9.25976475097,1.01967647555,0.540057915058,8.0532201233,0.886812930245,0.470238095238,0.639074790675,0.370736520893,2,1.72379777729,0.639074790675,2,0.32551901387,0.353908138598,732,0.0942084942085,0.567178878991,37,37,37,1,0,0.405405405405,0.540540540541,0.0540540540541,-6,-0.0045045045045,-0.00149104082834,-0.324324324324,-0.272727272727,-0.171428571429,-0.190229464333,-0.00528896889432,-0.00203775203775,-0.248726791408,-0.00901997786194,-0.00443394522342,-9.32231323585e-05,0.0155480360397,0.00840784393416,-0.00152477965102,-0.000563381824311,0,-0.00149104082834,-0.00152477965102,0,-0.018552380377,-0.022660899059,-78,-0.0100386100386,-0.0023979493588,0,0,0,336,0,6,990,0.982456140351,1,0,0.0175438596491,1,0.982456140351,0.991150442478,0.988199235917,0.982456140351,0.982456140351,29,35,0,0,0,0
3742,WLNM_dir_neg,0.981020408163,0.856480731382,00:00:05,10,90,16,1241281851,threshold_sweep,0.7,1,0.828571428571,0.90625,29,0,6,70,0.828571428571,1,0,0.171428571429,1,0.828571428571,0.90625,0.942857142857,0.574603174603,0.865671641791,0.873589088037,0.828571428571,342,307,35,0,342,0,307,0,35,37,342,0.256756756757,1.72528881811,18.4864864865,15.5454545455,9.77142857143,5.36771015539,0.290358590277,0.142642642643,9.50849154237,1.02869645341,0.544491860281,8.05331334643,0.871264894205,0.461830251304,0.640599570326,0.371299902718,2,1.72528881811,0.640599570326,2,0.344071394247,0.376569037657,810,0.104247104247,0.56957682835,37,37,37,1,0,0.405405405405,0.540540540541,0.0540540540541,37,0.23048048048,1.73844584122,16.5945945946,13.9545454545,8.77142857143,4.81582725938,0.290204574262,0.144554978431,8.40259505174,1.01269060884,0.528919799278,7.20672858771,0.868563380278,0.470111805617,0.654628828712,0.376559806001,2,1.73844584122,0.654628828712,2,0.304939155913,0.327526132404,564,0.0725868725869,0.478973716204,37,37,37,1,0,0.405405405405,0.540540540541,0.0540540540541,37,336,0.252252252252,1.72379777729,18.1621621622,15.2727272727,9.6,5.17748069106,0.285069621383,0.140604890605,9.25976475097,1.01967647555,0.540057915058,8.0532201233,0.886812930245,0.470238095238,0.639074790675,0.370736520893,2,1.72379777729,0.639074790675,2,0.32551901387,0.353908138598,732,0.0942084942085,0.567178878991,37,37,37,1,0,0.405405405405,0.540540540541,0.0540540540541,-6,-0.0045045045045,-0.00149104082834,-0.324324324324,-0.272727272727,-0.171428571429,-0.190229464333,-0.00528896889432,-0.00203775203775,-0.248726791408,-0.00901997786194,-0.00443394522342,-9.32231323585e-05,0.0155480360397,0.00840784393416,-0.00152477965102,-0.000563381824311,0,-0.00149104082834,-0.00152477965102,0,-0.018552380377,-0.022660899059,-78,-0.0100386100386,-0.0023979493588,0,0,0,336,0,6,990,0.982456140351,1,0,0.0175438596491,1,0.982456140351,0.991150442478,0.988199235917,0.982456140351,0.982456140351,29,35,0,0,0,0
3743,WLNM_dir_neg,0.981020408163,0.856480731382,00:00:05,10,90,16,1241281851,threshold_sweep,0.8,1,0.828571428571,0.90625,29,0,6,70,0.828571428571,1,0,0.171428571429,1,0.828571428571,0.90625,0.942857142857,0.574603174603,0.865671641791,0.873589088037,0.828571428571,342,307,35,0,342,0,307,0,35,37,342,0.256756756757,1.72528881811,18.4864864865,15.5454545455,9.77142857143,5.36771015539,0.290358590277,0.142642642643,9.50849154237,1.02869645341,0.544491860281,8.05331334643,0.871264894205,0.461830251304,0.640599570326,0.371299902718,2,1.72528881811,0.640599570326,2,0.344071394247,0.376569037657,810,0.104247104247,0.56957682835,37,37,37,1,0,0.405405405405,0.540540540541,0.0540540540541,37,0.23048048048,1.73844584122,16.5945945946,13.9545454545,8.77142857143,4.81582725938,0.290204574262,0.144554978431,8.40259505174,1.01269060884,0.528919799278,7.20672858771,0.868563380278,0.470111805617,0.654628828712,0.376559806001,2,1.73844584122,0.654628828712,2,0.304939155913,0.327526132404,564,0.0725868725869,0.478973716204,37,37,37,1,0,0.405405405405,0.540540540541,0.0540540540541,37,336,0.252252252252,1.72379777729,18.1621621622,15.2727272727,9.6,5.17748069106,0.285069621383,0.140604890605,9.25976475097,1.01967647555,0.540057915058,8.0532201233,0.886812930245,0.470238095238,0.639074790675,0.370736520893,2,1.72379777729,0.639074790675,2,0.32551901387,0.353908138598,732,0.0942084942085,0.567178878991,37,37,37,1,0,0.405405405405,0.540540540541,0.0540540540541,-6,-0.0045045045045,-0.00149104082834,-0.324324324324,-0.272727272727,-0.171428571429,-0.190229464333,-0.00528896889432,-0.00203775203775,-0.248726791408,-0.00901997786194,-0.00443394522342,-9.32231323585e-05,0.0155480360397,0.00840784393416,-0.00152477965102,-0.000563381824311,0,-0.00149104082834,-0.00152477965102,0,-0.018552380377,-0.022660899059,-78,-0.0100386100386,-0.0023979493588,0,0,0,336,0,6,990,0.982456140351,1,0,0.0175438596491,1,0.982456140351,0.991150442478,0.988199235917,0.982456140351,0.982456140351,29,35,0,0,0,0
3744,WLNM_dir_neg,0.981020408163,0.856480731382,00:00:05,10,90,16,1241281851,threshold_sweep,0.9,1,0.828571428571,0.90625,29,0,6,70,0.828571428571,1,0,0.171428571429,1,0.828571428571,0.90625,0.942857142857,0.574603174603,0.865671641791,0.873589088037,0.828571428571,342,307,35,0,342,0,307,0,35,37,342,0.256756756757,1.72528881811,18.4864864865,15.5454545455,9.77142857143,5.36771015539,0.290358590277,0.142642642643,9.50849154237,1.02869645341,0.544491860281,8.05331334643,0.871264894205,0.461830251304,0.640599570326,0.371299902718,2,1.72528881811,0.640599570326,2,0.344071394247,0.376569037657,810,0.104247104247,0.56957682835,37,37,37,1,0,0.405405405405,0.540540540541,0.0540540540541,37,0.23048048048,1.73844584122,16.5945945946,13.9545454545,8.77142857143,4.81582725938,0.290204574262,0.144554978431,8.40259505174,1.01269060884,0.528919799278,7.20672858771,0.868563380278,0.470111805617,0.654628828712,0.376559806001,2,1.73844584122,0.654628828712,2,0.304939155913,0.327526132404,564,0.0725868725869,0.478973716204,37,37,37,1,0,0.405405405405,0.540540540541,0.0540540540541,37,336,0.252252252252,1.72379777729,18.1621621622,15.2727272727,9.6,5.17748069106,0.285069621383,0.140604890605,9.25976475097,1.01967647555,0.540057915058,8.0532201233,0.886812930245,0.470238095238,0.639074790675,0.370736520893,2,1.72379777729,0.639074790675,2,0.32551901387,0.353908138598,732,0.0942084942085,0.567178878991,37,37,37,1,0,0.405405405405,0.540540540541,0.0540540540541,-6,-0.0045045045045,-0.00149104082834,-0.324324324324,-0.272727272727,-0.171428571429,-0.190229464333,-0.00528896889432,-0.00203775203775,-0.248726791408,-0.00901997786194,-0.00443394522342,-9.32231323585e-05,0.0155480360397,0.00840784393416,-0.00152477965102,-0.000563381824311,0,-0.00149104082834,-0.00152477965102,0,-0.018552380377,-0.022660899059,-78,-0.0100386100386,-0.0023979493588,0,0,0,336,0,6,990,0.982456140351,1,0,0.0175438596491,1,0.982456140351,0.991150442478,0.988199235917,0.982456140351,0.982456140351,29,35,0,0,0,0
3745,WLNM_dir_neg,0.979387755102,0.943042441059,00:00:05,10,90,17,1241281852,threshold_sweep,0.1,1,0.828571428571,0.90625,29,0,6,70,0.828571428571,1,0,0.171428571429,1,0.828571428571,0.90625,0.942857142857,0.574603174603,0.865671641791,0.873589088037,0.828571428571,342,307,35,0,342,0,307,0,35,37,342,0.256756756757,1.72528881811,18.4864864865,15.5454545455,9.77142857143,5.36771015539,0.290358590277,0.142642642643,9.50849154237,1.02869645341,0.544491860281,8.05331334643,0.871264894205,0.461830251304,0.640599570326,0.371299902718,2,1.72528881811,0.640599570326,2,0.344071394247,0.376569037657,810,0.104247104247,0.56957682835,37,37,37,1,0,0.405405405405,0.540540540541,0.0540540540541,37,0.23048048048,1.73133091114,16.5945945946,13.9545454545,8.77142857143,4.46255693683,0.268916297496,0.13090941104,8.29278422909,0.999456079728,0.523813715996,7.3403938165,0.884672870393,0.475922176248,0.647123995888,0.373772565213,2,1.73133091114,0.647123995888,2,0.268504907145,0.294014084507,501,0.0644787644788,0.493119892857,37,37,37,1,0,0.405405405405,0.540540540541,0.0540540540541,37,336,0.252252252252,1.72316182341,18.1621621622,15.2727272727,9.6,5.26262246368,0.289757486839,0.141650579151,9.29868084545,1.02396187881,0.541666666667,8.09793656289,0.891737061985,0.471525096525,0.637524282095,0.369973541332,2,1.72316182341,0.637524282095,2,0.330581676054,0.358360128617,743,0.0956241956242,0.570083144302,37,37,37,1,0,0.405405405405,0.540540540541,0.0540540540541,-6,-0.0045045045045,-0.00212699470312,-0.324324324324,-0.272727272727,-0.171428571429,-0.105087691717,-0.000601103437778,-0.000992063492063,-0.209810696929,-0.00473457460081,-0.00282519361467,0.0446232164549,0.0204721677799,0.00969484522116,-0.00307528823073,-0.00132636138598,0,-0.00212699470312,-0.00307528823073,0,-0.0134897181935,-0.0182089090395,-67,-0.00862290862291,0.000506315952555,0,0,0,336,0,6,990,0.982456140351,1,0,0.0175438596491,1,0.982456140351,0.991150442478,0.988199235917,0.982456140351,0.982456140351,29,35,0,0,0,0
3746,WLNM_dir_neg,0.979387755102,0.943042441059,00:00:05,10,90,17,1241281852,threshold_sweep,0.2,1,0.828571428571,0.90625,29,0,6,70,0.828571428571,1,0,0.171428571429,1,0.828571428571,0.90625,0.942857142857,0.574603174603,0.865671641791,0.873589088037,0.828571428571,342,307,35,0,342,0,307,0,35,37,342,0.256756756757,1.72528881811,18.4864864865,15.5454545455,9.77142857143,5.36771015539,0.290358590277,0.142642642643,9.50849154237,1.02869645341,0.544491860281,8.05331334643,0.871264894205,0.461830251304,0.640599570326,0.371299902718,2,1.72528881811,0.640599570326,2,0.344071394247,0.376569037657,810,0.104247104247,0.56957682835,37,37,37,1,0,0.405405405405,0.540540540541,0.0540540540541,37,0.23048048048,1.73133091114,16.5945945946,13.9545454545,8.77142857143,4.46255693683,0.268916297496,0.13090941104,8.29278422909,0.999456079728,0.523813715996,7.3403938165,0.884672870393,0.475922176248,0.647123995888,0.373772565213,2,1.73133091114,0.647123995888,2,0.268504907145,0.294014084507,501,0.0644787644788,0.493119892857,37,37,37,1,0,0.405405405405,0.540540540541,0.0540540540541,37,336,0.252252252252,1.72316182341,18.1621621622,15.2727272727,9.6,5.26262246368,0.289757486839,0.141650579151,9.29868084545,1.02396187881,0.541666666667,8.09793656289,0.891737061985,0.471525096525,0.637524282095,0.369973541332,2,1.72316182341,0.637524282095,2,0.330581676054,0.358360128617,743,0.0956241956242,0.570083144302,37,37,37,1,0,0.405405405405,0.540540540541,0.0540540540541,-6,-0.0045045045045,-0.00212699470312,-0.324324324324,-0.272727272727,-0.171428571429,-0.105087691717,-0.000601103437778,-0.000992063492063,-0.209810696929,-0.00473457460081,-0.00282519361467,0.0446232164549,0.0204721677799,0.00969484522116,-0.00307528823073,-0.00132636138598,0,-0.00212699470312,-0.00307528823073,0,-0.0134897181935,-0.0182089090395,-67,-0.00862290862291,0.000506315952555,0,0,0,336,0,6,990,0.982456140351,1,0,0.0175438596491,1,0.982456140351,0.991150442478,0.988199235917,0.982456140351,0.982456140351,29,35,0,0,0,0
3747,WLNM_dir_neg,0.979387755102,0.943042441059,00:00:05,10,90,17,1241281852,threshold_sweep,0.3,1,0.828571428571,0.90625,29,0,6,70,0.828571428571,1,0,0.171428571429,1,0.828571428571,0.90625,0.942857142857,0.574603174603,0.865671641791,0.873589088037,0.828571428571,342,307,35,0,342,0,307,0,35,37,342,0.256756756757,1.72528881811,18.4864864865,15.5454545455,9.77142857143,5.36771015539,0.290358590277,0.142642642643,9.50849154237,1.02869645341,0.544491860281,8.05331334643,0.871264894205,0.461830251304,0.640599570326,0.371299902718,2,1.72528881811,0.640599570326,2,0.344071394247,0.376569037657,810,0.104247104247,0.56957682835,37,37,37,1,0,0.405405405405,0.540540540541,0.0540540540541,37,0.23048048048,1.73133091114,16.5945945946,13.9545454545,8.77142857143,4.46255693683,0.268916297496,0.13090941104,8.29278422909,0.999456079728,0.523813715996,7.3403938165,0.884672870393,0.475922176248,0.647123995888,0.373772565213,2,1.73133091114,0.647123995888,2,0.268504907145,0.294014084507,501,0.0644787644788,0.493119892857,37,37,37,1,0,0.405405405405,0.540540540541,0.0540540540541,37,336,0.252252252252,1.72316182341,18.1621621622,15.2727272727,9.6,5.26262246368,0.289757486839,0.141650579151,9.29868084545,1.02396187881,0.541666666667,8.09793656289,0.891737061985,0.471525096525,0.637524282095,0.369973541332,2,1.72316182341,0.637524282095,2,0.330581676054,0.358360128617,743,0.0956241956242,0.570083144302,37,37,37,1,0,0.405405405405,0.540540540541,0.0540540540541,-6,-0.0045045045045,-0.00212699470312,-0.324324324324,-0.272727272727,-0.171428571429,-0.105087691717,-0.000601103437778,-0.000992063492063,-0.209810696929,-0.00473457460081,-0.00282519361467,0.0446232164549,0.0204721677799,0.00969484522116,-0.00307528823073,-0.00132636138598,0,-0.00212699470312,-0.00307528823073,0,-0.0134897181935,-0.0182089090395,-67,-0.00862290862291,0.000506315952555,0,0,0,336,0,6,990,0.982456140351,1,0,0.0175438596491,1,0.982456140351,0.991150442478,0.988199235917,0.982456140351,0.982456140351,29,35,0,0,0,0
3748,WLNM_dir_neg,0.979387755102,0.943042441059,00:00:05,10,90,17,1241281852,threshold_sweep,0.4,1,0.828571428571,0.90625,29,0,6,70,0.828571428571,1,0,0.171428571429,1,0.828571428571,0.90625,0.942857142857,0.574603174603,0.865671641791,0.873589088037,0.828571428571,342,307,35,0,342,0,307,0,35,37,342,0.256756756757,1.72528881811,18.4864864865,15.5454545455,9.77142857143,5.36771015539,0.290358590277,0.142642642643,9.50849154237,1.02869645341,0.544491860281,8.05331334643,0.871264894205,0.461830251304,0.640599570326,0.371299902718,2,1.72528881811,0.640599570326,2,0.344071394247,0.376569037657,810,0.104247104247,0.56957682835,37,37,37,1,0,0.405405405405,0.540540540541,0.0540540540541,37,0.23048048048,1.73133091114,16.5945945946,13.9545454545,8.77142857143,4.46255693683,0.268916297496,0.13090941104,8.29278422909,0.999456079728,0.523813715996,7.3403938165,0.884672870393,0.475922176248,0.647123995888,0.373772565213,2,1.73133091114,0.647123995888,2,0.268504907145,0.294014084507,501,0.0644787644788,0.493119892857,37,37,37,1,0,0.405405405405,0.540540540541,0.0540540540541,37,336,0.252252252252,1.72316182341,18.1621621622,15.2727272727,9.6,5.26262246368,0.289757486839,0.141650579151,9.29868084545,1.02396187881,0.541666666667,8.09793656289,0.891737061985,0.471525096525,0.637524282095,0.369973541332,2,1.72316182341,0.637524282095,2,0.330581676054,0.358360128617,743,0.0956241956242,0.570083144302,37,37,37,1,0,0.405405405405,0.540540540541,0.0540540540541,-6,-0.0045045045045,-0.00212699470312,-0.324324324324,-0.272727272727,-0.171428571429,-0.105087691717,-0.000601103437778,-0.000992063492063,-0.209810696929,-0.00473457460081,-0.00282519361467,0.0446232164549,0.0204721677799,0.00969484522116,-0.00307528823073,-0.00132636138598,0,-0.00212699470312,-0.00307528823073,0,-0.0134897181935,-0.0182089090395,-67,-0.00862290862291,0.000506315952555,0,0,0,336,0,6,990,0.982456140351,1,0,0.0175438596491,1,0.982456140351,0.991150442478,0.988199235917,0.982456140351,0.982456140351,29,35,0,0,0,0
3749,WLNM_dir_neg,0.979387755102,0.943042441059,00:00:05,10,90,17,1241281852,threshold_sweep,0.5,1,0.828571428571,0.90625,29,0,6,70,0.828571428571,1,0,0.171428571429,1,0.828571428571,0.90625,0.942857142857,0.574603174603,0.865671641791,0.873589088037,0.828571428571,342,307,35,0,342,0,307,0,35,37,342,0.256756756757,1.72528881811,18.4864864865,15.5454545455,9.77142857143,5.36771015539,0.290358590277,0.142642642643,9.50849154237,1.02869645341,0.544491860281,8.05331334643,0.871264894205,0.461830251304,0.640599570326,0.371299902718,2,1.72528881811,0.640599570326,2,0.344071394247,0.376569037657,810,0.104247104247,0.56957682835,37,37,37,1,0,0.405405405405,0.540540540541,0.0540540540541,37,0.23048048048,1.73133091114,16.5945945946,13.9545454545,8.77142857143,4.46255693683,0.268916297496,0.13090941104,8.29278422909,0.999456079728,0.523813715996,7.3403938165,0.884672870393,0.475922176248,0.647123995888,0.373772565213,2,1.73133091114,0.647123995888,2,0.268504907145,0.294014084507,501,0.0644787644788,0.493119892857,37,37,37,1,0,0.405405405405,0.540540540541,0.0540540540541,37,336,0.252252252252,1.72316182341,18.1621621622,15.2727272727,9.6,5.26262246368,0.289757486839,0.141650579151,9.29868084545,1.02396187881,0.541666666667,8.09793656289,0.891737061985,0.471525096525,0.637524282095,0.369973541332,2,1.72316182341,0.637524282095,2,0.330581676054,0.358360128617,743,0.0956241956242,0.570083144302,37,37,37,1,0,0.405405405405,0.540540540541,0.0540540540541,-6,-0.0045045045045,-0.00212699470312,-0.324324324324,-0.272727272727,-0.171428571429,-0.105087691717,-0.000601103437778,-0.000992063492063,-0.209810696929,-0.00473457460081,-0.00282519361467,0.0446232164549,0.0204721677799,0.00969484522116,-0.00307528823073,-0.00132636138598,0,-0.00212699470312,-0.00307528823073,0,-0.0134897181935,-0.0182089090395,-67,-0.00862290862291,0.000506315952555,0,0,0,336,0,6,990,0.982456140351,1,0,0.0175438596491,1,0.982456140351,0.991150442478,0.988199235917,0.982456140351,0.982456140351,29,35,0,0,0,0
3750,WLNM_dir_neg,0.979387755102,0.943042441059,00:00:05,10,90,17,1241281852,threshold_sweep,0.6,1,0.828571428571,0.90625,29,0,6,70,0.828571428571,1,0,0.171428571429,1,0.828571428571,0.90625,0.942857142857,0.574603174603,0.865671641791,0.873589088037,0.828571428571,342,307,35,0,342,0,307,0,35,37,342,0.256756756757,1.72528881811,18.4864864865,15.5454545455,9.77142857143,5.36771015539,0.290358590277,0.142642642643,9.50849154237,1.02869645341,0.544491860281,8.05331334643,0.871264894205,0.461830251304,0.640599570326,0.371299902718,2,1.72528881811,0.640599570326,2,0.344071394247,0.376569037657,810,0.104247104247,0.56957682835,37,37,37,1,0,0.405405405405,0.540540540541,0.0540540540541,37,0.23048048048,1.73133091114,16.5945945946,13.9545454545,8.77142857143,4.46255693683,0.268916297496,0.13090941104,8.29278422909,0.999456079728,0.523813715996,7.3403938165,0.884672870393,0.475922176248,0.647123995888,0.373772565213,2,1.73133091114,0.647123995888,2,0.268504907145,0.294014084507,501,0.0644787644788,0.493119892857,37,37,37,1,0,0.405405405405,0.540540540541,0.0540540540541,37,336,0.252252252252,1.72316182341,18.1621621622,15.2727272727,9.6,5.26262246368,0.289757486839,0.141650579151,9.29868084545,1.02396187881,0.541666666667,8.09793656289,0.891737061985,0.471525096525,0.637524282095,0.369973541332,2,1.72316182341,0.637524282095,2,0.330581676054,0.358360128617,743,0.0956241956242,0.570083144302,37,37,37,1,0,0.405405405405,0.540540540541,0.0540540540541,-6,-0.0045045045045,-0.00212699470312,-0.324324324324,-0.272727272727,-0.171428571429,-0.105087691717,-0.000601103437778,-0.000992063492063,-0.209810696929,-0.00473457460081,-0.00282519361467,0.0446232164549,0.0204721677799,0.00969484522116,-0.00307528823073,-0.00132636138598,0,-0.00212699470312,-0.00307528823073,0,-0.0134897181935,-0.0182089090395,-67,-0.00862290862291,0.000506315952555,0,0,0,336,0,6,990,0.982456140351,1,0,0.0175438596491,1,0.982456140351,0.991150442478,0.988199235917,0.982456140351,0.982456140351,29,35,0,0,0,0
3751,WLNM_dir_neg,0.979387755102,0.943042441059,00:00:05,10,90,17,1241281852,threshold_sweep,0.7,1,0.828571428571,0.90625,29,0,6,70,0.828571428571,1,0,0.171428571429,1,0.828571428571,0.90625,0.942857142857,0.574603174603,0.865671641791,0.873589088037,0.828571428571,342,307,35,0,342,0,307,0,35,37,342,0.256756756757,1.72528881811,18.4864864865,15.5454545455,9.77142857143,5.36771015539,0.290358590277,0.142642642643,9.50849154237,1.02869645341,0.544491860281,8.05331334643,0.871264894205,0.461830251304,0.640599570326,0.371299902718,2,1.72528881811,0.640599570326,2,0.344071394247,0.376569037657,810,0.104247104247,0.56957682835,37,37,37,1,0,0.405405405405,0.540540540541,0.0540540540541,37,0.23048048048,1.73133091114,16.5945945946,13.9545454545,8.77142857143,4.46255693683,0.268916297496,0.13090941104,8.29278422909,0.999456079728,0.523813715996,7.3403938165,0.884672870393,0.475922176248,0.647123995888,0.373772565213,2,1.73133091114,0.647123995888,2,0.268504907145,0.294014084507,501,0.0644787644788,0.493119892857,37,37,37,1,0,0.405405405405,0.540540540541,0.0540540540541,37,336,0.252252252252,1.72316182341,18.1621621622,15.2727272727,9.6,5.26262246368,0.289757486839,0.141650579151,9.29868084545,1.02396187881,0.541666666667,8.09793656289,0.891737061985,0.471525096525,0.637524282095,0.369973541332,2,1.72316182341,0.637524282095,2,0.330581676054,0.358360128617,743,0.0956241956242,0.570083144302,37,37,37,1,0,0.405405405405,0.540540540541,0.0540540540541,-6,-0.0045045045045,-0.00212699470312,-0.324324324324,-0.272727272727,-0.171428571429,-0.105087691717,-0.000601103437778,-0.000992063492063,-0.209810696929,-0.00473457460081,-0.00282519361467,0.0446232164549,0.0204721677799,0.00969484522116,-0.00307528823073,-0.00132636138598,0,-0.00212699470312,-0.00307528823073,0,-0.0134897181935,-0.0182089090395,-67,-0.00862290862291,0.000506315952555,0,0,0,336,0,6,990,0.982456140351,1,0,0.0175438596491,1,0.982456140351,0.991150442478,0.988199235917,0.982456140351,0.982456140351,29,35,0,0,0,0
3752,WLNM_dir_neg,0.979387755102,0.943042441059,00:00:05,10,90,17,1241281852,threshold_sweep,0.8,1,0.828571428571,0.90625,29,0,6,70,0.828571428571,1,0,0.171428571429,1,0.828571428571,0.90625,0.942857142857,0.574603174603,0.865671641791,0.873589088037,0.828571428571,342,307,35,0,342,0,307,0,35,37,342,0.256756756757,1.72528881811,18.4864864865,15.5454545455,9.77142857143,5.36771015539,0.290358590277,0.142642642643,9.50849154237,1.02869645341,0.544491860281,8.05331334643,0.871264894205,0.461830251304,0.640599570326,0.371299902718,2,1.72528881811,0.640599570326,2,0.344071394247,0.376569037657,810,0.104247104247,0.56957682835,37,37,37,1,0,0.405405405405,0.540540540541,0.0540540540541,37,0.23048048048,1.73133091114,16.5945945946,13.9545454545,8.77142857143,4.46255693683,0.268916297496,0.13090941104,8.29278422909,0.999456079728,0.523813715996,7.3403938165,0.884672870393,0.475922176248,0.647123995888,0.373772565213,2,1.73133091114,0.647123995888,2,0.268504907145,0.294014084507,501,0.0644787644788,0.493119892857,37,37,37,1,0,0.405405405405,0.540540540541,0.0540540540541,37,336,0.252252252252,1.72316182341,18.1621621622,15.2727272727,9.6,5.26262246368,0.289757486839,0.141650579151,9.29868084545,1.02396187881,0.541666666667,8.09793656289,0.891737061985,0.471525096525,0.637524282095,0.369973541332,2,1.72316182341,0.637524282095,2,0.330581676054,0.358360128617,743,0.0956241956242,0.570083144302,37,37,37,1,0,0.405405405405,0.540540540541,0.0540540540541,-6,-0.0045045045045,-0.00212699470312,-0.324324324324,-0.272727272727,-0.171428571429,-0.105087691717,-0.000601103437778,-0.000992063492063,-0.209810696929,-0.00473457460081,-0.00282519361467,0.0446232164549,0.0204721677799,0.00969484522116,-0.00307528823073,-0.00132636138598,0,-0.00212699470312,-0.00307528823073,0,-0.0134897181935,-0.0182089090395,-67,-0.00862290862291,0.000506315952555,0,0,0,336,0,6,990,0.982456140351,1,0,0.0175438596491,1,0.982456140351,0.991150442478,0.988199235917,0.982456140351,0.982456140351,29,35,0,0,0,0
3753,WLNM_dir_neg,0.979387755102,0.943042441059,00:00:05,10,90,17,1241281852,threshold_sweep,0.9,1,0.828571428571,0.90625,29,0,6,70,0.828571428571,1,0,0.171428571429,1,0.828571428571,0.90625,0.942857142857,0.574603174603,0.865671641791,0.873589088037,0.828571428571,342,307,35,0,342,0,307,0,35,37,342,0.256756756757,1.72528881811,18.4864864865,15.5454545455,9.77142857143,5.36771015539,0.290358590277,0.142642642643,9.50849154237,1.02869645341,0.544491860281,8.05331334643,0.871264894205,0.461830251304,0.640599570326,0.371299902718,2,1.72528881811,0.640599570326,2,0.344071394247,0.376569037657,810,0.104247104247,0.56957682835,37,37,37,1,0,0.405405405405,0.540540540541,0.0540540540541,37,0.23048048048,1.73133091114,16.5945945946,13.9545454545,8.77142857143,4.46255693683,0.268916297496,0.13090941104,8.29278422909,0.999456079728,0.523813715996,7.3403938165,0.884672870393,0.475922176248,0.647123995888,0.373772565213,2,1.73133091114,0.647123995888,2,0.268504907145,0.294014084507,501,0.0644787644788,0.493119892857,37,37,37,1,0,0.405405405405,0.540540540541,0.0540540540541,37,336,0.252252252252,1.72316182341,18.1621621622,15.2727272727,9.6,5.26262246368,0.289757486839,0.141650579151,9.29868084545,1.02396187881,0.541666666667,8.09793656289,0.891737061985,0.471525096525,0.637524282095,0.369973541332,2,1.72316182341,0.637524282095,2,0.330581676054,0.358360128617,743,0.0956241956242,0.570083144302,37,37,37,1,0,0.405405405405,0.540540540541,0.0540540540541,-6,-0.0045045045045,-0.00212699470312,-0.324324324324,-0.272727272727,-0.171428571429,-0.105087691717,-0.000601103437778,-0.000992063492063,-0.209810696929,-0.00473457460081,-0.00282519361467,0.0446232164549,0.0204721677799,0.00969484522116,-0.00307528823073,-0.00132636138598,0,-0.00212699470312,-0.00307528823073,0,-0.0134897181935,-0.0182089090395,-67,-0.00862290862291,0.000506315952555,0,0,0,336,0,6,990,0.982456140351,1,0,0.0175438596491,1,0.982456140351,0.991150442478,0.988199235917,0.982456140351,0.982456140351,29,35,0,0,0,0
3754,WLNM_dir_neg,0.982040816327,0.684919472321,00:00:05,10,90,18,1241281853,threshold_sweep,0.1,1,0.857142857143,0.923076923077,30,0,5,70,0.857142857143,1,0,0.142857142857,1,0.857142857143,0.923076923077,0.952380952381,0.571428571429,0.888888888889,0.894427191,0.857142857143,342,307,35,0,342,0,307,0,35,37,342,0.256756756757,1.72528881811,18.4864864865,15.5454545455,9.77142857143,5.36771015539,0.290358590277,0.142642642643,9.50849154237,1.02869645341,0.544491860281,8.05331334643,0.871264894205,0.461830251304,0.640599570326,0.371299902718,2,1.72528881811,0.640599570326,2,0.344071394247,0.376569037657,810,0.104247104247,0.56957682835,37,37,37,1,0,0.405405405405,0.540540540541,0.0540540540541,37,0.23048048048,1.75140094861,16.5945945946,13.9545454545,8.77142857143,4.92420021402,0.29673519205,0.141649793116,8.48483897858,1.02260274335,0.526278721718,7.21443331441,0.869491962974,0.468879302756,0.675413176378,0.38564166413,2,1.75140094861,0.675413176378,2,0.312413921302,0.321118611379,555,0.0714285714286,0.478185251026,37,37,37,1,0,0.405405405405,0.540540540541,0.0540540540541,37,337,0.253003003003,1.72264699199,18.2162162162,15.3181818182,9.62857142857,5.27117494353,0.28936717049,0.13994706873,9.32971294004,1.02433050084,0.541984120619,8.11645716288,0.891124376933,0.468682332184,0.637484423249,0.370060973729,2,1.72264699199,0.637484423249,2,0.328830548701,0.356663470757,744,0.0957528957529,0.573925784208,37,37,37,1,0,0.405405405405,0.540540540541,0.0540540540541,-5,-0.00375375375375,-0.00264182612168,-0.27027027027,-0.227272727273,-0.142857142857,-0.0965352118645,-0.000991419786672,-0.00269557391219,-0.178778602335,-0.00436595257959,-0.0025077396622,0.0631438164464,0.0198594827286,0.00685208087988,-0.00311514707718,-0.00123892898843,0,-0.00264182612168,-0.00311514707718,0,-0.0152408455464,-0.0199055668995,-66,-0.00849420849421,0.00434895585797,0,0,0,337,0,5,990,0.985380116959,1,0,0.0146198830409,1,0.985380116959,0.99263622975,0.990165874023,0.985380116959,0.985380116959,30,35,0,0,0,0
3755,WLNM_dir_neg,0.982040816327,0.684919472321,00:00:05,10,90,18,1241281853,threshold_sweep,0.2,1,0.857142857143,0.923076923077,30,0,5,70,0.857142857143,1,0,0.142857142857,1,0.857142857143,0.923076923077,0.952380952381,0.571428571429,0.888888888889,0.894427191,0.857142857143,342,307,35,0,342,0,307,0,35,37,342,0.256756756757,1.72528881811,18.4864864865,15.5454545455,9.77142857143,5.36771015539,0.290358590277,0.142642642643,9.50849154237,1.02869645341,0.544491860281,8.05331334643,0.871264894205,0.461830251304,0.640599570326,0.371299902718,2,1.72528881811,0.640599570326,2,0.344071394247,0.376569037657,810,0.104247104247,0.56957682835,37,37,37,1,0,0.405405405405,0.540540540541,0.0540540540541,37,0.23048048048,1.75140094861,16.5945945946,13.9545454545,8.77142857143,4.92420021402,0.29673519205,0.141649793116,8.48483897858,1.02260274335,0.526278721718,7.21443331441,0.869491962974,0.468879302756,0.675413176378,0.38564166413,2,1.75140094861,0.675413176378,2,0.312413921302,0.321118611379,555,0.0714285714286,0.478185251026,37,37,37,1,0,0.405405405405,0.540540540541,0.0540540540541,37,337,0.253003003003,1.72264699199,18.2162162162,15.3181818182,9.62857142857,5.27117494353,0.28936717049,0.13994706873,9.32971294004,1.02433050084,0.541984120619,8.11645716288,0.891124376933,0.468682332184,0.637484423249,0.370060973729,2,1.72264699199,0.637484423249,2,0.328830548701,0.356663470757,744,0.0957528957529,0.573925784208,37,37,37,1,0,0.405405405405,0.540540540541,0.0540540540541,-5,-0.00375375375375,-0.00264182612168,-0.27027027027,-0.227272727273,-0.142857142857,-0.0965352118645,-0.000991419786672,-0.00269557391219,-0.178778602335,-0.00436595257959,-0.0025077396622,0.0631438164464,0.0198594827286,0.00685208087988,-0.00311514707718,-0.00123892898843,0,-0.00264182612168,-0.00311514707718,0,-0.0152408455464,-0.0199055668995,-66,-0.00849420849421,0.00434895585797,0,0,0,337,0,5,990,0.985380116959,1,0,0.0146198830409,1,0.985380116959,0.99263622975,0.990165874023,0.985380116959,0.985380116959,30,35,0,0,0,0
3756,WLNM_dir_neg,0.982040816327,0.684919472321,00:00:05,10,90,18,1241281853,threshold_sweep,0.3,1,0.857142857143,0.923076923077,30,0,5,70,0.857142857143,1,0,0.142857142857,1,0.857142857143,0.923076923077,0.952380952381,0.571428571429,0.888888888889,0.894427191,0.857142857143,342,307,35,0,342,0,307,0,35,37,342,0.256756756757,1.72528881811,18.4864864865,15.5454545455,9.77142857143,5.36771015539,0.290358590277,0.142642642643,9.50849154237,1.02869645341,0.544491860281,8.05331334643,0.871264894205,0.461830251304,0.640599570326,0.371299902718,2,1.72528881811,0.640599570326,2,0.344071394247,0.376569037657,810,0.104247104247,0.56957682835,37,37,37,1,0,0.405405405405,0.540540540541,0.0540540540541,37,0.23048048048,1.75140094861,16.5945945946,13.9545454545,8.77142857143,4.92420021402,0.29673519205,0.141649793116,8.48483897858,1.02260274335,0.526278721718,7.21443331441,0.869491962974,0.468879302756,0.675413176378,0.38564166413,2,1.75140094861,0.675413176378,2,0.312413921302,0.321118611379,555,0.0714285714286,0.478185251026,37,37,37,1,0,0.405405405405,0.540540540541,0.0540540540541,37,337,0.253003003003,1.72264699199,18.2162162162,15.3181818182,9.62857142857,5.27117494353,0.28936717049,0.13994706873,9.32971294004,1.02433050084,0.541984120619,8.11645716288,0.891124376933,0.468682332184,0.637484423249,0.370060973729,2,1.72264699199,0.637484423249,2,0.328830548701,0.356663470757,744,0.0957528957529,0.573925784208,37,37,37,1,0,0.405405405405,0.540540540541,0.0540540540541,-5,-0.00375375375375,-0.00264182612168,-0.27027027027,-0.227272727273,-0.142857142857,-0.0965352118645,-0.000991419786672,-0.00269557391219,-0.178778602335,-0.00436595257959,-0.0025077396622,0.0631438164464,0.0198594827286,0.00685208087988,-0.00311514707718,-0.00123892898843,0,-0.00264182612168,-0.00311514707718,0,-0.0152408455464,-0.0199055668995,-66,-0.00849420849421,0.00434895585797,0,0,0,337,0,5,990,0.985380116959,1,0,0.0146198830409,1,0.985380116959,0.99263622975,0.990165874023,0.985380116959,0.985380116959,30,35,0,0,0,0
3757,WLNM_dir_neg,0.982040816327,0.684919472321,00:00:05,10,90,18,1241281853,threshold_sweep,0.4,1,0.857142857143,0.923076923077,30,0,5,70,0.857142857143,1,0,0.142857142857,1,0.857142857143,0.923076923077,0.952380952381,0.571428571429,0.888888888889,0.894427191,0.857142857143,342,307,35,0,342,0,307,0,35,37,342,0.256756756757,1.72528881811,18.4864864865,15.5454545455,9.77142857143,5.36771015539,0.290358590277,0.142642642643,9.50849154237,1.02869645341,0.544491860281,8.05331334643,0.871264894205,0.461830251304,0.640599570326,0.371299902718,2,1.72528881811,0.640599570326,2,0.344071394247,0.376569037657,810,0.104247104247,0.56957682835,37,37,37,1,0,0.405405405405,0.540540540541,0.0540540540541,37,0.23048048048,1.75140094861,16.5945945946,13.9545454545,8.77142857143,4.92420021402,0.29673519205,0.141649793116,8.48483897858,1.02260274335,0.526278721718,7.21443331441,0.869491962974,0.468879302756,0.675413176378,0.38564166413,2,1.75140094861,0.675413176378,2,0.312413921302,0.321118611379,555,0.0714285714286,0.478185251026,37,37,37,1,0,0.405405405405,0.540540540541,0.0540540540541,37,337,0.253003003003,1.72264699199,18.2162162162,15.3181818182,9.62857142857,5.27117494353,0.28936717049,0.13994706873,9.32971294004,1.02433050084,0.541984120619,8.11645716288,0.891124376933,0.468682332184,0.637484423249,0.370060973729,2,1.72264699199,0.637484423249,2,0.328830548701,0.356663470757,744,0.0957528957529,0.573925784208,37,37,37,1,0,0.405405405405,0.540540540541,0.0540540540541,-5,-0.00375375375375,-0.00264182612168,-0.27027027027,-0.227272727273,-0.142857142857,-0.0965352118645,-0.000991419786672,-0.00269557391219,-0.178778602335,-0.00436595257959,-0.0025077396622,0.0631438164464,0.0198594827286,0.00685208087988,-0.00311514707718,-0.00123892898843,0,-0.00264182612168,-0.00311514707718,0,-0.0152408455464,-0.0199055668995,-66,-0.00849420849421,0.00434895585797,0,0,0,337,0,5,990,0.985380116959,1,0,0.0146198830409,1,0.985380116959,0.99263622975,0.990165874023,0.985380116959,0.985380116959,30,35,0,0,0,0
3758,WLNM_dir_neg,0.982040816327,0.684919472321,00:00:05,10,90,18,1241281853,threshold_sweep,0.5,1,0.857142857143,0.923076923077,30,0,5,70,0.857142857143,1,0,0.142857142857,1,0.857142857143,0.923076923077,0.952380952381,0.571428571429,0.888888888889,0.894427191,0.857142857143,342,307,35,0,342,0,307,0,35,37,342,0.256756756757,1.72528881811,18.4864864865,15.5454545455,9.77142857143,5.36771015539,0.290358590277,0.142642642643,9.50849154237,1.02869645341,0.544491860281,8.05331334643,0.871264894205,0.461830251304,0.640599570326,0.371299902718,2,1.72528881811,0.640599570326,2,0.344071394247,0.376569037657,810,0.104247104247,0.56957682835,37,37,37,1,0,0.405405405405,0.540540540541,0.0540540540541,37,0.23048048048,1.75140094861,16.5945945946,13.9545454545,8.77142857143,4.92420021402,0.29673519205,0.141649793116,8.48483897858,1.02260274335,0.526278721718,7.21443331441,0.869491962974,0.468879302756,0.675413176378,0.38564166413,2,1.75140094861,0.675413176378,2,0.312413921302,0.321118611379,555,0.0714285714286,0.478185251026,37,37,37,1,0,0.405405405405,0.540540540541,0.0540540540541,37,337,0.253003003003,1.72264699199,18.2162162162,15.3181818182,9.62857142857,5.27117494353,0.28936717049,0.13994706873,9.32971294004,1.02433050084,0.541984120619,8.11645716288,0.891124376933,0.468682332184,0.637484423249,0.370060973729,2,1.72264699199,0.637484423249,2,0.328830548701,0.356663470757,744,0.0957528957529,0.573925784208,37,37,37,1,0,0.405405405405,0.540540540541,0.0540540540541,-5,-0.00375375375375,-0.00264182612168,-0.27027027027,-0.227272727273,-0.142857142857,-0.0965352118645,-0.000991419786672,-0.00269557391219,-0.178778602335,-0.00436595257959,-0.0025077396622,0.0631438164464,0.0198594827286,0.00685208087988,-0.00311514707718,-0.00123892898843,0,-0.00264182612168,-0.00311514707718,0,-0.0152408455464,-0.0199055668995,-66,-0.00849420849421,0.00434895585797,0,0,0,337,0,5,990,0.985380116959,1,0,0.0146198830409,1,0.985380116959,0.99263622975,0.990165874023,0.985380116959,0.985380116959,30,35,0,0,0,0
3759,WLNM_dir_neg,0.982040816327,0.684919472321,00:00:05,10,90,18,1241281853,threshold_sweep,0.6,1,0.857142857143,0.923076923077,30,0,5,70,0.857142857143,1,0,0.142857142857,1,0.857142857143,0.923076923077,0.952380952381,0.571428571429,0.888888888889,0.894427191,0.857142857143,342,307,35,0,342,0,307,0,35,37,342,0.256756756757,1.72528881811,18.4864864865,15.5454545455,9.77142857143,5.36771015539,0.290358590277,0.142642642643,9.50849154237,1.02869645341,0.544491860281,8.05331334643,0.871264894205,0.461830251304,0.640599570326,0.371299902718,2,1.72528881811,0.640599570326,2,0.344071394247,0.376569037657,810,0.104247104247,0.56957682835,37,37,37,1,0,0.405405405405,0.540540540541,0.0540540540541,37,0.23048048048,1.75140094861,16.5945945946,13.9545454545,8.77142857143,4.92420021402,0.29673519205,0.141649793116,8.48483897858,1.02260274335,0.526278721718,7.21443331441,0.869491962974,0.468879302756,0.675413176378,0.38564166413,2,1.75140094861,0.675413176378,2,0.312413921302,0.321118611379,555,0.0714285714286,0.478185251026,37,37,37,1,0,0.405405405405,0.540540540541,0.0540540540541,37,337,0.253003003003,1.72264699199,18.2162162162,15.3181818182,9.62857142857,5.27117494353,0.28936717049,0.13994706873,9.32971294004,1.02433050084,0.541984120619,8.11645716288,0.891124376933,0.468682332184,0.637484423249,0.370060973729,2,1.72264699199,0.637484423249,2,0.328830548701,0.356663470757,744,0.0957528957529,0.573925784208,37,37,37,1,0,0.405405405405,0.540540540541,0.0540540540541,-5,-0.00375375375375,-0.00264182612168,-0.27027027027,-0.227272727273,-0.142857142857,-0.0965352118645,-0.000991419786672,-0.00269557391219,-0.178778602335,-0.00436595257959,-0.0025077396622,0.0631438164464,0.0198594827286,0.00685208087988,-0.00311514707718,-0.00123892898843,0,-0.00264182612168,-0.00311514707718,0,-0.0152408455464,-0.0199055668995,-66,-0.00849420849421,0.00434895585797,0,0,0,337,0,5,990,0.985380116959,1,0,0.0146198830409,1,0.985380116959,0.99263622975,0.990165874023,0.985380116959,0.985380116959,30,35,0,0,0,0
3760,WLNM_dir_neg,0.982040816327,0.684919472321,00:00:05,10,90,18,1241281853,threshold_sweep,0.7,1,0.857142857143,0.923076923077,30,0,5,70,0.857142857143,1,0,0.142857142857,1,0.857142857143,0.923076923077,0.952380952381,0.571428571429,0.888888888889,0.894427191,0.857142857143,342,307,35,0,342,0,307,0,35,37,342,0.256756756757,1.72528881811,18.4864864865,15.5454545455,9.77142857143,5.36771015539,0.290358590277,0.142642642643,9.50849154237,1.02869645341,0.544491860281,8.05331334643,0.871264894205,0.461830251304,0.640599570326,0.371299902718,2,1.72528881811,0.640599570326,2,0.344071394247,0.376569037657,810,0.104247104247,0.56957682835,37,37,37,1,0,0.405405405405,0.540540540541,0.0540540540541,37,0.23048048048,1.75140094861,16.5945945946,13.9545454545,8.77142857143,4.92420021402,0.29673519205,0.141649793116,8.48483897858,1.02260274335,0.526278721718,7.21443331441,0.869491962974,0.468879302756,0.675413176378,0.38564166413,2,1.75140094861,0.675413176378,2,0.312413921302,0.321118611379,555,0.0714285714286,0.478185251026,37,37,37,1,0,0.405405405405,0.540540540541,0.0540540540541,37,337,0.253003003003,1.72264699199,18.2162162162,15.3181818182,9.62857142857,5.27117494353,0.28936717049,0.13994706873,9.32971294004,1.02433050084,0.541984120619,8.11645716288,0.891124376933,0.468682332184,0.637484423249,0.370060973729,2,1.72264699199,0.637484423249,2,0.328830548701,0.356663470757,744,0.0957528957529,0.573925784208,37,37,37,1,0,0.405405405405,0.540540540541,0.0540540540541,-5,-0.00375375375375,-0.00264182612168,-0.27027027027,-0.227272727273,-0.142857142857,-0.0965352118645,-0.000991419786672,-0.00269557391219,-0.178778602335,-0.00436595257959,-0.0025077396622,0.0631438164464,0.0198594827286,0.00685208087988,-0.00311514707718,-0.00123892898843,0,-0.00264182612168,-0.00311514707718,0,-0.0152408455464,-0.0199055668995,-66,-0.00849420849421,0.00434895585797,0,0,0,337,0,5,990,0.985380116959,1,0,0.0146198830409,1,0.985380116959,0.99263622975,0.990165874023,0.985380116959,0.985380116959,30,35,0,0,0,0
3761,WLNM_dir_neg,0.982040816327,0.684919472321,00:00:05,10,90,18,1241281853,threshold_sweep,0.8,1,0.857142857143,0.923076923077,30,0,5,70,0.857142857143,1,0,0.142857142857,1,0.857142857143,0.923076923077,0.952380952381,0.571428571429,0.888888888889,0.894427191,0.857142857143,342,307,35,0,342,0,307,0,35,37,342,0.256756756757,1.72528881811,18.4864864865,15.5454545455,9.77142857143,5.36771015539,0.290358590277,0.142642642643,9.50849154237,1.02869645341,0.544491860281,8.05331334643,0.871264894205,0.461830251304,0.640599570326,0.371299902718,2,1.72528881811,0.640599570326,2,0.344071394247,0.376569037657,810,0.104247104247,0.56957682835,37,37,37,1,0,0.405405405405,0.540540540541,0.0540540540541,37,0.23048048048,1.75140094861,16.5945945946,13.9545454545,8.77142857143,4.92420021402,0.29673519205,0.141649793116,8.48483897858,1.02260274335,0.526278721718,7.21443331441,0.869491962974,0.468879302756,0.675413176378,0.38564166413,2,1.75140094861,0.675413176378,2,0.312413921302,0.321118611379,555,0.0714285714286,0.478185251026,37,37,37,1,0,0.405405405405,0.540540540541,0.0540540540541,37,337,0.253003003003,1.72264699199,18.2162162162,15.3181818182,9.62857142857,5.27117494353,0.28936717049,0.13994706873,9.32971294004,1.02433050084,0.541984120619,8.11645716288,0.891124376933,0.468682332184,0.637484423249,0.370060973729,2,1.72264699199,0.637484423249,2,0.328830548701,0.356663470757,744,0.0957528957529,0.573925784208,37,37,37,1,0,0.405405405405,0.540540540541,0.0540540540541,-5,-0.00375375375375,-0.00264182612168,-0.27027027027,-0.227272727273,-0.142857142857,-0.0965352118645,-0.000991419786672,-0.00269557391219,-0.178778602335,-0.00436595257959,-0.0025077396622,0.0631438164464,0.0198594827286,0.00685208087988,-0.00311514707718,-0.00123892898843,0,-0.00264182612168,-0.00311514707718,0,-0.0152408455464,-0.0199055668995,-66,-0.00849420849421,0.00434895585797,0,0,0,337,0,5,990,0.985380116959,1,0,0.0146198830409,1,0.985380116959,0.99263622975,0.990165874023,0.985380116959,0.985380116959,30,35,0,0,0,0
3762,WLNM_dir_neg,0.982040816327,0.684919472321,00:00:05,10,90,18,1241281853,threshold_sweep,0.9,1,0.857142857143,0.923076923077,30,0,5,70,0.857142857143,1,0,0.142857142857,1,0.857142857143,0.923076923077,0.952380952381,0.571428571429,0.888888888889,0.894427191,0.857142857143,342,307,35,0,342,0,307,0,35,37,342,0.256756756757,1.72528881811,18.4864864865,15.5454545455,9.77142857143,5.36771015539,0.290358590277,0.142642642643,9.50849154237,1.02869645341,0.544491860281,8.05331334643,0.871264894205,0.461830251304,0.640599570326,0.371299902718,2,1.72528881811,0.640599570326,2,0.344071394247,0.376569037657,810,0.104247104247,0.56957682835,37,37,37,1,0,0.405405405405,0.540540540541,0.0540540540541,37,0.23048048048,1.75140094861,16.5945945946,13.9545454545,8.77142857143,4.92420021402,0.29673519205,0.141649793116,8.48483897858,1.02260274335,0.526278721718,7.21443331441,0.869491962974,0.468879302756,0.675413176378,0.38564166413,2,1.75140094861,0.675413176378,2,0.312413921302,0.321118611379,555,0.0714285714286,0.478185251026,37,37,37,1,0,0.405405405405,0.540540540541,0.0540540540541,37,337,0.253003003003,1.72264699199,18.2162162162,15.3181818182,9.62857142857,5.27117494353,0.28936717049,0.13994706873,9.32971294004,1.02433050084,0.541984120619,8.11645716288,0.891124376933,0.468682332184,0.637484423249,0.370060973729,2,1.72264699199,0.637484423249,2,0.328830548701,0.356663470757,744,0.0957528957529,0.573925784208,37,37,37,1,0,0.405405405405,0.540540540541,0.0540540540541,-5,-0.00375375375375,-0.00264182612168,-0.27027027027,-0.227272727273,-0.142857142857,-0.0965352118645,-0.000991419786672,-0.00269557391219,-0.178778602335,-0.00436595257959,-0.0025077396622,0.0631438164464,0.0198594827286,0.00685208087988,-0.00311514707718,-0.00123892898843,0,-0.00264182612168,-0.00311514707718,0,-0.0152408455464,-0.0199055668995,-66,-0.00849420849421,0.00434895585797,0,0,0,337,0,5,990,0.985380116959,1,0,0.0146198830409,1,0.985380116959,0.99263622975,0.990165874023,0.985380116959,0.985380116959,30,35,0,0,0,0
3763,WLNM_dir_neg,0.965102040816,0.353090533242,00:00:05,10,90,19,1241281854,threshold_sweep,0.1,1,0.771428571429,0.870967741935,27,0,8,70,0.771428571429,1,0,0.228571428571,1,0.771428571429,0.870967741935,0.92380952381,0.580952380952,0.818181818182,0.832050294338,0.771428571429,342,307,35,0,342,0,307,0,35,37,342,0.256756756757,1.72528881811,18.4864864865,15.5454545455,9.77142857143,5.36771015539,0.290358590277,0.142642642643,9.50849154237,1.02869645341,0.544491860281,8.05331334643,0.871264894205,0.461830251304,0.640599570326,0.371299902718,2,1.72528881811,0.640599570326,2,0.344071394247,0.376569037657,810,0.104247104247,0.56957682835,37,37,37,1,0,0.405405405405,0.540540540541,0.0540540540541,37,0.23048048048,1.74330934307,16.5945945946,13.9545454545,8.77142857143,4.60349782146,0.27740947784,0.137512104939,8.30617195178,1.00106958376,0.527335152742,7.3366086052,0.884216672287,0.475570032573,0.667383042502,0.382825368977,2,1.74330934307,0.667383042502,2,0.289140840611,0.30701754386,525,0.0675675675676,0.487099089123,37,37,37,1,0,0.405405405405,0.540540540541,0.0540540540541,37,334,0.250750750751,1.71847477711,18.0540540541,15.1818181818,9.54285714286,5.07141195519,0.280901560392,0.135782489076,9.15449642552,1.01412086151,0.537627447807,8.12570163291,0.9001525761,0.474186761612,0.632984463089,0.368340851737,2,1.71847477711,0.632984463089,2,0.311730499394,0.344889615699,703,0.0904761904762,0.571205711357,37,37,37,1,0,0.405405405405,0.540540540541,0.0540540540541,-8,-0.00600600600601,-0.00681404100421,-0.432432432432,-0.363636363636,-0.228571428571,-0.296298200206,-0.009457029885,-0.00686015356674,-0.353995116858,-0.0145755919054,-0.00686441247425,0.0723882864727,0.0288876818956,0.012356510308,-0.00761510723656,-0.00295905098073,0,-0.00681404100421,-0.00761510723656,0,-0.0323408948538,-0.0316794219578,-107,-0.0137709137709,0.0016288830068,0,0,0,334,0,8,990,0.976608187135,1,0,0.0233918128655,1,0.976608187135,0.988165680473,0.984266053764,0.976608187135,0.976608187135,27,35,0,0,0,0
3764,WLNM_dir_neg,0.965102040816,0.353090533242,00:00:05,10,90,19,1241281854,threshold_sweep,0.2,1,0.742857142857,0.852459016393,26,0,9,70,0.742857142857,1,0,0.257142857143,1,0.742857142857,0.852459016393,0.914285714286,0.584126984127,0.793893129771,0.811312423239,0.742857142857,342,307,35,0,342,0,307,0,35,37,342,0.256756756757,1.72528881811,18.4864864865,15.5454545455,9.77142857143,5.36771015539,0.290358590277,0.142642642643,9.50849154237,1.02869645341,0.544491860281,8.05331334643,0.871264894205,0.461830251304,0.640599570326,0.371299902718,2,1.72528881811,0.640599570326,2,0.344071394247,0.376569037657,810,0.104247104247,0.56957682835,37,37,37,1,0,0.405405405405,0.540540540541,0.0540540540541,37,0.23048048048,1.74330934307,16.5945945946,13.9545454545,8.77142857143,4.60349782146,0.27740947784,0.137512104939,8.30617195178,1.00106958376,0.527335152742,7.3366086052,0.884216672287,0.475570032573,0.667383042502,0.382825368977,2,1.74330934307,0.667383042502,2,0.289140840611,0.30701754386,525,0.0675675675676,0.487099089123,37,37,37,1,0,0.405405405405,0.540540540541,0.0540540540541,37,333,0.25,1.73245427385,18,15.1363636364,9.51428571429,5.20683311727,0.289268506515,0.138949760571,9.17726659862,1.01969628874,0.539404269134,8.12745689349,0.903050765943,0.475123772421,0.655723841916,0.378494169695,2,1.73245427385,0.655723841916,2,0.321080758744,0.344963144963,702,0.0903474903475,0.569493027532,37,37,37,1,0,0.405405405405,0.540540540541,0.0540540540541,-9,-0.00675675675676,0.0071654557339,-0.486486486486,-0.409090909091,-0.257142857143,-0.160877038122,-0.00109008376206,-0.00369288207126,-0.331224943751,-0.00900016467879,-0.00508759114734,0.0741435470568,0.0317858717386,0.0132935211171,0.0151242715895,0.0071942669776,0,0.0071654557339,0.0151242715895,0,-0.0229906355035,-0.0316058926938,-108,-0.0138996138996,-8.38008183331e-05,0,0,0,333,0,9,990,0.973684210526,1,0,0.0263157894737,1,0.973684210526,0.986666666667,0.982299486258,0.973684210526,0.973684210526,26,35,0,0,0,0
3765,WLNM_dir_neg,0.965102040816,0.353090533242,00:00:05,10,90,19,1241281854,threshold_sweep,0.3,1,0.742857142857,0.852459016393,26,0,9,70,0.742857142857,1,0,0.257142857143,1,0.742857142857,0.852459016393,0.914285714286,0.584126984127,0.793893129771,0.811312423239,0.742857142857,342,307,35,0,342,0,307,0,35,37,342,0.256756756757,1.72528881811,18.4864864865,15.5454545455,9.77142857143,5.36771015539,0.290358590277,0.142642642643,9.50849154237,1.02869645341,0.544491860281,8.05331334643,0.871264894205,0.461830251304,0.640599570326,0.371299902718,2,1.72528881811,0.640599570326,2,0.344071394247,0.376569037657,810,0.104247104247,0.56957682835,37,37,37,1,0,0.405405405405,0.540540540541,0.0540540540541,37,0.23048048048,1.74330934307,16.5945945946,13.9545454545,8.77142857143,4.60349782146,0.27740947784,0.137512104939,8.30617195178,1.00106958376,0.527335152742,7.3366086052,0.884216672287,0.475570032573,0.667383042502,0.382825368977,2,1.74330934307,0.667383042502,2,0.289140840611,0.30701754386,525,0.0675675675676,0.487099089123,37,37,37,1,0,0.405405405405,0.540540540541,0.0540540540541,37,333,0.25,1.73245427385,18,15.1363636364,9.51428571429,5.20683311727,0.289268506515,0.138949760571,9.17726659862,1.01969628874,0.539404269134,8.12745689349,0.903050765943,0.475123772421,0.655723841916,0.378494169695,2,1.73245427385,0.655723841916,2,0.321080758744,0.344963144963,702,0.0903474903475,0.569493027532,37,37,37,1,0,0.405405405405,0.540540540541,0.0540540540541,-9,-0.00675675675676,0.0071654557339,-0.486486486486,-0.409090909091,-0.257142857143,-0.160877038122,-0.00109008376206,-0.00369288207126,-0.331224943751,-0.00900016467879,-0.00508759114734,0.0741435470568,0.0317858717386,0.0132935211171,0.0151242715895,0.0071942669776,0,0.0071654557339,0.0151242715895,0,-0.0229906355035,-0.0316058926938,-108,-0.0138996138996,-8.38008183331e-05,0,0,0,333,0,9,990,0.973684210526,1,0,0.0263157894737,1,0.973684210526,0.986666666667,0.982299486258,0.973684210526,0.973684210526,26,35,0,0,0,0
3766,WLNM_dir_neg,0.965102040816,0.353090533242,00:00:05,10,90,19,1241281854,threshold_sweep,0.4,1,0.742857142857,0.852459016393,26,0,9,70,0.742857142857,1,0,0.257142857143,1,0.742857142857,0.852459016393,0.914285714286,0.584126984127,0.793893129771,0.811312423239,0.742857142857,342,307,35,0,342,0,307,0,35,37,342,0.256756756757,1.72528881811,18.4864864865,15.5454545455,9.77142857143,5.36771015539,0.290358590277,0.142642642643,9.50849154237,1.02869645341,0.544491860281,8.05331334643,0.871264894205,0.461830251304,0.640599570326,0.371299902718,2,1.72528881811,0.640599570326,2,0.344071394247,0.376569037657,810,0.104247104247,0.56957682835,37,37,37,1,0,0.405405405405,0.540540540541,0.0540540540541,37,0.23048048048,1.74330934307,16.5945945946,13.9545454545,8.77142857143,4.60349782146,0.27740947784,0.137512104939,8.30617195178,1.00106958376,0.527335152742,7.3366086052,0.884216672287,0.475570032573,0.667383042502,0.382825368977,2,1.74330934307,0.667383042502,2,0.289140840611,0.30701754386,525,0.0675675675676,0.487099089123,37,37,37,1,0,0.405405405405,0.540540540541,0.0540540540541,37,333,0.25,1.73245427385,18,15.1363636364,9.51428571429,5.20683311727,0.289268506515,0.138949760571,9.17726659862,1.01969628874,0.539404269134,8.12745689349,0.903050765943,0.475123772421,0.655723841916,0.378494169695,2,1.73245427385,0.655723841916,2,0.321080758744,0.344963144963,702,0.0903474903475,0.569493027532,37,37,37,1,0,0.405405405405,0.540540540541,0.0540540540541,-9,-0.00675675675676,0.0071654557339,-0.486486486486,-0.409090909091,-0.257142857143,-0.160877038122,-0.00109008376206,-0.00369288207126,-0.331224943751,-0.00900016467879,-0.00508759114734,0.0741435470568,0.0317858717386,0.0132935211171,0.0151242715895,0.0071942669776,0,0.0071654557339,0.0151242715895,0,-0.0229906355035,-0.0316058926938,-108,-0.0138996138996,-8.38008183331e-05,0,0,0,333,0,9,990,0.973684210526,1,0,0.0263157894737,1,0.973684210526,0.986666666667,0.982299486258,0.973684210526,0.973684210526,26,35,0,0,0,0
3767,WLNM_dir_neg,0.965102040816,0.353090533242,00:00:05,10,90,19,1241281854,threshold_sweep,0.5,1,0.742857142857,0.852459016393,26,0,9,70,0.742857142857,1,0,0.257142857143,1,0.742857142857,0.852459016393,0.914285714286,0.584126984127,0.793893129771,0.811312423239,0.742857142857,342,307,35,0,342,0,307,0,35,37,342,0.256756756757,1.72528881811,18.4864864865,15.5454545455,9.77142857143,5.36771015539,0.290358590277,0.142642642643,9.50849154237,1.02869645341,0.544491860281,8.05331334643,0.871264894205,0.461830251304,0.640599570326,0.371299902718,2,1.72528881811,0.640599570326,2,0.344071394247,0.376569037657,810,0.104247104247,0.56957682835,37,37,37,1,0,0.405405405405,0.540540540541,0.0540540540541,37,0.23048048048,1.74330934307,16.5945945946,13.9545454545,8.77142857143,4.60349782146,0.27740947784,0.137512104939,8.30617195178,1.00106958376,0.527335152742,7.3366086052,0.884216672287,0.475570032573,0.667383042502,0.382825368977,2,1.74330934307,0.667383042502,2,0.289140840611,0.30701754386,525,0.0675675675676,0.487099089123,37,37,37,1,0,0.405405405405,0.540540540541,0.0540540540541,37,333,0.25,1.73245427385,18,15.1363636364,9.51428571429,5.20683311727,0.289268506515,0.138949760571,9.17726659862,1.01969628874,0.539404269134,8.12745689349,0.903050765943,0.475123772421,0.655723841916,0.378494169695,2,1.73245427385,0.655723841916,2,0.321080758744,0.344963144963,702,0.0903474903475,0.569493027532,37,37,37,1,0,0.405405405405,0.540540540541,0.0540540540541,-9,-0.00675675675676,0.0071654557339,-0.486486486486,-0.409090909091,-0.257142857143,-0.160877038122,-0.00109008376206,-0.00369288207126,-0.331224943751,-0.00900016467879,-0.00508759114734,0.0741435470568,0.0317858717386,0.0132935211171,0.0151242715895,0.0071942669776,0,0.0071654557339,0.0151242715895,0,-0.0229906355035,-0.0316058926938,-108,-0.0138996138996,-8.38008183331e-05,0,0,0,333,0,9,990,0.973684210526,1,0,0.0263157894737,1,0.973684210526,0.986666666667,0.982299486258,0.973684210526,0.973684210526,26,35,0,0,0,0
3768,WLNM_dir_neg,0.965102040816,0.353090533242,00:00:05,10,90,19,1241281854,threshold_sweep,0.6,1,0.742857142857,0.852459016393,26,0,9,70,0.742857142857,1,0,0.257142857143,1,0.742857142857,0.852459016393,0.914285714286,0.584126984127,0.793893129771,0.811312423239,0.742857142857,342,307,35,0,342,0,307,0,35,37,342,0.256756756757,1.72528881811,18.4864864865,15.5454545455,9.77142857143,5.36771015539,0.290358590277,0.142642642643,9.50849154237,1.02869645341,0.544491860281,8.05331334643,0.871264894205,0.461830251304,0.640599570326,0.371299902718,2,1.72528881811,0.640599570326,2,0.344071394247,0.376569037657,810,0.104247104247,0.56957682835,37,37,37,1,0,0.405405405405,0.540540540541,0.0540540540541,37,0.23048048048,1.74330934307,16.5945945946,13.9545454545,8.77142857143,4.60349782146,0.27740947784,0.137512104939,8.30617195178,1.00106958376,0.527335152742,7.3366086052,0.884216672287,0.475570032573,0.667383042502,0.382825368977,2,1.74330934307,0.667383042502,2,0.289140840611,0.30701754386,525,0.0675675675676,0.487099089123,37,37,37,1,0,0.405405405405,0.540540540541,0.0540540540541,37,333,0.25,1.73245427385,18,15.1363636364,9.51428571429,5.20683311727,0.289268506515,0.138949760571,9.17726659862,1.01969628874,0.539404269134,8.12745689349,0.903050765943,0.475123772421,0.655723841916,0.378494169695,2,1.73245427385,0.655723841916,2,0.321080758744,0.344963144963,702,0.0903474903475,0.569493027532,37,37,37,1,0,0.405405405405,0.540540540541,0.0540540540541,-9,-0.00675675675676,0.0071654557339,-0.486486486486,-0.409090909091,-0.257142857143,-0.160877038122,-0.00109008376206,-0.00369288207126,-0.331224943751,-0.00900016467879,-0.00508759114734,0.0741435470568,0.0317858717386,0.0132935211171,0.0151242715895,0.0071942669776,0,0.0071654557339,0.0151242715895,0,-0.0229906355035,-0.0316058926938,-108,-0.0138996138996,-8.38008183331e-05,0,0,0,333,0,9,990,0.973684210526,1,0,0.0263157894737,1,0.973684210526,0.986666666667,0.982299486258,0.973684210526,0.973684210526,26,35,0,0,0,0
3769,WLNM_dir_neg,0.965102040816,0.353090533242,00:00:05,10,90,19,1241281854,threshold_sweep,0.7,1,0.742857142857,0.852459016393,26,0,9,70,0.742857142857,1,0,0.257142857143,1,0.742857142857,0.852459016393,0.914285714286,0.584126984127,0.793893129771,0.811312423239,0.742857142857,342,307,35,0,342,0,307,0,35,37,342,0.256756756757,1.72528881811,18.4864864865,15.5454545455,9.77142857143,5.36771015539,0.290358590277,0.142642642643,9.50849154237,1.02869645341,0.544491860281,8.05331334643,0.871264894205,0.461830251304,0.640599570326,0.371299902718,2,1.72528881811,0.640599570326,2,0.344071394247,0.376569037657,810,0.104247104247,0.56957682835,37,37,37,1,0,0.405405405405,0.540540540541,0.0540540540541,37,0.23048048048,1.74330934307,16.5945945946,13.9545454545,8.77142857143,4.60349782146,0.27740947784,0.137512104939,8.30617195178,1.00106958376,0.527335152742,7.3366086052,0.884216672287,0.475570032573,0.667383042502,0.382825368977,2,1.74330934307,0.667383042502,2,0.289140840611,0.30701754386,525,0.0675675675676,0.487099089123,37,37,37,1,0,0.405405405405,0.540540540541,0.0540540540541,37,333,0.25,1.73245427385,18,15.1363636364,9.51428571429,5.20683311727,0.289268506515,0.138949760571,9.17726659862,1.01969628874,0.539404269134,8.12745689349,0.903050765943,0.475123772421,0.655723841916,0.378494169695,2,1.73245427385,0.655723841916,2,0.321080758744,0.344963144963,702,0.0903474903475,0.569493027532,37,37,37,1,0,0.405405405405,0.540540540541,0.0540540540541,-9,-0.00675675675676,0.0071654557339,-0.486486486486,-0.409090909091,-0.257142857143,-0.160877038122,-0.00109008376206,-0.00369288207126,-0.331224943751,-0.00900016467879,-0.00508759114734,0.0741435470568,0.0317858717386,0.0132935211171,0.0151242715895,0.0071942669776,0,0.0071654557339,0.0151242715895,0,-0.0229906355035,-0.0316058926938,-108,-0.0138996138996,-8.38008183331e-05,0,0,0,333,0,9,990,0.973684210526,1,0,0.0263157894737,1,0.973684210526,0.986666666667,0.982299486258,0.973684210526,0.973684210526,26,35,0,0,0,0
3770,WLNM_dir_neg,0.965102040816,0.353090533242,00:00:05,10,90,19,1241281854,threshold_sweep,0.8,1,0.742857142857,0.852459016393,26,0,9,70,0.742857142857,1,0,0.257142857143,1,0.742857142857,0.852459016393,0.914285714286,0.584126984127,0.793893129771,0.811312423239,0.742857142857,342,307,35,0,342,0,307,0,35,37,342,0.256756756757,1.72528881811,18.4864864865,15.5454545455,9.77142857143,5.36771015539,0.290358590277,0.142642642643,9.50849154237,1.02869645341,0.544491860281,8.05331334643,0.871264894205,0.461830251304,0.640599570326,0.371299902718,2,1.72528881811,0.640599570326,2,0.344071394247,0.376569037657,810,0.104247104247,0.56957682835,37,37,37,1,0,0.405405405405,0.540540540541,0.0540540540541,37,0.23048048048,1.74330934307,16.5945945946,13.9545454545,8.77142857143,4.60349782146,0.27740947784,0.137512104939,8.30617195178,1.00106958376,0.527335152742,7.3366086052,0.884216672287,0.475570032573,0.667383042502,0.382825368977,2,1.74330934307,0.667383042502,2,0.289140840611,0.30701754386,525,0.0675675675676,0.487099089123,37,37,37,1,0,0.405405405405,0.540540540541,0.0540540540541,37,333,0.25,1.73245427385,18,15.1363636364,9.51428571429,5.20683311727,0.289268506515,0.138949760571,9.17726659862,1.01969628874,0.539404269134,8.12745689349,0.903050765943,0.475123772421,0.655723841916,0.378494169695,2,1.73245427385,0.655723841916,2,0.321080758744,0.344963144963,702,0.0903474903475,0.569493027532,37,37,37,1,0,0.405405405405,0.540540540541,0.0540540540541,-9,-0.00675675675676,0.0071654557339,-0.486486486486,-0.409090909091,-0.257142857143,-0.160877038122,-0.00109008376206,-0.00369288207126,-0.331224943751,-0.00900016467879,-0.00508759114734,0.0741435470568,0.0317858717386,0.0132935211171,0.0151242715895,0.0071942669776,0,0.0071654557339,0.0151242715895,0,-0.0229906355035,-0.0316058926938,-108,-0.0138996138996,-8.38008183331e-05,0,0,0,333,0,9,990,0.973684210526,1,0,0.0263157894737,1,0.973684210526,0.986666666667,0.982299486258,0.973684210526,0.973684210526,26,35,0,0,0,0
3771,WLNM_dir_neg,0.965102040816,0.353090533242,00:00:05,10,90,19,1241281854,threshold_sweep,0.9,1,0.742857142857,0.852459016393,26,0,9,70,0.742857142857,1,0,0.257142857143,1,0.742857142857,0.852459016393,0.914285714286,0.584126984127,0.793893129771,0.811312423239,0.742857142857,342,307,35,0,342,0,307,0,35,37,342,0.256756756757,1.72528881811,18.4864864865,15.5454545455,9.77142857143,5.36771015539,0.290358590277,0.142642642643,9.50849154237,1.02869645341,0.544491860281,8.05331334643,0.871264894205,0.461830251304,0.640599570326,0.371299902718,2,1.72528881811,0.640599570326,2,0.344071394247,0.376569037657,810,0.104247104247,0.56957682835,37,37,37,1,0,0.405405405405,0.540540540541,0.0540540540541,37,0.23048048048,1.74330934307,16.5945945946,13.9545454545,8.77142857143,4.60349782146,0.27740947784,0.137512104939,8.30617195178,1.00106958376,0.527335152742,7.3366086052,0.884216672287,0.475570032573,0.667383042502,0.382825368977,2,1.74330934307,0.667383042502,2,0.289140840611,0.30701754386,525,0.0675675675676,0.487099089123,37,37,37,1,0,0.405405405405,0.540540540541,0.0540540540541,37,333,0.25,1.73245427385,18,15.1363636364,9.51428571429,5.20683311727,0.289268506515,0.138949760571,9.17726659862,1.01969628874,0.539404269134,8.12745689349,0.903050765943,0.475123772421,0.655723841916,0.378494169695,2,1.73245427385,0.655723841916,2,0.321080758744,0.344963144963,702,0.0903474903475,0.569493027532,37,37,37,1,0,0.405405405405,0.540540540541,0.0540540540541,-9,-0.00675675675676,0.0071654557339,-0.486486486486,-0.409090909091,-0.257142857143,-0.160877038122,-0.00109008376206,-0.00369288207126,-0.331224943751,-0.00900016467879,-0.00508759114734,0.0741435470568,0.0317858717386,0.0132935211171,0.0151242715895,0.0071942669776,0,0.0071654557339,0.0151242715895,0,-0.0229906355035,-0.0316058926938,-108,-0.0138996138996,-8.38008183331e-05,0,0,0,333,0,9,990,0.973684210526,1,0,0.0263157894737,1,0.973684210526,0.986666666667,0.982299486258,0.973684210526,0.973684210526,26,35,0,0,0,0
3772,WLNM_dir_neg,0.978979591837,0.879163880061,00:00:05,10,90,20,1241281855,threshold_sweep,0.1,1,0.8,0.888888888889,28,0,7,70,0.8,1,0,0.2,1,0.8,0.888888888889,0.933333333333,0.577777777778,0.842105263158,0.852802865422,0.8,342,307,35,0,342,0,307,0,35,37,342,0.256756756757,1.72528881811,18.4864864865,15.5454545455,9.77142857143,5.36771015539,0.290358590277,0.142642642643,9.50849154237,1.02869645341,0.544491860281,8.05331334643,0.871264894205,0.461830251304,0.640599570326,0.371299902718,2,1.72528881811,0.640599570326,2,0.344071394247,0.376569037657,810,0.104247104247,0.56957682835,37,37,37,1,0,0.405405405405,0.540540540541,0.0540540540541,37,0.23048048048,1.74215514059,16.5945945946,13.9545454545,8.77142857143,4.68721345471,0.282454230984,0.139536931068,8.41580809108,1.01428305984,0.531032661326,7.38942511997,0.890582180582,0.479443612994,0.665662683664,0.382091507327,2,1.74215514059,0.665662683664,2,0.292900763859,0.300757722945,516,0.0664092664093,0.490892696772,37,37,37,1,0,0.405405405405,0.540540540541,0.0540540540541,37,335,0.251501501502,1.71795870407,18.1081081081,15.2272727273,9.57142857143,5.0595552274,0.279408273752,0.134893102057,9.22841609723,1.01925789731,0.538120209762,8.20550609837,0.906279778029,0.477611940299,0.632623391606,0.368241326237,2,1.71795870407,0.632623391606,2,0.308053907101,0.331707317073,680,0.0875160875161,0.580631450637,37,37,37,1,0,0.405405405405,0.540540540541,0.0540540540541,-7,-0.00525525525526,-0.00733011404952,-0.378378378378,-0.318181818182,-0.2,-0.308154927994,-0.0109503165252,-0.00774954058536,-0.280075445142,-0.00943855610851,-0.00637165051933,0.152192751932,0.0350148838237,0.0157816889946,-0.00797617871987,-0.0030585764803,0,-0.00733011404952,-0.00797617871987,0,-0.0360174871462,-0.0448617205837,-130,-0.016731016731,0.011054622287,0,0,0,335,0,7,990,0.979532163743,1,0,0.0204678362573,1,0.979532163743,0.989660265879,0.986232633066,0.979532163743,0.979532163743,28,35,0,0,0,0
3773,WLNM_dir_neg,0.978979591837,0.879163880061,00:00:05,10,90,20,1241281855,threshold_sweep,0.2,1,0.771428571429,0.870967741935,27,0,8,70,0.771428571429,1,0,0.228571428571,1,0.771428571429,0.870967741935,0.92380952381,0.580952380952,0.818181818182,0.832050294338,0.771428571429,342,307,35,0,342,0,307,0,35,37,342,0.256756756757,1.72528881811,18.4864864865,15.5454545455,9.77142857143,5.36771015539,0.290358590277,0.142642642643,9.50849154237,1.02869645341,0.544491860281,8.05331334643,0.871264894205,0.461830251304,0.640599570326,0.371299902718,2,1.72528881811,0.640599570326,2,0.344071394247,0.376569037657,810,0.104247104247,0.56957682835,37,37,37,1,0,0.405405405405,0.540540540541,0.0540540540541,37,0.23048048048,1.74215514059,16.5945945946,13.9545454545,8.77142857143,4.68721345471,0.282454230984,0.139536931068,8.41580809108,1.01428305984,0.531032661326,7.38942511997,0.890582180582,0.479443612994,0.665662683664,0.382091507327,2,1.74215514059,0.665662683664,2,0.292900763859,0.300757722945,516,0.0664092664093,0.490892696772,37,37,37,1,0,0.405405405405,0.540540540541,0.0540540540541,37,334,0.250750750751,1.73190813737,18.0540540541,15.1818181818,9.54285714286,5.19586345057,0.287794831843,0.138048227869,9.25108548131,1.02482084673,0.5398931866,8.20733576506,0.909195878165,0.478556400712,0.65538783277,0.378419512345,2,1.73190813737,0.65538783277,2,0.317681666729,0.331758957655,679,0.0873873873874,0.578933735093,37,37,37,1,0,0.405405405405,0.540540540541,0.0540540540541,-8,-0.00600600600601,0.00661931925475,-0.432432432432,-0.363636363636,-0.228571428571,-0.171846704821,-0.00256375843403,-0.00459441477406,-0.257406061061,-0.0038756066824,-0.00459867368156,0.154022418621,0.03793098396,0.0167261494082,0.0147882624438,0.00711960962734,0,0.00661931925475,0.0147882624438,0,-0.0263897275184,-0.0448100800022,-131,-0.0168597168597,0.00935690674345,0,0,0,334,0,8,990,0.976608187135,1,0,0.0233918128655,1,0.976608187135,0.988165680473,0.984266053764,0.976608187135,0.976608187135,27,35,0,0,0,0
3774,WLNM_dir_neg,0.978979591837,0.879163880061,00:00:05,10,90,20,1241281855,threshold_sweep,0.3,1,0.771428571429,0.870967741935,27,0,8,70,0.771428571429,1,0,0.228571428571,1,0.771428571429,0.870967741935,0.92380952381,0.580952380952,0.818181818182,0.832050294338,0.771428571429,342,307,35,0,342,0,307,0,35,37,342,0.256756756757,1.72528881811,18.4864864865,15.5454545455,9.77142857143,5.36771015539,0.290358590277,0.142642642643,9.50849154237,1.02869645341,0.544491860281,8.05331334643,0.871264894205,0.461830251304,0.640599570326,0.371299902718,2,1.72528881811,0.640599570326,2,0.344071394247,0.376569037657,810,0.104247104247,0.56957682835,37,37,37,1,0,0.405405405405,0.540540540541,0.0540540540541,37,0.23048048048,1.74215514059,16.5945945946,13.9545454545,8.77142857143,4.68721345471,0.282454230984,0.139536931068,8.41580809108,1.01428305984,0.531032661326,7.38942511997,0.890582180582,0.479443612994,0.665662683664,0.382091507327,2,1.74215514059,0.665662683664,2,0.292900763859,0.300757722945,516,0.0664092664093,0.490892696772,37,37,37,1,0,0.405405405405,0.540540540541,0.0540540540541,37,334,0.250750750751,1.73190813737,18.0540540541,15.1818181818,9.54285714286,5.19586345057,0.287794831843,0.138048227869,9.25108548131,1.02482084673,0.5398931866,8.20733576506,0.909195878165,0.478556400712,0.65538783277,0.378419512345,2,1.73190813737,0.65538783277,2,0.317681666729,0.331758957655,679,0.0873873873874,0.578933735093,37,37,37,1,0,0.405405405405,0.540540540541,0.0540540540541,-8,-0.00600600600601,0.00661931925475,-0.432432432432,-0.363636363636,-0.228571428571,-0.171846704821,-0.00256375843403,-0.00459441477406,-0.257406061061,-0.0038756066824,-0.00459867368156,0.154022418621,0.03793098396,0.0167261494082,0.0147882624438,0.00711960962734,0,0.00661931925475,0.0147882624438,0,-0.0263897275184,-0.0448100800022,-131,-0.0168597168597,0.00935690674345,0,0,0,334,0,8,990,0.976608187135,1,0,0.0233918128655,1,0.976608187135,0.988165680473,0.984266053764,0.976608187135,0.976608187135,27,35,0,0,0,0
3775,WLNM_dir_neg,0.978979591837,0.879163880061,00:00:05,10,90,20,1241281855,threshold_sweep,0.4,1,0.771428571429,0.870967741935,27,0,8,70,0.771428571429,1,0,0.228571428571,1,0.771428571429,0.870967741935,0.92380952381,0.580952380952,0.818181818182,0.832050294338,0.771428571429,342,307,35,0,342,0,307,0,35,37,342,0.256756756757,1.72528881811,18.4864864865,15.5454545455,9.77142857143,5.36771015539,0.290358590277,0.142642642643,9.50849154237,1.02869645341,0.544491860281,8.05331334643,0.871264894205,0.461830251304,0.640599570326,0.371299902718,2,1.72528881811,0.640599570326,2,0.344071394247,0.376569037657,810,0.104247104247,0.56957682835,37,37,37,1,0,0.405405405405,0.540540540541,0.0540540540541,37,0.23048048048,1.74215514059,16.5945945946,13.9545454545,8.77142857143,4.68721345471,0.282454230984,0.139536931068,8.41580809108,1.01428305984,0.531032661326,7.38942511997,0.890582180582,0.479443612994,0.665662683664,0.382091507327,2,1.74215514059,0.665662683664,2,0.292900763859,0.300757722945,516,0.0664092664093,0.490892696772,37,37,37,1,0,0.405405405405,0.540540540541,0.0540540540541,37,334,0.250750750751,1.73190813737,18.0540540541,15.1818181818,9.54285714286,5.19586345057,0.287794831843,0.138048227869,9.25108548131,1.02482084673,0.5398931866,8.20733576506,0.909195878165,0.478556400712,0.65538783277,0.378419512345,2,1.73190813737,0.65538783277,2,0.317681666729,0.331758957655,679,0.0873873873874,0.578933735093,37,37,37,1,0,0.405405405405,0.540540540541,0.0540540540541,-8,-0.00600600600601,0.00661931925475,-0.432432432432,-0.363636363636,-0.228571428571,-0.171846704821,-0.00256375843403,-0.00459441477406,-0.257406061061,-0.0038756066824,-0.00459867368156,0.154022418621,0.03793098396,0.0167261494082,0.0147882624438,0.00711960962734,0,0.00661931925475,0.0147882624438,0,-0.0263897275184,-0.0448100800022,-131,-0.0168597168597,0.00935690674345,0,0,0,334,0,8,990,0.976608187135,1,0,0.0233918128655,1,0.976608187135,0.988165680473,0.984266053764,0.976608187135,0.976608187135,27,35,0,0,0,0
3776,WLNM_dir_neg,0.978979591837,0.879163880061,00:00:05,10,90,20,1241281855,threshold_sweep,0.5,1,0.771428571429,0.870967741935,27,0,8,70,0.771428571429,1,0,0.228571428571,1,0.771428571429,0.870967741935,0.92380952381,0.580952380952,0.818181818182,0.832050294338,0.771428571429,342,307,35,0,342,0,307,0,35,37,342,0.256756756757,1.72528881811,18.4864864865,15.5454545455,9.77142857143,5.36771015539,0.290358590277,0.142642642643,9.50849154237,1.02869645341,0.544491860281,8.05331334643,0.871264894205,0.461830251304,0.640599570326,0.371299902718,2,1.72528881811,0.640599570326,2,0.344071394247,0.376569037657,810,0.104247104247,0.56957682835,37,37,37,1,0,0.405405405405,0.540540540541,0.0540540540541,37,0.23048048048,1.74215514059,16.5945945946,13.9545454545,8.77142857143,4.68721345471,0.282454230984,0.139536931068,8.41580809108,1.01428305984,0.531032661326,7.38942511997,0.890582180582,0.479443612994,0.665662683664,0.382091507327,2,1.74215514059,0.665662683664,2,0.292900763859,0.300757722945,516,0.0664092664093,0.490892696772,37,37,37,1,0,0.405405405405,0.540540540541,0.0540540540541,37,334,0.250750750751,1.73190813737,18.0540540541,15.1818181818,9.54285714286,5.19586345057,0.287794831843,0.138048227869,9.25108548131,1.02482084673,0.5398931866,8.20733576506,0.909195878165,0.478556400712,0.65538783277,0.378419512345,2,1.73190813737,0.65538783277,2,0.317681666729,0.331758957655,679,0.0873873873874,0.578933735093,37,37,37,1,0,0.405405405405,0.540540540541,0.0540540540541,-8,-0.00600600600601,0.00661931925475,-0.432432432432,-0.363636363636,-0.228571428571,-0.171846704821,-0.00256375843403,-0.00459441477406,-0.257406061061,-0.0038756066824,-0.00459867368156,0.154022418621,0.03793098396,0.0167261494082,0.0147882624438,0.00711960962734,0,0.00661931925475,0.0147882624438,0,-0.0263897275184,-0.0448100800022,-131,-0.0168597168597,0.00935690674345,0,0,0,334,0,8,990,0.976608187135,1,0,0.0233918128655,1,0.976608187135,0.988165680473,0.984266053764,0.976608187135,0.976608187135,27,35,0,0,0,0
3777,WLNM_dir_neg,0.978979591837,0.879163880061,00:00:05,10,90,20,1241281855,threshold_sweep,0.6,1,0.771428571429,0.870967741935,27,0,8,70,0.771428571429,1,0,0.228571428571,1,0.771428571429,0.870967741935,0.92380952381,0.580952380952,0.818181818182,0.832050294338,0.771428571429,342,307,35,0,342,0,307,0,35,37,342,0.256756756757,1.72528881811,18.4864864865,15.5454545455,9.77142857143,5.36771015539,0.290358590277,0.142642642643,9.50849154237,1.02869645341,0.544491860281,8.05331334643,0.871264894205,0.461830251304,0.640599570326,0.371299902718,2,1.72528881811,0.640599570326,2,0.344071394247,0.376569037657,810,0.104247104247,0.56957682835,37,37,37,1,0,0.405405405405,0.540540540541,0.0540540540541,37,0.23048048048,1.74215514059,16.5945945946,13.9545454545,8.77142857143,4.68721345471,0.282454230984,0.139536931068,8.41580809108,1.01428305984,0.531032661326,7.38942511997,0.890582180582,0.479443612994,0.665662683664,0.382091507327,2,1.74215514059,0.665662683664,2,0.292900763859,0.300757722945,516,0.0664092664093,0.490892696772,37,37,37,1,0,0.405405405405,0.540540540541,0.0540540540541,37,334,0.250750750751,1.73190813737,18.0540540541,15.1818181818,9.54285714286,5.19586345057,0.287794831843,0.138048227869,9.25108548131,1.02482084673,0.5398931866,8.20733576506,0.909195878165,0.478556400712,0.65538783277,0.378419512345,2,1.73190813737,0.65538783277,2,0.317681666729,0.331758957655,679,0.0873873873874,0.578933735093,37,37,37,1,0,0.405405405405,0.540540540541,0.0540540540541,-8,-0.00600600600601,0.00661931925475,-0.432432432432,-0.363636363636,-0.228571428571,-0.171846704821,-0.00256375843403,-0.00459441477406,-0.257406061061,-0.0038756066824,-0.00459867368156,0.154022418621,0.03793098396,0.0167261494082,0.0147882624438,0.00711960962734,0,0.00661931925475,0.0147882624438,0,-0.0263897275184,-0.0448100800022,-131,-0.0168597168597,0.00935690674345,0,0,0,334,0,8,990,0.976608187135,1,0,0.0233918128655,1,0.976608187135,0.988165680473,0.984266053764,0.976608187135,0.976608187135,27,35,0,0,0,0
3778,WLNM_dir_neg,0.978979591837,0.879163880061,00:00:05,10,90,20,1241281855,threshold_sweep,0.7,1,0.771428571429,0.870967741935,27,0,8,70,0.771428571429,1,0,0.228571428571,1,0.771428571429,0.870967741935,0.92380952381,0.580952380952,0.818181818182,0.832050294338,0.771428571429,342,307,35,0,342,0,307,0,35,37,342,0.256756756757,1.72528881811,18.4864864865,15.5454545455,9.77142857143,5.36771015539,0.290358590277,0.142642642643,9.50849154237,1.02869645341,0.544491860281,8.05331334643,0.871264894205,0.461830251304,0.640599570326,0.371299902718,2,1.72528881811,0.640599570326,2,0.344071394247,0.376569037657,810,0.104247104247,0.56957682835,37,37,37,1,0,0.405405405405,0.540540540541,0.0540540540541,37,0.23048048048,1.74215514059,16.5945945946,13.9545454545,8.77142857143,4.68721345471,0.282454230984,0.139536931068,8.41580809108,1.01428305984,0.531032661326,7.38942511997,0.890582180582,0.479443612994,0.665662683664,0.382091507327,2,1.74215514059,0.665662683664,2,0.292900763859,0.300757722945,516,0.0664092664093,0.490892696772,37,37,37,1,0,0.405405405405,0.540540540541,0.0540540540541,37,334,0.250750750751,1.73190813737,18.0540540541,15.1818181818,9.54285714286,5.19586345057,0.287794831843,0.138048227869,9.25108548131,1.02482084673,0.5398931866,8.20733576506,0.909195878165,0.478556400712,0.65538783277,0.378419512345,2,1.73190813737,0.65538783277,2,0.317681666729,0.331758957655,679,0.0873873873874,0.578933735093,37,37,37,1,0,0.405405405405,0.540540540541,0.0540540540541,-8,-0.00600600600601,0.00661931925475,-0.432432432432,-0.363636363636,-0.228571428571,-0.171846704821,-0.00256375843403,-0.00459441477406,-0.257406061061,-0.0038756066824,-0.00459867368156,0.154022418621,0.03793098396,0.0167261494082,0.0147882624438,0.00711960962734,0,0.00661931925475,0.0147882624438,0,-0.0263897275184,-0.0448100800022,-131,-0.0168597168597,0.00935690674345,0,0,0,334,0,8,990,0.976608187135,1,0,0.0233918128655,1,0.976608187135,0.988165680473,0.984266053764,0.976608187135,0.976608187135,27,35,0,0,0,0
3779,WLNM_dir_neg,0.978979591837,0.879163880061,00:00:05,10,90,20,1241281855,threshold_sweep,0.8,1,0.771428571429,0.870967741935,27,0,8,70,0.771428571429,1,0,0.228571428571,1,0.771428571429,0.870967741935,0.92380952381,0.580952380952,0.818181818182,0.832050294338,0.771428571429,342,307,35,0,342,0,307,0,35,37,342,0.256756756757,1.72528881811,18.4864864865,15.5454545455,9.77142857143,5.36771015539,0.290358590277,0.142642642643,9.50849154237,1.02869645341,0.544491860281,8.05331334643,0.871264894205,0.461830251304,0.640599570326,0.371299902718,2,1.72528881811,0.640599570326,2,0.344071394247,0.376569037657,810,0.104247104247,0.56957682835,37,37,37,1,0,0.405405405405,0.540540540541,0.0540540540541,37,0.23048048048,1.74215514059,16.5945945946,13.9545454545,8.77142857143,4.68721345471,0.282454230984,0.139536931068,8.41580809108,1.01428305984,0.531032661326,7.38942511997,0.890582180582,0.479443612994,0.665662683664,0.382091507327,2,1.74215514059,0.665662683664,2,0.292900763859,0.300757722945,516,0.0664092664093,0.490892696772,37,37,37,1,0,0.405405405405,0.540540540541,0.0540540540541,37,334,0.250750750751,1.73190813737,18.0540540541,15.1818181818,9.54285714286,5.19586345057,0.287794831843,0.138048227869,9.25108548131,1.02482084673,0.5398931866,8.20733576506,0.909195878165,0.478556400712,0.65538783277,0.378419512345,2,1.73190813737,0.65538783277,2,0.317681666729,0.331758957655,679,0.0873873873874,0.578933735093,37,37,37,1,0,0.405405405405,0.540540540541,0.0540540540541,-8,-0.00600600600601,0.00661931925475,-0.432432432432,-0.363636363636,-0.228571428571,-0.171846704821,-0.00256375843403,-0.00459441477406,-0.257406061061,-0.0038756066824,-0.00459867368156,0.154022418621,0.03793098396,0.0167261494082,0.0147882624438,0.00711960962734,0,0.00661931925475,0.0147882624438,0,-0.0263897275184,-0.0448100800022,-131,-0.0168597168597,0.00935690674345,0,0,0,334,0,8,990,0.976608187135,1,0,0.0233918128655,1,0.976608187135,0.988165680473,0.984266053764,0.976608187135,0.976608187135,27,35,0,0,0,0
3780,WLNM_dir_neg,0.978979591837,0.879163880061,00:00:05,10,90,20,1241281855,threshold_sweep,0.9,1,0.771428571429,0.870967741935,27,0,8,70,0.771428571429,1,0,0.228571428571,1,0.771428571429,0.870967741935,0.92380952381,0.580952380952,0.818181818182,0.832050294338,0.771428571429,342,307,35,0,342,0,307,0,35,37,342,0.256756756757,1.72528881811,18.4864864865,15.5454545455,9.77142857143,5.36771015539,0.290358590277,0.142642642643,9.50849154237,1.02869645341,0.544491860281,8.05331334643,0.871264894205,0.461830251304,0.640599570326,0.371299902718,2,1.72528881811,0.640599570326,2,0.344071394247,0.376569037657,810,0.104247104247,0.56957682835,37,37,37,1,0,0.405405405405,0.540540540541,0.0540540540541,37,0.23048048048,1.74215514059,16.5945945946,13.9545454545,8.77142857143,4.68721345471,0.282454230984,0.139536931068,8.41580809108,1.01428305984,0.531032661326,7.38942511997,0.890582180582,0.479443612994,0.665662683664,0.382091507327,2,1.74215514059,0.665662683664,2,0.292900763859,0.300757722945,516,0.0664092664093,0.490892696772,37,37,37,1,0,0.405405405405,0.540540540541,0.0540540540541,37,334,0.250750750751,1.73190813737,18.0540540541,15.1818181818,9.54285714286,5.19586345057,0.287794831843,0.138048227869,9.25108548131,1.02482084673,0.5398931866,8.20733576506,0.909195878165,0.478556400712,0.65538783277,0.378419512345,2,1.73190813737,0.65538783277,2,0.317681666729,0.331758957655,679,0.0873873873874,0.578933735093,37,37,37,1,0,0.405405405405,0.540540540541,0.0540540540541,-8,-0.00600600600601,0.00661931925475,-0.432432432432,-0.363636363636,-0.228571428571,-0.171846704821,-0.00256375843403,-0.00459441477406,-0.257406061061,-0.0038756066824,-0.00459867368156,0.154022418621,0.03793098396,0.0167261494082,0.0147882624438,0.00711960962734,0,0.00661931925475,0.0147882624438,0,-0.0263897275184,-0.0448100800022,-131,-0.0168597168597,0.00935690674345,0,0,0,334,0,8,990,0.976608187135,1,0,0.0233918128655,1,0.976608187135,0.988165680473,0.984266053764,0.976608187135,0.976608187135,27,35,0,0,0,0
3781,WLNM_dir_neg,0.994693877551,0.761285651651,00:00:05,10,90,21,1241281856,threshold_sweep,0.1,1,0.828571428571,0.90625,29,0,6,70,0.828571428571,1,0,0.171428571429,1,0.828571428571,0.90625,0.942857142857,0.574603174603,0.865671641791,0.873589088037,0.828571428571,342,307,35,0,342,0,307,0,35,37,342,0.256756756757,1.72528881811,18.4864864865,15.5454545455,9.77142857143,5.36771015539,0.290358590277,0.142642642643,9.50849154237,1.02869645341,0.544491860281,8.05331334643,0.871264894205,0.461830251304,0.640599570326,0.371299902718,2,1.72528881811,0.640599570326,2,0.344071394247,0.376569037657,810,0.104247104247,0.56957682835,37,37,37,1,0,0.405405405405,0.540540540541,0.0540540540541,37,0.23048048048,1.73422669473,16.5945945946,13.9545454545,8.77142857143,4.88455308691,0.294346032925,0.146931948235,8.44546184799,1.01785696539,0.536490888282,7.2834090952,0.877805004959,0.471696452152,0.647933059676,0.373614972971,2,1.73422669473,0.647933059676,2,0.304663652554,0.336166924266,580,0.0746460746461,0.479601098371,37,37,37,1,0,0.405405405405,0.540540540541,0.0540540540541,37,336,0.252252252252,1.72375987666,18.1621621622,15.2727272727,9.6,5.32558558863,0.293224206517,0.142615830116,9.26875989062,1.02066701176,0.540862290862,8.09793656289,0.891737061985,0.471525096525,0.637948318171,0.370091175,2,1.72375987666,0.637948318171,2,0.327175235791,0.366816431322,762,0.0980694980695,0.569430021063,37,37,37,1,0,0.405405405405,0.540540540541,0.0540540540541,-6,-0.0045045045045,-0.00152894145457,-0.324324324324,-0.272727272727,-0.171428571429,-0.0421245667597,0.00286561623991,-2.68125268124e-05,-0.239731651758,-0.00802944165044,-0.00362956941904,0.0446232164549,0.0204721677799,0.00969484522116,-0.00265125215516,-0.00120872771784,0,-0.00152894145457,-0.00265125215516,0,-0.0168961584566,-0.0097526063347,-48,-0.00617760617761,-0.000146807287028,0,0,0,336,0,6,990,0.982456140351,1,0,0.0175438596491,1,0.982456140351,0.991150442478,0.988199235917,0.982456140351,0.982456140351,29,35,0,0,0,0
3782,WLNM_dir_neg,0.994693877551,0.761285651651,00:00:05,10,90,21,1241281856,threshold_sweep,0.2,1,0.828571428571,0.90625,29,0,6,70,0.828571428571,1,0,0.171428571429,1,0.828571428571,0.90625,0.942857142857,0.574603174603,0.865671641791,0.873589088037,0.828571428571,342,307,35,0,342,0,307,0,35,37,342,0.256756756757,1.72528881811,18.4864864865,15.5454545455,9.77142857143,5.36771015539,0.290358590277,0.142642642643,9.50849154237,1.02869645341,0.544491860281,8.05331334643,0.871264894205,0.461830251304,0.640599570326,0.371299902718,2,1.72528881811,0.640599570326,2,0.344071394247,0.376569037657,810,0.104247104247,0.56957682835,37,37,37,1,0,0.405405405405,0.540540540541,0.0540540540541,37,0.23048048048,1.73422669473,16.5945945946,13.9545454545,8.77142857143,4.88455308691,0.294346032925,0.146931948235,8.44546184799,1.01785696539,0.536490888282,7.2834090952,0.877805004959,0.471696452152,0.647933059676,0.373614972971,2,1.73422669473,0.647933059676,2,0.304663652554,0.336166924266,580,0.0746460746461,0.479601098371,37,37,37,1,0,0.405405405405,0.540540540541,0.0540540540541,37,336,0.252252252252,1.72375987666,18.1621621622,15.2727272727,9.6,5.32558558863,0.293224206517,0.142615830116,9.26875989062,1.02066701176,0.540862290862,8.09793656289,0.891737061985,0.471525096525,0.637948318171,0.370091175,2,1.72375987666,0.637948318171,2,0.327175235791,0.366816431322,762,0.0980694980695,0.569430021063,37,37,37,1,0,0.405405405405,0.540540540541,0.0540540540541,-6,-0.0045045045045,-0.00152894145457,-0.324324324324,-0.272727272727,-0.171428571429,-0.0421245667597,0.00286561623991,-2.68125268124e-05,-0.239731651758,-0.00802944165044,-0.00362956941904,0.0446232164549,0.0204721677799,0.00969484522116,-0.00265125215516,-0.00120872771784,0,-0.00152894145457,-0.00265125215516,0,-0.0168961584566,-0.0097526063347,-48,-0.00617760617761,-0.000146807287028,0,0,0,336,0,6,990,0.982456140351,1,0,0.0175438596491,1,0.982456140351,0.991150442478,0.988199235917,0.982456140351,0.982456140351,29,35,0,0,0,0
3783,WLNM_dir_neg,0.994693877551,0.761285651651,00:00:05,10,90,21,1241281856,threshold_sweep,0.3,1,0.828571428571,0.90625,29,0,6,70,0.828571428571,1,0,0.171428571429,1,0.828571428571,0.90625,0.942857142857,0.574603174603,0.865671641791,0.873589088037,0.828571428571,342,307,35,0,342,0,307,0,35,37,342,0.256756756757,1.72528881811,18.4864864865,15.5454545455,9.77142857143,5.36771015539,0.290358590277,0.142642642643,9.50849154237,1.02869645341,0.544491860281,8.05331334643,0.871264894205,0.461830251304,0.640599570326,0.371299902718,2,1.72528881811,0.640599570326,2,0.344071394247,0.376569037657,810,0.104247104247,0.56957682835,37,37,37,1,0,0.405405405405,0.540540540541,0.0540540540541,37,0.23048048048,1.73422669473,16.5945945946,13.9545454545,8.77142857143,4.88455308691,0.294346032925,0.146931948235,8.44546184799,1.01785696539,0.536490888282,7.2834090952,0.877805004959,0.471696452152,0.647933059676,0.373614972971,2,1.73422669473,0.647933059676,2,0.304663652554,0.336166924266,580,0.0746460746461,0.479601098371,37,37,37,1,0,0.405405405405,0.540540540541,0.0540540540541,37,336,0.252252252252,1.72375987666,18.1621621622,15.2727272727,9.6,5.32558558863,0.293224206517,0.142615830116,9.26875989062,1.02066701176,0.540862290862,8.09793656289,0.891737061985,0.471525096525,0.637948318171,0.370091175,2,1.72375987666,0.637948318171,2,0.327175235791,0.366816431322,762,0.0980694980695,0.569430021063,37,37,37,1,0,0.405405405405,0.540540540541,0.0540540540541,-6,-0.0045045045045,-0.00152894145457,-0.324324324324,-0.272727272727,-0.171428571429,-0.0421245667597,0.00286561623991,-2.68125268124e-05,-0.239731651758,-0.00802944165044,-0.00362956941904,0.0446232164549,0.0204721677799,0.00969484522116,-0.00265125215516,-0.00120872771784,0,-0.00152894145457,-0.00265125215516,0,-0.0168961584566,-0.0097526063347,-48,-0.00617760617761,-0.000146807287028,0,0,0,336,0,6,990,0.982456140351,1,0,0.0175438596491,1,0.982456140351,0.991150442478,0.988199235917,0.982456140351,0.982456140351,29,35,0,0,0,0
3784,WLNM_dir_neg,0.994693877551,0.761285651651,00:00:05,10,90,21,1241281856,threshold_sweep,0.4,1,0.828571428571,0.90625,29,0,6,70,0.828571428571,1,0,0.171428571429,1,0.828571428571,0.90625,0.942857142857,0.574603174603,0.865671641791,0.873589088037,0.828571428571,342,307,35,0,342,0,307,0,35,37,342,0.256756756757,1.72528881811,18.4864864865,15.5454545455,9.77142857143,5.36771015539,0.290358590277,0.142642642643,9.50849154237,1.02869645341,0.544491860281,8.05331334643,0.871264894205,0.461830251304,0.640599570326,0.371299902718,2,1.72528881811,0.640599570326,2,0.344071394247,0.376569037657,810,0.104247104247,0.56957682835,37,37,37,1,0,0.405405405405,0.540540540541,0.0540540540541,37,0.23048048048,1.73422669473,16.5945945946,13.9545454545,8.77142857143,4.88455308691,0.294346032925,0.146931948235,8.44546184799,1.01785696539,0.536490888282,7.2834090952,0.877805004959,0.471696452152,0.647933059676,0.373614972971,2,1.73422669473,0.647933059676,2,0.304663652554,0.336166924266,580,0.0746460746461,0.479601098371,37,37,37,1,0,0.405405405405,0.540540540541,0.0540540540541,37,336,0.252252252252,1.72375987666,18.1621621622,15.2727272727,9.6,5.32558558863,0.293224206517,0.142615830116,9.26875989062,1.02066701176,0.540862290862,8.09793656289,0.891737061985,0.471525096525,0.637948318171,0.370091175,2,1.72375987666,0.637948318171,2,0.327175235791,0.366816431322,762,0.0980694980695,0.569430021063,37,37,37,1,0,0.405405405405,0.540540540541,0.0540540540541,-6,-0.0045045045045,-0.00152894145457,-0.324324324324,-0.272727272727,-0.171428571429,-0.0421245667597,0.00286561623991,-2.68125268124e-05,-0.239731651758,-0.00802944165044,-0.00362956941904,0.0446232164549,0.0204721677799,0.00969484522116,-0.00265125215516,-0.00120872771784,0,-0.00152894145457,-0.00265125215516,0,-0.0168961584566,-0.0097526063347,-48,-0.00617760617761,-0.000146807287028,0,0,0,336,0,6,990,0.982456140351,1,0,0.0175438596491,1,0.982456140351,0.991150442478,0.988199235917,0.982456140351,0.982456140351,29,35,0,0,0,0
3785,WLNM_dir_neg,0.994693877551,0.761285651651,00:00:05,10,90,21,1241281856,threshold_sweep,0.5,1,0.828571428571,0.90625,29,0,6,70,0.828571428571,1,0,0.171428571429,1,0.828571428571,0.90625,0.942857142857,0.574603174603,0.865671641791,0.873589088037,0.828571428571,342,307,35,0,342,0,307,0,35,37,342,0.256756756757,1.72528881811,18.4864864865,15.5454545455,9.77142857143,5.36771015539,0.290358590277,0.142642642643,9.50849154237,1.02869645341,0.544491860281,8.05331334643,0.871264894205,0.461830251304,0.640599570326,0.371299902718,2,1.72528881811,0.640599570326,2,0.344071394247,0.376569037657,810,0.104247104247,0.56957682835,37,37,37,1,0,0.405405405405,0.540540540541,0.0540540540541,37,0.23048048048,1.73422669473,16.5945945946,13.9545454545,8.77142857143,4.88455308691,0.294346032925,0.146931948235,8.44546184799,1.01785696539,0.536490888282,7.2834090952,0.877805004959,0.471696452152,0.647933059676,0.373614972971,2,1.73422669473,0.647933059676,2,0.304663652554,0.336166924266,580,0.0746460746461,0.479601098371,37,37,37,1,0,0.405405405405,0.540540540541,0.0540540540541,37,336,0.252252252252,1.72375987666,18.1621621622,15.2727272727,9.6,5.32558558863,0.293224206517,0.142615830116,9.26875989062,1.02066701176,0.540862290862,8.09793656289,0.891737061985,0.471525096525,0.637948318171,0.370091175,2,1.72375987666,0.637948318171,2,0.327175235791,0.366816431322,762,0.0980694980695,0.569430021063,37,37,37,1,0,0.405405405405,0.540540540541,0.0540540540541,-6,-0.0045045045045,-0.00152894145457,-0.324324324324,-0.272727272727,-0.171428571429,-0.0421245667597,0.00286561623991,-2.68125268124e-05,-0.239731651758,-0.00802944165044,-0.00362956941904,0.0446232164549,0.0204721677799,0.00969484522116,-0.00265125215516,-0.00120872771784,0,-0.00152894145457,-0.00265125215516,0,-0.0168961584566,-0.0097526063347,-48,-0.00617760617761,-0.000146807287028,0,0,0,336,0,6,990,0.982456140351,1,0,0.0175438596491,1,0.982456140351,0.991150442478,0.988199235917,0.982456140351,0.982456140351,29,35,0,0,0,0
3786,WLNM_dir_neg,0.994693877551,0.761285651651,00:00:05,10,90,21,1241281856,threshold_sweep,0.6,1,0.828571428571,0.90625,29,0,6,70,0.828571428571,1,0,0.171428571429,1,0.828571428571,0.90625,0.942857142857,0.574603174603,0.865671641791,0.873589088037,0.828571428571,342,307,35,0,342,0,307,0,35,37,342,0.256756756757,1.72528881811,18.4864864865,15.5454545455,9.77142857143,5.36771015539,0.290358590277,0.142642642643,9.50849154237,1.02869645341,0.544491860281,8.05331334643,0.871264894205,0.461830251304,0.640599570326,0.371299902718,2,1.72528881811,0.640599570326,2,0.344071394247,0.376569037657,810,0.104247104247,0.56957682835,37,37,37,1,0,0.405405405405,0.540540540541,0.0540540540541,37,0.23048048048,1.73422669473,16.5945945946,13.9545454545,8.77142857143,4.88455308691,0.294346032925,0.146931948235,8.44546184799,1.01785696539,0.536490888282,7.2834090952,0.877805004959,0.471696452152,0.647933059676,0.373614972971,2,1.73422669473,0.647933059676,2,0.304663652554,0.336166924266,580,0.0746460746461,0.479601098371,37,37,37,1,0,0.405405405405,0.540540540541,0.0540540540541,37,336,0.252252252252,1.72375987666,18.1621621622,15.2727272727,9.6,5.32558558863,0.293224206517,0.142615830116,9.26875989062,1.02066701176,0.540862290862,8.09793656289,0.891737061985,0.471525096525,0.637948318171,0.370091175,2,1.72375987666,0.637948318171,2,0.327175235791,0.366816431322,762,0.0980694980695,0.569430021063,37,37,37,1,0,0.405405405405,0.540540540541,0.0540540540541,-6,-0.0045045045045,-0.00152894145457,-0.324324324324,-0.272727272727,-0.171428571429,-0.0421245667597,0.00286561623991,-2.68125268124e-05,-0.239731651758,-0.00802944165044,-0.00362956941904,0.0446232164549,0.0204721677799,0.00969484522116,-0.00265125215516,-0.00120872771784,0,-0.00152894145457,-0.00265125215516,0,-0.0168961584566,-0.0097526063347,-48,-0.00617760617761,-0.000146807287028,0,0,0,336,0,6,990,0.982456140351,1,0,0.0175438596491,1,0.982456140351,0.991150442478,0.988199235917,0.982456140351,0.982456140351,29,35,0,0,0,0
3787,WLNM_dir_neg,0.994693877551,0.761285651651,00:00:05,10,90,21,1241281856,threshold_sweep,0.7,1,0.828571428571,0.90625,29,0,6,70,0.828571428571,1,0,0.171428571429,1,0.828571428571,0.90625,0.942857142857,0.574603174603,0.865671641791,0.873589088037,0.828571428571,342,307,35,0,342,0,307,0,35,37,342,0.256756756757,1.72528881811,18.4864864865,15.5454545455,9.77142857143,5.36771015539,0.290358590277,0.142642642643,9.50849154237,1.02869645341,0.544491860281,8.05331334643,0.871264894205,0.461830251304,0.640599570326,0.371299902718,2,1.72528881811,0.640599570326,2,0.344071394247,0.376569037657,810,0.104247104247,0.56957682835,37,37,37,1,0,0.405405405405,0.540540540541,0.0540540540541,37,0.23048048048,1.73422669473,16.5945945946,13.9545454545,8.77142857143,4.88455308691,0.294346032925,0.146931948235,8.44546184799,1.01785696539,0.536490888282,7.2834090952,0.877805004959,0.471696452152,0.647933059676,0.373614972971,2,1.73422669473,0.647933059676,2,0.304663652554,0.336166924266,580,0.0746460746461,0.479601098371,37,37,37,1,0,0.405405405405,0.540540540541,0.0540540540541,37,336,0.252252252252,1.72375987666,18.1621621622,15.2727272727,9.6,5.32558558863,0.293224206517,0.142615830116,9.26875989062,1.02066701176,0.540862290862,8.09793656289,0.891737061985,0.471525096525,0.637948318171,0.370091175,2,1.72375987666,0.637948318171,2,0.327175235791,0.366816431322,762,0.0980694980695,0.569430021063,37,37,37,1,0,0.405405405405,0.540540540541,0.0540540540541,-6,-0.0045045045045,-0.00152894145457,-0.324324324324,-0.272727272727,-0.171428571429,-0.0421245667597,0.00286561623991,-2.68125268124e-05,-0.239731651758,-0.00802944165044,-0.00362956941904,0.0446232164549,0.0204721677799,0.00969484522116,-0.00265125215516,-0.00120872771784,0,-0.00152894145457,-0.00265125215516,0,-0.0168961584566,-0.0097526063347,-48,-0.00617760617761,-0.000146807287028,0,0,0,336,0,6,990,0.982456140351,1,0,0.0175438596491,1,0.982456140351,0.991150442478,0.988199235917,0.982456140351,0.982456140351,29,35,0,0,0,0
3788,WLNM_dir_neg,0.994693877551,0.761285651651,00:00:05,10,90,21,1241281856,threshold_sweep,0.8,1,0.828571428571,0.90625,29,0,6,70,0.828571428571,1,0,0.171428571429,1,0.828571428571,0.90625,0.942857142857,0.574603174603,0.865671641791,0.873589088037,0.828571428571,342,307,35,0,342,0,307,0,35,37,342,0.256756756757,1.72528881811,18.4864864865,15.5454545455,9.77142857143,5.36771015539,0.290358590277,0.142642642643,9.50849154237,1.02869645341,0.544491860281,8.05331334643,0.871264894205,0.461830251304,0.640599570326,0.371299902718,2,1.72528881811,0.640599570326,2,0.344071394247,0.376569037657,810,0.104247104247,0.56957682835,37,37,37,1,0,0.405405405405,0.540540540541,0.0540540540541,37,0.23048048048,1.73422669473,16.5945945946,13.9545454545,8.77142857143,4.88455308691,0.294346032925,0.146931948235,8.44546184799,1.01785696539,0.536490888282,7.2834090952,0.877805004959,0.471696452152,0.647933059676,0.373614972971,2,1.73422669473,0.647933059676,2,0.304663652554,0.336166924266,580,0.0746460746461,0.479601098371,37,37,37,1,0,0.405405405405,0.540540540541,0.0540540540541,37,336,0.252252252252,1.72375987666,18.1621621622,15.2727272727,9.6,5.32558558863,0.293224206517,0.142615830116,9.26875989062,1.02066701176,0.540862290862,8.09793656289,0.891737061985,0.471525096525,0.637948318171,0.370091175,2,1.72375987666,0.637948318171,2,0.327175235791,0.366816431322,762,0.0980694980695,0.569430021063,37,37,37,1,0,0.405405405405,0.540540540541,0.0540540540541,-6,-0.0045045045045,-0.00152894145457,-0.324324324324,-0.272727272727,-0.171428571429,-0.0421245667597,0.00286561623991,-2.68125268124e-05,-0.239731651758,-0.00802944165044,-0.00362956941904,0.0446232164549,0.0204721677799,0.00969484522116,-0.00265125215516,-0.00120872771784,0,-0.00152894145457,-0.00265125215516,0,-0.0168961584566,-0.0097526063347,-48,-0.00617760617761,-0.000146807287028,0,0,0,336,0,6,990,0.982456140351,1,0,0.0175438596491,1,0.982456140351,0.991150442478,0.988199235917,0.982456140351,0.982456140351,29,35,0,0,0,0
3789,WLNM_dir_neg,0.994693877551,0.761285651651,00:00:05,10,90,21,1241281856,threshold_sweep,0.9,1,0.828571428571,0.90625,29,0,6,70,0.828571428571,1,0,0.171428571429,1,0.828571428571,0.90625,0.942857142857,0.574603174603,0.865671641791,0.873589088037,0.828571428571,342,307,35,0,342,0,307,0,35,37,342,0.256756756757,1.72528881811,18.4864864865,15.5454545455,9.77142857143,5.36771015539,0.290358590277,0.142642642643,9.50849154237,1.02869645341,0.544491860281,8.05331334643,0.871264894205,0.461830251304,0.640599570326,0.371299902718,2,1.72528881811,0.640599570326,2,0.344071394247,0.376569037657,810,0.104247104247,0.56957682835,37,37,37,1,0,0.405405405405,0.540540540541,0.0540540540541,37,0.23048048048,1.73422669473,16.5945945946,13.9545454545,8.77142857143,4.88455308691,0.294346032925,0.146931948235,8.44546184799,1.01785696539,0.536490888282,7.2834090952,0.877805004959,0.471696452152,0.647933059676,0.373614972971,2,1.73422669473,0.647933059676,2,0.304663652554,0.336166924266,580,0.0746460746461,0.479601098371,37,37,37,1,0,0.405405405405,0.540540540541,0.0540540540541,37,336,0.252252252252,1.72375987666,18.1621621622,15.2727272727,9.6,5.32558558863,0.293224206517,0.142615830116,9.26875989062,1.02066701176,0.540862290862,8.09793656289,0.891737061985,0.471525096525,0.637948318171,0.370091175,2,1.72375987666,0.637948318171,2,0.327175235791,0.366816431322,762,0.0980694980695,0.569430021063,37,37,37,1,0,0.405405405405,0.540540540541,0.0540540540541,-6,-0.0045045045045,-0.00152894145457,-0.324324324324,-0.272727272727,-0.171428571429,-0.0421245667597,0.00286561623991,-2.68125268124e-05,-0.239731651758,-0.00802944165044,-0.00362956941904,0.0446232164549,0.0204721677799,0.00969484522116,-0.00265125215516,-0.00120872771784,0,-0.00152894145457,-0.00265125215516,0,-0.0168961584566,-0.0097526063347,-48,-0.00617760617761,-0.000146807287028,0,0,0,336,0,6,990,0.982456140351,1,0,0.0175438596491,1,0.982456140351,0.991150442478,0.988199235917,0.982456140351,0.982456140351,29,35,0,0,0,0
3790,WLNM_dir_neg,0.984693877551,0.634023501256,00:00:05,10,90,22,1241281857,threshold_sweep,0.1,1,0.885714285714,0.939393939394,31,0,4,70,0.885714285714,1,0,0.114285714286,1,0.885714285714,0.939393939394,0.961904761905,0.568253968254,0.911764705882,0.915334822804,0.885714285714,342,307,35,0,342,0,307,0,35,37,342,0.256756756757,1.72528881811,18.4864864865,15.5454545455,9.77142857143,5.36771015539,0.290358590277,0.142642642643,9.50849154237,1.02869645341,0.544491860281,8.05331334643,0.871264894205,0.461830251304,0.640599570326,0.371299902718,2,1.72528881811,0.640599570326,2,0.344071394247,0.376569037657,810,0.104247104247,0.56957682835,37,37,37,1,0,0.405405405405,0.540540540541,0.0540540540541,37,0.23048048048,1.73655723435,16.5945945946,13.9545454545,8.77142857143,4.41247889173,0.265898565137,0.133902632274,8.26594373474,0.996221231874,0.525926578044,7.19515602821,0.867168641836,0.46923144643,0.653536756559,0.376340464704,2,1.73655723435,0.653536756559,2,0.287922693631,0.304058027838,517,0.066537966538,0.477342077325,37,37,37,1,0,0.405405405405,0.540540540541,0.0540540540541,37,338,0.253753753754,1.72170747135,18.2702702703,15.3636363636,9.65714285714,5.17820565581,0.283422498912,0.138973292819,9.31892388328,1.02011888663,0.540700463777,8.10747995565,0.887505202245,0.46905485367,0.636772200502,0.369849240419,2,1.72170747135,0.636772200502,2,0.327068538827,0.356118546845,745,0.0958815958816,0.571898541399,37,37,37,1,0,0.405405405405,0.540540540541,0.0540540540541,-4,-0.003003003003,-0.00358134676682,-0.216216216216,-0.181818181818,-0.114285714286,-0.189504499588,-0.0069360913647,-0.0036693498232,-0.189567659096,-0.00857756678371,-0.00379139650395,0.0541666092136,0.0162403080406,0.0072246023663,-0.00382736982435,-0.00145066229879,0,-0.00358134676682,-0.00382736982435,0,-0.0170028554207,-0.0204504908118,-65,-0.00836550836551,0.00232171304918,0,0,0,338,0,4,990,0.988304093567,1,0,0.0116959064327,1,0.988304093567,0.994117647059,0.992132559046,0.988304093567,0.988304093567,31,35,0,0,0,0
3791,WLNM_dir_neg,0.984693877551,0.634023501256,00:00:05,10,90,22,1241281857,threshold_sweep,0.2,1,0.885714285714,0.939393939394,31,0,4,70,0.885714285714,1,0,0.114285714286,1,0.885714285714,0.939393939394,0.961904761905,0.568253968254,0.911764705882,0.915334822804,0.885714285714,342,307,35,0,342,0,307,0,35,37,342,0.256756756757,1.72528881811,18.4864864865,15.5454545455,9.77142857143,5.36771015539,0.290358590277,0.142642642643,9.50849154237,1.02869645341,0.544491860281,8.05331334643,0.871264894205,0.461830251304,0.640599570326,0.371299902718,2,1.72528881811,0.640599570326,2,0.344071394247,0.376569037657,810,0.104247104247,0.56957682835,37,37,37,1,0,0.405405405405,0.540540540541,0.0540540540541,37,0.23048048048,1.73655723435,16.5945945946,13.9545454545,8.77142857143,4.41247889173,0.265898565137,0.133902632274,8.26594373474,0.996221231874,0.525926578044,7.19515602821,0.867168641836,0.46923144643,0.653536756559,0.376340464704,2,1.73655723435,0.653536756559,2,0.287922693631,0.304058027838,517,0.066537966538,0.477342077325,37,37,37,1,0,0.405405405405,0.540540540541,0.0540540540541,37,338,0.253753753754,1.72170747135,18.2702702703,15.3636363636,9.65714285714,5.17820565581,0.283422498912,0.138973292819,9.31892388328,1.02011888663,0.540700463777,8.10747995565,0.887505202245,0.46905485367,0.636772200502,0.369849240419,2,1.72170747135,0.636772200502,2,0.327068538827,0.356118546845,745,0.0958815958816,0.571898541399,37,37,37,1,0,0.405405405405,0.540540540541,0.0540540540541,-4,-0.003003003003,-0.00358134676682,-0.216216216216,-0.181818181818,-0.114285714286,-0.189504499588,-0.0069360913647,-0.0036693498232,-0.189567659096,-0.00857756678371,-0.00379139650395,0.0541666092136,0.0162403080406,0.0072246023663,-0.00382736982435,-0.00145066229879,0,-0.00358134676682,-0.00382736982435,0,-0.0170028554207,-0.0204504908118,-65,-0.00836550836551,0.00232171304918,0,0,0,338,0,4,990,0.988304093567,1,0,0.0116959064327,1,0.988304093567,0.994117647059,0.992132559046,0.988304093567,0.988304093567,31,35,0,0,0,0
3792,WLNM_dir_neg,0.984693877551,0.634023501256,00:00:05,10,90,22,1241281857,threshold_sweep,0.3,1,0.885714285714,0.939393939394,31,0,4,70,0.885714285714,1,0,0.114285714286,1,0.885714285714,0.939393939394,0.961904761905,0.568253968254,0.911764705882,0.915334822804,0.885714285714,342,307,35,0,342,0,307,0,35,37,342,0.256756756757,1.72528881811,18.4864864865,15.5454545455,9.77142857143,5.36771015539,0.290358590277,0.142642642643,9.50849154237,1.02869645341,0.544491860281,8.05331334643,0.871264894205,0.461830251304,0.640599570326,0.371299902718,2,1.72528881811,0.640599570326,2,0.344071394247,0.376569037657,810,0.104247104247,0.56957682835,37,37,37,1,0,0.405405405405,0.540540540541,0.0540540540541,37,0.23048048048,1.73655723435,16.5945945946,13.9545454545,8.77142857143,4.41247889173,0.265898565137,0.133902632274,8.26594373474,0.996221231874,0.525926578044,7.19515602821,0.867168641836,0.46923144643,0.653536756559,0.376340464704,2,1.73655723435,0.653536756559,2,0.287922693631,0.304058027838,517,0.066537966538,0.477342077325,37,37,37,1,0,0.405405405405,0.540540540541,0.0540540540541,37,338,0.253753753754,1.72170747135,18.2702702703,15.3636363636,9.65714285714,5.17820565581,0.283422498912,0.138973292819,9.31892388328,1.02011888663,0.540700463777,8.10747995565,0.887505202245,0.46905485367,0.636772200502,0.369849240419,2,1.72170747135,0.636772200502,2,0.327068538827,0.356118546845,745,0.0958815958816,0.571898541399,37,37,37,1,0,0.405405405405,0.540540540541,0.0540540540541,-4,-0.003003003003,-0.00358134676682,-0.216216216216,-0.181818181818,-0.114285714286,-0.189504499588,-0.0069360913647,-0.0036693498232,-0.189567659096,-0.00857756678371,-0.00379139650395,0.0541666092136,0.0162403080406,0.0072246023663,-0.00382736982435,-0.00145066229879,0,-0.00358134676682,-0.00382736982435,0,-0.0170028554207,-0.0204504908118,-65,-0.00836550836551,0.00232171304918,0,0,0,338,0,4,990,0.988304093567,1,0,0.0116959064327,1,0.988304093567,0.994117647059,0.992132559046,0.988304093567,0.988304093567,31,35,0,0,0,0
3793,WLNM_dir_neg,0.984693877551,0.634023501256,00:00:05,10,90,22,1241281857,threshold_sweep,0.4,1,0.885714285714,0.939393939394,31,0,4,70,0.885714285714,1,0,0.114285714286,1,0.885714285714,0.939393939394,0.961904761905,0.568253968254,0.911764705882,0.915334822804,0.885714285714,342,307,35,0,342,0,307,0,35,37,342,0.256756756757,1.72528881811,18.4864864865,15.5454545455,9.77142857143,5.36771015539,0.290358590277,0.142642642643,9.50849154237,1.02869645341,0.544491860281,8.05331334643,0.871264894205,0.461830251304,0.640599570326,0.371299902718,2,1.72528881811,0.640599570326,2,0.344071394247,0.376569037657,810,0.104247104247,0.56957682835,37,37,37,1,0,0.405405405405,0.540540540541,0.0540540540541,37,0.23048048048,1.73655723435,16.5945945946,13.9545454545,8.77142857143,4.41247889173,0.265898565137,0.133902632274,8.26594373474,0.996221231874,0.525926578044,7.19515602821,0.867168641836,0.46923144643,0.653536756559,0.376340464704,2,1.73655723435,0.653536756559,2,0.287922693631,0.304058027838,517,0.066537966538,0.477342077325,37,37,37,1,0,0.405405405405,0.540540540541,0.0540540540541,37,338,0.253753753754,1.72170747135,18.2702702703,15.3636363636,9.65714285714,5.17820565581,0.283422498912,0.138973292819,9.31892388328,1.02011888663,0.540700463777,8.10747995565,0.887505202245,0.46905485367,0.636772200502,0.369849240419,2,1.72170747135,0.636772200502,2,0.327068538827,0.356118546845,745,0.0958815958816,0.571898541399,37,37,37,1,0,0.405405405405,0.540540540541,0.0540540540541,-4,-0.003003003003,-0.00358134676682,-0.216216216216,-0.181818181818,-0.114285714286,-0.189504499588,-0.0069360913647,-0.0036693498232,-0.189567659096,-0.00857756678371,-0.00379139650395,0.0541666092136,0.0162403080406,0.0072246023663,-0.00382736982435,-0.00145066229879,0,-0.00358134676682,-0.00382736982435,0,-0.0170028554207,-0.0204504908118,-65,-0.00836550836551,0.00232171304918,0,0,0,338,0,4,990,0.988304093567,1,0,0.0116959064327,1,0.988304093567,0.994117647059,0.992132559046,0.988304093567,0.988304093567,31,35,0,0,0,0
3794,WLNM_dir_neg,0.984693877551,0.634023501256,00:00:05,10,90,22,1241281857,threshold_sweep,0.5,1,0.885714285714,0.939393939394,31,0,4,70,0.885714285714,1,0,0.114285714286,1,0.885714285714,0.939393939394,0.961904761905,0.568253968254,0.911764705882,0.915334822804,0.885714285714,342,307,35,0,342,0,307,0,35,37,342,0.256756756757,1.72528881811,18.4864864865,15.5454545455,9.77142857143,5.36771015539,0.290358590277,0.142642642643,9.50849154237,1.02869645341,0.544491860281,8.05331334643,0.871264894205,0.461830251304,0.640599570326,0.371299902718,2,1.72528881811,0.640599570326,2,0.344071394247,0.376569037657,810,0.104247104247,0.56957682835,37,37,37,1,0,0.405405405405,0.540540540541,0.0540540540541,37,0.23048048048,1.73655723435,16.5945945946,13.9545454545,8.77142857143,4.41247889173,0.265898565137,0.133902632274,8.26594373474,0.996221231874,0.525926578044,7.19515602821,0.867168641836,0.46923144643,0.653536756559,0.376340464704,2,1.73655723435,0.653536756559,2,0.287922693631,0.304058027838,517,0.066537966538,0.477342077325,37,37,37,1,0,0.405405405405,0.540540540541,0.0540540540541,37,338,0.253753753754,1.72170747135,18.2702702703,15.3636363636,9.65714285714,5.17820565581,0.283422498912,0.138973292819,9.31892388328,1.02011888663,0.540700463777,8.10747995565,0.887505202245,0.46905485367,0.636772200502,0.369849240419,2,1.72170747135,0.636772200502,2,0.327068538827,0.356118546845,745,0.0958815958816,0.571898541399,37,37,37,1,0,0.405405405405,0.540540540541,0.0540540540541,-4,-0.003003003003,-0.00358134676682,-0.216216216216,-0.181818181818,-0.114285714286,-0.189504499588,-0.0069360913647,-0.0036693498232,-0.189567659096,-0.00857756678371,-0.00379139650395,0.0541666092136,0.0162403080406,0.0072246023663,-0.00382736982435,-0.00145066229879,0,-0.00358134676682,-0.00382736982435,0,-0.0170028554207,-0.0204504908118,-65,-0.00836550836551,0.00232171304918,0,0,0,338,0,4,990,0.988304093567,1,0,0.0116959064327,1,0.988304093567,0.994117647059,0.992132559046,0.988304093567,0.988304093567,31,35,0,0,0,0
3795,WLNM_dir_neg,0.984693877551,0.634023501256,00:00:05,10,90,22,1241281857,threshold_sweep,0.6,1,0.885714285714,0.939393939394,31,0,4,70,0.885714285714,1,0,0.114285714286,1,0.885714285714,0.939393939394,0.961904761905,0.568253968254,0.911764705882,0.915334822804,0.885714285714,342,307,35,0,342,0,307,0,35,37,342,0.256756756757,1.72528881811,18.4864864865,15.5454545455,9.77142857143,5.36771015539,0.290358590277,0.142642642643,9.50849154237,1.02869645341,0.544491860281,8.05331334643,0.871264894205,0.461830251304,0.640599570326,0.371299902718,2,1.72528881811,0.640599570326,2,0.344071394247,0.376569037657,810,0.104247104247,0.56957682835,37,37,37,1,0,0.405405405405,0.540540540541,0.0540540540541,37,0.23048048048,1.73655723435,16.5945945946,13.9545454545,8.77142857143,4.41247889173,0.265898565137,0.133902632274,8.26594373474,0.996221231874,0.525926578044,7.19515602821,0.867168641836,0.46923144643,0.653536756559,0.376340464704,2,1.73655723435,0.653536756559,2,0.287922693631,0.304058027838,517,0.066537966538,0.477342077325,37,37,37,1,0,0.405405405405,0.540540540541,0.0540540540541,37,338,0.253753753754,1.72170747135,18.2702702703,15.3636363636,9.65714285714,5.17820565581,0.283422498912,0.138973292819,9.31892388328,1.02011888663,0.540700463777,8.10747995565,0.887505202245,0.46905485367,0.636772200502,0.369849240419,2,1.72170747135,0.636772200502,2,0.327068538827,0.356118546845,745,0.0958815958816,0.571898541399,37,37,37,1,0,0.405405405405,0.540540540541,0.0540540540541,-4,-0.003003003003,-0.00358134676682,-0.216216216216,-0.181818181818,-0.114285714286,-0.189504499588,-0.0069360913647,-0.0036693498232,-0.189567659096,-0.00857756678371,-0.00379139650395,0.0541666092136,0.0162403080406,0.0072246023663,-0.00382736982435,-0.00145066229879,0,-0.00358134676682,-0.00382736982435,0,-0.0170028554207,-0.0204504908118,-65,-0.00836550836551,0.00232171304918,0,0,0,338,0,4,990,0.988304093567,1,0,0.0116959064327,1,0.988304093567,0.994117647059,0.992132559046,0.988304093567,0.988304093567,31,35,0,0,0,0
3796,WLNM_dir_neg,0.984693877551,0.634023501256,00:00:05,10,90,22,1241281857,threshold_sweep,0.7,1,0.885714285714,0.939393939394,31,0,4,70,0.885714285714,1,0,0.114285714286,1,0.885714285714,0.939393939394,0.961904761905,0.568253968254,0.911764705882,0.915334822804,0.885714285714,342,307,35,0,342,0,307,0,35,37,342,0.256756756757,1.72528881811,18.4864864865,15.5454545455,9.77142857143,5.36771015539,0.290358590277,0.142642642643,9.50849154237,1.02869645341,0.544491860281,8.05331334643,0.871264894205,0.461830251304,0.640599570326,0.371299902718,2,1.72528881811,0.640599570326,2,0.344071394247,0.376569037657,810,0.104247104247,0.56957682835,37,37,37,1,0,0.405405405405,0.540540540541,0.0540540540541,37,0.23048048048,1.73655723435,16.5945945946,13.9545454545,8.77142857143,4.41247889173,0.265898565137,0.133902632274,8.26594373474,0.996221231874,0.525926578044,7.19515602821,0.867168641836,0.46923144643,0.653536756559,0.376340464704,2,1.73655723435,0.653536756559,2,0.287922693631,0.304058027838,517,0.066537966538,0.477342077325,37,37,37,1,0,0.405405405405,0.540540540541,0.0540540540541,37,338,0.253753753754,1.72170747135,18.2702702703,15.3636363636,9.65714285714,5.17820565581,0.283422498912,0.138973292819,9.31892388328,1.02011888663,0.540700463777,8.10747995565,0.887505202245,0.46905485367,0.636772200502,0.369849240419,2,1.72170747135,0.636772200502,2,0.327068538827,0.356118546845,745,0.0958815958816,0.571898541399,37,37,37,1,0,0.405405405405,0.540540540541,0.0540540540541,-4,-0.003003003003,-0.00358134676682,-0.216216216216,-0.181818181818,-0.114285714286,-0.189504499588,-0.0069360913647,-0.0036693498232,-0.189567659096,-0.00857756678371,-0.00379139650395,0.0541666092136,0.0162403080406,0.0072246023663,-0.00382736982435,-0.00145066229879,0,-0.00358134676682,-0.00382736982435,0,-0.0170028554207,-0.0204504908118,-65,-0.00836550836551,0.00232171304918,0,0,0,338,0,4,990,0.988304093567,1,0,0.0116959064327,1,0.988304093567,0.994117647059,0.992132559046,0.988304093567,0.988304093567,31,35,0,0,0,0
3797,WLNM_dir_neg,0.984693877551,0.634023501256,00:00:05,10,90,22,1241281857,threshold_sweep,0.8,1,0.885714285714,0.939393939394,31,0,4,70,0.885714285714,1,0,0.114285714286,1,0.885714285714,0.939393939394,0.961904761905,0.568253968254,0.911764705882,0.915334822804,0.885714285714,342,307,35,0,342,0,307,0,35,37,342,0.256756756757,1.72528881811,18.4864864865,15.5454545455,9.77142857143,5.36771015539,0.290358590277,0.142642642643,9.50849154237,1.02869645341,0.544491860281,8.05331334643,0.871264894205,0.461830251304,0.640599570326,0.371299902718,2,1.72528881811,0.640599570326,2,0.344071394247,0.376569037657,810,0.104247104247,0.56957682835,37,37,37,1,0,0.405405405405,0.540540540541,0.0540540540541,37,0.23048048048,1.73655723435,16.5945945946,13.9545454545,8.77142857143,4.41247889173,0.265898565137,0.133902632274,8.26594373474,0.996221231874,0.525926578044,7.19515602821,0.867168641836,0.46923144643,0.653536756559,0.376340464704,2,1.73655723435,0.653536756559,2,0.287922693631,0.304058027838,517,0.066537966538,0.477342077325,37,37,37,1,0,0.405405405405,0.540540540541,0.0540540540541,37,338,0.253753753754,1.72170747135,18.2702702703,15.3636363636,9.65714285714,5.17820565581,0.283422498912,0.138973292819,9.31892388328,1.02011888663,0.540700463777,8.10747995565,0.887505202245,0.46905485367,0.636772200502,0.369849240419,2,1.72170747135,0.636772200502,2,0.327068538827,0.356118546845,745,0.0958815958816,0.571898541399,37,37,37,1,0,0.405405405405,0.540540540541,0.0540540540541,-4,-0.003003003003,-0.00358134676682,-0.216216216216,-0.181818181818,-0.114285714286,-0.189504499588,-0.0069360913647,-0.0036693498232,-0.189567659096,-0.00857756678371,-0.00379139650395,0.0541666092136,0.0162403080406,0.0072246023663,-0.00382736982435,-0.00145066229879,0,-0.00358134676682,-0.00382736982435,0,-0.0170028554207,-0.0204504908118,-65,-0.00836550836551,0.00232171304918,0,0,0,338,0,4,990,0.988304093567,1,0,0.0116959064327,1,0.988304093567,0.994117647059,0.992132559046,0.988304093567,0.988304093567,31,35,0,0,0,0
3798,WLNM_dir_neg,0.984693877551,0.634023501256,00:00:05,10,90,22,1241281857,threshold_sweep,0.9,1,0.885714285714,0.939393939394,31,0,4,70,0.885714285714,1,0,0.114285714286,1,0.885714285714,0.939393939394,0.961904761905,0.568253968254,0.911764705882,0.915334822804,0.885714285714,342,307,35,0,342,0,307,0,35,37,342,0.256756756757,1.72528881811,18.4864864865,15.5454545455,9.77142857143,5.36771015539,0.290358590277,0.142642642643,9.50849154237,1.02869645341,0.544491860281,8.05331334643,0.871264894205,0.461830251304,0.640599570326,0.371299902718,2,1.72528881811,0.640599570326,2,0.344071394247,0.376569037657,810,0.104247104247,0.56957682835,37,37,37,1,0,0.405405405405,0.540540540541,0.0540540540541,37,0.23048048048,1.73655723435,16.5945945946,13.9545454545,8.77142857143,4.41247889173,0.265898565137,0.133902632274,8.26594373474,0.996221231874,0.525926578044,7.19515602821,0.867168641836,0.46923144643,0.653536756559,0.376340464704,2,1.73655723435,0.653536756559,2,0.287922693631,0.304058027838,517,0.066537966538,0.477342077325,37,37,37,1,0,0.405405405405,0.540540540541,0.0540540540541,37,338,0.253753753754,1.72170747135,18.2702702703,15.3636363636,9.65714285714,5.17820565581,0.283422498912,0.138973292819,9.31892388328,1.02011888663,0.540700463777,8.10747995565,0.887505202245,0.46905485367,0.636772200502,0.369849240419,2,1.72170747135,0.636772200502,2,0.327068538827,0.356118546845,745,0.0958815958816,0.571898541399,37,37,37,1,0,0.405405405405,0.540540540541,0.0540540540541,-4,-0.003003003003,-0.00358134676682,-0.216216216216,-0.181818181818,-0.114285714286,-0.189504499588,-0.0069360913647,-0.0036693498232,-0.189567659096,-0.00857756678371,-0.00379139650395,0.0541666092136,0.0162403080406,0.0072246023663,-0.00382736982435,-0.00145066229879,0,-0.00358134676682,-0.00382736982435,0,-0.0170028554207,-0.0204504908118,-65,-0.00836550836551,0.00232171304918,0,0,0,338,0,4,990,0.988304093567,1,0,0.0116959064327,1,0.988304093567,0.994117647059,0.992132559046,0.988304093567,0.988304093567,31,35,0,0,0,0
3799,WLNM_dir_neg,0.994285714286,0.30332082981,00:00:05,10,90,23,1241281858,threshold_sweep,0.1,1,0.857142857143,0.923076923077,30,0,5,70,0.857142857143,1,0,0.142857142857,1,0.857142857143,0.923076923077,0.952380952381,0.571428571429,0.888888888889,0.894427191,0.857142857143,342,307,35,0,342,0,307,0,35,37,342,0.256756756757,1.72528881811,18.4864864865,15.5454545455,9.77142857143,5.36771015539,0.290358590277,0.142642642643,9.50849154237,1.02869645341,0.544491860281,8.05331334643,0.871264894205,0.461830251304,0.640599570326,0.371299902718,2,1.72528881811,0.640599570326,2,0.344071394247,0.376569037657,810,0.104247104247,0.56957682835,37,37,37,1,0,0.405405405405,0.540540540541,0.0540540540541,37,0.23048048048,1.73514734771,16.5945945946,13.9545454545,8.77142857143,4.5610638346,0.274852380912,0.131173518796,8.32954869014,1.00388697568,0.52293335681,7.32144819032,0.882389521309,0.472400739502,0.650756845196,0.375044140232,2,1.73514734771,0.650756845196,2,0.287839291167,0.302107728337,516,0.0664092664093,0.488379938903,37,37,37,1,0,0.405405405405,0.540540540541,0.0540540540541,37,337,0.253003003003,1.72267107863,18.2162162162,15.3181818182,9.62857142857,5.14854421245,0.28263521641,0.138583687545,9.2729708286,1.01810065477,0.539898949394,8.13696566358,0.893376052084,0.470927901195,0.637062396077,0.369810815296,2,1.72267107863,0.637062396077,2,0.325211715958,0.350761828388,729,0.0938223938224,0.573465743443,37,37,37,1,0,0.405405405405,0.540540540541,0.0540540540541,-5,-0.00375375375375,-0.00261773948013,-0.27027027027,-0.227272727273,-0.142857142857,-0.219165942948,-0.0077233738669,-0.00405895509753,-0.235520713779,-0.0105957986432,-0.00459291088684,0.0836523171415,0.0221111578791,0.00909764989103,-0.0035371742492,-0.00148908742168,0,-0.00261773948013,-0.0035371742492,0,-0.0188596782898,-0.0258072092688,-81,-0.0104247104247,0.00388891509277,0,0,0,337,0,5,990,0.985380116959,1,0,0.0146198830409,1,0.985380116959,0.99263622975,0.990165874023,0.985380116959,0.985380116959,30,35,0,0,0,0
3800,WLNM_dir_neg,0.994285714286,0.30332082981,00:00:05,10,90,23,1241281858,threshold_sweep,0.2,1,0.857142857143,0.923076923077,30,0,5,70,0.857142857143,1,0,0.142857142857,1,0.857142857143,0.923076923077,0.952380952381,0.571428571429,0.888888888889,0.894427191,0.857142857143,342,307,35,0,342,0,307,0,35,37,342,0.256756756757,1.72528881811,18.4864864865,15.5454545455,9.77142857143,5.36771015539,0.290358590277,0.142642642643,9.50849154237,1.02869645341,0.544491860281,8.05331334643,0.871264894205,0.461830251304,0.640599570326,0.371299902718,2,1.72528881811,0.640599570326,2,0.344071394247,0.376569037657,810,0.104247104247,0.56957682835,37,37,37,1,0,0.405405405405,0.540540540541,0.0540540540541,37,0.23048048048,1.73514734771,16.5945945946,13.9545454545,8.77142857143,4.5610638346,0.274852380912,0.131173518796,8.32954869014,1.00388697568,0.52293335681,7.32144819032,0.882389521309,0.472400739502,0.650756845196,0.375044140232,2,1.73514734771,0.650756845196,2,0.287839291167,0.302107728337,516,0.0664092664093,0.488379938903,37,37,37,1,0,0.405405405405,0.540540540541,0.0540540540541,37,337,0.253003003003,1.72267107863,18.2162162162,15.3181818182,9.62857142857,5.14854421245,0.28263521641,0.138583687545,9.2729708286,1.01810065477,0.539898949394,8.13696566358,0.893376052084,0.470927901195,0.637062396077,0.369810815296,2,1.72267107863,0.637062396077,2,0.325211715958,0.350761828388,729,0.0938223938224,0.573465743443,37,37,37,1,0,0.405405405405,0.540540540541,0.0540540540541,-5,-0.00375375375375,-0.00261773948013,-0.27027027027,-0.227272727273,-0.142857142857,-0.219165942948,-0.0077233738669,-0.00405895509753,-0.235520713779,-0.0105957986432,-0.00459291088684,0.0836523171415,0.0221111578791,0.00909764989103,-0.0035371742492,-0.00148908742168,0,-0.00261773948013,-0.0035371742492,0,-0.0188596782898,-0.0258072092688,-81,-0.0104247104247,0.00388891509277,0,0,0,337,0,5,990,0.985380116959,1,0,0.0146198830409,1,0.985380116959,0.99263622975,0.990165874023,0.985380116959,0.985380116959,30,35,0,0,0,0
3801,WLNM_dir_neg,0.994285714286,0.30332082981,00:00:05,10,90,23,1241281858,threshold_sweep,0.3,1,0.857142857143,0.923076923077,30,0,5,70,0.857142857143,1,0,0.142857142857,1,0.857142857143,0.923076923077,0.952380952381,0.571428571429,0.888888888889,0.894427191,0.857142857143,342,307,35,0,342,0,307,0,35,37,342,0.256756756757,1.72528881811,18.4864864865,15.5454545455,9.77142857143,5.36771015539,0.290358590277,0.142642642643,9.50849154237,1.02869645341,0.544491860281,8.05331334643,0.871264894205,0.461830251304,0.640599570326,0.371299902718,2,1.72528881811,0.640599570326,2,0.344071394247,0.376569037657,810,0.104247104247,0.56957682835,37,37,37,1,0,0.405405405405,0.540540540541,0.0540540540541,37,0.23048048048,1.73514734771,16.5945945946,13.9545454545,8.77142857143,4.5610638346,0.274852380912,0.131173518796,8.32954869014,1.00388697568,0.52293335681,7.32144819032,0.882389521309,0.472400739502,0.650756845196,0.375044140232,2,1.73514734771,0.650756845196,2,0.287839291167,0.302107728337,516,0.0664092664093,0.488379938903,37,37,37,1,0,0.405405405405,0.540540540541,0.0540540540541,37,337,0.253003003003,1.72267107863,18.2162162162,15.3181818182,9.62857142857,5.14854421245,0.28263521641,0.138583687545,9.2729708286,1.01810065477,0.539898949394,8.13696566358,0.893376052084,0.470927901195,0.637062396077,0.369810815296,2,1.72267107863,0.637062396077,2,0.325211715958,0.350761828388,729,0.0938223938224,0.573465743443,37,37,37,1,0,0.405405405405,0.540540540541,0.0540540540541,-5,-0.00375375375375,-0.00261773948013,-0.27027027027,-0.227272727273,-0.142857142857,-0.219165942948,-0.0077233738669,-0.00405895509753,-0.235520713779,-0.0105957986432,-0.00459291088684,0.0836523171415,0.0221111578791,0.00909764989103,-0.0035371742492,-0.00148908742168,0,-0.00261773948013,-0.0035371742492,0,-0.0188596782898,-0.0258072092688,-81,-0.0104247104247,0.00388891509277,0,0,0,337,0,5,990,0.985380116959,1,0,0.0146198830409,1,0.985380116959,0.99263622975,0.990165874023,0.985380116959,0.985380116959,30,35,0,0,0,0
3802,WLNM_dir_neg,0.994285714286,0.30332082981,00:00:05,10,90,23,1241281858,threshold_sweep,0.4,1,0.857142857143,0.923076923077,30,0,5,70,0.857142857143,1,0,0.142857142857,1,0.857142857143,0.923076923077,0.952380952381,0.571428571429,0.888888888889,0.894427191,0.857142857143,342,307,35,0,342,0,307,0,35,37,342,0.256756756757,1.72528881811,18.4864864865,15.5454545455,9.77142857143,5.36771015539,0.290358590277,0.142642642643,9.50849154237,1.02869645341,0.544491860281,8.05331334643,0.871264894205,0.461830251304,0.640599570326,0.371299902718,2,1.72528881811,0.640599570326,2,0.344071394247,0.376569037657,810,0.104247104247,0.56957682835,37,37,37,1,0,0.405405405405,0.540540540541,0.0540540540541,37,0.23048048048,1.73514734771,16.5945945946,13.9545454545,8.77142857143,4.5610638346,0.274852380912,0.131173518796,8.32954869014,1.00388697568,0.52293335681,7.32144819032,0.882389521309,0.472400739502,0.650756845196,0.375044140232,2,1.73514734771,0.650756845196,2,0.287839291167,0.302107728337,516,0.0664092664093,0.488379938903,37,37,37,1,0,0.405405405405,0.540540540541,0.0540540540541,37,337,0.253003003003,1.72267107863,18.2162162162,15.3181818182,9.62857142857,5.14854421245,0.28263521641,0.138583687545,9.2729708286,1.01810065477,0.539898949394,8.13696566358,0.893376052084,0.470927901195,0.637062396077,0.369810815296,2,1.72267107863,0.637062396077,2,0.325211715958,0.350761828388,729,0.0938223938224,0.573465743443,37,37,37,1,0,0.405405405405,0.540540540541,0.0540540540541,-5,-0.00375375375375,-0.00261773948013,-0.27027027027,-0.227272727273,-0.142857142857,-0.219165942948,-0.0077233738669,-0.00405895509753,-0.235520713779,-0.0105957986432,-0.00459291088684,0.0836523171415,0.0221111578791,0.00909764989103,-0.0035371742492,-0.00148908742168,0,-0.00261773948013,-0.0035371742492,0,-0.0188596782898,-0.0258072092688,-81,-0.0104247104247,0.00388891509277,0,0,0,337,0,5,990,0.985380116959,1,0,0.0146198830409,1,0.985380116959,0.99263622975,0.990165874023,0.985380116959,0.985380116959,30,35,0,0,0,0
3803,WLNM_dir_neg,0.994285714286,0.30332082981,00:00:05,10,90,23,1241281858,threshold_sweep,0.5,1,0.857142857143,0.923076923077,30,0,5,70,0.857142857143,1,0,0.142857142857,1,0.857142857143,0.923076923077,0.952380952381,0.571428571429,0.888888888889,0.894427191,0.857142857143,342,307,35,0,342,0,307,0,35,37,342,0.256756756757,1.72528881811,18.4864864865,15.5454545455,9.77142857143,5.36771015539,0.290358590277,0.142642642643,9.50849154237,1.02869645341,0.544491860281,8.05331334643,0.871264894205,0.461830251304,0.640599570326,0.371299902718,2,1.72528881811,0.640599570326,2,0.344071394247,0.376569037657,810,0.104247104247,0.56957682835,37,37,37,1,0,0.405405405405,0.540540540541,0.0540540540541,37,0.23048048048,1.73514734771,16.5945945946,13.9545454545,8.77142857143,4.5610638346,0.274852380912,0.131173518796,8.32954869014,1.00388697568,0.52293335681,7.32144819032,0.882389521309,0.472400739502,0.650756845196,0.375044140232,2,1.73514734771,0.650756845196,2,0.287839291167,0.302107728337,516,0.0664092664093,0.488379938903,37,37,37,1,0,0.405405405405,0.540540540541,0.0540540540541,37,337,0.253003003003,1.72267107863,18.2162162162,15.3181818182,9.62857142857,5.14854421245,0.28263521641,0.138583687545,9.2729708286,1.01810065477,0.539898949394,8.13696566358,0.893376052084,0.470927901195,0.637062396077,0.369810815296,2,1.72267107863,0.637062396077,2,0.325211715958,0.350761828388,729,0.0938223938224,0.573465743443,37,37,37,1,0,0.405405405405,0.540540540541,0.0540540540541,-5,-0.00375375375375,-0.00261773948013,-0.27027027027,-0.227272727273,-0.142857142857,-0.219165942948,-0.0077233738669,-0.00405895509753,-0.235520713779,-0.0105957986432,-0.00459291088684,0.0836523171415,0.0221111578791,0.00909764989103,-0.0035371742492,-0.00148908742168,0,-0.00261773948013,-0.0035371742492,0,-0.0188596782898,-0.0258072092688,-81,-0.0104247104247,0.00388891509277,0,0,0,337,0,5,990,0.985380116959,1,0,0.0146198830409,1,0.985380116959,0.99263622975,0.990165874023,0.985380116959,0.985380116959,30,35,0,0,0,0
3804,WLNM_dir_neg,0.994285714286,0.30332082981,00:00:05,10,90,23,1241281858,threshold_sweep,0.6,1,0.857142857143,0.923076923077,30,0,5,70,0.857142857143,1,0,0.142857142857,1,0.857142857143,0.923076923077,0.952380952381,0.571428571429,0.888888888889,0.894427191,0.857142857143,342,307,35,0,342,0,307,0,35,37,342,0.256756756757,1.72528881811,18.4864864865,15.5454545455,9.77142857143,5.36771015539,0.290358590277,0.142642642643,9.50849154237,1.02869645341,0.544491860281,8.05331334643,0.871264894205,0.461830251304,0.640599570326,0.371299902718,2,1.72528881811,0.640599570326,2,0.344071394247,0.376569037657,810,0.104247104247,0.56957682835,37,37,37,1,0,0.405405405405,0.540540540541,0.0540540540541,37,0.23048048048,1.73514734771,16.5945945946,13.9545454545,8.77142857143,4.5610638346,0.274852380912,0.131173518796,8.32954869014,1.00388697568,0.52293335681,7.32144819032,0.882389521309,0.472400739502,0.650756845196,0.375044140232,2,1.73514734771,0.650756845196,2,0.287839291167,0.302107728337,516,0.0664092664093,0.488379938903,37,37,37,1,0,0.405405405405,0.540540540541,0.0540540540541,37,337,0.253003003003,1.72267107863,18.2162162162,15.3181818182,9.62857142857,5.14854421245,0.28263521641,0.138583687545,9.2729708286,1.01810065477,0.539898949394,8.13696566358,0.893376052084,0.470927901195,0.637062396077,0.369810815296,2,1.72267107863,0.637062396077,2,0.325211715958,0.350761828388,729,0.0938223938224,0.573465743443,37,37,37,1,0,0.405405405405,0.540540540541,0.0540540540541,-5,-0.00375375375375,-0.00261773948013,-0.27027027027,-0.227272727273,-0.142857142857,-0.219165942948,-0.0077233738669,-0.00405895509753,-0.235520713779,-0.0105957986432,-0.00459291088684,0.0836523171415,0.0221111578791,0.00909764989103,-0.0035371742492,-0.00148908742168,0,-0.00261773948013,-0.0035371742492,0,-0.0188596782898,-0.0258072092688,-81,-0.0104247104247,0.00388891509277,0,0,0,337,0,5,990,0.985380116959,1,0,0.0146198830409,1,0.985380116959,0.99263622975,0.990165874023,0.985380116959,0.985380116959,30,35,0,0,0,0
3805,WLNM_dir_neg,0.994285714286,0.30332082981,00:00:05,10,90,23,1241281858,threshold_sweep,0.7,1,0.857142857143,0.923076923077,30,0,5,70,0.857142857143,1,0,0.142857142857,1,0.857142857143,0.923076923077,0.952380952381,0.571428571429,0.888888888889,0.894427191,0.857142857143,342,307,35,0,342,0,307,0,35,37,342,0.256756756757,1.72528881811,18.4864864865,15.5454545455,9.77142857143,5.36771015539,0.290358590277,0.142642642643,9.50849154237,1.02869645341,0.544491860281,8.05331334643,0.871264894205,0.461830251304,0.640599570326,0.371299902718,2,1.72528881811,0.640599570326,2,0.344071394247,0.376569037657,810,0.104247104247,0.56957682835,37,37,37,1,0,0.405405405405,0.540540540541,0.0540540540541,37,0.23048048048,1.73514734771,16.5945945946,13.9545454545,8.77142857143,4.5610638346,0.274852380912,0.131173518796,8.32954869014,1.00388697568,0.52293335681,7.32144819032,0.882389521309,0.472400739502,0.650756845196,0.375044140232,2,1.73514734771,0.650756845196,2,0.287839291167,0.302107728337,516,0.0664092664093,0.488379938903,37,37,37,1,0,0.405405405405,0.540540540541,0.0540540540541,37,337,0.253003003003,1.72267107863,18.2162162162,15.3181818182,9.62857142857,5.14854421245,0.28263521641,0.138583687545,9.2729708286,1.01810065477,0.539898949394,8.13696566358,0.893376052084,0.470927901195,0.637062396077,0.369810815296,2,1.72267107863,0.637062396077,2,0.325211715958,0.350761828388,729,0.0938223938224,0.573465743443,37,37,37,1,0,0.405405405405,0.540540540541,0.0540540540541,-5,-0.00375375375375,-0.00261773948013,-0.27027027027,-0.227272727273,-0.142857142857,-0.219165942948,-0.0077233738669,-0.00405895509753,-0.235520713779,-0.0105957986432,-0.00459291088684,0.0836523171415,0.0221111578791,0.00909764989103,-0.0035371742492,-0.00148908742168,0,-0.00261773948013,-0.0035371742492,0,-0.0188596782898,-0.0258072092688,-81,-0.0104247104247,0.00388891509277,0,0,0,337,0,5,990,0.985380116959,1,0,0.0146198830409,1,0.985380116959,0.99263622975,0.990165874023,0.985380116959,0.985380116959,30,35,0,0,0,0
3806,WLNM_dir_neg,0.994285714286,0.30332082981,00:00:05,10,90,23,1241281858,threshold_sweep,0.8,1,0.857142857143,0.923076923077,30,0,5,70,0.857142857143,1,0,0.142857142857,1,0.857142857143,0.923076923077,0.952380952381,0.571428571429,0.888888888889,0.894427191,0.857142857143,342,307,35,0,342,0,307,0,35,37,342,0.256756756757,1.72528881811,18.4864864865,15.5454545455,9.77142857143,5.36771015539,0.290358590277,0.142642642643,9.50849154237,1.02869645341,0.544491860281,8.05331334643,0.871264894205,0.461830251304,0.640599570326,0.371299902718,2,1.72528881811,0.640599570326,2,0.344071394247,0.376569037657,810,0.104247104247,0.56957682835,37,37,37,1,0,0.405405405405,0.540540540541,0.0540540540541,37,0.23048048048,1.73514734771,16.5945945946,13.9545454545,8.77142857143,4.5610638346,0.274852380912,0.131173518796,8.32954869014,1.00388697568,0.52293335681,7.32144819032,0.882389521309,0.472400739502,0.650756845196,0.375044140232,2,1.73514734771,0.650756845196,2,0.287839291167,0.302107728337,516,0.0664092664093,0.488379938903,37,37,37,1,0,0.405405405405,0.540540540541,0.0540540540541,37,337,0.253003003003,1.72267107863,18.2162162162,15.3181818182,9.62857142857,5.14854421245,0.28263521641,0.138583687545,9.2729708286,1.01810065477,0.539898949394,8.13696566358,0.893376052084,0.470927901195,0.637062396077,0.369810815296,2,1.72267107863,0.637062396077,2,0.325211715958,0.350761828388,729,0.0938223938224,0.573465743443,37,37,37,1,0,0.405405405405,0.540540540541,0.0540540540541,-5,-0.00375375375375,-0.00261773948013,-0.27027027027,-0.227272727273,-0.142857142857,-0.219165942948,-0.0077233738669,-0.00405895509753,-0.235520713779,-0.0105957986432,-0.00459291088684,0.0836523171415,0.0221111578791,0.00909764989103,-0.0035371742492,-0.00148908742168,0,-0.00261773948013,-0.0035371742492,0,-0.0188596782898,-0.0258072092688,-81,-0.0104247104247,0.00388891509277,0,0,0,337,0,5,990,0.985380116959,1,0,0.0146198830409,1,0.985380116959,0.99263622975,0.990165874023,0.985380116959,0.985380116959,30,35,0,0,0,0
3807,WLNM_dir_neg,0.994285714286,0.30332082981,00:00:05,10,90,23,1241281858,threshold_sweep,0.9,1,0.857142857143,0.923076923077,30,0,5,70,0.857142857143,1,0,0.142857142857,1,0.857142857143,0.923076923077,0.952380952381,0.571428571429,0.888888888889,0.894427191,0.857142857143,342,307,35,0,342,0,307,0,35,37,342,0.256756756757,1.72528881811,18.4864864865,15.5454545455,9.77142857143,5.36771015539,0.290358590277,0.142642642643,9.50849154237,1.02869645341,0.544491860281,8.05331334643,0.871264894205,0.461830251304,0.640599570326,0.371299902718,2,1.72528881811,0.640599570326,2,0.344071394247,0.376569037657,810,0.104247104247,0.56957682835,37,37,37,1,0,0.405405405405,0.540540540541,0.0540540540541,37,0.23048048048,1.73514734771,16.5945945946,13.9545454545,8.77142857143,4.5610638346,0.274852380912,0.131173518796,8.32954869014,1.00388697568,0.52293335681,7.32144819032,0.882389521309,0.472400739502,0.650756845196,0.375044140232,2,1.73514734771,0.650756845196,2,0.287839291167,0.302107728337,516,0.0664092664093,0.488379938903,37,37,37,1,0,0.405405405405,0.540540540541,0.0540540540541,37,337,0.253003003003,1.72267107863,18.2162162162,15.3181818182,9.62857142857,5.14854421245,0.28263521641,0.138583687545,9.2729708286,1.01810065477,0.539898949394,8.13696566358,0.893376052084,0.470927901195,0.637062396077,0.369810815296,2,1.72267107863,0.637062396077,2,0.325211715958,0.350761828388,729,0.0938223938224,0.573465743443,37,37,37,1,0,0.405405405405,0.540540540541,0.0540540540541,-5,-0.00375375375375,-0.00261773948013,-0.27027027027,-0.227272727273,-0.142857142857,-0.219165942948,-0.0077233738669,-0.00405895509753,-0.235520713779,-0.0105957986432,-0.00459291088684,0.0836523171415,0.0221111578791,0.00909764989103,-0.0035371742492,-0.00148908742168,0,-0.00261773948013,-0.0035371742492,0,-0.0188596782898,-0.0258072092688,-81,-0.0104247104247,0.00388891509277,0,0,0,337,0,5,990,0.985380116959,1,0,0.0146198830409,1,0.985380116959,0.99263622975,0.990165874023,0.985380116959,0.985380116959,30,35,0,0,0,0
3808,WLNM_dir_neg,0.98693877551,0.895883343236,00:00:05,10,90,24,1241281859,threshold_sweep,0.1,1,0.885714285714,0.939393939394,31,0,4,70,0.885714285714,1,0,0.114285714286,1,0.885714285714,0.939393939394,0.961904761905,0.568253968254,0.911764705882,0.915334822804,0.885714285714,342,307,35,0,342,0,307,0,35,37,342,0.256756756757,1.72528881811,18.4864864865,15.5454545455,9.77142857143,5.36771015539,0.290358590277,0.142642642643,9.50849154237,1.02869645341,0.544491860281,8.05331334643,0.871264894205,0.461830251304,0.640599570326,0.371299902718,2,1.72528881811,0.640599570326,2,0.344071394247,0.376569037657,810,0.104247104247,0.56957682835,37,37,37,1,0,0.405405405405,0.540540540541,0.0540540540541,37,0.23048048048,1.7474048327,16.5945945946,13.9545454545,8.77142857143,4.6335698948,0.279221638612,0.137776212695,8.29278422909,0.999456079728,0.523813715996,7.28722194005,0.878264533492,0.475746104411,0.671240436091,0.38413561845,2,1.7474048327,0.671240436091,2,0.290965297573,0.308411214953,528,0.0679536679537,0.484001751077,37,37,37,1,0,0.405405405405,0.540540540541,0.0540540540541,37,338,0.253753753754,1.73626090248,18.2702702703,15.3636363636,9.65714285714,5.40909033556,0.29605967813,0.143770989925,9.38131168915,1.026948321,0.542939389093,8.12117315746,0.889004162207,0.46905485367,0.659183551922,0.379656969168,2,1.73626090248,0.659183551922,2,0.335147589521,0.364139895553,767,0.098712998713,0.57140213197,37,37,37,1,0,0.405405405405,0.540540540541,0.0540540540541,-4,-0.003003003003,0.0109720843679,-0.216216216216,-0.181818181818,-0.114285714286,0.0413801801676,0.00570108785269,0.00112834728219,-0.127179853223,-0.00174813241303,-0.0015524711881,0.067859811026,0.0177392680023,0.0072246023663,0.0185839815961,0.00835706645063,0,0.0109720843679,0.0185839815961,0,-0.00892380472597,-0.0124291421038,-43,-0.00553410553411,0.00182530362057,0,0,0,338,0,4,990,0.988304093567,1,0,0.0116959064327,1,0.988304093567,0.994117647059,0.992132559046,0.988304093567,0.988304093567,31,35,0,0,0,0
3809,WLNM_dir_neg,0.98693877551,0.895883343236,00:00:05,10,90,24,1241281859,threshold_sweep,0.2,1,0.885714285714,0.939393939394,31,0,4,70,0.885714285714,1,0,0.114285714286,1,0.885714285714,0.939393939394,0.961904761905,0.568253968254,0.911764705882,0.915334822804,0.885714285714,342,307,35,0,342,0,307,0,35,37,342,0.256756756757,1.72528881811,18.4864864865,15.5454545455,9.77142857143,5.36771015539,0.290358590277,0.142642642643,9.50849154237,1.02869645341,0.544491860281,8.05331334643,0.871264894205,0.461830251304,0.640599570326,0.371299902718,2,1.72528881811,0.640599570326,2,0.344071394247,0.376569037657,810,0.104247104247,0.56957682835,37,37,37,1,0,0.405405405405,0.540540540541,0.0540540540541,37,0.23048048048,1.7474048327,16.5945945946,13.9545454545,8.77142857143,4.6335698948,0.279221638612,0.137776212695,8.29278422909,0.999456079728,0.523813715996,7.28722194005,0.878264533492,0.475746104411,0.671240436091,0.38413561845,2,1.7474048327,0.671240436091,2,0.290965297573,0.308411214953,528,0.0679536679537,0.484001751077,37,37,37,1,0,0.405405405405,0.540540540541,0.0540540540541,37,338,0.253753753754,1.73626090248,18.2702702703,15.3636363636,9.65714285714,5.40909033556,0.29605967813,0.143770989925,9.38131168915,1.026948321,0.542939389093,8.12117315746,0.889004162207,0.46905485367,0.659183551922,0.379656969168,2,1.73626090248,0.659183551922,2,0.335147589521,0.364139895553,767,0.098712998713,0.57140213197,37,37,37,1,0,0.405405405405,0.540540540541,0.0540540540541,-4,-0.003003003003,0.0109720843679,-0.216216216216,-0.181818181818,-0.114285714286,0.0413801801676,0.00570108785269,0.00112834728219,-0.127179853223,-0.00174813241303,-0.0015524711881,0.067859811026,0.0177392680023,0.0072246023663,0.0185839815961,0.00835706645063,0,0.0109720843679,0.0185839815961,0,-0.00892380472597,-0.0124291421038,-43,-0.00553410553411,0.00182530362057,0,0,0,338,0,4,990,0.988304093567,1,0,0.0116959064327,1,0.988304093567,0.994117647059,0.992132559046,0.988304093567,0.988304093567,31,35,0,0,0,0
3810,WLNM_dir_neg,0.98693877551,0.895883343236,00:00:05,10,90,24,1241281859,threshold_sweep,0.3,1,0.885714285714,0.939393939394,31,0,4,70,0.885714285714,1,0,0.114285714286,1,0.885714285714,0.939393939394,0.961904761905,0.568253968254,0.911764705882,0.915334822804,0.885714285714,342,307,35,0,342,0,307,0,35,37,342,0.256756756757,1.72528881811,18.4864864865,15.5454545455,9.77142857143,5.36771015539,0.290358590277,0.142642642643,9.50849154237,1.02869645341,0.544491860281,8.05331334643,0.871264894205,0.461830251304,0.640599570326,0.371299902718,2,1.72528881811,0.640599570326,2,0.344071394247,0.376569037657,810,0.104247104247,0.56957682835,37,37,37,1,0,0.405405405405,0.540540540541,0.0540540540541,37,0.23048048048,1.7474048327,16.5945945946,13.9545454545,8.77142857143,4.6335698948,0.279221638612,0.137776212695,8.29278422909,0.999456079728,0.523813715996,7.28722194005,0.878264533492,0.475746104411,0.671240436091,0.38413561845,2,1.7474048327,0.671240436091,2,0.290965297573,0.308411214953,528,0.0679536679537,0.484001751077,37,37,37,1,0,0.405405405405,0.540540540541,0.0540540540541,37,338,0.253753753754,1.73626090248,18.2702702703,15.3636363636,9.65714285714,5.40909033556,0.29605967813,0.143770989925,9.38131168915,1.026948321,0.542939389093,8.12117315746,0.889004162207,0.46905485367,0.659183551922,0.379656969168,2,1.73626090248,0.659183551922,2,0.335147589521,0.364139895553,767,0.098712998713,0.57140213197,37,37,37,1,0,0.405405405405,0.540540540541,0.0540540540541,-4,-0.003003003003,0.0109720843679,-0.216216216216,-0.181818181818,-0.114285714286,0.0413801801676,0.00570108785269,0.00112834728219,-0.127179853223,-0.00174813241303,-0.0015524711881,0.067859811026,0.0177392680023,0.0072246023663,0.0185839815961,0.00835706645063,0,0.0109720843679,0.0185839815961,0,-0.00892380472597,-0.0124291421038,-43,-0.00553410553411,0.00182530362057,0,0,0,338,0,4,990,0.988304093567,1,0,0.0116959064327,1,0.988304093567,0.994117647059,0.992132559046,0.988304093567,0.988304093567,31,35,0,0,0,0
3811,WLNM_dir_neg,0.98693877551,0.895883343236,00:00:05,10,90,24,1241281859,threshold_sweep,0.4,1,0.885714285714,0.939393939394,31,0,4,70,0.885714285714,1,0,0.114285714286,1,0.885714285714,0.939393939394,0.961904761905,0.568253968254,0.911764705882,0.915334822804,0.885714285714,342,307,35,0,342,0,307,0,35,37,342,0.256756756757,1.72528881811,18.4864864865,15.5454545455,9.77142857143,5.36771015539,0.290358590277,0.142642642643,9.50849154237,1.02869645341,0.544491860281,8.05331334643,0.871264894205,0.461830251304,0.640599570326,0.371299902718,2,1.72528881811,0.640599570326,2,0.344071394247,0.376569037657,810,0.104247104247,0.56957682835,37,37,37,1,0,0.405405405405,0.540540540541,0.0540540540541,37,0.23048048048,1.7474048327,16.5945945946,13.9545454545,8.77142857143,4.6335698948,0.279221638612,0.137776212695,8.29278422909,0.999456079728,0.523813715996,7.28722194005,0.878264533492,0.475746104411,0.671240436091,0.38413561845,2,1.7474048327,0.671240436091,2,0.290965297573,0.308411214953,528,0.0679536679537,0.484001751077,37,37,37,1,0,0.405405405405,0.540540540541,0.0540540540541,37,338,0.253753753754,1.73626090248,18.2702702703,15.3636363636,9.65714285714,5.40909033556,0.29605967813,0.143770989925,9.38131168915,1.026948321,0.542939389093,8.12117315746,0.889004162207,0.46905485367,0.659183551922,0.379656969168,2,1.73626090248,0.659183551922,2,0.335147589521,0.364139895553,767,0.098712998713,0.57140213197,37,37,37,1,0,0.405405405405,0.540540540541,0.0540540540541,-4,-0.003003003003,0.0109720843679,-0.216216216216,-0.181818181818,-0.114285714286,0.0413801801676,0.00570108785269,0.00112834728219,-0.127179853223,-0.00174813241303,-0.0015524711881,0.067859811026,0.0177392680023,0.0072246023663,0.0185839815961,0.00835706645063,0,0.0109720843679,0.0185839815961,0,-0.00892380472597,-0.0124291421038,-43,-0.00553410553411,0.00182530362057,0,0,0,338,0,4,990,0.988304093567,1,0,0.0116959064327,1,0.988304093567,0.994117647059,0.992132559046,0.988304093567,0.988304093567,31,35,0,0,0,0
3812,WLNM_dir_neg,0.98693877551,0.895883343236,00:00:05,10,90,24,1241281859,threshold_sweep,0.5,1,0.885714285714,0.939393939394,31,0,4,70,0.885714285714,1,0,0.114285714286,1,0.885714285714,0.939393939394,0.961904761905,0.568253968254,0.911764705882,0.915334822804,0.885714285714,342,307,35,0,342,0,307,0,35,37,342,0.256756756757,1.72528881811,18.4864864865,15.5454545455,9.77142857143,5.36771015539,0.290358590277,0.142642642643,9.50849154237,1.02869645341,0.544491860281,8.05331334643,0.871264894205,0.461830251304,0.640599570326,0.371299902718,2,1.72528881811,0.640599570326,2,0.344071394247,0.376569037657,810,0.104247104247,0.56957682835,37,37,37,1,0,0.405405405405,0.540540540541,0.0540540540541,37,0.23048048048,1.7474048327,16.5945945946,13.9545454545,8.77142857143,4.6335698948,0.279221638612,0.137776212695,8.29278422909,0.999456079728,0.523813715996,7.28722194005,0.878264533492,0.475746104411,0.671240436091,0.38413561845,2,1.7474048327,0.671240436091,2,0.290965297573,0.308411214953,528,0.0679536679537,0.484001751077,37,37,37,1,0,0.405405405405,0.540540540541,0.0540540540541,37,338,0.253753753754,1.73626090248,18.2702702703,15.3636363636,9.65714285714,5.40909033556,0.29605967813,0.143770989925,9.38131168915,1.026948321,0.542939389093,8.12117315746,0.889004162207,0.46905485367,0.659183551922,0.379656969168,2,1.73626090248,0.659183551922,2,0.335147589521,0.364139895553,767,0.098712998713,0.57140213197,37,37,37,1,0,0.405405405405,0.540540540541,0.0540540540541,-4,-0.003003003003,0.0109720843679,-0.216216216216,-0.181818181818,-0.114285714286,0.0413801801676,0.00570108785269,0.00112834728219,-0.127179853223,-0.00174813241303,-0.0015524711881,0.067859811026,0.0177392680023,0.0072246023663,0.0185839815961,0.00835706645063,0,0.0109720843679,0.0185839815961,0,-0.00892380472597,-0.0124291421038,-43,-0.00553410553411,0.00182530362057,0,0,0,338,0,4,990,0.988304093567,1,0,0.0116959064327,1,0.988304093567,0.994117647059,0.992132559046,0.988304093567,0.988304093567,31,35,0,0,0,0
3813,WLNM_dir_neg,0.98693877551,0.895883343236,00:00:05,10,90,24,1241281859,threshold_sweep,0.6,1,0.885714285714,0.939393939394,31,0,4,70,0.885714285714,1,0,0.114285714286,1,0.885714285714,0.939393939394,0.961904761905,0.568253968254,0.911764705882,0.915334822804,0.885714285714,342,307,35,0,342,0,307,0,35,37,342,0.256756756757,1.72528881811,18.4864864865,15.5454545455,9.77142857143,5.36771015539,0.290358590277,0.142642642643,9.50849154237,1.02869645341,0.544491860281,8.05331334643,0.871264894205,0.461830251304,0.640599570326,0.371299902718,2,1.72528881811,0.640599570326,2,0.344071394247,0.376569037657,810,0.104247104247,0.56957682835,37,37,37,1,0,0.405405405405,0.540540540541,0.0540540540541,37,0.23048048048,1.7474048327,16.5945945946,13.9545454545,8.77142857143,4.6335698948,0.279221638612,0.137776212695,8.29278422909,0.999456079728,0.523813715996,7.28722194005,0.878264533492,0.475746104411,0.671240436091,0.38413561845,2,1.7474048327,0.671240436091,2,0.290965297573,0.308411214953,528,0.0679536679537,0.484001751077,37,37,37,1,0,0.405405405405,0.540540540541,0.0540540540541,37,338,0.253753753754,1.73626090248,18.2702702703,15.3636363636,9.65714285714,5.40909033556,0.29605967813,0.143770989925,9.38131168915,1.026948321,0.542939389093,8.12117315746,0.889004162207,0.46905485367,0.659183551922,0.379656969168,2,1.73626090248,0.659183551922,2,0.335147589521,0.364139895553,767,0.098712998713,0.57140213197,37,37,37,1,0,0.405405405405,0.540540540541,0.0540540540541,-4,-0.003003003003,0.0109720843679,-0.216216216216,-0.181818181818,-0.114285714286,0.0413801801676,0.00570108785269,0.00112834728219,-0.127179853223,-0.00174813241303,-0.0015524711881,0.067859811026,0.0177392680023,0.0072246023663,0.0185839815961,0.00835706645063,0,0.0109720843679,0.0185839815961,0,-0.00892380472597,-0.0124291421038,-43,-0.00553410553411,0.00182530362057,0,0,0,338,0,4,990,0.988304093567,1,0,0.0116959064327,1,0.988304093567,0.994117647059,0.992132559046,0.988304093567,0.988304093567,31,35,0,0,0,0
3814,WLNM_dir_neg,0.98693877551,0.895883343236,00:00:05,10,90,24,1241281859,threshold_sweep,0.7,1,0.885714285714,0.939393939394,31,0,4,70,0.885714285714,1,0,0.114285714286,1,0.885714285714,0.939393939394,0.961904761905,0.568253968254,0.911764705882,0.915334822804,0.885714285714,342,307,35,0,342,0,307,0,35,37,342,0.256756756757,1.72528881811,18.4864864865,15.5454545455,9.77142857143,5.36771015539,0.290358590277,0.142642642643,9.50849154237,1.02869645341,0.544491860281,8.05331334643,0.871264894205,0.461830251304,0.640599570326,0.371299902718,2,1.72528881811,0.640599570326,2,0.344071394247,0.376569037657,810,0.104247104247,0.56957682835,37,37,37,1,0,0.405405405405,0.540540540541,0.0540540540541,37,0.23048048048,1.7474048327,16.5945945946,13.9545454545,8.77142857143,4.6335698948,0.279221638612,0.137776212695,8.29278422909,0.999456079728,0.523813715996,7.28722194005,0.878264533492,0.475746104411,0.671240436091,0.38413561845,2,1.7474048327,0.671240436091,2,0.290965297573,0.308411214953,528,0.0679536679537,0.484001751077,37,37,37,1,0,0.405405405405,0.540540540541,0.0540540540541,37,338,0.253753753754,1.73626090248,18.2702702703,15.3636363636,9.65714285714,5.40909033556,0.29605967813,0.143770989925,9.38131168915,1.026948321,0.542939389093,8.12117315746,0.889004162207,0.46905485367,0.659183551922,0.379656969168,2,1.73626090248,0.659183551922,2,0.335147589521,0.364139895553,767,0.098712998713,0.57140213197,37,37,37,1,0,0.405405405405,0.540540540541,0.0540540540541,-4,-0.003003003003,0.0109720843679,-0.216216216216,-0.181818181818,-0.114285714286,0.0413801801676,0.00570108785269,0.00112834728219,-0.127179853223,-0.00174813241303,-0.0015524711881,0.067859811026,0.0177392680023,0.0072246023663,0.0185839815961,0.00835706645063,0,0.0109720843679,0.0185839815961,0,-0.00892380472597,-0.0124291421038,-43,-0.00553410553411,0.00182530362057,0,0,0,338,0,4,990,0.988304093567,1,0,0.0116959064327,1,0.988304093567,0.994117647059,0.992132559046,0.988304093567,0.988304093567,31,35,0,0,0,0
3815,WLNM_dir_neg,0.98693877551,0.895883343236,00:00:05,10,90,24,1241281859,threshold_sweep,0.8,1,0.885714285714,0.939393939394,31,0,4,70,0.885714285714,1,0,0.114285714286,1,0.885714285714,0.939393939394,0.961904761905,0.568253968254,0.911764705882,0.915334822804,0.885714285714,342,307,35,0,342,0,307,0,35,37,342,0.256756756757,1.72528881811,18.4864864865,15.5454545455,9.77142857143,5.36771015539,0.290358590277,0.142642642643,9.50849154237,1.02869645341,0.544491860281,8.05331334643,0.871264894205,0.461830251304,0.640599570326,0.371299902718,2,1.72528881811,0.640599570326,2,0.344071394247,0.376569037657,810,0.104247104247,0.56957682835,37,37,37,1,0,0.405405405405,0.540540540541,0.0540540540541,37,0.23048048048,1.7474048327,16.5945945946,13.9545454545,8.77142857143,4.6335698948,0.279221638612,0.137776212695,8.29278422909,0.999456079728,0.523813715996,7.28722194005,0.878264533492,0.475746104411,0.671240436091,0.38413561845,2,1.7474048327,0.671240436091,2,0.290965297573,0.308411214953,528,0.0679536679537,0.484001751077,37,37,37,1,0,0.405405405405,0.540540540541,0.0540540540541,37,338,0.253753753754,1.73626090248,18.2702702703,15.3636363636,9.65714285714,5.40909033556,0.29605967813,0.143770989925,9.38131168915,1.026948321,0.542939389093,8.12117315746,0.889004162207,0.46905485367,0.659183551922,0.379656969168,2,1.73626090248,0.659183551922,2,0.335147589521,0.364139895553,767,0.098712998713,0.57140213197,37,37,37,1,0,0.405405405405,0.540540540541,0.0540540540541,-4,-0.003003003003,0.0109720843679,-0.216216216216,-0.181818181818,-0.114285714286,0.0413801801676,0.00570108785269,0.00112834728219,-0.127179853223,-0.00174813241303,-0.0015524711881,0.067859811026,0.0177392680023,0.0072246023663,0.0185839815961,0.00835706645063,0,0.0109720843679,0.0185839815961,0,-0.00892380472597,-0.0124291421038,-43,-0.00553410553411,0.00182530362057,0,0,0,338,0,4,990,0.988304093567,1,0,0.0116959064327,1,0.988304093567,0.994117647059,0.992132559046,0.988304093567,0.988304093567,31,35,0,0,0,0
3816,WLNM_dir_neg,0.98693877551,0.895883343236,00:00:05,10,90,24,1241281859,threshold_sweep,0.9,1,0.885714285714,0.939393939394,31,0,4,70,0.885714285714,1,0,0.114285714286,1,0.885714285714,0.939393939394,0.961904761905,0.568253968254,0.911764705882,0.915334822804,0.885714285714,342,307,35,0,342,0,307,0,35,37,342,0.256756756757,1.72528881811,18.4864864865,15.5454545455,9.77142857143,5.36771015539,0.290358590277,0.142642642643,9.50849154237,1.02869645341,0.544491860281,8.05331334643,0.871264894205,0.461830251304,0.640599570326,0.371299902718,2,1.72528881811,0.640599570326,2,0.344071394247,0.376569037657,810,0.104247104247,0.56957682835,37,37,37,1,0,0.405405405405,0.540540540541,0.0540540540541,37,0.23048048048,1.7474048327,16.5945945946,13.9545454545,8.77142857143,4.6335698948,0.279221638612,0.137776212695,8.29278422909,0.999456079728,0.523813715996,7.28722194005,0.878264533492,0.475746104411,0.671240436091,0.38413561845,2,1.7474048327,0.671240436091,2,0.290965297573,0.308411214953,528,0.0679536679537,0.484001751077,37,37,37,1,0,0.405405405405,0.540540540541,0.0540540540541,37,338,0.253753753754,1.73626090248,18.2702702703,15.3636363636,9.65714285714,5.40909033556,0.29605967813,0.143770989925,9.38131168915,1.026948321,0.542939389093,8.12117315746,0.889004162207,0.46905485367,0.659183551922,0.379656969168,2,1.73626090248,0.659183551922,2,0.335147589521,0.364139895553,767,0.098712998713,0.57140213197,37,37,37,1,0,0.405405405405,0.540540540541,0.0540540540541,-4,-0.003003003003,0.0109720843679,-0.216216216216,-0.181818181818,-0.114285714286,0.0413801801676,0.00570108785269,0.00112834728219,-0.127179853223,-0.00174813241303,-0.0015524711881,0.067859811026,0.0177392680023,0.0072246023663,0.0185839815961,0.00835706645063,0,0.0109720843679,0.0185839815961,0,-0.00892380472597,-0.0124291421038,-43,-0.00553410553411,0.00182530362057,0,0,0,338,0,4,990,0.988304093567,1,0,0.0116959064327,1,0.988304093567,0.994117647059,0.992132559046,0.988304093567,0.988304093567,31,35,0,0,0,0
3817,WLNM_dir_neg,0.998775510204,0.883455433455,00:00:05,10,90,25,1241281860,threshold_sweep,0.1,1,0.942857142857,0.970588235294,33,0,2,70,0.942857142857,1,0,0.0571428571429,1,0.942857142857,0.970588235294,0.980952380952,0.561904761905,0.95652173913,0.957427107756,0.942857142857,342,307,35,0,342,0,307,0,35,37,342,0.256756756757,1.72528881811,18.4864864865,15.5454545455,9.77142857143,5.36771015539,0.290358590277,0.142642642643,9.50849154237,1.02869645341,0.544491860281,8.05331334643,0.871264894205,0.461830251304,0.640599570326,0.371299902718,2,1.72528881811,0.640599570326,2,0.344071394247,0.376569037657,810,0.104247104247,0.56957682835,37,37,37,1,0,0.405405405405,0.540540540541,0.0540540540541,37,0.23048048048,1.74064427858,16.5945945946,13.9545454545,8.77142857143,4.6335698948,0.279221638612,0.139624966987,8.34620627346,1.00589456716,0.526102649881,7.09406976466,0.854985606815,0.465181794172,0.65926803424,0.378749433387,2,1.74064427858,0.65926803424,2,0.30197241157,0.318987341772,546,0.0702702702703,0.472153545663,37,37,37,1,0,0.405405405405,0.540540540541,0.0540540540541,37,340,0.255255255255,1.72314043808,18.3783783784,15.4545454545,9.71428571429,5.3090664138,0.288875672516,0.142766295707,9.42171793086,1.02530459836,0.543243243243,8.06514392597,0.877677427237,0.464387917329,0.638730702684,0.37067826195,2,1.72314043808,0.638730702684,2,0.339648233597,0.370114581698,786,0.101158301158,0.56974770973,37,37,37,1,0,0.405405405405,0.540540540541,0.0540540540541,-2,-0.0015015015015,-0.00214838003395,-0.108108108108,-0.0909090909091,-0.0571428571429,-0.0586437415889,-0.00148291776129,0.00012365306483,-0.0867736115105,-0.00339185505605,-0.00124861703809,0.0118305795318,0.0064125330326,0.00255766602516,-0.00186886764179,-0.000621640767349,0,-0.00214838003395,-0.00186886764179,0,-0.00442316065034,-0.00645445595858,-24,-0.0030888030888,0.000170881379839,0,0,0,340,0,2,990,0.994152046784,1,0,0.00584795321637,1,0.994152046784,0.99706744868,0.996066116269,0.994152046784,0.994152046784,33,35,0,0,0,0
3818,WLNM_dir_neg,0.998775510204,0.883455433455,00:00:05,10,90,25,1241281860,threshold_sweep,0.2,1,0.942857142857,0.970588235294,33,0,2,70,0.942857142857,1,0,0.0571428571429,1,0.942857142857,0.970588235294,0.980952380952,0.561904761905,0.95652173913,0.957427107756,0.942857142857,342,307,35,0,342,0,307,0,35,37,342,0.256756756757,1.72528881811,18.4864864865,15.5454545455,9.77142857143,5.36771015539,0.290358590277,0.142642642643,9.50849154237,1.02869645341,0.544491860281,8.05331334643,0.871264894205,0.461830251304,0.640599570326,0.371299902718,2,1.72528881811,0.640599570326,2,0.344071394247,0.376569037657,810,0.104247104247,0.56957682835,37,37,37,1,0,0.405405405405,0.540540540541,0.0540540540541,37,0.23048048048,1.74064427858,16.5945945946,13.9545454545,8.77142857143,4.6335698948,0.279221638612,0.139624966987,8.34620627346,1.00589456716,0.526102649881,7.09406976466,0.854985606815,0.465181794172,0.65926803424,0.378749433387,2,1.74064427858,0.65926803424,2,0.30197241157,0.318987341772,546,0.0702702702703,0.472153545663,37,37,37,1,0,0.405405405405,0.540540540541,0.0540540540541,37,340,0.255255255255,1.72314043808,18.3783783784,15.4545454545,9.71428571429,5.3090664138,0.288875672516,0.142766295707,9.42171793086,1.02530459836,0.543243243243,8.06514392597,0.877677427237,0.464387917329,0.638730702684,0.37067826195,2,1.72314043808,0.638730702684,2,0.339648233597,0.370114581698,786,0.101158301158,0.56974770973,37,37,37,1,0,0.405405405405,0.540540540541,0.0540540540541,-2,-0.0015015015015,-0.00214838003395,-0.108108108108,-0.0909090909091,-0.0571428571429,-0.0586437415889,-0.00148291776129,0.00012365306483,-0.0867736115105,-0.00339185505605,-0.00124861703809,0.0118305795318,0.0064125330326,0.00255766602516,-0.00186886764179,-0.000621640767349,0,-0.00214838003395,-0.00186886764179,0,-0.00442316065034,-0.00645445595858,-24,-0.0030888030888,0.000170881379839,0,0,0,340,0,2,990,0.994152046784,1,0,0.00584795321637,1,0.994152046784,0.99706744868,0.996066116269,0.994152046784,0.994152046784,33,35,0,0,0,0
3819,WLNM_dir_neg,0.998775510204,0.883455433455,00:00:05,10,90,25,1241281860,threshold_sweep,0.3,1,0.942857142857,0.970588235294,33,0,2,70,0.942857142857,1,0,0.0571428571429,1,0.942857142857,0.970588235294,0.980952380952,0.561904761905,0.95652173913,0.957427107756,0.942857142857,342,307,35,0,342,0,307,0,35,37,342,0.256756756757,1.72528881811,18.4864864865,15.5454545455,9.77142857143,5.36771015539,0.290358590277,0.142642642643,9.50849154237,1.02869645341,0.544491860281,8.05331334643,0.871264894205,0.461830251304,0.640599570326,0.371299902718,2,1.72528881811,0.640599570326,2,0.344071394247,0.376569037657,810,0.104247104247,0.56957682835,37,37,37,1,0,0.405405405405,0.540540540541,0.0540540540541,37,0.23048048048,1.74064427858,16.5945945946,13.9545454545,8.77142857143,4.6335698948,0.279221638612,0.139624966987,8.34620627346,1.00589456716,0.526102649881,7.09406976466,0.854985606815,0.465181794172,0.65926803424,0.378749433387,2,1.74064427858,0.65926803424,2,0.30197241157,0.318987341772,546,0.0702702702703,0.472153545663,37,37,37,1,0,0.405405405405,0.540540540541,0.0540540540541,37,340,0.255255255255,1.72314043808,18.3783783784,15.4545454545,9.71428571429,5.3090664138,0.288875672516,0.142766295707,9.42171793086,1.02530459836,0.543243243243,8.06514392597,0.877677427237,0.464387917329,0.638730702684,0.37067826195,2,1.72314043808,0.638730702684,2,0.339648233597,0.370114581698,786,0.101158301158,0.56974770973,37,37,37,1,0,0.405405405405,0.540540540541,0.0540540540541,-2,-0.0015015015015,-0.00214838003395,-0.108108108108,-0.0909090909091,-0.0571428571429,-0.0586437415889,-0.00148291776129,0.00012365306483,-0.0867736115105,-0.00339185505605,-0.00124861703809,0.0118305795318,0.0064125330326,0.00255766602516,-0.00186886764179,-0.000621640767349,0,-0.00214838003395,-0.00186886764179,0,-0.00442316065034,-0.00645445595858,-24,-0.0030888030888,0.000170881379839,0,0,0,340,0,2,990,0.994152046784,1,0,0.00584795321637,1,0.994152046784,0.99706744868,0.996066116269,0.994152046784,0.994152046784,33,35,0,0,0,0
3820,WLNM_dir_neg,0.998775510204,0.883455433455,00:00:05,10,90,25,1241281860,threshold_sweep,0.4,1,0.942857142857,0.970588235294,33,0,2,70,0.942857142857,1,0,0.0571428571429,1,0.942857142857,0.970588235294,0.980952380952,0.561904761905,0.95652173913,0.957427107756,0.942857142857,342,307,35,0,342,0,307,0,35,37,342,0.256756756757,1.72528881811,18.4864864865,15.5454545455,9.77142857143,5.36771015539,0.290358590277,0.142642642643,9.50849154237,1.02869645341,0.544491860281,8.05331334643,0.871264894205,0.461830251304,0.640599570326,0.371299902718,2,1.72528881811,0.640599570326,2,0.344071394247,0.376569037657,810,0.104247104247,0.56957682835,37,37,37,1,0,0.405405405405,0.540540540541,0.0540540540541,37,0.23048048048,1.74064427858,16.5945945946,13.9545454545,8.77142857143,4.6335698948,0.279221638612,0.139624966987,8.34620627346,1.00589456716,0.526102649881,7.09406976466,0.854985606815,0.465181794172,0.65926803424,0.378749433387,2,1.74064427858,0.65926803424,2,0.30197241157,0.318987341772,546,0.0702702702703,0.472153545663,37,37,37,1,0,0.405405405405,0.540540540541,0.0540540540541,37,340,0.255255255255,1.72314043808,18.3783783784,15.4545454545,9.71428571429,5.3090664138,0.288875672516,0.142766295707,9.42171793086,1.02530459836,0.543243243243,8.06514392597,0.877677427237,0.464387917329,0.638730702684,0.37067826195,2,1.72314043808,0.638730702684,2,0.339648233597,0.370114581698,786,0.101158301158,0.56974770973,37,37,37,1,0,0.405405405405,0.540540540541,0.0540540540541,-2,-0.0015015015015,-0.00214838003395,-0.108108108108,-0.0909090909091,-0.0571428571429,-0.0586437415889,-0.00148291776129,0.00012365306483,-0.0867736115105,-0.00339185505605,-0.00124861703809,0.0118305795318,0.0064125330326,0.00255766602516,-0.00186886764179,-0.000621640767349,0,-0.00214838003395,-0.00186886764179,0,-0.00442316065034,-0.00645445595858,-24,-0.0030888030888,0.000170881379839,0,0,0,340,0,2,990,0.994152046784,1,0,0.00584795321637,1,0.994152046784,0.99706744868,0.996066116269,0.994152046784,0.994152046784,33,35,0,0,0,0
3821,WLNM_dir_neg,0.998775510204,0.883455433455,00:00:05,10,90,25,1241281860,threshold_sweep,0.5,1,0.942857142857,0.970588235294,33,0,2,70,0.942857142857,1,0,0.0571428571429,1,0.942857142857,0.970588235294,0.980952380952,0.561904761905,0.95652173913,0.957427107756,0.942857142857,342,307,35,0,342,0,307,0,35,37,342,0.256756756757,1.72528881811,18.4864864865,15.5454545455,9.77142857143,5.36771015539,0.290358590277,0.142642642643,9.50849154237,1.02869645341,0.544491860281,8.05331334643,0.871264894205,0.461830251304,0.640599570326,0.371299902718,2,1.72528881811,0.640599570326,2,0.344071394247,0.376569037657,810,0.104247104247,0.56957682835,37,37,37,1,0,0.405405405405,0.540540540541,0.0540540540541,37,0.23048048048,1.74064427858,16.5945945946,13.9545454545,8.77142857143,4.6335698948,0.279221638612,0.139624966987,8.34620627346,1.00589456716,0.526102649881,7.09406976466,0.854985606815,0.465181794172,0.65926803424,0.378749433387,2,1.74064427858,0.65926803424,2,0.30197241157,0.318987341772,546,0.0702702702703,0.472153545663,37,37,37,1,0,0.405405405405,0.540540540541,0.0540540540541,37,340,0.255255255255,1.72314043808,18.3783783784,15.4545454545,9.71428571429,5.3090664138,0.288875672516,0.142766295707,9.42171793086,1.02530459836,0.543243243243,8.06514392597,0.877677427237,0.464387917329,0.638730702684,0.37067826195,2,1.72314043808,0.638730702684,2,0.339648233597,0.370114581698,786,0.101158301158,0.56974770973,37,37,37,1,0,0.405405405405,0.540540540541,0.0540540540541,-2,-0.0015015015015,-0.00214838003395,-0.108108108108,-0.0909090909091,-0.0571428571429,-0.0586437415889,-0.00148291776129,0.00012365306483,-0.0867736115105,-0.00339185505605,-0.00124861703809,0.0118305795318,0.0064125330326,0.00255766602516,-0.00186886764179,-0.000621640767349,0,-0.00214838003395,-0.00186886764179,0,-0.00442316065034,-0.00645445595858,-24,-0.0030888030888,0.000170881379839,0,0,0,340,0,2,990,0.994152046784,1,0,0.00584795321637,1,0.994152046784,0.99706744868,0.996066116269,0.994152046784,0.994152046784,33,35,0,0,0,0
3822,WLNM_dir_neg,0.998775510204,0.883455433455,00:00:05,10,90,25,1241281860,threshold_sweep,0.6,1,0.942857142857,0.970588235294,33,0,2,70,0.942857142857,1,0,0.0571428571429,1,0.942857142857,0.970588235294,0.980952380952,0.561904761905,0.95652173913,0.957427107756,0.942857142857,342,307,35,0,342,0,307,0,35,37,342,0.256756756757,1.72528881811,18.4864864865,15.5454545455,9.77142857143,5.36771015539,0.290358590277,0.142642642643,9.50849154237,1.02869645341,0.544491860281,8.05331334643,0.871264894205,0.461830251304,0.640599570326,0.371299902718,2,1.72528881811,0.640599570326,2,0.344071394247,0.376569037657,810,0.104247104247,0.56957682835,37,37,37,1,0,0.405405405405,0.540540540541,0.0540540540541,37,0.23048048048,1.74064427858,16.5945945946,13.9545454545,8.77142857143,4.6335698948,0.279221638612,0.139624966987,8.34620627346,1.00589456716,0.526102649881,7.09406976466,0.854985606815,0.465181794172,0.65926803424,0.378749433387,2,1.74064427858,0.65926803424,2,0.30197241157,0.318987341772,546,0.0702702702703,0.472153545663,37,37,37,1,0,0.405405405405,0.540540540541,0.0540540540541,37,340,0.255255255255,1.72314043808,18.3783783784,15.4545454545,9.71428571429,5.3090664138,0.288875672516,0.142766295707,9.42171793086,1.02530459836,0.543243243243,8.06514392597,0.877677427237,0.464387917329,0.638730702684,0.37067826195,2,1.72314043808,0.638730702684,2,0.339648233597,0.370114581698,786,0.101158301158,0.56974770973,37,37,37,1,0,0.405405405405,0.540540540541,0.0540540540541,-2,-0.0015015015015,-0.00214838003395,-0.108108108108,-0.0909090909091,-0.0571428571429,-0.0586437415889,-0.00148291776129,0.00012365306483,-0.0867736115105,-0.00339185505605,-0.00124861703809,0.0118305795318,0.0064125330326,0.00255766602516,-0.00186886764179,-0.000621640767349,0,-0.00214838003395,-0.00186886764179,0,-0.00442316065034,-0.00645445595858,-24,-0.0030888030888,0.000170881379839,0,0,0,340,0,2,990,0.994152046784,1,0,0.00584795321637,1,0.994152046784,0.99706744868,0.996066116269,0.994152046784,0.994152046784,33,35,0,0,0,0
3823,WLNM_dir_neg,0.998775510204,0.883455433455,00:00:05,10,90,25,1241281860,threshold_sweep,0.7,1,0.942857142857,0.970588235294,33,0,2,70,0.942857142857,1,0,0.0571428571429,1,0.942857142857,0.970588235294,0.980952380952,0.561904761905,0.95652173913,0.957427107756,0.942857142857,342,307,35,0,342,0,307,0,35,37,342,0.256756756757,1.72528881811,18.4864864865,15.5454545455,9.77142857143,5.36771015539,0.290358590277,0.142642642643,9.50849154237,1.02869645341,0.544491860281,8.05331334643,0.871264894205,0.461830251304,0.640599570326,0.371299902718,2,1.72528881811,0.640599570326,2,0.344071394247,0.376569037657,810,0.104247104247,0.56957682835,37,37,37,1,0,0.405405405405,0.540540540541,0.0540540540541,37,0.23048048048,1.74064427858,16.5945945946,13.9545454545,8.77142857143,4.6335698948,0.279221638612,0.139624966987,8.34620627346,1.00589456716,0.526102649881,7.09406976466,0.854985606815,0.465181794172,0.65926803424,0.378749433387,2,1.74064427858,0.65926803424,2,0.30197241157,0.318987341772,546,0.0702702702703,0.472153545663,37,37,37,1,0,0.405405405405,0.540540540541,0.0540540540541,37,340,0.255255255255,1.72314043808,18.3783783784,15.4545454545,9.71428571429,5.3090664138,0.288875672516,0.142766295707,9.42171793086,1.02530459836,0.543243243243,8.06514392597,0.877677427237,0.464387917329,0.638730702684,0.37067826195,2,1.72314043808,0.638730702684,2,0.339648233597,0.370114581698,786,0.101158301158,0.56974770973,37,37,37,1,0,0.405405405405,0.540540540541,0.0540540540541,-2,-0.0015015015015,-0.00214838003395,-0.108108108108,-0.0909090909091,-0.0571428571429,-0.0586437415889,-0.00148291776129,0.00012365306483,-0.0867736115105,-0.00339185505605,-0.00124861703809,0.0118305795318,0.0064125330326,0.00255766602516,-0.00186886764179,-0.000621640767349,0,-0.00214838003395,-0.00186886764179,0,-0.00442316065034,-0.00645445595858,-24,-0.0030888030888,0.000170881379839,0,0,0,340,0,2,990,0.994152046784,1,0,0.00584795321637,1,0.994152046784,0.99706744868,0.996066116269,0.994152046784,0.994152046784,33,35,0,0,0,0
3824,WLNM_dir_neg,0.998775510204,0.883455433455,00:00:05,10,90,25,1241281860,threshold_sweep,0.8,1,0.942857142857,0.970588235294,33,0,2,70,0.942857142857,1,0,0.0571428571429,1,0.942857142857,0.970588235294,0.980952380952,0.561904761905,0.95652173913,0.957427107756,0.942857142857,342,307,35,0,342,0,307,0,35,37,342,0.256756756757,1.72528881811,18.4864864865,15.5454545455,9.77142857143,5.36771015539,0.290358590277,0.142642642643,9.50849154237,1.02869645341,0.544491860281,8.05331334643,0.871264894205,0.461830251304,0.640599570326,0.371299902718,2,1.72528881811,0.640599570326,2,0.344071394247,0.376569037657,810,0.104247104247,0.56957682835,37,37,37,1,0,0.405405405405,0.540540540541,0.0540540540541,37,0.23048048048,1.74064427858,16.5945945946,13.9545454545,8.77142857143,4.6335698948,0.279221638612,0.139624966987,8.34620627346,1.00589456716,0.526102649881,7.09406976466,0.854985606815,0.465181794172,0.65926803424,0.378749433387,2,1.74064427858,0.65926803424,2,0.30197241157,0.318987341772,546,0.0702702702703,0.472153545663,37,37,37,1,0,0.405405405405,0.540540540541,0.0540540540541,37,340,0.255255255255,1.72314043808,18.3783783784,15.4545454545,9.71428571429,5.3090664138,0.288875672516,0.142766295707,9.42171793086,1.02530459836,0.543243243243,8.06514392597,0.877677427237,0.464387917329,0.638730702684,0.37067826195,2,1.72314043808,0.638730702684,2,0.339648233597,0.370114581698,786,0.101158301158,0.56974770973,37,37,37,1,0,0.405405405405,0.540540540541,0.0540540540541,-2,-0.0015015015015,-0.00214838003395,-0.108108108108,-0.0909090909091,-0.0571428571429,-0.0586437415889,-0.00148291776129,0.00012365306483,-0.0867736115105,-0.00339185505605,-0.00124861703809,0.0118305795318,0.0064125330326,0.00255766602516,-0.00186886764179,-0.000621640767349,0,-0.00214838003395,-0.00186886764179,0,-0.00442316065034,-0.00645445595858,-24,-0.0030888030888,0.000170881379839,0,0,0,340,0,2,990,0.994152046784,1,0,0.00584795321637,1,0.994152046784,0.99706744868,0.996066116269,0.994152046784,0.994152046784,33,35,0,0,0,0
3825,WLNM_dir_neg,0.998775510204,0.883455433455,00:00:05,10,90,25,1241281860,threshold_sweep,0.9,1,0.942857142857,0.970588235294,33,0,2,70,0.942857142857,1,0,0.0571428571429,1,0.942857142857,0.970588235294,0.980952380952,0.561904761905,0.95652173913,0.957427107756,0.942857142857,342,307,35,0,342,0,307,0,35,37,342,0.256756756757,1.72528881811,18.4864864865,15.5454545455,9.77142857143,5.36771015539,0.290358590277,0.142642642643,9.50849154237,1.02869645341,0.544491860281,8.05331334643,0.871264894205,0.461830251304,0.640599570326,0.371299902718,2,1.72528881811,0.640599570326,2,0.344071394247,0.376569037657,810,0.104247104247,0.56957682835,37,37,37,1,0,0.405405405405,0.540540540541,0.0540540540541,37,0.23048048048,1.74064427858,16.5945945946,13.9545454545,8.77142857143,4.6335698948,0.279221638612,0.139624966987,8.34620627346,1.00589456716,0.526102649881,7.09406976466,0.854985606815,0.465181794172,0.65926803424,0.378749433387,2,1.74064427858,0.65926803424,2,0.30197241157,0.318987341772,546,0.0702702702703,0.472153545663,37,37,37,1,0,0.405405405405,0.540540540541,0.0540540540541,37,340,0.255255255255,1.72314043808,18.3783783784,15.4545454545,9.71428571429,5.3090664138,0.288875672516,0.142766295707,9.42171793086,1.02530459836,0.543243243243,8.06514392597,0.877677427237,0.464387917329,0.638730702684,0.37067826195,2,1.72314043808,0.638730702684,2,0.339648233597,0.370114581698,786,0.101158301158,0.56974770973,37,37,37,1,0,0.405405405405,0.540540540541,0.0540540540541,-2,-0.0015015015015,-0.00214838003395,-0.108108108108,-0.0909090909091,-0.0571428571429,-0.0586437415889,-0.00148291776129,0.00012365306483,-0.0867736115105,-0.00339185505605,-0.00124861703809,0.0118305795318,0.0064125330326,0.00255766602516,-0.00186886764179,-0.000621640767349,0,-0.00214838003395,-0.00186886764179,0,-0.00442316065034,-0.00645445595858,-24,-0.0030888030888,0.000170881379839,0,0,0,340,0,2,990,0.994152046784,1,0,0.00584795321637,1,0.994152046784,0.99706744868,0.996066116269,0.994152046784,0.994152046784,33,35,0,0,0,0
3826,WLNM_dir_neg,0.99306122449,0.902015310744,00:00:05,10,90,26,1241281861,threshold_sweep,0.1,0.969696969697,0.914285714286,0.941176470588,32,1,3,69,0.914285714286,0.985714285714,0.0142857142857,0.0857142857143,0.969696969697,0.914285714286,0.941176470588,0.961904761905,0.561904761905,0.913043478261,0.913907693767,0.9,342,307,35,0,342,0,307,0,35,37,342,0.256756756757,1.72528881811,18.4864864865,15.5454545455,9.77142857143,5.36771015539,0.290358590277,0.142642642643,9.50849154237,1.02869645341,0.544491860281,8.05331334643,0.871264894205,0.461830251304,0.640599570326,0.371299902718,2,1.72528881811,0.640599570326,2,0.344071394247,0.376569037657,810,0.104247104247,0.56957682835,37,37,37,1,0,0.405405405405,0.540540540541,0.0540540540541,37,0.23048048048,1.73705202558,16.5945945946,13.9545454545,8.77142857143,4.4187696846,0.266277652003,0.132317985738,8.25585605247,0.995005452578,0.521348710274,7.1835648256,0.865771656506,0.468703230918,0.654440941588,0.376753794331,2,1.73705202558,0.654440941588,2,0.281845053161,0.298706389651,508,0.0653796653797,0.4808735804,37,37,37,1,0,0.405405405405,0.540540540541,0.0540540540541,37,340,0.255255255255,1.85992477706,18.3783783784,14.7826086957,9.71428571429,5.26704297892,0.286589103265,0.140461049285,9.35366190275,1.01789850118,0.540222575517,8.08234646154,0.879549467873,0.465023847377,0.719216309815,0.386691074116,2.21428571429,1.85992477706,0.719216309815,2.21428571429,0.333661594841,0.362486161632,764,0.0983268983269,0.522694189544,37,37,37,1,0,0.378378378378,0.567567567568,0.0540540540541,-2,-0.0015015015015,0.134635958943,-0.108108108108,-0.762845849802,-0.0571428571429,-0.100667176478,-0.00376948701261,-0.00218159335806,-0.154829639623,-0.010797952233,-0.00426928476464,0.029033115103,0.0082845736683,0.00319359607285,0.0786167394885,0.0153911713978,0.214285714286,0.134635958943,0.0786167394885,0.214285714286,-0.0104097994061,-0.0140828760248,-46,-0.00592020592021,-0.0468826388061,-0.027027027027,0.027027027027,0,339,1,3,989,0.991228070175,0.99898989899,0.0010101010101,0.00877192982456,0.997058823529,0.991228070175,0.994134897361,0.992124464258,0.990217969165,0.98833819242,33,35,0,0,0,0
3827,WLNM_dir_neg,0.99306122449,0.902015310744,00:00:05,10,90,26,1241281861,threshold_sweep,0.2,0.969696969697,0.914285714286,0.941176470588,32,1,3,69,0.914285714286,0.985714285714,0.0142857142857,0.0857142857143,0.969696969697,0.914285714286,0.941176470588,0.961904761905,0.561904761905,0.913043478261,0.913907693767,0.9,342,307,35,0,342,0,307,0,35,37,342,0.256756756757,1.72528881811,18.4864864865,15.5454545455,9.77142857143,5.36771015539,0.290358590277,0.142642642643,9.50849154237,1.02869645341,0.544491860281,8.05331334643,0.871264894205,0.461830251304,0.640599570326,0.371299902718,2,1.72528881811,0.640599570326,2,0.344071394247,0.376569037657,810,0.104247104247,0.56957682835,37,37,37,1,0,0.405405405405,0.540540540541,0.0540540540541,37,0.23048048048,1.73705202558,16.5945945946,13.9545454545,8.77142857143,4.4187696846,0.266277652003,0.132317985738,8.25585605247,0.995005452578,0.521348710274,7.1835648256,0.865771656506,0.468703230918,0.654440941588,0.376753794331,2,1.73705202558,0.654440941588,2,0.281845053161,0.298706389651,508,0.0653796653797,0.4808735804,37,37,37,1,0,0.405405405405,0.540540540541,0.0540540540541,37,340,0.255255255255,1.85992477706,18.3783783784,14.7826086957,9.71428571429,5.26704297892,0.286589103265,0.140461049285,9.35366190275,1.01789850118,0.540222575517,8.08234646154,0.879549467873,0.465023847377,0.719216309815,0.386691074116,2.21428571429,1.85992477706,0.719216309815,2.21428571429,0.333661594841,0.362486161632,764,0.0983268983269,0.522694189544,37,37,37,1,0,0.378378378378,0.567567567568,0.0540540540541,-2,-0.0015015015015,0.134635958943,-0.108108108108,-0.762845849802,-0.0571428571429,-0.100667176478,-0.00376948701261,-0.00218159335806,-0.154829639623,-0.010797952233,-0.00426928476464,0.029033115103,0.0082845736683,0.00319359607285,0.0786167394885,0.0153911713978,0.214285714286,0.134635958943,0.0786167394885,0.214285714286,-0.0104097994061,-0.0140828760248,-46,-0.00592020592021,-0.0468826388061,-0.027027027027,0.027027027027,0,339,1,3,989,0.991228070175,0.99898989899,0.0010101010101,0.00877192982456,0.997058823529,0.991228070175,0.994134897361,0.992124464258,0.990217969165,0.98833819242,33,35,0,0,0,0
3828,WLNM_dir_neg,0.99306122449,0.902015310744,00:00:05,10,90,26,1241281861,threshold_sweep,0.3,1,0.914285714286,0.955223880597,32,0,3,70,0.914285714286,1,0,0.0857142857143,1,0.914285714286,0.955223880597,0.971428571429,0.565079365079,0.934306569343,0.936329177569,0.914285714286,342,307,35,0,342,0,307,0,35,37,342,0.256756756757,1.72528881811,18.4864864865,15.5454545455,9.77142857143,5.36771015539,0.290358590277,0.142642642643,9.50849154237,1.02869645341,0.544491860281,8.05331334643,0.871264894205,0.461830251304,0.640599570326,0.371299902718,2,1.72528881811,0.640599570326,2,0.344071394247,0.376569037657,810,0.104247104247,0.56957682835,37,37,37,1,0,0.405405405405,0.540540540541,0.0540540540541,37,0.23048048048,1.73705202558,16.5945945946,13.9545454545,8.77142857143,4.4187696846,0.266277652003,0.132317985738,8.25585605247,0.995005452578,0.521348710274,7.1835648256,0.865771656506,0.468703230918,0.654440941588,0.376753794331,2,1.73705202558,0.654440941588,2,0.281845053161,0.298706389651,508,0.0653796653797,0.4808735804,37,37,37,1,0,0.405405405405,0.540540540541,0.0540540540541,37,339,0.254504504505,1.72402298946,18.3243243243,15.4090909091,9.68571428571,5.24433055814,0.286195030459,0.139280873794,9.37939086364,1.0237093273,0.542453958383,8.09153712053,0.88314711935,0.466076696165,0.638805803611,0.370532068028,2,1.72402298946,0.638805803611,2,0.333661594841,0.362486161632,764,0.0983268983269,0.571252240097,37,37,37,1,0,0.405405405405,0.540540540541,0.0540540540541,-3,-0.00225225225225,-0.00126582865952,-0.162162162162,-0.136363636364,-0.0857142857143,-0.123379597257,-0.00416355981835,-0.00336176884849,-0.129100678733,-0.00498712611464,-0.00203790189817,0.0382237740993,0.0118822251454,0.00424644486126,-0.00179376671501,-0.000767834689541,0,-0.00126582865952,-0.00179376671501,0,-0.0104097994061,-0.0140828760248,-46,-0.00592020592021,0.0016754117468,0,0,0,339,0,3,990,0.991228070175,1,0,0.00877192982456,1,0.991228070175,0.995594713656,0.994099302604,0.991228070175,0.991228070175,32,35,0,0,0,0
3829,WLNM_dir_neg,0.99306122449,0.902015310744,00:00:05,10,90,26,1241281861,threshold_sweep,0.4,1,0.914285714286,0.955223880597,32,0,3,70,0.914285714286,1,0,0.0857142857143,1,0.914285714286,0.955223880597,0.971428571429,0.565079365079,0.934306569343,0.936329177569,0.914285714286,342,307,35,0,342,0,307,0,35,37,342,0.256756756757,1.72528881811,18.4864864865,15.5454545455,9.77142857143,5.36771015539,0.290358590277,0.142642642643,9.50849154237,1.02869645341,0.544491860281,8.05331334643,0.871264894205,0.461830251304,0.640599570326,0.371299902718,2,1.72528881811,0.640599570326,2,0.344071394247,0.376569037657,810,0.104247104247,0.56957682835,37,37,37,1,0,0.405405405405,0.540540540541,0.0540540540541,37,0.23048048048,1.73705202558,16.5945945946,13.9545454545,8.77142857143,4.4187696846,0.266277652003,0.132317985738,8.25585605247,0.995005452578,0.521348710274,7.1835648256,0.865771656506,0.468703230918,0.654440941588,0.376753794331,2,1.73705202558,0.654440941588,2,0.281845053161,0.298706389651,508,0.0653796653797,0.4808735804,37,37,37,1,0,0.405405405405,0.540540540541,0.0540540540541,37,339,0.254504504505,1.72402298946,18.3243243243,15.4090909091,9.68571428571,5.24433055814,0.286195030459,0.139280873794,9.37939086364,1.0237093273,0.542453958383,8.09153712053,0.88314711935,0.466076696165,0.638805803611,0.370532068028,2,1.72402298946,0.638805803611,2,0.333661594841,0.362486161632,764,0.0983268983269,0.571252240097,37,37,37,1,0,0.405405405405,0.540540540541,0.0540540540541,-3,-0.00225225225225,-0.00126582865952,-0.162162162162,-0.136363636364,-0.0857142857143,-0.123379597257,-0.00416355981835,-0.00336176884849,-0.129100678733,-0.00498712611464,-0.00203790189817,0.0382237740993,0.0118822251454,0.00424644486126,-0.00179376671501,-0.000767834689541,0,-0.00126582865952,-0.00179376671501,0,-0.0104097994061,-0.0140828760248,-46,-0.00592020592021,0.0016754117468,0,0,0,339,0,3,990,0.991228070175,1,0,0.00877192982456,1,0.991228070175,0.995594713656,0.994099302604,0.991228070175,0.991228070175,32,35,0,0,0,0
3830,WLNM_dir_neg,0.99306122449,0.902015310744,00:00:05,10,90,26,1241281861,threshold_sweep,0.5,1,0.914285714286,0.955223880597,32,0,3,70,0.914285714286,1,0,0.0857142857143,1,0.914285714286,0.955223880597,0.971428571429,0.565079365079,0.934306569343,0.936329177569,0.914285714286,342,307,35,0,342,0,307,0,35,37,342,0.256756756757,1.72528881811,18.4864864865,15.5454545455,9.77142857143,5.36771015539,0.290358590277,0.142642642643,9.50849154237,1.02869645341,0.544491860281,8.05331334643,0.871264894205,0.461830251304,0.640599570326,0.371299902718,2,1.72528881811,0.640599570326,2,0.344071394247,0.376569037657,810,0.104247104247,0.56957682835,37,37,37,1,0,0.405405405405,0.540540540541,0.0540540540541,37,0.23048048048,1.73705202558,16.5945945946,13.9545454545,8.77142857143,4.4187696846,0.266277652003,0.132317985738,8.25585605247,0.995005452578,0.521348710274,7.1835648256,0.865771656506,0.468703230918,0.654440941588,0.376753794331,2,1.73705202558,0.654440941588,2,0.281845053161,0.298706389651,508,0.0653796653797,0.4808735804,37,37,37,1,0,0.405405405405,0.540540540541,0.0540540540541,37,339,0.254504504505,1.72402298946,18.3243243243,15.4090909091,9.68571428571,5.24433055814,0.286195030459,0.139280873794,9.37939086364,1.0237093273,0.542453958383,8.09153712053,0.88314711935,0.466076696165,0.638805803611,0.370532068028,2,1.72402298946,0.638805803611,2,0.333661594841,0.362486161632,764,0.0983268983269,0.571252240097,37,37,37,1,0,0.405405405405,0.540540540541,0.0540540540541,-3,-0.00225225225225,-0.00126582865952,-0.162162162162,-0.136363636364,-0.0857142857143,-0.123379597257,-0.00416355981835,-0.00336176884849,-0.129100678733,-0.00498712611464,-0.00203790189817,0.0382237740993,0.0118822251454,0.00424644486126,-0.00179376671501,-0.000767834689541,0,-0.00126582865952,-0.00179376671501,0,-0.0104097994061,-0.0140828760248,-46,-0.00592020592021,0.0016754117468,0,0,0,339,0,3,990,0.991228070175,1,0,0.00877192982456,1,0.991228070175,0.995594713656,0.994099302604,0.991228070175,0.991228070175,32,35,0,0,0,0
3831,WLNM_dir_neg,0.99306122449,0.902015310744,00:00:05,10,90,26,1241281861,threshold_sweep,0.6,1,0.914285714286,0.955223880597,32,0,3,70,0.914285714286,1,0,0.0857142857143,1,0.914285714286,0.955223880597,0.971428571429,0.565079365079,0.934306569343,0.936329177569,0.914285714286,342,307,35,0,342,0,307,0,35,37,342,0.256756756757,1.72528881811,18.4864864865,15.5454545455,9.77142857143,5.36771015539,0.290358590277,0.142642642643,9.50849154237,1.02869645341,0.544491860281,8.05331334643,0.871264894205,0.461830251304,0.640599570326,0.371299902718,2,1.72528881811,0.640599570326,2,0.344071394247,0.376569037657,810,0.104247104247,0.56957682835,37,37,37,1,0,0.405405405405,0.540540540541,0.0540540540541,37,0.23048048048,1.73705202558,16.5945945946,13.9545454545,8.77142857143,4.4187696846,0.266277652003,0.132317985738,8.25585605247,0.995005452578,0.521348710274,7.1835648256,0.865771656506,0.468703230918,0.654440941588,0.376753794331,2,1.73705202558,0.654440941588,2,0.281845053161,0.298706389651,508,0.0653796653797,0.4808735804,37,37,37,1,0,0.405405405405,0.540540540541,0.0540540540541,37,339,0.254504504505,1.72402298946,18.3243243243,15.4090909091,9.68571428571,5.24433055814,0.286195030459,0.139280873794,9.37939086364,1.0237093273,0.542453958383,8.09153712053,0.88314711935,0.466076696165,0.638805803611,0.370532068028,2,1.72402298946,0.638805803611,2,0.333661594841,0.362486161632,764,0.0983268983269,0.571252240097,37,37,37,1,0,0.405405405405,0.540540540541,0.0540540540541,-3,-0.00225225225225,-0.00126582865952,-0.162162162162,-0.136363636364,-0.0857142857143,-0.123379597257,-0.00416355981835,-0.00336176884849,-0.129100678733,-0.00498712611464,-0.00203790189817,0.0382237740993,0.0118822251454,0.00424644486126,-0.00179376671501,-0.000767834689541,0,-0.00126582865952,-0.00179376671501,0,-0.0104097994061,-0.0140828760248,-46,-0.00592020592021,0.0016754117468,0,0,0,339,0,3,990,0.991228070175,1,0,0.00877192982456,1,0.991228070175,0.995594713656,0.994099302604,0.991228070175,0.991228070175,32,35,0,0,0,0
3832,WLNM_dir_neg,0.99306122449,0.902015310744,00:00:05,10,90,26,1241281861,threshold_sweep,0.7,1,0.914285714286,0.955223880597,32,0,3,70,0.914285714286,1,0,0.0857142857143,1,0.914285714286,0.955223880597,0.971428571429,0.565079365079,0.934306569343,0.936329177569,0.914285714286,342,307,35,0,342,0,307,0,35,37,342,0.256756756757,1.72528881811,18.4864864865,15.5454545455,9.77142857143,5.36771015539,0.290358590277,0.142642642643,9.50849154237,1.02869645341,0.544491860281,8.05331334643,0.871264894205,0.461830251304,0.640599570326,0.371299902718,2,1.72528881811,0.640599570326,2,0.344071394247,0.376569037657,810,0.104247104247,0.56957682835,37,37,37,1,0,0.405405405405,0.540540540541,0.0540540540541,37,0.23048048048,1.73705202558,16.5945945946,13.9545454545,8.77142857143,4.4187696846,0.266277652003,0.132317985738,8.25585605247,0.995005452578,0.521348710274,7.1835648256,0.865771656506,0.468703230918,0.654440941588,0.376753794331,2,1.73705202558,0.654440941588,2,0.281845053161,0.298706389651,508,0.0653796653797,0.4808735804,37,37,37,1,0,0.405405405405,0.540540540541,0.0540540540541,37,339,0.254504504505,1.72402298946,18.3243243243,15.4090909091,9.68571428571,5.24433055814,0.286195030459,0.139280873794,9.37939086364,1.0237093273,0.542453958383,8.09153712053,0.88314711935,0.466076696165,0.638805803611,0.370532068028,2,1.72402298946,0.638805803611,2,0.333661594841,0.362486161632,764,0.0983268983269,0.571252240097,37,37,37,1,0,0.405405405405,0.540540540541,0.0540540540541,-3,-0.00225225225225,-0.00126582865952,-0.162162162162,-0.136363636364,-0.0857142857143,-0.123379597257,-0.00416355981835,-0.00336176884849,-0.129100678733,-0.00498712611464,-0.00203790189817,0.0382237740993,0.0118822251454,0.00424644486126,-0.00179376671501,-0.000767834689541,0,-0.00126582865952,-0.00179376671501,0,-0.0104097994061,-0.0140828760248,-46,-0.00592020592021,0.0016754117468,0,0,0,339,0,3,990,0.991228070175,1,0,0.00877192982456,1,0.991228070175,0.995594713656,0.994099302604,0.991228070175,0.991228070175,32,35,0,0,0,0
3833,WLNM_dir_neg,0.99306122449,0.902015310744,00:00:05,10,90,26,1241281861,threshold_sweep,0.8,1,0.914285714286,0.955223880597,32,0,3,70,0.914285714286,1,0,0.0857142857143,1,0.914285714286,0.955223880597,0.971428571429,0.565079365079,0.934306569343,0.936329177569,0.914285714286,342,307,35,0,342,0,307,0,35,37,342,0.256756756757,1.72528881811,18.4864864865,15.5454545455,9.77142857143,5.36771015539,0.290358590277,0.142642642643,9.50849154237,1.02869645341,0.544491860281,8.05331334643,0.871264894205,0.461830251304,0.640599570326,0.371299902718,2,1.72528881811,0.640599570326,2,0.344071394247,0.376569037657,810,0.104247104247,0.56957682835,37,37,37,1,0,0.405405405405,0.540540540541,0.0540540540541,37,0.23048048048,1.73705202558,16.5945945946,13.9545454545,8.77142857143,4.4187696846,0.266277652003,0.132317985738,8.25585605247,0.995005452578,0.521348710274,7.1835648256,0.865771656506,0.468703230918,0.654440941588,0.376753794331,2,1.73705202558,0.654440941588,2,0.281845053161,0.298706389651,508,0.0653796653797,0.4808735804,37,37,37,1,0,0.405405405405,0.540540540541,0.0540540540541,37,339,0.254504504505,1.72402298946,18.3243243243,15.4090909091,9.68571428571,5.24433055814,0.286195030459,0.139280873794,9.37939086364,1.0237093273,0.542453958383,8.09153712053,0.88314711935,0.466076696165,0.638805803611,0.370532068028,2,1.72402298946,0.638805803611,2,0.333661594841,0.362486161632,764,0.0983268983269,0.571252240097,37,37,37,1,0,0.405405405405,0.540540540541,0.0540540540541,-3,-0.00225225225225,-0.00126582865952,-0.162162162162,-0.136363636364,-0.0857142857143,-0.123379597257,-0.00416355981835,-0.00336176884849,-0.129100678733,-0.00498712611464,-0.00203790189817,0.0382237740993,0.0118822251454,0.00424644486126,-0.00179376671501,-0.000767834689541,0,-0.00126582865952,-0.00179376671501,0,-0.0104097994061,-0.0140828760248,-46,-0.00592020592021,0.0016754117468,0,0,0,339,0,3,990,0.991228070175,1,0,0.00877192982456,1,0.991228070175,0.995594713656,0.994099302604,0.991228070175,0.991228070175,32,35,0,0,0,0
3834,WLNM_dir_neg,0.99306122449,0.902015310744,00:00:05,10,90,26,1241281861,threshold_sweep,0.9,1,0.914285714286,0.955223880597,32,0,3,70,0.914285714286,1,0,0.0857142857143,1,0.914285714286,0.955223880597,0.971428571429,0.565079365079,0.934306569343,0.936329177569,0.914285714286,342,307,35,0,342,0,307,0,35,37,342,0.256756756757,1.72528881811,18.4864864865,15.5454545455,9.77142857143,5.36771015539,0.290358590277,0.142642642643,9.50849154237,1.02869645341,0.544491860281,8.05331334643,0.871264894205,0.461830251304,0.640599570326,0.371299902718,2,1.72528881811,0.640599570326,2,0.344071394247,0.376569037657,810,0.104247104247,0.56957682835,37,37,37,1,0,0.405405405405,0.540540540541,0.0540540540541,37,0.23048048048,1.73705202558,16.5945945946,13.9545454545,8.77142857143,4.4187696846,0.266277652003,0.132317985738,8.25585605247,0.995005452578,0.521348710274,7.1835648256,0.865771656506,0.468703230918,0.654440941588,0.376753794331,2,1.73705202558,0.654440941588,2,0.281845053161,0.298706389651,508,0.0653796653797,0.4808735804,37,37,37,1,0,0.405405405405,0.540540540541,0.0540540540541,37,339,0.254504504505,1.72402298946,18.3243243243,15.4090909091,9.68571428571,5.24433055814,0.286195030459,0.139280873794,9.37939086364,1.0237093273,0.542453958383,8.09153712053,0.88314711935,0.466076696165,0.638805803611,0.370532068028,2,1.72402298946,0.638805803611,2,0.333661594841,0.362486161632,764,0.0983268983269,0.571252240097,37,37,37,1,0,0.405405405405,0.540540540541,0.0540540540541,-3,-0.00225225225225,-0.00126582865952,-0.162162162162,-0.136363636364,-0.0857142857143,-0.123379597257,-0.00416355981835,-0.00336176884849,-0.129100678733,-0.00498712611464,-0.00203790189817,0.0382237740993,0.0118822251454,0.00424644486126,-0.00179376671501,-0.000767834689541,0,-0.00126582865952,-0.00179376671501,0,-0.0104097994061,-0.0140828760248,-46,-0.00592020592021,0.0016754117468,0,0,0,339,0,3,990,0.991228070175,1,0,0.00877192982456,1,0.991228070175,0.995594713656,0.994099302604,0.991228070175,0.991228070175,32,35,0,0,0,0
3835,WLNM_dir_neg,0.968979591837,0.696568434161,00:00:05,10,90,27,1241281862,threshold_sweep,0.1,0.962962962963,0.742857142857,0.838709677419,26,1,9,69,0.742857142857,0.985714285714,0.0142857142857,0.257142857143,0.962962962963,0.742857142857,0.838709677419,0.904761904762,0.580952380952,0.772727272727,0.785825277986,0.728571428571,342,307,35,0,342,0,307,0,35,37,342,0.256756756757,1.72528881811,18.4864864865,15.5454545455,9.77142857143,5.36771015539,0.290358590277,0.142642642643,9.50849154237,1.02869645341,0.544491860281,8.05331334643,0.871264894205,0.461830251304,0.640599570326,0.371299902718,2,1.72528881811,0.640599570326,2,0.344071394247,0.376569037657,810,0.104247104247,0.56957682835,37,37,37,1,0,0.405405405405,0.540540540541,0.0540540540541,37,0.23048048048,1.73115663295,16.5945945946,13.9545454545,8.77142857143,4.53663764049,0.273380444134,0.134342811867,8.32621317442,1.00348497542,0.52680693723,7.31765317899,0.881932142094,0.474689673387,0.645637746901,0.372951663999,2,1.73115663295,0.645637746901,2,0.278549577525,0.305213825425,521,0.0670527670528,0.485133392419,37,37,37,1,0,0.405405405405,0.540540540541,0.0540540540541,37,334,0.250750750751,2.02503113736,18.0540540541,14.5217391304,9.54285714286,5.1529168975,0.2854160557,0.142660624697,9.11496476036,1.00974160519,0.536009062955,8.07082016515,0.894072892546,0.475805146464,1.04933720614,0.518183245078,4.14285714286,2.02503113736,1.04933720614,4.14285714286,0.316338432966,0.353982300885,720,0.0926640926641,0.51615274473,37,37,37,1,0,0.378378378378,0.567567567568,0.0540540540541,-8,-0.00600600600601,0.299742319241,-0.432432432432,-1.02371541502,-0.228571428571,-0.214793257892,-0.00494253457721,1.79820539103e-05,-0.393526782016,-0.0189548482254,-0.00848279732616,0.0175068187124,0.0228079983413,0.0139748951599,0.408737635813,0.14688334236,2.14285714286,0.299742319241,0.408737635813,2.14285714286,-0.0277329612817,-0.0225867367719,-90,-0.011583011583,-0.0534240836199,-0.027027027027,0.027027027027,0,333,1,9,989,0.973684210526,0.99898989899,0.0010101010101,0.0263157894737,0.997005988024,0.973684210526,0.985207100592,0.980301127908,0.972674109516,0.97084548105,27,35,0,0,0,0
3836,WLNM_dir_neg,0.968979591837,0.696568434161,00:00:05,10,90,27,1241281862,threshold_sweep,0.2,0.962962962963,0.742857142857,0.838709677419,26,1,9,69,0.742857142857,0.985714285714,0.0142857142857,0.257142857143,0.962962962963,0.742857142857,0.838709677419,0.904761904762,0.580952380952,0.772727272727,0.785825277986,0.728571428571,342,307,35,0,342,0,307,0,35,37,342,0.256756756757,1.72528881811,18.4864864865,15.5454545455,9.77142857143,5.36771015539,0.290358590277,0.142642642643,9.50849154237,1.02869645341,0.544491860281,8.05331334643,0.871264894205,0.461830251304,0.640599570326,0.371299902718,2,1.72528881811,0.640599570326,2,0.344071394247,0.376569037657,810,0.104247104247,0.56957682835,37,37,37,1,0,0.405405405405,0.540540540541,0.0540540540541,37,0.23048048048,1.73115663295,16.5945945946,13.9545454545,8.77142857143,4.53663764049,0.273380444134,0.134342811867,8.32621317442,1.00348497542,0.52680693723,7.31765317899,0.881932142094,0.474689673387,0.645637746901,0.372951663999,2,1.73115663295,0.645637746901,2,0.278549577525,0.305213825425,521,0.0670527670528,0.485133392419,37,37,37,1,0,0.405405405405,0.540540540541,0.0540540540541,37,334,0.250750750751,2.02503113736,18.0540540541,14.5217391304,9.54285714286,5.1529168975,0.2854160557,0.142660624697,9.11496476036,1.00974160519,0.536009062955,8.07082016515,0.894072892546,0.475805146464,1.04933720614,0.518183245078,4.14285714286,2.02503113736,1.04933720614,4.14285714286,0.316338432966,0.353982300885,720,0.0926640926641,0.51615274473,37,37,37,1,0,0.378378378378,0.567567567568,0.0540540540541,-8,-0.00600600600601,0.299742319241,-0.432432432432,-1.02371541502,-0.228571428571,-0.214793257892,-0.00494253457721,1.79820539103e-05,-0.393526782016,-0.0189548482254,-0.00848279732616,0.0175068187124,0.0228079983413,0.0139748951599,0.408737635813,0.14688334236,2.14285714286,0.299742319241,0.408737635813,2.14285714286,-0.0277329612817,-0.0225867367719,-90,-0.011583011583,-0.0534240836199,-0.027027027027,0.027027027027,0,333,1,9,989,0.973684210526,0.99898989899,0.0010101010101,0.0263157894737,0.997005988024,0.973684210526,0.985207100592,0.980301127908,0.972674109516,0.97084548105,27,35,0,0,0,0
3837,WLNM_dir_neg,0.968979591837,0.696568434161,00:00:05,10,90,27,1241281862,threshold_sweep,0.3,1,0.742857142857,0.852459016393,26,0,9,70,0.742857142857,1,0,0.257142857143,1,0.742857142857,0.852459016393,0.914285714286,0.584126984127,0.793893129771,0.811312423239,0.742857142857,342,307,35,0,342,0,307,0,35,37,342,0.256756756757,1.72528881811,18.4864864865,15.5454545455,9.77142857143,5.36771015539,0.290358590277,0.142642642643,9.50849154237,1.02869645341,0.544491860281,8.05331334643,0.871264894205,0.461830251304,0.640599570326,0.371299902718,2,1.72528881811,0.640599570326,2,0.344071394247,0.376569037657,810,0.104247104247,0.56957682835,37,37,37,1,0,0.405405405405,0.540540540541,0.0540540540541,37,0.23048048048,1.73115663295,16.5945945946,13.9545454545,8.77142857143,4.53663764049,0.273380444134,0.134342811867,8.32621317442,1.00348497542,0.52680693723,7.31765317899,0.881932142094,0.474689673387,0.645637746901,0.372951663999,2,1.73115663295,0.645637746901,2,0.278549577525,0.305213825425,521,0.0670527670528,0.485133392419,37,37,37,1,0,0.405405405405,0.540540540541,0.0540540540541,37,333,0.25,1.72242079929,18,15.1363636364,9.51428571429,5.1854497287,0.288080540483,0.143494846198,9.14087280053,1.01565253339,0.538267997727,8.07946642903,0.897718492114,0.476909341774,0.636082711851,0.369295767976,2,1.72242079929,0.636082711851,2,0.316338432966,0.353982300885,720,0.0926640926641,0.564079176707,37,37,37,1,0,0.405405405405,0.540540540541,0.0540540540541,-9,-0.00675675675676,-0.00286801882953,-0.486486486486,-0.409090909091,-0.257142857143,-0.182260426692,-0.00227804979371,0.000852203554906,-0.36761874184,-0.0130439200221,-0.00622386255388,0.026153082593,0.0264535979093,0.0150790904703,-0.00451685847533,-0.00200413474127,0,-0.00286801882953,-0.00451685847533,0,-0.0277329612817,-0.0225867367719,-90,-0.011583011583,-0.00549765164258,0,0,0,333,0,9,990,0.973684210526,1,0,0.0263157894737,1,0.973684210526,0.986666666667,0.982299486258,0.973684210526,0.973684210526,26,35,0,0,0,0
3838,WLNM_dir_neg,0.968979591837,0.696568434161,00:00:05,10,90,27,1241281862,threshold_sweep,0.4,1,0.742857142857,0.852459016393,26,0,9,70,0.742857142857,1,0,0.257142857143,1,0.742857142857,0.852459016393,0.914285714286,0.584126984127,0.793893129771,0.811312423239,0.742857142857,342,307,35,0,342,0,307,0,35,37,342,0.256756756757,1.72528881811,18.4864864865,15.5454545455,9.77142857143,5.36771015539,0.290358590277,0.142642642643,9.50849154237,1.02869645341,0.544491860281,8.05331334643,0.871264894205,0.461830251304,0.640599570326,0.371299902718,2,1.72528881811,0.640599570326,2,0.344071394247,0.376569037657,810,0.104247104247,0.56957682835,37,37,37,1,0,0.405405405405,0.540540540541,0.0540540540541,37,0.23048048048,1.73115663295,16.5945945946,13.9545454545,8.77142857143,4.53663764049,0.273380444134,0.134342811867,8.32621317442,1.00348497542,0.52680693723,7.31765317899,0.881932142094,0.474689673387,0.645637746901,0.372951663999,2,1.73115663295,0.645637746901,2,0.278549577525,0.305213825425,521,0.0670527670528,0.485133392419,37,37,37,1,0,0.405405405405,0.540540540541,0.0540540540541,37,333,0.25,1.72242079929,18,15.1363636364,9.51428571429,5.1854497287,0.288080540483,0.143494846198,9.14087280053,1.01565253339,0.538267997727,8.07946642903,0.897718492114,0.476909341774,0.636082711851,0.369295767976,2,1.72242079929,0.636082711851,2,0.316338432966,0.353982300885,720,0.0926640926641,0.564079176707,37,37,37,1,0,0.405405405405,0.540540540541,0.0540540540541,-9,-0.00675675675676,-0.00286801882953,-0.486486486486,-0.409090909091,-0.257142857143,-0.182260426692,-0.00227804979371,0.000852203554906,-0.36761874184,-0.0130439200221,-0.00622386255388,0.026153082593,0.0264535979093,0.0150790904703,-0.00451685847533,-0.00200413474127,0,-0.00286801882953,-0.00451685847533,0,-0.0277329612817,-0.0225867367719,-90,-0.011583011583,-0.00549765164258,0,0,0,333,0,9,990,0.973684210526,1,0,0.0263157894737,1,0.973684210526,0.986666666667,0.982299486258,0.973684210526,0.973684210526,26,35,0,0,0,0
3839,WLNM_dir_neg,0.968979591837,0.696568434161,00:00:05,10,90,27,1241281862,threshold_sweep,0.5,1,0.742857142857,0.852459016393,26,0,9,70,0.742857142857,1,0,0.257142857143,1,0.742857142857,0.852459016393,0.914285714286,0.584126984127,0.793893129771,0.811312423239,0.742857142857,342,307,35,0,342,0,307,0,35,37,342,0.256756756757,1.72528881811,18.4864864865,15.5454545455,9.77142857143,5.36771015539,0.290358590277,0.142642642643,9.50849154237,1.02869645341,0.544491860281,8.05331334643,0.871264894205,0.461830251304,0.640599570326,0.371299902718,2,1.72528881811,0.640599570326,2,0.344071394247,0.376569037657,810,0.104247104247,0.56957682835,37,37,37,1,0,0.405405405405,0.540540540541,0.0540540540541,37,0.23048048048,1.73115663295,16.5945945946,13.9545454545,8.77142857143,4.53663764049,0.273380444134,0.134342811867,8.32621317442,1.00348497542,0.52680693723,7.31765317899,0.881932142094,0.474689673387,0.645637746901,0.372951663999,2,1.73115663295,0.645637746901,2,0.278549577525,0.305213825425,521,0.0670527670528,0.485133392419,37,37,37,1,0,0.405405405405,0.540540540541,0.0540540540541,37,333,0.25,1.72242079929,18,15.1363636364,9.51428571429,5.1854497287,0.288080540483,0.143494846198,9.14087280053,1.01565253339,0.538267997727,8.07946642903,0.897718492114,0.476909341774,0.636082711851,0.369295767976,2,1.72242079929,0.636082711851,2,0.316338432966,0.353982300885,720,0.0926640926641,0.564079176707,37,37,37,1,0,0.405405405405,0.540540540541,0.0540540540541,-9,-0.00675675675676,-0.00286801882953,-0.486486486486,-0.409090909091,-0.257142857143,-0.182260426692,-0.00227804979371,0.000852203554906,-0.36761874184,-0.0130439200221,-0.00622386255388,0.026153082593,0.0264535979093,0.0150790904703,-0.00451685847533,-0.00200413474127,0,-0.00286801882953,-0.00451685847533,0,-0.0277329612817,-0.0225867367719,-90,-0.011583011583,-0.00549765164258,0,0,0,333,0,9,990,0.973684210526,1,0,0.0263157894737,1,0.973684210526,0.986666666667,0.982299486258,0.973684210526,0.973684210526,26,35,0,0,0,0
3840,WLNM_dir_neg,0.968979591837,0.696568434161,00:00:05,10,90,27,1241281862,threshold_sweep,0.6,1,0.742857142857,0.852459016393,26,0,9,70,0.742857142857,1,0,0.257142857143,1,0.742857142857,0.852459016393,0.914285714286,0.584126984127,0.793893129771,0.811312423239,0.742857142857,342,307,35,0,342,0,307,0,35,37,342,0.256756756757,1.72528881811,18.4864864865,15.5454545455,9.77142857143,5.36771015539,0.290358590277,0.142642642643,9.50849154237,1.02869645341,0.544491860281,8.05331334643,0.871264894205,0.461830251304,0.640599570326,0.371299902718,2,1.72528881811,0.640599570326,2,0.344071394247,0.376569037657,810,0.104247104247,0.56957682835,37,37,37,1,0,0.405405405405,0.540540540541,0.0540540540541,37,0.23048048048,1.73115663295,16.5945945946,13.9545454545,8.77142857143,4.53663764049,0.273380444134,0.134342811867,8.32621317442,1.00348497542,0.52680693723,7.31765317899,0.881932142094,0.474689673387,0.645637746901,0.372951663999,2,1.73115663295,0.645637746901,2,0.278549577525,0.305213825425,521,0.0670527670528,0.485133392419,37,37,37,1,0,0.405405405405,0.540540540541,0.0540540540541,37,333,0.25,1.72242079929,18,15.1363636364,9.51428571429,5.1854497287,0.288080540483,0.143494846198,9.14087280053,1.01565253339,0.538267997727,8.07946642903,0.897718492114,0.476909341774,0.636082711851,0.369295767976,2,1.72242079929,0.636082711851,2,0.316338432966,0.353982300885,720,0.0926640926641,0.564079176707,37,37,37,1,0,0.405405405405,0.540540540541,0.0540540540541,-9,-0.00675675675676,-0.00286801882953,-0.486486486486,-0.409090909091,-0.257142857143,-0.182260426692,-0.00227804979371,0.000852203554906,-0.36761874184,-0.0130439200221,-0.00622386255388,0.026153082593,0.0264535979093,0.0150790904703,-0.00451685847533,-0.00200413474127,0,-0.00286801882953,-0.00451685847533,0,-0.0277329612817,-0.0225867367719,-90,-0.011583011583,-0.00549765164258,0,0,0,333,0,9,990,0.973684210526,1,0,0.0263157894737,1,0.973684210526,0.986666666667,0.982299486258,0.973684210526,0.973684210526,26,35,0,0,0,0
3841,WLNM_dir_neg,0.968979591837,0.696568434161,00:00:05,10,90,27,1241281862,threshold_sweep,0.7,1,0.742857142857,0.852459016393,26,0,9,70,0.742857142857,1,0,0.257142857143,1,0.742857142857,0.852459016393,0.914285714286,0.584126984127,0.793893129771,0.811312423239,0.742857142857,342,307,35,0,342,0,307,0,35,37,342,0.256756756757,1.72528881811,18.4864864865,15.5454545455,9.77142857143,5.36771015539,0.290358590277,0.142642642643,9.50849154237,1.02869645341,0.544491860281,8.05331334643,0.871264894205,0.461830251304,0.640599570326,0.371299902718,2,1.72528881811,0.640599570326,2,0.344071394247,0.376569037657,810,0.104247104247,0.56957682835,37,37,37,1,0,0.405405405405,0.540540540541,0.0540540540541,37,0.23048048048,1.73115663295,16.5945945946,13.9545454545,8.77142857143,4.53663764049,0.273380444134,0.134342811867,8.32621317442,1.00348497542,0.52680693723,7.31765317899,0.881932142094,0.474689673387,0.645637746901,0.372951663999,2,1.73115663295,0.645637746901,2,0.278549577525,0.305213825425,521,0.0670527670528,0.485133392419,37,37,37,1,0,0.405405405405,0.540540540541,0.0540540540541,37,333,0.25,1.72242079929,18,15.1363636364,9.51428571429,5.1854497287,0.288080540483,0.143494846198,9.14087280053,1.01565253339,0.538267997727,8.07946642903,0.897718492114,0.476909341774,0.636082711851,0.369295767976,2,1.72242079929,0.636082711851,2,0.316338432966,0.353982300885,720,0.0926640926641,0.564079176707,37,37,37,1,0,0.405405405405,0.540540540541,0.0540540540541,-9,-0.00675675675676,-0.00286801882953,-0.486486486486,-0.409090909091,-0.257142857143,-0.182260426692,-0.00227804979371,0.000852203554906,-0.36761874184,-0.0130439200221,-0.00622386255388,0.026153082593,0.0264535979093,0.0150790904703,-0.00451685847533,-0.00200413474127,0,-0.00286801882953,-0.00451685847533,0,-0.0277329612817,-0.0225867367719,-90,-0.011583011583,-0.00549765164258,0,0,0,333,0,9,990,0.973684210526,1,0,0.0263157894737,1,0.973684210526,0.986666666667,0.982299486258,0.973684210526,0.973684210526,26,35,0,0,0,0
3842,WLNM_dir_neg,0.968979591837,0.696568434161,00:00:05,10,90,27,1241281862,threshold_sweep,0.8,1,0.742857142857,0.852459016393,26,0,9,70,0.742857142857,1,0,0.257142857143,1,0.742857142857,0.852459016393,0.914285714286,0.584126984127,0.793893129771,0.811312423239,0.742857142857,342,307,35,0,342,0,307,0,35,37,342,0.256756756757,1.72528881811,18.4864864865,15.5454545455,9.77142857143,5.36771015539,0.290358590277,0.142642642643,9.50849154237,1.02869645341,0.544491860281,8.05331334643,0.871264894205,0.461830251304,0.640599570326,0.371299902718,2,1.72528881811,0.640599570326,2,0.344071394247,0.376569037657,810,0.104247104247,0.56957682835,37,37,37,1,0,0.405405405405,0.540540540541,0.0540540540541,37,0.23048048048,1.73115663295,16.5945945946,13.9545454545,8.77142857143,4.53663764049,0.273380444134,0.134342811867,8.32621317442,1.00348497542,0.52680693723,7.31765317899,0.881932142094,0.474689673387,0.645637746901,0.372951663999,2,1.73115663295,0.645637746901,2,0.278549577525,0.305213825425,521,0.0670527670528,0.485133392419,37,37,37,1,0,0.405405405405,0.540540540541,0.0540540540541,37,333,0.25,1.72242079929,18,15.1363636364,9.51428571429,5.1854497287,0.288080540483,0.143494846198,9.14087280053,1.01565253339,0.538267997727,8.07946642903,0.897718492114,0.476909341774,0.636082711851,0.369295767976,2,1.72242079929,0.636082711851,2,0.316338432966,0.353982300885,720,0.0926640926641,0.564079176707,37,37,37,1,0,0.405405405405,0.540540540541,0.0540540540541,-9,-0.00675675675676,-0.00286801882953,-0.486486486486,-0.409090909091,-0.257142857143,-0.182260426692,-0.00227804979371,0.000852203554906,-0.36761874184,-0.0130439200221,-0.00622386255388,0.026153082593,0.0264535979093,0.0150790904703,-0.00451685847533,-0.00200413474127,0,-0.00286801882953,-0.00451685847533,0,-0.0277329612817,-0.0225867367719,-90,-0.011583011583,-0.00549765164258,0,0,0,333,0,9,990,0.973684210526,1,0,0.0263157894737,1,0.973684210526,0.986666666667,0.982299486258,0.973684210526,0.973684210526,26,35,0,0,0,0
3843,WLNM_dir_neg,0.968979591837,0.696568434161,00:00:05,10,90,27,1241281862,threshold_sweep,0.9,1,0.742857142857,0.852459016393,26,0,9,70,0.742857142857,1,0,0.257142857143,1,0.742857142857,0.852459016393,0.914285714286,0.584126984127,0.793893129771,0.811312423239,0.742857142857,342,307,35,0,342,0,307,0,35,37,342,0.256756756757,1.72528881811,18.4864864865,15.5454545455,9.77142857143,5.36771015539,0.290358590277,0.142642642643,9.50849154237,1.02869645341,0.544491860281,8.05331334643,0.871264894205,0.461830251304,0.640599570326,0.371299902718,2,1.72528881811,0.640599570326,2,0.344071394247,0.376569037657,810,0.104247104247,0.56957682835,37,37,37,1,0,0.405405405405,0.540540540541,0.0540540540541,37,0.23048048048,1.73115663295,16.5945945946,13.9545454545,8.77142857143,4.53663764049,0.273380444134,0.134342811867,8.32621317442,1.00348497542,0.52680693723,7.31765317899,0.881932142094,0.474689673387,0.645637746901,0.372951663999,2,1.73115663295,0.645637746901,2,0.278549577525,0.305213825425,521,0.0670527670528,0.485133392419,37,37,37,1,0,0.405405405405,0.540540540541,0.0540540540541,37,333,0.25,1.72242079929,18,15.1363636364,9.51428571429,5.1854497287,0.288080540483,0.143494846198,9.14087280053,1.01565253339,0.538267997727,8.07946642903,0.897718492114,0.476909341774,0.636082711851,0.369295767976,2,1.72242079929,0.636082711851,2,0.316338432966,0.353982300885,720,0.0926640926641,0.564079176707,37,37,37,1,0,0.405405405405,0.540540540541,0.0540540540541,-9,-0.00675675675676,-0.00286801882953,-0.486486486486,-0.409090909091,-0.257142857143,-0.182260426692,-0.00227804979371,0.000852203554906,-0.36761874184,-0.0130439200221,-0.00622386255388,0.026153082593,0.0264535979093,0.0150790904703,-0.00451685847533,-0.00200413474127,0,-0.00286801882953,-0.00451685847533,0,-0.0277329612817,-0.0225867367719,-90,-0.011583011583,-0.00549765164258,0,0,0,333,0,9,990,0.973684210526,1,0,0.0263157894737,1,0.973684210526,0.986666666667,0.982299486258,0.973684210526,0.973684210526,26,35,0,0,0,0
3844,WLNM_dir_neg,0.988163265306,0.952088920675,00:00:05,10,90,28,1241281863,threshold_sweep,0.1,1,0.857142857143,0.923076923077,30,0,5,70,0.857142857143,1,0,0.142857142857,1,0.857142857143,0.923076923077,0.952380952381,0.571428571429,0.888888888889,0.894427191,0.857142857143,342,307,35,0,342,0,307,0,35,37,342,0.256756756757,1.72528881811,18.4864864865,15.5454545455,9.77142857143,5.36771015539,0.290358590277,0.142642642643,9.50849154237,1.02869645341,0.544491860281,8.05331334643,0.871264894205,0.461830251304,0.640599570326,0.371299902718,2,1.72528881811,0.640599570326,2,0.344071394247,0.376569037657,810,0.104247104247,0.56957682835,37,37,37,1,0,0.405405405405,0.540540540541,0.0540540540541,37,0.23048048048,1.73203177084,16.5945945946,13.9545454545,8.77142857143,4.46877723432,0.26929113627,0.131349590633,8.32287632194,1.00308281404,0.528567655603,7.2834090952,0.877805004959,0.471168236641,0.648736743858,0.374552450354,2,1.73203177084,0.648736743858,2,0.283477586418,0.294071610252,501,0.0644787644788,0.486253122422,37,37,37,1,0,0.405405405405,0.540540540541,0.0540540540541,37,337,0.253003003003,1.72287420024,18.2162162162,15.3181818182,9.62857142857,5.27644206268,0.289656315014,0.144598604539,9.31779594761,1.02302210701,0.542144518406,8.06151276052,0.885091905457,0.469003127757,0.638001785176,0.370312461053,2,1.72287420024,0.638001785176,2,0.337120670833,0.365292425695,762,0.0980694980695,0.566823855249,37,37,37,1,0,0.405405405405,0.540540540541,0.0540540540541,-5,-0.00375375375375,-0.00241461787387,-0.27027027027,-0.227272727273,-0.142857142857,-0.0912680927112,-0.000702275263417,0.00195596189661,-0.190695594763,-0.00567434640704,-0.00234734187569,0.00819941408335,0.0138270112525,0.0071728764529,-0.00259778514997,-0.00098744166467,0,-0.00241461787387,-0.00259778514997,0,-0.00695072341487,-0.0112766119618,-48,-0.00617760617761,-0.00275297310112,0,0,0,337,0,5,990,0.985380116959,1,0,0.0146198830409,1,0.985380116959,0.99263622975,0.990165874023,0.985380116959,0.985380116959,30,35,0,0,0,0
3845,WLNM_dir_neg,0.988163265306,0.952088920675,00:00:05,10,90,28,1241281863,threshold_sweep,0.2,1,0.857142857143,0.923076923077,30,0,5,70,0.857142857143,1,0,0.142857142857,1,0.857142857143,0.923076923077,0.952380952381,0.571428571429,0.888888888889,0.894427191,0.857142857143,342,307,35,0,342,0,307,0,35,37,342,0.256756756757,1.72528881811,18.4864864865,15.5454545455,9.77142857143,5.36771015539,0.290358590277,0.142642642643,9.50849154237,1.02869645341,0.544491860281,8.05331334643,0.871264894205,0.461830251304,0.640599570326,0.371299902718,2,1.72528881811,0.640599570326,2,0.344071394247,0.376569037657,810,0.104247104247,0.56957682835,37,37,37,1,0,0.405405405405,0.540540540541,0.0540540540541,37,0.23048048048,1.73203177084,16.5945945946,13.9545454545,8.77142857143,4.46877723432,0.26929113627,0.131349590633,8.32287632194,1.00308281404,0.528567655603,7.2834090952,0.877805004959,0.471168236641,0.648736743858,0.374552450354,2,1.73203177084,0.648736743858,2,0.283477586418,0.294071610252,501,0.0644787644788,0.486253122422,37,37,37,1,0,0.405405405405,0.540540540541,0.0540540540541,37,337,0.253003003003,1.72287420024,18.2162162162,15.3181818182,9.62857142857,5.27644206268,0.289656315014,0.144598604539,9.31779594761,1.02302210701,0.542144518406,8.06151276052,0.885091905457,0.469003127757,0.638001785176,0.370312461053,2,1.72287420024,0.638001785176,2,0.337120670833,0.365292425695,762,0.0980694980695,0.566823855249,37,37,37,1,0,0.405405405405,0.540540540541,0.0540540540541,-5,-0.00375375375375,-0.00241461787387,-0.27027027027,-0.227272727273,-0.142857142857,-0.0912680927112,-0.000702275263417,0.00195596189661,-0.190695594763,-0.00567434640704,-0.00234734187569,0.00819941408335,0.0138270112525,0.0071728764529,-0.00259778514997,-0.00098744166467,0,-0.00241461787387,-0.00259778514997,0,-0.00695072341487,-0.0112766119618,-48,-0.00617760617761,-0.00275297310112,0,0,0,337,0,5,990,0.985380116959,1,0,0.0146198830409,1,0.985380116959,0.99263622975,0.990165874023,0.985380116959,0.985380116959,30,35,0,0,0,0
3846,WLNM_dir_neg,0.988163265306,0.952088920675,00:00:05,10,90,28,1241281863,threshold_sweep,0.3,1,0.857142857143,0.923076923077,30,0,5,70,0.857142857143,1,0,0.142857142857,1,0.857142857143,0.923076923077,0.952380952381,0.571428571429,0.888888888889,0.894427191,0.857142857143,342,307,35,0,342,0,307,0,35,37,342,0.256756756757,1.72528881811,18.4864864865,15.5454545455,9.77142857143,5.36771015539,0.290358590277,0.142642642643,9.50849154237,1.02869645341,0.544491860281,8.05331334643,0.871264894205,0.461830251304,0.640599570326,0.371299902718,2,1.72528881811,0.640599570326,2,0.344071394247,0.376569037657,810,0.104247104247,0.56957682835,37,37,37,1,0,0.405405405405,0.540540540541,0.0540540540541,37,0.23048048048,1.73203177084,16.5945945946,13.9545454545,8.77142857143,4.46877723432,0.26929113627,0.131349590633,8.32287632194,1.00308281404,0.528567655603,7.2834090952,0.877805004959,0.471168236641,0.648736743858,0.374552450354,2,1.73203177084,0.648736743858,2,0.283477586418,0.294071610252,501,0.0644787644788,0.486253122422,37,37,37,1,0,0.405405405405,0.540540540541,0.0540540540541,37,337,0.253003003003,1.72287420024,18.2162162162,15.3181818182,9.62857142857,5.27644206268,0.289656315014,0.144598604539,9.31779594761,1.02302210701,0.542144518406,8.06151276052,0.885091905457,0.469003127757,0.638001785176,0.370312461053,2,1.72287420024,0.638001785176,2,0.337120670833,0.365292425695,762,0.0980694980695,0.566823855249,37,37,37,1,0,0.405405405405,0.540540540541,0.0540540540541,-5,-0.00375375375375,-0.00241461787387,-0.27027027027,-0.227272727273,-0.142857142857,-0.0912680927112,-0.000702275263417,0.00195596189661,-0.190695594763,-0.00567434640704,-0.00234734187569,0.00819941408335,0.0138270112525,0.0071728764529,-0.00259778514997,-0.00098744166467,0,-0.00241461787387,-0.00259778514997,0,-0.00695072341487,-0.0112766119618,-48,-0.00617760617761,-0.00275297310112,0,0,0,337,0,5,990,0.985380116959,1,0,0.0146198830409,1,0.985380116959,0.99263622975,0.990165874023,0.985380116959,0.985380116959,30,35,0,0,0,0
3847,WLNM_dir_neg,0.988163265306,0.952088920675,00:00:05,10,90,28,1241281863,threshold_sweep,0.4,1,0.857142857143,0.923076923077,30,0,5,70,0.857142857143,1,0,0.142857142857,1,0.857142857143,0.923076923077,0.952380952381,0.571428571429,0.888888888889,0.894427191,0.857142857143,342,307,35,0,342,0,307,0,35,37,342,0.256756756757,1.72528881811,18.4864864865,15.5454545455,9.77142857143,5.36771015539,0.290358590277,0.142642642643,9.50849154237,1.02869645341,0.544491860281,8.05331334643,0.871264894205,0.461830251304,0.640599570326,0.371299902718,2,1.72528881811,0.640599570326,2,0.344071394247,0.376569037657,810,0.104247104247,0.56957682835,37,37,37,1,0,0.405405405405,0.540540540541,0.0540540540541,37,0.23048048048,1.73203177084,16.5945945946,13.9545454545,8.77142857143,4.46877723432,0.26929113627,0.131349590633,8.32287632194,1.00308281404,0.528567655603,7.2834090952,0.877805004959,0.471168236641,0.648736743858,0.374552450354,2,1.73203177084,0.648736743858,2,0.283477586418,0.294071610252,501,0.0644787644788,0.486253122422,37,37,37,1,0,0.405405405405,0.540540540541,0.0540540540541,37,337,0.253003003003,1.72287420024,18.2162162162,15.3181818182,9.62857142857,5.27644206268,0.289656315014,0.144598604539,9.31779594761,1.02302210701,0.542144518406,8.06151276052,0.885091905457,0.469003127757,0.638001785176,0.370312461053,2,1.72287420024,0.638001785176,2,0.337120670833,0.365292425695,762,0.0980694980695,0.566823855249,37,37,37,1,0,0.405405405405,0.540540540541,0.0540540540541,-5,-0.00375375375375,-0.00241461787387,-0.27027027027,-0.227272727273,-0.142857142857,-0.0912680927112,-0.000702275263417,0.00195596189661,-0.190695594763,-0.00567434640704,-0.00234734187569,0.00819941408335,0.0138270112525,0.0071728764529,-0.00259778514997,-0.00098744166467,0,-0.00241461787387,-0.00259778514997,0,-0.00695072341487,-0.0112766119618,-48,-0.00617760617761,-0.00275297310112,0,0,0,337,0,5,990,0.985380116959,1,0,0.0146198830409,1,0.985380116959,0.99263622975,0.990165874023,0.985380116959,0.985380116959,30,35,0,0,0,0
3848,WLNM_dir_neg,0.988163265306,0.952088920675,00:00:05,10,90,28,1241281863,threshold_sweep,0.5,1,0.857142857143,0.923076923077,30,0,5,70,0.857142857143,1,0,0.142857142857,1,0.857142857143,0.923076923077,0.952380952381,0.571428571429,0.888888888889,0.894427191,0.857142857143,342,307,35,0,342,0,307,0,35,37,342,0.256756756757,1.72528881811,18.4864864865,15.5454545455,9.77142857143,5.36771015539,0.290358590277,0.142642642643,9.50849154237,1.02869645341,0.544491860281,8.05331334643,0.871264894205,0.461830251304,0.640599570326,0.371299902718,2,1.72528881811,0.640599570326,2,0.344071394247,0.376569037657,810,0.104247104247,0.56957682835,37,37,37,1,0,0.405405405405,0.540540540541,0.0540540540541,37,0.23048048048,1.73203177084,16.5945945946,13.9545454545,8.77142857143,4.46877723432,0.26929113627,0.131349590633,8.32287632194,1.00308281404,0.528567655603,7.2834090952,0.877805004959,0.471168236641,0.648736743858,0.374552450354,2,1.73203177084,0.648736743858,2,0.283477586418,0.294071610252,501,0.0644787644788,0.486253122422,37,37,37,1,0,0.405405405405,0.540540540541,0.0540540540541,37,337,0.253003003003,1.72287420024,18.2162162162,15.3181818182,9.62857142857,5.27644206268,0.289656315014,0.144598604539,9.31779594761,1.02302210701,0.542144518406,8.06151276052,0.885091905457,0.469003127757,0.638001785176,0.370312461053,2,1.72287420024,0.638001785176,2,0.337120670833,0.365292425695,762,0.0980694980695,0.566823855249,37,37,37,1,0,0.405405405405,0.540540540541,0.0540540540541,-5,-0.00375375375375,-0.00241461787387,-0.27027027027,-0.227272727273,-0.142857142857,-0.0912680927112,-0.000702275263417,0.00195596189661,-0.190695594763,-0.00567434640704,-0.00234734187569,0.00819941408335,0.0138270112525,0.0071728764529,-0.00259778514997,-0.00098744166467,0,-0.00241461787387,-0.00259778514997,0,-0.00695072341487,-0.0112766119618,-48,-0.00617760617761,-0.00275297310112,0,0,0,337,0,5,990,0.985380116959,1,0,0.0146198830409,1,0.985380116959,0.99263622975,0.990165874023,0.985380116959,0.985380116959,30,35,0,0,0,0
3849,WLNM_dir_neg,0.988163265306,0.952088920675,00:00:05,10,90,28,1241281863,threshold_sweep,0.6,1,0.857142857143,0.923076923077,30,0,5,70,0.857142857143,1,0,0.142857142857,1,0.857142857143,0.923076923077,0.952380952381,0.571428571429,0.888888888889,0.894427191,0.857142857143,342,307,35,0,342,0,307,0,35,37,342,0.256756756757,1.72528881811,18.4864864865,15.5454545455,9.77142857143,5.36771015539,0.290358590277,0.142642642643,9.50849154237,1.02869645341,0.544491860281,8.05331334643,0.871264894205,0.461830251304,0.640599570326,0.371299902718,2,1.72528881811,0.640599570326,2,0.344071394247,0.376569037657,810,0.104247104247,0.56957682835,37,37,37,1,0,0.405405405405,0.540540540541,0.0540540540541,37,0.23048048048,1.73203177084,16.5945945946,13.9545454545,8.77142857143,4.46877723432,0.26929113627,0.131349590633,8.32287632194,1.00308281404,0.528567655603,7.2834090952,0.877805004959,0.471168236641,0.648736743858,0.374552450354,2,1.73203177084,0.648736743858,2,0.283477586418,0.294071610252,501,0.0644787644788,0.486253122422,37,37,37,1,0,0.405405405405,0.540540540541,0.0540540540541,37,337,0.253003003003,1.72287420024,18.2162162162,15.3181818182,9.62857142857,5.27644206268,0.289656315014,0.144598604539,9.31779594761,1.02302210701,0.542144518406,8.06151276052,0.885091905457,0.469003127757,0.638001785176,0.370312461053,2,1.72287420024,0.638001785176,2,0.337120670833,0.365292425695,762,0.0980694980695,0.566823855249,37,37,37,1,0,0.405405405405,0.540540540541,0.0540540540541,-5,-0.00375375375375,-0.00241461787387,-0.27027027027,-0.227272727273,-0.142857142857,-0.0912680927112,-0.000702275263417,0.00195596189661,-0.190695594763,-0.00567434640704,-0.00234734187569,0.00819941408335,0.0138270112525,0.0071728764529,-0.00259778514997,-0.00098744166467,0,-0.00241461787387,-0.00259778514997,0,-0.00695072341487,-0.0112766119618,-48,-0.00617760617761,-0.00275297310112,0,0,0,337,0,5,990,0.985380116959,1,0,0.0146198830409,1,0.985380116959,0.99263622975,0.990165874023,0.985380116959,0.985380116959,30,35,0,0,0,0
3850,WLNM_dir_neg,0.988163265306,0.952088920675,00:00:05,10,90,28,1241281863,threshold_sweep,0.7,1,0.857142857143,0.923076923077,30,0,5,70,0.857142857143,1,0,0.142857142857,1,0.857142857143,0.923076923077,0.952380952381,0.571428571429,0.888888888889,0.894427191,0.857142857143,342,307,35,0,342,0,307,0,35,37,342,0.256756756757,1.72528881811,18.4864864865,15.5454545455,9.77142857143,5.36771015539,0.290358590277,0.142642642643,9.50849154237,1.02869645341,0.544491860281,8.05331334643,0.871264894205,0.461830251304,0.640599570326,0.371299902718,2,1.72528881811,0.640599570326,2,0.344071394247,0.376569037657,810,0.104247104247,0.56957682835,37,37,37,1,0,0.405405405405,0.540540540541,0.0540540540541,37,0.23048048048,1.73203177084,16.5945945946,13.9545454545,8.77142857143,4.46877723432,0.26929113627,0.131349590633,8.32287632194,1.00308281404,0.528567655603,7.2834090952,0.877805004959,0.471168236641,0.648736743858,0.374552450354,2,1.73203177084,0.648736743858,2,0.283477586418,0.294071610252,501,0.0644787644788,0.486253122422,37,37,37,1,0,0.405405405405,0.540540540541,0.0540540540541,37,337,0.253003003003,1.72287420024,18.2162162162,15.3181818182,9.62857142857,5.27644206268,0.289656315014,0.144598604539,9.31779594761,1.02302210701,0.542144518406,8.06151276052,0.885091905457,0.469003127757,0.638001785176,0.370312461053,2,1.72287420024,0.638001785176,2,0.337120670833,0.365292425695,762,0.0980694980695,0.566823855249,37,37,37,1,0,0.405405405405,0.540540540541,0.0540540540541,-5,-0.00375375375375,-0.00241461787387,-0.27027027027,-0.227272727273,-0.142857142857,-0.0912680927112,-0.000702275263417,0.00195596189661,-0.190695594763,-0.00567434640704,-0.00234734187569,0.00819941408335,0.0138270112525,0.0071728764529,-0.00259778514997,-0.00098744166467,0,-0.00241461787387,-0.00259778514997,0,-0.00695072341487,-0.0112766119618,-48,-0.00617760617761,-0.00275297310112,0,0,0,337,0,5,990,0.985380116959,1,0,0.0146198830409,1,0.985380116959,0.99263622975,0.990165874023,0.985380116959,0.985380116959,30,35,0,0,0,0
3851,WLNM_dir_neg,0.988163265306,0.952088920675,00:00:05,10,90,28,1241281863,threshold_sweep,0.8,1,0.857142857143,0.923076923077,30,0,5,70,0.857142857143,1,0,0.142857142857,1,0.857142857143,0.923076923077,0.952380952381,0.571428571429,0.888888888889,0.894427191,0.857142857143,342,307,35,0,342,0,307,0,35,37,342,0.256756756757,1.72528881811,18.4864864865,15.5454545455,9.77142857143,5.36771015539,0.290358590277,0.142642642643,9.50849154237,1.02869645341,0.544491860281,8.05331334643,0.871264894205,0.461830251304,0.640599570326,0.371299902718,2,1.72528881811,0.640599570326,2,0.344071394247,0.376569037657,810,0.104247104247,0.56957682835,37,37,37,1,0,0.405405405405,0.540540540541,0.0540540540541,37,0.23048048048,1.73203177084,16.5945945946,13.9545454545,8.77142857143,4.46877723432,0.26929113627,0.131349590633,8.32287632194,1.00308281404,0.528567655603,7.2834090952,0.877805004959,0.471168236641,0.648736743858,0.374552450354,2,1.73203177084,0.648736743858,2,0.283477586418,0.294071610252,501,0.0644787644788,0.486253122422,37,37,37,1,0,0.405405405405,0.540540540541,0.0540540540541,37,337,0.253003003003,1.72287420024,18.2162162162,15.3181818182,9.62857142857,5.27644206268,0.289656315014,0.144598604539,9.31779594761,1.02302210701,0.542144518406,8.06151276052,0.885091905457,0.469003127757,0.638001785176,0.370312461053,2,1.72287420024,0.638001785176,2,0.337120670833,0.365292425695,762,0.0980694980695,0.566823855249,37,37,37,1,0,0.405405405405,0.540540540541,0.0540540540541,-5,-0.00375375375375,-0.00241461787387,-0.27027027027,-0.227272727273,-0.142857142857,-0.0912680927112,-0.000702275263417,0.00195596189661,-0.190695594763,-0.00567434640704,-0.00234734187569,0.00819941408335,0.0138270112525,0.0071728764529,-0.00259778514997,-0.00098744166467,0,-0.00241461787387,-0.00259778514997,0,-0.00695072341487,-0.0112766119618,-48,-0.00617760617761,-0.00275297310112,0,0,0,337,0,5,990,0.985380116959,1,0,0.0146198830409,1,0.985380116959,0.99263622975,0.990165874023,0.985380116959,0.985380116959,30,35,0,0,0,0
3852,WLNM_dir_neg,0.988163265306,0.952088920675,00:00:05,10,90,28,1241281863,threshold_sweep,0.9,1,0.857142857143,0.923076923077,30,0,5,70,0.857142857143,1,0,0.142857142857,1,0.857142857143,0.923076923077,0.952380952381,0.571428571429,0.888888888889,0.894427191,0.857142857143,342,307,35,0,342,0,307,0,35,37,342,0.256756756757,1.72528881811,18.4864864865,15.5454545455,9.77142857143,5.36771015539,0.290358590277,0.142642642643,9.50849154237,1.02869645341,0.544491860281,8.05331334643,0.871264894205,0.461830251304,0.640599570326,0.371299902718,2,1.72528881811,0.640599570326,2,0.344071394247,0.376569037657,810,0.104247104247,0.56957682835,37,37,37,1,0,0.405405405405,0.540540540541,0.0540540540541,37,0.23048048048,1.73203177084,16.5945945946,13.9545454545,8.77142857143,4.46877723432,0.26929113627,0.131349590633,8.32287632194,1.00308281404,0.528567655603,7.2834090952,0.877805004959,0.471168236641,0.648736743858,0.374552450354,2,1.73203177084,0.648736743858,2,0.283477586418,0.294071610252,501,0.0644787644788,0.486253122422,37,37,37,1,0,0.405405405405,0.540540540541,0.0540540540541,37,337,0.253003003003,1.72287420024,18.2162162162,15.3181818182,9.62857142857,5.27644206268,0.289656315014,0.144598604539,9.31779594761,1.02302210701,0.542144518406,8.06151276052,0.885091905457,0.469003127757,0.638001785176,0.370312461053,2,1.72287420024,0.638001785176,2,0.337120670833,0.365292425695,762,0.0980694980695,0.566823855249,37,37,37,1,0,0.405405405405,0.540540540541,0.0540540540541,-5,-0.00375375375375,-0.00241461787387,-0.27027027027,-0.227272727273,-0.142857142857,-0.0912680927112,-0.000702275263417,0.00195596189661,-0.190695594763,-0.00567434640704,-0.00234734187569,0.00819941408335,0.0138270112525,0.0071728764529,-0.00259778514997,-0.00098744166467,0,-0.00241461787387,-0.00259778514997,0,-0.00695072341487,-0.0112766119618,-48,-0.00617760617761,-0.00275297310112,0,0,0,337,0,5,990,0.985380116959,1,0,0.0146198830409,1,0.985380116959,0.99263622975,0.990165874023,0.985380116959,0.985380116959,30,35,0,0,0,0
3853,WLNM_dir_neg,0.97387755102,0.931927547621,00:00:05,10,90,29,1241281864,threshold_sweep,0.1,1,0.828571428571,0.90625,29,0,6,70,0.828571428571,1,0,0.171428571429,1,0.828571428571,0.90625,0.942857142857,0.574603174603,0.865671641791,0.873589088037,0.828571428571,342,307,35,0,342,0,307,0,35,37,342,0.256756756757,1.72528881811,18.4864864865,15.5454545455,9.77142857143,5.36771015539,0.290358590277,0.142642642643,9.50849154237,1.02869645341,0.544491860281,8.05331334643,0.871264894205,0.461830251304,0.640599570326,0.371299902718,2,1.72528881811,0.640599570326,2,0.344071394247,0.376569037657,810,0.104247104247,0.56957682835,37,37,37,1,0,0.405405405405,0.540540540541,0.0540540540541,37,0.23048048048,1.72993298943,16.5945945946,13.9545454545,8.77142857143,4.46255693683,0.268916297496,0.131437626552,8.2726620224,0.997030927782,0.519587991901,7.36306422047,0.887405134063,0.476978607272,0.645315899679,0.373029419997,2,1.72993298943,0.645315899679,2,0.27870959744,0.299647473561,510,0.0656370656371,0.491152888228,37,37,37,1,0,0.405405405405,0.540540540541,0.0540540540541,37,336,0.252252252252,1.72212532529,18.1621621622,15.2727272727,9.6,5.1451893039,0.283291672983,0.13972007722,9.28073984832,1.0219862333,0.540540540541,8.08076721598,0.889846389855,0.472329472329,0.63650750997,0.369605800822,2,1.72212532529,0.63650750997,2,0.320942908979,0.352314889498,728,0.0936936936937,0.566975068242,37,37,37,1,0,0.405405405405,0.540540540541,0.0540540540541,-6,-0.0045045045045,-0.00316349282202,-0.324324324324,-0.272727272727,-0.171428571429,-0.222520851493,-0.0070669172945,-0.00292256542257,-0.227751694058,-0.00671022011804,-0.00395131974079,0.0274538695421,0.0185814956497,0.0104992210255,-0.00409206035595,-0.00169410189609,0,-0.00316349282202,-0.00409206035595,0,-0.0231284852683,-0.0242541481586,-82,-0.0105534105534,-0.00260176010768,0,0,0,336,0,6,990,0.982456140351,1,0,0.0175438596491,1,0.982456140351,0.991150442478,0.988199235917,0.982456140351,0.982456140351,29,35,0,0,0,0
3854,WLNM_dir_neg,0.97387755102,0.931927547621,00:00:05,10,90,29,1241281864,threshold_sweep,0.2,1,0.828571428571,0.90625,29,0,6,70,0.828571428571,1,0,0.171428571429,1,0.828571428571,0.90625,0.942857142857,0.574603174603,0.865671641791,0.873589088037,0.828571428571,342,307,35,0,342,0,307,0,35,37,342,0.256756756757,1.72528881811,18.4864864865,15.5454545455,9.77142857143,5.36771015539,0.290358590277,0.142642642643,9.50849154237,1.02869645341,0.544491860281,8.05331334643,0.871264894205,0.461830251304,0.640599570326,0.371299902718,2,1.72528881811,0.640599570326,2,0.344071394247,0.376569037657,810,0.104247104247,0.56957682835,37,37,37,1,0,0.405405405405,0.540540540541,0.0540540540541,37,0.23048048048,1.72993298943,16.5945945946,13.9545454545,8.77142857143,4.46255693683,0.268916297496,0.131437626552,8.2726620224,0.997030927782,0.519587991901,7.36306422047,0.887405134063,0.476978607272,0.645315899679,0.373029419997,2,1.72993298943,0.645315899679,2,0.27870959744,0.299647473561,510,0.0656370656371,0.491152888228,37,37,37,1,0,0.405405405405,0.540540540541,0.0540540540541,37,336,0.252252252252,1.72212532529,18.1621621622,15.2727272727,9.6,5.1451893039,0.283291672983,0.13972007722,9.28073984832,1.0219862333,0.540540540541,8.08076721598,0.889846389855,0.472329472329,0.63650750997,0.369605800822,2,1.72212532529,0.63650750997,2,0.320942908979,0.352314889498,728,0.0936936936937,0.566975068242,37,37,37,1,0,0.405405405405,0.540540540541,0.0540540540541,-6,-0.0045045045045,-0.00316349282202,-0.324324324324,-0.272727272727,-0.171428571429,-0.222520851493,-0.0070669172945,-0.00292256542257,-0.227751694058,-0.00671022011804,-0.00395131974079,0.0274538695421,0.0185814956497,0.0104992210255,-0.00409206035595,-0.00169410189609,0,-0.00316349282202,-0.00409206035595,0,-0.0231284852683,-0.0242541481586,-82,-0.0105534105534,-0.00260176010768,0,0,0,336,0,6,990,0.982456140351,1,0,0.0175438596491,1,0.982456140351,0.991150442478,0.988199235917,0.982456140351,0.982456140351,29,35,0,0,0,0
3855,WLNM_dir_neg,0.97387755102,0.931927547621,00:00:05,10,90,29,1241281864,threshold_sweep,0.3,1,0.828571428571,0.90625,29,0,6,70,0.828571428571,1,0,0.171428571429,1,0.828571428571,0.90625,0.942857142857,0.574603174603,0.865671641791,0.873589088037,0.828571428571,342,307,35,0,342,0,307,0,35,37,342,0.256756756757,1.72528881811,18.4864864865,15.5454545455,9.77142857143,5.36771015539,0.290358590277,0.142642642643,9.50849154237,1.02869645341,0.544491860281,8.05331334643,0.871264894205,0.461830251304,0.640599570326,0.371299902718,2,1.72528881811,0.640599570326,2,0.344071394247,0.376569037657,810,0.104247104247,0.56957682835,37,37,37,1,0,0.405405405405,0.540540540541,0.0540540540541,37,0.23048048048,1.72993298943,16.5945945946,13.9545454545,8.77142857143,4.46255693683,0.268916297496,0.131437626552,8.2726620224,0.997030927782,0.519587991901,7.36306422047,0.887405134063,0.476978607272,0.645315899679,0.373029419997,2,1.72993298943,0.645315899679,2,0.27870959744,0.299647473561,510,0.0656370656371,0.491152888228,37,37,37,1,0,0.405405405405,0.540540540541,0.0540540540541,37,336,0.252252252252,1.72212532529,18.1621621622,15.2727272727,9.6,5.1451893039,0.283291672983,0.13972007722,9.28073984832,1.0219862333,0.540540540541,8.08076721598,0.889846389855,0.472329472329,0.63650750997,0.369605800822,2,1.72212532529,0.63650750997,2,0.320942908979,0.352314889498,728,0.0936936936937,0.566975068242,37,37,37,1,0,0.405405405405,0.540540540541,0.0540540540541,-6,-0.0045045045045,-0.00316349282202,-0.324324324324,-0.272727272727,-0.171428571429,-0.222520851493,-0.0070669172945,-0.00292256542257,-0.227751694058,-0.00671022011804,-0.00395131974079,0.0274538695421,0.0185814956497,0.0104992210255,-0.00409206035595,-0.00169410189609,0,-0.00316349282202,-0.00409206035595,0,-0.0231284852683,-0.0242541481586,-82,-0.0105534105534,-0.00260176010768,0,0,0,336,0,6,990,0.982456140351,1,0,0.0175438596491,1,0.982456140351,0.991150442478,0.988199235917,0.982456140351,0.982456140351,29,35,0,0,0,0
3856,WLNM_dir_neg,0.97387755102,0.931927547621,00:00:05,10,90,29,1241281864,threshold_sweep,0.4,1,0.828571428571,0.90625,29,0,6,70,0.828571428571,1,0,0.171428571429,1,0.828571428571,0.90625,0.942857142857,0.574603174603,0.865671641791,0.873589088037,0.828571428571,342,307,35,0,342,0,307,0,35,37,342,0.256756756757,1.72528881811,18.4864864865,15.5454545455,9.77142857143,5.36771015539,0.290358590277,0.142642642643,9.50849154237,1.02869645341,0.544491860281,8.05331334643,0.871264894205,0.461830251304,0.640599570326,0.371299902718,2,1.72528881811,0.640599570326,2,0.344071394247,0.376569037657,810,0.104247104247,0.56957682835,37,37,37,1,0,0.405405405405,0.540540540541,0.0540540540541,37,0.23048048048,1.72993298943,16.5945945946,13.9545454545,8.77142857143,4.46255693683,0.268916297496,0.131437626552,8.2726620224,0.997030927782,0.519587991901,7.36306422047,0.887405134063,0.476978607272,0.645315899679,0.373029419997,2,1.72993298943,0.645315899679,2,0.27870959744,0.299647473561,510,0.0656370656371,0.491152888228,37,37,37,1,0,0.405405405405,0.540540540541,0.0540540540541,37,336,0.252252252252,1.72212532529,18.1621621622,15.2727272727,9.6,5.1451893039,0.283291672983,0.13972007722,9.28073984832,1.0219862333,0.540540540541,8.08076721598,0.889846389855,0.472329472329,0.63650750997,0.369605800822,2,1.72212532529,0.63650750997,2,0.320942908979,0.352314889498,728,0.0936936936937,0.566975068242,37,37,37,1,0,0.405405405405,0.540540540541,0.0540540540541,-6,-0.0045045045045,-0.00316349282202,-0.324324324324,-0.272727272727,-0.171428571429,-0.222520851493,-0.0070669172945,-0.00292256542257,-0.227751694058,-0.00671022011804,-0.00395131974079,0.0274538695421,0.0185814956497,0.0104992210255,-0.00409206035595,-0.00169410189609,0,-0.00316349282202,-0.00409206035595,0,-0.0231284852683,-0.0242541481586,-82,-0.0105534105534,-0.00260176010768,0,0,0,336,0,6,990,0.982456140351,1,0,0.0175438596491,1,0.982456140351,0.991150442478,0.988199235917,0.982456140351,0.982456140351,29,35,0,0,0,0
3857,WLNM_dir_neg,0.97387755102,0.931927547621,00:00:05,10,90,29,1241281864,threshold_sweep,0.5,1,0.828571428571,0.90625,29,0,6,70,0.828571428571,1,0,0.171428571429,1,0.828571428571,0.90625,0.942857142857,0.574603174603,0.865671641791,0.873589088037,0.828571428571,342,307,35,0,342,0,307,0,35,37,342,0.256756756757,1.72528881811,18.4864864865,15.5454545455,9.77142857143,5.36771015539,0.290358590277,0.142642642643,9.50849154237,1.02869645341,0.544491860281,8.05331334643,0.871264894205,0.461830251304,0.640599570326,0.371299902718,2,1.72528881811,0.640599570326,2,0.344071394247,0.376569037657,810,0.104247104247,0.56957682835,37,37,37,1,0,0.405405405405,0.540540540541,0.0540540540541,37,0.23048048048,1.72993298943,16.5945945946,13.9545454545,8.77142857143,4.46255693683,0.268916297496,0.131437626552,8.2726620224,0.997030927782,0.519587991901,7.36306422047,0.887405134063,0.476978607272,0.645315899679,0.373029419997,2,1.72993298943,0.645315899679,2,0.27870959744,0.299647473561,510,0.0656370656371,0.491152888228,37,37,37,1,0,0.405405405405,0.540540540541,0.0540540540541,37,336,0.252252252252,1.72212532529,18.1621621622,15.2727272727,9.6,5.1451893039,0.283291672983,0.13972007722,9.28073984832,1.0219862333,0.540540540541,8.08076721598,0.889846389855,0.472329472329,0.63650750997,0.369605800822,2,1.72212532529,0.63650750997,2,0.320942908979,0.352314889498,728,0.0936936936937,0.566975068242,37,37,37,1,0,0.405405405405,0.540540540541,0.0540540540541,-6,-0.0045045045045,-0.00316349282202,-0.324324324324,-0.272727272727,-0.171428571429,-0.222520851493,-0.0070669172945,-0.00292256542257,-0.227751694058,-0.00671022011804,-0.00395131974079,0.0274538695421,0.0185814956497,0.0104992210255,-0.00409206035595,-0.00169410189609,0,-0.00316349282202,-0.00409206035595,0,-0.0231284852683,-0.0242541481586,-82,-0.0105534105534,-0.00260176010768,0,0,0,336,0,6,990,0.982456140351,1,0,0.0175438596491,1,0.982456140351,0.991150442478,0.988199235917,0.982456140351,0.982456140351,29,35,0,0,0,0
3858,WLNM_dir_neg,0.97387755102,0.931927547621,00:00:05,10,90,29,1241281864,threshold_sweep,0.6,1,0.828571428571,0.90625,29,0,6,70,0.828571428571,1,0,0.171428571429,1,0.828571428571,0.90625,0.942857142857,0.574603174603,0.865671641791,0.873589088037,0.828571428571,342,307,35,0,342,0,307,0,35,37,342,0.256756756757,1.72528881811,18.4864864865,15.5454545455,9.77142857143,5.36771015539,0.290358590277,0.142642642643,9.50849154237,1.02869645341,0.544491860281,8.05331334643,0.871264894205,0.461830251304,0.640599570326,0.371299902718,2,1.72528881811,0.640599570326,2,0.344071394247,0.376569037657,810,0.104247104247,0.56957682835,37,37,37,1,0,0.405405405405,0.540540540541,0.0540540540541,37,0.23048048048,1.72993298943,16.5945945946,13.9545454545,8.77142857143,4.46255693683,0.268916297496,0.131437626552,8.2726620224,0.997030927782,0.519587991901,7.36306422047,0.887405134063,0.476978607272,0.645315899679,0.373029419997,2,1.72993298943,0.645315899679,2,0.27870959744,0.299647473561,510,0.0656370656371,0.491152888228,37,37,37,1,0,0.405405405405,0.540540540541,0.0540540540541,37,336,0.252252252252,1.72212532529,18.1621621622,15.2727272727,9.6,5.1451893039,0.283291672983,0.13972007722,9.28073984832,1.0219862333,0.540540540541,8.08076721598,0.889846389855,0.472329472329,0.63650750997,0.369605800822,2,1.72212532529,0.63650750997,2,0.320942908979,0.352314889498,728,0.0936936936937,0.566975068242,37,37,37,1,0,0.405405405405,0.540540540541,0.0540540540541,-6,-0.0045045045045,-0.00316349282202,-0.324324324324,-0.272727272727,-0.171428571429,-0.222520851493,-0.0070669172945,-0.00292256542257,-0.227751694058,-0.00671022011804,-0.00395131974079,0.0274538695421,0.0185814956497,0.0104992210255,-0.00409206035595,-0.00169410189609,0,-0.00316349282202,-0.00409206035595,0,-0.0231284852683,-0.0242541481586,-82,-0.0105534105534,-0.00260176010768,0,0,0,336,0,6,990,0.982456140351,1,0,0.0175438596491,1,0.982456140351,0.991150442478,0.988199235917,0.982456140351,0.982456140351,29,35,0,0,0,0
3859,WLNM_dir_neg,0.97387755102,0.931927547621,00:00:05,10,90,29,1241281864,threshold_sweep,0.7,1,0.828571428571,0.90625,29,0,6,70,0.828571428571,1,0,0.171428571429,1,0.828571428571,0.90625,0.942857142857,0.574603174603,0.865671641791,0.873589088037,0.828571428571,342,307,35,0,342,0,307,0,35,37,342,0.256756756757,1.72528881811,18.4864864865,15.5454545455,9.77142857143,5.36771015539,0.290358590277,0.142642642643,9.50849154237,1.02869645341,0.544491860281,8.05331334643,0.871264894205,0.461830251304,0.640599570326,0.371299902718,2,1.72528881811,0.640599570326,2,0.344071394247,0.376569037657,810,0.104247104247,0.56957682835,37,37,37,1,0,0.405405405405,0.540540540541,0.0540540540541,37,0.23048048048,1.72993298943,16.5945945946,13.9545454545,8.77142857143,4.46255693683,0.268916297496,0.131437626552,8.2726620224,0.997030927782,0.519587991901,7.36306422047,0.887405134063,0.476978607272,0.645315899679,0.373029419997,2,1.72993298943,0.645315899679,2,0.27870959744,0.299647473561,510,0.0656370656371,0.491152888228,37,37,37,1,0,0.405405405405,0.540540540541,0.0540540540541,37,336,0.252252252252,1.72212532529,18.1621621622,15.2727272727,9.6,5.1451893039,0.283291672983,0.13972007722,9.28073984832,1.0219862333,0.540540540541,8.08076721598,0.889846389855,0.472329472329,0.63650750997,0.369605800822,2,1.72212532529,0.63650750997,2,0.320942908979,0.352314889498,728,0.0936936936937,0.566975068242,37,37,37,1,0,0.405405405405,0.540540540541,0.0540540540541,-6,-0.0045045045045,-0.00316349282202,-0.324324324324,-0.272727272727,-0.171428571429,-0.222520851493,-0.0070669172945,-0.00292256542257,-0.227751694058,-0.00671022011804,-0.00395131974079,0.0274538695421,0.0185814956497,0.0104992210255,-0.00409206035595,-0.00169410189609,0,-0.00316349282202,-0.00409206035595,0,-0.0231284852683,-0.0242541481586,-82,-0.0105534105534,-0.00260176010768,0,0,0,336,0,6,990,0.982456140351,1,0,0.0175438596491,1,0.982456140351,0.991150442478,0.988199235917,0.982456140351,0.982456140351,29,35,0,0,0,0
3860,WLNM_dir_neg,0.97387755102,0.931927547621,00:00:05,10,90,29,1241281864,threshold_sweep,0.8,1,0.828571428571,0.90625,29,0,6,70,0.828571428571,1,0,0.171428571429,1,0.828571428571,0.90625,0.942857142857,0.574603174603,0.865671641791,0.873589088037,0.828571428571,342,307,35,0,342,0,307,0,35,37,342,0.256756756757,1.72528881811,18.4864864865,15.5454545455,9.77142857143,5.36771015539,0.290358590277,0.142642642643,9.50849154237,1.02869645341,0.544491860281,8.05331334643,0.871264894205,0.461830251304,0.640599570326,0.371299902718,2,1.72528881811,0.640599570326,2,0.344071394247,0.376569037657,810,0.104247104247,0.56957682835,37,37,37,1,0,0.405405405405,0.540540540541,0.0540540540541,37,0.23048048048,1.72993298943,16.5945945946,13.9545454545,8.77142857143,4.46255693683,0.268916297496,0.131437626552,8.2726620224,0.997030927782,0.519587991901,7.36306422047,0.887405134063,0.476978607272,0.645315899679,0.373029419997,2,1.72993298943,0.645315899679,2,0.27870959744,0.299647473561,510,0.0656370656371,0.491152888228,37,37,37,1,0,0.405405405405,0.540540540541,0.0540540540541,37,336,0.252252252252,1.72212532529,18.1621621622,15.2727272727,9.6,5.1451893039,0.283291672983,0.13972007722,9.28073984832,1.0219862333,0.540540540541,8.08076721598,0.889846389855,0.472329472329,0.63650750997,0.369605800822,2,1.72212532529,0.63650750997,2,0.320942908979,0.352314889498,728,0.0936936936937,0.566975068242,37,37,37,1,0,0.405405405405,0.540540540541,0.0540540540541,-6,-0.0045045045045,-0.00316349282202,-0.324324324324,-0.272727272727,-0.171428571429,-0.222520851493,-0.0070669172945,-0.00292256542257,-0.227751694058,-0.00671022011804,-0.00395131974079,0.0274538695421,0.0185814956497,0.0104992210255,-0.00409206035595,-0.00169410189609,0,-0.00316349282202,-0.00409206035595,0,-0.0231284852683,-0.0242541481586,-82,-0.0105534105534,-0.00260176010768,0,0,0,336,0,6,990,0.982456140351,1,0,0.0175438596491,1,0.982456140351,0.991150442478,0.988199235917,0.982456140351,0.982456140351,29,35,0,0,0,0
3861,WLNM_dir_neg,0.97387755102,0.931927547621,00:00:05,10,90,29,1241281864,threshold_sweep,0.9,1,0.828571428571,0.90625,29,0,6,70,0.828571428571,1,0,0.171428571429,1,0.828571428571,0.90625,0.942857142857,0.574603174603,0.865671641791,0.873589088037,0.828571428571,342,307,35,0,342,0,307,0,35,37,342,0.256756756757,1.72528881811,18.4864864865,15.5454545455,9.77142857143,5.36771015539,0.290358590277,0.142642642643,9.50849154237,1.02869645341,0.544491860281,8.05331334643,0.871264894205,0.461830251304,0.640599570326,0.371299902718,2,1.72528881811,0.640599570326,2,0.344071394247,0.376569037657,810,0.104247104247,0.56957682835,37,37,37,1,0,0.405405405405,0.540540540541,0.0540540540541,37,0.23048048048,1.72993298943,16.5945945946,13.9545454545,8.77142857143,4.46255693683,0.268916297496,0.131437626552,8.2726620224,0.997030927782,0.519587991901,7.36306422047,0.887405134063,0.476978607272,0.645315899679,0.373029419997,2,1.72993298943,0.645315899679,2,0.27870959744,0.299647473561,510,0.0656370656371,0.491152888228,37,37,37,1,0,0.405405405405,0.540540540541,0.0540540540541,37,336,0.252252252252,1.72212532529,18.1621621622,15.2727272727,9.6,5.1451893039,0.283291672983,0.13972007722,9.28073984832,1.0219862333,0.540540540541,8.08076721598,0.889846389855,0.472329472329,0.63650750997,0.369605800822,2,1.72212532529,0.63650750997,2,0.320942908979,0.352314889498,728,0.0936936936937,0.566975068242,37,37,37,1,0,0.405405405405,0.540540540541,0.0540540540541,-6,-0.0045045045045,-0.00316349282202,-0.324324324324,-0.272727272727,-0.171428571429,-0.222520851493,-0.0070669172945,-0.00292256542257,-0.227751694058,-0.00671022011804,-0.00395131974079,0.0274538695421,0.0185814956497,0.0104992210255,-0.00409206035595,-0.00169410189609,0,-0.00316349282202,-0.00409206035595,0,-0.0231284852683,-0.0242541481586,-82,-0.0105534105534,-0.00260176010768,0,0,0,336,0,6,990,0.982456140351,1,0,0.0175438596491,1,0.982456140351,0.991150442478,0.988199235917,0.982456140351,0.982456140351,29,35,0,0,0,0
3862,WLNM_dir_neg,0.972244897959,0.702662394107,00:00:05,10,90,30,1241281865,threshold_sweep,0.1,1,0.857142857143,0.923076923077,30,0,5,70,0.857142857143,1,0,0.142857142857,1,0.857142857143,0.923076923077,0.952380952381,0.571428571429,0.888888888889,0.894427191,0.857142857143,342,307,35,0,342,0,307,0,35,37,342,0.256756756757,1.72528881811,18.4864864865,15.5454545455,9.77142857143,5.36771015539,0.290358590277,0.142642642643,9.50849154237,1.02869645341,0.544491860281,8.05331334643,0.871264894205,0.461830251304,0.640599570326,0.371299902718,2,1.72528881811,0.640599570326,2,0.344071394247,0.376569037657,810,0.104247104247,0.56957682835,37,37,37,1,0,0.405405405405,0.540540540541,0.0540540540541,37,0.23048048048,1.73281712623,16.5945945946,13.9545454545,8.77142857143,4.65748775545,0.280662942918,0.137688176776,8.29948078987,1.00026315709,0.520644422925,7.31765317899,0.881932142094,0.476098248085,0.648611950128,0.374310676129,2,1.73281712623,0.648611950128,2,0.282316544778,0.308935176173,529,0.0680823680824,0.488623770047,37,37,37,1,0,0.405405405405,0.540540540541,0.0540540540541,37,337,0.253003003003,1.72002199297,18.2162162162,15.3181818182,9.62857142857,5.26590255604,0.289077736756,0.141069853236,9.29391612168,1.02040028636,0.539738551608,8.13696566358,0.893376052084,0.472050685701,0.634510568365,0.368896776295,2,1.72002199297,0.634510568365,2,0.31835681489,0.35773657289,746,0.0960102960103,0.574461759812,37,37,37,1,0,0.405405405405,0.540540540541,0.0540540540541,-5,-0.00375375375375,-0.00526682514012,-0.27027027027,-0.227272727273,-0.142857142857,-0.101807599351,-0.00128085352111,-0.00157278940662,-0.214575420692,-0.00829616705793,-0.00475330867335,0.0836523171415,0.0221111578791,0.0102204343966,-0.00608900196109,-0.00240312642269,0,-0.00526682514012,-0.00608900196109,0,-0.0257145793579,-0.0188324647669,-64,-0.00823680823681,0.00488493146217,0,0,0,337,0,5,990,0.985380116959,1,0,0.0146198830409,1,0.985380116959,0.99263622975,0.990165874023,0.985380116959,0.985380116959,30,35,0,0,0,0
3863,WLNM_dir_neg,0.972244897959,0.702662394107,00:00:05,10,90,30,1241281865,threshold_sweep,0.2,1,0.857142857143,0.923076923077,30,0,5,70,0.857142857143,1,0,0.142857142857,1,0.857142857143,0.923076923077,0.952380952381,0.571428571429,0.888888888889,0.894427191,0.857142857143,342,307,35,0,342,0,307,0,35,37,342,0.256756756757,1.72528881811,18.4864864865,15.5454545455,9.77142857143,5.36771015539,0.290358590277,0.142642642643,9.50849154237,1.02869645341,0.544491860281,8.05331334643,0.871264894205,0.461830251304,0.640599570326,0.371299902718,2,1.72528881811,0.640599570326,2,0.344071394247,0.376569037657,810,0.104247104247,0.56957682835,37,37,37,1,0,0.405405405405,0.540540540541,0.0540540540541,37,0.23048048048,1.73281712623,16.5945945946,13.9545454545,8.77142857143,4.65748775545,0.280662942918,0.137688176776,8.29948078987,1.00026315709,0.520644422925,7.31765317899,0.881932142094,0.476098248085,0.648611950128,0.374310676129,2,1.73281712623,0.648611950128,2,0.282316544778,0.308935176173,529,0.0680823680824,0.488623770047,37,37,37,1,0,0.405405405405,0.540540540541,0.0540540540541,37,337,0.253003003003,1.72002199297,18.2162162162,15.3181818182,9.62857142857,5.26590255604,0.289077736756,0.141069853236,9.29391612168,1.02040028636,0.539738551608,8.13696566358,0.893376052084,0.472050685701,0.634510568365,0.368896776295,2,1.72002199297,0.634510568365,2,0.31835681489,0.35773657289,746,0.0960102960103,0.574461759812,37,37,37,1,0,0.405405405405,0.540540540541,0.0540540540541,-5,-0.00375375375375,-0.00526682514012,-0.27027027027,-0.227272727273,-0.142857142857,-0.101807599351,-0.00128085352111,-0.00157278940662,-0.214575420692,-0.00829616705793,-0.00475330867335,0.0836523171415,0.0221111578791,0.0102204343966,-0.00608900196109,-0.00240312642269,0,-0.00526682514012,-0.00608900196109,0,-0.0257145793579,-0.0188324647669,-64,-0.00823680823681,0.00488493146217,0,0,0,337,0,5,990,0.985380116959,1,0,0.0146198830409,1,0.985380116959,0.99263622975,0.990165874023,0.985380116959,0.985380116959,30,35,0,0,0,0
3864,WLNM_dir_neg,0.972244897959,0.702662394107,00:00:05,10,90,30,1241281865,threshold_sweep,0.3,1,0.857142857143,0.923076923077,30,0,5,70,0.857142857143,1,0,0.142857142857,1,0.857142857143,0.923076923077,0.952380952381,0.571428571429,0.888888888889,0.894427191,0.857142857143,342,307,35,0,342,0,307,0,35,37,342,0.256756756757,1.72528881811,18.4864864865,15.5454545455,9.77142857143,5.36771015539,0.290358590277,0.142642642643,9.50849154237,1.02869645341,0.544491860281,8.05331334643,0.871264894205,0.461830251304,0.640599570326,0.371299902718,2,1.72528881811,0.640599570326,2,0.344071394247,0.376569037657,810,0.104247104247,0.56957682835,37,37,37,1,0,0.405405405405,0.540540540541,0.0540540540541,37,0.23048048048,1.73281712623,16.5945945946,13.9545454545,8.77142857143,4.65748775545,0.280662942918,0.137688176776,8.29948078987,1.00026315709,0.520644422925,7.31765317899,0.881932142094,0.476098248085,0.648611950128,0.374310676129,2,1.73281712623,0.648611950128,2,0.282316544778,0.308935176173,529,0.0680823680824,0.488623770047,37,37,37,1,0,0.405405405405,0.540540540541,0.0540540540541,37,337,0.253003003003,1.72002199297,18.2162162162,15.3181818182,9.62857142857,5.26590255604,0.289077736756,0.141069853236,9.29391612168,1.02040028636,0.539738551608,8.13696566358,0.893376052084,0.472050685701,0.634510568365,0.368896776295,2,1.72002199297,0.634510568365,2,0.31835681489,0.35773657289,746,0.0960102960103,0.574461759812,37,37,37,1,0,0.405405405405,0.540540540541,0.0540540540541,-5,-0.00375375375375,-0.00526682514012,-0.27027027027,-0.227272727273,-0.142857142857,-0.101807599351,-0.00128085352111,-0.00157278940662,-0.214575420692,-0.00829616705793,-0.00475330867335,0.0836523171415,0.0221111578791,0.0102204343966,-0.00608900196109,-0.00240312642269,0,-0.00526682514012,-0.00608900196109,0,-0.0257145793579,-0.0188324647669,-64,-0.00823680823681,0.00488493146217,0,0,0,337,0,5,990,0.985380116959,1,0,0.0146198830409,1,0.985380116959,0.99263622975,0.990165874023,0.985380116959,0.985380116959,30,35,0,0,0,0
3865,WLNM_dir_neg,0.972244897959,0.702662394107,00:00:05,10,90,30,1241281865,threshold_sweep,0.4,1,0.857142857143,0.923076923077,30,0,5,70,0.857142857143,1,0,0.142857142857,1,0.857142857143,0.923076923077,0.952380952381,0.571428571429,0.888888888889,0.894427191,0.857142857143,342,307,35,0,342,0,307,0,35,37,342,0.256756756757,1.72528881811,18.4864864865,15.5454545455,9.77142857143,5.36771015539,0.290358590277,0.142642642643,9.50849154237,1.02869645341,0.544491860281,8.05331334643,0.871264894205,0.461830251304,0.640599570326,0.371299902718,2,1.72528881811,0.640599570326,2,0.344071394247,0.376569037657,810,0.104247104247,0.56957682835,37,37,37,1,0,0.405405405405,0.540540540541,0.0540540540541,37,0.23048048048,1.73281712623,16.5945945946,13.9545454545,8.77142857143,4.65748775545,0.280662942918,0.137688176776,8.29948078987,1.00026315709,0.520644422925,7.31765317899,0.881932142094,0.476098248085,0.648611950128,0.374310676129,2,1.73281712623,0.648611950128,2,0.282316544778,0.308935176173,529,0.0680823680824,0.488623770047,37,37,37,1,0,0.405405405405,0.540540540541,0.0540540540541,37,337,0.253003003003,1.72002199297,18.2162162162,15.3181818182,9.62857142857,5.26590255604,0.289077736756,0.141069853236,9.29391612168,1.02040028636,0.539738551608,8.13696566358,0.893376052084,0.472050685701,0.634510568365,0.368896776295,2,1.72002199297,0.634510568365,2,0.31835681489,0.35773657289,746,0.0960102960103,0.574461759812,37,37,37,1,0,0.405405405405,0.540540540541,0.0540540540541,-5,-0.00375375375375,-0.00526682514012,-0.27027027027,-0.227272727273,-0.142857142857,-0.101807599351,-0.00128085352111,-0.00157278940662,-0.214575420692,-0.00829616705793,-0.00475330867335,0.0836523171415,0.0221111578791,0.0102204343966,-0.00608900196109,-0.00240312642269,0,-0.00526682514012,-0.00608900196109,0,-0.0257145793579,-0.0188324647669,-64,-0.00823680823681,0.00488493146217,0,0,0,337,0,5,990,0.985380116959,1,0,0.0146198830409,1,0.985380116959,0.99263622975,0.990165874023,0.985380116959,0.985380116959,30,35,0,0,0,0
3866,WLNM_dir_neg,0.972244897959,0.702662394107,00:00:05,10,90,30,1241281865,threshold_sweep,0.5,1,0.857142857143,0.923076923077,30,0,5,70,0.857142857143,1,0,0.142857142857,1,0.857142857143,0.923076923077,0.952380952381,0.571428571429,0.888888888889,0.894427191,0.857142857143,342,307,35,0,342,0,307,0,35,37,342,0.256756756757,1.72528881811,18.4864864865,15.5454545455,9.77142857143,5.36771015539,0.290358590277,0.142642642643,9.50849154237,1.02869645341,0.544491860281,8.05331334643,0.871264894205,0.461830251304,0.640599570326,0.371299902718,2,1.72528881811,0.640599570326,2,0.344071394247,0.376569037657,810,0.104247104247,0.56957682835,37,37,37,1,0,0.405405405405,0.540540540541,0.0540540540541,37,0.23048048048,1.73281712623,16.5945945946,13.9545454545,8.77142857143,4.65748775545,0.280662942918,0.137688176776,8.29948078987,1.00026315709,0.520644422925,7.31765317899,0.881932142094,0.476098248085,0.648611950128,0.374310676129,2,1.73281712623,0.648611950128,2,0.282316544778,0.308935176173,529,0.0680823680824,0.488623770047,37,37,37,1,0,0.405405405405,0.540540540541,0.0540540540541,37,337,0.253003003003,1.72002199297,18.2162162162,15.3181818182,9.62857142857,5.26590255604,0.289077736756,0.141069853236,9.29391612168,1.02040028636,0.539738551608,8.13696566358,0.893376052084,0.472050685701,0.634510568365,0.368896776295,2,1.72002199297,0.634510568365,2,0.31835681489,0.35773657289,746,0.0960102960103,0.574461759812,37,37,37,1,0,0.405405405405,0.540540540541,0.0540540540541,-5,-0.00375375375375,-0.00526682514012,-0.27027027027,-0.227272727273,-0.142857142857,-0.101807599351,-0.00128085352111,-0.00157278940662,-0.214575420692,-0.00829616705793,-0.00475330867335,0.0836523171415,0.0221111578791,0.0102204343966,-0.00608900196109,-0.00240312642269,0,-0.00526682514012,-0.00608900196109,0,-0.0257145793579,-0.0188324647669,-64,-0.00823680823681,0.00488493146217,0,0,0,337,0,5,990,0.985380116959,1,0,0.0146198830409,1,0.985380116959,0.99263622975,0.990165874023,0.985380116959,0.985380116959,30,35,0,0,0,0
3867,WLNM_dir_neg,0.972244897959,0.702662394107,00:00:05,10,90,30,1241281865,threshold_sweep,0.6,1,0.857142857143,0.923076923077,30,0,5,70,0.857142857143,1,0,0.142857142857,1,0.857142857143,0.923076923077,0.952380952381,0.571428571429,0.888888888889,0.894427191,0.857142857143,342,307,35,0,342,0,307,0,35,37,342,0.256756756757,1.72528881811,18.4864864865,15.5454545455,9.77142857143,5.36771015539,0.290358590277,0.142642642643,9.50849154237,1.02869645341,0.544491860281,8.05331334643,0.871264894205,0.461830251304,0.640599570326,0.371299902718,2,1.72528881811,0.640599570326,2,0.344071394247,0.376569037657,810,0.104247104247,0.56957682835,37,37,37,1,0,0.405405405405,0.540540540541,0.0540540540541,37,0.23048048048,1.73281712623,16.5945945946,13.9545454545,8.77142857143,4.65748775545,0.280662942918,0.137688176776,8.29948078987,1.00026315709,0.520644422925,7.31765317899,0.881932142094,0.476098248085,0.648611950128,0.374310676129,2,1.73281712623,0.648611950128,2,0.282316544778,0.308935176173,529,0.0680823680824,0.488623770047,37,37,37,1,0,0.405405405405,0.540540540541,0.0540540540541,37,337,0.253003003003,1.72002199297,18.2162162162,15.3181818182,9.62857142857,5.26590255604,0.289077736756,0.141069853236,9.29391612168,1.02040028636,0.539738551608,8.13696566358,0.893376052084,0.472050685701,0.634510568365,0.368896776295,2,1.72002199297,0.634510568365,2,0.31835681489,0.35773657289,746,0.0960102960103,0.574461759812,37,37,37,1,0,0.405405405405,0.540540540541,0.0540540540541,-5,-0.00375375375375,-0.00526682514012,-0.27027027027,-0.227272727273,-0.142857142857,-0.101807599351,-0.00128085352111,-0.00157278940662,-0.214575420692,-0.00829616705793,-0.00475330867335,0.0836523171415,0.0221111578791,0.0102204343966,-0.00608900196109,-0.00240312642269,0,-0.00526682514012,-0.00608900196109,0,-0.0257145793579,-0.0188324647669,-64,-0.00823680823681,0.00488493146217,0,0,0,337,0,5,990,0.985380116959,1,0,0.0146198830409,1,0.985380116959,0.99263622975,0.990165874023,0.985380116959,0.985380116959,30,35,0,0,0,0
3868,WLNM_dir_neg,0.972244897959,0.702662394107,00:00:05,10,90,30,1241281865,threshold_sweep,0.7,1,0.857142857143,0.923076923077,30,0,5,70,0.857142857143,1,0,0.142857142857,1,0.857142857143,0.923076923077,0.952380952381,0.571428571429,0.888888888889,0.894427191,0.857142857143,342,307,35,0,342,0,307,0,35,37,342,0.256756756757,1.72528881811,18.4864864865,15.5454545455,9.77142857143,5.36771015539,0.290358590277,0.142642642643,9.50849154237,1.02869645341,0.544491860281,8.05331334643,0.871264894205,0.461830251304,0.640599570326,0.371299902718,2,1.72528881811,0.640599570326,2,0.344071394247,0.376569037657,810,0.104247104247,0.56957682835,37,37,37,1,0,0.405405405405,0.540540540541,0.0540540540541,37,0.23048048048,1.73281712623,16.5945945946,13.9545454545,8.77142857143,4.65748775545,0.280662942918,0.137688176776,8.29948078987,1.00026315709,0.520644422925,7.31765317899,0.881932142094,0.476098248085,0.648611950128,0.374310676129,2,1.73281712623,0.648611950128,2,0.282316544778,0.308935176173,529,0.0680823680824,0.488623770047,37,37,37,1,0,0.405405405405,0.540540540541,0.0540540540541,37,337,0.253003003003,1.72002199297,18.2162162162,15.3181818182,9.62857142857,5.26590255604,0.289077736756,0.141069853236,9.29391612168,1.02040028636,0.539738551608,8.13696566358,0.893376052084,0.472050685701,0.634510568365,0.368896776295,2,1.72002199297,0.634510568365,2,0.31835681489,0.35773657289,746,0.0960102960103,0.574461759812,37,37,37,1,0,0.405405405405,0.540540540541,0.0540540540541,-5,-0.00375375375375,-0.00526682514012,-0.27027027027,-0.227272727273,-0.142857142857,-0.101807599351,-0.00128085352111,-0.00157278940662,-0.214575420692,-0.00829616705793,-0.00475330867335,0.0836523171415,0.0221111578791,0.0102204343966,-0.00608900196109,-0.00240312642269,0,-0.00526682514012,-0.00608900196109,0,-0.0257145793579,-0.0188324647669,-64,-0.00823680823681,0.00488493146217,0,0,0,337,0,5,990,0.985380116959,1,0,0.0146198830409,1,0.985380116959,0.99263622975,0.990165874023,0.985380116959,0.985380116959,30,35,0,0,0,0
3869,WLNM_dir_neg,0.972244897959,0.702662394107,00:00:05,10,90,30,1241281865,threshold_sweep,0.8,1,0.857142857143,0.923076923077,30,0,5,70,0.857142857143,1,0,0.142857142857,1,0.857142857143,0.923076923077,0.952380952381,0.571428571429,0.888888888889,0.894427191,0.857142857143,342,307,35,0,342,0,307,0,35,37,342,0.256756756757,1.72528881811,18.4864864865,15.5454545455,9.77142857143,5.36771015539,0.290358590277,0.142642642643,9.50849154237,1.02869645341,0.544491860281,8.05331334643,0.871264894205,0.461830251304,0.640599570326,0.371299902718,2,1.72528881811,0.640599570326,2,0.344071394247,0.376569037657,810,0.104247104247,0.56957682835,37,37,37,1,0,0.405405405405,0.540540540541,0.0540540540541,37,0.23048048048,1.73281712623,16.5945945946,13.9545454545,8.77142857143,4.65748775545,0.280662942918,0.137688176776,8.29948078987,1.00026315709,0.520644422925,7.31765317899,0.881932142094,0.476098248085,0.648611950128,0.374310676129,2,1.73281712623,0.648611950128,2,0.282316544778,0.308935176173,529,0.0680823680824,0.488623770047,37,37,37,1,0,0.405405405405,0.540540540541,0.0540540540541,37,337,0.253003003003,1.72002199297,18.2162162162,15.3181818182,9.62857142857,5.26590255604,0.289077736756,0.141069853236,9.29391612168,1.02040028636,0.539738551608,8.13696566358,0.893376052084,0.472050685701,0.634510568365,0.368896776295,2,1.72002199297,0.634510568365,2,0.31835681489,0.35773657289,746,0.0960102960103,0.574461759812,37,37,37,1,0,0.405405405405,0.540540540541,0.0540540540541,-5,-0.00375375375375,-0.00526682514012,-0.27027027027,-0.227272727273,-0.142857142857,-0.101807599351,-0.00128085352111,-0.00157278940662,-0.214575420692,-0.00829616705793,-0.00475330867335,0.0836523171415,0.0221111578791,0.0102204343966,-0.00608900196109,-0.00240312642269,0,-0.00526682514012,-0.00608900196109,0,-0.0257145793579,-0.0188324647669,-64,-0.00823680823681,0.00488493146217,0,0,0,337,0,5,990,0.985380116959,1,0,0.0146198830409,1,0.985380116959,0.99263622975,0.990165874023,0.985380116959,0.985380116959,30,35,0,0,0,0
3870,WLNM_dir_neg,0.972244897959,0.702662394107,00:00:05,10,90,30,1241281865,threshold_sweep,0.9,1,0.857142857143,0.923076923077,30,0,5,70,0.857142857143,1,0,0.142857142857,1,0.857142857143,0.923076923077,0.952380952381,0.571428571429,0.888888888889,0.894427191,0.857142857143,342,307,35,0,342,0,307,0,35,37,342,0.256756756757,1.72528881811,18.4864864865,15.5454545455,9.77142857143,5.36771015539,0.290358590277,0.142642642643,9.50849154237,1.02869645341,0.544491860281,8.05331334643,0.871264894205,0.461830251304,0.640599570326,0.371299902718,2,1.72528881811,0.640599570326,2,0.344071394247,0.376569037657,810,0.104247104247,0.56957682835,37,37,37,1,0,0.405405405405,0.540540540541,0.0540540540541,37,0.23048048048,1.73281712623,16.5945945946,13.9545454545,8.77142857143,4.65748775545,0.280662942918,0.137688176776,8.29948078987,1.00026315709,0.520644422925,7.31765317899,0.881932142094,0.476098248085,0.648611950128,0.374310676129,2,1.73281712623,0.648611950128,2,0.282316544778,0.308935176173,529,0.0680823680824,0.488623770047,37,37,37,1,0,0.405405405405,0.540540540541,0.0540540540541,37,337,0.253003003003,1.72002199297,18.2162162162,15.3181818182,9.62857142857,5.26590255604,0.289077736756,0.141069853236,9.29391612168,1.02040028636,0.539738551608,8.13696566358,0.893376052084,0.472050685701,0.634510568365,0.368896776295,2,1.72002199297,0.634510568365,2,0.31835681489,0.35773657289,746,0.0960102960103,0.574461759812,37,37,37,1,0,0.405405405405,0.540540540541,0.0540540540541,-5,-0.00375375375375,-0.00526682514012,-0.27027027027,-0.227272727273,-0.142857142857,-0.101807599351,-0.00128085352111,-0.00157278940662,-0.214575420692,-0.00829616705793,-0.00475330867335,0.0836523171415,0.0221111578791,0.0102204343966,-0.00608900196109,-0.00240312642269,0,-0.00526682514012,-0.00608900196109,0,-0.0257145793579,-0.0188324647669,-64,-0.00823680823681,0.00488493146217,0,0,0,337,0,5,990,0.985380116959,1,0,0.0146198830409,1,0.985380116959,0.99263622975,0.990165874023,0.985380116959,0.985380116959,30,35,0,0,0,0
3871,WLNM_dir_neg,0.976326530612,0.711783409713,00:00:05,10,90,31,1241281866,threshold_sweep,0.1,1,0.885714285714,0.939393939394,31,0,4,70,0.885714285714,1,0,0.114285714286,1,0.885714285714,0.939393939394,0.961904761905,0.568253968254,0.911764705882,0.915334822804,0.885714285714,342,307,35,0,342,0,307,0,35,37,342,0.256756756757,1.72528881811,18.4864864865,15.5454545455,9.77142857143,5.36771015539,0.290358590277,0.142642642643,9.50849154237,1.02869645341,0.544491860281,8.05331334643,0.871264894205,0.461830251304,0.640599570326,0.371299902718,2,1.72528881811,0.640599570326,2,0.344071394247,0.376569037657,810,0.104247104247,0.56957682835,37,37,37,1,0,0.405405405405,0.540540540541,0.0540540540541,37,0.23048048048,1.73565282354,16.5945945946,13.9545454545,8.77142857143,4.6335698948,0.279221638612,0.13548727881,8.39928854416,1.01229210467,0.525574434369,7.14090277854,0.860629976566,0.466238225196,0.651748367884,0.375506183635,2,1.73565282354,0.651748367884,2,0.300427173368,0.315820198482,541,0.0696267696268,0.472547996756,37,37,37,1,0,0.405405405405,0.540540540541,0.0540540540541,37,338,0.253753753754,1.72296015715,18.2702702703,15.3636363636,9.65714285714,5.15131401062,0.281950618925,0.136734367504,9.34273979017,1.02272595336,0.541020310251,8.07658536953,0.88412325051,0.467455621302,0.637755893072,0.370151271592,2,1.72296015715,0.637755893072,2,0.328758394069,0.354432397959,741,0.0953667953668,0.569022453549,37,37,37,1,0,0.405405405405,0.540540540541,0.0540540540541,-4,-0.003003003003,-0.00232866096308,-0.216216216216,-0.181818181818,-0.114285714286,-0.216396144771,-0.00840797135252,-0.00590827513904,-0.165751752207,-0.00597050005323,-0.00347155003025,0.0232720230911,0.0128583563053,0.00562536999784,-0.00284367725425,-0.00114863112591,0,-0.00232866096308,-0.00284367725425,0,-0.0153130001784,-0.0221366396977,-69,-0.00888030888031,-0.000554374800883,0,0,0,338,0,4,990,0.988304093567,1,0,0.0116959064327,1,0.988304093567,0.994117647059,0.992132559046,0.988304093567,0.988304093567,31,35,0,0,0,0
3872,WLNM_dir_neg,0.976326530612,0.711783409713,00:00:05,10,90,31,1241281866,threshold_sweep,0.2,1,0.885714285714,0.939393939394,31,0,4,70,0.885714285714,1,0,0.114285714286,1,0.885714285714,0.939393939394,0.961904761905,0.568253968254,0.911764705882,0.915334822804,0.885714285714,342,307,35,0,342,0,307,0,35,37,342,0.256756756757,1.72528881811,18.4864864865,15.5454545455,9.77142857143,5.36771015539,0.290358590277,0.142642642643,9.50849154237,1.02869645341,0.544491860281,8.05331334643,0.871264894205,0.461830251304,0.640599570326,0.371299902718,2,1.72528881811,0.640599570326,2,0.344071394247,0.376569037657,810,0.104247104247,0.56957682835,37,37,37,1,0,0.405405405405,0.540540540541,0.0540540540541,37,0.23048048048,1.73565282354,16.5945945946,13.9545454545,8.77142857143,4.6335698948,0.279221638612,0.13548727881,8.39928854416,1.01229210467,0.525574434369,7.14090277854,0.860629976566,0.466238225196,0.651748367884,0.375506183635,2,1.73565282354,0.651748367884,2,0.300427173368,0.315820198482,541,0.0696267696268,0.472547996756,37,37,37,1,0,0.405405405405,0.540540540541,0.0540540540541,37,338,0.253753753754,1.72296015715,18.2702702703,15.3636363636,9.65714285714,5.15131401062,0.281950618925,0.136734367504,9.34273979017,1.02272595336,0.541020310251,8.07658536953,0.88412325051,0.467455621302,0.637755893072,0.370151271592,2,1.72296015715,0.637755893072,2,0.328758394069,0.354432397959,741,0.0953667953668,0.569022453549,37,37,37,1,0,0.405405405405,0.540540540541,0.0540540540541,-4,-0.003003003003,-0.00232866096308,-0.216216216216,-0.181818181818,-0.114285714286,-0.216396144771,-0.00840797135252,-0.00590827513904,-0.165751752207,-0.00597050005323,-0.00347155003025,0.0232720230911,0.0128583563053,0.00562536999784,-0.00284367725425,-0.00114863112591,0,-0.00232866096308,-0.00284367725425,0,-0.0153130001784,-0.0221366396977,-69,-0.00888030888031,-0.000554374800883,0,0,0,338,0,4,990,0.988304093567,1,0,0.0116959064327,1,0.988304093567,0.994117647059,0.992132559046,0.988304093567,0.988304093567,31,35,0,0,0,0
3873,WLNM_dir_neg,0.976326530612,0.711783409713,00:00:05,10,90,31,1241281866,threshold_sweep,0.3,1,0.885714285714,0.939393939394,31,0,4,70,0.885714285714,1,0,0.114285714286,1,0.885714285714,0.939393939394,0.961904761905,0.568253968254,0.911764705882,0.915334822804,0.885714285714,342,307,35,0,342,0,307,0,35,37,342,0.256756756757,1.72528881811,18.4864864865,15.5454545455,9.77142857143,5.36771015539,0.290358590277,0.142642642643,9.50849154237,1.02869645341,0.544491860281,8.05331334643,0.871264894205,0.461830251304,0.640599570326,0.371299902718,2,1.72528881811,0.640599570326,2,0.344071394247,0.376569037657,810,0.104247104247,0.56957682835,37,37,37,1,0,0.405405405405,0.540540540541,0.0540540540541,37,0.23048048048,1.73565282354,16.5945945946,13.9545454545,8.77142857143,4.6335698948,0.279221638612,0.13548727881,8.39928854416,1.01229210467,0.525574434369,7.14090277854,0.860629976566,0.466238225196,0.651748367884,0.375506183635,2,1.73565282354,0.651748367884,2,0.300427173368,0.315820198482,541,0.0696267696268,0.472547996756,37,37,37,1,0,0.405405405405,0.540540540541,0.0540540540541,37,338,0.253753753754,1.72296015715,18.2702702703,15.3636363636,9.65714285714,5.15131401062,0.281950618925,0.136734367504,9.34273979017,1.02272595336,0.541020310251,8.07658536953,0.88412325051,0.467455621302,0.637755893072,0.370151271592,2,1.72296015715,0.637755893072,2,0.328758394069,0.354432397959,741,0.0953667953668,0.569022453549,37,37,37,1,0,0.405405405405,0.540540540541,0.0540540540541,-4,-0.003003003003,-0.00232866096308,-0.216216216216,-0.181818181818,-0.114285714286,-0.216396144771,-0.00840797135252,-0.00590827513904,-0.165751752207,-0.00597050005323,-0.00347155003025,0.0232720230911,0.0128583563053,0.00562536999784,-0.00284367725425,-0.00114863112591,0,-0.00232866096308,-0.00284367725425,0,-0.0153130001784,-0.0221366396977,-69,-0.00888030888031,-0.000554374800883,0,0,0,338,0,4,990,0.988304093567,1,0,0.0116959064327,1,0.988304093567,0.994117647059,0.992132559046,0.988304093567,0.988304093567,31,35,0,0,0,0
3874,WLNM_dir_neg,0.976326530612,0.711783409713,00:00:05,10,90,31,1241281866,threshold_sweep,0.4,1,0.885714285714,0.939393939394,31,0,4,70,0.885714285714,1,0,0.114285714286,1,0.885714285714,0.939393939394,0.961904761905,0.568253968254,0.911764705882,0.915334822804,0.885714285714,342,307,35,0,342,0,307,0,35,37,342,0.256756756757,1.72528881811,18.4864864865,15.5454545455,9.77142857143,5.36771015539,0.290358590277,0.142642642643,9.50849154237,1.02869645341,0.544491860281,8.05331334643,0.871264894205,0.461830251304,0.640599570326,0.371299902718,2,1.72528881811,0.640599570326,2,0.344071394247,0.376569037657,810,0.104247104247,0.56957682835,37,37,37,1,0,0.405405405405,0.540540540541,0.0540540540541,37,0.23048048048,1.73565282354,16.5945945946,13.9545454545,8.77142857143,4.6335698948,0.279221638612,0.13548727881,8.39928854416,1.01229210467,0.525574434369,7.14090277854,0.860629976566,0.466238225196,0.651748367884,0.375506183635,2,1.73565282354,0.651748367884,2,0.300427173368,0.315820198482,541,0.0696267696268,0.472547996756,37,37,37,1,0,0.405405405405,0.540540540541,0.0540540540541,37,338,0.253753753754,1.72296015715,18.2702702703,15.3636363636,9.65714285714,5.15131401062,0.281950618925,0.136734367504,9.34273979017,1.02272595336,0.541020310251,8.07658536953,0.88412325051,0.467455621302,0.637755893072,0.370151271592,2,1.72296015715,0.637755893072,2,0.328758394069,0.354432397959,741,0.0953667953668,0.569022453549,37,37,37,1,0,0.405405405405,0.540540540541,0.0540540540541,-4,-0.003003003003,-0.00232866096308,-0.216216216216,-0.181818181818,-0.114285714286,-0.216396144771,-0.00840797135252,-0.00590827513904,-0.165751752207,-0.00597050005323,-0.00347155003025,0.0232720230911,0.0128583563053,0.00562536999784,-0.00284367725425,-0.00114863112591,0,-0.00232866096308,-0.00284367725425,0,-0.0153130001784,-0.0221366396977,-69,-0.00888030888031,-0.000554374800883,0,0,0,338,0,4,990,0.988304093567,1,0,0.0116959064327,1,0.988304093567,0.994117647059,0.992132559046,0.988304093567,0.988304093567,31,35,0,0,0,0
3875,WLNM_dir_neg,0.976326530612,0.711783409713,00:00:05,10,90,31,1241281866,threshold_sweep,0.5,1,0.885714285714,0.939393939394,31,0,4,70,0.885714285714,1,0,0.114285714286,1,0.885714285714,0.939393939394,0.961904761905,0.568253968254,0.911764705882,0.915334822804,0.885714285714,342,307,35,0,342,0,307,0,35,37,342,0.256756756757,1.72528881811,18.4864864865,15.5454545455,9.77142857143,5.36771015539,0.290358590277,0.142642642643,9.50849154237,1.02869645341,0.544491860281,8.05331334643,0.871264894205,0.461830251304,0.640599570326,0.371299902718,2,1.72528881811,0.640599570326,2,0.344071394247,0.376569037657,810,0.104247104247,0.56957682835,37,37,37,1,0,0.405405405405,0.540540540541,0.0540540540541,37,0.23048048048,1.73565282354,16.5945945946,13.9545454545,8.77142857143,4.6335698948,0.279221638612,0.13548727881,8.39928854416,1.01229210467,0.525574434369,7.14090277854,0.860629976566,0.466238225196,0.651748367884,0.375506183635,2,1.73565282354,0.651748367884,2,0.300427173368,0.315820198482,541,0.0696267696268,0.472547996756,37,37,37,1,0,0.405405405405,0.540540540541,0.0540540540541,37,338,0.253753753754,1.72296015715,18.2702702703,15.3636363636,9.65714285714,5.15131401062,0.281950618925,0.136734367504,9.34273979017,1.02272595336,0.541020310251,8.07658536953,0.88412325051,0.467455621302,0.637755893072,0.370151271592,2,1.72296015715,0.637755893072,2,0.328758394069,0.354432397959,741,0.0953667953668,0.569022453549,37,37,37,1,0,0.405405405405,0.540540540541,0.0540540540541,-4,-0.003003003003,-0.00232866096308,-0.216216216216,-0.181818181818,-0.114285714286,-0.216396144771,-0.00840797135252,-0.00590827513904,-0.165751752207,-0.00597050005323,-0.00347155003025,0.0232720230911,0.0128583563053,0.00562536999784,-0.00284367725425,-0.00114863112591,0,-0.00232866096308,-0.00284367725425,0,-0.0153130001784,-0.0221366396977,-69,-0.00888030888031,-0.000554374800883,0,0,0,338,0,4,990,0.988304093567,1,0,0.0116959064327,1,0.988304093567,0.994117647059,0.992132559046,0.988304093567,0.988304093567,31,35,0,0,0,0
3876,WLNM_dir_neg,0.976326530612,0.711783409713,00:00:05,10,90,31,1241281866,threshold_sweep,0.6,1,0.885714285714,0.939393939394,31,0,4,70,0.885714285714,1,0,0.114285714286,1,0.885714285714,0.939393939394,0.961904761905,0.568253968254,0.911764705882,0.915334822804,0.885714285714,342,307,35,0,342,0,307,0,35,37,342,0.256756756757,1.72528881811,18.4864864865,15.5454545455,9.77142857143,5.36771015539,0.290358590277,0.142642642643,9.50849154237,1.02869645341,0.544491860281,8.05331334643,0.871264894205,0.461830251304,0.640599570326,0.371299902718,2,1.72528881811,0.640599570326,2,0.344071394247,0.376569037657,810,0.104247104247,0.56957682835,37,37,37,1,0,0.405405405405,0.540540540541,0.0540540540541,37,0.23048048048,1.73565282354,16.5945945946,13.9545454545,8.77142857143,4.6335698948,0.279221638612,0.13548727881,8.39928854416,1.01229210467,0.525574434369,7.14090277854,0.860629976566,0.466238225196,0.651748367884,0.375506183635,2,1.73565282354,0.651748367884,2,0.300427173368,0.315820198482,541,0.0696267696268,0.472547996756,37,37,37,1,0,0.405405405405,0.540540540541,0.0540540540541,37,338,0.253753753754,1.72296015715,18.2702702703,15.3636363636,9.65714285714,5.15131401062,0.281950618925,0.136734367504,9.34273979017,1.02272595336,0.541020310251,8.07658536953,0.88412325051,0.467455621302,0.637755893072,0.370151271592,2,1.72296015715,0.637755893072,2,0.328758394069,0.354432397959,741,0.0953667953668,0.569022453549,37,37,37,1,0,0.405405405405,0.540540540541,0.0540540540541,-4,-0.003003003003,-0.00232866096308,-0.216216216216,-0.181818181818,-0.114285714286,-0.216396144771,-0.00840797135252,-0.00590827513904,-0.165751752207,-0.00597050005323,-0.00347155003025,0.0232720230911,0.0128583563053,0.00562536999784,-0.00284367725425,-0.00114863112591,0,-0.00232866096308,-0.00284367725425,0,-0.0153130001784,-0.0221366396977,-69,-0.00888030888031,-0.000554374800883,0,0,0,338,0,4,990,0.988304093567,1,0,0.0116959064327,1,0.988304093567,0.994117647059,0.992132559046,0.988304093567,0.988304093567,31,35,0,0,0,0
3877,WLNM_dir_neg,0.976326530612,0.711783409713,00:00:05,10,90,31,1241281866,threshold_sweep,0.7,1,0.885714285714,0.939393939394,31,0,4,70,0.885714285714,1,0,0.114285714286,1,0.885714285714,0.939393939394,0.961904761905,0.568253968254,0.911764705882,0.915334822804,0.885714285714,342,307,35,0,342,0,307,0,35,37,342,0.256756756757,1.72528881811,18.4864864865,15.5454545455,9.77142857143,5.36771015539,0.290358590277,0.142642642643,9.50849154237,1.02869645341,0.544491860281,8.05331334643,0.871264894205,0.461830251304,0.640599570326,0.371299902718,2,1.72528881811,0.640599570326,2,0.344071394247,0.376569037657,810,0.104247104247,0.56957682835,37,37,37,1,0,0.405405405405,0.540540540541,0.0540540540541,37,0.23048048048,1.73565282354,16.5945945946,13.9545454545,8.77142857143,4.6335698948,0.279221638612,0.13548727881,8.39928854416,1.01229210467,0.525574434369,7.14090277854,0.860629976566,0.466238225196,0.651748367884,0.375506183635,2,1.73565282354,0.651748367884,2,0.300427173368,0.315820198482,541,0.0696267696268,0.472547996756,37,37,37,1,0,0.405405405405,0.540540540541,0.0540540540541,37,338,0.253753753754,1.72296015715,18.2702702703,15.3636363636,9.65714285714,5.15131401062,0.281950618925,0.136734367504,9.34273979017,1.02272595336,0.541020310251,8.07658536953,0.88412325051,0.467455621302,0.637755893072,0.370151271592,2,1.72296015715,0.637755893072,2,0.328758394069,0.354432397959,741,0.0953667953668,0.569022453549,37,37,37,1,0,0.405405405405,0.540540540541,0.0540540540541,-4,-0.003003003003,-0.00232866096308,-0.216216216216,-0.181818181818,-0.114285714286,-0.216396144771,-0.00840797135252,-0.00590827513904,-0.165751752207,-0.00597050005323,-0.00347155003025,0.0232720230911,0.0128583563053,0.00562536999784,-0.00284367725425,-0.00114863112591,0,-0.00232866096308,-0.00284367725425,0,-0.0153130001784,-0.0221366396977,-69,-0.00888030888031,-0.000554374800883,0,0,0,338,0,4,990,0.988304093567,1,0,0.0116959064327,1,0.988304093567,0.994117647059,0.992132559046,0.988304093567,0.988304093567,31,35,0,0,0,0
3878,WLNM_dir_neg,0.976326530612,0.711783409713,00:00:05,10,90,31,1241281866,threshold_sweep,0.8,1,0.885714285714,0.939393939394,31,0,4,70,0.885714285714,1,0,0.114285714286,1,0.885714285714,0.939393939394,0.961904761905,0.568253968254,0.911764705882,0.915334822804,0.885714285714,342,307,35,0,342,0,307,0,35,37,342,0.256756756757,1.72528881811,18.4864864865,15.5454545455,9.77142857143,5.36771015539,0.290358590277,0.142642642643,9.50849154237,1.02869645341,0.544491860281,8.05331334643,0.871264894205,0.461830251304,0.640599570326,0.371299902718,2,1.72528881811,0.640599570326,2,0.344071394247,0.376569037657,810,0.104247104247,0.56957682835,37,37,37,1,0,0.405405405405,0.540540540541,0.0540540540541,37,0.23048048048,1.73565282354,16.5945945946,13.9545454545,8.77142857143,4.6335698948,0.279221638612,0.13548727881,8.39928854416,1.01229210467,0.525574434369,7.14090277854,0.860629976566,0.466238225196,0.651748367884,0.375506183635,2,1.73565282354,0.651748367884,2,0.300427173368,0.315820198482,541,0.0696267696268,0.472547996756,37,37,37,1,0,0.405405405405,0.540540540541,0.0540540540541,37,338,0.253753753754,1.72296015715,18.2702702703,15.3636363636,9.65714285714,5.15131401062,0.281950618925,0.136734367504,9.34273979017,1.02272595336,0.541020310251,8.07658536953,0.88412325051,0.467455621302,0.637755893072,0.370151271592,2,1.72296015715,0.637755893072,2,0.328758394069,0.354432397959,741,0.0953667953668,0.569022453549,37,37,37,1,0,0.405405405405,0.540540540541,0.0540540540541,-4,-0.003003003003,-0.00232866096308,-0.216216216216,-0.181818181818,-0.114285714286,-0.216396144771,-0.00840797135252,-0.00590827513904,-0.165751752207,-0.00597050005323,-0.00347155003025,0.0232720230911,0.0128583563053,0.00562536999784,-0.00284367725425,-0.00114863112591,0,-0.00232866096308,-0.00284367725425,0,-0.0153130001784,-0.0221366396977,-69,-0.00888030888031,-0.000554374800883,0,0,0,338,0,4,990,0.988304093567,1,0,0.0116959064327,1,0.988304093567,0.994117647059,0.992132559046,0.988304093567,0.988304093567,31,35,0,0,0,0
3879,WLNM_dir_neg,0.976326530612,0.711783409713,00:00:05,10,90,31,1241281866,threshold_sweep,0.9,1,0.885714285714,0.939393939394,31,0,4,70,0.885714285714,1,0,0.114285714286,1,0.885714285714,0.939393939394,0.961904761905,0.568253968254,0.911764705882,0.915334822804,0.885714285714,342,307,35,0,342,0,307,0,35,37,342,0.256756756757,1.72528881811,18.4864864865,15.5454545455,9.77142857143,5.36771015539,0.290358590277,0.142642642643,9.50849154237,1.02869645341,0.544491860281,8.05331334643,0.871264894205,0.461830251304,0.640599570326,0.371299902718,2,1.72528881811,0.640599570326,2,0.344071394247,0.376569037657,810,0.104247104247,0.56957682835,37,37,37,1,0,0.405405405405,0.540540540541,0.0540540540541,37,0.23048048048,1.73565282354,16.5945945946,13.9545454545,8.77142857143,4.6335698948,0.279221638612,0.13548727881,8.39928854416,1.01229210467,0.525574434369,7.14090277854,0.860629976566,0.466238225196,0.651748367884,0.375506183635,2,1.73565282354,0.651748367884,2,0.300427173368,0.315820198482,541,0.0696267696268,0.472547996756,37,37,37,1,0,0.405405405405,0.540540540541,0.0540540540541,37,338,0.253753753754,1.72296015715,18.2702702703,15.3636363636,9.65714285714,5.15131401062,0.281950618925,0.136734367504,9.34273979017,1.02272595336,0.541020310251,8.07658536953,0.88412325051,0.467455621302,0.637755893072,0.370151271592,2,1.72296015715,0.637755893072,2,0.328758394069,0.354432397959,741,0.0953667953668,0.569022453549,37,37,37,1,0,0.405405405405,0.540540540541,0.0540540540541,-4,-0.003003003003,-0.00232866096308,-0.216216216216,-0.181818181818,-0.114285714286,-0.216396144771,-0.00840797135252,-0.00590827513904,-0.165751752207,-0.00597050005323,-0.00347155003025,0.0232720230911,0.0128583563053,0.00562536999784,-0.00284367725425,-0.00114863112591,0,-0.00232866096308,-0.00284367725425,0,-0.0153130001784,-0.0221366396977,-69,-0.00888030888031,-0.000554374800883,0,0,0,338,0,4,990,0.988304093567,1,0,0.0116959064327,1,0.988304093567,0.994117647059,0.992132559046,0.988304093567,0.988304093567,31,35,0,0,0,0
3880,WLNM_dir_neg,0.998163265306,0.139116049983,00:00:05,10,90,32,1241281867,threshold_sweep,0.1,0.971428571429,0.971428571429,0.971428571429,34,1,1,69,0.971428571429,0.985714285714,0.0142857142857,0.0285714285714,0.971428571429,0.971428571429,0.971428571429,0.980952380952,0.555555555556,0.957142857143,0.957142857143,0.957142857143,342,307,35,0,342,0,307,0,35,37,342,0.256756756757,1.72528881811,18.4864864865,15.5454545455,9.77142857143,5.36771015539,0.290358590277,0.142642642643,9.50849154237,1.02869645341,0.544491860281,8.05331334643,0.871264894205,0.461830251304,0.640599570326,0.371299902718,2,1.72528881811,0.640599570326,2,0.344071394247,0.376569037657,810,0.104247104247,0.56957682835,37,37,37,1,0,0.405405405405,0.540540540541,0.0540540540541,37,0.23048048048,1.75226923674,16.5945945946,13.9545454545,8.77142857143,4.61555016258,0.278135758983,0.134694955542,8.29948078987,1.00026315709,0.522581213135,7.24900324514,0.873658371564,0.469759661942,0.676989255177,0.386350020296,2,1.75226923674,0.676989255177,2,0.299426768018,0.307947019868,527,0.067824967825,0.483256091139,37,37,37,1,0,0.405405405405,0.540540540541,0.0540540540541,37,342,0.256756756757,1,18.4864864865,14.8695652174,9.77142857143,5.28426186174,0.285844574392,0.140034771614,9.45869795305,1.02330942767,0.541963015647,8.03259127072,0.869023032213,0.461672198514,0,0,0,NaN,NaN,NaN,0.34390524658,0.37646141855,805,0.103603603604,0.524538676888,37,37,0,1,2,0.378378378378,0.567567567568,0.0540540540541,0,0,-0.725288818115,0,-0.675889328063,0,-0.0834482936549,-0.00451401588484,-0.00260787102892,-0.0497935893282,-0.00538702574603,-0.00252884463411,-0.0207220757095,-0.00224186199197,-0.000158052789632,-0.640599570326,-0.371299902718,-2,NaN,NaN,NaN,-0.000166147667277,-0.000107619106631,-5,-0.000643500643501,-0.045038151462,-0.027027027027,0.027027027027,0,341,1,1,989,0.997076023392,0.99898989899,0.0010101010101,0.00292397660819,0.997076023392,0.997076023392,0.997076023392,0.996065922382,0.996065922382,0.99416909621,35,35,0,0,0,0
3881,WLNM_dir_neg,0.998163265306,0.139116049983,00:00:05,10,90,32,1241281867,threshold_sweep,0.2,0.971428571429,0.971428571429,0.971428571429,34,1,1,69,0.971428571429,0.985714285714,0.0142857142857,0.0285714285714,0.971428571429,0.971428571429,0.971428571429,0.980952380952,0.555555555556,0.957142857143,0.957142857143,0.957142857143,342,307,35,0,342,0,307,0,35,37,342,0.256756756757,1.72528881811,18.4864864865,15.5454545455,9.77142857143,5.36771015539,0.290358590277,0.142642642643,9.50849154237,1.02869645341,0.544491860281,8.05331334643,0.871264894205,0.461830251304,0.640599570326,0.371299902718,2,1.72528881811,0.640599570326,2,0.344071394247,0.376569037657,810,0.104247104247,0.56957682835,37,37,37,1,0,0.405405405405,0.540540540541,0.0540540540541,37,0.23048048048,1.75226923674,16.5945945946,13.9545454545,8.77142857143,4.61555016258,0.278135758983,0.134694955542,8.29948078987,1.00026315709,0.522581213135,7.24900324514,0.873658371564,0.469759661942,0.676989255177,0.386350020296,2,1.75226923674,0.676989255177,2,0.299426768018,0.307947019868,527,0.067824967825,0.483256091139,37,37,37,1,0,0.405405405405,0.540540540541,0.0540540540541,37,342,0.256756756757,1,18.4864864865,14.8695652174,9.77142857143,5.28426186174,0.285844574392,0.140034771614,9.45869795305,1.02330942767,0.541963015647,8.03259127072,0.869023032213,0.461672198514,0,0,0,NaN,NaN,NaN,0.34390524658,0.37646141855,805,0.103603603604,0.524538676888,37,37,0,1,2,0.378378378378,0.567567567568,0.0540540540541,0,0,-0.725288818115,0,-0.675889328063,0,-0.0834482936549,-0.00451401588484,-0.00260787102892,-0.0497935893282,-0.00538702574603,-0.00252884463411,-0.0207220757095,-0.00224186199197,-0.000158052789632,-0.640599570326,-0.371299902718,-2,NaN,NaN,NaN,-0.000166147667277,-0.000107619106631,-5,-0.000643500643501,-0.045038151462,-0.027027027027,0.027027027027,0,341,1,1,989,0.997076023392,0.99898989899,0.0010101010101,0.00292397660819,0.997076023392,0.997076023392,0.997076023392,0.996065922382,0.996065922382,0.99416909621,35,35,0,0,0,0
3882,WLNM_dir_neg,0.998163265306,0.139116049983,00:00:05,10,90,32,1241281867,threshold_sweep,0.3,0.969696969697,0.914285714286,0.941176470588,32,1,3,69,0.914285714286,0.985714285714,0.0142857142857,0.0857142857143,0.969696969697,0.914285714286,0.941176470588,0.961904761905,0.561904761905,0.913043478261,0.913907693767,0.9,342,307,35,0,342,0,307,0,35,37,342,0.256756756757,1.72528881811,18.4864864865,15.5454545455,9.77142857143,5.36771015539,0.290358590277,0.142642642643,9.50849154237,1.02869645341,0.544491860281,8.05331334643,0.871264894205,0.461830251304,0.640599570326,0.371299902718,2,1.72528881811,0.640599570326,2,0.344071394247,0.376569037657,810,0.104247104247,0.56957682835,37,37,37,1,0,0.405405405405,0.540540540541,0.0540540540541,37,0.23048048048,1.75226923674,16.5945945946,13.9545454545,8.77142857143,4.61555016258,0.278135758983,0.134694955542,8.29948078987,1.00026315709,0.522581213135,7.24900324514,0.873658371564,0.469759661942,0.676989255177,0.386350020296,2,1.75226923674,0.676989255177,2,0.299426768018,0.307947019868,527,0.067824967825,0.483256091139,37,37,37,1,0,0.405405405405,0.540540540541,0.0540540540541,37,340,0.255255255255,1,18.3783783784,14.7826086957,9.71428571429,5.36113250552,0.291708680447,0.143004769475,9.41581954254,1.02466271492,0.542448330684,8.06169901392,0.87730253975,0.465659777424,0,0,0,NaN,NaN,NaN,0.348235648886,0.372228337789,789,0.101544401544,0.525908095628,37,37,0,1,2,0.378378378378,0.567567567568,0.0540540540541,-2,-0.0015015015015,-0.725288818115,-0.108108108108,-0.762845849802,-0.0571428571429,-0.00657764987343,0.00135009017028,0.000362126832715,-0.0926719998358,-0.00403373849146,-0.00204352959771,0.0083856674828,0.00603764554492,0.00382952612055,-0.640599570326,-0.371299902718,-2,NaN,NaN,NaN,0.00416425463826,-0.00434069986794,-21,-0.0027027027027,-0.0436687327222,-0.027027027027,0.027027027027,0,339,1,3,989,0.991228070175,0.99898989899,0.0010101010101,0.00877192982456,0.997058823529,0.991228070175,0.994134897361,0.992124464258,0.990217969165,0.98833819242,33,35,0,0,0,0
3883,WLNM_dir_neg,0.998163265306,0.139116049983,00:00:05,10,90,32,1241281867,threshold_sweep,0.4,0.969696969697,0.914285714286,0.941176470588,32,1,3,69,0.914285714286,0.985714285714,0.0142857142857,0.0857142857143,0.969696969697,0.914285714286,0.941176470588,0.961904761905,0.561904761905,0.913043478261,0.913907693767,0.9,342,307,35,0,342,0,307,0,35,37,342,0.256756756757,1.72528881811,18.4864864865,15.5454545455,9.77142857143,5.36771015539,0.290358590277,0.142642642643,9.50849154237,1.02869645341,0.544491860281,8.05331334643,0.871264894205,0.461830251304,0.640599570326,0.371299902718,2,1.72528881811,0.640599570326,2,0.344071394247,0.376569037657,810,0.104247104247,0.56957682835,37,37,37,1,0,0.405405405405,0.540540540541,0.0540540540541,37,0.23048048048,1.75226923674,16.5945945946,13.9545454545,8.77142857143,4.61555016258,0.278135758983,0.134694955542,8.29948078987,1.00026315709,0.522581213135,7.24900324514,0.873658371564,0.469759661942,0.676989255177,0.386350020296,2,1.75226923674,0.676989255177,2,0.299426768018,0.307947019868,527,0.067824967825,0.483256091139,37,37,37,1,0,0.405405405405,0.540540540541,0.0540540540541,37,340,0.255255255255,1,18.3783783784,14.7826086957,9.71428571429,5.36113250552,0.291708680447,0.143004769475,9.41581954254,1.02466271492,0.542448330684,8.06169901392,0.87730253975,0.465659777424,0,0,0,NaN,NaN,NaN,0.348235648886,0.372228337789,789,0.101544401544,0.525908095628,37,37,0,1,2,0.378378378378,0.567567567568,0.0540540540541,-2,-0.0015015015015,-0.725288818115,-0.108108108108,-0.762845849802,-0.0571428571429,-0.00657764987343,0.00135009017028,0.000362126832715,-0.0926719998358,-0.00403373849146,-0.00204352959771,0.0083856674828,0.00603764554492,0.00382952612055,-0.640599570326,-0.371299902718,-2,NaN,NaN,NaN,0.00416425463826,-0.00434069986794,-21,-0.0027027027027,-0.0436687327222,-0.027027027027,0.027027027027,0,339,1,3,989,0.991228070175,0.99898989899,0.0010101010101,0.00877192982456,0.997058823529,0.991228070175,0.994134897361,0.992124464258,0.990217969165,0.98833819242,33,35,0,0,0,0
3884,WLNM_dir_neg,0.998163265306,0.139116049983,00:00:05,10,90,32,1241281867,threshold_sweep,0.5,0.96875,0.885714285714,0.925373134328,31,1,4,69,0.885714285714,0.985714285714,0.0142857142857,0.114285714286,0.96875,0.885714285714,0.925373134328,0.952380952381,0.565079365079,0.890510948905,0.89243874737,0.871428571429,342,307,35,0,342,0,307,0,35,37,342,0.256756756757,1.72528881811,18.4864864865,15.5454545455,9.77142857143,5.36771015539,0.290358590277,0.142642642643,9.50849154237,1.02869645341,0.544491860281,8.05331334643,0.871264894205,0.461830251304,0.640599570326,0.371299902718,2,1.72528881811,0.640599570326,2,0.344071394247,0.376569037657,810,0.104247104247,0.56957682835,37,37,37,1,0,0.405405405405,0.540540540541,0.0540540540541,37,0.23048048048,1.75226923674,16.5945945946,13.9545454545,8.77142857143,4.61555016258,0.278135758983,0.134694955542,8.29948078987,1.00026315709,0.522581213135,7.24900324514,0.873658371564,0.469759661942,0.676989255177,0.386350020296,2,1.75226923674,0.676989255177,2,0.299426768018,0.307947019868,527,0.067824967825,0.483256091139,37,37,37,1,0,0.405405405405,0.540540540541,0.0540540540541,37,339,0.254504504505,1,18.3243243243,14.7391304348,9.68571428571,5.2970329958,0.289071122189,0.142469903532,9.3526987,1.0207960233,0.541178346488,8.08466832108,0.882397427374,0.467990114008,0,0,0,NaN,NaN,NaN,0.343754897205,0.366978291871,772,0.0993564993565,0.526684289609,37,37,0,1,2,0.378378378378,0.567567567568,0.0540540540541,-3,-0.00225225225225,-0.725288818115,-0.162162162162,-0.806324110672,-0.0857142857143,-0.0706771595966,-0.00128746808763,-0.000172739110792,-0.155792842375,-0.00790043011102,-0.00331351379325,0.031354974645,0.0111325331696,0.00615986270388,-0.640599570326,-0.371299902718,-2,NaN,NaN,NaN,-0.00031649704285,-0.00959074578557,-38,-0.0048906048906,-0.0428925387411,-0.027027027027,0.027027027027,0,338,1,4,989,0.988304093567,0.99898989899,0.0010101010101,0.0116959064327,0.997050147493,0.988304093567,0.992657856094,0.990153829373,0.987293992557,0.985422740525,32,35,0,0,0,0
3885,WLNM_dir_neg,0.998163265306,0.139116049983,00:00:05,10,90,32,1241281867,threshold_sweep,0.6,0.96875,0.885714285714,0.925373134328,31,1,4,69,0.885714285714,0.985714285714,0.0142857142857,0.114285714286,0.96875,0.885714285714,0.925373134328,0.952380952381,0.565079365079,0.890510948905,0.89243874737,0.871428571429,342,307,35,0,342,0,307,0,35,37,342,0.256756756757,1.72528881811,18.4864864865,15.5454545455,9.77142857143,5.36771015539,0.290358590277,0.142642642643,9.50849154237,1.02869645341,0.544491860281,8.05331334643,0.871264894205,0.461830251304,0.640599570326,0.371299902718,2,1.72528881811,0.640599570326,2,0.344071394247,0.376569037657,810,0.104247104247,0.56957682835,37,37,37,1,0,0.405405405405,0.540540540541,0.0540540540541,37,0.23048048048,1.75226923674,16.5945945946,13.9545454545,8.77142857143,4.61555016258,0.278135758983,0.134694955542,8.29948078987,1.00026315709,0.522581213135,7.24900324514,0.873658371564,0.469759661942,0.676989255177,0.386350020296,2,1.75226923674,0.676989255177,2,0.299426768018,0.307947019868,527,0.067824967825,0.483256091139,37,37,37,1,0,0.405405405405,0.540540540541,0.0540540540541,37,339,0.254504504505,1,18.3243243243,14.7391304348,9.68571428571,5.2970329958,0.289071122189,0.142469903532,9.3526987,1.0207960233,0.541178346488,8.08466832108,0.882397427374,0.467990114008,0,0,0,NaN,NaN,NaN,0.343754897205,0.366978291871,772,0.0993564993565,0.526684289609,37,37,0,1,2,0.378378378378,0.567567567568,0.0540540540541,-3,-0.00225225225225,-0.725288818115,-0.162162162162,-0.806324110672,-0.0857142857143,-0.0706771595966,-0.00128746808763,-0.000172739110792,-0.155792842375,-0.00790043011102,-0.00331351379325,0.031354974645,0.0111325331696,0.00615986270388,-0.640599570326,-0.371299902718,-2,NaN,NaN,NaN,-0.00031649704285,-0.00959074578557,-38,-0.0048906048906,-0.0428925387411,-0.027027027027,0.027027027027,0,338,1,4,989,0.988304093567,0.99898989899,0.0010101010101,0.0116959064327,0.997050147493,0.988304093567,0.992657856094,0.990153829373,0.987293992557,0.985422740525,32,35,0,0,0,0
3886,WLNM_dir_neg,0.998163265306,0.139116049983,00:00:05,10,90,32,1241281867,threshold_sweep,0.7,0.96875,0.885714285714,0.925373134328,31,1,4,69,0.885714285714,0.985714285714,0.0142857142857,0.114285714286,0.96875,0.885714285714,0.925373134328,0.952380952381,0.565079365079,0.890510948905,0.89243874737,0.871428571429,342,307,35,0,342,0,307,0,35,37,342,0.256756756757,1.72528881811,18.4864864865,15.5454545455,9.77142857143,5.36771015539,0.290358590277,0.142642642643,9.50849154237,1.02869645341,0.544491860281,8.05331334643,0.871264894205,0.461830251304,0.640599570326,0.371299902718,2,1.72528881811,0.640599570326,2,0.344071394247,0.376569037657,810,0.104247104247,0.56957682835,37,37,37,1,0,0.405405405405,0.540540540541,0.0540540540541,37,0.23048048048,1.75226923674,16.5945945946,13.9545454545,8.77142857143,4.61555016258,0.278135758983,0.134694955542,8.29948078987,1.00026315709,0.522581213135,7.24900324514,0.873658371564,0.469759661942,0.676989255177,0.386350020296,2,1.75226923674,0.676989255177,2,0.299426768018,0.307947019868,527,0.067824967825,0.483256091139,37,37,37,1,0,0.405405405405,0.540540540541,0.0540540540541,37,339,0.254504504505,1,18.3243243243,14.7391304348,9.68571428571,5.2970329958,0.289071122189,0.142469903532,9.3526987,1.0207960233,0.541178346488,8.08466832108,0.882397427374,0.467990114008,0,0,0,NaN,NaN,NaN,0.343754897205,0.366978291871,772,0.0993564993565,0.526684289609,37,37,0,1,2,0.378378378378,0.567567567568,0.0540540540541,-3,-0.00225225225225,-0.725288818115,-0.162162162162,-0.806324110672,-0.0857142857143,-0.0706771595966,-0.00128746808763,-0.000172739110792,-0.155792842375,-0.00790043011102,-0.00331351379325,0.031354974645,0.0111325331696,0.00615986270388,-0.640599570326,-0.371299902718,-2,NaN,NaN,NaN,-0.00031649704285,-0.00959074578557,-38,-0.0048906048906,-0.0428925387411,-0.027027027027,0.027027027027,0,338,1,4,989,0.988304093567,0.99898989899,0.0010101010101,0.0116959064327,0.997050147493,0.988304093567,0.992657856094,0.990153829373,0.987293992557,0.985422740525,32,35,0,0,0,0
3887,WLNM_dir_neg,0.998163265306,0.139116049983,00:00:05,10,90,32,1241281867,threshold_sweep,0.8,0.96875,0.885714285714,0.925373134328,31,1,4,69,0.885714285714,0.985714285714,0.0142857142857,0.114285714286,0.96875,0.885714285714,0.925373134328,0.952380952381,0.565079365079,0.890510948905,0.89243874737,0.871428571429,342,307,35,0,342,0,307,0,35,37,342,0.256756756757,1.72528881811,18.4864864865,15.5454545455,9.77142857143,5.36771015539,0.290358590277,0.142642642643,9.50849154237,1.02869645341,0.544491860281,8.05331334643,0.871264894205,0.461830251304,0.640599570326,0.371299902718,2,1.72528881811,0.640599570326,2,0.344071394247,0.376569037657,810,0.104247104247,0.56957682835,37,37,37,1,0,0.405405405405,0.540540540541,0.0540540540541,37,0.23048048048,1.75226923674,16.5945945946,13.9545454545,8.77142857143,4.61555016258,0.278135758983,0.134694955542,8.29948078987,1.00026315709,0.522581213135,7.24900324514,0.873658371564,0.469759661942,0.676989255177,0.386350020296,2,1.75226923674,0.676989255177,2,0.299426768018,0.307947019868,527,0.067824967825,0.483256091139,37,37,37,1,0,0.405405405405,0.540540540541,0.0540540540541,37,339,0.254504504505,1,18.3243243243,14.7391304348,9.68571428571,5.2970329958,0.289071122189,0.142469903532,9.3526987,1.0207960233,0.541178346488,8.08466832108,0.882397427374,0.467990114008,0,0,0,NaN,NaN,NaN,0.343754897205,0.366978291871,772,0.0993564993565,0.526684289609,37,37,0,1,2,0.378378378378,0.567567567568,0.0540540540541,-3,-0.00225225225225,-0.725288818115,-0.162162162162,-0.806324110672,-0.0857142857143,-0.0706771595966,-0.00128746808763,-0.000172739110792,-0.155792842375,-0.00790043011102,-0.00331351379325,0.031354974645,0.0111325331696,0.00615986270388,-0.640599570326,-0.371299902718,-2,NaN,NaN,NaN,-0.00031649704285,-0.00959074578557,-38,-0.0048906048906,-0.0428925387411,-0.027027027027,0.027027027027,0,338,1,4,989,0.988304093567,0.99898989899,0.0010101010101,0.0116959064327,0.997050147493,0.988304093567,0.992657856094,0.990153829373,0.987293992557,0.985422740525,32,35,0,0,0,0
3888,WLNM_dir_neg,0.998163265306,0.139116049983,00:00:05,10,90,32,1241281867,threshold_sweep,0.9,0.96875,0.885714285714,0.925373134328,31,1,4,69,0.885714285714,0.985714285714,0.0142857142857,0.114285714286,0.96875,0.885714285714,0.925373134328,0.952380952381,0.565079365079,0.890510948905,0.89243874737,0.871428571429,342,307,35,0,342,0,307,0,35,37,342,0.256756756757,1.72528881811,18.4864864865,15.5454545455,9.77142857143,5.36771015539,0.290358590277,0.142642642643,9.50849154237,1.02869645341,0.544491860281,8.05331334643,0.871264894205,0.461830251304,0.640599570326,0.371299902718,2,1.72528881811,0.640599570326,2,0.344071394247,0.376569037657,810,0.104247104247,0.56957682835,37,37,37,1,0,0.405405405405,0.540540540541,0.0540540540541,37,0.23048048048,1.75226923674,16.5945945946,13.9545454545,8.77142857143,4.61555016258,0.278135758983,0.134694955542,8.29948078987,1.00026315709,0.522581213135,7.24900324514,0.873658371564,0.469759661942,0.676989255177,0.386350020296,2,1.75226923674,0.676989255177,2,0.299426768018,0.307947019868,527,0.067824967825,0.483256091139,37,37,37,1,0,0.405405405405,0.540540540541,0.0540540540541,37,339,0.254504504505,1,18.3243243243,14.7391304348,9.68571428571,5.2970329958,0.289071122189,0.142469903532,9.3526987,1.0207960233,0.541178346488,8.08466832108,0.882397427374,0.467990114008,0,0,0,NaN,NaN,NaN,0.343754897205,0.366978291871,772,0.0993564993565,0.526684289609,37,37,0,1,2,0.378378378378,0.567567567568,0.0540540540541,-3,-0.00225225225225,-0.725288818115,-0.162162162162,-0.806324110672,-0.0857142857143,-0.0706771595966,-0.00128746808763,-0.000172739110792,-0.155792842375,-0.00790043011102,-0.00331351379325,0.031354974645,0.0111325331696,0.00615986270388,-0.640599570326,-0.371299902718,-2,NaN,NaN,NaN,-0.00031649704285,-0.00959074578557,-38,-0.0048906048906,-0.0428925387411,-0.027027027027,0.027027027027,0,338,1,4,989,0.988304093567,0.99898989899,0.0010101010101,0.0116959064327,0.997050147493,0.988304093567,0.992657856094,0.990153829373,0.987293992557,0.985422740525,32,35,0,0,0,0
3889,WLNM_dir_neg,0.986530612245,0.609425328573,00:00:05,10,90,33,1241281868,threshold_sweep,0.1,1,0.914285714286,0.955223880597,32,0,3,70,0.914285714286,1,0,0.0857142857143,1,0.914285714286,0.955223880597,0.971428571429,0.565079365079,0.934306569343,0.936329177569,0.914285714286,342,307,35,0,342,0,307,0,35,37,342,0.256756756757,1.72528881811,18.4864864865,15.5454545455,9.77142857143,5.36771015539,0.290358590277,0.142642642643,9.50849154237,1.02869645341,0.544491860281,8.05331334643,0.871264894205,0.461830251304,0.640599570326,0.371299902718,2,1.72528881811,0.640599570326,2,0.344071394247,0.376569037657,810,0.104247104247,0.56957682835,37,37,37,1,0,0.405405405405,0.540540540541,0.0540540540541,37,0.23048048048,1.73973284413,16.5945945946,13.9545454545,8.77142857143,4.63956091948,0.279582661271,0.138656571881,8.40259505174,1.01269060884,0.53402588256,7.05480476486,0.850253342996,0.459019279866,0.656076066818,0.377113111955,2,1.73973284413,0.656076066818,2,0.305232729768,0.323014018692,553,0.0711711711712,0.465109731397,37,37,37,1,0,0.405405405405,0.540540540541,0.0540540540541,37,339,0.254504504505,1.72594064307,18.3243243243,15.4090909091,9.68571428571,5.22841623595,0.285326549749,0.140237582715,9.37642882005,1.02338603641,0.541816152436,8.00872272211,0.874108379699,0.464482181296,0.641121639512,0.37146216012,2,1.72594064307,0.641121639512,2,0.337791468615,0.366930379747,773,0.0994851994852,0.563377327378,37,37,37,1,0,0.405405405405,0.540540540541,0.0540540540541,-3,-0.00225225225225,0.000651824950885,-0.162162162162,-0.136363636364,-0.0857142857143,-0.139293919444,-0.00503204052769,-0.00240505992718,-0.132062722327,-0.00531041700844,-0.00267570784571,-0.0445906243243,0.00284348549444,0.00265192999241,0.000522069185829,0.000162257402131,0,0.000651824950885,0.000522069185829,0,-0.006279925632,-0.00963865791007,-37,-0.0047619047619,-0.00619950097158,0,0,0,339,0,3,990,0.991228070175,1,0,0.00877192982456,1,0.991228070175,0.995594713656,0.994099302604,0.991228070175,0.991228070175,32,35,0,0,0,0
3890,WLNM_dir_neg,0.986530612245,0.609425328573,00:00:05,10,90,33,1241281868,threshold_sweep,0.2,1,0.914285714286,0.955223880597,32,0,3,70,0.914285714286,1,0,0.0857142857143,1,0.914285714286,0.955223880597,0.971428571429,0.565079365079,0.934306569343,0.936329177569,0.914285714286,342,307,35,0,342,0,307,0,35,37,342,0.256756756757,1.72528881811,18.4864864865,15.5454545455,9.77142857143,5.36771015539,0.290358590277,0.142642642643,9.50849154237,1.02869645341,0.544491860281,8.05331334643,0.871264894205,0.461830251304,0.640599570326,0.371299902718,2,1.72528881811,0.640599570326,2,0.344071394247,0.376569037657,810,0.104247104247,0.56957682835,37,37,37,1,0,0.405405405405,0.540540540541,0.0540540540541,37,0.23048048048,1.73973284413,16.5945945946,13.9545454545,8.77142857143,4.63956091948,0.279582661271,0.138656571881,8.40259505174,1.01269060884,0.53402588256,7.05480476486,0.850253342996,0.459019279866,0.656076066818,0.377113111955,2,1.73973284413,0.656076066818,2,0.305232729768,0.323014018692,553,0.0711711711712,0.465109731397,37,37,37,1,0,0.405405405405,0.540540540541,0.0540540540541,37,339,0.254504504505,1.72594064307,18.3243243243,15.4090909091,9.68571428571,5.22841623595,0.285326549749,0.140237582715,9.37642882005,1.02338603641,0.541816152436,8.00872272211,0.874108379699,0.464482181296,0.641121639512,0.37146216012,2,1.72594064307,0.641121639512,2,0.337791468615,0.366930379747,773,0.0994851994852,0.563377327378,37,37,37,1,0,0.405405405405,0.540540540541,0.0540540540541,-3,-0.00225225225225,0.000651824950885,-0.162162162162,-0.136363636364,-0.0857142857143,-0.139293919444,-0.00503204052769,-0.00240505992718,-0.132062722327,-0.00531041700844,-0.00267570784571,-0.0445906243243,0.00284348549444,0.00265192999241,0.000522069185829,0.000162257402131,0,0.000651824950885,0.000522069185829,0,-0.006279925632,-0.00963865791007,-37,-0.0047619047619,-0.00619950097158,0,0,0,339,0,3,990,0.991228070175,1,0,0.00877192982456,1,0.991228070175,0.995594713656,0.994099302604,0.991228070175,0.991228070175,32,35,0,0,0,0
3891,WLNM_dir_neg,0.986530612245,0.609425328573,00:00:05,10,90,33,1241281868,threshold_sweep,0.3,1,0.914285714286,0.955223880597,32,0,3,70,0.914285714286,1,0,0.0857142857143,1,0.914285714286,0.955223880597,0.971428571429,0.565079365079,0.934306569343,0.936329177569,0.914285714286,342,307,35,0,342,0,307,0,35,37,342,0.256756756757,1.72528881811,18.4864864865,15.5454545455,9.77142857143,5.36771015539,0.290358590277,0.142642642643,9.50849154237,1.02869645341,0.544491860281,8.05331334643,0.871264894205,0.461830251304,0.640599570326,0.371299902718,2,1.72528881811,0.640599570326,2,0.344071394247,0.376569037657,810,0.104247104247,0.56957682835,37,37,37,1,0,0.405405405405,0.540540540541,0.0540540540541,37,0.23048048048,1.73973284413,16.5945945946,13.9545454545,8.77142857143,4.63956091948,0.279582661271,0.138656571881,8.40259505174,1.01269060884,0.53402588256,7.05480476486,0.850253342996,0.459019279866,0.656076066818,0.377113111955,2,1.73973284413,0.656076066818,2,0.305232729768,0.323014018692,553,0.0711711711712,0.465109731397,37,37,37,1,0,0.405405405405,0.540540540541,0.0540540540541,37,339,0.254504504505,1.72594064307,18.3243243243,15.4090909091,9.68571428571,5.22841623595,0.285326549749,0.140237582715,9.37642882005,1.02338603641,0.541816152436,8.00872272211,0.874108379699,0.464482181296,0.641121639512,0.37146216012,2,1.72594064307,0.641121639512,2,0.337791468615,0.366930379747,773,0.0994851994852,0.563377327378,37,37,37,1,0,0.405405405405,0.540540540541,0.0540540540541,-3,-0.00225225225225,0.000651824950885,-0.162162162162,-0.136363636364,-0.0857142857143,-0.139293919444,-0.00503204052769,-0.00240505992718,-0.132062722327,-0.00531041700844,-0.00267570784571,-0.0445906243243,0.00284348549444,0.00265192999241,0.000522069185829,0.000162257402131,0,0.000651824950885,0.000522069185829,0,-0.006279925632,-0.00963865791007,-37,-0.0047619047619,-0.00619950097158,0,0,0,339,0,3,990,0.991228070175,1,0,0.00877192982456,1,0.991228070175,0.995594713656,0.994099302604,0.991228070175,0.991228070175,32,35,0,0,0,0
3892,WLNM_dir_neg,0.986530612245,0.609425328573,00:00:05,10,90,33,1241281868,threshold_sweep,0.4,1,0.914285714286,0.955223880597,32,0,3,70,0.914285714286,1,0,0.0857142857143,1,0.914285714286,0.955223880597,0.971428571429,0.565079365079,0.934306569343,0.936329177569,0.914285714286,342,307,35,0,342,0,307,0,35,37,342,0.256756756757,1.72528881811,18.4864864865,15.5454545455,9.77142857143,5.36771015539,0.290358590277,0.142642642643,9.50849154237,1.02869645341,0.544491860281,8.05331334643,0.871264894205,0.461830251304,0.640599570326,0.371299902718,2,1.72528881811,0.640599570326,2,0.344071394247,0.376569037657,810,0.104247104247,0.56957682835,37,37,37,1,0,0.405405405405,0.540540540541,0.0540540540541,37,0.23048048048,1.73973284413,16.5945945946,13.9545454545,8.77142857143,4.63956091948,0.279582661271,0.138656571881,8.40259505174,1.01269060884,0.53402588256,7.05480476486,0.850253342996,0.459019279866,0.656076066818,0.377113111955,2,1.73973284413,0.656076066818,2,0.305232729768,0.323014018692,553,0.0711711711712,0.465109731397,37,37,37,1,0,0.405405405405,0.540540540541,0.0540540540541,37,339,0.254504504505,1.72594064307,18.3243243243,15.4090909091,9.68571428571,5.22841623595,0.285326549749,0.140237582715,9.37642882005,1.02338603641,0.541816152436,8.00872272211,0.874108379699,0.464482181296,0.641121639512,0.37146216012,2,1.72594064307,0.641121639512,2,0.337791468615,0.366930379747,773,0.0994851994852,0.563377327378,37,37,37,1,0,0.405405405405,0.540540540541,0.0540540540541,-3,-0.00225225225225,0.000651824950885,-0.162162162162,-0.136363636364,-0.0857142857143,-0.139293919444,-0.00503204052769,-0.00240505992718,-0.132062722327,-0.00531041700844,-0.00267570784571,-0.0445906243243,0.00284348549444,0.00265192999241,0.000522069185829,0.000162257402131,0,0.000651824950885,0.000522069185829,0,-0.006279925632,-0.00963865791007,-37,-0.0047619047619,-0.00619950097158,0,0,0,339,0,3,990,0.991228070175,1,0,0.00877192982456,1,0.991228070175,0.995594713656,0.994099302604,0.991228070175,0.991228070175,32,35,0,0,0,0
3893,WLNM_dir_neg,0.986530612245,0.609425328573,00:00:05,10,90,33,1241281868,threshold_sweep,0.5,1,0.914285714286,0.955223880597,32,0,3,70,0.914285714286,1,0,0.0857142857143,1,0.914285714286,0.955223880597,0.971428571429,0.565079365079,0.934306569343,0.936329177569,0.914285714286,342,307,35,0,342,0,307,0,35,37,342,0.256756756757,1.72528881811,18.4864864865,15.5454545455,9.77142857143,5.36771015539,0.290358590277,0.142642642643,9.50849154237,1.02869645341,0.544491860281,8.05331334643,0.871264894205,0.461830251304,0.640599570326,0.371299902718,2,1.72528881811,0.640599570326,2,0.344071394247,0.376569037657,810,0.104247104247,0.56957682835,37,37,37,1,0,0.405405405405,0.540540540541,0.0540540540541,37,0.23048048048,1.73973284413,16.5945945946,13.9545454545,8.77142857143,4.63956091948,0.279582661271,0.138656571881,8.40259505174,1.01269060884,0.53402588256,7.05480476486,0.850253342996,0.459019279866,0.656076066818,0.377113111955,2,1.73973284413,0.656076066818,2,0.305232729768,0.323014018692,553,0.0711711711712,0.465109731397,37,37,37,1,0,0.405405405405,0.540540540541,0.0540540540541,37,339,0.254504504505,1.72594064307,18.3243243243,15.4090909091,9.68571428571,5.22841623595,0.285326549749,0.140237582715,9.37642882005,1.02338603641,0.541816152436,8.00872272211,0.874108379699,0.464482181296,0.641121639512,0.37146216012,2,1.72594064307,0.641121639512,2,0.337791468615,0.366930379747,773,0.0994851994852,0.563377327378,37,37,37,1,0,0.405405405405,0.540540540541,0.0540540540541,-3,-0.00225225225225,0.000651824950885,-0.162162162162,-0.136363636364,-0.0857142857143,-0.139293919444,-0.00503204052769,-0.00240505992718,-0.132062722327,-0.00531041700844,-0.00267570784571,-0.0445906243243,0.00284348549444,0.00265192999241,0.000522069185829,0.000162257402131,0,0.000651824950885,0.000522069185829,0,-0.006279925632,-0.00963865791007,-37,-0.0047619047619,-0.00619950097158,0,0,0,339,0,3,990,0.991228070175,1,0,0.00877192982456,1,0.991228070175,0.995594713656,0.994099302604,0.991228070175,0.991228070175,32,35,0,0,0,0
3894,WLNM_dir_neg,0.986530612245,0.609425328573,00:00:05,10,90,33,1241281868,threshold_sweep,0.6,1,0.914285714286,0.955223880597,32,0,3,70,0.914285714286,1,0,0.0857142857143,1,0.914285714286,0.955223880597,0.971428571429,0.565079365079,0.934306569343,0.936329177569,0.914285714286,342,307,35,0,342,0,307,0,35,37,342,0.256756756757,1.72528881811,18.4864864865,15.5454545455,9.77142857143,5.36771015539,0.290358590277,0.142642642643,9.50849154237,1.02869645341,0.544491860281,8.05331334643,0.871264894205,0.461830251304,0.640599570326,0.371299902718,2,1.72528881811,0.640599570326,2,0.344071394247,0.376569037657,810,0.104247104247,0.56957682835,37,37,37,1,0,0.405405405405,0.540540540541,0.0540540540541,37,0.23048048048,1.73973284413,16.5945945946,13.9545454545,8.77142857143,4.63956091948,0.279582661271,0.138656571881,8.40259505174,1.01269060884,0.53402588256,7.05480476486,0.850253342996,0.459019279866,0.656076066818,0.377113111955,2,1.73973284413,0.656076066818,2,0.305232729768,0.323014018692,553,0.0711711711712,0.465109731397,37,37,37,1,0,0.405405405405,0.540540540541,0.0540540540541,37,339,0.254504504505,1.72594064307,18.3243243243,15.4090909091,9.68571428571,5.22841623595,0.285326549749,0.140237582715,9.37642882005,1.02338603641,0.541816152436,8.00872272211,0.874108379699,0.464482181296,0.641121639512,0.37146216012,2,1.72594064307,0.641121639512,2,0.337791468615,0.366930379747,773,0.0994851994852,0.563377327378,37,37,37,1,0,0.405405405405,0.540540540541,0.0540540540541,-3,-0.00225225225225,0.000651824950885,-0.162162162162,-0.136363636364,-0.0857142857143,-0.139293919444,-0.00503204052769,-0.00240505992718,-0.132062722327,-0.00531041700844,-0.00267570784571,-0.0445906243243,0.00284348549444,0.00265192999241,0.000522069185829,0.000162257402131,0,0.000651824950885,0.000522069185829,0,-0.006279925632,-0.00963865791007,-37,-0.0047619047619,-0.00619950097158,0,0,0,339,0,3,990,0.991228070175,1,0,0.00877192982456,1,0.991228070175,0.995594713656,0.994099302604,0.991228070175,0.991228070175,32,35,0,0,0,0
3895,WLNM_dir_neg,0.986530612245,0.609425328573,00:00:05,10,90,33,1241281868,threshold_sweep,0.7,1,0.914285714286,0.955223880597,32,0,3,70,0.914285714286,1,0,0.0857142857143,1,0.914285714286,0.955223880597,0.971428571429,0.565079365079,0.934306569343,0.936329177569,0.914285714286,342,307,35,0,342,0,307,0,35,37,342,0.256756756757,1.72528881811,18.4864864865,15.5454545455,9.77142857143,5.36771015539,0.290358590277,0.142642642643,9.50849154237,1.02869645341,0.544491860281,8.05331334643,0.871264894205,0.461830251304,0.640599570326,0.371299902718,2,1.72528881811,0.640599570326,2,0.344071394247,0.376569037657,810,0.104247104247,0.56957682835,37,37,37,1,0,0.405405405405,0.540540540541,0.0540540540541,37,0.23048048048,1.73973284413,16.5945945946,13.9545454545,8.77142857143,4.63956091948,0.279582661271,0.138656571881,8.40259505174,1.01269060884,0.53402588256,7.05480476486,0.850253342996,0.459019279866,0.656076066818,0.377113111955,2,1.73973284413,0.656076066818,2,0.305232729768,0.323014018692,553,0.0711711711712,0.465109731397,37,37,37,1,0,0.405405405405,0.540540540541,0.0540540540541,37,339,0.254504504505,1.72594064307,18.3243243243,15.4090909091,9.68571428571,5.22841623595,0.285326549749,0.140237582715,9.37642882005,1.02338603641,0.541816152436,8.00872272211,0.874108379699,0.464482181296,0.641121639512,0.37146216012,2,1.72594064307,0.641121639512,2,0.337791468615,0.366930379747,773,0.0994851994852,0.563377327378,37,37,37,1,0,0.405405405405,0.540540540541,0.0540540540541,-3,-0.00225225225225,0.000651824950885,-0.162162162162,-0.136363636364,-0.0857142857143,-0.139293919444,-0.00503204052769,-0.00240505992718,-0.132062722327,-0.00531041700844,-0.00267570784571,-0.0445906243243,0.00284348549444,0.00265192999241,0.000522069185829,0.000162257402131,0,0.000651824950885,0.000522069185829,0,-0.006279925632,-0.00963865791007,-37,-0.0047619047619,-0.00619950097158,0,0,0,339,0,3,990,0.991228070175,1,0,0.00877192982456,1,0.991228070175,0.995594713656,0.994099302604,0.991228070175,0.991228070175,32,35,0,0,0,0
3896,WLNM_dir_neg,0.986530612245,0.609425328573,00:00:05,10,90,33,1241281868,threshold_sweep,0.8,1,0.914285714286,0.955223880597,32,0,3,70,0.914285714286,1,0,0.0857142857143,1,0.914285714286,0.955223880597,0.971428571429,0.565079365079,0.934306569343,0.936329177569,0.914285714286,342,307,35,0,342,0,307,0,35,37,342,0.256756756757,1.72528881811,18.4864864865,15.5454545455,9.77142857143,5.36771015539,0.290358590277,0.142642642643,9.50849154237,1.02869645341,0.544491860281,8.05331334643,0.871264894205,0.461830251304,0.640599570326,0.371299902718,2,1.72528881811,0.640599570326,2,0.344071394247,0.376569037657,810,0.104247104247,0.56957682835,37,37,37,1,0,0.405405405405,0.540540540541,0.0540540540541,37,0.23048048048,1.73973284413,16.5945945946,13.9545454545,8.77142857143,4.63956091948,0.279582661271,0.138656571881,8.40259505174,1.01269060884,0.53402588256,7.05480476486,0.850253342996,0.459019279866,0.656076066818,0.377113111955,2,1.73973284413,0.656076066818,2,0.305232729768,0.323014018692,553,0.0711711711712,0.465109731397,37,37,37,1,0,0.405405405405,0.540540540541,0.0540540540541,37,339,0.254504504505,1.72594064307,18.3243243243,15.4090909091,9.68571428571,5.22841623595,0.285326549749,0.140237582715,9.37642882005,1.02338603641,0.541816152436,8.00872272211,0.874108379699,0.464482181296,0.641121639512,0.37146216012,2,1.72594064307,0.641121639512,2,0.337791468615,0.366930379747,773,0.0994851994852,0.563377327378,37,37,37,1,0,0.405405405405,0.540540540541,0.0540540540541,-3,-0.00225225225225,0.000651824950885,-0.162162162162,-0.136363636364,-0.0857142857143,-0.139293919444,-0.00503204052769,-0.00240505992718,-0.132062722327,-0.00531041700844,-0.00267570784571,-0.0445906243243,0.00284348549444,0.00265192999241,0.000522069185829,0.000162257402131,0,0.000651824950885,0.000522069185829,0,-0.006279925632,-0.00963865791007,-37,-0.0047619047619,-0.00619950097158,0,0,0,339,0,3,990,0.991228070175,1,0,0.00877192982456,1,0.991228070175,0.995594713656,0.994099302604,0.991228070175,0.991228070175,32,35,0,0,0,0
3897,WLNM_dir_neg,0.986530612245,0.609425328573,00:00:05,10,90,33,1241281868,threshold_sweep,0.9,1,0.914285714286,0.955223880597,32,0,3,70,0.914285714286,1,0,0.0857142857143,1,0.914285714286,0.955223880597,0.971428571429,0.565079365079,0.934306569343,0.936329177569,0.914285714286,342,307,35,0,342,0,307,0,35,37,342,0.256756756757,1.72528881811,18.4864864865,15.5454545455,9.77142857143,5.36771015539,0.290358590277,0.142642642643,9.50849154237,1.02869645341,0.544491860281,8.05331334643,0.871264894205,0.461830251304,0.640599570326,0.371299902718,2,1.72528881811,0.640599570326,2,0.344071394247,0.376569037657,810,0.104247104247,0.56957682835,37,37,37,1,0,0.405405405405,0.540540540541,0.0540540540541,37,0.23048048048,1.73973284413,16.5945945946,13.9545454545,8.77142857143,4.63956091948,0.279582661271,0.138656571881,8.40259505174,1.01269060884,0.53402588256,7.05480476486,0.850253342996,0.459019279866,0.656076066818,0.377113111955,2,1.73973284413,0.656076066818,2,0.305232729768,0.323014018692,553,0.0711711711712,0.465109731397,37,37,37,1,0,0.405405405405,0.540540540541,0.0540540540541,37,339,0.254504504505,1.72594064307,18.3243243243,15.4090909091,9.68571428571,5.22841623595,0.285326549749,0.140237582715,9.37642882005,1.02338603641,0.541816152436,8.00872272211,0.874108379699,0.464482181296,0.641121639512,0.37146216012,2,1.72594064307,0.641121639512,2,0.337791468615,0.366930379747,773,0.0994851994852,0.563377327378,37,37,37,1,0,0.405405405405,0.540540540541,0.0540540540541,-3,-0.00225225225225,0.000651824950885,-0.162162162162,-0.136363636364,-0.0857142857143,-0.139293919444,-0.00503204052769,-0.00240505992718,-0.132062722327,-0.00531041700844,-0.00267570784571,-0.0445906243243,0.00284348549444,0.00265192999241,0.000522069185829,0.000162257402131,0,0.000651824950885,0.000522069185829,0,-0.006279925632,-0.00963865791007,-37,-0.0047619047619,-0.00619950097158,0,0,0,339,0,3,990,0.991228070175,1,0,0.00877192982456,1,0.991228070175,0.995594713656,0.994099302604,0.991228070175,0.991228070175,32,35,0,0,0,0
3898,WLNM_dir_neg,0.976734693878,0.631133837913,00:00:06,10,90,34,1241281869,threshold_sweep,0.1,1,0.942857142857,0.970588235294,33,0,2,70,0.942857142857,1,0,0.0571428571429,1,0.942857142857,0.970588235294,0.980952380952,0.561904761905,0.95652173913,0.957427107756,0.942857142857,342,307,35,0,342,0,307,0,35,37,342,0.256756756757,1.72528881811,18.4864864865,15.5454545455,9.77142857143,5.36771015539,0.290358590277,0.142642642643,9.50849154237,1.02869645341,0.544491860281,8.05331334643,0.871264894205,0.461830251304,0.640599570326,0.371299902718,2,1.72528881811,0.640599570326,2,0.344071394247,0.376569037657,810,0.104247104247,0.56957682835,37,37,37,1,0,0.405405405405,0.540540540541,0.0540540540541,37,0.23048048048,1.7376114536,16.5945945946,13.9545454545,8.77142857143,4.46877723432,0.26929113627,0.133110309006,8.36283067728,1.0078981598,0.529271942953,7.0979843182,0.855457393398,0.460251782727,0.653857500991,0.376296725966,2,1.7376114536,0.653857500991,2,0.295326167843,0.313502935421,534,0.0687258687259,0.469931275198,37,37,37,1,0,0.405405405405,0.540540540541,0.0540540540541,37,340,0.255255255255,1.72408243492,18.3783783784,15.4545454545,9.71428571429,5.22999549262,0.284573284157,0.140143084261,9.39810216609,1.02273464749,0.54213036566,8.09265043054,0.880670782147,0.465659777424,0.63902150937,0.370644405642,2,1.72408243492,0.63902150937,2,0.334722661228,0.363965381589,771,0.0992277992278,0.57113368201,37,37,37,1,0,0.405405405405,0.540540540541,0.0540540540541,-2,-0.0015015015015,-0.00120638319134,-0.108108108108,-0.0909090909091,-0.0571428571429,-0.137714662771,-0.00578530611972,-0.00249955838191,-0.110389376282,-0.0059618059282,-0.00236149462156,0.0393370841102,0.00940588794261,0.00382952612055,-0.00157806095591,-0.000655497075679,0,-0.00120638319134,-0.00157806095591,0,-0.00934873301906,-0.0126036560676,-39,-0.00501930501931,0.00155685365994,0,0,0,340,0,2,990,0.994152046784,1,0,0.00584795321637,1,0.994152046784,0.99706744868,0.996066116269,0.994152046784,0.994152046784,33,35,0,0,0,0
3899,WLNM_dir_neg,0.976734693878,0.631133837913,00:00:06,10,90,34,1241281869,threshold_sweep,0.2,1,0.942857142857,0.970588235294,33,0,2,70,0.942857142857,1,0,0.0571428571429,1,0.942857142857,0.970588235294,0.980952380952,0.561904761905,0.95652173913,0.957427107756,0.942857142857,342,307,35,0,342,0,307,0,35,37,342,0.256756756757,1.72528881811,18.4864864865,15.5454545455,9.77142857143,5.36771015539,0.290358590277,0.142642642643,9.50849154237,1.02869645341,0.544491860281,8.05331334643,0.871264894205,0.461830251304,0.640599570326,0.371299902718,2,1.72528881811,0.640599570326,2,0.344071394247,0.376569037657,810,0.104247104247,0.56957682835,37,37,37,1,0,0.405405405405,0.540540540541,0.0540540540541,37,0.23048048048,1.7376114536,16.5945945946,13.9545454545,8.77142857143,4.46877723432,0.26929113627,0.133110309006,8.36283067728,1.0078981598,0.529271942953,7.0979843182,0.855457393398,0.460251782727,0.653857500991,0.376296725966,2,1.7376114536,0.653857500991,2,0.295326167843,0.313502935421,534,0.0687258687259,0.469931275198,37,37,37,1,0,0.405405405405,0.540540540541,0.0540540540541,37,340,0.255255255255,1.72408243492,18.3783783784,15.4545454545,9.71428571429,5.22999549262,0.284573284157,0.140143084261,9.39810216609,1.02273464749,0.54213036566,8.09265043054,0.880670782147,0.465659777424,0.63902150937,0.370644405642,2,1.72408243492,0.63902150937,2,0.334722661228,0.363965381589,771,0.0992277992278,0.57113368201,37,37,37,1,0,0.405405405405,0.540540540541,0.0540540540541,-2,-0.0015015015015,-0.00120638319134,-0.108108108108,-0.0909090909091,-0.0571428571429,-0.137714662771,-0.00578530611972,-0.00249955838191,-0.110389376282,-0.0059618059282,-0.00236149462156,0.0393370841102,0.00940588794261,0.00382952612055,-0.00157806095591,-0.000655497075679,0,-0.00120638319134,-0.00157806095591,0,-0.00934873301906,-0.0126036560676,-39,-0.00501930501931,0.00155685365994,0,0,0,340,0,2,990,0.994152046784,1,0,0.00584795321637,1,0.994152046784,0.99706744868,0.996066116269,0.994152046784,0.994152046784,33,35,0,0,0,0
3900,WLNM_dir_neg,0.976734693878,0.631133837913,00:00:06,10,90,34,1241281869,threshold_sweep,0.3,1,0.942857142857,0.970588235294,33,0,2,70,0.942857142857,1,0,0.0571428571429,1,0.942857142857,0.970588235294,0.980952380952,0.561904761905,0.95652173913,0.957427107756,0.942857142857,342,307,35,0,342,0,307,0,35,37,342,0.256756756757,1.72528881811,18.4864864865,15.5454545455,9.77142857143,5.36771015539,0.290358590277,0.142642642643,9.50849154237,1.02869645341,0.544491860281,8.05331334643,0.871264894205,0.461830251304,0.640599570326,0.371299902718,2,1.72528881811,0.640599570326,2,0.344071394247,0.376569037657,810,0.104247104247,0.56957682835,37,37,37,1,0,0.405405405405,0.540540540541,0.0540540540541,37,0.23048048048,1.7376114536,16.5945945946,13.9545454545,8.77142857143,4.46877723432,0.26929113627,0.133110309006,8.36283067728,1.0078981598,0.529271942953,7.0979843182,0.855457393398,0.460251782727,0.653857500991,0.376296725966,2,1.7376114536,0.653857500991,2,0.295326167843,0.313502935421,534,0.0687258687259,0.469931275198,37,37,37,1,0,0.405405405405,0.540540540541,0.0540540540541,37,340,0.255255255255,1.72408243492,18.3783783784,15.4545454545,9.71428571429,5.22999549262,0.284573284157,0.140143084261,9.39810216609,1.02273464749,0.54213036566,8.09265043054,0.880670782147,0.465659777424,0.63902150937,0.370644405642,2,1.72408243492,0.63902150937,2,0.334722661228,0.363965381589,771,0.0992277992278,0.57113368201,37,37,37,1,0,0.405405405405,0.540540540541,0.0540540540541,-2,-0.0015015015015,-0.00120638319134,-0.108108108108,-0.0909090909091,-0.0571428571429,-0.137714662771,-0.00578530611972,-0.00249955838191,-0.110389376282,-0.0059618059282,-0.00236149462156,0.0393370841102,0.00940588794261,0.00382952612055,-0.00157806095591,-0.000655497075679,0,-0.00120638319134,-0.00157806095591,0,-0.00934873301906,-0.0126036560676,-39,-0.00501930501931,0.00155685365994,0,0,0,340,0,2,990,0.994152046784,1,0,0.00584795321637,1,0.994152046784,0.99706744868,0.996066116269,0.994152046784,0.994152046784,33,35,0,0,0,0
3901,WLNM_dir_neg,0.976734693878,0.631133837913,00:00:06,10,90,34,1241281869,threshold_sweep,0.4,1,0.942857142857,0.970588235294,33,0,2,70,0.942857142857,1,0,0.0571428571429,1,0.942857142857,0.970588235294,0.980952380952,0.561904761905,0.95652173913,0.957427107756,0.942857142857,342,307,35,0,342,0,307,0,35,37,342,0.256756756757,1.72528881811,18.4864864865,15.5454545455,9.77142857143,5.36771015539,0.290358590277,0.142642642643,9.50849154237,1.02869645341,0.544491860281,8.05331334643,0.871264894205,0.461830251304,0.640599570326,0.371299902718,2,1.72528881811,0.640599570326,2,0.344071394247,0.376569037657,810,0.104247104247,0.56957682835,37,37,37,1,0,0.405405405405,0.540540540541,0.0540540540541,37,0.23048048048,1.7376114536,16.5945945946,13.9545454545,8.77142857143,4.46877723432,0.26929113627,0.133110309006,8.36283067728,1.0078981598,0.529271942953,7.0979843182,0.855457393398,0.460251782727,0.653857500991,0.376296725966,2,1.7376114536,0.653857500991,2,0.295326167843,0.313502935421,534,0.0687258687259,0.469931275198,37,37,37,1,0,0.405405405405,0.540540540541,0.0540540540541,37,340,0.255255255255,1.72408243492,18.3783783784,15.4545454545,9.71428571429,5.22999549262,0.284573284157,0.140143084261,9.39810216609,1.02273464749,0.54213036566,8.09265043054,0.880670782147,0.465659777424,0.63902150937,0.370644405642,2,1.72408243492,0.63902150937,2,0.334722661228,0.363965381589,771,0.0992277992278,0.57113368201,37,37,37,1,0,0.405405405405,0.540540540541,0.0540540540541,-2,-0.0015015015015,-0.00120638319134,-0.108108108108,-0.0909090909091,-0.0571428571429,-0.137714662771,-0.00578530611972,-0.00249955838191,-0.110389376282,-0.0059618059282,-0.00236149462156,0.0393370841102,0.00940588794261,0.00382952612055,-0.00157806095591,-0.000655497075679,0,-0.00120638319134,-0.00157806095591,0,-0.00934873301906,-0.0126036560676,-39,-0.00501930501931,0.00155685365994,0,0,0,340,0,2,990,0.994152046784,1,0,0.00584795321637,1,0.994152046784,0.99706744868,0.996066116269,0.994152046784,0.994152046784,33,35,0,0,0,0
3902,WLNM_dir_neg,0.976734693878,0.631133837913,00:00:06,10,90,34,1241281869,threshold_sweep,0.5,1,0.942857142857,0.970588235294,33,0,2,70,0.942857142857,1,0,0.0571428571429,1,0.942857142857,0.970588235294,0.980952380952,0.561904761905,0.95652173913,0.957427107756,0.942857142857,342,307,35,0,342,0,307,0,35,37,342,0.256756756757,1.72528881811,18.4864864865,15.5454545455,9.77142857143,5.36771015539,0.290358590277,0.142642642643,9.50849154237,1.02869645341,0.544491860281,8.05331334643,0.871264894205,0.461830251304,0.640599570326,0.371299902718,2,1.72528881811,0.640599570326,2,0.344071394247,0.376569037657,810,0.104247104247,0.56957682835,37,37,37,1,0,0.405405405405,0.540540540541,0.0540540540541,37,0.23048048048,1.7376114536,16.5945945946,13.9545454545,8.77142857143,4.46877723432,0.26929113627,0.133110309006,8.36283067728,1.0078981598,0.529271942953,7.0979843182,0.855457393398,0.460251782727,0.653857500991,0.376296725966,2,1.7376114536,0.653857500991,2,0.295326167843,0.313502935421,534,0.0687258687259,0.469931275198,37,37,37,1,0,0.405405405405,0.540540540541,0.0540540540541,37,340,0.255255255255,1.72408243492,18.3783783784,15.4545454545,9.71428571429,5.22999549262,0.284573284157,0.140143084261,9.39810216609,1.02273464749,0.54213036566,8.09265043054,0.880670782147,0.465659777424,0.63902150937,0.370644405642,2,1.72408243492,0.63902150937,2,0.334722661228,0.363965381589,771,0.0992277992278,0.57113368201,37,37,37,1,0,0.405405405405,0.540540540541,0.0540540540541,-2,-0.0015015015015,-0.00120638319134,-0.108108108108,-0.0909090909091,-0.0571428571429,-0.137714662771,-0.00578530611972,-0.00249955838191,-0.110389376282,-0.0059618059282,-0.00236149462156,0.0393370841102,0.00940588794261,0.00382952612055,-0.00157806095591,-0.000655497075679,0,-0.00120638319134,-0.00157806095591,0,-0.00934873301906,-0.0126036560676,-39,-0.00501930501931,0.00155685365994,0,0,0,340,0,2,990,0.994152046784,1,0,0.00584795321637,1,0.994152046784,0.99706744868,0.996066116269,0.994152046784,0.994152046784,33,35,0,0,0,0
3903,WLNM_dir_neg,0.976734693878,0.631133837913,00:00:06,10,90,34,1241281869,threshold_sweep,0.6,1,0.942857142857,0.970588235294,33,0,2,70,0.942857142857,1,0,0.0571428571429,1,0.942857142857,0.970588235294,0.980952380952,0.561904761905,0.95652173913,0.957427107756,0.942857142857,342,307,35,0,342,0,307,0,35,37,342,0.256756756757,1.72528881811,18.4864864865,15.5454545455,9.77142857143,5.36771015539,0.290358590277,0.142642642643,9.50849154237,1.02869645341,0.544491860281,8.05331334643,0.871264894205,0.461830251304,0.640599570326,0.371299902718,2,1.72528881811,0.640599570326,2,0.344071394247,0.376569037657,810,0.104247104247,0.56957682835,37,37,37,1,0,0.405405405405,0.540540540541,0.0540540540541,37,0.23048048048,1.7376114536,16.5945945946,13.9545454545,8.77142857143,4.46877723432,0.26929113627,0.133110309006,8.36283067728,1.0078981598,0.529271942953,7.0979843182,0.855457393398,0.460251782727,0.653857500991,0.376296725966,2,1.7376114536,0.653857500991,2,0.295326167843,0.313502935421,534,0.0687258687259,0.469931275198,37,37,37,1,0,0.405405405405,0.540540540541,0.0540540540541,37,340,0.255255255255,1.72408243492,18.3783783784,15.4545454545,9.71428571429,5.22999549262,0.284573284157,0.140143084261,9.39810216609,1.02273464749,0.54213036566,8.09265043054,0.880670782147,0.465659777424,0.63902150937,0.370644405642,2,1.72408243492,0.63902150937,2,0.334722661228,0.363965381589,771,0.0992277992278,0.57113368201,37,37,37,1,0,0.405405405405,0.540540540541,0.0540540540541,-2,-0.0015015015015,-0.00120638319134,-0.108108108108,-0.0909090909091,-0.0571428571429,-0.137714662771,-0.00578530611972,-0.00249955838191,-0.110389376282,-0.0059618059282,-0.00236149462156,0.0393370841102,0.00940588794261,0.00382952612055,-0.00157806095591,-0.000655497075679,0,-0.00120638319134,-0.00157806095591,0,-0.00934873301906,-0.0126036560676,-39,-0.00501930501931,0.00155685365994,0,0,0,340,0,2,990,0.994152046784,1,0,0.00584795321637,1,0.994152046784,0.99706744868,0.996066116269,0.994152046784,0.994152046784,33,35,0,0,0,0
3904,WLNM_dir_neg,0.976734693878,0.631133837913,00:00:06,10,90,34,1241281869,threshold_sweep,0.7,1,0.942857142857,0.970588235294,33,0,2,70,0.942857142857,1,0,0.0571428571429,1,0.942857142857,0.970588235294,0.980952380952,0.561904761905,0.95652173913,0.957427107756,0.942857142857,342,307,35,0,342,0,307,0,35,37,342,0.256756756757,1.72528881811,18.4864864865,15.5454545455,9.77142857143,5.36771015539,0.290358590277,0.142642642643,9.50849154237,1.02869645341,0.544491860281,8.05331334643,0.871264894205,0.461830251304,0.640599570326,0.371299902718,2,1.72528881811,0.640599570326,2,0.344071394247,0.376569037657,810,0.104247104247,0.56957682835,37,37,37,1,0,0.405405405405,0.540540540541,0.0540540540541,37,0.23048048048,1.7376114536,16.5945945946,13.9545454545,8.77142857143,4.46877723432,0.26929113627,0.133110309006,8.36283067728,1.0078981598,0.529271942953,7.0979843182,0.855457393398,0.460251782727,0.653857500991,0.376296725966,2,1.7376114536,0.653857500991,2,0.295326167843,0.313502935421,534,0.0687258687259,0.469931275198,37,37,37,1,0,0.405405405405,0.540540540541,0.0540540540541,37,340,0.255255255255,1.72408243492,18.3783783784,15.4545454545,9.71428571429,5.22999549262,0.284573284157,0.140143084261,9.39810216609,1.02273464749,0.54213036566,8.09265043054,0.880670782147,0.465659777424,0.63902150937,0.370644405642,2,1.72408243492,0.63902150937,2,0.334722661228,0.363965381589,771,0.0992277992278,0.57113368201,37,37,37,1,0,0.405405405405,0.540540540541,0.0540540540541,-2,-0.0015015015015,-0.00120638319134,-0.108108108108,-0.0909090909091,-0.0571428571429,-0.137714662771,-0.00578530611972,-0.00249955838191,-0.110389376282,-0.0059618059282,-0.00236149462156,0.0393370841102,0.00940588794261,0.00382952612055,-0.00157806095591,-0.000655497075679,0,-0.00120638319134,-0.00157806095591,0,-0.00934873301906,-0.0126036560676,-39,-0.00501930501931,0.00155685365994,0,0,0,340,0,2,990,0.994152046784,1,0,0.00584795321637,1,0.994152046784,0.99706744868,0.996066116269,0.994152046784,0.994152046784,33,35,0,0,0,0
3905,WLNM_dir_neg,0.976734693878,0.631133837913,00:00:06,10,90,34,1241281869,threshold_sweep,0.8,1,0.942857142857,0.970588235294,33,0,2,70,0.942857142857,1,0,0.0571428571429,1,0.942857142857,0.970588235294,0.980952380952,0.561904761905,0.95652173913,0.957427107756,0.942857142857,342,307,35,0,342,0,307,0,35,37,342,0.256756756757,1.72528881811,18.4864864865,15.5454545455,9.77142857143,5.36771015539,0.290358590277,0.142642642643,9.50849154237,1.02869645341,0.544491860281,8.05331334643,0.871264894205,0.461830251304,0.640599570326,0.371299902718,2,1.72528881811,0.640599570326,2,0.344071394247,0.376569037657,810,0.104247104247,0.56957682835,37,37,37,1,0,0.405405405405,0.540540540541,0.0540540540541,37,0.23048048048,1.7376114536,16.5945945946,13.9545454545,8.77142857143,4.46877723432,0.26929113627,0.133110309006,8.36283067728,1.0078981598,0.529271942953,7.0979843182,0.855457393398,0.460251782727,0.653857500991,0.376296725966,2,1.7376114536,0.653857500991,2,0.295326167843,0.313502935421,534,0.0687258687259,0.469931275198,37,37,37,1,0,0.405405405405,0.540540540541,0.0540540540541,37,340,0.255255255255,1.72408243492,18.3783783784,15.4545454545,9.71428571429,5.22999549262,0.284573284157,0.140143084261,9.39810216609,1.02273464749,0.54213036566,8.09265043054,0.880670782147,0.465659777424,0.63902150937,0.370644405642,2,1.72408243492,0.63902150937,2,0.334722661228,0.363965381589,771,0.0992277992278,0.57113368201,37,37,37,1,0,0.405405405405,0.540540540541,0.0540540540541,-2,-0.0015015015015,-0.00120638319134,-0.108108108108,-0.0909090909091,-0.0571428571429,-0.137714662771,-0.00578530611972,-0.00249955838191,-0.110389376282,-0.0059618059282,-0.00236149462156,0.0393370841102,0.00940588794261,0.00382952612055,-0.00157806095591,-0.000655497075679,0,-0.00120638319134,-0.00157806095591,0,-0.00934873301906,-0.0126036560676,-39,-0.00501930501931,0.00155685365994,0,0,0,340,0,2,990,0.994152046784,1,0,0.00584795321637,1,0.994152046784,0.99706744868,0.996066116269,0.994152046784,0.994152046784,33,35,0,0,0,0
3906,WLNM_dir_neg,0.976734693878,0.631133837913,00:00:06,10,90,34,1241281869,threshold_sweep,0.9,1,0.942857142857,0.970588235294,33,0,2,70,0.942857142857,1,0,0.0571428571429,1,0.942857142857,0.970588235294,0.980952380952,0.561904761905,0.95652173913,0.957427107756,0.942857142857,342,307,35,0,342,0,307,0,35,37,342,0.256756756757,1.72528881811,18.4864864865,15.5454545455,9.77142857143,5.36771015539,0.290358590277,0.142642642643,9.50849154237,1.02869645341,0.544491860281,8.05331334643,0.871264894205,0.461830251304,0.640599570326,0.371299902718,2,1.72528881811,0.640599570326,2,0.344071394247,0.376569037657,810,0.104247104247,0.56957682835,37,37,37,1,0,0.405405405405,0.540540540541,0.0540540540541,37,0.23048048048,1.7376114536,16.5945945946,13.9545454545,8.77142857143,4.46877723432,0.26929113627,0.133110309006,8.36283067728,1.0078981598,0.529271942953,7.0979843182,0.855457393398,0.460251782727,0.653857500991,0.376296725966,2,1.7376114536,0.653857500991,2,0.295326167843,0.313502935421,534,0.0687258687259,0.469931275198,37,37,37,1,0,0.405405405405,0.540540540541,0.0540540540541,37,340,0.255255255255,1.72408243492,18.3783783784,15.4545454545,9.71428571429,5.22999549262,0.284573284157,0.140143084261,9.39810216609,1.02273464749,0.54213036566,8.09265043054,0.880670782147,0.465659777424,0.63902150937,0.370644405642,2,1.72408243492,0.63902150937,2,0.334722661228,0.363965381589,771,0.0992277992278,0.57113368201,37,37,37,1,0,0.405405405405,0.540540540541,0.0540540540541,-2,-0.0015015015015,-0.00120638319134,-0.108108108108,-0.0909090909091,-0.0571428571429,-0.137714662771,-0.00578530611972,-0.00249955838191,-0.110389376282,-0.0059618059282,-0.00236149462156,0.0393370841102,0.00940588794261,0.00382952612055,-0.00157806095591,-0.000655497075679,0,-0.00120638319134,-0.00157806095591,0,-0.00934873301906,-0.0126036560676,-39,-0.00501930501931,0.00155685365994,0,0,0,340,0,2,990,0.994152046784,1,0,0.00584795321637,1,0.994152046784,0.99706744868,0.996066116269,0.994152046784,0.994152046784,33,35,0,0,0,0
3907,WLNM_dir_neg,0.99387755102,0.789677414136,00:00:05,10,90,35,1241281870,threshold_sweep,0.1,0.969696969697,0.914285714286,0.941176470588,32,1,3,69,0.914285714286,0.985714285714,0.0142857142857,0.0857142857143,0.969696969697,0.914285714286,0.941176470588,0.961904761905,0.561904761905,0.913043478261,0.913907693767,0.9,342,307,35,0,342,0,307,0,35,37,342,0.256756756757,1.72528881811,18.4864864865,15.5454545455,9.77142857143,5.36771015539,0.290358590277,0.142642642643,9.50849154237,1.02869645341,0.544491860281,8.05331334643,0.871264894205,0.461830251304,0.640599570326,0.371299902718,2,1.72528881811,0.640599570326,2,0.344071394247,0.376569037657,810,0.104247104247,0.56957682835,37,37,37,1,0,0.405405405405,0.540540540541,0.0540540540541,37,0.23048048048,1.73393862388,16.5945945946,13.9545454545,8.77142857143,4.47498888552,0.269665454013,0.133110309006,8.32621317442,1.00348497542,0.524165859671,7.20672858771,0.868563380278,0.469055374593,0.649801124624,0.37475439769,2,1.73393862388,0.649801124624,2,0.286470921267,0.303581914269,517,0.066537966538,0.479013034929,37,37,37,1,0,0.405405405405,0.540540540541,0.0540540540541,37,340,0.255255255255,1.70700297238,18.3783783784,15.4545454545,9.71428571429,5.1226693961,0.278733481847,0.137281399046,9.34474848909,1.01692851205,0.539427662957,8.14738484913,0.886627174759,0.468998410175,0.612510890783,0.358822392634,1.64358520603,1.70700297238,0.612510890783,1.64358520603,0.334085880481,0.356534090909,753,0.0969111969112,0.576962712863,37,37,37,1,0,0.405405405405,0.540540540541,0.0540540540541,-2,-0.0015015015015,-0.0182858457365,-0.108108108108,-0.0909090909091,-0.0571428571429,-0.245040759293,-0.0116251084305,-0.00536124359654,-0.163743053286,-0.0117679413669,-0.00506419732426,0.0940715026986,0.0153622805537,0.00716815887095,-0.0280886795432,-0.0124775100834,-0.356414793967,-0.0182858457365,-0.0280886795432,-0.356414793967,-0.00998551376663,-0.0200349467478,-57,-0.00733590733591,0.00738588451267,0,0,0,339,1,3,989,0.991228070175,0.99898989899,0.0010101010101,0.00877192982456,0.997058823529,0.991228070175,0.994134897361,0.992124464258,0.990217969165,0.98833819242,33,35,0,0,0,0
3908,WLNM_dir_neg,0.99387755102,0.789677414136,00:00:05,10,90,35,1241281870,threshold_sweep,0.2,0.969696969697,0.914285714286,0.941176470588,32,1,3,69,0.914285714286,0.985714285714,0.0142857142857,0.0857142857143,0.969696969697,0.914285714286,0.941176470588,0.961904761905,0.561904761905,0.913043478261,0.913907693767,0.9,342,307,35,0,342,0,307,0,35,37,342,0.256756756757,1.72528881811,18.4864864865,15.5454545455,9.77142857143,5.36771015539,0.290358590277,0.142642642643,9.50849154237,1.02869645341,0.544491860281,8.05331334643,0.871264894205,0.461830251304,0.640599570326,0.371299902718,2,1.72528881811,0.640599570326,2,0.344071394247,0.376569037657,810,0.104247104247,0.56957682835,37,37,37,1,0,0.405405405405,0.540540540541,0.0540540540541,37,0.23048048048,1.73393862388,16.5945945946,13.9545454545,8.77142857143,4.47498888552,0.269665454013,0.133110309006,8.32621317442,1.00348497542,0.524165859671,7.20672858771,0.868563380278,0.469055374593,0.649801124624,0.37475439769,2,1.73393862388,0.649801124624,2,0.286470921267,0.303581914269,517,0.066537966538,0.479013034929,37,37,37,1,0,0.405405405405,0.540540540541,0.0540540540541,37,340,0.255255255255,1.70700297238,18.3783783784,15.4545454545,9.71428571429,5.1226693961,0.278733481847,0.137281399046,9.34474848909,1.01692851205,0.539427662957,8.14738484913,0.886627174759,0.468998410175,0.612510890783,0.358822392634,1.64358520603,1.70700297238,0.612510890783,1.64358520603,0.334085880481,0.356534090909,753,0.0969111969112,0.576962712863,37,37,37,1,0,0.405405405405,0.540540540541,0.0540540540541,-2,-0.0015015015015,-0.0182858457365,-0.108108108108,-0.0909090909091,-0.0571428571429,-0.245040759293,-0.0116251084305,-0.00536124359654,-0.163743053286,-0.0117679413669,-0.00506419732426,0.0940715026986,0.0153622805537,0.00716815887095,-0.0280886795432,-0.0124775100834,-0.356414793967,-0.0182858457365,-0.0280886795432,-0.356414793967,-0.00998551376663,-0.0200349467478,-57,-0.00733590733591,0.00738588451267,0,0,0,339,1,3,989,0.991228070175,0.99898989899,0.0010101010101,0.00877192982456,0.997058823529,0.991228070175,0.994134897361,0.992124464258,0.990217969165,0.98833819242,33,35,0,0,0,0
3909,WLNM_dir_neg,0.99387755102,0.789677414136,00:00:05,10,90,35,1241281870,threshold_sweep,0.3,0.969696969697,0.914285714286,0.941176470588,32,1,3,69,0.914285714286,0.985714285714,0.0142857142857,0.0857142857143,0.969696969697,0.914285714286,0.941176470588,0.961904761905,0.561904761905,0.913043478261,0.913907693767,0.9,342,307,35,0,342,0,307,0,35,37,342,0.256756756757,1.72528881811,18.4864864865,15.5454545455,9.77142857143,5.36771015539,0.290358590277,0.142642642643,9.50849154237,1.02869645341,0.544491860281,8.05331334643,0.871264894205,0.461830251304,0.640599570326,0.371299902718,2,1.72528881811,0.640599570326,2,0.344071394247,0.376569037657,810,0.104247104247,0.56957682835,37,37,37,1,0,0.405405405405,0.540540540541,0.0540540540541,37,0.23048048048,1.73393862388,16.5945945946,13.9545454545,8.77142857143,4.47498888552,0.269665454013,0.133110309006,8.32621317442,1.00348497542,0.524165859671,7.20672858771,0.868563380278,0.469055374593,0.649801124624,0.37475439769,2,1.73393862388,0.649801124624,2,0.286470921267,0.303581914269,517,0.066537966538,0.479013034929,37,37,37,1,0,0.405405405405,0.540540540541,0.0540540540541,37,340,0.255255255255,1.70700297238,18.3783783784,15.4545454545,9.71428571429,5.1226693961,0.278733481847,0.137281399046,9.34474848909,1.01692851205,0.539427662957,8.14738484913,0.886627174759,0.468998410175,0.612510890783,0.358822392634,1.64358520603,1.70700297238,0.612510890783,1.64358520603,0.334085880481,0.356534090909,753,0.0969111969112,0.576962712863,37,37,37,1,0,0.405405405405,0.540540540541,0.0540540540541,-2,-0.0015015015015,-0.0182858457365,-0.108108108108,-0.0909090909091,-0.0571428571429,-0.245040759293,-0.0116251084305,-0.00536124359654,-0.163743053286,-0.0117679413669,-0.00506419732426,0.0940715026986,0.0153622805537,0.00716815887095,-0.0280886795432,-0.0124775100834,-0.356414793967,-0.0182858457365,-0.0280886795432,-0.356414793967,-0.00998551376663,-0.0200349467478,-57,-0.00733590733591,0.00738588451267,0,0,0,339,1,3,989,0.991228070175,0.99898989899,0.0010101010101,0.00877192982456,0.997058823529,0.991228070175,0.994134897361,0.992124464258,0.990217969165,0.98833819242,33,35,0,0,0,0
3910,WLNM_dir_neg,0.99387755102,0.789677414136,00:00:05,10,90,35,1241281870,threshold_sweep,0.4,0.969696969697,0.914285714286,0.941176470588,32,1,3,69,0.914285714286,0.985714285714,0.0142857142857,0.0857142857143,0.969696969697,0.914285714286,0.941176470588,0.961904761905,0.561904761905,0.913043478261,0.913907693767,0.9,342,307,35,0,342,0,307,0,35,37,342,0.256756756757,1.72528881811,18.4864864865,15.5454545455,9.77142857143,5.36771015539,0.290358590277,0.142642642643,9.50849154237,1.02869645341,0.544491860281,8.05331334643,0.871264894205,0.461830251304,0.640599570326,0.371299902718,2,1.72528881811,0.640599570326,2,0.344071394247,0.376569037657,810,0.104247104247,0.56957682835,37,37,37,1,0,0.405405405405,0.540540540541,0.0540540540541,37,0.23048048048,1.73393862388,16.5945945946,13.9545454545,8.77142857143,4.47498888552,0.269665454013,0.133110309006,8.32621317442,1.00348497542,0.524165859671,7.20672858771,0.868563380278,0.469055374593,0.649801124624,0.37475439769,2,1.73393862388,0.649801124624,2,0.286470921267,0.303581914269,517,0.066537966538,0.479013034929,37,37,37,1,0,0.405405405405,0.540540540541,0.0540540540541,37,340,0.255255255255,1.70700297238,18.3783783784,15.4545454545,9.71428571429,5.1226693961,0.278733481847,0.137281399046,9.34474848909,1.01692851205,0.539427662957,8.14738484913,0.886627174759,0.468998410175,0.612510890783,0.358822392634,1.64358520603,1.70700297238,0.612510890783,1.64358520603,0.334085880481,0.356534090909,753,0.0969111969112,0.576962712863,37,37,37,1,0,0.405405405405,0.540540540541,0.0540540540541,-2,-0.0015015015015,-0.0182858457365,-0.108108108108,-0.0909090909091,-0.0571428571429,-0.245040759293,-0.0116251084305,-0.00536124359654,-0.163743053286,-0.0117679413669,-0.00506419732426,0.0940715026986,0.0153622805537,0.00716815887095,-0.0280886795432,-0.0124775100834,-0.356414793967,-0.0182858457365,-0.0280886795432,-0.356414793967,-0.00998551376663,-0.0200349467478,-57,-0.00733590733591,0.00738588451267,0,0,0,339,1,3,989,0.991228070175,0.99898989899,0.0010101010101,0.00877192982456,0.997058823529,0.991228070175,0.994134897361,0.992124464258,0.990217969165,0.98833819242,33,35,0,0,0,0
3911,WLNM_dir_neg,0.99387755102,0.789677414136,00:00:05,10,90,35,1241281870,threshold_sweep,0.5,1,0.914285714286,0.955223880597,32,0,3,70,0.914285714286,1,0,0.0857142857143,1,0.914285714286,0.955223880597,0.971428571429,0.565079365079,0.934306569343,0.936329177569,0.914285714286,342,307,35,0,342,0,307,0,35,37,342,0.256756756757,1.72528881811,18.4864864865,15.5454545455,9.77142857143,5.36771015539,0.290358590277,0.142642642643,9.50849154237,1.02869645341,0.544491860281,8.05331334643,0.871264894205,0.461830251304,0.640599570326,0.371299902718,2,1.72528881811,0.640599570326,2,0.344071394247,0.376569037657,810,0.104247104247,0.56957682835,37,37,37,1,0,0.405405405405,0.540540540541,0.0540540540541,37,0.23048048048,1.73393862388,16.5945945946,13.9545454545,8.77142857143,4.47498888552,0.269665454013,0.133110309006,8.32621317442,1.00348497542,0.524165859671,7.20672858771,0.868563380278,0.469055374593,0.649801124624,0.37475439769,2,1.73393862388,0.649801124624,2,0.286470921267,0.303581914269,517,0.066537966538,0.479013034929,37,37,37,1,0,0.405405405405,0.540540540541,0.0540540540541,37,339,0.254504504505,1.72281230336,18.3243243243,15.4090909091,9.68571428571,5.19109308792,0.283289740786,0.138403890616,9.36753706962,1.02241555037,0.541337797975,8.11210862269,0.885392386547,0.467511759547,0.637592492455,0.370088193131,2,1.72281230336,0.637592492455,2,0.329511930648,0.356407413274,750,0.0965250965251,0.572968363,37,37,37,1,0,0.405405405405,0.540540540541,0.0540540540541,-3,-0.00225225225225,-0.0024765147555,-0.162162162162,-0.136363636364,-0.0857142857143,-0.176617067474,-0.00706884949095,-0.00423875202636,-0.140954472752,-0.00628090304304,-0.00315406230637,0.0587952762548,0.0141274923423,0.00568150824322,-0.00300707787113,-0.00121170958627,0,-0.0024765147555,-0.00300707787113,0,-0.0145594635992,-0.0201616243827,-60,-0.00772200772201,0.00339153465048,0,0,0,339,0,3,990,0.991228070175,1,0,0.00877192982456,1,0.991228070175,0.995594713656,0.994099302604,0.991228070175,0.991228070175,32,35,0,0,0,0
3912,WLNM_dir_neg,0.99387755102,0.789677414136,00:00:05,10,90,35,1241281870,threshold_sweep,0.6,1,0.914285714286,0.955223880597,32,0,3,70,0.914285714286,1,0,0.0857142857143,1,0.914285714286,0.955223880597,0.971428571429,0.565079365079,0.934306569343,0.936329177569,0.914285714286,342,307,35,0,342,0,307,0,35,37,342,0.256756756757,1.72528881811,18.4864864865,15.5454545455,9.77142857143,5.36771015539,0.290358590277,0.142642642643,9.50849154237,1.02869645341,0.544491860281,8.05331334643,0.871264894205,0.461830251304,0.640599570326,0.371299902718,2,1.72528881811,0.640599570326,2,0.344071394247,0.376569037657,810,0.104247104247,0.56957682835,37,37,37,1,0,0.405405405405,0.540540540541,0.0540540540541,37,0.23048048048,1.73393862388,16.5945945946,13.9545454545,8.77142857143,4.47498888552,0.269665454013,0.133110309006,8.32621317442,1.00348497542,0.524165859671,7.20672858771,0.868563380278,0.469055374593,0.649801124624,0.37475439769,2,1.73393862388,0.649801124624,2,0.286470921267,0.303581914269,517,0.066537966538,0.479013034929,37,37,37,1,0,0.405405405405,0.540540540541,0.0540540540541,37,339,0.254504504505,1.72281230336,18.3243243243,15.4090909091,9.68571428571,5.19109308792,0.283289740786,0.138403890616,9.36753706962,1.02241555037,0.541337797975,8.11210862269,0.885392386547,0.467511759547,0.637592492455,0.370088193131,2,1.72281230336,0.637592492455,2,0.329511930648,0.356407413274,750,0.0965250965251,0.572968363,37,37,37,1,0,0.405405405405,0.540540540541,0.0540540540541,-3,-0.00225225225225,-0.0024765147555,-0.162162162162,-0.136363636364,-0.0857142857143,-0.176617067474,-0.00706884949095,-0.00423875202636,-0.140954472752,-0.00628090304304,-0.00315406230637,0.0587952762548,0.0141274923423,0.00568150824322,-0.00300707787113,-0.00121170958627,0,-0.0024765147555,-0.00300707787113,0,-0.0145594635992,-0.0201616243827,-60,-0.00772200772201,0.00339153465048,0,0,0,339,0,3,990,0.991228070175,1,0,0.00877192982456,1,0.991228070175,0.995594713656,0.994099302604,0.991228070175,0.991228070175,32,35,0,0,0,0
3913,WLNM_dir_neg,0.99387755102,0.789677414136,00:00:05,10,90,35,1241281870,threshold_sweep,0.7,1,0.914285714286,0.955223880597,32,0,3,70,0.914285714286,1,0,0.0857142857143,1,0.914285714286,0.955223880597,0.971428571429,0.565079365079,0.934306569343,0.936329177569,0.914285714286,342,307,35,0,342,0,307,0,35,37,342,0.256756756757,1.72528881811,18.4864864865,15.5454545455,9.77142857143,5.36771015539,0.290358590277,0.142642642643,9.50849154237,1.02869645341,0.544491860281,8.05331334643,0.871264894205,0.461830251304,0.640599570326,0.371299902718,2,1.72528881811,0.640599570326,2,0.344071394247,0.376569037657,810,0.104247104247,0.56957682835,37,37,37,1,0,0.405405405405,0.540540540541,0.0540540540541,37,0.23048048048,1.73393862388,16.5945945946,13.9545454545,8.77142857143,4.47498888552,0.269665454013,0.133110309006,8.32621317442,1.00348497542,0.524165859671,7.20672858771,0.868563380278,0.469055374593,0.649801124624,0.37475439769,2,1.73393862388,0.649801124624,2,0.286470921267,0.303581914269,517,0.066537966538,0.479013034929,37,37,37,1,0,0.405405405405,0.540540540541,0.0540540540541,37,339,0.254504504505,1.72281230336,18.3243243243,15.4090909091,9.68571428571,5.19109308792,0.283289740786,0.138403890616,9.36753706962,1.02241555037,0.541337797975,8.11210862269,0.885392386547,0.467511759547,0.637592492455,0.370088193131,2,1.72281230336,0.637592492455,2,0.329511930648,0.356407413274,750,0.0965250965251,0.572968363,37,37,37,1,0,0.405405405405,0.540540540541,0.0540540540541,-3,-0.00225225225225,-0.0024765147555,-0.162162162162,-0.136363636364,-0.0857142857143,-0.176617067474,-0.00706884949095,-0.00423875202636,-0.140954472752,-0.00628090304304,-0.00315406230637,0.0587952762548,0.0141274923423,0.00568150824322,-0.00300707787113,-0.00121170958627,0,-0.0024765147555,-0.00300707787113,0,-0.0145594635992,-0.0201616243827,-60,-0.00772200772201,0.00339153465048,0,0,0,339,0,3,990,0.991228070175,1,0,0.00877192982456,1,0.991228070175,0.995594713656,0.994099302604,0.991228070175,0.991228070175,32,35,0,0,0,0
3914,WLNM_dir_neg,0.99387755102,0.789677414136,00:00:05,10,90,35,1241281870,threshold_sweep,0.8,1,0.914285714286,0.955223880597,32,0,3,70,0.914285714286,1,0,0.0857142857143,1,0.914285714286,0.955223880597,0.971428571429,0.565079365079,0.934306569343,0.936329177569,0.914285714286,342,307,35,0,342,0,307,0,35,37,342,0.256756756757,1.72528881811,18.4864864865,15.5454545455,9.77142857143,5.36771015539,0.290358590277,0.142642642643,9.50849154237,1.02869645341,0.544491860281,8.05331334643,0.871264894205,0.461830251304,0.640599570326,0.371299902718,2,1.72528881811,0.640599570326,2,0.344071394247,0.376569037657,810,0.104247104247,0.56957682835,37,37,37,1,0,0.405405405405,0.540540540541,0.0540540540541,37,0.23048048048,1.73393862388,16.5945945946,13.9545454545,8.77142857143,4.47498888552,0.269665454013,0.133110309006,8.32621317442,1.00348497542,0.524165859671,7.20672858771,0.868563380278,0.469055374593,0.649801124624,0.37475439769,2,1.73393862388,0.649801124624,2,0.286470921267,0.303581914269,517,0.066537966538,0.479013034929,37,37,37,1,0,0.405405405405,0.540540540541,0.0540540540541,37,339,0.254504504505,1.72281230336,18.3243243243,15.4090909091,9.68571428571,5.19109308792,0.283289740786,0.138403890616,9.36753706962,1.02241555037,0.541337797975,8.11210862269,0.885392386547,0.467511759547,0.637592492455,0.370088193131,2,1.72281230336,0.637592492455,2,0.329511930648,0.356407413274,750,0.0965250965251,0.572968363,37,37,37,1,0,0.405405405405,0.540540540541,0.0540540540541,-3,-0.00225225225225,-0.0024765147555,-0.162162162162,-0.136363636364,-0.0857142857143,-0.176617067474,-0.00706884949095,-0.00423875202636,-0.140954472752,-0.00628090304304,-0.00315406230637,0.0587952762548,0.0141274923423,0.00568150824322,-0.00300707787113,-0.00121170958627,0,-0.0024765147555,-0.00300707787113,0,-0.0145594635992,-0.0201616243827,-60,-0.00772200772201,0.00339153465048,0,0,0,339,0,3,990,0.991228070175,1,0,0.00877192982456,1,0.991228070175,0.995594713656,0.994099302604,0.991228070175,0.991228070175,32,35,0,0,0,0
3915,WLNM_dir_neg,0.99387755102,0.789677414136,00:00:05,10,90,35,1241281870,threshold_sweep,0.9,1,0.914285714286,0.955223880597,32,0,3,70,0.914285714286,1,0,0.0857142857143,1,0.914285714286,0.955223880597,0.971428571429,0.565079365079,0.934306569343,0.936329177569,0.914285714286,342,307,35,0,342,0,307,0,35,37,342,0.256756756757,1.72528881811,18.4864864865,15.5454545455,9.77142857143,5.36771015539,0.290358590277,0.142642642643,9.50849154237,1.02869645341,0.544491860281,8.05331334643,0.871264894205,0.461830251304,0.640599570326,0.371299902718,2,1.72528881811,0.640599570326,2,0.344071394247,0.376569037657,810,0.104247104247,0.56957682835,37,37,37,1,0,0.405405405405,0.540540540541,0.0540540540541,37,0.23048048048,1.73393862388,16.5945945946,13.9545454545,8.77142857143,4.47498888552,0.269665454013,0.133110309006,8.32621317442,1.00348497542,0.524165859671,7.20672858771,0.868563380278,0.469055374593,0.649801124624,0.37475439769,2,1.73393862388,0.649801124624,2,0.286470921267,0.303581914269,517,0.066537966538,0.479013034929,37,37,37,1,0,0.405405405405,0.540540540541,0.0540540540541,37,339,0.254504504505,1.72281230336,18.3243243243,15.4090909091,9.68571428571,5.19109308792,0.283289740786,0.138403890616,9.36753706962,1.02241555037,0.541337797975,8.11210862269,0.885392386547,0.467511759547,0.637592492455,0.370088193131,2,1.72281230336,0.637592492455,2,0.329511930648,0.356407413274,750,0.0965250965251,0.572968363,37,37,37,1,0,0.405405405405,0.540540540541,0.0540540540541,-3,-0.00225225225225,-0.0024765147555,-0.162162162162,-0.136363636364,-0.0857142857143,-0.176617067474,-0.00706884949095,-0.00423875202636,-0.140954472752,-0.00628090304304,-0.00315406230637,0.0587952762548,0.0141274923423,0.00568150824322,-0.00300707787113,-0.00121170958627,0,-0.0024765147555,-0.00300707787113,0,-0.0145594635992,-0.0201616243827,-60,-0.00772200772201,0.00339153465048,0,0,0,339,0,3,990,0.991228070175,1,0,0.00877192982456,1,0.991228070175,0.995594713656,0.994099302604,0.991228070175,0.991228070175,32,35,0,0,0,0
3916,WLNM_dir_neg,0.991020408163,0.614599723948,00:00:06,10,90,36,1241281871,threshold_sweep,0.1,1,0.857142857143,0.923076923077,30,0,5,70,0.857142857143,1,0,0.142857142857,1,0.857142857143,0.923076923077,0.952380952381,0.571428571429,0.888888888889,0.894427191,0.857142857143,342,307,35,0,342,0,307,0,35,37,342,0.256756756757,1.72528881811,18.4864864865,15.5454545455,9.77142857143,5.36771015539,0.290358590277,0.142642642643,9.50849154237,1.02869645341,0.544491860281,8.05331334643,0.871264894205,0.461830251304,0.640599570326,0.371299902718,2,1.72528881811,0.640599570326,2,0.344071394247,0.376569037657,810,0.104247104247,0.56957682835,37,37,37,1,0,0.405405405405,0.540540540541,0.0540540540541,37,0.23048048048,1.74615942299,16.5945945946,13.9545454545,8.77142857143,4.92420021402,0.29673519205,0.142530152302,8.49138408056,1.02339156671,0.53208909235,7.27959425329,0.877345235738,0.470287877454,0.668242850004,0.382692920935,2,1.74615942299,0.668242850004,2,0.306928497131,0.32529423114,562,0.0723294723295,0.47935018171,37,37,37,1,0,0.405405405405,0.540540540541,0.0540540540541,37,337,0.253003003003,1.7379492229,18.2162162162,15.3181818182,9.62857142857,5.49815693935,0.301827606463,0.14684417355,9.37130307488,1.02889677677,0.543427700698,8.07528390895,0.886603871309,0.468682332184,0.660866778931,0.380256667008,2,1.7379492229,0.660866778931,2,0.341681074903,0.372321853674,782,0.100643500644,0.56682300094,37,37,37,1,0,0.405405405405,0.540540540541,0.0540540540541,-5,-0.00375375375375,0.012660404788,-0.27027027027,-0.227272727273,-0.142857142857,0.130446783957,0.0114690161857,0.00420153090776,-0.137188467491,0.000200323352819,-0.0010641595836,0.0219705625197,0.0153389771046,0.00685208087988,0.0202672086045,0.00895676429047,0,0.012660404788,0.0202672086045,0,-0.00239031934405,-0.00424718398288,-28,-0.0036036036036,-0.0027538274094,0,0,0,337,0,5,990,0.985380116959,1,0,0.0146198830409,1,0.985380116959,0.99263622975,0.990165874023,0.985380116959,0.985380116959,30,35,0,0,0,0
3917,WLNM_dir_neg,0.991020408163,0.614599723948,00:00:06,10,90,36,1241281871,threshold_sweep,0.2,1,0.857142857143,0.923076923077,30,0,5,70,0.857142857143,1,0,0.142857142857,1,0.857142857143,0.923076923077,0.952380952381,0.571428571429,0.888888888889,0.894427191,0.857142857143,342,307,35,0,342,0,307,0,35,37,342,0.256756756757,1.72528881811,18.4864864865,15.5454545455,9.77142857143,5.36771015539,0.290358590277,0.142642642643,9.50849154237,1.02869645341,0.544491860281,8.05331334643,0.871264894205,0.461830251304,0.640599570326,0.371299902718,2,1.72528881811,0.640599570326,2,0.344071394247,0.376569037657,810,0.104247104247,0.56957682835,37,37,37,1,0,0.405405405405,0.540540540541,0.0540540540541,37,0.23048048048,1.74615942299,16.5945945946,13.9545454545,8.77142857143,4.92420021402,0.29673519205,0.142530152302,8.49138408056,1.02339156671,0.53208909235,7.27959425329,0.877345235738,0.470287877454,0.668242850004,0.382692920935,2,1.74615942299,0.668242850004,2,0.306928497131,0.32529423114,562,0.0723294723295,0.47935018171,37,37,37,1,0,0.405405405405,0.540540540541,0.0540540540541,37,337,0.253003003003,1.7379492229,18.2162162162,15.3181818182,9.62857142857,5.49815693935,0.301827606463,0.14684417355,9.37130307488,1.02889677677,0.543427700698,8.07528390895,0.886603871309,0.468682332184,0.660866778931,0.380256667008,2,1.7379492229,0.660866778931,2,0.341681074903,0.372321853674,782,0.100643500644,0.56682300094,37,37,37,1,0,0.405405405405,0.540540540541,0.0540540540541,-5,-0.00375375375375,0.012660404788,-0.27027027027,-0.227272727273,-0.142857142857,0.130446783957,0.0114690161857,0.00420153090776,-0.137188467491,0.000200323352819,-0.0010641595836,0.0219705625197,0.0153389771046,0.00685208087988,0.0202672086045,0.00895676429047,0,0.012660404788,0.0202672086045,0,-0.00239031934405,-0.00424718398288,-28,-0.0036036036036,-0.0027538274094,0,0,0,337,0,5,990,0.985380116959,1,0,0.0146198830409,1,0.985380116959,0.99263622975,0.990165874023,0.985380116959,0.985380116959,30,35,0,0,0,0
3918,WLNM_dir_neg,0.991020408163,0.614599723948,00:00:06,10,90,36,1241281871,threshold_sweep,0.3,1,0.857142857143,0.923076923077,30,0,5,70,0.857142857143,1,0,0.142857142857,1,0.857142857143,0.923076923077,0.952380952381,0.571428571429,0.888888888889,0.894427191,0.857142857143,342,307,35,0,342,0,307,0,35,37,342,0.256756756757,1.72528881811,18.4864864865,15.5454545455,9.77142857143,5.36771015539,0.290358590277,0.142642642643,9.50849154237,1.02869645341,0.544491860281,8.05331334643,0.871264894205,0.461830251304,0.640599570326,0.371299902718,2,1.72528881811,0.640599570326,2,0.344071394247,0.376569037657,810,0.104247104247,0.56957682835,37,37,37,1,0,0.405405405405,0.540540540541,0.0540540540541,37,0.23048048048,1.74615942299,16.5945945946,13.9545454545,8.77142857143,4.92420021402,0.29673519205,0.142530152302,8.49138408056,1.02339156671,0.53208909235,7.27959425329,0.877345235738,0.470287877454,0.668242850004,0.382692920935,2,1.74615942299,0.668242850004,2,0.306928497131,0.32529423114,562,0.0723294723295,0.47935018171,37,37,37,1,0,0.405405405405,0.540540540541,0.0540540540541,37,337,0.253003003003,1.7379492229,18.2162162162,15.3181818182,9.62857142857,5.49815693935,0.301827606463,0.14684417355,9.37130307488,1.02889677677,0.543427700698,8.07528390895,0.886603871309,0.468682332184,0.660866778931,0.380256667008,2,1.7379492229,0.660866778931,2,0.341681074903,0.372321853674,782,0.100643500644,0.56682300094,37,37,37,1,0,0.405405405405,0.540540540541,0.0540540540541,-5,-0.00375375375375,0.012660404788,-0.27027027027,-0.227272727273,-0.142857142857,0.130446783957,0.0114690161857,0.00420153090776,-0.137188467491,0.000200323352819,-0.0010641595836,0.0219705625197,0.0153389771046,0.00685208087988,0.0202672086045,0.00895676429047,0,0.012660404788,0.0202672086045,0,-0.00239031934405,-0.00424718398288,-28,-0.0036036036036,-0.0027538274094,0,0,0,337,0,5,990,0.985380116959,1,0,0.0146198830409,1,0.985380116959,0.99263622975,0.990165874023,0.985380116959,0.985380116959,30,35,0,0,0,0
3919,WLNM_dir_neg,0.991020408163,0.614599723948,00:00:06,10,90,36,1241281871,threshold_sweep,0.4,1,0.857142857143,0.923076923077,30,0,5,70,0.857142857143,1,0,0.142857142857,1,0.857142857143,0.923076923077,0.952380952381,0.571428571429,0.888888888889,0.894427191,0.857142857143,342,307,35,0,342,0,307,0,35,37,342,0.256756756757,1.72528881811,18.4864864865,15.5454545455,9.77142857143,5.36771015539,0.290358590277,0.142642642643,9.50849154237,1.02869645341,0.544491860281,8.05331334643,0.871264894205,0.461830251304,0.640599570326,0.371299902718,2,1.72528881811,0.640599570326,2,0.344071394247,0.376569037657,810,0.104247104247,0.56957682835,37,37,37,1,0,0.405405405405,0.540540540541,0.0540540540541,37,0.23048048048,1.74615942299,16.5945945946,13.9545454545,8.77142857143,4.92420021402,0.29673519205,0.142530152302,8.49138408056,1.02339156671,0.53208909235,7.27959425329,0.877345235738,0.470287877454,0.668242850004,0.382692920935,2,1.74615942299,0.668242850004,2,0.306928497131,0.32529423114,562,0.0723294723295,0.47935018171,37,37,37,1,0,0.405405405405,0.540540540541,0.0540540540541,37,337,0.253003003003,1.7379492229,18.2162162162,15.3181818182,9.62857142857,5.49815693935,0.301827606463,0.14684417355,9.37130307488,1.02889677677,0.543427700698,8.07528390895,0.886603871309,0.468682332184,0.660866778931,0.380256667008,2,1.7379492229,0.660866778931,2,0.341681074903,0.372321853674,782,0.100643500644,0.56682300094,37,37,37,1,0,0.405405405405,0.540540540541,0.0540540540541,-5,-0.00375375375375,0.012660404788,-0.27027027027,-0.227272727273,-0.142857142857,0.130446783957,0.0114690161857,0.00420153090776,-0.137188467491,0.000200323352819,-0.0010641595836,0.0219705625197,0.0153389771046,0.00685208087988,0.0202672086045,0.00895676429047,0,0.012660404788,0.0202672086045,0,-0.00239031934405,-0.00424718398288,-28,-0.0036036036036,-0.0027538274094,0,0,0,337,0,5,990,0.985380116959,1,0,0.0146198830409,1,0.985380116959,0.99263622975,0.990165874023,0.985380116959,0.985380116959,30,35,0,0,0,0
3920,WLNM_dir_neg,0.991020408163,0.614599723948,00:00:06,10,90,36,1241281871,threshold_sweep,0.5,1,0.857142857143,0.923076923077,30,0,5,70,0.857142857143,1,0,0.142857142857,1,0.857142857143,0.923076923077,0.952380952381,0.571428571429,0.888888888889,0.894427191,0.857142857143,342,307,35,0,342,0,307,0,35,37,342,0.256756756757,1.72528881811,18.4864864865,15.5454545455,9.77142857143,5.36771015539,0.290358590277,0.142642642643,9.50849154237,1.02869645341,0.544491860281,8.05331334643,0.871264894205,0.461830251304,0.640599570326,0.371299902718,2,1.72528881811,0.640599570326,2,0.344071394247,0.376569037657,810,0.104247104247,0.56957682835,37,37,37,1,0,0.405405405405,0.540540540541,0.0540540540541,37,0.23048048048,1.74615942299,16.5945945946,13.9545454545,8.77142857143,4.92420021402,0.29673519205,0.142530152302,8.49138408056,1.02339156671,0.53208909235,7.27959425329,0.877345235738,0.470287877454,0.668242850004,0.382692920935,2,1.74615942299,0.668242850004,2,0.306928497131,0.32529423114,562,0.0723294723295,0.47935018171,37,37,37,1,0,0.405405405405,0.540540540541,0.0540540540541,37,337,0.253003003003,1.7379492229,18.2162162162,15.3181818182,9.62857142857,5.49815693935,0.301827606463,0.14684417355,9.37130307488,1.02889677677,0.543427700698,8.07528390895,0.886603871309,0.468682332184,0.660866778931,0.380256667008,2,1.7379492229,0.660866778931,2,0.341681074903,0.372321853674,782,0.100643500644,0.56682300094,37,37,37,1,0,0.405405405405,0.540540540541,0.0540540540541,-5,-0.00375375375375,0.012660404788,-0.27027027027,-0.227272727273,-0.142857142857,0.130446783957,0.0114690161857,0.00420153090776,-0.137188467491,0.000200323352819,-0.0010641595836,0.0219705625197,0.0153389771046,0.00685208087988,0.0202672086045,0.00895676429047,0,0.012660404788,0.0202672086045,0,-0.00239031934405,-0.00424718398288,-28,-0.0036036036036,-0.0027538274094,0,0,0,337,0,5,990,0.985380116959,1,0,0.0146198830409,1,0.985380116959,0.99263622975,0.990165874023,0.985380116959,0.985380116959,30,35,0,0,0,0
3921,WLNM_dir_neg,0.991020408163,0.614599723948,00:00:06,10,90,36,1241281871,threshold_sweep,0.6,1,0.857142857143,0.923076923077,30,0,5,70,0.857142857143,1,0,0.142857142857,1,0.857142857143,0.923076923077,0.952380952381,0.571428571429,0.888888888889,0.894427191,0.857142857143,342,307,35,0,342,0,307,0,35,37,342,0.256756756757,1.72528881811,18.4864864865,15.5454545455,9.77142857143,5.36771015539,0.290358590277,0.142642642643,9.50849154237,1.02869645341,0.544491860281,8.05331334643,0.871264894205,0.461830251304,0.640599570326,0.371299902718,2,1.72528881811,0.640599570326,2,0.344071394247,0.376569037657,810,0.104247104247,0.56957682835,37,37,37,1,0,0.405405405405,0.540540540541,0.0540540540541,37,0.23048048048,1.74615942299,16.5945945946,13.9545454545,8.77142857143,4.92420021402,0.29673519205,0.142530152302,8.49138408056,1.02339156671,0.53208909235,7.27959425329,0.877345235738,0.470287877454,0.668242850004,0.382692920935,2,1.74615942299,0.668242850004,2,0.306928497131,0.32529423114,562,0.0723294723295,0.47935018171,37,37,37,1,0,0.405405405405,0.540540540541,0.0540540540541,37,337,0.253003003003,1.7379492229,18.2162162162,15.3181818182,9.62857142857,5.49815693935,0.301827606463,0.14684417355,9.37130307488,1.02889677677,0.543427700698,8.07528390895,0.886603871309,0.468682332184,0.660866778931,0.380256667008,2,1.7379492229,0.660866778931,2,0.341681074903,0.372321853674,782,0.100643500644,0.56682300094,37,37,37,1,0,0.405405405405,0.540540540541,0.0540540540541,-5,-0.00375375375375,0.012660404788,-0.27027027027,-0.227272727273,-0.142857142857,0.130446783957,0.0114690161857,0.00420153090776,-0.137188467491,0.000200323352819,-0.0010641595836,0.0219705625197,0.0153389771046,0.00685208087988,0.0202672086045,0.00895676429047,0,0.012660404788,0.0202672086045,0,-0.00239031934405,-0.00424718398288,-28,-0.0036036036036,-0.0027538274094,0,0,0,337,0,5,990,0.985380116959,1,0,0.0146198830409,1,0.985380116959,0.99263622975,0.990165874023,0.985380116959,0.985380116959,30,35,0,0,0,0
3922,WLNM_dir_neg,0.991020408163,0.614599723948,00:00:06,10,90,36,1241281871,threshold_sweep,0.7,1,0.857142857143,0.923076923077,30,0,5,70,0.857142857143,1,0,0.142857142857,1,0.857142857143,0.923076923077,0.952380952381,0.571428571429,0.888888888889,0.894427191,0.857142857143,342,307,35,0,342,0,307,0,35,37,342,0.256756756757,1.72528881811,18.4864864865,15.5454545455,9.77142857143,5.36771015539,0.290358590277,0.142642642643,9.50849154237,1.02869645341,0.544491860281,8.05331334643,0.871264894205,0.461830251304,0.640599570326,0.371299902718,2,1.72528881811,0.640599570326,2,0.344071394247,0.376569037657,810,0.104247104247,0.56957682835,37,37,37,1,0,0.405405405405,0.540540540541,0.0540540540541,37,0.23048048048,1.74615942299,16.5945945946,13.9545454545,8.77142857143,4.92420021402,0.29673519205,0.142530152302,8.49138408056,1.02339156671,0.53208909235,7.27959425329,0.877345235738,0.470287877454,0.668242850004,0.382692920935,2,1.74615942299,0.668242850004,2,0.306928497131,0.32529423114,562,0.0723294723295,0.47935018171,37,37,37,1,0,0.405405405405,0.540540540541,0.0540540540541,37,337,0.253003003003,1.7379492229,18.2162162162,15.3181818182,9.62857142857,5.49815693935,0.301827606463,0.14684417355,9.37130307488,1.02889677677,0.543427700698,8.07528390895,0.886603871309,0.468682332184,0.660866778931,0.380256667008,2,1.7379492229,0.660866778931,2,0.341681074903,0.372321853674,782,0.100643500644,0.56682300094,37,37,37,1,0,0.405405405405,0.540540540541,0.0540540540541,-5,-0.00375375375375,0.012660404788,-0.27027027027,-0.227272727273,-0.142857142857,0.130446783957,0.0114690161857,0.00420153090776,-0.137188467491,0.000200323352819,-0.0010641595836,0.0219705625197,0.0153389771046,0.00685208087988,0.0202672086045,0.00895676429047,0,0.012660404788,0.0202672086045,0,-0.00239031934405,-0.00424718398288,-28,-0.0036036036036,-0.0027538274094,0,0,0,337,0,5,990,0.985380116959,1,0,0.0146198830409,1,0.985380116959,0.99263622975,0.990165874023,0.985380116959,0.985380116959,30,35,0,0,0,0
3923,WLNM_dir_neg,0.991020408163,0.614599723948,00:00:06,10,90,36,1241281871,threshold_sweep,0.8,1,0.857142857143,0.923076923077,30,0,5,70,0.857142857143,1,0,0.142857142857,1,0.857142857143,0.923076923077,0.952380952381,0.571428571429,0.888888888889,0.894427191,0.857142857143,342,307,35,0,342,0,307,0,35,37,342,0.256756756757,1.72528881811,18.4864864865,15.5454545455,9.77142857143,5.36771015539,0.290358590277,0.142642642643,9.50849154237,1.02869645341,0.544491860281,8.05331334643,0.871264894205,0.461830251304,0.640599570326,0.371299902718,2,1.72528881811,0.640599570326,2,0.344071394247,0.376569037657,810,0.104247104247,0.56957682835,37,37,37,1,0,0.405405405405,0.540540540541,0.0540540540541,37,0.23048048048,1.74615942299,16.5945945946,13.9545454545,8.77142857143,4.92420021402,0.29673519205,0.142530152302,8.49138408056,1.02339156671,0.53208909235,7.27959425329,0.877345235738,0.470287877454,0.668242850004,0.382692920935,2,1.74615942299,0.668242850004,2,0.306928497131,0.32529423114,562,0.0723294723295,0.47935018171,37,37,37,1,0,0.405405405405,0.540540540541,0.0540540540541,37,337,0.253003003003,1.7379492229,18.2162162162,15.3181818182,9.62857142857,5.49815693935,0.301827606463,0.14684417355,9.37130307488,1.02889677677,0.543427700698,8.07528390895,0.886603871309,0.468682332184,0.660866778931,0.380256667008,2,1.7379492229,0.660866778931,2,0.341681074903,0.372321853674,782,0.100643500644,0.56682300094,37,37,37,1,0,0.405405405405,0.540540540541,0.0540540540541,-5,-0.00375375375375,0.012660404788,-0.27027027027,-0.227272727273,-0.142857142857,0.130446783957,0.0114690161857,0.00420153090776,-0.137188467491,0.000200323352819,-0.0010641595836,0.0219705625197,0.0153389771046,0.00685208087988,0.0202672086045,0.00895676429047,0,0.012660404788,0.0202672086045,0,-0.00239031934405,-0.00424718398288,-28,-0.0036036036036,-0.0027538274094,0,0,0,337,0,5,990,0.985380116959,1,0,0.0146198830409,1,0.985380116959,0.99263622975,0.990165874023,0.985380116959,0.985380116959,30,35,0,0,0,0
3924,WLNM_dir_neg,0.991020408163,0.614599723948,00:00:06,10,90,36,1241281871,threshold_sweep,0.9,1,0.857142857143,0.923076923077,30,0,5,70,0.857142857143,1,0,0.142857142857,1,0.857142857143,0.923076923077,0.952380952381,0.571428571429,0.888888888889,0.894427191,0.857142857143,342,307,35,0,342,0,307,0,35,37,342,0.256756756757,1.72528881811,18.4864864865,15.5454545455,9.77142857143,5.36771015539,0.290358590277,0.142642642643,9.50849154237,1.02869645341,0.544491860281,8.05331334643,0.871264894205,0.461830251304,0.640599570326,0.371299902718,2,1.72528881811,0.640599570326,2,0.344071394247,0.376569037657,810,0.104247104247,0.56957682835,37,37,37,1,0,0.405405405405,0.540540540541,0.0540540540541,37,0.23048048048,1.74615942299,16.5945945946,13.9545454545,8.77142857143,4.92420021402,0.29673519205,0.142530152302,8.49138408056,1.02339156671,0.53208909235,7.27959425329,0.877345235738,0.470287877454,0.668242850004,0.382692920935,2,1.74615942299,0.668242850004,2,0.306928497131,0.32529423114,562,0.0723294723295,0.47935018171,37,37,37,1,0,0.405405405405,0.540540540541,0.0540540540541,37,337,0.253003003003,1.7379492229,18.2162162162,15.3181818182,9.62857142857,5.49815693935,0.301827606463,0.14684417355,9.37130307488,1.02889677677,0.543427700698,8.07528390895,0.886603871309,0.468682332184,0.660866778931,0.380256667008,2,1.7379492229,0.660866778931,2,0.341681074903,0.372321853674,782,0.100643500644,0.56682300094,37,37,37,1,0,0.405405405405,0.540540540541,0.0540540540541,-5,-0.00375375375375,0.012660404788,-0.27027027027,-0.227272727273,-0.142857142857,0.130446783957,0.0114690161857,0.00420153090776,-0.137188467491,0.000200323352819,-0.0010641595836,0.0219705625197,0.0153389771046,0.00685208087988,0.0202672086045,0.00895676429047,0,0.012660404788,0.0202672086045,0,-0.00239031934405,-0.00424718398288,-28,-0.0036036036036,-0.0027538274094,0,0,0,337,0,5,990,0.985380116959,1,0,0.0146198830409,1,0.985380116959,0.99263622975,0.990165874023,0.985380116959,0.985380116959,30,35,0,0,0,0
3925,WLNM_dir_neg,0.984081632653,0.60355194781,00:00:05,10,90,37,1241281872,threshold_sweep,0.1,1,0.828571428571,0.90625,29,0,6,70,0.828571428571,1,0,0.171428571429,1,0.828571428571,0.90625,0.942857142857,0.574603174603,0.865671641791,0.873589088037,0.828571428571,342,307,35,0,342,0,307,0,35,37,342,0.256756756757,1.72528881811,18.4864864865,15.5454545455,9.77142857143,5.36771015539,0.290358590277,0.142642642643,9.50849154237,1.02869645341,0.544491860281,8.05331334643,0.871264894205,0.461830251304,0.640599570326,0.371299902718,2,1.72528881811,0.640599570326,2,0.344071394247,0.376569037657,810,0.104247104247,0.56957682835,37,37,37,1,0,0.405405405405,0.540540540541,0.0540540540541,37,0.23048048048,1.73337441217,16.5945945946,13.9545454545,8.77142857143,4.45632795683,0.26854093551,0.127387974294,8.35286000543,1.00669648274,0.525926578044,7.38942511997,0.890582180582,0.477330750946,0.647565258231,0.373586487538,2,1.73337441217,0.647565258231,2,0.29073318965,0.297709923664,507,0.065250965251,0.490002104449,37,37,37,1,0,0.405405405405,0.540540540541,0.0540540540541,37,336,0.252252252252,1.72455979071,18.1621621622,15.2727272727,9.6,5.16136025091,0.284182037624,0.140122265122,9.265762481,1.02033693987,0.540218790219,8.06011572283,0.887572267098,0.471042471042,0.639001420086,0.370530162844,2,1.72455979071,0.639001420086,2,0.330306726648,0.355473158149,735,0.0945945945946,0.56556060644,37,37,37,1,0,0.405405405405,0.540540540541,0.0540540540541,-6,-0.0045045045045,-0.000729027401835,-0.324324324324,-0.272727272727,-0.171428571429,-0.206349904487,-0.0061765526528,-0.00252037752038,-0.242729061372,-0.0083595135425,-0.00427307006254,0.00680237639912,0.0163073728928,0.00921221973854,-0.00159815023963,-0.000769739874139,0,-0.000729027401835,-0.00159815023963,0,-0.0137646675993,-0.0210958795076,-75,-0.00965250965251,-0.00401622191021,0,0,0,336,0,6,990,0.982456140351,1,0,0.0175438596491,1,0.982456140351,0.991150442478,0.988199235917,0.982456140351,0.982456140351,29,35,0,0,0,0
3926,WLNM_dir_neg,0.984081632653,0.60355194781,00:00:05,10,90,37,1241281872,threshold_sweep,0.2,1,0.828571428571,0.90625,29,0,6,70,0.828571428571,1,0,0.171428571429,1,0.828571428571,0.90625,0.942857142857,0.574603174603,0.865671641791,0.873589088037,0.828571428571,342,307,35,0,342,0,307,0,35,37,342,0.256756756757,1.72528881811,18.4864864865,15.5454545455,9.77142857143,5.36771015539,0.290358590277,0.142642642643,9.50849154237,1.02869645341,0.544491860281,8.05331334643,0.871264894205,0.461830251304,0.640599570326,0.371299902718,2,1.72528881811,0.640599570326,2,0.344071394247,0.376569037657,810,0.104247104247,0.56957682835,37,37,37,1,0,0.405405405405,0.540540540541,0.0540540540541,37,0.23048048048,1.73337441217,16.5945945946,13.9545454545,8.77142857143,4.45632795683,0.26854093551,0.127387974294,8.35286000543,1.00669648274,0.525926578044,7.38942511997,0.890582180582,0.477330750946,0.647565258231,0.373586487538,2,1.73337441217,0.647565258231,2,0.29073318965,0.297709923664,507,0.065250965251,0.490002104449,37,37,37,1,0,0.405405405405,0.540540540541,0.0540540540541,37,336,0.252252252252,1.72455979071,18.1621621622,15.2727272727,9.6,5.16136025091,0.284182037624,0.140122265122,9.265762481,1.02033693987,0.540218790219,8.06011572283,0.887572267098,0.471042471042,0.639001420086,0.370530162844,2,1.72455979071,0.639001420086,2,0.330306726648,0.355473158149,735,0.0945945945946,0.56556060644,37,37,37,1,0,0.405405405405,0.540540540541,0.0540540540541,-6,-0.0045045045045,-0.000729027401835,-0.324324324324,-0.272727272727,-0.171428571429,-0.206349904487,-0.0061765526528,-0.00252037752038,-0.242729061372,-0.0083595135425,-0.00427307006254,0.00680237639912,0.0163073728928,0.00921221973854,-0.00159815023963,-0.000769739874139,0,-0.000729027401835,-0.00159815023963,0,-0.0137646675993,-0.0210958795076,-75,-0.00965250965251,-0.00401622191021,0,0,0,336,0,6,990,0.982456140351,1,0,0.0175438596491,1,0.982456140351,0.991150442478,0.988199235917,0.982456140351,0.982456140351,29,35,0,0,0,0
3927,WLNM_dir_neg,0.984081632653,0.60355194781,00:00:05,10,90,37,1241281872,threshold_sweep,0.3,1,0.828571428571,0.90625,29,0,6,70,0.828571428571,1,0,0.171428571429,1,0.828571428571,0.90625,0.942857142857,0.574603174603,0.865671641791,0.873589088037,0.828571428571,342,307,35,0,342,0,307,0,35,37,342,0.256756756757,1.72528881811,18.4864864865,15.5454545455,9.77142857143,5.36771015539,0.290358590277,0.142642642643,9.50849154237,1.02869645341,0.544491860281,8.05331334643,0.871264894205,0.461830251304,0.640599570326,0.371299902718,2,1.72528881811,0.640599570326,2,0.344071394247,0.376569037657,810,0.104247104247,0.56957682835,37,37,37,1,0,0.405405405405,0.540540540541,0.0540540540541,37,0.23048048048,1.73337441217,16.5945945946,13.9545454545,8.77142857143,4.45632795683,0.26854093551,0.127387974294,8.35286000543,1.00669648274,0.525926578044,7.38942511997,0.890582180582,0.477330750946,0.647565258231,0.373586487538,2,1.73337441217,0.647565258231,2,0.29073318965,0.297709923664,507,0.065250965251,0.490002104449,37,37,37,1,0,0.405405405405,0.540540540541,0.0540540540541,37,336,0.252252252252,1.72455979071,18.1621621622,15.2727272727,9.6,5.16136025091,0.284182037624,0.140122265122,9.265762481,1.02033693987,0.540218790219,8.06011572283,0.887572267098,0.471042471042,0.639001420086,0.370530162844,2,1.72455979071,0.639001420086,2,0.330306726648,0.355473158149,735,0.0945945945946,0.56556060644,37,37,37,1,0,0.405405405405,0.540540540541,0.0540540540541,-6,-0.0045045045045,-0.000729027401835,-0.324324324324,-0.272727272727,-0.171428571429,-0.206349904487,-0.0061765526528,-0.00252037752038,-0.242729061372,-0.0083595135425,-0.00427307006254,0.00680237639912,0.0163073728928,0.00921221973854,-0.00159815023963,-0.000769739874139,0,-0.000729027401835,-0.00159815023963,0,-0.0137646675993,-0.0210958795076,-75,-0.00965250965251,-0.00401622191021,0,0,0,336,0,6,990,0.982456140351,1,0,0.0175438596491,1,0.982456140351,0.991150442478,0.988199235917,0.982456140351,0.982456140351,29,35,0,0,0,0
3928,WLNM_dir_neg,0.984081632653,0.60355194781,00:00:05,10,90,37,1241281872,threshold_sweep,0.4,1,0.828571428571,0.90625,29,0,6,70,0.828571428571,1,0,0.171428571429,1,0.828571428571,0.90625,0.942857142857,0.574603174603,0.865671641791,0.873589088037,0.828571428571,342,307,35,0,342,0,307,0,35,37,342,0.256756756757,1.72528881811,18.4864864865,15.5454545455,9.77142857143,5.36771015539,0.290358590277,0.142642642643,9.50849154237,1.02869645341,0.544491860281,8.05331334643,0.871264894205,0.461830251304,0.640599570326,0.371299902718,2,1.72528881811,0.640599570326,2,0.344071394247,0.376569037657,810,0.104247104247,0.56957682835,37,37,37,1,0,0.405405405405,0.540540540541,0.0540540540541,37,0.23048048048,1.73337441217,16.5945945946,13.9545454545,8.77142857143,4.45632795683,0.26854093551,0.127387974294,8.35286000543,1.00669648274,0.525926578044,7.38942511997,0.890582180582,0.477330750946,0.647565258231,0.373586487538,2,1.73337441217,0.647565258231,2,0.29073318965,0.297709923664,507,0.065250965251,0.490002104449,37,37,37,1,0,0.405405405405,0.540540540541,0.0540540540541,37,336,0.252252252252,1.72455979071,18.1621621622,15.2727272727,9.6,5.16136025091,0.284182037624,0.140122265122,9.265762481,1.02033693987,0.540218790219,8.06011572283,0.887572267098,0.471042471042,0.639001420086,0.370530162844,2,1.72455979071,0.639001420086,2,0.330306726648,0.355473158149,735,0.0945945945946,0.56556060644,37,37,37,1,0,0.405405405405,0.540540540541,0.0540540540541,-6,-0.0045045045045,-0.000729027401835,-0.324324324324,-0.272727272727,-0.171428571429,-0.206349904487,-0.0061765526528,-0.00252037752038,-0.242729061372,-0.0083595135425,-0.00427307006254,0.00680237639912,0.0163073728928,0.00921221973854,-0.00159815023963,-0.000769739874139,0,-0.000729027401835,-0.00159815023963,0,-0.0137646675993,-0.0210958795076,-75,-0.00965250965251,-0.00401622191021,0,0,0,336,0,6,990,0.982456140351,1,0,0.0175438596491,1,0.982456140351,0.991150442478,0.988199235917,0.982456140351,0.982456140351,29,35,0,0,0,0
3929,WLNM_dir_neg,0.984081632653,0.60355194781,00:00:05,10,90,37,1241281872,threshold_sweep,0.5,1,0.828571428571,0.90625,29,0,6,70,0.828571428571,1,0,0.171428571429,1,0.828571428571,0.90625,0.942857142857,0.574603174603,0.865671641791,0.873589088037,0.828571428571,342,307,35,0,342,0,307,0,35,37,342,0.256756756757,1.72528881811,18.4864864865,15.5454545455,9.77142857143,5.36771015539,0.290358590277,0.142642642643,9.50849154237,1.02869645341,0.544491860281,8.05331334643,0.871264894205,0.461830251304,0.640599570326,0.371299902718,2,1.72528881811,0.640599570326,2,0.344071394247,0.376569037657,810,0.104247104247,0.56957682835,37,37,37,1,0,0.405405405405,0.540540540541,0.0540540540541,37,0.23048048048,1.73337441217,16.5945945946,13.9545454545,8.77142857143,4.45632795683,0.26854093551,0.127387974294,8.35286000543,1.00669648274,0.525926578044,7.38942511997,0.890582180582,0.477330750946,0.647565258231,0.373586487538,2,1.73337441217,0.647565258231,2,0.29073318965,0.297709923664,507,0.065250965251,0.490002104449,37,37,37,1,0,0.405405405405,0.540540540541,0.0540540540541,37,336,0.252252252252,1.72455979071,18.1621621622,15.2727272727,9.6,5.16136025091,0.284182037624,0.140122265122,9.265762481,1.02033693987,0.540218790219,8.06011572283,0.887572267098,0.471042471042,0.639001420086,0.370530162844,2,1.72455979071,0.639001420086,2,0.330306726648,0.355473158149,735,0.0945945945946,0.56556060644,37,37,37,1,0,0.405405405405,0.540540540541,0.0540540540541,-6,-0.0045045045045,-0.000729027401835,-0.324324324324,-0.272727272727,-0.171428571429,-0.206349904487,-0.0061765526528,-0.00252037752038,-0.242729061372,-0.0083595135425,-0.00427307006254,0.00680237639912,0.0163073728928,0.00921221973854,-0.00159815023963,-0.000769739874139,0,-0.000729027401835,-0.00159815023963,0,-0.0137646675993,-0.0210958795076,-75,-0.00965250965251,-0.00401622191021,0,0,0,336,0,6,990,0.982456140351,1,0,0.0175438596491,1,0.982456140351,0.991150442478,0.988199235917,0.982456140351,0.982456140351,29,35,0,0,0,0
3930,WLNM_dir_neg,0.984081632653,0.60355194781,00:00:05,10,90,37,1241281872,threshold_sweep,0.6,1,0.828571428571,0.90625,29,0,6,70,0.828571428571,1,0,0.171428571429,1,0.828571428571,0.90625,0.942857142857,0.574603174603,0.865671641791,0.873589088037,0.828571428571,342,307,35,0,342,0,307,0,35,37,342,0.256756756757,1.72528881811,18.4864864865,15.5454545455,9.77142857143,5.36771015539,0.290358590277,0.142642642643,9.50849154237,1.02869645341,0.544491860281,8.05331334643,0.871264894205,0.461830251304,0.640599570326,0.371299902718,2,1.72528881811,0.640599570326,2,0.344071394247,0.376569037657,810,0.104247104247,0.56957682835,37,37,37,1,0,0.405405405405,0.540540540541,0.0540540540541,37,0.23048048048,1.73337441217,16.5945945946,13.9545454545,8.77142857143,4.45632795683,0.26854093551,0.127387974294,8.35286000543,1.00669648274,0.525926578044,7.38942511997,0.890582180582,0.477330750946,0.647565258231,0.373586487538,2,1.73337441217,0.647565258231,2,0.29073318965,0.297709923664,507,0.065250965251,0.490002104449,37,37,37,1,0,0.405405405405,0.540540540541,0.0540540540541,37,336,0.252252252252,1.72455979071,18.1621621622,15.2727272727,9.6,5.16136025091,0.284182037624,0.140122265122,9.265762481,1.02033693987,0.540218790219,8.06011572283,0.887572267098,0.471042471042,0.639001420086,0.370530162844,2,1.72455979071,0.639001420086,2,0.330306726648,0.355473158149,735,0.0945945945946,0.56556060644,37,37,37,1,0,0.405405405405,0.540540540541,0.0540540540541,-6,-0.0045045045045,-0.000729027401835,-0.324324324324,-0.272727272727,-0.171428571429,-0.206349904487,-0.0061765526528,-0.00252037752038,-0.242729061372,-0.0083595135425,-0.00427307006254,0.00680237639912,0.0163073728928,0.00921221973854,-0.00159815023963,-0.000769739874139,0,-0.000729027401835,-0.00159815023963,0,-0.0137646675993,-0.0210958795076,-75,-0.00965250965251,-0.00401622191021,0,0,0,336,0,6,990,0.982456140351,1,0,0.0175438596491,1,0.982456140351,0.991150442478,0.988199235917,0.982456140351,0.982456140351,29,35,0,0,0,0
3931,WLNM_dir_neg,0.984081632653,0.60355194781,00:00:05,10,90,37,1241281872,threshold_sweep,0.7,1,0.828571428571,0.90625,29,0,6,70,0.828571428571,1,0,0.171428571429,1,0.828571428571,0.90625,0.942857142857,0.574603174603,0.865671641791,0.873589088037,0.828571428571,342,307,35,0,342,0,307,0,35,37,342,0.256756756757,1.72528881811,18.4864864865,15.5454545455,9.77142857143,5.36771015539,0.290358590277,0.142642642643,9.50849154237,1.02869645341,0.544491860281,8.05331334643,0.871264894205,0.461830251304,0.640599570326,0.371299902718,2,1.72528881811,0.640599570326,2,0.344071394247,0.376569037657,810,0.104247104247,0.56957682835,37,37,37,1,0,0.405405405405,0.540540540541,0.0540540540541,37,0.23048048048,1.73337441217,16.5945945946,13.9545454545,8.77142857143,4.45632795683,0.26854093551,0.127387974294,8.35286000543,1.00669648274,0.525926578044,7.38942511997,0.890582180582,0.477330750946,0.647565258231,0.373586487538,2,1.73337441217,0.647565258231,2,0.29073318965,0.297709923664,507,0.065250965251,0.490002104449,37,37,37,1,0,0.405405405405,0.540540540541,0.0540540540541,37,336,0.252252252252,1.72455979071,18.1621621622,15.2727272727,9.6,5.16136025091,0.284182037624,0.140122265122,9.265762481,1.02033693987,0.540218790219,8.06011572283,0.887572267098,0.471042471042,0.639001420086,0.370530162844,2,1.72455979071,0.639001420086,2,0.330306726648,0.355473158149,735,0.0945945945946,0.56556060644,37,37,37,1,0,0.405405405405,0.540540540541,0.0540540540541,-6,-0.0045045045045,-0.000729027401835,-0.324324324324,-0.272727272727,-0.171428571429,-0.206349904487,-0.0061765526528,-0.00252037752038,-0.242729061372,-0.0083595135425,-0.00427307006254,0.00680237639912,0.0163073728928,0.00921221973854,-0.00159815023963,-0.000769739874139,0,-0.000729027401835,-0.00159815023963,0,-0.0137646675993,-0.0210958795076,-75,-0.00965250965251,-0.00401622191021,0,0,0,336,0,6,990,0.982456140351,1,0,0.0175438596491,1,0.982456140351,0.991150442478,0.988199235917,0.982456140351,0.982456140351,29,35,0,0,0,0
3932,WLNM_dir_neg,0.984081632653,0.60355194781,00:00:05,10,90,37,1241281872,threshold_sweep,0.8,1,0.828571428571,0.90625,29,0,6,70,0.828571428571,1,0,0.171428571429,1,0.828571428571,0.90625,0.942857142857,0.574603174603,0.865671641791,0.873589088037,0.828571428571,342,307,35,0,342,0,307,0,35,37,342,0.256756756757,1.72528881811,18.4864864865,15.5454545455,9.77142857143,5.36771015539,0.290358590277,0.142642642643,9.50849154237,1.02869645341,0.544491860281,8.05331334643,0.871264894205,0.461830251304,0.640599570326,0.371299902718,2,1.72528881811,0.640599570326,2,0.344071394247,0.376569037657,810,0.104247104247,0.56957682835,37,37,37,1,0,0.405405405405,0.540540540541,0.0540540540541,37,0.23048048048,1.73337441217,16.5945945946,13.9545454545,8.77142857143,4.45632795683,0.26854093551,0.127387974294,8.35286000543,1.00669648274,0.525926578044,7.38942511997,0.890582180582,0.477330750946,0.647565258231,0.373586487538,2,1.73337441217,0.647565258231,2,0.29073318965,0.297709923664,507,0.065250965251,0.490002104449,37,37,37,1,0,0.405405405405,0.540540540541,0.0540540540541,37,336,0.252252252252,1.72455979071,18.1621621622,15.2727272727,9.6,5.16136025091,0.284182037624,0.140122265122,9.265762481,1.02033693987,0.540218790219,8.06011572283,0.887572267098,0.471042471042,0.639001420086,0.370530162844,2,1.72455979071,0.639001420086,2,0.330306726648,0.355473158149,735,0.0945945945946,0.56556060644,37,37,37,1,0,0.405405405405,0.540540540541,0.0540540540541,-6,-0.0045045045045,-0.000729027401835,-0.324324324324,-0.272727272727,-0.171428571429,-0.206349904487,-0.0061765526528,-0.00252037752038,-0.242729061372,-0.0083595135425,-0.00427307006254,0.00680237639912,0.0163073728928,0.00921221973854,-0.00159815023963,-0.000769739874139,0,-0.000729027401835,-0.00159815023963,0,-0.0137646675993,-0.0210958795076,-75,-0.00965250965251,-0.00401622191021,0,0,0,336,0,6,990,0.982456140351,1,0,0.0175438596491,1,0.982456140351,0.991150442478,0.988199235917,0.982456140351,0.982456140351,29,35,0,0,0,0
3933,WLNM_dir_neg,0.984081632653,0.60355194781,00:00:05,10,90,37,1241281872,threshold_sweep,0.9,1,0.828571428571,0.90625,29,0,6,70,0.828571428571,1,0,0.171428571429,1,0.828571428571,0.90625,0.942857142857,0.574603174603,0.865671641791,0.873589088037,0.828571428571,342,307,35,0,342,0,307,0,35,37,342,0.256756756757,1.72528881811,18.4864864865,15.5454545455,9.77142857143,5.36771015539,0.290358590277,0.142642642643,9.50849154237,1.02869645341,0.544491860281,8.05331334643,0.871264894205,0.461830251304,0.640599570326,0.371299902718,2,1.72528881811,0.640599570326,2,0.344071394247,0.376569037657,810,0.104247104247,0.56957682835,37,37,37,1,0,0.405405405405,0.540540540541,0.0540540540541,37,0.23048048048,1.73337441217,16.5945945946,13.9545454545,8.77142857143,4.45632795683,0.26854093551,0.127387974294,8.35286000543,1.00669648274,0.525926578044,7.38942511997,0.890582180582,0.477330750946,0.647565258231,0.373586487538,2,1.73337441217,0.647565258231,2,0.29073318965,0.297709923664,507,0.065250965251,0.490002104449,37,37,37,1,0,0.405405405405,0.540540540541,0.0540540540541,37,336,0.252252252252,1.72455979071,18.1621621622,15.2727272727,9.6,5.16136025091,0.284182037624,0.140122265122,9.265762481,1.02033693987,0.540218790219,8.06011572283,0.887572267098,0.471042471042,0.639001420086,0.370530162844,2,1.72455979071,0.639001420086,2,0.330306726648,0.355473158149,735,0.0945945945946,0.56556060644,37,37,37,1,0,0.405405405405,0.540540540541,0.0540540540541,-6,-0.0045045045045,-0.000729027401835,-0.324324324324,-0.272727272727,-0.171428571429,-0.206349904487,-0.0061765526528,-0.00252037752038,-0.242729061372,-0.0083595135425,-0.00427307006254,0.00680237639912,0.0163073728928,0.00921221973854,-0.00159815023963,-0.000769739874139,0,-0.000729027401835,-0.00159815023963,0,-0.0137646675993,-0.0210958795076,-75,-0.00965250965251,-0.00401622191021,0,0,0,336,0,6,990,0.982456140351,1,0,0.0175438596491,1,0.982456140351,0.991150442478,0.988199235917,0.982456140351,0.982456140351,29,35,0,0,0,0
3934,WLNM_dir_neg,0.992244897959,0.93270939403,00:00:06,10,90,38,1241281873,threshold_sweep,0.1,1,0.971428571429,0.985507246377,34,0,1,70,0.971428571429,1,0,0.0285714285714,1,0.971428571429,0.985507246377,0.990476190476,0.55873015873,0.978417266187,0.978645226256,0.971428571429,342,307,35,0,342,0,307,0,35,37,342,0.256756756757,1.72528881811,18.4864864865,15.5454545455,9.77142857143,5.36771015539,0.290358590277,0.142642642643,9.50849154237,1.02869645341,0.544491860281,8.05331334643,0.871264894205,0.461830251304,0.640599570326,0.371299902718,2,1.72528881811,0.640599570326,2,0.344071394247,0.376569037657,810,0.104247104247,0.56957682835,37,37,37,1,0,0.405405405405,0.540540540541,0.0540540540541,37,0.23048048048,1.73555065126,16.5945945946,13.9545454545,8.77142857143,4.63956091948,0.279582661271,0.138656571881,8.29948078987,1.00026315709,0.525046218857,7.26048997759,0.875042766029,0.472752883176,0.651076069136,0.375140920644,2,1.73555065126,0.651076069136,2,0.288859558975,0.321845794393,551,0.0709137709138,0.481989877323,37,37,37,1,0,0.405405405405,0.540540540541,0.0540540540541,37,341,0.256006006006,1.7254375025,18.4324324324,15.5,9.74285714286,5.40339677395,0.29314615929,0.143377982088,9.49015611374,1.0297236839,0.544820480304,8.05582996323,0.874092987212,0.462709043354,0.64069811457,0.37132501968,2,1.7254375025,0.64069811457,2,0.343375419638,0.376867995019,807,0.103861003861,0.569910017846,37,37,37,1,0,0.405405405405,0.540540540541,0.0540540540541,-1,-0.000750750750751,0.000148684381406,-0.0540540540541,-0.0454545454545,-0.0285714285714,0.0356866185533,0.00278756901324,0.000735339445017,-0.0183354286396,0.0010272304802,0.000328620023017,0.00251661679093,0.00282809300724,0.000878792050269,9.8544244427e-05,2.51169619374e-05,0,0.000148684381406,9.8544244427e-05,0,-0.000695974609018,0.000298957361776,-3,-0.0003861003861,0.0003331894965,0,0,0,341,0,1,990,0.997076023392,1,0,0.00292397660819,1,0.997076023392,0.998535871157,0.998033011572,0.997076023392,0.997076023392,34,35,0,0,0,0
3935,WLNM_dir_neg,0.992244897959,0.93270939403,00:00:06,10,90,38,1241281873,threshold_sweep,0.2,1,0.971428571429,0.985507246377,34,0,1,70,0.971428571429,1,0,0.0285714285714,1,0.971428571429,0.985507246377,0.990476190476,0.55873015873,0.978417266187,0.978645226256,0.971428571429,342,307,35,0,342,0,307,0,35,37,342,0.256756756757,1.72528881811,18.4864864865,15.5454545455,9.77142857143,5.36771015539,0.290358590277,0.142642642643,9.50849154237,1.02869645341,0.544491860281,8.05331334643,0.871264894205,0.461830251304,0.640599570326,0.371299902718,2,1.72528881811,0.640599570326,2,0.344071394247,0.376569037657,810,0.104247104247,0.56957682835,37,37,37,1,0,0.405405405405,0.540540540541,0.0540540540541,37,0.23048048048,1.73555065126,16.5945945946,13.9545454545,8.77142857143,4.63956091948,0.279582661271,0.138656571881,8.29948078987,1.00026315709,0.525046218857,7.26048997759,0.875042766029,0.472752883176,0.651076069136,0.375140920644,2,1.73555065126,0.651076069136,2,0.288859558975,0.321845794393,551,0.0709137709138,0.481989877323,37,37,37,1,0,0.405405405405,0.540540540541,0.0540540540541,37,341,0.256006006006,1.7254375025,18.4324324324,15.5,9.74285714286,5.40339677395,0.29314615929,0.143377982088,9.49015611374,1.0297236839,0.544820480304,8.05582996323,0.874092987212,0.462709043354,0.64069811457,0.37132501968,2,1.7254375025,0.64069811457,2,0.343375419638,0.376867995019,807,0.103861003861,0.569910017846,37,37,37,1,0,0.405405405405,0.540540540541,0.0540540540541,-1,-0.000750750750751,0.000148684381406,-0.0540540540541,-0.0454545454545,-0.0285714285714,0.0356866185533,0.00278756901324,0.000735339445017,-0.0183354286396,0.0010272304802,0.000328620023017,0.00251661679093,0.00282809300724,0.000878792050269,9.8544244427e-05,2.51169619374e-05,0,0.000148684381406,9.8544244427e-05,0,-0.000695974609018,0.000298957361776,-3,-0.0003861003861,0.0003331894965,0,0,0,341,0,1,990,0.997076023392,1,0,0.00292397660819,1,0.997076023392,0.998535871157,0.998033011572,0.997076023392,0.997076023392,34,35,0,0,0,0
3936,WLNM_dir_neg,0.992244897959,0.93270939403,00:00:06,10,90,38,1241281873,threshold_sweep,0.3,1,0.942857142857,0.970588235294,33,0,2,70,0.942857142857,1,0,0.0571428571429,1,0.942857142857,0.970588235294,0.980952380952,0.561904761905,0.95652173913,0.957427107756,0.942857142857,342,307,35,0,342,0,307,0,35,37,342,0.256756756757,1.72528881811,18.4864864865,15.5454545455,9.77142857143,5.36771015539,0.290358590277,0.142642642643,9.50849154237,1.02869645341,0.544491860281,8.05331334643,0.871264894205,0.461830251304,0.640599570326,0.371299902718,2,1.72528881811,0.640599570326,2,0.344071394247,0.376569037657,810,0.104247104247,0.56957682835,37,37,37,1,0,0.405405405405,0.540540540541,0.0540540540541,37,0.23048048048,1.73555065126,16.5945945946,13.9545454545,8.77142857143,4.63956091948,0.279582661271,0.138656571881,8.29948078987,1.00026315709,0.525046218857,7.26048997759,0.875042766029,0.472752883176,0.651076069136,0.375140920644,2,1.73555065126,0.651076069136,2,0.288859558975,0.321845794393,551,0.0709137709138,0.481989877323,37,37,37,1,0,0.405405405405,0.540540540541,0.0540540540541,37,340,0.255255255255,1.72428712005,18.3783783784,15.4545454545,9.71428571429,5.41269778367,0.294514438229,0.143720190779,9.42466574072,1.02562538943,0.543561208267,8.07890888479,0.879175378639,0.465023847377,0.638971517228,0.370571414586,2,1.72428712005,0.638971517228,2,0.334686763772,0.3779342723,805,0.103603603604,0.570759962374,37,37,37,1,0,0.405405405405,0.540540540541,0.0540540540541,-2,-0.0015015015015,-0.00100169806907,-0.108108108108,-0.0909090909091,-0.0571428571429,0.0449876282722,0.00415584795173,0.00107754813637,-0.0838258016535,-0.00307106398338,-0.000930652014243,0.0255955383576,0.00791048443424,0.00319359607285,-0.00162805309755,-0.000728488131328,0,-0.00100169806907,-0.00162805309755,0,-0.00938463047509,0.00136523464357,-5,-0.000643500643501,0.00118313402421,0,0,0,340,0,2,990,0.994152046784,1,0,0.00584795321637,1,0.994152046784,0.99706744868,0.996066116269,0.994152046784,0.994152046784,33,35,0,0,0,0
3937,WLNM_dir_neg,0.992244897959,0.93270939403,00:00:06,10,90,38,1241281873,threshold_sweep,0.4,1,0.942857142857,0.970588235294,33,0,2,70,0.942857142857,1,0,0.0571428571429,1,0.942857142857,0.970588235294,0.980952380952,0.561904761905,0.95652173913,0.957427107756,0.942857142857,342,307,35,0,342,0,307,0,35,37,342,0.256756756757,1.72528881811,18.4864864865,15.5454545455,9.77142857143,5.36771015539,0.290358590277,0.142642642643,9.50849154237,1.02869645341,0.544491860281,8.05331334643,0.871264894205,0.461830251304,0.640599570326,0.371299902718,2,1.72528881811,0.640599570326,2,0.344071394247,0.376569037657,810,0.104247104247,0.56957682835,37,37,37,1,0,0.405405405405,0.540540540541,0.0540540540541,37,0.23048048048,1.73555065126,16.5945945946,13.9545454545,8.77142857143,4.63956091948,0.279582661271,0.138656571881,8.29948078987,1.00026315709,0.525046218857,7.26048997759,0.875042766029,0.472752883176,0.651076069136,0.375140920644,2,1.73555065126,0.651076069136,2,0.288859558975,0.321845794393,551,0.0709137709138,0.481989877323,37,37,37,1,0,0.405405405405,0.540540540541,0.0540540540541,37,340,0.255255255255,1.72428712005,18.3783783784,15.4545454545,9.71428571429,5.41269778367,0.294514438229,0.143720190779,9.42466574072,1.02562538943,0.543561208267,8.07890888479,0.879175378639,0.465023847377,0.638971517228,0.370571414586,2,1.72428712005,0.638971517228,2,0.334686763772,0.3779342723,805,0.103603603604,0.570759962374,37,37,37,1,0,0.405405405405,0.540540540541,0.0540540540541,-2,-0.0015015015015,-0.00100169806907,-0.108108108108,-0.0909090909091,-0.0571428571429,0.0449876282722,0.00415584795173,0.00107754813637,-0.0838258016535,-0.00307106398338,-0.000930652014243,0.0255955383576,0.00791048443424,0.00319359607285,-0.00162805309755,-0.000728488131328,0,-0.00100169806907,-0.00162805309755,0,-0.00938463047509,0.00136523464357,-5,-0.000643500643501,0.00118313402421,0,0,0,340,0,2,990,0.994152046784,1,0,0.00584795321637,1,0.994152046784,0.99706744868,0.996066116269,0.994152046784,0.994152046784,33,35,0,0,0,0
3938,WLNM_dir_neg,0.992244897959,0.93270939403,00:00:06,10,90,38,1241281873,threshold_sweep,0.5,1,0.942857142857,0.970588235294,33,0,2,70,0.942857142857,1,0,0.0571428571429,1,0.942857142857,0.970588235294,0.980952380952,0.561904761905,0.95652173913,0.957427107756,0.942857142857,342,307,35,0,342,0,307,0,35,37,342,0.256756756757,1.72528881811,18.4864864865,15.5454545455,9.77142857143,5.36771015539,0.290358590277,0.142642642643,9.50849154237,1.02869645341,0.544491860281,8.05331334643,0.871264894205,0.461830251304,0.640599570326,0.371299902718,2,1.72528881811,0.640599570326,2,0.344071394247,0.376569037657,810,0.104247104247,0.56957682835,37,37,37,1,0,0.405405405405,0.540540540541,0.0540540540541,37,0.23048048048,1.73555065126,16.5945945946,13.9545454545,8.77142857143,4.63956091948,0.279582661271,0.138656571881,8.29948078987,1.00026315709,0.525046218857,7.26048997759,0.875042766029,0.472752883176,0.651076069136,0.375140920644,2,1.73555065126,0.651076069136,2,0.288859558975,0.321845794393,551,0.0709137709138,0.481989877323,37,37,37,1,0,0.405405405405,0.540540540541,0.0540540540541,37,340,0.255255255255,1.72428712005,18.3783783784,15.4545454545,9.71428571429,5.41269778367,0.294514438229,0.143720190779,9.42466574072,1.02562538943,0.543561208267,8.07890888479,0.879175378639,0.465023847377,0.638971517228,0.370571414586,2,1.72428712005,0.638971517228,2,0.334686763772,0.3779342723,805,0.103603603604,0.570759962374,37,37,37,1,0,0.405405405405,0.540540540541,0.0540540540541,-2,-0.0015015015015,-0.00100169806907,-0.108108108108,-0.0909090909091,-0.0571428571429,0.0449876282722,0.00415584795173,0.00107754813637,-0.0838258016535,-0.00307106398338,-0.000930652014243,0.0255955383576,0.00791048443424,0.00319359607285,-0.00162805309755,-0.000728488131328,0,-0.00100169806907,-0.00162805309755,0,-0.00938463047509,0.00136523464357,-5,-0.000643500643501,0.00118313402421,0,0,0,340,0,2,990,0.994152046784,1,0,0.00584795321637,1,0.994152046784,0.99706744868,0.996066116269,0.994152046784,0.994152046784,33,35,0,0,0,0
3939,WLNM_dir_neg,0.992244897959,0.93270939403,00:00:06,10,90,38,1241281873,threshold_sweep,0.6,1,0.942857142857,0.970588235294,33,0,2,70,0.942857142857,1,0,0.0571428571429,1,0.942857142857,0.970588235294,0.980952380952,0.561904761905,0.95652173913,0.957427107756,0.942857142857,342,307,35,0,342,0,307,0,35,37,342,0.256756756757,1.72528881811,18.4864864865,15.5454545455,9.77142857143,5.36771015539,0.290358590277,0.142642642643,9.50849154237,1.02869645341,0.544491860281,8.05331334643,0.871264894205,0.461830251304,0.640599570326,0.371299902718,2,1.72528881811,0.640599570326,2,0.344071394247,0.376569037657,810,0.104247104247,0.56957682835,37,37,37,1,0,0.405405405405,0.540540540541,0.0540540540541,37,0.23048048048,1.73555065126,16.5945945946,13.9545454545,8.77142857143,4.63956091948,0.279582661271,0.138656571881,8.29948078987,1.00026315709,0.525046218857,7.26048997759,0.875042766029,0.472752883176,0.651076069136,0.375140920644,2,1.73555065126,0.651076069136,2,0.288859558975,0.321845794393,551,0.0709137709138,0.481989877323,37,37,37,1,0,0.405405405405,0.540540540541,0.0540540540541,37,340,0.255255255255,1.72428712005,18.3783783784,15.4545454545,9.71428571429,5.41269778367,0.294514438229,0.143720190779,9.42466574072,1.02562538943,0.543561208267,8.07890888479,0.879175378639,0.465023847377,0.638971517228,0.370571414586,2,1.72428712005,0.638971517228,2,0.334686763772,0.3779342723,805,0.103603603604,0.570759962374,37,37,37,1,0,0.405405405405,0.540540540541,0.0540540540541,-2,-0.0015015015015,-0.00100169806907,-0.108108108108,-0.0909090909091,-0.0571428571429,0.0449876282722,0.00415584795173,0.00107754813637,-0.0838258016535,-0.00307106398338,-0.000930652014243,0.0255955383576,0.00791048443424,0.00319359607285,-0.00162805309755,-0.000728488131328,0,-0.00100169806907,-0.00162805309755,0,-0.00938463047509,0.00136523464357,-5,-0.000643500643501,0.00118313402421,0,0,0,340,0,2,990,0.994152046784,1,0,0.00584795321637,1,0.994152046784,0.99706744868,0.996066116269,0.994152046784,0.994152046784,33,35,0,0,0,0
3940,WLNM_dir_neg,0.992244897959,0.93270939403,00:00:06,10,90,38,1241281873,threshold_sweep,0.7,1,0.942857142857,0.970588235294,33,0,2,70,0.942857142857,1,0,0.0571428571429,1,0.942857142857,0.970588235294,0.980952380952,0.561904761905,0.95652173913,0.957427107756,0.942857142857,342,307,35,0,342,0,307,0,35,37,342,0.256756756757,1.72528881811,18.4864864865,15.5454545455,9.77142857143,5.36771015539,0.290358590277,0.142642642643,9.50849154237,1.02869645341,0.544491860281,8.05331334643,0.871264894205,0.461830251304,0.640599570326,0.371299902718,2,1.72528881811,0.640599570326,2,0.344071394247,0.376569037657,810,0.104247104247,0.56957682835,37,37,37,1,0,0.405405405405,0.540540540541,0.0540540540541,37,0.23048048048,1.73555065126,16.5945945946,13.9545454545,8.77142857143,4.63956091948,0.279582661271,0.138656571881,8.29948078987,1.00026315709,0.525046218857,7.26048997759,0.875042766029,0.472752883176,0.651076069136,0.375140920644,2,1.73555065126,0.651076069136,2,0.288859558975,0.321845794393,551,0.0709137709138,0.481989877323,37,37,37,1,0,0.405405405405,0.540540540541,0.0540540540541,37,340,0.255255255255,1.72428712005,18.3783783784,15.4545454545,9.71428571429,5.41269778367,0.294514438229,0.143720190779,9.42466574072,1.02562538943,0.543561208267,8.07890888479,0.879175378639,0.465023847377,0.638971517228,0.370571414586,2,1.72428712005,0.638971517228,2,0.334686763772,0.3779342723,805,0.103603603604,0.570759962374,37,37,37,1,0,0.405405405405,0.540540540541,0.0540540540541,-2,-0.0015015015015,-0.00100169806907,-0.108108108108,-0.0909090909091,-0.0571428571429,0.0449876282722,0.00415584795173,0.00107754813637,-0.0838258016535,-0.00307106398338,-0.000930652014243,0.0255955383576,0.00791048443424,0.00319359607285,-0.00162805309755,-0.000728488131328,0,-0.00100169806907,-0.00162805309755,0,-0.00938463047509,0.00136523464357,-5,-0.000643500643501,0.00118313402421,0,0,0,340,0,2,990,0.994152046784,1,0,0.00584795321637,1,0.994152046784,0.99706744868,0.996066116269,0.994152046784,0.994152046784,33,35,0,0,0,0
3941,WLNM_dir_neg,0.992244897959,0.93270939403,00:00:06,10,90,38,1241281873,threshold_sweep,0.8,1,0.942857142857,0.970588235294,33,0,2,70,0.942857142857,1,0,0.0571428571429,1,0.942857142857,0.970588235294,0.980952380952,0.561904761905,0.95652173913,0.957427107756,0.942857142857,342,307,35,0,342,0,307,0,35,37,342,0.256756756757,1.72528881811,18.4864864865,15.5454545455,9.77142857143,5.36771015539,0.290358590277,0.142642642643,9.50849154237,1.02869645341,0.544491860281,8.05331334643,0.871264894205,0.461830251304,0.640599570326,0.371299902718,2,1.72528881811,0.640599570326,2,0.344071394247,0.376569037657,810,0.104247104247,0.56957682835,37,37,37,1,0,0.405405405405,0.540540540541,0.0540540540541,37,0.23048048048,1.73555065126,16.5945945946,13.9545454545,8.77142857143,4.63956091948,0.279582661271,0.138656571881,8.29948078987,1.00026315709,0.525046218857,7.26048997759,0.875042766029,0.472752883176,0.651076069136,0.375140920644,2,1.73555065126,0.651076069136,2,0.288859558975,0.321845794393,551,0.0709137709138,0.481989877323,37,37,37,1,0,0.405405405405,0.540540540541,0.0540540540541,37,340,0.255255255255,1.72428712005,18.3783783784,15.4545454545,9.71428571429,5.41269778367,0.294514438229,0.143720190779,9.42466574072,1.02562538943,0.543561208267,8.07890888479,0.879175378639,0.465023847377,0.638971517228,0.370571414586,2,1.72428712005,0.638971517228,2,0.334686763772,0.3779342723,805,0.103603603604,0.570759962374,37,37,37,1,0,0.405405405405,0.540540540541,0.0540540540541,-2,-0.0015015015015,-0.00100169806907,-0.108108108108,-0.0909090909091,-0.0571428571429,0.0449876282722,0.00415584795173,0.00107754813637,-0.0838258016535,-0.00307106398338,-0.000930652014243,0.0255955383576,0.00791048443424,0.00319359607285,-0.00162805309755,-0.000728488131328,0,-0.00100169806907,-0.00162805309755,0,-0.00938463047509,0.00136523464357,-5,-0.000643500643501,0.00118313402421,0,0,0,340,0,2,990,0.994152046784,1,0,0.00584795321637,1,0.994152046784,0.99706744868,0.996066116269,0.994152046784,0.994152046784,33,35,0,0,0,0
3942,WLNM_dir_neg,0.992244897959,0.93270939403,00:00:06,10,90,38,1241281873,threshold_sweep,0.9,1,0.942857142857,0.970588235294,33,0,2,70,0.942857142857,1,0,0.0571428571429,1,0.942857142857,0.970588235294,0.980952380952,0.561904761905,0.95652173913,0.957427107756,0.942857142857,342,307,35,0,342,0,307,0,35,37,342,0.256756756757,1.72528881811,18.4864864865,15.5454545455,9.77142857143,5.36771015539,0.290358590277,0.142642642643,9.50849154237,1.02869645341,0.544491860281,8.05331334643,0.871264894205,0.461830251304,0.640599570326,0.371299902718,2,1.72528881811,0.640599570326,2,0.344071394247,0.376569037657,810,0.104247104247,0.56957682835,37,37,37,1,0,0.405405405405,0.540540540541,0.0540540540541,37,0.23048048048,1.73555065126,16.5945945946,13.9545454545,8.77142857143,4.63956091948,0.279582661271,0.138656571881,8.29948078987,1.00026315709,0.525046218857,7.26048997759,0.875042766029,0.472752883176,0.651076069136,0.375140920644,2,1.73555065126,0.651076069136,2,0.288859558975,0.321845794393,551,0.0709137709138,0.481989877323,37,37,37,1,0,0.405405405405,0.540540540541,0.0540540540541,37,340,0.255255255255,1.72428712005,18.3783783784,15.4545454545,9.71428571429,5.41269778367,0.294514438229,0.143720190779,9.42466574072,1.02562538943,0.543561208267,8.07890888479,0.879175378639,0.465023847377,0.638971517228,0.370571414586,2,1.72428712005,0.638971517228,2,0.334686763772,0.3779342723,805,0.103603603604,0.570759962374,37,37,37,1,0,0.405405405405,0.540540540541,0.0540540540541,-2,-0.0015015015015,-0.00100169806907,-0.108108108108,-0.0909090909091,-0.0571428571429,0.0449876282722,0.00415584795173,0.00107754813637,-0.0838258016535,-0.00307106398338,-0.000930652014243,0.0255955383576,0.00791048443424,0.00319359607285,-0.00162805309755,-0.000728488131328,0,-0.00100169806907,-0.00162805309755,0,-0.00938463047509,0.00136523464357,-5,-0.000643500643501,0.00118313402421,0,0,0,340,0,2,990,0.994152046784,1,0,0.00584795321637,1,0.994152046784,0.99706744868,0.996066116269,0.994152046784,0.994152046784,33,35,0,0,0,0
3943,WLNM_dir_neg,0.962653061224,0.918453416497,00:00:05,10,90,39,1241281874,threshold_sweep,0.1,0.966666666667,0.828571428571,0.892307692308,29,1,6,69,0.828571428571,0.985714285714,0.0142857142857,0.171428571429,0.966666666667,0.828571428571,0.892307692308,0.933333333333,0.571428571429,0.844444444444,0.84970583145,0.814285714286,342,307,35,0,342,0,307,0,35,37,342,0.256756756757,1.72528881811,18.4864864865,15.5454545455,9.77142857143,5.36771015539,0.290358590277,0.142642642643,9.50849154237,1.02869645341,0.544491860281,8.05331334643,0.871264894205,0.461830251304,0.640599570326,0.371299902718,2,1.72528881811,0.640599570326,2,0.344071394247,0.376569037657,810,0.104247104247,0.56957682835,37,37,37,1,0,0.405405405405,0.540540540541,0.0540540540541,37,0.23048048048,1.72883226673,16.5945945946,13.9545454545,8.77142857143,4.48119192638,0.270039252893,0.133022273087,8.31285772786,1.00187536134,0.525750506207,7.48281314029,0.901837414302,0.483845408927,0.643250424437,0.372072199723,2,1.72883226673,0.643250424437,2,0.273564200747,0.288675924115,492,0.0633204633205,0.499453879825,37,37,37,1,0,0.405405405405,0.540540540541,0.0540540540541,37,337,0.253003003003,1,18.2162162162,14.652173913,9.62857142857,5.02292043832,0.275738955813,0.132488571658,9.2309376669,1.01348573791,0.536370198091,8.18461898857,0.898608019516,0.473494265779,0,0,0,NaN,NaN,NaN,0.31347655267,0.33731825525,696,0.0895752895753,0.535189842345,37,37,0,1,2,0.378378378378,0.567567567568,0.0540540540541,-5,-0.00375375375375,-0.725288818115,-0.27027027027,-0.893280632411,-0.142857142857,-0.34478971707,-0.0146196344641,-0.0101540709849,-0.277553875474,-0.0152107155058,-0.00812166219007,0.131305642131,0.0273431253112,0.0116640144752,-0.640599570326,-0.371299902718,-2,NaN,NaN,NaN,-0.030594841577,-0.0392507824065,-114,-0.0146718146718,-0.0343869860049,-0.027027027027,0.027027027027,0,336,1,6,989,0.982456140351,0.99898989899,0.0010101010101,0.0175438596491,0.99703264095,0.982456140351,0.989690721649,0.986212689525,0.981446039341,0.979591836735,30,35,0,0,0,0
3944,WLNM_dir_neg,0.962653061224,0.918453416497,00:00:05,10,90,39,1241281874,threshold_sweep,0.2,0.966666666667,0.828571428571,0.892307692308,29,1,6,69,0.828571428571,0.985714285714,0.0142857142857,0.171428571429,0.966666666667,0.828571428571,0.892307692308,0.933333333333,0.571428571429,0.844444444444,0.84970583145,0.814285714286,342,307,35,0,342,0,307,0,35,37,342,0.256756756757,1.72528881811,18.4864864865,15.5454545455,9.77142857143,5.36771015539,0.290358590277,0.142642642643,9.50849154237,1.02869645341,0.544491860281,8.05331334643,0.871264894205,0.461830251304,0.640599570326,0.371299902718,2,1.72528881811,0.640599570326,2,0.344071394247,0.376569037657,810,0.104247104247,0.56957682835,37,37,37,1,0,0.405405405405,0.540540540541,0.0540540540541,37,0.23048048048,1.72883226673,16.5945945946,13.9545454545,8.77142857143,4.48119192638,0.270039252893,0.133022273087,8.31285772786,1.00187536134,0.525750506207,7.48281314029,0.901837414302,0.483845408927,0.643250424437,0.372072199723,2,1.72883226673,0.643250424437,2,0.273564200747,0.288675924115,492,0.0633204633205,0.499453879825,37,37,37,1,0,0.405405405405,0.540540540541,0.0540540540541,37,337,0.253003003003,1,18.2162162162,14.652173913,9.62857142857,5.02292043832,0.275738955813,0.132488571658,9.2309376669,1.01348573791,0.536370198091,8.18461898857,0.898608019516,0.473494265779,0,0,0,NaN,NaN,NaN,0.31347655267,0.33731825525,696,0.0895752895753,0.535189842345,37,37,0,1,2,0.378378378378,0.567567567568,0.0540540540541,-5,-0.00375375375375,-0.725288818115,-0.27027027027,-0.893280632411,-0.142857142857,-0.34478971707,-0.0146196344641,-0.0101540709849,-0.277553875474,-0.0152107155058,-0.00812166219007,0.131305642131,0.0273431253112,0.0116640144752,-0.640599570326,-0.371299902718,-2,NaN,NaN,NaN,-0.030594841577,-0.0392507824065,-114,-0.0146718146718,-0.0343869860049,-0.027027027027,0.027027027027,0,336,1,6,989,0.982456140351,0.99898989899,0.0010101010101,0.0175438596491,0.99703264095,0.982456140351,0.989690721649,0.986212689525,0.981446039341,0.979591836735,30,35,0,0,0,0
3945,WLNM_dir_neg,0.962653061224,0.918453416497,00:00:05,10,90,39,1241281874,threshold_sweep,0.3,0.966666666667,0.828571428571,0.892307692308,29,1,6,69,0.828571428571,0.985714285714,0.0142857142857,0.171428571429,0.966666666667,0.828571428571,0.892307692308,0.933333333333,0.571428571429,0.844444444444,0.84970583145,0.814285714286,342,307,35,0,342,0,307,0,35,37,342,0.256756756757,1.72528881811,18.4864864865,15.5454545455,9.77142857143,5.36771015539,0.290358590277,0.142642642643,9.50849154237,1.02869645341,0.544491860281,8.05331334643,0.871264894205,0.461830251304,0.640599570326,0.371299902718,2,1.72528881811,0.640599570326,2,0.344071394247,0.376569037657,810,0.104247104247,0.56957682835,37,37,37,1,0,0.405405405405,0.540540540541,0.0540540540541,37,0.23048048048,1.72883226673,16.5945945946,13.9545454545,8.77142857143,4.48119192638,0.270039252893,0.133022273087,8.31285772786,1.00187536134,0.525750506207,7.48281314029,0.901837414302,0.483845408927,0.643250424437,0.372072199723,2,1.72883226673,0.643250424437,2,0.273564200747,0.288675924115,492,0.0633204633205,0.499453879825,37,37,37,1,0,0.405405405405,0.540540540541,0.0540540540541,37,337,0.253003003003,1,18.2162162162,14.652173913,9.62857142857,5.02292043832,0.275738955813,0.132488571658,9.2309376669,1.01348573791,0.536370198091,8.18461898857,0.898608019516,0.473494265779,0,0,0,NaN,NaN,NaN,0.31347655267,0.33731825525,696,0.0895752895753,0.535189842345,37,37,0,1,2,0.378378378378,0.567567567568,0.0540540540541,-5,-0.00375375375375,-0.725288818115,-0.27027027027,-0.893280632411,-0.142857142857,-0.34478971707,-0.0146196344641,-0.0101540709849,-0.277553875474,-0.0152107155058,-0.00812166219007,0.131305642131,0.0273431253112,0.0116640144752,-0.640599570326,-0.371299902718,-2,NaN,NaN,NaN,-0.030594841577,-0.0392507824065,-114,-0.0146718146718,-0.0343869860049,-0.027027027027,0.027027027027,0,336,1,6,989,0.982456140351,0.99898989899,0.0010101010101,0.0175438596491,0.99703264095,0.982456140351,0.989690721649,0.986212689525,0.981446039341,0.979591836735,30,35,0,0,0,0
3946,WLNM_dir_neg,0.962653061224,0.918453416497,00:00:05,10,90,39,1241281874,threshold_sweep,0.4,0.966666666667,0.828571428571,0.892307692308,29,1,6,69,0.828571428571,0.985714285714,0.0142857142857,0.171428571429,0.966666666667,0.828571428571,0.892307692308,0.933333333333,0.571428571429,0.844444444444,0.84970583145,0.814285714286,342,307,35,0,342,0,307,0,35,37,342,0.256756756757,1.72528881811,18.4864864865,15.5454545455,9.77142857143,5.36771015539,0.290358590277,0.142642642643,9.50849154237,1.02869645341,0.544491860281,8.05331334643,0.871264894205,0.461830251304,0.640599570326,0.371299902718,2,1.72528881811,0.640599570326,2,0.344071394247,0.376569037657,810,0.104247104247,0.56957682835,37,37,37,1,0,0.405405405405,0.540540540541,0.0540540540541,37,0.23048048048,1.72883226673,16.5945945946,13.9545454545,8.77142857143,4.48119192638,0.270039252893,0.133022273087,8.31285772786,1.00187536134,0.525750506207,7.48281314029,0.901837414302,0.483845408927,0.643250424437,0.372072199723,2,1.72883226673,0.643250424437,2,0.273564200747,0.288675924115,492,0.0633204633205,0.499453879825,37,37,37,1,0,0.405405405405,0.540540540541,0.0540540540541,37,337,0.253003003003,1,18.2162162162,14.652173913,9.62857142857,5.02292043832,0.275738955813,0.132488571658,9.2309376669,1.01348573791,0.536370198091,8.18461898857,0.898608019516,0.473494265779,0,0,0,NaN,NaN,NaN,0.31347655267,0.33731825525,696,0.0895752895753,0.535189842345,37,37,0,1,2,0.378378378378,0.567567567568,0.0540540540541,-5,-0.00375375375375,-0.725288818115,-0.27027027027,-0.893280632411,-0.142857142857,-0.34478971707,-0.0146196344641,-0.0101540709849,-0.277553875474,-0.0152107155058,-0.00812166219007,0.131305642131,0.0273431253112,0.0116640144752,-0.640599570326,-0.371299902718,-2,NaN,NaN,NaN,-0.030594841577,-0.0392507824065,-114,-0.0146718146718,-0.0343869860049,-0.027027027027,0.027027027027,0,336,1,6,989,0.982456140351,0.99898989899,0.0010101010101,0.0175438596491,0.99703264095,0.982456140351,0.989690721649,0.986212689525,0.981446039341,0.979591836735,30,35,0,0,0,0
3947,WLNM_dir_neg,0.962653061224,0.918453416497,00:00:05,10,90,39,1241281874,threshold_sweep,0.5,0.966666666667,0.828571428571,0.892307692308,29,1,6,69,0.828571428571,0.985714285714,0.0142857142857,0.171428571429,0.966666666667,0.828571428571,0.892307692308,0.933333333333,0.571428571429,0.844444444444,0.84970583145,0.814285714286,342,307,35,0,342,0,307,0,35,37,342,0.256756756757,1.72528881811,18.4864864865,15.5454545455,9.77142857143,5.36771015539,0.290358590277,0.142642642643,9.50849154237,1.02869645341,0.544491860281,8.05331334643,0.871264894205,0.461830251304,0.640599570326,0.371299902718,2,1.72528881811,0.640599570326,2,0.344071394247,0.376569037657,810,0.104247104247,0.56957682835,37,37,37,1,0,0.405405405405,0.540540540541,0.0540540540541,37,0.23048048048,1.72883226673,16.5945945946,13.9545454545,8.77142857143,4.48119192638,0.270039252893,0.133022273087,8.31285772786,1.00187536134,0.525750506207,7.48281314029,0.901837414302,0.483845408927,0.643250424437,0.372072199723,2,1.72883226673,0.643250424437,2,0.273564200747,0.288675924115,492,0.0633204633205,0.499453879825,37,37,37,1,0,0.405405405405,0.540540540541,0.0540540540541,37,337,0.253003003003,1,18.2162162162,14.652173913,9.62857142857,5.02292043832,0.275738955813,0.132488571658,9.2309376669,1.01348573791,0.536370198091,8.18461898857,0.898608019516,0.473494265779,0,0,0,NaN,NaN,NaN,0.31347655267,0.33731825525,696,0.0895752895753,0.535189842345,37,37,0,1,2,0.378378378378,0.567567567568,0.0540540540541,-5,-0.00375375375375,-0.725288818115,-0.27027027027,-0.893280632411,-0.142857142857,-0.34478971707,-0.0146196344641,-0.0101540709849,-0.277553875474,-0.0152107155058,-0.00812166219007,0.131305642131,0.0273431253112,0.0116640144752,-0.640599570326,-0.371299902718,-2,NaN,NaN,NaN,-0.030594841577,-0.0392507824065,-114,-0.0146718146718,-0.0343869860049,-0.027027027027,0.027027027027,0,336,1,6,989,0.982456140351,0.99898989899,0.0010101010101,0.0175438596491,0.99703264095,0.982456140351,0.989690721649,0.986212689525,0.981446039341,0.979591836735,30,35,0,0,0,0
3948,WLNM_dir_neg,0.962653061224,0.918453416497,00:00:05,10,90,39,1241281874,threshold_sweep,0.6,0.966666666667,0.828571428571,0.892307692308,29,1,6,69,0.828571428571,0.985714285714,0.0142857142857,0.171428571429,0.966666666667,0.828571428571,0.892307692308,0.933333333333,0.571428571429,0.844444444444,0.84970583145,0.814285714286,342,307,35,0,342,0,307,0,35,37,342,0.256756756757,1.72528881811,18.4864864865,15.5454545455,9.77142857143,5.36771015539,0.290358590277,0.142642642643,9.50849154237,1.02869645341,0.544491860281,8.05331334643,0.871264894205,0.461830251304,0.640599570326,0.371299902718,2,1.72528881811,0.640599570326,2,0.344071394247,0.376569037657,810,0.104247104247,0.56957682835,37,37,37,1,0,0.405405405405,0.540540540541,0.0540540540541,37,0.23048048048,1.72883226673,16.5945945946,13.9545454545,8.77142857143,4.48119192638,0.270039252893,0.133022273087,8.31285772786,1.00187536134,0.525750506207,7.48281314029,0.901837414302,0.483845408927,0.643250424437,0.372072199723,2,1.72883226673,0.643250424437,2,0.273564200747,0.288675924115,492,0.0633204633205,0.499453879825,37,37,37,1,0,0.405405405405,0.540540540541,0.0540540540541,37,337,0.253003003003,1,18.2162162162,14.652173913,9.62857142857,5.02292043832,0.275738955813,0.132488571658,9.2309376669,1.01348573791,0.536370198091,8.18461898857,0.898608019516,0.473494265779,0,0,0,NaN,NaN,NaN,0.31347655267,0.33731825525,696,0.0895752895753,0.535189842345,37,37,0,1,2,0.378378378378,0.567567567568,0.0540540540541,-5,-0.00375375375375,-0.725288818115,-0.27027027027,-0.893280632411,-0.142857142857,-0.34478971707,-0.0146196344641,-0.0101540709849,-0.277553875474,-0.0152107155058,-0.00812166219007,0.131305642131,0.0273431253112,0.0116640144752,-0.640599570326,-0.371299902718,-2,NaN,NaN,NaN,-0.030594841577,-0.0392507824065,-114,-0.0146718146718,-0.0343869860049,-0.027027027027,0.027027027027,0,336,1,6,989,0.982456140351,0.99898989899,0.0010101010101,0.0175438596491,0.99703264095,0.982456140351,0.989690721649,0.986212689525,0.981446039341,0.979591836735,30,35,0,0,0,0
3949,WLNM_dir_neg,0.962653061224,0.918453416497,00:00:05,10,90,39,1241281874,threshold_sweep,0.7,0.966666666667,0.828571428571,0.892307692308,29,1,6,69,0.828571428571,0.985714285714,0.0142857142857,0.171428571429,0.966666666667,0.828571428571,0.892307692308,0.933333333333,0.571428571429,0.844444444444,0.84970583145,0.814285714286,342,307,35,0,342,0,307,0,35,37,342,0.256756756757,1.72528881811,18.4864864865,15.5454545455,9.77142857143,5.36771015539,0.290358590277,0.142642642643,9.50849154237,1.02869645341,0.544491860281,8.05331334643,0.871264894205,0.461830251304,0.640599570326,0.371299902718,2,1.72528881811,0.640599570326,2,0.344071394247,0.376569037657,810,0.104247104247,0.56957682835,37,37,37,1,0,0.405405405405,0.540540540541,0.0540540540541,37,0.23048048048,1.72883226673,16.5945945946,13.9545454545,8.77142857143,4.48119192638,0.270039252893,0.133022273087,8.31285772786,1.00187536134,0.525750506207,7.48281314029,0.901837414302,0.483845408927,0.643250424437,0.372072199723,2,1.72883226673,0.643250424437,2,0.273564200747,0.288675924115,492,0.0633204633205,0.499453879825,37,37,37,1,0,0.405405405405,0.540540540541,0.0540540540541,37,337,0.253003003003,1,18.2162162162,14.652173913,9.62857142857,5.02292043832,0.275738955813,0.132488571658,9.2309376669,1.01348573791,0.536370198091,8.18461898857,0.898608019516,0.473494265779,0,0,0,NaN,NaN,NaN,0.31347655267,0.33731825525,696,0.0895752895753,0.535189842345,37,37,0,1,2,0.378378378378,0.567567567568,0.0540540540541,-5,-0.00375375375375,-0.725288818115,-0.27027027027,-0.893280632411,-0.142857142857,-0.34478971707,-0.0146196344641,-0.0101540709849,-0.277553875474,-0.0152107155058,-0.00812166219007,0.131305642131,0.0273431253112,0.0116640144752,-0.640599570326,-0.371299902718,-2,NaN,NaN,NaN,-0.030594841577,-0.0392507824065,-114,-0.0146718146718,-0.0343869860049,-0.027027027027,0.027027027027,0,336,1,6,989,0.982456140351,0.99898989899,0.0010101010101,0.0175438596491,0.99703264095,0.982456140351,0.989690721649,0.986212689525,0.981446039341,0.979591836735,30,35,0,0,0,0
3950,WLNM_dir_neg,0.962653061224,0.918453416497,00:00:05,10,90,39,1241281874,threshold_sweep,0.8,1,0.828571428571,0.90625,29,0,6,70,0.828571428571,1,0,0.171428571429,1,0.828571428571,0.90625,0.942857142857,0.574603174603,0.865671641791,0.873589088037,0.828571428571,342,307,35,0,342,0,307,0,35,37,342,0.256756756757,1.72528881811,18.4864864865,15.5454545455,9.77142857143,5.36771015539,0.290358590277,0.142642642643,9.50849154237,1.02869645341,0.544491860281,8.05331334643,0.871264894205,0.461830251304,0.640599570326,0.371299902718,2,1.72528881811,0.640599570326,2,0.344071394247,0.376569037657,810,0.104247104247,0.56957682835,37,37,37,1,0,0.405405405405,0.540540540541,0.0540540540541,37,0.23048048048,1.72883226673,16.5945945946,13.9545454545,8.77142857143,4.48119192638,0.270039252893,0.133022273087,8.31285772786,1.00187536134,0.525750506207,7.48281314029,0.901837414302,0.483845408927,0.643250424437,0.372072199723,2,1.72883226673,0.643250424437,2,0.273564200747,0.288675924115,492,0.0633204633205,0.499453879825,37,37,37,1,0,0.405405405405,0.540540540541,0.0540540540541,37,336,0.252252252252,1.71991620816,18.1621621622,15.2727272727,9.6,5.09636860647,0.28060362863,0.135376447876,9.25676442866,1.01934608292,0.53861003861,8.17305321155,0.900008835795,0.47425997426,0.634358200299,0.368830875185,2,1.71991620816,0.634358200299,2,0.31347655267,0.33731825525,696,0.0895752895753,0.577388648797,37,37,37,1,0,0.405405405405,0.540540540541,0.0540540540541,-6,-0.0045045045045,-0.00537260995781,-0.324324324324,-0.272727272727,-0.171428571429,-0.271341548927,-0.00975496164729,-0.00726619476619,-0.251727113716,-0.00935037049699,-0.0058818216713,0.119739865114,0.0287439415906,0.012429722956,-0.00624137002672,-0.00246902753279,0,-0.00537260995781,-0.00624137002672,0,-0.030594841577,-0.0392507824065,-114,-0.0146718146718,0.00781182044723,0,0,0,336,0,6,990,0.982456140351,1,0,0.0175438596491,1,0.982456140351,0.991150442478,0.988199235917,0.982456140351,0.982456140351,29,35,0,0,0,0
3951,WLNM_dir_neg,0.962653061224,0.918453416497,00:00:05,10,90,39,1241281874,threshold_sweep,0.9,1,0.828571428571,0.90625,29,0,6,70,0.828571428571,1,0,0.171428571429,1,0.828571428571,0.90625,0.942857142857,0.574603174603,0.865671641791,0.873589088037,0.828571428571,342,307,35,0,342,0,307,0,35,37,342,0.256756756757,1.72528881811,18.4864864865,15.5454545455,9.77142857143,5.36771015539,0.290358590277,0.142642642643,9.50849154237,1.02869645341,0.544491860281,8.05331334643,0.871264894205,0.461830251304,0.640599570326,0.371299902718,2,1.72528881811,0.640599570326,2,0.344071394247,0.376569037657,810,0.104247104247,0.56957682835,37,37,37,1,0,0.405405405405,0.540540540541,0.0540540540541,37,0.23048048048,1.72883226673,16.5945945946,13.9545454545,8.77142857143,4.48119192638,0.270039252893,0.133022273087,8.31285772786,1.00187536134,0.525750506207,7.48281314029,0.901837414302,0.483845408927,0.643250424437,0.372072199723,2,1.72883226673,0.643250424437,2,0.273564200747,0.288675924115,492,0.0633204633205,0.499453879825,37,37,37,1,0,0.405405405405,0.540540540541,0.0540540540541,37,336,0.252252252252,1.71991620816,18.1621621622,15.2727272727,9.6,5.09636860647,0.28060362863,0.135376447876,9.25676442866,1.01934608292,0.53861003861,8.17305321155,0.900008835795,0.47425997426,0.634358200299,0.368830875185,2,1.71991620816,0.634358200299,2,0.31347655267,0.33731825525,696,0.0895752895753,0.577388648797,37,37,37,1,0,0.405405405405,0.540540540541,0.0540540540541,-6,-0.0045045045045,-0.00537260995781,-0.324324324324,-0.272727272727,-0.171428571429,-0.271341548927,-0.00975496164729,-0.00726619476619,-0.251727113716,-0.00935037049699,-0.0058818216713,0.119739865114,0.0287439415906,0.012429722956,-0.00624137002672,-0.00246902753279,0,-0.00537260995781,-0.00624137002672,0,-0.030594841577,-0.0392507824065,-114,-0.0146718146718,0.00781182044723,0,0,0,336,0,6,990,0.982456140351,1,0,0.0175438596491,1,0.982456140351,0.991150442478,0.988199235917,0.982456140351,0.982456140351,29,35,0,0,0,0
3952,WLNM_dir_neg,0.989387755102,0.816291959407,00:00:05,10,90,40,1241281875,threshold_sweep,0.1,1,0.857142857143,0.923076923077,30,0,5,70,0.857142857143,1,0,0.142857142857,1,0.857142857143,0.923076923077,0.952380952381,0.571428571429,0.888888888889,0.894427191,0.857142857143,342,307,35,0,342,0,307,0,35,37,342,0.256756756757,1.72528881811,18.4864864865,15.5454545455,9.77142857143,5.36771015539,0.290358590277,0.142642642643,9.50849154237,1.02869645341,0.544491860281,8.05331334643,0.871264894205,0.461830251304,0.640599570326,0.371299902718,2,1.72528881811,0.640599570326,2,0.344071394247,0.376569037657,810,0.104247104247,0.56957682835,37,37,37,1,0,0.405405405405,0.540540540541,0.0540540540541,37,0.23048048048,1.73248322754,16.5945945946,13.9545454545,8.77142857143,4.46255693683,0.268916297496,0.128620477155,8.28943392004,0.999052296552,0.517475129853,7.29484165111,0.879182870003,0.471696452152,0.649094100375,0.374661116515,2,1.73248322754,0.649094100375,2,0.27689876258,0.286665361269,488,0.0628056628057,0.487704910072,37,37,37,1,0,0.405405405405,0.540540540541,0.0540540540541,37,337,0.253003003003,1.72156811707,18.2162162162,15.3181818182,9.62857142857,5.05599278709,0.277554500181,0.134894538455,9.25197811817,1.01579581713,0.538776164889,8.15401667818,0.895248121936,0.472211083487,0.635871472032,0.369355975943,2,1.72156811707,0.635871472032,2,0.3193365479,0.343945972021,713,0.0917631917632,0.574464853696,37,37,37,1,0,0.405405405405,0.540540540541,0.0540540540541,-5,-0.00375375375375,-0.00372070104717,-0.27027027027,-0.227272727273,-0.142857142857,-0.311717368308,-0.0128040900959,-0.00774810418727,-0.256513424205,-0.0129006362863,-0.00571569539241,0.100703331743,0.0239832277315,0.0103808321831,-0.00472809829434,-0.00194392677484,0,-0.00372070104717,-0.00472809829434,0,-0.0247348463476,-0.0326230656357,-97,-0.0124839124839,0.00488802534564,0,0,0,337,0,5,990,0.985380116959,1,0,0.0146198830409,1,0.985380116959,0.99263622975,0.990165874023,0.985380116959,0.985380116959,30,35,0,0,0,0
3953,WLNM_dir_neg,0.989387755102,0.816291959407,00:00:05,10,90,40,1241281875,threshold_sweep,0.2,1,0.857142857143,0.923076923077,30,0,5,70,0.857142857143,1,0,0.142857142857,1,0.857142857143,0.923076923077,0.952380952381,0.571428571429,0.888888888889,0.894427191,0.857142857143,342,307,35,0,342,0,307,0,35,37,342,0.256756756757,1.72528881811,18.4864864865,15.5454545455,9.77142857143,5.36771015539,0.290358590277,0.142642642643,9.50849154237,1.02869645341,0.544491860281,8.05331334643,0.871264894205,0.461830251304,0.640599570326,0.371299902718,2,1.72528881811,0.640599570326,2,0.344071394247,0.376569037657,810,0.104247104247,0.56957682835,37,37,37,1,0,0.405405405405,0.540540540541,0.0540540540541,37,0.23048048048,1.73248322754,16.5945945946,13.9545454545,8.77142857143,4.46255693683,0.268916297496,0.128620477155,8.28943392004,0.999052296552,0.517475129853,7.29484165111,0.879182870003,0.471696452152,0.649094100375,0.374661116515,2,1.73248322754,0.649094100375,2,0.27689876258,0.286665361269,488,0.0628056628057,0.487704910072,37,37,37,1,0,0.405405405405,0.540540540541,0.0540540540541,37,337,0.253003003003,1.72156811707,18.2162162162,15.3181818182,9.62857142857,5.05599278709,0.277554500181,0.134894538455,9.25197811817,1.01579581713,0.538776164889,8.15401667818,0.895248121936,0.472211083487,0.635871472032,0.369355975943,2,1.72156811707,0.635871472032,2,0.3193365479,0.343945972021,713,0.0917631917632,0.574464853696,37,37,37,1,0,0.405405405405,0.540540540541,0.0540540540541,-5,-0.00375375375375,-0.00372070104717,-0.27027027027,-0.227272727273,-0.142857142857,-0.311717368308,-0.0128040900959,-0.00774810418727,-0.256513424205,-0.0129006362863,-0.00571569539241,0.100703331743,0.0239832277315,0.0103808321831,-0.00472809829434,-0.00194392677484,0,-0.00372070104717,-0.00472809829434,0,-0.0247348463476,-0.0326230656357,-97,-0.0124839124839,0.00488802534564,0,0,0,337,0,5,990,0.985380116959,1,0,0.0146198830409,1,0.985380116959,0.99263622975,0.990165874023,0.985380116959,0.985380116959,30,35,0,0,0,0
3954,WLNM_dir_neg,0.989387755102,0.816291959407,00:00:05,10,90,40,1241281875,threshold_sweep,0.3,1,0.857142857143,0.923076923077,30,0,5,70,0.857142857143,1,0,0.142857142857,1,0.857142857143,0.923076923077,0.952380952381,0.571428571429,0.888888888889,0.894427191,0.857142857143,342,307,35,0,342,0,307,0,35,37,342,0.256756756757,1.72528881811,18.4864864865,15.5454545455,9.77142857143,5.36771015539,0.290358590277,0.142642642643,9.50849154237,1.02869645341,0.544491860281,8.05331334643,0.871264894205,0.461830251304,0.640599570326,0.371299902718,2,1.72528881811,0.640599570326,2,0.344071394247,0.376569037657,810,0.104247104247,0.56957682835,37,37,37,1,0,0.405405405405,0.540540540541,0.0540540540541,37,0.23048048048,1.73248322754,16.5945945946,13.9545454545,8.77142857143,4.46255693683,0.268916297496,0.128620477155,8.28943392004,0.999052296552,0.517475129853,7.29484165111,0.879182870003,0.471696452152,0.649094100375,0.374661116515,2,1.73248322754,0.649094100375,2,0.27689876258,0.286665361269,488,0.0628056628057,0.487704910072,37,37,37,1,0,0.405405405405,0.540540540541,0.0540540540541,37,337,0.253003003003,1.72156811707,18.2162162162,15.3181818182,9.62857142857,5.05599278709,0.277554500181,0.134894538455,9.25197811817,1.01579581713,0.538776164889,8.15401667818,0.895248121936,0.472211083487,0.635871472032,0.369355975943,2,1.72156811707,0.635871472032,2,0.3193365479,0.343945972021,713,0.0917631917632,0.574464853696,37,37,37,1,0,0.405405405405,0.540540540541,0.0540540540541,-5,-0.00375375375375,-0.00372070104717,-0.27027027027,-0.227272727273,-0.142857142857,-0.311717368308,-0.0128040900959,-0.00774810418727,-0.256513424205,-0.0129006362863,-0.00571569539241,0.100703331743,0.0239832277315,0.0103808321831,-0.00472809829434,-0.00194392677484,0,-0.00372070104717,-0.00472809829434,0,-0.0247348463476,-0.0326230656357,-97,-0.0124839124839,0.00488802534564,0,0,0,337,0,5,990,0.985380116959,1,0,0.0146198830409,1,0.985380116959,0.99263622975,0.990165874023,0.985380116959,0.985380116959,30,35,0,0,0,0
3955,WLNM_dir_neg,0.989387755102,0.816291959407,00:00:05,10,90,40,1241281875,threshold_sweep,0.4,1,0.857142857143,0.923076923077,30,0,5,70,0.857142857143,1,0,0.142857142857,1,0.857142857143,0.923076923077,0.952380952381,0.571428571429,0.888888888889,0.894427191,0.857142857143,342,307,35,0,342,0,307,0,35,37,342,0.256756756757,1.72528881811,18.4864864865,15.5454545455,9.77142857143,5.36771015539,0.290358590277,0.142642642643,9.50849154237,1.02869645341,0.544491860281,8.05331334643,0.871264894205,0.461830251304,0.640599570326,0.371299902718,2,1.72528881811,0.640599570326,2,0.344071394247,0.376569037657,810,0.104247104247,0.56957682835,37,37,37,1,0,0.405405405405,0.540540540541,0.0540540540541,37,0.23048048048,1.73248322754,16.5945945946,13.9545454545,8.77142857143,4.46255693683,0.268916297496,0.128620477155,8.28943392004,0.999052296552,0.517475129853,7.29484165111,0.879182870003,0.471696452152,0.649094100375,0.374661116515,2,1.73248322754,0.649094100375,2,0.27689876258,0.286665361269,488,0.0628056628057,0.487704910072,37,37,37,1,0,0.405405405405,0.540540540541,0.0540540540541,37,337,0.253003003003,1.72156811707,18.2162162162,15.3181818182,9.62857142857,5.05599278709,0.277554500181,0.134894538455,9.25197811817,1.01579581713,0.538776164889,8.15401667818,0.895248121936,0.472211083487,0.635871472032,0.369355975943,2,1.72156811707,0.635871472032,2,0.3193365479,0.343945972021,713,0.0917631917632,0.574464853696,37,37,37,1,0,0.405405405405,0.540540540541,0.0540540540541,-5,-0.00375375375375,-0.00372070104717,-0.27027027027,-0.227272727273,-0.142857142857,-0.311717368308,-0.0128040900959,-0.00774810418727,-0.256513424205,-0.0129006362863,-0.00571569539241,0.100703331743,0.0239832277315,0.0103808321831,-0.00472809829434,-0.00194392677484,0,-0.00372070104717,-0.00472809829434,0,-0.0247348463476,-0.0326230656357,-97,-0.0124839124839,0.00488802534564,0,0,0,337,0,5,990,0.985380116959,1,0,0.0146198830409,1,0.985380116959,0.99263622975,0.990165874023,0.985380116959,0.985380116959,30,35,0,0,0,0
3956,WLNM_dir_neg,0.989387755102,0.816291959407,00:00:05,10,90,40,1241281875,threshold_sweep,0.5,1,0.857142857143,0.923076923077,30,0,5,70,0.857142857143,1,0,0.142857142857,1,0.857142857143,0.923076923077,0.952380952381,0.571428571429,0.888888888889,0.894427191,0.857142857143,342,307,35,0,342,0,307,0,35,37,342,0.256756756757,1.72528881811,18.4864864865,15.5454545455,9.77142857143,5.36771015539,0.290358590277,0.142642642643,9.50849154237,1.02869645341,0.544491860281,8.05331334643,0.871264894205,0.461830251304,0.640599570326,0.371299902718,2,1.72528881811,0.640599570326,2,0.344071394247,0.376569037657,810,0.104247104247,0.56957682835,37,37,37,1,0,0.405405405405,0.540540540541,0.0540540540541,37,0.23048048048,1.73248322754,16.5945945946,13.9545454545,8.77142857143,4.46255693683,0.268916297496,0.128620477155,8.28943392004,0.999052296552,0.517475129853,7.29484165111,0.879182870003,0.471696452152,0.649094100375,0.374661116515,2,1.73248322754,0.649094100375,2,0.27689876258,0.286665361269,488,0.0628056628057,0.487704910072,37,37,37,1,0,0.405405405405,0.540540540541,0.0540540540541,37,337,0.253003003003,1.72156811707,18.2162162162,15.3181818182,9.62857142857,5.05599278709,0.277554500181,0.134894538455,9.25197811817,1.01579581713,0.538776164889,8.15401667818,0.895248121936,0.472211083487,0.635871472032,0.369355975943,2,1.72156811707,0.635871472032,2,0.3193365479,0.343945972021,713,0.0917631917632,0.574464853696,37,37,37,1,0,0.405405405405,0.540540540541,0.0540540540541,-5,-0.00375375375375,-0.00372070104717,-0.27027027027,-0.227272727273,-0.142857142857,-0.311717368308,-0.0128040900959,-0.00774810418727,-0.256513424205,-0.0129006362863,-0.00571569539241,0.100703331743,0.0239832277315,0.0103808321831,-0.00472809829434,-0.00194392677484,0,-0.00372070104717,-0.00472809829434,0,-0.0247348463476,-0.0326230656357,-97,-0.0124839124839,0.00488802534564,0,0,0,337,0,5,990,0.985380116959,1,0,0.0146198830409,1,0.985380116959,0.99263622975,0.990165874023,0.985380116959,0.985380116959,30,35,0,0,0,0
3957,WLNM_dir_neg,0.989387755102,0.816291959407,00:00:05,10,90,40,1241281875,threshold_sweep,0.6,1,0.857142857143,0.923076923077,30,0,5,70,0.857142857143,1,0,0.142857142857,1,0.857142857143,0.923076923077,0.952380952381,0.571428571429,0.888888888889,0.894427191,0.857142857143,342,307,35,0,342,0,307,0,35,37,342,0.256756756757,1.72528881811,18.4864864865,15.5454545455,9.77142857143,5.36771015539,0.290358590277,0.142642642643,9.50849154237,1.02869645341,0.544491860281,8.05331334643,0.871264894205,0.461830251304,0.640599570326,0.371299902718,2,1.72528881811,0.640599570326,2,0.344071394247,0.376569037657,810,0.104247104247,0.56957682835,37,37,37,1,0,0.405405405405,0.540540540541,0.0540540540541,37,0.23048048048,1.73248322754,16.5945945946,13.9545454545,8.77142857143,4.46255693683,0.268916297496,0.128620477155,8.28943392004,0.999052296552,0.517475129853,7.29484165111,0.879182870003,0.471696452152,0.649094100375,0.374661116515,2,1.73248322754,0.649094100375,2,0.27689876258,0.286665361269,488,0.0628056628057,0.487704910072,37,37,37,1,0,0.405405405405,0.540540540541,0.0540540540541,37,337,0.253003003003,1.72156811707,18.2162162162,15.3181818182,9.62857142857,5.05599278709,0.277554500181,0.134894538455,9.25197811817,1.01579581713,0.538776164889,8.15401667818,0.895248121936,0.472211083487,0.635871472032,0.369355975943,2,1.72156811707,0.635871472032,2,0.3193365479,0.343945972021,713,0.0917631917632,0.574464853696,37,37,37,1,0,0.405405405405,0.540540540541,0.0540540540541,-5,-0.00375375375375,-0.00372070104717,-0.27027027027,-0.227272727273,-0.142857142857,-0.311717368308,-0.0128040900959,-0.00774810418727,-0.256513424205,-0.0129006362863,-0.00571569539241,0.100703331743,0.0239832277315,0.0103808321831,-0.00472809829434,-0.00194392677484,0,-0.00372070104717,-0.00472809829434,0,-0.0247348463476,-0.0326230656357,-97,-0.0124839124839,0.00488802534564,0,0,0,337,0,5,990,0.985380116959,1,0,0.0146198830409,1,0.985380116959,0.99263622975,0.990165874023,0.985380116959,0.985380116959,30,35,0,0,0,0
3958,WLNM_dir_neg,0.989387755102,0.816291959407,00:00:05,10,90,40,1241281875,threshold_sweep,0.7,1,0.857142857143,0.923076923077,30,0,5,70,0.857142857143,1,0,0.142857142857,1,0.857142857143,0.923076923077,0.952380952381,0.571428571429,0.888888888889,0.894427191,0.857142857143,342,307,35,0,342,0,307,0,35,37,342,0.256756756757,1.72528881811,18.4864864865,15.5454545455,9.77142857143,5.36771015539,0.290358590277,0.142642642643,9.50849154237,1.02869645341,0.544491860281,8.05331334643,0.871264894205,0.461830251304,0.640599570326,0.371299902718,2,1.72528881811,0.640599570326,2,0.344071394247,0.376569037657,810,0.104247104247,0.56957682835,37,37,37,1,0,0.405405405405,0.540540540541,0.0540540540541,37,0.23048048048,1.73248322754,16.5945945946,13.9545454545,8.77142857143,4.46255693683,0.268916297496,0.128620477155,8.28943392004,0.999052296552,0.517475129853,7.29484165111,0.879182870003,0.471696452152,0.649094100375,0.374661116515,2,1.73248322754,0.649094100375,2,0.27689876258,0.286665361269,488,0.0628056628057,0.487704910072,37,37,37,1,0,0.405405405405,0.540540540541,0.0540540540541,37,337,0.253003003003,1.72156811707,18.2162162162,15.3181818182,9.62857142857,5.05599278709,0.277554500181,0.134894538455,9.25197811817,1.01579581713,0.538776164889,8.15401667818,0.895248121936,0.472211083487,0.635871472032,0.369355975943,2,1.72156811707,0.635871472032,2,0.3193365479,0.343945972021,713,0.0917631917632,0.574464853696,37,37,37,1,0,0.405405405405,0.540540540541,0.0540540540541,-5,-0.00375375375375,-0.00372070104717,-0.27027027027,-0.227272727273,-0.142857142857,-0.311717368308,-0.0128040900959,-0.00774810418727,-0.256513424205,-0.0129006362863,-0.00571569539241,0.100703331743,0.0239832277315,0.0103808321831,-0.00472809829434,-0.00194392677484,0,-0.00372070104717,-0.00472809829434,0,-0.0247348463476,-0.0326230656357,-97,-0.0124839124839,0.00488802534564,0,0,0,337,0,5,990,0.985380116959,1,0,0.0146198830409,1,0.985380116959,0.99263622975,0.990165874023,0.985380116959,0.985380116959,30,35,0,0,0,0
3959,WLNM_dir_neg,0.989387755102,0.816291959407,00:00:05,10,90,40,1241281875,threshold_sweep,0.8,1,0.857142857143,0.923076923077,30,0,5,70,0.857142857143,1,0,0.142857142857,1,0.857142857143,0.923076923077,0.952380952381,0.571428571429,0.888888888889,0.894427191,0.857142857143,342,307,35,0,342,0,307,0,35,37,342,0.256756756757,1.72528881811,18.4864864865,15.5454545455,9.77142857143,5.36771015539,0.290358590277,0.142642642643,9.50849154237,1.02869645341,0.544491860281,8.05331334643,0.871264894205,0.461830251304,0.640599570326,0.371299902718,2,1.72528881811,0.640599570326,2,0.344071394247,0.376569037657,810,0.104247104247,0.56957682835,37,37,37,1,0,0.405405405405,0.540540540541,0.0540540540541,37,0.23048048048,1.73248322754,16.5945945946,13.9545454545,8.77142857143,4.46255693683,0.268916297496,0.128620477155,8.28943392004,0.999052296552,0.517475129853,7.29484165111,0.879182870003,0.471696452152,0.649094100375,0.374661116515,2,1.73248322754,0.649094100375,2,0.27689876258,0.286665361269,488,0.0628056628057,0.487704910072,37,37,37,1,0,0.405405405405,0.540540540541,0.0540540540541,37,337,0.253003003003,1.72156811707,18.2162162162,15.3181818182,9.62857142857,5.05599278709,0.277554500181,0.134894538455,9.25197811817,1.01579581713,0.538776164889,8.15401667818,0.895248121936,0.472211083487,0.635871472032,0.369355975943,2,1.72156811707,0.635871472032,2,0.3193365479,0.343945972021,713,0.0917631917632,0.574464853696,37,37,37,1,0,0.405405405405,0.540540540541,0.0540540540541,-5,-0.00375375375375,-0.00372070104717,-0.27027027027,-0.227272727273,-0.142857142857,-0.311717368308,-0.0128040900959,-0.00774810418727,-0.256513424205,-0.0129006362863,-0.00571569539241,0.100703331743,0.0239832277315,0.0103808321831,-0.00472809829434,-0.00194392677484,0,-0.00372070104717,-0.00472809829434,0,-0.0247348463476,-0.0326230656357,-97,-0.0124839124839,0.00488802534564,0,0,0,337,0,5,990,0.985380116959,1,0,0.0146198830409,1,0.985380116959,0.99263622975,0.990165874023,0.985380116959,0.985380116959,30,35,0,0,0,0
3960,WLNM_dir_neg,0.989387755102,0.816291959407,00:00:05,10,90,40,1241281875,threshold_sweep,0.9,1,0.857142857143,0.923076923077,30,0,5,70,0.857142857143,1,0,0.142857142857,1,0.857142857143,0.923076923077,0.952380952381,0.571428571429,0.888888888889,0.894427191,0.857142857143,342,307,35,0,342,0,307,0,35,37,342,0.256756756757,1.72528881811,18.4864864865,15.5454545455,9.77142857143,5.36771015539,0.290358590277,0.142642642643,9.50849154237,1.02869645341,0.544491860281,8.05331334643,0.871264894205,0.461830251304,0.640599570326,0.371299902718,2,1.72528881811,0.640599570326,2,0.344071394247,0.376569037657,810,0.104247104247,0.56957682835,37,37,37,1,0,0.405405405405,0.540540540541,0.0540540540541,37,0.23048048048,1.73248322754,16.5945945946,13.9545454545,8.77142857143,4.46255693683,0.268916297496,0.128620477155,8.28943392004,0.999052296552,0.517475129853,7.29484165111,0.879182870003,0.471696452152,0.649094100375,0.374661116515,2,1.73248322754,0.649094100375,2,0.27689876258,0.286665361269,488,0.0628056628057,0.487704910072,37,37,37,1,0,0.405405405405,0.540540540541,0.0540540540541,37,337,0.253003003003,1.72156811707,18.2162162162,15.3181818182,9.62857142857,5.05599278709,0.277554500181,0.134894538455,9.25197811817,1.01579581713,0.538776164889,8.15401667818,0.895248121936,0.472211083487,0.635871472032,0.369355975943,2,1.72156811707,0.635871472032,2,0.3193365479,0.343945972021,713,0.0917631917632,0.574464853696,37,37,37,1,0,0.405405405405,0.540540540541,0.0540540540541,-5,-0.00375375375375,-0.00372070104717,-0.27027027027,-0.227272727273,-0.142857142857,-0.311717368308,-0.0128040900959,-0.00774810418727,-0.256513424205,-0.0129006362863,-0.00571569539241,0.100703331743,0.0239832277315,0.0103808321831,-0.00472809829434,-0.00194392677484,0,-0.00372070104717,-0.00472809829434,0,-0.0247348463476,-0.0326230656357,-97,-0.0124839124839,0.00488802534564,0,0,0,337,0,5,990,0.985380116959,1,0,0.0146198830409,1,0.985380116959,0.99263622975,0.990165874023,0.985380116959,0.985380116959,30,35,0,0,0,0
3961,WLNM_dir_neg,0.932448979592,0.43780293271,00:00:05,10,90,41,1241281876,threshold_sweep,0.1,1,0.828571428571,0.90625,29,0,6,70,0.828571428571,1,0,0.171428571429,1,0.828571428571,0.90625,0.942857142857,0.574603174603,0.865671641791,0.873589088037,0.828571428571,342,307,35,0,342,0,307,0,35,37,342,0.256756756757,1.72528881811,18.4864864865,15.5454545455,9.77142857143,5.36771015539,0.290358590277,0.142642642643,9.50849154237,1.02869645341,0.544491860281,8.05331334643,0.871264894205,0.461830251304,0.640599570326,0.371299902718,2,1.72528881811,0.640599570326,2,0.344071394247,0.376569037657,810,0.104247104247,0.56957682835,37,37,37,1,0,0.405405405405,0.540540540541,0.0540540540541,37,0.23048048048,1.73231309828,16.5945945946,13.9545454545,8.77142857143,4.83310033611,0.291245459993,0.146051589048,8.52077482413,1.02693377359,0.539308037679,7.26813771374,0.875964480157,0.473457170526,0.645694852565,0.372735652236,2,1.73231309828,0.645694852565,2,0.304066200471,0.327462744339,564,0.0725868725869,0.476871411013,37,37,37,1,0,0.405405405405,0.540540540541,0.0540540540541,37,336,0.252252252252,1.72041733627,18.1621621622,15.2727272727,9.6,5.04156894403,0.277586385311,0.132078507079,9.23874203311,1.01736147388,0.537966537967,8.16285073563,0.898885348864,0.473294723295,0.634725083128,0.368936693294,2,1.72041733627,0.634725083128,2,0.311573276362,0.337973454192,696,0.0895752895753,0.57557572103,37,37,37,1,0,0.405405405405,0.540540540541,0.0540540540541,-6,-0.0045045045045,-0.0048714818473,-0.324324324324,-0.272727272727,-0.171428571429,-0.326141211362,-0.0127722049659,-0.0105641355641,-0.269749509265,-0.0113349795307,-0.0065253223148,0.109537389193,0.0276204546589,0.0114644719908,-0.00587448719851,-0.00236320942414,0,-0.0048714818473,-0.00587448719851,0,-0.0324981178851,-0.0385955834646,-114,-0.0146718146718,0.00599889268049,0,0,0,336,0,6,990,0.982456140351,1,0,0.0175438596491,1,0.982456140351,0.991150442478,0.988199235917,0.982456140351,0.982456140351,29,35,0,0,0,0
3962,WLNM_dir_neg,0.932448979592,0.43780293271,00:00:05,10,90,41,1241281876,threshold_sweep,0.2,1,0.828571428571,0.90625,29,0,6,70,0.828571428571,1,0,0.171428571429,1,0.828571428571,0.90625,0.942857142857,0.574603174603,0.865671641791,0.873589088037,0.828571428571,342,307,35,0,342,0,307,0,35,37,342,0.256756756757,1.72528881811,18.4864864865,15.5454545455,9.77142857143,5.36771015539,0.290358590277,0.142642642643,9.50849154237,1.02869645341,0.544491860281,8.05331334643,0.871264894205,0.461830251304,0.640599570326,0.371299902718,2,1.72528881811,0.640599570326,2,0.344071394247,0.376569037657,810,0.104247104247,0.56957682835,37,37,37,1,0,0.405405405405,0.540540540541,0.0540540540541,37,0.23048048048,1.73231309828,16.5945945946,13.9545454545,8.77142857143,4.83310033611,0.291245459993,0.146051589048,8.52077482413,1.02693377359,0.539308037679,7.26813771374,0.875964480157,0.473457170526,0.645694852565,0.372735652236,2,1.73231309828,0.645694852565,2,0.304066200471,0.327462744339,564,0.0725868725869,0.476871411013,37,37,37,1,0,0.405405405405,0.540540540541,0.0540540540541,37,336,0.252252252252,1.72041733627,18.1621621622,15.2727272727,9.6,5.04156894403,0.277586385311,0.132078507079,9.23874203311,1.01736147388,0.537966537967,8.16285073563,0.898885348864,0.473294723295,0.634725083128,0.368936693294,2,1.72041733627,0.634725083128,2,0.311573276362,0.337973454192,696,0.0895752895753,0.57557572103,37,37,37,1,0,0.405405405405,0.540540540541,0.0540540540541,-6,-0.0045045045045,-0.0048714818473,-0.324324324324,-0.272727272727,-0.171428571429,-0.326141211362,-0.0127722049659,-0.0105641355641,-0.269749509265,-0.0113349795307,-0.0065253223148,0.109537389193,0.0276204546589,0.0114644719908,-0.00587448719851,-0.00236320942414,0,-0.0048714818473,-0.00587448719851,0,-0.0324981178851,-0.0385955834646,-114,-0.0146718146718,0.00599889268049,0,0,0,336,0,6,990,0.982456140351,1,0,0.0175438596491,1,0.982456140351,0.991150442478,0.988199235917,0.982456140351,0.982456140351,29,35,0,0,0,0
3963,WLNM_dir_neg,0.932448979592,0.43780293271,00:00:05,10,90,41,1241281876,threshold_sweep,0.3,1,0.828571428571,0.90625,29,0,6,70,0.828571428571,1,0,0.171428571429,1,0.828571428571,0.90625,0.942857142857,0.574603174603,0.865671641791,0.873589088037,0.828571428571,342,307,35,0,342,0,307,0,35,37,342,0.256756756757,1.72528881811,18.4864864865,15.5454545455,9.77142857143,5.36771015539,0.290358590277,0.142642642643,9.50849154237,1.02869645341,0.544491860281,8.05331334643,0.871264894205,0.461830251304,0.640599570326,0.371299902718,2,1.72528881811,0.640599570326,2,0.344071394247,0.376569037657,810,0.104247104247,0.56957682835,37,37,37,1,0,0.405405405405,0.540540540541,0.0540540540541,37,0.23048048048,1.73231309828,16.5945945946,13.9545454545,8.77142857143,4.83310033611,0.291245459993,0.146051589048,8.52077482413,1.02693377359,0.539308037679,7.26813771374,0.875964480157,0.473457170526,0.645694852565,0.372735652236,2,1.73231309828,0.645694852565,2,0.304066200471,0.327462744339,564,0.0725868725869,0.476871411013,37,37,37,1,0,0.405405405405,0.540540540541,0.0540540540541,37,336,0.252252252252,1.72041733627,18.1621621622,15.2727272727,9.6,5.04156894403,0.277586385311,0.132078507079,9.23874203311,1.01736147388,0.537966537967,8.16285073563,0.898885348864,0.473294723295,0.634725083128,0.368936693294,2,1.72041733627,0.634725083128,2,0.311573276362,0.337973454192,696,0.0895752895753,0.57557572103,37,37,37,1,0,0.405405405405,0.540540540541,0.0540540540541,-6,-0.0045045045045,-0.0048714818473,-0.324324324324,-0.272727272727,-0.171428571429,-0.326141211362,-0.0127722049659,-0.0105641355641,-0.269749509265,-0.0113349795307,-0.0065253223148,0.109537389193,0.0276204546589,0.0114644719908,-0.00587448719851,-0.00236320942414,0,-0.0048714818473,-0.00587448719851,0,-0.0324981178851,-0.0385955834646,-114,-0.0146718146718,0.00599889268049,0,0,0,336,0,6,990,0.982456140351,1,0,0.0175438596491,1,0.982456140351,0.991150442478,0.988199235917,0.982456140351,0.982456140351,29,35,0,0,0,0
3964,WLNM_dir_neg,0.932448979592,0.43780293271,00:00:05,10,90,41,1241281876,threshold_sweep,0.4,1,0.828571428571,0.90625,29,0,6,70,0.828571428571,1,0,0.171428571429,1,0.828571428571,0.90625,0.942857142857,0.574603174603,0.865671641791,0.873589088037,0.828571428571,342,307,35,0,342,0,307,0,35,37,342,0.256756756757,1.72528881811,18.4864864865,15.5454545455,9.77142857143,5.36771015539,0.290358590277,0.142642642643,9.50849154237,1.02869645341,0.544491860281,8.05331334643,0.871264894205,0.461830251304,0.640599570326,0.371299902718,2,1.72528881811,0.640599570326,2,0.344071394247,0.376569037657,810,0.104247104247,0.56957682835,37,37,37,1,0,0.405405405405,0.540540540541,0.0540540540541,37,0.23048048048,1.73231309828,16.5945945946,13.9545454545,8.77142857143,4.83310033611,0.291245459993,0.146051589048,8.52077482413,1.02693377359,0.539308037679,7.26813771374,0.875964480157,0.473457170526,0.645694852565,0.372735652236,2,1.73231309828,0.645694852565,2,0.304066200471,0.327462744339,564,0.0725868725869,0.476871411013,37,37,37,1,0,0.405405405405,0.540540540541,0.0540540540541,37,336,0.252252252252,1.72041733627,18.1621621622,15.2727272727,9.6,5.04156894403,0.277586385311,0.132078507079,9.23874203311,1.01736147388,0.537966537967,8.16285073563,0.898885348864,0.473294723295,0.634725083128,0.368936693294,2,1.72041733627,0.634725083128,2,0.311573276362,0.337973454192,696,0.0895752895753,0.57557572103,37,37,37,1,0,0.405405405405,0.540540540541,0.0540540540541,-6,-0.0045045045045,-0.0048714818473,-0.324324324324,-0.272727272727,-0.171428571429,-0.326141211362,-0.0127722049659,-0.0105641355641,-0.269749509265,-0.0113349795307,-0.0065253223148,0.109537389193,0.0276204546589,0.0114644719908,-0.00587448719851,-0.00236320942414,0,-0.0048714818473,-0.00587448719851,0,-0.0324981178851,-0.0385955834646,-114,-0.0146718146718,0.00599889268049,0,0,0,336,0,6,990,0.982456140351,1,0,0.0175438596491,1,0.982456140351,0.991150442478,0.988199235917,0.982456140351,0.982456140351,29,35,0,0,0,0
3965,WLNM_dir_neg,0.932448979592,0.43780293271,00:00:05,10,90,41,1241281876,threshold_sweep,0.5,1,0.828571428571,0.90625,29,0,6,70,0.828571428571,1,0,0.171428571429,1,0.828571428571,0.90625,0.942857142857,0.574603174603,0.865671641791,0.873589088037,0.828571428571,342,307,35,0,342,0,307,0,35,37,342,0.256756756757,1.72528881811,18.4864864865,15.5454545455,9.77142857143,5.36771015539,0.290358590277,0.142642642643,9.50849154237,1.02869645341,0.544491860281,8.05331334643,0.871264894205,0.461830251304,0.640599570326,0.371299902718,2,1.72528881811,0.640599570326,2,0.344071394247,0.376569037657,810,0.104247104247,0.56957682835,37,37,37,1,0,0.405405405405,0.540540540541,0.0540540540541,37,0.23048048048,1.73231309828,16.5945945946,13.9545454545,8.77142857143,4.83310033611,0.291245459993,0.146051589048,8.52077482413,1.02693377359,0.539308037679,7.26813771374,0.875964480157,0.473457170526,0.645694852565,0.372735652236,2,1.73231309828,0.645694852565,2,0.304066200471,0.327462744339,564,0.0725868725869,0.476871411013,37,37,37,1,0,0.405405405405,0.540540540541,0.0540540540541,37,336,0.252252252252,1.72041733627,18.1621621622,15.2727272727,9.6,5.04156894403,0.277586385311,0.132078507079,9.23874203311,1.01736147388,0.537966537967,8.16285073563,0.898885348864,0.473294723295,0.634725083128,0.368936693294,2,1.72041733627,0.634725083128,2,0.311573276362,0.337973454192,696,0.0895752895753,0.57557572103,37,37,37,1,0,0.405405405405,0.540540540541,0.0540540540541,-6,-0.0045045045045,-0.0048714818473,-0.324324324324,-0.272727272727,-0.171428571429,-0.326141211362,-0.0127722049659,-0.0105641355641,-0.269749509265,-0.0113349795307,-0.0065253223148,0.109537389193,0.0276204546589,0.0114644719908,-0.00587448719851,-0.00236320942414,0,-0.0048714818473,-0.00587448719851,0,-0.0324981178851,-0.0385955834646,-114,-0.0146718146718,0.00599889268049,0,0,0,336,0,6,990,0.982456140351,1,0,0.0175438596491,1,0.982456140351,0.991150442478,0.988199235917,0.982456140351,0.982456140351,29,35,0,0,0,0
3966,WLNM_dir_neg,0.932448979592,0.43780293271,00:00:05,10,90,41,1241281876,threshold_sweep,0.6,1,0.828571428571,0.90625,29,0,6,70,0.828571428571,1,0,0.171428571429,1,0.828571428571,0.90625,0.942857142857,0.574603174603,0.865671641791,0.873589088037,0.828571428571,342,307,35,0,342,0,307,0,35,37,342,0.256756756757,1.72528881811,18.4864864865,15.5454545455,9.77142857143,5.36771015539,0.290358590277,0.142642642643,9.50849154237,1.02869645341,0.544491860281,8.05331334643,0.871264894205,0.461830251304,0.640599570326,0.371299902718,2,1.72528881811,0.640599570326,2,0.344071394247,0.376569037657,810,0.104247104247,0.56957682835,37,37,37,1,0,0.405405405405,0.540540540541,0.0540540540541,37,0.23048048048,1.73231309828,16.5945945946,13.9545454545,8.77142857143,4.83310033611,0.291245459993,0.146051589048,8.52077482413,1.02693377359,0.539308037679,7.26813771374,0.875964480157,0.473457170526,0.645694852565,0.372735652236,2,1.73231309828,0.645694852565,2,0.304066200471,0.327462744339,564,0.0725868725869,0.476871411013,37,37,37,1,0,0.405405405405,0.540540540541,0.0540540540541,37,336,0.252252252252,1.72041733627,18.1621621622,15.2727272727,9.6,5.04156894403,0.277586385311,0.132078507079,9.23874203311,1.01736147388,0.537966537967,8.16285073563,0.898885348864,0.473294723295,0.634725083128,0.368936693294,2,1.72041733627,0.634725083128,2,0.311573276362,0.337973454192,696,0.0895752895753,0.57557572103,37,37,37,1,0,0.405405405405,0.540540540541,0.0540540540541,-6,-0.0045045045045,-0.0048714818473,-0.324324324324,-0.272727272727,-0.171428571429,-0.326141211362,-0.0127722049659,-0.0105641355641,-0.269749509265,-0.0113349795307,-0.0065253223148,0.109537389193,0.0276204546589,0.0114644719908,-0.00587448719851,-0.00236320942414,0,-0.0048714818473,-0.00587448719851,0,-0.0324981178851,-0.0385955834646,-114,-0.0146718146718,0.00599889268049,0,0,0,336,0,6,990,0.982456140351,1,0,0.0175438596491,1,0.982456140351,0.991150442478,0.988199235917,0.982456140351,0.982456140351,29,35,0,0,0,0
3967,WLNM_dir_neg,0.932448979592,0.43780293271,00:00:05,10,90,41,1241281876,threshold_sweep,0.7,1,0.828571428571,0.90625,29,0,6,70,0.828571428571,1,0,0.171428571429,1,0.828571428571,0.90625,0.942857142857,0.574603174603,0.865671641791,0.873589088037,0.828571428571,342,307,35,0,342,0,307,0,35,37,342,0.256756756757,1.72528881811,18.4864864865,15.5454545455,9.77142857143,5.36771015539,0.290358590277,0.142642642643,9.50849154237,1.02869645341,0.544491860281,8.05331334643,0.871264894205,0.461830251304,0.640599570326,0.371299902718,2,1.72528881811,0.640599570326,2,0.344071394247,0.376569037657,810,0.104247104247,0.56957682835,37,37,37,1,0,0.405405405405,0.540540540541,0.0540540540541,37,0.23048048048,1.73231309828,16.5945945946,13.9545454545,8.77142857143,4.83310033611,0.291245459993,0.146051589048,8.52077482413,1.02693377359,0.539308037679,7.26813771374,0.875964480157,0.473457170526,0.645694852565,0.372735652236,2,1.73231309828,0.645694852565,2,0.304066200471,0.327462744339,564,0.0725868725869,0.476871411013,37,37,37,1,0,0.405405405405,0.540540540541,0.0540540540541,37,336,0.252252252252,1.72041733627,18.1621621622,15.2727272727,9.6,5.04156894403,0.277586385311,0.132078507079,9.23874203311,1.01736147388,0.537966537967,8.16285073563,0.898885348864,0.473294723295,0.634725083128,0.368936693294,2,1.72041733627,0.634725083128,2,0.311573276362,0.337973454192,696,0.0895752895753,0.57557572103,37,37,37,1,0,0.405405405405,0.540540540541,0.0540540540541,-6,-0.0045045045045,-0.0048714818473,-0.324324324324,-0.272727272727,-0.171428571429,-0.326141211362,-0.0127722049659,-0.0105641355641,-0.269749509265,-0.0113349795307,-0.0065253223148,0.109537389193,0.0276204546589,0.0114644719908,-0.00587448719851,-0.00236320942414,0,-0.0048714818473,-0.00587448719851,0,-0.0324981178851,-0.0385955834646,-114,-0.0146718146718,0.00599889268049,0,0,0,336,0,6,990,0.982456140351,1,0,0.0175438596491,1,0.982456140351,0.991150442478,0.988199235917,0.982456140351,0.982456140351,29,35,0,0,0,0
3968,WLNM_dir_neg,0.932448979592,0.43780293271,00:00:05,10,90,41,1241281876,threshold_sweep,0.8,1,0.828571428571,0.90625,29,0,6,70,0.828571428571,1,0,0.171428571429,1,0.828571428571,0.90625,0.942857142857,0.574603174603,0.865671641791,0.873589088037,0.828571428571,342,307,35,0,342,0,307,0,35,37,342,0.256756756757,1.72528881811,18.4864864865,15.5454545455,9.77142857143,5.36771015539,0.290358590277,0.142642642643,9.50849154237,1.02869645341,0.544491860281,8.05331334643,0.871264894205,0.461830251304,0.640599570326,0.371299902718,2,1.72528881811,0.640599570326,2,0.344071394247,0.376569037657,810,0.104247104247,0.56957682835,37,37,37,1,0,0.405405405405,0.540540540541,0.0540540540541,37,0.23048048048,1.73231309828,16.5945945946,13.9545454545,8.77142857143,4.83310033611,0.291245459993,0.146051589048,8.52077482413,1.02693377359,0.539308037679,7.26813771374,0.875964480157,0.473457170526,0.645694852565,0.372735652236,2,1.73231309828,0.645694852565,2,0.304066200471,0.327462744339,564,0.0725868725869,0.476871411013,37,37,37,1,0,0.405405405405,0.540540540541,0.0540540540541,37,336,0.252252252252,1.72041733627,18.1621621622,15.2727272727,9.6,5.04156894403,0.277586385311,0.132078507079,9.23874203311,1.01736147388,0.537966537967,8.16285073563,0.898885348864,0.473294723295,0.634725083128,0.368936693294,2,1.72041733627,0.634725083128,2,0.311573276362,0.337973454192,696,0.0895752895753,0.57557572103,37,37,37,1,0,0.405405405405,0.540540540541,0.0540540540541,-6,-0.0045045045045,-0.0048714818473,-0.324324324324,-0.272727272727,-0.171428571429,-0.326141211362,-0.0127722049659,-0.0105641355641,-0.269749509265,-0.0113349795307,-0.0065253223148,0.109537389193,0.0276204546589,0.0114644719908,-0.00587448719851,-0.00236320942414,0,-0.0048714818473,-0.00587448719851,0,-0.0324981178851,-0.0385955834646,-114,-0.0146718146718,0.00599889268049,0,0,0,336,0,6,990,0.982456140351,1,0,0.0175438596491,1,0.982456140351,0.991150442478,0.988199235917,0.982456140351,0.982456140351,29,35,0,0,0,0
3969,WLNM_dir_neg,0.932448979592,0.43780293271,00:00:05,10,90,41,1241281876,threshold_sweep,0.9,1,0.828571428571,0.90625,29,0,6,70,0.828571428571,1,0,0.171428571429,1,0.828571428571,0.90625,0.942857142857,0.574603174603,0.865671641791,0.873589088037,0.828571428571,342,307,35,0,342,0,307,0,35,37,342,0.256756756757,1.72528881811,18.4864864865,15.5454545455,9.77142857143,5.36771015539,0.290358590277,0.142642642643,9.50849154237,1.02869645341,0.544491860281,8.05331334643,0.871264894205,0.461830251304,0.640599570326,0.371299902718,2,1.72528881811,0.640599570326,2,0.344071394247,0.376569037657,810,0.104247104247,0.56957682835,37,37,37,1,0,0.405405405405,0.540540540541,0.0540540540541,37,0.23048048048,1.73231309828,16.5945945946,13.9545454545,8.77142857143,4.83310033611,0.291245459993,0.146051589048,8.52077482413,1.02693377359,0.539308037679,7.26813771374,0.875964480157,0.473457170526,0.645694852565,0.372735652236,2,1.73231309828,0.645694852565,2,0.304066200471,0.327462744339,564,0.0725868725869,0.476871411013,37,37,37,1,0,0.405405405405,0.540540540541,0.0540540540541,37,336,0.252252252252,1.72041733627,18.1621621622,15.2727272727,9.6,5.04156894403,0.277586385311,0.132078507079,9.23874203311,1.01736147388,0.537966537967,8.16285073563,0.898885348864,0.473294723295,0.634725083128,0.368936693294,2,1.72041733627,0.634725083128,2,0.311573276362,0.337973454192,696,0.0895752895753,0.57557572103,37,37,37,1,0,0.405405405405,0.540540540541,0.0540540540541,-6,-0.0045045045045,-0.0048714818473,-0.324324324324,-0.272727272727,-0.171428571429,-0.326141211362,-0.0127722049659,-0.0105641355641,-0.269749509265,-0.0113349795307,-0.0065253223148,0.109537389193,0.0276204546589,0.0114644719908,-0.00587448719851,-0.00236320942414,0,-0.0048714818473,-0.00587448719851,0,-0.0324981178851,-0.0385955834646,-114,-0.0146718146718,0.00599889268049,0,0,0,336,0,6,990,0.982456140351,1,0,0.0175438596491,1,0.982456140351,0.991150442478,0.988199235917,0.982456140351,0.982456140351,29,35,0,0,0,0
3970,WLNM_dir_neg,0.986734693878,0.948819977664,00:00:06,10,90,42,1241281877,threshold_sweep,0.1,1,0.828571428571,0.90625,29,0,6,70,0.828571428571,1,0,0.171428571429,1,0.828571428571,0.90625,0.942857142857,0.574603174603,0.865671641791,0.873589088037,0.828571428571,342,307,35,0,342,0,307,0,35,37,342,0.256756756757,1.72528881811,18.4864864865,15.5454545455,9.77142857143,5.36771015539,0.290358590277,0.142642642643,9.50849154237,1.02869645341,0.544491860281,8.05331334643,0.871264894205,0.461830251304,0.640599570326,0.371299902718,2,1.72528881811,0.640599570326,2,0.344071394247,0.376569037657,810,0.104247104247,0.56957682835,37,37,37,1,0,0.405405405405,0.540540540541,0.0540540540541,37,0.23048048048,1.74643597932,16.5945945946,13.9545454545,8.77142857143,5.09607397611,0.307092405726,0.154238929483,8.57277624183,1.03320104543,0.542477330751,7.17969693288,0.86530549354,0.467998943569,0.670536450993,0.383945623506,2,1.74643597932,0.670536450993,2,0.324764174152,0.338255033557,588,0.0756756756757,0.47151156262,37,37,37,1,0,0.405405405405,0.540540540541,0.0540540540541,37,336,0.252252252252,1.7374178288,18.1621621622,15.2727272727,9.6,5.40839631968,0.297783725935,0.146235521236,9.35229733624,1.02986607572,0.543275418275,7.99436738647,0.880332122915,0.466698841699,0.661342240224,0.380646629304,2,1.7374178288,0.661342240224,2,0.34795846449,0.367797695262,766,0.0985842985843,0.559672425111,37,37,37,1,0,0.405405405405,0.540540540541,0.0540540540541,-6,-0.0045045045045,0.0121290106809,-0.324324324324,-0.272727272727,-0.171428571429,0.0406861642888,0.00742513565775,0.00359287859288,-0.156194206133,0.00116962230224,-0.00121644200592,-0.0589459599608,0.00906722871035,0.00486859039491,0.0207426698982,0.00934672658655,0,0.0121290106809,0.0207426698982,0,0.00388707024282,-0.00877134239442,-44,-0.00566280566281,-0.00990440323884,0,0,0,336,0,6,990,0.982456140351,1,0,0.0175438596491,1,0.982456140351,0.991150442478,0.988199235917,0.982456140351,0.982456140351,29,35,0,0,0,0
3971,WLNM_dir_neg,0.986734693878,0.948819977664,00:00:06,10,90,42,1241281877,threshold_sweep,0.2,1,0.828571428571,0.90625,29,0,6,70,0.828571428571,1,0,0.171428571429,1,0.828571428571,0.90625,0.942857142857,0.574603174603,0.865671641791,0.873589088037,0.828571428571,342,307,35,0,342,0,307,0,35,37,342,0.256756756757,1.72528881811,18.4864864865,15.5454545455,9.77142857143,5.36771015539,0.290358590277,0.142642642643,9.50849154237,1.02869645341,0.544491860281,8.05331334643,0.871264894205,0.461830251304,0.640599570326,0.371299902718,2,1.72528881811,0.640599570326,2,0.344071394247,0.376569037657,810,0.104247104247,0.56957682835,37,37,37,1,0,0.405405405405,0.540540540541,0.0540540540541,37,0.23048048048,1.74643597932,16.5945945946,13.9545454545,8.77142857143,5.09607397611,0.307092405726,0.154238929483,8.57277624183,1.03320104543,0.542477330751,7.17969693288,0.86530549354,0.467998943569,0.670536450993,0.383945623506,2,1.74643597932,0.670536450993,2,0.324764174152,0.338255033557,588,0.0756756756757,0.47151156262,37,37,37,1,0,0.405405405405,0.540540540541,0.0540540540541,37,336,0.252252252252,1.7374178288,18.1621621622,15.2727272727,9.6,5.40839631968,0.297783725935,0.146235521236,9.35229733624,1.02986607572,0.543275418275,7.99436738647,0.880332122915,0.466698841699,0.661342240224,0.380646629304,2,1.7374178288,0.661342240224,2,0.34795846449,0.367797695262,766,0.0985842985843,0.559672425111,37,37,37,1,0,0.405405405405,0.540540540541,0.0540540540541,-6,-0.0045045045045,0.0121290106809,-0.324324324324,-0.272727272727,-0.171428571429,0.0406861642888,0.00742513565775,0.00359287859288,-0.156194206133,0.00116962230224,-0.00121644200592,-0.0589459599608,0.00906722871035,0.00486859039491,0.0207426698982,0.00934672658655,0,0.0121290106809,0.0207426698982,0,0.00388707024282,-0.00877134239442,-44,-0.00566280566281,-0.00990440323884,0,0,0,336,0,6,990,0.982456140351,1,0,0.0175438596491,1,0.982456140351,0.991150442478,0.988199235917,0.982456140351,0.982456140351,29,35,0,0,0,0
3972,WLNM_dir_neg,0.986734693878,0.948819977664,00:00:06,10,90,42,1241281877,threshold_sweep,0.3,1,0.828571428571,0.90625,29,0,6,70,0.828571428571,1,0,0.171428571429,1,0.828571428571,0.90625,0.942857142857,0.574603174603,0.865671641791,0.873589088037,0.828571428571,342,307,35,0,342,0,307,0,35,37,342,0.256756756757,1.72528881811,18.4864864865,15.5454545455,9.77142857143,5.36771015539,0.290358590277,0.142642642643,9.50849154237,1.02869645341,0.544491860281,8.05331334643,0.871264894205,0.461830251304,0.640599570326,0.371299902718,2,1.72528881811,0.640599570326,2,0.344071394247,0.376569037657,810,0.104247104247,0.56957682835,37,37,37,1,0,0.405405405405,0.540540540541,0.0540540540541,37,0.23048048048,1.74643597932,16.5945945946,13.9545454545,8.77142857143,5.09607397611,0.307092405726,0.154238929483,8.57277624183,1.03320104543,0.542477330751,7.17969693288,0.86530549354,0.467998943569,0.670536450993,0.383945623506,2,1.74643597932,0.670536450993,2,0.324764174152,0.338255033557,588,0.0756756756757,0.47151156262,37,37,37,1,0,0.405405405405,0.540540540541,0.0540540540541,37,336,0.252252252252,1.7374178288,18.1621621622,15.2727272727,9.6,5.40839631968,0.297783725935,0.146235521236,9.35229733624,1.02986607572,0.543275418275,7.99436738647,0.880332122915,0.466698841699,0.661342240224,0.380646629304,2,1.7374178288,0.661342240224,2,0.34795846449,0.367797695262,766,0.0985842985843,0.559672425111,37,37,37,1,0,0.405405405405,0.540540540541,0.0540540540541,-6,-0.0045045045045,0.0121290106809,-0.324324324324,-0.272727272727,-0.171428571429,0.0406861642888,0.00742513565775,0.00359287859288,-0.156194206133,0.00116962230224,-0.00121644200592,-0.0589459599608,0.00906722871035,0.00486859039491,0.0207426698982,0.00934672658655,0,0.0121290106809,0.0207426698982,0,0.00388707024282,-0.00877134239442,-44,-0.00566280566281,-0.00990440323884,0,0,0,336,0,6,990,0.982456140351,1,0,0.0175438596491,1,0.982456140351,0.991150442478,0.988199235917,0.982456140351,0.982456140351,29,35,0,0,0,0
3973,WLNM_dir_neg,0.986734693878,0.948819977664,00:00:06,10,90,42,1241281877,threshold_sweep,0.4,1,0.828571428571,0.90625,29,0,6,70,0.828571428571,1,0,0.171428571429,1,0.828571428571,0.90625,0.942857142857,0.574603174603,0.865671641791,0.873589088037,0.828571428571,342,307,35,0,342,0,307,0,35,37,342,0.256756756757,1.72528881811,18.4864864865,15.5454545455,9.77142857143,5.36771015539,0.290358590277,0.142642642643,9.50849154237,1.02869645341,0.544491860281,8.05331334643,0.871264894205,0.461830251304,0.640599570326,0.371299902718,2,1.72528881811,0.640599570326,2,0.344071394247,0.376569037657,810,0.104247104247,0.56957682835,37,37,37,1,0,0.405405405405,0.540540540541,0.0540540540541,37,0.23048048048,1.74643597932,16.5945945946,13.9545454545,8.77142857143,5.09607397611,0.307092405726,0.154238929483,8.57277624183,1.03320104543,0.542477330751,7.17969693288,0.86530549354,0.467998943569,0.670536450993,0.383945623506,2,1.74643597932,0.670536450993,2,0.324764174152,0.338255033557,588,0.0756756756757,0.47151156262,37,37,37,1,0,0.405405405405,0.540540540541,0.0540540540541,37,336,0.252252252252,1.7374178288,18.1621621622,15.2727272727,9.6,5.40839631968,0.297783725935,0.146235521236,9.35229733624,1.02986607572,0.543275418275,7.99436738647,0.880332122915,0.466698841699,0.661342240224,0.380646629304,2,1.7374178288,0.661342240224,2,0.34795846449,0.367797695262,766,0.0985842985843,0.559672425111,37,37,37,1,0,0.405405405405,0.540540540541,0.0540540540541,-6,-0.0045045045045,0.0121290106809,-0.324324324324,-0.272727272727,-0.171428571429,0.0406861642888,0.00742513565775,0.00359287859288,-0.156194206133,0.00116962230224,-0.00121644200592,-0.0589459599608,0.00906722871035,0.00486859039491,0.0207426698982,0.00934672658655,0,0.0121290106809,0.0207426698982,0,0.00388707024282,-0.00877134239442,-44,-0.00566280566281,-0.00990440323884,0,0,0,336,0,6,990,0.982456140351,1,0,0.0175438596491,1,0.982456140351,0.991150442478,0.988199235917,0.982456140351,0.982456140351,29,35,0,0,0,0
3974,WLNM_dir_neg,0.986734693878,0.948819977664,00:00:06,10,90,42,1241281877,threshold_sweep,0.5,1,0.828571428571,0.90625,29,0,6,70,0.828571428571,1,0,0.171428571429,1,0.828571428571,0.90625,0.942857142857,0.574603174603,0.865671641791,0.873589088037,0.828571428571,342,307,35,0,342,0,307,0,35,37,342,0.256756756757,1.72528881811,18.4864864865,15.5454545455,9.77142857143,5.36771015539,0.290358590277,0.142642642643,9.50849154237,1.02869645341,0.544491860281,8.05331334643,0.871264894205,0.461830251304,0.640599570326,0.371299902718,2,1.72528881811,0.640599570326,2,0.344071394247,0.376569037657,810,0.104247104247,0.56957682835,37,37,37,1,0,0.405405405405,0.540540540541,0.0540540540541,37,0.23048048048,1.74643597932,16.5945945946,13.9545454545,8.77142857143,5.09607397611,0.307092405726,0.154238929483,8.57277624183,1.03320104543,0.542477330751,7.17969693288,0.86530549354,0.467998943569,0.670536450993,0.383945623506,2,1.74643597932,0.670536450993,2,0.324764174152,0.338255033557,588,0.0756756756757,0.47151156262,37,37,37,1,0,0.405405405405,0.540540540541,0.0540540540541,37,336,0.252252252252,1.7374178288,18.1621621622,15.2727272727,9.6,5.40839631968,0.297783725935,0.146235521236,9.35229733624,1.02986607572,0.543275418275,7.99436738647,0.880332122915,0.466698841699,0.661342240224,0.380646629304,2,1.7374178288,0.661342240224,2,0.34795846449,0.367797695262,766,0.0985842985843,0.559672425111,37,37,37,1,0,0.405405405405,0.540540540541,0.0540540540541,-6,-0.0045045045045,0.0121290106809,-0.324324324324,-0.272727272727,-0.171428571429,0.0406861642888,0.00742513565775,0.00359287859288,-0.156194206133,0.00116962230224,-0.00121644200592,-0.0589459599608,0.00906722871035,0.00486859039491,0.0207426698982,0.00934672658655,0,0.0121290106809,0.0207426698982,0,0.00388707024282,-0.00877134239442,-44,-0.00566280566281,-0.00990440323884,0,0,0,336,0,6,990,0.982456140351,1,0,0.0175438596491,1,0.982456140351,0.991150442478,0.988199235917,0.982456140351,0.982456140351,29,35,0,0,0,0
3975,WLNM_dir_neg,0.986734693878,0.948819977664,00:00:06,10,90,42,1241281877,threshold_sweep,0.6,1,0.828571428571,0.90625,29,0,6,70,0.828571428571,1,0,0.171428571429,1,0.828571428571,0.90625,0.942857142857,0.574603174603,0.865671641791,0.873589088037,0.828571428571,342,307,35,0,342,0,307,0,35,37,342,0.256756756757,1.72528881811,18.4864864865,15.5454545455,9.77142857143,5.36771015539,0.290358590277,0.142642642643,9.50849154237,1.02869645341,0.544491860281,8.05331334643,0.871264894205,0.461830251304,0.640599570326,0.371299902718,2,1.72528881811,0.640599570326,2,0.344071394247,0.376569037657,810,0.104247104247,0.56957682835,37,37,37,1,0,0.405405405405,0.540540540541,0.0540540540541,37,0.23048048048,1.74643597932,16.5945945946,13.9545454545,8.77142857143,5.09607397611,0.307092405726,0.154238929483,8.57277624183,1.03320104543,0.542477330751,7.17969693288,0.86530549354,0.467998943569,0.670536450993,0.383945623506,2,1.74643597932,0.670536450993,2,0.324764174152,0.338255033557,588,0.0756756756757,0.47151156262,37,37,37,1,0,0.405405405405,0.540540540541,0.0540540540541,37,336,0.252252252252,1.7374178288,18.1621621622,15.2727272727,9.6,5.40839631968,0.297783725935,0.146235521236,9.35229733624,1.02986607572,0.543275418275,7.99436738647,0.880332122915,0.466698841699,0.661342240224,0.380646629304,2,1.7374178288,0.661342240224,2,0.34795846449,0.367797695262,766,0.0985842985843,0.559672425111,37,37,37,1,0,0.405405405405,0.540540540541,0.0540540540541,-6,-0.0045045045045,0.0121290106809,-0.324324324324,-0.272727272727,-0.171428571429,0.0406861642888,0.00742513565775,0.00359287859288,-0.156194206133,0.00116962230224,-0.00121644200592,-0.0589459599608,0.00906722871035,0.00486859039491,0.0207426698982,0.00934672658655,0,0.0121290106809,0.0207426698982,0,0.00388707024282,-0.00877134239442,-44,-0.00566280566281,-0.00990440323884,0,0,0,336,0,6,990,0.982456140351,1,0,0.0175438596491,1,0.982456140351,0.991150442478,0.988199235917,0.982456140351,0.982456140351,29,35,0,0,0,0
3976,WLNM_dir_neg,0.986734693878,0.948819977664,00:00:06,10,90,42,1241281877,threshold_sweep,0.7,1,0.828571428571,0.90625,29,0,6,70,0.828571428571,1,0,0.171428571429,1,0.828571428571,0.90625,0.942857142857,0.574603174603,0.865671641791,0.873589088037,0.828571428571,342,307,35,0,342,0,307,0,35,37,342,0.256756756757,1.72528881811,18.4864864865,15.5454545455,9.77142857143,5.36771015539,0.290358590277,0.142642642643,9.50849154237,1.02869645341,0.544491860281,8.05331334643,0.871264894205,0.461830251304,0.640599570326,0.371299902718,2,1.72528881811,0.640599570326,2,0.344071394247,0.376569037657,810,0.104247104247,0.56957682835,37,37,37,1,0,0.405405405405,0.540540540541,0.0540540540541,37,0.23048048048,1.74643597932,16.5945945946,13.9545454545,8.77142857143,5.09607397611,0.307092405726,0.154238929483,8.57277624183,1.03320104543,0.542477330751,7.17969693288,0.86530549354,0.467998943569,0.670536450993,0.383945623506,2,1.74643597932,0.670536450993,2,0.324764174152,0.338255033557,588,0.0756756756757,0.47151156262,37,37,37,1,0,0.405405405405,0.540540540541,0.0540540540541,37,336,0.252252252252,1.7374178288,18.1621621622,15.2727272727,9.6,5.40839631968,0.297783725935,0.146235521236,9.35229733624,1.02986607572,0.543275418275,7.99436738647,0.880332122915,0.466698841699,0.661342240224,0.380646629304,2,1.7374178288,0.661342240224,2,0.34795846449,0.367797695262,766,0.0985842985843,0.559672425111,37,37,37,1,0,0.405405405405,0.540540540541,0.0540540540541,-6,-0.0045045045045,0.0121290106809,-0.324324324324,-0.272727272727,-0.171428571429,0.0406861642888,0.00742513565775,0.00359287859288,-0.156194206133,0.00116962230224,-0.00121644200592,-0.0589459599608,0.00906722871035,0.00486859039491,0.0207426698982,0.00934672658655,0,0.0121290106809,0.0207426698982,0,0.00388707024282,-0.00877134239442,-44,-0.00566280566281,-0.00990440323884,0,0,0,336,0,6,990,0.982456140351,1,0,0.0175438596491,1,0.982456140351,0.991150442478,0.988199235917,0.982456140351,0.982456140351,29,35,0,0,0,0
3977,WLNM_dir_neg,0.986734693878,0.948819977664,00:00:06,10,90,42,1241281877,threshold_sweep,0.8,1,0.828571428571,0.90625,29,0,6,70,0.828571428571,1,0,0.171428571429,1,0.828571428571,0.90625,0.942857142857,0.574603174603,0.865671641791,0.873589088037,0.828571428571,342,307,35,0,342,0,307,0,35,37,342,0.256756756757,1.72528881811,18.4864864865,15.5454545455,9.77142857143,5.36771015539,0.290358590277,0.142642642643,9.50849154237,1.02869645341,0.544491860281,8.05331334643,0.871264894205,0.461830251304,0.640599570326,0.371299902718,2,1.72528881811,0.640599570326,2,0.344071394247,0.376569037657,810,0.104247104247,0.56957682835,37,37,37,1,0,0.405405405405,0.540540540541,0.0540540540541,37,0.23048048048,1.74643597932,16.5945945946,13.9545454545,8.77142857143,5.09607397611,0.307092405726,0.154238929483,8.57277624183,1.03320104543,0.542477330751,7.17969693288,0.86530549354,0.467998943569,0.670536450993,0.383945623506,2,1.74643597932,0.670536450993,2,0.324764174152,0.338255033557,588,0.0756756756757,0.47151156262,37,37,37,1,0,0.405405405405,0.540540540541,0.0540540540541,37,336,0.252252252252,1.7374178288,18.1621621622,15.2727272727,9.6,5.40839631968,0.297783725935,0.146235521236,9.35229733624,1.02986607572,0.543275418275,7.99436738647,0.880332122915,0.466698841699,0.661342240224,0.380646629304,2,1.7374178288,0.661342240224,2,0.34795846449,0.367797695262,766,0.0985842985843,0.559672425111,37,37,37,1,0,0.405405405405,0.540540540541,0.0540540540541,-6,-0.0045045045045,0.0121290106809,-0.324324324324,-0.272727272727,-0.171428571429,0.0406861642888,0.00742513565775,0.00359287859288,-0.156194206133,0.00116962230224,-0.00121644200592,-0.0589459599608,0.00906722871035,0.00486859039491,0.0207426698982,0.00934672658655,0,0.0121290106809,0.0207426698982,0,0.00388707024282,-0.00877134239442,-44,-0.00566280566281,-0.00990440323884,0,0,0,336,0,6,990,0.982456140351,1,0,0.0175438596491,1,0.982456140351,0.991150442478,0.988199235917,0.982456140351,0.982456140351,29,35,0,0,0,0
3978,WLNM_dir_neg,0.986734693878,0.948819977664,00:00:06,10,90,42,1241281877,threshold_sweep,0.9,1,0.828571428571,0.90625,29,0,6,70,0.828571428571,1,0,0.171428571429,1,0.828571428571,0.90625,0.942857142857,0.574603174603,0.865671641791,0.873589088037,0.828571428571,342,307,35,0,342,0,307,0,35,37,342,0.256756756757,1.72528881811,18.4864864865,15.5454545455,9.77142857143,5.36771015539,0.290358590277,0.142642642643,9.50849154237,1.02869645341,0.544491860281,8.05331334643,0.871264894205,0.461830251304,0.640599570326,0.371299902718,2,1.72528881811,0.640599570326,2,0.344071394247,0.376569037657,810,0.104247104247,0.56957682835,37,37,37,1,0,0.405405405405,0.540540540541,0.0540540540541,37,0.23048048048,1.74643597932,16.5945945946,13.9545454545,8.77142857143,5.09607397611,0.307092405726,0.154238929483,8.57277624183,1.03320104543,0.542477330751,7.17969693288,0.86530549354,0.467998943569,0.670536450993,0.383945623506,2,1.74643597932,0.670536450993,2,0.324764174152,0.338255033557,588,0.0756756756757,0.47151156262,37,37,37,1,0,0.405405405405,0.540540540541,0.0540540540541,37,336,0.252252252252,1.7374178288,18.1621621622,15.2727272727,9.6,5.40839631968,0.297783725935,0.146235521236,9.35229733624,1.02986607572,0.543275418275,7.99436738647,0.880332122915,0.466698841699,0.661342240224,0.380646629304,2,1.7374178288,0.661342240224,2,0.34795846449,0.367797695262,766,0.0985842985843,0.559672425111,37,37,37,1,0,0.405405405405,0.540540540541,0.0540540540541,-6,-0.0045045045045,0.0121290106809,-0.324324324324,-0.272727272727,-0.171428571429,0.0406861642888,0.00742513565775,0.00359287859288,-0.156194206133,0.00116962230224,-0.00121644200592,-0.0589459599608,0.00906722871035,0.00486859039491,0.0207426698982,0.00934672658655,0,0.0121290106809,0.0207426698982,0,0.00388707024282,-0.00877134239442,-44,-0.00566280566281,-0.00990440323884,0,0,0,336,0,6,990,0.982456140351,1,0,0.0175438596491,1,0.982456140351,0.991150442478,0.988199235917,0.982456140351,0.982456140351,29,35,0,0,0,0
3979,WLNM_dir_neg,0.984489795918,0.916855775349,00:00:05,10,90,43,1241281878,threshold_sweep,0.1,1,0.8,0.888888888889,28,0,7,70,0.8,1,0,0.2,1,0.8,0.888888888889,0.933333333333,0.577777777778,0.842105263158,0.852802865422,0.8,342,307,35,0,342,0,307,0,35,37,342,0.256756756757,1.72528881811,18.4864864865,15.5454545455,9.77142857143,5.36771015539,0.290358590277,0.142642642643,9.50849154237,1.02869645341,0.544491860281,8.05331334643,0.871264894205,0.461830251304,0.640599570326,0.371299902718,2,1.72528881811,0.640599570326,2,0.344071394247,0.376569037657,810,0.104247104247,0.56957682835,37,37,37,1,0,0.405405405405,0.540540540541,0.0540540540541,37,0.23048048048,1.73169054977,16.5945945946,13.9545454545,8.77142857143,5.03023889128,0.303125144914,0.154591073158,8.566293328,1.03241971706,0.543005546263,7.19515602821,0.867168641836,0.469055374593,0.647237053876,0.37376022752,2,1.73169054977,0.647237053876,2,0.315431709042,0.339035172016,588,0.0756756756757,0.473085422829,37,37,37,1,0,0.405405405405,0.540540540541,0.0540540540541,37,335,0.251501501502,1.72047693288,18.1081081081,15.2272727273,9.57142857143,5.36337261112,0.296186248674,0.144977813635,9.27944546339,1.02489397655,0.541347317467,8.10331189475,0.894992657033,0.471157724889,0.636070474437,0.369705900893,2,1.72047693288,0.636070474437,2,0.328133974116,0.358858616798,742,0.0954954954955,0.572784417332,37,37,37,1,0,0.405405405405,0.540540540541,0.0540540540541,-7,-0.00525525525526,-0.00481188523319,-0.378378378378,-0.318181818182,-0.2,-0.0043375442683,0.00582765839694,0.00233517099189,-0.22904607898,-0.00380247686082,-0.00314454281461,0.0499985483199,0.0237277628277,0.00932747358513,-0.00452909588942,-0.00159400182475,0,-0.00481188523319,-0.00452909588942,0,-0.0159374201314,-0.0177104208586,-68,-0.00875160875161,0.00320758898242,0,0,0,335,0,7,990,0.979532163743,1,0,0.0204678362573,1,0.979532163743,0.989660265879,0.986232633066,0.979532163743,0.979532163743,28,35,0,0,0,0
3980,WLNM_dir_neg,0.984489795918,0.916855775349,00:00:05,10,90,43,1241281878,threshold_sweep,0.2,1,0.8,0.888888888889,28,0,7,70,0.8,1,0,0.2,1,0.8,0.888888888889,0.933333333333,0.577777777778,0.842105263158,0.852802865422,0.8,342,307,35,0,342,0,307,0,35,37,342,0.256756756757,1.72528881811,18.4864864865,15.5454545455,9.77142857143,5.36771015539,0.290358590277,0.142642642643,9.50849154237,1.02869645341,0.544491860281,8.05331334643,0.871264894205,0.461830251304,0.640599570326,0.371299902718,2,1.72528881811,0.640599570326,2,0.344071394247,0.376569037657,810,0.104247104247,0.56957682835,37,37,37,1,0,0.405405405405,0.540540540541,0.0540540540541,37,0.23048048048,1.73169054977,16.5945945946,13.9545454545,8.77142857143,5.03023889128,0.303125144914,0.154591073158,8.566293328,1.03241971706,0.543005546263,7.19515602821,0.867168641836,0.469055374593,0.647237053876,0.37376022752,2,1.73169054977,0.647237053876,2,0.315431709042,0.339035172016,588,0.0756756756757,0.473085422829,37,37,37,1,0,0.405405405405,0.540540540541,0.0540540540541,37,335,0.251501501502,1.72047693288,18.1081081081,15.2272727273,9.57142857143,5.36337261112,0.296186248674,0.144977813635,9.27944546339,1.02489397655,0.541347317467,8.10331189475,0.894992657033,0.471157724889,0.636070474437,0.369705900893,2,1.72047693288,0.636070474437,2,0.328133974116,0.358858616798,742,0.0954954954955,0.572784417332,37,37,37,1,0,0.405405405405,0.540540540541,0.0540540540541,-7,-0.00525525525526,-0.00481188523319,-0.378378378378,-0.318181818182,-0.2,-0.0043375442683,0.00582765839694,0.00233517099189,-0.22904607898,-0.00380247686082,-0.00314454281461,0.0499985483199,0.0237277628277,0.00932747358513,-0.00452909588942,-0.00159400182475,0,-0.00481188523319,-0.00452909588942,0,-0.0159374201314,-0.0177104208586,-68,-0.00875160875161,0.00320758898242,0,0,0,335,0,7,990,0.979532163743,1,0,0.0204678362573,1,0.979532163743,0.989660265879,0.986232633066,0.979532163743,0.979532163743,28,35,0,0,0,0
3981,WLNM_dir_neg,0.984489795918,0.916855775349,00:00:05,10,90,43,1241281878,threshold_sweep,0.3,1,0.8,0.888888888889,28,0,7,70,0.8,1,0,0.2,1,0.8,0.888888888889,0.933333333333,0.577777777778,0.842105263158,0.852802865422,0.8,342,307,35,0,342,0,307,0,35,37,342,0.256756756757,1.72528881811,18.4864864865,15.5454545455,9.77142857143,5.36771015539,0.290358590277,0.142642642643,9.50849154237,1.02869645341,0.544491860281,8.05331334643,0.871264894205,0.461830251304,0.640599570326,0.371299902718,2,1.72528881811,0.640599570326,2,0.344071394247,0.376569037657,810,0.104247104247,0.56957682835,37,37,37,1,0,0.405405405405,0.540540540541,0.0540540540541,37,0.23048048048,1.73169054977,16.5945945946,13.9545454545,8.77142857143,5.03023889128,0.303125144914,0.154591073158,8.566293328,1.03241971706,0.543005546263,7.19515602821,0.867168641836,0.469055374593,0.647237053876,0.37376022752,2,1.73169054977,0.647237053876,2,0.315431709042,0.339035172016,588,0.0756756756757,0.473085422829,37,37,37,1,0,0.405405405405,0.540540540541,0.0540540540541,37,335,0.251501501502,1.72047693288,18.1081081081,15.2272727273,9.57142857143,5.36337261112,0.296186248674,0.144977813635,9.27944546339,1.02489397655,0.541347317467,8.10331189475,0.894992657033,0.471157724889,0.636070474437,0.369705900893,2,1.72047693288,0.636070474437,2,0.328133974116,0.358858616798,742,0.0954954954955,0.572784417332,37,37,37,1,0,0.405405405405,0.540540540541,0.0540540540541,-7,-0.00525525525526,-0.00481188523319,-0.378378378378,-0.318181818182,-0.2,-0.0043375442683,0.00582765839694,0.00233517099189,-0.22904607898,-0.00380247686082,-0.00314454281461,0.0499985483199,0.0237277628277,0.00932747358513,-0.00452909588942,-0.00159400182475,0,-0.00481188523319,-0.00452909588942,0,-0.0159374201314,-0.0177104208586,-68,-0.00875160875161,0.00320758898242,0,0,0,335,0,7,990,0.979532163743,1,0,0.0204678362573,1,0.979532163743,0.989660265879,0.986232633066,0.979532163743,0.979532163743,28,35,0,0,0,0
3982,WLNM_dir_neg,0.984489795918,0.916855775349,00:00:05,10,90,43,1241281878,threshold_sweep,0.4,1,0.8,0.888888888889,28,0,7,70,0.8,1,0,0.2,1,0.8,0.888888888889,0.933333333333,0.577777777778,0.842105263158,0.852802865422,0.8,342,307,35,0,342,0,307,0,35,37,342,0.256756756757,1.72528881811,18.4864864865,15.5454545455,9.77142857143,5.36771015539,0.290358590277,0.142642642643,9.50849154237,1.02869645341,0.544491860281,8.05331334643,0.871264894205,0.461830251304,0.640599570326,0.371299902718,2,1.72528881811,0.640599570326,2,0.344071394247,0.376569037657,810,0.104247104247,0.56957682835,37,37,37,1,0,0.405405405405,0.540540540541,0.0540540540541,37,0.23048048048,1.73169054977,16.5945945946,13.9545454545,8.77142857143,5.03023889128,0.303125144914,0.154591073158,8.566293328,1.03241971706,0.543005546263,7.19515602821,0.867168641836,0.469055374593,0.647237053876,0.37376022752,2,1.73169054977,0.647237053876,2,0.315431709042,0.339035172016,588,0.0756756756757,0.473085422829,37,37,37,1,0,0.405405405405,0.540540540541,0.0540540540541,37,335,0.251501501502,1.72047693288,18.1081081081,15.2272727273,9.57142857143,5.36337261112,0.296186248674,0.144977813635,9.27944546339,1.02489397655,0.541347317467,8.10331189475,0.894992657033,0.471157724889,0.636070474437,0.369705900893,2,1.72047693288,0.636070474437,2,0.328133974116,0.358858616798,742,0.0954954954955,0.572784417332,37,37,37,1,0,0.405405405405,0.540540540541,0.0540540540541,-7,-0.00525525525526,-0.00481188523319,-0.378378378378,-0.318181818182,-0.2,-0.0043375442683,0.00582765839694,0.00233517099189,-0.22904607898,-0.00380247686082,-0.00314454281461,0.0499985483199,0.0237277628277,0.00932747358513,-0.00452909588942,-0.00159400182475,0,-0.00481188523319,-0.00452909588942,0,-0.0159374201314,-0.0177104208586,-68,-0.00875160875161,0.00320758898242,0,0,0,335,0,7,990,0.979532163743,1,0,0.0204678362573,1,0.979532163743,0.989660265879,0.986232633066,0.979532163743,0.979532163743,28,35,0,0,0,0
3983,WLNM_dir_neg,0.984489795918,0.916855775349,00:00:05,10,90,43,1241281878,threshold_sweep,0.5,1,0.8,0.888888888889,28,0,7,70,0.8,1,0,0.2,1,0.8,0.888888888889,0.933333333333,0.577777777778,0.842105263158,0.852802865422,0.8,342,307,35,0,342,0,307,0,35,37,342,0.256756756757,1.72528881811,18.4864864865,15.5454545455,9.77142857143,5.36771015539,0.290358590277,0.142642642643,9.50849154237,1.02869645341,0.544491860281,8.05331334643,0.871264894205,0.461830251304,0.640599570326,0.371299902718,2,1.72528881811,0.640599570326,2,0.344071394247,0.376569037657,810,0.104247104247,0.56957682835,37,37,37,1,0,0.405405405405,0.540540540541,0.0540540540541,37,0.23048048048,1.73169054977,16.5945945946,13.9545454545,8.77142857143,5.03023889128,0.303125144914,0.154591073158,8.566293328,1.03241971706,0.543005546263,7.19515602821,0.867168641836,0.469055374593,0.647237053876,0.37376022752,2,1.73169054977,0.647237053876,2,0.315431709042,0.339035172016,588,0.0756756756757,0.473085422829,37,37,37,1,0,0.405405405405,0.540540540541,0.0540540540541,37,335,0.251501501502,1.72047693288,18.1081081081,15.2272727273,9.57142857143,5.36337261112,0.296186248674,0.144977813635,9.27944546339,1.02489397655,0.541347317467,8.10331189475,0.894992657033,0.471157724889,0.636070474437,0.369705900893,2,1.72047693288,0.636070474437,2,0.328133974116,0.358858616798,742,0.0954954954955,0.572784417332,37,37,37,1,0,0.405405405405,0.540540540541,0.0540540540541,-7,-0.00525525525526,-0.00481188523319,-0.378378378378,-0.318181818182,-0.2,-0.0043375442683,0.00582765839694,0.00233517099189,-0.22904607898,-0.00380247686082,-0.00314454281461,0.0499985483199,0.0237277628277,0.00932747358513,-0.00452909588942,-0.00159400182475,0,-0.00481188523319,-0.00452909588942,0,-0.0159374201314,-0.0177104208586,-68,-0.00875160875161,0.00320758898242,0,0,0,335,0,7,990,0.979532163743,1,0,0.0204678362573,1,0.979532163743,0.989660265879,0.986232633066,0.979532163743,0.979532163743,28,35,0,0,0,0
3984,WLNM_dir_neg,0.984489795918,0.916855775349,00:00:05,10,90,43,1241281878,threshold_sweep,0.6,1,0.8,0.888888888889,28,0,7,70,0.8,1,0,0.2,1,0.8,0.888888888889,0.933333333333,0.577777777778,0.842105263158,0.852802865422,0.8,342,307,35,0,342,0,307,0,35,37,342,0.256756756757,1.72528881811,18.4864864865,15.5454545455,9.77142857143,5.36771015539,0.290358590277,0.142642642643,9.50849154237,1.02869645341,0.544491860281,8.05331334643,0.871264894205,0.461830251304,0.640599570326,0.371299902718,2,1.72528881811,0.640599570326,2,0.344071394247,0.376569037657,810,0.104247104247,0.56957682835,37,37,37,1,0,0.405405405405,0.540540540541,0.0540540540541,37,0.23048048048,1.73169054977,16.5945945946,13.9545454545,8.77142857143,5.03023889128,0.303125144914,0.154591073158,8.566293328,1.03241971706,0.543005546263,7.19515602821,0.867168641836,0.469055374593,0.647237053876,0.37376022752,2,1.73169054977,0.647237053876,2,0.315431709042,0.339035172016,588,0.0756756756757,0.473085422829,37,37,37,1,0,0.405405405405,0.540540540541,0.0540540540541,37,335,0.251501501502,1.72047693288,18.1081081081,15.2272727273,9.57142857143,5.36337261112,0.296186248674,0.144977813635,9.27944546339,1.02489397655,0.541347317467,8.10331189475,0.894992657033,0.471157724889,0.636070474437,0.369705900893,2,1.72047693288,0.636070474437,2,0.328133974116,0.358858616798,742,0.0954954954955,0.572784417332,37,37,37,1,0,0.405405405405,0.540540540541,0.0540540540541,-7,-0.00525525525526,-0.00481188523319,-0.378378378378,-0.318181818182,-0.2,-0.0043375442683,0.00582765839694,0.00233517099189,-0.22904607898,-0.00380247686082,-0.00314454281461,0.0499985483199,0.0237277628277,0.00932747358513,-0.00452909588942,-0.00159400182475,0,-0.00481188523319,-0.00452909588942,0,-0.0159374201314,-0.0177104208586,-68,-0.00875160875161,0.00320758898242,0,0,0,335,0,7,990,0.979532163743,1,0,0.0204678362573,1,0.979532163743,0.989660265879,0.986232633066,0.979532163743,0.979532163743,28,35,0,0,0,0
3985,WLNM_dir_neg,0.984489795918,0.916855775349,00:00:05,10,90,43,1241281878,threshold_sweep,0.7,1,0.8,0.888888888889,28,0,7,70,0.8,1,0,0.2,1,0.8,0.888888888889,0.933333333333,0.577777777778,0.842105263158,0.852802865422,0.8,342,307,35,0,342,0,307,0,35,37,342,0.256756756757,1.72528881811,18.4864864865,15.5454545455,9.77142857143,5.36771015539,0.290358590277,0.142642642643,9.50849154237,1.02869645341,0.544491860281,8.05331334643,0.871264894205,0.461830251304,0.640599570326,0.371299902718,2,1.72528881811,0.640599570326,2,0.344071394247,0.376569037657,810,0.104247104247,0.56957682835,37,37,37,1,0,0.405405405405,0.540540540541,0.0540540540541,37,0.23048048048,1.73169054977,16.5945945946,13.9545454545,8.77142857143,5.03023889128,0.303125144914,0.154591073158,8.566293328,1.03241971706,0.543005546263,7.19515602821,0.867168641836,0.469055374593,0.647237053876,0.37376022752,2,1.73169054977,0.647237053876,2,0.315431709042,0.339035172016,588,0.0756756756757,0.473085422829,37,37,37,1,0,0.405405405405,0.540540540541,0.0540540540541,37,335,0.251501501502,1.72047693288,18.1081081081,15.2272727273,9.57142857143,5.36337261112,0.296186248674,0.144977813635,9.27944546339,1.02489397655,0.541347317467,8.10331189475,0.894992657033,0.471157724889,0.636070474437,0.369705900893,2,1.72047693288,0.636070474437,2,0.328133974116,0.358858616798,742,0.0954954954955,0.572784417332,37,37,37,1,0,0.405405405405,0.540540540541,0.0540540540541,-7,-0.00525525525526,-0.00481188523319,-0.378378378378,-0.318181818182,-0.2,-0.0043375442683,0.00582765839694,0.00233517099189,-0.22904607898,-0.00380247686082,-0.00314454281461,0.0499985483199,0.0237277628277,0.00932747358513,-0.00452909588942,-0.00159400182475,0,-0.00481188523319,-0.00452909588942,0,-0.0159374201314,-0.0177104208586,-68,-0.00875160875161,0.00320758898242,0,0,0,335,0,7,990,0.979532163743,1,0,0.0204678362573,1,0.979532163743,0.989660265879,0.986232633066,0.979532163743,0.979532163743,28,35,0,0,0,0
3986,WLNM_dir_neg,0.984489795918,0.916855775349,00:00:05,10,90,43,1241281878,threshold_sweep,0.8,1,0.8,0.888888888889,28,0,7,70,0.8,1,0,0.2,1,0.8,0.888888888889,0.933333333333,0.577777777778,0.842105263158,0.852802865422,0.8,342,307,35,0,342,0,307,0,35,37,342,0.256756756757,1.72528881811,18.4864864865,15.5454545455,9.77142857143,5.36771015539,0.290358590277,0.142642642643,9.50849154237,1.02869645341,0.544491860281,8.05331334643,0.871264894205,0.461830251304,0.640599570326,0.371299902718,2,1.72528881811,0.640599570326,2,0.344071394247,0.376569037657,810,0.104247104247,0.56957682835,37,37,37,1,0,0.405405405405,0.540540540541,0.0540540540541,37,0.23048048048,1.73169054977,16.5945945946,13.9545454545,8.77142857143,5.03023889128,0.303125144914,0.154591073158,8.566293328,1.03241971706,0.543005546263,7.19515602821,0.867168641836,0.469055374593,0.647237053876,0.37376022752,2,1.73169054977,0.647237053876,2,0.315431709042,0.339035172016,588,0.0756756756757,0.473085422829,37,37,37,1,0,0.405405405405,0.540540540541,0.0540540540541,37,335,0.251501501502,1.72047693288,18.1081081081,15.2272727273,9.57142857143,5.36337261112,0.296186248674,0.144977813635,9.27944546339,1.02489397655,0.541347317467,8.10331189475,0.894992657033,0.471157724889,0.636070474437,0.369705900893,2,1.72047693288,0.636070474437,2,0.328133974116,0.358858616798,742,0.0954954954955,0.572784417332,37,37,37,1,0,0.405405405405,0.540540540541,0.0540540540541,-7,-0.00525525525526,-0.00481188523319,-0.378378378378,-0.318181818182,-0.2,-0.0043375442683,0.00582765839694,0.00233517099189,-0.22904607898,-0.00380247686082,-0.00314454281461,0.0499985483199,0.0237277628277,0.00932747358513,-0.00452909588942,-0.00159400182475,0,-0.00481188523319,-0.00452909588942,0,-0.0159374201314,-0.0177104208586,-68,-0.00875160875161,0.00320758898242,0,0,0,335,0,7,990,0.979532163743,1,0,0.0204678362573,1,0.979532163743,0.989660265879,0.986232633066,0.979532163743,0.979532163743,28,35,0,0,0,0
3987,WLNM_dir_neg,0.984489795918,0.916855775349,00:00:05,10,90,43,1241281878,threshold_sweep,0.9,1,0.8,0.888888888889,28,0,7,70,0.8,1,0,0.2,1,0.8,0.888888888889,0.933333333333,0.577777777778,0.842105263158,0.852802865422,0.8,342,307,35,0,342,0,307,0,35,37,342,0.256756756757,1.72528881811,18.4864864865,15.5454545455,9.77142857143,5.36771015539,0.290358590277,0.142642642643,9.50849154237,1.02869645341,0.544491860281,8.05331334643,0.871264894205,0.461830251304,0.640599570326,0.371299902718,2,1.72528881811,0.640599570326,2,0.344071394247,0.376569037657,810,0.104247104247,0.56957682835,37,37,37,1,0,0.405405405405,0.540540540541,0.0540540540541,37,0.23048048048,1.73169054977,16.5945945946,13.9545454545,8.77142857143,5.03023889128,0.303125144914,0.154591073158,8.566293328,1.03241971706,0.543005546263,7.19515602821,0.867168641836,0.469055374593,0.647237053876,0.37376022752,2,1.73169054977,0.647237053876,2,0.315431709042,0.339035172016,588,0.0756756756757,0.473085422829,37,37,37,1,0,0.405405405405,0.540540540541,0.0540540540541,37,335,0.251501501502,1.72047693288,18.1081081081,15.2272727273,9.57142857143,5.36337261112,0.296186248674,0.144977813635,9.27944546339,1.02489397655,0.541347317467,8.10331189475,0.894992657033,0.471157724889,0.636070474437,0.369705900893,2,1.72047693288,0.636070474437,2,0.328133974116,0.358858616798,742,0.0954954954955,0.572784417332,37,37,37,1,0,0.405405405405,0.540540540541,0.0540540540541,-7,-0.00525525525526,-0.00481188523319,-0.378378378378,-0.318181818182,-0.2,-0.0043375442683,0.00582765839694,0.00233517099189,-0.22904607898,-0.00380247686082,-0.00314454281461,0.0499985483199,0.0237277628277,0.00932747358513,-0.00452909588942,-0.00159400182475,0,-0.00481188523319,-0.00452909588942,0,-0.0159374201314,-0.0177104208586,-68,-0.00875160875161,0.00320758898242,0,0,0,335,0,7,990,0.979532163743,1,0,0.0204678362573,1,0.979532163743,0.989660265879,0.986232633066,0.979532163743,0.979532163743,28,35,0,0,0,0
3988,WLNM_dir_neg,1,0.114285714286,00:00:05,10,90,44,1241281879,threshold_sweep,0.1,1,1,1,35,0,0,70,1,1,0,0,1,1,1,1,0.555555555556,1,1,1,342,307,35,0,342,0,307,0,35,37,342,0.256756756757,1.72528881811,18.4864864865,15.5454545455,9.77142857143,5.36771015539,0.290358590277,0.142642642643,9.50849154237,1.02869645341,0.544491860281,8.05331334643,0.871264894205,0.461830251304,0.640599570326,0.371299902718,2,1.72528881811,0.640599570326,2,0.344071394247,0.376569037657,810,0.104247104247,0.56957682835,37,37,37,1,0,0.405405405405,0.540540540541,0.0540540540541,37,0.23048048048,1.73824472595,16.5945945946,13.9545454545,8.77142857143,4.69313600118,0.282811127107,0.142882295977,8.37278947565,1.00909840586,0.533849810723,7.06267522837,0.851201900487,0.460956070077,0.655150713888,0.376903610927,2,1.73824472595,0.655150713888,2,0.298915162785,0.320949231667,550,0.0707850707851,0.468703973082,37,37,37,1,0,0.405405405405,0.540540540541,0.0540540540541,37,342,0.256756756757,1.72528881811,18.4864864865,15.5454545455,9.77142857143,5.36771015539,0.290358590277,0.142642642643,9.50849154237,1.02869645341,0.544491860281,8.05331334643,0.871264894205,0.461830251304,0.640599570326,0.371299902718,2,1.72528881811,0.640599570326,2,0.344071394247,0.376569037657,810,0.104247104247,0.56957682835,37,37,37,1,0,0.405405405405,0.540540540541,0.0540540540541,0,0,0,0,0,0,0,0,0,0,0,0,0,0,0,0,0,0,0,0,0,0,0,0,0,0,0,0,0,342,0,0,990,1,1,0,0,1,1,1,1,1,1,35,35,0,0,0,0
3989,WLNM_dir_neg,1,0.114285714286,00:00:05,10,90,44,1241281879,threshold_sweep,0.2,1,1,1,35,0,0,70,1,1,0,0,1,1,1,1,0.555555555556,1,1,1,342,307,35,0,342,0,307,0,35,37,342,0.256756756757,1.72528881811,18.4864864865,15.5454545455,9.77142857143,5.36771015539,0.290358590277,0.142642642643,9.50849154237,1.02869645341,0.544491860281,8.05331334643,0.871264894205,0.461830251304,0.640599570326,0.371299902718,2,1.72528881811,0.640599570326,2,0.344071394247,0.376569037657,810,0.104247104247,0.56957682835,37,37,37,1,0,0.405405405405,0.540540540541,0.0540540540541,37,0.23048048048,1.73824472595,16.5945945946,13.9545454545,8.77142857143,4.69313600118,0.282811127107,0.142882295977,8.37278947565,1.00909840586,0.533849810723,7.06267522837,0.851201900487,0.460956070077,0.655150713888,0.376903610927,2,1.73824472595,0.655150713888,2,0.298915162785,0.320949231667,550,0.0707850707851,0.468703973082,37,37,37,1,0,0.405405405405,0.540540540541,0.0540540540541,37,342,0.256756756757,1.72528881811,18.4864864865,15.5454545455,9.77142857143,5.36771015539,0.290358590277,0.142642642643,9.50849154237,1.02869645341,0.544491860281,8.05331334643,0.871264894205,0.461830251304,0.640599570326,0.371299902718,2,1.72528881811,0.640599570326,2,0.344071394247,0.376569037657,810,0.104247104247,0.56957682835,37,37,37,1,0,0.405405405405,0.540540540541,0.0540540540541,0,0,0,0,0,0,0,0,0,0,0,0,0,0,0,0,0,0,0,0,0,0,0,0,0,0,0,0,0,342,0,0,990,1,1,0,0,1,1,1,1,1,1,35,35,0,0,0,0
3990,WLNM_dir_neg,1,0.114285714286,00:00:05,10,90,44,1241281879,threshold_sweep,0.3,1,1,1,35,0,0,70,1,1,0,0,1,1,1,1,0.555555555556,1,1,1,342,307,35,0,342,0,307,0,35,37,342,0.256756756757,1.72528881811,18.4864864865,15.5454545455,9.77142857143,5.36771015539,0.290358590277,0.142642642643,9.50849154237,1.02869645341,0.544491860281,8.05331334643,0.871264894205,0.461830251304,0.640599570326,0.371299902718,2,1.72528881811,0.640599570326,2,0.344071394247,0.376569037657,810,0.104247104247,0.56957682835,37,37,37,1,0,0.405405405405,0.540540540541,0.0540540540541,37,0.23048048048,1.73824472595,16.5945945946,13.9545454545,8.77142857143,4.69313600118,0.282811127107,0.142882295977,8.37278947565,1.00909840586,0.533849810723,7.06267522837,0.851201900487,0.460956070077,0.655150713888,0.376903610927,2,1.73824472595,0.655150713888,2,0.298915162785,0.320949231667,550,0.0707850707851,0.468703973082,37,37,37,1,0,0.405405405405,0.540540540541,0.0540540540541,37,342,0.256756756757,1.72528881811,18.4864864865,15.5454545455,9.77142857143,5.36771015539,0.290358590277,0.142642642643,9.50849154237,1.02869645341,0.544491860281,8.05331334643,0.871264894205,0.461830251304,0.640599570326,0.371299902718,2,1.72528881811,0.640599570326,2,0.344071394247,0.376569037657,810,0.104247104247,0.56957682835,37,37,37,1,0,0.405405405405,0.540540540541,0.0540540540541,0,0,0,0,0,0,0,0,0,0,0,0,0,0,0,0,0,0,0,0,0,0,0,0,0,0,0,0,0,342,0,0,990,1,1,0,0,1,1,1,1,1,1,35,35,0,0,0,0
3991,WLNM_dir_neg,1,0.114285714286,00:00:05,10,90,44,1241281879,threshold_sweep,0.4,1,1,1,35,0,0,70,1,1,0,0,1,1,1,1,0.555555555556,1,1,1,342,307,35,0,342,0,307,0,35,37,342,0.256756756757,1.72528881811,18.4864864865,15.5454545455,9.77142857143,5.36771015539,0.290358590277,0.142642642643,9.50849154237,1.02869645341,0.544491860281,8.05331334643,0.871264894205,0.461830251304,0.640599570326,0.371299902718,2,1.72528881811,0.640599570326,2,0.344071394247,0.376569037657,810,0.104247104247,0.56957682835,37,37,37,1,0,0.405405405405,0.540540540541,0.0540540540541,37,0.23048048048,1.73824472595,16.5945945946,13.9545454545,8.77142857143,4.69313600118,0.282811127107,0.142882295977,8.37278947565,1.00909840586,0.533849810723,7.06267522837,0.851201900487,0.460956070077,0.655150713888,0.376903610927,2,1.73824472595,0.655150713888,2,0.298915162785,0.320949231667,550,0.0707850707851,0.468703973082,37,37,37,1,0,0.405405405405,0.540540540541,0.0540540540541,37,342,0.256756756757,1.72528881811,18.4864864865,15.5454545455,9.77142857143,5.36771015539,0.290358590277,0.142642642643,9.50849154237,1.02869645341,0.544491860281,8.05331334643,0.871264894205,0.461830251304,0.640599570326,0.371299902718,2,1.72528881811,0.640599570326,2,0.344071394247,0.376569037657,810,0.104247104247,0.56957682835,37,37,37,1,0,0.405405405405,0.540540540541,0.0540540540541,0,0,0,0,0,0,0,0,0,0,0,0,0,0,0,0,0,0,0,0,0,0,0,0,0,0,0,0,0,342,0,0,990,1,1,0,0,1,1,1,1,1,1,35,35,0,0,0,0
3992,WLNM_dir_neg,1,0.114285714286,00:00:05,10,90,44,1241281879,threshold_sweep,0.5,1,1,1,35,0,0,70,1,1,0,0,1,1,1,1,0.555555555556,1,1,1,342,307,35,0,342,0,307,0,35,37,342,0.256756756757,1.72528881811,18.4864864865,15.5454545455,9.77142857143,5.36771015539,0.290358590277,0.142642642643,9.50849154237,1.02869645341,0.544491860281,8.05331334643,0.871264894205,0.461830251304,0.640599570326,0.371299902718,2,1.72528881811,0.640599570326,2,0.344071394247,0.376569037657,810,0.104247104247,0.56957682835,37,37,37,1,0,0.405405405405,0.540540540541,0.0540540540541,37,0.23048048048,1.73824472595,16.5945945946,13.9545454545,8.77142857143,4.69313600118,0.282811127107,0.142882295977,8.37278947565,1.00909840586,0.533849810723,7.06267522837,0.851201900487,0.460956070077,0.655150713888,0.376903610927,2,1.73824472595,0.655150713888,2,0.298915162785,0.320949231667,550,0.0707850707851,0.468703973082,37,37,37,1,0,0.405405405405,0.540540540541,0.0540540540541,37,342,0.256756756757,1.72528881811,18.4864864865,15.5454545455,9.77142857143,5.36771015539,0.290358590277,0.142642642643,9.50849154237,1.02869645341,0.544491860281,8.05331334643,0.871264894205,0.461830251304,0.640599570326,0.371299902718,2,1.72528881811,0.640599570326,2,0.344071394247,0.376569037657,810,0.104247104247,0.56957682835,37,37,37,1,0,0.405405405405,0.540540540541,0.0540540540541,0,0,0,0,0,0,0,0,0,0,0,0,0,0,0,0,0,0,0,0,0,0,0,0,0,0,0,0,0,342,0,0,990,1,1,0,0,1,1,1,1,1,1,35,35,0,0,0,0
3993,WLNM_dir_neg,1,0.114285714286,00:00:05,10,90,44,1241281879,threshold_sweep,0.6,1,1,1,35,0,0,70,1,1,0,0,1,1,1,1,0.555555555556,1,1,1,342,307,35,0,342,0,307,0,35,37,342,0.256756756757,1.72528881811,18.4864864865,15.5454545455,9.77142857143,5.36771015539,0.290358590277,0.142642642643,9.50849154237,1.02869645341,0.544491860281,8.05331334643,0.871264894205,0.461830251304,0.640599570326,0.371299902718,2,1.72528881811,0.640599570326,2,0.344071394247,0.376569037657,810,0.104247104247,0.56957682835,37,37,37,1,0,0.405405405405,0.540540540541,0.0540540540541,37,0.23048048048,1.73824472595,16.5945945946,13.9545454545,8.77142857143,4.69313600118,0.282811127107,0.142882295977,8.37278947565,1.00909840586,0.533849810723,7.06267522837,0.851201900487,0.460956070077,0.655150713888,0.376903610927,2,1.73824472595,0.655150713888,2,0.298915162785,0.320949231667,550,0.0707850707851,0.468703973082,37,37,37,1,0,0.405405405405,0.540540540541,0.0540540540541,37,342,0.256756756757,1.72528881811,18.4864864865,15.5454545455,9.77142857143,5.36771015539,0.290358590277,0.142642642643,9.50849154237,1.02869645341,0.544491860281,8.05331334643,0.871264894205,0.461830251304,0.640599570326,0.371299902718,2,1.72528881811,0.640599570326,2,0.344071394247,0.376569037657,810,0.104247104247,0.56957682835,37,37,37,1,0,0.405405405405,0.540540540541,0.0540540540541,0,0,0,0,0,0,0,0,0,0,0,0,0,0,0,0,0,0,0,0,0,0,0,0,0,0,0,0,0,342,0,0,990,1,1,0,0,1,1,1,1,1,1,35,35,0,0,0,0
3994,WLNM_dir_neg,1,0.114285714286,00:00:05,10,90,44,1241281879,threshold_sweep,0.7,1,1,1,35,0,0,70,1,1,0,0,1,1,1,1,0.555555555556,1,1,1,342,307,35,0,342,0,307,0,35,37,342,0.256756756757,1.72528881811,18.4864864865,15.5454545455,9.77142857143,5.36771015539,0.290358590277,0.142642642643,9.50849154237,1.02869645341,0.544491860281,8.05331334643,0.871264894205,0.461830251304,0.640599570326,0.371299902718,2,1.72528881811,0.640599570326,2,0.344071394247,0.376569037657,810,0.104247104247,0.56957682835,37,37,37,1,0,0.405405405405,0.540540540541,0.0540540540541,37,0.23048048048,1.73824472595,16.5945945946,13.9545454545,8.77142857143,4.69313600118,0.282811127107,0.142882295977,8.37278947565,1.00909840586,0.533849810723,7.06267522837,0.851201900487,0.460956070077,0.655150713888,0.376903610927,2,1.73824472595,0.655150713888,2,0.298915162785,0.320949231667,550,0.0707850707851,0.468703973082,37,37,37,1,0,0.405405405405,0.540540540541,0.0540540540541,37,342,0.256756756757,1.72528881811,18.4864864865,15.5454545455,9.77142857143,5.36771015539,0.290358590277,0.142642642643,9.50849154237,1.02869645341,0.544491860281,8.05331334643,0.871264894205,0.461830251304,0.640599570326,0.371299902718,2,1.72528881811,0.640599570326,2,0.344071394247,0.376569037657,810,0.104247104247,0.56957682835,37,37,37,1,0,0.405405405405,0.540540540541,0.0540540540541,0,0,0,0,0,0,0,0,0,0,0,0,0,0,0,0,0,0,0,0,0,0,0,0,0,0,0,0,0,342,0,0,990,1,1,0,0,1,1,1,1,1,1,35,35,0,0,0,0
3995,WLNM_dir_neg,1,0.114285714286,00:00:05,10,90,44,1241281879,threshold_sweep,0.8,1,1,1,35,0,0,70,1,1,0,0,1,1,1,1,0.555555555556,1,1,1,342,307,35,0,342,0,307,0,35,37,342,0.256756756757,1.72528881811,18.4864864865,15.5454545455,9.77142857143,5.36771015539,0.290358590277,0.142642642643,9.50849154237,1.02869645341,0.544491860281,8.05331334643,0.871264894205,0.461830251304,0.640599570326,0.371299902718,2,1.72528881811,0.640599570326,2,0.344071394247,0.376569037657,810,0.104247104247,0.56957682835,37,37,37,1,0,0.405405405405,0.540540540541,0.0540540540541,37,0.23048048048,1.73824472595,16.5945945946,13.9545454545,8.77142857143,4.69313600118,0.282811127107,0.142882295977,8.37278947565,1.00909840586,0.533849810723,7.06267522837,0.851201900487,0.460956070077,0.655150713888,0.376903610927,2,1.73824472595,0.655150713888,2,0.298915162785,0.320949231667,550,0.0707850707851,0.468703973082,37,37,37,1,0,0.405405405405,0.540540540541,0.0540540540541,37,342,0.256756756757,1.72528881811,18.4864864865,15.5454545455,9.77142857143,5.36771015539,0.290358590277,0.142642642643,9.50849154237,1.02869645341,0.544491860281,8.05331334643,0.871264894205,0.461830251304,0.640599570326,0.371299902718,2,1.72528881811,0.640599570326,2,0.344071394247,0.376569037657,810,0.104247104247,0.56957682835,37,37,37,1,0,0.405405405405,0.540540540541,0.0540540540541,0,0,0,0,0,0,0,0,0,0,0,0,0,0,0,0,0,0,0,0,0,0,0,0,0,0,0,0,0,342,0,0,990,1,1,0,0,1,1,1,1,1,1,35,35,0,0,0,0
3996,WLNM_dir_neg,1,0.114285714286,00:00:05,10,90,44,1241281879,threshold_sweep,0.9,1,1,1,35,0,0,70,1,1,0,0,1,1,1,1,0.555555555556,1,1,1,342,307,35,0,342,0,307,0,35,37,342,0.256756756757,1.72528881811,18.4864864865,15.5454545455,9.77142857143,5.36771015539,0.290358590277,0.142642642643,9.50849154237,1.02869645341,0.544491860281,8.05331334643,0.871264894205,0.461830251304,0.640599570326,0.371299902718,2,1.72528881811,0.640599570326,2,0.344071394247,0.376569037657,810,0.104247104247,0.56957682835,37,37,37,1,0,0.405405405405,0.540540540541,0.0540540540541,37,0.23048048048,1.73824472595,16.5945945946,13.9545454545,8.77142857143,4.69313600118,0.282811127107,0.142882295977,8.37278947565,1.00909840586,0.533849810723,7.06267522837,0.851201900487,0.460956070077,0.655150713888,0.376903610927,2,1.73824472595,0.655150713888,2,0.298915162785,0.320949231667,550,0.0707850707851,0.468703973082,37,37,37,1,0,0.405405405405,0.540540540541,0.0540540540541,37,342,0.256756756757,1.72528881811,18.4864864865,15.5454545455,9.77142857143,5.36771015539,0.290358590277,0.142642642643,9.50849154237,1.02869645341,0.544491860281,8.05331334643,0.871264894205,0.461830251304,0.640599570326,0.371299902718,2,1.72528881811,0.640599570326,2,0.344071394247,0.376569037657,810,0.104247104247,0.56957682835,37,37,37,1,0,0.405405405405,0.540540540541,0.0540540540541,0,0,0,0,0,0,0,0,0,0,0,0,0,0,0,0,0,0,0,0,0,0,0,0,0,0,0,0,0,342,0,0,990,1,1,0,0,1,1,1,1,1,1,35,35,0,0,0,0
3997,WLNM_dir_neg,0.978571428571,0.91165627937,00:00:05,10,90,45,1241281880,threshold_sweep,0.1,0.965517241379,0.8,0.875,28,1,7,69,0.8,0.985714285714,0.0142857142857,0.2,0.965517241379,0.8,0.875,0.92380952381,0.574603174603,0.820895522388,0.828403445552,0.785714285714,342,307,35,0,342,0,307,0,35,37,342,0.256756756757,1.72528881811,18.4864864865,15.5454545455,9.77142857143,5.36771015539,0.290358590277,0.142642642643,9.50849154237,1.02869645341,0.544491860281,8.05331334643,0.871264894205,0.461830251304,0.640599570326,0.371299902718,2,1.72528881811,0.640599570326,2,0.344071394247,0.376569037657,810,0.104247104247,0.56957682835,37,37,37,1,0,0.405405405405,0.540540540541,0.0540540540541,37,0.23048048048,1.73330138007,16.5945945946,13.9545454545,8.77142857143,4.74610635422,0.286003151638,0.140417290254,8.34953380224,1.00629560483,0.527863368254,7.26431485209,0.875503744388,0.470816092966,0.648691230431,0.374251839808,2,1.73330138007,0.648691230431,2,0.286830889812,0.324544397053,558,0.0718146718147,0.482380068605,37,37,37,1,0,0.405405405405,0.540540540541,0.0540540540541,37,336,0.252252252252,1,18.1621621622,14.6086956522,9.6,5.32558558863,0.293224206517,0.144868082368,9.23573488136,1.0170303292,0.538449163449,8.04286563904,0.885672704299,0.469111969112,0,0,0,NaN,NaN,NaN,0.330656126055,0.372826786864,772,0.0993564993565,0.522623279144,37,37,0,1,2,0.378378378378,0.567567567568,0.0540540540541,-6,-0.0045045045045,-0.725288818115,-0.324324324324,-0.936758893281,-0.171428571429,-0.0421245667597,0.00286561623991,0.00222543972544,-0.272756661013,-0.0116661242173,-0.00604269683217,-0.0104477073919,0.0144078100944,0.00728171780803,-0.640599570326,-0.371299902718,-2,NaN,NaN,NaN,-0.0134152681929,-0.00374225079277,-38,-0.0048906048906,-0.0469535492055,-0.027027027027,0.027027027027,0,335,1,7,989,0.979532163743,0.99898989899,0.0010101010101,0.0204678362573,0.997023809524,0.979532163743,0.988200589971,0.984242161055,0.978522062733,0.97667638484,29,35,0,0,0,0
3998,WLNM_dir_neg,0.978571428571,0.91165627937,00:00:05,10,90,45,1241281880,threshold_sweep,0.2,0.965517241379,0.8,0.875,28,1,7,69,0.8,0.985714285714,0.0142857142857,0.2,0.965517241379,0.8,0.875,0.92380952381,0.574603174603,0.820895522388,0.828403445552,0.785714285714,342,307,35,0,342,0,307,0,35,37,342,0.256756756757,1.72528881811,18.4864864865,15.5454545455,9.77142857143,5.36771015539,0.290358590277,0.142642642643,9.50849154237,1.02869645341,0.544491860281,8.05331334643,0.871264894205,0.461830251304,0.640599570326,0.371299902718,2,1.72528881811,0.640599570326,2,0.344071394247,0.376569037657,810,0.104247104247,0.56957682835,37,37,37,1,0,0.405405405405,0.540540540541,0.0540540540541,37,0.23048048048,1.73330138007,16.5945945946,13.9545454545,8.77142857143,4.74610635422,0.286003151638,0.140417290254,8.34953380224,1.00629560483,0.527863368254,7.26431485209,0.875503744388,0.470816092966,0.648691230431,0.374251839808,2,1.73330138007,0.648691230431,2,0.286830889812,0.324544397053,558,0.0718146718147,0.482380068605,37,37,37,1,0,0.405405405405,0.540540540541,0.0540540540541,37,336,0.252252252252,1,18.1621621622,14.6086956522,9.6,5.32558558863,0.293224206517,0.144868082368,9.23573488136,1.0170303292,0.538449163449,8.04286563904,0.885672704299,0.469111969112,0,0,0,NaN,NaN,NaN,0.330656126055,0.372826786864,772,0.0993564993565,0.522623279144,37,37,0,1,2,0.378378378378,0.567567567568,0.0540540540541,-6,-0.0045045045045,-0.725288818115,-0.324324324324,-0.936758893281,-0.171428571429,-0.0421245667597,0.00286561623991,0.00222543972544,-0.272756661013,-0.0116661242173,-0.00604269683217,-0.0104477073919,0.0144078100944,0.00728171780803,-0.640599570326,-0.371299902718,-2,NaN,NaN,NaN,-0.0134152681929,-0.00374225079277,-38,-0.0048906048906,-0.0469535492055,-0.027027027027,0.027027027027,0,335,1,7,989,0.979532163743,0.99898989899,0.0010101010101,0.0204678362573,0.997023809524,0.979532163743,0.988200589971,0.984242161055,0.978522062733,0.97667638484,29,35,0,0,0,0
3999,WLNM_dir_neg,0.978571428571,0.91165627937,00:00:05,10,90,45,1241281880,threshold_sweep,0.3,0.965517241379,0.8,0.875,28,1,7,69,0.8,0.985714285714,0.0142857142857,0.2,0.965517241379,0.8,0.875,0.92380952381,0.574603174603,0.820895522388,0.828403445552,0.785714285714,342,307,35,0,342,0,307,0,35,37,342,0.256756756757,1.72528881811,18.4864864865,15.5454545455,9.77142857143,5.36771015539,0.290358590277,0.142642642643,9.50849154237,1.02869645341,0.544491860281,8.05331334643,0.871264894205,0.461830251304,0.640599570326,0.371299902718,2,1.72528881811,0.640599570326,2,0.344071394247,0.376569037657,810,0.104247104247,0.56957682835,37,37,37,1,0,0.405405405405,0.540540540541,0.0540540540541,37,0.23048048048,1.73330138007,16.5945945946,13.9545454545,8.77142857143,4.74610635422,0.286003151638,0.140417290254,8.34953380224,1.00629560483,0.527863368254,7.26431485209,0.875503744388,0.470816092966,0.648691230431,0.374251839808,2,1.73330138007,0.648691230431,2,0.286830889812,0.324544397053,558,0.0718146718147,0.482380068605,37,37,37,1,0,0.405405405405,0.540540540541,0.0540540540541,37,336,0.252252252252,1,18.1621621622,14.6086956522,9.6,5.32558558863,0.293224206517,0.144868082368,9.23573488136,1.0170303292,0.538449163449,8.04286563904,0.885672704299,0.469111969112,0,0,0,NaN,NaN,NaN,0.330656126055,0.372826786864,772,0.0993564993565,0.522623279144,37,37,0,1,2,0.378378378378,0.567567567568,0.0540540540541,-6,-0.0045045045045,-0.725288818115,-0.324324324324,-0.936758893281,-0.171428571429,-0.0421245667597,0.00286561623991,0.00222543972544,-0.272756661013,-0.0116661242173,-0.00604269683217,-0.0104477073919,0.0144078100944,0.00728171780803,-0.640599570326,-0.371299902718,-2,NaN,NaN,NaN,-0.0134152681929,-0.00374225079277,-38,-0.0048906048906,-0.0469535492055,-0.027027027027,0.027027027027,0,335,1,7,989,0.979532163743,0.99898989899,0.0010101010101,0.0204678362573,0.997023809524,0.979532163743,0.988200589971,0.984242161055,0.978522062733,0.97667638484,29,35,0,0,0,0
4000,WLNM_dir_neg,0.978571428571,0.91165627937,00:00:05,10,90,45,1241281880,threshold_sweep,0.4,0.965517241379,0.8,0.875,28,1,7,69,0.8,0.985714285714,0.0142857142857,0.2,0.965517241379,0.8,0.875,0.92380952381,0.574603174603,0.820895522388,0.828403445552,0.785714285714,342,307,35,0,342,0,307,0,35,37,342,0.256756756757,1.72528881811,18.4864864865,15.5454545455,9.77142857143,5.36771015539,0.290358590277,0.142642642643,9.50849154237,1.02869645341,0.544491860281,8.05331334643,0.871264894205,0.461830251304,0.640599570326,0.371299902718,2,1.72528881811,0.640599570326,2,0.344071394247,0.376569037657,810,0.104247104247,0.56957682835,37,37,37,1,0,0.405405405405,0.540540540541,0.0540540540541,37,0.23048048048,1.73330138007,16.5945945946,13.9545454545,8.77142857143,4.74610635422,0.286003151638,0.140417290254,8.34953380224,1.00629560483,0.527863368254,7.26431485209,0.875503744388,0.470816092966,0.648691230431,0.374251839808,2,1.73330138007,0.648691230431,2,0.286830889812,0.324544397053,558,0.0718146718147,0.482380068605,37,37,37,1,0,0.405405405405,0.540540540541,0.0540540540541,37,336,0.252252252252,1,18.1621621622,14.6086956522,9.6,5.32558558863,0.293224206517,0.144868082368,9.23573488136,1.0170303292,0.538449163449,8.04286563904,0.885672704299,0.469111969112,0,0,0,NaN,NaN,NaN,0.330656126055,0.372826786864,772,0.0993564993565,0.522623279144,37,37,0,1,2,0.378378378378,0.567567567568,0.0540540540541,-6,-0.0045045045045,-0.725288818115,-0.324324324324,-0.936758893281,-0.171428571429,-0.0421245667597,0.00286561623991,0.00222543972544,-0.272756661013,-0.0116661242173,-0.00604269683217,-0.0104477073919,0.0144078100944,0.00728171780803,-0.640599570326,-0.371299902718,-2,NaN,NaN,NaN,-0.0134152681929,-0.00374225079277,-38,-0.0048906048906,-0.0469535492055,-0.027027027027,0.027027027027,0,335,1,7,989,0.979532163743,0.99898989899,0.0010101010101,0.0204678362573,0.997023809524,0.979532163743,0.988200589971,0.984242161055,0.978522062733,0.97667638484,29,35,0,0,0,0
4001,WLNM_dir_neg,0.978571428571,0.91165627937,00:00:05,10,90,45,1241281880,threshold_sweep,0.5,0.965517241379,0.8,0.875,28,1,7,69,0.8,0.985714285714,0.0142857142857,0.2,0.965517241379,0.8,0.875,0.92380952381,0.574603174603,0.820895522388,0.828403445552,0.785714285714,342,307,35,0,342,0,307,0,35,37,342,0.256756756757,1.72528881811,18.4864864865,15.5454545455,9.77142857143,5.36771015539,0.290358590277,0.142642642643,9.50849154237,1.02869645341,0.544491860281,8.05331334643,0.871264894205,0.461830251304,0.640599570326,0.371299902718,2,1.72528881811,0.640599570326,2,0.344071394247,0.376569037657,810,0.104247104247,0.56957682835,37,37,37,1,0,0.405405405405,0.540540540541,0.0540540540541,37,0.23048048048,1.73330138007,16.5945945946,13.9545454545,8.77142857143,4.74610635422,0.286003151638,0.140417290254,8.34953380224,1.00629560483,0.527863368254,7.26431485209,0.875503744388,0.470816092966,0.648691230431,0.374251839808,2,1.73330138007,0.648691230431,2,0.286830889812,0.324544397053,558,0.0718146718147,0.482380068605,37,37,37,1,0,0.405405405405,0.540540540541,0.0540540540541,37,336,0.252252252252,1,18.1621621622,14.6086956522,9.6,5.32558558863,0.293224206517,0.144868082368,9.23573488136,1.0170303292,0.538449163449,8.04286563904,0.885672704299,0.469111969112,0,0,0,NaN,NaN,NaN,0.330656126055,0.372826786864,772,0.0993564993565,0.522623279144,37,37,0,1,2,0.378378378378,0.567567567568,0.0540540540541,-6,-0.0045045045045,-0.725288818115,-0.324324324324,-0.936758893281,-0.171428571429,-0.0421245667597,0.00286561623991,0.00222543972544,-0.272756661013,-0.0116661242173,-0.00604269683217,-0.0104477073919,0.0144078100944,0.00728171780803,-0.640599570326,-0.371299902718,-2,NaN,NaN,NaN,-0.0134152681929,-0.00374225079277,-38,-0.0048906048906,-0.0469535492055,-0.027027027027,0.027027027027,0,335,1,7,989,0.979532163743,0.99898989899,0.0010101010101,0.0204678362573,0.997023809524,0.979532163743,0.988200589971,0.984242161055,0.978522062733,0.97667638484,29,35,0,0,0,0
4002,WLNM_dir_neg,0.978571428571,0.91165627937,00:00:05,10,90,45,1241281880,threshold_sweep,0.6,0.965517241379,0.8,0.875,28,1,7,69,0.8,0.985714285714,0.0142857142857,0.2,0.965517241379,0.8,0.875,0.92380952381,0.574603174603,0.820895522388,0.828403445552,0.785714285714,342,307,35,0,342,0,307,0,35,37,342,0.256756756757,1.72528881811,18.4864864865,15.5454545455,9.77142857143,5.36771015539,0.290358590277,0.142642642643,9.50849154237,1.02869645341,0.544491860281,8.05331334643,0.871264894205,0.461830251304,0.640599570326,0.371299902718,2,1.72528881811,0.640599570326,2,0.344071394247,0.376569037657,810,0.104247104247,0.56957682835,37,37,37,1,0,0.405405405405,0.540540540541,0.0540540540541,37,0.23048048048,1.73330138007,16.5945945946,13.9545454545,8.77142857143,4.74610635422,0.286003151638,0.140417290254,8.34953380224,1.00629560483,0.527863368254,7.26431485209,0.875503744388,0.470816092966,0.648691230431,0.374251839808,2,1.73330138007,0.648691230431,2,0.286830889812,0.324544397053,558,0.0718146718147,0.482380068605,37,37,37,1,0,0.405405405405,0.540540540541,0.0540540540541,37,336,0.252252252252,1,18.1621621622,14.6086956522,9.6,5.32558558863,0.293224206517,0.144868082368,9.23573488136,1.0170303292,0.538449163449,8.04286563904,0.885672704299,0.469111969112,0,0,0,NaN,NaN,NaN,0.330656126055,0.372826786864,772,0.0993564993565,0.522623279144,37,37,0,1,2,0.378378378378,0.567567567568,0.0540540540541,-6,-0.0045045045045,-0.725288818115,-0.324324324324,-0.936758893281,-0.171428571429,-0.0421245667597,0.00286561623991,0.00222543972544,-0.272756661013,-0.0116661242173,-0.00604269683217,-0.0104477073919,0.0144078100944,0.00728171780803,-0.640599570326,-0.371299902718,-2,NaN,NaN,NaN,-0.0134152681929,-0.00374225079277,-38,-0.0048906048906,-0.0469535492055,-0.027027027027,0.027027027027,0,335,1,7,989,0.979532163743,0.99898989899,0.0010101010101,0.0204678362573,0.997023809524,0.979532163743,0.988200589971,0.984242161055,0.978522062733,0.97667638484,29,35,0,0,0,0
4003,WLNM_dir_neg,0.978571428571,0.91165627937,00:00:05,10,90,45,1241281880,threshold_sweep,0.7,0.965517241379,0.8,0.875,28,1,7,69,0.8,0.985714285714,0.0142857142857,0.2,0.965517241379,0.8,0.875,0.92380952381,0.574603174603,0.820895522388,0.828403445552,0.785714285714,342,307,35,0,342,0,307,0,35,37,342,0.256756756757,1.72528881811,18.4864864865,15.5454545455,9.77142857143,5.36771015539,0.290358590277,0.142642642643,9.50849154237,1.02869645341,0.544491860281,8.05331334643,0.871264894205,0.461830251304,0.640599570326,0.371299902718,2,1.72528881811,0.640599570326,2,0.344071394247,0.376569037657,810,0.104247104247,0.56957682835,37,37,37,1,0,0.405405405405,0.540540540541,0.0540540540541,37,0.23048048048,1.73330138007,16.5945945946,13.9545454545,8.77142857143,4.74610635422,0.286003151638,0.140417290254,8.34953380224,1.00629560483,0.527863368254,7.26431485209,0.875503744388,0.470816092966,0.648691230431,0.374251839808,2,1.73330138007,0.648691230431,2,0.286830889812,0.324544397053,558,0.0718146718147,0.482380068605,37,37,37,1,0,0.405405405405,0.540540540541,0.0540540540541,37,336,0.252252252252,1,18.1621621622,14.6086956522,9.6,5.32558558863,0.293224206517,0.144868082368,9.23573488136,1.0170303292,0.538449163449,8.04286563904,0.885672704299,0.469111969112,0,0,0,NaN,NaN,NaN,0.330656126055,0.372826786864,772,0.0993564993565,0.522623279144,37,37,0,1,2,0.378378378378,0.567567567568,0.0540540540541,-6,-0.0045045045045,-0.725288818115,-0.324324324324,-0.936758893281,-0.171428571429,-0.0421245667597,0.00286561623991,0.00222543972544,-0.272756661013,-0.0116661242173,-0.00604269683217,-0.0104477073919,0.0144078100944,0.00728171780803,-0.640599570326,-0.371299902718,-2,NaN,NaN,NaN,-0.0134152681929,-0.00374225079277,-38,-0.0048906048906,-0.0469535492055,-0.027027027027,0.027027027027,0,335,1,7,989,0.979532163743,0.99898989899,0.0010101010101,0.0204678362573,0.997023809524,0.979532163743,0.988200589971,0.984242161055,0.978522062733,0.97667638484,29,35,0,0,0,0
4004,WLNM_dir_neg,0.978571428571,0.91165627937,00:00:05,10,90,45,1241281880,threshold_sweep,0.8,0.965517241379,0.8,0.875,28,1,7,69,0.8,0.985714285714,0.0142857142857,0.2,0.965517241379,0.8,0.875,0.92380952381,0.574603174603,0.820895522388,0.828403445552,0.785714285714,342,307,35,0,342,0,307,0,35,37,342,0.256756756757,1.72528881811,18.4864864865,15.5454545455,9.77142857143,5.36771015539,0.290358590277,0.142642642643,9.50849154237,1.02869645341,0.544491860281,8.05331334643,0.871264894205,0.461830251304,0.640599570326,0.371299902718,2,1.72528881811,0.640599570326,2,0.344071394247,0.376569037657,810,0.104247104247,0.56957682835,37,37,37,1,0,0.405405405405,0.540540540541,0.0540540540541,37,0.23048048048,1.73330138007,16.5945945946,13.9545454545,8.77142857143,4.74610635422,0.286003151638,0.140417290254,8.34953380224,1.00629560483,0.527863368254,7.26431485209,0.875503744388,0.470816092966,0.648691230431,0.374251839808,2,1.73330138007,0.648691230431,2,0.286830889812,0.324544397053,558,0.0718146718147,0.482380068605,37,37,37,1,0,0.405405405405,0.540540540541,0.0540540540541,37,336,0.252252252252,1,18.1621621622,14.6086956522,9.6,5.32558558863,0.293224206517,0.144868082368,9.23573488136,1.0170303292,0.538449163449,8.04286563904,0.885672704299,0.469111969112,0,0,0,NaN,NaN,NaN,0.330656126055,0.372826786864,772,0.0993564993565,0.522623279144,37,37,0,1,2,0.378378378378,0.567567567568,0.0540540540541,-6,-0.0045045045045,-0.725288818115,-0.324324324324,-0.936758893281,-0.171428571429,-0.0421245667597,0.00286561623991,0.00222543972544,-0.272756661013,-0.0116661242173,-0.00604269683217,-0.0104477073919,0.0144078100944,0.00728171780803,-0.640599570326,-0.371299902718,-2,NaN,NaN,NaN,-0.0134152681929,-0.00374225079277,-38,-0.0048906048906,-0.0469535492055,-0.027027027027,0.027027027027,0,335,1,7,989,0.979532163743,0.99898989899,0.0010101010101,0.0204678362573,0.997023809524,0.979532163743,0.988200589971,0.984242161055,0.978522062733,0.97667638484,29,35,0,0,0,0
4005,WLNM_dir_neg,0.978571428571,0.91165627937,00:00:05,10,90,45,1241281880,threshold_sweep,0.9,0.965517241379,0.8,0.875,28,1,7,69,0.8,0.985714285714,0.0142857142857,0.2,0.965517241379,0.8,0.875,0.92380952381,0.574603174603,0.820895522388,0.828403445552,0.785714285714,342,307,35,0,342,0,307,0,35,37,342,0.256756756757,1.72528881811,18.4864864865,15.5454545455,9.77142857143,5.36771015539,0.290358590277,0.142642642643,9.50849154237,1.02869645341,0.544491860281,8.05331334643,0.871264894205,0.461830251304,0.640599570326,0.371299902718,2,1.72528881811,0.640599570326,2,0.344071394247,0.376569037657,810,0.104247104247,0.56957682835,37,37,37,1,0,0.405405405405,0.540540540541,0.0540540540541,37,0.23048048048,1.73330138007,16.5945945946,13.9545454545,8.77142857143,4.74610635422,0.286003151638,0.140417290254,8.34953380224,1.00629560483,0.527863368254,7.26431485209,0.875503744388,0.470816092966,0.648691230431,0.374251839808,2,1.73330138007,0.648691230431,2,0.286830889812,0.324544397053,558,0.0718146718147,0.482380068605,37,37,37,1,0,0.405405405405,0.540540540541,0.0540540540541,37,336,0.252252252252,1,18.1621621622,14.6086956522,9.6,5.32558558863,0.293224206517,0.144868082368,9.23573488136,1.0170303292,0.538449163449,8.04286563904,0.885672704299,0.469111969112,0,0,0,NaN,NaN,NaN,0.330656126055,0.372826786864,772,0.0993564993565,0.522623279144,37,37,0,1,2,0.378378378378,0.567567567568,0.0540540540541,-6,-0.0045045045045,-0.725288818115,-0.324324324324,-0.936758893281,-0.171428571429,-0.0421245667597,0.00286561623991,0.00222543972544,-0.272756661013,-0.0116661242173,-0.00604269683217,-0.0104477073919,0.0144078100944,0.00728171780803,-0.640599570326,-0.371299902718,-2,NaN,NaN,NaN,-0.0134152681929,-0.00374225079277,-38,-0.0048906048906,-0.0469535492055,-0.027027027027,0.027027027027,0,335,1,7,989,0.979532163743,0.99898989899,0.0010101010101,0.0204678362573,0.997023809524,0.979532163743,0.988200589971,0.984242161055,0.978522062733,0.97667638484,29,35,0,0,0,0
4006,WLNM_dir_neg,0.954693877551,0.171527896235,00:00:05,10,90,46,1241281881,threshold_sweep,0.1,0.966666666667,0.828571428571,0.892307692308,29,1,6,69,0.828571428571,0.985714285714,0.0142857142857,0.171428571429,0.966666666667,0.828571428571,0.892307692308,0.933333333333,0.571428571429,0.844444444444,0.84970583145,0.814285714286,342,307,35,0,342,0,307,0,35,37,342,0.256756756757,1.72528881811,18.4864864865,15.5454545455,9.77142857143,5.36771015539,0.290358590277,0.142642642643,9.50849154237,1.02869645341,0.544491860281,8.05331334643,0.871264894205,0.461830251304,0.640599570326,0.371299902718,2,1.72528881811,0.640599570326,2,0.344071394247,0.376569037657,810,0.104247104247,0.56957682835,37,37,37,1,0,0.405405405405,0.540540540541,0.0540540540541,37,0.23048048048,1.73104928066,16.5945945946,13.9545454545,8.77142857143,4.45632795683,0.26854093551,0.132758165331,8.37278947565,1.00909840586,0.529800158465,7.2834090952,0.877805004959,0.472928955014,0.646508753725,0.373477959841,2,1.73104928066,0.646508753725,2,0.287780169591,0.301174168297,513,0.0660231660232,0.482547909291,37,37,37,1,0,0.405405405405,0.540540540541,0.0540540540541,37,337,0.253003003003,1.72182072527,18.2162162162,15.3181818182,9.62857142857,5.06696893361,0.278157048284,0.132568770551,9.31779594761,1.02302210701,0.539738551608,8.11303403921,0.890748544364,0.46932392333,0.636430056405,0.369626202696,2,1.72182072527,0.636430056405,2,0.325907122078,0.343297974928,712,0.0916344916345,0.572179376804,37,37,37,1,0,0.405405405405,0.540540540541,0.0540540540541,-5,-0.00375375375375,-0.00346809284118,-0.27027027027,-0.227272727273,-0.142857142857,-0.300741221783,-0.0122015419929,-0.0100738720917,-0.190695594763,-0.00567434640704,-0.00475330867335,0.0597206927721,0.019483650159,0.00749367202592,-0.00416951392056,-0.00167370002214,0,-0.00346809284118,-0.00416951392056,0,-0.0181642721694,-0.0332710627292,-98,-0.0126126126126,0.00260254845442,0,0,0,336,1,6,989,0.982456140351,0.99898989899,0.0010101010101,0.0175438596491,0.99703264095,0.982456140351,0.989690721649,0.986212689525,0.981446039341,0.979591836735,30,35,0,0,0,0
4007,WLNM_dir_neg,0.954693877551,0.171527896235,00:00:05,10,90,46,1241281881,threshold_sweep,0.2,0.966666666667,0.828571428571,0.892307692308,29,1,6,69,0.828571428571,0.985714285714,0.0142857142857,0.171428571429,0.966666666667,0.828571428571,0.892307692308,0.933333333333,0.571428571429,0.844444444444,0.84970583145,0.814285714286,342,307,35,0,342,0,307,0,35,37,342,0.256756756757,1.72528881811,18.4864864865,15.5454545455,9.77142857143,5.36771015539,0.290358590277,0.142642642643,9.50849154237,1.02869645341,0.544491860281,8.05331334643,0.871264894205,0.461830251304,0.640599570326,0.371299902718,2,1.72528881811,0.640599570326,2,0.344071394247,0.376569037657,810,0.104247104247,0.56957682835,37,37,37,1,0,0.405405405405,0.540540540541,0.0540540540541,37,0.23048048048,1.73104928066,16.5945945946,13.9545454545,8.77142857143,4.45632795683,0.26854093551,0.132758165331,8.37278947565,1.00909840586,0.529800158465,7.2834090952,0.877805004959,0.472928955014,0.646508753725,0.373477959841,2,1.73104928066,0.646508753725,2,0.287780169591,0.301174168297,513,0.0660231660232,0.482547909291,37,37,37,1,0,0.405405405405,0.540540540541,0.0540540540541,37,337,0.253003003003,1.72182072527,18.2162162162,15.3181818182,9.62857142857,5.06696893361,0.278157048284,0.132568770551,9.31779594761,1.02302210701,0.539738551608,8.11303403921,0.890748544364,0.46932392333,0.636430056405,0.369626202696,2,1.72182072527,0.636430056405,2,0.325907122078,0.343297974928,712,0.0916344916345,0.572179376804,37,37,37,1,0,0.405405405405,0.540540540541,0.0540540540541,-5,-0.00375375375375,-0.00346809284118,-0.27027027027,-0.227272727273,-0.142857142857,-0.300741221783,-0.0122015419929,-0.0100738720917,-0.190695594763,-0.00567434640704,-0.00475330867335,0.0597206927721,0.019483650159,0.00749367202592,-0.00416951392056,-0.00167370002214,0,-0.00346809284118,-0.00416951392056,0,-0.0181642721694,-0.0332710627292,-98,-0.0126126126126,0.00260254845442,0,0,0,336,1,6,989,0.982456140351,0.99898989899,0.0010101010101,0.0175438596491,0.99703264095,0.982456140351,0.989690721649,0.986212689525,0.981446039341,0.979591836735,30,35,0,0,0,0
4008,WLNM_dir_neg,0.954693877551,0.171527896235,00:00:05,10,90,46,1241281881,threshold_sweep,0.3,0.966666666667,0.828571428571,0.892307692308,29,1,6,69,0.828571428571,0.985714285714,0.0142857142857,0.171428571429,0.966666666667,0.828571428571,0.892307692308,0.933333333333,0.571428571429,0.844444444444,0.84970583145,0.814285714286,342,307,35,0,342,0,307,0,35,37,342,0.256756756757,1.72528881811,18.4864864865,15.5454545455,9.77142857143,5.36771015539,0.290358590277,0.142642642643,9.50849154237,1.02869645341,0.544491860281,8.05331334643,0.871264894205,0.461830251304,0.640599570326,0.371299902718,2,1.72528881811,0.640599570326,2,0.344071394247,0.376569037657,810,0.104247104247,0.56957682835,37,37,37,1,0,0.405405405405,0.540540540541,0.0540540540541,37,0.23048048048,1.73104928066,16.5945945946,13.9545454545,8.77142857143,4.45632795683,0.26854093551,0.132758165331,8.37278947565,1.00909840586,0.529800158465,7.2834090952,0.877805004959,0.472928955014,0.646508753725,0.373477959841,2,1.73104928066,0.646508753725,2,0.287780169591,0.301174168297,513,0.0660231660232,0.482547909291,37,37,37,1,0,0.405405405405,0.540540540541,0.0540540540541,37,337,0.253003003003,1.72182072527,18.2162162162,15.3181818182,9.62857142857,5.06696893361,0.278157048284,0.132568770551,9.31779594761,1.02302210701,0.539738551608,8.11303403921,0.890748544364,0.46932392333,0.636430056405,0.369626202696,2,1.72182072527,0.636430056405,2,0.325907122078,0.343297974928,712,0.0916344916345,0.572179376804,37,37,37,1,0,0.405405405405,0.540540540541,0.0540540540541,-5,-0.00375375375375,-0.00346809284118,-0.27027027027,-0.227272727273,-0.142857142857,-0.300741221783,-0.0122015419929,-0.0100738720917,-0.190695594763,-0.00567434640704,-0.00475330867335,0.0597206927721,0.019483650159,0.00749367202592,-0.00416951392056,-0.00167370002214,0,-0.00346809284118,-0.00416951392056,0,-0.0181642721694,-0.0332710627292,-98,-0.0126126126126,0.00260254845442,0,0,0,336,1,6,989,0.982456140351,0.99898989899,0.0010101010101,0.0175438596491,0.99703264095,0.982456140351,0.989690721649,0.986212689525,0.981446039341,0.979591836735,30,35,0,0,0,0
4009,WLNM_dir_neg,0.954693877551,0.171527896235,00:00:05,10,90,46,1241281881,threshold_sweep,0.4,0.966666666667,0.828571428571,0.892307692308,29,1,6,69,0.828571428571,0.985714285714,0.0142857142857,0.171428571429,0.966666666667,0.828571428571,0.892307692308,0.933333333333,0.571428571429,0.844444444444,0.84970583145,0.814285714286,342,307,35,0,342,0,307,0,35,37,342,0.256756756757,1.72528881811,18.4864864865,15.5454545455,9.77142857143,5.36771015539,0.290358590277,0.142642642643,9.50849154237,1.02869645341,0.544491860281,8.05331334643,0.871264894205,0.461830251304,0.640599570326,0.371299902718,2,1.72528881811,0.640599570326,2,0.344071394247,0.376569037657,810,0.104247104247,0.56957682835,37,37,37,1,0,0.405405405405,0.540540540541,0.0540540540541,37,0.23048048048,1.73104928066,16.5945945946,13.9545454545,8.77142857143,4.45632795683,0.26854093551,0.132758165331,8.37278947565,1.00909840586,0.529800158465,7.2834090952,0.877805004959,0.472928955014,0.646508753725,0.373477959841,2,1.73104928066,0.646508753725,2,0.287780169591,0.301174168297,513,0.0660231660232,0.482547909291,37,37,37,1,0,0.405405405405,0.540540540541,0.0540540540541,37,337,0.253003003003,1.72182072527,18.2162162162,15.3181818182,9.62857142857,5.06696893361,0.278157048284,0.132568770551,9.31779594761,1.02302210701,0.539738551608,8.11303403921,0.890748544364,0.46932392333,0.636430056405,0.369626202696,2,1.72182072527,0.636430056405,2,0.325907122078,0.343297974928,712,0.0916344916345,0.572179376804,37,37,37,1,0,0.405405405405,0.540540540541,0.0540540540541,-5,-0.00375375375375,-0.00346809284118,-0.27027027027,-0.227272727273,-0.142857142857,-0.300741221783,-0.0122015419929,-0.0100738720917,-0.190695594763,-0.00567434640704,-0.00475330867335,0.0597206927721,0.019483650159,0.00749367202592,-0.00416951392056,-0.00167370002214,0,-0.00346809284118,-0.00416951392056,0,-0.0181642721694,-0.0332710627292,-98,-0.0126126126126,0.00260254845442,0,0,0,336,1,6,989,0.982456140351,0.99898989899,0.0010101010101,0.0175438596491,0.99703264095,0.982456140351,0.989690721649,0.986212689525,0.981446039341,0.979591836735,30,35,0,0,0,0
4010,WLNM_dir_neg,0.954693877551,0.171527896235,00:00:05,10,90,46,1241281881,threshold_sweep,0.5,0.966666666667,0.828571428571,0.892307692308,29,1,6,69,0.828571428571,0.985714285714,0.0142857142857,0.171428571429,0.966666666667,0.828571428571,0.892307692308,0.933333333333,0.571428571429,0.844444444444,0.84970583145,0.814285714286,342,307,35,0,342,0,307,0,35,37,342,0.256756756757,1.72528881811,18.4864864865,15.5454545455,9.77142857143,5.36771015539,0.290358590277,0.142642642643,9.50849154237,1.02869645341,0.544491860281,8.05331334643,0.871264894205,0.461830251304,0.640599570326,0.371299902718,2,1.72528881811,0.640599570326,2,0.344071394247,0.376569037657,810,0.104247104247,0.56957682835,37,37,37,1,0,0.405405405405,0.540540540541,0.0540540540541,37,0.23048048048,1.73104928066,16.5945945946,13.9545454545,8.77142857143,4.45632795683,0.26854093551,0.132758165331,8.37278947565,1.00909840586,0.529800158465,7.2834090952,0.877805004959,0.472928955014,0.646508753725,0.373477959841,2,1.73104928066,0.646508753725,2,0.287780169591,0.301174168297,513,0.0660231660232,0.482547909291,37,37,37,1,0,0.405405405405,0.540540540541,0.0540540540541,37,337,0.253003003003,1.72182072527,18.2162162162,15.3181818182,9.62857142857,5.06696893361,0.278157048284,0.132568770551,9.31779594761,1.02302210701,0.539738551608,8.11303403921,0.890748544364,0.46932392333,0.636430056405,0.369626202696,2,1.72182072527,0.636430056405,2,0.325907122078,0.343297974928,712,0.0916344916345,0.572179376804,37,37,37,1,0,0.405405405405,0.540540540541,0.0540540540541,-5,-0.00375375375375,-0.00346809284118,-0.27027027027,-0.227272727273,-0.142857142857,-0.300741221783,-0.0122015419929,-0.0100738720917,-0.190695594763,-0.00567434640704,-0.00475330867335,0.0597206927721,0.019483650159,0.00749367202592,-0.00416951392056,-0.00167370002214,0,-0.00346809284118,-0.00416951392056,0,-0.0181642721694,-0.0332710627292,-98,-0.0126126126126,0.00260254845442,0,0,0,336,1,6,989,0.982456140351,0.99898989899,0.0010101010101,0.0175438596491,0.99703264095,0.982456140351,0.989690721649,0.986212689525,0.981446039341,0.979591836735,30,35,0,0,0,0
4011,WLNM_dir_neg,0.954693877551,0.171527896235,00:00:05,10,90,46,1241281881,threshold_sweep,0.6,0.966666666667,0.828571428571,0.892307692308,29,1,6,69,0.828571428571,0.985714285714,0.0142857142857,0.171428571429,0.966666666667,0.828571428571,0.892307692308,0.933333333333,0.571428571429,0.844444444444,0.84970583145,0.814285714286,342,307,35,0,342,0,307,0,35,37,342,0.256756756757,1.72528881811,18.4864864865,15.5454545455,9.77142857143,5.36771015539,0.290358590277,0.142642642643,9.50849154237,1.02869645341,0.544491860281,8.05331334643,0.871264894205,0.461830251304,0.640599570326,0.371299902718,2,1.72528881811,0.640599570326,2,0.344071394247,0.376569037657,810,0.104247104247,0.56957682835,37,37,37,1,0,0.405405405405,0.540540540541,0.0540540540541,37,0.23048048048,1.73104928066,16.5945945946,13.9545454545,8.77142857143,4.45632795683,0.26854093551,0.132758165331,8.37278947565,1.00909840586,0.529800158465,7.2834090952,0.877805004959,0.472928955014,0.646508753725,0.373477959841,2,1.73104928066,0.646508753725,2,0.287780169591,0.301174168297,513,0.0660231660232,0.482547909291,37,37,37,1,0,0.405405405405,0.540540540541,0.0540540540541,37,337,0.253003003003,1.72182072527,18.2162162162,15.3181818182,9.62857142857,5.06696893361,0.278157048284,0.132568770551,9.31779594761,1.02302210701,0.539738551608,8.11303403921,0.890748544364,0.46932392333,0.636430056405,0.369626202696,2,1.72182072527,0.636430056405,2,0.325907122078,0.343297974928,712,0.0916344916345,0.572179376804,37,37,37,1,0,0.405405405405,0.540540540541,0.0540540540541,-5,-0.00375375375375,-0.00346809284118,-0.27027027027,-0.227272727273,-0.142857142857,-0.300741221783,-0.0122015419929,-0.0100738720917,-0.190695594763,-0.00567434640704,-0.00475330867335,0.0597206927721,0.019483650159,0.00749367202592,-0.00416951392056,-0.00167370002214,0,-0.00346809284118,-0.00416951392056,0,-0.0181642721694,-0.0332710627292,-98,-0.0126126126126,0.00260254845442,0,0,0,336,1,6,989,0.982456140351,0.99898989899,0.0010101010101,0.0175438596491,0.99703264095,0.982456140351,0.989690721649,0.986212689525,0.981446039341,0.979591836735,30,35,0,0,0,0
4012,WLNM_dir_neg,0.954693877551,0.171527896235,00:00:05,10,90,46,1241281881,threshold_sweep,0.7,0.966666666667,0.828571428571,0.892307692308,29,1,6,69,0.828571428571,0.985714285714,0.0142857142857,0.171428571429,0.966666666667,0.828571428571,0.892307692308,0.933333333333,0.571428571429,0.844444444444,0.84970583145,0.814285714286,342,307,35,0,342,0,307,0,35,37,342,0.256756756757,1.72528881811,18.4864864865,15.5454545455,9.77142857143,5.36771015539,0.290358590277,0.142642642643,9.50849154237,1.02869645341,0.544491860281,8.05331334643,0.871264894205,0.461830251304,0.640599570326,0.371299902718,2,1.72528881811,0.640599570326,2,0.344071394247,0.376569037657,810,0.104247104247,0.56957682835,37,37,37,1,0,0.405405405405,0.540540540541,0.0540540540541,37,0.23048048048,1.73104928066,16.5945945946,13.9545454545,8.77142857143,4.45632795683,0.26854093551,0.132758165331,8.37278947565,1.00909840586,0.529800158465,7.2834090952,0.877805004959,0.472928955014,0.646508753725,0.373477959841,2,1.73104928066,0.646508753725,2,0.287780169591,0.301174168297,513,0.0660231660232,0.482547909291,37,37,37,1,0,0.405405405405,0.540540540541,0.0540540540541,37,337,0.253003003003,1.72182072527,18.2162162162,15.3181818182,9.62857142857,5.06696893361,0.278157048284,0.132568770551,9.31779594761,1.02302210701,0.539738551608,8.11303403921,0.890748544364,0.46932392333,0.636430056405,0.369626202696,2,1.72182072527,0.636430056405,2,0.325907122078,0.343297974928,712,0.0916344916345,0.572179376804,37,37,37,1,0,0.405405405405,0.540540540541,0.0540540540541,-5,-0.00375375375375,-0.00346809284118,-0.27027027027,-0.227272727273,-0.142857142857,-0.300741221783,-0.0122015419929,-0.0100738720917,-0.190695594763,-0.00567434640704,-0.00475330867335,0.0597206927721,0.019483650159,0.00749367202592,-0.00416951392056,-0.00167370002214,0,-0.00346809284118,-0.00416951392056,0,-0.0181642721694,-0.0332710627292,-98,-0.0126126126126,0.00260254845442,0,0,0,336,1,6,989,0.982456140351,0.99898989899,0.0010101010101,0.0175438596491,0.99703264095,0.982456140351,0.989690721649,0.986212689525,0.981446039341,0.979591836735,30,35,0,0,0,0
4013,WLNM_dir_neg,0.954693877551,0.171527896235,00:00:05,10,90,46,1241281881,threshold_sweep,0.8,0.966666666667,0.828571428571,0.892307692308,29,1,6,69,0.828571428571,0.985714285714,0.0142857142857,0.171428571429,0.966666666667,0.828571428571,0.892307692308,0.933333333333,0.571428571429,0.844444444444,0.84970583145,0.814285714286,342,307,35,0,342,0,307,0,35,37,342,0.256756756757,1.72528881811,18.4864864865,15.5454545455,9.77142857143,5.36771015539,0.290358590277,0.142642642643,9.50849154237,1.02869645341,0.544491860281,8.05331334643,0.871264894205,0.461830251304,0.640599570326,0.371299902718,2,1.72528881811,0.640599570326,2,0.344071394247,0.376569037657,810,0.104247104247,0.56957682835,37,37,37,1,0,0.405405405405,0.540540540541,0.0540540540541,37,0.23048048048,1.73104928066,16.5945945946,13.9545454545,8.77142857143,4.45632795683,0.26854093551,0.132758165331,8.37278947565,1.00909840586,0.529800158465,7.2834090952,0.877805004959,0.472928955014,0.646508753725,0.373477959841,2,1.73104928066,0.646508753725,2,0.287780169591,0.301174168297,513,0.0660231660232,0.482547909291,37,37,37,1,0,0.405405405405,0.540540540541,0.0540540540541,37,337,0.253003003003,1.72182072527,18.2162162162,15.3181818182,9.62857142857,5.06696893361,0.278157048284,0.132568770551,9.31779594761,1.02302210701,0.539738551608,8.11303403921,0.890748544364,0.46932392333,0.636430056405,0.369626202696,2,1.72182072527,0.636430056405,2,0.325907122078,0.343297974928,712,0.0916344916345,0.572179376804,37,37,37,1,0,0.405405405405,0.540540540541,0.0540540540541,-5,-0.00375375375375,-0.00346809284118,-0.27027027027,-0.227272727273,-0.142857142857,-0.300741221783,-0.0122015419929,-0.0100738720917,-0.190695594763,-0.00567434640704,-0.00475330867335,0.0597206927721,0.019483650159,0.00749367202592,-0.00416951392056,-0.00167370002214,0,-0.00346809284118,-0.00416951392056,0,-0.0181642721694,-0.0332710627292,-98,-0.0126126126126,0.00260254845442,0,0,0,336,1,6,989,0.982456140351,0.99898989899,0.0010101010101,0.0175438596491,0.99703264095,0.982456140351,0.989690721649,0.986212689525,0.981446039341,0.979591836735,30,35,0,0,0,0
4014,WLNM_dir_neg,0.954693877551,0.171527896235,00:00:05,10,90,46,1241281881,threshold_sweep,0.9,0.966666666667,0.828571428571,0.892307692308,29,1,6,69,0.828571428571,0.985714285714,0.0142857142857,0.171428571429,0.966666666667,0.828571428571,0.892307692308,0.933333333333,0.571428571429,0.844444444444,0.84970583145,0.814285714286,342,307,35,0,342,0,307,0,35,37,342,0.256756756757,1.72528881811,18.4864864865,15.5454545455,9.77142857143,5.36771015539,0.290358590277,0.142642642643,9.50849154237,1.02869645341,0.544491860281,8.05331334643,0.871264894205,0.461830251304,0.640599570326,0.371299902718,2,1.72528881811,0.640599570326,2,0.344071394247,0.376569037657,810,0.104247104247,0.56957682835,37,37,37,1,0,0.405405405405,0.540540540541,0.0540540540541,37,0.23048048048,1.73104928066,16.5945945946,13.9545454545,8.77142857143,4.45632795683,0.26854093551,0.132758165331,8.37278947565,1.00909840586,0.529800158465,7.2834090952,0.877805004959,0.472928955014,0.646508753725,0.373477959841,2,1.73104928066,0.646508753725,2,0.287780169591,0.301174168297,513,0.0660231660232,0.482547909291,37,37,37,1,0,0.405405405405,0.540540540541,0.0540540540541,37,337,0.253003003003,1.72182072527,18.2162162162,15.3181818182,9.62857142857,5.06696893361,0.278157048284,0.132568770551,9.31779594761,1.02302210701,0.539738551608,8.11303403921,0.890748544364,0.46932392333,0.636430056405,0.369626202696,2,1.72182072527,0.636430056405,2,0.325907122078,0.343297974928,712,0.0916344916345,0.572179376804,37,37,37,1,0,0.405405405405,0.540540540541,0.0540540540541,-5,-0.00375375375375,-0.00346809284118,-0.27027027027,-0.227272727273,-0.142857142857,-0.300741221783,-0.0122015419929,-0.0100738720917,-0.190695594763,-0.00567434640704,-0.00475330867335,0.0597206927721,0.019483650159,0.00749367202592,-0.00416951392056,-0.00167370002214,0,-0.00346809284118,-0.00416951392056,0,-0.0181642721694,-0.0332710627292,-98,-0.0126126126126,0.00260254845442,0,0,0,336,1,6,989,0.982456140351,0.99898989899,0.0010101010101,0.0175438596491,0.99703264095,0.982456140351,0.989690721649,0.986212689525,0.981446039341,0.979591836735,30,35,0,0,0,0
4015,WLNM_dir_neg,0.98612244898,0.891674154358,00:00:05,10,90,47,1241281882,threshold_sweep,0.1,1,0.828571428571,0.90625,29,0,6,70,0.828571428571,1,0,0.171428571429,1,0.828571428571,0.90625,0.942857142857,0.574603174603,0.865671641791,0.873589088037,0.828571428571,342,307,35,0,342,0,307,0,35,37,342,0.256756756757,1.72528881811,18.4864864865,15.5454545455,9.77142857143,5.36771015539,0.290358590277,0.142642642643,9.50849154237,1.02869645341,0.544491860281,8.05331334643,0.871264894205,0.461830251304,0.640599570326,0.371299902718,2,1.72528881811,0.640599570326,2,0.344071394247,0.376569037657,810,0.104247104247,0.56957682835,37,37,37,1,0,0.405405405405,0.540540540541,0.0540540540541,37,0.23048048048,1.73104541984,16.5945945946,13.9545454545,8.77142857143,4.42505153429,0.266656199949,0.13152566247,8.30951551223,1.00147255359,0.525222290695,7.31765317899,0.881932142094,0.476802535434,0.64635612489,0.373390621345,2,1.73104541984,0.64635612489,2,0.286078102224,0.299823633157,510,0.0656370656371,0.486094734184,37,37,37,1,0,0.405405405405,0.540540540541,0.0540540540541,37,336,0.252252252252,1.72093410993,18.1621621622,15.2727272727,9.6,5.11269397086,0.281502495419,0.136743886744,9.265762481,1.02033693987,0.539414414414,8.12875000087,0.895130208429,0.473455598456,0.635334280888,0.369179898998,2,1.72093410993,0.635334280888,2,0.320707784777,0.346358792185,715,0.0920205920206,0.572231164004,37,37,37,1,0,0.405405405405,0.540540540541,0.0540540540541,-6,-0.0045045045045,-0.00435470818161,-0.324324324324,-0.272727272727,-0.171428571429,-0.255016184536,-0.0088560948579,-0.00589875589876,-0.242729061372,-0.0083595135425,-0.00507744586692,0.0754366544316,0.0238653142238,0.0116253471517,-0.00526528943784,-0.00212000371925,0,-0.00435470818161,-0.00526528943784,0,-0.0233636094707,-0.0302102454722,-95,-0.0122265122265,0.00265433565375,0,0,0,336,0,6,990,0.982456140351,1,0,0.0175438596491,1,0.982456140351,0.991150442478,0.988199235917,0.982456140351,0.982456140351,29,35,0,0,0,0
4016,WLNM_dir_neg,0.98612244898,0.891674154358,00:00:05,10,90,47,1241281882,threshold_sweep,0.2,1,0.828571428571,0.90625,29,0,6,70,0.828571428571,1,0,0.171428571429,1,0.828571428571,0.90625,0.942857142857,0.574603174603,0.865671641791,0.873589088037,0.828571428571,342,307,35,0,342,0,307,0,35,37,342,0.256756756757,1.72528881811,18.4864864865,15.5454545455,9.77142857143,5.36771015539,0.290358590277,0.142642642643,9.50849154237,1.02869645341,0.544491860281,8.05331334643,0.871264894205,0.461830251304,0.640599570326,0.371299902718,2,1.72528881811,0.640599570326,2,0.344071394247,0.376569037657,810,0.104247104247,0.56957682835,37,37,37,1,0,0.405405405405,0.540540540541,0.0540540540541,37,0.23048048048,1.73104541984,16.5945945946,13.9545454545,8.77142857143,4.42505153429,0.266656199949,0.13152566247,8.30951551223,1.00147255359,0.525222290695,7.31765317899,0.881932142094,0.476802535434,0.64635612489,0.373390621345,2,1.73104541984,0.64635612489,2,0.286078102224,0.299823633157,510,0.0656370656371,0.486094734184,37,37,37,1,0,0.405405405405,0.540540540541,0.0540540540541,37,336,0.252252252252,1.72093410993,18.1621621622,15.2727272727,9.6,5.11269397086,0.281502495419,0.136743886744,9.265762481,1.02033693987,0.539414414414,8.12875000087,0.895130208429,0.473455598456,0.635334280888,0.369179898998,2,1.72093410993,0.635334280888,2,0.320707784777,0.346358792185,715,0.0920205920206,0.572231164004,37,37,37,1,0,0.405405405405,0.540540540541,0.0540540540541,-6,-0.0045045045045,-0.00435470818161,-0.324324324324,-0.272727272727,-0.171428571429,-0.255016184536,-0.0088560948579,-0.00589875589876,-0.242729061372,-0.0083595135425,-0.00507744586692,0.0754366544316,0.0238653142238,0.0116253471517,-0.00526528943784,-0.00212000371925,0,-0.00435470818161,-0.00526528943784,0,-0.0233636094707,-0.0302102454722,-95,-0.0122265122265,0.00265433565375,0,0,0,336,0,6,990,0.982456140351,1,0,0.0175438596491,1,0.982456140351,0.991150442478,0.988199235917,0.982456140351,0.982456140351,29,35,0,0,0,0
4017,WLNM_dir_neg,0.98612244898,0.891674154358,00:00:05,10,90,47,1241281882,threshold_sweep,0.3,1,0.828571428571,0.90625,29,0,6,70,0.828571428571,1,0,0.171428571429,1,0.828571428571,0.90625,0.942857142857,0.574603174603,0.865671641791,0.873589088037,0.828571428571,342,307,35,0,342,0,307,0,35,37,342,0.256756756757,1.72528881811,18.4864864865,15.5454545455,9.77142857143,5.36771015539,0.290358590277,0.142642642643,9.50849154237,1.02869645341,0.544491860281,8.05331334643,0.871264894205,0.461830251304,0.640599570326,0.371299902718,2,1.72528881811,0.640599570326,2,0.344071394247,0.376569037657,810,0.104247104247,0.56957682835,37,37,37,1,0,0.405405405405,0.540540540541,0.0540540540541,37,0.23048048048,1.73104541984,16.5945945946,13.9545454545,8.77142857143,4.42505153429,0.266656199949,0.13152566247,8.30951551223,1.00147255359,0.525222290695,7.31765317899,0.881932142094,0.476802535434,0.64635612489,0.373390621345,2,1.73104541984,0.64635612489,2,0.286078102224,0.299823633157,510,0.0656370656371,0.486094734184,37,37,37,1,0,0.405405405405,0.540540540541,0.0540540540541,37,336,0.252252252252,1.72093410993,18.1621621622,15.2727272727,9.6,5.11269397086,0.281502495419,0.136743886744,9.265762481,1.02033693987,0.539414414414,8.12875000087,0.895130208429,0.473455598456,0.635334280888,0.369179898998,2,1.72093410993,0.635334280888,2,0.320707784777,0.346358792185,715,0.0920205920206,0.572231164004,37,37,37,1,0,0.405405405405,0.540540540541,0.0540540540541,-6,-0.0045045045045,-0.00435470818161,-0.324324324324,-0.272727272727,-0.171428571429,-0.255016184536,-0.0088560948579,-0.00589875589876,-0.242729061372,-0.0083595135425,-0.00507744586692,0.0754366544316,0.0238653142238,0.0116253471517,-0.00526528943784,-0.00212000371925,0,-0.00435470818161,-0.00526528943784,0,-0.0233636094707,-0.0302102454722,-95,-0.0122265122265,0.00265433565375,0,0,0,336,0,6,990,0.982456140351,1,0,0.0175438596491,1,0.982456140351,0.991150442478,0.988199235917,0.982456140351,0.982456140351,29,35,0,0,0,0
4018,WLNM_dir_neg,0.98612244898,0.891674154358,00:00:05,10,90,47,1241281882,threshold_sweep,0.4,1,0.828571428571,0.90625,29,0,6,70,0.828571428571,1,0,0.171428571429,1,0.828571428571,0.90625,0.942857142857,0.574603174603,0.865671641791,0.873589088037,0.828571428571,342,307,35,0,342,0,307,0,35,37,342,0.256756756757,1.72528881811,18.4864864865,15.5454545455,9.77142857143,5.36771015539,0.290358590277,0.142642642643,9.50849154237,1.02869645341,0.544491860281,8.05331334643,0.871264894205,0.461830251304,0.640599570326,0.371299902718,2,1.72528881811,0.640599570326,2,0.344071394247,0.376569037657,810,0.104247104247,0.56957682835,37,37,37,1,0,0.405405405405,0.540540540541,0.0540540540541,37,0.23048048048,1.73104541984,16.5945945946,13.9545454545,8.77142857143,4.42505153429,0.266656199949,0.13152566247,8.30951551223,1.00147255359,0.525222290695,7.31765317899,0.881932142094,0.476802535434,0.64635612489,0.373390621345,2,1.73104541984,0.64635612489,2,0.286078102224,0.299823633157,510,0.0656370656371,0.486094734184,37,37,37,1,0,0.405405405405,0.540540540541,0.0540540540541,37,336,0.252252252252,1.72093410993,18.1621621622,15.2727272727,9.6,5.11269397086,0.281502495419,0.136743886744,9.265762481,1.02033693987,0.539414414414,8.12875000087,0.895130208429,0.473455598456,0.635334280888,0.369179898998,2,1.72093410993,0.635334280888,2,0.320707784777,0.346358792185,715,0.0920205920206,0.572231164004,37,37,37,1,0,0.405405405405,0.540540540541,0.0540540540541,-6,-0.0045045045045,-0.00435470818161,-0.324324324324,-0.272727272727,-0.171428571429,-0.255016184536,-0.0088560948579,-0.00589875589876,-0.242729061372,-0.0083595135425,-0.00507744586692,0.0754366544316,0.0238653142238,0.0116253471517,-0.00526528943784,-0.00212000371925,0,-0.00435470818161,-0.00526528943784,0,-0.0233636094707,-0.0302102454722,-95,-0.0122265122265,0.00265433565375,0,0,0,336,0,6,990,0.982456140351,1,0,0.0175438596491,1,0.982456140351,0.991150442478,0.988199235917,0.982456140351,0.982456140351,29,35,0,0,0,0
4019,WLNM_dir_neg,0.98612244898,0.891674154358,00:00:05,10,90,47,1241281882,threshold_sweep,0.5,1,0.828571428571,0.90625,29,0,6,70,0.828571428571,1,0,0.171428571429,1,0.828571428571,0.90625,0.942857142857,0.574603174603,0.865671641791,0.873589088037,0.828571428571,342,307,35,0,342,0,307,0,35,37,342,0.256756756757,1.72528881811,18.4864864865,15.5454545455,9.77142857143,5.36771015539,0.290358590277,0.142642642643,9.50849154237,1.02869645341,0.544491860281,8.05331334643,0.871264894205,0.461830251304,0.640599570326,0.371299902718,2,1.72528881811,0.640599570326,2,0.344071394247,0.376569037657,810,0.104247104247,0.56957682835,37,37,37,1,0,0.405405405405,0.540540540541,0.0540540540541,37,0.23048048048,1.73104541984,16.5945945946,13.9545454545,8.77142857143,4.42505153429,0.266656199949,0.13152566247,8.30951551223,1.00147255359,0.525222290695,7.31765317899,0.881932142094,0.476802535434,0.64635612489,0.373390621345,2,1.73104541984,0.64635612489,2,0.286078102224,0.299823633157,510,0.0656370656371,0.486094734184,37,37,37,1,0,0.405405405405,0.540540540541,0.0540540540541,37,336,0.252252252252,1.72093410993,18.1621621622,15.2727272727,9.6,5.11269397086,0.281502495419,0.136743886744,9.265762481,1.02033693987,0.539414414414,8.12875000087,0.895130208429,0.473455598456,0.635334280888,0.369179898998,2,1.72093410993,0.635334280888,2,0.320707784777,0.346358792185,715,0.0920205920206,0.572231164004,37,37,37,1,0,0.405405405405,0.540540540541,0.0540540540541,-6,-0.0045045045045,-0.00435470818161,-0.324324324324,-0.272727272727,-0.171428571429,-0.255016184536,-0.0088560948579,-0.00589875589876,-0.242729061372,-0.0083595135425,-0.00507744586692,0.0754366544316,0.0238653142238,0.0116253471517,-0.00526528943784,-0.00212000371925,0,-0.00435470818161,-0.00526528943784,0,-0.0233636094707,-0.0302102454722,-95,-0.0122265122265,0.00265433565375,0,0,0,336,0,6,990,0.982456140351,1,0,0.0175438596491,1,0.982456140351,0.991150442478,0.988199235917,0.982456140351,0.982456140351,29,35,0,0,0,0
4020,WLNM_dir_neg,0.98612244898,0.891674154358,00:00:05,10,90,47,1241281882,threshold_sweep,0.6,1,0.828571428571,0.90625,29,0,6,70,0.828571428571,1,0,0.171428571429,1,0.828571428571,0.90625,0.942857142857,0.574603174603,0.865671641791,0.873589088037,0.828571428571,342,307,35,0,342,0,307,0,35,37,342,0.256756756757,1.72528881811,18.4864864865,15.5454545455,9.77142857143,5.36771015539,0.290358590277,0.142642642643,9.50849154237,1.02869645341,0.544491860281,8.05331334643,0.871264894205,0.461830251304,0.640599570326,0.371299902718,2,1.72528881811,0.640599570326,2,0.344071394247,0.376569037657,810,0.104247104247,0.56957682835,37,37,37,1,0,0.405405405405,0.540540540541,0.0540540540541,37,0.23048048048,1.73104541984,16.5945945946,13.9545454545,8.77142857143,4.42505153429,0.266656199949,0.13152566247,8.30951551223,1.00147255359,0.525222290695,7.31765317899,0.881932142094,0.476802535434,0.64635612489,0.373390621345,2,1.73104541984,0.64635612489,2,0.286078102224,0.299823633157,510,0.0656370656371,0.486094734184,37,37,37,1,0,0.405405405405,0.540540540541,0.0540540540541,37,336,0.252252252252,1.72093410993,18.1621621622,15.2727272727,9.6,5.11269397086,0.281502495419,0.136743886744,9.265762481,1.02033693987,0.539414414414,8.12875000087,0.895130208429,0.473455598456,0.635334280888,0.369179898998,2,1.72093410993,0.635334280888,2,0.320707784777,0.346358792185,715,0.0920205920206,0.572231164004,37,37,37,1,0,0.405405405405,0.540540540541,0.0540540540541,-6,-0.0045045045045,-0.00435470818161,-0.324324324324,-0.272727272727,-0.171428571429,-0.255016184536,-0.0088560948579,-0.00589875589876,-0.242729061372,-0.0083595135425,-0.00507744586692,0.0754366544316,0.0238653142238,0.0116253471517,-0.00526528943784,-0.00212000371925,0,-0.00435470818161,-0.00526528943784,0,-0.0233636094707,-0.0302102454722,-95,-0.0122265122265,0.00265433565375,0,0,0,336,0,6,990,0.982456140351,1,0,0.0175438596491,1,0.982456140351,0.991150442478,0.988199235917,0.982456140351,0.982456140351,29,35,0,0,0,0
4021,WLNM_dir_neg,0.98612244898,0.891674154358,00:00:05,10,90,47,1241281882,threshold_sweep,0.7,1,0.828571428571,0.90625,29,0,6,70,0.828571428571,1,0,0.171428571429,1,0.828571428571,0.90625,0.942857142857,0.574603174603,0.865671641791,0.873589088037,0.828571428571,342,307,35,0,342,0,307,0,35,37,342,0.256756756757,1.72528881811,18.4864864865,15.5454545455,9.77142857143,5.36771015539,0.290358590277,0.142642642643,9.50849154237,1.02869645341,0.544491860281,8.05331334643,0.871264894205,0.461830251304,0.640599570326,0.371299902718,2,1.72528881811,0.640599570326,2,0.344071394247,0.376569037657,810,0.104247104247,0.56957682835,37,37,37,1,0,0.405405405405,0.540540540541,0.0540540540541,37,0.23048048048,1.73104541984,16.5945945946,13.9545454545,8.77142857143,4.42505153429,0.266656199949,0.13152566247,8.30951551223,1.00147255359,0.525222290695,7.31765317899,0.881932142094,0.476802535434,0.64635612489,0.373390621345,2,1.73104541984,0.64635612489,2,0.286078102224,0.299823633157,510,0.0656370656371,0.486094734184,37,37,37,1,0,0.405405405405,0.540540540541,0.0540540540541,37,336,0.252252252252,1.72093410993,18.1621621622,15.2727272727,9.6,5.11269397086,0.281502495419,0.136743886744,9.265762481,1.02033693987,0.539414414414,8.12875000087,0.895130208429,0.473455598456,0.635334280888,0.369179898998,2,1.72093410993,0.635334280888,2,0.320707784777,0.346358792185,715,0.0920205920206,0.572231164004,37,37,37,1,0,0.405405405405,0.540540540541,0.0540540540541,-6,-0.0045045045045,-0.00435470818161,-0.324324324324,-0.272727272727,-0.171428571429,-0.255016184536,-0.0088560948579,-0.00589875589876,-0.242729061372,-0.0083595135425,-0.00507744586692,0.0754366544316,0.0238653142238,0.0116253471517,-0.00526528943784,-0.00212000371925,0,-0.00435470818161,-0.00526528943784,0,-0.0233636094707,-0.0302102454722,-95,-0.0122265122265,0.00265433565375,0,0,0,336,0,6,990,0.982456140351,1,0,0.0175438596491,1,0.982456140351,0.991150442478,0.988199235917,0.982456140351,0.982456140351,29,35,0,0,0,0
4022,WLNM_dir_neg,0.98612244898,0.891674154358,00:00:05,10,90,47,1241281882,threshold_sweep,0.8,1,0.828571428571,0.90625,29,0,6,70,0.828571428571,1,0,0.171428571429,1,0.828571428571,0.90625,0.942857142857,0.574603174603,0.865671641791,0.873589088037,0.828571428571,342,307,35,0,342,0,307,0,35,37,342,0.256756756757,1.72528881811,18.4864864865,15.5454545455,9.77142857143,5.36771015539,0.290358590277,0.142642642643,9.50849154237,1.02869645341,0.544491860281,8.05331334643,0.871264894205,0.461830251304,0.640599570326,0.371299902718,2,1.72528881811,0.640599570326,2,0.344071394247,0.376569037657,810,0.104247104247,0.56957682835,37,37,37,1,0,0.405405405405,0.540540540541,0.0540540540541,37,0.23048048048,1.73104541984,16.5945945946,13.9545454545,8.77142857143,4.42505153429,0.266656199949,0.13152566247,8.30951551223,1.00147255359,0.525222290695,7.31765317899,0.881932142094,0.476802535434,0.64635612489,0.373390621345,2,1.73104541984,0.64635612489,2,0.286078102224,0.299823633157,510,0.0656370656371,0.486094734184,37,37,37,1,0,0.405405405405,0.540540540541,0.0540540540541,37,336,0.252252252252,1.72093410993,18.1621621622,15.2727272727,9.6,5.11269397086,0.281502495419,0.136743886744,9.265762481,1.02033693987,0.539414414414,8.12875000087,0.895130208429,0.473455598456,0.635334280888,0.369179898998,2,1.72093410993,0.635334280888,2,0.320707784777,0.346358792185,715,0.0920205920206,0.572231164004,37,37,37,1,0,0.405405405405,0.540540540541,0.0540540540541,-6,-0.0045045045045,-0.00435470818161,-0.324324324324,-0.272727272727,-0.171428571429,-0.255016184536,-0.0088560948579,-0.00589875589876,-0.242729061372,-0.0083595135425,-0.00507744586692,0.0754366544316,0.0238653142238,0.0116253471517,-0.00526528943784,-0.00212000371925,0,-0.00435470818161,-0.00526528943784,0,-0.0233636094707,-0.0302102454722,-95,-0.0122265122265,0.00265433565375,0,0,0,336,0,6,990,0.982456140351,1,0,0.0175438596491,1,0.982456140351,0.991150442478,0.988199235917,0.982456140351,0.982456140351,29,35,0,0,0,0
4023,WLNM_dir_neg,0.98612244898,0.891674154358,00:00:05,10,90,47,1241281882,threshold_sweep,0.9,1,0.828571428571,0.90625,29,0,6,70,0.828571428571,1,0,0.171428571429,1,0.828571428571,0.90625,0.942857142857,0.574603174603,0.865671641791,0.873589088037,0.828571428571,342,307,35,0,342,0,307,0,35,37,342,0.256756756757,1.72528881811,18.4864864865,15.5454545455,9.77142857143,5.36771015539,0.290358590277,0.142642642643,9.50849154237,1.02869645341,0.544491860281,8.05331334643,0.871264894205,0.461830251304,0.640599570326,0.371299902718,2,1.72528881811,0.640599570326,2,0.344071394247,0.376569037657,810,0.104247104247,0.56957682835,37,37,37,1,0,0.405405405405,0.540540540541,0.0540540540541,37,0.23048048048,1.73104541984,16.5945945946,13.9545454545,8.77142857143,4.42505153429,0.266656199949,0.13152566247,8.30951551223,1.00147255359,0.525222290695,7.31765317899,0.881932142094,0.476802535434,0.64635612489,0.373390621345,2,1.73104541984,0.64635612489,2,0.286078102224,0.299823633157,510,0.0656370656371,0.486094734184,37,37,37,1,0,0.405405405405,0.540540540541,0.0540540540541,37,336,0.252252252252,1.72093410993,18.1621621622,15.2727272727,9.6,5.11269397086,0.281502495419,0.136743886744,9.265762481,1.02033693987,0.539414414414,8.12875000087,0.895130208429,0.473455598456,0.635334280888,0.369179898998,2,1.72093410993,0.635334280888,2,0.320707784777,0.346358792185,715,0.0920205920206,0.572231164004,37,37,37,1,0,0.405405405405,0.540540540541,0.0540540540541,-6,-0.0045045045045,-0.00435470818161,-0.324324324324,-0.272727272727,-0.171428571429,-0.255016184536,-0.0088560948579,-0.00589875589876,-0.242729061372,-0.0083595135425,-0.00507744586692,0.0754366544316,0.0238653142238,0.0116253471517,-0.00526528943784,-0.00212000371925,0,-0.00435470818161,-0.00526528943784,0,-0.0233636094707,-0.0302102454722,-95,-0.0122265122265,0.00265433565375,0,0,0,336,0,6,990,0.982456140351,1,0,0.0175438596491,1,0.982456140351,0.991150442478,0.988199235917,0.982456140351,0.982456140351,29,35,0,0,0,0
4024,WLNM_dir_neg,0.98693877551,0.494419432237,00:00:05,10,90,48,1241281883,threshold_sweep,0.1,0.969696969697,0.914285714286,0.941176470588,32,1,3,69,0.914285714286,0.985714285714,0.0142857142857,0.0857142857143,0.969696969697,0.914285714286,0.941176470588,0.961904761905,0.561904761905,0.913043478261,0.913907693767,0.9,342,307,35,0,342,0,307,0,35,37,342,0.256756756757,1.72528881811,18.4864864865,15.5454545455,9.77142857143,5.36771015539,0.290358590277,0.142642642643,9.50849154237,1.02869645341,0.544491860281,8.05331334643,0.871264894205,0.461830251304,0.640599570326,0.371299902718,2,1.72528881811,0.640599570326,2,0.344071394247,0.376569037657,810,0.104247104247,0.56957682835,37,37,37,1,0,0.405405405405,0.540540540541,0.0540540540541,37,0.23048048048,1.73547334641,16.5945945946,13.9545454545,8.77142857143,4.53663764049,0.273380444134,0.133110309006,8.36283067728,1.0078981598,0.529976230302,7.1835648256,0.865771656506,0.465005722335,0.651374349543,0.375329503555,2,1.73547334641,0.651374349543,2,0.295554163878,0.310546875,530,0.0682110682111,0.476103075102,37,37,37,1,0,0.405405405405,0.540540540541,0.0540540540541,37,340,0.255255255255,1.73266249308,18.3783783784,15.4545454545,9.44444444444,5.22468154985,0.284284143153,0.136883942766,9.37738958535,1.02048063135,0.539904610493,8.07890888479,0.879175378639,0.46279809221,0.659444026676,0.380595776333,2.34391777685,1.73266249308,0.659444026676,2.34391777685,0.329659834334,0.356487341772,751,0.0966537966538,0.572726570766,37,37,37,1,0,0.405405405405,0.567567567568,0.027027027027,-2,-0.0015015015015,0.0073736749616,-0.108108108108,-0.0909090909091,-0.326984126984,-0.143028605548,-0.00607444712376,-0.00575869987635,-0.131101957024,-0.00821582206787,-0.00458724978849,0.0255955383576,0.00791048443424,0.000967840905921,0.0188444563502,0.00929587361567,0.343917776852,0.0073736749616,0.0188444563502,0.343917776852,-0.0144115599133,-0.0200816958848,-59,-0.00759330759331,0.00314974241658,0,0.027027027027,-0.027027027027,339,1,3,989,0.991228070175,0.99898989899,0.0010101010101,0.00877192982456,0.997058823529,0.991228070175,0.994134897361,0.992124464258,0.990217969165,0.98833819242,33,35,0,0,0,0
4025,WLNM_dir_neg,0.98693877551,0.494419432237,00:00:05,10,90,48,1241281883,threshold_sweep,0.2,0.969696969697,0.914285714286,0.941176470588,32,1,3,69,0.914285714286,0.985714285714,0.0142857142857,0.0857142857143,0.969696969697,0.914285714286,0.941176470588,0.961904761905,0.561904761905,0.913043478261,0.913907693767,0.9,342,307,35,0,342,0,307,0,35,37,342,0.256756756757,1.72528881811,18.4864864865,15.5454545455,9.77142857143,5.36771015539,0.290358590277,0.142642642643,9.50849154237,1.02869645341,0.544491860281,8.05331334643,0.871264894205,0.461830251304,0.640599570326,0.371299902718,2,1.72528881811,0.640599570326,2,0.344071394247,0.376569037657,810,0.104247104247,0.56957682835,37,37,37,1,0,0.405405405405,0.540540540541,0.0540540540541,37,0.23048048048,1.73547334641,16.5945945946,13.9545454545,8.77142857143,4.53663764049,0.273380444134,0.133110309006,8.36283067728,1.0078981598,0.529976230302,7.1835648256,0.865771656506,0.465005722335,0.651374349543,0.375329503555,2,1.73547334641,0.651374349543,2,0.295554163878,0.310546875,530,0.0682110682111,0.476103075102,37,37,37,1,0,0.405405405405,0.540540540541,0.0540540540541,37,340,0.255255255255,1.73266249308,18.3783783784,15.4545454545,9.44444444444,5.22468154985,0.284284143153,0.136883942766,9.37738958535,1.02048063135,0.539904610493,8.07890888479,0.879175378639,0.46279809221,0.659444026676,0.380595776333,2.34391777685,1.73266249308,0.659444026676,2.34391777685,0.329659834334,0.356487341772,751,0.0966537966538,0.572726570766,37,37,37,1,0,0.405405405405,0.567567567568,0.027027027027,-2,-0.0015015015015,0.0073736749616,-0.108108108108,-0.0909090909091,-0.326984126984,-0.143028605548,-0.00607444712376,-0.00575869987635,-0.131101957024,-0.00821582206787,-0.00458724978849,0.0255955383576,0.00791048443424,0.000967840905921,0.0188444563502,0.00929587361567,0.343917776852,0.0073736749616,0.0188444563502,0.343917776852,-0.0144115599133,-0.0200816958848,-59,-0.00759330759331,0.00314974241658,0,0.027027027027,-0.027027027027,339,1,3,989,0.991228070175,0.99898989899,0.0010101010101,0.00877192982456,0.997058823529,0.991228070175,0.994134897361,0.992124464258,0.990217969165,0.98833819242,33,35,0,0,0,0
4026,WLNM_dir_neg,0.98693877551,0.494419432237,00:00:05,10,90,48,1241281883,threshold_sweep,0.3,0.969696969697,0.914285714286,0.941176470588,32,1,3,69,0.914285714286,0.985714285714,0.0142857142857,0.0857142857143,0.969696969697,0.914285714286,0.941176470588,0.961904761905,0.561904761905,0.913043478261,0.913907693767,0.9,342,307,35,0,342,0,307,0,35,37,342,0.256756756757,1.72528881811,18.4864864865,15.5454545455,9.77142857143,5.36771015539,0.290358590277,0.142642642643,9.50849154237,1.02869645341,0.544491860281,8.05331334643,0.871264894205,0.461830251304,0.640599570326,0.371299902718,2,1.72528881811,0.640599570326,2,0.344071394247,0.376569037657,810,0.104247104247,0.56957682835,37,37,37,1,0,0.405405405405,0.540540540541,0.0540540540541,37,0.23048048048,1.73547334641,16.5945945946,13.9545454545,8.77142857143,4.53663764049,0.273380444134,0.133110309006,8.36283067728,1.0078981598,0.529976230302,7.1835648256,0.865771656506,0.465005722335,0.651374349543,0.375329503555,2,1.73547334641,0.651374349543,2,0.295554163878,0.310546875,530,0.0682110682111,0.476103075102,37,37,37,1,0,0.405405405405,0.540540540541,0.0540540540541,37,340,0.255255255255,1.73266249308,18.3783783784,15.4545454545,9.44444444444,5.22468154985,0.284284143153,0.136883942766,9.37738958535,1.02048063135,0.539904610493,8.07890888479,0.879175378639,0.46279809221,0.659444026676,0.380595776333,2.34391777685,1.73266249308,0.659444026676,2.34391777685,0.329659834334,0.356487341772,751,0.0966537966538,0.572726570766,37,37,37,1,0,0.405405405405,0.567567567568,0.027027027027,-2,-0.0015015015015,0.0073736749616,-0.108108108108,-0.0909090909091,-0.326984126984,-0.143028605548,-0.00607444712376,-0.00575869987635,-0.131101957024,-0.00821582206787,-0.00458724978849,0.0255955383576,0.00791048443424,0.000967840905921,0.0188444563502,0.00929587361567,0.343917776852,0.0073736749616,0.0188444563502,0.343917776852,-0.0144115599133,-0.0200816958848,-59,-0.00759330759331,0.00314974241658,0,0.027027027027,-0.027027027027,339,1,3,989,0.991228070175,0.99898989899,0.0010101010101,0.00877192982456,0.997058823529,0.991228070175,0.994134897361,0.992124464258,0.990217969165,0.98833819242,33,35,0,0,0,0
4027,WLNM_dir_neg,0.98693877551,0.494419432237,00:00:05,10,90,48,1241281883,threshold_sweep,0.4,0.969696969697,0.914285714286,0.941176470588,32,1,3,69,0.914285714286,0.985714285714,0.0142857142857,0.0857142857143,0.969696969697,0.914285714286,0.941176470588,0.961904761905,0.561904761905,0.913043478261,0.913907693767,0.9,342,307,35,0,342,0,307,0,35,37,342,0.256756756757,1.72528881811,18.4864864865,15.5454545455,9.77142857143,5.36771015539,0.290358590277,0.142642642643,9.50849154237,1.02869645341,0.544491860281,8.05331334643,0.871264894205,0.461830251304,0.640599570326,0.371299902718,2,1.72528881811,0.640599570326,2,0.344071394247,0.376569037657,810,0.104247104247,0.56957682835,37,37,37,1,0,0.405405405405,0.540540540541,0.0540540540541,37,0.23048048048,1.73547334641,16.5945945946,13.9545454545,8.77142857143,4.53663764049,0.273380444134,0.133110309006,8.36283067728,1.0078981598,0.529976230302,7.1835648256,0.865771656506,0.465005722335,0.651374349543,0.375329503555,2,1.73547334641,0.651374349543,2,0.295554163878,0.310546875,530,0.0682110682111,0.476103075102,37,37,37,1,0,0.405405405405,0.540540540541,0.0540540540541,37,340,0.255255255255,1.73266249308,18.3783783784,15.4545454545,9.44444444444,5.22468154985,0.284284143153,0.136883942766,9.37738958535,1.02048063135,0.539904610493,8.07890888479,0.879175378639,0.46279809221,0.659444026676,0.380595776333,2.34391777685,1.73266249308,0.659444026676,2.34391777685,0.329659834334,0.356487341772,751,0.0966537966538,0.572726570766,37,37,37,1,0,0.405405405405,0.567567567568,0.027027027027,-2,-0.0015015015015,0.0073736749616,-0.108108108108,-0.0909090909091,-0.326984126984,-0.143028605548,-0.00607444712376,-0.00575869987635,-0.131101957024,-0.00821582206787,-0.00458724978849,0.0255955383576,0.00791048443424,0.000967840905921,0.0188444563502,0.00929587361567,0.343917776852,0.0073736749616,0.0188444563502,0.343917776852,-0.0144115599133,-0.0200816958848,-59,-0.00759330759331,0.00314974241658,0,0.027027027027,-0.027027027027,339,1,3,989,0.991228070175,0.99898989899,0.0010101010101,0.00877192982456,0.997058823529,0.991228070175,0.994134897361,0.992124464258,0.990217969165,0.98833819242,33,35,0,0,0,0
4028,WLNM_dir_neg,0.98693877551,0.494419432237,00:00:05,10,90,48,1241281883,threshold_sweep,0.5,0.969696969697,0.914285714286,0.941176470588,32,1,3,69,0.914285714286,0.985714285714,0.0142857142857,0.0857142857143,0.969696969697,0.914285714286,0.941176470588,0.961904761905,0.561904761905,0.913043478261,0.913907693767,0.9,342,307,35,0,342,0,307,0,35,37,342,0.256756756757,1.72528881811,18.4864864865,15.5454545455,9.77142857143,5.36771015539,0.290358590277,0.142642642643,9.50849154237,1.02869645341,0.544491860281,8.05331334643,0.871264894205,0.461830251304,0.640599570326,0.371299902718,2,1.72528881811,0.640599570326,2,0.344071394247,0.376569037657,810,0.104247104247,0.56957682835,37,37,37,1,0,0.405405405405,0.540540540541,0.0540540540541,37,0.23048048048,1.73547334641,16.5945945946,13.9545454545,8.77142857143,4.53663764049,0.273380444134,0.133110309006,8.36283067728,1.0078981598,0.529976230302,7.1835648256,0.865771656506,0.465005722335,0.651374349543,0.375329503555,2,1.73547334641,0.651374349543,2,0.295554163878,0.310546875,530,0.0682110682111,0.476103075102,37,37,37,1,0,0.405405405405,0.540540540541,0.0540540540541,37,340,0.255255255255,1.73266249308,18.3783783784,15.4545454545,9.44444444444,5.22468154985,0.284284143153,0.136883942766,9.37738958535,1.02048063135,0.539904610493,8.07890888479,0.879175378639,0.46279809221,0.659444026676,0.380595776333,2.34391777685,1.73266249308,0.659444026676,2.34391777685,0.329659834334,0.356487341772,751,0.0966537966538,0.572726570766,37,37,37,1,0,0.405405405405,0.567567567568,0.027027027027,-2,-0.0015015015015,0.0073736749616,-0.108108108108,-0.0909090909091,-0.326984126984,-0.143028605548,-0.00607444712376,-0.00575869987635,-0.131101957024,-0.00821582206787,-0.00458724978849,0.0255955383576,0.00791048443424,0.000967840905921,0.0188444563502,0.00929587361567,0.343917776852,0.0073736749616,0.0188444563502,0.343917776852,-0.0144115599133,-0.0200816958848,-59,-0.00759330759331,0.00314974241658,0,0.027027027027,-0.027027027027,339,1,3,989,0.991228070175,0.99898989899,0.0010101010101,0.00877192982456,0.997058823529,0.991228070175,0.994134897361,0.992124464258,0.990217969165,0.98833819242,33,35,0,0,0,0
4029,WLNM_dir_neg,0.98693877551,0.494419432237,00:00:05,10,90,48,1241281883,threshold_sweep,0.6,1,0.914285714286,0.955223880597,32,0,3,70,0.914285714286,1,0,0.0857142857143,1,0.914285714286,0.955223880597,0.971428571429,0.565079365079,0.934306569343,0.936329177569,0.914285714286,342,307,35,0,342,0,307,0,35,37,342,0.256756756757,1.72528881811,18.4864864865,15.5454545455,9.77142857143,5.36771015539,0.290358590277,0.142642642643,9.50849154237,1.02869645341,0.544491860281,8.05331334643,0.871264894205,0.461830251304,0.640599570326,0.371299902718,2,1.72528881811,0.640599570326,2,0.344071394247,0.376569037657,810,0.104247104247,0.56957682835,37,37,37,1,0,0.405405405405,0.540540540541,0.0540540540541,37,0.23048048048,1.73547334641,16.5945945946,13.9545454545,8.77142857143,4.53663764049,0.273380444134,0.133110309006,8.36283067728,1.0078981598,0.529976230302,7.1835648256,0.865771656506,0.465005722335,0.651374349543,0.375329503555,2,1.73547334641,0.651374349543,2,0.295554163878,0.310546875,530,0.0682110682111,0.476103075102,37,37,37,1,0,0.405405405405,0.540540540541,0.0540540540541,37,339,0.254504504505,1.72179813353,18.3243243243,15.4090909091,9.68571428571,5.22310068645,0.28503646814,0.137208004465,9.40009903468,1.02596951116,0.541816152436,8.10868366326,0.885018570916,0.4668739536,0.636751073857,0.369817495708,2,1.72179813353,0.636751073857,2,0.329659834334,0.356487341772,751,0.0966537966538,0.573563539577,37,37,37,1,0,0.405405405405,0.540540540541,0.0540540540541,-3,-0.00225225225225,-0.00349068458566,-0.162162162162,-0.136363636364,-0.0857142857143,-0.144609468945,-0.00532212213759,-0.005434638178,-0.108392507691,-0.00272694225464,-0.00267570784571,0.0553703168215,0.0137536767109,0.00504370229568,-0.00384849646933,-0.0014824070096,0,-0.00349068458566,-0.00384849646933,0,-0.0144115599133,-0.0200816958848,-59,-0.00759330759331,0.00398671122744,0,0,0,339,0,3,990,0.991228070175,1,0,0.00877192982456,1,0.991228070175,0.995594713656,0.994099302604,0.991228070175,0.991228070175,32,35,0,0,0,0
4030,WLNM_dir_neg,0.98693877551,0.494419432237,00:00:05,10,90,48,1241281883,threshold_sweep,0.7,1,0.914285714286,0.955223880597,32,0,3,70,0.914285714286,1,0,0.0857142857143,1,0.914285714286,0.955223880597,0.971428571429,0.565079365079,0.934306569343,0.936329177569,0.914285714286,342,307,35,0,342,0,307,0,35,37,342,0.256756756757,1.72528881811,18.4864864865,15.5454545455,9.77142857143,5.36771015539,0.290358590277,0.142642642643,9.50849154237,1.02869645341,0.544491860281,8.05331334643,0.871264894205,0.461830251304,0.640599570326,0.371299902718,2,1.72528881811,0.640599570326,2,0.344071394247,0.376569037657,810,0.104247104247,0.56957682835,37,37,37,1,0,0.405405405405,0.540540540541,0.0540540540541,37,0.23048048048,1.73547334641,16.5945945946,13.9545454545,8.77142857143,4.53663764049,0.273380444134,0.133110309006,8.36283067728,1.0078981598,0.529976230302,7.1835648256,0.865771656506,0.465005722335,0.651374349543,0.375329503555,2,1.73547334641,0.651374349543,2,0.295554163878,0.310546875,530,0.0682110682111,0.476103075102,37,37,37,1,0,0.405405405405,0.540540540541,0.0540540540541,37,339,0.254504504505,1.72179813353,18.3243243243,15.4090909091,9.68571428571,5.22310068645,0.28503646814,0.137208004465,9.40009903468,1.02596951116,0.541816152436,8.10868366326,0.885018570916,0.4668739536,0.636751073857,0.369817495708,2,1.72179813353,0.636751073857,2,0.329659834334,0.356487341772,751,0.0966537966538,0.573563539577,37,37,37,1,0,0.405405405405,0.540540540541,0.0540540540541,-3,-0.00225225225225,-0.00349068458566,-0.162162162162,-0.136363636364,-0.0857142857143,-0.144609468945,-0.00532212213759,-0.005434638178,-0.108392507691,-0.00272694225464,-0.00267570784571,0.0553703168215,0.0137536767109,0.00504370229568,-0.00384849646933,-0.0014824070096,0,-0.00349068458566,-0.00384849646933,0,-0.0144115599133,-0.0200816958848,-59,-0.00759330759331,0.00398671122744,0,0,0,339,0,3,990,0.991228070175,1,0,0.00877192982456,1,0.991228070175,0.995594713656,0.994099302604,0.991228070175,0.991228070175,32,35,0,0,0,0
4031,WLNM_dir_neg,0.98693877551,0.494419432237,00:00:05,10,90,48,1241281883,threshold_sweep,0.8,1,0.914285714286,0.955223880597,32,0,3,70,0.914285714286,1,0,0.0857142857143,1,0.914285714286,0.955223880597,0.971428571429,0.565079365079,0.934306569343,0.936329177569,0.914285714286,342,307,35,0,342,0,307,0,35,37,342,0.256756756757,1.72528881811,18.4864864865,15.5454545455,9.77142857143,5.36771015539,0.290358590277,0.142642642643,9.50849154237,1.02869645341,0.544491860281,8.05331334643,0.871264894205,0.461830251304,0.640599570326,0.371299902718,2,1.72528881811,0.640599570326,2,0.344071394247,0.376569037657,810,0.104247104247,0.56957682835,37,37,37,1,0,0.405405405405,0.540540540541,0.0540540540541,37,0.23048048048,1.73547334641,16.5945945946,13.9545454545,8.77142857143,4.53663764049,0.273380444134,0.133110309006,8.36283067728,1.0078981598,0.529976230302,7.1835648256,0.865771656506,0.465005722335,0.651374349543,0.375329503555,2,1.73547334641,0.651374349543,2,0.295554163878,0.310546875,530,0.0682110682111,0.476103075102,37,37,37,1,0,0.405405405405,0.540540540541,0.0540540540541,37,339,0.254504504505,1.72179813353,18.3243243243,15.4090909091,9.68571428571,5.22310068645,0.28503646814,0.137208004465,9.40009903468,1.02596951116,0.541816152436,8.10868366326,0.885018570916,0.4668739536,0.636751073857,0.369817495708,2,1.72179813353,0.636751073857,2,0.329659834334,0.356487341772,751,0.0966537966538,0.573563539577,37,37,37,1,0,0.405405405405,0.540540540541,0.0540540540541,-3,-0.00225225225225,-0.00349068458566,-0.162162162162,-0.136363636364,-0.0857142857143,-0.144609468945,-0.00532212213759,-0.005434638178,-0.108392507691,-0.00272694225464,-0.00267570784571,0.0553703168215,0.0137536767109,0.00504370229568,-0.00384849646933,-0.0014824070096,0,-0.00349068458566,-0.00384849646933,0,-0.0144115599133,-0.0200816958848,-59,-0.00759330759331,0.00398671122744,0,0,0,339,0,3,990,0.991228070175,1,0,0.00877192982456,1,0.991228070175,0.995594713656,0.994099302604,0.991228070175,0.991228070175,32,35,0,0,0,0
4032,WLNM_dir_neg,0.98693877551,0.494419432237,00:00:05,10,90,48,1241281883,threshold_sweep,0.9,1,0.914285714286,0.955223880597,32,0,3,70,0.914285714286,1,0,0.0857142857143,1,0.914285714286,0.955223880597,0.971428571429,0.565079365079,0.934306569343,0.936329177569,0.914285714286,342,307,35,0,342,0,307,0,35,37,342,0.256756756757,1.72528881811,18.4864864865,15.5454545455,9.77142857143,5.36771015539,0.290358590277,0.142642642643,9.50849154237,1.02869645341,0.544491860281,8.05331334643,0.871264894205,0.461830251304,0.640599570326,0.371299902718,2,1.72528881811,0.640599570326,2,0.344071394247,0.376569037657,810,0.104247104247,0.56957682835,37,37,37,1,0,0.405405405405,0.540540540541,0.0540540540541,37,0.23048048048,1.73547334641,16.5945945946,13.9545454545,8.77142857143,4.53663764049,0.273380444134,0.133110309006,8.36283067728,1.0078981598,0.529976230302,7.1835648256,0.865771656506,0.465005722335,0.651374349543,0.375329503555,2,1.73547334641,0.651374349543,2,0.295554163878,0.310546875,530,0.0682110682111,0.476103075102,37,37,37,1,0,0.405405405405,0.540540540541,0.0540540540541,37,339,0.254504504505,1.72179813353,18.3243243243,15.4090909091,9.68571428571,5.22310068645,0.28503646814,0.137208004465,9.40009903468,1.02596951116,0.541816152436,8.10868366326,0.885018570916,0.4668739536,0.636751073857,0.369817495708,2,1.72179813353,0.636751073857,2,0.329659834334,0.356487341772,751,0.0966537966538,0.573563539577,37,37,37,1,0,0.405405405405,0.540540540541,0.0540540540541,-3,-0.00225225225225,-0.00349068458566,-0.162162162162,-0.136363636364,-0.0857142857143,-0.144609468945,-0.00532212213759,-0.005434638178,-0.108392507691,-0.00272694225464,-0.00267570784571,0.0553703168215,0.0137536767109,0.00504370229568,-0.00384849646933,-0.0014824070096,0,-0.00349068458566,-0.00384849646933,0,-0.0144115599133,-0.0200816958848,-59,-0.00759330759331,0.00398671122744,0,0,0,339,0,3,990,0.991228070175,1,0,0.00877192982456,1,0.991228070175,0.995594713656,0.994099302604,0.991228070175,0.991228070175,32,35,0,0,0,0
4033,WLNM_dir_neg,0.98693877551,0.919154543337,00:00:05,10,90,49,1241281884,threshold_sweep,0.1,1,0.828571428571,0.90625,29,0,6,70,0.828571428571,1,0,0.171428571429,1,0.828571428571,0.90625,0.942857142857,0.574603174603,0.865671641791,0.873589088037,0.828571428571,342,307,35,0,342,0,307,0,35,37,342,0.256756756757,1.72528881811,18.4864864865,15.5454545455,9.77142857143,5.36771015539,0.290358590277,0.142642642643,9.50849154237,1.02869645341,0.544491860281,8.05331334643,0.871264894205,0.461830251304,0.640599570326,0.371299902718,2,1.72528881811,0.640599570326,2,0.344071394247,0.376569037657,810,0.104247104247,0.56957682835,37,37,37,1,0,0.405405405405,0.540540540541,0.0540540540541,37,0.23048048048,1.72528053819,16.5945945946,13.9545454545,8.77142857143,4.63956091948,0.279582661271,0.139977110661,8.38936120222,1.01109564978,0.535082313584,7.46422901007,0.899597633135,0.479267541157,0.638901698395,0.370317571116,2,1.72528053819,0.638901698395,2,0.286937571017,0.301343196418,516,0.0664092664093,0.494880754664,37,37,37,1,0,0.405405405405,0.540540540541,0.0540540540541,37,336,0.252252252252,1.7232834728,18.1621621622,15.2727272727,9.6,5.1343803776,0.282696538648,0.139559202059,9.23874203311,1.01736147388,0.539092664093,8.11506958407,0.89362373396,0.472812097812,0.637696144731,0.370047154049,2,1.7232834728,0.637696144731,2,0.325118753204,0.350435624395,724,0.0931788931789,0.570853190263,37,37,37,1,0,0.405405405405,0.540540540541,0.0540540540541,-6,-0.0045045045045,-0.00200534531101,-0.324324324324,-0.272727272727,-0.171428571429,-0.233329777795,-0.00766205162962,-0.00308344058344,-0.269749509265,-0.0113349795307,-0.00539919618867,0.0617562376392,0.0223588397556,0.0109818465082,-0.00290342559533,-0.00125274866875,0,-0.00200534531101,-0.00290342559533,0,-0.0189526410433,-0.0261334132619,-86,-0.0110682110682,0.00127636191329,0,0,0,336,0,6,990,0.982456140351,1,0,0.0175438596491,1,0.982456140351,0.991150442478,0.988199235917,0.982456140351,0.982456140351,29,35,0,0,0,0
4034,WLNM_dir_neg,0.98693877551,0.919154543337,00:00:05,10,90,49,1241281884,threshold_sweep,0.2,1,0.828571428571,0.90625,29,0,6,70,0.828571428571,1,0,0.171428571429,1,0.828571428571,0.90625,0.942857142857,0.574603174603,0.865671641791,0.873589088037,0.828571428571,342,307,35,0,342,0,307,0,35,37,342,0.256756756757,1.72528881811,18.4864864865,15.5454545455,9.77142857143,5.36771015539,0.290358590277,0.142642642643,9.50849154237,1.02869645341,0.544491860281,8.05331334643,0.871264894205,0.461830251304,0.640599570326,0.371299902718,2,1.72528881811,0.640599570326,2,0.344071394247,0.376569037657,810,0.104247104247,0.56957682835,37,37,37,1,0,0.405405405405,0.540540540541,0.0540540540541,37,0.23048048048,1.72528053819,16.5945945946,13.9545454545,8.77142857143,4.63956091948,0.279582661271,0.139977110661,8.38936120222,1.01109564978,0.535082313584,7.46422901007,0.899597633135,0.479267541157,0.638901698395,0.370317571116,2,1.72528053819,0.638901698395,2,0.286937571017,0.301343196418,516,0.0664092664093,0.494880754664,37,37,37,1,0,0.405405405405,0.540540540541,0.0540540540541,37,336,0.252252252252,1.7232834728,18.1621621622,15.2727272727,9.6,5.1343803776,0.282696538648,0.139559202059,9.23874203311,1.01736147388,0.539092664093,8.11506958407,0.89362373396,0.472812097812,0.637696144731,0.370047154049,2,1.7232834728,0.637696144731,2,0.325118753204,0.350435624395,724,0.0931788931789,0.570853190263,37,37,37,1,0,0.405405405405,0.540540540541,0.0540540540541,-6,-0.0045045045045,-0.00200534531101,-0.324324324324,-0.272727272727,-0.171428571429,-0.233329777795,-0.00766205162962,-0.00308344058344,-0.269749509265,-0.0113349795307,-0.00539919618867,0.0617562376392,0.0223588397556,0.0109818465082,-0.00290342559533,-0.00125274866875,0,-0.00200534531101,-0.00290342559533,0,-0.0189526410433,-0.0261334132619,-86,-0.0110682110682,0.00127636191329,0,0,0,336,0,6,990,0.982456140351,1,0,0.0175438596491,1,0.982456140351,0.991150442478,0.988199235917,0.982456140351,0.982456140351,29,35,0,0,0,0
4035,WLNM_dir_neg,0.98693877551,0.919154543337,00:00:05,10,90,49,1241281884,threshold_sweep,0.3,1,0.828571428571,0.90625,29,0,6,70,0.828571428571,1,0,0.171428571429,1,0.828571428571,0.90625,0.942857142857,0.574603174603,0.865671641791,0.873589088037,0.828571428571,342,307,35,0,342,0,307,0,35,37,342,0.256756756757,1.72528881811,18.4864864865,15.5454545455,9.77142857143,5.36771015539,0.290358590277,0.142642642643,9.50849154237,1.02869645341,0.544491860281,8.05331334643,0.871264894205,0.461830251304,0.640599570326,0.371299902718,2,1.72528881811,0.640599570326,2,0.344071394247,0.376569037657,810,0.104247104247,0.56957682835,37,37,37,1,0,0.405405405405,0.540540540541,0.0540540540541,37,0.23048048048,1.72528053819,16.5945945946,13.9545454545,8.77142857143,4.63956091948,0.279582661271,0.139977110661,8.38936120222,1.01109564978,0.535082313584,7.46422901007,0.899597633135,0.479267541157,0.638901698395,0.370317571116,2,1.72528053819,0.638901698395,2,0.286937571017,0.301343196418,516,0.0664092664093,0.494880754664,37,37,37,1,0,0.405405405405,0.540540540541,0.0540540540541,37,336,0.252252252252,1.7232834728,18.1621621622,15.2727272727,9.6,5.1343803776,0.282696538648,0.139559202059,9.23874203311,1.01736147388,0.539092664093,8.11506958407,0.89362373396,0.472812097812,0.637696144731,0.370047154049,2,1.7232834728,0.637696144731,2,0.325118753204,0.350435624395,724,0.0931788931789,0.570853190263,37,37,37,1,0,0.405405405405,0.540540540541,0.0540540540541,-6,-0.0045045045045,-0.00200534531101,-0.324324324324,-0.272727272727,-0.171428571429,-0.233329777795,-0.00766205162962,-0.00308344058344,-0.269749509265,-0.0113349795307,-0.00539919618867,0.0617562376392,0.0223588397556,0.0109818465082,-0.00290342559533,-0.00125274866875,0,-0.00200534531101,-0.00290342559533,0,-0.0189526410433,-0.0261334132619,-86,-0.0110682110682,0.00127636191329,0,0,0,336,0,6,990,0.982456140351,1,0,0.0175438596491,1,0.982456140351,0.991150442478,0.988199235917,0.982456140351,0.982456140351,29,35,0,0,0,0
4036,WLNM_dir_neg,0.98693877551,0.919154543337,00:00:05,10,90,49,1241281884,threshold_sweep,0.4,1,0.828571428571,0.90625,29,0,6,70,0.828571428571,1,0,0.171428571429,1,0.828571428571,0.90625,0.942857142857,0.574603174603,0.865671641791,0.873589088037,0.828571428571,342,307,35,0,342,0,307,0,35,37,342,0.256756756757,1.72528881811,18.4864864865,15.5454545455,9.77142857143,5.36771015539,0.290358590277,0.142642642643,9.50849154237,1.02869645341,0.544491860281,8.05331334643,0.871264894205,0.461830251304,0.640599570326,0.371299902718,2,1.72528881811,0.640599570326,2,0.344071394247,0.376569037657,810,0.104247104247,0.56957682835,37,37,37,1,0,0.405405405405,0.540540540541,0.0540540540541,37,0.23048048048,1.72528053819,16.5945945946,13.9545454545,8.77142857143,4.63956091948,0.279582661271,0.139977110661,8.38936120222,1.01109564978,0.535082313584,7.46422901007,0.899597633135,0.479267541157,0.638901698395,0.370317571116,2,1.72528053819,0.638901698395,2,0.286937571017,0.301343196418,516,0.0664092664093,0.494880754664,37,37,37,1,0,0.405405405405,0.540540540541,0.0540540540541,37,336,0.252252252252,1.7232834728,18.1621621622,15.2727272727,9.6,5.1343803776,0.282696538648,0.139559202059,9.23874203311,1.01736147388,0.539092664093,8.11506958407,0.89362373396,0.472812097812,0.637696144731,0.370047154049,2,1.7232834728,0.637696144731,2,0.325118753204,0.350435624395,724,0.0931788931789,0.570853190263,37,37,37,1,0,0.405405405405,0.540540540541,0.0540540540541,-6,-0.0045045045045,-0.00200534531101,-0.324324324324,-0.272727272727,-0.171428571429,-0.233329777795,-0.00766205162962,-0.00308344058344,-0.269749509265,-0.0113349795307,-0.00539919618867,0.0617562376392,0.0223588397556,0.0109818465082,-0.00290342559533,-0.00125274866875,0,-0.00200534531101,-0.00290342559533,0,-0.0189526410433,-0.0261334132619,-86,-0.0110682110682,0.00127636191329,0,0,0,336,0,6,990,0.982456140351,1,0,0.0175438596491,1,0.982456140351,0.991150442478,0.988199235917,0.982456140351,0.982456140351,29,35,0,0,0,0
4037,WLNM_dir_neg,0.98693877551,0.919154543337,00:00:05,10,90,49,1241281884,threshold_sweep,0.5,1,0.828571428571,0.90625,29,0,6,70,0.828571428571,1,0,0.171428571429,1,0.828571428571,0.90625,0.942857142857,0.574603174603,0.865671641791,0.873589088037,0.828571428571,342,307,35,0,342,0,307,0,35,37,342,0.256756756757,1.72528881811,18.4864864865,15.5454545455,9.77142857143,5.36771015539,0.290358590277,0.142642642643,9.50849154237,1.02869645341,0.544491860281,8.05331334643,0.871264894205,0.461830251304,0.640599570326,0.371299902718,2,1.72528881811,0.640599570326,2,0.344071394247,0.376569037657,810,0.104247104247,0.56957682835,37,37,37,1,0,0.405405405405,0.540540540541,0.0540540540541,37,0.23048048048,1.72528053819,16.5945945946,13.9545454545,8.77142857143,4.63956091948,0.279582661271,0.139977110661,8.38936120222,1.01109564978,0.535082313584,7.46422901007,0.899597633135,0.479267541157,0.638901698395,0.370317571116,2,1.72528053819,0.638901698395,2,0.286937571017,0.301343196418,516,0.0664092664093,0.494880754664,37,37,37,1,0,0.405405405405,0.540540540541,0.0540540540541,37,336,0.252252252252,1.7232834728,18.1621621622,15.2727272727,9.6,5.1343803776,0.282696538648,0.139559202059,9.23874203311,1.01736147388,0.539092664093,8.11506958407,0.89362373396,0.472812097812,0.637696144731,0.370047154049,2,1.7232834728,0.637696144731,2,0.325118753204,0.350435624395,724,0.0931788931789,0.570853190263,37,37,37,1,0,0.405405405405,0.540540540541,0.0540540540541,-6,-0.0045045045045,-0.00200534531101,-0.324324324324,-0.272727272727,-0.171428571429,-0.233329777795,-0.00766205162962,-0.00308344058344,-0.269749509265,-0.0113349795307,-0.00539919618867,0.0617562376392,0.0223588397556,0.0109818465082,-0.00290342559533,-0.00125274866875,0,-0.00200534531101,-0.00290342559533,0,-0.0189526410433,-0.0261334132619,-86,-0.0110682110682,0.00127636191329,0,0,0,336,0,6,990,0.982456140351,1,0,0.0175438596491,1,0.982456140351,0.991150442478,0.988199235917,0.982456140351,0.982456140351,29,35,0,0,0,0
4038,WLNM_dir_neg,0.98693877551,0.919154543337,00:00:05,10,90,49,1241281884,threshold_sweep,0.6,1,0.828571428571,0.90625,29,0,6,70,0.828571428571,1,0,0.171428571429,1,0.828571428571,0.90625,0.942857142857,0.574603174603,0.865671641791,0.873589088037,0.828571428571,342,307,35,0,342,0,307,0,35,37,342,0.256756756757,1.72528881811,18.4864864865,15.5454545455,9.77142857143,5.36771015539,0.290358590277,0.142642642643,9.50849154237,1.02869645341,0.544491860281,8.05331334643,0.871264894205,0.461830251304,0.640599570326,0.371299902718,2,1.72528881811,0.640599570326,2,0.344071394247,0.376569037657,810,0.104247104247,0.56957682835,37,37,37,1,0,0.405405405405,0.540540540541,0.0540540540541,37,0.23048048048,1.72528053819,16.5945945946,13.9545454545,8.77142857143,4.63956091948,0.279582661271,0.139977110661,8.38936120222,1.01109564978,0.535082313584,7.46422901007,0.899597633135,0.479267541157,0.638901698395,0.370317571116,2,1.72528053819,0.638901698395,2,0.286937571017,0.301343196418,516,0.0664092664093,0.494880754664,37,37,37,1,0,0.405405405405,0.540540540541,0.0540540540541,37,336,0.252252252252,1.7232834728,18.1621621622,15.2727272727,9.6,5.1343803776,0.282696538648,0.139559202059,9.23874203311,1.01736147388,0.539092664093,8.11506958407,0.89362373396,0.472812097812,0.637696144731,0.370047154049,2,1.7232834728,0.637696144731,2,0.325118753204,0.350435624395,724,0.0931788931789,0.570853190263,37,37,37,1,0,0.405405405405,0.540540540541,0.0540540540541,-6,-0.0045045045045,-0.00200534531101,-0.324324324324,-0.272727272727,-0.171428571429,-0.233329777795,-0.00766205162962,-0.00308344058344,-0.269749509265,-0.0113349795307,-0.00539919618867,0.0617562376392,0.0223588397556,0.0109818465082,-0.00290342559533,-0.00125274866875,0,-0.00200534531101,-0.00290342559533,0,-0.0189526410433,-0.0261334132619,-86,-0.0110682110682,0.00127636191329,0,0,0,336,0,6,990,0.982456140351,1,0,0.0175438596491,1,0.982456140351,0.991150442478,0.988199235917,0.982456140351,0.982456140351,29,35,0,0,0,0
4039,WLNM_dir_neg,0.98693877551,0.919154543337,00:00:05,10,90,49,1241281884,threshold_sweep,0.7,1,0.828571428571,0.90625,29,0,6,70,0.828571428571,1,0,0.171428571429,1,0.828571428571,0.90625,0.942857142857,0.574603174603,0.865671641791,0.873589088037,0.828571428571,342,307,35,0,342,0,307,0,35,37,342,0.256756756757,1.72528881811,18.4864864865,15.5454545455,9.77142857143,5.36771015539,0.290358590277,0.142642642643,9.50849154237,1.02869645341,0.544491860281,8.05331334643,0.871264894205,0.461830251304,0.640599570326,0.371299902718,2,1.72528881811,0.640599570326,2,0.344071394247,0.376569037657,810,0.104247104247,0.56957682835,37,37,37,1,0,0.405405405405,0.540540540541,0.0540540540541,37,0.23048048048,1.72528053819,16.5945945946,13.9545454545,8.77142857143,4.63956091948,0.279582661271,0.139977110661,8.38936120222,1.01109564978,0.535082313584,7.46422901007,0.899597633135,0.479267541157,0.638901698395,0.370317571116,2,1.72528053819,0.638901698395,2,0.286937571017,0.301343196418,516,0.0664092664093,0.494880754664,37,37,37,1,0,0.405405405405,0.540540540541,0.0540540540541,37,336,0.252252252252,1.7232834728,18.1621621622,15.2727272727,9.6,5.1343803776,0.282696538648,0.139559202059,9.23874203311,1.01736147388,0.539092664093,8.11506958407,0.89362373396,0.472812097812,0.637696144731,0.370047154049,2,1.7232834728,0.637696144731,2,0.325118753204,0.350435624395,724,0.0931788931789,0.570853190263,37,37,37,1,0,0.405405405405,0.540540540541,0.0540540540541,-6,-0.0045045045045,-0.00200534531101,-0.324324324324,-0.272727272727,-0.171428571429,-0.233329777795,-0.00766205162962,-0.00308344058344,-0.269749509265,-0.0113349795307,-0.00539919618867,0.0617562376392,0.0223588397556,0.0109818465082,-0.00290342559533,-0.00125274866875,0,-0.00200534531101,-0.00290342559533,0,-0.0189526410433,-0.0261334132619,-86,-0.0110682110682,0.00127636191329,0,0,0,336,0,6,990,0.982456140351,1,0,0.0175438596491,1,0.982456140351,0.991150442478,0.988199235917,0.982456140351,0.982456140351,29,35,0,0,0,0
4040,WLNM_dir_neg,0.98693877551,0.919154543337,00:00:05,10,90,49,1241281884,threshold_sweep,0.8,1,0.828571428571,0.90625,29,0,6,70,0.828571428571,1,0,0.171428571429,1,0.828571428571,0.90625,0.942857142857,0.574603174603,0.865671641791,0.873589088037,0.828571428571,342,307,35,0,342,0,307,0,35,37,342,0.256756756757,1.72528881811,18.4864864865,15.5454545455,9.77142857143,5.36771015539,0.290358590277,0.142642642643,9.50849154237,1.02869645341,0.544491860281,8.05331334643,0.871264894205,0.461830251304,0.640599570326,0.371299902718,2,1.72528881811,0.640599570326,2,0.344071394247,0.376569037657,810,0.104247104247,0.56957682835,37,37,37,1,0,0.405405405405,0.540540540541,0.0540540540541,37,0.23048048048,1.72528053819,16.5945945946,13.9545454545,8.77142857143,4.63956091948,0.279582661271,0.139977110661,8.38936120222,1.01109564978,0.535082313584,7.46422901007,0.899597633135,0.479267541157,0.638901698395,0.370317571116,2,1.72528053819,0.638901698395,2,0.286937571017,0.301343196418,516,0.0664092664093,0.494880754664,37,37,37,1,0,0.405405405405,0.540540540541,0.0540540540541,37,336,0.252252252252,1.7232834728,18.1621621622,15.2727272727,9.6,5.1343803776,0.282696538648,0.139559202059,9.23874203311,1.01736147388,0.539092664093,8.11506958407,0.89362373396,0.472812097812,0.637696144731,0.370047154049,2,1.7232834728,0.637696144731,2,0.325118753204,0.350435624395,724,0.0931788931789,0.570853190263,37,37,37,1,0,0.405405405405,0.540540540541,0.0540540540541,-6,-0.0045045045045,-0.00200534531101,-0.324324324324,-0.272727272727,-0.171428571429,-0.233329777795,-0.00766205162962,-0.00308344058344,-0.269749509265,-0.0113349795307,-0.00539919618867,0.0617562376392,0.0223588397556,0.0109818465082,-0.00290342559533,-0.00125274866875,0,-0.00200534531101,-0.00290342559533,0,-0.0189526410433,-0.0261334132619,-86,-0.0110682110682,0.00127636191329,0,0,0,336,0,6,990,0.982456140351,1,0,0.0175438596491,1,0.982456140351,0.991150442478,0.988199235917,0.982456140351,0.982456140351,29,35,0,0,0,0
4041,WLNM_dir_neg,0.98693877551,0.919154543337,00:00:05,10,90,49,1241281884,threshold_sweep,0.9,1,0.828571428571,0.90625,29,0,6,70,0.828571428571,1,0,0.171428571429,1,0.828571428571,0.90625,0.942857142857,0.574603174603,0.865671641791,0.873589088037,0.828571428571,342,307,35,0,342,0,307,0,35,37,342,0.256756756757,1.72528881811,18.4864864865,15.5454545455,9.77142857143,5.36771015539,0.290358590277,0.142642642643,9.50849154237,1.02869645341,0.544491860281,8.05331334643,0.871264894205,0.461830251304,0.640599570326,0.371299902718,2,1.72528881811,0.640599570326,2,0.344071394247,0.376569037657,810,0.104247104247,0.56957682835,37,37,37,1,0,0.405405405405,0.540540540541,0.0540540540541,37,0.23048048048,1.72528053819,16.5945945946,13.9545454545,8.77142857143,4.63956091948,0.279582661271,0.139977110661,8.38936120222,1.01109564978,0.535082313584,7.46422901007,0.899597633135,0.479267541157,0.638901698395,0.370317571116,2,1.72528053819,0.638901698395,2,0.286937571017,0.301343196418,516,0.0664092664093,0.494880754664,37,37,37,1,0,0.405405405405,0.540540540541,0.0540540540541,37,336,0.252252252252,1.7232834728,18.1621621622,15.2727272727,9.6,5.1343803776,0.282696538648,0.139559202059,9.23874203311,1.01736147388,0.539092664093,8.11506958407,0.89362373396,0.472812097812,0.637696144731,0.370047154049,2,1.7232834728,0.637696144731,2,0.325118753204,0.350435624395,724,0.0931788931789,0.570853190263,37,37,37,1,0,0.405405405405,0.540540540541,0.0540540540541,-6,-0.0045045045045,-0.00200534531101,-0.324324324324,-0.272727272727,-0.171428571429,-0.233329777795,-0.00766205162962,-0.00308344058344,-0.269749509265,-0.0113349795307,-0.00539919618867,0.0617562376392,0.0223588397556,0.0109818465082,-0.00290342559533,-0.00125274866875,0,-0.00200534531101,-0.00290342559533,0,-0.0189526410433,-0.0261334132619,-86,-0.0110682110682,0.00127636191329,0,0,0,336,0,6,990,0.982456140351,1,0,0.0175438596491,1,0.982456140351,0.991150442478,0.988199235917,0.982456140351,0.982456140351,29,35,0,0,0,0
4042,WLNM_dir_neg,0.967551020408,0.89110519915,00:00:06,10,90,50,1241281885,threshold_sweep,0.1,1,0.657142857143,0.793103448276,23,0,12,70,0.657142857143,1,0,0.342857142857,1,0.657142857143,0.793103448276,0.885714285714,0.593650793651,0.71875,0.74898305038,0.657142857143,342,307,35,0,342,0,307,0,35,37,342,0.256756756757,1.72528881811,18.4864864865,15.5454545455,9.77142857143,5.36771015539,0.290358590277,0.142642642643,9.50849154237,1.02869645341,0.544491860281,8.05331334643,0.871264894205,0.461830251304,0.640599570326,0.371299902718,2,1.72528881811,0.640599570326,2,0.344071394247,0.376569037657,810,0.104247104247,0.56957682835,37,37,37,1,0,0.405405405405,0.540540540541,0.0540540540541,37,0.23048048048,1.72549486304,16.5945945946,13.9545454545,8.77142857143,4.67534585446,0.281739082435,0.134871027379,8.38936120222,1.01109564978,0.520468351087,7.46050662885,0.899149007386,0.482612906066,0.640793452843,0.371367928452,2,1.72549486304,0.640793452843,2,0.286495712673,0.299125364431,513,0.0660231660232,0.49969492981,37,37,37,1,0,0.405405405405,0.540540540541,0.0540540540541,37,330,0.247747747748,1.71905247026,17.8378378378,15,9.42857142857,4.95262844644,0.277647352301,0.132923832924,9.07799041142,1.01783528855,0.536281736282,8.03595523734,0.901001041763,0.476658476658,0.634271096642,0.368965524679,2,1.71905247026,0.634271096642,2,0.303586294429,0.32371203222,643,0.0827541827542,0.563364667102,37,37,37,1,0,0.405405405405,0.540540540541,0.0540540540541,-12,-0.00900900900901,-0.00623634785102,-0.648648648649,-0.545454545455,-0.342857142857,-0.415081708949,-0.0127112379765,-0.00971880971881,-0.43050113095,-0.0108611648612,-0.0082101239996,-0.0173581090915,0.0297361475578,0.0148282253545,-0.00632847368382,-0.00233437803839,0,-0.00623634785102,-0.00632847368382,0,-0.0404850998183,-0.0528570054367,-167,-0.0214929214929,-0.0062121612483,0,0,0,330,0,12,990,0.964912280702,1,0,0.0350877192982,1,0.964912280702,0.982142857143,0.976399736279,0.964912280702,0.964912280702,23,35,0,0,0,0
4043,WLNM_dir_neg,0.967551020408,0.89110519915,00:00:06,10,90,50,1241281885,threshold_sweep,0.2,1,0.657142857143,0.793103448276,23,0,12,70,0.657142857143,1,0,0.342857142857,1,0.657142857143,0.793103448276,0.885714285714,0.593650793651,0.71875,0.74898305038,0.657142857143,342,307,35,0,342,0,307,0,35,37,342,0.256756756757,1.72528881811,18.4864864865,15.5454545455,9.77142857143,5.36771015539,0.290358590277,0.142642642643,9.50849154237,1.02869645341,0.544491860281,8.05331334643,0.871264894205,0.461830251304,0.640599570326,0.371299902718,2,1.72528881811,0.640599570326,2,0.344071394247,0.376569037657,810,0.104247104247,0.56957682835,37,37,37,1,0,0.405405405405,0.540540540541,0.0540540540541,37,0.23048048048,1.72549486304,16.5945945946,13.9545454545,8.77142857143,4.67534585446,0.281739082435,0.134871027379,8.38936120222,1.01109564978,0.520468351087,7.46050662885,0.899149007386,0.482612906066,0.640793452843,0.371367928452,2,1.72549486304,0.640793452843,2,0.286495712673,0.299125364431,513,0.0660231660232,0.49969492981,37,37,37,1,0,0.405405405405,0.540540540541,0.0540540540541,37,330,0.247747747748,1.71905247026,17.8378378378,15,9.42857142857,4.95262844644,0.277647352301,0.132923832924,9.07799041142,1.01783528855,0.536281736282,8.03595523734,0.901001041763,0.476658476658,0.634271096642,0.368965524679,2,1.71905247026,0.634271096642,2,0.303586294429,0.32371203222,643,0.0827541827542,0.563364667102,37,37,37,1,0,0.405405405405,0.540540540541,0.0540540540541,-12,-0.00900900900901,-0.00623634785102,-0.648648648649,-0.545454545455,-0.342857142857,-0.415081708949,-0.0127112379765,-0.00971880971881,-0.43050113095,-0.0108611648612,-0.0082101239996,-0.0173581090915,0.0297361475578,0.0148282253545,-0.00632847368382,-0.00233437803839,0,-0.00623634785102,-0.00632847368382,0,-0.0404850998183,-0.0528570054367,-167,-0.0214929214929,-0.0062121612483,0,0,0,330,0,12,990,0.964912280702,1,0,0.0350877192982,1,0.964912280702,0.982142857143,0.976399736279,0.964912280702,0.964912280702,23,35,0,0,0,0
4044,WLNM_dir_neg,0.967551020408,0.89110519915,00:00:06,10,90,50,1241281885,threshold_sweep,0.3,1,0.657142857143,0.793103448276,23,0,12,70,0.657142857143,1,0,0.342857142857,1,0.657142857143,0.793103448276,0.885714285714,0.593650793651,0.71875,0.74898305038,0.657142857143,342,307,35,0,342,0,307,0,35,37,342,0.256756756757,1.72528881811,18.4864864865,15.5454545455,9.77142857143,5.36771015539,0.290358590277,0.142642642643,9.50849154237,1.02869645341,0.544491860281,8.05331334643,0.871264894205,0.461830251304,0.640599570326,0.371299902718,2,1.72528881811,0.640599570326,2,0.344071394247,0.376569037657,810,0.104247104247,0.56957682835,37,37,37,1,0,0.405405405405,0.540540540541,0.0540540540541,37,0.23048048048,1.72549486304,16.5945945946,13.9545454545,8.77142857143,4.67534585446,0.281739082435,0.134871027379,8.38936120222,1.01109564978,0.520468351087,7.46050662885,0.899149007386,0.482612906066,0.640793452843,0.371367928452,2,1.72549486304,0.640793452843,2,0.286495712673,0.299125364431,513,0.0660231660232,0.49969492981,37,37,37,1,0,0.405405405405,0.540540540541,0.0540540540541,37,330,0.247747747748,1.71905247026,17.8378378378,15,9.42857142857,4.95262844644,0.277647352301,0.132923832924,9.07799041142,1.01783528855,0.536281736282,8.03595523734,0.901001041763,0.476658476658,0.634271096642,0.368965524679,2,1.71905247026,0.634271096642,2,0.303586294429,0.32371203222,643,0.0827541827542,0.563364667102,37,37,37,1,0,0.405405405405,0.540540540541,0.0540540540541,-12,-0.00900900900901,-0.00623634785102,-0.648648648649,-0.545454545455,-0.342857142857,-0.415081708949,-0.0127112379765,-0.00971880971881,-0.43050113095,-0.0108611648612,-0.0082101239996,-0.0173581090915,0.0297361475578,0.0148282253545,-0.00632847368382,-0.00233437803839,0,-0.00623634785102,-0.00632847368382,0,-0.0404850998183,-0.0528570054367,-167,-0.0214929214929,-0.0062121612483,0,0,0,330,0,12,990,0.964912280702,1,0,0.0350877192982,1,0.964912280702,0.982142857143,0.976399736279,0.964912280702,0.964912280702,23,35,0,0,0,0
4045,WLNM_dir_neg,0.967551020408,0.89110519915,00:00:06,10,90,50,1241281885,threshold_sweep,0.4,1,0.657142857143,0.793103448276,23,0,12,70,0.657142857143,1,0,0.342857142857,1,0.657142857143,0.793103448276,0.885714285714,0.593650793651,0.71875,0.74898305038,0.657142857143,342,307,35,0,342,0,307,0,35,37,342,0.256756756757,1.72528881811,18.4864864865,15.5454545455,9.77142857143,5.36771015539,0.290358590277,0.142642642643,9.50849154237,1.02869645341,0.544491860281,8.05331334643,0.871264894205,0.461830251304,0.640599570326,0.371299902718,2,1.72528881811,0.640599570326,2,0.344071394247,0.376569037657,810,0.104247104247,0.56957682835,37,37,37,1,0,0.405405405405,0.540540540541,0.0540540540541,37,0.23048048048,1.72549486304,16.5945945946,13.9545454545,8.77142857143,4.67534585446,0.281739082435,0.134871027379,8.38936120222,1.01109564978,0.520468351087,7.46050662885,0.899149007386,0.482612906066,0.640793452843,0.371367928452,2,1.72549486304,0.640793452843,2,0.286495712673,0.299125364431,513,0.0660231660232,0.49969492981,37,37,37,1,0,0.405405405405,0.540540540541,0.0540540540541,37,330,0.247747747748,1.71905247026,17.8378378378,15,9.42857142857,4.95262844644,0.277647352301,0.132923832924,9.07799041142,1.01783528855,0.536281736282,8.03595523734,0.901001041763,0.476658476658,0.634271096642,0.368965524679,2,1.71905247026,0.634271096642,2,0.303586294429,0.32371203222,643,0.0827541827542,0.563364667102,37,37,37,1,0,0.405405405405,0.540540540541,0.0540540540541,-12,-0.00900900900901,-0.00623634785102,-0.648648648649,-0.545454545455,-0.342857142857,-0.415081708949,-0.0127112379765,-0.00971880971881,-0.43050113095,-0.0108611648612,-0.0082101239996,-0.0173581090915,0.0297361475578,0.0148282253545,-0.00632847368382,-0.00233437803839,0,-0.00623634785102,-0.00632847368382,0,-0.0404850998183,-0.0528570054367,-167,-0.0214929214929,-0.0062121612483,0,0,0,330,0,12,990,0.964912280702,1,0,0.0350877192982,1,0.964912280702,0.982142857143,0.976399736279,0.964912280702,0.964912280702,23,35,0,0,0,0
4046,WLNM_dir_neg,0.967551020408,0.89110519915,00:00:06,10,90,50,1241281885,threshold_sweep,0.5,1,0.657142857143,0.793103448276,23,0,12,70,0.657142857143,1,0,0.342857142857,1,0.657142857143,0.793103448276,0.885714285714,0.593650793651,0.71875,0.74898305038,0.657142857143,342,307,35,0,342,0,307,0,35,37,342,0.256756756757,1.72528881811,18.4864864865,15.5454545455,9.77142857143,5.36771015539,0.290358590277,0.142642642643,9.50849154237,1.02869645341,0.544491860281,8.05331334643,0.871264894205,0.461830251304,0.640599570326,0.371299902718,2,1.72528881811,0.640599570326,2,0.344071394247,0.376569037657,810,0.104247104247,0.56957682835,37,37,37,1,0,0.405405405405,0.540540540541,0.0540540540541,37,0.23048048048,1.72549486304,16.5945945946,13.9545454545,8.77142857143,4.67534585446,0.281739082435,0.134871027379,8.38936120222,1.01109564978,0.520468351087,7.46050662885,0.899149007386,0.482612906066,0.640793452843,0.371367928452,2,1.72549486304,0.640793452843,2,0.286495712673,0.299125364431,513,0.0660231660232,0.49969492981,37,37,37,1,0,0.405405405405,0.540540540541,0.0540540540541,37,330,0.247747747748,1.71905247026,17.8378378378,15,9.42857142857,4.95262844644,0.277647352301,0.132923832924,9.07799041142,1.01783528855,0.536281736282,8.03595523734,0.901001041763,0.476658476658,0.634271096642,0.368965524679,2,1.71905247026,0.634271096642,2,0.303586294429,0.32371203222,643,0.0827541827542,0.563364667102,37,37,37,1,0,0.405405405405,0.540540540541,0.0540540540541,-12,-0.00900900900901,-0.00623634785102,-0.648648648649,-0.545454545455,-0.342857142857,-0.415081708949,-0.0127112379765,-0.00971880971881,-0.43050113095,-0.0108611648612,-0.0082101239996,-0.0173581090915,0.0297361475578,0.0148282253545,-0.00632847368382,-0.00233437803839,0,-0.00623634785102,-0.00632847368382,0,-0.0404850998183,-0.0528570054367,-167,-0.0214929214929,-0.0062121612483,0,0,0,330,0,12,990,0.964912280702,1,0,0.0350877192982,1,0.964912280702,0.982142857143,0.976399736279,0.964912280702,0.964912280702,23,35,0,0,0,0
4047,WLNM_dir_neg,0.967551020408,0.89110519915,00:00:06,10,90,50,1241281885,threshold_sweep,0.6,1,0.657142857143,0.793103448276,23,0,12,70,0.657142857143,1,0,0.342857142857,1,0.657142857143,0.793103448276,0.885714285714,0.593650793651,0.71875,0.74898305038,0.657142857143,342,307,35,0,342,0,307,0,35,37,342,0.256756756757,1.72528881811,18.4864864865,15.5454545455,9.77142857143,5.36771015539,0.290358590277,0.142642642643,9.50849154237,1.02869645341,0.544491860281,8.05331334643,0.871264894205,0.461830251304,0.640599570326,0.371299902718,2,1.72528881811,0.640599570326,2,0.344071394247,0.376569037657,810,0.104247104247,0.56957682835,37,37,37,1,0,0.405405405405,0.540540540541,0.0540540540541,37,0.23048048048,1.72549486304,16.5945945946,13.9545454545,8.77142857143,4.67534585446,0.281739082435,0.134871027379,8.38936120222,1.01109564978,0.520468351087,7.46050662885,0.899149007386,0.482612906066,0.640793452843,0.371367928452,2,1.72549486304,0.640793452843,2,0.286495712673,0.299125364431,513,0.0660231660232,0.49969492981,37,37,37,1,0,0.405405405405,0.540540540541,0.0540540540541,37,330,0.247747747748,1.71905247026,17.8378378378,15,9.42857142857,4.95262844644,0.277647352301,0.132923832924,9.07799041142,1.01783528855,0.536281736282,8.03595523734,0.901001041763,0.476658476658,0.634271096642,0.368965524679,2,1.71905247026,0.634271096642,2,0.303586294429,0.32371203222,643,0.0827541827542,0.563364667102,37,37,37,1,0,0.405405405405,0.540540540541,0.0540540540541,-12,-0.00900900900901,-0.00623634785102,-0.648648648649,-0.545454545455,-0.342857142857,-0.415081708949,-0.0127112379765,-0.00971880971881,-0.43050113095,-0.0108611648612,-0.0082101239996,-0.0173581090915,0.0297361475578,0.0148282253545,-0.00632847368382,-0.00233437803839,0,-0.00623634785102,-0.00632847368382,0,-0.0404850998183,-0.0528570054367,-167,-0.0214929214929,-0.0062121612483,0,0,0,330,0,12,990,0.964912280702,1,0,0.0350877192982,1,0.964912280702,0.982142857143,0.976399736279,0.964912280702,0.964912280702,23,35,0,0,0,0
4048,WLNM_dir_neg,0.967551020408,0.89110519915,00:00:06,10,90,50,1241281885,threshold_sweep,0.7,1,0.657142857143,0.793103448276,23,0,12,70,0.657142857143,1,0,0.342857142857,1,0.657142857143,0.793103448276,0.885714285714,0.593650793651,0.71875,0.74898305038,0.657142857143,342,307,35,0,342,0,307,0,35,37,342,0.256756756757,1.72528881811,18.4864864865,15.5454545455,9.77142857143,5.36771015539,0.290358590277,0.142642642643,9.50849154237,1.02869645341,0.544491860281,8.05331334643,0.871264894205,0.461830251304,0.640599570326,0.371299902718,2,1.72528881811,0.640599570326,2,0.344071394247,0.376569037657,810,0.104247104247,0.56957682835,37,37,37,1,0,0.405405405405,0.540540540541,0.0540540540541,37,0.23048048048,1.72549486304,16.5945945946,13.9545454545,8.77142857143,4.67534585446,0.281739082435,0.134871027379,8.38936120222,1.01109564978,0.520468351087,7.46050662885,0.899149007386,0.482612906066,0.640793452843,0.371367928452,2,1.72549486304,0.640793452843,2,0.286495712673,0.299125364431,513,0.0660231660232,0.49969492981,37,37,37,1,0,0.405405405405,0.540540540541,0.0540540540541,37,330,0.247747747748,1.71905247026,17.8378378378,15,9.42857142857,4.95262844644,0.277647352301,0.132923832924,9.07799041142,1.01783528855,0.536281736282,8.03595523734,0.901001041763,0.476658476658,0.634271096642,0.368965524679,2,1.71905247026,0.634271096642,2,0.303586294429,0.32371203222,643,0.0827541827542,0.563364667102,37,37,37,1,0,0.405405405405,0.540540540541,0.0540540540541,-12,-0.00900900900901,-0.00623634785102,-0.648648648649,-0.545454545455,-0.342857142857,-0.415081708949,-0.0127112379765,-0.00971880971881,-0.43050113095,-0.0108611648612,-0.0082101239996,-0.0173581090915,0.0297361475578,0.0148282253545,-0.00632847368382,-0.00233437803839,0,-0.00623634785102,-0.00632847368382,0,-0.0404850998183,-0.0528570054367,-167,-0.0214929214929,-0.0062121612483,0,0,0,330,0,12,990,0.964912280702,1,0,0.0350877192982,1,0.964912280702,0.982142857143,0.976399736279,0.964912280702,0.964912280702,23,35,0,0,0,0
4049,WLNM_dir_neg,0.967551020408,0.89110519915,00:00:06,10,90,50,1241281885,threshold_sweep,0.8,1,0.657142857143,0.793103448276,23,0,12,70,0.657142857143,1,0,0.342857142857,1,0.657142857143,0.793103448276,0.885714285714,0.593650793651,0.71875,0.74898305038,0.657142857143,342,307,35,0,342,0,307,0,35,37,342,0.256756756757,1.72528881811,18.4864864865,15.5454545455,9.77142857143,5.36771015539,0.290358590277,0.142642642643,9.50849154237,1.02869645341,0.544491860281,8.05331334643,0.871264894205,0.461830251304,0.640599570326,0.371299902718,2,1.72528881811,0.640599570326,2,0.344071394247,0.376569037657,810,0.104247104247,0.56957682835,37,37,37,1,0,0.405405405405,0.540540540541,0.0540540540541,37,0.23048048048,1.72549486304,16.5945945946,13.9545454545,8.77142857143,4.67534585446,0.281739082435,0.134871027379,8.38936120222,1.01109564978,0.520468351087,7.46050662885,0.899149007386,0.482612906066,0.640793452843,0.371367928452,2,1.72549486304,0.640793452843,2,0.286495712673,0.299125364431,513,0.0660231660232,0.49969492981,37,37,37,1,0,0.405405405405,0.540540540541,0.0540540540541,37,330,0.247747747748,1.71905247026,17.8378378378,15,9.42857142857,4.95262844644,0.277647352301,0.132923832924,9.07799041142,1.01783528855,0.536281736282,8.03595523734,0.901001041763,0.476658476658,0.634271096642,0.368965524679,2,1.71905247026,0.634271096642,2,0.303586294429,0.32371203222,643,0.0827541827542,0.563364667102,37,37,37,1,0,0.405405405405,0.540540540541,0.0540540540541,-12,-0.00900900900901,-0.00623634785102,-0.648648648649,-0.545454545455,-0.342857142857,-0.415081708949,-0.0127112379765,-0.00971880971881,-0.43050113095,-0.0108611648612,-0.0082101239996,-0.0173581090915,0.0297361475578,0.0148282253545,-0.00632847368382,-0.00233437803839,0,-0.00623634785102,-0.00632847368382,0,-0.0404850998183,-0.0528570054367,-167,-0.0214929214929,-0.0062121612483,0,0,0,330,0,12,990,0.964912280702,1,0,0.0350877192982,1,0.964912280702,0.982142857143,0.976399736279,0.964912280702,0.964912280702,23,35,0,0,0,0
4050,WLNM_dir_neg,0.967551020408,0.89110519915,00:00:06,10,90,50,1241281885,threshold_sweep,0.9,1,0.657142857143,0.793103448276,23,0,12,70,0.657142857143,1,0,0.342857142857,1,0.657142857143,0.793103448276,0.885714285714,0.593650793651,0.71875,0.74898305038,0.657142857143,342,307,35,0,342,0,307,0,35,37,342,0.256756756757,1.72528881811,18.4864864865,15.5454545455,9.77142857143,5.36771015539,0.290358590277,0.142642642643,9.50849154237,1.02869645341,0.544491860281,8.05331334643,0.871264894205,0.461830251304,0.640599570326,0.371299902718,2,1.72528881811,0.640599570326,2,0.344071394247,0.376569037657,810,0.104247104247,0.56957682835,37,37,37,1,0,0.405405405405,0.540540540541,0.0540540540541,37,0.23048048048,1.72549486304,16.5945945946,13.9545454545,8.77142857143,4.67534585446,0.281739082435,0.134871027379,8.38936120222,1.01109564978,0.520468351087,7.46050662885,0.899149007386,0.482612906066,0.640793452843,0.371367928452,2,1.72549486304,0.640793452843,2,0.286495712673,0.299125364431,513,0.0660231660232,0.49969492981,37,37,37,1,0,0.405405405405,0.540540540541,0.0540540540541,37,330,0.247747747748,1.71905247026,17.8378378378,15,9.42857142857,4.95262844644,0.277647352301,0.132923832924,9.07799041142,1.01783528855,0.536281736282,8.03595523734,0.901001041763,0.476658476658,0.634271096642,0.368965524679,2,1.71905247026,0.634271096642,2,0.303586294429,0.32371203222,643,0.0827541827542,0.563364667102,37,37,37,1,0,0.405405405405,0.540540540541,0.0540540540541,-12,-0.00900900900901,-0.00623634785102,-0.648648648649,-0.545454545455,-0.342857142857,-0.415081708949,-0.0127112379765,-0.00971880971881,-0.43050113095,-0.0108611648612,-0.0082101239996,-0.0173581090915,0.0297361475578,0.0148282253545,-0.00632847368382,-0.00233437803839,0,-0.00623634785102,-0.00632847368382,0,-0.0404850998183,-0.0528570054367,-167,-0.0214929214929,-0.0062121612483,0,0,0,330,0,12,990,0.964912280702,1,0,0.0350877192982,1,0.964912280702,0.982142857143,0.976399736279,0.964912280702,0.964912280702,23,35,0,0,0,0
