Iteration,Version,ROC_AUC,PR_AUC,TimeElapsed,K,TrainRatio,ExperimentID,Seed,ThresholdMode,Threshold,Precision,Recall,F1Score,TestTP,TestFP,TestFN,TestTN,TestTPR,TestTNR,TestFPR,TestFNR,TestPrecision,TestRecall,TestF1Score,TestAccuracy,TestExpectedAccuracy,TestKappa,TestMCC,TestTSS,TotalLinks,TrainLinks,TestLinks,BackboneTotal,NonBackboneTotal,BackboneTrainLinks,NonBackboneTrainLinks,BackboneTestLinks,NonBackboneTestLinks,EmpiricalNumSpecies,EmpiricalLinks,EmpiricalConnectance,EmpiricalMeanTrophicLevel,EmpiricalMeanDegree,EmpiricalMeanGenerality,EmpiricalMeanVulnerability,EmpiricalDegreeStd,EmpiricalDegreeCV,EmpiricalDegreeGini,EmpiricalGeneralityStd,EmpiricalGeneralityCV,EmpiricalGeneralityGini,EmpiricalVulnerabilityStd,EmpiricalVulnerabilityCV,EmpiricalVulnerabilityGini,EmpiricalTrophicLevelStd,EmpiricalTrophicLevelCV,EmpiricalTrophicLevelRange,EmpiricalNetworkXMeanTrophicLevel,EmpiricalNetworkXTrophicLevelStd,EmpiricalNetworkXTrophicLevelRange,EmpiricalMeanLocalClustering,EmpiricalTransitivity,EmpiricalNumTriangles,EmpiricalTriangleDensity,EmpiricalMeanDietOverlap,EmpiricalNetworkXTrophicLevelNumSpeciesFull,EmpiricalNetworkXTrophicLevelNumSpeciesLargest,EmpiricalNetworkXTrophicLevelNumSpeciesWithLevel,EmpiricalNetworkXTrophicLevelLargestFraction,EmpiricalNetworkXTrophicLevelStatusCode,EmpiricalPropBasal,EmpiricalPropIntermediate,EmpiricalPropTop,PseudoNumSpecies,PseudoLinks,PseudoConnectance,PseudoMeanTrophicLevel,PseudoMeanDegree,PseudoMeanGenerality,PseudoMeanVulnerability,PseudoDegreeStd,PseudoDegreeCV,PseudoDegreeGini,PseudoGeneralityStd,PseudoGeneralityCV,PseudoGeneralityGini,PseudoVulnerabilityStd,PseudoVulnerabilityCV,PseudoVulnerabilityGini,PseudoTrophicLevelStd,PseudoTrophicLevelCV,PseudoTrophicLevelRange,PseudoNetworkXMeanTrophicLevel,PseudoNetworkXTrophicLevelStd,PseudoNetworkXTrophicLevelRange,PseudoMeanLocalClustering,PseudoTransitivity,PseudoNumTriangles,PseudoTriangleDensity,PseudoMeanDietOverlap,PseudoNetworkXTrophicLevelNumSpeciesFull,PseudoNetworkXTrophicLevelNumSpeciesLargest,PseudoNetworkXTrophicLevelNumSpeciesWithLevel,PseudoNetworkXTrophicLevelLargestFraction,PseudoNetworkXTrophicLevelStatusCode,PseudoPropBasal,PseudoPropIntermediate,PseudoPropTop,DeltaLinks,DeltaConnectance,DeltaMeanTrophicLevel,DeltaMeanDegree,DeltaMeanGenerality,DeltaMeanVulnerability,DeltaDegreeStd,DeltaDegreeCV,DeltaDegreeGini,DeltaGeneralityStd,DeltaGeneralityCV,DeltaGeneralityGini,DeltaVulnerabilityStd,DeltaVulnerabilityCV,DeltaVulnerabilityGini,DeltaTrophicLevelStd,DeltaTrophicLevelCV,DeltaTrophicLevelRange,DeltaNetworkXMeanTrophicLevel,DeltaNetworkXTrophicLevelStd,DeltaNetworkXTrophicLevelRange,DeltaMeanLocalClustering,DeltaTransitivity,DeltaNumTriangles,DeltaTriangleDensity,DeltaMeanDietOverlap,DeltaPropBasal,DeltaPropIntermediate,DeltaPropTop,PseudoTP,PseudoFP,PseudoFN,PseudoTN,PseudoTPR,PseudoTNR,PseudoFPR,PseudoFNR,PseudoPrecision,PseudoRecall,PseudoF1Score,PseudoMCC,PseudoTSS,PseudoJaccardLinks,NumPredictedNovelLinks,NumTrueNovelLinks,EvaluateOnAllUnseen,CvK,FoldID,NumFolds
1,WLNM_dir_neg_kfold,0.826498132639,0.506098239312,00:00:29,10,66.6666666667,1,13346,fixed,0.5,1,0.122340425532,0.218009478673,23,0,165,376,0.122340425532,1,0,0.877659574468,1,0.122340425532,0.218009478673,0.707446808511,0.653073286052,0.156729131175,0.291595141305,0.122340425532,565,377,188,0,565,0,377,0,188,95,564,0.0631578947368,1.51383458647,11.8736842105,13.756097561,7.83333333333,8.97780016801,0.756109056703,0.427230309817,8.8855734454,1.49668347041,0.722807017544,7.68365289667,1.29423231416,0.646173945502,0.642127178975,0.424172617482,2.16666666667,NaN,NaN,NaN,0.0226317956796,0.00423344420925,14,0.000101145107105,0.206159134324,NaN,NaN,NaN,NaN,NaN,0.568421052632,0.189473684211,0.242105263158,95,399,0.0446808510638,1.52274322169,8.4,9.73170731707,6.04545454545,6.54021926889,0.77859753201,0.43696082311,6.09778473902,1.45185350929,0.710038253529,5.71783324532,1.36138886793,0.664292309722,0.666103393671,0.437436452964,2.31060606061,NaN,NaN,NaN,0.0318013151523,0.00785815031231,13,9.39204565979e-05,0.145559180633,NaN,NaN,NaN,NaN,NaN,0.526315789474,0.168421052632,0.263157894737,-165,-0.018477043673,0.00890863522442,-3.47368421053,-4.0243902439,-1.78787878788,-2.43758089912,0.0224884753075,0.00973051329331,-2.78778870638,-0.0448299611224,-0.0127687640153,-1.96581965135,0.0671565537777,0.0181183642196,0.0239762146955,0.0132638354822,0.143939393939,NaN,NaN,NaN,0.00916951947276,0.00362470610306,-1,-7.22465050753e-06,-0.0605999536917,-0.0421052631579,-0.0210526315789,0.0210526315789,399,0,165,8366,0.707446808511,1,0,0.292553191489,1,0.707446808511,0.828660436137,0.832924918478,0.707446808511,0.707446808511,23,188,0,3,1,3
2,WLNM_dir_neg_kfold,0.845447600724,0.581246301045,00:00:33,10,66.6666666667,2,13347,fixed,0.5,1,0.132978723404,0.234741784038,25,0,163,376,0.132978723404,1,0,0.867021276596,1,0.132978723404,0.234741784038,0.710992907801,0.651891252955,0.169779286927,0.304572451937,0.132978723404,565,377,188,0,565,0,377,0,188,95,564,0.0631578947368,1.51383458647,11.8736842105,13.756097561,7.83333333333,8.97780016801,0.756109056703,0.427230309817,8.8855734454,1.49668347041,0.722807017544,7.68365289667,1.29423231416,0.646173945502,0.642127178975,0.424172617482,2.16666666667,NaN,NaN,NaN,0.0226317956796,0.00423344420925,14,0.000101145107105,0.206159134324,NaN,NaN,NaN,NaN,NaN,0.568421052632,0.189473684211,0.242105263158,95,401,0.0449048152296,1.52226475279,8.44210526316,9.78048780488,6.07575757576,6.51955452967,0.772266434313,0.433705210658,6.08831973356,1.44237001169,0.707599422496,5.71891030271,1.35485406174,0.662816642604,0.66080803294,0.434095338362,2.26515151515,NaN,NaN,NaN,0.0225723890372,0.00782818145323,13,9.39204565979e-05,0.148012195098,NaN,NaN,NaN,NaN,NaN,0.526315789474,0.168421052632,0.263157894737,-163,-0.0182530795073,0.0084301663249,-3.43157894737,-3.9756097561,-1.75757575758,-2.45824563833,0.0161573776103,0.00647490084047,-2.79725371184,-0.0543134587213,-0.0152075950475,-1.96474259396,0.0606217475828,0.016642697102,0.0186808539644,0.00992272088076,0.0984848484848,NaN,NaN,NaN,-5.94066423607e-05,0.00359473724398,-1,-7.22465050753e-06,-0.0581469392265,-0.0421052631579,-0.0210526315789,0.0210526315789,401,0,163,8366,0.710992907801,1,0,0.289007092199,1,0.710992907801,0.831088082902,0.835107736877,0.710992907801,0.710992907801,25,188,0,3,1,3
3,WLNM_dir_neg_kfold,0.580466274332,0.304855154891,00:00:33,10,66.6666666667,3,13348,fixed,0.5,0.964285714286,0.143617021277,0.25,27,1,161,375,0.143617021277,0.997340425532,0.00265957446809,0.856382978723,0.964285714286,0.143617021277,0.25,0.712765957447,0.65011820331,0.179054054054,0.305914076457,0.140957446809,565,377,188,0,565,0,377,0,188,95,564,0.0631578947368,1.51383458647,11.8736842105,13.756097561,7.83333333333,8.97780016801,0.756109056703,0.427230309817,8.8855734454,1.49668347041,0.722807017544,7.68365289667,1.29423231416,0.646173945502,0.642127178975,0.424172617482,2.16666666667,NaN,NaN,NaN,0.0226317956796,0.00423344420925,14,0.000101145107105,0.206159134324,NaN,NaN,NaN,NaN,NaN,0.568421052632,0.189473684211,0.242105263158,95,404,0.0452407614782,1.5723491971,8.50526315789,9.61904761905,6.12121212121,6.54749210427,0.769816522161,0.432386659719,6.0879518637,1.43157283924,0.704429390307,5.7073458098,1.34207389092,0.658832725378,0.705999404934,0.449009295287,2.33712121212,NaN,NaN,NaN,0.0308901201238,0.00832177531207,14,0.000101145107105,0.140847333428,NaN,NaN,NaN,NaN,NaN,0.515789473684,0.178947368421,0.263157894737,-160,-0.0179171332587,0.058514610633,-3.36842105263,-4.13704994193,-1.71212121212,-2.43030806373,0.0137074654583,0.00515634990151,-2.7976215817,-0.0651106311759,-0.0183776272364,-1.97630708687,0.0478415767622,0.0126587798757,0.0638722259587,0.0248366778052,0.170454545455,NaN,NaN,NaN,0.00825832444425,0.00408833110281,0,0,-0.0653118008968,-0.0526315789474,-0.0105263157895,0.0210526315789,403,1,161,8365,0.714539007092,0.999880468563,0.000119531436768,0.285460992908,0.997524752475,0.714539007092,0.832644628099,0.836158137473,0.714419475655,0.713274336283,28,188,0,3,1,3
4,WLNM_dir_neg_kfold,0.828393786781,0.535482875142,00:00:30,10,66.6666666667,4,13349,fixed,0.5,1,0.122340425532,0.218009478673,23,0,165,376,0.122340425532,1,0,0.877659574468,1,0.122340425532,0.218009478673,0.707446808511,0.653073286052,0.156729131175,0.291595141305,0.122340425532,565,377,188,0,565,0,377,0,188,95,564,0.0631578947368,1.51383458647,11.8736842105,13.756097561,7.83333333333,8.97780016801,0.756109056703,0.427230309817,8.8855734454,1.49668347041,0.722807017544,7.68365289667,1.29423231416,0.646173945502,0.642127178975,0.424172617482,2.16666666667,NaN,NaN,NaN,0.0226317956796,0.00423344420925,14,0.000101145107105,0.206159134324,NaN,NaN,NaN,NaN,NaN,0.568421052632,0.189473684211,0.242105263158,95,399,0.0446808510638,1.52800637959,8.4,9.73170731707,6.04545454545,6.54509723933,0.779178242778,0.437251022293,6.09603987255,1.45143806489,0.709932726553,5.72712842531,1.36360200603,0.665400342963,0.671864949061,0.439700355991,2.31060606061,NaN,NaN,NaN,0.0313443188618,0.00785340314136,13,9.39204565979e-05,0.147804222177,NaN,NaN,NaN,NaN,NaN,0.526315789474,0.168421052632,0.263157894737,-165,-0.018477043673,0.0141717931192,-3.47368421053,-4.0243902439,-1.78787878788,-2.43270292867,0.0230691860752,0.0100207124755,-2.78953357285,-0.0452454055208,-0.0128742909906,-1.95652447136,0.0693696918709,0.0192263974606,0.0297377700854,0.0155277385099,0.143939393939,NaN,NaN,NaN,0.0087125231822,0.00361995893211,-1,-7.22465050753e-06,-0.0583549121479,-0.0421052631579,-0.0210526315789,0.0210526315789,399,0,165,8366,0.707446808511,1,0,0.292553191489,1,0.707446808511,0.828660436137,0.832924918478,0.707446808511,0.707446808511,23,188,0,3,1,3
5,WLNM_dir_neg_kfold,0.588975497963,0.305841440109,00:00:32,10,66.6666666667,5,13350,fixed,0.5,1,0.127659574468,0.22641509434,24,0,164,376,0.127659574468,1,0,0.872340425532,1,0.127659574468,0.22641509434,0.709219858156,0.652482269504,0.163265306122,0.298142397,0.127659574468,565,377,188,0,565,0,377,0,188,95,564,0.0631578947368,1.51383458647,11.8736842105,13.756097561,7.83333333333,8.97780016801,0.756109056703,0.427230309817,8.8855734454,1.49668347041,0.722807017544,7.68365289667,1.29423231416,0.646173945502,0.642127178975,0.424172617482,2.16666666667,NaN,NaN,NaN,0.0226317956796,0.00423344420925,14,0.000101145107105,0.206159134324,NaN,NaN,NaN,NaN,NaN,0.568421052632,0.189473684211,0.242105263158,95,400,0.0447928331467,1.52800637959,8.42105263158,9.75609756098,6.06060606061,6.53888361115,0.776492428824,0.435921052632,6.09306326348,1.44710252508,0.708842105263,5.72210111842,1.35899901562,0.663894736842,0.671864949061,0.439700355991,2.31060606061,NaN,NaN,NaN,0.0313443188618,0.00783447167537,13,9.39204565979e-05,0.147501689344,NaN,NaN,NaN,NaN,NaN,0.526315789474,0.168421052632,0.263157894737,-164,-0.0183650615901,0.0141717931192,-3.45263157895,-4,-1.77272727273,-2.43891655686,0.0203833721215,0.00869074281448,-2.79251018191,-0.0495809453352,-0.0139649122807,-1.96155177825,0.064766701469,0.0177207913401,0.0297377700854,0.0155277385099,0.143939393939,NaN,NaN,NaN,0.0087125231822,0.00360102746612,-1,-7.22465050753e-06,-0.0586574449809,-0.0421052631579,-0.0210526315789,0.0210526315789,400,0,164,8366,0.709219858156,1,0,0.290780141844,1,0.709219858156,0.829875518672,0.834016913847,0.709219858156,0.709219858156,24,188,0,3,1,3
6,WLNM_dir_neg_kfold,0.706909234948,0.453816484042,00:00:32,10,66.6666666667,6,13351,fixed,0.5,1,0.122340425532,0.218009478673,23,0,165,376,0.122340425532,1,0,0.877659574468,1,0.122340425532,0.218009478673,0.707446808511,0.653073286052,0.156729131175,0.291595141305,0.122340425532,565,377,188,0,565,0,377,0,188,95,564,0.0631578947368,1.51383458647,11.8736842105,13.756097561,7.83333333333,8.97780016801,0.756109056703,0.427230309817,8.8855734454,1.49668347041,0.722807017544,7.68365289667,1.29423231416,0.646173945502,0.642127178975,0.424172617482,2.16666666667,NaN,NaN,NaN,0.0226317956796,0.00423344420925,14,0.000101145107105,0.206159134324,NaN,NaN,NaN,NaN,NaN,0.568421052632,0.189473684211,0.242105263158,95,399,0.0446808510638,1.52274322169,8.4,9.73170731707,6.04545454545,6.54021926889,0.77859753201,0.43696082311,6.09778473902,1.45185350929,0.710038253529,5.71783324532,1.36138886793,0.664292309722,0.666103393671,0.437436452964,2.31060606061,NaN,NaN,NaN,0.0318013151523,0.00785815031231,13,9.39204565979e-05,0.145559180633,NaN,NaN,NaN,NaN,NaN,0.526315789474,0.168421052632,0.263157894737,-165,-0.018477043673,0.00890863522442,-3.47368421053,-4.0243902439,-1.78787878788,-2.43758089912,0.0224884753075,0.00973051329331,-2.78778870638,-0.0448299611224,-0.0127687640153,-1.96581965135,0.0671565537777,0.0181183642196,0.0239762146955,0.0132638354822,0.143939393939,NaN,NaN,NaN,0.00916951947276,0.00362470610306,-1,-7.22465050753e-06,-0.0605999536917,-0.0421052631579,-0.0210526315789,0.0210526315789,399,0,165,8366,0.707446808511,1,0,0.292553191489,1,0.707446808511,0.828660436137,0.832924918478,0.707446808511,0.707446808511,23,188,0,3,1,3
7,WLNM_dir_neg_kfold,0.832064848348,0.473204321872,00:00:30,10,66.6666666667,7,13352,fixed,0.5,1,0.122340425532,0.218009478673,23,0,165,376,0.122340425532,1,0,0.877659574468,1,0.122340425532,0.218009478673,0.707446808511,0.653073286052,0.156729131175,0.291595141305,0.122340425532,565,377,188,0,565,0,377,0,188,95,564,0.0631578947368,1.51383458647,11.8736842105,13.756097561,7.83333333333,8.97780016801,0.756109056703,0.427230309817,8.8855734454,1.49668347041,0.722807017544,7.68365289667,1.29423231416,0.646173945502,0.642127178975,0.424172617482,2.16666666667,NaN,NaN,NaN,0.0226317956796,0.00423344420925,14,0.000101145107105,0.206159134324,NaN,NaN,NaN,NaN,NaN,0.568421052632,0.189473684211,0.242105263158,95,399,0.0446808510638,1.52274322169,8.4,9.73170731707,6.04545454545,6.54021926889,0.77859753201,0.43696082311,6.09778473902,1.45185350929,0.710038253529,5.71783324532,1.36138886793,0.664292309722,0.666103393671,0.437436452964,2.31060606061,NaN,NaN,NaN,0.0318013151523,0.00785815031231,13,9.39204565979e-05,0.145559180633,NaN,NaN,NaN,NaN,NaN,0.526315789474,0.168421052632,0.263157894737,-165,-0.018477043673,0.00890863522442,-3.47368421053,-4.0243902439,-1.78787878788,-2.43758089912,0.0224884753075,0.00973051329331,-2.78778870638,-0.0448299611224,-0.0127687640153,-1.96581965135,0.0671565537777,0.0181183642196,0.0239762146955,0.0132638354822,0.143939393939,NaN,NaN,NaN,0.00916951947276,0.00362470610306,-1,-7.22465050753e-06,-0.0605999536917,-0.0421052631579,-0.0210526315789,0.0210526315789,399,0,165,8366,0.707446808511,1,0,0.292553191489,1,0.707446808511,0.828660436137,0.832924918478,0.707446808511,0.707446808511,23,188,0,3,1,3
8,WLNM_dir_neg_kfold,0.498111419194,0.274397449477,00:00:30,10,66.6666666667,8,13353,fixed,0.5,0.92,0.122340425532,0.215962441315,23,2,165,374,0.122340425532,0.994680851064,0.00531914893617,0.877659574468,0.92,0.122340425532,0.215962441315,0.70390070922,0.651891252955,0.149405772496,0.268023757704,0.117021276596,565,377,188,0,565,0,377,0,188,95,564,0.0631578947368,1.51383458647,11.8736842105,13.756097561,7.83333333333,8.97780016801,0.756109056703,0.427230309817,8.8855734454,1.49668347041,0.722807017544,7.68365289667,1.29423231416,0.646173945502,0.642127178975,0.424172617482,2.16666666667,NaN,NaN,NaN,0.0226317956796,0.00423344420925,14,0.000101145107105,0.206159134324,NaN,NaN,NaN,NaN,NaN,0.568421052632,0.189473684211,0.242105263158,95,401,0.0449048152296,1.58344344709,8.44210526316,9.54761904762,5.98507462687,6.56994411951,0.778235276002,0.437117731986,6.09530504249,1.44402488538,0.707861924137,5.72448817255,1.35617550222,0.661924137026,0.730992705871,0.461647498187,2.37078769184,NaN,NaN,NaN,0.0289861507141,0.00661455201443,11,7.94711555828e-05,0.143265924595,NaN,NaN,NaN,NaN,NaN,0.515789473684,0.189473684211,0.252631578947,-163,-0.0182530795073,0.0696088606269,-3.43157894737,-4.20847851336,-1.84825870647,-2.4078560485,0.0221262192991,0.00988742216873,-2.7902684029,-0.052658585034,-0.0149450934068,-1.95916472412,0.0619431880688,0.0157501915238,0.0888655268951,0.0374748807051,0.204121025174,NaN,NaN,NaN,0.00635435503456,0.00238110780518,-3,-2.16739515226e-05,-0.0628932097292,-0.0526315789474,0,0.0105263157895,399,2,165,8364,0.707446808511,0.999760937126,0.000239062873536,0.292553191489,0.995012468828,0.707446808511,0.826943005181,0.830661816005,0.707207745637,0.704946996466,25,188,0,3,1,3
9,WLNM_dir_neg_kfold,0.813999547306,0.472232432364,00:00:30,10,66.6666666667,9,13354,fixed,0.5,0.923076923077,0.127659574468,0.224299065421,24,2,164,374,0.127659574468,0.994680851064,0.00531914893617,0.872340425532,0.923076923077,0.127659574468,0.224299065421,0.705673758865,0.651300236407,0.15593220339,0.275020471331,0.122340425532,565,377,188,0,565,0,377,0,188,95,564,0.0631578947368,1.51383458647,11.8736842105,13.756097561,7.83333333333,8.97780016801,0.756109056703,0.427230309817,8.8855734454,1.49668347041,0.722807017544,7.68365289667,1.29423231416,0.646173945502,0.642127178975,0.424172617482,2.16666666667,NaN,NaN,NaN,0.0226317956796,0.00423344420925,14,0.000101145107105,0.206159134324,NaN,NaN,NaN,NaN,NaN,0.568421052632,0.189473684211,0.242105263158,95,402,0.0450167973124,1.5411992043,8.46315789474,9.57142857143,6,6.52297172571,0.770749146694,0.432835820896,6.07830574024,1.43641553563,0.705839224928,5.72313823965,1.35248291733,0.661063105525,0.666070057345,0.432176486651,2.30168997669,NaN,NaN,NaN,0.0444781765465,0.0084,14,0.000101145107105,0.14166232477,NaN,NaN,NaN,NaN,NaN,0.515789473684,0.189473684211,0.252631578947,-162,-0.0181410974244,0.0273646178383,-3.41052631579,-4.18466898955,-1.83333333333,-2.4548284423,0.0146400899916,0.00560551107843,-2.80726770515,-0.0602679347825,-0.0169677926159,-1.96051465702,0.0582506031758,0.014889160023,0.0239428783697,0.00800386916911,0.135023310023,NaN,NaN,NaN,0.0218463808669,0.00416655579075,0,0,-0.0644968095542,-0.0526315789474,0,0.0105263157895,400,2,164,8364,0.709219858156,0.999760937126,0.000239062873536,0.290780141844,0.995024875622,0.709219858156,0.828157349896,0.831756744235,0.708980795282,0.706713780919,26,188,0,3,1,3
10,WLNM_dir_neg_kfold,0.522457842915,0.339995526607,00:00:30,10,66.6666666667,10,13355,fixed,0.5,1,0.127659574468,0.22641509434,24,0,164,376,0.127659574468,1,0,0.872340425532,1,0.127659574468,0.22641509434,0.709219858156,0.652482269504,0.163265306122,0.298142397,0.127659574468,565,377,188,0,565,0,377,0,188,95,564,0.0631578947368,1.51383458647,11.8736842105,13.756097561,7.83333333333,8.97780016801,0.756109056703,0.427230309817,8.8855734454,1.49668347041,0.722807017544,7.68365289667,1.29423231416,0.646173945502,0.642127178975,0.424172617482,2.16666666667,NaN,NaN,NaN,0.0226317956796,0.00423344420925,14,0.000101145107105,0.206159134324,NaN,NaN,NaN,NaN,NaN,0.568421052632,0.189473684211,0.242105263158,95,400,0.0447928331467,1.52800637959,8.42105263158,9.75609756098,6.06060606061,6.53888361115,0.776492428824,0.435921052632,6.09306326348,1.44710252508,0.708842105263,5.72210111842,1.35899901562,0.663894736842,0.671864949061,0.439700355991,2.31060606061,NaN,NaN,NaN,0.0313443188618,0.00783447167537,13,9.39204565979e-05,0.147501689344,NaN,NaN,NaN,NaN,NaN,0.526315789474,0.168421052632,0.263157894737,-164,-0.0183650615901,0.0141717931192,-3.45263157895,-4,-1.77272727273,-2.43891655686,0.0203833721215,0.00869074281448,-2.79251018191,-0.0495809453352,-0.0139649122807,-1.96155177825,0.064766701469,0.0177207913401,0.0297377700854,0.0155277385099,0.143939393939,NaN,NaN,NaN,0.0087125231822,0.00360102746612,-1,-7.22465050753e-06,-0.0586574449809,-0.0421052631579,-0.0210526315789,0.0210526315789,400,0,164,8366,0.709219858156,1,0,0.290780141844,1,0.709219858156,0.829875518672,0.834016913847,0.709219858156,0.709219858156,24,188,0,3,1,3
11,WLNM_dir_neg_kfold,0.370883318244,0.251149429078,00:00:32,10,66.6666666667,11,13356,fixed,0.5,1,0.127659574468,0.22641509434,24,0,164,376,0.127659574468,1,0,0.872340425532,1,0.127659574468,0.22641509434,0.709219858156,0.652482269504,0.163265306122,0.298142397,0.127659574468,565,377,188,0,565,0,377,0,188,95,564,0.0631578947368,1.51383458647,11.8736842105,13.756097561,7.83333333333,8.97780016801,0.756109056703,0.427230309817,8.8855734454,1.49668347041,0.722807017544,7.68365289667,1.29423231416,0.646173945502,0.642127178975,0.424172617482,2.16666666667,NaN,NaN,NaN,0.0226317956796,0.00423344420925,14,0.000101145107105,0.206159134324,NaN,NaN,NaN,NaN,NaN,0.568421052632,0.189473684211,0.242105263158,95,400,0.0447928331467,1.52800637959,8.42105263158,9.75609756098,6.06060606061,6.53888361115,0.776492428824,0.435921052632,6.09306326348,1.44710252508,0.708842105263,5.72210111842,1.35899901562,0.663894736842,0.671864949061,0.439700355991,2.31060606061,NaN,NaN,NaN,0.0313443188618,0.00783447167537,13,9.39204565979e-05,0.147501689344,NaN,NaN,NaN,NaN,NaN,0.526315789474,0.168421052632,0.263157894737,-164,-0.0183650615901,0.0141717931192,-3.45263157895,-4,-1.77272727273,-2.43891655686,0.0203833721215,0.00869074281448,-2.79251018191,-0.0495809453352,-0.0139649122807,-1.96155177825,0.064766701469,0.0177207913401,0.0297377700854,0.0155277385099,0.143939393939,NaN,NaN,NaN,0.0087125231822,0.00360102746612,-1,-7.22465050753e-06,-0.0586574449809,-0.0421052631579,-0.0210526315789,0.0210526315789,400,0,164,8366,0.709219858156,1,0,0.290780141844,1,0.709219858156,0.829875518672,0.834016913847,0.709219858156,0.709219858156,24,188,0,3,1,3
12,WLNM_dir_neg_kfold,0.370833804889,0.247821722796,00:00:30,10,66.6666666667,12,13357,fixed,0.5,1,0.127659574468,0.22641509434,24,0,164,376,0.127659574468,1,0,0.872340425532,1,0.127659574468,0.22641509434,0.709219858156,0.652482269504,0.163265306122,0.298142397,0.127659574468,565,377,188,0,565,0,377,0,188,95,564,0.0631578947368,1.51383458647,11.8736842105,13.756097561,7.83333333333,8.97780016801,0.756109056703,0.427230309817,8.8855734454,1.49668347041,0.722807017544,7.68365289667,1.29423231416,0.646173945502,0.642127178975,0.424172617482,2.16666666667,NaN,NaN,NaN,0.0226317956796,0.00423344420925,14,0.000101145107105,0.206159134324,NaN,NaN,NaN,NaN,NaN,0.568421052632,0.189473684211,0.242105263158,95,400,0.0447928331467,1.52800637959,8.42105263158,9.75609756098,6.06060606061,6.53888361115,0.776492428824,0.435921052632,6.09306326348,1.44710252508,0.708842105263,5.72210111842,1.35899901562,0.663894736842,0.671864949061,0.439700355991,2.31060606061,NaN,NaN,NaN,0.0313443188618,0.00783447167537,13,9.39204565979e-05,0.147501689344,NaN,NaN,NaN,NaN,NaN,0.526315789474,0.168421052632,0.263157894737,-164,-0.0183650615901,0.0141717931192,-3.45263157895,-4,-1.77272727273,-2.43891655686,0.0203833721215,0.00869074281448,-2.79251018191,-0.0495809453352,-0.0139649122807,-1.96155177825,0.064766701469,0.0177207913401,0.0297377700854,0.0155277385099,0.143939393939,NaN,NaN,NaN,0.0087125231822,0.00360102746612,-1,-7.22465050753e-06,-0.0586574449809,-0.0421052631579,-0.0210526315789,0.0210526315789,400,0,164,8366,0.709219858156,1,0,0.290780141844,1,0.709219858156,0.829875518672,0.834016913847,0.709219858156,0.709219858156,24,188,0,3,1,3
13,WLNM_dir_neg_kfold,0.488046061566,0.280678717286,00:00:30,10,66.6666666667,13,13358,fixed,0.5,0.96,0.127659574468,0.225352112676,24,1,164,375,0.127659574468,0.997340425532,0.00265957446809,0.872340425532,0.96,0.127659574468,0.225352112676,0.707446808511,0.651891252955,0.159592529711,0.28629810482,0.125,565,377,188,0,565,0,377,0,188,95,564,0.0631578947368,1.51383458647,11.8736842105,13.756097561,7.83333333333,8.97780016801,0.756109056703,0.427230309817,8.8855734454,1.49668347041,0.722807017544,7.68365289667,1.29423231416,0.646173945502,0.642127178975,0.424172617482,2.16666666667,NaN,NaN,NaN,0.0226317956796,0.00423344420925,14,0.000101145107105,0.206159134324,NaN,NaN,NaN,NaN,NaN,0.568421052632,0.189473684211,0.242105263158,95,401,0.0449048152296,1.53070884281,8.44210526316,9.78048780488,5.98507462687,6.54398503983,0.775160322674,0.435358970994,6.10053877524,1.44526479713,0.70833442709,5.71518869845,1.35397238492,0.66124163276,0.674295598428,0.44051198998,2.31060606061,NaN,NaN,NaN,0.0310652120037,0.00780468280969,13,9.39204565979e-05,0.146658337237,NaN,NaN,NaN,NaN,NaN,0.526315789474,0.178947368421,0.252631578947,-163,-0.0182530795073,0.0168742563479,-3.43157894737,-3.9756097561,-1.84825870647,-2.43381512817,0.0190512659709,0.00812866117647,-2.78503467015,-0.0514186732847,-0.0144725904537,-1.96846419822,0.0597400707644,0.0150676872582,0.032168419453,0.0163393724988,0.143939393939,NaN,NaN,NaN,0.00843341632415,0.00357123860043,-1,-7.22465050753e-06,-0.0595007970874,-0.0421052631579,-0.0105263157895,0.0105263157895,400,1,164,8365,0.709219858156,0.999880468563,0.000119531436768,0.290780141844,0.997506234414,0.709219858156,0.829015544041,0.832884776441,0.709100326719,0.70796460177,25,188,0,3,1,3
14,WLNM_dir_neg_kfold,0.683227704844,0.354149773252,00:00:32,10,66.6666666667,14,13359,fixed,0.5,0.96,0.127659574468,0.225352112676,24,1,164,375,0.127659574468,0.997340425532,0.00265957446809,0.872340425532,0.96,0.127659574468,0.225352112676,0.707446808511,0.651891252955,0.159592529711,0.28629810482,0.125,565,377,188,0,565,0,377,0,188,95,564,0.0631578947368,1.51383458647,11.8736842105,13.756097561,7.83333333333,8.97780016801,0.756109056703,0.427230309817,8.8855734454,1.49668347041,0.722807017544,7.68365289667,1.29423231416,0.646173945502,0.642127178975,0.424172617482,2.16666666667,NaN,NaN,NaN,0.0226317956796,0.00423344420925,14,0.000101145107105,0.206159134324,NaN,NaN,NaN,NaN,NaN,0.568421052632,0.189473684211,0.242105263158,95,401,0.0449048152296,1.5755633979,8.44210526316,9.54761904762,6.07575757576,6.57318179613,0.778618791312,0.436671479197,6.08657215371,1.44195599651,0.707389421184,5.72262948669,1.35573516517,0.663131644573,0.714969915939,0.453786827551,2.38696952478,NaN,NaN,NaN,0.0313443188618,0.00783447167537,13,9.39204565979e-05,0.141183462276,NaN,NaN,NaN,NaN,NaN,0.515789473684,0.178947368421,0.263157894737,-163,-0.0182530795073,0.0617288114358,-3.43157894737,-4.20847851336,-1.75757575758,-2.40461837188,0.0225097346094,0.00944116937965,-2.79900129169,-0.0547274738978,-0.01541759636,-1.96102340998,0.0615028510194,0.0169576990707,0.0728427369636,0.0296142100692,0.220302858114,NaN,NaN,NaN,0.0087125231822,0.00360102746612,-1,-7.22465050753e-06,-0.0649756720489,-0.0526315789474,-0.0105263157895,0.0210526315789,400,1,164,8365,0.709219858156,0.999880468563,0.000119531436768,0.290780141844,0.997506234414,0.709219858156,0.829015544041,0.832884776441,0.709100326719,0.70796460177,25,188,0,3,1,3
15,WLNM_dir_neg_kfold,0.359502320054,0.252496807178,00:00:33,10,66.6666666667,15,13360,fixed,0.5,0.9,0.143617021277,0.247706422018,27,3,161,373,0.143617021277,0.992021276596,0.00797872340426,0.856382978723,0.9,0.143617021277,0.247706422018,0.709219858156,0.648936170213,0.171717171717,0.28492064734,0.135638297872,565,377,188,0,565,0,377,0,188,95,564,0.0631578947368,1.51383458647,11.8736842105,13.756097561,7.83333333333,8.97780016801,0.756109056703,0.427230309817,8.8855734454,1.49668347041,0.722807017544,7.68365289667,1.29423231416,0.646173945502,0.642127178975,0.424172617482,2.16666666667,NaN,NaN,NaN,0.0226317956796,0.00423344420925,14,0.000101145107105,0.206159134324,NaN,NaN,NaN,NaN,NaN,0.568421052632,0.189473684211,0.242105263158,95,406,0.0454647256439,1.54390123035,8.54736842105,9.90243902439,5.88405797101,6.50493825678,0.761045732012,0.427949183303,6.09227293165,1.42553184361,0.702774176821,5.68769127387,1.33086372172,0.651698211045,0.69005522294,0.446955549601,2.30303030303,NaN,NaN,NaN,0.0279406792566,0.00771818721552,13,9.39204565979e-05,0.146781505458,NaN,NaN,NaN,NaN,NaN,0.526315789474,0.2,0.231578947368,-158,-0.0176931690929,0.0300666438824,-3.32631578947,-3.85365853659,-1.94927536232,-2.47286191123,0.00493667530977,0.000718873485989,-2.79330051375,-0.0711516268004,-0.0200328407225,-1.9959616228,0.0366314075633,0.0055242655428,0.0479280439642,0.0227829321192,0.136363636364,NaN,NaN,NaN,0.00530888357704,0.00348474300626,-1,-7.22465050753e-06,-0.0593776288662,-0.0421052631579,0.0105263157895,-0.0105263157895,403,3,161,8363,0.714539007092,0.99964140569,0.000358594310304,0.285460992908,0.992610837438,0.714539007092,0.830927835052,0.833914796548,0.714180412782,0.710758377425,30,188,0,3,1,3
16,WLNM_dir_neg_kfold,0.584625396107,0.391375914769,00:00:33,10,66.6666666667,16,13361,fixed,0.5,0.958333333333,0.122340425532,0.216981132075,23,1,165,375,0.122340425532,0.997340425532,0.00265957446809,0.877659574468,0.958333333333,0.122340425532,0.216981132075,0.705673758865,0.652482269504,0.15306122449,0.279508497187,0.119680851064,565,377,188,0,565,0,377,0,188,95,564,0.0631578947368,1.51383458647,11.8736842105,13.756097561,7.83333333333,8.97780016801,0.756109056703,0.427230309817,8.8855734454,1.49668347041,0.722807017544,7.68365289667,1.29423231416,0.646173945502,0.642127178975,0.424172617482,2.16666666667,NaN,NaN,NaN,0.0226317956796,0.00423344420925,14,0.000101145107105,0.206159134324,NaN,NaN,NaN,NaN,NaN,0.568421052632,0.189473684211,0.242105263158,95,400,0.0447928331467,1.52752791069,8.42105263158,9.75609756098,5.97014925373,6.54213665951,0.776878728316,0.436131578947,6.09306326348,1.44710252508,0.708842105263,5.71838159079,1.35811562781,0.662263157895,0.670634509158,0.439032573131,2.30681818182,NaN,NaN,NaN,0.0315248839108,0.0078313253012,13,9.39204565979e-05,0.147094068509,NaN,NaN,NaN,NaN,NaN,0.526315789474,0.178947368421,0.252631578947,-164,-0.0183650615901,0.0136933242196,-3.45263157895,-4,-1.8631840796,-2.4356635085,0.0207696716138,0.00890126913027,-2.79251018191,-0.0495809453352,-0.0139649122807,-1.96527130588,0.0638833136579,0.0160892123927,0.0285073301828,0.0148599556497,0.140151515152,NaN,NaN,NaN,0.00889308823119,0.00359788109195,-1,-7.22465050753e-06,-0.0590650658154,-0.0421052631579,-0.0105263157895,0.0105263157895,399,1,165,8365,0.707446808511,0.999880468563,0.000119531436768,0.292553191489,0.9975,0.707446808511,0.827800829876,0.831791306914,0.707327277074,0.706194690265,24,188,0,3,1,3
17,WLNM_dir_neg_kfold,0.413910423268,0.268567589499,00:00:30,10,66.6666666667,17,13362,fixed,0.5,0.96,0.127659574468,0.225352112676,24,1,164,375,0.127659574468,0.997340425532,0.00265957446809,0.872340425532,0.96,0.127659574468,0.225352112676,0.707446808511,0.651891252955,0.159592529711,0.28629810482,0.125,565,377,188,0,565,0,377,0,188,95,564,0.0631578947368,1.51383458647,11.8736842105,13.756097561,7.83333333333,8.97780016801,0.756109056703,0.427230309817,8.8855734454,1.49668347041,0.722807017544,7.68365289667,1.29423231416,0.646173945502,0.642127178975,0.424172617482,2.16666666667,NaN,NaN,NaN,0.0226317956796,0.00423344420925,14,0.000101145107105,0.206159134324,NaN,NaN,NaN,NaN,NaN,0.568421052632,0.189473684211,0.242105263158,95,401,0.0449048152296,1.52092902711,8.44210526316,9.78048780488,5.98507462687,6.51629020793,0.771879762784,0.433495209345,6.09181338926,1.44319768573,0.707809423809,5.70773821018,1.35220730665,0.660559128495,0.664887189491,0.437158590334,2.32765151515,NaN,NaN,NaN,0.0336214277178,0.00843373493976,14,0.000101145107105,0.145759119583,NaN,NaN,NaN,NaN,NaN,0.526315789474,0.178947368421,0.252631578947,-163,-0.0182530795073,0.00709444064707,-3.43157894737,-3.9756097561,-1.84825870647,-2.46150996008,0.0157707060815,0.00626489952796,-2.79376005614,-0.0534857846781,-0.014997593735,-1.97591468649,0.0579749924952,0.0143851829925,0.0227600105152,0.0129859728523,0.160984848485,NaN,NaN,NaN,0.0109896320383,0.00420029073051,0,0,-0.0604000147418,-0.0421052631579,-0.0105263157895,0.0105263157895,400,1,164,8365,0.709219858156,0.999880468563,0.000119531436768,0.290780141844,0.997506234414,0.709219858156,0.829015544041,0.832884776441,0.709100326719,0.70796460177,25,188,0,3,1,3
18,WLNM_dir_neg_kfold,0.373500452694,0.339682732265,00:00:33,10,66.6666666667,18,13363,fixed,0.5,1,0.122340425532,0.218009478673,23,0,165,376,0.122340425532,1,0,0.877659574468,1,0.122340425532,0.218009478673,0.707446808511,0.653073286052,0.156729131175,0.291595141305,0.122340425532,565,377,188,0,565,0,377,0,188,95,564,0.0631578947368,1.51383458647,11.8736842105,13.756097561,7.83333333333,8.97780016801,0.756109056703,0.427230309817,8.8855734454,1.49668347041,0.722807017544,7.68365289667,1.29423231416,0.646173945502,0.642127178975,0.424172617482,2.16666666667,NaN,NaN,NaN,0.0226317956796,0.00423344420925,14,0.000101145107105,0.206159134324,NaN,NaN,NaN,NaN,NaN,0.568421052632,0.189473684211,0.242105263158,95,399,0.0446808510638,1.52513556619,8.4,9.73170731707,6.04545454545,6.55159555035,0.779951851232,0.437725893682,6.0942945065,1.45102250155,0.709827199578,5.7252705966,1.36315966586,0.664925471574,0.664863171257,0.435937097001,2.28787878788,NaN,NaN,NaN,0.0292253851639,0.00663983903421,11,7.94711555828e-05,0.147614036346,NaN,NaN,NaN,NaN,NaN,0.526315789474,0.168421052632,0.263157894737,-165,-0.018477043673,0.011300979722,-3.47368421053,-4.0243902439,-1.78787878788,-2.42620461766,0.023842794529,0.0104955838645,-2.7912789389,-0.0456609688656,-0.012979817966,-1.95838230007,0.068927351701,0.0187515260716,0.0227359922812,0.0117644795192,0.121212121212,NaN,NaN,NaN,0.00659358948432,0.00240639482495,-3,-2.16739515226e-05,-0.0585450979783,-0.0421052631579,-0.0210526315789,0.0210526315789,399,0,165,8366,0.707446808511,1,0,0.292553191489,1,0.707446808511,0.828660436137,0.832924918478,0.707446808511,0.707446808511,23,188,0,3,1,3
19,WLNM_dir_neg_kfold,0.400082050702,0.256883203637,00:00:30,10,66.6666666667,19,13364,fixed,0.5,1,0.13829787234,0.242990654206,26,0,162,376,0.13829787234,1,0,0.86170212766,1,0.13829787234,0.242990654206,0.712765957447,0.651300236407,0.176271186441,0.310892706722,0.13829787234,565,377,188,0,565,0,377,0,188,95,564,0.0631578947368,1.51383458647,11.8736842105,13.756097561,7.83333333333,8.97780016801,0.756109056703,0.427230309817,8.8855734454,1.49668347041,0.722807017544,7.68365289667,1.29423231416,0.646173945502,0.642127178975,0.424172617482,2.16666666667,NaN,NaN,NaN,0.0226317956796,0.00423344420925,14,0.000101145107105,0.206159134324,NaN,NaN,NaN,NaN,NaN,0.568421052632,0.189473684211,0.242105263158,95,402,0.0450167973124,1.52704944179,8.46315789474,9.80487804878,6.09090909091,6.55063830951,0.774018208213,0.434773500916,6.0957826921,1.44054566107,0.706886619534,5.71197441659,1.34984470044,0.660748887143,0.669429280094,0.43838088131,2.30303030303,NaN,NaN,NaN,0.0285874266312,0.00777356986247,13,9.39204565979e-05,0.147397718112,NaN,NaN,NaN,NaN,NaN,0.526315789474,0.168421052632,0.263157894737,-162,-0.0181410974244,0.0132148553201,-3.41052631579,-3.9512195122,-1.74242424242,-2.4271618585,0.0179091515107,0.00754319109937,-2.78979075329,-0.0561378093434,-0.01592039801,-1.97167848008,0.0556123862814,0.0145749416412,0.0273021011182,0.0142082638281,0.136363636364,NaN,NaN,NaN,0.00595563095162,0.00354012565321,-1,-7.22465050753e-06,-0.0587614162129,-0.0421052631579,-0.0210526315789,0.0210526315789,402,0,162,8366,0.712765957447,1,0,0.287234042553,1,0.712765957447,0.832298136646,0.836197392246,0.712765957447,0.712765957447,26,188,0,3,1,3
20,WLNM_dir_neg_kfold,0.526143051154,0.382515902788,00:00:33,10,66.6666666667,20,13365,fixed,0.5,1,0.117021276596,0.209523809524,22,0,166,376,0.117021276596,1,0,0.882978723404,1,0.117021276596,0.209523809524,0.705673758865,0.6536643026,0.150170648464,0.28492246631,0.117021276596,565,377,188,0,565,0,377,0,188,95,564,0.0631578947368,1.51383458647,11.8736842105,13.756097561,7.83333333333,8.97780016801,0.756109056703,0.427230309817,8.8855734454,1.49668347041,0.722807017544,7.68365289667,1.29423231416,0.646173945502,0.642127178975,0.424172617482,2.16666666667,NaN,NaN,NaN,0.0226317956796,0.00423344420925,14,0.000101145107105,0.206159134324,NaN,NaN,NaN,NaN,NaN,0.568421052632,0.189473684211,0.242105263158,95,398,0.044568868981,1.52513556619,8.37894736842,9.70731707317,6.0303030303,6.5577288287,0.782643515989,0.439063739751,6.09725214852,1.45537425656,0.710923036234,5.73027558069,1.36777934715,0.66643745041,0.664863171257,0.435937097001,2.28787878788,NaN,NaN,NaN,0.0292253851639,0.00665590964098,11,7.94711555828e-05,0.147936894382,NaN,NaN,NaN,NaN,NaN,0.526315789474,0.168421052632,0.263157894737,-166,-0.0185890257559,0.011300979722,-3.49473684211,-4.0487804878,-1.80303030303,-2.4200713393,0.0265344592859,0.0118334299343,-2.78832129688,-0.0413092138568,-0.0118839813101,-1.95337731598,0.0735470329949,0.0202635049079,0.0227359922812,0.0117644795192,0.121212121212,NaN,NaN,NaN,0.00659358948432,0.00242246543173,-3,-2.16739515226e-05,-0.058222239942,-0.0421052631579,-0.0210526315789,0.0210526315789,398,0,166,8366,0.705673758865,1,0,0.294326241135,1,0.705673758865,0.827442827443,0.831831746063,0.705673758865,0.705673758865,22,188,0,3,1,3
21,WLNM_dir_neg_kfold,0.847138128112,0.516783530651,00:00:13,10,66.6666666667,1,14346,fixed,0.5,0.967741935484,0.159574468085,0.27397260274,30,1,158,375,0.159574468085,0.997340425532,0.00265957446809,0.840425531915,0.967741935484,0.159574468085,0.27397260274,0.718085106383,0.648345153664,0.198319327731,0.324558182269,0.156914893617,565,377,188,0,565,0,377,0,188,95,564,0.0631578947368,1.51383458647,11.8736842105,13.756097561,7.83333333333,8.97780016801,0.756109056703,0.427230309817,8.8855734454,1.49668347041,0.722807017544,7.68365289667,1.29423231416,0.646173945502,0.642127178975,0.424172617482,2.16666666667,NaN,NaN,NaN,0.0226317956796,0.00423344420925,14,0.000101145107105,0.206159134324,NaN,NaN,NaN,NaN,NaN,0.568421052632,0.189473684211,0.242105263158,95,407,0.0455767077268,1.49567982456,8.56842105263,10.4358974359,6.359375,6.35250433374,0.741385640916,0.421440579335,6.13095244049,1.43105769495,0.705547652916,5.64303969297,1.31717142711,0.65444200181,0.648245341633,0.433411837873,2.2,NaN,NaN,NaN,0.0275462163733,0.00663050030139,11,7.94711555828e-05,0.157868768007,NaN,NaN,NaN,NaN,NaN,0.505263157895,0.168421052632,0.242105263158,-157,-0.0175811870101,-0.0181547619048,-3.30526315789,-3.32020012508,-1.47395833333,-2.62529583427,-0.0147234157871,-0.00578973048178,-2.75462100491,-0.0656257754578,-0.0172593646278,-2.0406132037,0.0229391129516,0.00826805630837,0.00611816265729,0.00923922039146,0.0333333333333,NaN,NaN,NaN,0.00491442069369,0.00239705609213,-3,-2.16739515226e-05,-0.0482903663174,-0.0631578947368,-0.0210526315789,0,406,1,158,8365,0.719858156028,0.999880468563,0.000119531436768,0.280141843972,0.997542997543,0.719858156028,0.836251287333,0.839421025193,0.719738624592,0.718584070796,31,188,0,3,2,3
22,WLNM_dir_neg_kfold,0.850299909461,0.614430688942,00:00:14,10,66.6666666667,2,14347,fixed,0.5,1,0.154255319149,0.267281105991,29,0,159,376,0.154255319149,1,0,0.845744680851,1,0.154255319149,0.267281105991,0.718085106383,0.649527186761,0.195615514334,0.32925858372,0.154255319149,565,377,188,0,565,0,377,0,188,95,564,0.0631578947368,1.51383458647,11.8736842105,13.756097561,7.83333333333,8.97780016801,0.756109056703,0.427230309817,8.8855734454,1.49668347041,0.722807017544,7.68365289667,1.29423231416,0.646173945502,0.642127178975,0.424172617482,2.16666666667,NaN,NaN,NaN,0.0226317956796,0.00423344420925,14,0.000101145107105,0.206159134324,NaN,NaN,NaN,NaN,NaN,0.568421052632,0.189473684211,0.242105263158,95,405,0.045352743561,1.48973684211,8.52631578947,10.3846153846,6.42857142857,6.36787500088,0.746849537141,0.424353476283,6.13190214894,1.43834741765,0.707576348278,5.65348795805,1.32612680497,0.658089668616,0.634706486203,0.426052755268,2.16666666667,NaN,NaN,NaN,0.0213119443162,0.00484457004441,8,5.77972040603e-05,0.158552553407,NaN,NaN,NaN,NaN,NaN,0.505263157895,0.157894736842,0.252631578947,-159,-0.0178051511758,-0.0240977443609,-3.34736842105,-3.37148217636,-1.40476190476,-2.60992516712,-0.00925951956206,-0.0028768335338,-2.75367129646,-0.05833605276,-0.0152306692658,-2.03016493862,0.0318944908195,0.0119157231139,-0.0074206927724,0.00188013778635,0,NaN,NaN,NaN,-0.00131985136337,0.000611125835155,-6,-4.33479030452e-05,-0.047606580917,-0.0631578947368,-0.0315789473684,0.0105263157895,405,0,159,8366,0.718085106383,1,0,0.281914893617,1,0.718085106383,0.835913312693,0.839459398727,0.718085106383,0.718085106383,29,188,0,3,2,3
23,WLNM_dir_neg_kfold,0.838742077863,0.515389469309,00:00:13,10,66.6666666667,3,14348,fixed,0.5,1,0.154255319149,0.267281105991,29,0,159,376,0.154255319149,1,0,0.845744680851,1,0.154255319149,0.267281105991,0.718085106383,0.649527186761,0.195615514334,0.32925858372,0.154255319149,565,377,188,0,565,0,377,0,188,95,564,0.0631578947368,1.51383458647,11.8736842105,13.756097561,7.83333333333,8.97780016801,0.756109056703,0.427230309817,8.8855734454,1.49668347041,0.722807017544,7.68365289667,1.29423231416,0.646173945502,0.642127178975,0.424172617482,2.16666666667,NaN,NaN,NaN,0.0226317956796,0.00423344420925,14,0.000101145107105,0.206159134324,NaN,NaN,NaN,NaN,NaN,0.568421052632,0.189473684211,0.242105263158,95,405,0.045352743561,1.48973684211,8.52631578947,10.3846153846,6.42857142857,6.36787500088,0.746849537141,0.424353476283,6.13190214894,1.43834741765,0.707576348278,5.65348795805,1.32612680497,0.658089668616,0.634706486203,0.426052755268,2.16666666667,NaN,NaN,NaN,0.0213119443162,0.00484457004441,8,5.77972040603e-05,0.158552553407,NaN,NaN,NaN,NaN,NaN,0.505263157895,0.157894736842,0.252631578947,-159,-0.0178051511758,-0.0240977443609,-3.34736842105,-3.37148217636,-1.40476190476,-2.60992516712,-0.00925951956206,-0.0028768335338,-2.75367129646,-0.05833605276,-0.0152306692658,-2.03016493862,0.0318944908195,0.0119157231139,-0.0074206927724,0.00188013778635,0,NaN,NaN,NaN,-0.00131985136337,0.000611125835155,-6,-4.33479030452e-05,-0.047606580917,-0.0631578947368,-0.0315789473684,0.0105263157895,405,0,159,8366,0.718085106383,1,0,0.281914893617,1,0.718085106383,0.835913312693,0.839459398727,0.718085106383,0.718085106383,29,188,0,3,2,3
24,WLNM_dir_neg_kfold,0.792383431417,0.463212687485,00:00:13,10,66.6666666667,4,14349,fixed,0.5,1,0.154255319149,0.267281105991,29,0,159,376,0.154255319149,1,0,0.845744680851,1,0.154255319149,0.267281105991,0.718085106383,0.649527186761,0.195615514334,0.32925858372,0.154255319149,565,377,188,0,565,0,377,0,188,95,564,0.0631578947368,1.51383458647,11.8736842105,13.756097561,7.83333333333,8.97780016801,0.756109056703,0.427230309817,8.8855734454,1.49668347041,0.722807017544,7.68365289667,1.29423231416,0.646173945502,0.642127178975,0.424172617482,2.16666666667,NaN,NaN,NaN,0.0226317956796,0.00423344420925,14,0.000101145107105,0.206159134324,NaN,NaN,NaN,NaN,NaN,0.568421052632,0.189473684211,0.242105263158,95,405,0.045352743561,1.48973684211,8.52631578947,10.3846153846,6.42857142857,6.36787500088,0.746849537141,0.424353476283,6.13190214894,1.43834741765,0.707576348278,5.65348795805,1.32612680497,0.658089668616,0.634706486203,0.426052755268,2.16666666667,NaN,NaN,NaN,0.0213119443162,0.00484457004441,8,5.77972040603e-05,0.158552553407,NaN,NaN,NaN,NaN,NaN,0.505263157895,0.157894736842,0.252631578947,-159,-0.0178051511758,-0.0240977443609,-3.34736842105,-3.37148217636,-1.40476190476,-2.60992516712,-0.00925951956206,-0.0028768335338,-2.75367129646,-0.05833605276,-0.0152306692658,-2.03016493862,0.0318944908195,0.0119157231139,-0.0074206927724,0.00188013778635,0,NaN,NaN,NaN,-0.00131985136337,0.000611125835155,-6,-4.33479030452e-05,-0.047606580917,-0.0631578947368,-0.0315789473684,0.0105263157895,405,0,159,8366,0.718085106383,1,0,0.281914893617,1,0.718085106383,0.835913312693,0.839459398727,0.718085106383,0.718085106383,29,188,0,3,2,3
25,WLNM_dir_neg_kfold,0.811566319602,0.483139047378,00:00:13,10,66.6666666667,5,14350,fixed,0.5,1,0.154255319149,0.267281105991,29,0,159,376,0.154255319149,1,0,0.845744680851,1,0.154255319149,0.267281105991,0.718085106383,0.649527186761,0.195615514334,0.32925858372,0.154255319149,565,377,188,0,565,0,377,0,188,95,564,0.0631578947368,1.51383458647,11.8736842105,13.756097561,7.83333333333,8.97780016801,0.756109056703,0.427230309817,8.8855734454,1.49668347041,0.722807017544,7.68365289667,1.29423231416,0.646173945502,0.642127178975,0.424172617482,2.16666666667,NaN,NaN,NaN,0.0226317956796,0.00423344420925,14,0.000101145107105,0.206159134324,NaN,NaN,NaN,NaN,NaN,0.568421052632,0.189473684211,0.242105263158,95,405,0.045352743561,1.48973684211,8.52631578947,10.3846153846,6.42857142857,6.36787500088,0.746849537141,0.424353476283,6.13190214894,1.43834741765,0.707576348278,5.65348795805,1.32612680497,0.658089668616,0.634706486203,0.426052755268,2.16666666667,NaN,NaN,NaN,0.0213119443162,0.00484457004441,8,5.77972040603e-05,0.158552553407,NaN,NaN,NaN,NaN,NaN,0.505263157895,0.157894736842,0.252631578947,-159,-0.0178051511758,-0.0240977443609,-3.34736842105,-3.37148217636,-1.40476190476,-2.60992516712,-0.00925951956206,-0.0028768335338,-2.75367129646,-0.05833605276,-0.0152306692658,-2.03016493862,0.0318944908195,0.0119157231139,-0.0074206927724,0.00188013778635,0,NaN,NaN,NaN,-0.00131985136337,0.000611125835155,-6,-4.33479030452e-05,-0.047606580917,-0.0631578947368,-0.0315789473684,0.0105263157895,405,0,159,8366,0.718085106383,1,0,0.281914893617,1,0.718085106383,0.835913312693,0.839459398727,0.718085106383,0.718085106383,29,188,0,3,2,3
26,WLNM_dir_neg_kfold,0.831725328203,0.508042900777,00:00:13,10,66.6666666667,6,14351,fixed,0.5,1,0.154255319149,0.267281105991,29,0,159,376,0.154255319149,1,0,0.845744680851,1,0.154255319149,0.267281105991,0.718085106383,0.649527186761,0.195615514334,0.32925858372,0.154255319149,565,377,188,0,565,0,377,0,188,95,564,0.0631578947368,1.51383458647,11.8736842105,13.756097561,7.83333333333,8.97780016801,0.756109056703,0.427230309817,8.8855734454,1.49668347041,0.722807017544,7.68365289667,1.29423231416,0.646173945502,0.642127178975,0.424172617482,2.16666666667,NaN,NaN,NaN,0.0226317956796,0.00423344420925,14,0.000101145107105,0.206159134324,NaN,NaN,NaN,NaN,NaN,0.568421052632,0.189473684211,0.242105263158,95,405,0.045352743561,1.48973684211,8.52631578947,10.3846153846,6.42857142857,6.36787500088,0.746849537141,0.424353476283,6.13190214894,1.43834741765,0.707576348278,5.65348795805,1.32612680497,0.658089668616,0.634706486203,0.426052755268,2.16666666667,NaN,NaN,NaN,0.0213119443162,0.00484457004441,8,5.77972040603e-05,0.158552553407,NaN,NaN,NaN,NaN,NaN,0.505263157895,0.157894736842,0.252631578947,-159,-0.0178051511758,-0.0240977443609,-3.34736842105,-3.37148217636,-1.40476190476,-2.60992516712,-0.00925951956206,-0.0028768335338,-2.75367129646,-0.05833605276,-0.0152306692658,-2.03016493862,0.0318944908195,0.0119157231139,-0.0074206927724,0.00188013778635,0,NaN,NaN,NaN,-0.00131985136337,0.000611125835155,-6,-4.33479030452e-05,-0.047606580917,-0.0631578947368,-0.0315789473684,0.0105263157895,405,0,159,8366,0.718085106383,1,0,0.281914893617,1,0.718085106383,0.835913312693,0.839459398727,0.718085106383,0.718085106383,29,188,0,3,2,3
27,WLNM_dir_neg_kfold,0.807888184699,0.479794817409,00:00:13,10,66.6666666667,7,14352,fixed,0.5,0.966666666667,0.154255319149,0.266055045872,29,1,159,375,0.154255319149,0.997340425532,0.00265957446809,0.845744680851,0.966666666667,0.154255319149,0.266055045872,0.716312056738,0.648936170213,0.191919191919,0.318440723498,0.151595744681,565,377,188,0,565,0,377,0,188,95,564,0.0631578947368,1.51383458647,11.8736842105,13.756097561,7.83333333333,8.97780016801,0.756109056703,0.427230309817,8.8855734454,1.49668347041,0.722807017544,7.68365289667,1.29423231416,0.646173945502,0.642127178975,0.424172617482,2.16666666667,NaN,NaN,NaN,0.0226317956796,0.00423344420925,14,0.000101145107105,0.206159134324,NaN,NaN,NaN,NaN,NaN,0.568421052632,0.189473684211,0.242105263158,95,406,0.0454647256439,1.4904887218,8.54736842105,10.4102564103,6.34375,6.38610263235,0.747142549351,0.424552761213,6.1478972452,1.43854738496,0.707596577651,5.64639238102,1.32120018768,0.655639097744,0.635359351269,0.426275852997,2.16666666667,NaN,NaN,NaN,0.0250763703775,0.00963661915278,16,0.000115594408121,0.157897926613,NaN,NaN,NaN,NaN,NaN,0.505263157895,0.168421052632,0.242105263158,-158,-0.0176931690929,-0.0233458646617,-3.32631578947,-3.34584115072,-1.48958333333,-2.59169753566,-0.00896650735141,-0.00267754860372,-2.7376762002,-0.0581360854523,-0.0152104398928,-2.03726051565,0.0269678735228,0.00946515224231,-0.00676782770652,0.00210323551498,0,NaN,NaN,NaN,0.00244457469796,0.00540317494353,2,1.44493010151e-05,-0.0482612077116,-0.0631578947368,-0.0210526315789,0,405,1,159,8365,0.718085106383,0.999880468563,0.000119531436768,0.281914893617,0.997536945813,0.718085106383,0.835051546392,0.838334551949,0.717965574946,0.716814159292,30,188,0,3,2,3
28,WLNM_dir_neg_kfold,0.902713331824,0.620130359288,00:00:13,10,66.6666666667,8,14353,fixed,0.5,1,0.154255319149,0.267281105991,29,0,159,376,0.154255319149,1,0,0.845744680851,1,0.154255319149,0.267281105991,0.718085106383,0.649527186761,0.195615514334,0.32925858372,0.154255319149,565,377,188,0,565,0,377,0,188,95,564,0.0631578947368,1.51383458647,11.8736842105,13.756097561,7.83333333333,8.97780016801,0.756109056703,0.427230309817,8.8855734454,1.49668347041,0.722807017544,7.68365289667,1.29423231416,0.646173945502,0.642127178975,0.424172617482,2.16666666667,NaN,NaN,NaN,0.0226317956796,0.00423344420925,14,0.000101145107105,0.206159134324,NaN,NaN,NaN,NaN,NaN,0.568421052632,0.189473684211,0.242105263158,95,405,0.045352743561,1.48973684211,8.52631578947,10.3846153846,6.42857142857,6.36787500088,0.746849537141,0.424353476283,6.13190214894,1.43834741765,0.707576348278,5.65348795805,1.32612680497,0.658089668616,0.634706486203,0.426052755268,2.16666666667,NaN,NaN,NaN,0.0213119443162,0.00484457004441,8,5.77972040603e-05,0.158552553407,NaN,NaN,NaN,NaN,NaN,0.505263157895,0.157894736842,0.252631578947,-159,-0.0178051511758,-0.0240977443609,-3.34736842105,-3.37148217636,-1.40476190476,-2.60992516712,-0.00925951956206,-0.0028768335338,-2.75367129646,-0.05833605276,-0.0152306692658,-2.03016493862,0.0318944908195,0.0119157231139,-0.0074206927724,0.00188013778635,0,NaN,NaN,NaN,-0.00131985136337,0.000611125835155,-6,-4.33479030452e-05,-0.047606580917,-0.0631578947368,-0.0315789473684,0.0105263157895,405,0,159,8366,0.718085106383,1,0,0.281914893617,1,0.718085106383,0.835913312693,0.839459398727,0.718085106383,0.718085106383,29,188,0,3,2,3
29,WLNM_dir_neg_kfold,0.797971367134,0.469030799253,00:00:13,10,66.6666666667,9,14354,fixed,0.5,0.933333333333,0.148936170213,0.256880733945,28,2,160,374,0.148936170213,0.994680851064,0.00531914893617,0.851063829787,0.933333333333,0.148936170213,0.256880733945,0.712765957447,0.648936170213,0.181818181818,0.301680685419,0.143617021277,565,377,188,0,565,0,377,0,188,95,564,0.0631578947368,1.51383458647,11.8736842105,13.756097561,7.83333333333,8.97780016801,0.756109056703,0.427230309817,8.8855734454,1.49668347041,0.722807017544,7.68365289667,1.29423231416,0.646173945502,0.642127178975,0.424172617482,2.16666666667,NaN,NaN,NaN,0.0226317956796,0.00423344420925,14,0.000101145107105,0.206159134324,NaN,NaN,NaN,NaN,NaN,0.568421052632,0.189473684211,0.242105263158,95,406,0.0454647256439,1.55603523303,8.54736842105,10.15,6.34375,6.37776793653,0.746167430998,0.423956442831,6.12883332979,1.43408661658,0.706352087114,5.65392370867,1.32296244415,0.656624319419,0.700039637149,0.449886752105,2.24771062271,NaN,NaN,NaN,0.0313672898146,0.00668151447661,11,7.94711555828e-05,0.152230542343,NaN,NaN,NaN,NaN,NaN,0.494736842105,0.178947368421,0.242105263158,-158,-0.0176931690929,0.0422006465654,-3.32631578947,-3.60609756098,-1.48958333333,-2.60003223148,-0.00994162570516,-0.00327386698588,-2.75674011561,-0.0625968538364,-0.0164549304295,-2.029729188,0.0287301299917,0.0104503739172,0.0579124581737,0.0257141346232,0.081043956044,NaN,NaN,NaN,0.00873549413502,0.00244807026736,-3,-2.16739515226e-05,-0.0539285919818,-0.0736842105263,-0.0105263157895,0,404,2,160,8364,0.716312056738,0.999760937126,0.000239062873536,0.283687943262,0.995073891626,0.716312056738,0.832989690722,0.836124674249,0.716072993864,0.713780918728,30,188,0,3,2,3
30,WLNM_dir_neg_kfold,0.929068583069,0.664401058303,00:00:13,10,66.6666666667,10,14355,fixed,0.5,1,0.159574468085,0.275229357798,30,0,158,376,0.159574468085,1,0,0.840425531915,1,0.159574468085,0.275229357798,0.719858156028,0.648936170213,0.20202020202,0.335200761577,0.159574468085,565,377,188,0,565,0,377,0,188,95,564,0.0631578947368,1.51383458647,11.8736842105,13.756097561,7.83333333333,8.97780016801,0.756109056703,0.427230309817,8.8855734454,1.49668347041,0.722807017544,7.68365289667,1.29423231416,0.646173945502,0.642127178975,0.424172617482,2.16666666667,NaN,NaN,NaN,0.0226317956796,0.00423344420925,14,0.000101145107105,0.206159134324,NaN,NaN,NaN,NaN,NaN,0.568421052632,0.189473684211,0.242105263158,95,406,0.0454647256439,1.49201754386,8.54736842105,10.4102564103,6.44444444444,6.35437262928,0.743430295298,0.422530464091,6.13230390439,1.43489869684,0.706611355976,5.6501592997,1.32208160954,0.656883588281,0.640509590209,0.429290924122,2.2,NaN,NaN,NaN,0.0245778766961,0.00604594921403,10,7.22465050753e-05,0.158546745001,NaN,NaN,NaN,NaN,NaN,0.505263157895,0.157894736842,0.252631578947,-158,-0.0176931690929,-0.0218170426065,-3.32631578947,-3.34584115072,-1.38888888889,-2.62342753873,-0.012678761405,-0.00469984572583,-2.753269541,-0.0617847735721,-0.0161956615677,-2.03349359697,0.0278492953802,0.010709642779,-0.00161758876627,0.00511830664007,0.0333333333333,NaN,NaN,NaN,0.00194608101649,0.00181250500477,-4,-2.88986020301e-05,-0.0476123893236,-0.0631578947368,-0.0315789473684,0.0105263157895,406,0,158,8366,0.719858156028,1,0,0.280141843972,1,0.719858156028,0.837113402062,0.840544429649,0.719858156028,0.719858156028,30,188,0,3,2,3
31,WLNM_dir_neg_kfold,0.817918175645,0.486999869006,00:00:14,10,66.6666666667,11,14356,fixed,0.5,0.966666666667,0.154255319149,0.266055045872,29,1,159,375,0.154255319149,0.997340425532,0.00265957446809,0.845744680851,0.966666666667,0.154255319149,0.266055045872,0.716312056738,0.648936170213,0.191919191919,0.318440723498,0.151595744681,565,377,188,0,565,0,377,0,188,95,564,0.0631578947368,1.51383458647,11.8736842105,13.756097561,7.83333333333,8.97780016801,0.756109056703,0.427230309817,8.8855734454,1.49668347041,0.722807017544,7.68365289667,1.29423231416,0.646173945502,0.642127178975,0.424172617482,2.16666666667,NaN,NaN,NaN,0.0226317956796,0.00423344420925,14,0.000101145107105,0.206159134324,NaN,NaN,NaN,NaN,NaN,0.568421052632,0.189473684211,0.242105263158,95,406,0.0454647256439,1.52117064277,8.54736842105,10.15,6.44444444444,6.38110312122,0.746557631177,0.424086077262,6.12536078879,1.43327407619,0.70624837957,5.65580497358,1.3234026416,0.657505833549,0.665229160557,0.437313961926,2.19047619048,NaN,NaN,NaN,0.0213119443162,0.00484457004441,8,5.77972040603e-05,0.152163387276,NaN,NaN,NaN,NaN,NaN,0.494736842105,0.168421052632,0.252631578947,-158,-0.0176931690929,0.00733605630618,-3.32631578947,-3.60609756098,-1.38888888889,-2.59669704678,-0.00955142552521,-0.00314423255498,-2.76021265661,-0.063409394218,-0.0165586379742,-2.02784792309,0.0291703274467,0.0113318880473,0.0231019815815,0.0131413444449,0.0238095238095,NaN,NaN,NaN,-0.00131985136337,0.000611125835155,-6,-4.33479030452e-05,-0.0539957470489,-0.0736842105263,-0.0210526315789,0.0105263157895,405,1,159,8365,0.718085106383,0.999880468563,0.000119531436768,0.281914893617,0.997536945813,0.718085106383,0.835051546392,0.838334551949,0.717965574946,0.716814159292,30,188,0,3,2,3
32,WLNM_dir_neg_kfold,0.82050701675,0.559782892512,00:00:13,10,66.6666666667,12,14357,fixed,0.5,1,0.154255319149,0.267281105991,29,0,159,376,0.154255319149,1,0,0.845744680851,1,0.154255319149,0.267281105991,0.718085106383,0.649527186761,0.195615514334,0.32925858372,0.154255319149,565,377,188,0,565,0,377,0,188,95,564,0.0631578947368,1.51383458647,11.8736842105,13.756097561,7.83333333333,8.97780016801,0.756109056703,0.427230309817,8.8855734454,1.49668347041,0.722807017544,7.68365289667,1.29423231416,0.646173945502,0.642127178975,0.424172617482,2.16666666667,NaN,NaN,NaN,0.0226317956796,0.00423344420925,14,0.000101145107105,0.206159134324,NaN,NaN,NaN,NaN,NaN,0.568421052632,0.189473684211,0.242105263158,95,405,0.045352743561,1.48973684211,8.52631578947,10.3846153846,6.42857142857,6.36787500088,0.746849537141,0.424353476283,6.13190214894,1.43834741765,0.707576348278,5.65348795805,1.32612680497,0.658089668616,0.634706486203,0.426052755268,2.16666666667,NaN,NaN,NaN,0.0213119443162,0.00484457004441,8,5.77972040603e-05,0.158552553407,NaN,NaN,NaN,NaN,NaN,0.505263157895,0.157894736842,0.252631578947,-159,-0.0178051511758,-0.0240977443609,-3.34736842105,-3.37148217636,-1.40476190476,-2.60992516712,-0.00925951956206,-0.0028768335338,-2.75367129646,-0.05833605276,-0.0152306692658,-2.03016493862,0.0318944908195,0.0119157231139,-0.0074206927724,0.00188013778635,0,NaN,NaN,NaN,-0.00131985136337,0.000611125835155,-6,-4.33479030452e-05,-0.047606580917,-0.0631578947368,-0.0315789473684,0.0105263157895,405,0,159,8366,0.718085106383,1,0,0.281914893617,1,0.718085106383,0.835913312693,0.839459398727,0.718085106383,0.718085106383,29,188,0,3,2,3
33,WLNM_dir_neg_kfold,0.864694148936,0.544692045838,00:00:13,10,66.6666666667,13,14358,fixed,0.5,1,0.159574468085,0.275229357798,30,0,158,376,0.159574468085,1,0,0.840425531915,1,0.159574468085,0.275229357798,0.719858156028,0.648936170213,0.20202020202,0.335200761577,0.159574468085,565,377,188,0,565,0,377,0,188,95,564,0.0631578947368,1.51383458647,11.8736842105,13.756097561,7.83333333333,8.97780016801,0.756109056703,0.427230309817,8.8855734454,1.49668347041,0.722807017544,7.68365289667,1.29423231416,0.646173945502,0.642127178975,0.424172617482,2.16666666667,NaN,NaN,NaN,0.0226317956796,0.00423344420925,14,0.000101145107105,0.206159134324,NaN,NaN,NaN,NaN,NaN,0.568421052632,0.189473684211,0.242105263158,95,406,0.0454647256439,1.49201754386,8.54736842105,10.4102564103,6.44444444444,6.35437262928,0.743430295298,0.422530464091,6.13230390439,1.43489869684,0.706611355976,5.6501592997,1.32208160954,0.656883588281,0.640509590209,0.429290924122,2.2,NaN,NaN,NaN,0.0245778766961,0.00604594921403,10,7.22465050753e-05,0.158546745001,NaN,NaN,NaN,NaN,NaN,0.505263157895,0.157894736842,0.252631578947,-158,-0.0176931690929,-0.0218170426065,-3.32631578947,-3.34584115072,-1.38888888889,-2.62342753873,-0.012678761405,-0.00469984572583,-2.753269541,-0.0617847735721,-0.0161956615677,-2.03349359697,0.0278492953802,0.010709642779,-0.00161758876627,0.00511830664007,0.0333333333333,NaN,NaN,NaN,0.00194608101649,0.00181250500477,-4,-2.88986020301e-05,-0.0476123893236,-0.0631578947368,-0.0315789473684,0.0105263157895,406,0,158,8366,0.719858156028,1,0,0.280141843972,1,0.719858156028,0.837113402062,0.840544429649,0.719858156028,0.719858156028,30,188,0,3,2,3
34,WLNM_dir_neg_kfold,0.824135638298,0.581119616016,00:00:12,10,66.6666666667,14,14359,fixed,0.5,0.935483870968,0.154255319149,0.264840182648,29,2,159,374,0.154255319149,0.994680851064,0.00531914893617,0.845744680851,0.935483870968,0.154255319149,0.264840182648,0.714539007092,0.648345153664,0.188235294118,0.308055223849,0.148936170213,565,377,188,0,565,0,377,0,188,95,564,0.0631578947368,1.51383458647,11.8736842105,13.756097561,7.83333333333,8.97780016801,0.756109056703,0.427230309817,8.8855734454,1.49668347041,0.722807017544,7.68365289667,1.29423231416,0.646173945502,0.642127178975,0.424172617482,2.16666666667,NaN,NaN,NaN,0.0226317956796,0.00423344420925,14,0.000101145107105,0.206159134324,NaN,NaN,NaN,NaN,NaN,0.568421052632,0.189473684211,0.242105263158,95,407,0.0455767077268,1.62795442128,8.56842105263,9.92682926829,6.46031746032,6.42907728328,0.750322287361,0.426070089228,6.11879413425,1.42821976107,0.704875210138,5.6524578685,1.31936977275,0.656252424673,0.775065691436,0.476097906247,2.41025641026,NaN,NaN,NaN,0.0213119443162,0.00484457004441,8,5.77972040603e-05,0.144923709847,NaN,NaN,NaN,NaN,NaN,0.484210526316,0.178947368421,0.252631578947,-157,-0.0175811870101,0.114119834812,-3.30526315789,-3.82926829268,-1.37301587302,-2.54872288472,-0.00578676934148,-0.00116022058911,-2.76677931115,-0.0684637093467,-0.0179318074055,-2.03119502817,0.0251374585911,0.0100784791714,0.132938512461,0.0519252887655,0.24358974359,NaN,NaN,NaN,-0.00131985136337,0.000611125835155,-6,-4.33479030452e-05,-0.061235424477,-0.0842105263158,-0.0105263157895,0.0105263157895,405,2,159,8364,0.718085106383,0.999760937126,0.000239062873536,0.281914893617,0.995085995086,0.718085106383,0.834191555098,0.837213734521,0.717846043509,0.71554770318,31,188,0,3,2,3
35,WLNM_dir_neg_kfold,0.78266466727,0.457111353978,00:00:13,10,66.6666666667,15,14360,fixed,0.5,1,0.148936170213,0.259259259259,28,0,160,376,0.148936170213,1,0,0.851063829787,1,0.148936170213,0.259259259259,0.716312056738,0.65011820331,0.189189189189,0.323229967578,0.148936170213,565,377,188,0,565,0,377,0,188,95,564,0.0631578947368,1.51383458647,11.8736842105,13.756097561,7.83333333333,8.97780016801,0.756109056703,0.427230309817,8.8855734454,1.49668347041,0.722807017544,7.68365289667,1.29423231416,0.646173945502,0.642127178975,0.424172617482,2.16666666667,NaN,NaN,NaN,0.0226317956796,0.00423344420925,14,0.000101145107105,0.206159134324,NaN,NaN,NaN,NaN,NaN,0.568421052632,0.189473684211,0.242105263158,95,404,0.0452407614782,1.49171052632,8.50526315789,10.358974359,6.4126984127,6.33274785608,0.744568126644,0.423267326733,6.13321688709,1.44221684226,0.708598228244,5.65679486171,1.33018691055,0.659458051068,0.640373713109,0.429288190847,2.25,NaN,NaN,NaN,0.0247563178462,0.00549115314216,9,6.50218545678e-05,0.159077987637,NaN,NaN,NaN,NaN,NaN,0.505263157895,0.157894736842,0.252631578947,-160,-0.0179171332587,-0.0221240601504,-3.36842105263,-3.397123202,-1.42063492063,-2.64505231192,-0.0115409300592,-0.00396298308442,-2.75235655831,-0.054466628151,-0.0142087893,-2.02685803496,0.0359545963959,0.0132841055662,-0.00175346586629,0.0051155733652,0.0833333333333,NaN,NaN,NaN,0.00212452216664,0.00125770893291,-5,-3.61232525377e-05,-0.0470811466871,-0.0631578947368,-0.0315789473684,0.0105263157895,404,0,160,8366,0.716312056738,1,0,0.283687943262,1,0.716312056738,0.834710743802,0.838373218566,0.716312056738,0.716312056738,28,188,0,3,2,3
36,WLNM_dir_neg_kfold,0.77041364871,0.449536888507,00:00:14,10,66.6666666667,16,14361,fixed,0.5,0.965517241379,0.148936170213,0.258064516129,28,1,160,375,0.148936170213,0.997340425532,0.00265957446809,0.851063829787,0.965517241379,0.148936170213,0.258064516129,0.714539007092,0.649527186761,0.185497470489,0.312227967321,0.146276595745,565,377,188,0,565,0,377,0,188,95,564,0.0631578947368,1.51383458647,11.8736842105,13.756097561,7.83333333333,8.97780016801,0.756109056703,0.427230309817,8.8855734454,1.49668347041,0.722807017544,7.68365289667,1.29423231416,0.646173945502,0.642127178975,0.424172617482,2.16666666667,NaN,NaN,NaN,0.0226317956796,0.00423344420925,14,0.000101145107105,0.206159134324,NaN,NaN,NaN,NaN,NaN,0.568421052632,0.189473684211,0.242105263158,95,405,0.045352743561,1.56816093112,8.52631578947,10.125,6.42857142857,6.39787548724,0.750368112701,0.42604288499,6.12669520842,1.43712603654,0.70726445744,5.64783996804,1.32480196781,0.657517868746,0.718899841084,0.458434990197,2.31481481481,NaN,NaN,NaN,0.0230182548833,0.00486223662885,8,5.77972040603e-05,0.150366402209,NaN,NaN,NaN,NaN,NaN,0.494736842105,0.168421052632,0.252631578947,-159,-0.0178051511758,0.0543263446499,-3.34736842105,-3.63109756098,-1.40476190476,-2.57992468076,-0.00574094400122,-0.00118742482684,-2.75887823697,-0.0595574338684,-0.015542560104,-2.03581292863,0.0305696536565,0.0113439232439,0.0767726621086,0.0342623727158,0.148148148148,NaN,NaN,NaN,0.000386459203704,0.000628792419596,-6,-4.33479030452e-05,-0.0557927321151,-0.0736842105263,-0.0210526315789,0.0105263157895,404,1,160,8365,0.716312056738,0.999880468563,0.000119531436768,0.283687943262,0.997530864198,0.716312056738,0.833849329205,0.83724692424,0.716192525301,0.715044247788,29,188,0,3,2,3
37,WLNM_dir_neg_kfold,0.825974705749,0.500851913304,00:00:14,10,66.6666666667,17,14362,fixed,0.5,1,0.154255319149,0.267281105991,29,0,159,376,0.154255319149,1,0,0.845744680851,1,0.154255319149,0.267281105991,0.718085106383,0.649527186761,0.195615514334,0.32925858372,0.154255319149,565,377,188,0,565,0,377,0,188,95,564,0.0631578947368,1.51383458647,11.8736842105,13.756097561,7.83333333333,8.97780016801,0.756109056703,0.427230309817,8.8855734454,1.49668347041,0.722807017544,7.68365289667,1.29423231416,0.646173945502,0.642127178975,0.424172617482,2.16666666667,NaN,NaN,NaN,0.0226317956796,0.00423344420925,14,0.000101145107105,0.206159134324,NaN,NaN,NaN,NaN,NaN,0.568421052632,0.189473684211,0.242105263158,95,405,0.045352743561,1.48973684211,8.52631578947,10.3846153846,6.42857142857,6.36787500088,0.746849537141,0.424353476283,6.13190214894,1.43834741765,0.707576348278,5.65348795805,1.32612680497,0.658089668616,0.634706486203,0.426052755268,2.16666666667,NaN,NaN,NaN,0.0213119443162,0.00484457004441,8,5.77972040603e-05,0.158552553407,NaN,NaN,NaN,NaN,NaN,0.505263157895,0.157894736842,0.252631578947,-159,-0.0178051511758,-0.0240977443609,-3.34736842105,-3.37148217636,-1.40476190476,-2.60992516712,-0.00925951956206,-0.0028768335338,-2.75367129646,-0.05833605276,-0.0152306692658,-2.03016493862,0.0318944908195,0.0119157231139,-0.0074206927724,0.00188013778635,0,NaN,NaN,NaN,-0.00131985136337,0.000611125835155,-6,-4.33479030452e-05,-0.047606580917,-0.0631578947368,-0.0315789473684,0.0105263157895,405,0,159,8366,0.718085106383,1,0,0.281914893617,1,0.718085106383,0.835913312693,0.839459398727,0.718085106383,0.718085106383,29,188,0,3,2,3
38,WLNM_dir_neg_kfold,0.86379583522,0.546488183532,00:00:13,10,66.6666666667,18,14363,fixed,0.5,0.90625,0.154255319149,0.263636363636,29,3,159,373,0.154255319149,0.992021276596,0.00797872340426,0.845744680851,0.90625,0.154255319149,0.263636363636,0.712765957447,0.647754137116,0.184563758389,0.298069052024,0.146276595745,565,377,188,0,565,0,377,0,188,95,564,0.0631578947368,1.51383458647,11.8736842105,13.756097561,7.83333333333,8.97780016801,0.756109056703,0.427230309817,8.8855734454,1.49668347041,0.722807017544,7.68365289667,1.29423231416,0.646173945502,0.642127178975,0.424172617482,2.16666666667,NaN,NaN,NaN,0.0226317956796,0.00423344420925,14,0.000101145107105,0.206159134324,NaN,NaN,NaN,NaN,NaN,0.568421052632,0.189473684211,0.242105263158,95,408,0.0456886898096,1.56361709864,8.58947368421,9.9512195122,6.375,6.37897933682,0.742650780635,0.422291021672,6.12089842559,1.42520919223,0.703973168215,5.66037680914,1.31797989429,0.655211558308,0.699349042182,0.447263618944,2.19230769231,NaN,NaN,NaN,0.0287806855526,0.00658814134558,11,7.94711555828e-05,0.150571696684,NaN,NaN,NaN,NaN,NaN,0.484210526316,0.189473684211,0.242105263158,-156,-0.0174692049272,0.0497825121758,-3.28421052632,-3.80487804878,-1.45833333333,-2.59882083118,-0.0134582760676,-0.00493928814527,-2.76467501981,-0.0714742781794,-0.0188338493292,-2.02327608753,0.0237475801307,0.00903761280548,0.0572218632064,0.0230910014628,0.025641025641,NaN,NaN,NaN,0.00614888987306,0.00235469713632,-3,-2.16739515226e-05,-0.05558743764,-0.0842105263158,0,0,405,3,159,8363,0.718085106383,0.99964140569,0.000358594310304,0.281914893617,0.992647058824,0.718085106383,0.833333333333,0.836096921856,0.717726512073,0.714285714286,32,188,0,3,2,3
39,WLNM_dir_neg_kfold,0.85885157311,0.543824428142,00:00:13,10,66.6666666667,19,14364,fixed,0.5,1,0.154255319149,0.267281105991,29,0,159,376,0.154255319149,1,0,0.845744680851,1,0.154255319149,0.267281105991,0.718085106383,0.649527186761,0.195615514334,0.32925858372,0.154255319149,565,377,188,0,565,0,377,0,188,95,564,0.0631578947368,1.51383458647,11.8736842105,13.756097561,7.83333333333,8.97780016801,0.756109056703,0.427230309817,8.8855734454,1.49668347041,0.722807017544,7.68365289667,1.29423231416,0.646173945502,0.642127178975,0.424172617482,2.16666666667,NaN,NaN,NaN,0.0226317956796,0.00423344420925,14,0.000101145107105,0.206159134324,NaN,NaN,NaN,NaN,NaN,0.568421052632,0.189473684211,0.242105263158,95,405,0.045352743561,1.48973684211,8.52631578947,10.3846153846,6.42857142857,6.36787500088,0.746849537141,0.424353476283,6.13190214894,1.43834741765,0.707576348278,5.65348795805,1.32612680497,0.658089668616,0.634706486203,0.426052755268,2.16666666667,NaN,NaN,NaN,0.0213119443162,0.00484457004441,8,5.77972040603e-05,0.158552553407,NaN,NaN,NaN,NaN,NaN,0.505263157895,0.157894736842,0.252631578947,-159,-0.0178051511758,-0.0240977443609,-3.34736842105,-3.37148217636,-1.40476190476,-2.60992516712,-0.00925951956206,-0.0028768335338,-2.75367129646,-0.05833605276,-0.0152306692658,-2.03016493862,0.0318944908195,0.0119157231139,-0.0074206927724,0.00188013778635,0,NaN,NaN,NaN,-0.00131985136337,0.000611125835155,-6,-4.33479030452e-05,-0.047606580917,-0.0631578947368,-0.0315789473684,0.0105263157895,405,0,159,8366,0.718085106383,1,0,0.281914893617,1,0.718085106383,0.835913312693,0.839459398727,0.718085106383,0.718085106383,29,188,0,3,2,3
40,WLNM_dir_neg_kfold,0.881479176098,0.582581999866,00:00:13,10,66.6666666667,20,14365,fixed,0.5,0.935483870968,0.154255319149,0.264840182648,29,2,159,374,0.154255319149,0.994680851064,0.00531914893617,0.845744680851,0.935483870968,0.154255319149,0.264840182648,0.714539007092,0.648345153664,0.188235294118,0.308055223849,0.148936170213,565,377,188,0,565,0,377,0,188,95,564,0.0631578947368,1.51383458647,11.8736842105,13.756097561,7.83333333333,8.97780016801,0.756109056703,0.427230309817,8.8855734454,1.49668347041,0.722807017544,7.68365289667,1.29423231416,0.646173945502,0.642127178975,0.424172617482,2.16666666667,NaN,NaN,NaN,0.0226317956796,0.00423344420925,14,0.000101145107105,0.206159134324,NaN,NaN,NaN,NaN,NaN,0.568421052632,0.189473684211,0.242105263158,95,407,0.0455767077268,1.49666666667,8.56842105263,10.4358974359,6.26153846154,6.3508294509,0.741190169331,0.421311263417,6.13095244049,1.43105769495,0.705495926549,5.63926801855,1.31629106084,0.653148842623,0.648774202315,0.433479422482,2.16666666667,NaN,NaN,NaN,0.0332911043966,0.00663183279743,11,7.94711555828e-05,0.157239523957,NaN,NaN,NaN,NaN,NaN,0.505263157895,0.178947368421,0.231578947368,-157,-0.0175811870101,-0.0171679197995,-3.30526315789,-3.32020012508,-1.57179487179,-2.6269707171,-0.0149188873714,-0.00591904640057,-2.75462100491,-0.0656257754578,-0.0173110909953,-2.04438487812,0.0220587466845,0.00697489712047,0.00664702333973,0.00930680500076,0,NaN,NaN,NaN,0.0106593087171,0.00239838858817,-3,-2.16739515226e-05,-0.0489196103677,-0.0631578947368,-0.0105263157895,-0.0105263157895,405,2,159,8364,0.718085106383,0.999760937126,0.000239062873536,0.281914893617,0.995085995086,0.718085106383,0.834191555098,0.837213734521,0.717846043509,0.71554770318,31,188,0,3,2,3
41,WLNM_dir_neg_kfold,0.736581880942,0.446122131671,00:00:09,10,66.6666666667,1,15346,fixed,0.5,0.923076923077,0.191489361702,0.31718061674,36,3,152,373,0.191489361702,0.992021276596,0.00797872340426,0.808510638298,0.923076923077,0.191489361702,0.31718061674,0.725177304965,0.643617021277,0.228855721393,0.340974685664,0.183510638298,565,377,188,0,565,0,377,0,188,95,564,0.0631578947368,1.51383458647,11.8736842105,13.756097561,7.83333333333,8.97780016801,0.756109056703,0.427230309817,8.8855734454,1.49668347041,0.722807017544,7.68365289667,1.29423231416,0.646173945502,0.642127178975,0.424172617482,2.16666666667,NaN,NaN,NaN,0.0226317956796,0.00423344420925,14,0.000101145107105,0.206159134324,NaN,NaN,NaN,NaN,NaN,0.568421052632,0.189473684211,0.242105263158,95,415,0.0464725643897,1.52211176088,8.73684210526,10.1219512195,6.38461538462,6.34338409971,0.726049987317,0.409562460368,6.25019596557,1.43076775116,0.703107165504,5.57931710833,1.27719307299,0.643195941661,0.657894333109,0.432224722268,2.20987654321,NaN,NaN,NaN,0.0244075503912,0.00705605644845,12,8.66958060904e-05,0.139391565931,NaN,NaN,NaN,NaN,NaN,0.515789473684,0.168421052632,0.263157894737,-149,-0.0166853303471,0.00827717441752,-3.13684210526,-3.63414634146,-1.44871794872,-2.63441606829,-0.030059069386,-0.0176678494493,-2.63537747982,-0.0659157192572,-0.0196998520397,-2.10433578834,-0.0170392411644,-0.00297800384067,0.0157671541337,0.00805210478665,0.0432098765432,NaN,NaN,NaN,0.00177575471165,0.0028226122392,-2,-1.44493010151e-05,-0.0667675683939,-0.0526315789474,-0.0210526315789,0.0210526315789,412,3,152,8363,0.730496453901,0.99964140569,0.000358594310304,0.269503546099,0.992771084337,0.730496453901,0.841675178754,0.843697915204,0.73013785959,0.726631393298,39,188,0,3,3,3
42,WLNM_dir_neg_kfold,0.73774898144,0.429763583798,00:00:09,10,66.6666666667,2,15347,fixed,0.5,0.944444444444,0.18085106383,0.303571428571,34,2,154,374,0.18085106383,0.994680851064,0.00531914893617,0.81914893617,0.944444444444,0.18085106383,0.303571428571,0.723404255319,0.645390070922,0.22,0.338501600193,0.175531914894,565,377,188,0,565,0,377,0,188,95,564,0.0631578947368,1.51383458647,11.8736842105,13.756097561,7.83333333333,8.97780016801,0.756109056703,0.427230309817,8.8855734454,1.49668347041,0.722807017544,7.68365289667,1.29423231416,0.646173945502,0.642127178975,0.424172617482,2.16666666667,NaN,NaN,NaN,0.0226317956796,0.00423344420925,14,0.000101145107105,0.206159134324,NaN,NaN,NaN,NaN,NaN,0.568421052632,0.189473684211,0.242105263158,95,412,0.0461366181411,1.61081469181,8.67368421053,9.58139534884,6.64516129032,6.4254184486,0.740794602691,0.417756770567,6.23581032001,1.43786888447,0.705007664793,5.62027205807,1.29593651824,0.652324987225,0.736759456633,0.457383124439,2.37587562936,NaN,NaN,NaN,0.00589131668711,0.00236499802917,4,2.88986020301e-05,0.133140155888,NaN,NaN,NaN,NaN,NaN,0.494736842105,0.157894736842,0.294736842105,-152,-0.0170212765957,0.0969801053439,-3.2,-4.17470221214,-1.18817204301,-2.5523817194,-0.0153144540119,-0.0094735392499,-2.64976312539,-0.0588145859441,-0.0177993527508,-2.0633808386,0.00170420408881,0.00615104172329,0.0946322776572,0.0332105069577,0.209208962692,NaN,NaN,NaN,-0.0167404789925,-0.00186844618008,-10,-7.22465050753e-05,-0.0730189784364,-0.0736842105263,-0.0315789473684,0.0526315789474,410,2,154,8364,0.72695035461,0.999760937126,0.000239062873536,0.27304964539,0.995145631068,0.72695035461,0.840163934426,0.842641733465,0.726711291736,0.724381625442,36,188,0,3,3,3
43,WLNM_dir_neg_kfold,0.783704447714,0.456507523192,00:00:10,10,66.6666666667,3,15348,fixed,0.5,1,0.191489361702,0.321428571429,36,0,152,376,0.191489361702,1,0,0.808510638298,1,0.191489361702,0.321428571429,0.730496453901,0.645390070922,0.24,0.369274472938,0.191489361702,565,377,188,0,565,0,377,0,188,95,564,0.0631578947368,1.51383458647,11.8736842105,13.756097561,7.83333333333,8.97780016801,0.756109056703,0.427230309817,8.8855734454,1.49668347041,0.722807017544,7.68365289667,1.29423231416,0.646173945502,0.642127178975,0.424172617482,2.16666666667,NaN,NaN,NaN,0.0226317956796,0.00423344420925,14,0.000101145107105,0.206159134324,NaN,NaN,NaN,NaN,NaN,0.568421052632,0.189473684211,0.242105263158,95,412,0.0461366181411,1.50820662768,8.67368421053,10.0487804878,6.64516129032,6.36720671791,0.734083298788,0.413924374042,6.25114547174,1.44140490246,0.7060296372,5.60131163651,1.29156457638,0.650332141032,0.635211987285,0.421170399087,2.16666666667,NaN,NaN,NaN,0.00589131668711,0.00236826524571,4,2.88986020301e-05,0.140800427257,NaN,NaN,NaN,NaN,NaN,0.515789473684,0.136842105263,0.294736842105,-152,-0.0170212765957,-0.00562795878585,-3.2,-3.70731707317,-1.18817204301,-2.6105934501,-0.0220257579147,-0.0133059357752,-2.63442797366,-0.0552785679483,-0.0167773803441,-2.08234126016,-0.00266773777631,0.00415819553014,-0.00691519169027,-0.00300221839494,0,NaN,NaN,NaN,-0.0167404789925,-0.00186517896355,-10,-7.22465050753e-05,-0.0653587070678,-0.0526315789474,-0.0526315789474,0.0526315789474,412,0,152,8366,0.730496453901,1,0,0.269503546099,1,0.730496453901,0.844262295082,0.847030733119,0.730496453901,0.730496453901,36,188,0,3,3,3
44,WLNM_dir_neg_kfold,0.813235626981,0.475307720717,00:00:09,10,66.6666666667,4,15349,fixed,0.5,0.972222222222,0.186170212766,0.3125,35,1,153,375,0.186170212766,0.997340425532,0.00265957446809,0.813829787234,0.972222222222,0.186170212766,0.3125,0.72695035461,0.645390070922,0.23,0.353888036566,0.183510638298,565,377,188,0,565,0,377,0,188,95,564,0.0631578947368,1.51383458647,11.8736842105,13.756097561,7.83333333333,8.97780016801,0.756109056703,0.427230309817,8.8855734454,1.49668347041,0.722807017544,7.68365289667,1.29423231416,0.646173945502,0.642127178975,0.424172617482,2.16666666667,NaN,NaN,NaN,0.0226317956796,0.00423344420925,14,0.000101145107105,0.206159134324,NaN,NaN,NaN,NaN,NaN,0.568421052632,0.189473684211,0.242105263158,95,412,0.0461366181411,1.51436647173,8.67368421053,10.0487804878,6.53968253968,6.37054743174,0.734468453902,0.414154317833,6.24433449824,1.439834411,0.705723045478,5.59751184526,1.29068841092,0.649259070005,0.65151437664,0.430222399136,2.4,NaN,NaN,NaN,0.00728405291364,0.00295916354311,5,3.61232525377e-05,0.141083154914,NaN,NaN,NaN,NaN,NaN,0.515789473684,0.147368421053,0.284210526316,-152,-0.0170212765957,0.000531885268727,-3.2,-3.70731707317,-1.29365079365,-2.60725273627,-0.0216406028005,-0.0130759919837,-2.64123894716,-0.0568490594113,-0.0170839720661,-2.08614105141,-0.00354390323471,0.00308512450306,0.009387197665,0.00604978165415,0.233333333333,NaN,NaN,NaN,-0.0153477427659,-0.00127428066615,-9,-6.50218545678e-05,-0.0650759794104,-0.0526315789474,-0.0421052631579,0.0421052631579,411,1,153,8365,0.728723404255,0.999880468563,0.000119531436768,0.271276595745,0.997572815534,0.728723404255,0.842213114754,0.844836233292,0.728603872819,0.727433628319,36,188,0,3,3,3
45,WLNM_dir_neg_kfold,0.861348460842,0.569164962989,00:00:09,10,66.6666666667,5,15350,fixed,0.5,0.923076923077,0.191489361702,0.31718061674,36,3,152,373,0.191489361702,0.992021276596,0.00797872340426,0.808510638298,0.923076923077,0.191489361702,0.31718061674,0.725177304965,0.643617021277,0.228855721393,0.340974685664,0.183510638298,565,377,188,0,565,0,377,0,188,95,564,0.0631578947368,1.51383458647,11.8736842105,13.756097561,7.83333333333,8.97780016801,0.756109056703,0.427230309817,8.8855734454,1.49668347041,0.722807017544,7.68365289667,1.29423231416,0.646173945502,0.642127178975,0.424172617482,2.16666666667,NaN,NaN,NaN,0.0226317956796,0.00423344420925,14,0.000101145107105,0.206159134324,NaN,NaN,NaN,NaN,NaN,0.568421052632,0.189473684211,0.242105263158,95,415,0.0464725643897,1.55888078354,8.73684210526,9.43181818182,6.6935483871,6.3366722697,0.725281765809,0.409308814204,6.23144502141,1.42647536635,0.701686746988,5.60784524853,1.28372361111,0.648522511097,0.656076351312,0.420863710836,2.22837977296,NaN,NaN,NaN,0.00663722356646,0.00294233032562,5,3.61232525377e-05,0.126044124303,NaN,NaN,NaN,NaN,NaN,0.484210526316,0.168421052632,0.294736842105,-149,-0.0166853303471,0.0450461970754,-3.13684210526,-4.32427937916,-1.13978494624,-2.64112789831,-0.0308272908942,-0.0179214956129,-2.65412842398,-0.0702081040653,-0.0211202705559,-2.07580764814,-0.010508703046,0.00234856559497,0.0139491723367,-0.00330890664556,0.0617131062951,NaN,NaN,NaN,-0.0159945721131,-0.00129111388364,-9,-6.50218545678e-05,-0.0801150100213,-0.0842105263158,-0.0210526315789,0.0526315789474,412,3,152,8363,0.730496453901,0.99964140569,0.000358594310304,0.269503546099,0.992771084337,0.730496453901,0.841675178754,0.843697915204,0.73013785959,0.726631393298,39,188,0,3,3,3
46,WLNM_dir_neg_kfold,0.772111249434,0.471905641961,00:00:09,10,66.6666666667,6,15351,fixed,0.5,0.972972972973,0.191489361702,0.32,36,1,152,375,0.191489361702,0.997340425532,0.00265957446809,0.808510638298,0.972972972973,0.191489361702,0.32,0.728723404255,0.644799054374,0.236272878536,0.359531694194,0.188829787234,565,377,188,0,565,0,377,0,188,95,564,0.0631578947368,1.51383458647,11.8736842105,13.756097561,7.83333333333,8.97780016801,0.756109056703,0.427230309817,8.8855734454,1.49668347041,0.722807017544,7.68365289667,1.29423231416,0.646173945502,0.642127178975,0.424172617482,2.16666666667,NaN,NaN,NaN,0.0226317956796,0.00423344420925,14,0.000101145107105,0.206159134324,NaN,NaN,NaN,NaN,NaN,0.568421052632,0.189473684211,0.242105263158,95,413,0.046248600224,1.510417154,8.69473684211,10.0731707317,6.55555555556,6.35488367105,0.730888557808,0.412182999873,6.25141417372,1.43797662592,0.705033770868,5.59400975408,1.28675769162,0.647992863515,0.639927275391,0.423675852527,2.16666666667,NaN,NaN,NaN,0.013625797119,0.00413711583924,7,5.05725535527e-05,0.140403513872,NaN,NaN,NaN,NaN,NaN,0.515789473684,0.147368421053,0.284210526316,-151,-0.0169092945129,-0.00341743247006,-3.17894736842,-3.68292682927,-1.27777777778,-2.62291649696,-0.0252204988944,-0.0150473099445,-2.63415927168,-0.0587068444972,-0.017773246676,-2.08964314259,-0.00747462253819,0.00181891801267,-0.00219990358459,-0.000496764954441,0,NaN,NaN,NaN,-0.00900599856062,-9.63283700096e-05,-7,-5.05725535527e-05,-0.0657556204525,-0.0526315789474,-0.0421052631579,0.0421052631579,412,1,152,8365,0.730496453901,0.999880468563,0.000119531436768,0.269503546099,0.997578692494,0.730496453901,0.843398157625,0.845915874664,0.730376922464,0.729203539823,37,188,0,3,3,3
47,WLNM_dir_neg_kfold,0.837730590765,0.521374425138,00:00:09,10,66.6666666667,7,15352,fixed,0.5,1,0.191489361702,0.321428571429,36,0,152,376,0.191489361702,1,0,0.808510638298,1,0.191489361702,0.321428571429,0.730496453901,0.645390070922,0.24,0.369274472938,0.191489361702,565,377,188,0,565,0,377,0,188,95,564,0.0631578947368,1.51383458647,11.8736842105,13.756097561,7.83333333333,8.97780016801,0.756109056703,0.427230309817,8.8855734454,1.49668347041,0.722807017544,7.68365289667,1.29423231416,0.646173945502,0.642127178975,0.424172617482,2.16666666667,NaN,NaN,NaN,0.0226317956796,0.00423344420925,14,0.000101145107105,0.206159134324,NaN,NaN,NaN,NaN,NaN,0.568421052632,0.189473684211,0.242105263158,95,412,0.0461366181411,1.50820662768,8.67368421053,10.0487804878,6.64516129032,6.36720671791,0.734083298788,0.413924374042,6.25114547174,1.44140490246,0.7060296372,5.60131163651,1.29156457638,0.650332141032,0.635211987285,0.421170399087,2.16666666667,NaN,NaN,NaN,0.00589131668711,0.00236826524571,4,2.88986020301e-05,0.140800427257,NaN,NaN,NaN,NaN,NaN,0.515789473684,0.136842105263,0.294736842105,-152,-0.0170212765957,-0.00562795878585,-3.2,-3.70731707317,-1.18817204301,-2.6105934501,-0.0220257579147,-0.0133059357752,-2.63442797366,-0.0552785679483,-0.0167773803441,-2.08234126016,-0.00266773777631,0.00415819553014,-0.00691519169027,-0.00300221839494,0,NaN,NaN,NaN,-0.0167404789925,-0.00186517896355,-10,-7.22465050753e-05,-0.0653587070678,-0.0526315789474,-0.0526315789474,0.0526315789474,412,0,152,8366,0.730496453901,1,0,0.269503546099,1,0.730496453901,0.844262295082,0.847030733119,0.730496453901,0.730496453901,36,188,0,3,3,3
48,WLNM_dir_neg_kfold,0.760008770937,0.431164799853,00:00:09,10,66.6666666667,8,15353,fixed,0.5,1,0.186170212766,0.313901345291,35,0,153,376,0.186170212766,1,0,0.813829787234,1,0.186170212766,0.313901345291,0.728723404255,0.64598108747,0.233722871452,0.363765228928,0.186170212766,565,377,188,0,565,0,377,0,188,95,564,0.0631578947368,1.51383458647,11.8736842105,13.756097561,7.83333333333,8.97780016801,0.756109056703,0.427230309817,8.8855734454,1.49668347041,0.722807017544,7.68365289667,1.29423231416,0.646173945502,0.642127178975,0.424172617482,2.16666666667,NaN,NaN,NaN,0.0226317956796,0.00423344420925,14,0.000101145107105,0.206159134324,NaN,NaN,NaN,NaN,NaN,0.568421052632,0.189473684211,0.242105263158,95,411,0.0460246360582,1.50820662768,8.65263157895,10.0243902439,6.62903225806,6.38277006005,0.737668072633,0.415879113843,6.24915671803,1.44445228276,0.706927903701,5.60478918552,1.2955108823,0.65160711999,0.635211987285,0.421170399087,2.16666666667,NaN,NaN,NaN,0.00589131668711,0.00237154150198,4,2.88986020301e-05,0.141123805321,NaN,NaN,NaN,NaN,NaN,0.515789473684,0.136842105263,0.294736842105,-153,-0.0171332586786,-0.00562795878585,-3.22105263158,-3.73170731707,-1.20430107527,-2.59503010796,-0.0184409840697,-0.0113511959741,-2.63641672737,-0.052231187657,-0.015879113843,-2.07886371115,0.00127856814214,0.0054331744877,-0.00691519169027,-0.00300221839494,0,NaN,NaN,NaN,-0.0167404789925,-0.00186190270728,-10,-7.22465050753e-05,-0.0650353290039,-0.0526315789474,-0.0526315789474,0.0526315789474,411,0,153,8366,0.728723404255,1,0,0.271276595745,1,0.728723404255,0.843076923077,0.845952503386,0.728723404255,0.728723404255,35,188,0,3,3,3
49,WLNM_dir_neg_kfold,0.83770229742,0.520234265941,00:00:09,10,66.6666666667,9,15354,fixed,0.5,1,0.191489361702,0.321428571429,36,0,152,376,0.191489361702,1,0,0.808510638298,1,0.191489361702,0.321428571429,0.730496453901,0.645390070922,0.24,0.369274472938,0.191489361702,565,377,188,0,565,0,377,0,188,95,564,0.0631578947368,1.51383458647,11.8736842105,13.756097561,7.83333333333,8.97780016801,0.756109056703,0.427230309817,8.8855734454,1.49668347041,0.722807017544,7.68365289667,1.29423231416,0.646173945502,0.642127178975,0.424172617482,2.16666666667,NaN,NaN,NaN,0.0226317956796,0.00423344420925,14,0.000101145107105,0.206159134324,NaN,NaN,NaN,NaN,NaN,0.568421052632,0.189473684211,0.242105263158,95,412,0.0461366181411,1.50820662768,8.67368421053,10.0487804878,6.64516129032,6.36720671791,0.734083298788,0.413924374042,6.25114547174,1.44140490246,0.7060296372,5.60131163651,1.29156457638,0.650332141032,0.635211987285,0.421170399087,2.16666666667,NaN,NaN,NaN,0.00589131668711,0.00236826524571,4,2.88986020301e-05,0.140800427257,NaN,NaN,NaN,NaN,NaN,0.515789473684,0.136842105263,0.294736842105,-152,-0.0170212765957,-0.00562795878585,-3.2,-3.70731707317,-1.18817204301,-2.6105934501,-0.0220257579147,-0.0133059357752,-2.63442797366,-0.0552785679483,-0.0167773803441,-2.08234126016,-0.00266773777631,0.00415819553014,-0.00691519169027,-0.00300221839494,0,NaN,NaN,NaN,-0.0167404789925,-0.00186517896355,-10,-7.22465050753e-05,-0.0653587070678,-0.0526315789474,-0.0526315789474,0.0526315789474,412,0,152,8366,0.730496453901,1,0,0.269503546099,1,0.730496453901,0.844262295082,0.847030733119,0.730496453901,0.730496453901,36,188,0,3,3,3
50,WLNM_dir_neg_kfold,0.752857627886,0.468791115133,00:00:09,10,66.6666666667,10,15355,fixed,0.5,1,0.191489361702,0.321428571429,36,0,152,376,0.191489361702,1,0,0.808510638298,1,0.191489361702,0.321428571429,0.730496453901,0.645390070922,0.24,0.369274472938,0.191489361702,565,377,188,0,565,0,377,0,188,95,564,0.0631578947368,1.51383458647,11.8736842105,13.756097561,7.83333333333,8.97780016801,0.756109056703,0.427230309817,8.8855734454,1.49668347041,0.722807017544,7.68365289667,1.29423231416,0.646173945502,0.642127178975,0.424172617482,2.16666666667,NaN,NaN,NaN,0.0226317956796,0.00423344420925,14,0.000101145107105,0.206159134324,NaN,NaN,NaN,NaN,NaN,0.568421052632,0.189473684211,0.242105263158,95,412,0.0461366181411,1.50820662768,8.67368421053,10.0487804878,6.64516129032,6.36720671791,0.734083298788,0.413924374042,6.25114547174,1.44140490246,0.7060296372,5.60131163651,1.29156457638,0.650332141032,0.635211987285,0.421170399087,2.16666666667,NaN,NaN,NaN,0.00589131668711,0.00236826524571,4,2.88986020301e-05,0.140800427257,NaN,NaN,NaN,NaN,NaN,0.515789473684,0.136842105263,0.294736842105,-152,-0.0170212765957,-0.00562795878585,-3.2,-3.70731707317,-1.18817204301,-2.6105934501,-0.0220257579147,-0.0133059357752,-2.63442797366,-0.0552785679483,-0.0167773803441,-2.08234126016,-0.00266773777631,0.00415819553014,-0.00691519169027,-0.00300221839494,0,NaN,NaN,NaN,-0.0167404789925,-0.00186517896355,-10,-7.22465050753e-05,-0.0653587070678,-0.0526315789474,-0.0526315789474,0.0526315789474,412,0,152,8366,0.730496453901,1,0,0.269503546099,1,0.730496453901,0.844262295082,0.847030733119,0.730496453901,0.730496453901,36,188,0,3,3,3
51,WLNM_dir_neg_kfold,0.852089463558,0.520525824912,00:00:09,10,66.6666666667,11,15356,fixed,0.5,0.972972972973,0.191489361702,0.32,36,1,152,375,0.191489361702,0.997340425532,0.00265957446809,0.808510638298,0.972972972973,0.191489361702,0.32,0.728723404255,0.644799054374,0.236272878536,0.359531694194,0.188829787234,565,377,188,0,565,0,377,0,188,95,564,0.0631578947368,1.51383458647,11.8736842105,13.756097561,7.83333333333,8.97780016801,0.756109056703,0.427230309817,8.8855734454,1.49668347041,0.722807017544,7.68365289667,1.29423231416,0.646173945502,0.642127178975,0.424172617482,2.16666666667,NaN,NaN,NaN,0.0226317956796,0.00423344420925,14,0.000101145107105,0.206159134324,NaN,NaN,NaN,NaN,NaN,0.568421052632,0.189473684211,0.242105263158,95,413,0.046248600224,1.50965469229,8.69473684211,10.0731707317,6.55555555556,6.36491995606,0.732042852089,0.412845673506,6.25481673295,1.43875929693,0.705237670447,5.59400975408,1.28675769162,0.647992863515,0.639177350173,0.423393080179,2.30423280423,NaN,NaN,NaN,0.0107431526949,0.00413223140496,7,5.05725535527e-05,0.140491696353,NaN,NaN,NaN,NaN,NaN,0.515789473684,0.147368421053,0.284210526316,-151,-0.0169092945129,-0.00417989417989,-3.17894736842,-3.68292682927,-1.27777777778,-2.61288021195,-0.0240662046136,-0.0143846363113,-2.63075671244,-0.0579241734863,-0.0175693470966,-2.08964314259,-0.00747462253819,0.00181891801267,-0.002949828802,-0.000779537302756,0.137566137566,NaN,NaN,NaN,-0.0118886429847,-0.000101212804294,-7,-5.05725535527e-05,-0.065667437971,-0.0526315789474,-0.0421052631579,0.0421052631579,412,1,152,8365,0.730496453901,0.999880468563,0.000119531436768,0.269503546099,0.997578692494,0.730496453901,0.843398157625,0.845915874664,0.730376922464,0.729203539823,37,188,0,3,3,3
52,WLNM_dir_neg_kfold,0.752058340878,0.489204358791,00:00:09,10,66.6666666667,12,15357,fixed,0.5,0.944444444444,0.18085106383,0.303571428571,34,2,154,374,0.18085106383,0.994680851064,0.00531914893617,0.81914893617,0.944444444444,0.18085106383,0.303571428571,0.723404255319,0.645390070922,0.22,0.338501600193,0.175531914894,565,377,188,0,565,0,377,0,188,95,564,0.0631578947368,1.51383458647,11.8736842105,13.756097561,7.83333333333,8.97780016801,0.756109056703,0.427230309817,8.8855734454,1.49668347041,0.722807017544,7.68365289667,1.29423231416,0.646173945502,0.642127178975,0.424172617482,2.16666666667,NaN,NaN,NaN,0.0226317956796,0.00423344420925,14,0.000101145107105,0.206159134324,NaN,NaN,NaN,NaN,NaN,0.568421052632,0.189473684211,0.242105263158,95,412,0.0461366181411,1.514917154,8.67368421053,10.0487804878,6.4375,6.35550039087,0.732733661569,0.413132345427,6.25114547174,1.44140490246,0.7060296372,5.58800106291,1.28849539072,0.647419519673,0.648553135952,0.428111289282,2.16666666667,NaN,NaN,NaN,0.0275512357155,0.00474308300395,8,5.77972040603e-05,0.139291484525,NaN,NaN,NaN,NaN,NaN,0.515789473684,0.157894736842,0.273684210526,-152,-0.0170212765957,0.00108256752994,-3.2,-3.70731707317,-1.39583333333,-2.62229977714,-0.0233753951338,-0.0140979643904,-2.63442797366,-0.0552785679483,-0.0167773803441,-2.09565183376,-0.00573692343637,0.00124557417092,0.0064259569766,0.00393867180003,0,NaN,NaN,NaN,0.00491944003587,0.000509638794699,-6,-4.33479030452e-05,-0.0668676497996,-0.0526315789474,-0.0315789473684,0.0315789473684,410,2,154,8364,0.72695035461,0.999760937126,0.000239062873536,0.27304964539,0.995145631068,0.72695035461,0.840163934426,0.842641733465,0.726711291736,0.724381625442,36,188,0,3,3,3
53,WLNM_dir_neg_kfold,0.773617870077,0.442816794629,00:00:09,10,66.6666666667,13,15358,fixed,0.5,1,0.186170212766,0.313901345291,35,0,153,376,0.186170212766,1,0,0.813829787234,1,0.186170212766,0.313901345291,0.728723404255,0.64598108747,0.233722871452,0.363765228928,0.186170212766,565,377,188,0,565,0,377,0,188,95,564,0.0631578947368,1.51383458647,11.8736842105,13.756097561,7.83333333333,8.97780016801,0.756109056703,0.427230309817,8.8855734454,1.49668347041,0.722807017544,7.68365289667,1.29423231416,0.646173945502,0.642127178975,0.424172617482,2.16666666667,NaN,NaN,NaN,0.0226317956796,0.00423344420925,14,0.000101145107105,0.206159134324,NaN,NaN,NaN,NaN,NaN,0.568421052632,0.189473684211,0.242105263158,95,411,0.0460246360582,1.50820662768,8.65263157895,10.0243902439,6.62903225806,6.38277006005,0.737668072633,0.415879113843,6.24915671803,1.44445228276,0.706927903701,5.60478918552,1.2955108823,0.65160711999,0.635211987285,0.421170399087,2.16666666667,NaN,NaN,NaN,0.00589131668711,0.00237154150198,4,2.88986020301e-05,0.141123805321,NaN,NaN,NaN,NaN,NaN,0.515789473684,0.136842105263,0.294736842105,-153,-0.0171332586786,-0.00562795878585,-3.22105263158,-3.73170731707,-1.20430107527,-2.59503010796,-0.0184409840697,-0.0113511959741,-2.63641672737,-0.052231187657,-0.015879113843,-2.07886371115,0.00127856814214,0.0054331744877,-0.00691519169027,-0.00300221839494,0,NaN,NaN,NaN,-0.0167404789925,-0.00186190270728,-10,-7.22465050753e-05,-0.0650353290039,-0.0526315789474,-0.0526315789474,0.0526315789474,411,0,153,8366,0.728723404255,1,0,0.271276595745,1,0.728723404255,0.843076923077,0.845952503386,0.728723404255,0.728723404255,35,188,0,3,3,3
54,WLNM_dir_neg_kfold,0.879965482119,0.572269893543,00:00:09,10,66.6666666667,14,15359,fixed,0.5,0.921052631579,0.186170212766,0.309734513274,35,3,153,373,0.186170212766,0.992021276596,0.00797872340426,0.813829787234,0.921052631579,0.186170212766,0.309734513274,0.723404255319,0.644208037825,0.222591362126,0.335100545248,0.178191489362,565,377,188,0,565,0,377,0,188,95,564,0.0631578947368,1.51383458647,11.8736842105,13.756097561,7.83333333333,8.97780016801,0.756109056703,0.427230309817,8.8855734454,1.49668347041,0.722807017544,7.68365289667,1.29423231416,0.646173945502,0.642127178975,0.424172617482,2.16666666667,NaN,NaN,NaN,0.0226317956796,0.00423344420925,14,0.000101145107105,0.206159134324,NaN,NaN,NaN,NaN,NaN,0.568421052632,0.189473684211,0.242105263158,95,414,0.0463605823068,1.52771280052,8.71578947368,10.0975609756,6.46875,6.34917176353,0.728467774802,0.410806000509,6.23803670266,1.43143354288,0.703381642512,5.58477373296,1.28153020442,0.645308924485,0.670574930258,0.438940440919,2.30987654321,NaN,NaN,NaN,0.022363408993,0.0041265474553,7,5.05725535527e-05,0.140304110111,NaN,NaN,NaN,NaN,NaN,0.515789473684,0.157894736842,0.273684210526,-150,-0.01679731243,0.0138782140537,-3.15789473684,-3.65853658537,-1.36458333333,-2.62862840447,-0.027641281901,-0.0164243093086,-2.64753674274,-0.0652499275322,-0.0194253750318,-2.09887916371,-0.0127021097319,-0.000865021016927,0.0284477512821,0.0147678234373,0.143209876543,NaN,NaN,NaN,-0.000268386686555,-0.000106896753957,-7,-5.05725535527e-05,-0.0658550242138,-0.0526315789474,-0.0315789473684,0.0315789473684,411,3,153,8363,0.728723404255,0.99964140569,0.000358594310304,0.271276595745,0.992753623188,0.728723404255,0.840490797546,0.842615493475,0.728364809945,0.724867724868,38,188,0,3,3,3
55,WLNM_dir_neg_kfold,0.738760468538,0.409919682067,00:00:09,10,66.6666666667,15,15360,fixed,0.5,0.972972972973,0.191489361702,0.32,36,1,152,375,0.191489361702,0.997340425532,0.00265957446809,0.808510638298,0.972972972973,0.191489361702,0.32,0.728723404255,0.644799054374,0.236272878536,0.359531694194,0.188829787234,565,377,188,0,565,0,377,0,188,95,564,0.0631578947368,1.51383458647,11.8736842105,13.756097561,7.83333333333,8.97780016801,0.756109056703,0.427230309817,8.8855734454,1.49668347041,0.722807017544,7.68365289667,1.29423231416,0.646173945502,0.642127178975,0.424172617482,2.16666666667,NaN,NaN,NaN,0.0226317956796,0.00423344420925,14,0.000101145107105,0.206159134324,NaN,NaN,NaN,NaN,NaN,0.568421052632,0.189473684211,0.242105263158,95,413,0.046248600224,1.51276803119,8.69473684211,10.0731707317,6.55555555556,6.35153471856,0.730503387728,0.411928125398,6.2480097615,1.43719352868,0.704880846183,5.59400975408,1.28675769162,0.647992863515,0.643906104328,0.42564761487,2.16666666667,NaN,NaN,NaN,0.0174044745819,0.00354749704375,6,4.33479030452e-05,0.140136030678,NaN,NaN,NaN,NaN,NaN,0.515789473684,0.147368421053,0.284210526316,-151,-0.0169092945129,-0.00106655527708,-3.17894736842,-3.68292682927,-1.27777777778,-2.62626544945,-0.0256056689748,-0.0153021844189,-2.63756368389,-0.0594899417373,-0.0179261713606,-2.08964314259,-0.00747462253819,0.00181891801267,0.00177892535251,0.00147499738894,0,NaN,NaN,NaN,-0.00522732109773,-0.000685947165501,-8,-5.77972040603e-05,-0.0660231036468,-0.0526315789474,-0.0421052631579,0.0421052631579,412,1,152,8365,0.730496453901,0.999880468563,0.000119531436768,0.269503546099,0.997578692494,0.730496453901,0.843398157625,0.845915874664,0.730376922464,0.729203539823,37,188,0,3,3,3
56,WLNM_dir_neg_kfold,0.785409121775,0.449510098338,00:00:09,10,66.6666666667,16,15361,fixed,0.5,0.972972972973,0.191489361702,0.32,36,1,152,375,0.191489361702,0.997340425532,0.00265957446809,0.808510638298,0.972972972973,0.191489361702,0.32,0.728723404255,0.644799054374,0.236272878536,0.359531694194,0.188829787234,565,377,188,0,565,0,377,0,188,95,564,0.0631578947368,1.51383458647,11.8736842105,13.756097561,7.83333333333,8.97780016801,0.756109056703,0.427230309817,8.8855734454,1.49668347041,0.722807017544,7.68365289667,1.29423231416,0.646173945502,0.642127178975,0.424172617482,2.16666666667,NaN,NaN,NaN,0.0226317956796,0.00423344420925,14,0.000101145107105,0.206159134324,NaN,NaN,NaN,NaN,NaN,0.568421052632,0.189473684211,0.242105263158,95,413,0.046248600224,1.51768031189,8.69473684211,10.0731707317,6.55555555556,6.34985957997,0.73031072651,0.411877150503,6.24630685958,1.43680182,0.704829871288,5.59400975408,1.28675769162,0.647992863515,0.649182489348,0.427746531507,2.16666666667,NaN,NaN,NaN,0.0205334207994,0.00295683027794,5,3.61232525377e-05,0.140380373056,NaN,NaN,NaN,NaN,NaN,0.515789473684,0.147368421053,0.284210526316,-151,-0.0169092945129,0.00384572542467,-3.17894736842,-3.68292682927,-1.27777777778,-2.62794058804,-0.0257983301929,-0.0153531593137,-2.63926658581,-0.0598816504111,-0.0179771462555,-2.08964314259,-0.00747462253819,0.00181891801267,0.00705531037231,0.00357391402544,0,NaN,NaN,NaN,-0.00209837488018,-0.00127661393131,-9,-6.50218545678e-05,-0.0657787612683,-0.0526315789474,-0.0421052631579,0.0421052631579,412,1,152,8365,0.730496453901,0.999880468563,0.000119531436768,0.269503546099,0.997578692494,0.730496453901,0.843398157625,0.845915874664,0.730376922464,0.729203539823,37,188,0,3,3,3
57,WLNM_dir_neg_kfold,0.772238569488,0.416209246358,00:00:09,10,66.6666666667,17,15362,fixed,0.5,1,0.191489361702,0.321428571429,36,0,152,376,0.191489361702,1,0,0.808510638298,1,0.191489361702,0.321428571429,0.730496453901,0.645390070922,0.24,0.369274472938,0.191489361702,565,377,188,0,565,0,377,0,188,95,564,0.0631578947368,1.51383458647,11.8736842105,13.756097561,7.83333333333,8.97780016801,0.756109056703,0.427230309817,8.8855734454,1.49668347041,0.722807017544,7.68365289667,1.29423231416,0.646173945502,0.642127178975,0.424172617482,2.16666666667,NaN,NaN,NaN,0.0226317956796,0.00423344420925,14,0.000101145107105,0.206159134324,NaN,NaN,NaN,NaN,NaN,0.568421052632,0.189473684211,0.242105263158,95,412,0.0461366181411,1.50820662768,8.67368421053,10.0487804878,6.64516129032,6.36720671791,0.734083298788,0.413924374042,6.25114547174,1.44140490246,0.7060296372,5.60131163651,1.29156457638,0.650332141032,0.635211987285,0.421170399087,2.16666666667,NaN,NaN,NaN,0.00589131668711,0.00236826524571,4,2.88986020301e-05,0.140800427257,NaN,NaN,NaN,NaN,NaN,0.515789473684,0.136842105263,0.294736842105,-152,-0.0170212765957,-0.00562795878585,-3.2,-3.70731707317,-1.18817204301,-2.6105934501,-0.0220257579147,-0.0133059357752,-2.63442797366,-0.0552785679483,-0.0167773803441,-2.08234126016,-0.00266773777631,0.00415819553014,-0.00691519169027,-0.00300221839494,0,NaN,NaN,NaN,-0.0167404789925,-0.00186517896355,-10,-7.22465050753e-05,-0.0653587070678,-0.0526315789474,-0.0526315789474,0.0526315789474,412,0,152,8366,0.730496453901,1,0,0.269503546099,1,0.730496453901,0.844262295082,0.847030733119,0.730496453901,0.730496453901,36,188,0,3,3,3
58,WLNM_dir_neg_kfold,0.525810604346,0.33019373475,00:00:09,10,66.6666666667,18,15363,fixed,0.5,1,0.186170212766,0.313901345291,35,0,153,376,0.186170212766,1,0,0.813829787234,1,0.186170212766,0.313901345291,0.728723404255,0.64598108747,0.233722871452,0.363765228928,0.186170212766,565,377,188,0,565,0,377,0,188,95,564,0.0631578947368,1.51383458647,11.8736842105,13.756097561,7.83333333333,8.97780016801,0.756109056703,0.427230309817,8.8855734454,1.49668347041,0.722807017544,7.68365289667,1.29423231416,0.646173945502,0.642127178975,0.424172617482,2.16666666667,NaN,NaN,NaN,0.0226317956796,0.00423344420925,14,0.000101145107105,0.206159134324,NaN,NaN,NaN,NaN,NaN,0.568421052632,0.189473684211,0.242105263158,95,411,0.0460246360582,1.50820662768,8.65263157895,10.0243902439,6.62903225806,6.38277006005,0.737668072633,0.415879113843,6.24915671803,1.44445228276,0.706927903701,5.60478918552,1.2955108823,0.65160711999,0.635211987285,0.421170399087,2.16666666667,NaN,NaN,NaN,0.00589131668711,0.00237154150198,4,2.88986020301e-05,0.141123805321,NaN,NaN,NaN,NaN,NaN,0.515789473684,0.136842105263,0.294736842105,-153,-0.0171332586786,-0.00562795878585,-3.22105263158,-3.73170731707,-1.20430107527,-2.59503010796,-0.0184409840697,-0.0113511959741,-2.63641672737,-0.052231187657,-0.015879113843,-2.07886371115,0.00127856814214,0.0054331744877,-0.00691519169027,-0.00300221839494,0,NaN,NaN,NaN,-0.0167404789925,-0.00186190270728,-10,-7.22465050753e-05,-0.0650353290039,-0.0526315789474,-0.0526315789474,0.0526315789474,411,0,153,8366,0.728723404255,1,0,0.271276595745,1,0.728723404255,0.843076923077,0.845952503386,0.728723404255,0.728723404255,35,188,0,3,3,3
59,WLNM_dir_neg_kfold,0.8855463445,0.624340011219,00:00:09,10,66.6666666667,19,15364,fixed,0.5,0.972222222222,0.186170212766,0.3125,35,1,153,375,0.186170212766,0.997340425532,0.00265957446809,0.813829787234,0.972222222222,0.186170212766,0.3125,0.72695035461,0.645390070922,0.23,0.353888036566,0.183510638298,565,377,188,0,565,0,377,0,188,95,564,0.0631578947368,1.51383458647,11.8736842105,13.756097561,7.83333333333,8.97780016801,0.756109056703,0.427230309817,8.8855734454,1.49668347041,0.722807017544,7.68365289667,1.29423231416,0.646173945502,0.642127178975,0.424172617482,2.16666666667,NaN,NaN,NaN,0.0226317956796,0.00423344420925,14,0.000101145107105,0.206159134324,NaN,NaN,NaN,NaN,NaN,0.568421052632,0.189473684211,0.242105263158,95,412,0.0461366181411,1.55700553088,8.67368421053,9.80952380952,6.64516129032,6.40551973619,0.738500455022,0.416581502299,6.24263059376,1.43944152041,0.705518650996,5.60890349643,1.2933151266,0.651200817578,0.681063324431,0.437418693077,2.24991087344,NaN,NaN,NaN,0.00589131668711,0.00235756385069,4,2.88986020301e-05,0.136281285749,NaN,NaN,NaN,NaN,NaN,0.505263157895,0.147368421053,0.294736842105,-152,-0.0170212765957,0.0431709444154,-3.2,-3.94657375145,-1.18817204301,-2.57228043182,-0.0176086016809,-0.0106488075177,-2.64294285164,-0.0572419500071,-0.0172883665474,-2.07474940024,-0.000917187551697,0.00502687207587,0.0389361454558,0.0132460755951,0.0832442067736,NaN,NaN,NaN,-0.0167404789925,-0.00187588035857,-10,-7.22465050753e-05,-0.0698778485758,-0.0631578947368,-0.0421052631579,0.0526315789474,411,1,153,8365,0.728723404255,0.999880468563,0.000119531436768,0.271276595745,0.997572815534,0.728723404255,0.842213114754,0.844836233292,0.728603872819,0.727433628319,36,188,0,3,3,3
60,WLNM_dir_neg_kfold,0.880128168855,0.576448332405,00:00:09,10,66.6666666667,20,15365,fixed,0.5,1,0.186170212766,0.313901345291,35,0,153,376,0.186170212766,1,0,0.813829787234,1,0.186170212766,0.313901345291,0.728723404255,0.64598108747,0.233722871452,0.363765228928,0.186170212766,565,377,188,0,565,0,377,0,188,95,564,0.0631578947368,1.51383458647,11.8736842105,13.756097561,7.83333333333,8.97780016801,0.756109056703,0.427230309817,8.8855734454,1.49668347041,0.722807017544,7.68365289667,1.29423231416,0.646173945502,0.642127178975,0.424172617482,2.16666666667,NaN,NaN,NaN,0.0226317956796,0.00423344420925,14,0.000101145107105,0.206159134324,NaN,NaN,NaN,NaN,NaN,0.568421052632,0.189473684211,0.242105263158,95,411,0.0460246360582,1.50820662768,8.65263157895,10.0243902439,6.62903225806,6.38277006005,0.737668072633,0.415879113843,6.24915671803,1.44445228276,0.706927903701,5.60478918552,1.2955108823,0.65160711999,0.635211987285,0.421170399087,2.16666666667,NaN,NaN,NaN,0.00589131668711,0.00237154150198,4,2.88986020301e-05,0.141123805321,NaN,NaN,NaN,NaN,NaN,0.515789473684,0.136842105263,0.294736842105,-153,-0.0171332586786,-0.00562795878585,-3.22105263158,-3.73170731707,-1.20430107527,-2.59503010796,-0.0184409840697,-0.0113511959741,-2.63641672737,-0.052231187657,-0.015879113843,-2.07886371115,0.00127856814214,0.0054331744877,-0.00691519169027,-0.00300221839494,0,NaN,NaN,NaN,-0.0167404789925,-0.00186190270728,-10,-7.22465050753e-05,-0.0650353290039,-0.0526315789474,-0.0526315789474,0.0526315789474,411,0,153,8366,0.728723404255,1,0,0.271276595745,1,0.728723404255,0.843076923077,0.845952503386,0.728723404255,0.728723404255,35,188,0,3,3,3
