Prey,Predator,PreyMass,PredatorMass
Acari phyto,Acari pred,3.45e-05,3.45e-05
Chartoscirta cincta,Theridiidae,0.003909244,6.29e-05
Chrysopidae,Theridiidae,0.000797328,6.29e-05
Diplocampa assimile,Theridiidae,0.001595289,6.29e-05
Dryops auriculatus,Theridiidae,0.004000495,6.29e-05
Hebrus pusillus,Theridiidae,0.003811513,6.29e-05
Heteroptera,Theridiidae,0.00156972405333333,6.29e-05
Hypostenus sp,Theridiidae,0.000490858,6.29e-05
Lesteva sicula,Theridiidae,0.001227146,6.29e-05
Ligidium hypnorum,Theridiidae,0.003745511,6.29e-05
Opilionida,Theridiidae,0.010951018,6.29e-05
Pelochares versicolor,Theridiidae,0.001492209,6.29e-05
Tetramorium sp,Theridiidae,0.00132888,6.29e-05
Acari phyto,Brachygluta sp,3.45e-05,0.000214014
Anacaena limbata,Stilicus rufipes,0.000981717,0.000245429
Antistea elegans,Stilicus rufipes,0.0010581811875,0.000245429
Bathyphantes gracilis,Stilicus rufipes,0.00077728,0.000245429
Brachygluta sp,Stilicus rufipes,0.000214014,0.000245429
Chrysopidae,Stilicus rufipes,0.000797328,0.000245429
Cicadina,Stilicus rufipes,0.000332286,0.000245429
Delphacidae,Stilicus rufipes,0.000652355,0.000245429
Gnathonarium dentatum,Stilicus rufipes,0.000977646,0.000245429
Hebrus pusillus,Stilicus rufipes,0.003811513,0.000245429
Helicidae,Stilicus rufipes,0.083148428,0.000245429
Heteroptera,Stilicus rufipes,0.00156972405333333,0.000245429
Jassidae,Stilicus rufipes,0.000732983,0.000245429
Pelochares versicolor,Stilicus rufipes,0.001492209,0.000245429
Platystethus nodifrons,Stilicus rufipes,0.000849185,0.000245429
Psychodidae,Stilicus rufipes,0.000494574565217391,0.000245429
Chloropidae,Chrysotus cilipes,0.001310275,0.000265776
Anacaena limbata,Thomisidae,0.000981717,0.000359276
Anotylus sp,Thomisidae,0.000105535,0.000359276
Aphidoidea,Thomisidae,0.000195462,0.000359276
Aphtona lutescens,Thomisidae,0.000490858,0.000359276
Brachygluta sp,Thomisidae,0.000214014,0.000359276
Chrysotus cilipes,Thomisidae,0.000265776,0.000359276
Ephydridae,Thomisidae,0.000797328,0.000359276
Fulgoroidea,Thomisidae,0.000300523,0.000359276
Hebrus pusillus,Thomisidae,0.003811513,0.000359276
Hybotidae,Thomisidae,8.85e-05,0.000359276
Ligidium hypnorum,Thomisidae,0.003745511,0.000359276
Pelochares versicolor,Thomisidae,0.001492209,0.000359276
Pentatomidae,Thomisidae,0.002252702,0.000359276
Proctotrupoidea,Thomisidae,7.97e-05,0.000359276
Psychodidae,Thomisidae,0.000494574565217391,0.000359276
Salticidae,Thomisidae,0.0057653479,0.000359276
Tetramesa sp,Thomisidae,0.000595338,0.000359276
Tetrastichus sp,Thomisidae,0.000845167,0.000359276
Teuchophorus calcaratus,Thomisidae,0.000265776,0.000359276
Anotylus sp,Liocranidae,0.000105535,0.000366186
Bryaxis sp,Liocranidae,0.000105535,0.000366186
Antistea elegans,Hypostenus sp,0.0010581811875,0.000490858
Chartoscirta cincta,Hypostenus sp,0.003909244,0.000490858
Helicidae,Hypostenus sp,0.083148428,0.000490858
Edaphus blŸhweissi,Linyphiidae,6.72e-05,0.00061837
Capreolus capreolus,Ceratopogonidae,20000,0.000760097333333333
Hebrus pusillus,Lepthyphantes tenuis,0.003811513,0.00077728
Aphidoidea,Ephydridae,0.000195462,0.000797328
Aphidoidea,Theridion sp,0.000195462,0.000884372
Araneae,Theridion sp,0.010881926,0.000884372
Chironomidae,Theridion sp,0.000389125388888889,0.000884372
Chloropidae,Theridion sp,0.001310275,0.000884372
Chrysomelidae,Theridion sp,0.00564487,0.000884372
Chrysotus cilipes,Theridion sp,0.000265776,0.000884372
Delphacidae,Theridion sp,0.000652355,0.000884372
Dolichopus nubilius,Theridion sp,0.003720863,0.000884372
Drosophilidae,Theridion sp,0.000531552,0.000884372
Ephydridae,Theridion sp,0.000797328,0.000884372
Fulgoroidea,Theridion sp,0.000300523,0.000884372
Herina frondescentiae,Theridion sp,0.001568078,0.000884372
Hybotidae,Theridion sp,8.85e-05,0.000884372
Jassidae,Theridion sp,0.000732983,0.000884372
Lepidoptera,Theridion sp,0.000250873,0.000884372
Meligethes sp,Theridion sp,0.000652842,0.000884372
Pachybrachius sp,Theridion sp,0.004153571,0.000884372
Pipinculus sp,Theridion sp,0.000637862,0.000884372
Proctotrupoidea,Theridion sp,7.97e-05,0.000884372
Propylaea quatuordecimpunctata,Theridion sp,0.003583266,0.000884372
Tetramorium sp,Theridion sp,0.00132888,0.000884372
Tetrastichus sp,Theridion sp,0.000845167,0.000884372
Brachygluta sp,Gnathonarium dentatum,0.000214014,0.000977646
Edaphus blŸhweissi,Gnathonarium dentatum,6.72e-05,0.000977646
Fulgoroidea,Gnathonarium dentatum,0.000300523,0.000977646
Antistea elegans,Gabrius fermoralis,0.0010581811875,0.000981717
Armadillidium vulgare,Gabrius fermoralis,0.021824237,0.000981717
Chartoscirta cincta,Gabrius fermoralis,0.003909244,0.000981717
Chironomidae,Gabrius fermoralis,0.000389125388888889,0.000981717
Delphacidae,Gabrius fermoralis,0.000652355,0.000981717
Erichsonius cinerascens,Gabrius fermoralis,0.000245429,0.000981717
Anacaena limbata,Xysticus sp,0.000981717,0.000984555
Aphtona lutescens,Xysticus sp,0.000490858,0.000984555
Araneae,Xysticus sp,0.010881926,0.000984555
Chartoscirta cincta,Xysticus sp,0.003909244,0.000984555
Chironomidae,Xysticus sp,0.000389125388888889,0.000984555
Chrysopidae,Xysticus sp,0.000797328,0.000984555
Drosophilidae,Xysticus sp,0.000531552,0.000984555
Erichsonius cinerascens,Xysticus sp,0.000245429,0.000984555
Fulgoroidea,Xysticus sp,0.000300523,0.000984555
Herina frondescentiae,Xysticus sp,0.001568078,0.000984555
Heteroptera,Xysticus sp,0.00156972405333333,0.000984555
Hypostenus sp,Xysticus sp,0.000490858,0.000984555
Lesteva sicula,Xysticus sp,0.001227146,0.000984555
Ligidium hypnorum,Xysticus sp,0.003745511,0.000984555
Marpissa radiata,Xysticus sp,0.0186293973333333,0.000984555
Muscidae copro,Xysticus sp,0.001118917,0.000984555
Opilionida,Xysticus sp,0.010951018,0.000984555
Pachybrachius sp,Xysticus sp,0.004153571,0.000984555
Pipinculus sp,Xysticus sp,0.000637862,0.000984555
Proctotrupoidea,Xysticus sp,7.97e-05,0.000984555
Psychodidae,Xysticus sp,0.000494574565217391,0.000984555
Sciaridae,Xysticus sp,0.000234149,0.000984555
Sitticus sp,Xysticus sp,0.002763664,0.000984555
Tetramesa sp,Xysticus sp,0.000595338,0.000984555
Tetrastichus sp,Xysticus sp,0.000845167,0.000984555
Teuchophorus calcaratus,Xysticus sp,0.000265776,0.000984555
Brachygluta sp,Walckenaeria nudipalpis,0.000214014,0.001036374
Heteroptera,Walckenaeria nudipalpis,0.00156972405333333,0.001036374
Psychodidae,Walckenaeria nudipalpis,0.000494574565217391,0.001036374
Anotylus sp,Antistea elegans,0.000105535,0.0010581811875
Bathyphantes gracilis,Lesteva sicula,0.00077728,0.001227146
Chartoscirta cincta,Lesteva sicula,0.003909244,0.001227146
Cicadina,Lesteva sicula,0.000332286,0.001227146
Delphacidae,Lesteva sicula,0.000652355,0.001227146
Gnathonarium dentatum,Lesteva sicula,0.000977646,0.001227146
Hebrus pusillus,Lesteva sicula,0.003811513,0.001227146
Jassidae,Lesteva sicula,0.000732983,0.001227146
Lepthyphantes tenuis,Lesteva sicula,0.00077728,0.001227146
Anotylus sp,Tetramorium sp,0.000105535,0.00132888
Aphidoidea,Tetramorium sp,0.000195462,0.00132888
Bryaxis sp,Tetramorium sp,0.000105535,0.00132888
Chartoscirta cincta,Tetramorium sp,0.003909244,0.00132888
Fulgoroidea,Tetramorium sp,0.000300523,0.00132888
Helicidae,Tetramorium sp,0.083148428,0.00132888
Jassidae,Tetramorium sp,0.000732983,0.00132888
Lesteva sicula,Tetramorium sp,0.001227146,0.00132888
Pirata sp,Tetramorium sp,0.003972767,0.00132888
Platystethus nodifrons,Tetramorium sp,0.000849185,0.00132888
Propylaea quatuordecimpunctata,Tetramorium sp,0.003583266,0.00132888
Antistea elegans,Lathrobium fovalum,0.0010581811875,0.001472575
Chartoscirta cincta,Lathrobium fovalum,0.003909244,0.001472575
Cicadina,Lathrobium fovalum,0.000332286,0.001472575
Acari phyto,Heteroptera,3.45e-05,0.00156972405333333
Ceratopogonidae,Hercostomus assimilis,0.000760097333333333,0.001594655
Chrysopidae,Hercostomus assimilis,0.000797328,0.001594655
Cicadina,Hercostomus assimilis,0.000332286,0.001594655
Delphacidae,Hercostomus assimilis,0.000652355,0.001594655
Ephydridae,Hercostomus assimilis,0.000797328,0.001594655
Araneae,Tetartopeus terminatum,0.010881926,0.002208862
Carabidae,Tetartopeus terminatum,0.000980218,0.002208862
Chironomidae,Tetartopeus terminatum,0.000389125388888889,0.002208862
Cicadella viridis,Tetartopeus terminatum,0.009528781,0.002208862
Coleoptera,Tetartopeus terminatum,3.84e-05,0.002208862
Delphacidae,Tetartopeus terminatum,0.000652355,0.002208862
Diplocampa assimile,Tetartopeus terminatum,0.001595289,0.002208862
Dryops auriculatus,Tetartopeus terminatum,0.004000495,0.002208862
Lesteva sicula,Tetartopeus terminatum,0.001227146,0.002208862
Liocranidae,Tetartopeus terminatum,0.000366186,0.002208862
Oxyloma elegans,Tetartopeus terminatum,0.261038384,0.002208862
Pachygnatha sp,Tetartopeus terminatum,0.005527328,0.002208862
Pardosa sp,Tetartopeus terminatum,0.012851037,0.002208862
Pelochares versicolor,Tetartopeus terminatum,0.001492209,0.002208862
Pirata tenuitarsis,Tetartopeus terminatum,0.007289163,0.002208862
Pterostichus sp,Tetartopeus terminatum,0.013253174,0.002208862
Staphylinidae,Tetartopeus terminatum,0.003694438,0.002208862
Succinea putris,Tetartopeus terminatum,0.279021725,0.002208862
Delphacidae,Zelotes sp,0.000652355,0.002418206
Diplocampa assimile,Zelotes sp,0.001595289,0.002418206
Heteroptera,Zelotes sp,0.00156972405333333,0.002418206
Pelochares versicolor,Zelotes sp,0.001492209,0.002418206
Pentatomidae,Zelotes sp,0.002252702,0.002418206
Cicadina,Sitticus sp,0.000332286,0.002763664
Drosophilidae,Sitticus sp,0.000531552,0.002763664
Ephydridae,Sitticus sp,0.000797328,0.002763664
Salticidae,Sitticus sp,0.0057653479,0.002763664
Ceratopogonidae,Clubiona sp,0.000760097333333333,0.003451125
Chloropidae,Clubiona sp,0.001310275,0.003451125
Aphtona lutescens,Tetragnatha sp,0.000490858,0.00353048469444444
Ceratopogonidae,Tetragnatha sp,0.000760097333333333,0.00353048469444444
Chaetocnema confusa,Tetragnatha sp,0.001227146,0.00353048469444444
Chrysotus cilipes,Tetragnatha sp,0.000265776,0.00353048469444444
Hebrus pusillus,Tetragnatha sp,0.003811513,0.00353048469444444
Heteroptera,Tetragnatha sp,0.00156972405333333,0.00353048469444444
Lepidoptera,Tetragnatha sp,0.000250873,0.00353048469444444
Meligethes sp,Tetragnatha sp,0.000652842,0.00353048469444444
Pipinculus sp,Tetragnatha sp,0.000637862,0.00353048469444444
Sciaridae,Tetragnatha sp,0.000234149,0.00353048469444444
Acari pred,Propylaea quatuordecimpunctata,3.45e-05,0.003583266
Aphidoidea,Propylaea quatuordecimpunctata,0.000195462,0.003583266
Acari phyto,Staphylinidae,3.45e-05,0.003694438
Antistea elegans,Staphylinidae,0.0010581811875,0.003694438
Bathyphantes gracilis,Staphylinidae,0.00077728,0.003694438
Brachygluta sp,Staphylinidae,0.000214014,0.003694438
Chartoscirta cincta,Staphylinidae,0.003909244,0.003694438
Dryops auriculatus,Staphylinidae,0.004000495,0.003694438
Euconulus alderi,Staphylinidae,0.039465254,0.003694438
Fulgoroidea,Staphylinidae,0.000300523,0.003694438
Gnathonarium dentatum,Staphylinidae,0.000977646,0.003694438
Gongylidiellum murcidum,Staphylinidae,0.000383458,0.003694438
Hebrus pusillus,Staphylinidae,0.003811513,0.003694438
Helicidae,Staphylinidae,0.083148428,0.003694438
Hypostenus sp,Staphylinidae,0.000490858,0.003694438
Jassidae,Staphylinidae,0.000732983,0.003694438
Lepthyphantes tenuis,Staphylinidae,0.00077728,0.003694438
Ligidium hypnorum,Staphylinidae,0.003745511,0.003694438
Liocranidae,Staphylinidae,0.000366186,0.003694438
Opilionida,Staphylinidae,0.010951018,0.003694438
Pelochares versicolor,Staphylinidae,0.001492209,0.003694438
Pentatomidae,Staphylinidae,0.002252702,0.003694438
Pirata sp,Staphylinidae,0.003972767,0.003694438
Pirata tenuitarsis,Staphylinidae,0.007289163,0.003694438
Psychodidae,Staphylinidae,0.000494574565217391,0.003694438
Aphidoidea,Dolichopus nubilius,0.000195462,0.003720863
Argyra vestita,Dolichopus nubilius,0.000797328,0.003720863
Delphacidae,Dolichopus nubilius,0.000652355,0.003720863
Fulgoroidea,Pirata sp,0.000300523,0.003972767
Heteroptera,Pirata sp,0.00156972405333333,0.003972767
Agonum viduum,Paederus riparius,0.037059801,0.004589525
Anacaena limbata,Paederus riparius,0.000981717,0.004589525
Antistea elegans,Paederus riparius,0.0010581811875,0.004589525
Arctosa sp,Paederus riparius,0.011331022,0.004589525
Carabidae,Paederus riparius,0.000980218,0.004589525
Cicadella viridis,Paederus riparius,0.009528781,0.004589525
Delphacidae,Paederus riparius,0.000652355,0.004589525
Diplocampa assimile,Paederus riparius,0.001595289,0.004589525
Gabrius fermoralis,Paederus riparius,0.000981717,0.004589525
Helicidae,Paederus riparius,0.083148428,0.004589525
Lathrobium fovalum,Paederus riparius,0.001472575,0.004589525
Lepthyphantes tenuis,Paederus riparius,0.00077728,0.004589525
Limacidae,Paederus riparius,0.345443419,0.004589525
Lycosidae,Paederus riparius,0.00586394428125,0.004589525
Opilionida,Paederus riparius,0.010951018,0.004589525
Oxyloma elegans,Paederus riparius,0.261038384,0.004589525
Chrysopidae,Zora spinimana,0.000797328,0.00518187
Delphacidae,Zora spinimana,0.000652355,0.00518187
Chartoscirta cincta,Pachygnatha sp,0.003909244,0.005527328
Chrysopidae,Pachygnatha sp,0.000797328,0.005527328
Heteroptera,Pachygnatha sp,0.00156972405333333,0.005527328
Herina frondescentiae,Salticidae,0.001568078,0.0057653479
Hybotidae,Salticidae,8.85e-05,0.0057653479
Marpissa radiata,Salticidae,0.0186293973333333,0.0057653479
Meligethes sp,Salticidae,0.000652842,0.0057653479
Muscidae copro,Salticidae,0.001118917,0.0057653479
Muscidae flor,Salticidae,0.001118917,0.0057653479
Pipinculus sp,Salticidae,0.000637862,0.0057653479
Lesteva sicula,Lycosidae,0.001227146,0.00586394428125
Argyra vestita,Larinioides sp,0.000797328,0.006149152
Chironomidae,Larinioides sp,0.000389125388888889,0.006149152
Chloropidae,Larinioides sp,0.001310275,0.006149152
Chrysomelidae,Larinioides sp,0.00564487,0.006149152
Chrysotus cilipes,Larinioides sp,0.000265776,0.006149152
Dolichopus nubilius,Larinioides sp,0.003720863,0.006149152
Ephydridae,Larinioides sp,0.000797328,0.006149152
Hercostomus assimilis,Larinioides sp,0.001594655,0.006149152
Ichneumonidae,Larinioides sp,0.006644397,0.006149152
Ilione lineata,Larinioides sp,0.002657759,0.006149152
Argiope bruennichi,Dolomedes sp,0.002266204,0.006460064
Cantharis fulvicollis,Dolomedes sp,0.021008735,0.006460064
Dolichopus nubilius,Dolomedes sp,0.003720863,0.006460064
Argyra vestita,Tibellus sp,0.000797328,0.007220072
Calliphoridae,Tibellus sp,0.069367508,0.007220072
Chrysopidae,Tibellus sp,0.000797328,0.007220072
Heteroptera,Tibellus sp,0.00156972405333333,0.007220072
Ichneumonidae,Tibellus sp,0.006644397,0.007220072
Ilione lineata,Tibellus sp,0.002657759,0.007220072
Limnia paludicola,Tibellus sp,0.004066371,0.007220072
Limoniidae,Tibellus sp,0.00156532848275862,0.007220072
Muscidae copro,Tibellus sp,0.001118917,0.007220072
Muscidae flor,Tibellus sp,0.001118917,0.007220072
Pherbina coryleti,Tibellus sp,0.017009657,0.007220072
Pteronemobius heydenii,Tibellus sp,0.003529897,0.007220072
Anacaena limbata,Pirata latitans,0.000981717,0.007289163
Anacaena limbata,Trochosa sp,0.000981717,0.007289163
Chartoscirta cincta,Pirata tenuitarsis,0.003909244,0.007289163
Chrysopidae,Pirata latitans,0.000797328,0.007289163
Delphacidae,Pirata latitans,0.000652355,0.007289163
Heteroptera,Pirata latitans,0.00156972405333333,0.007289163
Heteroptera,Pirata tenuitarsis,0.00156972405333333,0.007289163
Lesteva sicula,Trochosa sp,0.001227146,0.007289163
Pelochares versicolor,Pirata tenuitarsis,0.001492209,0.007289163
Pelochares versicolor,Trochosa sp,0.001492209,0.007289163
Tetramorium sp,Trochosa sp,0.00132888,0.007289163
Brachygluta sp,Opilionida,0.000214014,0.010951018
Delphacidae,Opilionida,0.000652355,0.010951018
Fulgoroidea,Opilionida,0.000300523,0.010951018
Heteroptera,Opilionida,0.00156972405333333,0.010951018
Araneae,Arctosa sp,0.010881926,0.011331022
Chrysopidae,Pardosa prativaga,0.000797328,0.012609216
Diplocampa assimile,Pardosa prativaga,0.001595289,0.012609216
Opilionida,Pardosa prativaga,0.010951018,0.012609216
Chrysopidae,Pardosa sp,0.000797328,0.012851037
Lesteva sicula,Pardosa sp,0.001227146,0.012851037
Aphidoidea,Zygoptera,0.000195462,0.013566418
Cantharis fulvicollis,Zygoptera,0.021008735,0.013566418
Chrysotoxum sp,Zygoptera,0.031361555,0.013566418
Chrysotus cilipes,Zygoptera,0.000265776,0.013566418
Herina parva,Zygoptera,0.00132888,0.013566418
Heteroptera,Zygoptera,0.00156972405333333,0.013566418
Hybotidae,Zygoptera,8.85e-05,0.013566418
Ichneumonidae,Zygoptera,0.006644397,0.013566418
Ilione albiseta,Zygoptera,0.012491467,0.013566418
Ilione lineata,Zygoptera,0.002657759,0.013566418
Lepidoptera,Zygoptera,0.000250873,0.013566418
Oedemera nobilis,Zygoptera,0.023806627,0.013566418
Pelochares versicolor,Zygoptera,0.001492209,0.013566418
Pipinculus sp,Zygoptera,0.000637862,0.013566418
Propylaea quatuordecimpunctata,Zygoptera,0.003583266,0.013566418
Psychodidae,Zygoptera,0.000494574565217391,0.013566418
Sciaridae,Zygoptera,0.000234149,0.013566418
Tetanocera ferruginea,Zygoptera,0.00903638,0.013566418
Tetramesa sp,Zygoptera,0.000595338,0.013566418
Trypoxylon attenuatum,Zygoptera,0.002923535,0.013566418
Apis mellifera L.,Tibellus maritimus,0.049965868,0.01602925
Cantharis fulvicollis,Tibellus maritimus,0.021008735,0.01602925
Chrysotoxum sp,Tibellus maritimus,0.031361555,0.01602925
Dolichopus nubilius,Tibellus maritimus,0.003720863,0.01602925
Ilione albiseta,Tibellus maritimus,0.012491467,0.01602925
Limnobaris dolorosa,Tibellus maritimus,0.011289741,0.01602925
Limoniidae,Tibellus maritimus,0.00156532848275862,0.01602925
Oedemera nobilis,Tibellus maritimus,0.023806627,0.01602925
Pachybrachius sp,Tibellus maritimus,0.004153571,0.01602925
Pisaura mirabilis,Tibellus maritimus,0.0280632579879518,0.01602925
Pteronemobius heydenii,Tibellus maritimus,0.003529897,0.01602925
Salticidae,Tibellus maritimus,0.0057653479,0.01602925
Tettigoniidae,Tibellus maritimus,0.030210826,0.01602925
Argyra vestita,Coenagrion pulchellum,0.000797328,0.016220717
Calliphoridae,Coenagrion pulchellum,0.069367508,0.016220717
Chrysomelidae,Coenagrion pulchellum,0.00564487,0.016220717
Chrysotoxum sp,Coenagrion pulchellum,0.031361555,0.016220717
Chrysotus cilipes,Coenagrion pulchellum,0.000265776,0.016220717
Araneae,Marpissa radiata,0.010881926,0.0186293973333333
Dolichopus nubilius,Marpissa radiata,0.003720863,0.0186293973333333
Hebrus pusillus,Marpissa radiata,0.003811513,0.0186293973333333
Herina parva,Marpissa radiata,0.00132888,0.0186293973333333
Heteroptera,Marpissa radiata,0.00156972405333333,0.0186293973333333
Ichneumonidae,Marpissa radiata,0.006644397,0.0186293973333333
Limnobaris dolorosa,Marpissa radiata,0.011289741,0.0186293973333333
Limoniidae,Marpissa radiata,0.00156532848275862,0.0186293973333333
Aphidoidea,Cantharis fulvicollis,0.000195462,0.021008735
Chironomidae,Coenagrion sp,0.000389125388888889,0.024773458
Cloeon simile,Coenagrion sp,0.000589844,0.024773458
Aphtona lutescens,Neoscona adianta,0.000490858,0.0265038454328358
Calliphoridae,Neoscona adianta,0.069367508,0.0265038454328358
Chironomidae,Neoscona adianta,0.000389125388888889,0.0265038454328358
Chrysotus cilipes,Neoscona adianta,0.000265776,0.0265038454328358
Cicadella viridis,Neoscona adianta,0.009528781,0.0265038454328358
Cloeon simile,Neoscona adianta,0.000589844,0.0265038454328358
Dolichopus nubilius,Neoscona adianta,0.003720863,0.0265038454328358
Hercostomus assimilis,Neoscona adianta,0.001594655,0.0265038454328358
Ilione albiseta,Neoscona adianta,0.012491467,0.0265038454328358
Ilione lineata,Neoscona adianta,0.002657759,0.0265038454328358
Meligethes sp,Neoscona adianta,0.000652842,0.0265038454328358
Muscidae flor,Neoscona adianta,0.001118917,0.0265038454328358
Aphtona lutescens,Pisaura mirabilis,0.000490858,0.0280632579879518
Apis mellifera L.,Pisaura mirabilis,0.049965868,0.0280632579879518
Araneae,Pisaura mirabilis,0.010881926,0.0280632579879518
Argyra vestita,Pisaura mirabilis,0.000797328,0.0280632579879518
Calliphoridae,Pisaura mirabilis,0.069367508,0.0280632579879518
Ceratopogonidae,Pisaura mirabilis,0.000760097333333333,0.0280632579879518
Chrysomelidae,Pisaura mirabilis,0.00564487,0.0280632579879518
Chrysotoxum sp,Pisaura mirabilis,0.031361555,0.0280632579879518
Cloeon simile,Pisaura mirabilis,0.000589844,0.0280632579879518
Drosophilidae,Pisaura mirabilis,0.000531552,0.0280632579879518
Herina frondescentiae,Pisaura mirabilis,0.001568078,0.0280632579879518
Ichneumonidae,Pisaura mirabilis,0.006644397,0.0280632579879518
Ilione albiseta,Pisaura mirabilis,0.012491467,0.0280632579879518
Jassidae,Pisaura mirabilis,0.000732983,0.0280632579879518
Lepidoptera,Pisaura mirabilis,0.000250873,0.0280632579879518
Limacidae,Pisaura mirabilis,0.345443419,0.0280632579879518
Limnia paludicola,Pisaura mirabilis,0.004066371,0.0280632579879518
Limoniidae,Pisaura mirabilis,0.00156532848275862,0.0280632579879518
Meligethes sp,Pisaura mirabilis,0.000652842,0.0280632579879518
Oedemera nobilis,Pisaura mirabilis,0.023806627,0.0280632579879518
Pherbina coryleti,Pisaura mirabilis,0.017009657,0.0280632579879518
Aphidoidea,Tettigoniidae,0.000195462,0.030210826
Calliphoridae,Tettigoniidae,0.069367508,0.030210826
Chironomidae,Tettigoniidae,0.000389125388888889,0.030210826
Chrysopidae,Tettigoniidae,0.000797328,0.030210826
Cicadina,Tettigoniidae,0.000332286,0.030210826
Dolichopus nubilius,Tettigoniidae,0.003720863,0.030210826
Ephydridae,Tettigoniidae,0.000797328,0.030210826
Fulgoroidea,Tettigoniidae,0.000300523,0.030210826
Hercostomus assimilis,Tettigoniidae,0.001594655,0.030210826
Hybotidae,Tettigoniidae,8.85e-05,0.030210826
Ilione albiseta,Tettigoniidae,0.012491467,0.030210826
Ilione lineata,Tettigoniidae,0.002657759,0.030210826
Jassidae,Tettigoniidae,0.000732983,0.030210826
Limnia paludicola,Tettigoniidae,0.004066371,0.030210826
Muscidae copro,Tettigoniidae,0.001118917,0.030210826
Muscidae flor,Tettigoniidae,0.001118917,0.030210826
Pentatomidae,Tettigoniidae,0.002252702,0.030210826
Pipinculus sp,Tettigoniidae,0.000637862,0.030210826
Rhagionidae,Tettigoniidae,0.000744173,0.030210826
Stratiomyidae,Tettigoniidae,0.015946554,0.030210826
Araneae,Tetragnatha extensa,0.010881926,0.036618546
Hercostomus assimilis,Tetragnatha extensa,0.001594655,0.036618546
Herina parva,Tetragnatha extensa,0.00132888,0.036618546
Limnia paludicola,Tetragnatha extensa,0.004066371,0.036618546
Limnobaris dolorosa,Tetragnatha extensa,0.011289741,0.036618546
Muscidae flor,Tetragnatha extensa,0.001118917,0.036618546
Pherbina coryleti,Tetragnatha extensa,0.017009657,0.036618546
Carabidae,Pirata piscatorius,0.000980218,0.05630965
Dryops auriculatus,Pirata piscatorius,0.004000495,0.05630965
Lycosidae,Pirata piscatorius,0.00586394428125,0.05630965
Aphidoidea,Conocephalus dorsalis,0.000195462,0.07568607
Carabidae,Conocephalus dorsalis,0.000980218,0.07568607
Chironomidae,Conocephalus dorsalis,0.000389125388888889,0.07568607
Chrysotus cilipes,Conocephalus dorsalis,0.000265776,0.07568607
Cicadina,Conocephalus dorsalis,0.000332286,0.07568607
Chrysotoxum sp,Larinioides cornutus,0.031361555,0.163056165
Coenagrion sp,Larinioides cornutus,0.024773458,0.163056165
Hercostomus assimilis,Larinioides cornutus,0.001594655,0.163056165
Ceratopogonidae,Haemopis sanguisuga,0.000760097333333333,0.211800236
Apis mellifera L.,Sympetrum sp,0.049965868,0.244785363
Argyra vestita,Sympetrum sp,0.000797328,0.244785363
Cantharis fulvicollis,Sympetrum sp,0.021008735,0.244785363
Ceratopogonidae,Sympetrum sp,0.000760097333333333,0.244785363
Chaetocnema confusa,Sympetrum sp,0.001227146,0.244785363
Chironomidae,Sympetrum sp,0.000389125388888889,0.244785363
Chloropidae,Sympetrum sp,0.001310275,0.244785363
Chrysotoxum sp,Sympetrum sp,0.031361555,0.244785363
Chrysotus cilipes,Sympetrum sp,0.000265776,0.244785363
Cloeon simile,Sympetrum sp,0.000589844,0.244785363
Coenagrion pulchellum,Sympetrum sp,0.016220717,0.244785363
Ephydridae,Sympetrum sp,0.000797328,0.244785363
Ichneumonidae,Sympetrum sp,0.006644397,0.244785363
Ilione albiseta,Sympetrum sp,0.012491467,0.244785363
Limnia paludicola,Sympetrum sp,0.004066371,0.244785363
Limoniidae,Sympetrum sp,0.00156532848275862,0.244785363
Muscidae flor,Sympetrum sp,0.001118917,0.244785363
Pelochares versicolor,Sympetrum sp,0.001492209,0.244785363
Pherbina coryleti,Sympetrum sp,0.017009657,0.244785363
Psychodidae,Sympetrum sp,0.000494574565217391,0.244785363
Sciaridae,Sympetrum sp,0.000234149,0.244785363
Aphidoidea,Somatochlora flavomaculata,0.000195462,0.315566673
Aphtona lutescens,Somatochlora flavomaculata,0.000490858,0.315566673
Aphtona lutescens,Somatochlora sp,0.000490858,0.315566673
Apis mellifera L.,Somatochlora flavomaculata,0.049965868,0.315566673
Calliphoridae,Somatochlora flavomaculata,0.069367508,0.315566673
Calliphoridae,Somatochlora sp,0.069367508,0.315566673
Cantharis fulvicollis,Somatochlora flavomaculata,0.021008735,0.315566673
Cantharis fulvicollis,Somatochlora sp,0.021008735,0.315566673
Ceratopogonidae,Somatochlora flavomaculata,0.000760097333333333,0.315566673
Chaetocnema confusa,Somatochlora flavomaculata,0.001227146,0.315566673
Chaetocnema confusa,Somatochlora sp,0.001227146,0.315566673
Chironomidae,Somatochlora sp,0.000389125388888889,0.315566673
Chloropidae,Somatochlora flavomaculata,0.001310275,0.315566673
Chloropidae,Somatochlora sp,0.001310275,0.315566673
Chrysomelidae,Somatochlora flavomaculata,0.00564487,0.315566673
Chrysotus cilipes,Somatochlora flavomaculata,0.000265776,0.315566673
Cloeon simile,Somatochlora sp,0.000589844,0.315566673
Coenagrion pulchellum,Somatochlora sp,0.016220717,0.315566673
Dolichopus nubilius,Somatochlora flavomaculata,0.003720863,0.315566673
Dolichopus nubilius,Somatochlora sp,0.003720863,0.315566673
Drosophilidae,Somatochlora flavomaculata,0.000531552,0.315566673
Ephydridae,Somatochlora flavomaculata,0.000797328,0.315566673
Ephydridae,Somatochlora sp,0.000797328,0.315566673
Hercostomus assimilis,Somatochlora sp,0.001594655,0.315566673
Herina frondescentiae,Somatochlora sp,0.001568078,0.315566673
Ichneumonidae,Somatochlora flavomaculata,0.006644397,0.315566673
Ichneumonidae,Somatochlora sp,0.006644397,0.315566673
Ilione lineata,Somatochlora flavomaculata,0.002657759,0.315566673
Lepidoptera,Somatochlora flavomaculata,0.000250873,0.315566673
Limoniidae,Somatochlora flavomaculata,0.00156532848275862,0.315566673
Limoniidae,Somatochlora sp,0.00156532848275862,0.315566673
Meligethes sp,Somatochlora flavomaculata,0.000652842,0.315566673
Meligethes sp,Somatochlora sp,0.000652842,0.315566673
Muscidae copro,Somatochlora flavomaculata,0.001118917,0.315566673
Oedemera nobilis,Somatochlora flavomaculata,0.023806627,0.315566673
Pelochares versicolor,Somatochlora flavomaculata,0.001492209,0.315566673
Pelochares versicolor,Somatochlora sp,0.001492209,0.315566673
Pherbina coryleti,Somatochlora sp,0.017009657,0.315566673
Pipinculus sp,Somatochlora flavomaculata,0.000637862,0.315566673
Pipinculus sp,Somatochlora sp,0.000637862,0.315566673
Propylaea quatuordecimpunctata,Somatochlora sp,0.003583266,0.315566673
Acrididae,Emberiza schoeniclus,0.041023122,20
Agonum viduum,Emberiza schoeniclus,0.037059801,20
Anacaena limbata,Emberiza schoeniclus,0.000981717,20
Apis mellifera L.,Emberiza schoeniclus,0.049965868,20
Brachycera,Emberiza schoeniclus,0.000744173,20
Cantharis fulvicollis,Emberiza schoeniclus,0.021008735,20
Carabidae,Emberiza schoeniclus,0.000980218,20
Ceratopogonidae,Emberiza schoeniclus,0.000760097333333333,20
Chironomidae,Emberiza schoeniclus,0.000389125388888889,20
Cloeon simile,Emberiza schoeniclus,0.000589844,20
Conocephalus dorsalis,Emberiza schoeniclus,0.07568607,20
Delphacidae,Emberiza schoeniclus,0.000652355,20
Emberiza schoeniclus,Falco subbuteo,20,210
Conocephalus dorsalis,Vulpes vulpes,0.07568607,5000
